c1,c2,c3,c4,c5,c6,c7,c8,c9,c10,c11,c12,c13,c14,c15,c16,c17,c18,c19,c20,c21,c22,c23,c24,c25,c26
0.000,7.282,8.450,10.672,13.531,14.969,17.345,16.661,15.067,13.768,9.914,10.063,9.945,10.905,13.215,13.397,12.795,13.874,15.498,15.643,15.949,17.371,17.933,17.724,17.682,17.513
7.282,0.000,6.506,8.438,11.475,13.533,16.146,14.627,12.663,10.718,6.313,7.565,7.706,9.372,11.941,11.978,11.094,12.329,14.352,14.456,14.431,16.887,17.826,17.887,17.908,17.751
8.450,6.506,0.000,6.313,8.715,9.974,12.879,12.576,11.458,9.875,7.218,5.528,8.296,8.688,10.867,10.022,8.310,8.805,11.413,11.610,11.163,13.858,15.467,16.080,16.908,17.311
10.672,8.438,6.313,0.000,6.469,7.718,9.957,8.929,6.323,7.027,5.826,7.306,10.859,12.312,14.702,13.027,11.589,11.967,14.085,12.793,11.445,14.736,16.131,16.087,16.825,17.215
13.531,11.475,8.715,6.469,0.000,6.436,6.016,4.931,6.790,4.941,7.576,6.111,10.549,11.928,13.020,10.579,9.171,8.827,10.269,8.385,6.880,10.330,11.722,12.064,13.960,15.291
14.969,13.533,9.974,7.718,6.436,0.000,7.628,8.352,7.840,9.800,11.749,10.728,15.202,15.314,16.025,14.594,12.270,11.225,13.357,11.649,8.370,11.398,12.363,11.865,13.105,14.386
17.345,16.146,12.879,9.957,6.016,7.628,0.000,5.229,8.124,8.978,12.840,11.503,15.606,16.564,16.447,14.273,12.464,11.305,12.402,10.275,6.240,9.191,9.822,9.464,11.910,13.430
16.661,14.627,12.576,8.929,4.931,8.352,5.229,0.000,6.369,5.348,10.193,10.514,14.176,16.247,16.649,13.751,12.651,12.475,12.806,10.431,7.996,11.411,12.080,11.891,14.267,15.253
15.067,12.663,11.458,6.323,6.790,7.840,8.124,6.369,0.000,8.514,12.496,11.973,15.380,17.537,18.140,16.142,15.169,15.154,15.885,13.668,11.701,15.143,15.542,15.048,16.571,16.878
13.768,10.718,9.875,7.027,4.941,9.800,8.978,5.348,8.514,0.000,9.188,9.112,11.875,13.888,14.549,11.986,11.535,11.806,12.545,10.638,9.876,13.235,14.400,14.604,16.406,16.929
9.914,6.313,7.218,5.826,7.576,11.749,12.840,10.193,12.496,9.188,0.000,9.565,11.450,13.107,13.634,12.251,11.965,12.696,14.297,13.362,13.116,16.077,17.151,17.104,17.567,17.748
10.063,7.565,5.528,7.306,6.111,10.728,11.503,10.514,11.973,9.112,9.565,0.000,9.231,10.221,10.247,7.798,7.405,8.180,10.043,9.551,10.172,12.765,14.212,14.855,16.077,16.814
9.945,7.706,8.296,10.859,10.549,15.202,15.606,14.176,15.380,11.875,11.450,9.231,0.000,8.466,9.553,8.484,9.298,10.710,12.084,12.211,13.374,15.392,16.693,17.107,17.698,17.983
10.905,9.372,8.688,12.312,11.928,15.314,16.564,16.247,17.537,13.888,13.107,10.221,8.466,0.000,8.938,9.362,8.957,9.943,12.409,12.585,13.177,14.634,16.324,16.726,17.210,17.956
13.215,11.941,10.867,14.702,13.020,16.025,16.447,16.649,18.140,14.549,13.634,10.247,9.553,8.938,0.000,9.612,10.318,8.983,10.389,12.053,13.333,13.948,15.512,16.418,16.892,17.524
13.397,11.978,10.022,13.027,10.579,14.594,14.273,13.751,16.142,11.986,12.251,7.798,8.484,9.362,9.612,0.000,8.200,9.096,8.256,8.819,11.508,12.458,13.392,14.497,16.101,16.838
12.795,11.094,8.310,11.589,9.171,12.270,12.464,12.651,15.169,11.535,11.965,7.405,9.298,8.957,10.318,8.200,0.000,7.534,9.333,7.899,9.030,11.663,12.712,13.219,14.550,16.092
13.874,12.329,8.805,11.967,8.827,11.225,11.305,12.475,15.154,11.806,12.696,8.180,10.710,9.943,8.983,9.096,7.534,0.000,7.100,8.709,8.006,8.826,11.645,12.619,13.183,14.731
15.498,14.352,11.413,14.085,10.269,13.357,12.402,12.806,15.885,12.545,14.297,10.043,12.084,12.409,10.389,8.256,9.333,7.100,0.000,6.496,8.792,8.008,9.365,12.001,13.161,14.044
15.643,14.456,11.610,12.793,8.385,11.649,10.275,10.431,13.668,10.638,13.362,9.551,12.211,12.585,12.053,8.819,7.899,8.709,6.496,0.000,6.866,8.647,8.750,10.218,12.575,14.034
15.949,14.431,11.163,11.445,6.880,8.370,6.240,7.996,11.701,9.876,13.116,10.172,13.374,13.177,13.333,11.508,9.030,8.006,8.792,6.866,0.000,6.816,8.242,8.659,10.434,12.404
17.371,16.887,13.858,14.736,10.330,11.398,9.191,11.411,15.143,13.235,16.077,12.765,15.392,14.634,13.948,12.458,11.663,8.826,8.008,8.647,6.816,0.000,6.598,8.309,8.984,10.863
17.933,17.826,15.467,16.131,11.722,12.363,9.822,12.080,15.542,14.400,17.151,14.212,16.693,16.324,15.512,13.392,12.712,11.645,9.365,8.750,8.242,6.598,0.000,6.239,8.096,9.530
17.724,17.887,16.080,16.087,12.064,11.865,9.464,11.891,15.048,14.604,17.104,14.855,17.107,16.726,16.418,14.497,13.219,12.619,12.001,10.218,8.659,8.309,6.239,0.000,6.467,8.963
17.682,17.908,16.908,16.825,13.960,13.105,11.910,14.267,16.571,16.406,17.567,16.077,17.698,17.210,16.892,16.101,14.550,13.183,13.161,12.575,10.434,8.984,8.096,6.467,0.000,7.460
17.513,17.751,17.311,17.215,15.291,14.386,13.430,15.253,16.878,16.929,17.748,16.814,17.983,17.956,17.524,16.838,16.092,14.731,14.044,14.034,12.404,10.863,9.530,8.963,7.460,0.000