c1,c2,c3,c4,c5,c6,c7,c8,c9,c10,c11,c12,c13,c14,c15,c16,c17,c18,c19,c20,c21,c22,c23,c24,c25,c26
0.000,7.311,8.359,10.544,13.393,14.812,17.186,16.514,14.836,13.662,9.689,9.912,9.935,10.848,13.101,13.018,13.186,13.943,14.683,16.004,16.394,17.502,17.936,17.786,17.696,17.532
7.311,0.000,6.571,8.492,11.448,13.485,16.078,14.578,12.588,10.698,6.185,7.541,8.024,9.555,12.095,11.793,11.770,12.604,13.513,15.099,15.034,17.178,17.895,17.975,17.948,17.711
8.359,6.571,0.000,6.349,8.683,9.957,12.867,12.553,11.383,9.870,7.198,5.437,8.375,8.809,11.284,9.893,9.209,9.139,10.396,11.933,11.886,14.475,15.836,16.594,17.237,17.424
10.544,8.492,6.349,0.000,6.424,7.697,9.953,8.935,6.269,7.004,5.798,7.252,10.832,12.333,14.873,12.930,12.642,11.974,12.702,13.186,11.754,14.871,16.013,16.325,16.933,17.290
13.393,11.448,8.683,6.424,0.000,6.377,5.776,4.959,6.803,4.937,7.567,6.115,10.574,12.184,13.727,10.851,10.607,9.033,9.240,8.852,7.341,10.734,12.111,12.904,14.497,15.591
14.812,13.485,9.957,7.697,6.377,0.000,7.134,8.288,7.816,9.761,11.649,10.595,15.058,15.546,16.623,14.590,13.420,11.284,11.887,11.331,8.311,11.318,12.058,12.146,13.359,14.596
17.186,16.078,12.867,9.953,5.776,7.134,0.000,5.156,7.972,8.942,12.776,11.413,15.472,16.821,17.012,14.518,13.718,11.452,11.410,10.066,6.326,8.874,9.590,9.898,12.158,13.755
16.514,14.578,12.553,8.935,4.959,8.288,5.156,0.000,6.239,5.193,10.118,10.498,14.026,16.331,17.043,14.135,13.929,12.519,11.831,10.606,8.062,11.031,11.934,12.567,14.508,15.470
14.836,12.588,11.383,6.269,6.803,7.816,7.972,6.239,0.000,8.209,10.994,11.572,15.061,17.434,18.227,16.216,16.253,14.884,14.801,13.783,11.643,14.695,15.165,15.225,16.551,16.910
13.662,10.698,9.870,7.004,4.937,9.761,8.942,5.193,8.209,0.000,8.458,8.625,11.334,13.792,14.868,12.210,12.692,11.580,11.533,11.016,10.205,13.162,14.419,15.098,16.575,16.952
9.689,6.185,7.198,5.798,7.567,11.649,12.776,10.118,10.994,8.458,0.000,8.887,10.750,12.747,13.503,12.241,13.043,12.543,13.198,13.804,13.340,16.011,16.916,17.102,17.600,17.772
9.912,7.541,5.437,7.252,6.115,10.595,11.413,10.498,11.572,8.625,8.887,0.000,9.085,9.854,10.176,7.978,8.474,7.842,8.882,9.967,10.520,13.005,14.343,14.974,16.218,16.827
9.935,8.024,8.375,10.832,10.574,15.058,15.472,14.026,15.061,11.334,10.750,9.085,0.000,8.579,9.164,8.077,9.693,10.731,11.931,13.216,14.134,15.779,16.627,17.030,17.754,17.866
10.848,9.555,8.809,12.333,12.184,15.546,16.821,16.331,17.434,13.792,12.747,9.854,8.579,0.000,8.693,9.023,9.557,10.069,12.420,13.569,14.079,15.089,16.480,16.795,17.380,17.933
13.101,12.095,11.284,14.873,13.727,16.623,17.012,17.043,18.227,14.868,13.503,10.176,9.164,8.693,0.000,8.716,10.237,9.859,11.269,13.594,14.505,14.583,15.665,16.421,17.068,17.500
13.018,11.793,9.893,12.930,10.851,14.590,14.518,14.135,16.216,12.210,12.241,7.978,8.077,9.023,8.716,0.000,7.710,8.839,8.938,10.538,12.987,13.884,14.106,14.589,16.174,16.722
13.186,11.770,9.209,12.642,10.607,13.420,13.718,13.929,16.253,12.692,13.043,8.474,9.693,9.557,10.237,7.710,0.000,7.248,8.846,9.254,11.026,13.328,14.108,13.780,14.952,16.148
13.943,12.604,9.139,11.974,9.033,11.284,11.452,12.519,14.884,11.580,12.543,7.842,10.731,10.069,9.859,8.839,7.248,0.000,6.641,8.386,8.787,10.351,12.740,13.388,13.654,14.758
14.683,13.513,10.396,12.702,9.240,11.887,11.410,11.831,14.801,11.533,13.198,8.882,11.931,12.420,11.269,8.938,8.846,6.641,0.000,6.131,8.286,8.678,10.111,12.455,13.309,14.179
16.004,15.099,11.933,13.186,8.852,11.331,10.066,10.606,13.783,11.016,13.804,9.967,13.216,13.569,13.594,10.538,9.254,8.386,6.131,0.000,6.298,8.389,8.654,10.268,12.350,13.943
16.394,15.034,11.886,11.754,7.341,8.311,6.326,8.062,11.643,10.205,13.340,10.520,14.134,14.079,14.505,12.987,11.026,8.787,8.286,6.298,0.000,6.311,7.881,8.532,10.286,12.462
17.502,17.178,14.475,14.871,10.734,11.318,8.874,11.031,14.695,13.162,16.011,13.005,15.779,15.089,14.583,13.884,13.328,10.351,8.678,8.389,6.311,0.000,6.293,8.133,8.875,10.999
17.936,17.895,15.836,16.013,12.111,12.058,9.590,11.934,15.165,14.419,16.916,14.343,16.627,16.480,15.665,14.106,14.108,12.740,10.111,8.654,7.881,6.293,0.000,6.049,7.811,9.337
17.786,17.975,16.594,16.325,12.904,12.146,9.898,12.567,15.225,15.098,17.102,14.974,17.030,16.795,16.421,14.589,13.780,13.388,12.455,10.268,8.532,8.133,6.049,0.000,6.284,8.609
17.696,17.948,17.237,16.933,14.497,13.359,12.158,14.508,16.551,16.575,17.600,16.218,17.754,17.380,17.068,16.174,14.952,13.654,13.309,12.350,10.286,8.875,7.811,6.284,0.000,7.208
17.532,17.711,17.424,17.290,15.591,14.596,13.755,15.470,16.910,16.952,17.772,16.827,17.866,17.933,17.500,16.722,16.148,14.758,14.179,13.943,12.462,10.999,9.337,8.609,7.208,0.000