c1,c2,c3,c4,c5,c6,c7,c8,c9,c10,c11,c12,c13,c14,c15,c16,c17,c18,c19,c20,c21,c22,c23,c24,c25,c26
0.000,7.240,8.479,10.815,13.599,15.100,17.437,16.754,15.215,13.826,9.980,10.114,9.920,10.564,12.989,13.107,12.701,13.829,15.517,15.653,16.030,17.395,17.935,17.721,17.657,17.444
7.240,0.000,6.510,8.469,11.451,13.561,16.144,14.622,12.673,10.691,6.302,7.582,7.709,9.073,11.887,11.667,11.057,12.367,14.409,14.501,14.555,16.994,17.891,17.904,17.882,17.691
8.479,6.510,0.000,6.265,8.668,9.964,12.864,12.550,11.488,9.877,7.228,5.586,8.341,8.458,11.044,9.839,8.201,8.838,11.518,11.617,11.263,13.952,15.501,16.059,16.839,17.207
10.815,8.469,6.265,0.000,6.439,7.711,9.963,8.941,6.366,7.052,5.835,7.342,10.972,12.174,14.901,12.825,11.560,12.043,14.283,12.892,11.620,14.936,16.267,16.149,16.857,17.178
13.599,11.451,8.668,6.439,0.000,6.416,6.009,4.938,6.787,4.934,7.566,6.103,10.603,11.905,13.165,10.297,9.064,8.783,10.354,8.337,7.054,10.555,11.906,12.124,14.024,15.336
15.100,13.561,9.964,7.711,6.416,0.000,7.565,8.375,7.843,9.807,11.759,10.749,15.290,15.230,16.215,14.473,12.280,11.284,13.471,11.679,8.445,11.566,12.377,11.750,13.066,14.359
17.437,16.144,12.864,9.963,6.009,7.565,0.000,5.238,8.130,8.989,12.859,11.534,15.711,16.608,16.629,14.193,12.457,11.358,12.479,10.174,6.365,9.410,9.962,9.469,12.006,13.485
16.754,14.622,12.550,8.941,4.938,8.375,5.238,0.000,6.350,5.329,10.198,10.480,14.235,16.292,16.787,13.610,12.643,12.499,12.902,10.435,8.173,11.665,12.294,11.994,14.421,15.293
15.215,12.673,11.488,6.366,6.787,7.843,8.130,6.350,0.000,8.392,12.528,11.959,15.487,17.539,18.265,15.961,15.158,15.178,15.998,13.706,11.794,15.283,15.685,15.120,16.629,16.914
13.826,10.691,9.877,7.052,4.934,9.807,8.989,5.329,8.392,0.000,9.207,9.042,11.988,13.962,14.661,11.781,11.549,11.853,12.594,10.680,10.006,13.393,14.556,14.716,16.487,16.942
9.980,6.302,7.228,5.835,7.566,11.759,12.859,10.198,12.528,9.207,0.000,9.502,11.616,13.261,13.698,11.948,11.957,12.773,14.351,13.391,13.148,16.193,17.208,17.119,17.541,17.705
10.114,7.582,5.586,7.342,6.103,10.749,11.534,10.480,11.959,9.042,9.502,0.000,9.065,10.163,10.279,7.465,7.190,8.067,9.990,9.474,10.164,12.777,14.216,14.845,16.057,16.753
9.920,7.709,8.341,10.972,10.603,15.290,15.711,14.235,15.487,11.988,11.616,9.065,0.000,8.312,9.142,8.090,9.211,10.559,11.990,12.206,13.437,15.377,16.666,17.109,17.627,17.944
10.564,9.073,8.458,12.174,11.905,15.230,16.608,16.292,17.539,13.962,13.261,10.163,8.312,0.000,8.917,9.461,9.015,9.914,12.514,12.663,13.253,14.653,16.389,16.778,17.161,17.864
12.989,11.887,11.044,14.901,13.165,16.215,16.629,16.787,18.265,14.661,13.698,10.279,9.142,8.917,0.000,9.521,10.305,9.010,10.499,12.143,13.393,14.059,15.680,16.598,16.969,17.576
13.107,11.667,9.839,12.825,10.297,14.473,14.193,13.610,15.961,11.781,11.948,7.465,8.090,9.461,9.521,0.000,8.179,9.077,8.262,8.868,11.458,12.434,13.502,14.559,16.107,16.854
12.701,11.057,8.201,11.560,9.064,12.280,12.457,12.643,15.158,11.549,11.957,7.190,9.211,9.015,10.305,8.179,0.000,7.451,9.299,7.947,9.154,11.693,12.775,13.341,14.576,16.129
13.829,12.367,8.838,12.043,8.783,11.284,11.358,12.499,15.178,11.853,12.773,8.067,10.559,9.914,9.010,9.077,7.451,0.000,6.984,8.664,8.054,8.924,11.729,12.672,13.262,14.792
15.517,14.409,11.518,14.283,10.354,13.471,12.479,12.902,15.998,12.594,14.351,9.990,11.990,12.514,10.499,8.262,9.299,6.984,0.000,6.378,8.670,8.030,9.529,12.077,13.182,14.151
15.653,14.501,11.617,12.892,8.337,11.679,10.174,10.435,13.706,10.680,13.391,9.474,12.206,12.663,12.143,8.868,7.947,8.664,6.378,0.000,6.743,8.548,8.858,10.414,12.658,14.127
16.030,14.555,11.263,11.620,7.054,8.445,6.365,8.173,11.794,10.006,13.148,10.164,13.437,13.253,13.393,11.458,9.154,8.054,8.670,6.743,0.000,6.730,8.184,8.683,10.520,12.445
17.395,16.994,13.952,14.936,10.555,11.566,9.410,11.665,15.283,13.393,16.193,12.777,15.377,14.653,14.059,12.434,11.693,8.924,8.030,8.548,6.730,0.000,6.532,8.367,9.078,11.009
17.935,17.891,15.501,16.267,11.906,12.377,9.962,12.294,15.685,14.556,17.208,14.216,16.666,16.389,15.680,13.502,12.775,11.729,9.529,8.858,8.184,6.532,0.000,6.212,8.087,9.562
17.721,17.904,16.059,16.149,12.124,11.750,9.469,11.994,15.120,14.716,17.119,14.845,17.109,16.778,16.598,14.559,13.341,12.672,12.077,10.414,8.683,8.367,6.212,0.000,6.447,8.982
17.657,17.882,16.839,16.857,14.024,13.066,12.006,14.421,16.629,16.487,17.541,16.057,17.627,17.161,16.969,16.107,14.576,13.262,13.182,12.658,10.520,9.078,8.087,6.447,0.000,7.408
17.444,17.691,17.207,17.178,15.336,14.359,13.485,15.293,16.914,16.942,17.705,16.753,17.944,17.864,17.576,16.854,16.129,14.792,14.151,14.127,12.445,11.009,9.562,8.982,7.408,0.000