c1,c2,c3,c4,c5,c6,c7,c8,c9,c10,c11,c12,c13,c14,c15,c16,c17,c18,c19,c20,c21,c22,c23,c24,c25,c26
0.000,7.327,8.441,10.672,13.448,14.893,17.249,16.576,14.908,13.701,9.706,9.944,9.914,10.580,12.941,12.754,13.111,13.887,14.696,16.071,16.507,17.566,17.972,17.799,17.709,17.502
7.327,0.000,6.602,8.587,11.439,13.515,16.086,14.588,12.614,10.691,6.166,7.543,8.074,9.292,12.025,11.468,11.707,12.490,13.471,15.188,15.255,17.333,18.001,18.033,17.991,17.695
8.441,6.602,0.000,6.323,8.694,9.948,12.860,12.555,11.414,9.874,7.202,5.453,8.412,8.666,11.411,9.680,9.202,9.117,10.355,11.963,12.104,14.689,15.976,16.665,17.252,17.345
10.672,8.587,6.323,0.000,6.438,7.707,9.963,8.949,6.296,7.022,5.802,7.283,10.936,12.294,15.023,12.652,12.711,11.961,12.587,13.278,11.998,15.079,16.160,16.374,16.962,17.224
13.448,11.439,8.694,6.438,0.000,6.350,5.808,4.970,6.792,4.927,7.557,6.116,10.649,12.281,13.875,10.578,10.557,8.882,8.993,8.800,7.545,10.931,12.322,13.059,14.591,15.519
14.893,13.515,9.948,7.707,6.350,0.000,7.064,8.314,7.811,9.752,11.666,10.618,15.160,15.607,16.865,14.427,13.464,11.276,11.715,11.231,8.402,11.462,12.121,12.143,13.367,14.477
17.249,16.086,12.860,9.963,5.808,7.064,0.000,5.155,7.982,8.950,12.805,11.460,15.589,16.988,17.204,14.420,13.787,11.504,11.219,9.975,6.422,8.979,9.644,9.932,12.230,13.708
16.576,14.588,12.555,8.949,4.970,8.314,5.155,0.000,6.195,5.182,10.143,10.505,14.095,16.495,17.227,13.950,14.104,12.560,11.674,10.681,8.294,11.199,12.188,12.794,14.660,15.450
14.908,12.614,11.414,6.296,6.792,7.811,7.982,6.195,0.000,8.065,11.056,11.562,15.120,17.486,18.325,15.912,16.284,14.867,14.651,13.907,11.793,14.853,15.324,15.407,16.629,16.909
13.701,10.691,9.874,7.022,4.927,9.752,8.950,5.182,8.065,0.000,8.264,8.581,11.393,13.901,14.887,11.844,12.627,11.525,11.360,11.140,10.414,13.375,14.577,15.242,16.663,16.919
9.706,6.166,7.202,5.802,7.557,11.666,12.805,10.143,11.056,8.264,0.000,8.754,10.823,12.893,13.462,11.771,13.036,12.580,13.149,13.961,13.454,16.114,16.919,17.170,17.574,17.739
9.944,7.543,5.453,7.283,6.116,10.618,11.460,10.505,11.562,8.581,8.754,0.000,8.819,9.859,10.084,7.510,8.130,7.655,8.704,9.916,10.567,13.060,14.346,15.006,16.215,16.704
9.914,8.074,8.412,10.936,10.649,15.160,15.589,14.095,15.120,11.393,10.823,8.819,0.000,8.326,8.613,7.493,9.542,10.579,11.794,13.272,14.283,15.755,16.628,17.071,17.641,17.787
10.580,9.292,8.666,12.294,12.281,15.607,16.988,16.495,17.486,13.901,12.893,9.859,8.326,0.000,8.588,8.928,9.648,10.204,12.546,13.765,14.398,15.274,16.626,16.976,17.418,17.857
12.941,12.025,11.411,15.023,13.875,16.865,17.204,17.227,18.325,14.887,13.462,10.084,8.613,8.588,0.000,8.605,10.278,10.111,11.571,13.811,14.820,14.919,15.933,16.688,17.233,17.585
12.754,11.468,9.680,12.652,10.578,14.427,14.420,13.950,15.912,11.844,11.771,7.510,7.493,8.928,8.605,0.000,7.607,8.804,9.045,10.758,13.160,14.081,14.368,14.826,16.306,16.778
13.111,11.707,9.202,12.711,10.557,13.464,13.787,14.104,16.284,12.627,13.036,8.130,9.542,9.648,10.278,7.607,0.000,7.194,8.772,9.518,11.515,13.653,14.492,14.171,15.258,16.262
13.887,12.490,9.117,11.961,8.882,11.276,11.504,12.560,14.867,11.525,12.580,7.655,10.579,10.204,10.111,8.804,7.194,0.000,6.583,8.333,9.098,10.713,12.984,13.592,14.017,14.953
14.696,13.471,10.355,12.587,8.993,11.715,11.219,11.674,14.651,11.360,13.149,8.704,11.794,12.546,11.571,9.045,8.772,6.583,0.000,6.053,8.302,8.892,10.494,12.616,13.538,14.445
16.071,15.188,11.963,13.278,8.800,11.231,9.975,10.681,13.907,11.140,13.961,9.916,13.272,13.765,13.811,10.758,9.518,8.333,6.053,0.000,6.220,8.315,8.873,10.572,12.583,14.122
16.507,15.255,12.104,11.998,7.545,8.402,6.422,8.294,11.793,10.414,13.454,10.567,14.283,14.398,14.820,13.160,11.515,9.098,8.302,6.220,0.000,6.312,7.853,8.669,10.557,12.594
17.566,17.333,14.689,15.079,10.931,11.462,8.979,11.199,14.853,13.375,16.114,13.060,15.755,15.274,14.919,14.081,13.653,10.713,8.892,8.315,6.312,0.000,6.258,8.212,9.109,11.243
17.972,18.001,15.976,16.160,12.322,12.121,9.644,12.188,15.324,14.577,16.919,14.346,16.628,16.626,15.933,14.368,14.492,12.984,10.494,8.873,7.853,6.258,0.000,6.067,7.814,9.436
17.799,18.033,16.665,16.374,13.059,12.143,9.932,12.794,15.407,15.242,17.170,15.006,17.071,16.976,16.688,14.826,14.171,13.592,12.616,10.572,8.669,8.212,6.067,0.000,6.311,8.664
17.709,17.991,17.252,16.962,14.591,13.367,12.230,14.660,16.629,16.663,17.574,16.215,17.641,17.418,17.233,16.306,15.258,14.017,13.538,12.583,10.557,9.109,7.814,6.311,0.000,7.225
17.502,17.695,17.345,17.224,15.519,14.477,13.708,15.450,16.909,16.919,17.739,16.704,17.787,17.857,17.585,16.778,16.262,14.953,14.445,14.122,12.594,11.243,9.436,8.664,7.225,0.000