c1,c2,c3,c4,c5,c6,c7,c8,c9,c10,c11,c12,c13,c14,c15,c16,c17,c18,c19,c20,c21,c22,c23,c24,c25,c26
0.000,6.984,8.320,10.699,13.483,14.844,17.249,16.611,15.010,13.753,9.790,9.900,9.559,10.470,12.685,12.652,13.367,13.821,15.104,15.850,16.452,17.590,17.859,17.609,17.639,17.241
6.984,0.000,6.399,8.490,11.399,13.471,16.048,14.553,12.555,10.647,6.234,7.488,7.501,9.205,11.714,11.347,11.947,12.197,13.746,14.901,15.062,17.393,17.979,17.888,18.001,17.490
8.320,6.399,0.000,6.197,8.547,9.869,12.806,12.454,11.399,9.845,7.195,5.430,8.189,8.793,10.961,9.270,9.502,9.025,11.018,12.162,12.176,14.879,16.059,16.560,17.333,17.056
10.699,8.490,6.197,0.000,6.282,7.587,9.956,8.957,6.286,7.019,5.796,7.292,10.842,12.398,14.822,12.593,13.016,11.872,13.106,13.241,11.898,15.166,16.043,16.114,16.998,16.886
13.483,11.399,8.547,6.282,0.000,6.419,5.805,4.911,6.802,4.927,7.560,6.075,10.533,12.181,13.457,10.485,10.997,8.980,9.724,8.990,7.657,11.078,12.454,13.155,14.845,15.316
14.844,13.471,9.869,7.587,6.419,0.000,6.961,8.270,7.810,9.725,11.682,10.612,15.023,15.631,16.541,14.201,13.728,11.266,12.371,11.565,8.616,11.718,12.141,12.322,13.661,14.317
17.249,16.048,12.806,9.956,5.805,6.961,0.000,5.135,7.960,8.938,12.787,11.391,15.437,16.845,16.754,14.306,13.802,11.277,11.604,10.226,6.229,8.879,9.578,10.075,12.420,13.532
16.611,14.553,12.454,8.957,4.911,8.270,5.135,0.000,5.936,5.135,10.116,10.442,14.010,16.359,16.962,13.813,14.341,12.127,11.826,10.772,7.768,10.906,12.105,12.582,14.701,15.207
15.010,12.555,11.399,6.286,6.802,7.810,7.960,5.936,0.000,7.952,11.057,11.583,15.022,17.366,18.150,15.646,16.610,14.578,14.788,13.711,11.423,14.335,14.890,14.811,16.288,16.437
13.753,10.647,9.845,7.019,4.927,9.725,8.938,5.135,7.952,0.000,8.140,8.277,11.184,13.757,14.720,11.692,13.037,11.279,11.703,11.118,10.191,12.960,14.491,15.089,16.605,16.698
9.790,6.234,7.195,5.796,7.560,11.682,12.787,10.116,11.057,8.140,0.000,8.638,10.239,12.348,13.249,11.260,13.371,12.164,13.392,13.557,13.314,16.051,16.939,17.117,17.582,17.602
9.900,7.488,5.430,7.292,6.075,10.612,11.391,10.442,11.583,8.277,8.638,0.000,8.397,9.500,9.912,7.178,8.795,7.804,9.612,10.178,11.066,13.451,14.872,15.541,16.736,17.027
9.559,7.501,8.189,10.842,10.533,15.023,15.437,14.010,15.022,11.184,10.239,8.397,0.000,8.190,8.535,7.557,10.244,10.871,12.354,13.337,14.498,16.214,17.300,17.446,17.773,17.870
10.470,9.205,8.793,12.398,12.181,15.631,16.845,16.359,17.366,13.757,12.348,9.500,8.190,0.000,8.259,8.497,10.287,10.963,13.314,14.178,15.398,16.472,17.434,17.560,17.764,17.945
12.685,11.714,10.961,14.822,13.457,16.541,16.754,16.962,18.150,14.720,13.249,9.912,8.535,8.259,0.000,8.702,10.204,10.956,12.455,14.264,15.754,16.371,17.180,17.398,17.563,17.752
12.652,11.347,9.270,12.593,10.485,14.201,14.306,13.813,15.646,11.692,11.260,7.178,7.557,8.497,8.702,0.000,7.628,8.491,9.197,10.769,13.288,14.363,15.298,15.581,16.899,17.116
13.367,11.947,9.502,13.016,10.997,13.728,13.802,14.341,16.610,13.037,13.371,8.795,10.244,10.287,10.204,7.628,0.000,7.192,8.748,9.869,12.357,14.291,15.425,15.326,16.309,16.774
13.821,12.197,9.025,11.872,8.980,11.266,11.277,12.127,14.578,11.279,12.164,7.804,10.871,10.963,10.956,8.491,7.192,0.000,7.005,8.409,9.923,11.686,13.752,14.513,15.193,15.707
15.104,13.746,11.018,13.106,9.724,12.371,11.604,11.826,14.788,11.703,13.392,9.612,12.354,13.314,12.455,9.197,8.748,7.005,0.000,6.501,8.728,9.591,11.645,13.597,14.700,15.352
15.850,14.901,12.162,13.241,8.990,11.565,10.226,10.772,13.711,11.118,13.557,10.178,13.337,14.178,14.264,10.769,9.869,8.409,6.501,0.000,6.753,8.323,10.015,11.854,13.633,14.787
16.452,15.062,12.176,11.898,7.657,8.616,6.229,7.768,11.423,10.191,13.314,11.066,14.498,15.398,15.754,13.288,12.357,9.923,8.728,6.753,0.000,6.699,7.798,9.301,11.337,12.855
17.590,17.393,14.879,15.166,11.078,11.718,8.879,10.906,14.335,12.960,16.051,13.451,16.214,16.472,16.371,14.363,14.291,11.686,9.591,8.323,6.699,0.000,6.617,8.270,9.910,11.611
17.859,17.979,16.059,16.043,12.454,12.141,9.578,12.105,14.890,14.491,16.939,14.872,17.300,17.434,17.180,15.298,15.425,13.752,11.645,10.015,7.798,6.617,0.000,6.416,7.967,9.742
17.609,17.888,16.560,16.114,13.155,12.322,10.075,12.582,14.811,15.089,17.117,15.541,17.446,17.560,17.398,15.581,15.326,14.513,13.597,11.854,9.301,8.270,6.416,0.000,6.760,8.739
17.639,18.001,17.333,16.998,14.845,13.661,12.420,14.701,16.288,16.605,17.582,16.736,17.773,17.764,17.563,16.899,16.309,15.193,14.700,13.633,11.337,9.910,7.967,6.760,0.000,7.544
17.241,17.490,17.056,16.886,15.316,14.317,13.532,15.207,16.437,16.698,17.602,17.027,17.870,17.945,17.752,17.116,16.774,15.707,15.352,14.787,12.855,11.611,9.742,8.739,7.544,0.000