c1,c2,c3,c4,c5,c6,c7,c8,c9,c10,c11,c12,c13,c14,c15,c16,c17,c18,c19,c20,c21,c22,c23,c24,c25,c26
0.000,5.984,7.758,10.360,12.933,15.661,16.924,16.979,16.232,15.742,14.487,13.540,12.995,12.575,13.069,13.488,13.774,13.058,14.446,14.742,14.514,15.241,15.806,15.548,15.085,15.290
5.984,0.000,5.773,7.588,10.162,13.256,15.247,16.682,15.801,14.388,12.444,11.622,10.819,11.019,12.134,12.955,13.123,12.202,14.118,14.467,14.153,15.286,15.820,15.589,15.114,15.357
7.758,5.773,0.000,5.813,7.214,10.558,12.770,15.032,14.889,13.171,11.575,10.378,10.182,10.352,11.477,11.864,11.508,10.273,12.146,12.537,12.277,13.894,14.571,14.396,14.274,14.825
10.360,7.588,5.813,0.000,5.840,7.577,10.263,12.511,12.155,11.038,8.965,9.303,10.202,11.470,13.232,13.622,13.314,12.636,14.247,14.324,13.456,14.957,15.578,15.169,14.975,15.317
12.933,10.162,7.214,5.840,0.000,5.863,7.131,10.131,10.459,9.403,8.775,8.027,9.665,10.612,12.281,12.219,11.548,10.936,12.397,11.957,11.501,13.359,13.975,13.703,14.042,14.593
15.661,13.256,10.558,7.577,5.863,0.000,5.953,7.613,8.022,8.253,8.332,9.591,11.900,13.157,14.790,15.003,13.928,13.855,15.140,14.584,13.485,14.790,14.993,14.550,14.761,15.165
16.924,15.247,12.770,10.263,7.131,5.953,0.000,5.337,8.092,7.910,9.634,10.252,12.234,13.579,14.763,14.706,13.307,13.445,14.335,13.696,12.955,13.917,14.043,13.822,14.408,14.648
16.979,16.682,15.032,12.511,10.131,7.613,5.337,0.000,5.527,7.186,9.932,11.268,13.936,15.512,16.367,15.745,14.575,15.299,16.150,15.463,14.617,14.946,14.641,14.588,15.076,15.203
16.232,15.801,14.889,12.155,10.459,8.022,8.092,5.527,0.000,5.927,8.473,10.646,13.170,15.736,16.680,15.897,14.996,15.468,15.953,15.521,14.875,14.595,14.403,14.400,14.879,15.044
15.742,14.388,13.171,11.038,9.403,8.253,7.910,7.186,5.927,0.000,6.309,7.807,10.364,12.979,14.776,14.501,13.708,13.956,14.992,14.588,14.595,15.342,15.227,14.902,14.966,15.301
14.487,12.444,11.575,8.965,8.775,8.332,9.634,9.932,8.473,6.309,0.000,6.755,8.488,10.785,12.700,13.310,12.943,12.956,14.329,14.610,14.923,15.990,16.307,15.784,15.478,15.643
13.540,11.622,10.378,9.303,8.027,9.591,10.252,11.268,10.646,7.807,6.755,0.000,7.007,8.600,10.264,10.313,9.959,10.510,11.815,12.367,13.070,14.436,15.298,15.084,15.057,15.484
12.995,10.819,10.182,10.202,9.665,11.900,12.234,13.936,13.170,10.364,8.488,7.007,0.000,6.727,8.033,8.868,9.123,10.125,11.933,12.671,13.383,14.628,15.682,15.914,16.105,16.383
12.575,11.019,10.352,11.470,10.612,13.157,13.579,15.512,15.736,12.979,10.785,8.600,6.727,0.000,6.611,7.890,8.309,9.061,11.312,12.784,13.082,13.968,15.489,15.772,15.726,16.609
13.069,12.134,11.477,13.232,12.281,14.790,14.763,16.367,16.680,14.776,12.700,10.264,8.033,6.611,0.000,6.556,7.909,8.019,9.482,12.056,13.070,12.954,14.305,15.534,15.508,16.318
13.488,12.955,11.864,13.622,12.219,15.003,14.706,15.745,15.897,14.501,13.310,10.313,8.868,7.890,6.556,0.000,6.177,7.783,8.269,9.808,12.329,13.344,13.566,14.333,14.956,15.884
13.774,13.123,11.508,13.314,11.548,13.928,13.307,14.575,14.996,13.708,12.943,9.959,9.123,8.309,7.909,6.177,0.000,6.081,7.985,8.865,10.235,12.538,13.590,13.088,13.238,14.947
13.058,12.202,10.273,12.636,10.936,13.855,13.445,15.299,15.468,13.956,12.956,10.510,10.125,9.061,8.019,7.783,6.081,0.000,6.108,7.822,8.454,9.794,11.942,11.960,11.319,13.081
14.446,14.118,12.146,14.247,12.397,15.140,14.335,16.150,15.953,14.992,14.329,11.815,11.933,11.312,9.482,8.269,7.985,6.108,0.000,5.961,7.980,8.474,10.092,11.072,11.390,12.158
14.742,14.467,12.537,14.324,11.957,14.584,13.696,15.463,15.521,14.588,14.610,12.367,12.671,12.784,12.056,9.808,8.865,7.822,5.961,0.000,5.926,7.653,8.176,8.196,9.895,11.521
14.514,14.153,12.277,13.456,11.501,13.485,12.955,14.617,14.875,14.595,14.923,13.070,13.383,13.082,13.070,12.329,10.235,8.454,7.980,5.926,0.000,5.987,7.357,6.418,8.116,10.208
15.241,15.286,13.894,14.957,13.359,14.790,13.917,14.946,14.595,15.342,15.990,14.436,14.628,13.968,12.954,13.344,12.538,9.794,8.474,7.653,5.987,0.000,5.718,7.519,8.175,9.396
15.806,15.820,14.571,15.578,13.975,14.993,14.043,14.641,14.403,15.227,16.307,15.298,15.682,15.489,14.305,13.566,13.590,11.942,10.092,8.176,7.357,5.718,0.000,5.872,7.820,8.625
15.548,15.589,14.396,15.169,13.703,14.550,13.822,14.588,14.400,14.902,15.784,15.084,15.914,15.772,15.534,14.333,13.088,11.960,11.072,8.196,6.418,7.519,5.872,0.000,5.901,7.937
15.085,15.114,14.274,14.975,14.042,14.761,14.408,15.076,14.879,14.966,15.478,15.057,16.105,15.726,15.508,14.956,13.238,11.319,11.390,9.895,8.116,8.175,7.820,5.901,0.000,6.257
15.290,15.357,14.825,15.317,14.593,15.165,14.648,15.203,15.044,15.301,15.643,15.484,16.383,16.609,16.318,15.884,14.947,13.081,12.158,11.521,10.208,9.396,8.625,7.937,6.257,0.000