c1,c2,c3,c4,c5,c6,c7,c8,c9,c10,c11,c12,c13,c14,c15,c16,c17,c18,c19,c20,c21,c22,c23,c24,c25,c26
0.000,5.873,7.474,9.034,11.425,13.466,14.718,14.462,14.942,15.587,15.861,16.237,16.815,16.315,16.440,16.089,15.297,15.024,15.844,15.424,14.284,14.845,15.668,15.032,14.861,15.125
5.873,0.000,5.649,7.514,8.993,11.283,13.359,14.070,13.549,14.527,15.318,15.485,16.307,16.407,16.255,15.942,14.749,14.366,15.423,14.874,13.670,14.332,15.176,14.629,14.481,14.876
7.474,5.649,0.000,5.668,7.368,8.981,10.889,12.588,12.991,13.000,13.797,14.633,15.453,15.532,16.004,15.093,13.952,13.381,14.712,14.210,12.812,14.004,14.980,14.529,14.565,15.013
9.034,7.514,5.668,0.000,5.699,7.428,9.100,10.406,11.680,12.757,12.699,13.495,15.094,15.444,16.087,16.352,14.684,14.342,15.881,15.253,13.632,14.881,15.886,15.118,15.123,15.480
11.425,8.993,7.368,5.699,0.000,5.722,7.454,8.488,9.071,11.196,11.915,12.055,13.571,14.595,15.474,15.500,14.547,13.682,15.247,14.423,12.592,14.270,15.085,14.309,14.678,14.989
13.466,11.283,8.981,7.428,5.722,0.000,5.713,7.397,7.764,8.865,10.636,11.457,12.629,13.560,14.920,15.241,14.382,14.705,15.518,15.071,13.601,14.809,15.805,15.182,15.366,15.667
14.718,13.359,10.889,9.100,7.454,5.713,0.000,5.658,7.551,8.003,8.722,10.496,12.311,12.820,14.147,14.915,14.064,14.270,16.175,15.199,13.882,15.199,16.123,15.448,15.570,15.643
14.462,14.070,12.588,10.406,8.488,7.397,5.658,0.000,5.674,7.551,7.234,7.972,10.506,11.317,12.393,13.178,12.622,12.897,14.674,15.121,13.417,14.575,15.678,15.135,15.565,15.842
14.942,13.549,12.991,11.680,9.071,7.764,7.551,5.674,0.000,5.645,7.678,7.347,9.122,10.742,12.013,12.391,11.800,12.302,14.147,14.669,14.454,14.212,15.401,15.103,15.685,15.985
15.587,14.527,13.000,12.757,11.196,8.865,8.003,7.551,5.645,0.000,5.727,7.753,8.633,9.692,11.935,12.809,12.042,12.541,14.519,14.937,14.967,16.341,16.492,16.285,16.562,16.588
15.861,15.318,13.797,12.699,11.915,10.636,8.722,7.234,7.678,5.727,0.000,5.940,8.132,8.776,10.248,11.931,11.752,11.872,13.723,14.476,14.532,15.757,17.144,16.309,16.650,16.730
16.237,15.485,14.633,13.495,12.055,11.457,10.496,7.972,7.347,7.753,5.940,0.000,6.118,7.516,8.783,9.522,10.019,10.973,12.016,12.836,13.634,14.893,16.048,16.547,16.510,16.701
16.815,16.307,15.453,15.094,13.571,12.629,12.311,10.506,9.122,8.633,8.132,6.118,0.000,6.219,8.272,8.974,9.012,11.011,12.343,12.395,13.371,15.124,16.256,16.807,17.620,17.114
16.315,16.407,15.532,15.444,14.595,13.560,12.820,11.317,10.742,9.692,8.776,7.516,6.219,0.000,6.382,7.529,7.587,8.778,10.837,11.393,11.648,13.216,15.009,15.712,16.996,17.421
16.440,16.255,16.004,16.087,15.474,14.920,14.147,12.393,12.013,11.935,10.248,8.783,8.272,6.382,0.000,6.363,7.941,7.868,8.298,10.803,11.633,11.791,13.273,15.403,16.536,16.901
16.089,15.942,15.093,16.352,15.500,15.241,14.915,13.178,12.391,12.809,11.931,9.522,8.974,7.529,6.363,0.000,6.099,7.730,6.952,7.680,10.423,11.341,11.589,13.381,15.484,16.098
15.297,14.749,13.952,14.684,14.547,14.382,14.064,12.622,11.800,12.042,11.752,10.019,9.012,7.587,7.941,6.099,0.000,5.766,7.591,6.787,7.398,10.285,11.442,11.901,13.778,15.196
15.024,14.366,13.381,14.342,13.682,14.705,14.270,12.897,12.302,12.541,11.872,10.973,11.011,8.778,7.868,7.730,5.766,0.000,5.659,7.536,6.420,7.143,10.346,11.504,12.542,13.752
15.844,15.423,14.712,15.881,15.247,15.518,16.175,14.674,14.147,14.519,13.723,12.016,12.343,10.837,8.298,6.952,7.591,5.659,0.000,5.669,7.516,6.370,7.431,10.479,12.090,12.895
15.424,14.874,14.210,15.253,14.423,15.071,15.199,15.121,14.669,14.937,14.476,12.836,12.395,11.393,10.803,7.680,6.787,7.536,5.669,0.000,5.656,7.448,6.597,7.834,10.659,11.948
14.284,13.670,12.812,13.632,12.592,13.601,13.882,13.417,14.454,14.967,14.532,13.634,13.371,11.648,11.633,10.423,7.398,6.420,7.516,5.656,0.000,5.494,7.471,6.689,8.852,10.244
14.845,14.332,14.004,14.881,14.270,14.809,15.199,14.575,14.212,16.341,15.757,14.893,15.124,13.216,11.791,11.341,10.285,7.143,6.370,7.448,5.494,0.000,5.427,7.551,8.340,9.618
15.668,15.176,14.980,15.886,15.085,15.805,16.123,15.678,15.401,16.492,17.144,16.048,16.256,15.009,13.273,11.589,11.442,10.346,7.431,6.597,7.471,5.427,0.000,5.602,7.705,8.937
15.032,14.629,14.529,15.118,14.309,15.182,15.448,15.135,15.103,16.285,16.309,16.547,16.807,15.712,15.403,13.381,11.901,11.504,10.479,7.834,6.689,7.551,5.602,0.000,5.606,7.667
14.861,14.481,14.565,15.123,14.678,15.366,15.570,15.565,15.685,16.562,16.650,16.510,17.620,16.996,16.536,15.484,13.778,12.542,12.090,10.659,8.852,8.340,7.705,5.606,0.000,5.967
15.125,14.876,15.013,15.480,14.989,15.667,15.643,15.842,15.985,16.588,16.730,16.701,17.114,17.421,16.901,16.098,15.196,13.752,12.895,11.948,10.244,9.618,8.937,7.667,5.967,0.000