c1,c2,c3,c4,c5,c6,c7,c8,c9,c10,c11,c12,c13,c14,c15,c16,c17,c18,c19,c20,c21,c22,c23,c24,c25,c26
0.000,5.855,7.513,9.328,11.386,13.661,14.480,14.423,14.441,14.601,14.511,14.251,15.378,14.742,14.100,15.627,15.914,14.518,15.072,16.238,16.038,15.082,16.137,15.964,15.769,15.732
5.855,0.000,5.655,7.297,8.831,11.126,12.881,13.894,13.632,13.813,14.076,13.744,15.057,14.687,13.602,15.276,15.318,13.736,14.447,15.748,15.360,14.598,15.767,15.898,15.729,15.783
7.513,5.655,0.000,5.661,7.319,9.250,10.387,12.268,12.651,12.486,12.557,12.463,13.609,13.471,12.790,13.890,13.943,12.193,13.172,14.492,14.302,13.850,15.129,15.567,15.423,15.725
9.328,7.297,5.661,0.000,5.696,7.645,9.144,10.478,11.880,12.646,12.777,12.641,14.005,13.772,13.473,15.014,14.898,13.563,14.378,15.532,15.197,14.774,15.872,16.162,15.921,15.961
11.386,8.831,7.319,5.696,0.000,5.691,7.383,8.738,10.028,11.767,13.569,13.292,14.621,14.697,14.378,15.933,16.153,14.508,15.588,16.296,15.813,15.175,15.833,15.629,15.490,15.554
13.661,11.126,9.250,7.645,5.691,0.000,5.648,7.663,9.230,10.542,12.948,13.834,14.429,14.289,14.114,15.587,15.712,14.582,15.191,16.026,15.243,14.538,15.876,15.809,15.468,15.762
14.480,12.881,10.387,9.144,7.383,5.648,0.000,5.735,7.681,8.605,10.795,12.515,14.141,13.204,12.890,14.330,14.380,13.710,14.822,15.261,14.277,13.804,15.641,15.888,15.511,15.765
14.423,13.894,12.268,10.478,8.738,7.663,5.735,0.000,5.809,7.737,9.849,11.462,14.119,14.253,13.537,14.575,15.130,14.863,15.731,16.814,15.761,15.726,15.757,15.650,15.878,15.826
14.441,13.632,12.651,11.880,10.028,9.230,7.681,5.809,0.000,5.938,7.973,9.795,11.994,13.503,13.882,14.064,14.357,14.694,15.524,16.354,16.667,16.185,15.943,15.723,16.128,15.931
14.601,13.813,12.486,12.646,11.767,10.542,8.605,7.737,5.938,0.000,6.193,7.652,9.602,10.964,12.352,13.406,13.044,13.073,14.629,15.299,15.376,16.035,16.645,16.446,16.520,16.473
14.511,14.076,12.557,12.777,13.569,12.948,10.795,9.849,7.973,6.193,0.000,6.053,7.735,8.978,10.016,11.955,13.007,12.449,13.581,14.925,15.241,15.910,17.274,16.752,16.519,16.364
14.251,13.744,12.463,12.641,13.292,13.834,12.515,11.462,9.795,7.652,6.053,0.000,6.085,8.052,8.493,9.652,11.849,12.467,12.439,13.744,15.005,15.378,16.191,17.423,16.528,16.445
15.378,15.057,13.609,14.005,14.621,14.429,14.141,14.119,11.994,9.602,7.735,6.085,0.000,6.196,7.979,8.299,9.854,11.542,12.820,12.718,13.840,15.110,15.750,16.609,17.702,16.621
14.742,14.687,13.471,13.772,14.697,14.289,13.204,14.253,13.503,10.964,8.978,8.052,6.196,0.000,6.279,8.125,8.804,9.681,11.972,12.851,12.388,13.596,15.125,15.961,16.610,17.304
14.100,13.602,12.790,13.473,14.378,14.114,12.890,13.537,13.882,12.352,10.016,8.493,7.979,6.279,0.000,6.307,8.263,8.344,9.468,11.933,12.738,12.234,13.408,15.312,15.975,16.305
15.627,15.276,13.890,15.014,15.933,15.587,14.330,14.575,14.064,13.406,11.955,9.652,8.299,8.125,6.307,0.000,6.102,7.904,8.111,9.397,11.746,12.160,11.972,13.812,15.460,15.915
15.914,15.318,13.943,14.898,16.153,15.712,14.380,15.130,14.357,13.044,13.007,11.849,9.854,8.804,8.263,6.102,0.000,5.996,7.624,8.123,9.312,10.894,11.774,12.475,13.818,15.097
14.518,13.736,12.193,13.563,14.508,14.582,13.710,14.863,14.694,13.073,12.449,12.467,11.542,9.681,8.344,7.904,5.996,0.000,5.827,7.729,7.448,7.667,10.030,11.634,11.666,12.964
15.072,14.447,13.172,14.378,15.588,15.191,14.822,15.731,15.524,14.629,13.581,12.439,12.820,11.972,9.468,8.111,7.624,5.827,0.000,5.627,7.633,7.172,7.759,10.713,11.958,12.146
16.238,15.748,14.492,15.532,16.296,16.026,15.261,16.814,16.354,15.299,14.925,13.744,12.718,12.851,11.933,9.397,8.123,7.729,5.627,0.000,5.687,7.506,7.039,8.454,11.052,12.128
16.038,15.360,14.302,15.197,15.813,15.243,14.277,15.761,16.667,15.376,15.241,15.005,13.840,12.388,12.738,11.746,9.312,7.448,7.633,5.687,0.000,5.664,7.437,7.188,8.636,10.932
15.082,14.598,13.850,14.774,15.175,14.538,13.804,15.726,16.185,16.035,15.910,15.378,15.110,13.596,12.234,12.160,10.894,7.667,7.172,7.506,5.664,0.000,5.700,7.466,7.644,9.001
16.137,15.767,15.129,15.872,15.833,15.876,15.641,15.757,15.943,16.645,17.274,16.191,15.750,15.125,13.408,11.972,11.774,10.030,7.759,7.039,7.437,5.700,0.000,5.692,7.545,7.896
15.964,15.898,15.567,16.162,15.629,15.809,15.888,15.650,15.723,16.446,16.752,17.423,16.609,15.961,15.312,13.812,12.475,11.634,10.713,8.454,7.188,7.466,5.692,0.000,5.696,7.840
15.769,15.729,15.423,15.921,15.490,15.468,15.511,15.878,16.128,16.520,16.519,16.528,17.702,16.610,15.975,15.460,13.818,11.666,11.958,11.052,8.636,7.644,7.545,5.696,0.000,6.029
15.732,15.783,15.725,15.961,15.554,15.762,15.765,15.826,15.931,16.473,16.364,16.445,16.621,17.304,16.305,15.915,15.097,12.964,12.146,12.128,10.932,9.001,7.896,7.840,6.029,0.000