c1,c2,c3,c4,c5,c6,c7,c8,c9,c10,c11,c12,c13,c14,c15,c16,c17,c18,c19,c20,c21,c22,c23,c24,c25,c26
0.000,6.156,7.400,8.940,11.114,11.847,11.957,12.888,14.979,14.817,13.027,14.678,16.156,15.840,15.655,16.374,16.246,16.052,16.379,15.857,16.020,15.652,15.510,15.366,15.168,14.719
6.156,0.000,5.538,7.791,9.160,10.123,10.996,11.995,14.007,14.045,12.032,13.515,15.610,15.428,15.237,16.247,16.177,15.773,16.263,15.642,15.823,15.524,15.386,15.201,14.868,14.367
7.400,5.538,0.000,5.590,7.304,8.008,8.836,10.658,13.295,13.373,11.608,13.200,15.336,15.266,15.439,16.498,16.385,16.031,16.580,15.831,16.152,15.567,15.612,15.230,15.023,14.360
8.940,7.791,5.590,0.000,5.572,6.846,7.619,8.704,11.999,12.340,10.996,12.422,14.518,14.710,15.228,16.464,16.405,16.028,16.432,15.703,16.224,15.537,15.606,15.295,15.187,14.601
11.114,9.160,7.304,5.572,0.000,5.575,7.498,7.142,10.014,10.960,10.162,10.772,13.030,13.905,13.997,14.746,15.727,14.798,15.310,14.852,15.803,15.263,15.125,14.707,14.845,14.253
11.847,10.123,8.008,6.846,5.575,0.000,5.475,7.569,10.124,10.671,10.852,12.129,13.816,14.493,15.020,15.544,16.182,16.436,16.104,15.677,16.040,15.620,15.535,15.223,15.170,14.850
11.957,10.996,8.836,7.619,7.498,5.475,0.000,5.816,8.570,9.085,9.339,11.681,13.532,13.564,14.457,15.394,15.727,15.960,17.305,16.862,16.990,16.468,16.486,16.072,15.950,15.362
12.888,11.995,10.658,8.704,7.142,7.569,5.816,0.000,6.066,6.960,6.941,8.549,11.535,12.871,13.058,13.662,14.558,15.122,16.197,16.888,16.817,16.276,16.201,15.953,16.149,15.650
14.979,14.007,13.295,11.999,10.014,10.124,8.570,6.066,0.000,5.627,7.411,7.717,9.701,12.461,13.623,13.073,13.846,15.240,16.072,16.345,17.480,16.589,16.629,16.416,16.650,16.354
14.817,14.045,13.373,12.340,10.960,10.671,9.085,6.960,5.627,0.000,5.811,7.466,8.655,10.311,12.781,13.216,12.849,13.854,15.412,15.756,16.944,16.766,16.409,16.121,16.398,16.183
13.027,12.032,11.608,10.996,10.162,10.852,9.339,6.941,7.411,5.811,0.000,5.882,7.664,8.411,10.052,11.895,12.765,12.489,13.806,14.668,16.233,15.779,16.156,15.594,15.987,15.733
14.678,13.515,13.200,12.422,10.772,12.129,11.681,8.549,7.717,7.466,5.882,0.000,5.966,7.675,8.779,9.533,11.665,12.780,13.444,14.182,16.031,15.843,15.883,16.122,16.233,15.993
16.156,15.610,15.336,14.518,13.030,13.816,13.532,11.535,9.701,8.655,7.664,5.966,0.000,6.059,7.435,7.842,9.291,11.563,13.212,13.375,15.575,15.631,15.539,15.749,16.366,16.112
15.840,15.428,15.266,14.710,13.905,14.493,13.564,12.871,12.461,10.311,8.411,7.675,6.059,0.000,5.958,7.506,8.362,9.428,12.417,13.251,15.601,15.252,15.066,15.513,15.980,15.940
15.655,15.237,15.439,15.228,13.997,15.020,14.457,13.058,13.623,12.781,10.052,8.779,7.435,5.958,0.000,6.034,7.639,7.936,9.965,11.957,15.069,14.874,14.249,15.085,15.645,15.787
16.374,16.247,16.498,16.464,14.746,15.544,15.394,13.662,13.073,13.216,11.895,9.533,7.842,7.506,6.034,0.000,5.881,7.520,8.742,9.606,13.561,13.364,12.700,13.937,14.776,15.216
16.246,16.177,16.385,16.405,15.727,16.182,15.727,14.558,13.846,12.849,12.765,11.665,9.291,8.362,7.639,5.881,0.000,5.764,7.591,7.736,11.473,11.161,11.146,12.486,13.467,14.239
16.052,15.773,16.031,16.028,14.798,16.436,15.960,15.122,15.240,13.854,12.489,12.780,11.563,9.428,7.936,7.520,5.764,0.000,5.641,7.503,10.650,10.701,10.636,12.266,13.023,13.909
16.379,16.263,16.580,16.432,15.310,16.104,17.305,16.197,16.072,15.412,13.806,13.444,13.212,12.417,9.965,8.742,7.591,5.641,0.000,5.906,8.950,10.302,9.961,11.844,13.223,14.403
15.857,15.642,15.831,15.703,14.852,15.677,16.862,16.888,16.345,15.756,14.668,14.182,13.375,13.251,11.957,9.606,7.736,7.503,5.906,0.000,6.201,6.844,7.207,9.677,11.634,13.030
16.020,15.823,16.152,16.224,15.803,16.040,16.990,16.817,17.480,16.944,16.233,16.031,15.575,15.601,15.069,13.561,11.473,10.650,8.950,6.201,0.000,5.731,7.463,8.682,10.869,12.872
15.652,15.524,15.567,15.537,15.263,15.620,16.468,16.276,16.589,16.766,15.779,15.843,15.631,15.252,14.874,13.364,11.161,10.701,10.302,6.844,5.731,0.000,5.854,7.504,9.361,11.233
15.510,15.386,15.612,15.606,15.125,15.535,16.486,16.201,16.629,16.409,16.156,15.883,15.539,15.066,14.249,12.700,11.146,10.636,9.961,7.207,7.463,5.854,0.000,5.840,7.622,9.414
15.366,15.201,15.230,15.295,14.707,15.223,16.072,15.953,16.416,16.121,15.594,16.122,15.749,15.513,15.085,13.937,12.486,12.266,11.844,9.677,8.682,7.504,5.840,0.000,5.817,7.784
15.168,14.868,15.023,15.187,14.845,15.170,15.950,16.149,16.650,16.398,15.987,16.233,16.366,15.980,15.645,14.776,13.467,13.023,13.223,11.634,10.869,9.361,7.622,5.817,0.000,6.248
14.719,14.367,14.360,14.601,14.253,14.850,15.362,15.650,16.354,16.183,15.733,15.993,16.112,15.940,15.787,15.216,14.239,13.909,14.403,13.030,12.872,11.233,9.414,7.784,6.248,0.000