c1,c2,c3,c4,c5,c6,c7,c8,c9,c10,c11,c12,c13,c14,c15,c16,c17,c18,c19,c20,c21,c22,c23,c24,c25,c26
0.000,6.237,7.621,10.168,11.925,14.897,15.036,13.922,14.325,14.588,14.749,14.943,15.157,15.340,15.573,15.725,15.253,15.032,14.696,14.481,14.347,14.355,14.360,14.720,14.648,14.953
6.237,0.000,5.884,7.552,9.120,12.214,13.349,13.568,13.747,14.074,14.490,14.733,14.884,14.871,14.925,15.215,14.688,14.416,14.417,14.274,14.139,14.239,14.126,14.487,14.349,14.505
7.621,5.884,0.000,5.871,7.064,9.891,10.996,11.976,13.059,13.159,13.442,14.411,14.469,14.118,13.876,14.349,13.906,13.587,13.713,13.780,13.752,13.770,13.799,14.188,14.063,14.337
10.168,7.552,5.871,0.000,5.902,7.845,10.134,11.073,13.773,14.926,14.795,15.373,15.270,14.655,14.185,14.568,13.899,13.548,13.664,13.722,13.790,13.978,14.132,14.595,14.402,14.676
11.925,9.120,7.064,5.902,0.000,5.731,7.059,8.723,11.144,13.727,15.002,15.473,15.206,14.488,14.005,14.347,13.602,12.617,13.085,13.185,13.517,13.838,14.078,14.373,14.287,14.587
14.897,12.214,9.891,7.845,5.731,0.000,5.676,7.460,10.076,12.636,14.854,15.980,15.250,14.228,13.560,13.953,13.260,12.821,13.302,13.635,13.881,14.225,14.458,14.620,14.525,14.998
15.036,13.349,10.996,10.134,7.059,5.676,0.000,5.894,7.419,10.525,12.591,15.121,15.449,14.263,13.966,13.846,13.266,12.200,13.152,13.720,14.107,14.398,14.560,14.857,14.728,15.091
13.922,13.568,11.976,11.073,8.723,7.460,5.894,0.000,5.945,7.699,10.520,12.984,13.876,14.104,13.884,13.482,13.223,12.348,13.188,13.950,14.443,14.819,14.815,15.008,14.957,15.228
14.325,13.747,13.059,13.773,11.144,10.076,7.419,5.945,0.000,6.092,7.511,10.545,11.609,12.581,13.344,12.831,12.888,12.418,13.326,14.147,14.734,15.196,15.237,15.353,15.095,15.440
14.588,14.074,13.159,14.926,13.727,12.636,10.525,7.699,6.092,0.000,6.280,8.755,9.835,10.995,12.394,12.442,12.958,12.805,13.683,14.637,15.072,15.388,15.387,15.478,15.161,15.486
14.749,14.490,13.442,14.795,15.002,14.854,12.591,10.520,7.511,6.280,0.000,6.452,7.286,9.064,10.689,11.554,12.823,13.190,14.070,14.967,15.554,15.773,15.743,15.719,15.285,15.675
14.943,14.733,14.411,15.373,15.473,15.980,15.121,12.984,10.545,8.755,6.452,0.000,6.189,7.945,9.484,10.357,11.908,12.965,13.813,14.543,15.383,15.653,15.463,15.495,15.085,15.534
15.157,14.884,14.469,15.270,15.206,15.250,15.449,13.876,11.609,9.835,7.286,6.189,0.000,6.255,7.853,9.226,10.922,12.755,14.278,15.110,15.766,16.114,15.985,15.859,15.527,15.821
15.340,14.871,14.118,14.655,14.488,14.228,14.263,14.104,12.581,10.995,9.064,7.945,6.255,0.000,6.338,7.951,9.672,11.615,13.655,14.980,15.678,15.755,15.606,15.527,15.187,15.634
15.573,14.925,13.876,14.185,14.005,13.560,13.966,13.884,13.344,12.394,10.689,9.484,7.853,6.338,0.000,6.315,8.022,10.134,12.192,14.377,15.646,15.573,15.102,15.002,14.723,15.236
15.725,15.215,14.349,14.568,14.347,13.953,13.846,13.482,12.831,12.442,11.554,10.357,9.226,7.951,6.315,0.000,6.373,8.079,10.474,12.399,14.761,15.152,14.497,14.013,13.926,14.788
15.253,14.688,13.906,13.899,13.602,13.260,13.266,13.223,12.888,12.958,12.823,11.908,10.922,9.672,8.022,6.373,0.000,6.217,7.653,10.111,12.394,13.622,13.663,12.896,13.067,13.989
15.032,14.416,13.587,13.548,12.617,12.821,12.200,12.348,12.418,12.805,13.190,12.965,12.755,11.615,10.134,8.079,6.217,0.000,6.105,7.363,10.060,11.406,11.913,11.685,12.081,13.408
14.696,14.417,13.713,13.664,13.085,13.302,13.152,13.188,13.326,13.683,14.070,13.813,14.278,13.655,12.192,10.474,7.653,6.105,0.000,6.050,7.668,9.232,10.084,10.280,11.411,12.632
14.481,14.274,13.780,13.722,13.185,13.635,13.720,13.950,14.147,14.637,14.967,14.543,15.110,14.980,14.377,12.399,10.111,7.363,6.050,0.000,5.687,8.056,9.463,9.794,11.660,13.076
14.347,14.139,13.752,13.790,13.517,13.881,14.107,14.443,14.734,15.072,15.554,15.383,15.766,15.678,15.646,14.761,12.394,10.060,7.668,5.687,0.000,5.792,7.728,8.811,11.252,13.051
14.355,14.239,13.770,13.978,13.838,14.225,14.398,14.819,15.196,15.388,15.773,15.653,16.114,15.755,15.573,15.152,13.622,11.406,9.232,8.056,5.792,0.000,5.805,7.477,9.768,11.594
14.360,14.126,13.799,14.132,14.078,14.458,14.560,14.815,15.237,15.387,15.743,15.463,15.985,15.606,15.102,14.497,13.663,11.913,10.084,9.463,7.728,5.805,0.000,5.951,7.647,9.678
14.720,14.487,14.188,14.595,14.373,14.620,14.857,15.008,15.353,15.478,15.719,15.495,15.859,15.527,15.002,14.013,12.896,11.685,10.280,9.794,8.811,7.477,5.951,0.000,5.971,7.738
14.648,14.349,14.063,14.402,14.287,14.525,14.728,14.957,15.095,15.161,15.285,15.085,15.527,15.187,14.723,13.926,13.067,12.081,11.411,11.660,11.252,9.768,7.647,5.971,0.000,6.369
14.953,14.505,14.337,14.676,14.587,14.998,15.091,15.228,15.440,15.486,15.675,15.534,15.821,15.634,15.236,14.788,13.989,13.408,12.632,13.076,13.051,11.594,9.678,7.738,6.369,0.000