c1,c2,c3,c4,c5,c6,c7,c8,c9,c10,c11,c12,c13,c14,c15,c16,c17,c18,c19,c20,c21,c22,c23,c24,c25,c26
0.000,5.761,7.459,10.096,12.959,15.787,17.232,17.686,17.015,17.121,16.637,15.920,15.575,15.912,16.070,15.981,15.440,15.044,15.229,15.162,15.034,15.128,15.427,15.500,15.025,15.316
5.761,0.000,5.680,7.096,10.410,13.344,15.611,17.711,16.606,16.749,16.047,15.125,14.633,15.167,15.275,15.335,14.727,14.298,14.718,14.999,14.615,14.880,15.359,15.506,14.794,15.209
7.459,5.680,0.000,5.781,6.883,10.812,12.685,16.489,16.186,16.839,16.213,15.287,14.718,14.983,15.000,14.880,14.299,13.999,14.210,14.519,13.745,14.352,14.963,14.991,14.469,15.113
10.096,7.096,5.781,0.000,5.819,7.343,10.548,13.936,14.279,16.345,15.621,14.606,14.129,14.321,14.467,14.782,14.370,13.993,14.782,15.279,14.402,15.110,15.835,15.847,15.114,15.652
12.959,10.410,6.883,5.819,0.000,5.878,6.795,11.052,11.502,14.708,15.041,14.322,13.355,13.591,13.465,13.660,13.167,12.779,13.638,13.930,13.033,14.141,14.896,14.855,14.342,15.167
15.787,13.344,10.812,7.343,5.878,0.000,5.887,8.455,10.117,13.061,14.136,14.028,13.525,13.607,14.011,14.601,14.230,13.789,14.876,15.258,14.263,15.366,15.870,15.679,15.056,15.732
17.232,15.611,12.685,10.548,6.795,5.887,0.000,6.100,6.778,9.856,11.014,11.721,11.433,12.061,12.662,13.531,13.146,13.044,13.986,14.201,13.215,14.301,14.867,14.892,14.476,15.255
17.686,17.711,16.489,13.936,11.052,8.455,6.100,0.000,6.040,8.137,10.166,11.138,12.365,12.952,13.807,14.823,14.632,14.420,15.407,15.371,14.371,15.113,15.299,15.272,14.971,15.657
17.015,16.606,16.186,14.279,11.502,10.117,6.778,6.040,0.000,6.128,7.271,8.221,9.112,10.276,11.641,12.986,13.061,12.812,13.281,13.158,12.535,13.426,13.976,14.377,14.525,15.440
17.121,16.749,16.839,16.345,14.708,13.061,9.856,8.137,6.128,0.000,5.969,8.135,9.950,11.410,12.938,14.827,14.660,14.164,14.603,14.016,13.394,13.708,13.818,13.980,14.292,15.220
16.637,16.047,16.213,15.621,15.041,14.136,11.014,10.166,7.271,5.969,0.000,6.300,8.040,9.953,11.536,13.611,13.726,13.106,13.395,12.935,12.488,13.152,13.714,14.005,14.472,15.408
15.920,15.125,15.287,14.606,14.322,14.028,11.721,11.138,8.221,8.135,6.300,0.000,6.212,8.264,10.105,12.068,12.729,12.332,12.467,12.145,11.927,12.735,13.535,14.265,14.680,15.625
15.575,14.633,14.718,14.129,13.355,13.525,11.433,12.365,9.112,9.950,8.040,6.212,0.000,6.425,7.658,9.657,9.768,9.744,10.427,10.570,10.798,12.301,13.391,14.417,15.074,16.004
15.912,15.167,14.983,14.321,13.591,13.607,12.061,12.952,10.276,11.410,9.953,8.264,6.425,0.000,6.402,7.416,8.625,8.826,9.829,11.046,10.989,12.777,14.041,15.088,16.032,16.748
16.070,15.275,15.000,14.467,13.465,14.011,12.662,13.807,11.641,12.938,11.536,10.105,7.658,6.402,0.000,6.306,7.826,8.022,9.084,11.417,11.886,13.226,14.241,15.446,16.205,16.846
15.981,15.335,14.880,14.782,13.660,14.601,13.531,14.823,12.986,14.827,13.611,12.068,9.657,7.416,6.306,0.000,6.173,7.780,8.419,10.775,11.853,13.646,14.254,14.681,15.850,16.641
15.440,14.727,14.299,14.370,13.167,14.230,13.146,14.632,13.061,14.660,13.726,12.729,9.768,8.625,7.826,6.173,0.000,6.122,7.301,9.509,10.410,12.953,14.051,14.144,14.788,16.113
15.044,14.298,13.999,13.993,12.779,13.789,13.044,14.420,12.812,14.164,13.106,12.332,9.744,8.826,8.022,7.780,6.122,0.000,5.959,8.424,9.448,11.112,13.433,13.909,14.003,15.048
15.229,14.718,14.210,14.782,13.638,14.876,13.986,15.407,13.281,14.603,13.395,12.467,10.427,9.829,9.084,8.419,7.301,5.959,0.000,6.035,7.549,8.817,10.625,12.633,13.755,14.461
15.162,14.999,14.519,15.279,13.930,15.258,14.201,15.371,13.158,14.016,12.935,12.145,10.570,11.046,11.417,10.775,9.509,8.424,6.035,0.000,5.884,7.444,8.522,10.354,12.286,13.802
15.034,14.615,13.745,14.402,13.033,14.263,13.215,14.371,12.535,13.394,12.488,11.927,10.798,10.989,11.886,11.853,10.410,9.448,7.549,5.884,0.000,5.885,7.527,8.084,9.656,12.011
15.128,14.880,14.352,15.110,14.141,15.366,14.301,15.113,13.426,13.708,13.152,12.735,12.301,12.777,13.226,13.646,12.953,11.112,8.817,7.444,5.885,0.000,5.787,7.702,8.697,10.410
15.427,15.359,14.963,15.835,14.896,15.870,14.867,15.299,13.976,13.818,13.714,13.535,13.391,14.041,14.241,14.254,14.051,13.433,10.625,8.522,7.527,5.787,0.000,5.807,7.605,8.794
15.500,15.506,14.991,15.847,14.855,15.679,14.892,15.272,14.377,13.980,14.005,14.265,14.417,15.088,15.446,14.681,14.144,13.909,12.633,10.354,8.084,7.702,5.807,0.000,5.960,8.081
15.025,14.794,14.469,15.114,14.342,15.056,14.476,14.971,14.525,14.292,14.472,14.680,15.074,16.032,16.205,15.850,14.788,14.003,13.755,12.286,9.656,8.697,7.605,5.960,0.000,6.413
15.316,15.209,15.113,15.652,15.167,15.732,15.255,15.657,15.440,15.220,15.408,15.625,16.004,16.748,16.846,16.641,16.113,15.048,14.461,13.802,12.011,10.410,8.794,8.081,6.413,0.000