c1,c2,c3,c4,c5,c6,c7,c8,c9,c10,c11,c12,c13,c14,c15,c16,c17,c18,c19,c20,c21,c22,c23,c24,c25,c26
0.000,6.006,6.996,6.819,7.951,9.856,10.759,11.203,12.794,14.432,15.295,16.275,17.747,18.154,17.957,17.652,17.697,17.651,17.572,17.273,17.098,16.963,16.796,16.379,16.173,16.036
6.006,0.000,5.522,7.262,6.383,7.177,9.983,11.006,10.907,12.730,14.920,15.456,16.249,18.382,18.179,17.809,17.773,17.794,17.564,17.250,16.893,16.880,16.460,15.878,15.724,15.699
6.996,5.522,0.000,5.428,7.285,6.215,7.032,9.972,10.956,10.857,12.809,14.987,15.616,16.581,18.248,17.516,17.785,17.905,17.852,17.338,17.166,16.969,16.805,16.327,16.086,15.923
6.819,7.262,5.428,0.000,5.396,7.356,6.268,6.979,9.974,11.037,10.959,12.736,15.037,15.960,16.679,17.885,17.609,17.807,17.584,17.466,16.939,16.985,16.783,16.150,15.912,15.852
7.951,6.383,7.285,5.396,0.000,5.393,7.363,6.160,6.748,9.943,11.063,10.846,12.661,15.180,15.949,16.406,17.625,17.662,17.610,17.248,16.826,16.684,16.381,15.259,15.384,15.508
9.856,7.177,6.215,7.356,5.393,0.000,5.378,7.368,6.138,6.776,10.018,10.964,10.896,12.930,15.115,15.710,16.266,17.758,17.309,16.582,16.683,16.308,16.056,15.457,15.625,15.737
10.759,9.983,7.032,6.268,7.363,5.378,0.000,5.368,7.378,6.160,6.947,9.943,11.087,11.538,13.175,14.781,15.787,16.759,17.642,16.640,17.093,16.155,16.258,16.192,16.119,15.835
11.203,11.006,9.972,6.979,6.160,7.368,5.368,0.000,5.396,7.382,6.350,6.811,9.959,11.427,11.852,13.111,14.927,16.244,17.073,16.809,16.846,16.090,16.081,15.541,15.834,15.825
12.794,10.907,10.956,9.974,6.748,6.138,7.378,5.396,0.000,5.428,7.399,6.063,6.843,10.066,11.510,11.776,13.320,15.409,16.427,15.756,16.664,15.087,15.286,14.675,15.223,15.277
14.432,12.730,10.857,11.037,9.943,6.776,6.160,7.382,5.428,0.000,5.446,7.441,6.325,7.483,10.290,11.379,12.324,14.233,15.639,15.110,16.086,14.225,14.893,15.285,15.612,15.441
15.295,14.920,12.809,10.959,11.063,10.018,6.947,6.350,7.399,5.446,0.000,5.513,7.536,6.972,8.091,10.207,11.913,13.507,14.888,14.722,16.314,14.324,15.112,15.792,16.109,15.812
16.275,15.456,14.987,12.736,10.846,10.964,9.943,6.811,6.063,7.441,5.513,0.000,5.585,7.708,7.604,8.653,10.817,13.114,14.363,13.710,15.633,13.763,14.196,14.463,15.255,15.179
17.747,16.249,15.616,15.037,12.661,10.896,11.087,9.959,6.843,6.325,7.536,5.585,0.000,5.657,7.674,7.823,9.093,11.517,13.114,12.221,14.363,12.581,13.349,13.820,15.077,14.831
18.154,18.382,16.581,15.960,15.180,12.930,11.538,11.427,10.066,7.483,6.972,7.708,5.657,0.000,5.731,7.713,8.762,10.561,12.378,12.190,14.431,12.849,13.517,14.402,15.154,14.895
17.957,18.179,18.248,16.679,15.949,15.115,13.175,11.852,11.510,10.290,8.091,7.604,7.674,5.731,0.000,5.859,7.995,9.559,11.365,11.452,14.490,12.966,13.333,14.392,15.694,15.289
17.652,17.809,17.516,17.885,16.406,15.710,14.781,13.111,11.776,11.379,10.207,8.653,7.823,7.713,5.859,0.000,5.966,8.289,10.124,9.094,12.962,11.859,12.295,13.617,14.921,14.682
17.697,17.773,17.785,17.609,17.625,16.266,15.787,14.927,13.320,12.324,11.913,10.817,9.093,8.762,7.995,5.966,0.000,6.191,7.046,6.381,10.360,10.077,10.772,13.043,14.094,14.026
17.651,17.794,17.905,17.807,17.662,17.758,16.759,16.244,15.409,14.233,13.507,13.114,11.517,10.561,9.559,8.289,6.191,0.000,5.768,7.573,10.535,10.841,11.583,13.327,14.493,14.169
17.572,17.564,17.852,17.584,17.610,17.309,17.642,17.073,16.427,15.639,14.888,14.363,13.114,12.378,11.365,10.124,7.046,5.768,0.000,5.730,8.755,10.329,11.085,13.170,14.954,14.790
17.273,17.250,17.338,17.466,17.248,16.582,16.640,16.809,15.756,15.110,14.722,13.710,12.221,12.190,11.452,9.094,6.381,7.573,5.730,0.000,5.952,7.055,7.705,10.843,12.377,13.253
17.098,16.893,17.166,16.939,16.826,16.683,17.093,16.846,16.664,16.086,16.314,15.633,14.363,14.431,14.490,12.962,10.360,10.535,8.755,5.952,0.000,5.706,7.211,8.582,10.583,12.232
16.963,16.880,16.969,16.985,16.684,16.308,16.155,16.090,15.087,14.225,14.324,13.763,12.581,12.849,12.966,11.859,10.077,10.841,10.329,7.055,5.706,0.000,5.663,7.628,8.921,10.610
16.796,16.460,16.805,16.783,16.381,16.056,16.258,16.081,15.286,14.893,15.112,14.196,13.349,13.517,13.333,12.295,10.772,11.583,11.085,7.705,7.211,5.663,0.000,5.643,7.233,8.877
16.379,15.878,16.327,16.150,15.259,15.457,16.192,15.541,14.675,15.285,15.792,14.463,13.820,14.402,14.392,13.617,13.043,13.327,13.170,10.843,8.582,7.628,5.643,0.000,5.678,7.705
16.173,15.724,16.086,15.912,15.384,15.625,16.119,15.834,15.223,15.612,16.109,15.255,15.077,15.154,15.694,14.921,14.094,14.493,14.954,12.377,10.583,8.921,7.233,5.678,0.000,5.974
16.036,15.699,15.923,15.852,15.508,15.737,15.835,15.825,15.277,15.441,15.812,15.179,14.831,14.895,15.289,14.682,14.026,14.169,14.790,13.253,12.232,10.610,8.877,7.705,5.974,0.000