c1,c2,c3,c4,c5,c6,c7,c8,c9,c10,c11,c12,c13,c14,c15,c16,c17,c18,c19,c20,c21,c22,c23,c24,c25,c26
0.000,6.274,7.756,9.740,10.649,12.849,13.298,13.631,14.866,15.558,15.559,16.102,15.846,15.634,15.052,15.400,14.821,13.989,13.817,12.774,11.614,12.791,12.924,14.002,14.429,14.721
6.274,0.000,5.961,7.327,7.575,9.934,11.027,12.081,13.527,14.531,14.446,15.215,14.729,14.342,13.665,14.303,13.844,12.714,12.450,11.259,9.448,10.911,10.969,12.529,13.352,13.864
7.756,5.961,0.000,5.689,7.551,9.736,11.465,13.051,14.868,16.035,15.357,16.106,15.298,14.728,13.907,14.558,14.163,13.115,13.193,12.438,10.676,12.106,12.051,13.519,14.228,14.411
9.740,7.327,5.689,0.000,5.947,8.067,10.462,12.225,14.469,15.940,15.029,15.838,14.867,14.042,13.235,14.215,14.060,13.247,13.533,12.925,11.085,12.695,12.618,13.973,14.692,14.787
10.649,7.575,7.551,5.947,0.000,6.074,7.517,9.552,12.101,13.718,12.632,13.960,12.667,12.048,11.181,12.589,12.716,12.160,12.765,12.423,10.395,12.286,12.046,13.558,14.387,14.537
12.849,9.934,9.736,8.067,6.074,0.000,6.005,8.353,10.568,12.468,12.017,13.834,12.730,11.466,10.927,12.404,12.922,12.781,13.268,13.196,11.501,13.359,13.330,14.442,15.108,15.266
13.298,11.027,11.465,10.462,7.517,6.005,0.000,6.253,8.301,9.808,9.021,11.021,10.009,9.459,9.817,12.302,13.003,13.448,13.768,13.856,12.156,13.898,13.526,14.465,15.038,15.239
13.631,12.081,13.051,12.225,9.552,8.353,6.253,0.000,6.583,6.404,5.941,9.727,9.414,9.436,10.193,12.399,13.395,13.558,13.649,13.510,12.168,13.479,13.364,13.814,14.711,15.072
14.866,13.527,14.868,14.469,12.101,10.568,8.301,6.583,0.000,5.791,7.904,10.286,11.324,11.844,12.729,14.846,15.356,15.510,15.566,15.240,13.935,15.031,14.786,14.891,15.525,15.858
15.558,14.531,16.035,15.940,13.718,12.468,9.808,6.404,5.791,0.000,5.801,8.780,10.154,10.898,12.469,14.545,15.250,15.228,15.529,15.077,14.356,15.037,14.921,15.050,15.633,16.014
15.559,14.446,15.357,15.029,12.632,12.017,9.021,5.941,7.904,5.801,0.000,6.550,6.490,7.904,10.203,12.748,14.649,15.331,15.107,15.023,14.749,15.589,15.595,15.684,16.326,16.583
16.102,15.215,16.106,15.838,13.960,13.834,11.021,9.727,10.286,8.780,6.550,0.000,6.244,8.224,10.525,12.976,15.126,15.979,15.315,14.952,15.402,16.147,16.062,16.167,16.481,16.637
15.846,14.729,15.298,14.867,12.667,12.730,10.009,9.414,11.324,10.154,6.490,6.244,0.000,6.418,7.918,10.477,12.560,14.085,13.908,13.725,14.269,15.300,15.529,15.611,16.154,16.273
15.634,14.342,14.728,14.042,12.048,11.466,9.459,9.436,11.844,10.898,7.904,8.224,6.418,0.000,6.684,8.290,10.772,12.146,12.778,13.428,13.800,14.877,15.254,15.196,15.922,16.141
15.052,13.665,13.907,13.235,11.181,10.927,9.817,10.193,12.729,12.469,10.203,10.525,7.918,6.684,0.000,6.650,8.094,9.584,9.726,11.000,11.722,13.184,13.655,14.082,14.982,15.528
15.400,14.303,14.558,14.215,12.589,12.404,12.302,12.399,14.846,14.545,12.748,12.976,10.477,8.290,6.650,0.000,6.467,7.252,8.115,9.359,10.809,13.133,13.801,13.804,14.710,15.457
14.821,13.844,14.163,14.060,12.716,12.922,13.003,13.395,15.356,15.250,14.649,15.126,12.560,10.772,8.094,6.467,0.000,6.248,7.604,8.700,9.601,12.438,13.335,13.444,14.102,15.030
13.989,12.714,13.115,13.247,12.160,12.781,13.448,13.558,15.510,15.228,15.331,15.979,14.085,12.146,9.584,7.252,6.248,0.000,6.253,7.594,7.526,10.336,11.512,12.651,13.182,14.040
13.817,12.450,13.193,13.533,12.765,13.268,13.768,13.649,15.566,15.529,15.107,15.315,13.908,12.778,9.726,8.115,7.604,6.253,0.000,5.952,7.957,10.242,11.644,13.006,14.019,14.606
12.774,11.259,12.438,12.925,12.423,13.196,13.856,13.510,15.240,15.077,15.023,14.952,13.725,13.428,11.000,9.359,8.700,7.594,5.952,0.000,6.590,8.017,9.539,10.973,12.690,13.863
11.614,9.448,10.676,11.085,10.395,11.501,12.156,12.168,13.935,14.356,14.749,15.402,14.269,13.800,11.722,10.809,9.601,7.526,7.957,6.590,0.000,6.171,7.110,8.424,10.074,12.266
12.791,10.911,12.106,12.695,12.286,13.359,13.898,13.479,15.031,15.037,15.589,16.147,15.300,14.877,13.184,13.133,12.438,10.336,10.242,8.017,6.171,0.000,6.035,7.767,9.307,11.198
12.924,10.969,12.051,12.618,12.046,13.330,13.526,13.364,14.786,14.921,15.595,16.062,15.529,15.254,13.655,13.801,13.335,11.512,11.644,9.539,7.110,6.035,0.000,5.994,7.393,9.080
14.002,12.529,13.519,13.973,13.558,14.442,14.465,13.814,14.891,15.050,15.684,16.167,15.611,15.196,14.082,13.804,13.444,12.651,13.006,10.973,8.424,7.767,5.994,0.000,6.037,7.692
14.429,13.352,14.228,14.692,14.387,15.108,15.038,14.711,15.525,15.633,16.326,16.481,16.154,15.922,14.982,14.710,14.102,13.182,14.019,12.690,10.074,9.307,7.393,6.037,0.000,6.279
14.721,13.864,14.411,14.787,14.537,15.266,15.239,15.072,15.858,16.014,16.583,16.637,16.273,16.141,15.528,15.457,15.030,14.040,14.606,13.863,12.266,11.198,9.080,7.692,6.279,0.000