c1,c2,c3,c4,c5,c6,c7,c8,c9,c10,c11,c12,c13,c14,c15,c16,c17,c18,c19,c20,c21,c22,c23,c24,c25,c26
0.000,5.928,7.658,8.205,7.490,9.062,10.858,11.151,11.971,13.924,15.201,15.880,17.075,17.709,18.159,18.296,18.164,17.701,18.268,18.224,17.194,17.221,18.146,17.609,16.599,17.246
5.928,0.000,5.565,6.474,5.347,7.059,9.529,10.136,10.574,12.601,14.508,15.121,16.280,18.367,18.906,18.839,18.408,18.112,18.667,18.330,17.424,17.521,20.000,17.649,16.336,17.063
7.658,5.565,0.000,5.386,7.360,5.916,6.612,9.755,10.799,10.619,12.336,14.902,15.587,16.232,18.518,19.096,18.697,18.019,18.878,18.675,17.833,17.639,20.000,18.124,17.153,17.587
8.205,6.474,5.386,0.000,5.365,7.284,5.794,6.645,9.783,10.792,10.705,12.703,15.011,15.681,16.691,18.771,18.489,18.308,18.800,18.607,17.336,18.028,20.000,17.890,17.367,17.913
7.490,5.347,7.360,5.365,0.000,5.337,7.333,5.755,6.430,9.768,10.839,10.629,12.578,15.072,15.847,16.627,18.052,17.800,18.819,18.110,16.039,17.058,17.705,16.790,15.370,17.055
9.062,7.059,5.916,7.284,5.337,0.000,5.322,7.336,5.799,6.463,9.819,10.858,10.646,12.653,15.199,15.978,16.147,18.031,18.817,18.295,15.621,17.095,17.553,16.687,15.351,17.002
10.858,9.529,6.612,5.794,7.333,5.322,0.000,5.330,7.387,5.831,6.571,9.858,10.901,10.806,12.891,15.339,15.616,16.206,18.645,18.651,17.224,17.485,18.554,17.924,17.122,17.853
11.151,10.136,9.755,6.645,5.755,7.336,5.330,0.000,5.352,7.417,5.885,6.539,9.836,10.969,11.154,13.089,14.770,15.426,16.549,18.248,15.975,17.585,18.091,17.038,16.759,17.741
11.971,10.574,10.799,9.783,6.430,5.799,7.387,5.352,0.000,5.394,7.423,5.866,6.491,9.845,11.115,11.201,12.171,14.573,15.696,16.132,17.142,17.303,17.861,16.329,16.309,17.228
13.924,12.601,10.619,10.792,9.768,6.463,5.831,7.417,5.394,0.000,5.432,7.465,5.936,6.635,9.968,11.249,10.666,12.185,15.063,15.564,15.814,17.908,18.557,17.985,17.648,18.287
15.201,14.508,12.336,10.705,10.839,9.819,6.571,5.885,7.423,5.432,0.000,5.506,7.568,6.072,7.031,10.285,10.886,10.704,12.922,15.110,15.395,16.347,18.680,18.337,18.374,18.455
15.880,15.121,14.902,12.703,10.629,10.858,9.858,6.539,5.866,7.465,5.506,0.000,5.568,7.586,6.476,7.263,9.644,10.612,11.151,12.658,14.503,15.648,16.582,17.746,17.678,18.272
17.075,16.280,15.587,15.011,12.578,10.646,10.901,9.836,6.491,5.936,7.568,5.568,0.000,5.591,7.673,6.656,6.496,9.459,10.889,10.743,12.122,14.831,15.667,15.987,17.829,18.205
17.709,18.367,16.232,15.681,15.072,12.653,10.806,10.969,9.845,6.635,6.072,7.586,5.591,0.000,5.699,7.850,6.215,6.600,9.851,10.831,10.640,12.663,15.071,15.725,16.821,18.533
18.159,18.906,18.518,16.691,15.847,15.199,12.891,11.154,11.115,9.968,7.031,6.476,7.673,5.699,0.000,5.765,7.728,5.955,6.741,9.957,10.870,10.761,12.869,15.227,16.342,17.961
18.296,18.839,19.096,18.771,16.627,15.978,15.339,13.089,11.201,11.249,10.285,7.263,6.656,7.850,5.765,0.000,5.770,7.622,6.051,6.720,9.862,10.908,10.961,12.920,15.513,17.576
18.164,18.408,18.697,18.489,18.052,16.147,15.616,14.770,12.171,10.666,10.886,9.644,6.496,6.215,7.728,5.770,0.000,5.577,7.521,5.780,6.469,9.800,10.962,10.883,13.047,16.112
17.701,18.112,18.019,18.308,17.800,18.031,16.206,15.426,14.573,12.185,10.704,10.612,9.459,6.600,5.955,7.622,5.577,0.000,5.444,7.383,5.794,6.494,9.895,11.021,11.528,14.790
18.268,18.667,18.878,18.800,18.819,18.817,18.645,16.549,15.696,15.063,12.922,11.151,10.889,9.851,6.741,6.051,7.521,5.444,0.000,5.420,7.384,5.829,6.734,10.020,11.543,14.334
18.224,18.330,18.675,18.607,18.110,18.295,18.651,18.248,16.132,15.564,15.110,12.658,10.743,10.831,9.957,6.720,5.780,7.383,5.420,0.000,5.394,7.359,6.031,6.882,10.171,12.923
17.194,17.424,17.833,17.336,16.039,15.621,17.224,15.975,17.142,15.814,15.395,14.503,12.122,10.640,10.870,9.862,6.469,5.794,7.384,5.394,0.000,5.356,7.380,6.228,7.647,10.932
17.221,17.521,17.639,18.028,17.058,17.095,17.485,17.585,17.303,17.908,16.347,15.648,14.831,12.663,10.761,10.908,9.800,6.494,5.829,7.359,5.356,0.000,5.317,7.487,7.065,10.360
18.146,20.000,20.000,20.000,17.705,17.553,18.554,18.091,17.861,18.557,18.680,16.582,15.667,15.071,12.869,10.961,10.962,9.895,6.734,6.031,7.380,5.317,0.000,5.333,7.677,10.030
17.609,17.649,18.124,17.890,16.790,16.687,17.924,17.038,16.329,17.985,18.337,17.746,15.987,15.725,15.227,12.920,10.883,11.021,10.020,6.882,6.228,7.487,5.333,0.000,5.570,8.389
16.599,16.336,17.153,17.367,15.370,15.351,17.122,16.759,16.309,17.648,18.374,17.678,17.829,16.821,16.342,15.513,13.047,11.528,11.543,10.171,7.647,7.065,7.677,5.570,0.000,5.991
17.246,17.063,17.587,17.913,17.055,17.002,17.853,17.741,17.228,18.287,18.455,18.272,18.205,18.533,17.961,17.576,16.112,14.790,14.334,12.923,10.932,10.360,10.030,8.389,5.991,0.000