c1,c2,c3,c4,c5,c6,c7,c8,c9,c10,c11,c12,c13,c14,c15,c16,c17,c18,c19,c20,c21,c22,c23,c24,c25,c26
0.000,6.134,7.660,9.018,10.746,13.011,14.284,14.235,14.622,15.425,15.564,15.835,16.616,16.560,16.363,16.291,15.988,15.729,15.777,15.379,15.073,15.000,15.139,15.395,15.103,15.558
6.134,0.000,5.723,7.191,8.146,10.487,12.944,14.101,13.787,14.567,15.024,14.987,15.808,16.719,16.022,16.080,15.637,15.141,15.435,14.947,14.183,14.273,14.368,14.913,14.559,15.105
7.660,5.723,0.000,5.629,7.543,9.061,11.316,13.374,14.025,14.039,14.443,14.908,15.643,16.256,16.761,16.277,15.950,15.383,15.738,15.248,14.479,14.508,14.356,14.785,14.411,15.156
9.018,7.191,5.629,0.000,5.718,7.520,9.558,11.307,12.870,14.168,13.628,13.907,15.183,15.751,15.914,16.612,15.485,14.811,15.183,14.858,14.012,14.084,14.097,14.518,14.199,15.060
10.746,8.146,7.543,5.718,0.000,5.766,7.556,9.079,10.260,12.489,12.951,12.749,13.793,14.957,15.250,15.816,15.799,14.522,14.984,14.462,13.273,13.554,13.235,14.073,14.037,14.902
13.011,10.487,9.061,7.520,5.766,0.000,5.769,7.448,8.678,10.313,11.669,12.310,13.102,14.176,14.865,15.439,15.319,15.075,14.948,14.655,13.629,14.257,14.303,14.746,14.657,15.406
14.284,12.944,11.316,9.558,7.556,5.769,0.000,5.759,7.833,9.062,9.790,10.991,12.523,13.223,13.920,14.831,14.654,14.239,15.156,14.117,12.798,13.857,13.928,14.599,14.657,15.304
14.235,14.101,13.374,11.307,9.079,7.448,5.759,0.000,5.849,7.563,8.512,9.536,11.820,13.231,13.588,14.510,14.775,14.485,15.391,15.901,14.256,14.808,14.653,15.021,15.094,15.529
14.622,13.787,14.025,12.870,10.260,8.678,7.833,5.849,0.000,5.878,7.560,7.956,9.465,11.934,13.109,13.739,13.993,13.985,14.918,15.195,15.088,14.760,14.764,15.197,15.192,15.673
15.425,14.567,14.039,14.168,12.489,10.313,9.062,7.563,5.878,0.000,6.004,7.629,8.703,10.335,12.575,13.766,13.641,13.290,14.740,15.045,14.726,15.607,14.920,15.122,15.247,15.879
15.564,15.024,14.443,13.628,12.951,11.669,9.790,8.512,7.560,6.004,0.000,6.114,7.761,8.816,10.288,12.448,12.942,12.241,13.448,14.255,13.961,14.678,15.411,14.852,15.177,15.880
15.835,14.987,14.908,13.907,12.749,12.310,10.991,9.536,7.956,7.629,6.114,0.000,6.040,7.994,9.117,10.351,11.595,11.289,12.170,12.719,13.090,13.709,14.415,15.338,14.930,15.694
16.616,15.808,15.643,15.183,13.793,13.102,12.523,11.820,9.465,8.703,7.761,6.040,0.000,6.139,7.951,9.458,9.706,10.352,11.840,12.224,12.597,13.923,14.572,15.376,16.309,16.131
16.560,16.719,16.256,15.751,14.957,14.176,13.223,13.231,11.934,10.335,8.816,7.994,6.139,0.000,6.409,8.255,9.140,8.808,11.064,12.033,12.411,13.470,14.637,15.393,16.305,17.179
16.363,16.022,16.761,15.914,15.250,14.865,13.920,13.588,13.109,12.575,10.288,9.117,7.951,6.409,0.000,6.377,7.340,7.486,8.767,10.796,12.059,12.777,13.864,15.016,16.045,16.884
16.291,16.080,16.277,16.612,15.816,15.439,14.831,14.510,13.739,13.766,12.448,10.351,9.458,8.255,6.377,0.000,6.121,7.744,8.151,8.657,11.495,12.764,13.158,13.939,15.641,16.538
15.988,15.637,15.950,15.485,15.799,15.319,14.654,14.775,13.993,13.641,12.942,11.595,9.706,9.140,7.340,6.121,0.000,6.102,7.734,7.588,9.185,11.711,13.230,13.170,14.244,15.968
15.729,15.141,15.383,14.811,14.522,15.075,14.239,14.485,13.985,13.290,12.241,11.289,10.352,8.808,7.486,7.744,6.102,0.000,5.976,7.568,8.059,9.633,12.315,13.462,13.457,14.809
15.777,15.435,15.738,15.183,14.984,14.948,15.156,15.391,14.918,14.740,13.448,12.170,11.840,11.064,8.767,8.151,7.734,5.976,0.000,5.870,7.831,8.503,10.393,12.748,13.738,14.191
15.379,14.947,15.248,14.858,14.462,14.655,14.117,15.901,15.195,15.045,14.255,12.719,12.224,12.033,10.796,8.657,7.588,7.568,5.870,0.000,5.834,7.691,8.817,10.404,13.194,14.449
15.073,14.183,14.479,14.012,13.273,13.629,12.798,14.256,15.088,14.726,13.961,13.090,12.597,12.411,12.059,11.495,9.185,8.059,7.831,5.834,0.000,5.856,7.702,8.679,10.840,13.445
15.000,14.273,14.508,14.084,13.554,14.257,13.857,14.808,14.760,15.607,14.678,13.709,13.923,13.470,12.777,12.764,11.711,9.633,8.503,7.691,5.856,0.000,5.901,7.481,9.108,11.379
15.139,14.368,14.356,14.097,13.235,14.303,13.928,14.653,14.764,14.920,15.411,14.415,14.572,14.637,13.864,13.158,13.230,12.315,10.393,8.817,7.702,5.901,0.000,5.879,7.424,9.409
15.395,14.913,14.785,14.518,14.073,14.746,14.599,15.021,15.197,15.122,14.852,15.338,15.376,15.393,15.016,13.939,13.170,13.462,12.748,10.404,8.679,7.481,5.879,0.000,5.949,7.933
15.103,14.559,14.411,14.199,14.037,14.657,14.657,15.094,15.192,15.247,15.177,14.930,16.309,16.305,16.045,15.641,14.244,13.457,13.738,13.194,10.840,9.108,7.424,5.949,0.000,6.222
15.558,15.105,15.156,15.060,14.902,15.406,15.304,15.529,15.673,15.879,15.880,15.694,16.131,17.179,16.884,16.538,15.968,14.809,14.191,14.449,13.445,11.379,9.409,7.933,6.222,0.000