c1,c2,c3,c4,c5,c6,c7,c8,c9,c10,c11,c12,c13,c14,c15,c16,c17,c18,c19,c20,c21,c22,c23,c24,c25,c26
0.000,6.167,7.674,9.543,11.530,12.950,12.695,13.978,14.806,14.577,14.707,14.462,15.213,15.370,15.129,14.812,14.917,14.384,13.940,14.265,14.044,13.893,14.452,14.706,14.699,15.042
6.167,0.000,5.749,7.546,9.475,11.043,11.516,13.381,14.316,14.181,14.427,14.038,14.997,15.203,14.917,14.682,14.915,14.082,13.615,14.160,13.855,13.652,14.140,14.533,14.479,14.788
7.674,5.749,0.000,5.847,7.200,8.910,9.590,12.027,13.826,13.719,14.205,14.046,15.035,15.370,15.145,14.862,15.145,14.213,13.626,14.211,13.573,13.523,14.088,14.469,14.580,14.842
9.543,7.546,5.847,0.000,5.587,8.366,10.171,12.123,14.766,14.593,15.002,14.580,15.729,15.792,15.678,15.616,15.604,14.560,14.131,14.474,13.649,13.623,14.243,14.652,14.608,15.091
11.530,9.475,7.200,5.587,0.000,5.594,7.875,9.706,12.331,12.927,14.047,13.759,15.025,15.331,15.298,15.285,15.554,14.447,13.841,14.340,13.415,13.613,14.154,14.491,14.671,15.012
12.950,11.043,8.910,8.366,5.594,0.000,5.896,7.297,10.002,10.708,12.797,12.971,14.401,14.875,15.017,14.781,15.511,14.676,14.168,15.098,14.319,14.173,14.629,14.986,15.007,15.285
12.695,11.516,9.590,10.171,7.875,5.896,0.000,5.963,7.434,7.493,9.543,10.073,12.346,13.336,13.423,12.991,14.075,13.358,12.920,13.982,13.762,13.847,14.183,14.847,14.990,15.199
13.978,13.381,12.027,12.123,9.706,7.297,5.963,0.000,5.581,8.071,10.040,10.816,13.653,14.683,14.774,14.300,15.488,14.852,14.508,15.833,14.997,14.868,15.064,15.346,15.335,15.465
14.806,14.316,13.826,14.766,12.331,10.002,7.434,5.581,0.000,5.853,8.030,9.575,11.655,13.812,14.575,13.745,14.894,14.835,14.396,15.495,15.884,15.398,15.498,15.659,15.688,15.700
14.577,14.181,13.719,14.593,12.927,10.708,7.493,8.071,5.853,0.000,6.020,7.624,9.382,11.447,13.051,12.627,13.714,13.531,13.476,14.717,15.214,15.817,15.512,15.783,15.816,15.895
14.707,14.427,14.205,15.002,14.047,12.797,9.543,10.040,8.030,6.020,0.000,6.171,8.152,9.645,10.961,11.536,13.369,12.769,12.611,14.421,15.181,15.473,16.284,16.323,16.298,16.217
14.462,14.038,14.046,14.580,13.759,12.971,10.073,10.816,9.575,7.624,6.171,0.000,6.440,8.230,9.029,9.117,11.460,11.256,10.645,12.567,13.745,14.259,15.035,16.408,16.130,16.158
15.213,14.997,15.035,15.729,15.025,14.401,12.346,13.653,11.655,9.382,8.152,6.440,0.000,6.305,8.029,7.723,9.956,10.860,11.115,11.937,13.443,14.490,15.277,16.376,17.500,16.975
15.370,15.203,15.370,15.792,15.331,14.875,13.336,14.683,13.812,11.447,9.645,8.230,6.305,0.000,6.269,7.787,9.135,9.191,10.350,11.673,12.220,13.348,14.822,15.949,16.886,17.302
15.129,14.917,15.145,15.678,15.298,15.017,13.423,14.774,14.575,13.051,10.961,9.029,8.029,6.269,0.000,6.381,8.088,7.792,8.138,10.515,11.547,11.740,13.180,14.948,16.068,16.662
14.812,14.682,14.862,15.616,15.285,14.781,12.991,14.300,13.745,12.627,11.536,9.117,7.723,7.787,6.381,0.000,5.996,7.526,6.900,7.822,10.405,11.271,11.401,13.144,15.191,15.997
14.917,14.915,15.145,15.604,15.554,15.511,14.075,15.488,14.894,13.714,13.369,11.460,9.956,9.135,8.088,5.996,0.000,5.751,7.645,6.987,7.952,10.598,11.501,11.708,13.479,15.477
14.384,14.082,14.213,14.560,14.447,14.676,13.358,14.852,14.835,13.531,12.769,11.256,10.860,9.191,7.792,7.526,5.751,0.000,5.691,7.540,6.724,7.690,10.564,11.573,11.828,13.624
13.940,13.615,13.626,14.131,13.841,14.168,12.920,14.508,14.396,13.476,12.611,10.645,11.115,10.350,8.138,6.900,7.645,5.691,0.000,5.722,7.544,6.603,7.801,10.569,11.822,12.312
14.265,14.160,14.211,14.474,14.340,15.098,13.982,15.833,15.495,14.717,14.421,12.567,11.937,11.673,10.515,7.822,6.987,7.540,5.722,0.000,5.665,7.569,6.741,7.861,10.870,12.176
14.044,13.855,13.573,13.649,13.415,14.319,13.762,14.997,15.884,15.214,15.181,13.745,13.443,12.220,11.547,10.405,7.952,6.724,7.544,5.665,0.000,5.704,7.581,6.698,8.400,10.796
13.893,13.652,13.523,13.623,13.613,14.173,13.847,14.868,15.398,15.817,15.473,14.259,14.490,13.348,11.740,11.271,10.598,7.690,6.603,7.569,5.704,0.000,5.695,7.543,7.229,8.892
14.452,14.140,14.088,14.243,14.154,14.629,14.183,15.064,15.498,15.512,16.284,15.035,15.277,14.822,13.180,11.401,11.501,10.564,7.801,6.741,7.581,5.695,0.000,5.703,7.607,8.021
14.706,14.533,14.469,14.652,14.491,14.986,14.847,15.346,15.659,15.783,16.323,16.408,16.376,15.949,14.948,13.144,11.708,11.573,10.569,7.861,6.698,7.543,5.703,0.000,5.841,7.842
14.699,14.479,14.580,14.608,14.671,15.007,14.990,15.335,15.688,15.816,16.298,16.130,17.500,16.886,16.068,15.191,13.479,11.828,11.822,10.870,8.400,7.229,7.607,5.841,0.000,6.087
15.042,14.788,14.842,15.091,15.012,15.285,15.199,15.465,15.700,15.895,16.217,16.158,16.975,17.302,16.662,15.997,15.477,13.624,12.312,12.176,10.796,8.892,8.021,7.842,6.087,0.000