c1,c2,c3,c4,c5,c6,c7,c8,c9,c10,c11,c12,c13,c14,c15,c16,c17,c18,c19,c20,c21,c22,c23,c24,c25,c26
0.000,6.209,7.717,9.764,11.720,13.404,12.768,14.824,15.360,14.314,14.815,14.914,15.508,16.035,15.991,14.865,14.864,13.865,12.581,12.897,12.551,12.258,12.408,13.801,14.156,14.590
6.209,0.000,5.743,7.520,9.651,11.419,11.529,13.931,14.967,14.099,15.063,14.687,15.958,16.255,15.934,14.964,15.267,13.895,12.367,13.110,12.331,11.843,11.553,13.378,13.417,13.949
7.717,5.743,0.000,5.816,6.974,9.001,9.283,12.144,14.050,13.641,15.076,15.140,16.412,16.774,16.927,15.833,16.109,14.382,13.093,13.418,12.014,11.742,11.148,12.702,12.748,13.154
9.764,7.520,5.816,0.000,5.425,8.648,10.577,12.882,15.656,15.457,16.774,16.146,16.983,16.856,17.069,16.553,16.591,15.287,14.282,14.779,13.116,12.888,11.884,12.903,12.750,13.038
11.720,9.651,6.974,5.425,0.000,5.528,7.917,9.601,12.705,13.190,15.315,15.760,16.776,16.760,16.924,15.896,16.365,14.968,13.584,14.212,12.293,11.936,11.093,11.895,12.046,12.299
13.404,11.419,9.001,8.648,5.528,0.000,5.970,7.159,10.295,11.212,14.119,14.920,16.397,16.459,16.484,15.245,15.985,14.593,13.381,14.166,12.517,12.231,12.039,12.155,13.078,13.039
12.768,11.529,9.283,10.577,7.917,5.970,0.000,5.911,7.336,6.861,10.018,11.488,13.934,15.268,15.422,13.307,14.168,12.280,10.389,12.069,10.514,10.847,11.501,13.154,13.840,13.729
14.824,13.931,12.144,12.882,9.601,7.159,5.911,0.000,5.264,8.452,10.781,12.530,15.528,16.639,16.693,14.752,16.271,14.381,12.427,13.720,12.216,11.521,12.332,12.400,13.496,13.499
15.360,14.967,14.050,15.656,12.705,10.295,7.336,5.264,0.000,5.894,7.909,10.225,12.973,15.176,16.039,13.522,15.328,13.441,11.892,13.344,12.760,12.696,13.318,14.211,15.383,15.453
14.314,14.099,13.641,15.457,13.190,11.212,6.861,8.452,5.894,0.000,6.215,7.528,10.485,12.746,14.128,11.570,13.478,12.004,10.132,12.455,12.469,12.530,13.366,14.831,15.926,15.966
14.815,15.063,15.076,16.774,15.315,14.119,10.018,10.781,7.909,6.215,0.000,6.234,8.076,10.434,11.567,9.648,12.739,11.574,10.136,12.217,13.381,13.031,13.937,15.359,16.419,16.302
14.914,14.687,15.140,16.146,15.760,14.920,11.488,12.530,10.225,7.528,6.234,0.000,6.252,8.472,9.804,7.768,10.637,9.742,7.719,10.640,11.870,12.197,13.193,15.152,15.854,15.854
15.508,15.958,16.412,16.983,16.776,16.397,13.934,15.528,12.973,10.485,8.076,6.252,0.000,6.189,6.563,6.270,9.880,10.451,9.665,11.569,13.660,13.870,14.311,16.209,17.524,17.122
16.035,16.255,16.774,16.856,16.760,16.459,15.268,16.639,15.176,12.746,10.434,8.472,6.189,0.000,5.807,7.553,10.064,10.914,10.388,11.832,13.388,14.004,14.246,15.797,17.118,17.040
15.991,15.934,16.927,17.069,16.924,16.484,15.422,16.693,16.039,14.128,11.567,9.804,6.563,5.807,0.000,6.080,8.453,10.007,9.924,11.095,13.414,13.751,13.903,15.271,16.842,17.145
14.865,14.964,15.833,16.553,15.896,15.245,13.307,14.752,13.522,11.570,9.648,7.768,6.270,7.553,6.080,0.000,6.055,6.729,6.817,8.376,11.067,11.859,12.120,13.685,15.193,15.848
14.864,15.267,16.109,16.591,16.365,15.985,14.168,16.271,15.328,13.478,12.739,10.637,9.880,10.064,8.453,6.055,0.000,5.634,7.690,7.738,9.086,11.901,12.964,12.799,13.992,15.791
13.865,13.895,14.382,15.287,14.968,14.593,12.280,14.381,13.441,12.004,11.574,9.742,10.451,10.914,10.007,6.729,5.634,0.000,5.633,7.474,7.462,8.923,11.945,12.945,12.714,14.184
12.581,12.367,13.093,14.282,13.584,13.381,10.389,12.427,11.892,10.132,10.136,7.719,9.665,10.388,9.924,6.817,7.690,5.633,0.000,5.713,7.421,7.646,9.332,12.100,13.107,13.165
12.897,13.110,13.418,14.779,14.212,14.166,12.069,13.720,13.344,12.455,12.217,10.640,11.569,11.832,11.095,8.376,7.738,7.474,5.713,0.000,5.650,7.495,8.210,9.448,12.786,13.400
12.551,12.331,12.014,13.116,12.293,12.517,10.514,12.216,12.760,12.469,13.381,11.870,13.660,13.388,13.414,11.067,9.086,7.462,7.421,5.650,0.000,5.665,7.540,7.934,10.077,12.118
12.258,11.843,11.742,12.888,11.936,12.231,10.847,11.521,12.696,12.530,13.031,12.197,13.870,14.004,13.751,11.859,11.901,8.923,7.646,7.495,5.665,0.000,5.708,7.368,8.543,10.006
12.408,11.553,11.148,11.884,11.093,12.039,11.501,12.332,13.318,13.366,13.937,13.193,14.311,14.246,13.903,12.120,12.964,11.945,9.332,8.210,7.540,5.708,0.000,5.806,7.777,8.336
13.801,13.378,12.702,12.903,11.895,12.155,13.154,12.400,14.211,14.831,15.359,15.152,16.209,15.797,15.271,13.685,12.799,12.945,12.100,9.448,7.934,7.368,5.806,0.000,5.959,7.841
14.156,13.417,12.748,12.750,12.046,13.078,13.840,13.496,15.383,15.926,16.419,15.854,17.524,17.118,16.842,15.193,13.992,12.714,13.107,12.786,10.077,8.543,7.777,5.959,0.000,6.257
14.590,13.949,13.154,13.038,12.299,13.039,13.729,13.499,15.453,15.966,16.302,15.854,17.122,17.040,17.145,15.848,15.791,14.184,13.165,13.400,12.118,10.006,8.336,7.841,6.257,0.000