c1,c2,c3,c4,c5,c6,c7,c8,c9,c10,c11,c12,c13,c14,c15,c16,c17,c18,c19,c20,c21,c22,c23,c24,c25,c26
0.000,6.287,7.744,9.434,10.973,12.707,11.785,12.799,14.239,14.032,13.143,14.279,15.424,15.420,15.664,15.851,15.936,15.719,15.367,14.799,14.520,14.700,14.969,15.213,15.149,15.136
6.287,0.000,5.903,7.251,8.402,10.075,9.569,11.305,12.674,12.579,12.145,13.138,14.571,14.837,15.285,15.658,15.894,15.545,15.059,14.408,13.881,14.196,14.522,14.773,14.808,14.778
7.744,5.903,0.000,5.743,7.598,9.309,9.247,11.024,12.972,12.711,11.656,13.031,14.362,14.646,15.132,15.577,15.942,15.608,15.100,14.560,13.826,13.976,14.191,14.516,14.656,14.601
9.434,7.251,5.743,0.000,5.848,7.675,8.845,10.376,13.096,13.452,12.222,13.802,15.248,15.382,15.770,15.979,16.144,15.858,15.226,14.627,13.752,13.613,13.869,14.176,14.553,14.667
10.973,8.402,7.598,5.848,0.000,5.699,7.538,8.857,11.488,12.297,11.590,13.458,15.023,15.497,15.891,16.101,16.294,16.037,15.278,14.723,13.462,13.544,13.582,13.835,14.281,14.556
12.707,10.075,9.309,7.675,5.699,0.000,5.844,7.825,10.498,11.243,11.177,13.431,14.987,15.458,15.986,16.270,16.440,16.367,15.817,15.295,14.054,13.876,14.093,14.027,14.319,14.635
11.785,9.569,9.247,8.845,7.538,5.844,0.000,6.080,8.349,8.113,7.612,10.582,12.365,13.508,14.479,15.316,15.762,15.851,15.122,14.746,13.250,13.282,13.542,13.584,14.161,14.511
12.799,11.305,11.024,10.376,8.857,7.825,6.080,0.000,6.286,7.391,7.512,9.832,12.356,13.782,14.998,15.488,15.862,15.999,15.659,15.464,14.070,14.227,14.623,14.198,14.800,14.903
14.239,12.674,12.972,13.096,11.488,10.498,8.349,6.286,0.000,5.889,7.547,8.986,11.438,13.328,14.815,15.253,15.458,15.814,15.451,15.374,14.168,14.394,14.720,14.305,14.854,15.194
14.032,12.579,12.711,13.452,12.297,11.243,8.113,7.391,5.889,0.000,6.054,7.888,9.957,11.822,13.734,14.844,15.201,15.449,14.835,14.862,13.538,13.990,14.422,14.083,14.611,15.075
13.143,12.145,11.656,12.222,11.590,11.177,7.612,7.512,7.547,6.054,0.000,6.097,7.940,9.530,11.636,13.510,14.506,14.833,13.793,14.026,12.556,13.302,14.240,14.142,14.896,15.473
14.279,13.138,13.031,13.802,13.458,13.431,10.582,9.832,8.986,7.888,6.097,0.000,6.278,8.004,9.856,11.623,13.100,14.167,13.165,13.644,12.320,13.349,14.240,14.375,15.087,15.688
15.424,14.571,14.362,15.248,15.023,14.987,12.365,12.356,11.438,9.957,7.940,6.278,0.000,6.374,7.511,9.872,11.417,13.090,12.508,13.448,12.272,13.741,14.556,14.732,15.436,15.971
15.420,14.837,14.646,15.382,15.497,15.458,13.508,13.782,13.328,11.822,9.530,8.004,6.374,0.000,6.327,8.378,10.315,11.911,11.970,13.540,12.631,14.072,14.803,15.066,15.562,15.941
15.664,15.285,15.132,15.770,15.891,15.986,14.479,14.998,14.815,13.734,11.636,9.856,7.511,6.327,0.000,6.344,7.833,9.912,9.876,12.061,11.852,13.459,14.038,14.564,15.041,15.715
15.851,15.658,15.577,15.979,16.101,16.270,15.316,15.488,15.253,14.844,13.510,11.623,9.872,8.378,6.344,0.000,6.405,7.532,7.805,10.580,11.629,13.250,14.035,14.360,14.925,15.492
15.936,15.894,15.942,16.144,16.294,16.440,15.762,15.862,15.458,15.201,14.506,13.100,11.417,10.315,7.833,6.405,0.000,5.848,7.866,10.138,11.459,13.482,14.016,14.273,14.730,15.550
15.719,15.545,15.608,15.858,16.037,16.367,15.851,15.999,15.814,15.449,14.833,14.167,13.090,11.911,9.912,7.532,5.848,0.000,6.064,8.240,10.099,11.790,13.106,13.860,14.210,14.898
15.367,15.059,15.100,15.226,15.278,15.817,15.122,15.659,15.451,14.835,13.793,13.165,12.508,11.970,9.876,7.805,7.866,6.064,0.000,5.938,7.635,9.663,10.947,12.710,13.710,14.332
14.799,14.408,14.560,14.627,14.723,15.295,14.746,15.464,15.374,14.862,14.026,13.644,13.448,13.540,12.061,10.580,10.138,8.240,5.938,0.000,5.958,7.158,8.684,10.684,12.536,13.981
14.520,13.881,13.826,13.752,13.462,14.054,13.250,14.070,14.168,13.538,12.556,12.320,12.272,12.631,11.852,11.629,11.459,10.099,7.635,5.958,0.000,5.811,7.761,9.149,10.908,12.944
14.700,14.196,13.976,13.613,13.544,13.876,13.282,14.227,14.394,13.990,13.302,13.349,13.741,14.072,13.459,13.250,13.482,11.790,9.663,7.158,5.811,0.000,5.983,7.542,9.309,11.351
14.969,14.522,14.191,13.869,13.582,14.093,13.542,14.623,14.720,14.422,14.240,14.240,14.556,14.803,14.038,14.035,14.016,13.106,10.947,8.684,7.761,5.983,0.000,5.842,7.592,9.518
15.213,14.773,14.516,14.176,13.835,14.027,13.584,14.198,14.305,14.083,14.142,14.375,14.732,15.066,14.564,14.360,14.273,13.860,12.710,10.684,9.149,7.542,5.842,0.000,5.966,7.623
15.149,14.808,14.656,14.553,14.281,14.319,14.161,14.800,14.854,14.611,14.896,15.087,15.436,15.562,15.041,14.925,14.730,14.210,13.710,12.536,10.908,9.309,7.592,5.966,0.000,6.225
15.136,14.778,14.601,14.667,14.556,14.635,14.511,14.903,15.194,15.075,15.473,15.688,15.971,15.941,15.715,15.492,15.550,14.898,14.332,13.981,12.944,11.351,9.518,7.623,6.225,0.000