c1,c2,c3,c4,c5,c6,c7,c8,c9,c10,c11,c12,c13,c14,c15,c16,c17,c18,c19,c20,c21,c22,c23,c24,c25,c26
0.000,6.404,7.826,9.990,11.436,12.689,11.796,13.337,13.655,14.026,13.133,12.695,14.405,15.054,15.069,14.685,14.819,14.275,14.645,14.553,14.098,14.605,14.590,14.741,14.982,15.098
6.404,0.000,5.945,7.297,9.067,10.373,10.258,12.344,12.990,13.437,12.361,11.969,14.244,15.034,15.098,14.580,14.763,13.637,14.182,13.965,13.195,13.815,13.836,14.156,14.519,14.720
7.826,5.945,0.000,5.932,7.514,9.570,9.345,11.866,13.002,13.436,12.285,12.417,14.567,15.386,15.384,14.732,14.954,13.819,14.182,13.945,13.071,13.588,13.543,14.083,14.529,14.801
9.990,7.297,5.932,0.000,5.849,8.296,9.465,11.625,13.634,14.503,12.931,13.203,15.749,16.246,16.175,15.493,15.697,14.647,15.036,14.666,13.651,13.960,14.034,14.341,14.813,15.028
11.436,9.067,7.514,5.849,0.000,5.687,7.547,9.620,11.879,13.035,11.890,12.923,15.602,16.540,16.515,15.885,16.223,15.105,15.611,15.150,14.075,14.337,14.034,14.313,14.694,14.977
12.689,10.373,9.570,8.296,5.687,0.000,5.905,8.142,10.688,11.828,10.937,12.216,15.037,16.114,16.339,15.791,16.364,15.444,15.976,15.736,14.765,14.904,14.617,14.701,14.952,15.171
11.796,10.258,9.345,9.465,7.547,5.905,0.000,5.905,8.381,8.900,6.822,8.901,12.068,13.727,14.375,13.896,14.833,14.134,14.971,15.015,14.107,14.435,14.318,14.604,15.039,15.352
13.337,12.344,11.866,11.625,9.620,8.142,5.905,0.000,5.802,6.435,6.660,9.268,12.187,14.449,15.491,14.594,15.691,15.154,15.991,15.902,15.153,15.274,15.168,15.175,15.528,15.722
13.655,12.990,13.002,13.634,11.879,10.688,8.381,5.802,0.000,5.656,7.395,8.082,10.991,13.121,14.511,13.578,14.562,14.389,15.371,15.315,14.723,14.983,14.888,14.921,15.401,15.755
14.026,13.437,13.436,14.503,13.035,11.828,8.900,6.435,5.656,0.000,5.801,7.560,9.228,11.692,13.216,12.609,14.027,13.899,15.170,15.257,14.784,15.230,15.114,15.156,15.553,15.995
13.133,12.361,12.285,12.931,11.890,10.937,6.822,6.660,7.395,5.801,0.000,5.914,8.291,10.933,12.039,11.452,13.260,13.281,14.696,15.158,14.685,15.348,15.340,15.533,16.019,16.343
12.695,11.969,12.417,13.203,12.923,12.216,8.901,9.268,8.082,7.560,5.914,0.000,6.095,8.307,9.222,8.306,10.206,10.307,12.441,13.409,13.454,14.435,14.912,15.460,15.862,16.225
14.405,14.244,14.567,15.749,15.602,15.037,12.068,12.187,10.991,9.228,8.291,6.095,0.000,5.955,6.932,7.216,9.396,11.128,13.317,14.834,14.617,15.770,16.053,16.520,16.814,16.930
15.054,15.034,15.386,16.246,16.540,16.114,13.727,14.449,13.121,11.692,10.933,8.307,5.955,0.000,5.860,7.463,8.801,10.611,13.029,14.703,14.451,15.727,16.083,16.351,16.597,16.881
15.069,15.098,15.384,16.175,16.515,16.339,14.375,15.491,14.511,13.216,12.039,9.222,6.932,5.860,0.000,6.034,7.546,9.614,11.410,13.966,14.416,15.634,15.774,16.337,16.496,16.797
14.685,14.580,14.732,15.493,15.885,15.791,13.896,14.594,13.578,12.609,11.452,8.306,7.216,7.463,6.034,0.000,5.858,7.876,9.606,11.966,12.846,15.225,15.592,16.036,16.215,16.633
14.819,14.763,14.954,15.697,16.223,16.364,14.833,15.691,14.562,14.027,13.260,10.206,9.396,8.801,7.546,5.858,0.000,5.837,7.253,9.890,11.116,14.278,15.699,16.074,15.861,16.359
14.275,13.637,13.819,14.647,15.105,15.444,14.134,15.154,14.389,13.899,13.281,10.307,11.128,10.611,9.614,7.876,5.837,0.000,5.859,7.306,6.918,10.638,12.556,14.589,15.227,15.487
14.645,14.182,14.182,15.036,15.611,15.976,14.971,15.991,15.371,15.170,14.696,12.441,13.317,13.029,11.410,9.606,7.253,5.859,0.000,5.355,8.174,10.620,13.075,15.459,15.936,15.697
14.553,13.965,13.945,14.666,15.150,15.736,15.015,15.902,15.315,15.257,15.158,13.409,14.834,14.703,13.966,11.966,9.890,7.306,5.355,0.000,5.898,7.418,10.057,12.412,14.374,15.613
14.098,13.195,13.071,13.651,14.075,14.765,14.107,15.153,14.723,14.784,14.685,13.454,14.617,14.451,14.416,12.846,11.116,6.918,8.174,5.898,0.000,5.835,7.072,9.688,11.779,13.778
14.605,13.815,13.588,13.960,14.337,14.904,14.435,15.274,14.983,15.230,15.348,14.435,15.770,15.727,15.634,15.225,14.278,10.638,10.620,7.418,5.835,0.000,5.845,7.213,9.317,11.649
14.590,13.836,13.543,14.034,14.034,14.617,14.318,15.168,14.888,15.114,15.340,14.912,16.053,16.083,15.774,15.592,15.699,12.556,13.075,10.057,7.072,5.845,0.000,5.707,7.362,9.542
14.741,14.156,14.083,14.341,14.313,14.701,14.604,15.175,14.921,15.156,15.533,15.460,16.520,16.351,16.337,16.036,16.074,14.589,15.459,12.412,9.688,7.213,5.707,0.000,5.821,7.562
14.982,14.519,14.529,14.813,14.694,14.952,15.039,15.528,15.401,15.553,16.019,15.862,16.814,16.597,16.496,16.215,15.861,15.227,15.936,14.374,11.779,9.317,7.362,5.821,0.000,6.130
15.098,14.720,14.801,15.028,14.977,15.171,15.352,15.722,15.755,15.995,16.343,16.225,16.930,16.881,16.797,16.633,16.359,15.487,15.697,15.613,13.778,11.649,9.542,7.562,6.130,0.000