c1,c2,c3,c4,c5,c6,c7,c8,c9,c10,c11,c12,c13,c14,c15,c16,c17,c18,c19,c20,c21,c22,c23,c24,c25,c26
0.000,6.058,7.784,9.244,9.372,12.246,13.519,13.840,14.290,14.752,15.154,15.379,15.568,15.502,15.497,14.982,14.535,12.626,14.093,14.302,14.136,14.444,15.168,15.471,15.764,15.853
6.058,0.000,5.752,7.042,6.655,9.975,11.809,12.497,13.387,14.086,14.511,14.847,15.194,15.389,15.053,14.295,13.552,11.245,12.430,12.873,12.771,13.577,14.444,14.871,15.209,15.385
7.784,5.752,0.000,5.458,7.564,9.968,11.966,13.247,14.613,14.905,15.367,15.952,16.312,16.249,16.322,15.490,14.797,12.457,13.696,14.146,14.143,14.663,15.651,15.900,16.225,16.282
9.244,7.042,5.458,0.000,5.741,8.041,10.580,11.828,13.654,14.271,14.518,15.252,16.072,16.175,16.420,16.044,15.232,12.896,14.029,14.623,14.639,15.176,15.911,16.159,16.388,16.322
9.372,6.655,7.564,5.741,0.000,5.819,8.183,8.533,10.343,11.593,12.573,13.435,14.420,14.739,15.198,15.610,15.352,13.523,14.580,15.136,15.200,15.279,15.789,15.827,16.087,15.824
12.246,9.975,9.968,8.041,5.819,0.000,5.774,7.511,8.580,9.582,11.488,12.659,13.601,14.071,14.820,15.372,15.596,14.868,15.360,15.807,15.903,16.043,16.297,16.192,16.261,15.922
13.519,11.809,11.966,10.580,8.183,5.774,0.000,5.761,7.185,7.715,9.600,11.278,12.894,13.207,14.161,14.995,15.243,15.180,16.429,16.640,16.636,16.308,16.579,16.368,16.301,15.790
13.840,12.497,13.247,11.828,8.533,7.511,5.761,0.000,5.686,7.517,8.066,9.142,12.014,13.064,13.482,14.347,15.179,15.280,16.256,17.180,16.994,16.483,16.502,16.109,15.942,15.262
14.290,13.387,14.613,13.654,10.343,8.580,7.185,5.686,0.000,5.786,7.546,7.525,9.365,11.571,12.906,13.103,13.908,14.758,15.806,16.499,17.063,16.093,16.308,15.487,15.450,14.713
14.752,14.086,14.905,14.271,11.593,9.582,7.715,7.517,5.786,0.000,5.814,7.466,8.557,9.873,12.100,13.232,13.412,14.179,15.677,16.341,17.038,16.098,16.212,15.267,15.229,14.740
15.154,14.511,15.367,14.518,12.573,11.488,9.600,8.066,7.546,5.814,0.000,5.881,7.925,8.877,10.221,12.363,13.281,13.386,14.957,15.999,16.934,15.779,16.188,14.369,14.471,13.851
15.379,14.847,15.952,15.252,13.435,12.659,11.278,9.142,7.525,7.466,5.881,0.000,6.103,7.866,8.683,10.307,12.300,13.203,14.044,14.954,16.203,14.967,15.088,13.618,13.544,13.231
15.568,15.194,16.312,16.072,14.420,13.601,12.894,12.014,9.365,8.557,7.925,6.103,0.000,6.195,7.705,9.218,10.778,12.766,14.345,14.588,15.767,14.615,14.324,12.828,13.195,13.050
15.502,15.389,16.249,16.175,14.739,14.071,13.207,13.064,11.571,9.873,8.877,7.866,6.195,0.000,6.353,7.988,9.451,11.052,13.879,14.618,15.025,13.334,12.816,11.196,11.671,12.023
15.497,15.053,16.322,16.420,15.198,14.820,14.161,13.482,12.906,12.100,10.221,8.683,7.705,6.353,0.000,6.273,7.839,9.034,11.171,13.000,13.328,11.791,11.421,10.437,11.416,12.611
14.982,14.295,15.490,16.044,15.610,15.372,14.995,14.347,13.103,13.232,12.363,10.307,9.218,7.988,6.273,0.000,6.251,7.757,9.344,11.124,12.104,10.315,10.746,9.791,12.077,12.467
14.535,13.552,14.797,15.232,15.352,15.596,15.243,15.179,13.908,13.412,13.281,12.300,10.778,9.451,7.839,6.251,0.000,6.057,7.866,8.854,9.484,8.188,9.065,9.576,11.943,13.233
12.626,11.245,12.457,12.896,13.523,14.868,15.180,15.280,14.758,14.179,13.386,13.203,12.766,11.052,9.034,7.757,6.057,0.000,5.649,7.295,8.082,6.547,7.882,8.253,11.184,12.235
14.093,12.430,13.696,14.029,14.580,15.360,16.429,16.256,15.806,15.677,14.957,14.044,14.345,13.879,11.171,9.344,7.866,5.649,0.000,5.496,7.565,7.590,10.219,10.868,13.927,15.159
14.302,12.873,14.146,14.623,15.136,15.807,16.640,17.180,16.499,16.341,15.999,14.954,14.588,14.618,13.000,11.124,8.854,7.295,5.496,0.000,5.423,6.619,9.670,10.990,13.999,15.536
14.136,12.771,14.143,14.639,15.200,15.903,16.636,16.994,17.063,17.038,16.934,16.203,15.767,15.025,13.328,12.104,9.484,8.082,7.565,5.423,0.000,5.899,8.243,10.508,13.039,15.173
14.444,13.577,14.663,15.176,15.279,16.043,16.308,16.483,16.093,16.098,15.779,14.967,14.615,13.334,11.791,10.315,8.188,6.547,7.590,6.619,5.899,0.000,5.883,7.394,10.010,12.332
15.168,14.444,15.651,15.911,15.789,16.297,16.579,16.502,16.308,16.212,16.188,15.088,14.324,12.816,11.421,10.746,9.065,7.882,10.219,9.670,8.243,5.883,0.000,5.977,7.499,9.942
15.471,14.871,15.900,16.159,15.827,16.192,16.368,16.109,15.487,15.267,14.369,13.618,12.828,11.196,10.437,9.791,9.576,8.253,10.868,10.990,10.508,7.394,5.977,0.000,6.061,7.848
15.764,15.209,16.225,16.388,16.087,16.261,16.301,15.942,15.450,15.229,14.471,13.544,13.195,11.671,11.416,12.077,11.943,11.184,13.927,13.999,13.039,10.010,7.499,6.061,0.000,6.480
15.853,15.385,16.282,16.322,15.824,15.922,15.790,15.262,14.713,14.740,13.851,13.231,13.050,12.023,12.611,12.467,13.233,12.235,15.159,15.536,15.173,12.332,9.942,7.848,6.480,0.000