c1,c2,c3,c4,c5,c6,c7,c8,c9,c10,c11,c12,c13,c14,c15,c16,c17,c18,c19,c20,c21,c22,c23,c24,c25,c26
0.000,6.097,7.937,9.816,8.671,9.890,9.540,10.352,10.430,12.510,12.172,11.872,14.005,14.843,14.816,15.025,15.165,14.806,15.469,15.849,15.623,15.532,16.017,16.047,15.956,15.977
6.097,0.000,5.916,6.376,5.664,8.298,7.638,9.047,8.894,11.296,10.413,10.244,12.765,13.648,13.439,14.080,14.072,13.631,14.631,15.141,14.862,14.902,15.414,15.628,15.604,15.524
7.937,5.916,0.000,5.493,7.701,8.899,10.316,12.177,11.666,14.563,13.591,13.079,15.211,15.652,15.082,15.683,15.692,14.524,15.163,15.708,14.981,14.798,15.420,15.574,15.314,15.597
9.816,6.376,5.493,0.000,5.435,8.067,9.581,12.695,12.391,15.188,13.934,13.419,15.857,15.784,15.076,15.915,15.881,14.510,15.025,15.854,14.880,14.800,15.428,15.593,15.187,15.581
8.671,5.664,7.701,5.435,0.000,5.818,5.973,9.936,10.106,12.455,11.378,11.419,14.180,14.520,14.030,15.126,15.266,14.363,15.448,15.933,15.416,15.216,15.712,15.600,15.593,15.710
9.890,8.298,8.899,8.067,5.818,0.000,5.827,9.013,10.843,12.852,12.608,13.017,15.495,15.398,15.186,16.491,16.771,15.835,16.672,16.923,16.227,16.130,16.223,16.059,15.872,15.821
9.540,7.638,10.316,9.581,5.973,5.827,0.000,6.144,7.761,9.063,8.060,9.565,12.444,12.592,12.903,14.035,14.302,13.866,15.147,15.887,15.838,15.904,16.188,15.869,15.923,15.836
10.352,9.047,12.177,12.695,9.936,9.013,6.144,0.000,6.036,6.416,7.539,9.363,11.920,12.719,13.637,14.110,14.426,14.642,15.989,16.529,16.268,16.274,16.134,15.825,16.295,16.090
10.430,8.894,11.666,12.391,10.106,10.843,7.761,6.036,0.000,5.827,7.478,7.485,9.774,11.573,12.734,12.532,12.937,13.883,14.883,15.301,15.796,15.471,15.862,15.929,16.380,16.165
12.510,11.296,14.563,15.188,12.455,12.852,9.063,6.416,5.827,0.000,5.766,7.677,8.914,9.987,11.745,12.146,11.995,13.006,14.402,14.639,15.481,16.738,16.038,15.858,16.749,16.653
12.172,10.413,13.591,13.934,11.378,12.608,8.060,7.539,7.478,5.766,0.000,5.878,8.037,9.195,10.034,11.174,11.728,12.036,13.276,14.361,15.511,16.252,17.309,16.793,17.209,16.891
11.872,10.244,13.079,13.419,11.419,13.017,9.565,9.363,7.485,7.677,5.878,0.000,5.956,8.029,8.532,8.759,9.975,10.922,11.325,12.195,14.075,14.897,15.405,16.607,16.795,16.943
14.005,12.765,15.211,15.857,14.180,15.495,12.444,11.920,9.774,8.914,8.037,5.956,0.000,5.991,7.485,7.711,8.313,10.001,11.056,11.596,13.185,14.712,15.594,16.465,18.012,17.493
14.843,13.648,15.652,15.784,14.520,15.398,12.592,12.719,11.573,9.987,9.195,8.029,5.991,0.000,6.102,7.902,7.045,7.480,10.126,11.263,11.501,13.057,15.103,15.715,16.784,17.743
14.816,13.439,15.082,15.076,14.030,15.186,12.903,13.637,12.734,11.745,10.034,8.532,7.485,6.102,0.000,6.114,7.585,6.696,7.349,10.244,11.490,11.372,13.215,15.172,16.153,16.813
15.025,14.080,15.683,15.915,15.126,16.491,14.035,14.110,12.532,12.146,11.174,8.759,7.711,7.902,6.114,0.000,5.902,7.531,6.520,7.201,10.394,11.289,11.420,13.095,15.448,16.232
15.165,14.072,15.692,15.881,15.266,16.771,14.302,14.426,12.937,11.995,11.728,9.975,8.313,7.045,7.585,5.902,0.000,5.649,7.618,6.451,7.366,10.218,11.451,11.468,13.508,15.444
14.806,13.631,14.524,14.510,14.363,15.835,13.866,14.642,13.883,13.006,12.036,10.922,10.001,7.480,6.696,7.531,5.649,0.000,5.627,7.579,6.706,7.242,10.468,11.437,12.070,13.667
15.469,14.631,15.163,15.025,15.448,16.672,15.147,15.989,14.883,14.402,13.276,11.325,11.056,10.126,7.349,6.520,7.618,5.627,0.000,5.661,7.545,6.448,7.710,10.437,12.086,12.607
15.849,15.141,15.708,15.854,15.933,16.923,15.887,16.529,15.301,14.639,14.361,12.195,11.596,11.263,10.244,7.201,6.451,7.579,5.661,0.000,5.581,7.497,6.731,7.751,11.008,12.266
15.623,14.862,14.981,14.880,15.416,16.227,15.838,16.268,15.796,15.481,15.511,14.075,13.185,11.501,11.490,10.394,7.366,6.706,7.545,5.581,0.000,5.583,7.535,6.770,8.659,10.906
15.532,14.902,14.798,14.800,15.216,16.130,15.904,16.274,15.471,16.738,16.252,14.897,14.712,13.057,11.372,11.289,10.218,7.242,6.448,7.497,5.583,0.000,5.634,7.499,7.773,9.089
16.017,15.414,15.420,15.428,15.712,16.223,16.188,16.134,15.862,16.038,17.309,15.405,15.594,15.103,13.215,11.420,11.451,10.468,7.710,6.731,7.535,5.634,0.000,5.805,7.742,8.294
16.047,15.628,15.574,15.593,15.600,16.059,15.869,15.825,15.929,15.858,16.793,16.607,16.465,15.715,15.172,13.095,11.468,11.437,10.437,7.751,6.770,7.499,5.805,0.000,5.888,7.790
15.956,15.604,15.314,15.187,15.593,15.872,15.923,16.295,16.380,16.749,17.209,16.795,18.012,16.784,16.153,15.448,13.508,12.070,12.086,11.008,8.659,7.773,7.742,5.888,0.000,6.175
15.977,15.524,15.597,15.581,15.710,15.821,15.836,16.090,16.165,16.653,16.891,16.943,17.493,17.743,16.813,16.232,15.444,13.667,12.607,12.266,10.906,9.089,8.294,7.790,6.175,0.000