c1,c2,c3,c4,c5,c6,c7,c8,c9,c10,c11,c12,c13,c14,c15,c16,c17,c18,c19,c20,c21,c22,c23,c24,c25,c26
0.000,5.961,7.661,10.126,12.326,14.589,15.406,14.295,13.967,14.769,14.781,14.408,15.128,15.571,15.767,15.724,15.736,15.386,15.748,15.643,15.316,15.308,15.341,15.201,14.828,14.899
5.961,0.000,5.797,7.152,9.509,11.793,13.676,13.395,12.636,13.482,13.685,13.366,14.371,15.219,15.264,15.346,15.232,14.844,15.335,15.284,14.767,14.775,14.862,14.839,14.339,14.631
7.661,5.797,0.000,5.723,7.163,9.905,11.430,12.084,11.925,12.798,13.231,13.337,14.313,15.289,15.705,15.589,15.552,14.905,15.409,15.262,14.613,14.672,14.685,14.648,14.209,14.422
10.126,7.152,5.723,0.000,5.773,7.543,9.562,9.895,10.745,12.267,12.897,12.946,14.134,15.108,15.595,15.795,15.574,15.038,15.524,15.352,14.701,14.705,14.822,14.889,14.366,14.815
12.326,9.509,7.163,5.773,0.000,5.817,7.459,7.838,8.696,10.702,11.947,12.318,13.566,14.841,15.408,15.755,15.652,14.995,15.547,15.242,14.459,14.550,14.653,14.747,14.391,14.739
14.589,11.793,9.905,7.543,5.817,0.000,5.579,7.642,8.847,9.971,12.060,12.933,13.694,14.608,15.480,16.047,15.926,15.321,15.768,15.662,14.640,14.558,14.857,14.948,14.580,15.011
15.406,13.676,11.430,9.562,7.459,5.579,0.000,5.691,7.766,8.512,10.104,12.088,13.399,13.864,14.659,15.576,15.520,15.054,15.947,15.784,14.832,14.823,15.139,15.286,15.002,15.309
14.295,13.395,12.084,9.895,7.838,7.642,5.691,0.000,5.902,7.590,8.317,9.771,12.139,13.328,13.844,14.629,14.840,14.336,15.320,15.738,14.652,14.656,14.898,15.080,14.838,15.216
13.967,12.636,11.925,10.745,8.696,8.847,7.766,5.902,0.000,5.971,7.872,8.426,10.196,12.319,13.344,13.844,13.866,13.656,14.755,15.243,14.750,14.657,15.029,15.149,14.958,15.337
14.769,13.482,12.798,12.267,10.702,9.971,8.512,7.590,5.971,0.000,6.006,7.999,9.057,10.598,12.317,13.335,13.056,12.888,14.258,15.051,14.633,15.129,15.306,15.592,15.411,15.772
14.781,13.685,13.231,12.897,11.947,12.060,10.104,8.317,7.872,6.006,0.000,6.162,8.002,9.101,10.586,12.339,12.430,11.941,13.446,14.494,14.284,15.088,15.762,15.790,15.647,16.110
14.408,13.366,13.337,12.946,12.318,12.933,12.088,9.771,8.426,7.999,6.162,0.000,6.211,8.284,9.181,10.327,10.921,10.855,12.006,13.191,13.587,14.299,15.063,15.703,15.400,15.885
15.128,14.371,14.313,14.134,13.566,13.694,13.399,12.139,10.196,9.057,8.002,6.211,0.000,6.331,7.997,8.942,9.575,10.177,11.647,12.572,13.285,14.471,15.386,16.159,16.380,16.569
15.571,15.219,15.289,15.108,14.841,14.608,13.864,13.328,12.319,10.598,9.101,8.284,6.331,0.000,6.278,8.222,8.943,8.791,10.555,11.996,12.612,13.766,15.019,15.977,16.285,16.787
15.767,15.264,15.705,15.595,15.408,15.480,14.659,13.844,13.344,12.317,10.586,9.181,7.997,6.278,0.000,6.413,7.554,7.494,8.329,10.830,12.067,12.675,13.931,15.607,16.064,16.754
15.724,15.346,15.589,15.795,15.755,16.047,15.576,14.629,13.844,13.335,12.339,10.327,8.942,8.222,6.413,0.000,6.178,7.602,7.497,8.317,11.166,12.334,12.952,14.436,15.687,16.537
15.736,15.232,15.552,15.574,15.652,15.926,15.520,14.840,13.866,13.056,12.430,10.921,9.575,8.943,7.554,6.178,0.000,5.903,7.616,7.230,8.515,11.137,12.423,13.473,14.330,15.847
15.386,14.844,14.905,15.038,14.995,15.321,15.054,14.336,13.656,12.888,11.941,10.855,10.177,8.791,7.494,7.602,5.903,0.000,5.659,7.572,7.467,8.848,11.145,12.738,13.275,14.642
15.748,15.335,15.409,15.524,15.547,15.768,15.947,15.320,14.755,14.258,13.446,12.006,11.647,10.555,8.329,7.497,7.616,5.659,0.000,5.768,7.636,7.812,9.400,11.875,13.177,14.446
15.643,15.284,15.262,15.352,15.242,15.662,15.784,15.738,15.243,15.051,14.494,13.191,12.572,11.996,10.830,8.317,7.230,7.572,5.768,0.000,5.761,7.794,8.346,10.466,12.393,14.165
15.316,14.767,14.613,14.701,14.459,14.640,14.832,14.652,14.750,14.633,14.284,13.587,13.285,12.612,12.067,11.166,8.515,7.467,7.636,5.761,0.000,5.917,7.542,8.700,10.411,12.760
15.308,14.775,14.672,14.705,14.550,14.558,14.823,14.656,14.657,15.129,15.088,14.299,14.471,13.766,12.675,12.334,11.137,8.848,7.812,7.794,5.917,0.000,5.898,8.111,9.593,11.338
15.341,14.862,14.685,14.822,14.653,14.857,15.139,14.898,15.029,15.306,15.762,15.063,15.386,15.019,13.931,12.952,12.423,11.145,9.400,8.346,7.542,5.898,0.000,5.963,8.043,9.624
15.201,14.839,14.648,14.889,14.747,14.948,15.286,15.080,15.149,15.592,15.790,15.703,16.159,15.977,15.607,14.436,13.473,12.738,11.875,10.466,8.700,8.111,5.963,0.000,6.086,7.774
14.828,14.339,14.209,14.366,14.391,14.580,15.002,14.838,14.958,15.411,15.647,15.400,16.380,16.285,16.064,15.687,14.330,13.275,13.177,12.393,10.411,9.593,8.043,6.086,0.000,6.362
14.899,14.631,14.422,14.815,14.739,15.011,15.309,15.216,15.337,15.772,16.110,15.885,16.569,16.787,16.754,16.537,15.847,14.642,14.446,14.165,12.760,11.338,9.624,7.774,6.362,0.000