c1,c2,c3,c4,c5,c6,c7,c8,c9,c10,c11,c12,c13,c14,c15,c16,c17,c18,c19,c20,c21,c22,c23,c24,c25,c26
0.000,6.185,7.654,9.847,11.996,14.100,14.101,13.314,10.999,13.111,12.604,10.956,12.659,13.248,13.994,14.348,13.863,13.259,14.639,14.731,13.632,14.521,15.053,14.662,14.606,14.787
6.185,0.000,5.811,7.134,9.151,11.383,11.593,10.954,8.057,10.660,10.285,8.509,10.899,11.505,12.773,13.576,12.843,12.168,13.912,14.002,12.842,13.946,14.655,14.336,14.444,14.485
7.654,5.811,0.000,5.799,7.561,10.212,11.431,12.119,9.760,12.390,12.752,10.821,12.966,13.057,13.808,14.263,13.114,12.093,13.663,13.429,11.683,13.138,13.944,13.480,13.913,14.215
9.847,7.134,5.799,0.000,5.900,7.627,9.611,11.532,10.211,12.876,13.438,11.938,14.003,14.019,14.808,15.259,14.274,13.354,14.889,14.499,13.056,14.289,14.923,14.477,14.545,14.836
11.996,9.151,7.561,5.900,0.000,6.175,7.635,9.687,8.951,11.468,12.589,11.676,13.467,13.685,14.362,14.661,13.628,12.958,14.227,13.780,12.482,13.808,14.606,14.293,14.672,14.940
14.100,11.383,10.212,7.627,6.175,0.000,5.891,9.295,10.165,12.176,13.864,13.099,14.698,14.588,15.360,15.762,14.848,14.410,15.658,15.049,14.262,14.889,15.273,15.159,15.253,15.528
14.101,11.593,11.431,9.611,7.635,5.891,0.000,6.001,7.915,9.181,11.572,11.723,13.573,13.809,14.819,15.246,14.616,14.617,16.002,15.573,15.045,15.692,16.111,15.823,16.073,16.220
13.314,10.954,12.119,11.532,9.687,9.295,6.001,0.000,6.157,7.429,9.773,9.823,11.686,12.010,13.291,13.900,13.374,13.564,15.114,15.333,15.026,15.652,16.185,16.192,16.315,16.499
10.999,8.057,9.760,10.211,8.951,10.165,7.915,6.157,0.000,6.235,6.730,6.923,9.486,10.496,12.027,12.481,11.807,12.050,13.861,14.331,14.406,15.154,15.938,15.901,16.275,16.464
13.111,10.660,12.390,12.876,11.468,12.176,9.181,7.429,6.235,0.000,6.109,7.926,9.521,10.322,12.424,13.297,12.547,12.862,15.025,15.525,15.485,16.414,16.762,16.609,16.643,16.816
12.604,10.285,12.752,13.438,12.589,13.864,11.572,9.773,6.730,6.109,0.000,5.959,8.419,9.445,11.216,12.363,11.999,12.295,14.172,15.038,15.234,16.119,17.064,16.731,16.699,16.878
10.956,8.509,10.821,11.938,11.676,13.099,11.723,9.823,6.923,7.926,5.959,0.000,6.397,7.674,9.449,10.499,10.584,11.442,12.796,13.794,14.401,15.444,16.553,16.873,16.820,17.050
12.659,10.899,12.966,14.003,13.467,14.698,13.573,11.686,9.486,9.521,8.419,6.397,0.000,6.436,8.440,9.546,9.336,10.856,12.528,13.156,13.796,15.136,16.299,16.590,17.206,17.084
13.248,11.505,13.057,14.019,13.685,14.588,13.809,12.010,10.496,10.322,9.445,7.674,6.436,0.000,6.608,7.559,7.442,8.528,10.810,12.076,12.224,13.525,15.385,15.707,16.544,17.306
13.994,12.773,13.808,14.808,14.362,15.360,14.819,13.291,12.027,12.424,11.216,9.449,8.440,6.608,0.000,6.536,7.674,7.584,8.471,11.178,11.887,12.218,13.959,15.361,16.117,16.686
14.348,13.576,14.263,15.259,14.661,15.762,15.246,13.900,12.481,13.297,12.363,10.499,9.546,7.559,6.536,0.000,6.135,7.780,7.462,8.831,11.142,12.183,13.082,14.000,15.763,16.497
13.863,12.843,13.114,14.274,13.628,14.848,14.616,13.374,11.807,12.547,11.999,10.584,9.336,7.442,7.674,6.135,0.000,5.917,7.590,7.897,8.187,10.965,12.513,12.589,14.140,15.783
13.259,12.168,12.093,13.354,12.958,14.410,14.617,13.564,12.050,12.862,12.295,11.442,10.856,8.528,7.584,7.780,5.917,0.000,5.822,7.539,6.759,8.060,10.969,11.739,12.555,14.075
14.639,13.912,13.663,14.889,14.227,15.658,16.002,15.114,13.861,15.025,14.172,12.796,12.528,10.810,8.471,7.462,7.590,5.822,0.000,5.627,7.545,7.287,9.082,11.150,12.903,13.588
14.731,14.002,13.429,14.499,13.780,15.049,15.573,15.333,14.331,15.525,15.038,13.794,13.156,12.076,11.178,8.831,7.897,7.539,5.627,0.000,5.743,7.594,8.125,8.942,12.128,13.215
13.632,12.842,11.683,13.056,12.482,14.262,15.045,15.026,14.406,15.485,15.234,14.401,13.796,12.224,11.887,11.142,8.187,6.759,7.545,5.743,0.000,5.793,7.647,7.039,9.355,11.310
14.521,13.946,13.138,14.289,13.808,14.889,15.692,15.652,15.154,16.414,16.119,15.444,15.136,13.525,12.218,12.183,10.965,8.060,7.287,7.594,5.793,0.000,5.711,7.503,8.428,9.773
15.053,14.655,13.944,14.923,14.606,15.273,16.111,16.185,15.938,16.762,17.064,16.553,16.299,15.385,13.959,13.082,12.513,10.969,9.082,8.125,7.647,5.711,0.000,5.925,7.725,8.494
14.662,14.336,13.480,14.477,14.293,15.159,15.823,16.192,15.901,16.609,16.731,16.873,16.590,15.707,15.361,14.000,12.589,11.739,11.150,8.942,7.039,7.503,5.925,0.000,5.840,7.917
14.606,14.444,13.913,14.545,14.672,15.253,16.073,16.315,16.275,16.643,16.699,16.820,17.206,16.544,16.117,15.763,14.140,12.555,12.903,12.128,9.355,8.428,7.725,5.840,0.000,6.282
14.787,14.485,14.215,14.836,14.940,15.528,16.220,16.499,16.464,16.816,16.878,17.050,17.084,17.306,16.686,16.497,15.783,14.075,13.588,13.215,11.310,9.773,8.494,7.917,6.282,0.000