c1,c2,c3,c4,c5,c6,c7,c8,c9,c10,c11,c12,c13,c14,c15,c16,c17,c18,c19,c20,c21,c22,c23,c24,c25,c26
0.000,5.932,8.303,9.695,7.442,7.614,11.238,11.343,10.752,13.109,15.499,15.176,15.857,17.576,18.076,17.793,17.808,17.739,17.589,17.205,16.510,16.297,15.748,15.850,15.361,15.376
5.932,0.000,5.756,5.788,4.685,6.960,9.301,9.563,10.191,12.572,14.179,14.425,15.899,18.263,18.513,18.257,18.249,18.064,17.881,17.436,16.441,16.197,15.307,15.476,15.041,14.640
8.303,5.756,0.000,5.378,7.344,5.845,6.733,9.862,10.781,10.773,12.910,15.057,15.728,16.846,18.724,18.599,18.561,18.264,18.209,17.897,17.142,16.939,16.067,16.322,15.918,15.628
9.695,5.788,5.378,0.000,5.381,7.314,5.927,6.651,9.799,10.888,10.924,12.773,15.155,16.175,16.994,18.508,18.152,18.110,17.699,17.430,16.164,16.005,15.098,15.374,14.933,14.995
7.442,4.685,7.344,5.381,0.000,5.371,7.342,5.729,6.373,9.758,10.832,10.592,12.613,15.189,15.853,16.464,17.925,17.362,17.301,16.724,15.081,14.773,13.484,13.856,13.657,14.055
7.614,6.960,5.845,7.314,5.371,0.000,5.319,7.333,5.842,6.533,9.900,10.870,10.836,13.084,15.441,16.048,16.683,17.844,17.566,17.308,16.152,16.534,15.286,15.661,15.246,15.459
11.238,9.301,6.733,5.927,7.342,5.319,0.000,5.342,7.364,5.874,6.760,9.925,11.056,11.540,13.526,15.486,16.417,17.073,17.919,17.196,16.557,16.804,16.291,16.389,16.116,16.246
11.343,9.563,9.862,6.651,5.729,7.333,5.342,0.000,5.371,7.362,5.958,6.640,9.973,11.373,11.981,13.424,15.362,16.255,16.630,16.680,15.352,15.937,15.560,15.610,15.673,15.994
10.752,10.191,10.781,9.799,6.373,5.842,7.364,5.371,0.000,5.396,7.385,5.860,6.811,10.182,11.486,11.937,13.574,15.289,15.920,15.716,15.518,15.836,15.448,15.611,15.984,16.049
13.109,12.572,10.773,10.888,9.758,6.533,5.874,7.362,5.396,0.000,5.382,7.392,6.237,7.732,10.553,11.777,12.805,14.504,15.789,15.776,15.744,17.344,16.871,16.966,16.860,16.934
15.499,14.179,12.910,10.924,10.832,9.900,6.760,5.958,7.385,5.382,0.000,5.427,7.484,7.007,8.420,10.548,12.299,13.638,14.762,15.125,15.384,16.712,17.133,16.842,17.069,16.997
15.176,14.425,15.057,12.773,10.592,10.870,9.925,6.640,5.860,7.392,5.427,0.000,5.479,7.639,7.418,8.616,10.569,12.642,13.257,13.371,14.049,15.456,15.835,16.613,16.611,16.778
15.857,15.899,15.728,15.155,12.613,10.836,11.056,9.973,6.811,6.237,7.484,5.479,0.000,5.594,7.685,7.943,9.317,11.442,12.840,12.744,13.321,15.250,15.601,16.352,16.997,16.793
17.576,18.263,16.846,16.175,15.189,13.084,11.540,11.373,10.182,7.732,7.007,7.639,5.594,0.000,5.704,7.948,9.280,10.795,12.297,13.001,13.392,14.834,15.643,16.309,16.727,16.968
18.076,18.513,18.724,16.994,15.853,15.441,13.526,11.981,11.486,10.553,8.420,7.418,7.685,5.704,0.000,5.874,8.142,9.931,10.880,12.022,13.277,14.329,14.887,16.011,16.507,16.765
17.793,18.257,18.599,18.508,16.464,16.048,15.486,13.424,11.937,11.777,10.548,8.616,7.943,7.948,5.874,0.000,5.921,8.524,9.200,9.722,12.021,13.463,13.978,14.940,15.777,16.222
17.808,18.249,18.561,18.152,17.925,16.683,16.417,15.362,13.574,12.805,12.299,10.569,9.317,9.280,8.142,5.921,0.000,5.986,7.232,7.314,9.239,11.385,12.828,13.892,14.322,15.061
17.739,18.064,18.264,18.110,17.362,17.844,17.073,16.255,15.289,14.504,13.638,12.642,11.442,10.795,9.931,8.524,5.986,0.000,5.708,7.376,7.619,9.344,11.805,13.495,13.269,14.070
17.589,17.881,18.209,17.699,17.301,17.566,17.919,16.630,15.920,15.789,14.762,13.257,12.840,12.297,10.880,9.200,7.232,5.708,0.000,5.638,7.486,8.068,9.980,12.489,13.661,13.754
17.205,17.436,17.897,17.430,16.724,17.308,17.196,16.680,15.716,15.776,15.125,13.371,12.744,13.001,12.022,9.722,7.314,7.376,5.638,0.000,5.592,7.521,8.678,10.900,12.770,13.797
16.510,16.441,17.142,16.164,15.081,16.152,16.557,15.352,15.518,15.744,15.384,14.049,13.321,13.392,13.277,12.021,9.239,7.619,7.486,5.592,0.000,5.627,7.405,8.994,10.575,12.516
16.297,16.197,16.939,16.005,14.773,16.534,16.804,15.937,15.836,17.344,16.712,15.456,15.250,14.834,14.329,13.463,11.385,9.344,8.068,7.521,5.627,0.000,5.632,7.468,8.901,10.470
15.748,15.307,16.067,15.098,13.484,15.286,16.291,15.560,15.448,16.871,17.133,15.835,15.601,15.643,14.887,13.978,12.828,11.805,9.980,8.678,7.405,5.632,0.000,5.652,7.322,9.055
15.850,15.476,16.322,15.374,13.856,15.661,16.389,15.610,15.611,16.966,16.842,16.613,16.352,16.309,16.011,14.940,13.892,13.495,12.489,10.900,8.994,7.468,5.652,0.000,5.744,7.763
15.361,15.041,15.918,14.933,13.657,15.246,16.116,15.673,15.984,16.860,17.069,16.611,16.997,16.727,16.507,15.777,14.322,13.269,13.661,12.770,10.575,8.901,7.322,5.744,0.000,5.935
15.376,14.640,15.628,14.995,14.055,15.459,16.246,15.994,16.049,16.934,16.997,16.778,16.793,16.968,16.765,16.222,15.061,14.070,13.754,13.797,12.516,10.470,9.055,7.763,5.935,0.000