c1,c2,c3,c4,c5,c6,c7,c8,c9,c10,c11,c12,c13,c14,c15,c16,c17,c18,c19,c20,c21,c22,c23,c24,c25,c26
0.000,5.845,7.407,8.575,10.197,12.265,13.281,12.695,13.477,14.724,15.420,15.906,17.073,16.353,16.048,15.390,15.311,14.956,15.371,15.063,15.262,15.605,15.526,15.411,15.217,15.551
5.845,0.000,5.597,7.126,7.654,9.728,12.022,12.907,12.103,13.369,14.712,14.883,15.691,17.030,15.831,14.684,14.568,14.103,14.659,14.167,14.220,14.962,15.019,14.868,14.660,15.095
7.407,5.597,0.000,5.531,7.219,8.088,9.620,12.237,12.977,11.902,13.070,14.393,14.653,15.346,17.030,15.272,15.098,14.754,15.415,14.962,14.867,15.678,15.734,15.377,15.084,15.515
8.575,7.126,5.531,0.000,5.588,7.417,7.965,9.426,11.835,12.384,11.505,12.372,14.181,14.775,15.628,17.392,15.646,14.994,15.675,15.353,15.047,15.698,15.789,15.508,15.169,15.761
10.197,7.654,7.219,5.588,0.000,5.652,7.340,7.653,8.622,10.976,11.715,11.148,12.371,14.576,15.227,16.172,17.523,15.973,16.530,15.956,15.569,16.239,16.071,15.702,15.360,15.957
12.265,9.728,8.088,7.417,5.652,0.000,5.685,7.376,7.406,8.186,10.874,11.743,11.401,13.090,14.881,15.816,16.159,17.281,16.655,16.055,15.595,16.415,16.131,15.724,15.454,16.161
13.281,12.022,9.620,7.965,7.340,5.685,0.000,5.564,7.470,7.283,8.423,10.927,12.220,12.180,13.591,15.420,15.683,16.068,17.825,16.569,16.001,16.550,16.521,16.042,15.712,16.366
12.695,12.907,12.237,9.426,7.653,7.376,5.564,0.000,5.551,7.398,7.548,8.656,11.513,12.755,12.446,13.913,15.130,15.429,16.503,17.387,15.923,16.613,16.267,15.998,15.740,16.371
13.477,12.103,12.977,11.835,8.622,7.406,7.470,5.551,0.000,5.620,7.712,7.570,9.028,11.855,12.808,12.701,13.600,14.864,15.912,16.278,16.800,16.439,16.219,15.910,15.772,16.411
14.724,13.369,11.902,12.384,10.976,8.186,7.283,7.398,5.620,0.000,5.756,7.721,7.844,9.239,11.880,12.883,12.442,13.381,15.353,15.665,15.642,17.290,16.351,16.014,15.928,16.647
15.420,14.712,13.070,11.505,11.715,10.874,8.423,7.548,7.712,5.756,0.000,5.949,7.781,8.150,9.292,11.822,12.394,12.102,13.882,15.038,14.973,15.989,17.246,15.825,15.531,16.451
15.906,14.883,14.393,12.372,11.148,11.743,10.927,8.656,7.570,7.721,5.949,0.000,6.084,7.946,7.902,8.981,11.079,11.563,12.239,13.300,14.094,15.060,15.976,16.400,15.132,16.324
17.073,15.691,14.653,14.181,12.371,11.401,12.220,11.513,9.028,7.844,7.781,6.084,0.000,6.156,7.908,8.021,8.639,10.657,12.175,12.399,13.108,14.673,15.817,15.791,16.361,16.559
16.353,17.030,15.346,14.775,14.576,13.090,12.180,12.755,11.855,9.239,8.150,7.946,6.156,0.000,6.239,7.389,7.474,7.968,10.759,11.605,11.489,12.998,15.037,15.013,15.196,16.813
16.048,15.831,17.030,15.628,15.227,14.881,13.591,12.446,12.808,11.880,9.292,7.902,7.908,6.239,0.000,5.948,7.734,7.164,8.437,10.732,11.351,11.541,13.638,14.574,14.870,16.218
15.390,14.684,15.272,17.392,16.172,15.816,15.420,13.913,12.701,12.883,11.822,8.981,8.021,7.389,5.948,0.000,5.849,7.750,7.784,9.062,10.861,11.837,13.213,13.855,14.876,16.634
15.311,14.568,15.098,15.646,17.523,16.159,15.683,15.130,13.600,12.442,12.394,11.079,8.639,7.474,7.734,5.849,0.000,5.724,7.718,7.938,8.214,10.673,12.512,12.404,13.296,15.838
14.956,14.103,14.754,14.994,15.973,17.281,16.068,15.429,14.864,13.381,12.102,11.563,10.657,7.968,7.164,7.750,5.724,0.000,5.697,7.043,6.437,7.877,10.541,11.188,11.307,13.824
15.371,14.659,15.415,15.675,16.530,16.655,17.825,16.503,15.912,15.353,13.882,12.239,12.175,10.759,8.437,7.784,7.718,5.697,0.000,5.593,7.607,7.047,9.187,11.012,11.833,13.782
15.063,14.167,14.962,15.353,15.956,16.055,16.569,17.387,16.278,15.665,15.038,13.300,12.399,11.605,10.732,9.062,7.938,7.043,5.593,0.000,5.493,7.662,8.221,8.973,11.133,13.568
15.262,14.220,14.867,15.047,15.569,15.595,16.001,15.923,16.800,15.642,14.973,14.094,13.108,11.489,11.351,10.861,8.214,6.437,7.607,5.493,0.000,5.875,7.312,6.752,8.146,11.351
15.605,14.962,15.678,15.698,16.239,16.415,16.550,16.613,16.439,17.290,15.989,15.060,14.673,12.998,11.541,11.837,10.673,7.877,7.047,7.662,5.875,0.000,5.651,7.649,7.716,10.037
15.526,15.019,15.734,15.789,16.071,16.131,16.521,16.267,16.219,16.351,17.246,15.976,15.817,15.037,13.638,13.213,12.512,10.541,9.187,8.221,7.312,5.651,0.000,5.763,7.622,9.393
15.411,14.868,15.377,15.508,15.702,15.724,16.042,15.998,15.910,16.014,15.825,16.400,15.791,15.013,14.574,13.855,12.404,11.188,11.012,8.973,6.752,7.649,5.763,0.000,5.835,8.422
15.217,14.660,15.084,15.169,15.360,15.454,15.712,15.740,15.772,15.928,15.531,15.132,16.361,15.196,14.870,14.876,13.296,11.307,11.833,11.133,8.146,7.716,7.622,5.835,0.000,6.450
15.551,15.095,15.515,15.761,15.957,16.161,16.366,16.371,16.411,16.647,16.451,16.324,16.559,16.813,16.218,16.634,15.838,13.824,13.782,13.568,11.351,10.037,9.393,8.422,6.450,0.000