c1,c2,c3,c4,c5,c6,c7,c8,c9,c10,c11,c12,c13,c14,c15,c16,c17,c18,c19,c20,c21,c22,c23,c24,c25,c26
0.000,5.835,7.562,9.109,10.688,12.587,13.733,13.409,14.016,14.966,15.595,15.976,16.704,16.545,16.370,16.232,15.856,15.152,15.635,15.703,15.208,15.175,15.572,15.414,15.205,15.642
5.835,0.000,5.625,7.243,8.019,10.180,12.277,13.027,12.423,13.616,14.853,15.091,15.948,17.225,16.498,16.166,15.571,14.624,15.241,15.274,14.675,14.863,15.277,15.252,14.962,15.607
7.562,5.625,0.000,5.564,7.332,8.239,9.920,12.060,12.666,12.191,13.346,14.773,15.158,15.981,17.351,16.032,15.247,14.099,14.782,14.723,13.980,14.503,15.291,15.231,15.069,15.791
9.109,7.243,5.564,0.000,5.581,7.437,8.204,9.426,11.581,12.350,12.024,12.992,14.845,15.454,16.160,17.696,16.440,15.372,15.876,15.848,15.082,15.374,16.041,16.042,15.544,16.124
10.688,8.019,7.332,5.581,0.000,5.591,7.354,7.607,8.420,10.780,11.584,11.400,12.809,14.636,15.186,16.050,17.356,15.282,15.671,15.254,14.387,14.718,15.512,15.443,15.172,15.974
12.587,10.180,8.239,7.437,5.591,0.000,5.573,7.500,7.576,8.229,10.725,11.555,11.717,13.178,14.993,15.728,16.305,17.394,16.652,16.420,15.354,15.747,16.271,16.164,15.663,16.373
13.733,12.277,9.920,8.204,7.354,5.573,0.000,5.569,7.505,7.285,8.252,10.422,11.634,11.640,13.168,15.049,15.594,15.973,17.657,16.532,15.526,15.501,16.285,16.146,15.680,16.097
13.409,13.027,12.060,9.426,7.607,7.500,5.569,0.000,5.592,7.514,7.452,8.268,10.690,11.722,11.614,13.279,15.019,15.439,16.320,18.006,16.592,16.528,16.687,16.740,16.321,16.622
14.016,12.423,12.666,11.581,8.420,7.576,7.505,5.592,0.000,5.621,7.716,7.237,8.386,10.745,11.685,11.606,13.130,14.812,15.643,16.462,17.897,16.996,17.077,16.815,16.802,16.869
14.966,13.616,12.191,12.350,10.780,8.229,7.285,7.514,5.621,0.000,5.795,7.729,7.436,8.298,10.754,11.787,11.501,12.969,15.014,15.771,16.458,18.161,17.591,17.371,17.088,17.272
15.595,14.853,13.346,12.024,11.584,10.725,8.252,7.452,7.716,5.795,0.000,5.850,7.765,7.261,8.025,10.630,11.499,11.155,12.954,15.065,15.651,16.543,18.263,17.487,17.326,17.258
15.976,15.091,14.773,12.992,11.400,11.555,10.422,8.268,7.237,7.729,5.850,0.000,5.959,7.828,7.181,8.110,10.468,11.322,11.223,13.048,15.075,15.757,16.742,18.119,17.417,17.497
16.704,15.948,15.158,14.845,12.809,11.717,11.634,10.690,8.386,7.436,7.765,5.959,0.000,5.914,7.782,7.198,7.935,10.345,11.423,11.355,13.119,15.246,16.116,16.793,18.108,17.635
16.545,17.225,15.981,15.454,14.636,13.178,11.640,11.722,10.745,8.298,7.261,7.828,5.914,0.000,5.820,7.650,7.009,7.512,10.285,11.373,11.198,13.038,15.371,15.932,16.601,17.997
16.370,16.498,17.351,16.160,15.186,14.993,13.168,11.614,11.685,10.754,8.025,7.181,7.782,5.820,0.000,5.805,7.667,6.623,7.335,10.334,11.275,11.236,13.237,15.300,15.959,17.165
16.232,16.166,16.032,17.696,16.050,15.728,15.049,13.279,11.606,11.787,10.630,8.110,7.198,7.650,5.805,0.000,5.721,7.618,6.599,7.426,10.380,11.449,11.804,13.368,15.458,16.902
15.856,15.571,15.247,16.440,17.356,16.305,15.594,15.019,13.130,11.501,11.499,10.468,7.935,7.009,7.667,5.721,0.000,5.598,7.509,6.455,7.151,10.283,11.553,11.566,13.295,16.109
15.152,14.624,14.099,15.372,15.282,17.394,15.973,15.439,14.812,12.969,11.155,11.322,10.345,7.512,6.623,7.618,5.598,0.000,5.506,7.421,6.268,7.192,10.389,11.339,11.629,14.277
15.635,15.241,14.782,15.876,15.671,16.652,17.657,16.320,15.643,15.014,12.954,11.223,11.423,10.285,7.335,6.599,7.509,5.506,0.000,5.483,7.438,6.459,7.777,10.576,11.685,13.566
15.703,15.274,14.723,15.848,15.254,16.420,16.532,18.006,16.462,15.771,15.065,13.048,11.355,11.373,10.334,7.426,6.455,7.421,5.483,0.000,5.548,7.450,6.807,7.828,10.456,12.864
15.208,14.675,13.980,15.082,14.387,15.354,15.526,16.592,17.897,16.458,15.651,15.075,13.119,11.198,11.275,10.380,7.151,6.268,7.438,5.548,0.000,5.538,7.443,6.671,7.842,11.082
15.175,14.863,14.503,15.374,14.718,15.747,15.501,16.528,16.996,18.161,16.543,15.757,15.246,13.038,11.236,11.449,10.283,7.192,6.459,7.450,5.538,0.000,5.463,7.482,7.209,9.661
15.572,15.277,15.291,16.041,15.512,16.271,16.285,16.687,17.077,17.591,18.263,16.742,16.116,15.371,13.237,11.804,11.553,10.389,7.777,6.807,7.443,5.463,0.000,5.631,7.696,9.158
15.414,15.252,15.231,16.042,15.443,16.164,16.146,16.740,16.815,17.371,17.487,18.119,16.793,15.932,15.300,13.368,11.566,11.339,10.576,7.828,6.671,7.482,5.631,0.000,5.648,8.351
15.205,14.962,15.069,15.544,15.172,15.663,15.680,16.321,16.802,17.088,17.326,17.417,18.108,16.601,15.959,15.458,13.295,11.629,11.685,10.456,7.842,7.209,7.696,5.648,0.000,6.154
15.642,15.607,15.791,16.124,15.974,16.373,16.097,16.622,16.869,17.272,17.258,17.497,17.635,17.997,17.165,16.902,16.109,14.277,13.566,12.864,11.082,9.661,9.158,8.351,6.154,0.000