c1,c2,c3,c4,c5,c6,c7,c8,c9,c10,c11,c12,c13,c14,c15,c16,c17,c18,c19,c20,c21,c22,c23,c24,c25,c26
0.000,5.959,7.536,9.530,11.287,12.673,11.782,12.236,14.336,14.792,14.522,15.883,17.360,16.744,16.492,16.646,16.631,16.433,16.333,16.213,16.089,16.038,15.738,15.651,15.510,15.591
5.959,0.000,5.716,7.631,8.770,10.462,10.356,11.253,12.840,13.492,13.702,14.694,16.356,17.139,16.472,16.702,16.475,16.302,16.206,15.856,15.701,15.675,15.238,15.287,15.100,15.384
7.536,5.716,0.000,5.638,7.685,8.051,7.273,9.052,11.328,10.975,11.162,13.117,14.617,14.881,15.963,16.375,16.576,16.209,16.719,16.442,16.017,15.931,15.574,15.564,15.392,15.602
9.530,7.631,5.638,0.000,5.574,6.836,6.652,8.273,10.437,11.343,11.395,12.933,14.722,15.417,16.276,17.893,17.309,16.402,15.983,15.718,15.535,15.496,15.348,15.513,15.345,15.634
11.287,8.770,7.685,5.574,0.000,5.544,7.447,6.753,7.682,10.561,11.534,11.158,12.871,14.980,15.521,16.226,17.853,16.031,15.647,15.269,15.105,15.230,15.052,15.285,15.289,15.604
12.673,10.462,8.051,6.836,5.544,0.000,5.558,7.547,6.911,7.918,10.718,11.497,11.384,13.167,15.179,15.776,16.354,17.735,15.952,15.586,15.357,15.470,15.467,15.456,15.371,15.645
11.782,10.356,7.273,6.652,7.447,5.558,0.000,5.549,7.449,6.795,7.700,10.377,11.413,11.420,13.136,15.104,15.642,16.050,17.774,16.268,15.850,15.699,15.644,15.832,15.647,15.721
12.236,11.253,9.052,8.273,6.753,7.547,5.549,0.000,5.599,7.599,6.814,7.446,10.490,11.535,11.499,13.190,15.089,15.300,16.049,17.782,16.100,15.895,15.607,15.771,15.664,15.750
14.336,12.840,11.328,10.437,7.682,6.911,7.449,5.599,0.000,5.609,7.616,6.560,7.345,10.461,11.535,11.609,13.204,14.651,15.298,16.110,17.846,16.100,15.922,15.933,16.064,16.019
14.792,13.492,10.975,11.343,10.561,7.918,6.795,7.599,5.609,0.000,5.746,7.601,6.882,7.751,10.735,11.910,11.888,13.022,14.928,15.606,16.366,17.970,16.401,16.275,16.128,16.201
14.522,13.702,11.162,11.395,11.534,10.718,7.700,6.814,7.616,5.746,0.000,5.792,7.760,6.854,7.890,10.778,11.886,11.399,13.051,14.941,15.676,16.299,17.937,16.653,16.475,16.471
15.883,14.694,13.117,12.933,11.158,11.497,10.377,7.446,6.560,7.601,5.792,0.000,5.958,7.867,7.068,8.245,10.815,11.504,11.574,13.143,15.119,15.607,16.374,17.930,16.597,16.633
17.360,16.356,14.617,14.722,12.871,11.384,11.413,10.490,7.345,6.882,7.760,5.958,0.000,6.005,8.018,7.468,8.707,10.776,11.946,11.935,13.597,15.297,15.865,16.531,18.115,16.937
16.744,17.139,14.881,15.417,14.980,13.167,11.420,11.535,10.461,7.751,6.854,7.867,6.005,0.000,6.088,8.047,7.603,8.268,11.023,12.023,12.224,13.532,15.321,15.873,16.725,17.927
16.492,16.472,15.963,16.276,15.521,15.179,13.136,11.499,11.535,10.735,7.890,7.068,8.018,6.088,0.000,6.243,7.883,7.024,8.181,10.909,12.198,12.004,13.452,15.263,15.983,16.628
16.646,16.702,16.375,17.893,16.226,15.776,15.104,13.190,11.609,11.910,10.778,8.245,7.468,8.047,6.243,0.000,5.913,7.672,7.302,8.122,11.138,11.902,11.984,13.443,15.446,16.210
16.631,16.475,16.576,17.309,17.853,16.354,15.642,15.089,13.204,11.888,11.886,10.815,8.707,7.603,7.883,5.913,0.000,5.802,7.596,6.986,8.377,10.877,11.968,11.971,13.735,15.527
16.433,16.302,16.209,16.402,16.031,17.735,16.050,15.300,14.651,13.022,11.399,11.504,10.776,8.268,7.024,7.672,5.802,0.000,5.642,7.540,7.549,8.203,11.013,11.947,12.343,13.774
16.333,16.206,16.719,15.983,15.647,15.952,17.774,16.049,15.298,14.928,13.051,11.574,11.946,11.023,8.181,7.302,7.596,5.642,0.000,5.807,7.406,6.696,8.073,10.748,11.940,12.301
16.213,15.856,16.442,15.718,15.269,15.586,16.268,17.782,16.110,15.606,14.941,13.143,11.935,12.023,10.909,8.122,6.986,7.540,5.807,0.000,5.639,7.678,7.434,8.395,11.304,12.553
16.089,15.701,16.017,15.535,15.105,15.357,15.850,16.100,17.846,16.366,15.676,15.119,13.597,12.224,12.198,11.138,8.377,7.549,7.406,5.639,0.000,5.690,7.616,7.171,8.986,11.420
16.038,15.675,15.931,15.496,15.230,15.470,15.699,15.895,16.100,17.970,16.299,15.607,15.297,13.532,12.004,11.902,10.877,8.203,6.696,7.678,5.690,0.000,5.594,7.392,7.656,9.321
15.738,15.238,15.574,15.348,15.052,15.467,15.644,15.607,15.922,16.401,17.937,16.374,15.865,15.321,13.452,11.984,11.968,11.013,8.073,7.434,7.616,5.594,0.000,5.739,7.518,8.184
15.651,15.287,15.564,15.513,15.285,15.456,15.832,15.771,15.933,16.275,16.653,17.930,16.531,15.873,15.263,13.443,11.971,11.947,10.748,8.395,7.171,7.392,5.739,0.000,5.826,7.824
15.510,15.100,15.392,15.345,15.289,15.371,15.647,15.664,16.064,16.128,16.475,16.597,18.115,16.725,15.983,15.446,13.735,12.343,11.940,11.304,8.986,7.656,7.518,5.826,0.000,6.066
15.591,15.384,15.602,15.634,15.604,15.645,15.721,15.750,16.019,16.201,16.471,16.633,16.937,17.927,16.628,16.210,15.527,13.774,12.301,12.553,11.420,9.321,8.184,7.824,6.066,0.000