c1,c2,c3,c4,c5,c6,c7,c8,c9,c10,c11,c12,c13,c14,c15,c16,c17,c18,c19,c20,c21,c22,c23,c24,c25,c26
0.000,6.061,7.583,9.863,12.633,13.956,15.889,17.183,16.941,17.256,16.787,16.211,16.590,16.338,16.475,16.221,16.261,16.078,15.800,15.021,14.481,13.899,14.520,14.986,14.621,15.186
6.061,0.000,5.756,7.523,10.510,12.138,14.449,16.959,16.866,16.972,16.429,15.561,16.158,16.063,16.093,16.080,15.853,15.661,15.163,14.236,13.460,12.913,13.457,14.056,13.580,14.449
7.583,5.756,0.000,5.651,8.493,10.108,12.861,15.930,17.025,17.971,16.062,15.377,17.191,17.025,16.574,16.517,16.203,16.002,15.463,14.479,13.593,12.693,13.252,13.962,13.627,14.605
9.863,7.523,5.651,0.000,5.730,7.767,9.154,12.892,14.158,16.180,13.375,12.630,16.040,16.328,15.691,16.384,16.183,16.030,15.316,14.281,13.206,12.391,12.449,12.955,12.727,13.883
12.633,10.510,8.493,5.730,0.000,5.686,7.344,10.251,12.611,14.322,11.471,11.955,15.363,16.104,15.790,17.071,16.808,16.703,15.828,15.186,13.723,13.332,13.421,13.313,13.174,14.159
13.956,12.138,10.108,7.767,5.686,0.000,5.881,8.402,9.869,12.352,10.359,10.679,14.649,15.667,15.562,17.259,17.452,17.283,16.723,15.960,14.573,14.587,14.299,13.912,13.451,14.095
15.889,14.449,12.861,9.154,7.344,5.881,0.000,6.055,7.910,8.964,5.650,6.383,10.380,11.898,12.370,14.686,15.678,15.934,15.667,14.513,13.037,12.980,12.700,12.050,11.981,12.782
17.183,16.959,15.930,12.892,10.251,8.402,6.055,0.000,5.601,5.600,5.365,8.093,10.652,12.679,14.026,16.062,16.743,16.840,16.755,15.984,14.726,14.962,14.575,13.578,13.670,13.964
16.941,16.866,17.025,14.158,12.611,9.869,7.910,5.601,0.000,5.441,7.352,6.908,9.091,11.513,13.002,14.863,15.449,15.879,15.947,15.340,14.476,14.685,14.387,13.456,13.808,13.832
17.256,16.972,17.971,16.180,14.322,12.352,8.964,5.600,5.441,0.000,5.578,7.566,8.496,10.666,12.637,14.918,15.614,16.012,15.975,15.445,14.528,14.771,14.504,13.619,13.950,14.245
16.787,16.429,16.062,13.375,11.471,10.359,5.650,5.365,7.352,5.578,0.000,5.724,7.933,10.338,11.664,14.445,15.527,15.956,15.804,15.003,13.394,13.601,13.402,12.221,12.465,12.981
16.211,15.561,15.377,12.630,11.955,10.679,6.383,8.093,6.908,7.566,5.724,0.000,5.936,7.926,9.404,12.210,13.813,15.248,15.023,13.740,12.197,12.355,12.029,11.393,11.235,12.072
16.590,16.158,17.191,16.040,15.363,14.649,10.380,10.652,9.091,8.496,7.933,5.936,0.000,5.832,7.499,9.949,11.742,13.655,13.522,12.062,10.919,11.117,11.473,11.625,12.520,13.688
16.338,16.063,17.025,16.328,16.104,15.667,11.898,12.679,11.513,10.666,10.338,7.926,5.832,0.000,5.987,7.981,10.171,12.187,12.310,11.189,10.631,10.764,11.803,12.050,12.866,14.226
16.475,16.093,16.574,15.691,15.790,15.562,12.370,14.026,13.002,12.637,11.664,9.404,7.499,5.987,0.000,6.043,7.754,9.867,9.693,9.210,9.773,10.860,12.223,13.162,14.128,15.378
16.221,16.080,16.517,16.384,17.071,17.259,14.686,16.062,14.863,14.918,14.445,12.210,9.949,7.981,6.043,0.000,5.830,8.689,9.073,7.973,10.417,10.885,12.570,13.567,14.792,15.910
16.261,15.853,16.203,16.183,16.808,17.452,15.678,16.743,15.449,15.614,15.527,13.813,11.742,10.171,7.754,5.830,0.000,5.794,7.038,7.212,10.245,11.575,13.781,14.949,15.547,16.282
16.078,15.661,16.002,16.030,16.703,17.283,15.934,16.840,15.879,16.012,15.956,15.248,13.655,12.187,9.867,8.689,5.794,0.000,5.626,7.364,9.381,11.078,13.517,14.788,14.856,15.302
15.800,15.163,15.463,15.316,15.828,16.723,15.667,16.755,15.947,15.975,15.804,15.023,13.522,12.310,9.693,9.073,7.038,5.626,0.000,5.818,7.929,9.894,12.003,13.853,14.945,15.250
15.021,14.236,14.479,14.281,15.186,15.960,14.513,15.984,15.340,15.445,15.003,13.740,12.062,11.189,9.210,7.973,7.212,7.364,5.818,0.000,5.937,7.614,9.746,11.771,13.403,14.882
14.481,13.460,13.593,13.206,13.723,14.573,13.037,14.726,14.476,14.528,13.394,12.197,10.919,10.631,9.773,10.417,10.245,9.381,7.929,5.937,0.000,5.932,7.465,9.022,10.787,12.828
13.899,12.913,12.693,12.391,13.332,14.587,12.980,14.962,14.685,14.771,13.601,12.355,11.117,10.764,10.860,10.885,11.575,11.078,9.894,7.614,5.932,0.000,5.881,7.999,9.581,11.706
14.520,13.457,13.252,12.449,13.421,14.299,12.700,14.575,14.387,14.504,13.402,12.029,11.473,11.803,12.223,12.570,13.781,13.517,12.003,9.746,7.465,5.881,0.000,5.878,7.620,9.639
14.986,14.056,13.962,12.955,13.313,13.912,12.050,13.578,13.456,13.619,12.221,11.393,11.625,12.050,13.162,13.567,14.949,14.788,13.853,11.771,9.022,7.999,5.878,0.000,6.015,7.903
14.621,13.580,13.627,12.727,13.174,13.451,11.981,13.670,13.808,13.950,12.465,11.235,12.520,12.866,14.128,14.792,15.547,14.856,14.945,13.403,10.787,9.581,7.620,6.015,0.000,6.521
15.186,14.449,14.605,13.883,14.159,14.095,12.782,13.964,13.832,14.245,12.981,12.072,13.688,14.226,15.378,15.910,16.282,15.302,15.250,14.882,12.828,11.706,9.639,7.903,6.521,0.000