c1,c2,c3,c4,c5,c6,c7,c8,c9,c10,c11,c12,c13,c14,c15,c16,c17,c18,c19,c20,c21,c22,c23,c24,c25,c26
0.000,6.975,7.919,10.097,11.922,11.770,12.486,11.077,12.823,13.136,13.931,14.519,14.258,13.360,13.395,13.424,13.262,12.249,13.754,13.791,13.482,14.035,14.317,14.957,14.966,15.538
6.975,0.000,6.176,7.987,9.653,9.791,10.941,9.704,12.011,13.126,13.996,14.678,14.406,13.219,13.397,13.403,12.888,11.546,13.187,13.059,12.493,13.178,13.362,14.185,14.276,15.045
7.919,6.176,0.000,6.164,7.400,8.174,10.411,10.362,12.733,14.004,14.858,15.455,14.861,13.647,13.631,13.550,13.169,11.676,13.221,13.291,12.981,13.679,13.837,14.662,14.859,15.517
10.097,7.987,6.164,0.000,5.773,7.798,10.639,11.121,14.073,15.463,15.934,15.881,15.631,14.466,14.587,14.242,13.940,12.702,13.778,13.666,13.493,14.043,14.072,14.771,14.892,15.518
11.922,9.653,7.400,5.773,0.000,6.140,9.153,10.596,13.224,15.349,15.760,15.717,15.489,14.227,14.570,14.433,14.200,12.800,14.092,13.930,13.631,14.252,14.181,14.860,15.000,15.610
11.770,9.791,8.174,7.798,6.140,0.000,6.518,7.976,9.622,12.192,13.472,14.319,13.928,12.891,13.244,13.007,12.946,11.099,13.077,13.353,12.956,13.854,13.990,14.940,15.149,15.682
12.486,10.941,10.411,10.639,9.153,6.518,0.000,6.250,7.762,9.907,11.016,12.279,12.387,11.781,12.306,12.295,12.075,9.866,12.337,12.950,12.492,13.795,13.587,14.923,15.018,15.585
11.077,9.704,10.362,11.121,10.596,7.976,6.250,0.000,6.631,7.171,8.932,10.239,10.821,10.411,10.456,10.999,10.187,7.445,10.577,11.109,10.722,12.311,12.486,13.967,14.609,15.434
12.823,12.011,12.733,14.073,13.224,9.622,7.762,6.631,0.000,6.290,8.241,9.764,10.758,11.234,11.904,12.449,11.923,9.620,12.411,12.688,12.372,13.633,13.689,14.745,14.956,15.423
13.136,13.126,14.004,15.463,15.349,12.192,9.907,7.171,6.290,0.000,6.291,8.386,9.620,10.706,11.511,12.592,12.206,10.307,13.001,13.162,13.073,14.385,14.565,15.383,15.656,15.889
13.931,13.996,14.858,15.934,15.760,13.472,11.016,8.932,8.241,6.291,0.000,6.800,7.590,9.876,10.667,12.430,12.660,11.372,13.580,14.087,14.079,15.156,15.452,16.071,16.145,16.355
14.519,14.678,15.455,15.881,15.717,14.319,12.279,10.239,9.764,8.386,6.800,0.000,6.876,9.113,10.545,12.169,13.073,12.209,13.981,14.654,14.685,15.606,16.090,16.466,16.472,16.555
14.258,14.406,14.861,15.631,15.489,13.928,12.387,10.821,10.758,9.620,7.590,6.876,0.000,6.898,7.909,9.786,10.369,10.975,13.059,13.884,13.874,15.060,15.750,16.493,16.512,16.617
13.360,13.219,13.647,14.466,14.227,12.891,11.781,10.411,11.234,10.706,9.876,9.113,6.898,0.000,7.115,8.623,9.294,9.520,11.879,13.269,13.395,14.492,15.264,16.260,16.320,16.554
13.395,13.397,13.631,14.587,14.570,13.244,12.306,10.456,11.904,11.511,10.667,10.545,7.909,7.115,0.000,6.724,7.347,8.363,10.210,12.071,12.571,13.796,14.497,15.798,16.230,16.631
13.424,13.403,13.550,14.242,14.433,13.007,12.295,10.999,12.449,12.592,12.430,12.169,9.786,8.623,6.724,0.000,6.226,7.702,8.850,10.539,11.780,13.283,14.135,15.458,15.947,16.410
13.262,12.888,13.169,13.940,14.200,12.946,12.075,10.187,11.923,12.206,12.660,13.073,10.369,9.294,7.347,6.226,0.000,6.113,7.707,9.294,9.925,12.465,13.546,15.182,15.514,16.334
12.249,11.546,11.676,12.702,12.800,11.099,9.866,7.445,9.620,10.307,11.372,12.209,10.975,9.520,8.363,7.702,6.113,0.000,6.198,7.358,7.313,9.711,11.203,13.839,14.657,15.564
13.754,13.187,13.221,13.778,14.092,13.077,12.337,10.577,12.411,13.001,13.580,13.981,13.059,11.879,10.210,8.850,7.707,6.198,0.000,5.905,7.875,9.630,11.343,14.251,15.253,15.968
13.791,13.059,13.291,13.666,13.930,13.353,12.950,11.109,12.688,13.162,14.087,14.654,13.884,13.269,12.071,10.539,9.294,7.358,5.905,0.000,6.178,7.889,9.563,12.452,14.257,15.750
13.482,12.493,12.981,13.493,13.631,12.956,12.492,10.722,12.372,13.073,14.079,14.685,13.874,13.395,12.571,11.780,9.925,7.313,7.875,6.178,0.000,6.065,7.274,10.013,12.162,14.430
14.035,13.178,13.679,14.043,14.252,13.854,13.795,12.311,13.633,14.385,15.156,15.606,15.060,14.492,13.796,13.283,12.465,9.711,9.630,7.889,6.065,0.000,6.152,7.924,10.602,13.005
14.317,13.362,13.837,14.072,14.181,13.990,13.587,12.486,13.689,14.565,15.452,16.090,15.750,15.264,14.497,14.135,13.546,11.203,11.343,9.563,7.274,6.152,0.000,6.042,7.302,10.079
14.957,14.185,14.662,14.771,14.860,14.940,14.923,13.967,14.745,15.383,16.071,16.466,16.493,16.260,15.798,15.458,15.182,13.839,14.251,12.452,10.013,7.924,6.042,0.000,5.980,7.335
14.966,14.276,14.859,14.892,15.000,15.149,15.018,14.609,14.956,15.656,16.145,16.472,16.512,16.320,16.230,15.947,15.514,14.657,15.253,14.257,12.162,10.602,7.302,5.980,0.000,6.327
15.538,15.045,15.517,15.518,15.610,15.682,15.585,15.434,15.423,15.889,16.355,16.555,16.617,16.554,16.631,16.410,16.334,15.564,15.968,15.750,14.430,13.005,10.079,7.335,6.327,0.000