c1,c2,c3,c4,c5,c6,c7,c8,c9,c10,c11,c12,c13,c14,c15,c16,c17,c18,c19,c20,c21,c22,c23,c24,c25,c26
0.000,5.934,7.432,9.016,11.287,12.978,12.540,12.526,14.297,14.923,14.833,16.089,17.280,16.866,16.535,16.607,16.477,15.989,16.435,15.841,15.851,16.208,15.992,15.701,15.693,15.685
5.934,0.000,5.684,7.504,8.783,10.400,10.976,11.708,12.682,13.690,14.117,15.168,16.787,17.406,16.668,16.858,16.469,16.218,16.550,15.945,15.767,16.213,15.896,15.580,15.564,15.483
7.432,5.684,0.000,5.648,7.617,8.403,8.044,9.780,11.651,11.505,12.059,13.722,15.394,15.937,16.420,16.361,15.856,15.644,16.472,15.922,15.737,16.242,16.109,15.936,16.018,15.756
9.016,7.504,5.648,0.000,5.546,6.948,7.172,8.608,10.853,11.852,11.961,13.352,15.532,16.257,16.676,17.438,16.397,16.238,16.676,16.069,15.769,16.089,15.933,15.862,15.911,15.691
11.287,8.783,7.617,5.546,0.000,5.531,7.334,7.118,7.890,10.863,11.913,11.793,14.052,15.719,16.004,16.191,16.618,15.968,16.424,15.592,15.466,15.870,15.493,15.308,15.587,15.235
12.978,10.400,8.403,6.948,5.531,0.000,5.538,7.453,7.299,8.317,11.136,11.842,13.075,14.562,15.719,15.939,15.959,16.617,16.601,15.870,15.431,15.898,15.814,15.541,15.711,15.370
12.540,10.976,8.044,7.172,7.334,5.538,0.000,5.537,7.465,7.356,8.354,10.722,12.709,13.427,14.292,15.334,15.274,15.834,17.004,15.842,15.449,15.854,15.875,15.796,15.890,15.450
12.526,11.708,9.780,8.608,7.118,7.453,5.537,0.000,5.597,7.516,7.503,8.059,11.538,12.870,12.980,13.627,14.298,14.861,15.797,16.150,15.345,15.689,15.951,15.915,16.105,15.664
14.297,12.682,11.651,10.853,7.890,7.299,7.465,5.597,0.000,5.589,7.665,6.984,9.306,11.430,12.442,12.330,12.874,13.996,15.132,15.344,15.980,15.537,15.866,15.720,16.022,15.426
14.923,13.690,11.505,11.852,10.863,8.317,7.356,7.516,5.589,0.000,5.676,7.716,8.662,10.203,11.784,12.486,12.358,13.453,14.897,15.230,15.732,16.719,16.546,16.478,16.613,16.110
14.833,14.117,12.059,11.961,11.913,11.136,8.354,7.503,7.665,5.676,0.000,5.916,8.039,9.203,9.717,11.228,11.758,12.365,13.704,14.674,15.156,15.908,17.087,16.620,16.625,16.339
16.089,15.168,13.722,13.352,11.793,11.842,10.722,8.059,6.984,7.716,5.916,0.000,6.109,8.167,8.152,8.600,9.780,10.993,11.782,12.792,13.824,14.660,15.721,16.661,16.174,15.920
17.280,16.787,15.394,15.532,14.052,13.075,12.709,11.538,9.306,8.662,8.039,6.109,0.000,5.986,7.749,8.262,8.683,10.584,11.997,12.363,13.265,14.692,15.839,16.780,17.181,16.454
16.866,17.406,15.937,16.257,15.719,14.562,13.427,12.870,11.430,10.203,9.203,8.167,5.986,0.000,6.091,7.835,7.262,8.298,10.777,11.839,11.575,12.945,15.006,15.911,16.126,16.575
16.535,16.668,16.420,16.676,16.004,15.719,14.292,12.980,12.442,11.784,9.717,8.152,7.749,6.091,0.000,6.017,7.739,7.482,8.451,11.078,11.570,11.574,13.297,15.392,15.537,16.171
16.607,16.858,16.361,17.438,16.191,15.939,15.334,13.627,12.330,12.486,11.228,8.600,8.262,7.835,6.017,0.000,5.855,7.756,7.309,8.523,10.757,11.583,12.023,13.800,14.753,15.440
16.477,16.469,15.856,16.397,16.618,15.959,15.274,14.298,12.874,12.358,11.758,9.780,8.683,7.262,7.739,5.855,0.000,5.689,7.704,7.627,7.919,10.507,11.920,12.539,13.152,14.520
15.989,16.218,15.644,16.238,15.968,16.617,15.834,14.861,13.996,13.453,12.365,10.993,10.584,8.298,7.482,7.756,5.689,0.000,5.688,7.358,6.603,7.384,10.524,11.912,12.039,13.218
16.435,16.550,16.472,16.676,16.424,16.601,17.004,15.797,15.132,14.897,13.704,11.782,11.997,10.777,8.451,7.309,7.704,5.688,0.000,5.583,7.448,6.650,7.889,10.953,11.396,12.401
15.841,15.945,15.922,16.069,15.592,15.870,15.842,16.150,15.344,15.230,14.674,12.792,12.363,11.839,11.078,8.523,7.627,7.358,5.583,0.000,5.552,7.477,7.110,8.690,9.923,11.320
15.851,15.767,15.737,15.769,15.466,15.431,15.449,15.345,15.980,15.732,15.156,13.824,13.265,11.575,11.570,10.757,7.919,6.603,7.448,5.552,0.000,5.539,7.513,7.620,8.639,10.254
16.208,16.213,16.242,16.089,15.870,15.898,15.854,15.689,15.537,16.719,15.908,14.660,14.692,12.945,11.574,11.583,10.507,7.384,6.650,7.477,5.539,0.000,5.576,7.639,7.855,9.544
15.992,15.896,16.109,15.933,15.493,15.814,15.875,15.951,15.866,16.546,17.087,15.721,15.839,15.006,13.297,12.023,11.920,10.524,7.889,7.110,7.513,5.576,0.000,5.655,7.195,8.861
15.701,15.580,15.936,15.862,15.308,15.541,15.796,15.915,15.720,16.478,16.620,16.661,16.780,15.911,15.392,13.800,12.539,11.912,10.953,8.690,7.620,7.639,5.655,0.000,5.770,7.825
15.693,15.564,16.018,15.911,15.587,15.711,15.890,16.105,16.022,16.613,16.625,16.174,17.181,16.126,15.537,14.753,13.152,12.039,11.396,9.923,8.639,7.855,7.195,5.770,0.000,6.256
15.685,15.483,15.756,15.691,15.235,15.370,15.450,15.664,15.426,16.110,16.339,15.920,16.454,16.575,16.171,15.440,14.520,13.218,12.401,11.320,10.254,9.544,8.861,7.825,6.256,0.000