c1,c2,c3,c4,c5,c6,c7,c8,c9,c10,c11,c12,c13,c14,c15,c16,c17,c18,c19,c20,c21,c22,c23,c24,c25,c26
0.000,6.012,7.413,9.308,11.687,12.041,13.664,12.878,13.103,13.052,12.180,12.653,13.383,13.586,14.488,14.360,14.259,14.458,15.534,15.508,14.600,15.105,15.957,15.485,15.159,15.882
6.012,0.000,5.698,7.461,9.757,10.676,12.718,12.087,12.130,12.138,11.279,11.580,12.641,13.260,14.334,13.873,13.594,13.999,15.200,15.091,14.013,14.840,15.793,15.282,14.848,16.069
7.413,5.698,0.000,5.755,7.529,8.680,11.200,11.024,11.199,11.168,10.723,11.506,12.883,13.734,14.730,14.106,13.666,13.918,15.352,14.960,13.659,14.586,15.797,14.990,14.568,16.031
9.308,7.461,5.755,0.000,5.600,7.455,10.404,10.825,11.316,11.406,11.524,12.579,14.130,14.838,15.829,15.327,15.098,15.361,16.638,16.179,15.116,15.920,16.672,16.048,15.454,16.520
11.687,9.757,7.529,5.600,0.000,5.815,8.647,9.976,10.098,10.812,11.810,13.150,14.713,15.678,16.514,15.856,15.624,15.900,17.033,16.386,15.344,16.111,16.727,15.894,15.249,16.187
12.041,10.676,8.680,7.455,5.815,0.000,5.838,6.879,8.049,8.271,10.510,11.838,14.215,15.393,16.003,14.973,14.929,15.468,16.751,15.999,14.728,15.422,16.196,15.146,14.165,15.152
13.664,12.718,11.200,10.404,8.647,5.838,0.000,5.717,7.261,8.207,10.849,12.599,15.032,16.318,16.584,15.219,15.296,16.239,17.162,16.280,15.455,15.938,16.295,15.168,13.986,14.671
12.878,12.087,11.024,10.825,9.976,6.879,5.717,0.000,5.675,7.536,9.871,11.812,14.546,16.400,16.536,14.831,14.936,15.872,16.950,16.184,15.096,15.464,16.180,15.274,13.677,14.279
13.103,12.130,11.199,11.316,10.098,8.049,7.261,5.675,0.000,5.841,8.116,10.611,12.985,15.678,16.276,13.789,14.132,15.824,16.979,16.389,15.712,16.628,17.263,16.188,14.859,15.221
13.052,12.138,11.168,11.406,10.812,8.271,8.207,7.536,5.841,0.000,5.982,7.748,10.430,13.288,14.156,11.506,12.152,13.886,15.228,14.424,14.124,15.932,16.530,15.399,14.808,15.376
12.180,11.279,10.723,11.524,11.810,10.510,10.849,9.871,8.116,5.982,0.000,6.261,7.795,10.735,11.944,10.379,11.117,13.004,14.783,14.830,13.961,15.730,17.068,16.223,15.422,16.015
12.653,11.580,11.506,12.579,13.150,11.838,12.599,11.812,10.611,7.748,6.261,0.000,6.261,8.490,9.375,7.179,7.088,9.309,11.211,11.068,10.263,12.271,13.783,13.431,13.832,15.463
13.383,12.641,12.883,14.130,14.713,14.215,15.032,14.546,12.985,10.430,7.795,6.261,0.000,6.156,6.335,6.316,8.162,9.679,11.210,12.608,12.242,13.084,15.074,15.688,15.946,16.698
13.586,13.260,13.734,14.838,15.678,15.393,16.318,16.400,15.678,13.288,10.735,8.490,6.156,0.000,6.235,7.653,7.683,8.033,10.543,12.145,10.966,11.377,14.461,14.966,14.482,16.027
14.488,14.334,14.730,15.829,16.514,16.003,16.584,16.536,16.276,14.156,11.944,9.375,6.335,6.235,0.000,6.535,7.850,7.689,8.360,11.567,11.253,10.996,13.316,15.008,15.204,16.305
14.360,13.873,14.106,15.327,15.856,14.973,15.219,14.831,13.789,11.506,10.379,7.179,6.316,7.653,6.535,0.000,5.868,7.688,7.788,9.413,10.239,10.935,12.165,13.447,14.834,16.306
14.259,13.594,13.666,15.098,15.624,14.929,15.296,14.936,14.132,12.152,11.117,7.088,8.162,7.683,7.850,5.868,0.000,5.762,7.661,8.101,7.323,9.804,11.539,11.726,12.778,15.148
14.458,13.999,13.918,15.361,15.900,15.468,16.239,15.872,15.824,13.886,13.004,9.309,9.679,8.033,7.689,7.688,5.762,0.000,5.839,7.220,5.628,6.572,9.773,10.626,10.735,12.816
15.534,15.200,15.352,16.638,17.033,16.751,17.162,16.950,16.979,15.228,14.783,11.211,11.210,10.543,8.360,7.788,7.661,5.839,0.000,5.600,7.430,6.082,6.832,10.034,11.098,11.780
15.508,15.091,14.960,16.179,16.386,15.999,16.280,16.184,16.389,14.424,14.830,11.068,12.608,12.145,11.567,9.413,8.101,7.220,5.600,0.000,5.706,7.454,6.303,7.036,10.160,11.881
14.600,14.013,13.659,15.116,15.344,14.728,15.455,15.096,15.712,14.124,13.961,10.263,12.242,10.966,11.253,10.239,7.323,5.628,7.430,5.706,0.000,5.806,7.436,6.037,6.955,10.195
15.105,14.840,14.586,15.920,16.111,15.422,15.938,15.464,16.628,15.932,15.730,12.271,13.084,11.377,10.996,10.935,9.804,6.572,6.082,7.454,5.806,0.000,5.595,7.414,6.446,7.827
15.957,15.793,15.797,16.672,16.727,16.196,16.295,16.180,17.263,16.530,17.068,13.783,15.074,14.461,13.316,12.165,11.539,9.773,6.832,6.303,7.436,5.595,0.000,5.600,7.533,7.502
15.485,15.282,14.990,16.048,15.894,15.146,15.168,15.274,16.188,15.399,16.223,13.431,15.688,14.966,15.008,13.447,11.726,10.626,10.034,7.036,6.037,7.414,5.600,0.000,5.597,7.823
15.159,14.848,14.568,15.454,15.249,14.165,13.986,13.677,14.859,14.808,15.422,13.832,15.946,14.482,15.204,14.834,12.778,10.735,11.098,10.160,6.955,6.446,7.533,5.597,0.000,5.882
15.882,16.069,16.031,16.520,16.187,15.152,14.671,14.279,15.221,15.376,16.015,15.463,16.698,16.027,16.305,16.306,15.148,12.816,11.780,11.881,10.195,7.827,7.502,7.823,5.882,0.000