c1,c2,c3,c4,c5,c6,c7,c8,c9,c10,c11,c12,c13,c14,c15,c16,c17,c18,c19,c20,c21,c22,c23,c24,c25,c26
0.000,5.935,8.135,9.910,11.144,13.648,15.069,16.154,15.514,16.463,16.207,15.350,15.854,15.855,15.748,15.758,15.728,15.321,15.039,15.098,14.587,14.561,14.753,14.859,14.761,14.970
5.935,0.000,5.896,7.294,7.307,10.987,12.508,14.579,14.262,15.543,14.914,13.850,15.278,15.504,15.227,15.033,14.845,14.363,13.983,14.216,13.627,13.686,13.855,14.143,14.083,14.439
8.135,5.896,0.000,5.548,7.486,9.512,11.895,14.619,14.694,16.405,15.578,14.703,16.232,16.248,16.039,15.889,15.613,15.049,14.856,14.988,14.202,14.352,14.238,14.242,14.159,14.541
9.910,7.294,5.548,0.000,5.713,7.585,10.249,13.184,13.608,16.373,15.555,14.352,16.459,16.673,16.291,16.070,15.739,14.943,14.647,14.908,13.896,13.939,13.819,14.165,14.020,14.464
11.144,7.307,7.486,5.713,0.000,5.801,6.954,10.258,10.861,13.841,13.888,12.934,14.996,15.541,15.102,14.954,14.575,13.623,13.373,13.507,12.360,12.763,12.847,13.189,13.755,14.294
13.648,10.987,9.512,7.585,5.801,0.000,5.781,8.808,10.322,12.891,14.112,13.712,16.031,16.275,15.954,15.998,15.726,14.869,14.778,14.870,13.523,13.805,13.744,13.990,14.424,15.072
15.069,12.508,11.895,10.249,6.954,5.781,0.000,6.092,7.599,9.300,10.358,10.612,13.806,14.136,14.026,13.910,13.587,12.550,12.754,13.017,12.134,13.036,13.700,14.487,14.968,15.109
16.154,14.579,14.619,13.184,10.258,8.808,6.092,0.000,5.976,6.870,8.843,10.014,13.164,14.151,14.683,14.467,14.626,13.795,14.340,14.600,13.512,14.296,14.546,14.818,15.381,15.724
15.514,14.262,14.694,13.608,10.861,10.322,7.599,5.976,0.000,6.110,7.594,7.208,10.494,12.254,13.474,12.982,13.094,12.142,12.626,13.722,13.574,14.334,15.039,15.634,15.767,16.168
16.463,15.543,16.405,16.373,13.841,12.891,9.300,6.870,6.110,0.000,5.851,7.732,9.967,11.754,13.329,13.301,13.635,13.104,13.747,14.810,14.836,15.910,15.971,16.084,16.312,16.762
16.207,14.914,15.578,15.555,13.888,14.112,10.358,8.843,7.594,5.851,0.000,6.161,7.911,9.618,10.878,11.134,12.506,12.188,12.821,14.293,14.428,15.700,16.444,16.577,17.006,16.980
15.350,13.850,14.703,14.352,12.934,13.712,10.612,10.014,7.208,7.732,6.161,0.000,6.211,8.441,9.214,9.239,11.212,11.279,11.615,12.802,13.340,14.524,15.550,16.351,16.487,16.514
15.854,15.278,16.232,16.459,14.996,16.031,13.806,13.164,10.494,9.967,7.911,6.211,0.000,6.319,7.622,7.979,9.772,11.217,12.512,12.990,13.688,15.076,16.055,16.938,17.336,16.932
15.855,15.504,16.248,16.673,15.541,16.275,14.136,14.151,12.254,11.754,9.618,8.441,6.319,0.000,6.128,7.596,8.992,10.052,12.059,13.235,13.065,14.120,15.458,16.475,17.037,16.983
15.748,15.227,16.039,16.291,15.102,15.954,14.026,14.683,13.474,13.329,10.878,9.214,7.622,6.128,0.000,6.320,7.893,8.625,9.847,12.647,13.194,12.905,13.893,15.645,16.333,16.553
15.758,15.033,15.889,16.070,14.954,15.998,13.910,14.467,12.982,13.301,11.134,9.239,7.979,7.596,6.320,0.000,6.054,7.592,8.314,9.789,12.733,13.565,12.933,14.437,15.729,16.115
15.728,14.845,15.613,15.739,14.575,15.726,13.587,14.626,13.094,13.635,12.506,11.212,9.772,8.992,7.893,6.054,0.000,5.892,7.433,8.109,10.000,12.582,13.559,13.792,14.531,15.581
15.321,14.363,15.049,14.943,13.623,14.869,12.550,13.795,12.142,13.104,12.188,11.279,11.217,10.052,8.625,7.592,5.892,0.000,5.757,7.404,8.319,9.794,12.862,13.879,13.802,14.488
15.039,13.983,14.856,14.647,13.373,14.778,12.754,14.340,12.626,13.747,12.821,11.615,12.512,12.059,9.847,8.314,7.433,5.757,0.000,5.710,7.569,8.477,10.569,12.711,13.881,13.838
15.098,14.216,14.988,14.908,13.507,14.870,13.017,14.600,13.722,14.810,14.293,12.802,12.990,13.235,12.647,9.789,8.109,7.404,5.710,0.000,5.662,7.314,8.581,10.437,12.610,13.688
14.587,13.627,14.202,13.896,12.360,13.523,12.134,13.512,13.574,14.836,14.428,13.340,13.688,13.065,13.194,12.733,10.000,8.319,7.569,5.662,0.000,5.626,7.658,8.809,10.854,12.077
14.561,13.686,14.352,13.939,12.763,13.805,13.036,14.296,14.334,15.910,15.700,14.524,15.076,14.120,12.905,13.565,12.582,9.794,8.477,7.314,5.626,0.000,5.627,7.145,8.942,10.435
14.753,13.855,14.238,13.819,12.847,13.744,13.700,14.546,15.039,15.971,16.444,15.550,16.055,15.458,13.893,12.933,13.559,12.862,10.569,8.581,7.658,5.627,0.000,5.694,7.723,9.501
14.859,14.143,14.242,14.165,13.189,13.990,14.487,14.818,15.634,16.084,16.577,16.351,16.938,16.475,15.645,14.437,13.792,13.879,12.711,10.437,8.809,7.145,5.694,0.000,5.873,7.714
14.761,14.083,14.159,14.020,13.755,14.424,14.968,15.381,15.767,16.312,17.006,16.487,17.336,17.037,16.333,15.729,14.531,13.802,13.881,12.610,10.854,8.942,7.723,5.873,0.000,6.163
14.970,14.439,14.541,14.464,14.294,15.072,15.109,15.724,16.168,16.762,16.980,16.514,16.932,16.983,16.553,16.115,15.581,14.488,13.838,13.688,12.077,10.435,9.501,7.714,6.163,0.000