c1,c2,c3,c4,c5,c6,c7,c8,c9,c10,c11,c12,c13,c14,c15,c16,c17,c18,c19,c20,c21,c22,c23,c24,c25,c26
0.000,5.838,8.217,10.023,12.723,15.396,16.732,17.787,17.452,17.671,16.822,15.358,15.034,13.832,13.247,13.298,13.824,14.180,15.110,15.081,15.070,15.699,16.147,15.868,15.971,16.085
5.838,0.000,5.739,7.545,9.027,12.571,13.972,17.176,16.799,17.012,15.307,12.968,13.272,11.956,11.968,12.249,12.398,13.226,14.317,14.242,14.091,15.150,15.927,15.663,15.675,15.979
8.217,5.739,0.000,5.607,7.224,10.451,12.415,16.478,16.912,17.027,14.428,12.460,13.347,13.170,12.486,13.322,13.375,13.779,14.742,14.670,14.283,15.413,16.179,15.644,15.857,16.196
10.023,7.545,5.607,0.000,5.686,7.579,10.153,14.030,14.213,15.357,12.620,10.031,12.458,12.882,13.015,14.530,14.444,14.787,15.999,15.492,14.568,15.943,16.755,15.992,15.954,16.411
12.723,9.027,7.224,5.686,0.000,5.729,6.638,10.933,12.346,12.953,9.669,8.619,10.848,12.337,11.599,14.036,14.509,14.417,15.299,14.865,13.945,14.919,15.525,14.954,15.258,15.837
15.396,12.571,10.451,7.579,5.729,0.000,5.807,8.601,9.982,11.454,9.384,9.103,12.515,14.010,14.323,16.566,16.600,16.379,17.301,16.866,15.208,16.267,17.017,16.097,16.109,16.592
16.732,13.972,12.415,10.153,6.638,5.807,0.000,5.827,7.701,8.329,5.027,6.259,9.109,11.151,11.558,14.042,14.080,13.728,14.764,14.965,14.268,15.136,15.648,14.945,15.060,15.332
17.787,17.176,16.478,14.030,10.933,8.601,5.827,0.000,5.544,6.091,6.306,8.850,11.100,13.227,14.559,15.382,15.146,15.600,16.801,16.932,15.716,16.234,16.521,15.677,15.474,15.656
17.452,16.799,16.912,14.213,12.346,9.982,7.701,5.544,0.000,5.380,7.480,8.007,10.195,13.404,14.862,14.186,14.009,15.139,16.284,16.305,15.931,16.327,16.772,15.884,15.954,15.980
17.671,17.012,17.027,15.357,12.953,11.454,8.329,6.091,5.380,0.000,5.778,7.760,9.184,11.224,13.774,14.434,13.376,14.286,15.920,16.034,15.769,17.084,17.161,16.213,15.945,16.154
16.822,15.307,14.428,12.620,9.669,9.384,5.027,6.306,7.480,5.778,0.000,5.937,7.886,9.536,11.201,13.626,13.334,13.132,14.480,14.844,14.501,15.903,16.935,15.620,15.645,15.801
15.358,12.968,12.460,10.031,8.619,9.103,6.259,8.850,8.007,7.760,5.937,0.000,5.830,8.032,9.741,11.457,11.948,12.399,13.508,13.698,14.038,15.491,16.473,16.502,16.459,16.559
15.034,13.272,13.347,12.458,10.848,12.515,9.109,11.100,10.195,9.184,7.886,5.830,0.000,5.933,7.504,9.387,9.113,9.729,11.413,11.404,11.701,13.606,14.998,15.159,16.046,16.075
13.832,11.956,13.170,12.882,12.337,14.010,11.151,13.227,13.404,11.224,9.536,8.032,5.933,0.000,5.893,7.622,8.981,9.205,10.777,11.359,12.187,13.623,15.298,15.972,17.086,17.402
13.247,11.968,12.486,13.015,11.599,14.323,11.558,14.559,14.862,13.774,11.201,9.741,7.504,5.893,0.000,5.973,7.385,6.965,7.613,9.073,10.347,11.097,12.829,14.310,15.585,16.266
13.298,12.249,13.322,14.530,14.036,16.566,14.042,15.382,14.186,14.434,13.626,11.457,9.387,7.622,5.973,0.000,5.775,7.556,6.949,7.432,10.132,11.222,11.884,13.279,15.549,16.375
13.824,12.398,13.375,14.444,14.509,16.600,14.080,15.146,14.009,13.376,13.334,11.948,9.113,8.981,7.385,5.775,0.000,5.568,7.409,6.648,7.380,10.160,11.452,11.732,13.739,15.425
14.180,13.226,13.779,14.787,14.417,16.379,13.728,15.600,15.139,14.286,13.132,12.399,9.729,9.205,6.965,7.556,5.568,0.000,5.591,7.461,6.266,7.067,10.358,11.342,12.168,13.635
15.110,14.317,14.742,15.999,15.299,17.301,14.764,16.801,16.284,15.920,14.480,13.508,11.413,10.777,7.613,6.949,7.409,5.591,0.000,5.554,7.480,6.253,7.469,10.381,12.090,12.950
15.081,14.242,14.670,15.492,14.865,16.866,14.965,16.932,16.305,16.034,14.844,13.698,11.404,11.359,9.073,7.432,6.648,7.461,5.554,0.000,5.595,7.461,6.596,7.599,10.782,12.165
15.070,14.091,14.283,14.568,13.945,15.208,14.268,15.716,15.931,15.769,14.501,14.038,11.701,12.187,10.347,10.132,7.380,6.266,7.480,5.595,0.000,5.562,7.493,6.438,8.155,10.047
15.699,15.150,15.413,15.943,14.919,16.267,15.136,16.234,16.327,17.084,15.903,15.491,13.606,13.623,11.097,11.222,10.160,7.067,6.253,7.461,5.562,0.000,5.508,7.498,7.634,8.899
16.147,15.927,16.179,16.755,15.525,17.017,15.648,16.521,16.772,17.161,16.935,16.473,14.998,15.298,12.829,11.884,11.452,10.358,7.469,6.596,7.493,5.508,0.000,5.787,7.756,8.908
15.868,15.663,15.644,15.992,14.954,16.097,14.945,15.677,15.884,16.213,15.620,16.502,15.159,15.972,14.310,13.279,11.732,11.342,10.381,7.599,6.438,7.498,5.787,0.000,5.775,7.918
15.971,15.675,15.857,15.954,15.258,16.109,15.060,15.474,15.954,15.945,15.645,16.459,16.046,17.086,15.585,15.549,13.739,12.168,12.090,10.782,8.155,7.634,7.756,5.775,0.000,6.157
16.085,15.979,16.196,16.411,15.837,16.592,15.332,15.656,15.980,16.154,15.801,16.559,16.075,17.402,16.266,16.375,15.425,13.635,12.950,12.165,10.047,8.899,8.908,7.918,6.157,0.000