c1,c2,c3,c4,c5,c6,c7,c8,c9,c10,c11,c12,c13,c14,c15,c16,c17,c18,c19,c20,c21,c22,c23,c24,c25,c26
0.000,5.897,7.843,9.105,8.073,9.784,11.877,11.765,12.018,13.749,15.087,15.462,16.578,17.230,17.401,17.444,17.650,17.453,17.223,16.663,16.243,16.470,16.147,15.858,15.786,15.761
5.897,0.000,5.748,6.333,5.481,8.023,10.104,10.713,11.123,13.007,14.238,14.302,16.087,18.089,17.914,18.143,17.977,17.602,17.503,16.854,16.198,16.350,15.637,15.285,15.292,15.228
7.843,5.748,0.000,5.408,7.342,7.342,8.182,11.009,11.842,11.749,13.139,15.098,16.057,17.011,18.588,18.388,18.095,17.693,17.830,17.082,16.435,16.580,15.799,15.463,15.416,15.357
9.105,6.333,5.408,0.000,5.504,7.487,6.783,7.985,10.791,11.919,11.312,12.965,15.240,16.031,16.735,18.561,18.150,17.783,17.580,16.886,16.050,16.271,15.366,15.013,15.234,15.223
8.073,5.481,7.342,5.504,0.000,5.463,7.230,6.716,7.497,10.953,11.913,11.307,13.109,15.312,15.822,17.031,18.150,17.293,17.411,16.647,15.640,15.772,14.771,14.257,14.620,14.710
9.784,8.023,7.342,7.487,5.463,0.000,5.428,7.506,6.782,8.010,11.159,11.873,11.690,13.555,15.593,16.721,16.952,17.678,17.235,16.692,15.714,15.892,14.752,14.246,14.481,14.558
11.877,10.104,8.182,6.783,7.230,5.428,0.000,5.493,7.281,6.818,7.828,10.639,12.068,12.072,13.714,16.122,16.401,16.547,17.426,16.066,15.283,15.601,15.141,14.658,15.042,15.201
11.765,10.713,11.009,7.985,6.716,7.506,5.493,0.000,5.511,7.383,6.896,7.603,10.963,12.122,12.142,14.513,15.452,15.584,15.986,16.096,14.378,15.051,14.776,14.585,14.999,15.341
12.018,11.123,11.842,10.791,7.497,6.782,7.281,5.511,0.000,5.466,7.410,6.487,7.857,10.967,12.231,13.525,14.269,15.077,15.320,15.027,14.662,14.372,14.528,14.411,14.880,14.936
13.749,13.007,11.749,11.919,10.953,8.010,6.818,7.383,5.466,0.000,5.496,7.414,7.099,8.732,11.487,13.591,13.624,14.067,14.937,14.718,14.319,15.430,15.088,14.767,15.304,15.711
15.087,14.238,13.139,11.312,11.913,11.159,7.828,6.896,7.410,5.496,0.000,5.613,7.530,7.483,8.871,12.210,12.948,12.610,13.241,13.481,13.108,14.382,15.730,14.974,15.497,15.953
15.462,14.302,15.098,12.965,11.307,11.873,10.639,7.603,6.487,7.414,5.613,0.000,5.747,7.696,7.760,10.461,11.389,11.330,11.532,11.562,12.018,13.275,14.572,15.208,15.623,16.189
16.578,16.087,16.057,15.240,13.109,11.690,12.068,10.963,7.857,7.099,7.530,5.747,0.000,5.844,7.742,9.630,10.253,10.423,10.900,10.770,11.415,12.814,14.141,14.830,16.085,16.274
17.230,18.089,17.011,16.031,15.312,13.555,12.072,12.122,10.967,8.732,7.483,7.696,5.844,0.000,5.979,8.494,8.719,8.183,9.178,9.827,10.316,12.215,13.924,14.629,15.844,16.629
17.401,17.914,18.588,16.735,15.822,15.593,13.714,12.142,12.231,11.487,8.871,7.760,7.742,5.979,0.000,5.756,6.953,7.036,7.345,9.358,10.216,11.553,13.132,14.222,15.562,16.492
17.444,18.143,18.388,18.561,17.031,16.721,16.122,14.513,13.525,13.591,12.210,10.461,9.630,8.494,5.756,0.000,5.729,7.764,7.692,9.469,11.175,12.690,13.180,13.794,15.480,16.508
17.650,17.977,18.095,18.150,18.150,16.952,16.401,15.452,14.269,13.624,12.948,11.389,10.253,8.719,6.953,5.729,0.000,5.656,7.130,8.317,9.596,11.883,12.833,12.753,14.172,15.591
17.453,17.602,17.693,17.783,17.293,17.678,16.547,15.584,15.077,14.067,12.610,11.330,10.423,8.183,7.036,7.764,5.656,0.000,5.773,7.889,8.821,10.192,12.197,12.918,13.621,14.928
17.223,17.503,17.830,17.580,17.411,17.235,17.426,15.986,15.320,14.937,13.241,11.532,10.900,9.178,7.345,7.692,7.130,5.773,0.000,5.724,7.580,8.104,9.507,11.437,13.008,13.948
16.663,16.854,17.082,16.886,16.647,16.692,16.066,16.096,15.027,14.718,13.481,11.562,10.770,9.827,9.358,9.469,8.317,7.889,5.724,0.000,5.697,7.178,7.835,9.262,11.637,13.075
16.243,16.198,16.435,16.050,15.640,15.714,15.283,14.378,14.662,14.319,13.108,12.018,11.415,10.316,10.216,11.175,9.596,8.821,7.580,5.697,0.000,5.753,7.826,7.924,9.673,11.878
16.470,16.350,16.580,16.271,15.772,15.892,15.601,15.051,14.372,15.430,14.382,13.275,12.814,12.215,11.553,12.690,11.883,10.192,8.104,7.178,5.753,0.000,5.811,7.659,8.192,9.895
16.147,15.637,15.799,15.366,14.771,14.752,15.141,14.776,14.528,15.088,15.730,14.572,14.141,13.924,13.132,13.180,12.833,12.197,9.507,7.835,7.826,5.811,0.000,5.774,7.378,8.978
15.858,15.285,15.463,15.013,14.257,14.246,14.658,14.585,14.411,14.767,14.974,15.208,14.830,14.629,14.222,13.794,12.753,12.918,11.437,9.262,7.924,7.659,5.774,0.000,5.855,8.090
15.786,15.292,15.416,15.234,14.620,14.481,15.042,14.999,14.880,15.304,15.497,15.623,16.085,15.844,15.562,15.480,14.172,13.621,13.008,11.637,9.673,8.192,7.378,5.855,0.000,6.107
15.761,15.228,15.357,15.223,14.710,14.558,15.201,15.341,14.936,15.711,15.953,16.189,16.274,16.629,16.492,16.508,15.591,14.928,13.948,13.075,11.878,9.895,8.978,8.090,6.107,0.000