c1,c2,c3,c4,c5,c6,c7,c8,c9,c10,c11,c12,c13,c14,c15,c16,c17,c18,c19,c20,c21,c22,c23,c24,c25,c26
0.000,6.037,7.575,10.405,12.672,15.308,15.977,15.886,15.190,15.448,15.144,15.333,15.803,15.900,16.032,15.943,15.946,15.885,16.093,15.700,15.346,15.580,15.743,15.325,15.347,15.361
6.037,0.000,5.890,7.628,9.945,12.841,14.521,15.427,14.570,15.024,14.840,14.969,15.523,15.405,15.461,15.602,15.734,15.575,15.771,15.501,14.998,15.542,15.694,15.305,15.123,15.155
7.575,5.890,0.000,5.932,7.219,10.320,12.096,14.228,14.187,14.415,14.155,14.560,14.910,14.571,14.511,14.615,14.935,14.933,15.085,14.915,14.137,15.226,15.382,14.876,14.877,14.979
10.405,7.628,5.932,0.000,5.971,7.663,10.225,12.476,13.760,14.987,14.545,14.598,14.761,14.384,14.185,14.496,14.809,15.031,14.888,14.680,13.508,15.137,15.515,15.157,15.098,15.063
12.672,9.945,7.219,5.971,0.000,6.088,7.082,9.895,11.130,13.215,13.334,13.401,13.314,12.799,12.653,13.259,13.881,14.196,13.748,13.420,12.022,13.955,14.455,14.506,14.759,14.838
15.308,12.841,10.320,7.663,6.088,0.000,5.957,8.454,10.167,12.160,13.047,13.544,13.095,12.464,12.244,12.952,13.650,13.898,13.311,12.915,10.874,13.393,13.944,14.022,14.682,14.828
15.977,14.521,12.096,10.225,7.082,5.957,0.000,6.025,7.588,9.962,10.713,11.681,11.854,11.870,11.800,13.026,13.857,14.098,13.029,12.593,10.081,12.703,13.080,13.212,14.059,14.373
15.886,15.427,14.228,12.476,9.895,8.454,6.025,0.000,6.182,7.071,8.391,10.165,10.162,11.121,10.816,11.701,12.849,12.781,11.182,10.137,7.634,10.239,10.923,11.451,12.970,13.727
15.190,14.570,14.187,13.760,11.130,10.167,7.588,6.182,0.000,6.103,7.856,9.683,10.604,12.008,12.068,13.561,14.181,14.567,13.132,12.297,9.621,12.012,12.505,12.407,13.392,14.310
15.448,15.024,14.415,14.987,13.215,12.160,9.962,7.071,6.103,0.000,6.123,8.005,8.818,10.912,11.415,13.046,14.272,14.098,12.541,11.848,9.132,11.218,12.009,12.433,13.483,14.471
15.144,14.840,14.155,14.545,13.334,13.047,10.713,8.391,7.856,6.123,0.000,6.571,7.904,10.065,11.179,13.333,14.818,14.783,13.406,12.945,10.865,12.543,13.412,13.662,14.801,15.531
15.333,14.969,14.560,14.598,13.401,13.544,11.681,10.165,9.683,8.005,6.571,0.000,6.672,8.631,10.612,12.595,14.613,15.302,13.892,13.394,12.078,13.553,14.186,14.706,15.579,16.257
15.803,15.523,14.910,14.761,13.314,13.095,11.854,10.162,10.604,8.818,7.904,6.672,0.000,7.017,7.971,10.406,12.525,13.802,12.749,12.939,11.761,13.247,14.215,14.860,15.908,16.504
15.900,15.405,14.571,14.384,12.799,12.464,11.870,11.121,12.008,10.912,10.065,8.631,7.017,0.000,7.360,8.259,10.605,11.941,11.453,12.327,11.825,12.911,14.246,14.898,15.853,16.320
16.032,15.461,14.511,14.185,12.653,12.244,11.800,10.816,12.068,11.415,11.179,10.612,7.971,7.360,0.000,7.325,8.322,10.066,9.575,11.051,10.827,12.312,13.311,14.233,15.517,16.198
15.943,15.602,14.615,14.496,13.259,12.952,13.026,11.701,13.561,13.046,13.333,12.595,10.406,8.259,7.325,0.000,6.992,7.545,7.249,9.386,10.201,11.798,13.115,13.910,15.058,15.631
15.946,15.734,14.935,14.809,13.881,13.650,13.857,12.849,14.181,14.272,14.818,14.613,12.525,10.605,8.322,6.992,0.000,6.157,7.920,10.148,11.135,13.278,14.393,14.399,15.289,16.207
15.885,15.575,14.933,15.031,14.196,13.898,14.098,12.781,14.567,14.098,14.783,15.302,13.802,11.941,10.066,7.545,6.157,0.000,6.324,8.473,10.266,11.577,13.213,13.880,14.633,15.399
16.093,15.771,15.085,14.888,13.748,13.311,13.029,11.182,13.132,12.541,13.406,13.892,12.749,11.453,9.575,7.249,7.920,6.324,0.000,6.280,7.996,9.163,10.812,12.602,13.980,14.673
15.700,15.501,14.915,14.680,13.420,12.915,12.593,10.137,12.297,11.848,12.945,13.394,12.939,12.327,11.051,9.386,10.148,8.473,6.280,0.000,6.386,7.475,8.490,10.301,12.496,13.757
15.346,14.998,14.137,13.508,12.022,10.874,10.081,7.634,9.621,9.132,10.865,12.078,11.761,11.825,10.827,10.201,11.135,10.266,7.996,6.386,0.000,6.268,7.597,8.375,10.339,12.286
15.580,15.542,15.226,15.137,13.955,13.393,12.703,10.239,12.012,11.218,12.543,13.553,13.247,12.911,12.312,11.798,13.278,11.577,9.163,7.475,6.268,0.000,6.678,7.805,9.306,10.683
15.743,15.694,15.382,15.515,14.455,13.944,13.080,10.923,12.505,12.009,13.412,14.186,14.215,14.246,13.311,13.115,14.393,13.213,10.812,8.490,7.597,6.678,0.000,6.611,7.857,9.488
15.325,15.305,14.876,15.157,14.506,14.022,13.212,11.451,12.407,12.433,13.662,14.706,14.860,14.898,14.233,13.910,14.399,13.880,12.602,10.301,8.375,7.805,6.611,0.000,6.731,8.094
15.347,15.123,14.877,15.098,14.759,14.682,14.059,12.970,13.392,13.483,14.801,15.579,15.908,15.853,15.517,15.058,15.289,14.633,13.980,12.496,10.339,9.306,7.857,6.731,0.000,6.841
15.361,15.155,14.979,15.063,14.838,14.828,14.373,13.727,14.310,14.471,15.531,16.257,16.504,16.320,16.198,15.631,16.207,15.399,14.673,13.757,12.286,10.683,9.488,8.094,6.841,0.000