c1,c2,c3,c4,c5,c6,c7,c8,c9,c10,c11,c12,c13,c14,c15,c16,c17,c18,c19,c20,c21,c22,c23,c24,c25,c26
0.000,6.106,7.371,8.287,9.583,11.684,12.805,12.507,13.011,14.713,15.567,15.839,16.872,16.436,15.731,15.389,15.185,14.583,14.779,14.165,13.277,13.957,14.275,14.201,14.395,15.019
6.106,0.000,5.674,7.266,7.722,9.010,11.563,11.772,11.552,13.246,14.998,15.038,15.779,16.830,15.623,15.239,14.818,14.119,14.402,13.485,12.297,13.363,13.748,13.754,14.047,14.880
7.371,5.674,0.000,5.560,7.284,7.659,8.902,10.958,11.525,12.139,13.713,14.638,15.473,16.076,16.555,15.203,14.689,13.941,14.113,13.196,11.819,13.022,13.569,13.831,14.202,14.965
8.287,7.266,5.560,0.000,5.620,7.702,8.004,8.557,10.757,12.085,12.710,13.364,15.316,15.919,16.079,16.648,15.159,14.284,14.433,13.216,11.506,12.656,13.308,13.583,14.031,15.023
9.583,7.722,7.284,5.620,0.000,5.748,7.051,6.588,7.578,10.494,11.842,11.756,13.594,15.061,15.211,15.272,15.789,13.897,13.874,12.461,10.541,12.121,12.802,13.299,13.786,14.751
11.684,9.010,7.659,7.702,5.748,0.000,5.625,7.778,7.375,8.290,11.387,11.917,12.779,14.011,14.994,15.139,15.242,15.716,14.860,13.701,11.796,13.127,14.134,14.301,14.421,15.396
12.805,11.563,8.902,8.004,7.051,5.625,0.000,5.609,7.617,7.334,9.038,10.963,12.757,13.249,14.201,14.788,14.926,15.080,16.051,13.630,12.043,13.547,14.247,14.842,14.924,15.655
12.507,11.772,10.958,8.557,6.588,7.778,5.609,0.000,5.817,7.664,8.195,8.841,12.047,13.200,13.254,13.558,14.281,14.517,15.225,15.182,12.630,14.122,14.607,15.080,15.277,15.921
13.011,11.552,11.525,10.757,7.578,7.375,7.617,5.817,0.000,5.863,7.659,7.086,9.154,11.454,12.303,11.800,12.353,13.433,14.075,13.887,14.451,14.211,14.811,15.224,15.513,16.142
14.713,13.246,12.139,12.085,10.494,8.290,7.334,7.664,5.863,0.000,5.910,7.885,8.885,10.555,12.196,12.431,12.402,13.435,14.748,14.706,14.953,16.543,16.060,16.171,16.308,16.719
15.567,14.998,13.713,12.710,11.842,11.387,9.038,8.195,7.659,5.910,0.000,6.093,8.031,9.480,10.462,11.566,12.297,12.688,13.915,14.611,14.954,16.120,17.031,16.333,16.457,16.884
15.839,15.038,14.638,13.364,11.756,11.917,10.963,8.841,7.086,7.885,6.093,0.000,6.312,8.489,8.771,9.201,10.754,12.017,12.312,13.068,14.217,15.285,15.927,16.721,16.181,16.712
16.872,15.779,15.473,15.316,13.594,12.779,12.757,12.047,9.154,8.885,8.031,6.312,0.000,6.544,7.875,8.199,9.155,11.378,12.347,12.375,13.471,15.243,15.911,16.433,17.068,16.901
16.436,16.830,16.076,15.919,15.061,14.011,13.249,13.200,11.454,10.555,9.480,8.489,6.544,0.000,6.434,8.110,8.328,9.594,11.796,12.342,12.422,13.949,15.546,16.104,16.546,17.186
15.731,15.623,16.555,16.079,15.211,14.994,14.201,13.254,12.303,12.196,10.462,8.771,7.875,6.434,0.000,6.492,7.914,8.153,9.217,11.283,12.112,12.547,13.812,15.394,15.939,16.587
15.389,15.239,15.203,16.648,15.272,15.139,14.788,13.558,11.800,12.431,11.566,9.201,8.199,8.110,6.492,0.000,6.340,7.709,7.749,8.503,10.931,12.126,12.451,14.072,15.207,16.082
15.185,14.818,14.689,15.159,15.789,15.242,14.926,14.281,12.353,12.402,12.297,10.754,9.155,8.328,7.914,6.340,0.000,5.932,7.732,7.781,8.544,11.365,12.342,13.275,14.012,15.751
14.583,14.119,13.941,14.284,13.897,15.716,15.080,14.517,13.433,13.435,12.688,12.017,11.378,9.594,8.153,7.709,5.932,0.000,5.903,7.558,7.136,8.476,11.163,12.417,12.846,14.483
14.779,14.402,14.113,14.433,13.874,14.860,16.051,15.225,14.075,14.748,13.915,12.312,12.347,11.796,9.217,7.749,7.732,5.903,0.000,5.732,7.532,7.582,8.908,11.649,12.637,13.862
14.165,13.485,13.196,13.216,12.461,13.701,13.630,15.182,13.887,14.706,14.611,13.068,12.375,12.342,11.283,8.503,7.781,7.558,5.732,0.000,5.755,7.597,7.685,9.583,11.158,12.963
13.277,12.297,11.819,11.506,10.541,11.796,12.043,12.630,14.451,14.953,14.954,14.217,13.471,12.422,12.112,10.931,8.544,7.136,7.532,5.755,0.000,5.761,7.452,8.283,9.262,11.591
13.957,13.363,13.022,12.656,12.121,13.127,13.547,14.122,14.211,16.543,16.120,15.285,15.243,13.949,12.547,12.126,11.365,8.476,7.582,7.597,5.761,0.000,5.883,8.002,8.601,10.193
14.275,13.748,13.569,13.308,12.802,14.134,14.247,14.607,14.811,16.060,17.031,15.927,15.911,15.546,13.812,12.451,12.342,11.163,8.908,7.685,7.452,5.883,0.000,5.752,7.397,8.919
14.201,13.754,13.831,13.583,13.299,14.301,14.842,15.080,15.224,16.171,16.333,16.721,16.433,16.104,15.394,14.072,13.275,12.417,11.649,9.583,8.283,8.002,5.752,0.000,5.830,8.157
14.395,14.047,14.202,14.031,13.786,14.421,14.924,15.277,15.513,16.308,16.457,16.181,17.068,16.546,15.939,15.207,14.012,12.846,12.637,11.158,9.262,8.601,7.397,5.830,0.000,6.176
15.019,14.880,14.965,15.023,14.751,15.396,15.655,15.921,16.142,16.719,16.884,16.712,16.901,17.186,16.587,16.082,15.751,14.483,13.862,12.963,11.591,10.193,8.919,8.157,6.176,0.000