c1,c2,c3,c4,c5,c6,c7,c8,c9,c10,c11,c12,c13,c14,c15,c16,c17,c18,c19,c20,c21,c22,c23,c24,c25,c26
0.000,6.954,8.500,10.940,13.664,15.134,17.731,17.066,15.241,13.905,10.088,9.930,10.259,11.550,13.514,13.504,13.383,13.955,15.294,15.638,15.962,16.893,17.523,17.381,17.601,17.154
6.954,0.000,6.087,8.332,11.324,13.465,16.129,14.622,12.469,10.716,6.577,7.642,8.144,10.239,12.454,12.316,11.872,12.682,14.268,14.679,14.730,16.394,17.445,17.559,17.848,17.406
8.500,6.087,0.000,6.091,8.346,9.808,12.772,12.534,11.305,9.939,7.267,5.492,8.533,9.315,11.127,10.194,9.053,9.064,11.191,11.731,11.758,13.609,15.188,15.726,16.565,16.585
10.940,8.332,6.091,0.000,6.272,7.541,9.918,8.886,6.167,7.005,5.891,7.155,10.770,12.576,14.707,13.165,12.286,12.222,14.030,13.279,11.935,14.724,16.177,16.151,16.735,16.829
13.664,11.324,8.346,6.272,0.000,6.240,6.066,4.898,6.772,4.967,7.609,6.044,10.392,12.052,12.937,10.602,9.945,9.294,10.282,9.262,7.695,10.677,11.982,12.488,13.967,14.914
15.134,13.465,9.808,7.541,6.240,0.000,7.070,8.334,7.809,9.800,11.825,10.695,15.036,15.537,15.904,14.446,12.869,11.501,13.163,12.233,9.138,11.496,12.429,12.328,13.086,14.255
17.731,16.129,12.772,9.918,6.066,7.070,0.000,5.201,8.075,8.965,12.860,11.564,15.359,16.702,16.338,14.226,12.901,11.688,12.430,11.009,7.032,9.747,10.401,10.370,12.065,13.594
17.066,14.622,12.534,8.886,4.898,8.334,5.201,0.000,6.316,5.300,10.228,10.585,13.957,16.283,16.603,14.060,13.204,12.920,13.257,11.653,8.985,11.973,12.793,12.447,14.503,15.263
15.241,12.469,11.305,6.167,6.772,7.809,8.075,6.316,0.000,8.579,12.094,12.083,15.188,17.449,17.985,16.306,15.464,15.270,16.063,14.580,12.640,15.462,16.044,15.279,16.609,16.786
13.905,10.716,9.939,7.005,4.967,9.800,8.965,5.300,8.579,0.000,9.682,9.824,11.873,13.904,14.636,12.307,11.921,12.067,12.702,11.516,10.923,13.534,14.647,14.546,16.267,16.557
10.088,6.577,7.267,5.891,7.609,11.825,12.860,10.228,12.094,9.682,0.000,9.869,10.752,12.676,13.412,12.247,11.958,12.655,13.888,13.627,13.558,15.957,17.211,16.860,17.634,17.632
9.930,7.642,5.492,7.155,6.044,10.695,11.564,10.585,12.083,9.824,9.869,0.000,9.284,10.649,10.576,8.322,7.848,8.429,10.000,9.804,10.617,12.640,14.108,14.627,16.148,16.612
10.259,8.144,8.533,10.770,10.392,15.036,15.359,13.957,15.188,11.873,10.752,9.284,0.000,8.665,9.717,8.774,9.378,10.747,11.760,12.085,13.300,15.078,16.383,16.990,17.908,17.811
11.550,10.239,9.315,12.576,12.052,15.537,16.702,16.283,17.449,13.904,12.676,10.649,8.665,0.000,8.754,9.639,9.100,9.729,11.684,12.224,12.771,14.053,15.852,16.391,17.232,17.847
13.514,12.454,11.127,14.707,12.937,15.904,16.338,16.603,17.985,14.636,13.412,10.576,9.717,8.754,0.000,9.059,9.875,8.559,9.429,11.385,12.718,13.001,14.563,15.885,16.609,17.152
13.504,12.316,10.194,13.165,10.602,14.446,14.226,14.060,16.306,12.307,12.247,8.322,8.774,9.639,9.059,0.000,7.545,9.150,7.752,8.346,11.319,12.073,12.706,13.762,15.919,16.483
13.383,11.872,9.053,12.286,9.945,12.869,12.901,13.204,15.464,11.921,11.958,7.848,9.378,9.100,9.875,7.545,0.000,7.061,9.092,7.559,8.774,11.353,12.401,12.685,14.512,15.883
13.955,12.682,9.064,12.222,9.294,11.501,11.688,12.920,15.270,12.067,12.655,8.429,10.747,9.729,8.559,9.150,7.061,0.000,6.861,8.540,7.580,8.283,11.210,12.160,13.200,14.466
15.294,14.268,11.191,14.030,10.282,13.163,12.430,13.257,16.063,12.702,13.888,10.000,11.760,11.684,9.429,7.752,9.092,6.861,0.000,6.332,8.595,7.635,8.653,11.243,12.863,13.347
15.638,14.679,11.731,13.279,9.262,12.233,11.009,11.653,14.580,11.516,13.627,9.804,12.085,12.224,11.385,8.346,7.559,8.540,6.332,0.000,6.609,8.468,7.992,9.075,11.875,12.914
15.962,14.730,11.758,11.935,7.695,9.138,7.032,8.985,12.640,10.923,13.558,10.617,13.300,12.771,12.718,11.319,8.774,7.580,8.595,6.609,0.000,6.541,8.245,8.092,10.295,11.804
16.893,16.394,13.609,14.724,10.677,11.496,9.747,11.973,15.462,13.534,15.957,12.640,15.078,14.053,13.001,12.073,11.353,8.283,7.635,8.468,6.541,0.000,6.529,8.258,9.385,10.522
17.523,17.445,15.188,16.177,11.982,12.429,10.401,12.793,16.044,14.647,17.211,14.108,16.383,15.852,14.563,12.706,12.401,11.210,8.653,7.992,8.245,6.529,0.000,6.438,8.135,9.190
17.381,17.559,15.726,16.151,12.488,12.328,10.370,12.447,15.279,14.546,16.860,14.627,16.990,16.391,15.885,13.762,12.685,12.160,11.243,9.075,8.092,8.258,6.438,0.000,6.853,9.315
17.601,17.848,16.565,16.735,13.967,13.086,12.065,14.503,16.609,16.267,17.634,16.148,17.908,17.232,16.609,15.919,14.512,13.200,12.863,11.875,10.295,9.385,8.135,6.853,0.000,7.550
17.154,17.406,16.585,16.829,14.914,14.255,13.594,15.263,16.786,16.557,17.632,16.612,17.811,17.847,17.152,16.483,15.883,14.466,13.347,12.914,11.804,10.522,9.190,9.315,7.550,0.000