c1,c2,c3,c4,c5,c6,c7,c8,c9,c10,c11,c12,c13,c14,c15,c16,c17,c18,c19,c20,c21,c22,c23,c24,c25,c26
0.000,5.956,7.505,9.478,12.240,12.695,10.225,11.373,14.625,14.500,13.867,16.044,17.881,17.417,17.264,17.935,17.418,17.235,17.872,17.548,16.418,17.179,17.707,16.587,15.604,16.461
5.956,0.000,5.641,7.782,10.518,10.976,9.019,10.301,13.405,13.324,12.994,15.345,17.429,17.713,17.451,18.205,17.694,17.193,18.166,17.970,16.057,17.197,17.995,16.449,15.182,16.224
7.505,5.641,0.000,5.695,8.050,8.422,5.471,6.663,10.305,10.125,9.404,12.130,14.484,14.925,15.456,17.197,16.372,15.848,17.724,16.608,14.511,16.239,17.465,15.393,14.811,16.518
9.478,7.782,5.695,0.000,5.413,5.722,5.136,7.122,9.285,9.809,10.718,12.769,14.597,15.655,16.910,18.470,17.317,16.004,18.232,17.860,14.743,16.003,17.783,16.357,14.567,16.500
12.240,10.518,8.050,5.413,0.000,5.389,7.331,5.774,6.458,9.818,10.867,10.696,12.795,15.323,15.863,16.658,16.596,14.368,16.627,15.966,12.596,12.989,15.578,14.179,12.083,13.597
12.695,10.976,8.422,5.722,5.389,0.000,5.347,7.322,5.956,6.618,9.916,10.967,11.120,13.325,15.284,16.611,15.978,15.658,17.243,16.923,13.697,14.357,16.989,15.893,14.195,15.867
10.225,9.019,5.471,5.136,7.331,5.347,0.000,5.334,7.371,5.885,6.680,9.925,11.229,12.064,13.757,16.182,15.474,14.981,17.823,17.436,14.413,15.729,18.050,16.453,15.764,17.389
11.373,10.301,6.663,7.122,5.774,7.322,5.334,0.000,5.343,7.387,6.027,6.708,10.100,11.674,11.918,13.797,13.548,13.074,15.414,16.334,11.889,13.697,15.589,13.686,13.644,15.370
14.625,13.405,10.305,9.285,6.458,5.956,7.371,5.343,0.000,5.424,7.436,5.956,7.146,10.306,11.264,12.112,11.931,11.852,13.951,14.738,14.048,12.074,14.261,13.336,13.118,14.756
14.500,13.324,10.125,9.809,9.818,6.618,5.885,7.387,5.424,0.000,5.467,7.625,6.736,8.257,10.918,12.969,12.128,11.912,14.737,15.736,14.943,16.322,17.485,16.808,16.521,17.436
13.867,12.994,9.404,10.718,10.867,9.916,6.680,6.027,7.436,5.467,0.000,5.696,7.746,7.590,8.933,11.587,11.087,10.521,13.152,14.788,14.161,15.315,17.774,16.239,16.737,17.634
16.044,15.345,12.130,12.769,10.696,10.967,9.925,6.708,5.956,7.625,5.696,0.000,5.691,7.784,7.282,8.543,8.882,8.596,10.439,11.687,12.006,13.181,14.885,15.539,15.302,16.181
17.881,17.429,14.484,14.597,12.795,11.120,11.229,10.100,7.146,6.736,7.746,5.691,0.000,5.698,7.920,8.620,8.537,9.014,10.872,11.577,12.231,13.724,15.280,16.202,17.319,17.214
17.417,17.713,14.925,15.655,15.323,13.325,12.064,11.674,10.306,8.257,7.590,7.784,5.698,0.000,5.906,8.467,8.464,7.770,10.306,11.615,11.660,12.981,15.079,16.182,17.198,17.753
17.264,17.451,15.456,16.910,15.863,15.284,13.757,11.918,11.264,10.918,8.933,7.282,7.920,5.906,0.000,6.181,7.494,6.442,7.614,10.175,10.889,10.996,12.827,15.048,16.102,16.884
17.935,18.205,17.197,18.470,16.658,16.611,16.182,13.797,12.112,12.969,11.587,8.543,8.620,8.467,6.181,0.000,5.863,7.720,6.425,7.172,10.168,11.054,11.100,13.060,15.477,16.245
17.418,17.694,16.372,17.317,16.596,15.978,15.474,13.548,11.931,12.128,11.087,8.882,8.537,8.464,7.494,5.863,0.000,5.756,7.699,6.131,7.005,9.979,11.038,11.400,13.400,15.044
17.235,17.193,15.848,16.004,14.368,15.658,14.981,13.074,11.852,11.912,10.521,8.596,9.014,7.770,6.442,7.720,5.756,0.000,5.549,7.574,5.979,6.647,9.885,11.181,11.905,13.256
17.872,18.166,17.724,18.232,16.627,17.243,17.823,15.414,13.951,14.737,13.152,10.439,10.872,10.306,7.614,6.425,7.699,5.549,0.000,5.557,7.503,5.936,6.669,10.071,11.735,12.210
17.548,17.970,16.608,17.860,15.966,16.923,17.436,16.334,14.738,15.736,14.788,11.687,11.577,11.615,10.175,7.172,6.131,7.574,5.557,0.000,5.553,7.467,6.106,7.366,10.256,11.663
16.418,16.057,14.511,14.743,12.596,13.697,14.413,11.889,14.048,14.943,14.161,12.006,12.231,11.660,10.889,10.168,7.005,5.979,7.503,5.553,0.000,5.408,7.429,6.403,7.940,9.766
17.179,17.197,16.239,16.003,12.989,14.357,15.729,13.697,12.074,16.322,15.315,13.181,13.724,12.981,10.996,11.054,9.979,6.647,5.936,7.467,5.408,0.000,5.356,7.463,7.521,8.562
17.707,17.995,17.465,17.783,15.578,16.989,18.050,15.589,14.261,17.485,17.774,14.885,15.280,15.079,12.827,11.100,11.038,9.885,6.669,6.106,7.429,5.356,0.000,5.414,7.617,8.376
16.587,16.449,15.393,16.357,14.179,15.893,16.453,13.686,13.336,16.808,16.239,15.539,16.202,16.182,15.048,13.060,11.400,11.181,10.071,7.366,6.403,7.463,5.414,0.000,5.545,7.806
15.604,15.182,14.811,14.567,12.083,14.195,15.764,13.644,13.118,16.521,16.737,15.302,17.319,17.198,16.102,15.477,13.400,11.905,11.735,10.256,7.940,7.521,7.617,5.545,0.000,5.777
16.461,16.224,16.518,16.500,13.597,15.867,17.389,15.370,14.756,17.436,17.634,16.181,17.214,17.753,16.884,16.245,15.044,13.256,12.210,11.663,9.766,8.562,8.376,7.806,5.777,0.000