c1,c2,c3,c4,c5,c6,c7,c8,c9,c10,c11,c12,c13,c14,c15,c16,c17,c18,c19,c20,c21,c22,c23,c24,c25,c26
0.000,6.866,8.480,10.940,13.783,15.176,17.794,17.036,15.340,13.945,10.009,9.955,10.080,11.262,13.337,13.429,13.164,14.033,15.454,15.720,16.091,17.213,17.820,17.646,17.783,17.407
6.866,0.000,6.077,8.280,11.396,13.435,16.108,14.568,12.467,10.608,6.196,7.475,7.747,9.622,12.153,12.053,11.517,12.640,14.424,14.651,14.758,16.734,17.770,17.778,18.012,17.604
8.480,6.077,0.000,6.102,8.444,9.838,12.808,12.504,11.338,9.902,7.208,5.372,8.398,8.976,11.019,10.025,8.752,9.132,11.402,11.747,11.727,13.872,15.419,15.993,16.784,16.884
10.940,8.280,6.102,0.000,6.318,7.553,9.918,8.879,6.160,6.977,5.846,7.209,10.763,12.424,14.641,12.901,11.912,12.299,14.237,13.197,12.035,14.893,16.300,16.244,16.866,16.983
13.783,11.396,8.444,6.318,0.000,6.288,6.036,4.899,6.769,4.950,7.615,6.082,10.520,12.046,12.981,10.418,9.540,9.327,10.592,9.097,7.997,10.873,12.211,12.720,14.208,15.219
15.176,13.435,9.838,7.553,6.288,0.000,7.333,8.346,7.825,9.817,11.809,10.723,15.134,15.472,15.939,14.377,12.482,11.543,13.360,12.099,9.082,11.529,12.493,12.415,13.256,14.511
17.794,16.108,12.808,9.918,6.036,7.333,0.000,5.217,8.104,8.969,12.881,11.521,15.524,16.694,16.371,14.104,12.685,11.735,12.580,10.983,7.220,9.725,10.367,10.543,12.244,13.767
17.036,14.568,12.504,8.879,4.899,8.346,5.217,0.000,6.378,5.246,10.184,10.509,14.031,16.315,16.572,13.805,12.959,12.921,13.262,11.489,9.024,11.977,12.652,12.667,14.631,15.468
15.340,12.467,11.338,6.160,6.769,7.825,8.104,6.378,0.000,8.435,11.960,11.988,15.223,17.451,17.994,16.025,15.247,15.389,16.123,14.281,12.564,15.473,15.863,15.434,16.683,17.038
13.945,10.608,9.902,6.977,4.950,9.817,8.969,5.246,8.435,0.000,9.349,9.536,11.929,13.937,14.522,11.929,11.619,12.097,12.697,11.057,10.744,13.454,14.612,14.773,16.367,16.840
10.009,6.196,7.208,5.846,7.615,11.809,12.881,10.184,11.960,9.349,0.000,9.580,10.905,12.797,13.426,11.951,11.807,12.729,14.024,13.362,13.649,16.079,17.155,17.062,17.715,17.809
9.955,7.475,5.372,7.209,6.082,10.723,11.521,10.509,11.988,9.536,9.580,0.000,9.305,10.671,10.580,8.006,7.578,8.465,10.025,9.560,10.692,12.765,14.144,14.903,16.327,16.869
10.080,7.747,8.398,10.763,10.520,15.134,15.524,14.031,15.223,11.929,10.905,9.305,0.000,8.473,9.582,8.691,9.375,10.751,11.789,12.050,13.456,15.221,16.518,17.148,17.934,17.996
11.262,9.622,8.976,12.424,12.046,15.472,16.694,16.315,17.451,13.937,12.797,10.671,8.473,0.000,8.799,9.657,9.026,9.827,11.937,12.253,13.059,14.304,16.077,16.638,17.341,17.905
13.337,12.153,11.019,14.641,12.981,15.939,16.371,16.572,17.994,14.522,13.426,10.580,9.582,8.799,0.000,9.107,9.919,8.533,9.646,11.468,12.944,13.418,15.022,16.162,16.800,17.347
13.429,12.053,10.025,12.901,10.418,14.377,14.104,13.805,16.025,11.929,11.951,8.006,8.691,9.657,9.107,0.000,7.535,9.045,7.841,8.451,11.412,12.237,13.038,14.137,16.010,16.599
13.164,11.517,8.752,11.912,9.540,12.482,12.685,12.959,15.247,11.619,11.807,7.578,9.375,9.026,9.919,7.535,0.000,6.910,9.092,7.602,9.007,11.577,12.664,13.093,14.547,15.964
14.033,12.640,9.132,12.299,9.327,11.543,11.735,12.921,15.389,12.097,12.729,8.465,10.751,9.827,8.533,9.045,6.910,0.000,6.601,8.532,7.803,8.674,11.500,12.516,13.189,14.527
15.454,14.424,11.402,14.237,10.592,13.360,12.580,13.262,16.123,12.697,14.024,10.025,11.789,11.937,9.646,7.841,9.092,6.601,0.000,6.283,8.754,7.960,9.276,11.762,13.042,13.694
15.720,14.651,11.747,13.197,9.097,12.099,10.983,11.489,14.281,11.057,13.362,9.560,12.050,12.253,11.468,8.451,7.602,8.532,6.283,0.000,6.580,8.572,8.474,9.961,12.311,13.393
16.091,14.758,11.727,12.035,7.997,9.082,7.220,9.024,12.564,10.744,13.649,10.692,13.456,13.059,12.944,11.412,9.007,7.803,8.754,6.580,0.000,6.602,8.330,8.538,10.331,11.987
17.213,16.734,13.872,14.893,10.873,11.529,9.725,11.977,15.473,13.454,16.079,12.765,15.221,14.304,13.418,12.237,11.577,8.674,7.960,8.572,6.602,0.000,6.546,8.457,9.025,10.483
17.820,17.770,15.419,16.300,12.211,12.493,10.367,12.652,15.863,14.612,17.155,14.144,16.518,16.077,15.022,13.038,12.664,11.500,9.276,8.474,8.330,6.546,0.000,6.439,8.235,9.330
17.646,17.778,15.993,16.244,12.720,12.415,10.543,12.667,15.434,14.773,17.062,14.903,17.148,16.638,16.162,14.137,13.093,12.516,11.762,9.961,8.538,8.457,6.439,0.000,6.926,9.386
17.783,18.012,16.784,16.866,14.208,13.256,12.244,14.631,16.683,16.367,17.715,16.327,17.934,17.341,16.800,16.010,14.547,13.189,13.042,12.311,10.331,9.025,8.235,6.926,0.000,7.633
17.407,17.604,16.884,16.983,15.219,14.511,13.767,15.468,17.038,16.840,17.809,16.869,17.996,17.905,17.347,16.599,15.964,14.527,13.694,13.393,11.987,10.483,9.330,9.386,7.633,0.000