c1,c2,c3,c4,c5,c6,c7,c8,c9,c10,c11,c12,c13,c14,c15,c16,c17,c18,c19,c20,c21,c22,c23,c24,c25,c26
0.000,6.787,8.400,10.869,13.652,15.095,17.682,16.981,15.171,13.890,10.062,9.914,10.290,11.586,13.614,13.600,13.388,14.036,15.373,15.660,16.055,17.092,17.620,17.462,17.638,17.196
6.787,0.000,6.028,8.256,11.339,13.458,16.107,14.608,12.420,10.694,6.542,7.629,8.178,10.222,12.598,12.339,11.832,12.750,14.351,14.634,14.765,16.628,17.582,17.648,17.882,17.364
8.400,6.028,0.000,6.058,8.368,9.809,12.773,12.526,11.290,9.930,7.262,5.532,8.553,9.326,11.317,10.195,8.929,9.144,11.279,11.733,11.770,13.823,15.269,15.931,16.723,16.609
10.869,8.256,6.058,0.000,6.239,7.524,9.911,8.881,6.131,6.978,5.891,7.151,10.782,12.558,14.781,13.068,12.103,12.210,13.967,13.068,11.956,14.686,15.974,16.120,16.779,16.806
13.652,11.339,8.368,6.239,0.000,6.243,5.982,4.901,6.767,4.982,7.613,6.033,10.415,12.096,13.056,10.584,9.771,9.256,10.286,8.981,7.763,10.713,11.985,12.670,14.203,15.099
15.095,13.458,9.809,7.524,6.243,0.000,6.933,8.329,7.823,9.824,11.825,10.694,15.036,15.569,16.060,14.464,12.753,11.546,13.188,11.973,8.926,11.306,12.032,12.073,12.996,14.229
17.682,16.107,12.773,9.911,5.982,6.933,0.000,5.180,8.053,8.958,12.854,11.515,15.346,16.656,16.386,14.228,12.767,11.615,12.381,10.763,6.960,9.519,10.036,10.324,12.134,13.662
16.981,14.608,12.526,8.881,4.901,8.329,5.180,0.000,6.241,5.239,10.199,10.524,13.942,16.289,16.626,14.000,13.105,12.881,13.109,11.363,8.833,11.814,12.540,12.643,14.707,15.556
15.171,12.420,11.290,6.131,6.767,7.823,8.053,6.241,0.000,8.194,11.919,11.896,15.136,17.432,18.009,16.173,15.359,15.213,15.954,14.248,12.308,15.219,15.668,15.253,16.584,16.887
13.890,10.694,9.930,6.978,4.982,9.824,8.958,5.239,8.194,0.000,9.279,9.506,11.775,13.850,14.640,12.186,11.860,11.963,12.639,11.168,10.525,13.332,14.538,14.716,16.394,16.741
10.062,6.542,7.262,5.891,7.613,11.825,12.854,10.199,11.919,9.279,0.000,9.560,10.648,12.620,13.406,12.118,12.004,12.694,13.931,13.417,13.398,15.933,17.078,16.916,17.628,17.672
9.914,7.629,5.532,7.151,6.033,10.694,11.515,10.524,11.896,9.506,9.560,0.000,9.012,10.449,10.551,8.244,7.767,8.349,9.969,9.654,10.557,12.692,14.111,14.783,16.142,16.665
10.290,8.178,8.553,10.782,10.415,15.036,15.346,13.942,15.136,11.775,10.648,9.012,0.000,8.625,9.431,8.634,9.454,10.724,11.895,12.202,13.500,15.287,16.597,17.095,17.767,17.818
11.586,10.222,9.326,12.558,12.096,15.569,16.656,16.289,17.432,13.850,12.620,10.449,8.625,0.000,8.672,9.504,9.229,9.887,11.996,12.443,13.276,14.516,16.198,16.668,17.304,17.780
13.614,12.598,11.317,14.781,13.056,16.060,16.386,16.626,18.009,14.640,13.406,10.551,9.431,8.672,0.000,9.186,9.869,8.754,9.902,11.684,13.199,13.845,15.310,16.269,16.821,17.294
13.600,12.339,10.195,13.068,10.584,14.464,14.228,14.000,16.173,12.186,12.118,8.244,8.634,9.504,9.186,0.000,7.641,8.981,8.101,8.736,11.688,12.609,13.456,14.353,16.072,16.595
13.388,11.832,8.929,12.103,9.771,12.753,12.767,13.105,15.359,11.860,12.004,7.767,9.454,9.229,9.869,7.641,0.000,7.093,9.019,7.981,9.483,11.921,13.115,13.466,14.757,16.026
14.036,12.750,9.144,12.210,9.256,11.546,11.615,12.881,15.213,11.963,12.694,8.349,10.724,9.887,8.754,8.981,7.093,0.000,6.892,8.583,8.206,9.143,11.845,12.761,13.462,14.643
15.373,14.351,11.279,13.967,10.286,13.188,12.381,13.109,15.954,12.639,13.931,9.969,11.895,11.996,9.902,8.101,9.019,6.892,0.000,6.458,8.771,8.353,9.742,11.949,13.252,13.898
15.660,14.634,11.733,13.068,8.981,11.973,10.763,11.363,14.248,11.168,13.417,9.654,12.202,12.443,11.684,8.736,7.981,8.583,6.458,0.000,6.779,8.691,8.855,10.194,12.400,13.491
16.055,14.765,11.770,11.956,7.763,8.926,6.960,8.833,12.308,10.525,13.398,10.557,13.500,13.276,13.199,11.688,9.483,8.206,8.771,6.779,0.000,6.916,8.384,8.684,10.481,12.070
17.092,16.628,13.823,14.686,10.713,11.306,9.519,11.814,15.219,13.332,15.933,12.692,15.287,14.516,13.845,12.609,11.921,9.143,8.353,8.691,6.916,0.000,6.837,8.562,9.241,10.615
17.620,17.582,15.269,15.974,11.985,12.032,10.036,12.540,15.668,14.538,17.078,14.111,16.597,16.198,15.310,13.456,13.115,11.845,9.742,8.855,8.384,6.837,0.000,6.629,8.264,9.405
17.462,17.648,15.931,16.120,12.670,12.073,10.324,12.643,15.253,14.716,16.916,14.783,17.095,16.668,16.269,14.353,13.466,12.761,11.949,10.194,8.684,8.562,6.629,0.000,7.073,9.427
17.638,17.882,16.723,16.779,14.203,12.996,12.134,14.707,16.584,16.394,17.628,16.142,17.767,17.304,16.821,16.072,14.757,13.462,13.252,12.400,10.481,9.241,8.264,7.073,0.000,7.685
17.196,17.364,16.609,16.806,15.099,14.229,13.662,15.556,16.887,16.741,17.672,16.665,17.818,17.780,17.294,16.595,16.026,14.643,13.898,13.491,12.070,10.615,9.405,9.427,7.685,0.000