c1,c2,c3,c4,c5,c6,c7,c8,c9,c10,c11,c12,c13,c14,c15,c16,c17,c18,c19,c20,c21,c22,c23,c24,c25,c26
0.000,6.000,7.956,9.637,12.388,13.507,11.684,12.246,14.694,14.661,14.057,15.375,16.740,16.485,16.198,16.157,15.602,15.106,15.894,15.409,14.497,15.155,15.716,15.447,15.453,15.605
6.000,0.000,5.702,7.730,9.998,11.732,10.563,11.266,13.634,13.837,13.615,14.939,16.782,17.052,16.617,16.559,15.881,15.351,16.114,15.696,14.523,15.093,15.743,15.527,15.360,15.583
7.956,5.702,0.000,5.747,7.886,8.804,6.958,8.078,10.950,10.915,10.981,12.572,14.338,14.988,15.336,16.039,15.574,14.686,15.633,15.243,14.054,14.459,15.403,15.216,15.134,15.346
9.637,7.730,5.747,0.000,5.573,6.094,6.497,8.143,10.080,10.804,11.420,12.954,14.588,15.563,16.319,17.226,16.260,15.010,16.014,15.649,14.314,14.499,15.492,15.369,15.292,15.301
12.388,9.998,7.886,5.573,0.000,5.584,7.488,6.839,7.742,10.661,11.609,11.404,13.155,15.317,15.578,16.309,16.182,14.388,15.549,14.966,13.212,13.910,14.655,14.677,14.889,14.948
13.507,11.732,8.804,6.094,5.584,0.000,5.576,7.547,7.119,7.935,10.869,11.574,11.971,13.725,15.142,15.971,15.637,14.880,15.506,15.101,13.501,13.522,14.712,14.890,15.116,15.227
11.684,10.563,6.958,6.497,7.488,5.576,0.000,5.568,7.571,6.871,8.096,10.451,11.754,12.291,13.358,15.223,14.922,13.921,15.677,14.822,13.039,13.480,14.728,15.112,15.159,15.283
12.246,11.266,8.078,8.143,6.839,7.547,5.568,0.000,5.648,7.729,7.405,8.020,11.076,12.284,12.430,14.179,14.261,13.194,15.077,15.270,12.802,13.422,14.885,15.060,15.174,15.274
14.694,13.634,10.950,10.080,7.742,7.119,7.571,5.648,0.000,5.766,7.903,7.082,8.530,11.208,12.112,13.067,13.177,12.639,14.253,14.544,13.599,13.434,14.766,15.029,15.182,15.559
14.661,13.837,10.915,10.804,10.661,7.935,6.871,7.729,5.766,0.000,6.008,7.958,7.844,9.447,11.552,13.261,13.075,12.405,14.408,15.086,14.172,14.843,15.723,16.105,16.058,16.365
14.057,13.615,10.981,11.420,11.609,10.869,8.096,7.405,7.903,6.008,0.000,6.083,8.187,8.415,9.693,12.187,12.430,11.497,13.444,14.539,13.659,14.444,16.184,16.149,16.166,16.467
15.375,14.939,12.572,12.954,11.404,11.574,10.451,8.020,7.082,7.958,6.083,0.000,6.356,8.277,8.446,10.379,10.655,9.919,11.871,12.879,12.802,13.501,15.038,15.635,15.663,16.064
16.740,16.782,14.338,14.588,13.155,11.971,11.754,11.076,8.530,7.844,8.187,6.356,0.000,6.292,8.335,9.575,10.270,10.259,12.050,12.713,12.923,13.743,15.248,16.197,16.524,16.518
16.485,17.052,14.988,15.563,15.317,13.725,12.291,12.284,11.208,9.447,8.415,8.277,6.292,0.000,6.529,8.615,9.059,8.982,11.094,12.490,12.179,12.987,14.759,16.068,16.431,16.862
16.198,16.617,15.336,16.319,15.578,15.142,13.358,12.430,12.112,11.552,9.693,8.446,8.335,6.529,0.000,6.382,7.693,7.635,8.880,11.085,11.350,11.799,13.366,15.280,15.904,16.459
16.157,16.559,16.039,17.226,16.309,15.971,15.223,14.179,13.067,13.261,12.187,10.379,9.575,8.615,6.382,0.000,6.192,7.843,7.674,9.203,10.934,11.649,12.397,14.111,15.651,16.325
15.602,15.881,15.574,16.260,16.182,15.637,14.922,14.261,13.177,13.075,12.430,10.655,10.270,9.059,7.693,6.192,0.000,5.985,7.754,8.039,8.346,10.732,11.980,13.049,14.142,15.576
15.106,15.351,14.686,15.010,14.388,14.880,13.921,13.194,12.639,12.405,11.497,9.919,10.259,8.982,7.635,7.843,5.985,0.000,5.863,7.389,6.533,7.538,10.452,11.907,12.581,13.905
15.894,16.114,15.633,16.014,15.549,15.506,15.677,15.077,14.253,14.408,13.444,11.871,12.050,11.094,8.880,7.674,7.754,5.863,0.000,5.634,7.519,6.687,7.761,11.024,12.348,13.043
15.409,15.696,15.243,15.649,14.966,15.101,14.822,15.270,14.544,15.086,14.539,12.879,12.713,12.490,11.085,9.203,8.039,7.389,5.634,0.000,5.648,7.587,6.930,8.876,11.263,12.576
14.497,14.523,14.054,14.314,13.212,13.501,13.039,12.802,13.599,14.172,13.659,12.802,12.923,12.179,11.350,10.934,8.346,6.533,7.519,5.648,0.000,5.635,7.610,7.718,9.228,11.117
15.155,15.093,14.459,14.499,13.910,13.522,13.480,13.422,13.434,14.843,14.444,13.501,13.743,12.987,11.799,11.649,10.732,7.538,6.687,7.587,5.635,0.000,5.757,7.648,8.257,9.524
15.716,15.743,15.403,15.492,14.655,14.712,14.728,14.885,14.766,15.723,16.184,15.038,15.248,14.759,13.366,12.397,11.980,10.452,7.761,6.930,7.610,5.757,0.000,5.827,7.722,8.758
15.447,15.527,15.216,15.369,14.677,14.890,15.112,15.060,15.029,16.105,16.149,15.635,16.197,16.068,15.280,14.111,13.049,11.907,11.024,8.876,7.718,7.648,5.827,0.000,5.850,7.828
15.453,15.360,15.134,15.292,14.889,15.116,15.159,15.174,15.182,16.058,16.166,15.663,16.524,16.431,15.904,15.651,14.142,12.581,12.348,11.263,9.228,8.257,7.722,5.850,0.000,6.126
15.605,15.583,15.346,15.301,14.948,15.227,15.283,15.274,15.559,16.365,16.467,16.064,16.518,16.862,16.459,16.325,15.576,13.905,13.043,12.576,11.117,9.524,8.758,7.828,6.126,0.000