c1,c2,c3,c4,c5,c6,c7,c8,c9,c10,c11,c12,c13,c14,c15,c16,c17,c18,c19,c20,c21,c22,c23,c24,c25,c26
0.000,6.237,7.685,10.313,12.567,13.836,13.942,12.465,13.782,14.718,14.206,14.532,13.559,13.497,13.775,13.199,12.514,11.839,12.473,12.273,10.850,12.915,12.740,13.076,13.746,14.253
6.237,0.000,6.006,7.480,10.064,11.538,12.179,11.445,13.387,14.505,14.375,14.968,13.898,14.064,14.608,14.253,13.325,12.207,13.146,12.468,9.999,12.303,11.823,12.324,12.966,13.686
7.685,6.006,0.000,6.160,7.734,9.216,10.529,10.098,12.212,13.747,13.474,14.371,12.901,12.964,13.438,12.926,11.712,10.469,11.196,10.294,7.206,10.282,9.961,10.862,12.288,13.281
10.313,7.480,6.160,0.000,5.800,7.927,10.340,10.374,12.863,14.877,14.753,15.520,14.567,14.408,14.838,14.585,13.459,12.501,12.995,11.857,8.892,11.381,10.769,11.887,13.074,13.977
12.567,10.064,7.734,5.800,0.000,5.632,9.066,9.969,12.523,14.899,15.388,16.445,15.246,15.391,15.874,15.754,14.588,13.874,14.356,13.210,10.383,12.648,12.047,13.167,14.317,14.948
13.836,11.538,9.216,7.927,5.632,0.000,6.281,7.740,9.384,12.082,13.586,15.381,14.573,14.989,15.501,15.399,14.512,13.993,14.508,13.457,11.246,13.250,13.166,13.914,14.913,15.457
13.942,12.179,10.529,10.340,9.066,6.281,0.000,6.108,7.248,9.420,11.433,13.990,13.642,14.559,14.854,15.001,14.168,13.860,14.642,13.933,12.282,14.128,14.048,14.597,15.198,15.638
12.465,11.445,10.098,10.374,9.969,7.740,6.108,0.000,6.259,8.135,9.924,12.347,12.065,13.577,14.049,14.137,13.222,12.912,13.782,13.335,12.196,14.039,13.956,14.393,15.200,15.788
13.782,13.387,12.212,12.863,12.523,9.384,7.248,6.259,0.000,6.378,7.598,10.501,10.655,12.829,14.085,14.657,13.915,13.952,14.846,14.584,13.827,15.323,15.357,15.462,16.033,16.362
14.718,14.505,13.747,14.877,14.899,12.082,9.420,8.135,6.378,0.000,6.471,9.638,10.458,12.272,14.214,15.279,14.562,14.636,15.495,15.324,14.917,16.202,16.171,16.296,16.563,16.699
14.206,14.375,13.474,14.753,15.388,13.586,11.433,9.924,7.598,6.471,0.000,7.154,7.641,9.520,11.548,13.162,12.957,13.632,14.603,14.401,14.620,16.154,16.233,16.046,16.687,16.891
14.532,14.968,14.371,15.520,16.445,15.381,13.990,12.347,10.501,9.638,7.154,0.000,6.512,7.872,9.596,11.574,12.251,13.535,14.297,14.251,14.987,16.441,16.645,16.298,16.833,17.117
13.559,13.898,12.901,14.567,15.246,14.573,13.642,12.065,10.655,10.458,7.641,6.512,0.000,6.404,8.264,9.535,10.085,11.715,12.831,12.595,13.403,15.304,15.453,14.970,15.957,16.644
13.497,14.064,12.964,14.408,15.391,14.989,14.559,13.577,12.829,12.272,9.520,7.872,6.404,0.000,6.603,7.681,8.692,10.258,11.781,12.128,13.304,15.291,15.610,14.922,15.881,16.789
13.775,14.608,13.438,14.838,15.874,15.501,14.854,14.049,14.085,14.214,11.548,9.596,8.264,6.603,0.000,6.375,8.133,9.405,10.101,11.352,12.868,14.944,15.208,14.671,15.745,16.691
13.199,14.253,12.926,14.585,15.754,15.399,15.001,14.137,14.657,15.279,13.162,11.574,9.535,7.681,6.375,0.000,6.519,7.691,8.183,8.770,11.281,13.539,14.161,13.371,14.743,16.054
12.514,13.325,11.712,13.459,14.588,14.512,14.168,13.222,13.915,14.562,12.957,12.251,10.085,8.692,8.133,6.519,0.000,6.106,7.663,7.828,9.366,12.352,13.086,12.209,13.618,15.227
11.839,12.207,10.469,12.501,13.874,13.993,13.860,12.912,13.952,14.636,13.632,13.535,11.715,10.258,9.405,7.691,6.106,0.000,5.994,7.571,7.984,10.630,11.046,10.289,11.914,13.467
12.473,13.146,11.196,12.995,14.356,14.508,14.642,13.782,14.846,15.495,14.603,14.297,12.831,11.781,10.101,8.183,7.663,5.994,0.000,6.011,8.038,10.067,11.332,10.264,12.116,13.797
12.273,12.468,10.294,11.857,13.210,13.457,13.933,13.335,14.584,15.324,14.401,14.251,12.595,12.128,11.352,8.770,7.828,7.571,6.011,0.000,6.157,8.838,10.145,9.580,11.545,13.313
10.850,9.999,7.206,8.892,10.383,11.246,12.282,12.196,13.827,14.917,14.620,14.987,13.403,13.304,12.868,11.281,9.366,7.984,8.038,6.157,0.000,6.540,6.334,6.621,9.556,11.280
12.915,12.303,10.282,11.381,12.648,13.250,14.128,14.039,15.323,16.202,16.154,16.441,15.304,15.291,14.944,13.539,12.352,10.630,10.067,8.838,6.540,0.000,5.891,7.544,8.369,10.624
12.740,11.823,9.961,10.769,12.047,13.166,14.048,13.956,15.357,16.171,16.233,16.645,15.453,15.610,15.208,14.161,13.086,11.046,11.332,10.145,6.334,5.891,0.000,5.845,7.671,8.879
13.076,12.324,10.862,11.887,13.167,13.914,14.597,14.393,15.462,16.296,16.046,16.298,14.970,14.922,14.671,13.371,12.209,10.289,10.264,9.580,6.621,7.544,5.845,0.000,6.141,7.901
13.746,12.966,12.288,13.074,14.317,14.913,15.198,15.200,16.033,16.563,16.687,16.833,15.957,15.881,15.745,14.743,13.618,11.914,12.116,11.545,9.556,8.369,7.671,6.141,0.000,6.467
14.253,13.686,13.281,13.977,14.948,15.457,15.638,15.788,16.362,16.699,16.891,17.117,16.644,16.789,16.691,16.054,15.227,13.467,13.797,13.313,11.280,10.624,8.879,7.901,6.467,0.000