c1,c2,c3,c4,c5,c6,c7,c8,c9,c10,c11,c12,c13,c14,c15,c16,c17,c18,c19,c20,c21,c22,c23,c24,c25,c26
0.000,6.540,8.039,10.918,13.833,15.177,17.654,16.886,15.159,13.961,10.042,9.840,10.336,11.252,13.399,13.456,13.335,13.999,15.394,15.818,16.256,17.162,17.553,17.489,17.416,16.941
6.540,0.000,6.062,7.978,11.336,13.434,16.001,14.507,12.343,10.654,6.344,7.447,8.296,9.902,12.255,12.122,11.722,12.735,14.396,14.878,15.015,16.838,17.546,17.753,17.728,17.211
8.039,6.062,0.000,6.020,8.545,9.828,12.784,12.426,11.291,9.892,7.233,5.402,8.478,8.904,11.073,10.064,8.838,9.276,11.342,11.943,11.966,14.154,15.484,16.204,16.615,16.522
10.918,7.978,6.020,0.000,6.257,7.440,9.903,8.859,6.177,6.941,5.815,7.142,10.756,12.341,14.554,12.916,11.989,12.287,13.973,13.274,12.213,14.899,16.113,16.322,16.575,16.574
13.833,11.336,8.545,6.257,0.000,6.250,5.837,4.894,6.764,4.947,7.586,6.172,10.429,12.035,13.016,10.637,10.002,9.730,10.585,9.471,8.332,11.075,12.380,12.967,14.351,15.123
15.177,13.434,9.828,7.440,6.250,0.000,6.993,8.332,7.903,9.875,11.784,10.742,15.025,15.422,15.987,14.385,12.770,11.745,13.245,12.058,9.026,11.467,12.205,12.376,13.181,14.254
17.654,16.001,12.784,9.903,5.837,6.993,0.000,5.193,8.072,8.973,12.768,11.547,15.258,16.467,16.217,14.088,12.790,11.715,12.448,10.934,7.296,9.717,10.252,10.695,12.513,13.816
16.886,14.507,12.426,8.859,4.894,8.332,5.193,0.000,6.233,5.265,10.080,10.523,13.868,16.121,16.453,13.985,13.215,12.989,13.236,11.453,9.074,11.707,12.569,12.902,14.801,15.333
15.159,12.343,11.291,6.177,6.764,7.903,8.072,6.233,0.000,8.331,11.664,11.898,15.025,17.280,17.862,15.979,15.300,15.285,15.907,14.280,12.530,14.992,15.477,15.297,16.492,16.706
13.961,10.654,9.892,6.941,4.947,9.875,8.973,5.265,8.331,0.000,9.149,9.579,11.670,13.773,14.435,12.017,11.895,12.125,12.686,11.277,10.885,13.267,14.477,14.894,16.358,16.630
10.042,6.344,7.233,5.815,7.586,11.784,12.768,10.080,11.664,9.149,0.000,9.353,10.373,12.358,13.181,11.910,11.955,12.705,13.949,13.518,13.676,15.897,16.948,16.993,17.456,17.566
9.840,7.447,5.402,7.142,6.172,10.742,11.547,10.523,11.898,9.579,9.353,0.000,8.997,10.278,10.428,8.209,8.099,8.860,10.409,10.208,11.284,13.140,14.623,15.476,16.525,16.795
10.336,8.296,8.478,10.756,10.429,15.025,15.258,13.868,15.025,11.670,10.373,8.997,0.000,8.432,9.154,8.632,9.732,11.037,12.142,12.578,13.914,15.561,16.770,17.151,17.726,17.785
11.252,9.902,8.904,12.341,12.035,15.422,16.467,16.121,17.280,13.773,12.358,10.278,8.432,0.000,8.677,9.331,9.384,10.256,12.278,12.783,13.808,14.874,16.372,16.787,17.311,17.708
13.399,12.255,11.073,14.554,13.016,15.987,16.217,16.453,17.862,14.435,13.181,10.428,9.154,8.677,0.000,9.120,9.860,8.936,10.346,12.041,13.551,14.241,15.556,16.366,16.820,17.205
13.456,12.122,10.064,12.916,10.637,14.385,14.088,13.985,15.979,12.017,11.910,8.209,8.632,9.331,9.120,0.000,7.711,8.971,8.419,9.170,11.943,12.801,13.893,14.792,16.176,16.574
13.335,11.722,8.838,11.989,10.002,12.770,12.790,13.215,15.300,11.895,11.955,8.099,9.732,9.384,9.860,7.711,0.000,7.183,9.039,8.340,10.081,12.218,13.420,13.980,15.038,16.053
13.999,12.735,9.276,12.287,9.730,11.745,11.715,12.989,15.285,12.125,12.705,8.860,11.037,10.256,8.936,8.971,7.183,0.000,6.982,8.515,8.592,9.656,12.131,13.186,13.885,14.869
15.394,14.396,11.342,13.973,10.585,13.245,12.448,13.236,15.907,12.686,13.949,10.409,12.142,12.278,10.346,8.419,9.039,6.982,0.000,6.517,8.779,8.764,10.318,12.459,13.640,14.256
15.818,14.878,11.943,13.274,9.471,12.058,10.934,11.453,14.280,11.277,13.518,10.208,12.578,12.783,12.041,9.170,8.340,8.515,6.517,0.000,6.858,8.551,9.331,10.870,12.795,13.930
16.256,15.015,11.966,12.213,8.332,9.026,7.296,9.074,12.530,10.885,13.676,11.284,13.914,13.808,13.551,11.943,10.081,8.592,8.779,6.858,0.000,6.991,8.331,9.124,10.740,12.315
17.162,16.838,14.154,14.899,11.075,11.467,9.717,11.707,14.992,13.267,15.897,13.140,15.561,14.874,14.241,12.801,12.218,9.656,8.764,8.551,6.991,0.000,6.906,8.579,9.396,10.918
17.553,17.546,15.484,16.113,12.380,12.205,10.252,12.569,15.477,14.477,16.948,14.623,16.770,16.372,15.556,13.893,13.420,12.131,10.318,9.331,8.331,6.906,0.000,6.713,8.097,9.492
17.489,17.753,16.204,16.322,12.967,12.376,10.695,12.902,15.297,14.894,16.993,15.476,17.151,16.787,16.366,14.792,13.980,13.186,12.459,10.870,9.124,8.579,6.713,0.000,7.116,9.306
17.416,17.728,16.615,16.575,14.351,13.181,12.513,14.801,16.492,16.358,17.456,16.525,17.726,17.311,16.820,16.176,15.038,13.885,13.640,12.795,10.740,9.396,8.097,7.116,0.000,7.690
16.941,17.211,16.522,16.574,15.123,14.254,13.816,15.333,16.706,16.630,17.566,16.795,17.785,17.708,17.205,16.574,16.053,14.869,14.256,13.930,12.315,10.918,9.492,9.306,7.690,0.000