c1,c2,c3,c4,c5,c6,c7,c8,c9,c10,c11,c12,c13,c14,c15,c16,c17,c18,c19,c20,c21,c22,c23,c24,c25,c26
0.000,5.802,7.461,10.497,12.769,15.940,16.953,17.381,16.437,17.033,17.351,16.405,16.902,16.710,15.982,15.919,15.791,15.123,15.576,15.348,15.574,14.766,14.632,15.233,15.063,14.934
5.802,0.000,5.736,7.232,9.565,13.097,14.741,16.746,15.319,16.739,16.824,15.252,16.529,16.600,15.382,15.549,15.332,14.398,14.890,14.914,15.384,14.554,13.967,14.852,14.582,14.516
7.461,5.736,0.000,5.596,7.046,10.634,12.180,15.584,14.982,16.614,16.184,14.740,16.086,16.354,14.862,15.224,15.122,14.046,14.402,14.693,15.471,14.436,13.902,14.844,14.683,14.447
10.497,7.232,5.596,0.000,5.766,7.448,10.373,13.466,13.364,16.183,15.640,14.278,16.457,16.800,15.573,16.118,16.257,15.021,15.694,15.749,16.176,15.148,14.329,15.414,15.223,15.033
12.769,9.565,7.046,5.766,0.000,5.789,6.456,10.174,10.198,13.028,12.909,12.029,14.592,14.998,13.766,14.508,14.664,13.491,14.395,14.828,15.686,14.547,13.464,14.468,14.480,14.488
15.940,13.097,10.634,7.448,5.789,0.000,5.729,8.747,10.340,12.686,13.204,12.988,15.731,15.981,15.434,16.440,16.790,15.677,16.347,16.107,16.150,15.372,14.823,15.380,15.207,15.236
16.953,14.741,12.180,10.373,6.456,5.729,0.000,6.021,7.710,9.016,8.945,9.350,12.485,12.968,12.718,14.095,14.505,13.680,14.940,15.724,16.247,15.597,14.798,15.602,15.610,15.472
17.381,16.746,15.584,13.466,10.174,8.747,6.021,0.000,5.785,6.420,7.692,9.285,12.355,13.303,14.026,15.135,15.335,14.843,16.232,16.460,16.539,16.224,15.604,16.004,16.241,16.199
16.437,15.319,14.982,13.364,10.198,10.340,7.710,5.785,0.000,5.678,7.400,6.796,10.081,11.475,12.288,13.642,14.151,13.831,15.129,15.645,16.278,16.177,15.568,16.114,16.464,16.467
17.033,16.739,16.614,16.183,13.028,12.686,9.016,6.420,5.678,0.000,5.523,7.512,9.648,10.998,12.417,13.848,14.015,13.940,15.485,16.242,17.038,16.931,16.167,16.628,16.956,16.984
17.351,16.824,16.184,15.640,12.909,13.204,8.945,7.692,7.400,5.523,0.000,5.888,8.019,9.826,10.872,12.692,13.567,13.366,14.960,16.183,17.322,17.338,16.410,17.138,17.401,17.341
16.405,15.252,14.740,14.278,12.029,12.988,9.350,9.285,6.796,7.512,5.888,0.000,5.956,7.778,8.329,9.768,11.406,11.439,13.198,14.667,16.691,16.716,15.166,16.571,17.243,16.994
16.902,16.529,16.086,16.457,14.592,15.731,12.485,12.355,10.081,9.648,8.019,5.956,0.000,5.788,7.624,8.705,10.285,11.085,13.149,14.486,16.992,17.099,15.143,16.677,17.596,17.297
16.710,16.600,16.354,16.800,14.998,15.981,12.968,13.303,11.475,10.998,9.826,7.778,5.788,0.000,5.916,7.433,8.456,9.185,11.685,13.243,16.052,16.126,13.769,15.555,17.205,16.951
15.982,15.382,14.862,15.573,13.766,15.434,12.718,14.026,12.288,12.417,10.872,8.329,7.624,5.916,0.000,5.783,7.507,6.814,8.687,11.024,14.527,14.849,11.624,13.861,16.083,15.931
15.919,15.549,15.224,16.118,14.508,16.440,14.095,15.135,13.642,13.848,12.692,9.768,8.705,7.433,5.783,0.000,5.595,7.389,7.767,9.237,12.790,13.549,10.623,12.528,15.315,15.618
15.791,15.332,15.122,16.257,14.664,16.790,14.505,15.335,14.151,14.015,13.567,11.406,10.285,8.456,7.507,5.595,0.000,5.631,7.495,7.654,11.261,11.205,8.392,11.181,13.966,14.918
15.123,14.398,14.046,15.021,13.491,15.677,13.680,14.843,13.831,13.940,13.366,11.439,11.085,9.185,6.814,7.389,5.631,0.000,5.525,7.641,10.947,11.217,7.642,9.873,12.875,13.642
15.576,14.890,14.402,15.694,14.395,16.347,14.940,16.232,15.129,15.485,14.960,13.198,13.149,11.685,8.687,7.767,7.495,5.525,0.000,5.772,8.575,10.035,7.274,7.847,11.715,12.735
15.348,14.914,14.693,15.749,14.828,16.107,15.724,16.460,15.645,16.242,16.183,14.667,14.486,13.243,11.024,9.237,7.654,7.641,5.772,0.000,5.873,5.628,4.900,7.766,10.405,11.662
15.574,15.384,15.471,16.176,15.686,16.150,16.247,16.539,16.278,17.038,17.322,16.691,16.992,16.052,14.527,12.790,11.261,10.947,8.575,5.873,0.000,5.479,7.421,6.427,9.129,11.353
14.766,14.554,14.436,15.148,14.547,15.372,15.597,16.224,16.177,16.931,17.338,16.716,17.099,16.126,14.849,13.549,11.205,11.217,10.035,5.628,5.479,0.000,5.557,7.525,8.388,10.152
14.632,13.967,13.902,14.329,13.464,14.823,14.798,15.604,15.568,16.167,16.410,15.166,15.143,13.769,11.624,10.623,8.392,7.642,7.274,4.900,7.421,5.557,0.000,5.693,7.695,8.772
15.233,14.852,14.844,15.414,14.468,15.380,15.602,16.004,16.114,16.628,17.138,16.571,16.677,15.555,13.861,12.528,11.181,9.873,7.847,7.766,6.427,7.525,5.693,0.000,5.661,7.928
15.063,14.582,14.683,15.223,14.480,15.207,15.610,16.241,16.464,16.956,17.401,17.243,17.596,17.205,16.083,15.315,13.966,12.875,11.715,10.405,9.129,8.388,7.695,5.661,0.000,6.165
14.934,14.516,14.447,15.033,14.488,15.236,15.472,16.199,16.467,16.984,17.341,16.994,17.297,16.951,15.931,15.618,14.918,13.642,12.735,11.662,11.353,10.152,8.772,7.928,6.165,0.000