c1,c2,c3,c4,c5,c6,c7,c8,c9,c10,c11,c12,c13,c14,c15,c16,c17,c18,c19,c20,c21,c22,c23,c24,c25,c26
0.000,6.065,7.261,7.913,9.299,11.147,11.503,11.491,12.976,14.543,14.959,16.087,17.466,16.971,16.663,16.788,16.826,16.004,16.289,15.803,15.605,15.489,15.381,15.473,15.533,15.684
6.065,0.000,5.638,7.276,7.255,8.342,10.172,10.533,11.035,12.784,14.209,14.949,16.340,17.586,16.542,16.704,16.661,15.738,15.739,15.043,14.759,14.793,14.605,14.837,14.955,15.304
7.261,5.638,0.000,5.508,7.398,7.348,7.779,9.955,11.054,11.436,12.867,14.880,16.144,17.063,17.849,17.269,17.249,15.849,16.110,15.235,15.091,15.097,15.011,15.307,15.496,15.607
7.913,7.276,5.508,0.000,5.551,7.446,6.758,7.259,10.034,11.102,11.239,12.969,15.509,16.417,16.823,17.705,16.862,15.242,15.463,14.517,14.375,14.465,14.476,14.898,15.184,15.362
9.299,7.255,7.398,5.551,0.000,5.505,7.392,6.190,6.883,9.980,11.096,11.125,13.300,15.713,16.150,16.255,17.046,14.667,15.193,14.303,14.330,14.537,14.466,14.897,15.072,15.193
11.147,8.342,7.348,7.446,5.505,0.000,5.440,7.419,6.360,7.054,10.363,11.310,11.958,14.199,15.740,15.887,16.254,15.674,15.386,14.612,14.497,14.941,14.799,15.106,15.265,15.448
11.503,10.172,7.779,6.758,7.392,5.440,0.000,5.446,7.433,6.323,7.261,10.327,11.858,13.053,14.331,15.299,15.670,14.602,15.669,14.209,14.121,14.718,14.656,15.265,15.420,15.536
11.491,10.533,9.955,7.259,6.190,7.419,5.446,0.000,5.513,7.462,6.564,7.192,10.763,12.445,12.943,13.408,14.370,13.211,14.135,14.498,13.700,14.090,14.290,15.133,15.393,15.484
12.976,11.035,11.054,10.034,6.883,6.360,7.433,5.513,0.000,5.502,7.523,6.446,8.281,11.223,12.346,12.147,12.891,12.468,13.547,14.026,15.192,14.721,14.860,15.680,15.885,15.850
14.543,12.784,11.436,11.102,9.980,7.054,6.323,7.462,5.502,0.000,5.532,7.644,7.461,9.669,11.530,11.911,12.245,11.933,13.356,14.021,15.017,15.932,15.247,16.034,16.203,16.234
14.959,14.209,12.867,11.239,11.096,10.363,7.261,6.564,7.523,5.532,0.000,5.633,7.785,8.841,9.775,10.697,11.454,10.926,11.636,13.263,14.301,15.097,15.610,15.918,16.108,16.064
16.087,14.949,14.880,12.969,11.125,11.310,10.327,7.192,6.446,7.644,5.633,0.000,5.774,7.883,7.935,7.932,9.581,9.939,10.834,12.448,14.046,14.684,15.074,16.336,16.228,16.098
17.466,16.340,16.144,15.509,13.300,11.958,11.858,10.763,8.281,7.461,7.785,5.774,0.000,5.714,7.465,7.590,8.439,10.420,11.423,12.622,14.165,15.072,15.451,16.314,17.020,16.496
16.971,17.586,17.063,16.417,15.713,14.199,13.053,12.445,11.223,9.669,8.841,7.883,5.714,0.000,5.738,7.822,8.492,10.350,11.871,13.635,14.066,14.217,15.414,16.090,16.578,16.757
16.663,16.542,17.849,16.823,16.150,15.740,14.331,12.943,12.346,11.530,9.775,7.935,7.465,5.738,0.000,5.819,7.491,9.007,9.933,12.475,13.881,13.231,14.262,15.451,16.100,16.224
16.788,16.704,17.269,17.705,16.255,15.887,15.299,13.408,12.147,11.911,10.697,7.932,7.590,7.822,5.819,0.000,5.928,7.833,8.465,10.230,12.726,12.609,13.126,14.356,15.516,15.657
16.826,16.661,17.249,16.862,17.046,16.254,15.670,14.370,12.891,12.245,11.454,9.581,8.439,8.492,7.491,5.928,0.000,5.717,7.510,8.733,10.166,11.665,12.646,13.736,14.582,15.415
16.004,15.738,15.849,15.242,14.667,15.674,14.602,13.211,12.468,11.933,10.926,9.939,10.420,10.350,9.007,7.833,5.717,0.000,5.702,7.731,8.914,9.354,11.132,13.018,13.219,13.930
16.289,15.739,16.110,15.463,15.193,15.386,15.669,14.135,13.547,13.356,11.636,10.834,11.423,11.871,9.933,8.465,7.510,5.702,0.000,5.714,7.163,7.495,8.660,11.231,12.453,13.259
15.803,15.043,15.235,14.517,14.303,14.612,14.209,14.498,14.026,14.021,13.263,12.448,12.622,13.635,12.475,10.230,8.733,7.731,5.714,0.000,5.541,7.854,8.302,10.135,12.320,13.643
15.605,14.759,15.091,14.375,14.330,14.497,14.121,13.700,15.192,15.017,14.301,14.046,14.165,14.066,13.881,12.726,10.166,8.914,7.163,5.541,0.000,5.642,7.498,8.462,10.223,12.477
15.489,14.793,15.097,14.465,14.537,14.941,14.718,14.090,14.721,15.932,15.097,14.684,15.072,14.217,13.231,12.609,11.665,9.354,7.495,7.854,5.642,0.000,5.704,7.610,8.731,10.404
15.381,14.605,15.011,14.476,14.466,14.799,14.656,14.290,14.860,15.247,15.610,15.074,15.451,15.414,14.262,13.126,12.646,11.132,8.660,8.302,7.498,5.704,0.000,5.654,7.521,8.892
15.473,14.837,15.307,14.898,14.897,15.106,15.265,15.133,15.680,16.034,15.918,16.336,16.314,16.090,15.451,14.356,13.736,13.018,11.231,10.135,8.462,7.610,5.654,0.000,5.723,7.781
15.533,14.955,15.496,15.184,15.072,15.265,15.420,15.393,15.885,16.203,16.108,16.228,17.020,16.578,16.100,15.516,14.582,13.219,12.453,12.320,10.223,8.731,7.521,5.723,0.000,6.072
15.684,15.304,15.607,15.362,15.193,15.448,15.536,15.484,15.850,16.234,16.064,16.098,16.496,16.757,16.224,15.657,15.415,13.930,13.259,13.643,12.477,10.404,8.892,7.781,6.072,0.000