c1,c2,c3,c4,c5,c6,c7,c8,c9,c10,c11,c12,c13,c14,c15,c16,c17,c18,c19,c20,c21,c22,c23,c24,c25,c26
0.000,6.118,7.531,9.784,12.411,13.940,13.334,13.088,14.596,14.651,14.739,15.141,16.183,16.005,15.856,15.978,15.935,15.810,15.683,15.387,15.041,15.602,15.887,15.499,15.463,15.510
6.118,0.000,5.888,7.616,9.346,11.620,11.618,12.165,13.423,13.622,14.133,14.502,16.113,15.895,15.744,15.766,15.803,15.695,15.380,15.001,14.413,15.214,15.423,15.041,15.064,15.035
7.531,5.888,0.000,5.683,7.926,9.423,9.513,11.168,12.793,12.531,12.938,13.625,15.316,15.167,15.397,15.410,15.487,15.376,15.046,14.638,13.852,14.796,15.042,14.674,14.875,14.953
9.784,7.616,5.683,0.000,5.726,6.727,8.025,9.962,11.915,12.553,13.095,13.225,15.049,15.273,15.574,15.629,15.604,15.443,15.063,14.338,13.344,14.349,14.498,14.354,14.774,14.950
12.411,9.346,7.926,5.726,0.000,5.714,7.309,7.976,9.273,11.589,12.668,12.103,14.407,14.756,15.249,15.204,15.190,15.090,14.706,13.866,12.412,13.860,14.016,13.865,14.361,14.679
13.940,11.620,9.423,6.727,5.714,0.000,5.786,7.640,8.251,9.292,11.721,11.933,14.160,14.366,15.123,15.178,15.329,15.473,14.782,13.863,12.189,13.705,13.693,13.726,14.390,14.689
13.334,11.618,9.513,8.025,7.309,5.786,0.000,5.829,7.509,7.370,8.732,9.460,12.382,12.714,13.520,13.868,14.252,14.236,13.414,12.420,10.278,12.017,12.478,12.797,13.827,14.364
13.088,12.165,11.168,9.962,7.976,7.640,5.829,0.000,5.876,7.760,8.686,8.734,12.633,13.346,14.195,14.408,14.876,15.045,14.500,13.527,11.488,13.010,13.534,13.428,14.570,14.961
14.596,13.423,12.793,11.915,9.273,8.251,7.509,5.876,0.000,5.971,8.080,8.128,11.612,12.846,14.186,14.397,14.666,14.868,14.393,13.369,11.435,12.983,13.416,13.488,14.505,14.992
14.651,13.622,12.531,12.553,11.589,9.292,7.370,7.760,5.971,0.000,5.838,7.749,10.368,11.916,13.548,14.236,14.591,14.835,14.337,13.642,11.942,13.519,14.061,14.203,15.167,15.425
14.739,14.133,12.938,13.095,12.668,11.721,8.732,8.686,8.080,5.838,0.000,6.468,8.766,10.670,12.214,13.618,14.365,14.745,14.032,13.542,12.009,13.614,14.352,14.406,15.422,15.851
15.141,14.502,13.625,13.225,12.103,11.933,9.460,8.734,8.128,7.749,6.468,0.000,6.823,8.118,9.219,10.329,12.002,12.655,12.007,11.300,9.957,11.837,13.035,13.339,14.592,15.211
16.183,16.113,15.316,15.049,14.407,14.160,12.382,12.633,11.612,10.368,8.766,6.823,0.000,6.676,8.530,10.187,11.786,13.151,13.042,12.966,11.773,13.347,14.563,14.676,15.635,16.134
16.005,15.895,15.167,15.273,14.756,14.366,12.714,13.346,12.846,11.916,10.670,8.118,6.676,0.000,7.011,7.825,9.670,10.877,11.069,11.494,10.599,12.135,13.664,13.956,15.013,15.558
15.856,15.744,15.397,15.574,15.249,15.123,13.520,14.195,14.186,13.548,12.214,9.219,8.530,7.011,0.000,6.952,8.117,9.704,9.852,11.340,11.214,12.261,13.790,14.379,15.416,16.034
15.978,15.766,15.410,15.629,15.204,15.178,13.868,14.408,14.397,14.236,13.618,10.329,10.187,7.825,6.952,0.000,6.619,7.781,7.976,9.469,10.105,11.324,13.070,13.482,14.930,15.608
15.935,15.803,15.487,15.604,15.190,15.329,14.252,14.876,14.666,14.591,14.365,12.002,11.786,9.670,8.117,6.619,0.000,6.087,8.219,9.978,10.977,12.237,14.216,14.274,15.360,16.218
15.810,15.695,15.376,15.443,15.090,15.473,14.236,15.045,14.868,14.835,14.745,12.655,13.151,10.877,9.704,7.781,6.087,0.000,6.005,8.171,10.101,10.954,13.468,13.913,15.011,15.725
15.683,15.380,15.046,15.063,14.706,14.782,13.414,14.500,14.393,14.337,14.032,12.007,13.042,11.069,9.852,7.976,8.219,6.005,0.000,6.241,7.955,8.637,11.216,12.650,14.228,14.991
15.387,15.001,14.638,14.338,13.866,13.863,12.420,13.527,13.369,13.642,13.542,11.300,12.966,11.494,11.340,9.469,9.978,8.171,6.241,0.000,6.398,7.570,9.510,10.834,13.418,14.617
15.041,14.413,13.852,13.344,12.412,12.189,10.278,11.488,11.435,11.942,12.009,9.957,11.773,10.599,11.214,10.105,10.977,10.101,7.955,6.398,0.000,6.269,7.605,8.342,11.058,12.884
15.602,15.214,14.796,14.349,13.860,13.705,12.017,13.010,12.983,13.519,13.614,11.837,13.347,12.135,12.261,11.324,12.237,10.954,8.637,7.570,6.269,0.000,6.424,7.653,9.708,11.706
15.887,15.423,15.042,14.498,14.016,13.693,12.478,13.534,13.416,14.061,14.352,13.035,14.563,13.664,13.790,13.070,14.216,13.468,11.216,9.510,7.605,6.424,0.000,6.391,7.933,10.166
15.499,15.041,14.674,14.354,13.865,13.726,12.797,13.428,13.488,14.203,14.406,13.339,14.676,13.956,14.379,13.482,14.274,13.913,12.650,10.834,8.342,7.653,6.391,0.000,6.424,7.836
15.463,15.064,14.875,14.774,14.361,14.390,13.827,14.570,14.505,15.167,15.422,14.592,15.635,15.013,15.416,14.930,15.360,15.011,14.228,13.418,11.058,9.708,7.933,6.424,0.000,6.501
15.510,15.035,14.953,14.950,14.679,14.689,14.364,14.961,14.992,15.425,15.851,15.211,16.134,15.558,16.034,15.608,16.218,15.725,14.991,14.617,12.884,11.706,10.166,7.836,6.501,0.000