c1,c2,c3,c4,c5,c6,c7,c8,c9,c10,c11,c12,c13,c14,c15,c16,c17,c18,c19,c20,c21,c22,c23,c24,c25,c26
0.000,5.807,7.414,9.105,11.277,13.653,14.216,13.644,13.988,14.963,14.833,15.033,16.189,15.625,15.625,15.094,15.478,15.699,15.588,15.553,15.933,16.002,15.990,15.760,15.896,15.876
5.807,0.000,5.656,7.372,9.161,11.056,13.046,13.019,12.577,13.855,14.313,14.027,15.221,16.402,15.762,14.855,15.195,15.686,15.495,15.147,15.575,16.020,15.717,15.597,15.636,15.703
7.414,5.656,0.000,5.673,7.331,8.768,10.041,11.353,12.011,12.776,13.292,13.888,14.770,15.571,16.572,15.013,15.214,15.691,15.587,15.137,15.526,15.969,15.856,15.650,15.878,15.859
9.105,7.372,5.673,0.000,5.619,7.567,8.772,9.093,11.012,12.512,12.919,13.170,15.007,15.779,16.168,16.209,15.990,16.224,15.898,15.445,15.750,16.094,15.892,15.833,15.892,16.030
11.277,9.161,7.331,5.619,0.000,5.627,7.247,7.279,8.191,10.842,12.053,12.142,13.760,15.238,15.414,14.913,16.123,15.750,15.263,14.927,15.463,15.767,15.623,15.570,15.652,15.911
13.653,11.056,8.768,7.567,5.627,0.000,5.517,7.452,7.851,9.287,12.210,12.753,13.670,15.013,15.661,15.048,15.717,17.102,16.003,15.115,15.596,16.254,15.705,15.693,15.807,15.931
14.216,13.046,10.041,8.772,7.247,5.517,0.000,5.603,7.545,8.125,10.208,12.027,13.919,14.225,14.769,14.611,15.281,16.210,16.709,15.053,15.930,16.319,16.127,16.052,16.168,16.011
13.644,13.019,11.353,9.093,7.279,7.452,5.603,0.000,5.675,7.621,8.901,9.881,12.889,14.178,13.697,13.228,14.454,15.490,15.669,15.699,15.758,16.213,15.792,16.165,16.313,16.283
13.988,12.577,12.011,11.012,8.191,7.851,7.545,5.675,0.000,5.772,7.992,8.436,10.740,13.114,13.759,11.979,13.087,15.063,15.334,15.156,16.552,16.390,15.938,16.201,16.630,16.379
14.963,13.855,12.776,12.512,10.842,9.287,8.125,7.621,5.772,0.000,5.959,7.833,9.318,11.354,12.500,10.910,11.726,13.959,14.522,14.394,15.940,17.357,16.159,16.460,16.919,16.848
14.833,14.313,13.292,12.919,12.053,12.210,10.208,8.901,7.992,5.959,0.000,6.161,8.133,9.764,10.234,9.736,11.117,12.735,13.454,14.000,15.579,16.774,17.242,16.972,17.323,17.067
15.033,14.027,13.888,13.170,12.142,12.753,12.027,9.881,8.436,7.833,6.161,0.000,6.168,8.431,8.326,6.927,8.524,10.860,11.090,11.728,13.583,15.127,15.630,16.817,17.030,17.104
16.189,15.221,14.770,15.007,13.760,13.670,13.919,12.889,10.740,9.318,8.133,6.168,0.000,6.128,6.784,6.708,7.629,9.997,10.717,11.354,12.990,14.810,15.732,16.890,18.012,17.429
15.625,16.402,15.571,15.779,15.238,15.013,14.225,14.178,13.114,11.354,9.764,8.431,6.128,0.000,5.976,7.617,6.627,7.366,10.294,11.212,11.224,13.007,15.305,16.178,16.741,17.492
15.625,15.762,16.572,16.168,15.414,15.661,14.769,13.697,13.759,12.500,10.234,8.326,6.784,5.976,0.000,5.969,7.614,6.578,7.388,10.460,11.293,11.412,13.209,15.640,16.152,16.627
15.094,14.855,15.013,16.209,14.913,15.048,14.611,13.228,11.979,10.910,9.736,6.927,6.708,7.617,5.969,0.000,5.711,7.579,6.364,7.370,10.281,11.451,11.642,13.811,15.474,15.961
15.478,15.195,15.214,15.990,16.123,15.717,15.281,14.454,13.087,11.726,11.117,8.524,7.629,6.627,7.614,5.711,0.000,5.588,7.491,6.525,7.280,10.386,11.560,12.328,13.529,15.053
15.699,15.686,15.691,16.224,15.750,17.102,16.210,15.490,15.063,13.959,12.735,10.860,9.997,7.366,6.578,7.579,5.588,0.000,5.593,7.471,6.140,7.167,10.286,11.772,12.136,13.491
15.588,15.495,15.587,15.898,15.263,16.003,16.709,15.669,15.334,14.522,13.454,11.090,10.717,10.294,7.388,6.364,7.491,5.593,0.000,5.568,7.434,6.633,7.516,10.884,11.875,12.698
15.553,15.147,15.137,15.445,14.927,15.115,15.053,15.699,15.156,14.394,14.000,11.728,11.354,11.212,10.460,7.370,6.525,7.471,5.568,0.000,5.603,7.529,6.629,8.464,10.343,11.654
15.933,15.575,15.526,15.750,15.463,15.596,15.930,15.758,16.552,15.940,15.579,13.583,12.990,11.224,11.293,10.281,7.280,6.140,7.434,5.603,0.000,5.536,7.470,7.465,8.531,10.278
16.002,16.020,15.969,16.094,15.767,16.254,16.319,16.213,16.390,17.357,16.774,15.127,14.810,13.007,11.412,11.451,10.386,7.167,6.633,7.529,5.536,0.000,5.567,7.694,8.089,9.338
15.990,15.717,15.856,15.892,15.623,15.705,16.127,15.792,15.938,16.159,17.242,15.630,15.732,15.305,13.209,11.642,11.560,10.286,7.516,6.629,7.470,5.567,0.000,5.590,7.273,8.498
15.760,15.597,15.650,15.833,15.570,15.693,16.052,16.165,16.201,16.460,16.972,16.817,16.890,16.178,15.640,13.811,12.328,11.772,10.884,8.464,7.465,7.694,5.590,0.000,5.679,7.913
15.896,15.636,15.878,15.892,15.652,15.807,16.168,16.313,16.630,16.919,17.323,17.030,18.012,16.741,16.152,15.474,13.529,12.136,11.875,10.343,8.531,8.089,7.273,5.679,0.000,6.047
15.876,15.703,15.859,16.030,15.911,15.931,16.011,16.283,16.379,16.848,17.067,17.104,17.429,17.492,16.627,15.961,15.053,13.491,12.698,11.654,10.278,9.338,8.498,7.913,6.047,0.000