c1,c2,c3,c4,c5,c6,c7,c8,c9,c10,c11,c12,c13,c14,c15,c16,c17,c18,c19,c20,c21,c22,c23,c24,c25,c26
0.000,6.445,7.783,9.774,12.044,12.927,12.203,12.383,12.497,13.247,13.185,12.376,13.798,14.065,14.273,14.564,14.435,14.375,14.813,14.715,14.476,15.024,14.987,15.415,15.505,15.469
6.445,0.000,6.003,7.715,9.875,10.918,10.612,11.329,11.728,13.041,13.133,11.739,13.660,13.922,14.333,14.706,14.228,13.951,14.571,14.287,13.702,14.406,13.919,14.688,14.740,14.704
7.783,6.003,0.000,6.172,7.431,8.248,8.274,9.020,9.864,11.426,11.608,10.354,12.078,12.535,13.216,13.646,13.349,13.353,14.168,14.194,13.938,14.506,14.341,14.887,14.961,14.719
9.774,7.715,6.172,0.000,5.651,8.056,9.371,10.554,12.055,13.975,14.138,12.902,14.529,14.693,15.035,15.266,14.783,14.751,15.310,14.902,14.580,14.967,14.259,14.678,14.536,14.454
12.044,9.875,7.431,5.651,0.000,5.786,7.700,9.275,11.124,13.645,14.405,13.255,14.794,14.942,15.234,15.339,14.928,14.918,15.658,15.440,14.751,15.245,14.052,14.076,14.108,13.654
12.927,10.918,8.248,8.056,5.786,0.000,5.806,7.623,9.750,12.039,13.698,12.586,14.413,14.441,14.628,14.793,14.411,14.505,15.419,15.481,14.575,14.728,13.720,13.665,12.957,13.235
12.203,10.612,8.274,9.371,7.700,5.806,0.000,5.844,7.571,9.948,11.609,11.268,13.880,13.907,14.056,14.280,13.557,13.441,14.717,14.417,13.005,13.449,11.769,12.609,12.687,13.082
12.383,11.329,9.020,10.554,9.275,7.623,5.844,0.000,6.002,7.912,9.513,9.263,12.367,12.745,13.279,13.719,13.181,13.279,15.006,14.866,13.548,13.813,12.858,12.560,13.506,13.473
12.497,11.728,9.864,12.055,11.124,9.750,7.571,6.002,0.000,6.111,7.445,7.389,10.560,11.630,12.684,13.068,12.411,12.584,13.918,13.805,12.607,13.011,12.834,13.262,14.213,14.644
13.247,13.041,11.426,13.975,13.645,12.039,9.948,7.912,6.111,0.000,6.061,7.934,10.018,11.637,13.139,13.846,13.271,13.530,14.715,14.308,13.603,13.459,14.001,13.312,14.501,14.745
13.185,13.133,11.608,14.138,14.405,13.698,11.609,9.513,7.445,6.061,0.000,6.430,8.290,10.000,11.531,12.513,12.743,13.219,14.146,13.851,13.911,14.623,15.044,15.195,15.831,16.183
12.376,11.739,10.354,12.902,13.255,12.586,11.268,9.263,7.389,7.934,6.430,0.000,6.276,7.755,9.113,10.088,10.788,11.914,12.795,12.660,13.165,14.226,14.918,15.539,16.206,16.629
13.798,13.660,12.078,14.529,14.794,14.413,13.880,12.367,10.560,10.018,8.290,6.276,0.000,6.210,8.526,9.829,10.558,12.403,13.538,13.533,14.062,15.171,15.793,16.357,17.015,16.946
14.065,13.922,12.535,14.693,14.942,14.441,13.907,12.745,11.630,11.637,10.000,7.755,6.210,0.000,6.458,7.591,8.774,10.350,12.051,12.886,13.217,14.448,15.362,16.324,16.784,16.888
14.273,14.333,13.216,15.035,15.234,14.628,14.056,13.279,12.684,13.139,11.531,9.113,8.526,6.458,0.000,6.246,7.813,9.379,10.412,12.236,13.155,14.075,14.872,16.114,16.620,16.833
14.564,14.706,13.646,15.266,15.339,14.793,14.280,13.719,13.068,13.846,12.513,10.088,9.829,7.591,6.246,0.000,6.108,7.599,8.269,9.559,11.547,13.151,14.034,15.195,16.050,16.408
14.435,14.228,13.349,14.783,14.928,14.411,13.557,13.181,12.411,13.271,12.743,10.788,10.558,8.774,7.813,6.108,0.000,5.852,7.790,8.608,9.868,12.450,13.791,14.663,15.376,16.125
14.375,13.951,13.353,14.751,14.918,14.505,13.441,13.279,12.584,13.530,13.219,11.914,12.403,10.350,9.379,7.599,5.852,0.000,5.830,7.459,7.661,9.880,11.725,13.840,14.491,15.222
14.813,14.571,14.168,15.310,15.658,15.419,14.717,15.006,13.918,14.715,14.146,12.795,13.538,12.051,10.412,8.269,7.790,5.830,0.000,5.645,7.965,9.223,11.393,13.922,14.962,15.366
14.715,14.287,14.194,14.902,15.440,15.481,14.417,14.866,13.805,14.308,13.851,12.660,13.533,12.886,12.236,9.559,8.608,7.459,5.645,0.000,5.730,7.730,9.673,12.027,14.394,15.491
14.476,13.702,13.938,14.580,14.751,14.575,13.005,13.548,12.607,13.603,13.911,13.165,14.062,13.217,13.155,11.547,9.868,7.661,7.965,5.730,0.000,5.849,7.382,9.469,12.185,13.971
15.024,14.406,14.506,14.967,15.245,14.728,13.449,13.813,13.011,13.459,14.623,14.226,15.171,14.448,14.075,13.151,12.450,9.880,9.223,7.730,5.849,0.000,5.799,7.372,9.857,11.990
14.987,13.919,14.341,14.259,14.052,13.720,11.769,12.858,12.834,14.001,15.044,14.918,15.793,15.362,14.872,14.034,13.791,11.725,11.393,9.673,7.382,5.799,0.000,5.749,7.582,9.717
15.415,14.688,14.887,14.678,14.076,13.665,12.609,12.560,13.262,13.312,15.195,15.539,16.357,16.324,16.114,15.195,14.663,13.840,13.922,12.027,9.469,7.372,5.749,0.000,5.808,7.787
15.505,14.740,14.961,14.536,14.108,12.957,12.687,13.506,14.213,14.501,15.831,16.206,17.015,16.784,16.620,16.050,15.376,14.491,14.962,14.394,12.185,9.857,7.582,5.808,0.000,6.320
15.469,14.704,14.719,14.454,13.654,13.235,13.082,13.473,14.644,14.745,16.183,16.629,16.946,16.888,16.833,16.408,16.125,15.222,15.366,15.491,13.971,11.990,9.717,7.787,6.320,0.000