c1,c2,c3,c4,c5,c6,c7,c8,c9,c10,c11,c12,c13,c14,c15,c16,c17,c18,c19,c20,c21,c22,c23,c24,c25,c26
0.000,6.119,7.325,9.783,12.148,14.679,15.419,13.202,13.271,14.839,14.037,13.007,14.552,14.671,15.227,14.943,14.898,14.621,15.182,14.991,14.499,15.001,15.241,15.125,15.287,15.541
6.119,0.000,5.877,7.665,10.100,12.908,14.173,12.032,11.445,13.482,13.017,11.529,13.551,14.374,14.916,14.350,14.335,13.980,14.670,14.406,13.596,14.303,14.444,14.653,14.725,15.241
7.325,5.877,0.000,5.808,7.245,9.871,11.433,9.837,9.762,11.627,11.452,10.871,13.253,14.480,15.183,14.257,14.276,13.719,14.482,14.062,13.265,14.338,14.636,14.650,15.113,15.652
9.783,7.665,5.808,0.000,5.697,8.107,9.715,8.734,8.493,11.303,11.683,11.296,14.099,15.404,16.257,15.289,15.390,14.653,15.392,14.574,13.748,14.851,14.929,14.990,15.484,15.966
12.148,10.100,7.245,5.697,0.000,5.826,6.532,5.529,6.568,8.785,9.296,9.841,12.550,14.370,15.137,14.173,14.842,14.133,14.746,13.948,12.756,14.321,14.571,14.623,15.389,16.139
14.679,12.908,9.871,8.107,5.826,0.000,5.474,7.653,7.104,8.808,11.081,11.750,13.749,15.394,16.338,15.420,15.844,15.236,15.627,14.644,13.452,14.555,14.724,14.763,15.182,16.109
15.419,14.173,11.433,9.715,6.532,5.474,0.000,5.510,7.497,7.839,9.425,11.287,13.779,15.075,15.780,14.806,15.323,14.689,15.321,14.148,13.213,14.516,14.931,14.892,15.547,16.141
13.202,12.032,9.837,8.734,5.529,7.653,5.510,0.000,5.695,7.543,7.788,8.731,12.143,14.174,14.706,13.419,14.509,14.026,14.769,13.941,13.030,14.472,14.803,14.857,15.640,16.198
13.271,11.445,9.762,8.493,6.568,7.104,7.497,5.695,0.000,5.788,7.735,7.947,10.698,13.315,14.256,12.641,13.890,13.810,14.793,13.902,13.470,14.607,15.061,15.011,15.471,16.076
14.839,13.482,11.627,11.303,8.785,8.808,7.839,7.543,5.788,0.000,5.967,7.832,9.333,11.815,13.194,11.821,13.274,13.406,14.770,14.347,13.833,15.321,15.873,15.623,15.827,16.543
14.037,13.017,11.452,11.683,9.296,11.081,9.425,7.788,7.735,5.967,0.000,6.255,8.091,10.335,11.496,10.373,12.299,12.665,14.114,13.762,13.655,15.275,15.821,15.634,16.023,16.710
13.007,11.529,10.871,11.296,9.841,11.750,11.287,8.731,7.947,7.832,6.255,0.000,6.261,8.633,9.719,8.121,10.483,11.428,12.879,12.503,12.509,14.017,14.688,14.677,15.446,16.189
14.552,13.551,13.253,14.099,12.550,13.749,13.779,12.143,10.698,9.333,8.091,6.261,0.000,6.325,7.330,7.198,9.834,11.750,13.604,13.515,13.682,15.197,15.722,15.544,16.225,16.833
14.671,14.374,14.480,15.404,14.370,15.394,15.075,14.174,13.315,11.815,10.335,8.633,6.325,0.000,5.909,7.661,9.859,11.511,13.580,13.855,13.715,15.154,16.143,15.910,16.338,16.821
15.227,14.916,15.183,16.257,15.137,16.338,15.780,14.706,14.256,13.194,11.496,9.719,7.330,5.909,0.000,6.097,8.309,10.888,12.204,13.105,14.013,15.040,15.874,15.923,16.599,17.070
14.943,14.350,14.257,15.289,14.173,15.420,14.806,13.419,12.641,11.821,10.373,8.121,7.198,7.661,6.097,0.000,6.069,8.463,9.924,10.425,12.115,13.814,14.340,14.485,15.282,16.291
14.898,14.335,14.276,15.390,14.842,15.844,15.323,14.509,13.890,13.274,12.299,10.483,9.834,9.859,8.309,6.069,0.000,6.120,7.458,8.207,9.578,11.893,13.726,13.892,14.505,15.800
14.621,13.980,13.719,14.653,14.133,15.236,14.689,14.026,13.810,13.406,12.665,11.428,11.750,11.511,10.888,8.463,6.120,0.000,5.932,7.311,7.561,9.557,12.281,13.311,13.592,14.686
15.182,14.670,14.482,15.392,14.746,15.627,15.321,14.769,14.793,14.770,14.114,12.879,13.604,13.580,12.204,9.924,7.458,5.932,0.000,5.727,7.551,8.539,10.930,12.791,14.265,14.903
14.991,14.406,14.062,14.574,13.948,14.644,14.148,13.941,13.902,14.347,13.762,12.503,13.515,13.855,13.105,10.425,8.207,7.311,5.727,0.000,5.761,7.460,9.183,10.551,13.269,14.733
14.499,13.596,13.265,13.748,12.756,13.452,13.213,13.030,13.470,13.833,13.655,12.509,13.682,13.715,14.013,12.115,9.578,7.561,7.551,5.761,0.000,5.842,7.664,8.347,10.814,13.296
15.001,14.303,14.338,14.851,14.321,14.555,14.516,14.472,14.607,15.321,15.275,14.017,15.197,15.154,15.040,13.814,11.893,9.557,8.539,7.460,5.842,0.000,5.675,7.233,9.026,11.168
15.241,14.444,14.636,14.929,14.571,14.724,14.931,14.803,15.061,15.873,15.821,14.688,15.722,16.143,15.874,14.340,13.726,12.281,10.930,9.183,7.664,5.675,0.000,5.665,7.528,9.574
15.125,14.653,14.650,14.990,14.623,14.763,14.892,14.857,15.011,15.623,15.634,14.677,15.544,15.910,15.923,14.485,13.892,13.311,12.791,10.551,8.347,7.233,5.665,0.000,5.741,8.041
15.287,14.725,15.113,15.484,15.389,15.182,15.547,15.640,15.471,15.827,16.023,15.446,16.225,16.338,16.599,15.282,14.505,13.592,14.265,13.269,10.814,9.026,7.528,5.741,0.000,6.326
15.541,15.241,15.652,15.966,16.139,16.109,16.141,16.198,16.076,16.543,16.710,16.189,16.833,16.821,17.070,16.291,15.800,14.686,14.903,14.733,13.296,11.168,9.574,8.041,6.326,0.000