c1,c2,c3,c4,c5,c6,c7,c8,c9,c10,c11,c12,c13,c14,c15,c16,c17,c18,c19,c20,c21,c22,c23,c24,c25,c26
0.000,6.237,7.499,9.480,11.944,14.259,15.524,15.652,14.999,14.821,14.380,13.356,14.096,13.543,14.140,14.433,13.127,12.504,14.195,13.975,12.385,13.759,14.899,14.706,14.507,15.383
6.237,0.000,5.891,7.560,9.714,12.271,14.368,14.860,14.190,13.945,13.462,12.031,12.894,12.381,13.306,13.614,11.852,11.484,13.469,12.974,11.278,13.148,14.420,14.301,14.112,15.207
7.499,5.891,0.000,6.007,7.650,10.334,12.273,13.731,13.450,12.933,12.354,10.767,11.824,11.628,12.259,12.776,10.991,10.829,12.612,12.056,10.637,12.764,13.850,14.000,14.373,15.453
9.480,7.560,6.007,0.000,6.181,7.539,10.278,11.740,12.292,12.453,11.925,10.632,12.525,12.240,13.257,13.790,12.314,12.483,14.123,13.436,12.271,14.146,15.255,15.238,15.275,15.962
11.944,9.714,7.650,6.181,0.000,6.314,7.903,9.542,10.021,10.805,10.710,9.524,11.355,11.439,12.516,12.721,11.187,12.080,13.429,12.539,11.768,13.658,14.549,14.650,15.052,15.872
14.259,12.271,10.334,7.539,6.314,0.000,6.016,8.144,9.292,10.228,11.030,10.255,12.317,12.610,13.754,13.859,12.673,13.531,14.753,13.773,13.463,14.866,15.502,15.367,15.465,15.868
15.524,14.368,12.273,10.278,7.903,6.016,0.000,5.935,7.834,9.231,10.289,10.644,12.918,13.403,14.385,14.464,13.566,14.672,15.607,14.823,14.637,15.744,15.795,15.759,15.505,15.618
15.652,14.860,13.731,11.740,9.542,8.144,5.935,0.000,6.068,8.202,9.938,10.487,13.276,14.191,15.056,14.960,14.340,15.296,16.202,15.647,15.288,16.045,15.722,15.576,15.463,15.623
14.999,14.190,13.450,12.292,10.021,9.292,7.834,6.068,0.000,6.071,8.078,9.332,11.844,13.714,14.964,14.757,13.963,14.954,15.977,15.534,15.261,15.858,15.780,15.545,15.458,15.637
14.821,13.945,12.933,12.453,10.805,10.228,9.231,8.202,6.071,0.000,6.113,7.824,10.330,12.446,13.957,14.409,13.555,14.492,15.673,15.442,15.137,15.981,15.427,15.088,15.211,15.582
14.380,13.462,12.354,11.925,10.710,11.030,10.289,9.938,8.078,6.113,0.000,6.556,8.366,10.767,12.263,13.419,12.816,13.487,14.680,14.781,14.718,15.850,16.062,15.601,15.543,15.829
13.356,12.031,10.767,10.632,9.524,10.255,10.644,10.487,9.332,7.824,6.556,0.000,6.679,8.130,9.538,10.429,10.214,10.986,11.994,12.243,12.384,13.802,15.034,15.581,15.781,16.315
14.096,12.894,11.824,12.525,11.355,12.317,12.918,13.276,11.844,10.330,8.366,6.679,0.000,6.431,7.517,9.173,9.535,10.467,11.613,12.146,12.511,13.946,15.186,16.040,16.910,16.840
13.543,12.381,11.628,12.240,11.439,12.610,13.403,14.191,13.714,12.446,10.767,8.130,6.431,0.000,6.562,8.204,8.361,8.437,10.393,11.347,11.290,12.777,14.796,15.779,16.561,17.360
14.140,13.306,12.259,13.257,12.516,13.754,14.385,15.056,14.964,13.957,12.263,9.538,7.517,6.562,0.000,6.557,7.271,6.808,7.980,10.309,11.167,11.547,13.482,15.201,16.206,17.233
14.433,13.614,12.776,13.790,12.721,13.859,14.464,14.960,14.757,14.409,13.419,10.429,9.173,8.204,6.557,0.000,6.042,7.733,7.105,7.946,10.653,11.665,12.339,13.931,15.691,16.944
13.127,11.852,10.991,12.314,11.187,12.673,13.566,14.340,13.963,13.555,12.816,10.214,9.535,8.361,7.271,6.042,0.000,5.855,7.686,6.944,8.117,10.813,12.082,12.678,14.011,15.936
12.504,11.484,10.829,12.483,12.080,13.531,14.672,15.296,14.954,14.492,13.487,10.986,10.467,8.437,6.808,7.733,5.855,0.000,5.759,7.483,6.914,8.045,11.077,12.231,12.912,14.753
14.195,13.469,12.612,14.123,13.429,14.753,15.607,16.202,15.977,15.673,14.680,11.994,11.613,10.393,7.980,7.105,7.686,5.759,0.000,5.641,7.650,7.259,8.915,11.539,12.859,14.416
13.975,12.974,12.056,13.436,12.539,13.773,14.823,15.647,15.534,15.442,14.781,12.243,12.146,11.347,10.309,7.946,6.944,7.483,5.641,0.000,5.725,7.498,7.554,9.381,11.654,13.653
12.385,11.278,10.637,12.271,11.768,13.463,14.637,15.288,15.261,15.137,14.718,12.384,12.511,11.290,11.167,10.653,8.117,6.914,7.650,5.725,0.000,5.675,7.494,7.516,9.378,11.967
13.759,13.148,12.764,14.146,13.658,14.866,15.744,16.045,15.858,15.981,15.850,13.802,13.946,12.777,11.547,11.665,10.813,8.045,7.259,7.498,5.675,0.000,5.614,7.851,8.480,11.075
14.899,14.420,13.850,15.255,14.549,15.502,15.795,15.722,15.780,15.427,16.062,15.034,15.186,14.796,13.482,12.339,12.082,11.077,8.915,7.554,7.494,5.614,0.000,5.695,7.470,9.706
14.706,14.301,14.000,15.238,14.650,15.367,15.759,15.576,15.545,15.088,15.601,15.581,16.040,15.779,15.201,13.931,12.678,12.231,11.539,9.381,7.516,7.851,5.695,0.000,5.881,8.437
14.507,14.112,14.373,15.275,15.052,15.465,15.505,15.463,15.458,15.211,15.543,15.781,16.910,16.561,16.206,15.691,14.011,12.912,12.859,11.654,9.378,8.480,7.470,5.881,0.000,6.763
15.383,15.207,15.453,15.962,15.872,15.868,15.618,15.623,15.637,15.582,15.829,16.315,16.840,17.360,17.233,16.944,15.936,14.753,14.416,13.653,11.967,11.075,9.706,8.437,6.763,0.000