c1,c2,c3,c4,c5,c6,c7,c8,c9,c10,c11,c12,c13,c14,c15,c16,c17,c18,c19,c20,c21,c22,c23,c24,c25,c26
0.000,5.941,8.231,9.819,11.650,13.014,14.339,14.511,14.629,15.241,15.748,16.045,16.592,16.653,16.761,16.778,16.571,16.538,16.292,16.358,15.938,16.058,16.074,15.917,15.113,15.197
5.941,0.000,5.868,7.352,8.248,9.728,11.489,13.024,12.977,13.512,14.029,14.232,15.345,15.823,16.197,16.478,16.296,16.371,16.137,16.055,15.307,15.529,15.457,14.990,14.266,14.238
8.231,5.868,0.000,5.605,7.371,8.536,11.025,12.955,13.467,13.461,14.281,14.605,15.754,16.348,16.923,16.935,16.749,16.496,16.157,16.431,15.427,15.571,15.286,15.016,14.113,14.198
9.819,7.352,5.605,0.000,5.612,7.517,8.561,10.691,12.477,13.806,12.942,13.489,15.117,15.666,16.237,16.723,16.383,16.223,15.874,15.809,14.389,14.680,14.125,13.819,13.234,13.415
11.650,8.248,7.371,5.612,0.000,5.650,7.288,8.548,9.968,12.503,13.526,12.741,14.218,15.287,15.854,16.181,16.070,15.875,15.583,15.024,13.028,13.658,13.222,12.542,12.319,12.916
13.014,9.728,8.536,7.517,5.650,0.000,5.639,7.438,8.450,10.561,12.473,12.987,13.510,14.459,15.416,15.715,15.346,15.382,14.729,13.950,11.302,12.211,12.096,11.577,11.600,12.391
14.339,11.489,11.025,8.561,7.288,5.639,0.000,5.615,7.433,8.960,10.417,11.935,13.562,13.565,14.433,14.958,14.683,15.354,15.045,13.460,10.945,12.302,11.949,11.221,11.633,11.658
14.511,13.024,12.955,10.691,8.548,7.438,5.615,0.000,5.699,7.568,8.421,9.349,11.903,12.583,12.902,13.230,13.233,13.743,13.261,11.695,9.225,11.000,10.602,10.915,11.715,12.365
14.629,12.977,13.467,12.477,9.968,8.450,7.433,5.699,0.000,5.731,7.791,8.088,10.349,12.116,13.096,13.399,13.164,14.612,14.636,12.776,10.862,12.432,12.671,11.994,12.979,13.363
15.241,13.512,13.461,13.806,12.503,10.561,8.960,7.568,5.731,0.000,5.854,7.663,8.778,10.383,11.781,12.324,12.317,13.830,14.000,12.049,11.132,13.268,13.384,13.210,14.341,14.751
15.748,14.029,14.281,12.942,13.526,12.473,10.417,8.421,7.791,5.854,0.000,6.146,7.749,8.876,10.352,11.614,12.173,14.044,14.113,12.203,12.370,14.367,14.783,14.591,15.586,15.826
16.045,14.232,14.605,13.489,12.741,12.987,11.935,9.349,8.088,7.663,6.146,0.000,6.132,8.205,9.002,10.112,11.148,13.448,13.745,11.895,12.362,14.273,14.965,15.026,15.847,16.176
16.592,15.345,15.754,15.117,14.218,13.510,13.562,11.903,10.349,8.778,7.749,6.132,0.000,6.356,8.028,9.271,10.232,13.146,13.837,11.988,12.817,14.763,15.643,15.660,16.432,16.711
16.653,15.823,16.348,15.666,15.287,14.459,13.565,12.583,12.116,10.383,8.876,8.205,6.356,0.000,6.359,8.198,8.919,11.523,12.362,11.079,12.254,13.919,15.052,15.294,16.036,16.400
16.761,16.197,16.923,16.237,15.854,15.416,14.433,12.902,13.096,11.781,10.352,9.002,8.028,6.359,0.000,6.280,8.154,10.722,11.424,10.249,11.912,13.484,14.650,15.106,15.994,16.365
16.778,16.478,16.935,16.723,16.181,15.715,14.958,13.230,13.399,12.324,11.614,10.112,9.271,8.198,6.280,0.000,6.347,8.902,9.862,8.271,10.367,12.274,13.756,14.330,15.491,16.052
16.571,16.296,16.749,16.383,16.070,15.346,14.683,13.233,13.164,12.317,12.173,11.148,10.232,8.919,8.154,6.347,0.000,6.276,6.753,5.860,8.318,10.738,12.650,13.719,14.844,15.660
16.538,16.371,16.496,16.223,15.875,15.382,15.354,13.743,14.612,13.830,14.044,13.448,13.146,11.523,10.722,8.902,6.276,0.000,5.722,7.433,8.061,9.268,11.552,12.879,13.797,14.656
16.292,16.137,16.157,15.874,15.583,14.729,15.045,13.261,14.636,14.000,14.113,13.745,13.837,12.362,11.424,9.862,6.753,5.722,0.000,5.751,7.843,8.063,10.630,12.126,13.883,14.631
16.358,16.055,16.431,15.809,15.024,13.950,13.460,11.695,12.776,12.049,12.203,11.895,11.988,11.079,10.249,8.271,5.860,7.433,5.751,0.000,5.695,7.975,9.818,11.100,13.403,14.286
15.938,15.307,15.427,14.389,13.028,11.302,10.945,9.225,10.862,11.132,12.370,12.362,12.817,12.254,11.912,10.367,8.318,8.061,7.843,5.695,0.000,5.898,7.430,8.251,10.678,12.173
16.058,15.529,15.571,14.680,13.658,12.211,12.302,11.000,12.432,13.268,14.367,14.273,14.763,13.919,13.484,12.274,10.738,9.268,8.063,7.975,5.898,0.000,5.788,7.644,9.642,11.256
16.074,15.457,15.286,14.125,13.222,12.096,11.949,10.602,12.671,13.384,14.783,14.965,15.643,15.052,14.650,13.756,12.650,11.552,10.630,9.818,7.430,5.788,0.000,5.812,7.823,10.000
15.917,14.990,15.016,13.819,12.542,11.577,11.221,10.915,11.994,13.210,14.591,15.026,15.660,15.294,15.106,14.330,13.719,12.879,12.126,11.100,8.251,7.644,5.812,0.000,6.060,7.616
15.113,14.266,14.113,13.234,12.319,11.600,11.633,11.715,12.979,14.341,15.586,15.847,16.432,16.036,15.994,15.491,14.844,13.797,13.883,13.403,10.678,9.642,7.823,6.060,0.000,6.414
15.197,14.238,14.198,13.415,12.916,12.391,11.658,12.365,13.363,14.751,15.826,16.176,16.711,16.400,16.365,16.052,15.660,14.656,14.631,14.286,12.173,11.256,10.000,7.616,6.414,0.000