c1,c2,c3,c4,c5,c6,c7,c8,c9,c10,c11,c12,c13,c14,c15,c16,c17,c18,c19,c20,c21,c22,c23,c24,c25,c26
0.000,5.920,8.323,9.887,11.950,13.613,14.804,14.503,14.512,15.347,15.707,15.584,16.057,16.311,16.347,16.201,16.333,16.405,16.310,16.154,15.849,16.043,16.181,16.060,15.674,15.596
5.920,0.000,5.897,7.415,8.596,10.328,11.992,12.707,12.763,13.621,14.053,13.913,15.088,15.707,15.876,15.881,15.966,16.199,16.116,15.807,15.248,15.643,15.818,15.607,15.149,15.092
8.323,5.897,0.000,5.654,7.341,8.875,11.163,12.521,12.985,13.543,14.076,14.231,15.335,16.159,16.535,16.370,16.528,16.433,16.156,16.229,15.457,15.737,15.740,15.654,15.170,15.062
9.887,7.415,5.654,0.000,5.639,7.672,8.873,10.334,11.946,13.480,12.855,13.031,14.682,15.550,16.065,16.239,16.252,16.280,15.910,15.800,14.766,15.249,15.095,14.841,14.482,14.476
11.950,8.596,7.341,5.639,0.000,5.665,6.953,8.060,9.431,12.048,12.941,12.424,14.003,14.853,15.533,15.860,15.727,15.918,15.552,15.079,13.437,14.147,14.012,13.688,13.566,13.766
13.613,10.328,8.875,7.672,5.665,0.000,5.648,7.512,8.263,10.378,12.301,12.956,13.828,14.687,15.680,15.883,15.478,15.697,15.178,14.503,12.405,13.035,13.116,12.846,12.834,13.093
14.804,11.992,11.163,8.873,6.953,5.648,0.000,5.628,7.422,8.808,10.259,11.647,13.683,13.954,14.665,14.988,14.726,15.439,15.116,13.815,11.557,12.962,12.618,12.095,12.316,12.301
14.503,12.707,12.521,10.334,8.060,7.512,5.628,0.000,5.769,7.640,8.503,9.504,12.225,13.303,13.657,13.676,13.478,14.206,13.804,12.189,10.067,11.684,11.279,11.347,11.956,12.418
14.512,12.763,12.985,11.946,9.431,8.263,7.422,5.769,0.000,5.721,7.765,8.356,10.909,12.861,13.658,13.641,13.331,14.707,14.752,13.024,11.225,13.073,12.842,12.380,13.146,13.505
15.347,13.621,13.543,13.480,12.048,10.378,8.808,7.640,5.721,0.000,5.887,7.683,9.296,11.359,12.491,12.611,12.487,13.947,14.000,12.244,11.345,13.331,13.228,13.081,13.979,14.417
15.707,14.053,14.076,12.855,12.941,12.301,10.259,8.503,7.765,5.887,0.000,6.168,7.822,9.682,10.844,11.659,12.120,13.990,13.977,12.119,12.161,14.196,14.398,14.318,15.257,15.589
15.584,13.913,14.231,13.031,12.424,12.956,11.647,9.504,8.356,7.683,6.168,0.000,6.259,8.260,9.175,9.828,10.489,12.868,13.032,11.212,11.474,13.622,14.269,14.375,15.390,15.747
16.057,15.088,15.335,14.682,14.003,13.828,13.683,12.225,10.909,9.296,7.822,6.259,0.000,6.350,7.697,9.179,9.822,12.812,13.423,11.742,12.519,14.528,15.283,15.264,16.133,16.404
16.311,15.707,16.159,15.550,14.853,14.687,13.954,13.303,12.861,11.359,9.682,8.260,6.350,0.000,6.277,8.186,9.005,11.380,12.301,11.171,12.252,14.027,15.110,15.257,16.020,16.339
16.347,15.876,16.535,16.065,15.533,15.680,14.665,13.657,13.658,12.491,10.844,9.175,7.697,6.277,0.000,6.229,8.164,10.568,11.360,10.345,12.005,13.618,14.671,15.079,15.994,16.307
16.201,15.881,16.370,16.239,15.860,15.883,14.988,13.676,13.641,12.611,11.659,9.828,9.179,8.186,6.229,0.000,6.430,9.003,9.952,8.585,10.648,12.645,13.973,14.456,15.552,16.062
16.333,15.966,16.528,16.252,15.727,15.478,14.726,13.478,13.331,12.487,12.120,10.489,9.822,9.005,8.164,6.430,0.000,6.246,6.795,5.932,8.405,10.896,12.675,13.676,14.782,15.527
16.405,16.199,16.433,16.280,15.918,15.697,15.439,14.206,14.707,13.947,13.990,12.868,12.812,11.380,10.568,9.003,6.246,0.000,5.767,7.430,8.095,9.341,11.551,12.748,13.735,14.607
16.310,16.116,16.156,15.910,15.552,15.178,15.116,13.804,14.752,14.000,13.977,13.032,13.423,12.301,11.360,9.952,6.795,5.767,0.000,5.772,7.776,8.085,10.477,11.974,13.659,14.456
16.154,15.807,16.229,15.800,15.079,14.503,13.815,12.189,13.024,12.244,12.119,11.212,11.742,11.171,10.345,8.585,5.932,7.430,5.772,0.000,5.706,7.988,9.732,10.955,13.224,14.052
15.849,15.248,15.457,14.766,13.437,12.405,11.557,10.067,11.225,11.345,12.161,11.474,12.519,12.252,12.005,10.648,8.405,8.095,7.776,5.706,0.000,5.900,7.464,8.160,10.502,11.843
16.043,15.643,15.737,15.249,14.147,13.035,12.962,11.684,13.073,13.331,14.196,13.622,14.528,14.027,13.618,12.645,10.896,9.341,8.085,7.988,5.900,0.000,5.750,7.639,9.546,11.057
16.181,15.818,15.740,15.095,14.012,13.116,12.618,11.279,12.842,13.228,14.398,14.269,15.283,15.110,14.671,13.973,12.675,11.551,10.477,9.732,7.464,5.750,0.000,5.766,7.821,9.955
16.060,15.607,15.654,14.841,13.688,12.846,12.095,11.347,12.380,13.081,14.318,14.375,15.264,15.257,15.079,14.456,13.676,12.748,11.974,10.955,8.160,7.639,5.766,0.000,5.979,7.595
15.674,15.149,15.170,14.482,13.566,12.834,12.316,11.956,13.146,13.979,15.257,15.390,16.133,16.020,15.994,15.552,14.782,13.735,13.659,13.224,10.502,9.546,7.821,5.979,0.000,6.333
15.596,15.092,15.062,14.476,13.766,13.093,12.301,12.418,13.505,14.417,15.589,15.747,16.404,16.339,16.307,16.062,15.527,14.607,14.456,14.052,11.843,11.057,9.955,7.595,6.333,0.000