c1,c2,c3,c4,c5,c6,c7,c8,c9,c10,c11,c12,c13,c14,c15,c16,c17,c18,c19,c20,c21,c22,c23,c24,c25,c26
0.000,5.983,7.672,10.373,12.448,15.924,16.729,17.431,17.024,17.150,17.133,16.908,17.040,17.269,17.436,17.390,17.411,17.283,17.224,15.427,14.670,12.199,11.429,11.198,10.889,12.492
5.983,0.000,5.758,7.654,9.507,13.323,14.755,17.288,16.951,17.067,16.811,16.420,16.766,17.019,16.935,17.188,17.092,16.834,15.801,12.813,12.188,9.548,9.398,9.084,9.641,11.792
7.672,5.758,0.000,5.673,6.913,10.706,12.510,15.790,17.042,17.177,16.907,16.429,16.621,16.843,16.583,17.218,17.059,16.288,15.055,12.234,11.683,9.753,8.734,9.741,9.555,11.878
10.373,7.654,5.673,0.000,5.764,7.838,10.466,13.671,15.797,17.260,16.741,16.240,16.379,16.150,15.387,15.990,14.887,13.176,12.275,8.904,9.743,8.561,9.327,11.608,12.261,14.460
12.448,9.507,6.913,5.764,0.000,5.704,6.917,10.349,12.562,15.090,16.102,15.818,15.990,15.827,15.011,15.631,15.027,13.358,12.450,9.676,8.336,9.438,8.171,11.457,11.894,13.759
15.924,13.323,10.706,7.838,5.704,0.000,5.800,7.254,10.485,12.847,14.608,14.644,15.441,14.548,13.324,13.276,12.471,11.203,10.715,8.816,9.017,11.824,11.574,14.941,15.355,16.044
16.729,14.755,12.510,10.466,6.917,5.800,0.000,5.798,6.990,10.198,11.614,12.745,14.171,13.457,12.309,12.935,12.604,11.593,9.639,9.207,7.014,10.782,10.207,13.730,14.710,15.561
17.431,17.288,15.790,13.671,10.349,7.254,5.798,0.000,5.776,7.637,10.119,11.312,13.601,12.969,12.237,12.702,12.729,12.293,11.200,11.835,10.496,14.074,13.101,15.482,15.877,15.717
17.024,16.951,17.042,15.797,12.562,10.485,6.990,5.776,0.000,5.744,7.207,8.975,10.737,10.921,10.810,11.334,12.042,12.132,10.595,12.010,10.047,13.258,12.626,14.984,15.049,15.023
17.150,17.067,17.177,17.260,15.090,12.847,10.198,7.637,5.744,0.000,5.823,8.809,10.751,11.187,12.152,13.640,14.459,14.408,12.899,14.483,12.511,14.855,13.944,14.735,14.965,15.313
17.133,16.811,16.907,16.741,16.102,14.608,11.614,10.119,7.207,5.823,0.000,6.235,6.841,8.146,10.091,12.257,13.775,14.079,12.361,14.102,12.760,15.062,14.701,15.173,15.830,16.015
16.908,16.420,16.429,16.240,15.818,14.644,12.745,11.312,8.975,8.809,6.235,0.000,6.038,7.949,9.506,11.762,13.281,13.781,12.092,13.151,12.438,14.519,14.908,15.860,16.522,16.844
17.040,16.766,16.621,16.379,15.990,15.441,14.171,13.601,10.737,10.751,6.841,6.038,0.000,5.927,7.926,10.171,11.961,13.323,11.862,13.390,12.963,14.866,15.132,15.599,16.581,16.801
17.269,17.019,16.843,16.150,15.827,14.548,13.457,12.969,10.921,11.187,8.146,7.949,5.927,0.000,6.400,8.019,10.218,11.056,10.586,12.433,12.828,15.355,16.140,17.009,17.591,17.588
17.436,16.935,16.583,15.387,15.011,13.324,12.309,12.237,10.810,12.152,10.091,9.506,7.926,6.400,0.000,6.117,7.720,9.017,8.153,10.347,11.334,13.950,15.267,16.432,17.233,17.365
17.390,17.188,17.218,15.990,15.631,13.276,12.935,12.702,11.334,13.640,12.257,11.762,10.171,8.019,6.117,0.000,6.026,7.633,8.099,10.324,12.433,15.014,16.724,17.216,17.460,17.524
17.411,17.092,17.059,14.887,15.027,12.471,12.604,12.729,12.042,14.459,13.775,13.281,11.961,10.218,7.720,6.026,0.000,5.684,7.789,9.868,12.159,15.094,17.080,17.475,17.705,17.597
17.283,16.834,16.288,13.176,13.358,11.203,11.593,12.293,12.132,14.408,14.079,13.781,13.323,11.056,9.017,7.633,5.684,0.000,5.766,7.942,10.597,13.446,16.156,17.781,17.742,17.686
17.224,15.801,15.055,12.275,12.450,10.715,9.639,11.200,10.595,12.899,12.361,12.092,11.862,10.586,8.153,8.099,7.789,5.766,0.000,5.740,7.599,10.805,13.589,16.646,18.157,17.809
15.427,12.813,12.234,8.904,9.676,8.816,9.207,11.835,12.010,14.483,14.102,13.151,13.390,12.433,10.347,10.324,9.868,7.942,5.740,0.000,5.790,7.096,10.546,13.502,16.081,17.652
14.670,12.188,11.683,9.743,8.336,9.017,7.014,10.496,10.047,12.511,12.760,12.438,12.963,12.828,11.334,12.433,12.159,10.597,7.599,5.790,0.000,5.747,6.951,10.747,13.324,15.569
12.199,9.548,9.753,8.561,9.438,11.824,10.782,14.074,13.258,14.855,15.062,14.519,14.866,15.355,13.950,15.014,15.094,13.446,10.805,7.096,5.747,0.000,5.774,7.424,10.807,13.180
11.429,9.398,8.734,9.327,8.171,11.574,10.207,13.101,12.626,13.944,14.701,14.908,15.132,16.140,15.267,16.724,17.080,16.156,13.589,10.546,6.951,5.774,0.000,5.756,7.395,10.028
11.198,9.084,9.741,11.608,11.457,14.941,13.730,15.482,14.984,14.735,15.173,15.860,15.599,17.009,16.432,17.216,17.475,17.781,16.646,13.502,10.747,7.424,5.756,0.000,5.813,7.352
10.889,9.641,9.555,12.261,11.894,15.355,14.710,15.877,15.049,14.965,15.830,16.522,16.581,17.591,17.233,17.460,17.705,17.742,18.157,16.081,13.324,10.807,7.395,5.813,0.000,6.155
12.492,11.792,11.878,14.460,13.759,16.044,15.561,15.717,15.023,15.313,16.015,16.844,16.801,17.588,17.365,17.524,17.597,17.686,17.809,17.652,15.569,13.180,10.028,7.352,6.155,0.000