c1,c2,c3,c4,c5,c6,c7,c8,c9,c10,c11,c12,c13,c14,c15,c16,c17,c18,c19,c20,c21,c22,c23,c24,c25,c26
0.000,6.154,7.369,8.025,9.154,10.797,10.682,10.996,13.080,14.308,14.637,15.749,17.339,16.849,16.490,16.711,17.135,16.885,16.678,16.637,16.195,16.547,16.463,16.368,16.184,15.912
6.154,0.000,5.786,7.365,7.164,8.190,9.250,9.617,10.819,12.380,13.615,14.416,15.861,17.137,16.118,16.355,16.863,16.776,16.418,16.387,15.732,16.304,16.203,16.225,15.938,15.647
7.369,5.786,0.000,5.476,7.635,7.352,7.181,9.453,10.986,11.242,12.436,14.438,15.761,16.666,17.576,17.574,17.710,17.482,17.127,16.975,16.158,16.648,16.477,16.516,16.190,15.768
8.025,7.365,5.476,0.000,5.577,6.983,6.207,6.980,9.769,10.758,10.944,12.685,14.977,15.865,16.404,18.082,17.740,17.446,17.071,16.878,15.800,16.431,16.311,16.330,16.033,15.403
9.154,7.164,7.635,5.577,0.000,5.514,7.371,5.896,6.657,9.906,10.882,10.790,12.875,15.182,15.379,16.552,17.900,17.174,16.746,16.442,15.160,16.105,15.683,15.718,15.642,15.148
10.797,8.190,7.352,6.983,5.514,0.000,5.477,7.374,5.983,6.736,9.941,10.949,11.278,13.271,14.802,16.019,16.453,17.454,16.012,15.897,14.688,15.827,15.574,15.565,15.464,15.278
10.682,9.250,7.181,6.207,7.371,5.477,0.000,5.474,7.406,6.024,6.713,9.903,11.197,11.976,13.232,15.757,16.372,16.903,16.731,15.878,14.386,15.540,15.711,15.772,15.714,15.541
10.996,9.617,9.453,6.980,5.896,7.374,5.474,0.000,5.496,7.416,6.028,6.592,10.054,11.346,11.592,13.886,15.696,16.320,15.586,15.946,13.394,14.906,15.108,15.327,15.472,15.167
13.080,10.819,10.986,9.769,6.657,5.983,7.406,5.496,0.000,5.530,7.453,5.954,7.036,10.236,10.902,12.486,13.941,15.370,14.736,15.195,13.874,14.720,14.906,14.995,15.490,15.200
14.308,12.380,11.242,10.758,9.906,6.736,6.024,7.416,5.530,0.000,5.500,7.490,6.567,8.022,10.299,12.236,13.333,14.416,14.006,14.777,13.712,15.386,15.424,15.462,15.769,15.779
14.637,13.615,12.436,10.944,10.882,9.941,6.713,6.028,7.453,5.500,0.000,5.589,7.605,7.328,8.495,11.529,13.172,13.855,12.955,13.687,12.421,14.251,15.356,15.388,15.922,15.974
15.749,14.416,14.438,12.685,10.790,10.949,9.903,6.592,5.954,7.490,5.589,0.000,5.781,7.694,7.429,9.950,12.166,13.445,12.378,13.015,12.292,13.756,14.806,15.485,15.725,15.536
17.339,15.861,15.761,14.977,12.875,11.278,11.197,10.054,7.036,6.567,7.605,5.781,0.000,5.853,7.652,8.901,10.755,12.486,12.005,12.472,12.217,13.930,14.742,15.200,15.849,15.762
16.849,17.137,16.666,15.865,15.182,13.271,11.976,11.346,10.236,8.022,7.328,7.694,5.853,0.000,5.961,8.166,9.708,10.913,10.532,11.308,10.833,12.233,13.597,14.268,15.238,15.463
16.490,16.118,17.576,16.404,15.379,14.802,13.232,11.592,10.902,10.299,8.495,7.429,7.652,5.961,0.000,5.948,8.046,8.915,7.845,9.177,9.504,11.094,12.592,14.290,15.472,15.787
16.711,16.355,17.574,18.082,16.552,16.019,15.757,13.886,12.486,12.236,11.529,9.950,8.901,8.166,5.948,0.000,5.915,7.131,7.206,7.957,9.998,10.805,12.593,14.103,15.187,15.427
17.135,16.863,17.710,17.740,17.900,16.453,16.372,15.696,13.941,13.333,13.172,12.166,10.755,9.708,8.046,5.915,0.000,5.614,7.675,8.635,10.940,12.072,13.903,14.989,15.426,15.836
16.885,16.776,17.482,17.446,17.174,17.454,16.903,16.320,15.370,14.416,13.855,13.445,12.486,10.913,8.915,7.131,5.614,0.000,5.577,7.212,9.887,10.985,13.208,14.908,15.341,15.392
16.678,16.418,17.127,17.071,16.746,16.012,16.731,15.586,14.736,14.006,12.955,12.378,12.005,10.532,7.845,7.206,7.675,5.577,0.000,5.709,8.153,9.854,11.727,14.195,15.202,15.042
16.637,16.387,16.975,16.878,16.442,15.897,15.878,15.946,15.195,14.777,13.687,13.015,12.472,11.308,9.177,7.957,8.635,7.212,5.709,0.000,5.770,7.235,8.917,11.475,13.451,14.490
16.195,15.732,16.158,15.800,15.160,14.688,14.386,13.394,13.874,13.712,12.421,12.292,12.217,10.833,9.504,9.998,10.940,9.887,8.153,5.770,0.000,5.739,7.494,9.771,11.626,13.291
16.547,16.304,16.648,16.431,16.105,15.827,15.540,14.906,14.720,15.386,14.251,13.756,13.930,12.233,11.094,10.805,12.072,10.985,9.854,7.235,5.739,0.000,5.831,7.215,9.387,11.130
16.463,16.203,16.477,16.311,15.683,15.574,15.711,15.108,14.906,15.424,15.356,14.806,14.742,13.597,12.592,12.593,13.903,13.208,11.727,8.917,7.494,5.831,0.000,5.759,7.648,9.570
16.368,16.225,16.516,16.330,15.718,15.565,15.772,15.327,14.995,15.462,15.388,15.485,15.200,14.268,14.290,14.103,14.989,14.908,14.195,11.475,9.771,7.215,5.759,0.000,5.836,7.517
16.184,15.938,16.190,16.033,15.642,15.464,15.714,15.472,15.490,15.769,15.922,15.725,15.849,15.238,15.472,15.187,15.426,15.341,15.202,13.451,11.626,9.387,7.648,5.836,0.000,6.003
15.912,15.647,15.768,15.403,15.148,15.278,15.541,15.167,15.200,15.779,15.974,15.536,15.762,15.463,15.787,15.427,15.836,15.392,15.042,14.490,13.291,11.130,9.570,7.517,6.003,0.000