c1,c2,c3,c4,c5,c6,c7,c8,c9,c10,c11,c12,c13,c14,c15,c16,c17,c18,c19,c20,c21,c22,c23,c24,c25,c26
0.000,6.000,7.561,9.306,10.953,11.514,11.248,12.063,13.750,14.531,14.578,15.969,17.197,16.525,16.301,16.254,15.996,15.107,15.172,13.643,12.710,14.806,14.675,14.365,15.435,16.060
6.000,0.000,5.655,7.718,8.701,9.119,9.581,10.715,12.068,12.890,13.391,14.615,16.266,16.762,16.305,16.651,15.927,15.027,14.558,12.931,11.795,14.066,14.159,14.047,14.916,15.841
7.561,5.655,0.000,5.564,7.192,7.272,7.047,9.080,11.084,11.248,11.816,13.606,15.191,15.543,16.397,16.222,15.869,14.597,13.888,12.589,10.867,13.104,13.281,13.699,14.747,15.460
9.306,7.718,5.564,0.000,5.475,6.986,6.754,8.053,10.802,11.624,11.611,13.242,15.362,15.804,16.564,17.904,16.640,14.860,14.505,12.754,12.179,14.709,15.135,14.961,15.679,16.355
10.953,8.701,7.192,5.475,0.000,5.486,7.461,6.709,7.753,10.792,11.838,11.603,13.543,15.377,15.856,16.324,17.488,14.809,14.925,13.568,13.055,15.294,15.458,15.065,15.736,16.015
11.514,9.119,7.272,6.986,5.486,0.000,5.484,7.529,7.101,8.042,11.066,11.826,12.330,13.624,15.482,15.834,16.042,16.830,15.628,14.533,13.759,15.744,16.188,15.501,15.724,16.207
11.248,9.581,7.047,6.754,7.461,5.484,0.000,5.530,7.607,7.095,8.032,10.595,12.171,12.060,13.556,15.165,15.426,15.523,17.340,15.106,14.330,15.658,16.162,15.416,15.500,15.877
12.063,10.715,9.080,8.053,6.709,7.529,5.530,0.000,5.737,7.665,7.198,7.901,11.307,12.169,12.183,13.438,14.921,15.052,16.311,17.055,15.265,16.420,16.737,15.872,15.900,15.902
13.750,12.068,11.084,10.802,7.753,7.101,7.607,5.737,0.000,5.638,7.598,6.867,8.392,11.042,12.230,12.013,13.007,14.287,15.619,15.877,16.555,16.141,16.526,15.265,15.479,15.385
14.531,12.890,11.248,11.624,10.792,8.042,7.095,7.665,5.638,0.000,5.652,7.632,7.972,8.888,11.406,12.043,11.938,12.887,15.320,15.664,15.679,17.176,17.051,15.770,15.648,15.721
14.578,13.391,11.816,11.611,11.838,11.066,8.032,7.198,7.598,5.652,0.000,5.875,7.806,7.823,8.988,10.919,11.788,11.964,13.803,15.236,15.006,15.810,17.700,15.700,15.357,15.606
15.969,14.615,13.606,13.242,11.603,11.826,10.595,7.901,6.867,7.632,5.875,0.000,5.960,7.857,7.904,8.625,10.775,11.577,12.585,13.817,14.205,14.763,16.160,16.408,14.628,15.014
17.197,16.266,15.191,15.362,13.543,12.330,12.171,11.307,8.392,7.972,7.806,5.960,0.000,5.911,7.726,7.466,8.529,10.645,12.410,12.948,13.146,14.403,15.730,15.828,16.189,15.433
16.525,16.762,15.543,15.804,15.377,13.624,12.060,12.169,11.042,8.888,7.823,7.857,5.911,0.000,6.008,7.879,7.082,8.072,11.095,12.196,11.335,12.293,14.577,14.414,14.096,15.840
16.301,16.305,16.397,16.564,15.856,15.482,13.556,12.183,12.230,11.406,8.988,7.904,7.726,6.008,0.000,5.957,7.858,7.271,8.745,11.123,11.097,10.716,12.639,13.632,13.347,14.530
16.254,16.651,16.222,17.904,16.324,15.834,15.165,13.438,12.013,12.043,10.919,8.625,7.466,7.879,5.957,0.000,6.096,8.103,8.236,10.081,10.571,10.900,11.704,12.520,13.669,15.101
15.996,15.927,15.869,16.640,17.488,16.042,15.426,14.921,13.007,11.938,11.788,10.775,8.529,7.082,7.858,6.096,0.000,6.054,7.968,8.409,7.594,9.308,10.818,10.800,11.838,14.642
15.107,15.027,14.597,14.860,14.809,16.830,15.523,15.052,14.287,12.887,11.964,11.577,10.645,8.072,7.271,8.103,6.054,0.000,5.742,6.755,5.614,6.727,9.441,10.162,10.301,12.891
15.172,14.558,13.888,14.505,14.925,15.628,17.340,16.311,15.619,15.320,13.803,12.585,12.410,11.095,8.745,8.236,7.968,5.742,0.000,5.843,7.551,6.294,7.480,10.248,11.285,12.414
13.643,12.931,12.589,12.754,13.568,14.533,15.106,17.055,15.877,15.664,15.236,13.817,12.948,12.196,11.123,10.081,8.409,6.755,5.843,0.000,5.476,7.480,6.837,7.918,10.594,12.480
12.710,11.795,10.867,12.179,13.055,13.759,14.330,15.265,16.555,15.679,15.006,14.205,13.146,11.335,11.097,10.571,7.594,5.614,7.551,5.476,0.000,5.587,7.530,6.626,7.881,10.791
14.806,14.066,13.104,14.709,15.294,15.744,15.658,16.420,16.141,17.176,15.810,14.763,14.403,12.293,10.716,10.900,9.308,6.727,6.294,7.480,5.587,0.000,5.554,7.540,7.179,8.844
14.675,14.159,13.281,15.135,15.458,16.188,16.162,16.737,16.526,17.051,17.700,16.160,15.730,14.577,12.639,11.704,10.818,9.441,7.480,6.837,7.530,5.554,0.000,5.613,7.798,8.307
14.365,14.047,13.699,14.961,15.065,15.501,15.416,15.872,15.265,15.770,15.700,16.408,15.828,14.414,13.632,12.520,10.800,10.162,10.248,7.918,6.626,7.540,5.613,0.000,5.608,8.107
15.435,14.916,14.747,15.679,15.736,15.724,15.500,15.900,15.479,15.648,15.357,14.628,16.189,14.096,13.347,13.669,11.838,10.301,11.285,10.594,7.881,7.179,7.798,5.608,0.000,6.035
16.060,15.841,15.460,16.355,16.015,16.207,15.877,15.902,15.385,15.721,15.606,15.014,15.433,15.840,14.530,15.101,14.642,12.891,12.414,12.480,10.791,8.844,8.307,8.107,6.035,0.000