c1,c2,c3,c4,c5,c6,c7,c8,c9,c10,c11,c12,c13,c14,c15,c16,c17,c18,c19,c20,c21,c22,c23,c24,c25,c26
0.000,6.133,7.761,10.200,12.780,13.843,13.890,13.954,13.322,13.782,14.223,14.067,15.126,15.280,15.337,15.052,14.794,14.305,15.015,15.082,15.310,15.443,15.571,15.437,15.359,15.220
6.133,0.000,5.817,7.677,10.343,11.768,11.971,12.817,12.332,13.270,13.934,13.845,15.410,15.729,15.742,15.510,15.065,14.231,14.938,14.540,14.667,14.891,14.943,14.989,14.801,14.628
7.761,5.817,0.000,5.807,8.386,9.564,10.454,11.353,11.608,12.838,13.818,14.166,15.760,16.303,16.364,16.126,15.775,14.663,15.316,14.883,14.815,14.672,14.678,14.629,14.559,14.286
10.200,7.677,5.807,0.000,5.917,7.266,7.857,9.795,10.783,12.503,13.452,13.737,15.370,15.767,15.965,16.080,15.776,14.649,14.989,13.491,13.515,13.339,13.349,13.506,13.643,13.504
12.780,10.343,8.386,5.917,0.000,5.656,7.460,8.923,10.384,12.310,13.720,13.958,15.234,15.633,15.842,16.191,16.161,15.034,15.225,13.658,13.203,13.193,13.201,13.163,13.386,13.493
13.843,11.768,9.564,7.266,5.656,0.000,5.770,7.351,9.755,11.694,13.405,14.211,15.507,15.717,16.037,16.038,15.592,14.269,14.019,12.403,11.679,11.348,11.925,12.296,12.723,13.128
13.890,11.971,10.454,7.857,7.460,5.770,0.000,5.749,7.630,9.362,11.107,12.714,14.569,14.664,15.068,15.334,14.752,13.378,13.551,12.009,10.948,11.051,11.701,12.384,12.631,12.707
13.954,12.817,11.353,9.795,8.923,7.351,5.749,0.000,5.755,7.467,9.197,10.870,13.480,14.682,14.679,14.212,13.734,11.957,12.537,11.191,10.633,11.358,12.312,13.345,13.766,13.980
13.322,12.332,11.608,10.783,10.384,9.755,7.630,5.755,0.000,5.772,7.593,9.267,11.911,13.993,14.489,13.719,13.243,11.881,12.360,12.421,11.836,13.078,13.806,14.804,15.131,15.333
13.782,13.270,12.838,12.503,12.310,11.694,9.362,7.467,5.772,0.000,5.982,7.540,9.559,11.731,12.545,11.700,11.773,10.393,11.584,12.334,12.641,14.129,14.992,15.903,15.869,15.776
14.223,13.934,13.818,13.452,13.720,13.405,11.107,9.197,7.593,5.982,0.000,6.139,8.010,10.180,11.132,10.893,10.942,11.086,11.815,13.138,13.677,15.255,15.859,16.473,16.476,16.361
14.067,13.845,14.166,13.737,13.958,14.211,12.714,10.870,9.267,7.540,6.139,0.000,6.306,7.963,8.797,8.564,9.412,10.004,11.661,12.984,13.950,15.423,16.126,16.792,16.147,16.059
15.126,15.410,15.760,15.370,15.234,15.507,14.569,13.480,11.911,9.559,8.010,6.306,0.000,6.020,7.377,8.074,9.604,11.179,12.962,14.230,14.908,16.443,16.911,17.239,16.806,16.771
15.280,15.729,16.303,15.767,15.633,15.717,14.664,14.682,13.993,11.731,10.180,7.963,6.020,0.000,5.906,7.839,9.488,11.800,13.564,15.047,15.200,16.429,16.830,17.132,16.508,16.494
15.337,15.742,16.364,15.965,15.842,16.037,15.068,14.679,14.489,12.545,11.132,8.797,7.377,5.906,0.000,6.175,7.818,10.500,12.155,14.218,14.996,16.004,16.316,16.745,15.997,16.292
15.052,15.510,16.126,16.080,16.191,16.038,15.334,14.212,13.719,11.700,10.893,8.564,8.074,7.839,6.175,0.000,6.131,7.943,9.770,11.452,13.427,15.242,15.292,15.914,15.351,15.418
14.794,15.065,15.775,15.776,16.161,15.592,14.752,13.734,13.243,11.773,10.942,9.412,9.604,9.488,7.818,6.131,0.000,5.876,7.399,9.840,11.824,14.742,16.142,16.552,15.194,15.390
14.305,14.231,14.663,14.649,15.034,14.269,13.378,11.957,11.881,10.393,11.086,10.004,11.179,11.800,10.500,7.943,5.876,0.000,5.849,7.520,9.021,12.058,14.205,15.647,14.069,13.966
15.015,14.938,15.316,14.989,15.225,14.019,13.551,12.537,12.360,11.584,11.815,11.661,12.962,13.564,12.155,9.770,7.399,5.849,0.000,5.647,7.345,10.440,12.925,14.777,14.022,14.007
15.082,14.540,14.883,13.491,13.658,12.403,12.009,11.191,12.421,12.334,13.138,12.984,14.230,15.047,14.218,11.452,9.840,7.520,5.647,0.000,5.757,7.458,10.333,12.061,12.175,13.185
15.310,14.667,14.815,13.515,13.203,11.679,10.948,10.633,11.836,12.641,13.677,13.950,14.908,15.200,14.996,13.427,11.824,9.021,7.345,5.757,0.000,5.725,7.879,10.047,9.970,10.511
15.443,14.891,14.672,13.339,13.193,11.348,11.051,11.358,13.078,14.129,15.255,15.423,16.443,16.429,16.004,15.242,14.742,12.058,10.440,7.458,5.725,0.000,5.865,6.354,7.409,9.648
15.571,14.943,14.678,13.349,13.201,11.925,11.701,12.312,13.806,14.992,15.859,16.126,16.911,16.830,16.316,15.292,16.142,14.205,12.925,10.333,7.879,5.865,0.000,5.636,7.763,9.216
15.437,14.989,14.629,13.506,13.163,12.296,12.384,13.345,14.804,15.903,16.473,16.792,17.239,17.132,16.745,15.914,16.552,15.647,14.777,12.061,10.047,6.354,5.636,0.000,5.778,7.744
15.359,14.801,14.559,13.643,13.386,12.723,12.631,13.766,15.131,15.869,16.476,16.147,16.806,16.508,15.997,15.351,15.194,14.069,14.022,12.175,9.970,7.409,7.763,5.778,0.000,6.232
15.220,14.628,14.286,13.504,13.493,13.128,12.707,13.980,15.333,15.776,16.361,16.059,16.771,16.494,16.292,15.418,15.390,13.966,14.007,13.185,10.511,9.648,9.216,7.744,6.232,0.000