c1,c2,c3,c4,c5,c6,c7,c8,c9,c10,c11,c12,c13,c14,c15,c16,c17,c18,c19,c20,c21,c22,c23,c24,c25,c26
0.000,6.193,7.568,10.339,12.893,13.848,13.638,13.001,12.935,13.490,13.925,14.945,15.486,15.255,14.986,13.438,13.345,12.289,13.286,13.872,14.498,15.457,15.801,15.464,15.530,15.263
6.193,0.000,5.846,7.976,10.756,12.176,12.496,12.467,13.089,14.172,15.012,15.911,16.266,15.832,15.740,14.684,14.489,13.020,13.973,13.682,14.078,14.635,14.662,14.540,14.656,14.455
7.568,5.846,0.000,5.880,8.441,9.421,9.988,10.259,11.745,13.181,14.293,15.807,16.622,16.179,15.894,14.167,14.195,12.487,13.182,12.455,12.785,13.260,13.291,13.946,14.353,14.208
10.339,7.976,5.880,0.000,5.842,7.372,8.087,9.619,12.227,14.490,15.948,17.107,17.296,16.822,16.681,15.709,15.394,12.862,13.598,11.193,11.518,11.562,11.313,12.306,13.321,13.592
12.893,10.756,8.441,5.842,0.000,5.587,7.346,9.336,12.332,14.895,16.857,17.685,17.554,16.773,17.034,16.971,16.792,13.490,14.155,10.957,10.726,10.306,9.680,10.743,12.319,13.031
13.848,12.176,9.421,7.372,5.587,0.000,5.699,7.187,10.229,12.992,15.546,17.611,17.640,16.828,16.751,16.401,14.973,11.157,11.117,7.707,7.888,8.143,8.623,10.176,12.138,13.155
13.638,12.496,9.988,8.087,7.346,5.699,0.000,5.767,7.864,11.226,13.694,16.549,17.794,17.216,16.992,15.693,14.383,10.340,9.751,7.459,5.452,7.448,8.123,10.130,11.883,12.674
13.001,12.467,10.259,9.619,9.336,7.187,5.767,0.000,6.094,7.838,10.622,13.571,15.193,15.157,14.049,11.558,10.333,5.604,7.231,6.311,7.681,10.304,11.665,13.727,14.825,15.056
12.935,13.089,11.745,12.227,12.332,10.229,7.864,6.094,0.000,6.031,7.760,10.674,12.515,14.049,13.364,11.113,9.848,7.222,5.655,8.216,6.841,10.853,12.661,14.528,14.816,15.102
13.490,14.172,13.181,14.490,14.895,12.992,11.226,7.838,6.031,0.000,6.339,8.383,10.275,11.050,10.712,7.958,8.139,6.412,8.181,11.205,11.305,15.083,16.507,17.320,16.626,16.494
13.925,15.012,14.293,15.948,16.857,15.546,13.694,10.622,7.760,6.339,0.000,6.379,6.620,8.562,8.724,7.142,6.234,7.884,7.320,11.590,11.816,15.351,16.855,17.487,16.366,16.321
14.945,15.911,15.807,17.107,17.685,17.611,16.549,13.571,10.674,8.383,6.379,0.000,6.358,8.671,9.796,8.717,9.628,11.345,11.276,15.205,15.069,17.222,17.743,17.958,16.877,17.057
15.486,16.266,16.622,17.296,17.554,17.640,17.794,15.193,12.515,10.275,6.620,6.358,0.000,5.879,7.427,8.121,8.776,11.767,11.735,15.786,15.827,17.291,17.917,17.978,16.876,17.204
15.255,15.832,16.179,16.822,16.773,16.828,17.216,15.157,14.049,11.050,8.562,8.671,5.879,0.000,6.012,7.817,9.448,12.255,13.363,16.754,16.971,17.772,17.952,18.165,17.464,17.534
14.986,15.740,15.894,16.681,17.034,16.751,16.992,14.049,13.364,10.712,8.724,9.796,7.427,6.012,0.000,6.096,7.788,10.968,12.167,15.744,16.516,17.400,17.753,17.887,17.018,17.034
13.438,14.684,14.167,15.709,16.971,16.401,15.693,11.558,11.113,7.958,7.142,8.717,8.121,7.817,6.096,0.000,6.004,8.229,9.972,13.253,14.739,16.836,17.262,17.464,16.208,16.306
13.345,14.489,14.195,15.394,16.792,14.973,14.383,10.333,9.848,8.139,6.234,9.628,8.776,9.448,7.788,6.004,0.000,5.868,7.422,10.903,13.081,16.134,17.518,17.669,16.654,16.604
12.289,13.020,12.487,12.862,13.490,11.157,10.340,5.604,7.222,6.412,7.884,11.345,11.767,12.255,10.968,8.229,5.868,0.000,5.854,7.544,9.877,12.908,15.177,16.598,15.956,15.732
13.286,13.973,13.182,13.598,14.155,11.117,9.751,7.231,5.655,8.181,7.320,11.276,11.735,13.363,12.167,9.972,7.422,5.854,0.000,5.656,7.323,10.631,13.318,15.448,16.151,15.799
13.872,13.682,12.455,11.193,10.957,7.707,7.459,6.311,8.216,11.205,11.590,15.205,15.786,16.754,15.744,13.253,10.903,7.544,5.656,0.000,5.809,7.168,10.063,12.237,13.953,14.970
14.498,14.078,12.785,11.518,10.726,7.888,5.452,7.681,6.841,11.305,11.816,15.069,15.827,16.971,16.516,14.739,13.081,9.877,7.323,5.809,0.000,5.656,7.757,10.413,12.331,13.564
15.457,14.635,13.260,11.562,10.306,8.143,7.448,10.304,10.853,15.083,15.351,17.222,17.291,17.772,17.400,16.836,16.134,12.908,10.631,7.168,5.656,0.000,5.807,6.859,9.191,11.333
15.801,14.662,13.291,11.313,9.680,8.623,8.123,11.665,12.661,16.507,16.855,17.743,17.917,17.952,17.753,17.262,17.518,15.177,13.318,10.063,7.757,5.807,0.000,5.688,7.694,9.895
15.464,14.540,13.946,12.306,10.743,10.176,10.130,13.727,14.528,17.320,17.487,17.958,17.978,18.165,17.887,17.464,17.669,16.598,15.448,12.237,10.413,6.859,5.688,0.000,5.831,7.689
15.530,14.656,14.353,13.321,12.319,12.138,11.883,14.825,14.816,16.626,16.366,16.877,16.876,17.464,17.018,16.208,16.654,15.956,16.151,13.953,12.331,9.191,7.694,5.831,0.000,6.426
15.263,14.455,14.208,13.592,13.031,13.155,12.674,15.056,15.102,16.494,16.321,17.057,17.204,17.534,17.034,16.306,16.604,15.732,15.799,14.970,13.564,11.333,9.895,7.689,6.426,0.000