c1,c2,c3,c4,c5,c6,c7,c8,c9,c10,c11,c12,c13,c14,c15,c16,c17,c18,c19,c20,c21,c22,c23,c24,c25,c26
0.000,6.040,7.661,9.912,12.267,13.201,13.534,13.595,13.833,14.488,14.275,14.428,15.225,15.560,15.855,15.956,15.937,15.839,15.721,15.419,15.035,14.771,14.722,14.752,15.218,15.479
6.040,0.000,5.763,7.536,10.039,11.178,11.313,12.349,12.672,13.479,13.471,13.466,14.839,15.417,15.587,16.018,16.071,15.993,15.981,15.594,14.966,14.667,14.544,14.703,15.033,15.350
7.661,5.763,0.000,5.746,8.197,9.101,9.530,10.819,12.201,13.118,13.486,13.772,15.047,15.818,16.086,16.438,16.535,16.023,15.838,15.163,14.349,13.939,14.065,14.494,15.033,15.269
9.912,7.536,5.746,0.000,5.705,7.298,7.705,9.155,10.987,12.630,12.957,13.353,14.742,15.492,16.229,16.675,16.642,15.971,15.777,14.921,14.134,13.877,14.122,14.846,15.329,15.436
12.267,10.039,8.197,5.705,0.000,5.577,7.299,8.230,9.789,12.011,12.997,12.682,13.968,15.271,15.960,16.624,16.962,16.301,16.231,15.131,14.282,14.323,14.598,15.232,15.541,15.465
13.201,11.178,9.101,7.298,5.577,0.000,5.631,7.414,8.769,10.317,12.390,13.145,13.191,14.387,15.621,16.165,16.487,16.074,15.667,14.607,13.499,13.860,14.511,15.197,15.446,15.478
13.534,11.313,9.530,7.705,7.299,5.631,0.000,5.639,7.586,8.463,9.947,12.086,13.434,13.023,14.202,15.375,15.910,15.472,15.609,14.437,13.429,14.085,14.827,15.372,15.547,15.347
13.595,12.349,10.819,9.155,8.230,7.414,5.639,0.000,5.681,7.390,8.581,9.694,12.645,13.823,13.784,14.572,15.408,14.689,14.909,14.162,13.141,14.107,14.970,15.608,15.843,15.604
13.833,12.672,12.201,10.987,9.789,8.769,7.586,5.681,0.000,5.713,7.487,8.252,10.357,13.044,14.204,13.664,14.689,14.196,14.701,14.503,14.094,14.839,15.728,15.859,16.193,15.789
14.488,13.479,13.118,12.630,12.011,10.317,8.463,7.390,5.713,0.000,5.809,7.351,8.712,10.952,12.838,12.369,13.312,12.963,13.587,13.584,13.364,14.376,15.226,15.556,16.081,16.003
14.275,13.471,13.486,12.957,12.997,12.390,9.947,8.581,7.487,5.809,0.000,5.829,7.503,9.007,10.967,11.370,13.157,13.271,14.056,14.737,14.723,15.457,16.298,16.299,16.517,16.219
14.428,13.466,13.772,13.353,12.682,13.145,12.086,9.694,8.252,7.351,5.829,0.000,5.920,7.815,8.950,9.506,11.434,12.258,13.304,14.107,14.269,14.724,15.732,16.029,16.180,16.092
15.225,14.839,15.047,14.742,13.968,13.191,13.434,12.645,10.357,8.712,7.503,5.920,0.000,5.952,7.514,7.638,10.547,12.224,13.776,14.941,15.172,15.543,16.266,16.446,16.595,16.430
15.560,15.417,15.818,15.492,15.271,14.387,13.023,13.823,13.044,10.952,9.007,7.815,5.952,0.000,5.737,7.594,9.886,11.706,13.468,15.099,15.336,15.390,16.175,16.410,16.421,16.327
15.855,15.587,16.086,16.229,15.960,15.621,14.202,13.784,14.204,12.838,10.967,8.950,7.514,5.737,0.000,5.965,8.291,10.954,12.390,14.518,15.436,14.962,15.823,16.303,16.277,16.309
15.956,16.018,16.438,16.675,16.624,16.165,15.375,14.572,13.664,12.369,11.370,9.506,7.638,7.594,5.965,0.000,5.972,8.542,10.029,12.464,13.602,13.408,14.801,15.457,15.781,16.039
15.937,16.071,16.535,16.642,16.962,16.487,15.910,15.408,14.689,13.312,13.157,11.434,10.547,9.886,8.291,5.972,0.000,6.173,7.647,9.011,10.717,11.104,12.645,13.649,14.130,14.835
15.839,15.993,16.023,15.971,16.301,16.074,15.472,14.689,14.196,12.963,13.271,12.258,12.224,11.706,10.954,8.542,6.173,0.000,5.914,7.523,8.395,8.462,10.668,11.779,12.618,13.472
15.721,15.981,15.838,15.777,16.231,15.667,15.609,14.909,14.701,13.587,14.056,13.304,13.776,13.468,12.390,10.029,7.647,5.914,0.000,5.736,6.754,7.307,9.564,10.946,12.210,13.156
15.419,15.594,15.163,14.921,15.131,14.607,14.437,14.162,14.503,13.584,14.737,14.107,14.941,15.099,14.518,12.464,9.011,7.523,5.736,0.000,5.618,7.560,8.853,10.271,11.952,12.982
15.035,14.966,14.349,14.134,14.282,13.499,13.429,13.141,14.094,13.364,14.723,14.269,15.172,15.336,15.436,13.602,10.717,8.395,6.754,5.618,0.000,5.664,7.727,8.810,10.257,11.595
14.771,14.667,13.939,13.877,14.323,13.860,14.085,14.107,14.839,14.376,15.457,14.724,15.543,15.390,14.962,13.408,11.104,8.462,7.307,7.560,5.664,0.000,5.663,7.058,8.470,9.925
14.722,14.544,14.065,14.122,14.598,14.511,14.827,14.970,15.728,15.226,16.298,15.732,16.266,16.175,15.823,14.801,12.645,10.668,9.564,8.853,7.727,5.663,0.000,5.678,7.696,9.050
14.752,14.703,14.494,14.846,15.232,15.197,15.372,15.608,15.859,15.556,16.299,16.029,16.446,16.410,16.303,15.457,13.649,11.779,10.946,10.271,8.810,7.058,5.678,0.000,5.768,7.855
15.218,15.033,15.033,15.329,15.541,15.446,15.547,15.843,16.193,16.081,16.517,16.180,16.595,16.421,16.277,15.781,14.130,12.618,12.210,11.952,10.257,8.470,7.696,5.768,0.000,6.105
15.479,15.350,15.269,15.436,15.465,15.478,15.347,15.604,15.789,16.003,16.219,16.092,16.430,16.327,16.309,16.039,14.835,13.472,13.156,12.982,11.595,9.925,9.050,7.855,6.105,0.000