c1,c2,c3,c4,c5,c6,c7,c8,c9,c10,c11,c12,c13,c14,c15,c16,c17,c18,c19,c20,c21,c22,c23,c24,c25,c26
0.000,5.848,7.535,8.890,10.790,12.802,13.317,12.838,14.014,15.114,15.877,16.218,17.145,16.745,16.619,16.539,16.192,15.412,16.046,15.875,14.875,15.048,15.968,15.652,15.055,15.849
5.848,0.000,5.664,7.281,8.406,10.324,12.027,12.616,12.568,13.690,15.275,15.355,16.528,16.979,16.457,16.370,15.919,15.037,15.799,15.688,14.220,14.273,15.524,15.282,14.234,15.459
7.535,5.664,0.000,5.663,7.382,8.391,9.274,11.054,12.338,12.205,13.481,14.430,15.568,15.831,16.514,15.865,15.096,14.026,15.245,14.763,13.037,13.743,15.044,14.853,14.181,15.378
8.890,7.281,5.663,0.000,5.594,7.132,8.275,9.534,11.597,12.677,13.119,13.699,15.663,15.996,16.396,16.774,15.751,14.640,15.619,15.377,13.439,14.051,15.312,14.954,13.944,15.411
10.790,8.406,7.382,5.594,0.000,5.593,7.365,7.677,8.900,11.442,13.064,12.788,14.522,15.394,15.919,15.870,16.130,14.499,15.718,15.322,13.413,13.890,15.483,14.901,13.838,15.385
12.802,10.324,8.391,7.132,5.593,0.000,5.602,7.504,7.843,9.226,11.896,12.738,13.576,14.418,15.540,15.454,15.414,15.808,15.948,15.518,13.776,14.762,15.840,15.381,14.531,15.860
13.317,12.027,9.274,8.275,7.365,5.602,0.000,5.630,7.541,7.587,9.826,11.326,13.205,13.376,14.263,14.643,14.625,14.956,16.140,15.093,13.550,14.562,15.447,15.082,14.733,15.607
12.838,12.616,11.054,9.534,7.677,7.504,5.630,0.000,5.750,7.715,9.088,10.039,12.768,13.591,13.309,13.287,14.067,14.208,15.047,15.123,13.382,14.144,14.944,14.776,14.335,15.533
14.014,12.568,12.338,11.597,8.900,7.843,7.541,5.750,0.000,5.873,7.919,8.557,10.913,12.638,13.374,12.605,13.047,13.956,14.994,14.971,15.218,15.257,15.976,15.705,15.360,16.006
15.114,13.690,12.205,12.677,11.442,9.226,7.587,7.715,5.873,0.000,5.958,7.835,9.554,11.388,12.759,12.565,12.205,13.264,14.736,14.723,15.038,16.506,16.505,16.225,16.032,16.554
15.877,15.275,13.481,13.119,13.064,11.896,9.826,9.088,7.919,5.958,0.000,6.079,8.052,9.748,10.807,11.378,11.852,12.500,13.721,14.404,14.937,16.175,17.127,16.581,16.306,16.493
16.218,15.355,14.430,13.699,12.788,12.738,11.326,10.039,8.557,7.835,6.079,0.000,6.184,8.071,8.803,8.523,9.474,11.218,11.574,12.088,13.437,14.479,15.325,15.987,15.733,16.211
17.145,16.528,15.568,15.663,14.522,13.576,13.205,12.768,10.913,9.554,8.052,6.184,0.000,6.008,7.377,7.738,8.403,10.567,11.935,12.047,13.194,14.852,15.763,16.628,17.361,17.079
16.745,16.979,15.831,15.996,15.394,14.418,13.376,13.591,12.638,11.388,9.748,8.071,6.008,0.000,5.993,7.587,7.231,8.179,10.905,11.877,11.635,13.268,15.186,15.875,16.382,17.322
16.619,16.457,16.514,16.396,15.919,15.540,14.263,13.309,13.374,12.759,10.807,8.803,7.377,5.993,0.000,6.028,7.718,7.383,8.574,11.209,11.889,11.933,13.464,15.373,15.875,16.544
16.539,16.370,15.865,16.774,15.870,15.454,14.643,13.287,12.605,12.565,11.378,8.523,7.738,7.587,6.028,0.000,5.926,7.809,7.417,8.493,10.946,11.921,11.985,13.472,15.113,15.956
16.192,15.919,15.096,15.751,16.130,15.414,14.625,14.067,13.047,12.205,11.852,9.474,8.403,7.231,7.718,5.926,0.000,5.758,7.576,7.181,8.121,10.870,11.743,11.965,13.186,15.002
15.412,15.037,14.026,14.640,14.499,15.808,14.956,14.208,13.956,13.264,12.500,11.218,10.567,8.179,7.383,7.809,5.758,0.000,5.669,7.554,6.906,8.083,10.582,11.671,11.732,13.324
16.046,15.799,15.245,15.619,15.718,15.948,16.140,15.047,14.994,14.736,13.721,11.574,11.935,10.905,8.574,7.417,7.576,5.669,0.000,5.609,7.425,7.104,7.771,10.481,11.175,12.028
15.875,15.688,14.763,15.377,15.322,15.518,15.093,15.123,14.971,14.723,14.404,12.088,12.047,11.877,11.209,8.493,7.181,7.554,5.609,0.000,5.632,7.412,6.706,8.131,10.193,11.421
14.875,14.220,13.037,13.439,13.413,13.776,13.550,13.382,15.218,15.038,14.937,13.437,13.194,11.635,11.889,10.946,8.121,6.906,7.425,5.632,0.000,5.486,7.566,7.426,8.417,10.425
15.048,14.273,13.743,14.051,13.890,14.762,14.562,14.144,15.257,16.506,16.175,14.479,14.852,13.268,11.933,11.921,10.870,8.083,7.104,7.412,5.486,0.000,5.410,7.643,7.977,9.311
15.968,15.524,15.044,15.312,15.483,15.840,15.447,14.944,15.976,16.505,17.127,15.325,15.763,15.186,13.464,11.985,11.743,10.582,7.771,6.706,7.566,5.410,0.000,5.539,7.732,8.468
15.652,15.282,14.853,14.954,14.901,15.381,15.082,14.776,15.705,16.225,16.581,15.987,16.628,15.875,15.373,13.472,11.965,11.671,10.481,8.131,7.426,7.643,5.539,0.000,5.666,7.887
15.055,14.234,14.181,13.944,13.838,14.531,14.733,14.335,15.360,16.032,16.306,15.733,17.361,16.382,15.875,15.113,13.186,11.732,11.175,10.193,8.417,7.977,7.732,5.666,0.000,6.150
15.849,15.459,15.378,15.411,15.385,15.860,15.607,15.533,16.006,16.554,16.493,16.211,17.079,17.322,16.544,15.956,15.002,13.324,12.028,11.421,10.425,9.311,8.468,7.887,6.150,0.000