c1,c2,c3,c4,c5,c6,c7,c8,c9,c10,c11,c12,c13,c14,c15,c16,c17,c18,c19,c20,c21,c22,c23,c24,c25,c26
0.000,5.819,7.513,10.205,12.633,15.309,16.508,16.782,16.945,16.973,17.132,16.651,16.488,15.090,15.532,16.233,14.966,13.383,14.706,15.312,14.029,13.930,15.191,15.143,14.445,14.890
5.819,0.000,5.677,7.162,10.025,12.605,14.981,16.502,16.790,16.752,16.972,16.448,16.289,14.527,14.962,15.678,14.123,12.626,13.895,14.575,12.924,13.086,14.558,14.411,13.588,14.561
7.513,5.677,0.000,5.695,7.027,10.253,12.500,14.881,16.635,16.405,16.861,15.861,15.658,13.655,14.607,15.538,13.773,12.509,14.711,15.057,13.143,13.976,15.352,14.815,14.154,15.148
10.205,7.162,5.695,0.000,5.721,7.349,10.291,12.514,15.208,15.894,16.588,15.617,15.377,13.502,14.091,14.984,12.952,11.622,13.793,13.798,11.735,13.240,14.481,13.738,13.382,14.879
12.633,10.025,7.027,5.721,0.000,5.722,7.346,9.894,12.787,13.794,15.971,15.625,15.665,13.986,14.993,15.808,14.054,13.413,15.265,14.731,13.025,14.410,15.499,14.496,14.446,15.446
15.309,12.605,10.253,7.349,5.722,0.000,5.807,7.621,10.725,12.252,14.744,15.235,15.384,14.206,15.121,15.399,13.916,13.975,15.142,14.218,12.860,14.461,15.066,14.168,14.646,15.619
16.508,14.981,12.500,10.291,7.346,5.807,0.000,5.954,8.436,9.484,12.447,13.786,15.297,14.633,15.843,15.396,14.151,14.923,16.072,14.873,13.748,15.223,15.225,14.735,15.041,15.457
16.782,16.502,14.881,12.514,9.894,7.621,5.954,0.000,6.317,7.725,9.355,11.218,13.319,13.793,14.794,14.035,13.216,14.511,15.142,14.011,13.797,15.336,15.251,14.494,15.564,16.101
16.945,16.790,16.635,15.208,12.787,10.725,8.436,6.317,0.000,5.938,7.285,8.822,11.437,12.876,14.687,13.426,12.853,14.605,15.373,14.617,14.958,16.178,15.792,15.547,16.108,16.512
16.973,16.752,16.405,15.894,13.794,12.252,9.484,7.725,5.938,0.000,6.011,7.754,10.169,11.605,13.697,12.691,12.338,14.190,14.968,14.227,14.862,16.161,15.436,15.121,15.655,16.183
17.132,16.972,16.861,16.588,15.971,14.744,12.447,9.355,7.285,6.011,0.000,6.039,8.443,10.394,12.107,11.602,11.984,13.860,14.493,14.053,15.290,16.626,16.690,16.352,16.745,16.951
16.651,16.448,15.861,15.617,15.625,15.235,13.786,11.218,8.822,7.754,6.039,0.000,6.288,8.167,9.435,8.497,9.044,11.577,12.054,11.795,13.222,14.728,15.116,15.615,16.646,17.061
16.488,16.289,15.658,15.377,15.665,15.384,15.297,13.319,11.437,10.169,8.443,6.288,0.000,6.181,7.080,7.207,8.804,10.794,11.897,12.186,13.593,14.796,15.448,16.534,17.783,17.548
15.090,14.527,13.655,13.502,13.986,14.206,14.633,13.793,12.876,11.605,10.394,8.167,6.181,0.000,6.104,7.719,7.631,8.630,11.385,12.246,12.119,13.447,15.082,15.843,16.558,17.560
15.532,14.962,14.607,14.091,14.993,15.121,15.843,14.794,14.687,13.697,12.107,9.435,7.080,6.104,0.000,6.074,7.733,7.599,8.943,11.484,12.446,11.955,13.442,15.409,16.101,16.711
16.233,15.678,15.538,14.984,15.808,15.399,15.396,14.035,13.426,12.691,11.602,8.497,7.207,7.719,6.074,0.000,5.890,7.675,7.797,8.839,11.256,11.685,11.713,13.731,15.469,16.221
14.966,14.123,13.773,12.952,14.054,13.916,14.151,13.216,12.853,12.338,11.984,9.044,8.804,7.631,7.733,5.890,0.000,5.781,7.644,7.827,8.520,10.346,11.497,12.163,13.596,15.345
13.383,12.626,12.509,11.622,13.413,13.975,14.923,14.511,14.605,14.190,13.860,11.577,10.794,8.630,7.599,7.675,5.781,0.000,5.714,7.712,7.069,7.026,9.744,11.400,11.446,13.100
14.706,13.895,14.711,13.793,15.265,15.142,16.072,15.142,15.373,14.968,14.493,12.054,11.897,11.385,8.943,7.797,7.644,5.714,0.000,5.602,7.065,6.609,7.652,10.488,11.734,12.457
15.312,14.575,15.057,13.798,14.731,14.218,14.873,14.011,14.617,14.227,14.053,11.795,12.186,12.246,11.484,8.839,7.827,7.712,5.602,0.000,5.556,7.409,6.682,8.036,10.747,12.290
14.029,12.924,13.143,11.735,13.025,12.860,13.748,13.797,14.958,14.862,15.290,13.222,13.593,12.119,12.446,11.256,8.520,7.069,7.065,5.556,0.000,5.527,7.441,6.957,8.345,11.037
13.930,13.086,13.976,13.240,14.410,14.461,15.223,15.336,16.178,16.161,16.626,14.728,14.796,13.447,11.955,11.685,10.346,7.026,6.609,7.409,5.527,0.000,5.643,7.522,7.490,9.132
15.191,14.558,15.352,14.481,15.499,15.066,15.225,15.251,15.792,15.436,16.690,15.116,15.448,15.082,13.442,11.713,11.497,9.744,7.652,6.682,7.441,5.643,0.000,5.569,7.530,8.209
15.143,14.411,14.815,13.738,14.496,14.168,14.735,14.494,15.547,15.121,16.352,15.615,16.534,15.843,15.409,13.731,12.163,11.400,10.488,8.036,6.957,7.522,5.569,0.000,5.662,7.967
14.445,13.588,14.154,13.382,14.446,14.646,15.041,15.564,16.108,15.655,16.745,16.646,17.783,16.558,16.101,15.469,13.596,11.446,11.734,10.747,8.345,7.490,7.530,5.662,0.000,6.068
14.890,14.561,15.148,14.879,15.446,15.619,15.457,16.101,16.512,16.183,16.951,17.061,17.548,17.560,16.711,16.221,15.345,13.100,12.457,12.290,11.037,9.132,8.209,7.967,6.068,0.000