c1,c2,c3,c4,c5,c6,c7,c8,c9,c10,c11,c12,c13,c14,c15,c16,c17,c18,c19,c20,c21,c22,c23,c24,c25,c26
0.000,6.724,8.079,10.704,13.220,15.031,17.393,16.566,15.498,13.719,10.087,9.761,9.587,10.244,12.357,12.284,12.535,13.659,15.036,14.732,15.425,16.468,17.040,16.902,17.119,17.233
6.724,0.000,6.223,8.278,10.956,13.359,15.830,14.228,12.617,10.478,6.254,7.338,7.517,9.400,11.519,11.124,11.446,12.712,14.265,13.942,14.590,16.370,17.026,16.810,17.076,17.509
8.079,6.223,0.000,6.083,8.062,9.924,12.663,12.175,11.407,9.828,7.250,5.704,8.392,8.977,11.287,10.126,9.773,10.650,12.732,12.075,12.458,14.719,15.905,15.859,16.874,17.408
10.704,8.278,6.083,0.000,6.077,7.424,9.924,8.871,6.592,7.068,5.791,7.319,10.774,12.227,14.549,12.522,12.531,13.391,15.246,13.754,13.993,16.574,17.116,16.597,17.091,17.271
13.220,10.956,8.062,6.077,0.000,6.122,5.681,4.879,6.855,4.864,7.565,6.046,10.383,11.940,13.209,10.367,10.495,10.885,12.333,10.673,10.770,13.553,14.288,13.659,14.999,15.950
15.031,13.359,9.924,7.424,6.122,0.000,6.771,8.101,7.732,9.513,11.476,10.649,15.018,15.400,16.394,14.425,13.706,13.775,15.568,13.807,12.963,14.948,15.277,13.951,14.573,15.510
17.393,15.830,12.663,9.924,5.681,6.771,0.000,5.146,7.953,8.883,12.590,11.332,15.426,16.397,16.498,14.035,13.515,13.270,14.725,12.789,11.421,13.471,13.694,12.369,13.567,14.591
16.566,14.228,12.175,8.871,4.879,8.101,5.146,0.000,5.937,5.132,9.999,10.055,13.889,15.956,16.275,13.106,12.887,13.455,14.371,12.236,11.688,14.337,14.469,13.069,14.752,15.371
15.498,12.617,11.407,6.592,6.855,7.732,7.953,5.937,0.000,7.572,11.128,11.583,15.077,17.432,17.879,15.245,15.068,16.158,16.953,14.984,14.832,17.162,16.798,15.525,16.778,16.679
13.719,10.478,9.828,7.068,4.864,9.513,8.883,5.132,7.572,0.000,8.722,8.253,11.196,13.607,14.186,11.039,11.517,12.659,13.475,11.749,12.718,15.349,15.475,14.798,16.347,16.871
10.087,6.254,7.250,5.791,7.565,11.476,12.590,9.999,11.128,8.722,0.000,8.734,10.555,12.318,12.882,10.813,11.469,12.913,14.175,13.630,14.765,16.712,17.487,17.113,17.737,17.827
9.761,7.338,5.704,7.319,6.046,10.649,11.332,10.055,11.583,8.253,8.734,0.000,8.644,9.736,9.539,6.665,7.222,8.754,10.218,9.596,11.023,13.258,14.070,14.623,16.254,17.094
9.587,7.517,8.392,10.774,10.383,15.018,15.426,13.889,15.077,11.196,10.555,8.644,0.000,7.896,8.282,7.117,8.502,10.124,11.144,11.586,13.023,14.643,15.760,16.825,18.149,18.187
10.244,9.400,8.977,12.227,11.940,15.400,16.397,15.956,17.432,13.607,12.318,9.736,7.896,0.000,7.949,8.131,7.655,8.656,10.934,11.483,11.755,13.236,15.382,16.043,16.912,18.016
12.357,11.519,11.287,14.549,13.209,16.394,16.498,16.275,17.879,14.186,12.882,9.539,8.282,7.949,0.000,7.868,8.647,7.411,8.224,10.618,11.672,11.651,13.486,15.530,16.271,16.970
12.284,11.124,10.126,12.522,10.367,14.425,14.035,13.106,15.245,11.039,10.813,6.665,7.117,8.131,7.868,0.000,6.875,8.227,6.681,7.281,10.236,11.090,11.373,13.132,15.523,16.285
12.535,11.446,9.773,12.531,10.495,13.706,13.515,12.887,15.068,11.517,11.469,7.222,8.502,7.655,8.647,6.875,0.000,6.282,8.058,6.412,7.255,10.214,11.406,11.807,13.676,15.581
13.659,12.712,10.650,13.391,10.885,13.775,13.270,13.455,16.158,12.659,12.913,8.754,10.124,8.656,7.411,8.227,6.282,0.000,6.145,7.816,6.300,6.979,10.235,11.450,11.960,13.644
15.036,14.265,12.732,15.246,12.333,15.568,14.725,14.371,16.953,13.475,14.175,10.218,11.144,10.934,8.224,6.681,8.058,6.145,0.000,5.913,7.750,6.344,7.200,10.504,11.895,12.407
14.732,13.942,12.075,13.754,10.673,13.807,12.789,12.236,14.984,11.749,13.630,9.596,11.586,11.483,10.618,7.281,6.412,7.816,5.913,0.000,5.964,7.770,6.677,7.971,11.249,12.446
15.425,14.590,12.458,13.993,10.770,12.963,11.421,11.688,14.832,12.718,14.765,11.023,13.023,11.755,11.672,10.236,7.255,6.300,7.750,5.964,0.000,5.866,7.642,6.941,8.736,10.931
16.468,16.370,14.719,16.574,13.553,14.948,13.471,14.337,17.162,15.349,16.712,13.258,14.643,13.236,11.651,11.090,10.214,6.979,6.344,7.770,5.866,0.000,5.877,7.608,7.710,9.153
17.040,17.026,15.905,17.116,14.288,15.277,13.694,14.469,16.798,15.475,17.487,14.070,15.760,15.382,13.486,11.373,11.406,10.235,7.200,6.677,7.642,5.877,0.000,5.894,7.669,8.420
16.902,16.810,15.859,16.597,13.659,13.951,12.369,13.069,15.525,14.798,17.113,14.623,16.825,16.043,15.530,13.132,11.807,11.450,10.504,7.971,6.941,7.608,5.894,0.000,5.884,8.064
17.119,17.076,16.874,17.091,14.999,14.573,13.567,14.752,16.778,16.347,17.737,16.254,18.149,16.912,16.271,15.523,13.676,11.960,11.895,11.249,8.736,7.710,7.669,5.884,0.000,6.341
17.233,17.509,17.408,17.271,15.950,15.510,14.591,15.371,16.679,16.871,17.827,17.094,18.187,18.016,16.970,16.285,15.581,13.644,12.407,12.446,10.931,9.153,8.420,8.064,6.341,0.000