c1,c2,c3,c4,c5,c6,c7,c8,c9,c10,c11,c12,c13,c14,c15,c16,c17,c18,c19,c20,c21,c22,c23,c24,c25,c26
0.000,5.994,6.729,5.926,7.130,9.233,10.205,10.645,12.466,14.308,15.203,16.203,18.112,17.939,18.015,18.153,17.246,15.972,17.663,17.267,15.343,16.135,17.372,16.735,16.156,16.274
5.994,0.000,5.412,7.162,5.666,6.591,9.707,10.698,10.567,12.656,14.915,15.463,17.067,18.110,17.516,18.093,17.087,15.374,16.991,16.909,14.969,15.010,16.813,16.252,15.584,15.657
6.729,5.412,0.000,5.355,7.318,5.863,6.613,9.844,10.888,10.861,12.861,15.156,16.770,17.189,18.249,18.266,17.548,16.217,18.166,17.778,15.931,17.131,17.514,17.489,17.320,17.088
5.926,7.162,5.355,0.000,5.341,7.338,5.828,6.536,9.825,10.959,10.941,12.732,15.773,16.124,16.717,18.048,15.910,15.118,17.374,16.928,14.288,15.703,17.326,16.657,16.141,15.998
7.130,5.666,7.318,5.341,0.000,5.337,7.337,5.842,6.490,9.873,10.989,10.919,13.687,14.948,15.338,15.853,15.523,12.909,14.868,14.570,12.366,12.924,14.928,14.639,14.030,14.178
9.233,6.591,5.863,7.338,5.337,0.000,5.334,7.376,5.886,6.687,10.029,11.093,12.316,13.768,14.996,15.942,15.303,15.012,15.903,16.066,14.265,14.823,16.831,16.620,16.413,16.192
10.205,9.707,6.613,5.828,7.337,5.334,0.000,5.355,7.424,6.050,7.014,10.100,12.223,12.955,14.236,15.854,14.941,14.833,17.454,16.972,15.113,16.476,17.826,17.474,17.511,17.181
10.645,10.698,9.844,6.536,5.842,7.376,5.355,0.000,5.423,7.448,6.232,6.936,10.480,11.424,12.213,13.055,12.764,12.800,14.889,15.589,13.078,14.449,15.984,15.511,15.614,15.587
12.466,10.567,10.888,9.825,6.490,5.886,7.424,5.423,0.000,5.421,7.534,6.395,8.474,10.228,11.031,11.646,11.445,11.652,13.561,14.181,14.181,13.441,15.118,15.236,15.374,15.148
14.308,12.656,10.861,10.959,9.873,6.687,6.050,7.448,5.421,0.000,5.450,7.683,8.317,9.485,11.311,12.558,11.848,12.165,14.777,15.788,15.314,16.716,17.695,17.671,17.641,17.349
15.203,14.915,12.861,10.941,10.989,10.029,7.014,6.232,7.534,5.450,0.000,5.641,7.922,8.562,9.748,11.510,10.972,11.115,13.581,15.113,14.835,16.116,18.048,17.298,17.611,17.601
16.203,15.463,15.156,12.732,10.919,11.093,10.100,6.936,6.395,7.683,5.641,0.000,5.767,7.471,7.895,8.795,9.139,9.807,11.259,12.588,13.304,14.589,15.969,16.671,16.640,16.691
18.112,17.067,16.770,15.773,13.687,12.316,12.223,10.480,8.474,8.317,7.922,5.767,0.000,5.685,7.558,8.255,8.319,9.996,11.673,12.543,13.260,15.120,16.462,17.100,18.308,17.840
17.939,18.110,17.189,16.124,14.948,13.768,12.955,11.424,10.228,9.485,8.562,7.471,5.685,0.000,5.896,7.330,6.195,7.117,9.914,11.016,11.037,12.954,15.231,15.683,16.916,17.680
18.015,17.516,18.249,16.717,15.338,14.996,14.236,12.213,11.031,11.311,9.748,7.895,7.558,5.896,0.000,5.748,7.620,6.637,7.175,10.282,11.066,11.208,13.284,15.303,16.472,16.645
18.153,18.093,18.266,18.048,15.853,15.942,15.854,13.055,11.646,12.558,11.510,8.795,8.255,7.330,5.748,0.000,5.665,7.640,6.249,7.644,10.307,11.340,11.975,13.518,15.981,16.414
17.246,17.087,17.548,15.910,15.523,15.303,14.941,12.764,11.445,11.848,10.972,9.139,8.319,6.195,7.620,5.665,0.000,5.502,7.474,7.094,7.504,10.516,11.935,12.160,14.331,15.545
15.972,15.374,16.217,15.118,12.909,15.012,14.833,12.800,11.652,12.165,11.115,9.807,9.996,7.117,6.637,7.640,5.502,0.000,5.530,7.447,6.006,7.164,10.370,11.373,12.628,13.577
17.663,16.991,18.166,17.374,14.868,15.903,17.454,14.889,13.561,14.777,13.581,11.259,11.673,9.914,7.175,6.249,7.474,5.530,0.000,5.427,7.435,6.344,7.791,10.460,12.589,12.879
17.267,16.909,17.778,16.928,14.570,16.066,16.972,15.589,14.181,15.788,15.113,12.588,12.543,11.016,10.282,7.644,7.094,7.447,5.427,0.000,5.482,7.481,7.180,8.052,11.592,12.538
15.343,14.969,15.931,14.288,12.366,14.265,15.113,13.078,14.181,15.314,14.835,13.304,13.260,11.037,11.066,10.307,7.504,6.006,7.435,5.482,0.000,5.523,7.526,6.675,9.151,10.604
16.135,15.010,17.131,15.703,12.924,14.823,16.476,14.449,13.441,16.716,16.116,14.589,15.120,12.954,11.208,11.340,10.516,7.164,6.344,7.481,5.523,0.000,5.396,7.395,8.311,9.321
17.372,16.813,17.514,17.326,14.928,16.831,17.826,15.984,15.118,17.695,18.048,15.969,16.462,15.231,13.284,11.975,11.935,10.370,7.791,7.180,7.526,5.396,0.000,5.538,7.744,8.638
16.735,16.252,17.489,16.657,14.639,16.620,17.474,15.511,15.236,17.671,17.298,16.671,17.100,15.683,15.303,13.518,12.160,11.373,10.460,8.052,6.675,7.395,5.538,0.000,5.528,7.659
16.156,15.584,17.320,16.141,14.030,16.413,17.511,15.614,15.374,17.641,17.611,16.640,18.308,16.916,16.472,15.981,14.331,12.628,12.589,11.592,9.151,8.311,7.744,5.528,0.000,5.884
16.274,15.657,17.088,15.998,14.178,16.192,17.181,15.587,15.148,17.349,17.601,16.691,17.840,17.680,16.645,16.414,15.545,13.577,12.879,12.538,10.604,9.321,8.638,7.659,5.884,0.000