c1,c2,c3,c4,c5,c6,c7,c8,c9,c10,c11,c12,c13,c14,c15,c16,c17,c18,c19,c20,c21,c22,c23,c24,c25,c26
0.000,6.224,7.503,9.039,12.145,12.504,10.597,11.503,14.264,13.992,13.517,15.323,16.731,16.280,16.277,16.922,16.755,16.699,16.159,15.450,14.400,14.687,15.026,14.607,14.818,15.229
6.224,0.000,5.825,7.653,10.206,11.054,9.428,10.296,13.084,13.146,12.771,14.633,16.555,16.500,16.300,17.312,17.232,16.969,16.449,15.601,13.977,14.222,14.511,13.795,14.000,14.406
7.503,5.825,0.000,5.827,8.251,8.521,6.428,7.519,10.578,10.492,10.195,12.280,14.534,14.730,15.131,16.373,16.594,16.311,15.768,14.748,13.277,13.236,13.694,13.079,13.633,14.077
9.039,7.653,5.827,0.000,5.485,6.034,5.919,7.667,9.582,10.144,11.105,12.876,14.561,15.602,16.676,17.925,17.382,17.383,17.321,16.500,14.963,15.181,15.389,14.723,14.891,14.641
12.145,10.206,8.251,5.485,0.000,5.516,7.342,5.986,6.951,9.875,10.889,10.946,13.033,15.229,15.752,16.760,17.064,16.861,17.002,16.190,14.269,14.734,14.831,14.084,14.008,13.755
12.504,11.054,8.521,6.034,5.516,0.000,5.479,7.409,6.421,7.077,10.106,11.169,11.779,13.682,15.543,16.601,16.654,17.232,17.042,16.427,14.551,15.378,15.416,14.499,14.511,13.992
10.597,9.428,6.428,5.919,7.342,5.479,0.000,5.483,7.453,6.148,7.141,10.038,11.645,12.091,13.750,16.019,16.266,16.757,16.823,15.595,13.720,14.317,14.798,13.875,14.155,14.046
11.503,10.296,7.519,7.667,5.986,7.409,5.483,0.000,5.569,7.457,6.562,7.006,10.430,11.640,12.250,14.283,14.932,15.638,15.099,14.913,12.137,12.659,13.255,12.602,13.096,13.234
14.264,13.084,10.578,9.582,6.951,6.421,7.453,5.569,0.000,5.597,7.604,6.188,7.973,10.794,12.201,13.426,13.851,15.084,14.711,14.798,13.457,13.712,14.031,13.392,13.879,13.370
13.992,13.146,10.492,10.144,9.875,7.077,6.148,7.457,5.597,0.000,5.762,7.585,7.466,9.037,11.742,13.656,13.887,14.628,14.730,14.630,13.624,14.805,14.884,14.141,14.943,14.869
13.517,12.771,10.195,11.105,10.889,10.106,7.141,6.562,7.604,5.762,0.000,5.873,7.715,7.850,9.378,12.299,13.016,13.263,13.022,13.016,11.977,13.218,14.179,13.492,14.577,14.935
15.323,14.633,12.280,12.876,10.946,11.169,10.038,7.006,6.188,7.585,5.873,0.000,5.789,7.684,7.965,10.401,10.678,11.430,11.199,11.452,10.816,12.500,13.602,13.751,14.492,15.057
16.731,16.555,14.534,14.561,13.033,11.779,11.645,10.430,7.973,7.466,7.715,5.789,0.000,5.961,7.954,9.765,10.484,11.363,11.449,11.751,11.513,13.531,14.584,14.805,15.730,15.899
16.280,16.500,14.730,15.602,15.229,13.682,12.091,11.640,10.794,9.037,7.850,7.684,5.961,0.000,6.125,8.450,9.253,9.778,10.164,11.257,11.351,13.459,14.758,15.190,16.213,16.764
16.277,16.300,15.131,16.676,15.752,15.543,13.750,12.250,12.201,11.742,9.378,7.965,7.954,6.125,0.000,5.948,7.331,8.487,7.894,10.119,10.309,12.133,13.551,14.426,15.559,16.462
16.922,17.312,16.373,17.925,16.760,16.601,16.019,14.283,13.426,13.656,12.299,10.401,9.765,8.450,5.948,0.000,6.122,7.705,7.312,9.895,11.049,12.920,14.095,14.492,15.497,16.208
16.755,17.232,16.594,17.382,17.064,16.654,16.266,14.932,13.851,13.887,13.016,10.678,10.484,9.253,7.331,6.122,0.000,5.893,7.262,9.460,10.628,13.218,14.619,14.499,15.031,16.185
16.699,16.969,16.311,17.383,16.861,17.232,16.757,15.638,15.084,14.628,13.263,11.430,11.363,9.778,8.487,7.705,5.893,0.000,6.039,8.439,9.986,11.856,14.154,14.369,14.483,15.325
16.159,16.449,15.768,17.321,17.002,17.042,16.823,15.099,14.711,14.730,13.022,11.199,11.449,10.164,7.894,7.312,7.262,6.039,0.000,5.922,7.724,9.119,11.516,12.852,14.050,14.731
15.450,15.601,14.748,16.500,16.190,16.427,15.595,14.913,14.798,14.630,13.016,11.452,11.751,11.257,10.119,9.895,9.460,8.439,5.922,0.000,6.011,7.677,9.092,10.548,12.592,13.950
14.400,13.977,13.277,14.963,14.269,14.551,13.720,12.137,13.457,13.624,11.977,10.816,11.513,11.351,10.309,11.049,10.628,9.986,7.724,6.011,0.000,5.983,7.673,8.199,10.257,12.355
14.687,14.222,13.236,15.181,14.734,15.378,14.317,12.659,13.712,14.805,13.218,12.500,13.531,13.459,12.133,12.920,13.218,11.856,9.119,7.677,5.983,0.000,5.973,7.627,9.009,11.126
15.026,14.511,13.694,15.389,14.831,15.416,14.798,13.255,14.031,14.884,14.179,13.602,14.584,14.758,13.551,14.095,14.619,14.154,11.516,9.092,7.673,5.973,0.000,6.023,7.627,9.711
14.607,13.795,13.079,14.723,14.084,14.499,13.875,12.602,13.392,14.141,13.492,13.751,14.805,15.190,14.426,14.492,14.499,14.369,12.852,10.548,8.199,7.627,6.023,0.000,6.094,8.130
14.818,14.000,13.633,14.891,14.008,14.511,14.155,13.096,13.879,14.943,14.577,14.492,15.730,16.213,15.559,15.497,15.031,14.483,14.050,12.592,10.257,9.009,7.627,6.094,0.000,6.417
15.229,14.406,14.077,14.641,13.755,13.992,14.046,13.234,13.370,14.869,14.935,15.057,15.899,16.764,16.462,16.208,16.185,15.325,14.731,13.950,12.355,11.126,9.711,8.130,6.417,0.000