c1,c2,c3,c4,c5,c6,c7,c8,c9,c10,c11,c12,c13,c14,c15,c16,c17,c18,c19,c20,c21,c22,c23,c24,c25,c26
0.000,7.234,8.339,10.986,13.622,15.124,17.557,16.907,15.268,13.767,9.840,10.001,10.105,10.969,13.398,13.214,12.848,13.921,15.599,15.544,15.848,17.181,17.884,17.432,17.390,17.406
7.234,0.000,6.448,8.669,11.544,13.632,16.194,14.674,12.651,10.714,6.339,7.639,7.912,9.418,12.225,11.744,11.108,12.391,14.453,14.330,14.512,16.812,17.840,17.507,17.567,17.659
8.339,6.448,0.000,6.226,8.623,9.882,12.806,12.535,11.434,9.902,7.227,5.526,8.521,8.826,11.350,9.961,8.323,8.929,11.543,11.523,11.148,13.775,15.442,15.343,16.180,16.918
10.986,8.669,6.226,0.000,6.540,7.780,9.920,8.921,6.283,7.032,5.880,7.286,10.940,12.367,15.003,12.730,11.622,12.221,14.483,12.928,11.682,15.200,16.499,15.644,16.267,16.913
13.622,11.544,8.623,6.540,0.000,6.379,6.052,4.928,6.782,4.941,7.575,6.096,10.572,11.949,13.199,10.213,9.148,9.045,10.551,8.379,7.225,10.900,12.074,11.312,13.336,14.763
15.124,13.632,9.882,7.780,6.379,0.000,7.971,8.340,7.862,9.826,11.818,10.715,15.267,15.320,16.332,14.411,12.365,11.371,13.537,11.758,8.646,12.110,12.972,11.578,12.612,13.994
17.557,16.194,12.806,9.920,6.052,7.971,0.000,5.256,8.171,9.008,12.868,11.527,15.653,16.691,16.694,14.099,12.533,11.587,12.617,10.395,6.818,10.273,10.529,8.804,11.275,12.844
16.907,14.674,12.535,8.921,4.928,8.340,5.256,0.000,6.407,5.381,10.267,10.557,14.247,16.399,16.887,13.572,12.694,12.770,13.131,10.614,8.639,12.266,12.479,10.824,13.573,14.696
15.268,12.651,11.434,6.283,6.782,7.862,8.171,6.407,0.000,9.055,12.709,12.124,15.539,17.593,18.306,15.968,15.221,15.544,16.111,13.859,12.226,15.904,15.918,14.295,16.225,16.693
13.767,10.714,9.902,7.032,4.941,9.826,9.008,5.381,9.055,0.000,9.878,9.705,12.245,14.083,14.771,11.785,11.682,12.237,12.733,10.865,10.460,13.851,14.594,13.733,16.024,16.671
9.840,6.339,7.227,5.880,7.575,11.818,12.868,10.267,12.709,9.878,0.000,10.219,11.877,13.269,13.754,11.889,11.838,12.979,14.367,13.369,13.314,16.371,17.379,16.592,17.484,17.839
10.001,7.639,5.526,7.286,6.096,10.715,11.527,10.557,12.124,9.705,10.219,0.000,9.593,10.476,10.479,7.543,7.169,8.141,9.948,9.389,10.005,12.724,14.075,13.999,15.670,16.661
10.105,7.912,8.521,10.940,10.572,15.267,15.653,14.247,15.539,12.245,11.877,9.593,0.000,8.742,9.632,8.403,9.240,10.783,12.060,12.220,13.365,15.264,16.605,16.837,17.653,18.056
10.969,9.418,8.826,12.367,11.949,15.320,16.691,16.399,17.593,14.083,13.269,10.476,8.742,0.000,9.333,9.890,9.088,10.008,12.378,12.573,13.030,14.336,16.245,16.429,17.024,17.928
13.398,12.225,11.350,15.003,13.199,16.332,16.694,16.887,18.306,14.771,13.754,10.479,9.632,9.333,0.000,9.723,10.351,9.048,10.296,12.027,13.073,13.472,15.382,16.172,16.760,17.583
13.214,11.744,9.961,12.730,10.213,14.411,14.099,13.572,15.968,11.785,11.889,7.543,8.403,9.890,9.723,0.000,8.265,9.500,8.212,8.828,11.365,12.224,13.115,13.917,15.958,16.854
12.848,11.108,8.323,11.622,9.148,12.365,12.533,12.694,15.221,11.682,11.838,7.169,9.240,9.088,10.351,8.265,0.000,7.394,9.562,7.942,9.097,11.531,12.629,12.651,14.261,16.062
13.921,12.391,8.929,12.221,9.045,11.371,11.587,12.770,15.544,12.237,12.979,8.141,10.783,10.008,9.048,9.500,7.394,0.000,7.138,8.983,8.001,8.725,11.707,12.177,12.856,14.554
15.599,14.453,11.543,14.483,10.551,13.537,12.617,13.131,16.111,12.733,14.367,9.948,12.060,12.378,10.296,8.212,9.562,7.138,0.000,6.327,8.797,7.642,9.147,11.425,12.673,13.656
15.544,14.330,11.523,12.928,8.379,11.758,10.395,10.614,13.859,10.865,13.369,9.389,12.220,12.573,12.027,8.828,7.942,8.983,6.327,0.000,6.692,8.691,8.450,9.137,12.068,13.447
15.848,14.512,11.148,11.682,7.225,8.646,6.818,8.639,12.226,10.460,13.314,10.005,13.365,13.030,13.073,11.365,9.097,8.001,8.797,6.692,0.000,6.748,8.412,7.817,9.961,11.964
17.181,16.812,13.775,15.200,10.900,12.110,10.273,12.266,15.904,13.851,16.371,12.724,15.264,14.336,13.472,12.224,11.531,8.725,7.642,8.691,6.748,0.000,6.771,8.400,8.650,10.589
17.884,17.840,15.442,16.499,12.074,12.972,10.529,12.479,15.918,14.594,17.379,14.075,16.605,16.245,15.382,13.115,12.629,11.707,9.147,8.450,8.412,6.771,0.000,6.594,8.328,9.750
17.432,17.507,15.343,15.644,11.312,11.578,8.804,10.824,14.295,13.733,16.592,13.999,16.837,16.429,16.172,13.917,12.651,12.177,11.425,9.137,7.817,8.400,6.594,0.000,6.841,9.592
17.390,17.567,16.180,16.267,13.336,12.612,11.275,13.573,16.225,16.024,17.484,15.670,17.653,17.024,16.760,15.958,14.261,12.856,12.673,12.068,9.961,8.650,8.328,6.841,0.000,7.506
17.406,17.659,16.918,16.913,14.763,13.994,12.844,14.696,16.693,16.671,17.839,16.661,18.056,17.928,17.583,16.854,16.062,14.554,13.656,13.447,11.964,10.589,9.750,9.592,7.506,0.000