c1,c2,c3,c4,c5,c6,c7,c8,c9,c10,c11,c12,c13,c14,c15,c16,c17,c18,c19,c20,c21,c22,c23,c24,c25,c26
0.000,6.594,7.721,10.614,13.324,14.932,17.327,16.661,15.089,13.881,9.897,9.840,10.189,11.051,12.900,12.974,13.767,14.136,15.032,15.532,16.059,16.691,17.147,17.062,17.193,16.865
6.594,0.000,6.186,8.315,11.254,13.473,15.915,14.451,12.416,10.589,6.193,7.643,8.073,9.902,11.930,11.755,12.728,13.328,14.496,15.320,15.962,16.985,17.377,17.497,17.619,17.290
7.721,6.186,0.000,6.044,8.204,9.774,12.677,12.479,11.204,9.896,7.180,5.364,8.483,9.088,11.197,9.927,10.356,9.965,11.454,12.556,13.206,14.724,15.577,15.945,16.696,16.609
10.614,8.315,6.044,0.000,6.168,7.536,9.906,8.891,6.186,6.959,5.800,7.155,10.790,12.275,14.393,12.501,13.373,12.634,13.717,14.536,14.622,16.198,16.908,16.637,16.918,16.791
13.324,11.254,8.204,6.168,0.000,6.243,5.602,4.994,6.807,4.973,7.528,5.861,10.104,11.693,12.775,10.017,11.123,9.984,10.863,11.580,11.975,13.567,14.387,14.368,15.410,15.912
14.932,13.473,9.774,7.536,6.243,0.000,7.196,8.269,7.851,9.690,11.661,10.355,14.608,15.215,15.675,13.390,13.460,11.465,12.108,12.274,11.490,12.923,13.708,13.197,14.124,14.807
17.327,15.915,12.677,9.906,5.602,7.196,0.000,5.060,7.962,8.853,12.629,10.982,14.715,16.200,16.041,13.394,13.584,11.655,12.066,12.131,11.033,12.388,13.125,12.819,14.063,14.849
16.661,14.451,12.479,8.891,4.994,8.269,5.060,0.000,5.887,4.983,10.017,10.162,13.564,15.960,16.137,13.402,14.081,13.026,13.382,13.621,13.260,14.562,15.049,14.730,15.705,15.994
15.089,12.416,11.204,6.186,6.807,7.851,7.962,5.887,0.000,6.910,10.462,11.328,14.667,17.203,17.743,15.376,16.346,15.397,15.690,15.917,15.666,16.748,16.624,16.342,16.863,16.710
13.881,10.589,9.896,6.959,4.973,9.690,8.853,4.983,6.910,0.000,7.599,8.639,10.875,13.512,14.350,11.666,13.310,12.396,13.399,13.686,14.291,15.664,16.082,16.377,17.027,17.033
9.897,6.193,7.180,5.800,7.528,11.661,12.629,10.017,10.462,7.599,0.000,8.385,9.600,11.907,12.740,11.082,12.925,12.736,13.916,14.757,15.517,16.588,17.287,17.224,17.423,17.513
9.840,7.643,5.364,7.155,5.861,10.355,10.982,10.162,11.328,8.639,8.385,0.000,8.244,9.939,9.931,7.657,9.068,8.842,10.334,11.171,12.485,13.859,14.938,15.538,16.522,16.796
10.189,8.073,8.483,10.790,10.104,14.608,14.715,13.564,14.667,10.875,9.600,8.244,0.000,7.915,8.387,7.676,9.736,10.660,12.187,13.021,14.134,15.188,16.180,16.966,17.676,17.756
11.051,9.902,9.088,12.275,11.693,15.215,16.200,15.960,17.203,13.512,11.907,9.939,7.915,0.000,7.788,8.576,9.331,10.126,12.083,12.788,13.018,13.968,15.535,16.219,16.952,17.503
12.900,11.930,11.197,14.393,12.775,15.675,16.041,16.137,17.743,14.350,12.740,9.931,8.387,7.788,0.000,7.839,9.163,9.133,10.308,12.032,12.958,12.771,14.156,15.651,16.546,17.110
12.974,11.755,9.927,12.501,10.017,13.390,13.394,13.402,15.376,11.666,11.082,7.657,7.676,8.576,7.839,0.000,7.175,8.553,8.183,9.060,11.748,12.679,12.797,14.045,15.755,16.410
13.767,12.728,10.356,13.373,11.123,13.460,13.584,14.081,16.346,13.310,12.925,9.068,9.736,9.331,9.163,7.175,0.000,6.516,8.113,7.837,9.197,11.890,13.004,13.234,14.629,15.846
14.136,13.328,9.965,12.634,9.984,11.465,11.655,13.026,15.397,12.396,12.736,8.842,10.660,10.126,9.133,8.553,6.516,0.000,6.219,7.747,7.644,8.799,11.860,13.077,13.438,14.630
15.032,14.496,11.454,13.717,10.863,12.108,12.066,13.382,15.690,13.399,13.916,10.334,12.187,12.083,10.308,8.183,8.113,6.219,0.000,6.005,7.814,7.661,8.899,11.840,12.832,13.491
15.532,15.320,12.556,14.536,11.580,12.274,12.131,13.621,15.917,13.686,14.757,11.171,13.021,12.788,12.032,9.060,7.837,7.747,6.005,0.000,6.245,7.956,7.972,9.764,11.781,13.390
16.059,15.962,13.206,14.622,11.975,11.490,11.033,13.260,15.666,14.291,15.517,12.485,14.134,13.018,12.958,11.748,9.197,7.644,7.814,6.245,0.000,6.289,7.714,8.300,9.687,11.866
16.691,16.985,14.724,16.198,13.567,12.923,12.388,14.562,16.748,15.664,16.588,13.859,15.188,13.968,12.771,12.679,11.890,8.799,7.661,7.956,6.289,0.000,6.192,7.857,8.598,10.432
17.147,17.377,15.577,16.908,14.387,13.708,13.125,15.049,16.624,16.082,17.287,14.938,16.180,15.535,14.156,12.797,13.004,11.860,8.899,7.972,7.714,6.192,0.000,5.963,7.519,9.066
17.062,17.497,15.945,16.637,14.368,13.197,12.819,14.730,16.342,16.377,17.224,15.538,16.966,16.219,15.651,14.045,13.234,13.077,11.840,9.764,8.300,7.857,5.963,0.000,6.150,8.292
17.193,17.619,16.696,16.918,15.410,14.124,14.063,15.705,16.863,17.027,17.423,16.522,17.676,16.952,16.546,15.755,14.629,13.438,12.832,11.781,9.687,8.598,7.519,6.150,0.000,6.742
16.865,17.290,16.609,16.791,15.912,14.807,14.849,15.994,16.710,17.033,17.513,16.796,17.756,17.503,17.110,16.410,15.846,14.630,13.491,13.390,11.866,10.432,9.066,8.292,6.742,0.000