c1,c2,c3,c4,c5,c6,c7,c8,c9,c10,c11,c12,c13,c14,c15,c16,c17,c18,c19,c20,c21,c22,c23,c24,c25,c26
0.000,7.162,8.333,10.969,13.633,15.208,17.608,16.936,15.493,13.898,10.077,10.144,10.147,10.714,13.192,13.097,12.512,13.877,15.601,15.435,15.661,17.209,17.919,17.524,17.640,17.443
7.162,0.000,6.458,8.523,11.503,13.610,16.182,14.642,12.700,10.716,6.428,7.647,7.829,9.207,12.138,11.710,10.818,12.517,14.608,14.196,14.361,16.779,17.809,17.518,17.846,17.705
8.333,6.458,0.000,6.209,8.534,9.966,12.826,12.495,11.515,9.891,7.258,5.623,8.459,8.503,11.049,9.804,7.742,8.877,11.589,11.318,10.954,13.578,15.239,15.155,16.411,16.793
10.969,8.523,6.209,0.000,6.408,7.785,9.945,8.936,6.387,7.073,5.864,7.358,10.998,12.178,14.924,12.765,11.229,12.339,14.722,12.860,11.664,15.189,16.468,15.511,16.584,16.873
13.633,11.503,8.534,6.408,0.000,6.450,6.142,4.955,6.790,4.925,7.585,6.157,10.683,11.862,13.044,10.179,8.606,9.183,10.834,8.426,7.155,10.899,11.991,11.140,13.508,14.528
15.208,13.610,9.966,7.785,6.450,0.000,7.836,8.361,7.850,9.809,11.817,10.804,15.379,15.111,16.157,14.497,11.935,11.500,14.015,11.975,8.852,12.310,13.140,11.625,12.836,13.673
17.608,16.182,12.826,9.945,6.142,7.836,0.000,5.299,8.230,9.021,12.902,11.648,15.863,16.621,16.610,14.232,12.243,11.757,13.061,10.465,6.947,10.409,10.608,8.692,11.303,12.441
16.936,14.642,12.495,8.936,4.955,8.361,5.299,0.000,6.363,5.419,10.296,10.534,14.371,16.339,16.817,13.622,12.370,12.948,13.407,10.510,8.655,12.410,12.439,10.688,13.660,14.511
15.493,12.700,11.515,6.387,6.790,7.850,8.230,6.363,0.000,8.744,13.001,12.209,15.763,17.598,18.324,16.034,14.837,15.745,16.470,13.763,12.265,16.070,15.914,14.196,16.347,16.635
13.898,10.716,9.891,7.073,4.925,9.809,9.021,5.419,8.744,0.000,9.524,9.333,12.322,14.057,14.702,11.747,11.241,12.457,13.059,10.534,10.418,13.879,14.366,13.483,16.203,16.644
10.077,6.428,7.258,5.864,7.585,11.817,12.902,10.296,13.001,9.524,0.000,9.880,12.075,13.400,13.854,11.947,11.408,13.180,14.683,13.189,13.250,16.431,17.353,16.662,17.776,17.939
10.144,7.647,5.623,7.358,6.157,10.804,11.648,10.534,12.209,9.333,9.880,0.000,9.170,10.388,10.382,7.255,6.699,8.425,10.059,9.103,10.014,12.781,13.900,13.959,16.116,16.821
10.147,7.829,8.459,10.998,10.683,15.379,15.863,14.371,15.763,12.322,12.075,9.170,0.000,8.437,9.619,8.271,8.847,10.711,11.934,11.843,13.192,15.102,16.423,16.843,18.001,18.186
10.714,9.207,8.503,12.178,11.862,15.111,16.621,16.339,17.598,14.057,13.400,10.388,8.437,0.000,9.313,9.853,8.482,9.546,12.085,12.207,12.540,13.950,16.000,16.337,17.224,18.004
13.192,12.138,11.049,14.924,13.044,16.157,16.610,16.817,18.324,14.702,13.854,10.382,9.619,9.313,0.000,9.749,10.354,8.646,9.826,11.667,12.704,12.848,14.875,15.986,16.925,17.631
13.097,11.710,9.804,12.765,10.179,14.497,14.232,13.622,16.034,11.747,11.947,7.255,8.271,9.853,9.749,0.000,8.007,9.329,7.716,8.260,10.933,11.789,12.518,13.705,16.049,16.826
12.512,10.818,7.742,11.229,8.606,11.935,12.243,12.370,14.837,11.241,11.408,6.699,8.847,8.482,10.354,8.007,0.000,7.079,9.379,7.355,8.349,11.005,12.120,12.257,14.319,15.959
13.877,12.517,8.877,12.339,9.183,11.500,11.757,12.948,15.745,12.457,13.180,8.425,10.711,9.546,8.646,9.329,7.079,0.000,6.766,8.783,7.310,7.980,11.111,11.908,12.910,14.432
15.601,14.608,11.589,14.722,10.834,14.015,13.061,13.407,16.470,13.059,14.683,10.059,11.934,12.085,9.826,7.716,9.379,6.766,0.000,6.252,8.671,7.200,8.494,11.262,12.882,13.703
15.435,14.196,11.318,12.860,8.426,11.975,10.465,10.510,13.763,10.534,13.189,9.103,11.843,12.207,11.667,8.260,7.355,8.783,6.252,0.000,6.576,8.594,7.776,8.779,12.197,13.389
15.661,14.361,10.954,11.664,7.155,8.852,6.947,8.655,12.265,10.418,13.250,10.014,13.192,12.540,12.704,10.933,8.349,7.310,8.671,6.576,0.000,6.545,8.271,7.595,10.136,11.810
17.209,16.779,13.578,15.189,10.899,12.310,10.409,12.410,16.070,13.879,16.431,12.781,15.102,13.950,12.848,11.789,11.005,7.980,7.200,8.594,6.545,0.000,6.604,8.380,8.943,10.652
17.919,17.809,15.239,16.468,11.991,13.140,10.608,12.439,15.914,14.366,17.353,13.900,16.423,16.000,14.875,12.518,12.120,11.111,8.494,7.776,8.271,6.604,0.000,6.493,8.410,10.028
17.524,17.518,15.155,15.511,11.140,11.625,8.692,10.688,14.196,13.483,16.662,13.959,16.843,16.337,15.986,13.705,12.257,11.908,11.262,8.779,7.595,8.380,6.493,0.000,6.770,9.581
17.640,17.846,16.411,16.584,13.508,12.836,11.303,13.660,16.347,16.203,17.776,16.116,18.001,17.224,16.925,16.049,14.319,12.910,12.882,12.197,10.136,8.943,8.410,6.770,0.000,7.518
17.443,17.705,16.793,16.873,14.528,13.673,12.441,14.511,16.635,16.644,17.939,16.821,18.186,18.004,17.631,16.826,15.959,14.432,13.703,13.389,11.810,10.652,10.028,9.581,7.518,0.000