c1,c2,c3,c4,c5,c6,c7,c8,c9,c10,c11,c12,c13,c14,c15,c16,c17,c18,c19,c20,c21,c22,c23,c24,c25,c26
0.000,6.575,7.768,10.444,13.263,14.851,17.336,16.529,15.158,13.617,9.897,9.770,9.879,11.245,12.822,13.284,13.398,13.514,14.900,15.534,15.537,16.292,17.183,17.280,17.367,17.166
6.575,0.000,6.030,8.135,11.128,13.364,15.884,14.328,12.647,10.637,6.472,7.507,7.656,9.775,11.483,12.267,12.392,12.532,14.077,15.045,15.090,16.054,17.142,17.464,17.616,17.424
7.768,6.030,0.000,6.015,8.109,9.834,12.689,12.247,11.402,9.876,7.212,5.620,8.095,8.951,10.559,10.861,10.383,9.761,11.971,12.686,12.540,14.048,15.507,16.137,16.812,17.094
10.444,8.135,6.015,0.000,6.113,7.366,9.921,8.901,6.491,7.026,5.781,7.199,10.395,11.915,13.799,13.750,13.329,12.627,14.629,14.810,14.090,15.673,17.043,17.039,17.062,17.120
13.263,11.128,8.109,6.113,0.000,6.192,5.759,4.832,6.862,4.872,7.520,5.897,9.986,11.238,12.665,11.494,11.211,10.549,12.292,11.907,11.220,13.104,14.336,14.418,15.089,15.890
14.851,13.364,9.834,7.366,6.192,0.000,7.027,8.143,7.828,9.627,11.436,10.428,14.476,14.819,15.537,14.837,13.822,12.630,14.448,14.010,12.479,13.660,14.592,14.283,14.315,15.393
17.336,15.884,12.689,9.921,5.759,7.027,0.000,5.060,7.918,8.907,12.545,11.067,14.997,15.757,15.883,14.474,13.478,12.600,14.120,13.032,11.336,12.693,13.309,12.797,13.486,14.622
16.529,14.328,12.247,8.901,4.832,8.143,5.060,0.000,5.805,5.014,9.941,10.065,13.573,15.510,15.908,14.119,13.316,13.024,14.369,13.580,12.044,13.623,14.576,14.156,14.893,15.452
15.158,12.647,11.402,6.491,6.862,7.828,7.918,5.805,0.000,7.386,10.854,11.565,14.799,16.918,17.457,16.059,15.574,15.412,16.728,16.009,15.093,16.528,16.745,15.972,16.506,16.536
13.617,10.637,9.876,7.026,4.872,9.627,8.907,5.014,7.386,0.000,8.389,8.620,11.073,13.180,14.127,12.518,12.351,12.279,13.709,13.088,13.199,15.142,15.863,15.816,16.499,16.841
9.897,6.472,7.212,5.781,7.520,11.436,12.545,9.941,10.854,8.389,0.000,8.963,10.478,11.807,12.833,12.259,12.366,12.375,14.131,14.578,15.031,16.313,17.476,17.334,17.373,17.464
9.770,7.507,5.620,7.199,5.897,10.428,11.067,10.065,11.565,8.620,8.963,0.000,8.933,10.114,10.388,8.883,9.210,9.546,11.207,11.533,12.284,13.958,15.050,15.721,16.733,17.110
9.879,7.656,8.095,10.395,9.986,14.476,14.997,13.573,14.799,11.073,10.478,8.933,0.000,8.087,9.501,8.563,9.279,10.285,11.638,12.147,13.249,14.613,15.897,16.799,17.972,17.840
11.245,9.775,8.951,11.915,11.238,14.819,15.757,15.510,16.918,13.180,11.807,10.114,8.087,0.000,7.707,8.779,8.234,8.615,10.953,11.799,11.963,13.153,15.285,15.996,16.960,17.896
12.822,11.483,10.559,13.799,12.665,15.537,15.883,15.908,17.457,14.127,12.833,10.388,9.501,7.707,0.000,7.754,9.040,7.532,8.465,10.923,11.913,11.739,13.511,15.459,16.375,16.967
13.284,12.267,10.861,13.750,11.494,14.837,14.474,14.119,16.059,12.518,12.259,8.883,8.563,8.779,7.754,0.000,7.021,8.448,7.352,7.853,10.681,11.466,11.850,13.484,15.571,16.304
13.398,12.392,10.383,13.329,11.211,13.822,13.478,13.316,15.574,12.351,12.366,9.210,9.279,8.234,9.040,7.021,0.000,6.582,8.579,7.094,7.888,10.532,11.734,12.154,13.918,15.669
13.514,12.532,9.761,12.627,10.549,12.630,12.600,13.024,15.412,12.279,12.375,9.546,10.285,8.615,7.532,8.448,6.582,0.000,6.328,8.099,6.890,7.441,10.624,11.890,12.402,13.928
14.900,14.077,11.971,14.629,12.292,14.448,14.120,14.369,16.728,13.709,14.131,11.207,11.638,10.953,8.465,7.352,8.579,6.328,0.000,6.119,8.068,6.846,7.787,10.818,12.222,12.574
15.534,15.045,12.686,14.810,11.907,14.010,13.032,13.580,16.009,13.088,14.578,11.533,12.147,11.799,10.923,7.853,7.094,8.099,6.119,0.000,6.128,8.003,7.340,8.563,11.574,12.498
15.537,15.090,12.540,14.090,11.220,12.479,11.336,12.044,15.093,13.199,15.031,12.284,13.249,11.963,11.913,10.681,7.888,6.890,8.068,6.128,0.000,6.032,7.829,7.664,9.226,11.252
16.292,16.054,14.048,15.673,13.104,13.660,12.693,13.623,16.528,15.142,16.313,13.958,14.613,13.153,11.739,11.466,10.532,7.441,6.846,8.003,6.032,0.000,5.977,7.759,8.298,9.392
17.183,17.142,15.507,17.043,14.336,14.592,13.309,14.576,16.745,15.863,17.476,15.050,15.897,15.285,13.511,11.850,11.734,10.624,7.787,7.340,7.829,5.977,0.000,5.907,7.630,8.334
17.280,17.464,16.137,17.039,14.418,14.283,12.797,14.156,15.972,15.816,17.334,15.721,16.799,15.996,15.459,13.484,12.154,11.890,10.818,8.563,7.664,7.759,5.907,0.000,6.034,8.250
17.367,17.616,16.812,17.062,15.089,14.315,13.486,14.893,16.506,16.499,17.373,16.733,17.972,16.960,16.375,15.571,13.918,12.402,12.222,11.574,9.226,8.298,7.630,6.034,0.000,6.571
17.166,17.424,17.094,17.120,15.890,15.393,14.622,15.452,16.536,16.841,17.464,17.110,17.840,17.896,16.967,16.304,15.669,13.928,12.574,12.498,11.252,9.392,8.334,8.250,6.571,0.000