c1,c2,c3,c4,c5,c6,c7,c8,c9,c10,c11,c12,c13,c14,c15,c16,c17,c18,c19,c20,c21,c22,c23,c24,c25,c26
0.000,6.153,7.275,9.306,11.479,13.947,15.265,13.587,13.461,14.350,13.659,12.606,13.693,14.367,14.586,14.139,14.415,14.451,14.898,14.745,14.788,15.190,15.587,15.393,15.549,15.833
6.153,0.000,5.826,7.784,10.182,12.676,14.439,12.603,11.759,13.077,12.828,11.607,12.858,14.125,14.435,13.989,14.170,14.460,14.993,14.702,14.841,15.505,15.785,15.739,15.780,16.113
7.275,5.826,0.000,5.765,7.282,9.838,11.555,10.180,9.836,11.268,11.086,10.119,12.113,13.760,14.156,13.580,13.906,14.073,14.584,14.108,14.369,15.285,15.574,15.500,15.829,16.173
9.306,7.784,5.765,0.000,5.740,8.056,10.068,9.161,8.232,10.395,11.032,10.473,13.203,14.865,15.496,14.929,15.219,15.294,15.810,15.107,15.340,16.278,16.350,16.239,16.313,16.570
11.479,10.182,7.282,5.740,0.000,5.811,6.411,5.766,6.515,8.000,8.934,8.734,11.650,13.576,14.110,13.526,14.660,14.678,14.837,14.207,14.670,15.405,15.596,15.553,15.788,16.224
13.947,12.676,9.838,8.056,5.811,0.000,5.619,7.697,7.028,8.575,10.868,11.181,13.184,14.967,15.754,15.106,15.451,16.453,16.600,15.468,15.210,16.358,16.132,15.728,15.786,16.388
15.265,14.439,11.555,10.068,6.411,5.619,0.000,5.368,7.569,8.011,9.829,11.053,13.414,14.715,15.047,14.674,15.169,15.752,16.612,15.131,15.045,15.954,15.823,15.483,15.815,16.219
13.587,12.603,10.180,9.161,5.766,7.697,5.368,0.000,5.687,7.198,8.385,9.040,12.318,13.964,14.038,13.231,14.233,15.220,15.764,15.384,15.241,16.270,16.087,16.057,16.306,16.436
13.461,11.759,9.836,8.232,6.515,7.028,7.569,5.687,0.000,5.798,8.101,8.484,10.699,13.261,13.833,12.428,13.268,14.922,15.569,15.271,16.190,16.926,16.674,16.465,16.639,16.554
14.350,13.077,11.268,10.395,8.000,8.575,8.011,7.198,5.798,0.000,6.491,7.987,9.331,11.483,12.738,11.797,12.141,13.669,14.822,14.492,15.449,17.161,16.929,16.730,16.746,16.770
13.659,12.828,11.086,11.032,8.934,10.868,9.829,8.385,8.101,6.491,0.000,6.550,8.442,10.286,10.670,10.535,11.386,12.500,13.507,13.897,15.031,16.295,17.169,16.796,16.769,16.802
12.606,11.607,10.119,10.473,8.734,11.181,11.053,9.040,8.484,7.987,6.550,0.000,6.590,8.731,8.777,7.871,9.270,10.892,11.440,11.883,13.497,14.807,15.462,16.484,16.455,16.734
13.693,12.858,12.113,13.203,11.650,13.184,13.414,12.318,10.699,9.331,8.442,6.590,0.000,6.323,7.246,7.403,8.211,10.375,11.391,11.674,13.042,14.663,15.638,16.746,17.643,17.299
14.367,14.125,13.760,14.865,13.576,14.967,14.715,13.964,13.261,11.483,10.286,8.731,6.323,0.000,6.264,7.662,7.298,8.178,10.704,11.439,11.540,12.979,15.161,16.040,16.470,17.491
14.586,14.435,14.156,15.496,14.110,15.754,15.047,14.038,13.833,12.738,10.670,8.777,7.246,6.264,0.000,6.136,7.730,7.302,8.019,10.620,11.538,11.387,13.099,15.447,15.837,16.661
14.139,13.989,13.580,14.929,13.526,15.106,14.674,13.231,12.428,11.797,10.535,7.871,7.403,7.662,6.136,0.000,6.005,7.719,6.834,7.603,10.518,11.286,11.355,13.446,14.988,15.901
14.415,14.170,13.906,15.219,14.660,15.451,15.169,14.233,13.268,12.141,11.386,9.270,8.211,7.298,7.730,6.005,0.000,5.721,7.658,6.823,7.540,10.227,11.359,11.997,12.982,15.025
14.451,14.460,14.073,15.294,14.678,16.453,15.752,15.220,14.922,13.669,12.500,10.892,10.375,8.178,7.302,7.719,5.721,0.000,5.726,7.531,6.478,6.973,10.118,11.570,11.498,13.188
14.898,14.993,14.584,15.810,14.837,16.600,16.612,15.764,15.569,14.822,13.507,11.440,11.391,10.704,8.019,6.834,7.658,5.726,0.000,5.650,7.524,6.389,7.216,10.446,11.176,11.981
14.745,14.702,14.108,15.107,14.207,15.468,15.131,15.384,15.271,14.492,13.897,11.883,11.674,11.439,10.620,7.603,6.823,7.531,5.650,0.000,5.649,7.587,6.552,8.156,9.975,11.424
14.788,14.841,14.369,15.340,14.670,15.210,15.045,15.241,16.190,15.449,15.031,13.497,13.042,11.540,11.538,10.518,7.540,6.478,7.524,5.649,0.000,5.613,7.515,7.118,8.074,10.259
15.190,15.505,15.285,16.278,15.405,16.358,15.954,16.270,16.926,17.161,16.295,14.807,14.663,12.979,11.387,11.286,10.227,6.973,6.389,7.587,5.613,0.000,5.664,7.597,7.407,8.939
15.587,15.785,15.574,16.350,15.596,16.132,15.823,16.087,16.674,16.929,17.169,15.462,15.638,15.161,13.099,11.355,11.359,10.118,7.216,6.552,7.515,5.664,0.000,5.735,7.409,8.196
15.393,15.739,15.500,16.239,15.553,15.728,15.483,16.057,16.465,16.730,16.796,16.484,16.746,16.040,15.447,13.446,11.997,11.570,10.446,8.156,7.118,7.597,5.735,0.000,5.831,7.844
15.549,15.780,15.829,16.313,15.788,15.786,15.815,16.306,16.639,16.746,16.769,16.455,17.643,16.470,15.837,14.988,12.982,11.498,11.176,9.975,8.074,7.407,7.409,5.831,0.000,6.172
15.833,16.113,16.173,16.570,16.224,16.388,16.219,16.436,16.554,16.770,16.802,16.734,17.299,17.491,16.661,15.901,15.025,13.188,11.981,11.424,10.259,8.939,8.196,7.844,6.172,0.000