c1,c2,c3,c4,c5,c6,c7,c8,c9,c10,c11,c12,c13,c14,c15,c16,c17,c18,c19,c20,c21,c22,c23,c24,c25,c26
0.000,6.949,8.136,10.815,13.602,15.066,17.428,16.783,15.081,13.762,9.902,9.898,10.172,11.117,13.247,12.941,13.534,13.565,13.950,15.829,16.282,17.354,17.896,17.410,17.268,17.035
6.949,0.000,6.473,8.559,11.408,13.521,16.053,14.524,12.464,10.691,6.307,7.498,8.163,9.660,12.275,11.878,12.420,12.270,12.743,15.024,15.047,17.009,17.979,17.473,17.366,17.139
8.136,6.473,0.000,6.262,8.489,9.884,12.801,12.539,11.356,9.911,7.194,5.540,8.410,8.998,11.834,10.385,10.325,9.035,9.591,11.874,12.041,14.559,15.904,16.041,16.245,16.285
10.815,8.559,6.262,0.000,6.482,7.850,9.936,8.853,6.217,6.974,5.794,7.163,10.842,12.387,15.271,13.578,13.985,12.073,11.984,13.303,11.840,14.963,15.785,15.513,15.845,16.159
13.602,11.408,8.489,6.482,0.000,6.498,5.774,4.955,6.817,4.950,7.548,6.058,10.440,12.275,14.284,11.896,12.212,9.438,8.766,9.301,7.460,10.811,12.111,12.426,13.398,14.286
15.066,13.521,9.884,7.850,6.498,0.000,7.028,8.309,7.895,9.810,11.715,10.544,14.976,15.753,17.331,15.225,14.769,11.698,11.470,11.320,8.480,11.823,11.930,11.796,12.722,13.281
17.428,16.053,12.801,9.936,5.774,7.028,0.000,5.232,8.017,8.966,12.736,11.361,15.266,16.884,17.531,15.410,14.948,12.203,11.295,10.398,6.821,9.848,9.415,9.480,11.591,12.566
16.783,14.524,12.539,8.853,4.955,8.309,5.232,0.000,6.213,5.197,10.115,10.538,13.979,16.427,17.534,15.352,15.494,13.079,11.971,11.369,8.161,11.265,11.635,11.571,13.591,14.387
15.081,12.464,11.356,6.217,6.817,7.895,8.017,6.213,0.000,8.887,11.165,11.619,14.952,17.325,18.391,16.909,17.168,15.010,14.051,14.049,11.355,14.276,14.799,14.437,15.756,16.002
13.762,10.691,9.911,6.974,4.950,9.810,8.966,5.197,8.887,0.000,8.228,8.547,11.088,13.677,15.347,13.320,14.099,11.881,11.118,11.528,9.880,12.757,14.097,14.061,15.536,16.042
9.902,6.307,7.194,5.794,7.548,11.715,12.736,10.115,11.165,8.228,0.000,8.867,10.213,12.193,13.507,12.775,14.135,12.410,12.202,13.546,12.808,15.570,16.451,15.927,16.544,17.187
9.898,7.498,5.540,7.163,6.058,10.544,11.361,10.538,11.619,8.547,8.867,0.000,9.094,9.628,10.703,9.084,9.903,7.994,7.916,9.550,10.186,12.543,14.282,14.183,15.101,16.101
10.172,8.163,8.410,10.842,10.440,14.976,15.266,13.979,14.952,11.088,10.213,9.094,0.000,9.086,9.054,8.173,10.328,10.491,11.296,13.369,14.279,15.687,16.673,16.570,16.844,17.370
11.117,9.660,8.998,12.387,12.275,15.753,16.884,16.427,17.325,13.677,12.193,9.628,9.086,0.000,8.753,8.737,10.312,10.548,12.352,14.142,15.228,15.841,17.085,16.972,17.269,17.595
13.247,12.275,11.834,15.271,14.284,17.331,17.531,17.534,18.391,15.347,13.507,10.703,9.054,8.753,0.000,8.673,10.356,11.178,12.645,14.844,16.221,16.494,17.251,17.319,17.485,17.665
12.941,11.878,10.385,13.578,11.896,15.225,15.410,15.352,16.909,13.320,12.775,9.084,8.173,8.737,8.673,0.000,7.507,8.643,9.779,11.680,14.137,15.333,16.202,15.851,16.363,16.934
13.534,12.420,10.325,13.985,12.212,14.769,14.948,15.494,17.168,14.099,14.135,9.903,10.328,10.312,10.356,7.507,0.000,7.360,8.845,10.670,13.156,15.155,16.355,15.351,15.540,16.571
13.565,12.270,9.035,12.073,9.438,11.698,12.203,13.079,15.010,11.881,12.410,7.994,10.491,10.548,11.178,8.643,7.360,0.000,6.753,8.312,10.391,12.511,14.239,13.267,13.454,15.043
13.950,12.743,9.591,11.984,8.766,11.470,11.295,11.971,14.051,11.118,12.202,7.916,11.296,12.352,12.645,9.779,8.845,6.753,0.000,6.238,8.330,10.354,11.949,11.918,12.769,14.380
15.829,15.024,11.874,13.303,9.301,11.320,10.398,11.369,14.049,11.528,13.546,9.550,13.369,14.142,14.844,11.680,10.670,8.312,6.238,0.000,6.282,8.483,9.556,9.178,10.618,12.623
16.282,15.047,12.041,11.840,7.460,8.480,6.821,8.161,11.355,9.880,12.808,10.186,14.279,15.228,16.221,14.137,13.156,10.391,8.330,6.282,0.000,6.295,7.189,7.499,9.604,11.329
17.354,17.009,14.559,14.963,10.811,11.823,9.848,11.265,14.276,12.757,15.570,12.543,15.687,15.841,16.494,15.333,15.155,12.511,10.354,8.483,6.295,0.000,6.325,8.066,8.761,11.006
17.896,17.979,15.904,15.785,12.111,11.930,9.415,11.635,14.799,14.097,16.451,14.282,16.673,17.085,17.251,16.202,16.355,14.239,11.949,9.556,7.189,6.325,0.000,6.361,7.673,9.745
17.410,17.473,16.041,15.513,12.426,11.796,9.480,11.571,14.437,14.061,15.927,14.183,16.570,16.972,17.319,15.851,15.351,13.267,11.918,9.178,7.499,8.066,6.361,0.000,6.777,9.138
17.268,17.366,16.245,15.845,13.398,12.722,11.591,13.591,15.756,15.536,16.544,15.101,16.844,17.269,17.485,16.363,15.540,13.454,12.769,10.618,9.604,8.761,7.673,6.777,0.000,7.500
17.035,17.139,16.285,16.159,14.286,13.281,12.566,14.387,16.002,16.042,17.187,16.101,17.370,17.595,17.665,16.934,16.571,15.043,14.380,12.623,11.329,11.006,9.745,9.138,7.500,0.000