c1,c2,c3,c4,c5,c6,c7,c8,c9,c10,c11,c12,c13,c14,c15,c16,c17,c18,c19,c20,c21,c22,c23,c24,c25,c26
0.000,7.115,8.267,10.833,13.617,15.158,17.612,16.881,15.311,13.837,9.917,9.962,9.939,11.035,13.162,13.259,12.873,13.719,15.341,15.535,15.863,17.189,17.902,17.647,17.573,17.466
7.115,0.000,6.434,8.416,11.446,13.560,16.142,14.598,12.597,10.653,6.245,7.539,7.625,9.620,12.076,11.964,11.254,12.261,14.205,14.391,14.424,16.686,17.841,17.717,17.768,17.735
8.267,6.434,0.000,6.188,8.447,9.878,12.823,12.503,11.427,9.895,7.219,5.542,8.407,8.913,10.900,10.029,8.508,8.627,11.225,11.635,11.180,13.601,15.353,15.606,16.493,17.034
10.833,8.416,6.188,0.000,6.414,7.694,9.946,8.910,6.278,7.033,5.854,7.291,10.871,12.443,14.751,13.061,11.764,11.988,14.025,12.951,11.452,14.717,16.198,15.811,16.548,17.030
13.617,11.446,8.447,6.414,0.000,6.336,6.004,4.901,6.795,4.946,7.587,6.130,10.541,11.938,13.001,10.573,9.264,8.882,10.168,8.697,6.864,10.419,11.730,11.604,13.476,14.803
15.158,13.560,9.878,7.694,6.336,0.000,7.870,8.329,7.868,9.838,11.816,10.748,15.228,15.311,15.960,14.608,12.471,11.151,13.137,11.956,8.519,11.574,12.631,11.794,12.867,13.920
17.612,16.142,12.823,9.946,6.004,7.870,0.000,5.260,8.111,9.016,12.860,11.542,15.602,16.591,16.439,14.304,12.651,11.442,12.350,10.679,6.537,9.632,10.123,9.246,11.561,12.982
16.881,14.598,12.503,8.910,4.901,8.329,5.260,0.000,6.408,5.380,10.229,10.560,14.220,16.281,16.764,13.923,12.821,12.720,12.923,10.869,8.185,11.692,12.308,11.412,13.953,14.881
15.311,12.597,11.427,6.278,6.795,7.868,8.111,6.408,0.000,8.996,12.651,12.121,15.454,17.573,18.201,16.333,15.322,15.334,15.962,14.037,11.932,15.404,15.781,14.762,16.492,16.755
13.837,10.653,9.895,7.033,4.946,9.838,9.016,5.380,8.996,0.000,9.857,9.566,12.064,13.953,14.706,12.225,11.755,12.108,12.620,11.010,10.121,13.386,14.384,14.156,16.281,16.783
9.917,6.245,7.219,5.854,7.587,11.816,12.860,10.229,12.651,9.857,0.000,10.107,11.715,13.180,13.765,12.318,12.086,12.708,14.200,13.552,13.064,16.045,17.261,16.935,17.676,17.867
9.962,7.539,5.542,7.291,6.130,10.748,11.542,10.560,12.121,9.566,10.107,0.000,9.576,10.485,10.420,7.859,7.531,8.241,9.876,9.592,10.068,12.604,14.123,14.461,15.991,16.783
9.939,7.625,8.407,10.871,10.541,15.228,15.602,14.220,15.454,12.064,11.715,9.576,0.000,8.615,9.894,8.468,9.312,10.844,12.040,12.258,13.363,15.207,16.577,16.959,17.821,18.083
11.035,9.620,8.913,12.443,11.938,15.311,16.591,16.281,17.573,13.953,13.180,10.485,8.615,0.000,8.922,9.411,8.960,9.839,12.081,12.437,12.910,14.186,16.075,16.472,17.230,18.039
13.162,12.076,10.900,14.751,13.001,15.960,16.439,16.764,18.201,14.706,13.765,10.420,9.894,8.922,0.000,9.412,10.320,8.865,10.096,11.914,13.102,13.382,15.033,16.061,16.867,17.519
13.259,11.964,10.029,13.061,10.573,14.608,14.304,13.923,16.333,12.225,12.318,7.859,8.468,9.411,9.412,0.000,7.837,9.102,7.927,8.578,11.363,12.248,12.943,13.942,16.044,16.784
12.873,11.254,8.508,11.764,9.264,12.471,12.651,12.821,15.322,11.755,12.086,7.531,9.312,8.960,10.320,7.837,0.000,7.227,9.336,7.853,8.838,11.463,12.565,12.769,14.488,16.021
13.719,12.261,8.627,11.988,8.882,11.151,11.442,12.720,15.334,12.108,12.708,8.241,10.844,9.839,8.865,9.102,7.227,0.000,7.063,8.709,7.843,8.540,11.536,12.320,13.150,14.622
15.341,14.205,11.225,14.025,10.168,13.137,12.350,12.923,15.962,12.620,14.200,9.876,12.040,12.081,10.096,7.927,9.336,7.063,0.000,6.407,8.674,7.682,8.846,11.436,12.887,13.679
15.535,14.391,11.635,12.951,8.697,11.956,10.679,10.869,14.037,11.010,13.552,9.592,12.258,12.437,11.914,8.578,7.853,8.709,6.407,0.000,6.794,8.577,8.249,9.017,12.016,13.266
15.863,14.424,11.180,11.452,6.864,8.519,6.537,8.185,11.932,10.121,13.064,10.068,13.363,12.910,13.102,11.363,8.838,7.843,8.674,6.794,0.000,6.569,8.305,7.954,10.138,11.927
17.189,16.686,13.601,14.717,10.419,11.574,9.632,11.692,15.404,13.386,16.045,12.604,15.207,14.186,13.382,12.248,11.463,8.540,7.682,8.577,6.569,0.000,6.331,8.055,9.025,10.767
17.902,17.841,15.353,16.198,11.730,12.631,10.123,12.308,15.781,14.384,17.261,14.123,16.577,16.075,15.033,12.943,12.565,11.536,8.846,8.249,8.305,6.331,0.000,6.305,8.184,9.656
17.647,17.717,15.606,15.811,11.604,11.794,9.246,11.412,14.762,14.156,16.935,14.461,16.959,16.472,16.061,13.942,12.769,12.320,11.436,9.017,7.954,8.055,6.305,0.000,6.419,9.127
17.573,17.768,16.493,16.548,13.476,12.867,11.561,13.953,16.492,16.281,17.676,15.991,17.821,17.230,16.867,16.044,14.488,13.150,12.887,12.016,10.138,9.025,8.184,6.419,0.000,7.394
17.466,17.735,17.034,17.030,14.803,13.920,12.982,14.881,16.755,16.783,17.867,16.783,18.083,18.039,17.519,16.784,16.021,14.622,13.679,13.266,11.927,10.767,9.656,9.127,7.394,0.000