c1,c2,c3,c4,c5,c6,c7,c8,c9,c10,c11,c12,c13,c14,c15,c16,c17,c18,c19,c20,c21,c22,c23,c24,c25,c26
0.000,7.227,8.313,10.840,13.754,15.187,17.744,17.066,15.425,13.989,9.962,10.185,10.407,11.165,13.660,13.637,12.983,14.122,15.882,15.813,15.890,17.376,17.958,17.464,17.419,17.520
7.227,0.000,6.411,8.266,11.554,13.552,16.283,14.649,12.616,10.658,6.144,7.576,7.819,9.406,12.349,11.998,11.027,12.372,14.665,14.429,14.300,16.895,17.861,17.408,17.510,17.765
8.313,6.411,0.000,6.170,8.537,9.967,12.942,12.628,11.495,9.863,7.214,5.458,8.440,8.582,11.116,9.894,8.042,8.501,11.454,11.554,10.841,13.637,15.316,15.028,16.060,17.143
10.840,8.266,6.170,0.000,6.371,7.592,9.952,8.886,6.259,7.012,5.845,7.330,10.982,12.329,15.009,12.850,11.373,11.864,14.317,12.742,11.187,14.930,16.198,15.171,16.061,17.066
13.754,11.554,8.537,6.371,0.000,6.343,6.280,4.910,6.829,4.947,7.630,6.211,10.729,12.020,13.191,10.226,8.904,8.453,10.115,8.084,6.305,10.341,11.477,10.647,12.826,14.804
15.187,13.552,9.967,7.592,6.343,0.000,7.981,8.422,7.971,9.937,11.940,10.897,15.437,15.390,16.334,14.522,12.249,11.062,13.461,11.729,8.379,11.833,12.517,10.862,11.915,13.979
17.744,16.283,12.942,9.952,6.280,7.981,0.000,5.441,8.254,9.111,13.007,11.775,15.981,16.942,16.852,14.309,12.803,11.496,12.592,10.382,6.532,10.157,10.240,8.394,10.792,12.994
17.066,14.649,12.628,8.886,4.910,8.422,5.441,0.000,6.505,5.405,10.312,10.615,14.360,16.478,17.045,13.662,12.721,12.543,12.919,10.439,8.110,12.117,12.259,10.558,13.369,14.903
15.425,12.616,11.495,6.259,6.829,7.971,8.254,6.505,0.000,8.787,13.258,12.252,15.666,17.703,18.379,16.199,15.227,15.311,16.074,13.728,11.895,15.811,15.807,14.094,16.082,16.894
13.989,10.658,9.863,7.012,4.947,9.937,9.111,5.405,8.787,0.000,10.170,9.762,12.181,14.075,14.738,11.759,11.409,11.841,12.552,10.468,9.844,13.549,14.244,13.373,15.788,16.882
9.962,6.144,7.214,5.845,7.630,11.940,13.007,10.312,13.258,10.170,0.000,10.248,12.230,13.261,13.815,12.076,11.655,12.733,14.360,13.183,12.825,16.211,17.288,16.494,17.407,18.047
10.185,7.576,5.458,7.330,6.211,10.897,11.775,10.615,12.252,9.762,10.248,0.000,9.488,10.374,10.281,7.360,6.824,7.697,9.732,9.028,9.516,12.473,13.836,13.738,15.520,16.736
10.407,7.819,8.440,10.982,10.729,15.437,15.981,14.360,15.666,12.181,12.230,9.488,0.000,8.571,9.731,8.339,9.218,10.795,12.160,12.120,13.267,15.334,16.634,16.843,17.750,18.221
11.165,9.406,8.582,12.329,12.020,15.390,16.942,16.478,17.703,14.075,13.261,10.374,8.571,0.000,9.176,9.578,9.066,9.931,12.383,12.518,12.961,14.355,16.378,16.424,17.087,18.086
13.660,12.349,11.116,15.009,13.191,16.334,16.852,17.045,18.379,14.738,13.815,10.281,9.731,9.176,0.000,9.598,10.522,9.158,10.410,11.994,13.207,13.581,15.455,16.229,16.802,17.730
13.637,11.998,9.894,12.850,10.226,14.522,14.309,13.662,16.199,11.759,12.076,7.360,8.339,9.578,9.598,0.000,8.081,9.381,8.180,8.745,11.330,12.203,13.032,13.795,15.913,16.958
12.983,11.027,8.042,11.373,8.904,12.249,12.803,12.721,15.227,11.409,11.655,6.824,9.218,9.066,10.522,8.081,0.000,7.205,9.616,7.749,8.908,11.413,12.520,12.371,14.046,16.071
14.122,12.372,8.501,11.864,8.453,11.062,11.496,12.543,15.311,11.841,12.733,7.697,10.795,9.931,9.158,9.381,7.205,0.000,7.067,8.968,7.796,8.481,11.575,12.011,12.659,14.346
15.882,14.665,11.454,14.317,10.115,13.461,12.592,12.919,16.074,12.552,14.360,9.732,12.160,12.383,10.410,8.180,9.616,7.067,0.000,6.389,8.879,7.547,9.104,11.470,12.703,13.648
15.813,14.429,11.554,12.742,8.084,11.729,10.382,10.439,13.728,10.468,13.183,9.028,12.120,12.518,11.994,8.745,7.749,8.968,6.389,0.000,6.745,8.719,8.221,8.818,12.013,13.328
15.890,14.300,10.841,11.187,6.305,8.379,6.532,8.110,11.895,9.844,12.825,9.516,13.267,12.961,13.207,11.330,8.908,7.796,8.879,6.745,0.000,6.713,8.417,7.525,9.791,11.851
17.376,16.895,13.637,14.930,10.341,11.833,10.157,12.117,15.811,13.549,16.211,12.473,15.334,14.355,13.581,12.203,11.413,8.481,7.547,8.719,6.713,0.000,6.646,8.256,8.504,10.496
17.958,17.861,15.316,16.198,11.477,12.517,10.240,12.259,15.807,14.244,17.288,13.836,16.634,16.378,15.455,13.032,12.520,11.575,9.104,8.221,8.417,6.646,0.000,6.495,8.293,9.651
17.464,17.408,15.028,15.171,10.647,10.862,8.394,10.558,14.094,13.373,16.494,13.738,16.843,16.424,16.229,13.795,12.371,12.011,11.470,8.818,7.525,8.256,6.495,0.000,6.726,9.524
17.419,17.510,16.060,16.061,12.826,11.915,10.792,13.369,16.082,15.788,17.407,15.520,17.750,17.087,16.802,15.913,14.046,12.659,12.703,12.013,9.791,8.504,8.293,6.726,0.000,7.384
17.520,17.765,17.143,17.066,14.804,13.979,12.994,14.903,16.894,16.882,18.047,16.736,18.221,18.086,17.730,16.958,16.071,14.346,13.648,13.328,11.851,10.496,9.651,9.524,7.384,0.000