c1,c2,c3,c4,c5,c6,c7,c8,c9,c10,c11,c12,c13,c14,c15,c16,c17,c18,c19,c20,c21,c22,c23,c24,c25,c26
0.000,6.897,8.282,11.052,13.707,15.256,17.657,16.935,15.546,14.015,10.048,9.967,9.804,10.380,12.761,12.952,13.108,13.842,15.449,15.888,16.285,17.584,17.943,17.752,17.739,17.287
6.897,0.000,6.393,8.467,11.369,13.543,16.078,14.526,12.562,10.540,6.044,7.406,7.412,8.990,11.707,11.342,11.525,12.482,14.235,14.631,14.777,17.226,18.022,17.976,18.060,17.556
8.282,6.393,0.000,6.112,8.423,9.835,12.802,12.420,11.472,9.870,7.202,5.504,8.316,8.582,11.047,9.543,8.838,8.829,11.277,11.806,11.585,14.145,15.596,16.130,16.930,16.886
11.052,8.467,6.112,0.000,6.314,7.687,9.957,8.936,6.327,7.039,5.819,7.319,10.951,12.302,14.898,12.567,12.183,12.095,13.960,13.033,11.788,15.012,16.242,16.155,16.899,16.839
13.707,11.369,8.423,6.314,0.000,6.396,5.880,4.903,6.776,4.922,7.549,6.087,10.602,12.171,13.378,10.222,9.871,8.905,10.072,8.416,7.165,10.589,12.145,12.567,14.460,15.108
15.256,13.543,9.835,7.687,6.396,0.000,7.531,8.384,7.860,9.803,11.765,10.714,15.284,15.491,16.415,14.265,12.987,11.309,13.074,11.829,8.555,11.551,12.250,11.945,13.176,13.917
17.657,16.078,12.802,9.957,5.880,7.531,0.000,5.228,8.117,8.983,12.868,11.524,15.639,16.826,16.770,14.076,13.046,11.267,12.085,10.202,6.348,9.024,9.763,9.688,12.093,13.283
16.935,14.526,12.420,8.936,4.903,8.384,5.228,0.000,6.185,5.304,10.165,10.490,14.190,16.436,16.951,13.477,13.344,12.404,12.580,10.764,8.185,11.409,12.307,12.378,14.678,15.099
15.546,12.562,11.472,6.327,6.776,7.860,8.117,6.185,0.000,8.392,12.021,11.829,15.314,17.562,18.250,15.773,15.720,15.028,15.811,13.889,11.769,15.040,15.605,15.216,16.636,16.660
14.015,10.540,9.870,7.039,4.922,9.803,8.983,5.304,8.392,0.000,8.700,8.873,11.688,13.974,14.671,11.561,12.010,11.667,12.461,10.890,10.058,13.151,14.561,14.944,16.597,16.693
10.048,6.044,7.202,5.819,7.549,11.765,12.868,10.165,12.021,8.700,0.000,9.189,10.897,12.993,13.534,11.493,12.332,12.502,14.180,13.506,13.103,16.089,17.201,17.162,17.619,17.588
9.967,7.406,5.504,7.319,6.087,10.714,11.524,10.490,11.829,8.873,9.189,0.000,8.829,10.225,10.352,7.305,7.726,7.950,10.032,9.701,10.442,12.833,14.422,15.208,16.402,16.768
9.804,7.412,8.316,10.951,10.602,15.284,15.639,14.190,15.314,11.688,10.897,8.829,0.000,8.394,9.018,7.912,9.615,10.754,12.253,12.489,13.767,15.553,16.937,17.160,17.742,17.873
10.380,8.990,8.582,12.302,12.171,15.491,16.826,16.436,17.562,13.974,12.993,10.225,8.394,0.000,8.802,9.210,9.605,10.558,12.943,13.118,14.047,15.398,16.973,17.122,17.572,17.817
12.761,11.707,11.047,14.898,13.378,16.415,16.770,16.951,18.250,14.671,13.534,10.352,9.018,8.802,0.000,9.192,10.087,9.926,11.263,12.634,14.197,15.022,16.501,16.966,17.440,17.703
12.952,11.342,9.543,12.567,10.222,14.265,14.076,13.477,15.773,11.561,11.493,7.305,7.912,9.210,9.192,0.000,7.662,8.830,8.482,9.266,11.907,12.867,14.162,14.967,16.409,16.827
13.108,11.525,8.838,12.183,9.871,12.987,13.046,13.344,15.720,12.010,12.332,7.726,9.615,9.605,10.087,7.662,0.000,7.145,9.037,8.659,10.612,12.497,13.879,14.422,15.538,16.474
13.842,12.482,8.829,12.095,8.905,11.309,11.267,12.404,15.028,11.667,12.502,7.950,10.754,10.558,9.926,8.830,7.145,0.000,7.042,8.541,8.581,9.836,12.344,13.292,14.195,15.118
15.449,14.235,11.277,13.960,10.072,13.074,12.085,12.580,15.811,12.461,14.180,10.032,12.253,12.943,11.263,8.482,9.037,7.042,0.000,6.455,8.703,8.552,10.525,12.556,13.895,14.736
15.888,14.631,11.806,13.033,8.416,11.829,10.202,10.764,13.889,10.890,13.506,9.701,12.489,13.118,12.634,9.266,8.659,8.541,6.455,0.000,6.802,8.525,9.553,11.167,13.300,14.402
16.285,14.777,11.585,11.788,7.165,8.555,6.348,8.185,11.769,10.058,13.103,10.442,13.767,14.047,14.197,11.907,10.612,8.581,8.703,6.802,0.000,6.829,8.322,9.074,11.152,12.548
17.584,17.226,14.145,15.012,10.589,11.551,9.024,11.409,15.040,13.151,16.089,12.833,15.553,15.398,15.022,12.867,12.497,9.836,8.552,8.525,6.829,0.000,6.804,8.501,9.742,11.300
17.943,18.022,15.596,16.242,12.145,12.250,9.763,12.307,15.605,14.561,17.201,14.422,16.937,16.973,16.501,14.162,13.879,12.344,10.525,9.553,8.322,6.804,0.000,6.563,8.239,9.771
17.752,17.976,16.130,16.155,12.567,11.945,9.688,12.378,15.216,14.944,17.162,15.208,17.160,17.122,16.966,14.967,14.422,13.292,12.556,11.167,9.074,8.501,6.563,0.000,6.936,9.182
17.739,18.060,16.930,16.899,14.460,13.176,12.093,14.678,16.636,16.597,17.619,16.402,17.742,17.572,17.440,16.409,15.538,14.195,13.895,13.300,11.152,9.742,8.239,6.936,0.000,7.719
17.287,17.556,16.886,16.839,15.108,13.917,13.283,15.099,16.660,16.693,17.588,16.768,17.873,17.817,17.703,16.827,16.474,15.118,14.736,14.402,12.548,11.300,9.771,9.182,7.719,0.000