c1,c2,c3,c4,c5,c6,c7,c8,c9,c10,c11,c12,c13,c14,c15,c16,c17,c18,c19,c20,c21,c22,c23,c24,c25,c26
0.000,6.775,7.881,10.756,13.385,15.078,17.560,16.693,15.366,13.772,9.893,9.766,9.470,10.240,12.332,12.654,12.998,13.414,15.099,15.400,15.521,16.333,17.323,17.322,17.282,17.230
6.775,0.000,6.196,8.258,11.329,13.513,15.980,14.363,12.567,10.511,6.083,7.370,7.347,9.351,11.561,11.634,12.089,12.335,14.406,14.877,14.887,16.214,17.430,17.566,17.559,17.622
7.881,6.196,0.000,6.052,8.128,9.944,12.702,12.214,11.348,9.835,7.200,5.451,8.266,8.860,10.916,9.959,9.777,9.281,11.908,12.111,11.868,13.779,15.363,15.659,16.433,17.268
10.756,8.258,6.052,0.000,6.120,7.454,9.929,8.883,6.360,7.046,5.780,7.303,10.765,12.239,14.479,12.701,13.030,12.464,15.001,14.425,13.891,15.977,17.250,17.051,17.239,17.515
13.385,11.329,8.128,6.120,0.000,6.155,5.658,4.849,6.827,4.907,7.576,5.996,10.302,11.868,13.020,10.369,10.722,9.991,12.111,11.052,10.582,13.076,14.336,13.920,15.033,16.277
15.078,13.513,9.944,7.454,6.155,0.000,7.456,8.192,7.795,9.693,11.568,10.554,14.941,15.328,16.045,14.159,13.564,12.245,14.614,13.493,12.020,13.824,14.887,14.046,14.495,15.898
17.560,15.980,12.702,9.929,5.658,7.456,0.000,5.181,7.983,8.929,12.676,11.209,15.264,16.397,16.337,13.940,13.456,12.326,14.129,12.806,10.932,12.903,13.662,12.816,13.635,15.136
16.693,14.363,12.214,8.883,4.849,8.192,5.181,0.000,5.939,5.100,10.014,10.108,13.814,16.031,16.355,13.356,13.274,12.990,14.528,13.307,12.062,14.194,14.937,13.900,15.045,15.888
15.366,12.567,11.348,6.360,6.827,7.795,7.983,5.939,0.000,7.560,11.148,11.579,15.044,17.379,17.892,15.557,15.570,15.447,17.017,15.846,15.073,17.027,17.233,16.253,17.096,17.249
13.772,10.511,9.835,7.046,4.907,9.693,8.929,5.100,7.560,0.000,8.712,8.616,11.222,13.643,14.205,11.437,11.966,11.986,13.704,12.824,12.829,15.211,15.812,15.451,16.584,17.191
9.893,6.083,7.200,5.780,7.576,11.568,12.676,10.014,11.148,8.712,0.000,9.082,10.782,12.473,12.900,11.243,12.022,12.388,14.324,14.512,14.940,16.554,17.630,17.458,17.830,17.880
9.766,7.370,5.451,7.303,5.996,10.554,11.209,10.108,11.579,8.616,9.082,0.000,9.092,10.410,9.888,7.375,8.091,8.430,10.462,10.726,11.473,13.396,14.508,15.030,16.365,17.211
9.470,7.347,8.266,10.765,10.302,14.941,15.264,13.814,15.044,11.222,10.782,9.092,0.000,8.364,8.805,7.732,9.135,10.226,11.614,12.151,13.252,14.679,15.820,16.849,18.148,18.188
10.240,9.351,8.860,12.239,11.868,15.328,16.397,16.031,17.379,13.643,12.473,10.410,8.364,0.000,8.236,8.575,8.281,9.177,11.122,11.895,12.103,13.306,15.349,16.063,16.938,18.090
12.332,11.561,10.916,14.479,13.020,16.045,16.337,16.355,17.892,14.205,12.900,9.888,8.805,8.236,0.000,7.853,9.048,7.943,8.659,10.868,11.870,11.661,13.412,15.497,16.292,17.058
12.654,11.634,9.959,12.701,10.369,14.159,13.940,13.356,15.557,11.437,11.243,7.375,7.732,8.575,7.853,0.000,7.023,8.598,7.052,7.643,10.416,11.094,11.290,13.089,15.342,16.251
12.998,12.089,9.777,13.030,10.722,13.564,13.456,13.274,15.570,11.966,12.022,8.091,9.135,8.281,9.048,7.023,0.000,6.399,8.453,6.706,7.466,10.216,11.286,11.625,13.405,15.577
13.414,12.335,9.281,12.464,9.991,12.245,12.326,12.990,15.447,11.986,12.388,8.430,10.226,9.177,7.943,8.598,6.399,0.000,6.185,8.114,6.413,6.987,10.142,11.351,11.620,13.526
15.099,14.406,11.908,15.001,12.111,14.614,14.129,14.528,17.017,13.704,14.324,10.462,11.614,11.122,8.659,7.052,8.453,6.185,0.000,5.929,7.971,6.357,7.034,10.347,11.652,12.037
15.400,14.877,12.111,14.425,11.052,13.493,12.806,13.307,15.846,12.824,14.512,10.726,12.151,11.895,10.868,7.643,6.706,8.114,5.929,0.000,6.029,7.883,6.589,7.736,11.178,12.262
15.521,14.887,11.868,13.891,10.582,12.020,10.932,12.062,15.073,12.829,14.940,11.473,13.252,12.103,11.870,10.416,7.466,6.413,7.971,6.029,0.000,5.965,7.694,6.805,8.411,10.983
16.333,16.214,13.779,15.977,13.076,13.824,12.903,14.194,17.027,15.211,16.554,13.396,14.679,13.306,11.661,11.094,10.216,6.987,6.357,7.883,5.965,0.000,5.941,7.644,7.465,8.954
17.323,17.430,15.363,17.250,14.336,14.887,13.662,14.937,17.233,15.812,17.630,14.508,15.820,15.349,13.412,11.290,11.286,10.142,7.034,6.589,7.694,5.941,0.000,5.886,7.683,8.022
17.322,17.566,15.659,17.051,13.920,14.046,12.816,13.900,16.253,15.451,17.458,15.030,16.849,16.063,15.497,13.089,11.625,11.351,10.347,7.736,6.805,7.644,5.886,0.000,5.899,8.142
17.282,17.559,16.433,17.239,15.033,14.495,13.635,15.045,17.096,16.584,17.830,16.365,18.148,16.938,16.292,15.342,13.405,11.620,11.652,11.178,8.411,7.465,7.683,5.899,0.000,6.301
17.230,17.622,17.268,17.515,16.277,15.898,15.136,15.888,17.249,17.191,17.880,17.211,18.188,18.090,17.058,16.251,15.577,13.526,12.037,12.262,10.983,8.954,8.022,8.142,6.301,0.000