c1,c2,c3,c4,c5,c6,c7,c8,c9,c10,c11,c12,c13,c14,c15,c16,c17,c18,c19,c20,c21,c22,c23,c24,c25,c26
0.000,6.945,8.161,10.697,13.556,15.067,17.486,16.741,15.166,13.791,9.875,9.890,10.038,11.185,13.304,13.382,13.050,13.899,15.471,15.649,16.000,17.313,17.894,17.705,17.636,17.432
6.945,0.000,6.333,8.330,11.440,13.545,16.125,14.585,12.558,10.651,6.219,7.535,7.741,9.668,12.106,11.933,11.339,12.506,14.372,14.457,14.511,16.867,17.828,17.874,17.920,17.713
8.161,6.333,0.000,6.179,8.509,9.906,12.852,12.523,11.415,9.881,7.202,5.485,8.352,8.923,11.006,9.937,8.578,8.933,11.417,11.627,11.293,13.857,15.400,15.964,16.795,17.161
10.697,8.330,6.179,0.000,6.380,7.703,9.940,8.907,6.253,7.012,5.832,7.258,10.834,12.419,14.707,12.888,11.705,12.134,14.055,12.769,11.490,14.727,16.081,16.030,16.751,17.105
13.556,11.440,8.509,6.380,0.000,6.392,5.953,4.910,6.785,4.942,7.578,6.102,10.500,11.991,13.049,10.419,9.301,9.099,10.288,8.441,6.995,10.444,11.814,12.175,14.093,15.258
15.067,13.545,9.906,7.703,6.392,0.000,7.669,8.328,7.864,9.830,11.789,10.708,15.186,15.366,16.043,14.453,12.401,11.347,13.235,11.647,8.379,11.318,12.216,11.758,12.970,14.178
17.486,16.125,12.852,9.940,5.953,7.669,0.000,5.223,8.112,8.985,12.846,11.480,15.544,16.597,16.457,14.151,12.591,11.527,12.390,10.326,6.380,9.261,9.830,9.570,12.000,13.486
16.741,14.585,12.523,8.907,4.910,8.328,5.223,0.000,6.344,5.321,10.182,10.497,14.145,16.271,16.679,13.677,12.810,12.731,12.885,10.564,8.136,11.561,12.172,12.007,14.397,15.337
15.166,12.558,11.415,6.253,6.785,7.864,8.112,6.344,0.000,8.522,12.324,11.972,15.338,17.534,18.137,16.060,15.290,15.331,15.933,13.769,11.799,15.239,15.560,15.071,16.591,16.881
13.791,10.651,9.881,7.012,4.942,9.830,8.985,5.321,8.522,0.000,9.248,9.264,11.858,13.911,14.618,11.944,11.729,12.116,12.627,10.715,10.031,13.335,14.469,14.648,16.489,16.923
9.875,6.219,7.202,5.832,7.578,11.789,12.846,10.182,12.324,9.248,0.000,9.691,11.389,13.066,13.635,12.116,12.124,12.863,14.266,13.358,13.101,16.076,17.163,17.066,17.576,17.746
9.890,7.535,5.485,7.258,6.102,10.708,11.480,10.497,11.972,9.264,9.691,0.000,9.338,10.425,10.422,7.808,7.618,8.459,10.062,9.589,10.262,12.785,14.222,14.826,16.102,16.795
10.038,7.741,8.352,10.834,10.500,15.186,15.544,14.145,15.338,11.858,11.389,9.338,0.000,8.534,9.617,8.478,9.426,10.903,12.067,12.188,13.414,15.390,16.642,17.043,17.721,17.987
11.185,9.668,8.923,12.419,11.991,15.366,16.597,16.271,17.534,13.911,13.066,10.425,8.534,0.000,8.931,9.466,9.127,10.102,12.404,12.568,13.209,14.635,16.287,16.687,17.234,17.975
13.304,12.106,11.006,14.707,13.049,16.043,16.457,16.679,18.137,14.618,13.635,10.422,9.617,8.931,0.000,9.593,10.244,9.081,10.362,11.995,13.281,13.912,15.454,16.339,16.880,17.499
13.382,11.933,9.937,12.888,10.419,14.453,14.151,13.677,16.060,11.944,12.116,7.808,8.478,9.466,9.593,0.000,8.098,9.115,8.216,8.746,11.487,12.452,13.355,14.465,16.109,16.788
13.050,11.339,8.578,11.705,9.301,12.401,12.591,12.810,15.290,11.729,12.124,7.618,9.426,9.127,10.244,8.098,0.000,7.414,9.321,7.945,9.083,11.677,12.763,13.252,14.617,16.090
13.899,12.506,8.933,12.134,9.099,11.347,11.527,12.731,15.331,12.116,12.863,8.459,10.903,10.102,9.081,9.115,7.414,0.000,7.143,8.728,8.072,8.859,11.684,12.667,13.283,14.775
15.471,14.372,11.417,14.055,10.288,13.235,12.390,12.885,15.933,12.627,14.266,10.062,12.067,12.404,10.362,8.216,9.321,7.143,0.000,6.542,8.862,8.085,9.380,11.974,13.194,14.048
15.649,14.457,11.627,12.769,8.441,11.647,10.326,10.564,13.769,10.715,13.358,9.589,12.188,12.568,11.995,8.746,7.945,8.728,6.542,0.000,6.954,8.689,8.805,10.202,12.585,14.039
16.000,14.511,11.293,11.490,6.995,8.379,6.380,8.136,11.799,10.031,13.101,10.262,13.414,13.209,13.281,11.487,9.083,8.072,8.862,6.954,0.000,6.891,8.342,8.726,10.431,12.406
17.313,16.867,13.857,14.727,10.444,11.318,9.261,11.561,15.239,13.335,16.076,12.785,15.390,14.635,13.912,12.452,11.677,8.859,8.085,8.689,6.891,0.000,6.683,8.401,9.057,10.847
17.894,17.828,15.400,16.081,11.814,12.216,9.830,12.172,15.560,14.469,17.163,14.222,16.642,16.287,15.454,13.355,12.763,11.684,9.380,8.805,8.342,6.683,0.000,6.368,8.161,9.584
17.705,17.874,15.964,16.030,12.175,11.758,9.570,12.007,15.071,14.648,17.066,14.826,17.043,16.687,16.339,14.465,13.252,12.667,11.974,10.202,8.726,8.401,6.368,0.000,6.600,9.092
17.636,17.920,16.795,16.751,14.093,12.970,12.000,14.397,16.591,16.489,17.576,16.102,17.721,17.234,16.880,16.109,14.617,13.283,13.194,12.585,10.431,9.057,8.161,6.600,0.000,7.580
17.432,17.713,17.161,17.105,15.258,14.178,13.486,15.337,16.881,16.923,17.746,16.795,17.987,17.975,17.499,16.788,16.090,14.775,14.048,14.039,12.406,10.847,9.584,9.092,7.580,0.000