c1,c2,c3,c4,c5,c6,c7,c8,c9,c10,c11,c12,c13,c14,c15,c16,c17,c18,c19,c20,c21,c22,c23,c24,c25,c26
0.000,7.033,8.251,10.953,13.721,15.228,17.732,17.033,15.479,13.976,10.096,10.031,10.097,11.034,13.102,13.380,13.003,13.744,15.451,15.815,16.004,17.222,17.899,17.635,17.690,17.281
7.033,0.000,6.371,8.403,11.425,13.571,16.154,14.611,12.570,10.645,6.269,7.524,7.577,9.500,11.957,11.957,11.383,12.327,14.302,14.597,14.504,16.639,17.856,17.753,17.984,17.546
8.251,6.371,0.000,6.177,8.423,9.889,12.838,12.531,11.463,9.892,7.235,5.545,8.440,8.841,10.858,10.182,8.778,8.764,11.458,11.859,11.446,13.602,15.441,15.747,16.682,16.733
10.953,8.403,6.177,0.000,6.423,7.735,9.945,8.945,6.277,7.044,5.844,7.302,10.875,12.383,14.729,13.185,11.864,11.998,14.367,13.321,11.763,14.772,16.500,16.129,16.762,16.772
13.721,11.425,8.423,6.423,0.000,6.406,5.992,4.916,6.795,4.936,7.588,6.120,10.532,11.889,12.875,10.522,9.250,8.748,10.459,9.039,7.295,10.445,12.160,12.164,13.897,14.786
15.228,13.571,9.889,7.735,6.406,0.000,7.859,8.370,7.842,9.818,11.801,10.761,15.216,15.293,15.840,14.558,12.541,11.153,13.366,12.372,8.842,11.446,12.838,12.358,13.197,14.074
17.732,16.154,12.838,9.945,5.992,7.859,0.000,5.210,8.121,9.015,12.873,11.570,15.673,16.618,16.386,14.278,12.573,11.347,12.499,10.775,6.597,9.288,10.345,9.923,11.875,13.194
17.033,14.611,12.531,8.945,4.916,8.370,5.210,0.000,6.365,5.385,10.208,10.495,14.173,16.230,16.662,13.863,12.683,12.517,13.116,11.040,8.142,11.423,12.516,11.947,14.100,14.908
15.479,12.570,11.463,6.277,6.795,7.842,8.121,6.365,0.000,8.951,12.556,12.161,15.457,17.526,18.145,16.324,15.219,15.232,16.255,14.154,12.011,15.286,16.132,15.192,16.621,16.760
13.976,10.645,9.892,7.044,4.936,9.818,9.015,5.385,8.951,0.000,9.726,9.545,12.081,13.983,14.616,12.144,11.493,11.920,12.776,10.846,9.958,13.130,14.523,14.376,16.269,16.523
10.096,6.269,7.235,5.844,7.588,11.801,12.873,10.208,12.556,9.726,0.000,9.921,11.606,13.128,13.726,12.434,11.898,12.727,14.346,13.574,13.162,15.968,17.423,17.063,17.621,17.597
10.031,7.524,5.545,7.302,6.120,10.761,11.570,10.495,12.161,9.545,9.921,0.000,9.619,10.693,10.750,8.110,7.491,8.342,10.144,9.709,10.351,12.633,14.326,14.654,16.139,16.529
10.097,7.577,8.440,10.875,10.532,15.216,15.673,14.173,15.457,12.081,11.606,9.619,0.000,8.744,10.047,8.845,9.399,10.856,12.088,12.172,13.348,15.194,16.669,17.038,17.904,17.845
11.034,9.500,8.841,12.383,11.889,15.293,16.618,16.230,17.526,13.983,13.128,10.693,8.744,0.000,8.974,9.649,9.068,9.860,12.158,12.466,12.846,14.211,16.017,16.480,17.292,17.790
13.102,11.957,10.858,14.729,12.875,15.840,16.386,16.662,18.145,14.616,13.726,10.750,10.047,8.974,0.000,9.550,10.334,8.837,9.948,11.829,13.019,13.313,14.949,16.016,16.799,17.307
13.380,11.957,10.182,13.185,10.522,14.558,14.278,13.863,16.324,12.144,12.434,8.110,8.845,9.649,9.550,0.000,7.766,9.269,7.812,8.388,11.258,12.077,12.976,13.891,16.001,16.514
13.003,11.383,8.778,11.864,9.250,12.541,12.573,12.683,15.219,11.493,11.898,7.491,9.399,9.068,10.334,7.766,0.000,7.300,9.380,7.618,8.614,11.301,12.527,12.785,14.629,15.807
13.744,12.327,8.764,11.998,8.748,11.153,11.347,12.517,15.232,11.920,12.727,8.342,10.856,9.860,8.837,9.269,7.300,0.000,6.895,8.703,7.521,8.301,11.260,12.208,13.286,14.280
15.451,14.302,11.458,14.367,10.459,13.366,12.499,13.116,16.255,12.776,14.346,10.144,12.088,12.158,9.948,7.812,9.380,6.895,0.000,6.400,8.636,7.663,8.951,11.371,13.016,13.374
15.815,14.597,11.859,13.321,9.039,12.372,10.775,11.040,14.154,10.846,13.574,9.709,12.172,12.466,11.829,8.388,7.618,8.703,6.400,0.000,6.494,8.477,8.192,9.233,12.053,12.979
16.004,14.504,11.446,11.763,7.295,8.842,6.597,8.142,12.011,9.958,13.162,10.351,13.348,12.846,13.019,11.258,8.614,7.521,8.636,6.494,0.000,6.337,8.227,8.257,10.448,11.762
17.222,16.639,13.602,14.772,10.445,11.446,9.288,11.423,15.286,13.130,15.968,12.633,15.194,14.211,13.313,12.077,11.301,8.301,7.663,8.477,6.337,0.000,6.176,8.109,9.331,10.582
17.899,17.856,15.441,16.500,12.160,12.838,10.345,12.516,16.132,14.523,17.423,14.326,16.669,16.017,14.949,12.976,12.527,11.260,8.951,8.192,8.227,6.176,0.000,6.356,8.128,9.300
17.635,17.753,15.747,16.129,12.164,12.358,9.923,11.947,15.192,14.376,17.063,14.654,17.038,16.480,16.016,13.891,12.785,12.208,11.371,9.233,8.257,8.109,6.356,0.000,6.663,9.121
17.690,17.984,16.682,16.762,13.897,13.197,11.875,14.100,16.621,16.269,17.621,16.139,17.904,17.292,16.799,16.001,14.629,13.286,13.016,12.053,10.448,9.331,8.128,6.663,0.000,7.533
17.281,17.546,16.733,16.772,14.786,14.074,13.194,14.908,16.760,16.523,17.597,16.529,17.845,17.790,17.307,16.514,15.807,14.280,13.374,12.979,11.762,10.582,9.300,9.121,7.533,0.000