c1,c2,c3,c4,c5,c6,c7,c8,c9,c10,c11,c12,c13,c14,c15,c16,c17,c18,c19,c20,c21,c22,c23,c24,c25,c26
0.000,6.976,8.173,10.913,13.645,15.146,17.598,16.830,15.358,13.897,10.067,9.995,10.168,11.140,13.227,13.317,13.041,13.768,15.405,15.605,15.716,16.997,17.743,17.576,17.533,17.378
6.976,0.000,6.328,8.375,11.442,13.579,16.099,14.529,12.550,10.631,6.236,7.533,7.698,9.559,12.000,11.790,11.375,12.286,14.246,14.416,14.368,16.555,17.600,17.654,17.836,17.709
8.173,6.328,0.000,6.234,8.477,9.924,12.820,12.472,11.459,9.871,7.223,5.517,8.456,8.908,11.023,10.064,8.925,8.831,11.501,11.839,11.473,13.624,15.246,15.667,16.521,16.960
10.913,8.375,6.234,0.000,6.461,7.707,9.908,8.923,6.297,7.037,5.830,7.288,10.839,12.351,14.710,12.854,11.872,12.002,14.282,13.185,11.786,14.800,16.301,15.900,16.554,16.938
13.645,11.442,8.477,6.461,0.000,6.419,5.842,4.908,6.791,4.939,7.595,6.138,10.527,11.936,12.988,10.387,9.516,8.848,10.595,9.074,7.422,10.463,12.007,11.919,13.781,15.114
15.146,13.579,9.924,7.707,6.419,0.000,7.636,8.301,7.834,9.818,11.773,10.745,15.183,15.350,16.114,14.490,12.671,11.361,13.566,12.356,8.918,11.630,12.794,12.096,13.059,14.334
17.598,16.099,12.820,9.908,5.842,7.636,0.000,5.210,8.157,8.988,12.852,11.533,15.603,16.642,16.499,14.132,12.770,11.509,12.704,10.923,6.985,9.536,10.483,9.675,11.790,13.443
16.830,14.529,12.472,8.923,4.908,8.301,5.210,0.000,6.293,5.375,10.194,10.478,14.146,16.224,16.639,13.593,12.800,12.579,13.119,10.969,8.489,11.733,12.488,11.629,13.847,15.148
15.358,12.550,11.459,6.297,6.791,7.834,8.157,6.293,0.000,8.657,12.371,12.025,15.364,17.500,18.131,16.012,15.346,15.304,16.101,14.085,12.161,15.406,15.980,14.905,16.430,16.963
13.897,10.631,9.871,7.037,4.939,9.818,8.988,5.375,8.657,0.000,9.442,9.537,11.958,13.939,14.564,11.881,11.734,11.983,12.799,10.977,10.327,13.407,14.636,14.226,16.238,16.921
10.067,6.236,7.223,5.830,7.595,11.773,12.852,10.194,12.371,9.442,0.000,9.924,11.517,13.035,13.696,12.174,12.026,12.852,14.347,13.480,13.325,16.053,17.272,16.937,17.561,17.855
9.995,7.533,5.517,7.288,6.138,10.745,11.533,10.478,12.025,9.537,9.924,0.000,9.859,10.769,10.658,7.946,7.717,8.438,10.119,9.651,10.379,12.720,14.089,14.440,16.075,16.813
10.168,7.698,8.456,10.839,10.527,15.183,15.603,14.146,15.364,11.958,11.517,9.859,0.000,8.995,10.096,8.829,9.598,10.913,11.982,12.175,13.239,15.167,16.396,16.926,17.851,18.086
11.140,9.559,8.908,12.351,11.936,15.350,16.642,16.224,17.500,13.939,13.035,10.769,8.995,0.000,9.338,9.780,9.144,10.037,12.148,12.361,12.703,14.148,15.834,16.387,17.107,18.038
13.227,12.000,11.023,14.710,12.988,16.114,16.499,16.639,18.131,14.564,13.696,10.658,10.096,9.338,0.000,9.859,10.344,9.034,10.051,11.787,12.841,13.251,14.676,15.955,16.644,17.428
13.317,11.790,10.064,12.854,10.387,14.490,14.132,13.593,16.012,11.881,12.174,7.946,8.829,9.780,9.859,0.000,8.067,9.514,8.026,8.594,11.181,12.063,12.553,13.913,15.959,16.707
13.041,11.375,8.925,11.872,9.516,12.671,12.770,12.800,15.346,11.734,12.026,7.717,9.598,9.144,10.344,8.067,0.000,7.549,9.618,7.762,8.723,11.286,12.241,12.509,14.299,15.935
13.768,12.286,8.831,12.002,8.848,11.361,11.509,12.579,15.304,11.983,12.852,8.438,10.913,10.037,9.034,9.514,7.549,0.000,7.282,9.103,7.648,8.442,11.122,12.173,13.001,14.520
15.405,14.246,11.501,14.282,10.595,13.566,12.704,13.119,16.101,12.799,14.347,10.119,11.982,12.148,10.051,8.026,9.618,7.282,0.000,6.632,8.987,7.836,8.644,11.395,12.827,13.581
15.605,14.416,11.839,13.185,9.074,12.356,10.923,10.969,14.085,10.977,13.480,9.651,12.175,12.361,11.787,8.594,7.762,9.103,6.632,0.000,6.908,8.809,7.928,9.185,11.887,13.229
15.716,14.368,11.473,11.786,7.422,8.918,6.985,8.489,12.161,10.327,13.325,10.379,13.239,12.703,12.841,11.181,8.723,7.648,8.987,6.908,0.000,6.865,8.447,8.185,9.977,11.946
16.997,16.555,13.624,14.800,10.463,11.630,9.536,11.733,15.406,13.407,16.053,12.720,15.167,14.148,13.251,12.063,11.286,8.442,7.836,8.809,6.865,0.000,6.735,8.325,8.758,10.451
17.743,17.600,15.246,16.301,12.007,12.794,10.483,12.488,15.980,14.636,17.272,14.089,16.396,15.834,14.676,12.553,12.241,11.122,8.644,7.928,8.447,6.735,0.000,6.434,8.158,9.441
17.576,17.654,15.667,15.900,11.919,12.096,9.675,11.629,14.905,14.226,16.937,14.440,16.926,16.387,15.955,13.913,12.509,12.173,11.395,9.185,8.185,8.325,6.434,0.000,6.741,9.181
17.533,17.836,16.521,16.554,13.781,13.059,11.790,13.847,16.430,16.238,17.561,16.075,17.851,17.107,16.644,15.959,14.299,13.001,12.827,11.887,9.977,8.758,8.158,6.741,0.000,7.502
17.378,17.709,16.960,16.938,15.114,14.334,13.443,15.148,16.963,16.921,17.855,16.813,18.086,18.038,17.428,16.707,15.935,14.520,13.581,13.229,11.946,10.451,9.441,9.181,7.502,0.000