c1,c2,c3,c4,c5,c6,c7,c8,c9,c10,c11,c12,c13,c14,c15,c16,c17,c18,c19,c20,c21,c22,c23,c24,c25,c26
0.000,6.917,8.169,10.860,13.622,15.198,17.601,16.944,15.329,13.943,10.087,9.994,10.244,11.060,13.330,13.496,13.105,13.909,15.648,15.837,16.213,17.358,17.887,17.799,17.574,17.406
6.917,0.000,6.348,8.373,11.356,13.627,16.142,14.639,12.562,10.669,6.297,7.567,7.737,9.558,12.104,11.940,11.444,12.491,14.494,14.577,14.721,16.867,17.696,17.977,17.919,17.708
8.169,6.348,0.000,6.183,8.472,9.940,12.816,12.590,11.384,9.874,7.226,5.503,8.479,8.824,11.130,10.153,8.730,9.031,11.678,11.854,11.653,13.885,15.501,16.064,16.628,17.041
10.860,8.373,6.183,0.000,6.529,7.808,9.948,8.972,6.244,7.023,5.862,7.281,10.898,12.352,14.824,13.030,11.774,12.135,14.387,13.191,11.910,14.807,16.433,16.299,16.573,16.870
13.622,11.356,8.472,6.529,0.000,6.494,5.970,4.963,6.803,4.938,7.588,6.063,10.471,11.801,12.907,10.269,9.116,8.697,10.309,8.655,7.393,10.380,12.227,12.659,14.138,15.284
15.198,13.627,9.940,7.808,6.494,0.000,7.764,8.310,7.807,9.765,11.782,10.727,15.213,15.297,16.090,14.470,12.559,11.320,13.362,12.108,8.740,11.182,12.352,12.041,12.843,14.235
17.601,16.142,12.816,9.948,5.970,7.764,0.000,5.172,8.061,8.969,12.834,11.456,15.482,16.533,16.400,13.994,12.430,11.282,12.307,10.427,6.460,8.868,10.079,9.851,11.724,13.399
16.944,14.639,12.590,8.972,4.963,8.310,5.172,0.000,6.297,5.272,10.198,10.488,14.122,16.265,16.622,13.648,12.610,12.572,12.888,10.775,8.366,11.275,12.398,12.437,14.167,15.307
15.329,12.562,11.384,6.244,6.803,7.807,8.061,6.297,0.000,8.340,12.341,12.076,15.380,17.541,18.181,16.071,15.208,15.277,16.102,14.120,12.167,15.159,15.944,15.419,16.449,16.943
13.943,10.669,9.874,7.023,4.938,9.765,8.969,5.272,8.340,0.000,9.485,9.577,11.991,13.978,14.592,11.879,11.476,11.910,12.604,10.802,10.116,13.123,14.575,15.026,16.350,17.049
10.087,6.297,7.226,5.862,7.588,11.782,12.834,10.198,12.341,9.485,0.000,9.671,11.374,13.196,13.676,12.111,11.905,12.823,14.190,13.363,13.282,15.909,17.302,17.263,17.382,17.806
9.994,7.567,5.503,7.281,6.063,10.727,11.456,10.488,12.076,9.577,9.671,0.000,9.417,10.658,10.658,7.892,7.418,8.277,9.965,9.461,10.405,12.637,14.263,15.035,16.174,16.870
10.244,7.737,8.479,10.898,10.471,15.213,15.482,14.122,15.380,11.991,11.374,9.417,0.000,8.637,9.719,8.673,9.362,10.773,11.986,12.029,13.438,15.329,16.619,17.104,17.801,18.118
11.060,9.558,8.824,12.352,11.801,15.297,16.533,16.265,17.541,13.978,13.196,10.658,8.637,0.000,8.968,9.719,9.126,9.841,12.222,12.339,12.944,14.429,16.137,16.597,17.168,18.085
13.330,12.104,11.130,14.824,12.907,16.090,16.400,16.622,18.181,14.592,13.676,10.658,9.719,8.968,0.000,9.638,10.202,8.947,10.056,11.741,13.070,13.646,15.136,16.244,16.744,17.512
13.496,11.940,10.153,13.030,10.269,14.470,13.994,13.648,16.071,11.879,12.111,7.892,8.673,9.719,9.638,0.000,7.833,9.096,7.928,8.391,11.179,12.183,13.059,14.467,16.019,16.790
13.105,11.444,8.730,11.774,9.116,12.559,12.430,12.610,15.208,11.476,11.905,7.418,9.362,9.126,10.202,7.833,0.000,7.041,9.158,7.556,8.635,11.345,12.511,13.366,14.583,16.162
13.909,12.491,9.031,12.135,8.697,11.320,11.282,12.572,15.277,11.910,12.823,8.277,10.773,9.841,8.947,9.096,7.041,0.000,6.618,8.607,7.636,8.426,11.335,12.715,13.289,14.838
15.648,14.494,11.678,14.387,10.309,13.362,12.307,12.888,16.102,12.604,14.190,9.965,11.986,12.222,10.056,7.928,9.158,6.618,0.000,6.278,8.566,7.786,9.056,12.022,13.178,14.044
15.837,14.577,11.854,13.191,8.655,12.108,10.427,10.775,14.120,10.802,13.363,9.461,12.029,12.339,11.741,8.391,7.556,8.607,6.278,0.000,6.368,8.443,8.335,10.245,12.442,13.941
16.213,14.721,11.653,11.910,7.393,8.740,6.460,8.366,12.167,10.116,13.282,10.405,13.438,12.944,13.070,11.179,8.635,7.636,8.566,6.368,0.000,6.278,8.134,8.866,10.395,12.498
17.358,16.867,13.885,14.807,10.380,11.182,8.868,11.275,15.159,13.123,15.909,12.637,15.329,14.429,13.646,12.183,11.345,8.426,7.786,8.443,6.278,0.000,6.259,8.333,9.065,10.936
17.887,17.696,15.501,16.433,12.227,12.352,10.079,12.398,15.944,14.575,17.302,14.263,16.619,16.137,15.136,13.059,12.511,11.335,9.056,8.335,8.134,6.259,0.000,6.247,8.060,9.593
17.799,17.977,16.064,16.299,12.659,12.041,9.851,12.437,15.419,15.026,17.263,15.035,17.104,16.597,16.244,14.467,13.366,12.715,12.022,10.245,8.866,8.333,6.247,0.000,6.596,9.134
17.574,17.919,16.628,16.573,14.138,12.843,11.724,14.167,16.449,16.350,17.382,16.174,17.801,17.168,16.744,16.019,14.583,13.289,13.178,12.442,10.395,9.065,8.060,6.596,0.000,7.429
17.406,17.708,17.041,16.870,15.284,14.235,13.399,15.307,16.943,17.049,17.806,16.870,18.118,18.085,17.512,16.790,16.162,14.838,14.044,13.941,12.498,10.936,9.593,9.134,7.429,0.000