c1,c2,c3,c4,c5,c6,c7,c8,c9,c10,c11,c12,c13,c14,c15,c16,c17,c18,c19,c20,c21,c22,c23,c24,c25,c26
0.000,7.016,8.273,10.972,13.714,15.267,17.663,16.988,15.478,13.936,9.981,10.076,10.009,10.612,13.011,12.988,12.707,13.737,15.365,15.586,16.206,17.343,17.884,17.448,17.552,17.217
7.016,0.000,6.402,8.448,11.443,13.586,16.136,14.588,12.596,10.630,6.236,7.549,7.635,9.137,11.995,11.553,11.063,12.384,14.237,14.269,14.775,16.944,17.862,17.397,17.691,17.390
8.273,6.402,0.000,6.148,8.457,9.892,12.797,12.476,11.479,9.888,7.227,5.587,8.460,8.568,11.100,9.759,8.151,8.781,11.279,11.370,11.457,13.908,15.544,15.246,16.318,16.432
10.972,8.448,6.148,0.000,6.395,7.764,9.942,8.916,6.311,7.052,5.852,7.331,11.014,12.268,15.003,12.806,11.694,12.199,14.298,12.921,11.876,15.263,16.406,15.365,16.454,16.525
13.714,11.443,8.457,6.395,0.000,6.430,6.053,4.931,6.778,4.932,7.563,6.131,10.679,12.048,13.249,10.336,9.279,9.069,10.362,8.326,7.303,11.004,12.024,11.196,13.412,14.174
15.267,13.586,9.892,7.764,6.430,0.000,7.745,8.372,7.879,9.843,11.828,10.765,15.377,15.285,16.270,14.499,12.487,11.392,13.435,11.710,8.825,12.401,12.801,11.409,12.787,13.189
17.663,16.136,12.797,9.942,6.053,7.745,0.000,5.257,8.165,9.018,12.890,11.590,15.795,16.743,16.739,14.276,12.762,11.691,12.587,10.226,6.849,10.418,10.210,8.650,11.532,12.244
16.988,14.588,12.476,8.916,4.931,8.372,5.257,0.000,6.276,5.348,10.233,10.517,14.320,16.390,16.941,13.790,12.908,12.875,13.121,10.645,8.504,12.354,12.451,11.021,14.059,14.439
15.478,12.596,11.479,6.311,6.778,7.879,8.165,6.276,0.000,8.685,12.639,12.037,15.571,17.553,18.319,16.130,15.352,15.501,16.217,13.849,12.140,15.867,15.863,14.412,16.447,16.355
13.936,10.630,9.888,7.052,4.932,9.843,9.018,5.348,8.685,0.000,9.344,9.219,12.076,14.005,14.763,11.905,11.857,12.289,12.810,10.770,10.376,13.759,14.628,13.957,16.290,16.421
9.981,6.236,7.227,5.852,7.563,11.828,12.890,10.233,12.639,9.344,0.000,9.677,11.761,13.180,13.745,11.970,12.007,12.990,14.427,13.375,13.226,16.307,17.317,16.622,17.551,17.660
10.076,7.549,5.587,7.331,6.131,10.765,11.590,10.517,12.037,9.219,9.677,0.000,9.095,10.229,10.335,7.441,7.195,8.145,9.896,9.320,10.245,12.763,14.432,14.264,15.961,16.595
10.009,7.635,8.460,11.014,10.679,15.377,15.795,14.320,15.571,12.076,11.761,9.095,0.000,8.342,9.359,8.213,9.269,10.736,12.070,12.305,13.719,15.520,16.848,16.908,17.750,18.015
10.612,9.137,8.568,12.268,12.048,15.285,16.743,16.390,17.553,14.005,13.180,10.229,8.342,0.000,8.914,9.644,9.085,9.926,12.417,12.660,13.443,14.631,16.539,16.582,17.182,17.831
13.011,11.995,11.100,15.003,13.249,16.270,16.739,16.941,18.319,14.763,13.745,10.335,9.359,8.914,0.000,9.318,10.341,9.066,10.434,12.157,13.604,14.057,15.989,16.407,17.029,17.687
12.988,11.553,9.759,12.806,10.336,14.499,14.276,13.790,16.130,11.905,11.970,7.441,8.213,9.644,9.318,0.000,7.938,9.257,8.175,8.839,11.653,12.593,13.990,14.219,16.124,16.927
12.707,11.063,8.151,11.694,9.279,12.487,12.762,12.908,15.352,11.857,12.007,7.195,9.269,9.085,10.341,7.938,0.000,7.211,9.323,8.125,9.673,11.910,13.536,13.169,14.655,16.151
13.737,12.384,8.781,12.199,9.069,11.392,11.691,12.875,15.501,12.289,12.990,8.145,10.736,9.926,9.066,9.257,7.211,0.000,6.986,8.741,8.402,9.220,12.306,12.420,13.432,14.732
15.365,14.237,11.279,14.298,10.362,13.435,12.587,13.121,16.217,12.810,14.427,9.896,12.070,12.417,10.434,8.175,9.323,6.986,0.000,6.407,8.675,8.016,10.066,11.557,13.251,14.151
15.586,14.269,11.370,12.921,8.326,11.710,10.226,10.645,13.849,10.770,13.375,9.320,12.305,12.660,12.157,8.839,8.125,8.741,6.407,0.000,6.714,8.670,9.136,9.434,12.434,13.776
16.206,14.775,11.457,11.876,7.303,8.825,6.849,8.504,12.140,10.376,13.226,10.245,13.719,13.443,13.604,11.653,9.673,8.402,8.675,6.714,0.000,6.487,8.174,7.454,10.286,11.854
17.343,16.944,13.908,15.263,11.004,12.401,10.418,12.354,15.867,13.759,16.307,12.763,15.520,14.631,14.057,12.593,11.910,9.220,8.016,8.670,6.487,0.000,6.526,8.205,9.333,11.170
17.884,17.862,15.544,16.406,12.024,12.801,10.210,12.451,15.863,14.628,17.317,14.432,16.848,16.539,15.989,13.990,13.536,12.306,10.066,9.136,8.174,6.526,0.000,6.454,8.234,10.060
17.448,17.397,15.246,15.365,11.196,11.409,8.650,11.021,14.412,13.957,16.622,14.264,16.908,16.582,16.407,14.219,13.169,12.420,11.557,9.434,7.454,8.205,6.454,0.000,6.585,9.422
17.552,17.691,16.318,16.454,13.412,12.787,11.532,14.059,16.447,16.290,17.551,15.961,17.750,17.182,17.029,16.124,14.655,13.432,13.251,12.434,10.286,9.333,8.234,6.585,0.000,7.472
17.217,17.390,16.432,16.525,14.174,13.189,12.244,14.439,16.355,16.421,17.660,16.595,18.015,17.831,17.687,16.927,16.151,14.732,14.151,13.776,11.854,11.170,10.060,9.422,7.472,0.000