c1,c2,c3,c4,c5,c6,c7,c8,c9,c10,c11,c12,c13,c14,c15,c16,c17,c18,c19,c20,c21,c22,c23,c24,c25,c26
0.000,7.309,8.380,10.982,13.620,15.224,17.574,16.943,15.376,13.885,10.081,10.075,10.350,11.184,13.611,13.542,12.922,14.026,15.858,15.690,15.774,17.278,18.028,17.566,17.486,17.588
7.309,0.000,6.574,8.538,11.544,13.672,16.199,14.698,12.642,10.750,6.446,7.656,7.832,9.527,12.313,12.061,11.100,12.476,14.796,14.498,14.357,16.785,17.943,17.553,17.653,17.844
8.380,6.574,0.000,6.304,8.624,10.059,12.821,12.613,11.385,9.870,7.244,5.492,8.468,8.730,11.178,10.082,8.189,8.803,11.695,11.559,10.951,13.598,15.405,15.259,16.206,17.035
10.982,8.538,6.304,0.000,6.563,8.030,9.955,8.965,6.258,7.029,5.910,7.320,10.919,12.328,14.927,12.928,11.379,12.116,14.635,12.888,11.463,15.075,16.545,15.546,16.301,17.040
13.620,11.544,8.624,6.563,0.000,6.627,6.044,5.061,6.781,4.974,7.599,6.126,10.587,11.758,12.905,10.176,8.662,8.631,10.580,8.407,6.811,10.504,12.008,11.154,13.149,14.710
15.224,13.672,10.059,8.030,6.627,0.000,8.350,8.405,7.841,9.823,11.909,10.768,15.306,15.134,16.015,14.440,11.869,10.978,13.531,11.747,8.434,11.721,12.857,11.281,12.108,13.715
17.574,16.199,12.821,9.955,6.044,8.350,0.000,5.273,8.229,9.005,12.865,11.459,15.570,16.404,16.272,13.927,12.030,11.208,12.459,10.155,6.162,9.685,10.365,8.373,10.640,12.479
16.943,14.698,12.613,8.965,5.061,8.405,5.273,0.000,6.562,5.548,10.375,10.604,14.324,16.320,16.770,13.600,12.433,12.743,13.204,10.521,8.338,12.136,12.529,10.655,13.357,14.717
15.376,12.642,11.385,6.258,6.781,7.841,8.229,6.562,0.000,8.978,13.196,12.201,15.662,17.615,18.289,16.234,14.906,15.511,16.330,13.780,11.995,15.830,16.029,14.134,16.125,16.834
13.885,10.750,9.870,7.029,4.974,9.823,9.005,5.548,8.978,0.000,10.040,9.798,12.268,14.056,14.674,11.827,11.238,12.289,13.013,10.554,10.081,13.707,14.499,13.545,15.984,16.867
10.081,6.446,7.244,5.910,7.599,11.909,12.865,10.375,13.196,10.040,0.000,10.326,12.066,13.309,13.825,12.114,11.536,12.988,14.634,13.276,13.103,16.299,17.471,16.701,17.657,18.097
10.075,7.656,5.492,7.320,6.126,10.768,11.459,10.604,12.201,9.798,10.326,0.000,9.431,10.565,10.407,7.526,6.811,8.256,10.032,9.137,9.759,12.598,13.993,13.894,15.779,16.797
10.350,7.832,8.468,10.919,10.587,15.306,15.570,14.324,15.662,12.268,12.066,9.431,0.000,8.645,9.986,8.546,9.083,10.916,12.116,11.937,13.210,15.238,16.549,16.890,17.924,18.252
11.184,9.527,8.730,12.328,11.758,15.134,16.404,16.320,17.615,14.056,13.309,10.565,8.645,0.000,9.281,9.737,8.694,9.730,12.176,12.327,12.657,14.133,16.113,16.361,17.109,18.126
13.611,12.313,11.178,14.927,12.905,16.015,16.272,16.770,18.289,14.674,13.825,10.407,9.986,9.281,0.000,9.841,10.425,8.829,10.043,11.740,12.920,13.097,15.021,16.074,16.732,17.649
13.542,12.061,10.082,12.928,10.176,14.440,13.927,13.600,16.234,11.827,12.114,7.526,8.546,9.737,9.841,0.000,7.914,9.371,7.971,8.451,11.118,11.911,12.636,13.703,15.960,16.910
12.922,11.100,8.189,11.379,8.662,11.869,12.030,12.433,14.906,11.238,11.536,6.811,9.083,8.694,10.425,7.914,0.000,7.014,9.447,7.427,8.457,11.107,12.206,12.252,14.151,16.047
14.026,12.476,8.803,12.116,8.631,10.978,11.208,12.743,15.511,12.289,12.988,8.256,10.916,9.730,8.829,9.371,7.014,0.000,6.844,8.795,7.417,8.075,11.269,11.944,12.661,14.402
15.858,14.796,11.695,14.635,10.580,13.531,12.459,13.204,16.330,13.013,14.634,10.032,12.116,12.176,10.043,7.971,9.447,6.844,0.000,6.225,8.713,7.260,8.702,11.405,12.720,13.609
15.690,14.498,11.559,12.888,8.407,11.747,10.155,10.521,13.780,10.554,13.276,9.137,11.937,12.327,11.740,8.451,7.427,8.795,6.225,0.000,6.483,8.443,7.862,8.797,12.056,13.381
15.774,14.357,10.951,11.463,6.811,8.434,6.162,8.338,11.995,10.081,13.103,9.759,13.210,12.657,12.920,11.118,8.457,7.417,8.713,6.483,0.000,6.456,8.306,7.642,9.913,11.923
17.278,16.785,13.598,15.075,10.504,11.721,9.685,12.136,15.830,13.707,16.299,12.598,15.238,14.133,13.097,11.911,11.107,8.075,7.260,8.443,6.456,0.000,6.332,8.202,8.584,10.468
18.028,17.943,15.405,16.545,12.008,12.857,10.365,12.529,16.029,14.499,17.471,13.993,16.549,16.113,15.021,12.636,12.206,11.269,8.702,7.862,8.306,6.332,0.000,6.324,8.283,9.671
17.566,17.553,15.259,15.546,11.154,11.281,8.373,10.655,14.134,13.545,16.701,13.894,16.890,16.361,16.074,13.703,12.252,11.944,11.405,8.797,7.642,8.202,6.324,0.000,6.614,9.426
17.486,17.653,16.206,16.301,13.149,12.108,10.640,13.357,16.125,15.984,17.657,15.779,17.924,17.109,16.732,15.960,14.151,12.661,12.720,12.056,9.913,8.584,8.283,6.614,0.000,7.302
17.588,17.844,17.035,17.040,14.710,13.715,12.479,14.717,16.834,16.867,18.097,16.797,18.252,18.126,17.649,16.910,16.047,14.402,13.609,13.381,11.923,10.468,9.671,9.426,7.302,0.000