c1,c2,c3,c4,c5,c6,c7,c8,c9,c10,c11,c12,c13,c14,c15,c16,c17,c18,c19,c20,c21,c22,c23,c24,c25,c26
0.000,6.818,8.178,10.763,13.561,15.032,17.424,16.714,15.206,13.812,9.781,9.761,9.722,10.727,12.910,12.923,13.374,13.900,15.058,15.731,16.324,17.539,17.885,17.695,17.700,17.280
6.818,0.000,6.306,8.414,11.365,13.501,16.048,14.507,12.542,10.566,6.079,7.427,7.542,9.302,11.859,11.460,11.815,12.516,13.833,14.573,14.788,17.149,17.903,17.878,17.981,17.514
8.178,6.306,0.000,6.112,8.403,9.804,12.792,12.400,11.405,9.869,7.188,5.442,8.326,8.895,11.096,9.572,9.351,9.095,10.924,11.736,11.764,14.277,15.748,16.228,17.021,16.904
10.763,8.414,6.112,0.000,6.281,7.599,9.947,8.933,6.276,7.023,5.823,7.270,10.880,12.458,14.828,12.723,12.638,12.089,13.320,12.946,11.700,14.889,16.038,15.889,16.824,16.871
13.561,11.365,8.403,6.281,0.000,6.403,5.798,4.903,6.784,4.933,7.552,6.060,10.513,12.242,13.338,10.522,10.593,9.157,9.782,8.522,7.238,10.585,12.163,12.598,14.530,15.209
15.032,13.501,9.804,7.599,6.403,0.000,7.336,8.292,7.858,9.783,11.726,10.593,15.068,15.507,16.293,14.238,13.248,11.364,12.608,11.488,8.529,11.385,11.947,11.684,13.037,13.831
17.424,16.048,12.792,9.947,5.798,7.336,0.000,5.195,8.046,8.962,12.805,11.356,15.425,16.750,16.680,14.229,13.318,11.282,11.783,10.001,6.191,8.782,9.411,9.482,12.012,13.180
16.714,14.507,12.400,8.933,4.903,8.292,5.195,0.000,6.162,5.278,10.113,10.392,13.965,16.295,16.849,13.754,13.826,12.333,12.204,10.595,7.942,11.110,11.950,12.086,14.475,15.148
15.206,12.542,11.405,6.276,6.784,7.858,8.046,6.162,0.000,8.572,11.291,11.660,15.127,17.447,18.113,15.860,16.315,14.944,15.312,13.662,11.607,14.651,15.159,14.743,16.319,16.476
13.812,10.566,9.869,7.023,4.933,9.783,8.962,5.278,8.572,0.000,8.724,8.713,11.371,13.838,14.707,11.883,12.701,11.653,12.196,10.930,10.116,13.027,14.433,14.755,16.474,16.603
9.781,6.079,7.188,5.823,7.552,11.726,12.805,10.113,11.291,8.724,0.000,9.072,10.447,12.508,13.343,11.681,13.204,12.568,13.822,13.424,13.204,15.993,17.029,16.945,17.459,17.543
9.761,7.427,5.442,7.270,6.060,10.593,11.356,10.392,11.660,8.713,9.072,0.000,8.993,9.916,10.196,7.631,8.610,8.052,9.774,9.759,10.701,12.992,14.527,15.131,16.303,16.737
9.722,7.542,8.326,10.880,10.513,15.068,15.425,13.965,15.127,11.371,10.447,8.993,0.000,8.541,8.935,7.995,10.117,10.926,12.204,12.800,13.988,15.848,17.014,17.180,17.715,17.835
10.727,9.302,8.895,12.458,12.242,15.507,16.750,16.295,17.447,13.838,12.508,9.916,8.541,0.000,8.827,9.058,10.143,10.793,13.065,13.538,14.565,15.696,16.947,17.120,17.548,17.807
12.910,11.859,11.096,14.828,13.338,16.293,16.680,16.849,18.113,14.707,13.343,10.196,8.935,8.827,0.000,9.157,10.426,10.370,11.694,13.423,14.846,15.588,16.583,16.966,17.442,17.717
12.923,11.460,9.572,12.723,10.522,14.238,14.229,13.754,15.860,11.883,11.681,7.631,7.995,9.058,9.157,0.000,8.008,8.845,8.926,10.127,12.768,13.611,14.723,15.255,16.592,16.948
13.374,11.815,9.351,12.638,10.593,13.248,13.318,13.826,16.315,12.701,13.204,8.610,10.117,10.143,10.426,8.008,0.000,7.437,9.123,9.367,11.422,13.257,14.429,14.639,15.611,16.402
13.900,12.516,9.095,12.089,9.157,11.364,11.282,12.333,14.944,11.653,12.568,8.052,10.926,10.793,10.370,8.845,7.437,0.000,7.307,8.674,9.400,10.641,13.051,13.636,14.431,15.141
15.058,13.833,10.924,13.320,9.782,12.608,11.783,12.204,15.312,12.196,13.822,9.774,12.204,13.065,11.694,8.926,9.123,7.307,0.000,6.507,8.843,8.927,10.867,12.631,13.927,14.675
15.731,14.573,11.736,12.946,8.522,11.488,10.001,10.595,13.662,10.930,13.424,9.759,12.800,13.538,13.423,10.127,9.367,8.674,6.507,0.000,6.799,8.575,9.704,11.117,13.210,14.187
16.324,14.788,11.764,11.700,7.238,8.529,6.191,7.942,11.607,10.116,13.204,10.701,13.988,14.565,14.846,12.768,11.422,9.400,8.843,6.799,0.000,6.800,8.149,8.924,10.881,12.275
17.539,17.149,14.277,14.889,10.585,11.385,8.782,11.110,14.651,13.027,15.993,12.992,15.848,15.696,15.588,13.611,13.257,10.641,8.927,8.575,6.800,0.000,6.765,8.319,9.514,11.029
17.885,17.903,15.748,16.038,12.163,11.947,9.411,11.950,15.159,14.433,17.029,14.527,17.014,16.947,16.583,14.723,14.429,13.051,10.867,9.704,8.149,6.765,0.000,6.502,8.144,9.630
17.695,17.878,16.228,15.889,12.598,11.684,9.482,12.086,14.743,14.755,16.945,15.131,17.180,17.120,16.966,15.255,14.639,13.636,12.631,11.117,8.924,8.319,6.502,0.000,6.870,9.000
17.700,17.981,17.021,16.824,14.530,13.037,12.012,14.475,16.319,16.474,17.459,16.303,17.715,17.548,17.442,16.592,15.611,14.431,13.927,13.210,10.881,9.514,8.144,6.870,0.000,7.712
17.280,17.514,16.904,16.871,15.209,13.831,13.180,15.148,16.476,16.603,17.543,16.737,17.835,17.807,17.717,16.948,16.402,15.141,14.675,14.187,12.275,11.029,9.630,9.000,7.712,0.000