c1,c2,c3,c4,c5,c6,c7,c8,c9,c10,c11,c12,c13,c14,c15,c16,c17,c18,c19,c20,c21,c22,c23,c24,c25,c26
0.000,6.327,7.552,9.511,11.858,14.151,15.398,13.694,13.389,13.311,11.524,10.752,11.927,12.799,14.047,13.666,13.737,14.195,15.203,15.140,15.182,15.956,16.646,16.424,16.533,16.428
6.327,0.000,5.967,8.078,10.663,13.200,14.861,12.720,12.079,12.202,10.317,9.434,10.908,12.230,13.637,13.196,12.885,13.396,14.715,14.554,14.235,15.584,16.379,16.244,16.415,16.395
7.552,5.967,0.000,5.960,7.674,9.889,11.556,10.223,10.143,10.200,8.745,7.550,10.061,11.497,12.549,11.972,11.300,11.592,13.059,12.495,12.061,13.840,15.102,15.240,15.930,16.064
9.511,8.078,5.960,0.000,5.945,8.172,10.000,8.729,7.762,9.467,9.530,9.391,12.603,14.054,15.344,14.365,13.066,13.222,14.726,13.083,11.455,14.172,15.123,14.855,15.521,15.678
11.858,10.663,7.674,5.945,0.000,5.968,6.016,5.269,7.292,7.397,8.733,8.399,11.574,12.947,13.721,12.671,11.555,11.123,11.806,9.591,7.224,10.550,11.802,11.944,13.459,14.167
14.151,13.200,9.889,8.172,5.968,0.000,5.920,7.833,7.486,9.162,11.438,11.452,14.197,14.974,15.862,15.407,13.933,14.154,15.124,12.927,9.743,12.795,13.802,13.060,13.938,14.856
15.398,14.861,11.556,10.000,6.016,5.920,0.000,5.363,7.802,8.339,11.049,11.658,14.427,14.867,15.030,14.393,13.518,13.700,14.616,11.764,8.313,11.745,12.408,12.218,13.703,14.459
13.694,12.720,10.223,8.729,5.269,7.833,5.363,0.000,5.939,7.058,9.097,9.722,13.086,14.371,14.396,13.164,12.772,13.359,14.233,12.400,9.557,12.789,13.383,13.197,14.900,15.311
13.389,12.079,10.143,7.762,7.292,7.486,7.802,5.939,0.000,6.203,9.504,10.190,12.515,14.401,14.977,13.604,12.919,14.183,15.601,14.074,12.849,15.264,15.736,15.074,16.333,16.294
13.311,12.202,10.200,9.467,7.397,9.162,8.339,7.058,6.203,0.000,7.900,8.715,10.753,12.396,13.570,12.339,11.500,13.093,14.412,12.887,12.662,15.754,15.870,15.304,16.503,16.486
11.524,10.317,8.745,9.530,8.733,11.438,11.049,9.097,9.504,7.900,0.000,7.611,9.745,11.142,11.727,11.465,11.271,12.336,13.799,13.457,13.773,15.965,16.918,16.387,17.118,16.938
10.752,9.434,7.550,9.391,8.399,11.452,11.658,9.722,10.190,8.715,7.611,0.000,7.491,9.307,9.173,8.017,8.663,10.146,11.124,10.970,12.508,14.061,14.823,15.535,16.465,16.568
11.927,10.908,10.061,12.603,11.574,14.197,14.427,13.086,12.515,10.753,9.745,7.491,0.000,7.151,8.191,8.206,8.420,10.745,11.798,11.696,13.086,14.962,15.961,16.622,17.874,17.444
12.799,12.230,11.497,14.054,12.947,14.974,14.867,14.371,14.401,12.396,11.142,9.307,7.151,0.000,7.113,8.228,7.886,8.703,11.217,11.581,12.062,13.457,15.531,16.088,17.096,17.531
14.047,13.637,12.549,15.344,13.721,15.862,15.030,14.396,14.977,13.570,11.727,9.173,8.191,7.113,0.000,7.667,8.158,7.599,8.441,10.715,11.918,12.035,13.605,15.507,16.459,16.770
13.666,13.196,11.972,14.365,12.671,15.407,14.393,13.164,13.604,12.339,11.465,8.017,8.206,8.228,7.667,0.000,6.888,8.079,7.210,7.591,10.594,11.605,12.147,13.399,15.660,16.129
13.737,12.885,11.300,13.066,11.555,13.933,13.518,12.772,12.919,11.500,11.271,8.663,8.420,7.886,8.158,6.888,0.000,6.253,8.126,6.899,7.687,10.568,11.796,12.116,13.846,15.314
14.195,13.396,11.592,13.222,11.123,14.154,13.700,13.359,14.183,13.093,12.336,10.146,10.745,8.703,7.599,8.079,6.253,0.000,6.343,7.863,6.947,7.540,10.765,11.824,12.541,13.524
15.203,14.715,13.059,14.726,11.806,15.124,14.616,14.233,15.601,14.412,13.799,11.124,11.798,11.217,8.441,7.210,8.126,6.343,0.000,6.224,7.925,6.798,8.121,10.892,12.330,12.575
15.140,14.554,12.495,13.083,9.591,12.927,11.764,12.400,14.074,12.887,13.457,10.970,11.696,11.581,10.715,7.591,6.899,7.863,6.224,0.000,6.186,7.875,7.456,8.618,11.537,12.282
15.182,14.235,12.061,11.455,7.224,9.743,8.313,9.557,12.849,12.662,13.773,12.508,13.086,12.062,11.918,10.594,7.687,6.947,7.925,6.186,0.000,5.958,7.696,7.277,9.121,10.844
15.956,15.584,13.840,14.172,10.550,12.795,11.745,12.789,15.264,15.754,15.965,14.061,14.962,13.457,12.035,11.605,10.568,7.540,6.798,7.875,5.958,0.000,6.166,7.816,8.371,9.230
16.646,16.379,15.102,15.123,11.802,13.802,12.408,13.383,15.736,15.870,16.918,14.823,15.961,15.531,13.605,12.147,11.796,10.765,8.121,7.456,7.696,6.166,0.000,6.057,7.831,8.481
16.424,16.244,15.240,14.855,11.944,13.060,12.218,13.197,15.074,15.304,16.387,15.535,16.622,16.088,15.507,13.399,12.116,11.824,10.892,8.618,7.277,7.816,6.057,0.000,6.071,8.173
16.533,16.415,15.930,15.521,13.459,13.938,13.703,14.900,16.333,16.503,17.118,16.465,17.874,17.096,16.459,15.660,13.846,12.541,12.330,11.537,9.121,8.371,7.831,6.071,0.000,6.501
16.428,16.395,16.064,15.678,14.167,14.856,14.459,15.311,16.294,16.486,16.938,16.568,17.444,17.531,16.770,16.129,15.314,13.524,12.575,12.282,10.844,9.230,8.481,8.173,6.501,0.000