c1,c2,c3,c4,c5,c6,c7,c8,c9,c10,c11,c12,c13,c14,c15,c16,c17,c18,c19,c20,c21,c22,c23,c24,c25,c26
0.000,6.657,7.896,10.842,13.439,15.119,17.561,16.677,15.430,13.870,9.926,9.820,9.519,10.190,12.255,12.568,12.841,13.569,15.148,15.298,15.617,16.448,17.270,17.136,17.276,17.019
6.657,0.000,6.182,8.316,11.280,13.518,15.969,14.348,12.511,10.458,5.985,7.351,7.245,9.279,11.486,11.516,11.972,12.751,14.596,14.843,15.304,16.579,17.520,17.509,17.674,17.405
7.896,6.182,0.000,6.048,8.153,9.842,12.686,12.225,11.357,9.856,7.192,5.502,8.332,8.771,10.883,9.850,9.555,9.587,11.927,11.803,12.051,14.129,15.586,15.679,16.499,16.841
10.842,8.316,6.048,0.000,6.178,7.456,9.919,8.892,6.329,7.043,5.782,7.284,10.807,12.259,14.509,12.563,12.811,12.726,14.862,13.927,13.897,16.163,17.126,16.787,17.017,16.966
13.439,11.280,8.153,6.178,0.000,6.182,5.653,4.834,6.812,4.919,7.562,5.929,10.316,11.863,12.982,10.176,10.681,10.160,11.897,10.559,10.811,13.288,14.333,14.236,15.372,16.115
15.119,13.518,9.842,7.456,6.182,0.000,7.413,8.212,7.842,9.728,11.629,10.529,14.935,15.258,15.976,13.910,13.347,12.142,14.073,12.382,11.272,13.369,14.251,13.411,14.361,15.294
17.561,15.969,12.686,9.919,5.653,7.413,0.000,5.169,7.996,8.914,12.671,11.099,15.163,16.340,16.282,13.702,13.398,12.396,13.772,11.994,10.575,12.634,12.954,12.240,13.734,14.803
16.677,14.348,12.225,8.892,4.834,8.212,5.169,0.000,5.955,5.090,10.004,10.065,13.758,15.973,16.292,13.218,13.395,13.255,14.356,12.748,12.067,14.289,14.549,13.855,15.247,15.554
15.430,12.511,11.357,6.329,6.812,7.842,7.996,5.955,0.000,7.582,11.090,11.503,15.017,17.364,17.890,15.430,15.634,15.797,16.890,15.374,14.956,16.931,16.780,15.916,16.840,16.614
13.870,10.458,9.856,7.043,4.919,9.728,8.914,5.090,7.582,0.000,8.371,8.528,11.202,13.708,14.306,11.431,12.294,12.511,13.836,12.621,13.223,15.476,15.911,15.836,16.831,16.932
9.926,5.985,7.192,5.782,7.562,11.629,12.671,10.004,11.090,8.371,0.000,9.074,10.660,12.457,12.960,11.197,12.133,12.826,14.553,14.211,15.101,16.734,17.582,17.328,17.533,17.525
9.820,7.351,5.502,7.284,5.929,10.529,11.099,10.065,11.503,8.528,9.074,0.000,8.808,10.252,9.888,7.273,8.058,8.785,10.656,10.460,11.696,13.534,14.754,15.316,16.470,16.888
9.519,7.245,8.332,10.807,10.316,14.935,15.163,13.758,15.017,11.202,10.660,8.808,0.000,8.037,8.604,7.758,9.161,10.440,11.854,12.217,13.498,14.918,16.269,17.003,17.837,17.871
10.190,9.279,8.771,12.259,11.863,15.258,16.340,15.973,17.364,13.708,12.457,10.252,8.037,0.000,8.164,8.559,8.328,9.476,11.549,11.956,12.545,13.645,15.634,16.285,16.944,17.687
12.255,11.486,10.883,14.509,12.982,15.976,16.282,16.292,17.890,14.306,12.960,9.888,8.604,8.164,0.000,8.009,9.034,8.162,9.296,11.042,12.235,12.200,14.003,15.726,16.419,17.102
12.568,11.516,9.850,12.563,10.176,13.910,13.702,13.218,15.430,11.431,11.197,7.273,7.758,8.559,8.009,0.000,7.150,8.651,7.445,8.024,10.754,11.443,12.096,13.630,15.661,16.396
12.841,11.972,9.555,12.811,10.681,13.347,13.398,13.395,15.634,12.294,12.133,8.058,9.161,8.328,9.034,7.150,0.000,6.539,8.547,7.028,8.238,10.654,11.923,12.472,14.130,15.709
13.569,12.751,9.587,12.726,10.160,12.142,12.396,13.255,15.797,12.511,12.826,8.785,10.440,9.476,8.162,8.651,6.539,0.000,6.403,8.100,6.974,7.737,10.703,11.935,12.626,14.192
15.148,14.596,11.927,14.862,11.897,14.073,13.772,14.356,16.890,13.836,14.553,10.656,11.854,11.549,9.296,7.445,8.547,6.403,0.000,6.042,8.121,7.011,8.145,10.938,12.320,13.071
15.298,14.843,11.803,13.927,10.559,12.382,11.994,12.748,15.374,12.621,14.211,10.460,12.217,11.956,11.042,8.024,7.028,8.100,6.042,0.000,6.161,8.071,7.683,9.194,11.691,13.025
15.617,15.304,12.051,13.897,10.811,11.272,10.575,12.067,14.956,13.223,15.101,11.696,13.498,12.545,12.235,10.754,8.238,6.974,8.121,6.161,0.000,6.159,7.874,7.996,9.517,11.504
16.448,16.579,14.129,16.163,13.288,13.369,12.634,14.289,16.931,15.476,16.734,13.534,14.918,13.645,12.200,11.443,10.654,7.737,7.011,8.071,6.159,0.000,6.123,7.891,8.544,10.178
17.270,17.520,15.586,17.126,14.333,14.251,12.954,14.549,16.780,15.911,17.582,14.754,16.269,15.634,14.003,12.096,11.923,10.703,8.145,7.683,7.874,6.123,0.000,6.059,7.708,9.042
17.136,17.509,15.679,16.787,14.236,13.411,12.240,13.855,15.916,15.836,17.328,15.316,17.003,16.285,15.726,13.630,12.472,11.935,10.938,9.194,7.996,7.891,6.059,0.000,6.200,8.381
17.276,17.674,16.499,17.017,15.372,14.361,13.734,15.247,16.840,16.831,17.533,16.470,17.837,16.944,16.419,15.661,14.130,12.626,12.320,11.691,9.517,8.544,7.708,6.200,0.000,6.825
17.019,17.405,16.841,16.966,16.115,15.294,14.803,15.554,16.614,16.932,17.525,16.888,17.871,17.687,17.102,16.396,15.709,14.192,13.071,13.025,11.504,10.178,9.042,8.381,6.825,0.000