c1,c2,c3,c4,c5,c6,c7,c8,c9,c10,c11,c12,c13,c14,c15,c16,c17,c18,c19,c20,c21,c22,c23,c24,c25,c26
0.000,6.641,7.959,10.939,13.477,15.180,17.632,16.793,15.571,13.964,9.946,9.891,9.290,9.907,12.026,12.713,13.042,13.369,15.138,15.742,15.830,16.609,17.430,17.476,17.492,17.187
6.641,0.000,6.209,8.383,11.228,13.488,15.934,14.341,12.600,10.432,5.967,7.327,7.004,8.967,11.296,11.806,12.276,12.320,14.556,15.364,15.345,16.634,17.663,17.857,17.926,17.580
7.959,6.209,0.000,6.053,8.135,9.831,12.670,12.178,11.424,9.838,7.207,5.512,8.273,8.598,10.496,10.133,9.761,8.956,11.701,12.370,12.012,13.960,15.562,16.109,16.826,17.143
10.939,8.383,6.053,0.000,6.109,7.406,9.944,8.927,6.429,7.099,5.768,7.364,10.823,12.208,14.452,13.099,13.107,12.081,14.683,14.548,13.764,15.734,17.058,17.094,17.214,17.207
13.477,11.228,8.135,6.109,0.000,6.177,5.654,4.823,6.810,4.903,7.568,5.934,10.362,11.788,12.823,10.718,10.773,9.261,11.607,10.901,10.178,12.647,14.093,14.414,15.395,16.157
15.180,13.488,9.831,7.406,6.177,0.000,7.440,8.225,7.837,9.743,11.612,10.523,14.980,15.208,15.844,14.288,13.512,11.516,13.844,13.026,11.057,12.887,14.071,13.785,14.361,15.414
17.632,15.934,12.670,9.944,5.654,7.440,0.000,5.137,7.987,8.932,12.706,11.118,15.302,16.303,16.191,14.163,13.399,11.548,13.393,12.046,9.862,11.739,12.611,12.512,13.617,14.814
16.793,14.341,12.178,8.927,4.823,8.225,5.137,0.000,5.890,5.066,10.021,10.113,13.871,15.953,16.343,13.688,13.352,12.315,14.032,12.905,11.198,13.360,14.347,14.105,14.998,15.571
15.571,12.600,11.424,6.429,6.810,7.837,7.987,5.890,0.000,7.519,11.279,11.557,15.092,17.357,17.906,15.929,15.732,14.884,16.728,15.789,14.405,16.287,16.651,16.134,16.728,16.666
13.964,10.432,9.838,7.099,4.903,9.743,8.932,5.066,7.519,0.000,8.549,8.456,11.299,13.635,14.326,11.962,12.203,11.496,13.573,12.839,12.375,14.696,15.530,15.797,16.506,16.771
9.946,5.967,7.207,5.768,7.568,11.612,12.706,10.021,11.279,8.549,0.000,9.206,10.742,12.506,13.154,11.908,12.313,12.151,14.511,14.734,14.708,16.395,17.322,17.423,17.420,17.463
9.891,7.327,5.512,7.364,5.934,10.523,11.118,10.113,11.557,8.456,9.206,0.000,9.095,10.323,10.161,7.893,8.214,8.111,10.655,10.965,11.368,13.221,14.605,15.489,16.533,16.950
9.290,7.004,8.273,10.823,10.362,14.980,15.302,13.871,15.092,11.299,10.742,9.095,0.000,8.316,9.129,8.409,9.392,10.259,12.050,12.611,13.425,14.717,16.241,17.117,17.880,17.846
9.907,8.967,8.598,12.208,11.788,15.208,16.303,15.953,17.357,13.635,12.506,10.323,8.316,0.000,8.174,8.678,8.389,9.250,11.380,12.158,12.580,13.618,15.572,16.363,17.183,17.725
12.026,11.296,10.496,14.452,12.823,15.844,16.191,16.343,17.906,14.326,13.154,10.161,9.129,8.174,0.000,8.077,9.074,8.170,9.230,11.223,12.291,12.243,14.075,15.833,16.695,17.169
12.713,11.806,10.133,13.099,10.718,14.288,14.163,13.688,15.929,11.962,11.908,7.893,8.409,8.678,8.077,0.000,7.026,8.564,7.355,8.057,10.734,11.455,12.064,13.711,15.771,16.463
13.042,12.276,9.761,13.107,10.773,13.512,13.399,13.352,15.732,12.203,12.313,8.214,9.392,8.389,9.074,7.026,0.000,6.522,8.671,7.165,8.206,10.677,11.914,12.618,14.335,15.813
13.369,12.320,8.956,12.081,9.261,11.516,11.548,12.315,14.884,11.496,12.151,8.111,10.259,9.250,8.170,8.564,6.522,0.000,6.452,8.324,6.903,7.701,10.740,12.076,12.868,14.210
15.138,14.556,11.701,14.683,11.607,13.844,13.393,14.032,16.728,13.573,14.511,10.655,12.050,11.380,9.230,7.355,8.671,6.452,0.000,6.147,8.276,6.966,8.103,11.065,12.516,13.077
15.742,15.364,12.370,14.548,10.901,13.026,12.046,12.905,15.789,12.839,14.734,10.965,12.611,12.158,11.223,8.057,7.165,8.324,6.147,0.000,6.309,8.147,7.612,9.182,11.898,12.941
15.830,15.345,12.012,13.764,10.178,11.057,9.862,11.198,14.405,12.375,14.708,11.368,13.425,12.580,12.291,10.734,8.206,6.903,8.276,6.309,0.000,6.156,7.917,7.932,9.867,11.451
16.609,16.634,13.960,15.734,12.647,12.887,11.739,13.360,16.287,14.696,16.395,13.221,14.717,13.618,12.243,11.455,10.677,7.701,6.966,8.147,6.156,0.000,6.065,7.916,8.730,9.991
17.430,17.663,15.562,17.058,14.093,14.071,12.611,14.347,16.651,15.530,17.322,14.605,16.241,15.572,14.075,12.064,11.914,10.740,8.103,7.612,7.917,6.065,0.000,5.950,7.703,8.682
17.476,17.857,16.109,17.094,14.414,13.785,12.512,14.105,16.134,15.797,17.423,15.489,17.117,16.363,15.833,13.711,12.618,12.076,11.065,9.182,7.932,7.916,5.950,0.000,6.070,8.266
17.492,17.926,16.826,17.214,15.395,14.361,13.617,14.998,16.728,16.506,17.420,16.533,17.880,17.183,16.695,15.771,14.335,12.868,12.516,11.898,9.867,8.730,7.703,6.070,0.000,6.706
17.187,17.580,17.143,17.207,16.157,15.414,14.814,15.571,16.666,16.771,17.463,16.950,17.846,17.725,17.169,16.463,15.813,14.210,13.077,12.941,11.451,9.991,8.682,8.266,6.706,0.000