c1,c2,c3,c4,c5,c6,c7,c8,c9,c10,c11,c12,c13,c14,c15,c16,c17,c18,c19,c20,c21,c22,c23,c24,c25,c26
0.000,6.856,8.083,10.719,13.589,15.013,17.489,16.793,15.100,13.832,9.935,9.921,10.219,11.523,13.555,13.524,13.389,13.880,15.334,15.807,16.055,17.094,17.672,17.611,17.581,17.227
6.856,0.000,6.244,8.236,11.403,13.521,16.099,14.557,12.438,10.635,6.210,7.552,7.867,9.968,12.272,11.967,11.702,12.464,14.094,14.740,14.644,16.576,17.617,17.860,17.896,17.490
8.083,6.244,0.000,6.165,8.478,9.889,12.857,12.577,11.396,9.886,7.197,5.464,8.425,9.230,11.177,10.023,9.164,8.921,11.157,11.919,11.665,13.758,15.326,16.137,16.777,16.848
10.719,8.236,6.165,0.000,6.363,7.644,9.932,8.896,6.177,6.982,5.842,7.229,10.839,12.629,14.804,12.889,12.259,12.009,13.728,13.191,11.740,14.489,16.030,16.275,16.720,16.860
13.589,11.403,8.478,6.363,0.000,6.394,5.918,4.901,6.792,4.959,7.602,6.117,10.503,12.222,13.126,10.414,9.989,8.918,10.070,9.017,7.439,10.362,11.847,12.670,14.287,15.197
15.013,13.521,9.889,7.644,6.394,0.000,7.629,8.337,7.873,9.862,11.821,10.713,15.181,15.688,16.149,14.347,13.068,11.283,12.890,11.948,8.713,11.086,12.149,12.099,13.206,14.136
17.489,16.099,12.857,9.932,5.918,7.629,0.000,5.200,8.116,8.981,12.886,11.517,15.555,16.921,16.600,14.169,13.160,11.491,12.276,10.631,6.803,9.091,10.055,10.226,12.313,13.579
16.793,14.557,12.577,8.896,4.901,8.337,5.200,0.000,6.312,5.344,10.195,10.474,14.082,16.420,16.764,13.747,13.283,12.601,12.765,11.013,8.290,11.423,12.491,12.790,14.668,15.491
15.100,12.438,11.396,6.177,6.792,7.873,8.116,6.312,0.000,8.517,12.087,11.899,15.199,17.585,18.113,16.003,15.717,15.057,15.704,14.151,11.964,14.898,15.712,15.577,16.531,16.863
13.832,10.635,9.886,6.982,4.959,9.862,8.981,5.344,8.517,0.000,9.360,9.352,11.732,14.004,14.616,11.923,12.107,11.710,12.376,11.138,10.046,13.072,14.493,15.101,16.463,16.847
9.935,6.210,7.197,5.842,7.602,11.821,12.886,10.195,12.087,9.360,0.000,9.695,10.915,13.039,13.577,12.097,12.439,12.625,14.014,13.677,13.035,15.754,17.029,17.249,17.395,17.616
9.921,7.552,5.464,7.229,6.117,10.713,11.517,10.474,11.899,9.352,9.695,0.000,9.400,10.656,10.555,7.962,7.932,8.117,9.853,9.863,10.357,12.579,14.089,15.051,15.952,16.451
10.219,7.867,8.425,10.839,10.503,15.181,15.555,14.082,15.199,11.732,10.915,9.400,0.000,8.821,9.722,8.574,9.747,10.838,12.184,12.565,13.510,15.420,16.669,17.202,17.588,17.786
11.523,9.968,9.230,12.629,12.222,15.688,16.921,16.420,17.585,14.004,13.039,10.656,8.821,0.000,9.003,9.517,9.528,10.183,12.328,12.809,13.311,14.725,16.216,16.790,17.171,17.771
13.555,12.272,11.177,14.804,13.126,16.149,16.600,16.764,18.113,14.616,13.577,10.555,9.722,9.003,0.000,9.675,10.329,9.326,10.449,12.227,13.346,14.056,15.336,16.328,16.740,17.298
13.524,11.967,10.023,12.889,10.414,14.347,14.169,13.747,16.003,11.923,12.097,7.962,8.574,9.517,9.675,0.000,8.144,9.327,8.363,8.941,11.466,12.472,13.302,14.667,16.038,16.648
13.389,11.702,9.164,12.259,9.989,13.068,13.160,13.283,15.717,12.107,12.439,7.932,9.747,9.528,10.329,8.144,0.000,7.641,9.356,8.163,9.166,11.542,12.668,13.528,14.680,15.956
13.880,12.464,8.921,12.009,8.918,11.283,11.491,12.601,15.057,11.710,12.625,8.117,10.838,10.183,9.326,9.327,7.641,0.000,7.378,8.775,8.005,8.841,11.318,12.793,13.583,14.747
15.334,14.094,11.157,13.728,10.070,12.890,12.276,12.765,15.704,12.376,14.014,9.853,12.184,12.328,10.449,8.363,9.356,7.378,0.000,6.601,8.749,8.226,9.166,11.854,13.184,13.958
15.807,14.740,11.919,13.191,9.017,11.948,10.631,11.013,14.151,11.138,13.677,9.863,12.565,12.809,12.227,8.941,8.163,8.775,6.601,0.000,6.868,8.726,8.417,10.171,12.029,13.541
16.055,14.644,11.665,11.740,7.439,8.713,6.803,8.290,11.964,10.046,13.035,10.357,13.510,13.311,13.346,11.466,9.166,8.005,8.749,6.868,0.000,6.835,8.440,9.066,10.560,12.388
17.094,16.576,13.758,14.489,10.362,11.086,9.091,11.423,14.898,13.072,15.754,12.579,15.420,14.725,14.056,12.472,11.542,8.841,8.226,8.726,6.835,0.000,6.738,8.625,9.350,10.950
17.672,17.617,15.326,16.030,11.847,12.149,10.055,12.491,15.712,14.493,17.029,14.089,16.669,16.216,15.336,13.302,12.668,11.318,9.166,8.417,8.440,6.738,0.000,6.518,8.129,9.592
17.611,17.860,16.137,16.275,12.670,12.099,10.226,12.790,15.577,15.101,17.249,15.051,17.202,16.790,16.328,14.667,13.528,12.793,11.854,10.171,9.066,8.625,6.518,0.000,6.918,9.184
17.581,17.896,16.777,16.720,14.287,13.206,12.313,14.668,16.531,16.463,17.395,15.952,17.588,17.171,16.740,16.038,14.680,13.583,13.184,12.029,10.560,9.350,8.129,6.918,0.000,7.795
17.227,17.490,16.848,16.860,15.197,14.136,13.579,15.491,16.863,16.847,17.616,16.451,17.786,17.771,17.298,16.648,15.956,14.747,13.958,13.541,12.388,10.950,9.592,9.184,7.795,0.000