c1,c2,c3,c4,c5,c6,c7,c8,c9,c10,c11,c12,c13,c14,c15,c16,c17,c18,c19,c20,c21,c22,c23,c24,c25,c26
0.000,6.631,7.878,10.796,13.415,15.146,17.627,16.788,15.468,13.938,9.914,9.806,9.322,10.084,12.152,12.493,12.915,13.386,14.972,15.384,15.600,16.465,17.355,17.397,17.388,17.288
6.631,0.000,6.173,8.234,11.134,13.449,15.883,14.326,12.493,10.438,5.940,7.316,7.192,9.354,11.497,11.629,12.146,12.478,14.464,15.034,15.172,16.474,17.550,17.707,17.706,17.665
7.878,6.173,0.000,6.046,8.087,9.843,12.674,12.229,11.338,9.829,7.205,5.449,8.235,8.807,10.851,9.979,9.840,9.356,11.790,12.182,11.983,13.941,15.506,15.969,16.601,17.239
10.796,8.234,6.046,0.000,6.173,7.416,9.931,8.898,6.374,7.061,5.777,7.283,10.771,12.311,14.453,12.838,13.061,12.419,14.707,14.411,13.942,15.896,17.135,17.168,17.195,17.381
13.415,11.134,8.087,6.173,0.000,6.103,5.667,4.848,6.825,4.906,7.573,5.913,10.302,11.888,12.958,10.542,10.771,9.904,11.853,11.097,10.678,13.032,14.395,14.588,15.434,16.391
15.146,13.449,9.843,7.416,6.103,0.000,7.172,8.173,7.784,9.646,11.569,10.508,14.954,15.326,15.983,14.262,13.510,12.022,14.171,13.253,11.724,13.322,14.532,14.045,14.529,15.767
17.627,15.883,12.674,9.931,5.667,7.172,0.000,5.154,7.970,8.926,12.676,11.106,15.209,16.332,16.237,14.018,13.492,11.980,13.637,12.373,10.415,12.224,13.170,12.848,13.715,15.123
16.788,14.326,12.229,8.898,4.848,8.173,5.154,0.000,5.994,5.072,10.000,10.019,13.815,15.997,16.211,13.437,13.308,12.728,14.220,13.082,11.851,13.958,14.785,14.362,15.297,16.032
15.468,12.493,11.338,6.374,6.825,7.784,7.970,5.994,0.000,7.462,11.015,11.530,15.005,17.399,17.843,15.648,15.564,15.275,16.844,15.747,15.027,16.894,16.922,16.402,17.058,17.101
13.938,10.438,9.829,7.061,4.906,9.646,8.926,5.072,7.462,0.000,8.700,8.515,11.195,13.663,14.253,11.628,12.207,11.897,13.667,12.864,12.984,15.215,15.896,16.022,16.732,17.081
9.914,5.940,7.205,5.777,7.573,11.569,12.676,10.000,11.015,8.700,0.000,9.100,10.724,12.453,12.916,11.375,12.160,12.329,14.359,14.507,15.028,16.582,17.593,17.574,17.641,17.696
9.806,7.316,5.449,7.283,5.913,10.508,11.106,10.019,11.530,8.515,9.100,0.000,8.966,10.178,9.790,7.461,8.164,8.250,10.519,10.650,11.541,13.373,14.649,15.401,16.354,16.962
9.322,7.192,8.235,10.771,10.302,14.954,15.209,13.815,15.005,11.195,10.724,8.966,0.000,8.061,8.651,7.721,9.087,10.261,11.835,12.218,13.454,14.806,16.062,17.006,17.879,17.951
10.084,9.354,8.807,12.311,11.888,15.326,16.332,15.997,17.399,13.663,12.453,10.178,8.061,0.000,8.020,8.485,8.328,9.129,11.291,11.942,12.343,13.491,15.483,16.294,17.012,17.919
12.152,11.497,10.851,14.453,12.958,15.983,16.237,16.211,17.843,14.253,12.916,9.790,8.651,8.020,0.000,7.872,8.934,7.963,8.832,10.925,12.100,11.917,13.625,15.683,16.465,17.100
12.493,11.629,9.979,12.838,10.542,14.262,14.018,13.437,15.648,11.628,11.375,7.461,7.721,8.485,7.872,0.000,7.062,8.520,7.251,7.771,10.647,11.327,11.691,13.454,15.552,16.409
12.915,12.146,9.840,13.061,10.771,13.510,13.492,13.308,15.564,12.207,12.160,8.164,9.087,8.328,8.934,7.062,0.000,6.419,8.439,6.895,7.851,10.437,11.610,12.187,13.838,15.730
13.386,12.478,9.356,12.419,9.904,12.022,11.980,12.728,15.275,11.897,12.329,8.250,10.261,9.129,7.963,8.520,6.419,0.000,6.281,8.073,6.800,7.399,10.431,11.751,12.151,13.950
14.972,14.464,11.790,14.707,11.853,14.171,13.637,14.220,16.844,13.667,14.359,10.519,11.835,11.291,8.832,7.251,8.439,6.281,0.000,5.974,8.061,6.658,7.573,10.733,12.032,12.609
15.384,15.034,12.182,14.411,11.097,13.253,12.373,13.082,15.747,12.864,14.507,10.650,12.218,11.942,10.925,7.771,6.895,8.073,5.974,0.000,6.039,7.933,7.096,8.564,11.397,12.598
15.600,15.172,11.983,13.942,10.678,11.724,10.415,11.851,15.027,12.984,15.028,11.541,13.454,12.343,12.100,10.647,7.851,6.800,8.061,6.039,0.000,5.891,7.729,7.535,9.007,11.241
16.465,16.474,13.941,15.896,13.032,13.322,12.224,13.958,16.894,15.215,16.582,13.373,14.806,13.491,11.917,11.327,10.437,7.399,6.658,7.933,5.891,0.000,5.853,7.719,8.051,9.549
17.355,17.550,15.506,17.135,14.395,14.532,13.170,14.785,16.922,15.896,17.593,14.649,16.062,15.483,13.625,11.691,11.610,10.431,7.573,7.096,7.729,5.853,0.000,5.815,7.633,8.476
17.397,17.707,15.969,17.168,14.588,14.045,12.848,14.362,16.402,16.022,17.574,15.401,17.006,16.294,15.683,13.454,12.187,11.751,10.733,8.564,7.535,7.719,5.815,0.000,5.885,8.095
17.388,17.706,16.601,17.195,15.434,14.529,13.715,15.297,17.058,16.732,17.641,16.354,17.879,17.012,16.465,15.552,13.838,12.151,12.032,11.397,9.007,8.051,7.633,5.885,0.000,6.447
17.288,17.665,17.239,17.381,16.391,15.767,15.123,16.032,17.101,17.081,17.696,16.962,17.951,17.919,17.100,16.409,15.730,13.950,12.609,12.598,11.241,9.549,8.476,8.095,6.447,0.000