c1,c2,c3,c4,c5,c6,c7,c8,c9,c10,c11,c12,c13,c14,c15,c16,c17,c18,c19,c20,c21,c22,c23,c24,c25,c26
0.000,6.814,8.117,11.014,13.674,15.227,17.606,16.893,15.326,13.919,9.848,9.936,9.792,10.536,12.841,12.799,13.147,13.880,15.394,15.859,16.397,17.335,17.650,17.317,17.312,16.989
6.814,0.000,6.290,8.419,11.378,13.605,16.043,14.470,12.436,10.504,5.954,7.411,7.473,9.178,11.835,11.249,11.453,12.374,14.125,14.806,15.243,17.110,17.665,17.454,17.485,17.128
8.117,6.290,0.000,6.135,8.421,9.876,12.775,12.417,11.405,9.877,7.181,5.466,8.382,8.620,11.221,9.574,8.799,8.882,11.212,11.947,12.235,14.425,15.582,15.742,16.294,16.256
11.014,8.419,6.135,0.000,6.377,7.649,9.924,8.896,6.241,7.021,5.811,7.280,10.946,12.364,14.988,12.627,12.337,12.054,13.885,13.361,12.366,15.280,16.177,15.797,16.251,16.340
13.674,11.378,8.421,6.377,0.000,6.322,5.779,4.894,6.786,4.947,7.564,6.077,10.602,12.156,13.534,10.270,10.030,9.056,10.282,8.933,8.048,11.262,12.454,12.291,13.966,14.610
15.227,13.605,9.876,7.649,6.322,0.000,7.803,8.315,7.865,9.887,11.757,10.673,15.257,15.464,16.585,14.359,13.146,11.374,12.911,11.795,9.080,11.940,12.486,11.825,12.898,13.394
17.606,16.043,12.775,9.924,5.779,7.803,0.000,5.210,8.050,8.999,12.846,11.399,15.592,16.840,16.939,14.089,13.237,11.584,12.162,10.483,7.274,9.993,10.408,9.594,11.949,12.791
16.893,14.470,12.417,8.896,4.894,8.315,5.210,0.000,6.273,5.197,10.140,10.433,14.168,16.421,17.070,13.710,13.531,12.594,12.722,11.033,8.887,12.221,12.802,12.006,14.276,14.689
15.326,12.436,11.405,6.241,6.786,7.865,8.050,6.273,0.000,8.633,11.833,11.716,15.265,17.505,18.285,15.788,15.910,15.069,15.724,14.137,12.249,15.430,15.655,14.725,16.282,16.281
13.919,10.504,9.877,7.021,4.947,9.887,8.999,5.197,8.633,0.000,8.903,8.992,11.676,13.959,14.777,11.714,12.332,11.787,12.392,11.355,10.847,13.699,14.824,14.540,16.279,16.398
9.848,5.954,7.181,5.811,7.564,11.757,12.846,10.140,11.833,8.903,0.000,9.302,10.936,12.853,13.481,11.587,12.599,12.665,14.120,13.797,13.572,16.326,17.161,16.513,17.326,17.459
9.936,7.411,5.466,7.280,6.077,10.673,11.399,10.433,11.716,8.992,9.302,0.000,9.094,10.117,10.275,7.463,7.854,7.998,10.029,10.084,10.846,13.198,14.479,14.623,15.972,16.317
9.792,7.473,8.382,10.946,10.602,15.257,15.592,14.168,15.265,11.676,10.936,9.094,0.000,8.530,8.710,7.784,9.552,10.802,12.365,13.068,14.189,15.898,16.927,16.725,17.393,17.767
10.536,9.178,8.620,12.364,12.156,15.464,16.840,16.421,17.505,13.959,12.853,10.117,8.530,0.000,8.946,9.311,9.853,10.578,13.112,13.487,14.292,15.582,16.820,16.569,17.040,17.661
12.841,11.835,11.221,14.988,13.534,16.585,16.939,17.070,18.285,14.777,13.481,10.275,8.710,8.946,0.000,9.348,10.432,10.113,11.838,13.394,14.599,15.583,16.647,16.716,17.103,17.614
12.799,11.249,9.574,12.627,10.270,14.359,14.089,13.710,15.788,11.714,11.587,7.463,7.784,9.311,9.348,0.000,8.201,9.161,9.281,10.332,12.691,13.661,14.671,15.108,16.453,16.883
13.147,11.453,8.799,12.337,10.030,13.146,13.237,13.531,15.910,12.332,12.599,7.854,9.552,9.853,10.432,8.201,0.000,7.800,9.393,9.481,11.227,13.212,14.078,14.264,15.394,16.312
13.880,12.374,8.882,12.054,9.056,11.374,11.584,12.594,15.069,11.787,12.665,7.998,10.802,10.578,10.113,9.161,7.800,0.000,7.459,8.865,9.459,10.870,12.989,13.450,14.338,15.264
15.394,14.125,11.212,13.885,10.282,12.911,12.162,12.722,15.724,12.392,14.120,10.029,12.365,13.112,11.838,9.281,9.393,7.459,0.000,6.544,8.835,9.116,10.740,12.484,13.743,14.622
15.859,14.806,11.947,13.361,8.933,11.795,10.483,11.033,14.137,11.355,13.797,10.084,13.068,13.487,13.394,10.332,9.481,8.865,6.544,0.000,6.797,8.540,9.433,10.701,12.849,14.284
16.397,15.243,12.235,12.366,8.048,9.080,7.274,8.887,12.249,10.847,13.572,10.846,14.189,14.292,14.599,12.691,11.227,9.459,8.835,6.797,0.000,7.008,8.290,9.070,10.919,12.781
17.335,17.110,14.425,15.280,11.262,11.940,9.993,12.221,15.430,13.699,16.326,13.198,15.898,15.582,15.583,13.661,13.212,10.870,9.116,8.540,7.008,0.000,6.958,8.439,9.579,11.554
17.650,17.665,15.582,16.177,12.454,12.486,10.408,12.802,15.655,14.824,17.161,14.479,16.927,16.820,16.647,14.671,14.078,12.989,10.740,9.433,8.290,6.958,0.000,6.764,8.365,10.342
17.317,17.454,15.742,15.797,12.291,11.825,9.594,12.006,14.725,14.540,16.513,14.623,16.725,16.569,16.716,15.108,14.264,13.450,12.484,10.701,9.070,8.439,6.764,0.000,7.096,9.710
17.312,17.485,16.294,16.251,13.966,12.898,11.949,14.276,16.282,16.279,17.326,15.972,17.393,17.040,17.103,16.453,15.394,14.338,13.743,12.849,10.919,9.579,8.365,7.096,0.000,7.987
16.989,17.128,16.256,16.340,14.610,13.394,12.791,14.689,16.281,16.398,17.459,16.317,17.767,17.661,17.614,16.883,16.312,15.264,14.622,14.284,12.781,11.554,10.342,9.710,7.987,0.000