c1,c2,c3,c4,c5,c6,c7,c8,c9,c10,c11,c12,c13,c14,c15,c16,c17,c18,c19,c20,c21,c22,c23,c24,c25,c26
0.000,7.255,8.327,10.926,13.649,15.187,17.601,16.913,15.396,13.865,10.024,10.078,10.189,11.061,13.415,13.372,12.729,13.847,15.617,15.458,15.573,17.129,17.926,17.422,17.409,17.545
7.255,0.000,6.497,8.521,11.556,13.623,16.197,14.641,12.668,10.708,6.373,7.612,7.789,9.506,12.219,11.951,10.986,12.360,14.518,14.194,14.199,16.641,17.787,17.377,17.513,17.788
8.327,6.497,0.000,6.248,8.568,9.984,12.843,12.544,11.480,9.892,7.245,5.573,8.470,8.746,11.060,9.985,8.063,8.700,11.500,11.345,10.801,13.446,15.182,15.018,15.963,16.947
10.926,8.521,6.248,0.000,6.466,7.817,9.931,8.921,6.330,7.048,5.862,7.317,10.899,12.353,14.852,12.888,11.350,12.173,14.515,12.769,11.364,14.995,16.355,15.350,16.157,16.968
13.649,11.556,8.568,6.466,0.000,6.467,6.081,4.947,6.793,4.940,7.592,6.161,10.615,11.878,13.044,10.377,8.815,9.047,10.645,8.381,6.848,10.581,11.779,10.911,12.942,14.635
15.187,13.623,9.984,7.817,6.467,0.000,7.931,8.355,7.857,9.817,11.825,10.810,15.308,15.235,16.129,14.572,12.047,11.348,13.786,11.899,8.580,12.075,12.996,11.388,12.221,13.908
17.601,16.197,12.843,9.931,6.081,7.931,0.000,5.282,8.241,9.021,12.875,11.614,15.740,16.607,16.557,14.256,12.359,11.703,12.866,10.579,6.658,10.231,10.473,8.473,10.805,12.688
16.913,14.641,12.544,8.921,4.947,8.355,5.282,0.000,6.428,5.465,10.294,10.590,14.326,16.303,16.792,13.670,12.509,12.941,13.283,10.564,8.425,12.257,12.388,10.510,13.292,14.653
15.396,12.668,11.480,6.330,6.793,7.857,8.241,6.428,0.000,8.968,13.001,12.240,15.641,17.601,18.272,16.146,14.988,15.680,16.300,13.797,12.149,15.949,15.908,14.093,16.106,16.752
13.865,10.708,9.892,7.048,4.940,9.817,9.021,5.465,8.968,0.000,9.709,9.643,12.245,13.992,14.668,11.864,11.348,12.377,12.920,10.585,10.231,13.763,14.428,13.400,15.838,16.728
10.024,6.373,7.245,5.862,7.592,11.825,12.875,10.294,13.001,9.709,0.000,10.206,11.976,13.258,13.855,12.113,11.571,13.050,14.566,13.244,13.135,16.300,17.400,16.546,17.511,17.969
10.078,7.612,5.573,7.317,6.161,10.810,11.614,10.590,12.240,9.643,10.206,0.000,9.627,10.509,10.390,7.486,6.919,8.416,10.041,9.194,9.870,12.686,14.020,13.868,15.725,16.836
10.189,7.789,8.470,10.899,10.615,15.308,15.740,14.326,15.641,12.245,11.976,9.627,0.000,8.729,10.095,8.603,9.070,10.927,12.054,11.960,13.165,15.188,16.550,16.826,17.825,18.218
11.061,9.506,8.746,12.353,11.878,15.235,16.607,16.303,17.601,13.992,13.258,10.509,8.729,0.000,9.366,9.707,8.611,9.810,12.135,12.265,12.577,14.058,16.044,16.303,17.036,18.077
13.415,12.219,11.060,14.852,13.044,16.129,16.557,16.792,18.272,14.668,13.855,10.390,10.095,9.366,0.000,9.799,10.370,8.763,9.953,11.703,12.766,13.025,14.983,15.978,16.684,17.588
13.372,11.951,9.985,12.888,10.377,14.572,14.256,13.670,16.146,11.864,12.113,7.486,8.603,9.707,9.799,0.000,7.970,9.367,7.855,8.345,11.010,11.871,12.627,13.661,15.911,16.853
12.729,10.986,8.063,11.350,8.815,12.047,12.359,12.509,14.988,11.348,11.571,6.919,9.070,8.611,10.370,7.970,0.000,7.175,9.518,7.469,8.405,11.096,12.187,12.181,14.038,15.975
13.847,12.360,8.700,12.173,9.047,11.348,11.703,12.941,15.680,12.377,13.050,8.416,10.927,9.810,8.763,9.367,7.175,0.000,6.959,8.863,7.475,8.131,11.260,11.928,12.574,14.363
15.617,14.518,11.500,14.515,10.645,13.786,12.866,13.283,16.300,12.920,14.566,10.041,12.054,12.135,9.953,7.855,9.518,6.959,0.000,6.342,8.826,7.336,8.719,11.324,12.645,13.552
15.458,14.194,11.345,12.769,8.381,11.899,10.579,10.564,13.797,10.585,13.244,9.194,11.960,12.265,11.703,8.345,7.469,8.863,6.342,0.000,6.670,8.595,7.993,8.745,11.993,13.379
15.573,14.199,10.801,11.364,6.848,8.580,6.658,8.425,12.149,10.231,13.135,9.870,13.165,12.577,12.766,11.010,8.405,7.475,8.826,6.670,0.000,6.583,8.376,7.617,9.784,11.841
17.129,16.641,13.446,14.995,10.581,12.075,10.231,12.257,15.949,13.763,16.300,12.686,15.188,14.058,13.025,11.871,11.096,8.131,7.336,8.595,6.583,0.000,6.544,8.273,8.487,10.368
17.926,17.787,15.182,16.355,11.779,12.996,10.473,12.388,15.908,14.428,17.400,14.020,16.550,16.044,14.983,12.627,12.187,11.260,8.719,7.993,8.376,6.544,0.000,6.464,8.288,9.671
17.422,17.377,15.018,15.350,10.911,11.388,8.473,10.510,14.093,13.400,16.546,13.868,16.826,16.303,15.978,13.661,12.181,11.928,11.324,8.745,7.617,8.273,6.464,0.000,6.742,9.536
17.409,17.513,15.963,16.157,12.942,12.221,10.805,13.292,16.106,15.838,17.511,15.725,17.825,17.036,16.684,15.911,14.038,12.574,12.645,11.993,9.784,8.487,8.288,6.742,0.000,7.414
17.545,17.788,16.947,16.968,14.635,13.908,12.688,14.653,16.752,16.728,17.969,16.836,18.218,18.077,17.588,16.853,15.975,14.363,13.552,13.379,11.841,10.368,9.671,9.536,7.414,0.000