c1,c2,c3,c4,c5,c6,c7,c8,c9,c10,c11,c12,c13,c14,c15,c16,c17,c18,c19,c20,c21,c22,c23,c24,c25,c26
0.000,6.638,7.834,10.796,13.357,15.112,17.492,16.659,15.412,13.876,9.745,9.686,9.049,9.828,12.181,12.593,13.653,14.860,14.541,14.772,14.513,14.846,15.255,14.991,15.282,15.329
6.638,0.000,6.247,8.347,11.186,13.469,15.886,14.298,12.530,10.410,5.961,7.299,7.284,9.367,11.661,11.669,13.186,14.707,14.062,14.467,14.082,14.937,15.264,15.267,15.426,15.405
7.834,6.247,0.000,6.088,8.141,9.822,12.630,12.201,11.352,9.873,7.189,5.565,8.348,8.933,11.388,10.395,11.479,12.492,11.698,11.976,11.297,12.826,13.654,14.168,14.692,14.891
10.796,8.347,6.088,0.000,6.172,7.457,9.962,8.924,6.351,7.043,5.770,7.315,10.881,12.529,14.864,13.305,14.887,15.636,14.251,14.155,12.847,14.598,14.807,15.163,15.361,15.096
13.357,11.186,8.141,6.172,0.000,6.215,5.594,4.838,6.844,4.956,7.502,5.850,10.310,12.094,13.524,11.148,13.215,13.287,11.825,11.727,10.635,12.725,13.157,14.145,15.070,15.294
15.112,13.469,9.822,7.457,6.215,0.000,6.864,8.223,7.907,9.765,11.602,10.408,14.791,15.365,16.261,14.189,15.148,14.996,13.443,12.757,10.899,12.572,12.586,13.108,13.951,14.441
17.492,15.886,12.630,9.962,5.594,6.864,0.000,5.125,7.970,8.928,12.610,11.070,15.094,16.455,16.575,14.407,15.335,14.977,13.541,13.016,10.735,12.612,12.320,13.135,14.243,14.749
16.659,14.298,12.201,8.924,4.838,8.223,5.125,0.000,6.089,5.092,10.020,10.120,13.834,16.102,16.726,14.302,15.547,15.459,14.154,13.933,12.047,13.969,13.900,14.549,15.442,15.597
15.412,12.530,11.352,6.351,6.844,7.907,7.970,6.089,0.000,8.007,10.478,11.380,14.876,17.282,17.939,15.796,16.970,17.225,16.192,15.883,14.271,16.089,15.402,15.588,16.122,15.888
13.876,10.410,9.873,7.043,4.956,9.765,8.928,5.092,8.007,0.000,8.544,8.016,10.985,13.665,14.634,12.500,14.635,15.018,13.556,13.721,12.545,14.440,14.654,15.563,16.264,16.186
9.745,5.961,7.189,5.770,7.502,11.602,12.610,10.020,10.478,8.544,0.000,8.954,9.754,11.987,12.856,11.958,14.191,15.229,14.201,14.624,13.725,15.304,15.567,15.991,15.995,15.961
9.686,7.299,5.565,7.315,5.850,10.408,11.070,10.120,11.380,8.016,8.954,0.000,8.910,9.548,10.008,8.373,10.532,11.757,10.861,11.227,10.856,12.514,13.452,14.720,15.843,16.011
9.049,7.284,8.348,10.881,10.310,14.791,15.094,13.834,14.876,10.985,9.754,8.910,0.000,8.230,7.614,8.070,10.391,12.226,11.712,12.860,12.926,14.371,15.394,16.005,16.628,16.571
9.828,9.367,8.933,12.529,12.094,15.365,16.455,16.102,17.282,13.665,11.987,9.548,8.230,0.000,7.957,8.243,9.664,11.019,11.607,12.840,13.022,13.818,15.353,15.639,16.433,16.575
12.181,11.661,11.388,14.864,13.524,16.261,16.575,16.726,17.939,14.634,12.856,10.008,7.614,7.957,0.000,7.737,8.524,9.763,9.769,11.782,12.738,13.389,15.028,15.726,16.707,16.861
12.593,11.669,10.395,13.305,11.148,14.189,14.407,14.302,15.796,12.500,11.958,8.373,8.070,8.243,7.737,0.000,7.275,8.358,7.733,9.264,10.896,11.747,13.390,14.295,15.750,16.097
13.653,13.186,11.479,14.887,13.215,15.148,15.335,15.547,16.970,14.635,14.191,10.532,10.391,9.664,8.524,7.275,0.000,6.555,8.193,9.318,11.034,12.588,14.593,15.186,16.121,16.579
14.860,14.707,12.492,15.636,13.287,14.996,14.977,15.459,17.225,15.018,15.229,11.757,12.226,11.019,9.763,8.358,6.555,0.000,6.855,8.185,10.080,10.873,13.755,14.811,15.286,15.847
14.541,14.062,11.698,14.251,11.825,13.443,13.541,14.154,16.192,13.556,14.201,10.861,11.712,11.607,9.769,7.733,8.193,6.855,0.000,6.421,8.369,8.613,10.816,13.274,14.564,15.212
14.772,14.467,11.976,14.155,11.727,12.757,13.016,13.933,15.883,13.721,14.624,11.227,12.860,12.840,11.782,9.264,9.318,8.185,6.421,0.000,6.474,7.822,9.543,11.755,14.013,15.294
14.513,14.082,11.297,12.847,10.635,10.899,10.735,12.047,14.271,12.545,13.725,10.856,12.926,13.022,12.738,10.896,11.034,10.080,8.369,6.474,0.000,6.523,7.729,9.488,11.521,13.438
14.846,14.937,12.826,14.598,12.725,12.572,12.612,13.969,16.089,14.440,15.304,12.514,14.371,13.818,13.389,11.747,12.588,10.873,8.613,7.822,6.523,0.000,6.321,7.860,9.652,11.547
15.255,15.264,13.654,14.807,13.157,12.586,12.320,13.900,15.402,14.654,15.567,13.452,15.394,15.353,15.028,13.390,14.593,13.755,10.816,9.543,7.729,6.321,0.000,6.164,7.565,9.668
14.991,15.267,14.168,15.163,14.145,13.108,13.135,14.549,15.588,15.563,15.991,14.720,16.005,15.639,15.726,14.295,15.186,14.811,13.274,11.755,9.488,7.860,6.164,0.000,6.241,8.125
15.282,15.426,14.692,15.361,15.070,13.951,14.243,15.442,16.122,16.264,15.995,15.843,16.628,16.433,16.707,15.750,16.121,15.286,14.564,14.013,11.521,9.652,7.565,6.241,0.000,7.049
15.329,15.405,14.891,15.096,15.294,14.441,14.749,15.597,15.888,16.186,15.961,16.011,16.571,16.575,16.861,16.097,16.579,15.847,15.212,15.294,13.438,11.547,9.668,8.125,7.049,0.000