c1,c2,c3,c4,c5,c6,c7,c8,c9,c10,c11,c12,c13,c14,c15,c16,c17,c18,c19,c20,c21,c22,c23,c24,c25,c26
0.000,6.788,8.018,10.603,13.440,14.868,17.302,16.712,14.965,13.633,9.904,9.829,9.948,11.440,13.327,13.491,13.757,13.729,14.923,15.731,16.052,17.112,17.720,17.608,17.524,17.262
6.788,0.000,6.226,8.368,11.274,13.454,16.042,14.546,12.533,10.684,6.489,7.504,7.777,9.809,11.861,12.109,12.303,12.137,13.622,14.679,14.594,16.450,17.565,17.683,17.735,17.501
8.018,6.226,0.000,6.180,8.349,9.789,12.765,12.541,11.335,9.868,7.190,5.552,8.128,9.056,10.966,10.540,9.964,9.032,11.078,12.187,11.720,14.043,15.548,15.943,16.573,16.786
10.603,8.368,6.180,0.000,6.508,7.656,9.933,8.884,6.196,6.941,5.796,7.148,10.621,12.270,14.561,13.764,13.227,11.926,13.329,13.416,11.553,14.348,15.859,15.763,16.264,16.654
13.440,11.274,8.349,6.508,0.000,6.449,5.816,4.881,6.825,4.923,7.552,6.050,10.245,11.753,13.194,11.604,10.857,9.259,9.872,9.358,7.206,10.358,11.903,12.309,13.857,14.686
14.868,13.454,9.789,7.656,6.449,0.000,7.680,8.312,7.908,9.797,11.647,10.530,14.781,15.217,16.066,14.823,13.565,11.312,12.656,12.285,8.772,11.205,12.244,12.014,13.084,13.749
17.302,16.042,12.765,9.933,5.816,7.680,0.000,5.237,7.988,8.961,12.694,11.337,15.213,16.280,16.468,14.852,13.488,11.441,11.934,10.654,6.521,8.950,9.734,9.611,11.897,12.992
16.712,14.546,12.541,8.884,4.881,8.312,5.237,0.000,6.387,5.237,10.089,10.454,13.992,16.089,16.870,14.831,13.770,12.496,12.530,11.096,7.860,10.764,11.926,11.808,13.915,14.909
14.965,12.533,11.335,6.196,6.825,7.908,7.988,6.387,0.000,8.761,11.562,11.768,14.963,17.126,18.018,16.826,16.086,14.691,15.141,14.302,11.680,14.283,15.192,14.686,16.060,16.420
13.633,10.684,9.868,6.941,4.923,9.797,8.961,5.237,8.761,0.000,9.489,9.356,11.537,13.604,15.059,13.494,13.091,11.851,12.193,11.522,9.822,12.694,14.224,14.351,16.077,16.556
9.904,6.489,7.190,5.796,7.552,11.647,12.694,10.089,11.562,9.489,0.000,9.558,10.832,12.230,13.611,13.288,13.277,12.375,13.353,13.801,12.560,15.227,16.736,16.478,17.080,17.426
9.829,7.504,5.552,7.148,6.050,10.530,11.337,10.454,11.768,9.356,9.558,0.000,9.811,10.238,10.894,9.514,9.469,8.802,9.813,10.626,10.417,12.859,14.533,14.833,15.900,16.443
9.948,7.777,8.128,10.621,10.245,14.781,15.213,13.992,14.963,11.537,10.832,9.811,0.000,9.507,10.416,9.235,10.024,10.726,11.892,12.730,13.279,15.321,16.554,16.697,17.313,17.561
11.440,9.809,9.056,12.270,11.753,15.217,16.280,16.089,17.126,13.604,12.230,10.238,9.507,0.000,9.083,9.566,9.721,9.978,11.900,12.997,13.262,14.748,16.188,16.410,16.885,17.705
13.327,11.861,10.966,14.561,13.194,16.066,16.468,16.870,18.018,15.059,13.611,10.894,10.416,9.083,0.000,9.507,10.202,9.913,10.972,12.878,13.792,14.430,15.581,16.205,16.745,17.363
13.491,12.109,10.540,13.764,11.604,14.823,14.852,14.831,16.826,13.494,13.288,9.514,9.235,9.566,9.507,0.000,8.481,9.390,8.843,9.857,12.247,13.102,13.828,14.481,16.001,16.660
13.757,12.303,9.964,13.227,10.857,13.565,13.488,13.770,16.086,13.091,13.277,9.469,10.024,9.721,10.202,8.481,0.000,7.845,9.112,8.967,10.139,12.452,13.553,13.479,14.712,15.967
13.729,12.137,9.032,11.926,9.259,11.312,11.441,12.496,14.691,11.851,12.375,8.802,10.726,9.978,9.913,9.390,7.845,0.000,7.674,8.763,8.510,9.390,12.017,12.586,13.333,14.490
14.923,13.622,11.078,13.329,9.872,12.656,11.934,12.530,15.141,12.193,13.353,9.813,11.892,11.900,10.972,8.843,9.112,7.674,0.000,6.859,8.497,8.467,9.433,11.652,13.100,13.768
15.731,14.679,12.187,13.416,9.358,12.285,10.654,11.096,14.302,11.522,13.801,10.626,12.730,12.997,12.878,9.857,8.967,8.763,6.859,0.000,7.248,8.678,8.642,9.404,11.828,13.144
16.052,14.594,11.720,11.553,7.206,8.772,6.521,7.860,11.680,9.822,12.560,10.417,13.279,13.262,13.792,12.247,10.139,8.510,8.497,7.248,0.000,7.046,8.429,8.334,10.161,12.056
17.112,16.450,14.043,14.348,10.358,11.205,8.950,10.764,14.283,12.694,15.227,12.859,15.321,14.748,14.430,13.102,12.452,9.390,8.467,8.678,7.046,0.000,6.698,8.131,9.246,10.780
17.720,17.565,15.548,15.859,11.903,12.244,9.734,11.926,15.192,14.224,16.736,14.533,16.554,16.188,15.581,13.828,13.553,12.017,9.433,8.642,8.429,6.698,0.000,6.716,8.046,9.491
17.608,17.683,15.943,15.763,12.309,12.014,9.611,11.808,14.686,14.351,16.478,14.833,16.697,16.410,16.205,14.481,13.479,12.586,11.652,9.404,8.334,8.131,6.716,0.000,6.896,9.112
17.524,17.735,16.573,16.264,13.857,13.084,11.897,13.915,16.060,16.077,17.080,15.900,17.313,16.885,16.745,16.001,14.712,13.333,13.100,11.828,10.161,9.246,8.046,6.896,0.000,7.793
17.262,17.501,16.786,16.654,14.686,13.749,12.992,14.909,16.420,16.556,17.426,16.443,17.561,17.705,17.363,16.660,15.967,14.490,13.768,13.144,12.056,10.780,9.491,9.112,7.793,0.000