c1,c2,c3,c4,c5,c6,c7,c8,c9,c10,c11,c12,c13,c14,c15,c16,c17,c18,c19,c20,c21,c22,c23,c24,c25,c26
0.000,6.664,7.911,10.808,13.450,15.143,17.605,16.730,15.415,13.862,9.849,9.819,9.404,10.226,12.272,12.767,12.986,13.481,15.218,15.668,15.785,16.647,17.535,17.517,17.559,17.281
6.664,0.000,6.169,8.273,11.264,13.488,15.961,14.356,12.544,10.468,5.973,7.356,7.219,9.247,11.488,11.808,12.112,12.450,14.623,15.280,15.249,16.592,17.733,17.848,17.953,17.641
7.911,6.169,0.000,6.034,8.157,9.862,12.709,12.221,11.376,9.851,7.190,5.447,8.253,8.765,10.626,10.003,9.603,9.054,11.743,12.188,11.913,13.939,15.586,16.026,16.831,17.211
10.808,8.273,6.034,0.000,6.127,7.428,9.939,8.907,6.354,7.056,5.776,7.304,10.802,12.286,14.429,12.854,12.906,12.190,14.791,14.412,13.729,15.858,17.210,17.157,17.331,17.359
13.450,11.264,8.157,6.127,0.000,6.185,5.685,4.829,6.805,4.911,7.566,5.935,10.332,11.907,12.867,10.483,10.580,9.492,11.768,10.869,10.386,12.892,14.342,14.445,15.500,16.365
15.143,13.488,9.862,7.428,6.185,0.000,7.449,8.214,7.823,9.723,11.614,10.531,14.978,15.337,15.825,14.157,13.319,11.620,14.004,12.948,11.058,13.077,14.374,13.844,14.469,15.618
17.605,15.961,12.709,9.939,5.685,7.449,0.000,5.134,7.976,8.923,12.700,11.116,15.271,16.421,16.212,13.979,13.279,11.716,13.559,12.114,10.023,12.056,12.963,12.593,13.705,15.022
16.730,14.356,12.221,8.907,4.829,8.214,5.134,0.000,5.899,5.059,10.014,10.111,13.837,16.075,16.327,13.468,13.281,12.595,14.236,12.986,11.509,13.750,14.722,14.259,15.249,15.886
15.415,12.544,11.376,6.354,6.805,7.823,7.976,5.899,0.000,7.499,11.229,11.551,15.062,17.423,17.892,15.740,15.583,15.142,16.938,15.801,14.709,16.734,17.006,16.357,17.019,17.001
13.862,10.468,9.851,7.056,4.911,9.723,8.923,5.059,7.499,0.000,8.392,8.551,11.221,13.688,14.253,11.653,12.058,11.761,13.704,12.849,12.664,15.022,15.859,15.992,16.776,17.071
9.849,5.973,7.190,5.776,7.566,11.614,12.700,10.014,11.229,8.392,0.000,9.036,10.710,12.515,12.989,11.444,12.020,12.221,14.483,14.608,14.879,16.548,17.573,17.560,17.633,17.636
9.819,7.356,5.447,7.304,5.935,10.531,11.116,10.111,11.551,8.551,9.036,0.000,8.835,10.279,9.932,7.470,7.976,8.072,10.579,10.761,11.412,13.293,14.616,15.362,16.479,16.951
9.404,7.219,8.253,10.802,10.332,14.978,15.271,13.837,15.062,11.221,10.710,8.835,0.000,8.012,8.849,7.927,9.090,10.208,11.895,12.387,13.409,14.745,16.186,17.077,17.964,17.916
10.226,9.247,8.765,12.286,11.907,15.337,16.421,16.075,17.423,13.688,12.515,10.279,8.012,0.000,8.019,8.602,8.204,9.102,11.306,12.011,12.379,13.508,15.530,16.300,17.172,17.861
12.272,11.488,10.626,14.429,12.867,15.825,16.212,16.327,17.892,14.253,12.989,9.932,8.849,8.019,0.000,7.920,9.042,7.939,8.979,11.029,12.141,11.983,13.774,15.683,16.612,17.161
12.767,11.808,10.003,12.854,10.483,14.157,13.979,13.468,15.740,11.653,11.444,7.470,7.927,8.602,7.920,0.000,7.042,8.553,7.319,7.905,10.725,11.402,11.881,13.544,15.667,16.417
12.986,12.112,9.603,12.906,10.580,13.319,13.279,13.281,15.583,12.058,12.020,7.976,9.090,8.204,9.042,7.042,0.000,6.466,8.630,7.008,8.013,10.570,11.753,12.342,14.074,15.748
13.481,12.450,9.054,12.190,9.492,11.620,11.716,12.595,15.142,11.761,12.221,8.072,10.208,9.102,7.939,8.553,6.466,0.000,6.329,8.232,6.846,7.541,10.598,11.904,12.538,14.042
15.218,14.623,11.743,14.791,11.768,14.004,13.559,14.236,16.938,13.704,14.483,10.579,11.895,11.306,8.979,7.319,8.630,6.329,0.000,6.031,8.220,6.846,7.846,10.891,12.301,12.800
15.668,15.280,12.188,14.412,10.869,12.948,12.114,12.986,15.801,12.849,14.608,10.761,12.387,12.011,11.029,7.905,7.008,8.232,6.031,0.000,6.095,8.110,7.390,8.837,11.701,12.726
15.785,15.249,11.913,13.729,10.386,11.058,10.023,11.509,14.709,12.664,14.879,11.412,13.409,12.379,12.141,10.725,8.013,6.846,8.220,6.095,0.000,5.985,7.868,7.721,9.469,11.291
16.647,16.592,13.939,15.858,12.892,13.077,12.056,13.750,16.734,15.022,16.548,13.293,14.745,13.508,11.983,11.402,10.570,7.541,6.846,8.110,5.985,0.000,5.933,7.865,8.431,9.683
17.535,17.733,15.586,17.210,14.342,14.374,12.963,14.722,17.006,15.859,17.573,14.616,16.186,15.530,13.774,11.881,11.753,10.598,7.846,7.390,7.868,5.933,0.000,5.891,7.697,8.524
17.517,17.848,16.026,17.157,14.445,13.844,12.593,14.259,16.357,15.992,17.560,15.362,17.077,16.300,15.683,13.544,12.342,11.904,10.891,8.837,7.721,7.865,5.891,0.000,6.038,8.284
17.559,17.953,16.831,17.331,15.500,14.469,13.705,15.249,17.019,16.776,17.633,16.479,17.964,17.172,16.612,15.667,14.074,12.538,12.301,11.701,9.469,8.431,7.697,6.038,0.000,6.640
17.281,17.641,17.211,17.359,16.365,15.618,15.022,15.886,17.001,17.071,17.636,16.951,17.916,17.861,17.161,16.417,15.748,14.042,12.800,12.726,11.291,9.683,8.524,8.284,6.640,0.000