c1,c2,c3,c4,c5,c6,c7,c8,c9,c10,c11,c12,c13,c14,c15,c16,c17,c18,c19,c20,c21,c22,c23,c24,c25,c26
0.000,6.853,8.217,10.923,13.692,15.244,17.659,16.939,15.431,13.971,10.010,10.020,10.018,10.758,13.012,13.164,12.949,13.852,15.537,15.838,16.267,17.526,17.993,17.782,17.745,17.322
6.853,0.000,6.336,8.360,11.379,13.547,16.107,14.560,12.534,10.588,6.137,7.484,7.612,9.206,11.928,11.612,11.192,12.468,14.371,14.542,14.745,17.144,18.040,18.009,18.059,17.601
8.217,6.336,0.000,6.134,8.443,9.890,12.838,12.478,11.452,9.878,7.207,5.513,8.346,8.586,11.042,9.761,8.365,8.890,11.429,11.665,11.530,14.038,15.627,16.145,16.930,16.953
10.923,8.360,6.134,0.000,6.338,7.737,9.955,8.943,6.293,7.032,5.834,7.292,10.954,12.243,14.870,12.778,11.629,12.151,14.257,12.979,11.786,15.055,16.333,16.156,16.904,16.923
13.692,11.379,8.443,6.338,0.000,6.400,5.940,4.921,6.783,4.931,7.562,6.070,10.560,11.963,13.159,10.251,9.162,8.967,10.309,8.367,7.206,10.679,12.187,12.459,14.341,15.180
15.244,13.547,9.890,7.737,6.400,0.000,7.622,8.379,7.858,9.826,11.787,10.703,15.262,15.284,16.190,14.422,12.463,11.330,13.316,11.753,8.496,11.596,12.376,11.903,13.010,14.010
17.659,16.107,12.838,9.955,5.940,7.622,0.000,5.215,8.091,8.987,12.866,11.473,15.648,16.667,16.642,14.206,12.603,11.444,12.396,10.170,6.471,9.363,9.965,9.664,11.972,13.337
16.939,14.560,12.478,8.943,4.921,8.379,5.215,0.000,6.165,5.262,10.163,10.427,14.173,16.319,16.836,13.670,12.815,12.635,12.939,10.655,8.255,11.681,12.398,12.207,14.561,15.154
15.431,12.534,11.452,6.293,6.783,7.858,8.091,6.165,0.000,8.303,12.139,11.867,15.390,17.506,18.250,15.977,15.259,15.251,16.104,13.851,11.877,15.341,15.760,15.171,16.591,16.734
13.971,10.588,9.878,7.032,4.931,9.826,8.987,5.262,8.303,0.000,8.948,9.000,11.815,13.931,14.674,11.788,11.683,11.997,12.721,10.774,10.151,13.411,14.720,14.902,16.557,16.770
10.010,6.137,7.207,5.834,7.562,11.787,12.866,10.163,12.139,8.948,0.000,9.293,11.200,12.971,13.589,11.809,11.984,12.683,14.307,13.458,13.184,16.158,17.318,17.124,17.576,17.600
10.020,7.484,5.513,7.292,6.070,10.703,11.473,10.427,11.867,9.000,9.293,0.000,8.762,10.182,10.366,7.449,7.328,8.077,10.023,9.560,10.375,12.792,14.422,15.098,16.331,16.802
10.018,7.612,8.346,10.954,10.560,15.262,15.648,14.173,15.390,11.815,11.200,8.762,0.000,8.152,9.118,8.072,9.294,10.606,12.017,12.291,13.646,15.391,16.782,17.141,17.812,17.917
10.758,9.206,8.586,12.243,11.963,15.284,16.667,16.319,17.506,13.931,12.971,10.182,8.152,0.000,8.695,9.435,9.180,9.971,12.544,12.762,13.545,14.781,16.550,16.872,17.458,17.848
13.012,11.928,11.042,14.870,13.159,16.190,16.642,16.836,18.250,14.674,13.589,10.366,9.118,8.695,0.000,9.198,10.095,9.155,10.634,12.299,13.691,14.311,15.927,16.679,17.247,17.603
13.164,11.612,9.761,12.778,10.251,14.422,14.206,13.670,15.977,11.788,11.809,7.449,8.072,9.435,9.198,0.000,7.802,9.048,8.318,9.065,11.776,12.669,13.867,14.744,16.334,16.853
12.949,11.192,8.365,11.629,9.162,12.463,12.603,12.815,15.259,11.683,11.984,7.328,9.294,9.180,10.095,7.802,0.000,7.162,9.280,8.294,9.848,12.092,13.382,13.862,15.100,16.260
13.852,12.468,8.890,12.151,8.967,11.330,11.444,12.635,15.251,11.997,12.683,8.077,10.606,9.971,9.155,9.048,7.162,0.000,6.890,8.730,8.337,9.316,12.173,13.057,13.798,14.886
15.537,14.371,11.429,14.257,10.309,13.316,12.396,12.939,16.104,12.721,14.307,10.023,12.017,12.544,10.634,8.318,9.280,6.890,0.000,6.438,8.770,8.231,10.029,12.353,13.568,14.348
15.838,14.542,11.665,12.979,8.367,11.753,10.170,10.655,13.851,10.774,13.458,9.560,12.291,12.762,12.299,9.065,8.294,8.730,6.438,0.000,6.763,8.632,9.174,10.776,13.065,14.195
16.267,14.745,11.530,11.786,7.206,8.496,6.471,8.255,11.877,10.151,13.184,10.375,13.646,13.545,13.691,11.776,9.848,8.337,8.770,6.763,0.000,6.778,8.270,8.835,10.836,12.329
17.526,17.144,14.038,15.055,10.679,11.596,9.363,11.681,15.341,13.411,16.158,12.792,15.391,14.781,14.311,12.669,12.092,9.316,8.231,8.632,6.778,0.000,6.742,8.508,9.480,11.044
17.993,18.040,15.627,16.333,12.187,12.376,9.965,12.398,15.760,14.720,17.318,14.422,16.782,16.550,15.927,13.867,13.382,12.173,10.029,9.174,8.270,6.742,0.000,6.526,8.230,9.607
17.782,18.009,16.145,16.156,12.459,11.903,9.664,12.207,15.171,14.902,17.124,15.098,17.141,16.872,16.679,14.744,13.862,13.057,12.353,10.776,8.835,8.508,6.526,0.000,6.901,9.275
17.745,18.059,16.930,16.904,14.341,13.010,11.972,14.561,16.591,16.557,17.576,16.331,17.812,17.458,17.247,16.334,15.100,13.798,13.568,13.065,10.836,9.480,8.230,6.901,0.000,7.641
17.322,17.601,16.953,16.923,15.180,14.010,13.337,15.154,16.734,16.770,17.600,16.802,17.917,17.848,17.603,16.853,16.260,14.886,14.348,14.195,12.329,11.044,9.607,9.275,7.641,0.000