c1,c2,c3,c4,c5,c6,c7,c8,c9,c10,c11,c12,c13,c14,c15,c16,c17,c18,c19,c20,c21,c22,c23,c24,c25,c26
0.000,6.224,7.327,9.552,11.720,14.141,15.187,13.328,13.297,14.285,13.790,12.514,13.976,14.473,14.780,14.281,14.327,14.283,14.483,14.137,14.003,14.352,15.000,15.063,15.153,15.561
6.224,0.000,5.896,7.824,10.299,12.779,14.323,12.464,11.871,13.308,13.076,11.662,13.387,14.321,14.792,14.136,14.105,14.156,14.507,14.012,13.898,14.744,15.157,15.414,15.312,15.739
7.327,5.896,0.000,5.811,7.287,9.803,11.406,10.088,9.898,11.382,11.513,10.463,12.559,13.807,14.298,13.568,13.598,13.824,14.009,13.439,13.675,14.561,15.021,15.311,15.355,15.690
9.552,7.824,5.811,0.000,5.807,8.199,10.169,9.314,8.653,10.662,11.640,10.713,13.599,14.953,15.431,14.629,14.740,14.769,15.033,14.325,14.260,15.265,15.678,15.881,15.732,16.090
11.720,10.299,7.287,5.807,0.000,5.844,6.523,5.798,6.619,7.936,8.858,8.833,12.004,13.650,14.246,13.426,14.190,14.435,14.470,13.698,13.787,14.780,15.143,15.252,15.248,15.723
14.141,12.779,9.803,8.199,5.844,0.000,5.573,7.675,7.129,8.469,10.837,11.119,13.260,14.837,15.584,14.781,15.112,15.662,15.856,14.936,14.485,15.388,15.456,15.465,15.322,15.944
15.187,14.323,11.406,10.169,6.523,5.573,0.000,5.412,7.597,8.012,9.702,11.024,13.581,14.867,15.186,14.653,15.115,15.536,16.007,14.727,14.401,15.014,15.156,15.120,15.297,15.672
13.328,12.464,10.088,9.314,5.798,7.675,5.412,0.000,5.750,7.358,8.443,9.041,12.446,14.074,14.212,13.246,14.134,14.701,15.134,14.659,14.333,15.104,15.267,15.372,15.568,15.792
13.297,11.871,9.898,8.653,6.619,7.129,7.597,5.750,0.000,5.816,7.998,8.401,10.829,13.177,13.821,12.481,13.325,14.361,15.042,14.749,14.764,15.784,16.054,16.022,15.941,16.029
14.285,13.308,11.382,10.662,7.936,8.469,8.012,7.358,5.816,0.000,6.342,8.051,9.608,11.939,13.049,12.238,12.640,13.856,14.951,14.598,14.786,16.155,16.320,16.241,16.043,16.235
13.790,13.076,11.513,11.640,8.858,10.837,9.702,8.443,7.998,6.342,0.000,6.592,8.544,10.675,11.221,10.887,11.895,12.715,13.624,13.784,14.370,15.715,16.111,16.097,15.983,16.075
12.514,11.662,10.463,10.713,8.833,11.119,11.024,9.041,8.401,8.051,6.592,0.000,6.957,9.020,9.142,8.419,9.734,10.990,11.704,12.036,13.048,14.246,15.023,15.741,15.651,15.927
13.976,13.387,12.559,13.599,12.004,13.260,13.581,12.446,10.829,9.608,8.544,6.957,0.000,6.475,7.462,7.781,9.062,10.917,12.022,12.196,13.333,14.793,15.634,16.587,16.949,16.791
14.473,14.321,13.807,14.953,13.650,14.837,14.867,14.074,13.177,11.939,10.675,9.020,6.475,0.000,6.431,7.959,8.223,9.489,11.597,12.154,12.294,13.733,15.355,16.209,16.404,16.975
14.780,14.792,14.298,15.431,14.246,15.584,15.186,14.212,13.821,13.049,11.221,9.142,7.462,6.431,0.000,6.346,7.915,8.496,9.317,11.285,12.284,12.480,13.812,15.736,15.945,16.520
14.281,14.136,13.568,14.629,13.426,14.781,14.653,13.246,12.481,12.238,10.887,8.419,7.781,7.959,6.346,0.000,6.309,7.901,7.736,8.482,11.240,12.096,12.192,14.041,15.034,15.725
14.327,14.105,13.598,14.740,14.190,15.112,15.115,14.134,13.325,12.640,11.895,9.734,9.062,8.223,7.915,6.309,0.000,5.964,7.803,7.519,8.551,11.183,12.137,12.912,13.400,15.046
14.283,14.156,13.824,14.769,14.435,15.662,15.536,14.701,14.361,13.856,12.715,10.990,10.917,9.489,8.496,7.901,5.964,0.000,5.862,7.559,7.042,8.031,10.729,12.342,12.118,13.455
14.483,14.507,14.009,15.033,14.470,15.856,16.007,15.134,15.042,14.951,13.624,11.704,12.022,11.597,9.317,7.736,7.803,5.862,0.000,5.691,7.531,7.363,8.256,11.240,11.774,12.502
14.137,14.012,13.439,14.325,13.698,14.936,14.727,14.659,14.749,14.598,13.784,12.036,12.196,12.154,11.285,8.482,7.519,7.559,5.691,0.000,5.821,7.732,7.326,9.392,10.361,11.795
14.003,13.898,13.675,14.260,13.787,14.485,14.401,14.333,14.764,14.786,14.370,13.048,13.333,12.294,12.284,11.240,8.551,7.042,7.531,5.821,0.000,5.803,7.642,8.167,8.711,10.768
14.352,14.744,14.561,15.265,14.780,15.388,15.014,15.104,15.784,16.155,15.715,14.246,14.793,13.733,12.480,12.096,11.183,8.031,7.363,7.732,5.803,0.000,5.979,7.686,8.024,9.499
15.000,15.157,15.021,15.678,15.143,15.456,15.156,15.267,16.054,16.320,16.111,15.023,15.634,15.355,13.812,12.192,12.137,10.729,8.256,7.326,7.642,5.979,0.000,5.804,7.354,8.604
15.063,15.414,15.311,15.881,15.252,15.465,15.120,15.372,16.022,16.241,16.097,15.741,16.587,16.209,15.736,14.041,12.912,12.342,11.240,9.392,8.167,7.686,5.804,0.000,5.988,7.915
15.153,15.312,15.355,15.732,15.248,15.322,15.297,15.568,15.941,16.043,15.983,15.651,16.949,16.404,15.945,15.034,13.400,12.118,11.774,10.361,8.711,8.024,7.354,5.988,0.000,6.359
15.561,15.739,15.690,16.090,15.723,15.944,15.672,15.792,16.029,16.235,16.075,15.927,16.791,16.975,16.520,15.725,15.046,13.455,12.502,11.795,10.768,9.499,8.604,7.915,6.359,0.000