c1,c2,c3,c4,c5,c6,c7,c8,c9,c10,c11,c12,c13,c14,c15,c16,c17,c18,c19,c20,c21,c22,c23,c24,c25,c26
0.000,7.082,8.271,11.029,13.704,15.272,17.695,16.990,15.501,13.986,10.107,10.096,10.047,10.796,13.178,13.168,12.760,13.750,15.590,15.574,15.716,17.154,17.879,17.645,17.556,17.450
7.082,0.000,6.419,8.407,11.459,13.611,16.131,14.565,12.598,10.626,6.220,7.535,7.663,9.367,12.159,11.731,11.046,12.419,14.545,14.302,14.345,16.751,17.783,17.644,17.820,17.759
8.271,6.419,0.000,6.217,8.412,9.951,12.816,12.468,11.470,9.885,7.234,5.573,8.427,8.676,11.186,9.918,8.210,8.804,11.633,11.655,11.139,13.604,15.241,15.418,16.396,17.108
11.029,8.407,6.217,0.000,6.448,7.743,9.935,8.930,6.345,7.060,5.859,7.355,10.969,12.266,14.979,12.843,11.433,12.135,14.572,12.982,11.606,15.020,16.398,15.731,16.583,17.134
13.704,11.459,8.412,6.448,0.000,6.365,5.944,4.915,6.797,4.945,7.595,6.141,10.593,11.863,13.199,10.267,8.906,8.822,10.651,8.675,7.088,10.613,11.962,11.469,13.371,14.969
15.272,13.611,9.951,7.743,6.365,0.000,8.098,8.333,7.847,9.841,11.802,10.783,15.321,15.220,16.357,14.563,12.305,11.386,13.817,12.184,8.800,12.048,13.054,11.902,12.718,14.308
17.695,16.131,12.816,9.935,5.944,8.098,0.000,5.288,8.187,9.030,12.892,11.570,15.749,16.633,16.707,14.196,12.462,11.525,12.856,10.734,6.917,9.946,10.676,9.323,11.264,13.079
16.990,14.565,12.468,8.930,4.915,8.333,5.288,0.000,6.472,5.402,10.235,10.488,14.300,16.329,16.903,13.613,12.553,12.706,13.256,10.747,8.516,12.011,12.440,11.081,13.346,14.754
15.501,12.598,11.470,6.345,6.797,7.847,8.187,6.472,0.000,8.890,12.730,12.082,15.614,17.552,18.341,16.053,14.997,15.442,16.330,13.936,12.144,15.792,15.932,14.408,16.225,16.921
13.986,10.626,9.885,7.060,4.945,9.841,9.030,5.402,8.890,0.000,9.602,9.404,12.208,14.030,14.765,11.814,11.449,12.160,12.930,10.725,10.281,13.681,14.406,13.538,15.812,16.685
10.107,6.220,7.234,5.859,7.595,11.802,12.892,10.235,12.730,9.602,0.000,9.907,11.842,13.268,13.846,11.996,11.677,12.960,14.498,13.321,13.249,16.315,17.307,16.651,17.628,17.910
10.096,7.535,5.573,7.355,6.141,10.783,11.570,10.488,12.082,9.404,9.907,0.000,9.529,10.468,10.572,7.532,7.116,8.272,10.095,9.336,10.180,12.743,13.844,13.876,15.859,16.812
10.047,7.663,8.427,10.969,10.593,15.321,15.749,14.300,15.614,12.208,11.842,9.529,0.000,8.665,9.671,8.284,9.187,10.784,11.997,11.920,13.203,15.102,16.227,16.699,17.899,18.159
10.796,9.367,8.676,12.266,11.863,15.220,16.633,16.329,17.552,14.030,13.268,10.468,8.665,0.000,9.272,9.752,8.835,9.767,12.194,12.190,12.555,13.956,15.819,16.187,17.091,18.095
13.178,12.159,11.186,14.979,13.199,16.357,16.707,16.903,18.341,14.765,13.846,10.572,9.671,9.272,0.000,9.665,10.360,8.855,10.076,11.654,12.810,12.985,14.596,15.832,16.751,17.547
13.168,11.731,9.918,12.843,10.267,14.563,14.196,13.613,16.053,11.814,11.996,7.532,8.284,9.752,9.665,0.000,8.109,9.297,7.917,8.380,11.015,11.818,12.108,13.417,15.763,16.704
12.760,11.046,8.210,11.433,8.906,12.305,12.462,12.553,14.997,11.449,11.677,7.116,9.187,8.835,10.360,8.109,0.000,7.278,9.532,7.431,8.410,11.053,11.873,11.892,13.802,15.852
13.750,12.419,8.804,12.135,8.822,11.386,11.525,12.706,15.442,12.160,12.960,8.272,10.784,9.767,8.855,9.297,7.278,0.000,6.858,8.824,7.369,8.108,10.991,11.812,12.396,14.266
15.590,14.545,11.633,14.572,10.651,13.817,12.856,13.256,16.330,12.930,14.498,10.095,11.997,12.194,10.076,7.917,9.532,6.858,0.000,6.330,8.776,7.294,8.091,11.043,12.400,13.204
15.574,14.302,11.655,12.982,8.675,12.184,10.734,10.747,13.936,10.725,13.321,9.336,11.920,12.190,11.654,8.380,7.431,8.824,6.330,0.000,6.602,8.658,7.455,8.360,11.694,12.988
15.716,14.345,11.139,11.606,7.088,8.800,6.917,8.516,12.144,10.281,13.249,10.180,13.203,12.555,12.810,11.015,8.410,7.369,8.776,6.602,0.000,6.696,8.487,7.627,9.603,11.905
17.154,16.751,13.604,15.020,10.613,12.048,9.946,12.011,15.792,13.681,16.315,12.743,15.102,13.956,12.985,11.818,11.053,8.108,7.294,8.658,6.696,0.000,6.763,8.359,8.452,10.296
17.879,17.783,15.241,16.398,11.962,13.054,10.676,12.440,15.932,14.406,17.307,13.844,16.227,15.819,14.596,12.108,11.873,10.991,8.091,7.455,8.487,6.763,0.000,6.747,8.329,9.405
17.645,17.644,15.418,15.731,11.469,11.902,9.323,11.081,14.408,13.538,16.651,13.876,16.699,16.187,15.832,13.417,11.892,11.812,11.043,8.360,7.627,8.359,6.747,0.000,7.037,9.644
17.556,17.820,16.396,16.583,13.371,12.718,11.264,13.346,16.225,15.812,17.628,15.859,17.899,17.091,16.751,15.763,13.802,12.396,12.400,11.694,9.603,8.452,8.329,7.037,0.000,7.574
17.450,17.759,17.108,17.134,14.969,14.308,13.079,14.754,16.921,16.685,17.910,16.812,18.159,18.095,17.547,16.704,15.852,14.266,13.204,12.988,11.905,10.296,9.405,9.644,7.574,0.000