c1,c2,c3,c4,c5,c6,c7,c8,c9,c10,c11,c12,c13,c14,c15,c16,c17,c18,c19,c20,c21,c22,c23,c24,c25,c26
0.000,6.537,7.620,9.796,12.209,14.480,15.935,14.396,13.780,13.673,12.049,11.298,12.576,12.536,14.225,13.373,12.744,13.936,15.115,14.598,14.536,15.985,16.755,16.179,16.466,16.620
6.537,0.000,6.199,8.128,10.853,13.344,15.419,13.692,12.565,12.442,10.671,9.874,11.233,11.444,13.515,12.627,11.306,12.867,14.498,13.713,13.416,15.560,16.633,15.964,16.425,16.829
7.620,6.199,0.000,6.055,7.883,10.047,12.117,11.380,10.557,10.468,9.142,7.680,10.479,11.117,12.677,10.946,9.064,10.296,12.320,10.922,10.100,13.130,14.440,13.668,14.727,15.820
9.796,8.128,6.055,0.000,6.025,8.048,10.129,9.163,8.028,9.660,9.249,9.622,12.965,13.990,15.621,13.376,11.820,13.185,14.524,12.024,10.622,14.094,14.905,13.625,14.415,15.519
12.209,10.853,7.883,6.025,0.000,6.154,6.259,5.590,7.485,7.286,8.703,8.273,11.980,13.043,13.972,11.525,9.897,10.808,11.614,8.073,5.725,9.949,10.671,9.334,11.537,13.074
14.480,13.344,10.047,8.048,6.154,0.000,6.314,8.021,7.701,9.335,11.706,11.681,15.408,15.638,16.598,14.949,12.813,13.647,15.075,12.056,9.144,12.950,13.469,11.271,12.455,14.153
15.935,15.419,12.117,10.129,6.259,6.314,0.000,5.498,7.866,8.720,11.550,11.973,15.584,16.152,16.388,14.517,13.069,13.609,14.376,11.007,8.034,11.970,11.818,9.660,12.033,13.564
14.396,13.692,11.380,9.163,5.590,8.021,5.498,0.000,6.187,7.018,9.215,9.904,13.551,15.158,15.301,12.889,12.141,13.236,13.548,10.386,8.808,12.861,12.369,10.945,13.577,14.471
13.780,12.565,10.557,8.028,7.485,7.701,7.866,6.187,0.000,6.850,9.896,10.249,13.689,14.766,15.566,13.509,12.358,14.166,14.917,12.171,11.626,15.219,14.770,13.202,15.379,15.795
13.673,12.442,10.468,9.660,7.286,9.335,8.720,7.018,6.850,0.000,8.402,8.993,11.824,13.456,14.511,12.008,11.197,13.188,14.008,11.242,11.697,15.060,14.840,13.623,15.856,16.261
12.049,10.671,9.142,9.249,8.703,11.706,11.550,9.215,9.896,8.402,0.000,8.158,10.634,12.586,13.021,11.341,11.123,13.124,14.101,12.678,13.375,16.427,16.810,15.720,17.114,17.463
11.298,9.874,7.680,9.622,8.273,11.681,11.973,9.904,10.249,8.993,8.158,0.000,7.887,9.339,9.156,6.719,6.737,9.028,9.941,8.622,10.447,12.964,13.541,13.597,15.697,16.394
12.576,11.233,10.479,12.965,11.980,15.408,15.584,13.551,13.689,11.824,10.634,7.887,0.000,7.178,7.934,7.288,8.139,10.487,11.416,11.479,12.969,14.774,15.807,16.607,17.890,17.904
12.536,11.444,11.117,13.990,13.043,15.638,16.152,15.158,14.766,13.456,12.586,9.339,7.178,0.000,7.424,8.052,7.309,8.624,11.219,11.647,11.923,13.401,15.514,15.933,16.927,17.612
14.225,13.515,12.677,15.621,13.972,16.598,16.388,15.301,15.566,14.511,13.021,9.156,7.934,7.424,0.000,8.046,8.244,7.796,8.963,11.296,12.389,12.129,13.694,15.618,16.631,17.186
13.373,12.627,10.946,13.376,11.525,14.949,14.517,12.889,13.509,12.008,11.341,6.719,7.288,8.052,8.046,0.000,6.804,8.150,7.307,7.876,10.785,11.637,11.861,13.219,15.702,16.310
12.744,11.306,9.064,11.820,9.897,12.813,13.069,12.141,12.358,11.197,11.123,6.737,8.139,7.309,8.244,6.804,0.000,6.294,8.328,7.051,7.750,10.605,11.543,11.706,13.676,15.273
13.936,12.867,10.296,13.185,10.808,13.647,13.609,13.236,14.166,13.188,13.124,9.028,10.487,8.624,7.796,8.150,6.294,0.000,6.410,8.047,6.982,7.528,10.645,11.611,12.190,13.497
15.115,14.498,12.320,14.524,11.614,15.075,14.376,13.548,14.917,14.008,14.101,9.941,11.416,11.219,8.963,7.307,8.328,6.410,0.000,6.167,7.986,6.559,7.623,10.621,12.026,12.653
14.598,13.713,10.922,12.024,8.073,12.056,11.007,10.386,12.171,11.242,12.678,8.622,11.479,11.647,11.296,7.876,7.051,8.047,6.167,0.000,6.301,7.744,6.666,7.524,10.944,11.987
14.536,13.416,10.100,10.622,5.725,9.144,8.034,8.808,11.626,11.697,13.375,10.447,12.969,11.923,12.389,10.785,7.750,6.982,7.986,6.301,0.000,6.066,7.597,6.638,8.494,10.495
15.985,15.560,13.130,14.094,9.949,12.950,11.970,12.861,15.219,15.060,16.427,12.964,14.774,13.401,12.129,11.637,10.605,7.528,6.559,7.744,6.066,0.000,5.894,7.768,7.554,9.191
16.755,16.633,14.440,14.905,10.671,13.469,11.818,12.369,14.770,14.840,16.810,13.541,15.807,15.514,13.694,11.861,11.543,10.645,7.623,6.666,7.597,5.894,0.000,5.889,7.787,8.961
16.179,15.964,13.668,13.625,9.334,11.271,9.660,10.945,13.202,13.623,15.720,13.597,16.607,15.933,15.618,13.219,11.706,11.611,10.621,7.524,6.638,7.768,5.889,0.000,5.995,8.409
16.466,16.425,14.727,14.415,11.537,12.455,12.033,13.577,15.379,15.856,17.114,15.697,17.890,16.927,16.631,15.702,13.676,12.190,12.026,10.944,8.494,7.554,7.787,5.995,0.000,6.341
16.620,16.829,15.820,15.519,13.074,14.153,13.564,14.471,15.795,16.261,17.463,16.394,17.904,17.612,17.186,16.310,15.273,13.497,12.653,11.987,10.495,9.191,8.961,8.409,6.341,0.000