c1,c2,c3,c4,c5,c6,c7,c8,c9,c10,c11,c12,c13,c14,c15,c16,c17,c18,c19,c20,c21,c22,c23,c24,c25,c26
0.000,6.200,7.280,9.511,11.760,14.198,15.248,13.713,13.520,14.472,13.565,13.124,14.319,14.286,14.982,14.585,14.303,13.905,14.527,14.350,14.348,14.894,15.178,15.159,15.362,15.487
6.200,0.000,5.855,7.743,10.250,12.824,14.329,12.731,11.940,13.318,12.607,11.900,13.590,14.261,15.122,14.500,14.290,13.730,14.635,14.343,14.180,15.038,15.225,15.243,15.376,15.591
7.280,5.855,0.000,5.773,7.264,9.705,11.441,10.481,10.032,11.594,11.563,11.000,13.019,14.243,15.044,14.061,13.800,12.756,13.690,13.467,13.278,14.308,14.509,14.543,14.904,15.211
9.511,7.743,5.773,0.000,5.723,8.040,9.919,9.344,8.339,11.025,11.197,11.013,13.718,14.961,15.986,15.281,15.118,13.923,14.834,14.081,13.717,14.905,15.023,15.049,15.394,15.639
11.760,10.250,7.264,5.723,0.000,5.824,6.541,5.848,6.201,8.113,8.937,8.848,11.980,13.654,14.545,13.460,14.128,12.909,13.445,12.713,12.246,13.816,14.151,14.183,14.853,15.286
14.198,12.824,9.705,8.040,5.824,0.000,5.495,7.712,7.094,8.964,11.165,11.490,13.812,15.233,16.181,15.275,15.701,14.871,15.129,14.170,13.349,14.457,14.456,14.373,14.601,15.478
15.248,14.329,11.441,9.919,6.541,5.495,0.000,5.407,7.533,8.041,9.967,11.429,13.899,14.823,15.444,14.758,15.098,14.379,14.992,13.622,12.953,14.135,14.318,14.473,15.021,15.430
13.713,12.731,10.481,9.344,5.848,7.712,5.407,0.000,5.667,7.274,8.377,9.196,12.638,14.383,14.623,13.515,14.446,13.773,14.453,13.889,13.102,14.516,14.825,14.885,15.600,15.747
13.520,11.940,10.032,8.339,6.201,7.094,7.533,5.667,0.000,5.761,7.881,8.488,11.229,13.804,14.486,12.802,13.900,13.633,14.645,14.402,14.352,15.343,15.715,15.504,16.087,16.080
14.472,13.318,11.594,11.025,8.113,8.964,8.041,7.274,5.761,0.000,6.125,7.651,9.312,11.625,13.031,11.694,12.918,13.163,14.465,14.210,14.410,15.752,16.030,15.843,16.212,16.332
13.565,12.607,11.563,11.197,8.937,11.165,9.967,8.377,7.881,6.125,0.000,6.371,7.975,9.999,11.012,10.392,12.040,12.381,13.681,13.772,14.303,15.677,16.199,15.953,16.387,16.391
13.124,11.900,11.000,11.013,8.848,11.490,11.429,9.196,8.488,7.651,6.371,0.000,6.435,8.505,9.296,8.011,10.158,11.151,12.391,12.385,13.313,14.553,15.039,15.222,15.847,15.977
14.319,13.590,13.019,13.718,11.980,13.812,13.899,12.638,11.229,9.312,7.975,6.435,0.000,6.339,7.215,7.334,9.788,11.671,13.445,13.145,14.015,15.448,15.882,15.993,16.479,16.541
14.286,14.261,14.243,14.961,13.654,15.233,14.823,14.383,13.804,11.625,9.999,8.505,6.339,0.000,6.071,7.823,9.826,11.387,13.432,13.342,13.677,15.022,15.949,16.055,16.427,16.718
14.982,15.122,15.044,15.986,14.545,16.181,15.444,14.623,14.486,13.031,11.012,9.296,7.215,6.071,0.000,6.261,8.424,10.698,11.841,12.527,13.929,14.756,15.516,16.054,16.557,16.844
14.585,14.500,14.061,15.281,13.460,15.275,14.758,13.515,12.802,11.694,10.392,8.011,7.334,7.823,6.261,0.000,6.237,8.620,9.623,9.594,12.024,13.430,14.111,14.543,15.498,15.920
14.303,14.290,13.800,15.118,14.128,15.701,15.098,14.446,13.900,12.918,12.040,10.158,9.788,9.826,8.424,6.237,0.000,6.237,7.285,7.418,9.274,11.417,12.649,13.240,14.253,14.994
13.905,13.730,12.756,13.923,12.909,14.871,14.379,13.773,13.633,13.163,12.381,11.151,11.671,11.387,10.698,8.620,6.237,0.000,6.101,7.416,7.580,8.939,11.495,12.284,12.918,13.779
14.527,14.635,13.690,14.834,13.445,15.129,14.992,14.453,14.645,14.465,13.681,12.391,13.445,13.432,11.841,9.623,7.285,6.101,0.000,6.038,7.506,8.003,9.263,11.247,12.701,13.227
14.350,14.343,13.467,14.081,12.713,14.170,13.622,13.889,14.402,14.210,13.772,12.385,13.145,13.342,12.527,9.594,7.418,7.416,6.038,0.000,6.006,7.629,8.263,9.249,11.456,12.541
14.348,14.180,13.278,13.717,12.246,13.349,12.953,13.102,14.352,14.410,14.303,13.313,14.015,13.677,13.929,12.024,9.274,7.580,7.506,6.006,0.000,5.943,7.735,8.033,9.749,11.474
14.894,15.038,14.308,14.905,13.816,14.457,14.135,14.516,15.343,15.752,15.677,14.553,15.448,15.022,14.756,13.430,11.417,8.939,8.003,7.629,5.943,0.000,5.839,7.503,8.595,10.011
15.178,15.225,14.509,15.023,14.151,14.456,14.318,14.825,15.715,16.030,16.199,15.039,15.882,15.949,15.516,14.111,12.649,11.495,9.263,8.263,7.735,5.839,0.000,5.891,7.675,8.957
15.159,15.243,14.543,15.049,14.183,14.373,14.473,14.885,15.504,15.843,15.953,15.222,15.993,16.055,16.054,14.543,13.240,12.284,11.247,9.249,8.033,7.503,5.891,0.000,5.926,7.837
15.362,15.376,14.904,15.394,14.853,14.601,15.021,15.600,16.087,16.212,16.387,15.847,16.479,16.427,16.557,15.498,14.253,12.918,12.701,11.456,9.749,8.595,7.675,5.926,0.000,6.151
15.487,15.591,15.211,15.639,15.286,15.478,15.430,15.747,16.080,16.332,16.391,15.977,16.541,16.718,16.844,15.920,14.994,13.779,13.227,12.541,11.474,10.011,8.957,7.837,6.151,0.000