c1,c2,c3,c4,c5,c6,c7,c8,c9,c10,c11,c12,c13,c14,c15,c16,c17,c18,c19,c20,c21,c22,c23,c24,c25,c26
0.000,7.040,8.283,11.025,13.756,15.320,17.733,17.050,15.510,13.987,10.016,10.073,10.034,10.649,13.049,13.051,12.838,13.663,15.339,15.587,16.125,17.234,17.831,17.391,17.375,17.254
7.040,0.000,6.422,8.460,11.459,13.599,16.134,14.568,12.554,10.597,6.197,7.528,7.614,9.198,12.027,11.598,11.203,12.290,14.163,14.355,14.742,16.855,17.821,17.408,17.494,17.432
8.283,6.422,0.000,6.172,8.445,9.899,12.801,12.492,11.465,9.890,7.223,5.586,8.489,8.642,11.198,9.808,8.364,8.706,11.214,11.438,11.497,13.903,15.503,15.344,16.014,16.464
11.025,8.460,6.172,0.000,6.420,7.783,9.938,8.915,6.292,7.048,5.853,7.315,10.987,12.295,15.027,12.823,11.823,12.133,14.242,13.003,11.884,15.269,16.423,15.576,16.211,16.561
13.756,11.459,8.445,6.420,0.000,6.410,6.010,4.932,6.788,4.940,7.564,6.108,10.625,12.004,13.308,10.361,9.417,9.005,10.299,8.430,7.321,10.971,12.018,11.421,13.221,14.315
15.320,13.599,9.899,7.783,6.410,0.000,7.859,8.372,7.880,9.842,11.824,10.746,15.316,15.305,16.360,14.516,12.598,11.335,13.249,11.662,8.751,12.263,12.664,11.493,12.633,13.459
17.733,16.134,12.801,9.938,6.010,7.859,0.000,5.247,8.143,9.013,12.874,11.548,15.696,16.728,16.779,14.268,12.859,11.703,12.514,10.388,6.907,10.431,10.261,8.892,11.512,12.606
17.050,14.568,12.492,8.915,4.932,8.372,5.247,0.000,6.280,5.324,10.223,10.525,14.272,16.369,16.998,13.840,13.052,12.908,13.111,10.828,8.617,12.463,12.597,11.291,13.995,14.661
15.510,12.554,11.465,6.292,6.788,7.880,8.143,6.280,0.000,8.686,12.595,12.030,15.507,17.539,18.345,16.181,15.516,15.475,16.149,14.000,12.203,15.878,15.880,14.626,16.388,16.509
13.987,10.597,9.890,7.048,4.940,9.842,9.013,5.324,8.686,0.000,9.484,9.400,12.072,14.004,14.816,11.981,12.037,12.305,12.788,11.001,10.487,13.838,14.749,14.216,16.139,16.534
10.016,6.197,7.223,5.853,7.564,11.824,12.874,10.223,12.595,9.484,0.000,9.890,11.733,13.203,13.794,12.037,12.253,12.956,14.347,13.486,13.250,16.254,17.315,16.665,17.342,17.673
10.073,7.528,5.586,7.315,6.108,10.746,11.548,10.525,12.030,9.400,9.890,0.000,9.305,10.294,10.473,7.610,7.488,8.196,9.895,9.460,10.201,12.716,14.421,14.322,15.600,16.516
10.034,7.614,8.489,10.987,10.625,15.316,15.696,14.272,15.507,12.072,11.733,9.305,0.000,8.469,9.471,8.334,9.474,10.812,12.082,12.406,13.740,15.537,16.840,16.934,17.454,17.939
10.649,9.198,8.642,12.295,12.004,15.305,16.728,16.369,17.539,14.004,13.203,10.294,8.469,0.000,8.968,9.697,9.311,10.069,12.448,12.715,13.455,14.649,16.544,16.619,16.949,17.825
13.049,12.027,11.198,15.027,13.308,16.360,16.779,16.998,18.345,14.816,13.794,10.473,9.471,8.968,0.000,9.418,10.392,9.216,10.577,12.309,13.644,14.208,15.987,16.523,16.821,17.686
13.051,11.598,9.808,12.823,10.361,14.516,14.268,13.840,16.181,11.981,12.037,7.610,8.334,9.697,9.418,0.000,7.995,9.286,8.323,9.064,11.738,12.666,14.059,14.312,15.871,16.947
12.838,11.203,8.364,11.823,9.417,12.598,12.859,13.052,15.516,12.037,12.253,7.488,9.474,9.311,10.392,7.995,0.000,7.222,9.388,8.289,9.852,11.997,13.560,13.279,14.275,16.148
13.663,12.290,8.706,12.133,9.005,11.335,11.703,12.908,15.475,12.305,12.956,8.196,10.812,10.069,9.216,9.286,7.222,0.000,7.018,8.771,8.447,9.310,12.346,12.495,13.004,14.713
15.339,14.163,11.214,14.242,10.299,13.249,12.514,13.111,16.149,12.788,14.347,9.895,12.082,12.448,10.577,8.323,9.388,7.018,0.000,6.424,8.733,8.182,10.127,11.646,12.773,13.997
15.587,14.355,11.438,13.003,8.430,11.662,10.388,10.828,14.000,11.001,13.486,9.460,12.406,12.715,12.309,9.064,8.289,8.771,6.424,0.000,6.736,8.643,9.167,9.530,11.886,13.600
16.125,14.742,11.497,11.884,7.321,8.751,6.907,8.617,12.203,10.487,13.250,10.201,13.740,13.455,13.644,11.738,9.852,8.447,8.733,6.736,0.000,6.582,8.202,7.590,9.935,11.751
17.234,16.855,13.903,15.269,10.971,12.263,10.431,12.463,15.878,13.838,16.254,12.716,15.537,14.649,14.208,12.666,11.997,9.310,8.182,8.643,6.582,0.000,6.566,8.316,8.843,10.849
17.831,17.821,15.503,16.423,12.018,12.664,10.261,12.597,15.880,14.749,17.315,14.421,16.840,16.544,15.987,14.059,13.560,12.346,10.127,9.167,8.202,6.566,0.000,6.519,8.038,9.682
17.391,17.408,15.344,15.576,11.421,11.493,8.892,11.291,14.626,14.216,16.665,14.322,16.934,16.619,16.523,14.312,13.279,12.495,11.646,9.530,7.590,8.316,6.519,0.000,6.724,9.469
17.375,17.494,16.014,16.211,13.221,12.633,11.512,13.995,16.388,16.139,17.342,15.600,17.454,16.949,16.821,15.871,14.275,13.004,12.773,11.886,9.935,8.843,8.038,6.724,0.000,7.369
17.254,17.432,16.464,16.561,14.315,13.459,12.606,14.661,16.509,16.534,17.673,16.516,17.939,17.825,17.686,16.947,16.148,14.713,13.997,13.600,11.751,10.849,9.682,9.469,7.369,0.000