c1,c2,c3,c4,c5,c6,c7,c8,c9,c10,c11,c12,c13,c14,c15,c16,c17,c18,c19,c20,c21,c22,c23,c24,c25,c26
0.000,6.703,7.861,10.748,13.376,15.094,17.546,16.652,15.352,13.786,9.841,9.713,9.320,10.155,12.198,12.537,12.863,13.413,14.972,15.330,15.568,16.403,17.358,17.384,17.365,17.248
6.703,0.000,6.184,8.265,11.271,13.501,15.957,14.349,12.555,10.480,6.009,7.344,7.236,9.339,11.490,11.648,12.096,12.494,14.438,14.961,15.119,16.398,17.529,17.678,17.666,17.612
7.861,6.184,0.000,6.043,8.146,9.885,12.695,12.213,11.354,9.842,7.192,5.442,8.248,8.865,10.816,9.950,9.772,9.363,11.771,12.029,11.953,13.899,15.476,15.906,16.598,17.220
10.748,8.265,6.043,0.000,6.145,7.444,9.929,8.895,6.362,7.044,5.768,7.288,10.768,12.315,14.425,12.713,12.984,12.434,14.712,14.250,13.881,15.918,17.153,17.181,17.226,17.405
13.376,11.271,8.146,6.145,0.000,6.142,5.669,4.832,6.822,4.918,7.566,5.940,10.298,11.904,12.952,10.409,10.745,9.971,11.844,10.910,10.720,13.062,14.328,14.390,15.395,16.418
15.094,13.501,9.885,7.444,6.142,0.000,7.327,8.192,7.821,9.710,11.585,10.522,14.939,15.342,15.888,14.051,13.422,11.960,14.066,12.942,11.490,13.312,14.469,13.895,14.451,15.693
17.546,15.957,12.695,9.929,5.669,7.327,0.000,5.159,7.979,8.926,12.680,11.134,15.208,16.395,16.245,13.911,13.461,12.093,13.669,12.269,10.519,12.417,13.183,12.804,13.788,15.140
16.652,14.349,12.213,8.895,4.832,8.192,5.159,0.000,5.951,5.080,10.012,10.078,13.794,16.026,16.271,13.369,13.356,12.891,14.292,13.026,11.992,14.092,14.786,14.343,15.357,16.052
15.352,12.555,11.354,6.362,6.822,7.821,7.979,5.951,0.000,7.557,11.143,11.559,15.016,17.399,17.855,15.584,15.640,15.427,16.843,15.687,15.137,16.960,16.962,16.438,17.106,17.140
13.786,10.480,9.842,7.044,4.918,9.710,8.926,5.080,7.557,0.000,8.494,8.611,11.212,13.679,14.230,11.567,12.196,12.047,13.643,12.787,13.058,15.310,15.876,16.063,16.863,17.212
9.841,6.009,7.192,5.768,7.566,11.585,12.680,10.012,11.143,8.494,0.000,9.055,10.665,12.473,12.917,11.344,12.130,12.443,14.375,14.439,15.078,16.644,17.579,17.627,17.676,17.744
9.713,7.344,5.442,7.288,5.940,10.522,11.134,10.078,11.559,8.611,9.055,0.000,8.899,10.269,9.878,7.424,8.120,8.407,10.542,10.632,11.595,13.464,14.606,15.367,16.426,17.059
9.320,7.236,8.248,10.768,10.298,14.939,15.208,13.794,15.016,11.212,10.665,8.899,0.000,8.071,8.701,7.826,9.127,10.279,11.756,12.173,13.401,14.753,15.997,17.047,17.960,18.005
10.155,9.339,8.865,12.315,11.904,15.342,16.395,16.026,17.399,13.679,12.473,10.269,8.071,0.000,8.071,8.590,8.243,9.200,11.288,11.871,12.277,13.452,15.438,16.280,17.009,17.917
12.198,11.490,10.816,14.425,12.952,15.888,16.245,16.271,17.855,14.230,12.917,9.878,8.701,8.071,0.000,7.803,8.965,7.927,8.862,10.867,12.013,11.828,13.527,15.633,16.424,17.096
12.537,11.648,9.950,12.713,10.409,14.051,13.911,13.369,15.584,11.567,11.344,7.424,7.826,8.590,7.803,0.000,7.016,8.568,7.228,7.746,10.593,11.265,11.581,13.402,15.510,16.361
12.863,12.096,9.772,12.984,10.745,13.422,13.461,13.356,15.640,12.196,12.130,8.120,9.127,8.243,8.965,7.016,0.000,6.438,8.520,6.836,7.808,10.406,11.529,12.130,13.791,15.688
13.413,12.494,9.363,12.434,9.971,11.960,12.093,12.891,15.427,12.047,12.443,8.407,10.279,9.200,7.927,8.568,6.438,0.000,6.305,8.103,6.735,7.325,10.389,11.731,12.126,13.919
14.972,14.438,11.771,14.712,11.844,14.066,13.669,14.292,16.843,13.643,14.375,10.542,11.756,11.288,8.862,7.228,8.520,6.305,0.000,5.988,8.119,6.619,7.462,10.665,11.966,12.531
15.330,14.961,12.029,14.250,10.910,12.942,12.269,13.026,15.687,12.787,14.439,10.632,12.173,11.871,10.867,7.746,6.836,8.103,5.988,0.000,6.082,7.993,7.014,8.493,11.393,12.590
15.568,15.119,11.953,13.881,10.720,11.490,10.519,11.992,15.137,13.058,15.078,11.595,13.401,12.277,12.013,10.593,7.808,6.735,8.119,6.082,0.000,5.967,7.770,7.501,8.972,11.230
16.403,16.398,13.899,15.918,13.062,13.312,12.417,14.092,16.960,15.310,16.644,13.464,14.753,13.452,11.828,11.265,10.406,7.325,6.619,7.993,5.967,0.000,5.885,7.765,8.004,9.503
17.358,17.529,15.476,17.153,14.328,14.469,13.183,14.786,16.962,15.876,17.579,14.606,15.997,15.438,13.527,11.581,11.529,10.389,7.462,7.014,7.770,5.885,0.000,5.793,7.641,8.442
17.384,17.678,15.906,17.181,14.390,13.895,12.804,14.343,16.438,16.063,17.627,15.367,17.047,16.280,15.633,13.402,12.130,11.731,10.665,8.493,7.501,7.765,5.793,0.000,5.884,8.137
17.365,17.666,16.598,17.226,15.395,14.451,13.788,15.357,17.106,16.863,17.676,16.426,17.960,17.009,16.424,15.510,13.791,12.126,11.966,11.393,8.972,8.004,7.641,5.884,0.000,6.457
17.248,17.612,17.220,17.405,16.418,15.693,15.140,16.052,17.140,17.212,17.744,17.059,18.005,17.917,17.096,16.361,15.688,13.919,12.531,12.590,11.230,9.503,8.442,8.137,6.457,0.000