c1,c2,c3,c4,c5,c6,c7,c8,c9,c10,c11,c12,c13,c14,c15,c16,c17,c18,c19,c20,c21,c22,c23,c24,c25,c26
0.000,6.853,8.132,11.075,13.736,15.288,17.772,16.988,15.720,14.141,10.121,10.070,9.607,10.065,12.219,12.621,12.671,13.642,15.109,15.239,16.008,16.703,17.304,17.246,17.512,17.123
6.853,0.000,6.276,8.257,11.269,13.539,15.995,14.358,12.498,10.455,5.921,7.406,7.186,9.034,11.447,11.544,11.675,13.059,14.655,14.709,15.664,17.069,17.710,17.768,17.981,17.546
8.132,6.276,0.000,6.102,8.216,9.864,12.727,12.249,11.407,9.857,7.204,5.504,8.348,8.406,10.536,9.634,8.906,9.332,11.417,11.401,12.178,14.023,15.489,16.034,16.839,16.977
11.075,8.257,6.102,0.000,6.262,7.479,9.939,8.926,6.352,7.087,5.785,7.352,10.893,12.090,14.500,12.609,12.235,12.646,14.544,13.568,13.761,15.852,17.031,17.000,17.263,17.284
13.736,11.269,8.216,6.262,0.000,6.205,5.652,4.838,6.789,4.948,7.579,5.958,10.386,11.623,12.808,9.887,9.876,9.772,11.359,10.030,10.640,13.029,14.123,14.438,15.624,16.491
15.288,13.539,9.864,7.479,6.205,0.000,7.855,8.249,7.851,9.812,11.679,10.564,15.006,15.049,15.721,13.869,12.716,11.880,13.373,11.797,10.671,12.560,13.644,13.378,14.407,15.553
17.772,15.995,12.727,9.939,5.652,7.855,0.000,5.198,8.063,8.946,12.773,11.130,15.312,16.259,16.084,13.483,12.801,12.031,13.079,11.295,9.927,11.646,12.406,12.333,13.908,15.310
16.988,14.358,12.249,8.926,4.838,8.249,5.198,0.000,6.110,5.223,10.055,10.022,13.797,15.822,16.156,13.067,13.049,13.203,14.052,12.435,12.024,13.881,14.669,14.609,15.806,16.516
15.720,12.498,11.407,6.352,6.789,7.851,8.063,6.110,0.000,7.928,11.311,11.468,15.139,17.292,17.844,15.394,15.336,15.862,16.786,15.269,14.962,16.596,16.865,16.401,17.125,17.206
14.141,10.455,9.857,7.087,4.948,9.812,8.946,5.223,7.928,0.000,8.290,8.436,11.285,13.668,14.228,11.286,12.067,12.892,13.787,12.475,13.456,15.335,16.146,16.483,17.197,17.501
10.121,5.921,7.204,5.785,7.579,11.679,12.773,10.055,11.311,8.290,0.000,8.981,10.933,12.623,12.955,10.998,11.932,13.143,14.518,14.093,15.353,16.831,17.619,17.580,17.744,17.829
10.070,7.406,5.504,7.352,5.958,10.564,11.130,10.022,11.468,8.436,8.981,0.000,8.363,10.101,9.710,6.865,7.699,9.086,10.533,10.205,11.854,13.571,14.859,15.756,16.760,17.246
9.607,7.186,8.348,10.893,10.386,15.006,15.312,13.797,15.139,11.285,10.933,8.363,0.000,7.651,8.627,7.771,9.193,10.751,11.834,12.240,13.761,15.253,16.552,17.269,18.002,18.092
10.065,9.034,8.406,12.090,11.623,15.049,16.259,15.822,17.292,13.668,12.623,10.101,7.651,0.000,8.042,8.796,8.354,9.514,11.491,11.806,12.443,13.802,15.708,16.444,17.288,17.890
12.219,11.447,10.536,14.500,12.808,15.721,16.084,16.156,17.844,14.228,12.955,9.710,8.627,8.042,0.000,8.262,9.288,8.274,9.175,10.890,12.256,12.449,14.167,15.901,16.705,17.417
12.621,11.544,9.634,12.609,9.887,13.869,13.483,13.067,15.394,11.286,10.998,6.865,7.771,8.796,8.262,0.000,7.255,9.001,7.413,7.902,10.838,11.652,12.388,14.068,15.878,16.693
12.671,11.675,8.906,12.235,9.876,12.716,12.801,13.049,15.336,12.067,11.932,7.699,9.193,8.354,9.288,7.255,0.000,6.726,8.927,6.965,8.144,10.878,12.104,13.034,14.550,16.041
13.642,13.059,9.332,12.646,9.772,11.880,12.031,13.203,15.862,12.892,13.143,9.086,10.751,9.514,8.274,9.001,6.726,0.000,6.410,8.345,6.970,7.944,10.928,12.313,13.507,15.036
15.109,14.655,11.417,14.544,11.359,13.373,13.079,14.052,16.786,13.787,14.518,10.533,11.834,11.491,9.175,7.413,8.927,6.410,0.000,6.090,8.266,7.206,8.461,11.310,12.889,14.105
15.239,14.709,11.401,13.568,10.030,11.797,11.295,12.435,15.269,12.475,14.093,10.205,12.240,11.806,10.890,7.902,6.965,8.345,6.090,0.000,6.131,8.166,7.709,9.663,11.909,13.506
16.008,15.664,12.178,13.761,10.640,10.671,9.927,12.024,14.962,13.456,15.353,11.854,13.761,12.443,12.256,10.838,8.144,6.970,8.266,6.131,0.000,6.148,7.993,8.682,10.465,12.404
16.703,17.069,14.023,15.852,13.029,12.560,11.646,13.881,16.596,15.335,16.831,13.571,15.253,13.802,12.449,11.652,10.878,7.944,7.206,8.166,6.148,0.000,6.146,7.990,9.191,11.206
17.304,17.710,15.489,17.031,14.123,13.644,12.406,14.669,16.865,16.146,17.619,14.859,16.552,15.708,14.167,12.388,12.104,10.928,8.461,7.709,7.993,6.146,0.000,6.045,7.901,9.959
17.246,17.768,16.034,17.000,14.438,13.378,12.333,14.609,16.401,16.483,17.580,15.756,17.269,16.444,15.901,14.068,13.034,12.313,11.310,9.663,8.682,7.990,6.045,0.000,6.370,8.846
17.512,17.981,16.839,17.263,15.624,14.407,13.908,15.806,17.125,17.197,17.744,16.760,18.002,17.288,16.705,15.878,14.550,13.507,12.889,11.909,10.465,9.191,7.901,6.370,0.000,7.161
17.123,17.546,16.977,17.284,16.491,15.553,15.310,16.516,17.206,17.501,17.829,17.246,18.092,17.890,17.417,16.693,16.041,15.036,14.105,13.506,12.404,11.206,9.959,8.846,7.161,0.000