c1,c2,c3,c4,c5,c6,c7,c8,c9,c10,c11,c12,c13,c14,c15,c16,c17,c18,c19,c20,c21,c22,c23,c24,c25,c26
0.000,6.172,7.585,10.248,12.774,14.983,16.891,16.665,15.886,14.073,11.408,10.642,11.286,11.144,12.780,13.454,13.647,13.959,14.685,15.257,15.497,15.532,16.176,16.089,16.486,16.284
6.172,0.000,5.933,7.948,10.588,13.249,15.726,14.839,13.374,11.333,8.235,8.484,9.014,10.232,12.106,12.547,12.899,13.589,14.392,15.000,15.342,15.519,16.197,16.205,16.721,16.619
7.585,5.933,0.000,5.804,7.554,9.717,12.285,12.724,12.010,10.197,8.175,6.483,9.544,10.179,12.138,11.766,11.386,11.524,12.828,13.129,13.067,13.598,14.521,14.392,15.213,15.706
10.248,7.948,5.804,0.000,5.824,7.419,10.114,9.861,8.560,7.813,6.724,7.805,11.126,12.587,14.492,13.378,13.557,13.924,14.876,14.472,14.423,14.967,15.896,15.528,15.880,16.189
12.774,10.588,7.554,5.824,0.000,6.046,6.184,6.146,7.291,5.146,7.631,6.384,10.431,11.878,12.976,11.319,10.985,11.418,12.398,11.528,11.246,12.234,13.598,13.277,14.488,15.246
14.983,13.249,9.717,7.419,6.046,0.000,5.917,8.097,8.032,8.888,11.190,10.840,14.946,15.606,16.205,15.150,14.567,14.487,15.442,14.553,13.514,13.850,14.481,13.790,14.232,14.990
16.891,15.726,12.285,10.114,6.184,5.917,0.000,5.283,7.895,8.481,12.024,11.247,15.210,16.097,15.912,14.435,13.807,13.421,14.317,13.312,11.923,12.324,13.311,12.747,13.487,14.185
16.665,14.839,12.724,9.861,6.146,8.097,5.283,0.000,5.671,6.021,10.066,10.469,14.251,15.957,15.863,13.878,13.634,14.063,14.727,13.829,13.024,13.717,14.424,13.837,14.765,15.184
15.886,13.374,12.010,8.560,7.291,8.032,7.895,5.671,0.000,6.329,9.375,11.551,14.653,17.197,17.530,15.316,15.233,16.131,16.716,15.973,15.597,16.347,16.685,15.775,16.530,16.367
14.073,11.333,10.197,7.813,5.146,8.888,8.481,6.021,6.329,0.000,7.207,7.916,10.693,13.453,14.148,11.512,11.730,13.044,13.650,12.797,13.192,14.441,15.218,15.024,15.957,16.250
11.408,8.235,8.175,6.724,7.631,11.190,12.024,10.066,9.375,7.207,0.000,7.439,9.012,11.533,12.534,11.035,11.722,13.439,14.102,14.035,15.024,16.090,17.069,16.744,17.269,17.194
10.642,8.484,6.483,7.805,6.384,10.840,11.247,10.469,11.551,7.916,7.439,0.000,7.554,9.246,9.557,7.297,7.836,9.291,10.396,10.328,11.559,12.749,13.937,14.705,15.904,16.404
11.286,9.014,9.544,11.126,10.431,14.946,15.210,14.251,14.653,10.693,9.012,7.554,0.000,6.926,7.033,6.746,8.386,10.218,11.109,11.780,13.097,14.358,15.577,16.595,17.648,17.558
11.144,10.232,10.179,12.587,11.878,15.606,16.097,15.957,17.197,13.453,11.533,9.246,6.926,0.000,7.123,7.721,7.756,8.707,10.834,11.717,11.996,13.197,15.157,15.991,16.786,17.629
12.780,12.106,12.138,14.492,12.976,16.205,15.912,15.863,17.530,14.148,12.534,9.557,7.033,7.123,0.000,7.328,8.086,7.712,8.272,10.878,11.973,12.022,13.408,15.449,16.274,16.889
13.454,12.547,11.766,13.378,11.319,15.150,14.435,13.878,15.316,11.512,11.035,7.297,6.746,7.721,7.328,0.000,6.581,7.901,7.013,7.822,10.605,11.463,11.754,13.463,15.490,16.363
13.647,12.899,11.386,13.557,10.985,14.567,13.807,13.634,15.233,11.730,11.722,7.836,8.386,7.756,8.086,6.581,0.000,6.181,7.901,6.967,7.791,10.504,11.629,12.146,13.744,15.747
13.959,13.589,11.524,13.924,11.418,14.487,13.421,14.063,16.131,13.044,13.439,9.291,10.218,8.707,7.712,7.901,6.181,0.000,6.085,7.774,6.746,7.513,10.431,11.757,12.164,13.995
14.685,14.392,12.828,14.876,12.398,15.442,14.317,14.727,16.716,13.650,14.102,10.396,11.109,10.834,8.272,7.013,7.901,6.085,0.000,5.786,7.653,6.780,7.905,10.949,12.276,13.037
15.257,15.000,13.129,14.472,11.528,14.553,13.312,13.829,15.973,12.797,14.035,10.328,11.780,11.717,10.878,7.822,6.967,7.774,5.786,0.000,5.741,7.726,7.134,8.875,11.757,13.113
15.497,15.342,13.067,14.423,11.246,13.514,11.923,13.024,15.597,13.192,15.024,11.559,13.097,11.996,11.973,10.605,7.791,6.746,7.653,5.741,0.000,5.779,7.628,7.655,9.419,11.862
15.532,15.519,13.598,14.967,12.234,13.850,12.324,13.717,16.347,14.441,16.090,12.749,14.358,13.197,12.022,11.463,10.504,7.513,6.780,7.726,5.779,0.000,5.812,7.619,8.253,9.751
16.176,16.197,14.521,15.896,13.598,14.481,13.311,14.424,16.685,15.218,17.069,13.937,15.577,15.157,13.408,11.754,11.629,10.431,7.905,7.134,7.628,5.812,0.000,5.784,7.570,8.743
16.089,16.205,14.392,15.528,13.277,13.790,12.747,13.837,15.775,15.024,16.744,14.705,16.595,15.991,15.449,13.463,12.146,11.757,10.949,8.875,7.655,7.619,5.784,0.000,5.886,8.080
16.486,16.721,15.213,15.880,14.488,14.232,13.487,14.765,16.530,15.957,17.269,15.904,17.648,16.786,16.274,15.490,13.744,12.164,12.276,11.757,9.419,8.253,7.570,5.886,0.000,6.180
16.284,16.619,15.706,16.189,15.246,14.990,14.185,15.184,16.367,16.250,17.194,16.404,17.558,17.629,16.889,16.363,15.747,13.995,13.037,13.113,11.862,9.751,8.743,8.080,6.180,0.000