c1,c2,c3,c4,c5,c6,c7,c8,c9,c10,c11,c12,c13,c14,c15,c16,c17,c18,c19,c20,c21,c22,c23,c24,c25,c26
0.000,6.001,7.520,9.779,12.599,14.301,14.758,15.334,14.775,15.513,15.238,14.716,15.642,15.795,14.457,14.981,15.713,15.005,14.524,15.191,15.620,15.441,15.655,16.349,16.358,16.270
6.001,0.000,5.796,7.573,10.504,12.586,13.754,14.595,14.120,15.327,15.703,14.707,15.770,15.902,14.001,14.316,15.160,14.401,13.851,14.755,15.234,15.258,15.440,16.296,16.380,16.404
7.520,5.796,0.000,5.890,7.479,9.386,10.121,11.307,10.928,12.691,13.101,12.186,13.283,13.334,11.258,11.970,13.516,12.927,12.682,13.934,14.503,14.547,14.970,15.857,16.197,16.462
9.779,7.573,5.890,0.000,5.725,7.109,9.251,11.140,11.882,14.021,15.102,13.844,14.616,14.299,12.081,12.496,14.032,13.425,13.260,14.673,15.200,15.413,15.877,16.736,16.811,16.873
12.599,10.504,7.479,5.725,0.000,5.960,7.349,8.105,8.770,11.301,12.640,11.153,11.983,11.806,9.653,10.316,12.107,11.960,11.750,13.137,13.874,14.279,14.989,15.815,16.568,16.864
14.301,12.586,9.386,7.109,5.960,0.000,5.625,8.422,10.103,12.367,14.284,12.414,12.560,12.402,10.166,10.238,12.311,12.376,12.531,13.770,14.670,15.303,16.088,16.753,17.111,17.272
14.758,13.754,10.121,9.251,7.349,5.625,0.000,5.740,8.128,10.003,12.164,10.965,11.465,11.482,9.770,10.108,12.118,12.641,13.321,14.247,14.823,15.187,15.982,16.623,17.195,17.309
15.334,14.595,11.307,11.140,8.105,8.422,5.740,0.000,6.000,7.863,9.774,8.405,8.054,8.801,8.188,9.105,11.550,12.473,13.509,14.398,15.227,15.535,16.242,16.925,17.446,17.551
14.775,14.120,10.928,11.882,8.770,10.103,8.128,6.000,0.000,5.971,5.820,5.066,7.440,6.397,7.760,8.263,10.434,11.140,11.991,13.073,14.110,14.218,14.914,15.317,16.261,16.963
15.513,15.327,12.691,14.021,11.301,12.367,10.003,7.863,5.971,0.000,5.749,7.860,7.642,8.820,10.501,10.908,12.703,13.282,14.458,15.004,15.308,16.126,16.080,16.243,16.703,17.257
15.238,15.703,13.101,15.102,12.640,14.284,12.164,9.774,5.820,5.749,0.000,5.315,7.835,8.241,10.619,11.638,13.304,13.465,13.910,14.444,14.745,15.249,16.551,15.653,15.853,16.433
14.716,14.707,12.186,13.844,11.153,12.414,10.965,8.405,5.066,7.860,5.315,0.000,6.000,6.127,8.582,9.704,11.659,12.877,12.980,13.141,14.169,14.657,15.786,16.865,16.744,17.297
15.642,15.770,13.283,14.616,11.983,12.560,11.465,8.054,7.440,7.642,7.835,6.000,0.000,6.481,8.930,9.789,10.995,13.140,13.687,13.051,13.950,15.263,16.144,16.922,17.802,17.758
15.795,15.902,13.334,14.299,11.806,12.402,11.482,8.801,6.397,8.820,8.241,6.127,6.481,0.000,6.863,8.030,8.868,10.036,11.854,12.343,12.624,13.664,15.294,16.058,16.972,17.819
14.457,14.001,11.258,12.081,9.653,10.166,9.770,8.188,7.760,10.501,10.619,8.582,8.930,6.863,0.000,6.921,7.842,8.498,9.248,11.074,12.080,12.568,13.851,15.440,16.304,17.218
14.981,14.316,11.970,12.496,10.316,10.238,10.108,9.105,8.263,10.908,11.638,9.704,9.789,8.030,6.921,0.000,6.573,7.865,7.951,8.481,11.004,12.237,12.804,13.990,15.585,16.702
15.713,15.160,13.516,14.032,12.107,12.311,12.118,11.550,10.434,12.703,13.304,11.659,10.995,8.868,7.842,6.573,0.000,6.102,7.485,7.326,8.109,10.939,12.316,12.937,14.230,16.095
15.005,14.401,12.927,13.425,11.960,12.376,12.641,12.473,11.140,13.282,13.465,12.877,13.140,10.036,8.498,7.865,6.102,0.000,5.936,7.476,7.194,8.324,11.191,12.671,13.336,15.199
14.524,13.851,12.682,13.260,11.750,12.531,13.321,13.509,11.991,14.458,13.910,12.980,13.687,11.854,9.248,7.951,7.485,5.936,0.000,6.009,7.507,7.388,8.747,11.537,13.117,14.769
15.191,14.755,13.934,14.673,13.137,13.770,14.247,14.398,13.073,15.004,14.444,13.141,13.051,12.343,11.074,8.481,7.326,7.476,6.009,0.000,6.069,7.806,7.938,9.740,12.112,14.212
15.620,15.234,14.503,15.200,13.874,14.670,14.823,15.227,14.110,15.308,14.745,14.169,13.950,12.624,12.080,11.004,8.109,7.194,7.507,6.069,0.000,6.010,7.577,8.084,9.858,12.708
15.441,15.258,14.547,15.413,14.279,15.303,15.187,15.535,14.218,16.126,15.249,14.657,15.263,13.664,12.568,12.237,10.939,8.324,7.388,7.806,6.010,0.000,5.821,7.743,8.722,11.386
15.655,15.440,14.970,15.877,14.989,16.088,15.982,16.242,14.914,16.080,16.551,15.786,16.144,15.294,13.851,12.804,12.316,11.191,8.747,7.938,7.577,5.821,0.000,5.688,7.493,10.211
16.349,16.296,15.857,16.736,15.815,16.753,16.623,16.925,15.317,16.243,15.653,16.865,16.922,16.058,15.440,13.990,12.937,12.671,11.537,9.740,8.084,7.743,5.688,0.000,5.930,8.367
16.358,16.380,16.197,16.811,16.568,17.111,17.195,17.446,16.261,16.703,15.853,16.744,17.802,16.972,16.304,15.585,14.230,13.336,13.117,12.112,9.858,8.722,7.493,5.930,0.000,6.482
16.270,16.404,16.462,16.873,16.864,17.272,17.309,17.551,16.963,17.257,16.433,17.297,17.758,17.819,17.218,16.702,16.095,15.199,14.769,14.212,12.708,11.386,10.211,8.367,6.482,0.000