c1,c2,c3,c4,c5,c6,c7,c8,c9,c10,c11,c12,c13,c14,c15,c16,c17,c18,c19,c20,c21,c22,c23,c24,c25,c26
0.000,6.564,7.607,9.728,12.091,14.340,15.892,14.382,13.782,13.319,11.413,10.689,11.562,12.112,13.940,13.355,12.585,13.757,15.245,14.735,14.571,16.063,16.931,16.280,16.492,16.842
6.564,0.000,6.216,8.171,10.890,13.342,15.407,13.624,12.533,11.927,9.679,8.914,10.043,10.855,13.114,12.571,11.144,12.591,14.529,13.808,13.362,15.522,16.735,16.010,16.340,17.006
7.607,6.216,0.000,6.113,7.869,10.005,12.034,11.156,10.568,10.036,8.414,6.962,9.681,10.650,12.203,11.149,9.094,10.086,12.515,11.281,10.165,13.184,14.649,13.922,14.817,16.116
9.728,8.171,6.113,0.000,6.038,7.997,10.092,9.030,7.726,8.866,8.549,9.043,12.352,13.664,15.415,13.754,11.796,12.978,14.713,12.484,10.693,14.143,15.156,13.862,14.432,15.688
12.091,10.890,7.869,6.038,0.000,6.128,6.100,5.348,7.432,6.829,8.531,8.479,11.819,13.083,13.979,12.223,10.229,10.834,11.822,8.621,5.753,9.946,10.946,9.733,11.544,13.404
14.340,13.342,10.005,7.997,6.128,0.000,6.095,7.944,7.529,9.202,11.505,11.591,15.069,15.468,16.432,15.378,13.084,13.552,15.221,12.724,9.183,12.858,13.806,11.671,12.559,14.586
15.892,15.407,12.034,10.092,6.100,6.095,0.000,5.405,7.882,8.729,11.790,12.196,15.596,16.129,16.192,14.891,13.194,13.496,14.462,11.455,7.760,11.717,11.946,10.020,11.862,13.797
14.382,13.624,11.156,9.030,5.348,7.944,5.405,0.000,6.046,6.828,9.397,10.100,13.617,15.105,15.116,13.305,12.260,13.139,13.841,11.139,8.595,12.643,12.646,11.182,13.404,14.708
13.782,12.533,10.568,7.726,7.432,7.529,7.882,6.046,0.000,6.722,10.028,10.746,13.550,14.861,15.413,13.993,12.654,14.257,15.392,13.227,12.114,15.254,15.217,13.485,15.368,16.085
13.319,11.927,10.036,8.866,6.829,9.202,8.729,6.828,6.722,0.000,8.708,9.132,11.670,13.451,14.454,12.549,11.477,13.274,14.286,12.027,12.002,15.364,15.209,13.861,15.660,16.441
11.413,9.679,8.414,8.549,8.531,11.505,11.790,9.397,10.028,8.708,0.000,8.271,10.469,12.190,12.798,11.920,11.203,12.928,14.107,13.187,13.425,16.332,17.034,15.900,16.956,17.551
10.689,8.914,6.962,9.043,8.479,11.591,12.196,10.100,10.746,9.132,8.271,0.000,7.786,9.370,9.252,7.491,7.258,9.212,10.424,9.537,10.857,13.321,14.134,14.122,15.699,16.772
11.562,10.043,9.681,12.352,11.819,15.069,15.596,13.617,13.550,11.670,10.469,7.786,0.000,7.319,8.558,7.946,8.157,10.440,11.469,11.544,12.837,14.804,15.875,16.587,17.842,18.100
12.112,10.855,10.650,13.664,13.083,15.468,16.129,15.105,14.861,13.451,12.190,9.370,7.319,0.000,7.480,8.326,7.419,8.577,11.025,11.478,11.757,13.257,15.458,15.880,16.831,18.032
13.940,13.114,12.203,15.415,13.979,16.432,16.192,15.116,15.413,14.454,12.798,9.252,8.558,7.480,0.000,8.084,8.265,7.461,8.324,10.766,11.938,11.875,13.503,15.514,16.332,17.112
13.355,12.571,11.149,13.754,12.223,15.378,14.891,13.305,13.993,12.549,11.920,7.491,7.946,8.326,8.084,0.000,6.900,8.158,6.932,7.443,10.557,11.478,11.768,13.192,15.539,16.449
12.585,11.144,9.094,11.796,10.229,13.084,13.194,12.260,12.654,11.477,11.203,7.258,8.157,7.419,8.265,6.900,0.000,6.246,8.290,6.691,7.364,10.391,11.457,11.528,13.409,15.591
13.757,12.591,10.086,12.978,10.834,13.552,13.496,13.139,14.257,13.274,12.928,9.212,10.440,8.577,7.461,8.158,6.246,0.000,6.292,8.013,6.739,7.322,10.572,11.539,11.781,13.609
15.245,14.529,12.515,14.713,11.822,15.221,14.462,13.841,15.392,14.286,14.107,10.424,11.469,11.025,8.324,6.932,8.290,6.292,0.000,6.142,7.981,6.497,7.759,10.697,11.880,12.653
14.735,13.808,11.281,12.484,8.621,12.724,11.455,11.139,13.227,12.027,13.187,9.537,11.544,11.478,10.766,7.443,6.691,8.013,6.142,0.000,6.145,7.767,6.846,7.754,11.046,12.395
14.571,13.362,10.165,10.693,5.753,9.183,7.760,8.595,12.114,12.002,13.425,10.857,12.837,11.757,11.938,10.557,7.364,6.739,7.981,6.145,0.000,5.976,7.604,6.650,8.295,10.885
16.063,15.522,13.184,14.143,9.946,12.858,11.717,12.643,15.254,15.364,16.332,13.321,14.804,13.257,11.875,11.478,10.391,7.322,6.497,7.767,5.976,0.000,5.759,7.641,7.319,9.072
16.931,16.735,14.649,15.156,10.946,13.806,11.946,12.646,15.217,15.209,17.034,14.134,15.875,15.458,13.503,11.768,11.457,10.572,7.759,6.846,7.604,5.759,0.000,5.777,7.709,8.608
16.280,16.010,13.922,13.862,9.733,11.671,10.020,11.182,13.485,13.861,15.900,14.122,16.587,15.880,15.514,13.192,11.528,11.539,10.697,7.754,6.650,7.641,5.777,0.000,5.856,8.340
16.492,16.340,14.817,14.432,11.544,12.559,11.862,13.404,15.368,15.660,16.956,15.699,17.842,16.831,16.332,15.539,13.409,11.781,11.880,11.046,8.295,7.319,7.709,5.856,0.000,6.192
16.842,17.006,16.116,15.688,13.404,14.586,13.797,14.708,16.085,16.441,17.551,16.772,18.100,18.032,17.112,16.449,15.591,13.609,12.653,12.395,10.885,9.072,8.608,8.340,6.192,0.000