c1,c2,c3,c4,c5,c6,c7,c8,c9,c10,c11,c12,c13,c14,c15,c16,c17,c18,c19,c20,c21,c22,c23,c24,c25,c26
0.000,6.659,7.788,10.542,13.251,14.916,17.330,16.460,15.065,13.731,9.681,9.801,9.472,10.553,12.333,12.386,13.580,14.050,15.457,15.831,16.183,16.719,17.254,17.160,17.260,16.920
6.659,0.000,6.097,8.271,11.278,13.437,15.896,14.346,12.480,10.540,6.101,7.601,7.655,9.630,11.635,11.523,12.977,13.189,15.045,15.871,16.009,16.859,17.556,17.556,17.593,17.150
7.788,6.097,0.000,5.972,8.181,9.890,12.711,12.253,11.272,9.877,7.172,5.419,8.082,8.726,10.661,9.330,10.580,9.878,12.221,12.933,13.207,14.597,15.774,16.277,16.900,17.009
10.542,8.271,5.972,0.000,6.016,7.403,9.923,8.900,6.254,7.012,5.767,7.244,10.756,12.197,14.261,12.524,13.652,12.411,14.693,14.655,14.456,16.069,17.123,17.038,17.106,17.081
13.251,11.278,8.181,6.016,0.000,6.117,5.605,4.856,6.834,4.938,7.568,5.887,10.245,11.762,12.872,10.165,11.494,10.016,11.995,11.752,11.927,13.548,14.375,14.490,15.556,16.271
14.916,13.437,9.890,7.403,6.117,0.000,6.563,8.168,7.826,9.709,11.609,10.384,14.683,15.192,15.764,13.444,13.716,11.569,13.428,12.524,11.527,13.059,13.998,13.620,14.099,15.212
17.330,15.896,12.711,9.923,5.605,6.563,0.000,5.059,7.937,8.899,12.654,10.996,15.033,16.287,16.181,13.637,13.768,11.587,12.941,11.781,10.231,12.031,12.762,12.737,13.674,14.774
16.460,14.346,12.253,8.900,4.856,8.168,5.059,0.000,5.747,4.964,10.002,10.042,13.643,15.935,16.162,13.246,14.023,12.504,13.937,13.004,12.034,13.690,14.507,14.202,15.123,15.863
15.065,12.480,11.272,6.254,6.834,7.826,7.937,5.747,0.000,7.179,10.500,11.274,14.766,17.179,17.759,15.110,16.270,14.982,16.412,15.435,14.695,16.292,16.378,15.983,16.590,16.604
13.731,10.540,9.877,7.012,4.938,9.709,8.899,4.964,7.179,0.000,7.774,8.147,10.842,13.444,14.306,11.561,13.442,12.185,14.130,13.626,13.724,15.354,16.043,16.226,16.966,17.162
9.681,6.101,7.172,5.767,7.568,11.609,12.654,10.002,10.500,7.774,0.000,8.689,9.946,11.759,12.647,10.971,13.145,12.538,14.765,14.987,15.417,16.513,17.388,17.367,17.304,17.430
9.801,7.601,5.419,7.244,5.887,10.384,10.996,10.042,11.274,8.147,8.689,0.000,8.359,9.629,9.564,7.117,9.141,8.696,11.242,11.699,12.573,13.874,14.919,15.522,16.681,17.019
9.472,7.655,8.082,10.756,10.245,14.683,15.033,13.643,14.766,10.842,9.946,8.359,0.000,7.752,8.173,7.450,9.760,10.753,12.787,13.718,14.334,15.112,16.211,17.060,17.860,17.760
10.553,9.630,8.726,12.197,11.762,15.192,16.287,15.935,17.179,13.444,11.759,9.629,7.752,0.000,7.585,8.215,9.225,10.057,12.581,13.545,13.478,14.153,15.748,16.426,17.139,17.675
12.333,11.635,10.661,14.261,12.872,15.764,16.181,16.162,17.759,14.306,12.647,9.564,8.173,7.585,0.000,7.784,8.899,9.247,10.714,12.982,13.537,13.075,14.623,15.889,16.688,17.092
12.386,11.523,9.330,12.524,10.165,13.444,13.637,13.246,15.110,11.561,10.971,7.117,7.450,8.215,7.784,0.000,7.108,8.284,8.381,9.843,11.957,12.767,12.859,14.054,15.776,16.330
13.580,12.977,10.580,13.652,11.494,13.716,13.768,14.023,16.270,13.442,13.145,9.141,9.760,9.225,8.899,7.108,0.000,6.575,8.239,8.623,9.443,12.060,13.192,13.167,14.456,15.719
14.050,13.189,9.878,12.411,10.016,11.569,11.587,12.504,14.982,12.185,12.538,8.696,10.753,10.057,9.247,8.284,6.575,0.000,6.477,8.128,7.741,8.926,11.924,13.067,13.098,14.329
15.457,15.045,12.221,14.693,11.995,13.428,12.941,13.937,16.412,14.130,14.765,11.242,12.787,12.581,10.714,8.381,8.239,6.477,0.000,6.235,8.001,7.737,9.046,12.125,13.326,13.378
15.831,15.871,12.933,14.655,11.752,12.524,11.781,13.004,15.435,13.626,14.987,11.699,13.718,13.545,12.982,9.843,8.623,8.128,6.235,0.000,6.476,8.096,8.129,9.747,12.636,13.708
16.183,16.009,13.207,14.456,11.927,11.527,10.231,12.034,14.695,13.724,15.417,12.573,14.334,13.478,13.537,11.957,9.443,7.741,8.001,6.476,0.000,6.236,7.770,8.195,10.068,12.318
16.719,16.859,14.597,16.069,13.548,13.059,12.031,13.690,16.292,15.354,16.513,13.874,15.112,14.153,13.075,12.767,12.060,8.926,7.737,8.096,6.236,0.000,6.075,7.784,8.542,10.159
17.254,17.556,15.774,17.123,14.375,13.998,12.762,14.507,16.378,16.043,17.388,14.919,16.211,15.748,14.623,12.859,13.192,11.924,9.046,8.129,7.770,6.075,0.000,5.972,7.543,8.549
17.160,17.556,16.277,17.038,14.490,13.620,12.737,14.202,15.983,16.226,17.367,15.522,17.060,16.426,15.889,14.054,13.167,13.067,12.125,9.747,8.195,7.784,5.972,0.000,6.090,8.151
17.260,17.593,16.900,17.106,15.556,14.099,13.674,15.123,16.590,16.966,17.304,16.681,17.860,17.139,16.688,15.776,14.456,13.098,13.326,12.636,10.068,8.542,7.543,6.090,0.000,6.749
16.920,17.150,17.009,17.081,16.271,15.212,14.774,15.863,16.604,17.162,17.430,17.019,17.760,17.675,17.092,16.330,15.719,14.329,13.378,13.708,12.318,10.159,8.549,8.151,6.749,0.000