c1,c2,c3,c4,c5,c6,c7,c8,c9,c10,c11,c12,c13,c14,c15,c16,c17,c18,c19,c20,c21,c22,c23,c24,c25,c26
0.000,7.197,8.321,11.028,13.688,15.258,17.680,16.995,15.518,13.939,10.101,10.128,10.182,10.769,13.250,13.177,12.646,13.799,15.621,15.499,15.654,17.133,17.921,17.444,17.416,17.493
7.197,0.000,6.479,8.533,11.527,13.627,16.189,14.625,12.656,10.676,6.371,7.613,7.786,9.280,12.169,11.731,10.918,12.393,14.524,14.230,14.318,16.713,17.828,17.460,17.539,17.751
8.321,6.479,0.000,6.239,8.514,9.975,12.833,12.517,11.501,9.891,7.252,5.614,8.486,8.593,11.164,9.876,7.925,8.762,11.571,11.375,10.893,13.546,15.246,15.103,15.988,16.892
11.028,8.533,6.239,0.000,6.460,7.803,9.937,8.933,6.358,7.066,5.865,7.341,10.978,12.217,14.968,12.762,11.289,12.222,14.645,12.865,11.540,15.164,16.497,15.528,16.237,16.941
13.688,11.527,8.514,6.460,0.000,6.453,6.082,4.955,6.796,4.934,7.585,6.143,10.637,11.827,13.115,10.163,8.683,9.028,10.712,8.378,7.070,10.794,11.985,11.081,13.116,14.730
15.258,13.627,9.975,7.803,6.453,0.000,7.936,8.366,7.853,9.821,11.818,10.796,15.354,15.141,16.247,14.482,12.026,11.413,13.861,11.939,8.704,12.212,13.097,11.509,12.382,13.994
17.680,16.189,12.833,9.937,6.082,7.936,0.000,5.282,8.203,9.022,12.885,11.617,15.802,16.599,16.660,14.193,12.309,11.708,12.941,10.486,6.797,10.393,10.646,8.684,11.049,12.836
16.995,14.625,12.517,8.933,4.955,8.366,5.282,0.000,6.397,5.407,10.276,10.543,14.339,16.322,16.871,13.606,12.441,12.932,13.356,10.553,8.622,12.402,12.542,10.734,13.485,14.758
15.518,12.656,11.501,6.358,6.796,7.853,8.203,6.397,0.000,8.795,12.934,12.202,15.714,17.588,18.353,16.058,14.924,15.700,16.413,13.821,12.263,16.061,16.028,14.285,16.242,16.807
13.939,10.676,9.891,7.066,4.934,9.821,9.022,5.407,8.795,0.000,9.765,9.557,12.342,14.050,14.747,11.791,11.335,12.408,12.989,10.629,10.394,13.879,14.514,13.567,15.996,16.769
10.101,6.371,7.252,5.865,7.585,11.818,12.885,10.276,12.934,9.765,0.000,10.160,12.109,13.406,13.892,12.000,11.545,13.127,14.600,13.244,13.200,16.381,17.435,16.652,17.540,17.945
10.128,7.613,5.614,7.341,6.143,10.796,11.617,10.543,12.202,9.557,10.160,0.000,9.470,10.475,10.462,7.370,6.821,8.341,10.030,9.152,9.889,12.693,13.962,13.878,15.733,16.799
10.182,7.786,8.486,10.978,10.637,15.354,15.802,14.339,15.714,12.342,12.109,9.470,0.000,8.592,9.705,8.405,8.992,10.786,11.987,11.934,13.198,15.163,16.509,16.843,17.812,18.197
10.769,9.280,8.593,12.217,11.827,15.141,16.599,16.322,17.588,14.050,13.406,10.475,8.592,0.000,9.329,9.883,8.645,9.685,12.162,12.280,12.620,14.029,16.058,16.328,17.033,18.040
13.250,12.169,11.164,14.968,13.115,16.247,16.660,16.871,18.353,14.747,13.892,10.462,9.705,9.329,0.000,9.814,10.353,8.738,9.959,11.756,12.789,13.027,15.027,16.031,16.752,17.620
13.177,11.731,9.876,12.762,10.163,14.482,14.193,13.606,16.058,11.791,12.000,7.370,8.405,9.883,9.814,0.000,8.096,9.379,7.850,8.382,11.011,11.855,12.634,13.680,15.904,16.850
12.646,10.918,7.925,11.289,8.683,12.026,12.309,12.441,14.924,11.335,11.545,6.821,8.992,8.645,10.353,8.096,0.000,7.177,9.502,7.472,8.488,11.114,12.216,12.257,14.075,15.994
13.799,12.393,8.762,12.222,9.028,11.413,11.708,12.932,15.700,12.408,13.127,8.341,10.786,9.685,8.738,9.379,7.177,0.000,6.857,8.849,7.506,8.146,11.290,11.955,12.613,14.391
15.621,14.524,11.571,14.645,10.712,13.861,12.941,13.356,16.413,12.989,14.600,10.030,11.987,12.162,9.959,7.850,9.502,6.857,0.000,6.243,8.734,7.275,8.672,11.286,12.592,13.499
15.499,14.230,11.375,12.865,8.378,11.939,10.486,10.553,13.821,10.629,13.244,9.152,11.934,12.280,11.756,8.382,7.472,8.849,6.243,0.000,6.545,8.526,7.970,8.784,11.985,13.350
15.654,14.318,10.893,11.540,7.070,8.704,6.797,8.622,12.263,10.394,13.200,9.889,13.198,12.620,12.789,11.011,8.488,7.506,8.734,6.545,0.000,6.505,8.308,7.593,9.821,11.827
17.133,16.713,13.546,15.164,10.794,12.212,10.393,12.402,16.061,13.879,16.381,12.693,15.163,14.029,13.027,11.855,11.114,8.146,7.275,8.526,6.505,0.000,6.493,8.272,8.525,10.422
17.921,17.828,15.246,16.497,11.985,13.097,10.646,12.542,16.028,14.514,17.435,13.962,16.509,16.058,15.027,12.634,12.216,11.290,8.672,7.970,8.308,6.493,0.000,6.422,8.254,9.628
17.444,17.460,15.103,15.528,11.081,11.509,8.684,10.734,14.285,13.567,16.652,13.878,16.843,16.328,16.031,13.680,12.257,11.955,11.286,8.784,7.593,8.272,6.422,0.000,6.685,9.478
17.416,17.539,15.988,16.237,13.116,12.382,11.049,13.485,16.242,15.996,17.540,15.733,17.812,17.033,16.752,15.904,14.075,12.613,12.592,11.985,9.821,8.525,8.254,6.685,0.000,7.334
17.493,17.751,16.892,16.941,14.730,13.994,12.836,14.758,16.807,16.769,17.945,16.799,18.197,18.040,17.620,16.850,15.994,14.391,13.499,13.350,11.827,10.422,9.628,9.478,7.334,0.000