c1,c2,c3,c4,c5,c6,c7,c8,c9,c10,c11,c12,c13,c14,c15,c16,c17,c18,c19,c20,c21,c22,c23,c24,c25,c26
0.000,7.086,8.273,10.817,13.766,15.323,17.812,17.090,15.363,13.924,9.882,10.021,10.045,10.905,13.300,13.440,12.962,13.799,15.555,15.826,15.965,17.337,17.974,17.650,17.465,17.460
7.086,0.000,6.400,8.155,11.474,13.612,16.277,14.636,12.566,10.610,6.022,7.510,7.569,9.278,12.074,11.917,11.111,12.066,14.330,14.568,14.421,16.734,17.843,17.628,17.555,17.702
8.273,6.400,0.000,6.147,8.407,10.000,12.938,12.609,11.474,9.836,7.207,5.381,8.373,8.639,10.969,9.907,8.194,8.263,11.192,11.637,11.075,13.645,15.350,15.262,16.173,17.100
10.817,8.155,6.147,0.000,6.347,7.647,9.979,8.890,6.230,7.020,5.843,7.366,10.980,12.480,15.050,13.133,11.709,11.728,13.965,12.936,11.315,14.779,16.152,15.472,16.172,17.066
13.766,11.474,8.407,6.347,0.000,6.315,6.365,4.899,6.855,4.959,7.628,6.237,10.739,12.118,13.332,10.547,9.228,8.458,9.876,8.435,6.548,10.406,11.553,11.051,12.945,14.729
15.323,13.612,10.000,7.647,6.315,0.000,8.020,8.437,8.031,9.973,11.977,10.895,15.454,15.574,16.374,14.645,12.560,11.059,13.116,11.844,8.465,11.707,12.509,11.254,12.339,14.124
17.812,16.277,12.938,9.979,6.365,8.020,0.000,5.380,8.182,9.108,13.018,11.801,15.984,17.034,16.965,14.554,13.052,11.517,12.402,10.590,6.631,9.858,10.246,8.924,11.132,13.108
17.090,14.636,12.609,8.890,4.899,8.437,5.380,0.000,6.508,5.330,10.294,10.626,14.361,16.575,17.191,14.076,13.061,12.638,12.872,10.739,8.153,11.882,12.365,11.123,13.666,14.857
15.363,12.566,11.474,6.230,6.855,8.031,8.182,6.508,0.000,8.488,12.939,12.140,15.524,17.694,18.368,16.429,15.479,15.191,15.931,13.944,11.750,15.453,15.820,14.529,16.317,16.838
13.924,10.610,9.836,7.020,4.959,9.973,9.108,5.330,8.488,0.000,9.952,9.515,12.059,14.081,14.815,12.137,11.624,11.686,12.317,10.640,9.628,13.357,14.298,13.719,15.899,16.662
9.882,6.022,7.207,5.843,7.628,11.977,13.018,10.294,12.939,9.952,0.000,10.003,11.955,13.201,13.845,12.391,12.019,12.601,14.091,13.408,12.751,16.077,17.236,16.766,17.476,17.844
10.021,7.510,5.381,7.366,6.237,10.895,11.801,10.626,12.140,9.515,10.003,0.000,9.401,10.371,10.546,7.863,7.309,7.796,9.715,9.393,9.736,12.497,14.006,14.046,15.598,16.680
10.045,7.569,8.373,10.980,10.739,15.454,15.984,14.361,15.524,12.059,11.955,9.401,0.000,8.337,9.627,8.408,9.326,10.670,12.096,12.315,13.409,15.289,16.586,16.860,17.719,18.076
10.905,9.278,8.639,12.480,12.118,15.574,17.034,16.575,17.694,14.081,13.201,10.371,8.337,0.000,8.717,9.428,9.250,9.960,12.299,12.674,13.141,14.366,16.275,16.509,17.166,17.992
13.300,12.074,10.969,15.050,13.332,16.374,16.965,17.191,18.368,14.815,13.845,10.546,9.627,8.717,0.000,9.326,10.462,9.189,10.480,12.202,13.405,13.753,15.413,16.265,16.866,17.610
13.440,11.917,9.907,13.133,10.547,14.645,14.554,14.076,16.429,12.137,12.391,7.863,8.408,9.428,9.326,0.000,8.034,9.143,8.182,8.916,11.543,12.409,13.253,13.950,15.933,16.851
12.962,11.111,8.194,11.709,9.228,12.560,13.052,13.061,15.479,11.624,12.019,7.309,9.326,9.250,10.462,8.034,0.000,7.261,9.469,8.018,9.055,11.588,12.778,12.693,14.216,16.013
13.799,12.066,8.263,11.728,8.458,11.059,11.517,12.638,15.191,11.686,12.601,7.796,10.670,9.960,9.189,9.143,7.261,0.000,7.073,8.860,7.893,8.588,11.726,12.204,12.847,14.348
15.555,14.330,11.192,13.965,9.876,13.116,12.402,12.872,15.931,12.317,14.091,9.715,12.096,12.299,10.480,8.182,9.469,7.073,0.000,6.357,8.699,7.738,9.033,11.373,12.765,13.507
15.826,14.568,11.637,12.936,8.435,11.844,10.590,10.739,13.944,10.640,13.408,9.393,12.315,12.674,12.202,8.916,8.018,8.860,6.357,0.000,6.777,8.681,8.382,8.936,11.978,13.199
15.965,14.421,11.075,11.315,6.548,8.465,6.631,8.153,11.750,9.628,12.751,9.736,13.409,13.141,13.405,11.543,9.055,7.893,8.699,6.777,0.000,6.690,8.351,7.645,9.929,11.807
17.337,16.734,13.645,14.779,10.406,11.707,9.858,11.882,15.453,13.357,16.077,12.497,15.289,14.366,13.753,12.409,11.588,8.588,7.738,8.681,6.690,0.000,6.584,8.188,8.967,10.615
17.974,17.843,15.350,16.152,11.553,12.509,10.246,12.365,15.820,14.298,17.236,14.006,16.586,16.275,15.413,13.253,12.778,11.726,9.033,8.382,8.351,6.584,0.000,6.544,8.206,9.429
17.650,17.628,15.262,15.472,11.051,11.254,8.924,11.123,14.529,13.719,16.766,14.046,16.860,16.509,16.265,13.950,12.693,12.204,11.373,8.936,7.645,8.188,6.544,0.000,6.632,9.309
17.465,17.555,16.173,16.172,12.945,12.339,11.132,13.666,16.317,15.899,17.476,15.598,17.719,17.166,16.866,15.933,14.216,12.847,12.765,11.978,9.929,8.967,8.206,6.632,0.000,7.424
17.460,17.702,17.100,17.066,14.729,14.124,13.108,14.857,16.838,16.662,17.844,16.680,18.076,17.992,17.610,16.851,16.013,14.348,13.507,13.199,11.807,10.615,9.429,9.309,7.424,0.000