c1,c2,c3,c4,c5,c6,c7,c8,c9,c10,c11,c12,c13,c14,c15,c16,c17,c18,c19,c20,c21,c22,c23,c24,c25,c26
0.000,7.054,8.208,10.866,13.661,15.179,17.733,17.067,15.525,14.063,10.142,10.248,10.262,11.106,13.308,13.377,12.599,13.675,15.619,15.628,15.557,17.143,17.989,17.490,17.510,17.648
7.054,0.000,6.354,8.360,11.461,13.587,16.131,14.602,12.562,10.653,6.195,7.654,7.764,9.366,12.149,11.945,10.814,12.236,14.622,14.294,14.153,16.658,17.843,17.446,17.601,17.915
8.208,6.354,0.000,6.220,8.484,10.014,12.842,12.587,11.464,9.866,7.229,5.500,8.386,8.517,10.774,9.916,7.568,8.360,11.402,11.289,10.601,13.401,15.228,15.138,16.062,17.106
10.866,8.360,6.220,0.000,6.502,7.886,9.909,8.901,6.238,7.028,5.867,7.334,10.946,12.161,14.773,12.917,11.064,11.955,14.579,12.800,11.342,15.058,16.518,15.669,16.298,17.118
13.661,11.461,8.484,6.502,0.000,6.612,5.983,4.994,6.817,4.944,7.603,6.130,10.668,11.796,13.019,10.272,8.496,8.960,10.700,8.278,6.917,10.768,12.086,11.358,13.170,15.055
15.179,13.587,10.014,7.886,6.612,0.000,7.902,8.416,7.872,9.808,11.866,10.751,15.327,15.121,15.954,14.463,11.668,11.265,13.755,11.634,8.426,11.815,12.895,11.543,12.401,14.413
17.733,16.131,12.842,9.909,5.983,7.902,0.000,5.305,8.228,9.033,12.912,11.575,15.848,16.614,16.550,14.315,12.062,11.735,12.909,10.425,6.692,10.140,10.663,9.018,11.129,13.286
17.067,14.602,12.587,8.901,4.994,8.416,5.305,0.000,6.603,5.430,10.343,10.523,14.359,16.352,16.874,13.898,12.402,12.981,13.523,10.725,8.831,12.511,12.817,11.111,13.606,15.045
15.525,12.562,11.464,6.238,6.817,7.872,8.228,6.603,0.000,8.631,12.596,12.058,15.583,17.552,18.261,16.265,14.806,15.629,16.442,13.916,12.315,16.063,16.194,14.559,16.370,17.003
14.063,10.653,9.866,7.028,4.944,9.808,9.033,5.430,8.631,0.000,9.827,9.533,12.352,13.981,14.639,11.964,11.102,12.285,13.048,10.743,10.394,13.882,14.719,13.727,15.985,16.893
10.142,6.195,7.229,5.867,7.603,11.866,12.912,10.343,12.596,9.827,0.000,10.057,12.118,13.282,13.864,12.282,11.351,12.961,14.645,13.355,13.224,16.368,17.533,16.691,17.585,17.948
10.248,7.654,5.500,7.334,6.130,10.751,11.575,10.523,12.058,9.533,10.057,0.000,9.587,10.713,10.425,7.743,6.853,8.282,10.240,9.389,9.906,12.829,14.209,13.961,15.765,16.881
10.262,7.764,8.386,10.946,10.668,15.327,15.848,14.359,15.583,12.352,12.118,9.587,0.000,8.547,10.046,8.608,8.957,10.746,12.134,11.990,13.129,15.186,16.540,16.833,17.885,18.216
11.106,9.366,8.517,12.161,11.796,15.121,16.614,16.352,17.552,13.981,13.282,10.713,8.547,0.000,9.261,9.858,8.487,9.586,12.082,12.226,12.494,14.050,16.056,16.335,17.081,18.155
13.308,12.149,10.774,14.773,13.019,15.954,16.550,16.874,18.261,14.639,13.864,10.425,10.046,9.261,0.000,9.590,10.118,8.318,9.728,11.492,12.466,12.728,14.789,15.894,16.594,17.431
13.377,11.945,9.916,12.917,10.272,14.463,14.315,13.898,16.265,11.964,12.282,7.743,8.608,9.858,9.590,0.000,7.990,9.192,7.811,8.285,10.957,11.780,12.602,13.661,15.894,16.803
12.599,10.814,7.568,11.064,8.496,11.668,12.062,12.402,14.806,11.102,11.351,6.853,8.957,8.487,10.118,7.990,0.000,7.049,9.517,7.277,8.172,10.975,12.112,12.161,14.050,15.941
13.675,12.236,8.360,11.955,8.960,11.265,11.735,12.981,15.629,12.285,12.961,8.282,10.746,9.586,8.318,9.192,7.049,0.000,6.887,8.819,7.283,7.900,11.157,11.893,12.517,14.284
15.619,14.622,11.402,14.579,10.700,13.755,12.909,13.523,16.442,13.048,14.645,10.240,12.134,12.082,9.728,7.811,9.517,6.887,0.000,6.323,8.728,7.241,8.571,11.203,12.593,13.289
15.628,14.294,11.289,12.800,8.278,11.634,10.425,10.725,13.916,10.743,13.355,9.389,11.990,12.226,11.492,8.285,7.277,8.819,6.323,0.000,6.697,8.552,7.998,8.817,11.975,13.339
15.557,14.153,10.601,11.342,6.917,8.426,6.692,8.831,12.315,10.394,13.224,9.906,13.129,12.494,12.466,10.957,8.172,7.283,8.728,6.697,0.000,6.749,8.343,7.707,9.695,11.874
17.143,16.658,13.401,15.058,10.768,11.815,10.140,12.511,16.063,13.882,16.368,12.829,15.186,14.050,12.728,11.780,10.975,7.900,7.241,8.552,6.749,0.000,6.680,8.254,8.540,10.212
17.989,17.843,15.228,16.518,12.086,12.895,10.663,12.817,16.194,14.719,17.533,14.209,16.540,16.056,14.789,12.602,12.112,11.157,8.571,7.998,8.343,6.680,0.000,6.522,8.261,9.447
17.490,17.446,15.138,15.669,11.358,11.543,9.018,11.111,14.559,13.727,16.691,13.961,16.833,16.335,15.894,13.661,12.161,11.893,11.203,8.817,7.707,8.254,6.522,0.000,6.695,9.304
17.510,17.601,16.062,16.298,13.170,12.401,11.129,13.606,16.370,15.985,17.585,15.765,17.885,17.081,16.594,15.894,14.050,12.517,12.593,11.975,9.695,8.540,8.261,6.695,0.000,7.353
17.648,17.915,17.106,17.118,15.055,14.413,13.286,15.045,17.003,16.893,17.948,16.881,18.216,18.155,17.431,16.803,15.941,14.284,13.289,13.339,11.874,10.212,9.447,9.304,7.353,0.000