c1,c2,c3,c4,c5,c6,c7,c8,c9,c10,c11,c12,c13,c14,c15,c16,c17,c18,c19,c20,c21,c22,c23,c24,c25,c26
0.000,7.114,8.271,10.926,13.659,15.193,17.598,16.888,15.365,13.892,10.021,10.038,10.044,11.091,13.320,13.391,12.827,13.809,15.566,15.508,15.636,17.178,17.868,17.610,17.571,17.490
7.114,0.000,6.433,8.397,11.485,13.599,16.131,14.574,12.602,10.657,6.236,7.541,7.681,9.590,12.183,12.020,11.101,12.404,14.544,14.279,14.212,16.725,17.740,17.554,17.815,17.784
8.271,6.433,0.000,6.233,8.453,9.965,12.820,12.487,11.449,9.882,7.223,5.531,8.413,8.851,11.003,10.072,8.320,8.758,11.579,11.620,11.035,13.592,15.203,15.354,16.417,17.147
10.926,8.397,6.233,0.000,6.444,7.753,9.928,8.922,6.324,7.039,5.847,7.331,10.890,12.391,14.819,13.030,11.496,12.093,14.429,12.884,11.411,14.903,16.270,15.562,16.508,17.132
13.659,11.485,8.453,6.444,0.000,6.378,5.959,4.909,6.796,4.948,7.601,6.162,10.574,11.907,13.064,10.560,9.081,8.835,10.607,8.669,6.843,10.409,11.751,11.319,13.228,14.845
15.193,13.599,9.965,7.753,6.378,0.000,8.119,8.316,7.849,9.829,11.790,10.795,15.264,15.316,16.178,14.675,12.326,11.345,13.756,12.124,8.684,11.926,12.950,11.821,12.659,14.268
17.598,16.131,12.820,9.928,5.959,8.119,0.000,5.276,8.204,9.017,12.876,11.571,15.682,16.625,16.548,14.294,12.530,11.505,12.781,10.793,6.716,9.749,10.483,9.152,11.095,12.940
16.888,14.574,12.487,8.922,4.909,8.316,5.276,0.000,6.455,5.451,10.239,10.544,14.287,16.313,16.804,13.728,12.654,12.706,13.174,10.780,8.349,11.859,12.320,10.907,13.231,14.711
15.365,12.602,11.449,6.324,6.796,7.849,8.204,6.455,0.000,9.028,12.712,12.088,15.529,17.559,18.229,16.162,15.058,15.396,16.206,13.872,11.995,15.655,15.835,14.244,16.127,16.881
13.892,10.657,9.882,7.039,4.948,9.829,9.017,5.451,9.028,0.000,9.511,9.444,12.098,13.959,14.678,11.942,11.451,12.116,12.866,10.659,10.096,13.554,14.313,13.400,15.702,16.677
10.021,6.236,7.223,5.847,7.601,11.790,12.876,10.239,12.712,9.511,0.000,9.898,11.667,13.099,13.787,12.174,11.673,12.859,14.458,13.319,13.148,16.238,17.255,16.548,17.630,17.941
10.038,7.541,5.531,7.331,6.162,10.795,11.571,10.544,12.088,9.444,9.898,0.000,9.670,10.474,10.475,7.698,7.178,8.284,10.079,9.343,10.123,12.737,13.903,13.849,15.861,16.858
10.044,7.681,8.413,10.890,10.574,15.264,15.682,14.287,15.529,12.098,11.667,9.670,0.000,8.851,10.079,8.512,9.235,10.884,12.047,11.947,13.155,15.149,16.282,16.688,17.926,18.192
11.091,9.590,8.851,12.391,11.907,15.316,16.625,16.313,17.559,13.959,13.099,10.474,8.851,0.000,9.266,9.524,8.736,9.822,12.091,12.134,12.485,14.002,15.829,16.156,17.070,18.163
13.320,12.183,11.003,14.819,13.064,16.178,16.548,16.804,18.229,14.678,13.787,10.475,10.079,9.266,0.000,9.668,10.368,8.949,10.087,11.599,12.774,13.003,14.612,15.816,16.656,17.523
13.391,12.020,10.072,13.030,10.560,14.675,14.294,13.728,16.162,11.942,12.174,7.698,8.512,9.524,9.668,0.000,8.009,9.297,7.954,8.373,11.039,11.864,12.151,13.415,15.763,16.705
12.827,11.101,8.320,11.496,9.081,12.326,12.530,12.654,15.058,11.451,11.673,7.178,9.235,8.736,10.368,8.009,0.000,7.277,9.507,7.444,8.345,11.079,11.918,11.854,13.767,15.827
13.809,12.404,8.758,12.093,8.835,11.345,11.505,12.706,15.396,12.116,12.859,8.284,10.884,9.822,8.949,9.297,7.277,0.000,6.992,8.822,7.387,8.130,11.052,11.799,12.351,14.237
15.566,14.544,11.579,14.429,10.607,13.756,12.781,13.174,16.206,12.866,14.458,10.079,12.047,12.091,10.087,7.954,9.507,6.992,0.000,6.444,8.858,7.389,8.213,11.136,12.475,13.269
15.508,14.279,11.620,12.884,8.669,12.124,10.793,10.780,13.872,10.659,13.319,9.343,11.947,12.134,11.599,8.373,7.444,8.822,6.444,0.000,6.799,8.763,7.575,8.371,11.717,13.029
15.636,14.212,11.035,11.411,6.843,8.684,6.716,8.349,11.995,10.096,13.148,10.123,13.155,12.485,12.774,11.039,8.345,7.387,8.858,6.799,0.000,6.831,8.564,7.661,9.542,11.924
17.178,16.725,13.592,14.903,10.409,11.926,9.749,11.859,15.655,13.554,16.238,12.737,15.149,14.002,13.003,11.864,11.079,8.130,7.389,8.763,6.831,0.000,6.816,8.344,8.405,10.253
17.868,17.740,15.203,16.270,11.751,12.950,10.483,12.320,15.835,14.313,17.255,13.903,16.282,15.829,14.612,12.151,11.918,11.052,8.213,7.575,8.564,6.816,0.000,6.790,8.354,9.413
17.610,17.554,15.354,15.562,11.319,11.821,9.152,10.907,14.244,13.400,16.548,13.849,16.688,16.156,15.816,13.415,11.854,11.799,11.136,8.371,7.661,8.344,6.790,0.000,7.072,9.648
17.571,17.815,16.417,16.508,13.228,12.659,11.095,13.231,16.127,15.702,17.630,15.861,17.926,17.070,16.656,15.763,13.767,12.351,12.475,11.717,9.542,8.405,8.354,7.072,0.000,7.614
17.490,17.784,17.147,17.132,14.845,14.268,12.940,14.711,16.881,16.677,17.941,16.858,18.192,18.163,17.523,16.705,15.827,14.237,13.269,13.029,11.924,10.253,9.413,9.648,7.614,0.000