c1,c2,c3,c4,c5,c6,c7,c8,c9,c10,c11,c12,c13,c14,c15,c16,c17,c18,c19,c20,c21,c22,c23,c24,c25,c26
0.000,6.672,7.997,10.082,12.613,14.432,16.308,16.037,15.511,13.506,10.826,10.300,10.981,11.204,13.131,12.774,12.368,13.541,14.726,14.657,14.979,16.610,16.800,16.911,16.730,16.681
6.672,0.000,6.254,8.124,10.684,12.731,15.442,14.294,13.257,11.021,7.956,8.008,9.158,10.071,12.354,11.692,11.124,12.637,13.970,13.675,13.838,16.101,16.418,16.885,16.634,16.731
7.997,6.254,0.000,6.042,7.907,9.678,12.393,12.340,11.952,10.159,8.272,7.024,9.788,10.207,12.254,10.830,9.608,10.837,12.694,11.921,11.448,14.161,14.773,15.531,16.005,16.429
10.082,8.124,6.042,0.000,5.983,7.400,9.951,9.274,8.612,7.498,6.705,7.378,11.000,12.391,14.475,12.465,11.501,12.705,13.958,12.226,11.176,14.527,15.215,15.608,16.123,16.423
12.613,10.684,7.907,5.983,0.000,6.034,6.656,5.675,7.217,4.950,7.465,6.170,10.376,11.936,13.235,10.586,9.541,10.527,11.287,8.715,7.300,10.902,11.570,12.355,14.054,14.903
14.432,12.731,9.678,7.400,6.034,0.000,5.994,8.078,7.853,9.018,11.026,10.758,14.806,15.226,16.558,14.715,13.137,13.430,14.829,12.489,9.755,12.854,13.427,13.380,14.256,15.145
16.308,15.442,12.393,9.951,6.656,5.994,0.000,5.333,8.014,8.862,12.539,11.798,15.736,16.538,16.870,14.582,13.095,13.345,14.068,11.399,7.912,10.993,11.248,11.630,13.433,14.345
16.037,14.294,12.340,9.274,5.675,8.078,5.333,0.000,5.948,5.481,10.156,10.442,14.182,16.050,16.471,13.610,12.716,13.642,13.962,11.311,9.478,12.437,12.522,13.204,15.015,15.406
15.511,13.257,11.952,8.612,7.217,7.853,8.014,5.948,0.000,7.191,11.341,12.094,15.140,17.390,17.870,15.439,14.640,16.049,16.487,14.194,13.053,15.955,15.783,15.660,16.884,16.715
13.506,11.021,10.159,7.498,4.950,9.018,8.862,5.481,7.191,0.000,7.918,8.397,11.291,13.756,14.361,11.205,11.170,12.760,13.239,10.755,11.351,14.231,14.521,15.046,16.636,16.672
10.826,7.956,8.272,6.705,7.465,11.026,12.539,10.156,11.341,7.918,0.000,8.284,10.528,12.307,13.145,11.238,11.259,13.154,14.205,13.038,13.717,16.459,17.131,17.153,17.591,17.540
10.300,8.008,7.024,7.378,6.170,10.758,11.798,10.442,12.094,8.397,8.284,0.000,8.220,9.769,9.609,6.937,7.155,9.325,10.218,9.199,10.588,13.147,14.104,15.110,16.318,16.705
10.981,9.158,9.788,11.000,10.376,14.806,15.736,14.182,15.140,11.291,10.528,8.220,0.000,7.307,8.143,6.714,8.080,10.273,11.084,11.229,12.903,14.867,16.029,16.894,17.697,17.740
11.204,10.071,10.207,12.391,11.936,15.226,16.538,16.050,17.390,13.756,12.307,9.769,7.307,0.000,7.913,8.441,7.491,8.732,11.393,11.820,12.311,13.947,15.768,16.410,16.694,17.529
13.131,12.354,12.254,14.475,13.235,16.558,16.870,16.471,17.870,14.361,13.145,9.609,8.143,7.913,0.000,8.122,8.756,7.737,8.744,11.032,12.261,12.792,14.358,16.021,16.412,16.867
12.774,11.692,10.830,12.465,10.586,14.715,14.582,13.610,15.439,11.205,11.238,6.937,6.714,8.441,8.122,0.000,6.849,8.169,7.066,7.577,10.530,11.652,12.344,13.989,15.614,16.336
12.368,11.124,9.608,11.501,9.541,13.137,13.095,12.716,14.640,11.170,11.259,7.155,8.080,7.491,8.756,6.849,0.000,6.298,8.163,6.954,7.847,10.732,11.901,12.700,13.937,15.428
13.541,12.637,10.837,12.705,10.527,13.430,13.345,13.642,16.049,12.760,13.154,9.325,10.273,8.732,7.737,8.169,6.298,0.000,6.111,7.866,7.137,7.809,10.630,12.006,12.597,14.053
14.726,13.970,12.694,13.958,11.287,14.829,14.068,13.962,16.487,13.239,14.205,10.218,11.084,11.393,8.744,7.066,8.163,6.111,0.000,5.855,8.014,7.216,8.605,11.569,12.733,13.442
14.657,13.675,11.921,12.226,8.715,12.489,11.399,11.311,14.194,10.755,13.038,9.199,11.229,11.820,11.032,7.577,6.954,7.866,5.855,0.000,5.914,7.948,8.045,9.836,12.149,13.565
14.979,13.838,11.448,11.176,7.300,9.755,7.912,9.478,13.053,11.351,13.717,10.588,12.903,12.311,12.261,10.530,7.847,7.137,8.014,5.914,0.000,5.967,7.689,8.320,10.071,11.935
16.610,16.101,14.161,14.527,10.902,12.854,10.993,12.437,15.955,14.231,16.459,13.147,14.867,13.947,12.792,11.652,10.732,7.809,7.216,7.948,5.967,0.000,6.087,8.079,8.966,10.352
16.800,16.418,14.773,15.215,11.570,13.427,11.248,12.522,15.783,14.521,17.131,14.104,16.029,15.768,14.358,12.344,11.901,10.630,8.605,8.045,7.689,6.087,0.000,5.924,7.882,8.985
16.911,16.885,15.531,15.608,12.355,13.380,11.630,13.204,15.660,15.046,17.153,15.110,16.894,16.410,16.021,13.989,12.700,12.006,11.569,9.836,8.320,8.079,5.924,0.000,6.211,8.446
16.730,16.634,16.005,16.123,14.054,14.256,13.433,15.015,16.884,16.636,17.591,16.318,17.697,16.694,16.412,15.614,13.937,12.597,12.733,12.149,10.071,8.966,7.882,6.211,0.000,7.030
16.681,16.731,16.429,16.423,14.903,15.145,14.345,15.406,16.715,16.672,17.540,16.705,17.740,17.529,16.867,16.336,15.428,14.053,13.442,13.565,11.935,10.352,8.985,8.446,7.030,0.000