c1,c2,c3,c4,c5,c6,c7,c8,c9,c10,c11,c12,c13,c14,c15,c16,c17,c18,c19,c20,c21,c22,c23,c24,c25,c26
0.000,6.964,8.210,10.865,13.658,15.131,17.614,16.880,15.315,13.905,10.039,10.030,10.177,11.190,13.263,13.321,12.946,13.767,15.360,15.589,15.776,17.093,17.769,17.702,17.644,17.342
6.964,0.000,6.322,8.357,11.454,13.565,16.142,14.587,12.549,10.655,6.238,7.575,7.735,9.632,12.090,11.891,11.274,12.421,14.313,14.484,14.387,16.590,17.674,17.908,17.968,17.628
8.210,6.322,0.000,6.189,8.510,9.897,12.850,12.532,11.448,9.892,7.226,5.556,8.441,8.889,11.014,9.998,8.563,8.830,11.394,11.739,11.360,13.590,15.265,16.030,16.765,16.976
10.865,8.357,6.189,0.000,6.411,7.713,9.937,8.921,6.282,7.030,5.836,7.301,10.864,12.385,14.749,12.939,11.676,12.070,14.237,13.095,11.646,14.556,16.183,16.270,16.779,16.986
13.658,11.454,8.510,6.411,0.000,6.393,5.982,4.912,6.787,4.944,7.590,6.142,10.531,11.938,12.982,10.373,9.228,8.948,10.498,8.998,7.372,10.379,11.929,12.585,14.226,15.287
15.131,13.565,9.897,7.713,6.393,0.000,7.801,8.335,7.854,9.845,11.804,10.772,15.207,15.316,16.011,14.480,12.425,11.347,13.401,12.205,8.800,11.246,12.482,12.223,13.265,14.307
17.614,16.142,12.850,9.937,5.982,7.801,0.000,5.216,8.170,8.997,12.871,11.577,15.628,16.624,16.456,14.160,12.591,11.526,12.576,10.816,6.854,9.238,10.234,10.257,12.329,13.650
16.880,14.587,12.532,8.921,4.912,8.335,5.216,0.000,6.389,5.385,10.204,10.490,14.158,16.236,16.629,13.706,12.691,12.739,13.120,10.964,8.323,11.452,12.451,12.565,14.539,15.461
15.315,12.549,11.448,6.282,6.787,7.854,8.170,6.389,0.000,8.726,12.447,12.066,15.382,17.482,18.127,16.069,15.142,15.309,16.128,14.128,12.102,15.135,15.798,15.572,16.639,17.030
13.905,10.655,9.892,7.030,4.944,9.845,8.997,5.385,8.726,0.000,9.415,9.490,11.999,13.956,14.602,11.950,11.604,12.089,12.772,10.932,10.132,13.164,14.475,14.969,16.470,16.940
10.039,6.238,7.226,5.836,7.590,11.804,12.871,10.204,12.447,9.415,0.000,9.755,11.484,13.124,13.688,12.191,11.886,12.874,14.307,13.450,13.143,15.898,17.146,17.373,17.565,17.798
10.030,7.575,5.556,7.301,6.142,10.772,11.577,10.490,12.066,9.490,9.755,0.000,9.543,10.739,10.605,7.862,7.479,8.455,10.043,9.537,10.280,12.618,14.056,15.055,16.175,16.692
10.177,7.735,8.441,10.864,10.531,15.207,15.628,14.158,15.382,11.999,11.484,9.543,0.000,8.763,9.897,8.663,9.372,10.767,11.905,12.010,13.211,15.200,16.497,17.232,17.802,17.976
11.190,9.632,8.889,12.385,11.938,15.316,16.624,16.236,17.482,13.956,13.124,10.739,8.763,0.000,9.074,9.697,8.978,9.809,12.049,12.262,12.720,14.253,15.975,16.698,17.190,17.910
13.263,12.090,11.014,14.749,12.982,16.011,16.456,16.629,18.127,14.602,13.688,10.605,9.897,9.074,0.000,9.698,10.332,8.769,9.818,11.626,12.849,13.474,14.916,16.209,16.753,17.324
13.321,11.891,9.998,12.939,10.373,14.480,14.160,13.706,16.069,11.950,12.191,7.862,8.663,9.697,9.698,0.000,7.906,9.208,7.837,8.330,11.063,12.079,12.771,14.443,16.035,16.652
12.946,11.274,8.563,11.676,9.228,12.425,12.591,12.691,15.142,11.604,11.886,7.479,9.372,8.978,10.332,7.906,0.000,7.412,9.334,7.537,8.441,11.163,12.284,13.200,14.587,15.948
13.767,12.421,8.830,12.070,8.948,11.347,11.526,12.739,15.309,12.089,12.874,8.455,10.767,9.809,8.769,9.208,7.412,0.000,7.005,8.661,7.454,8.326,11.021,12.556,13.401,14.667
15.360,14.313,11.394,14.237,10.498,13.401,12.576,13.120,16.128,12.772,14.307,10.043,11.905,12.049,9.818,7.837,9.334,7.005,0.000,6.444,8.658,7.790,8.757,11.647,13.038,13.775
15.589,14.484,11.739,13.095,8.998,12.205,10.816,10.964,14.128,10.932,13.450,9.537,12.010,12.262,11.626,8.330,7.537,8.661,6.444,0.000,6.652,8.555,8.093,9.902,11.983,13.419
15.776,14.387,11.360,11.646,7.372,8.800,6.854,8.323,12.102,10.132,13.143,10.280,13.211,12.720,12.849,11.063,8.441,7.454,8.658,6.652,0.000,6.499,8.284,8.893,10.389,12.212
17.093,16.590,13.590,14.556,10.379,11.246,9.238,11.452,15.135,13.164,15.898,12.618,15.200,14.253,13.474,12.079,11.163,8.326,7.790,8.555,6.499,0.000,6.450,8.483,9.183,10.728
17.769,17.674,15.265,16.183,11.929,12.482,10.234,12.451,15.798,14.475,17.146,14.056,16.497,15.975,14.916,12.771,12.284,11.021,8.757,8.093,8.284,6.450,0.000,6.323,8.105,9.486
17.702,17.908,16.030,16.270,12.585,12.223,10.257,12.565,15.572,14.969,17.373,15.055,17.232,16.698,16.209,14.443,13.200,12.556,11.647,9.902,8.893,8.483,6.323,0.000,6.756,9.112
17.644,17.968,16.765,16.779,14.226,13.265,12.329,14.539,16.639,16.470,17.565,16.175,17.802,17.190,16.753,16.035,14.587,13.401,13.038,11.983,10.389,9.183,8.105,6.756,0.000,7.651
17.342,17.628,16.976,16.986,15.287,14.307,13.650,15.461,17.030,16.940,17.798,16.692,17.976,17.910,17.324,16.652,15.948,14.667,13.775,13.419,12.212,10.728,9.486,9.112,7.651,0.000