c1,c2,c3,c4,c5,c6,c7,c8,c9,c10,c11,c12,c13,c14,c15,c16,c17,c18,c19,c20,c21,c22,c23,c24,c25,c26
0.000,6.934,7.963,10.676,13.373,15.000,17.492,16.633,15.355,13.644,9.919,9.910,9.881,10.807,12.891,12.769,12.133,13.695,15.227,14.719,15.270,16.669,17.447,17.109,17.456,17.290
6.934,0.000,6.256,8.297,11.411,13.554,16.086,14.425,12.661,10.616,6.333,7.579,7.619,9.505,11.876,11.688,10.903,12.979,14.583,13.876,14.741,16.681,17.506,17.242,17.702,17.614
7.963,6.256,0.000,6.137,8.193,10.005,12.745,12.249,11.384,9.844,7.210,5.450,8.329,8.841,10.840,9.805,8.246,9.924,11.938,10.838,11.463,13.973,15.184,15.159,16.556,17.068
10.676,8.297,6.137,0.000,6.211,7.572,9.924,8.895,6.393,7.040,5.817,7.309,10.767,12.225,14.622,12.691,11.645,13.572,15.175,13.112,13.421,16.345,17.153,16.418,17.209,17.360
13.373,11.411,8.193,6.211,0.000,6.187,5.761,4.866,6.814,4.912,7.593,6.083,10.395,11.810,13.052,10.217,9.654,11.392,12.095,9.730,10.487,13.398,13.859,12.971,14.883,16.068
15.000,13.554,10.005,7.572,6.187,0.000,7.413,8.186,7.804,9.700,11.614,10.631,14.980,15.217,16.090,14.247,12.255,13.480,14.802,12.317,11.457,14.355,14.708,13.296,14.526,15.599
17.492,16.086,12.745,9.924,5.761,7.413,0.000,5.159,8.012,8.935,12.720,11.276,15.401,16.399,16.472,13.890,12.581,13.837,14.551,11.907,10.932,13.464,13.376,11.654,13.596,14.892
16.633,14.425,12.249,8.895,4.866,8.186,5.159,0.000,5.937,5.134,10.068,10.171,13.923,16.041,16.490,13.309,12.552,14.360,14.657,12.061,12.135,14.851,14.606,13.161,15.237,15.791
15.355,12.661,11.384,6.393,6.814,7.804,8.012,5.937,0.000,7.925,11.559,11.747,15.288,17.461,18.102,15.599,14.779,16.836,17.210,14.888,15.330,17.540,17.080,15.894,17.309,17.202
13.644,10.616,9.844,7.040,4.912,9.700,8.935,5.134,7.925,0.000,8.548,8.742,11.508,13.807,14.369,11.273,11.403,13.733,13.902,11.538,13.123,15.885,15.711,15.231,17.050,17.416
9.919,6.333,7.210,5.817,7.593,11.614,12.720,10.068,11.559,8.548,0.000,9.221,11.246,12.750,13.273,11.173,11.197,13.566,14.638,13.440,15.013,17.107,17.701,17.435,18.174,18.175
9.910,7.579,5.450,7.309,6.083,10.631,11.276,10.171,11.747,8.742,9.221,0.000,8.438,10.275,9.935,6.856,6.830,9.560,10.384,9.085,11.022,13.551,13.953,14.365,16.440,17.140
9.881,7.619,8.329,10.767,10.395,14.980,15.401,13.923,15.288,11.508,11.246,8.438,0.000,7.601,8.906,7.445,8.322,10.345,11.104,11.395,13.082,14.733,15.758,16.825,18.292,18.255
10.807,9.505,8.841,12.225,11.810,15.217,16.399,16.041,17.461,13.807,12.750,10.275,7.601,0.000,8.216,8.767,7.341,8.373,10.745,11.215,11.424,13.064,15.258,15.911,17.066,18.070
12.891,11.876,10.840,14.622,13.052,16.090,16.472,16.490,18.102,14.369,13.273,9.935,8.906,8.216,0.000,7.867,8.968,7.170,8.049,10.393,11.427,11.345,13.254,15.430,16.455,17.132
12.769,11.688,9.805,12.691,10.217,14.247,13.890,13.309,15.599,11.273,11.173,6.856,7.445,8.767,7.867,0.000,6.712,8.583,6.613,7.122,10.192,11.111,11.288,13.112,15.584,16.332
12.133,10.903,8.246,11.645,9.654,12.255,12.581,12.552,14.779,11.403,11.197,6.830,8.322,7.341,8.968,6.712,0.000,6.186,8.476,6.300,7.141,10.224,11.280,11.602,13.692,15.609
13.695,12.979,9.924,13.572,11.392,13.480,13.837,14.360,16.836,13.733,13.566,9.560,10.345,8.373,7.170,8.583,6.186,0.000,5.926,7.968,6.195,6.955,10.281,11.415,12.125,13.817
15.227,14.583,11.938,15.175,12.095,14.802,14.551,14.657,17.210,13.902,14.638,10.384,11.104,10.745,8.049,6.613,8.476,5.926,0.000,5.766,7.937,6.290,7.220,10.541,11.993,12.597
14.719,13.876,10.838,13.112,9.730,12.317,11.907,12.061,14.888,11.538,13.440,9.085,11.395,11.215,10.393,7.122,6.300,7.968,5.766,0.000,5.727,7.829,6.557,7.862,11.244,12.402
15.270,14.741,11.463,13.421,10.487,11.457,10.932,12.135,15.330,13.123,15.013,11.022,13.082,11.424,11.427,10.192,7.141,6.195,7.937,5.727,0.000,5.698,7.657,6.896,8.951,11.005
16.669,16.681,13.973,16.345,13.398,14.355,13.464,14.851,17.540,15.885,17.107,13.551,14.733,13.064,11.345,11.111,10.224,6.955,6.290,7.829,5.698,0.000,5.629,7.644,7.891,9.478
17.447,17.506,15.184,17.153,13.859,14.708,13.376,14.606,17.080,15.711,17.701,13.953,15.758,15.258,13.254,11.288,11.280,10.281,7.220,6.557,7.657,5.629,0.000,5.733,7.815,8.816
17.109,17.242,15.159,16.418,12.971,13.296,11.654,13.161,15.894,15.231,17.435,14.365,16.825,15.911,15.430,13.112,11.602,11.415,10.541,7.862,6.896,7.644,5.733,0.000,5.922,8.311
17.456,17.702,16.556,17.209,14.883,14.526,13.596,15.237,17.309,17.050,18.174,16.440,18.292,17.066,16.455,15.584,13.692,12.125,11.993,11.244,8.951,7.891,7.815,5.922,0.000,6.501
17.290,17.614,17.068,17.360,16.068,15.599,14.892,15.791,17.202,17.416,18.175,17.140,18.255,18.070,17.132,16.332,15.609,13.817,12.597,12.402,11.005,9.478,8.816,8.311,6.501,0.000