c1,c2,c3,c4,c5,c6,c7,c8,c9,c10,c11,c12,c13,c14,c15,c16,c17,c18,c19,c20,c21,c22,c23,c24,c25,c26
0.000,6.170,7.296,9.620,11.921,14.405,15.304,13.229,12.988,14.469,13.770,12.653,14.057,14.700,14.981,14.631,14.593,14.268,14.553,14.594,14.328,14.436,14.693,14.866,15.057,15.418
6.170,0.000,5.864,7.653,10.271,12.818,14.206,12.267,11.364,13.448,13.025,11.679,13.575,14.663,15.090,14.579,14.609,14.177,14.624,14.657,14.217,14.619,14.768,15.020,15.066,15.448
7.296,5.864,0.000,5.793,7.167,10.016,11.365,9.849,9.451,11.598,11.403,10.476,12.698,14.134,14.674,14.015,14.075,13.584,14.070,14.171,13.725,14.277,14.593,14.879,15.165,15.572
9.620,7.653,5.793,0.000,5.714,8.232,10.121,9.130,8.286,11.302,11.586,10.878,13.517,14.923,15.610,15.005,15.026,14.520,14.944,14.829,14.208,14.735,14.940,15.182,15.403,15.869
11.921,10.271,7.167,5.714,0.000,5.838,6.587,5.652,6.257,8.355,8.836,9.119,11.960,13.564,14.356,13.910,14.468,13.959,14.196,14.093,13.356,14.026,14.311,14.530,14.973,15.514
14.405,12.818,10.016,8.232,5.838,0.000,5.475,7.664,7.236,8.974,10.950,11.549,13.348,14.903,15.880,15.227,15.590,15.166,15.094,14.786,13.845,14.293,14.460,14.509,14.616,15.460
15.304,14.206,11.365,10.121,6.587,5.475,0.000,5.508,7.523,8.103,9.706,11.391,13.572,14.666,15.369,14.903,15.282,14.940,15.227,14.583,13.789,14.356,14.637,14.769,15.114,15.656
13.229,12.267,9.849,9.130,5.652,7.664,5.508,0.000,5.721,7.504,7.946,8.841,12.056,13.885,14.316,13.630,14.621,14.508,14.831,14.843,13.887,14.466,14.763,15.130,15.493,15.998
12.988,11.364,9.451,8.286,6.257,7.236,7.523,5.721,0.000,5.805,7.766,8.051,10.530,12.966,13.736,12.724,13.802,14.082,14.683,14.817,14.464,14.833,15.418,15.556,15.835,16.151
14.469,13.448,11.598,11.302,8.355,8.974,8.103,7.504,5.805,0.000,6.004,7.757,9.130,11.351,12.693,11.956,13.172,13.743,14.652,14.991,14.744,15.395,15.823,15.932,15.999,16.398
13.770,13.025,11.403,11.586,8.836,10.950,9.706,7.946,7.766,6.004,0.000,6.314,7.991,9.748,10.915,10.718,12.349,12.890,13.945,14.528,14.608,15.336,15.816,15.883,16.150,16.469
12.653,11.679,10.476,10.878,9.119,11.549,11.391,8.841,8.051,7.757,6.314,0.000,6.319,8.362,9.302,8.808,10.935,12.280,13.143,13.795,14.126,14.739,15.217,15.591,15.988,16.406
14.057,13.575,12.698,13.517,11.960,13.348,13.572,12.056,10.530,9.130,7.991,6.319,0.000,6.226,7.498,7.696,10.052,12.101,13.542,14.222,14.493,15.316,15.816,16.121,16.582,16.758
14.700,14.663,14.134,14.923,13.564,14.903,14.666,13.885,12.966,11.351,9.748,8.362,6.226,0.000,5.943,7.814,9.660,11.597,13.216,14.298,14.273,15.065,15.971,16.205,16.565,16.868
14.981,15.090,14.674,15.610,14.356,15.880,15.369,14.316,13.736,12.693,10.915,9.302,7.498,5.943,0.000,6.130,8.194,10.693,12.087,13.608,14.517,14.900,15.701,16.272,16.708,16.962
14.631,14.579,14.015,15.005,13.910,15.227,14.903,13.630,12.724,11.956,10.718,8.808,7.696,7.814,6.130,0.000,6.210,8.621,9.939,11.494,13.244,14.052,14.658,15.266,15.901,16.483
14.593,14.609,14.075,15.026,14.468,15.590,15.282,14.621,13.802,13.172,12.349,10.935,10.052,9.660,8.194,6.210,0.000,6.308,7.746,8.660,10.295,12.086,13.506,14.187,14.946,15.905
14.268,14.177,13.584,14.520,13.959,15.166,14.940,14.508,14.082,13.743,12.890,12.280,12.101,11.597,10.693,8.621,6.308,0.000,6.055,7.356,8.224,9.693,12.050,13.239,13.832,14.973
14.553,14.624,14.070,14.944,14.196,15.094,15.227,14.831,14.683,14.652,13.945,13.143,13.542,13.216,12.087,9.939,7.746,6.055,0.000,5.928,7.471,8.491,10.213,12.415,13.595,14.711
14.594,14.657,14.171,14.829,14.093,14.786,14.583,14.843,14.817,14.991,14.528,13.795,14.222,14.298,13.608,11.494,8.660,7.356,5.928,0.000,5.916,7.554,8.689,10.564,12.468,14.178
14.328,14.217,13.725,14.208,13.356,13.845,13.789,13.887,14.464,14.744,14.608,14.126,14.493,14.273,14.517,13.244,10.295,8.224,7.471,5.916,0.000,6.097,7.626,9.005,10.611,12.970
14.436,14.619,14.277,14.735,14.026,14.293,14.356,14.466,14.833,15.395,15.336,14.739,15.316,15.065,14.900,14.052,12.086,9.693,8.491,7.554,6.097,0.000,6.051,7.467,8.738,10.896
14.693,14.768,14.593,14.940,14.311,14.460,14.637,14.763,15.418,15.823,15.816,15.217,15.816,15.971,15.701,14.658,13.506,12.050,10.213,8.689,7.626,6.051,0.000,6.001,7.706,9.600
14.866,15.020,14.879,15.182,14.530,14.509,14.769,15.130,15.556,15.932,15.883,15.591,16.121,16.205,16.272,15.266,14.187,13.239,12.415,10.564,9.005,7.467,6.001,0.000,6.070,8.274
15.057,15.066,15.165,15.403,14.973,14.616,15.114,15.493,15.835,15.999,16.150,15.988,16.582,16.565,16.708,15.901,14.946,13.832,13.595,12.468,10.611,8.738,7.706,6.070,0.000,6.592
15.418,15.448,15.572,15.869,15.514,15.460,15.656,15.998,16.151,16.398,16.469,16.406,16.758,16.868,16.962,16.483,15.905,14.973,14.711,14.178,12.970,10.896,9.600,8.274,6.592,0.000