c1,c2,c3,c4,c5,c6,c7,c8,c9,c10,c11,c12,c13,c14,c15,c16,c17,c18,c19,c20,c21,c22,c23,c24,c25,c26
0.000,6.767,7.923,10.826,13.405,15.069,17.543,16.661,15.334,13.805,9.851,9.762,9.498,10.383,12.438,12.746,13.156,13.647,15.222,15.606,15.836,16.367,17.240,17.269,17.132,17.051
6.767,0.000,6.222,8.326,11.310,13.521,15.963,14.351,12.511,10.460,5.962,7.309,7.264,9.398,11.547,11.630,12.184,12.497,14.424,15.090,15.310,16.261,17.333,17.560,17.431,17.424
7.923,6.222,0.000,6.056,8.168,9.868,12.690,12.229,11.336,9.853,7.187,5.447,8.316,8.980,10.951,10.000,9.922,9.371,11.777,12.229,12.252,13.915,15.405,15.815,16.453,17.097
10.826,8.326,6.056,0.000,6.149,7.444,9.921,8.889,6.311,7.036,5.775,7.286,10.761,12.320,14.471,12.663,13.127,12.379,14.671,14.429,14.001,15.877,17.105,17.066,17.148,17.333
13.405,11.310,8.168,6.149,0.000,6.173,5.634,4.844,6.818,4.924,7.567,5.961,10.290,11.903,12.927,10.226,10.800,9.778,11.628,10.930,10.593,12.887,14.131,14.005,15.141,16.257
15.069,13.521,9.868,7.444,6.173,0.000,7.541,8.217,7.825,9.740,11.591,10.526,14.889,15.343,15.895,13.997,13.567,11.938,13.982,13.124,11.712,13.395,14.456,13.869,14.367,15.646
17.543,15.963,12.690,9.921,5.634,7.541,0.000,5.206,8.008,8.938,12.699,11.164,15.187,16.405,16.228,13.762,13.485,11.986,13.491,12.401,10.577,12.506,13.263,12.711,13.597,15.025
16.661,14.351,12.229,8.889,4.844,8.217,5.206,0.000,6.019,5.132,10.038,10.108,13.775,16.027,16.267,13.257,13.345,12.683,14.086,13.114,11.846,13.941,14.621,13.794,14.972,15.743
15.334,12.511,11.336,6.311,6.818,7.825,8.008,6.019,0.000,7.729,11.212,11.554,14.982,17.382,17.857,15.488,15.682,15.181,16.693,15.626,14.825,16.824,16.965,16.068,16.901,17.029
13.805,10.460,9.853,7.036,4.924,9.740,8.938,5.132,7.729,0.000,8.803,8.706,11.172,13.650,14.178,11.355,12.095,11.680,13.441,12.739,12.741,14.969,15.704,15.442,16.464,16.968
9.851,5.962,7.187,5.775,7.567,11.591,12.699,10.038,11.212,8.803,0.000,9.244,10.597,12.453,12.902,11.184,12.229,12.344,14.355,14.482,14.961,16.516,17.455,17.363,17.714,17.761
9.762,7.309,5.447,7.286,5.961,10.526,11.164,10.108,11.554,8.706,9.244,0.000,9.060,10.370,9.873,7.378,8.188,8.302,10.608,10.785,11.689,13.435,14.548,15.154,16.407,17.104
9.498,7.264,8.316,10.761,10.290,14.889,15.187,13.775,14.982,11.172,10.597,9.060,0.000,8.283,8.781,7.791,9.322,10.361,11.949,12.319,13.532,14.778,15.874,16.926,18.015,18.045
10.383,9.398,8.980,12.320,11.903,15.343,16.405,16.027,17.382,13.650,12.453,10.370,8.283,0.000,8.264,8.607,8.577,9.565,11.624,12.177,12.661,13.607,15.436,16.203,16.952,17.864
12.438,11.547,10.951,14.471,12.927,15.895,16.228,16.267,17.857,14.178,12.902,9.873,8.781,8.264,0.000,7.935,9.131,8.337,9.437,11.219,12.405,12.123,13.703,15.654,16.441,17.058
12.746,11.630,10.000,12.663,10.226,13.997,13.762,13.257,15.488,11.355,11.184,7.378,7.791,8.607,7.935,0.000,7.198,8.738,7.616,8.064,10.800,11.339,11.564,13.343,15.519,16.345
13.156,12.184,9.922,13.127,10.800,13.567,13.485,13.345,15.682,12.095,12.229,8.188,9.322,8.577,9.131,7.198,0.000,6.595,8.746,7.148,8.092,10.457,11.506,12.039,13.753,15.644
13.647,12.497,9.371,12.379,9.778,11.938,11.986,12.683,15.181,11.680,12.344,8.302,10.361,9.565,8.337,8.738,6.595,0.000,6.544,8.340,7.024,7.431,10.400,11.702,12.105,13.841
15.222,14.424,11.777,14.671,11.628,13.982,13.491,14.086,16.693,13.441,14.355,10.608,11.949,11.624,9.437,7.616,8.746,6.544,0.000,6.189,8.382,6.708,7.416,10.583,11.960,12.405
15.606,15.090,12.229,14.429,10.930,13.124,12.401,13.114,15.626,12.739,14.482,10.785,12.319,12.177,11.219,8.064,7.148,8.340,6.189,0.000,6.439,8.091,7.009,8.258,11.517,12.653
15.836,15.310,12.252,14.001,10.593,11.712,10.577,11.846,14.825,12.741,14.961,11.689,13.532,12.661,12.405,10.800,8.092,7.024,8.382,6.439,0.000,6.342,7.858,7.250,9.010,11.349
16.367,16.261,13.915,15.877,12.887,13.395,12.506,13.941,16.824,14.969,16.516,13.435,14.778,13.607,12.123,11.339,10.457,7.431,6.708,8.091,6.342,0.000,6.116,7.760,7.889,9.387
17.240,17.333,15.405,17.105,14.131,14.456,13.263,14.621,16.965,15.704,17.455,14.548,15.874,15.436,13.703,11.564,11.506,10.400,7.416,7.009,7.858,6.116,0.000,5.955,7.710,8.329
17.269,17.560,15.815,17.066,14.005,13.869,12.711,13.794,16.068,15.442,17.363,15.154,16.926,16.203,15.654,13.343,12.039,11.702,10.583,8.258,7.250,7.760,5.955,0.000,5.972,8.273
17.132,17.431,16.453,17.148,15.141,14.367,13.597,14.972,16.901,16.464,17.714,16.407,18.015,16.952,16.441,15.519,13.753,12.105,11.960,11.517,9.010,7.889,7.710,5.972,0.000,6.513
17.051,17.424,17.097,17.333,16.257,15.646,15.025,15.743,17.029,16.968,17.761,17.104,18.045,17.864,17.058,16.345,15.644,13.841,12.405,12.653,11.349,9.387,8.329,8.273,6.513,0.000