c1,c2,c3,c4,c5,c6,c7,c8,c9,c10,c11,c12,c13,c14,c15,c16,c17,c18,c19,c20,c21,c22,c23,c24,c25,c26
0.000,6.773,7.851,10.612,13.384,14.957,17.525,16.650,15.213,13.678,9.865,9.818,9.678,10.865,12.609,12.945,12.810,13.383,14.830,15.292,15.436,16.279,17.235,17.406,17.367,17.168
6.773,0.000,6.132,8.170,11.293,13.492,16.016,14.403,12.561,10.597,6.247,7.509,7.453,9.646,11.626,12.020,11.856,12.550,14.164,14.850,15.084,16.267,17.308,17.650,17.677,17.511
7.851,6.132,0.000,6.050,8.141,9.918,12.724,12.266,11.328,9.852,7.204,5.470,8.254,8.941,10.563,10.446,9.607,9.456,11.600,12.167,12.206,13.758,15.317,15.831,16.563,16.971
10.612,8.170,6.050,0.000,6.167,7.455,9.926,8.907,6.329,7.045,5.793,7.273,10.675,12.207,14.179,13.418,12.771,12.665,14.704,14.535,13.931,15.718,17.127,17.020,16.982,16.959
13.384,11.293,8.141,6.167,0.000,6.161,5.708,4.840,6.826,4.908,7.592,6.046,10.284,11.678,12.791,11.019,10.666,10.270,11.957,11.287,10.707,12.843,14.212,14.025,14.970,15.975
14.957,13.492,9.918,7.455,6.161,0.000,7.141,8.178,7.788,9.686,11.564,10.575,14.850,15.225,15.668,14.630,13.597,12.676,14.353,13.714,12.443,13.653,14.558,14.020,14.273,15.411
17.525,16.016,12.724,9.926,5.708,7.141,0.000,5.127,7.961,8.927,12.675,11.229,15.275,16.287,16.105,14.413,13.544,12.777,14.183,13.058,11.337,12.852,13.482,12.624,13.557,14.766
16.650,14.403,12.266,8.907,4.840,8.178,5.127,0.000,5.855,5.050,10.021,10.172,13.834,15.892,16.142,13.964,13.311,13.384,14.525,13.520,12.403,14.144,14.891,14.025,15.108,15.518
15.213,12.561,11.328,6.329,6.826,7.788,7.961,5.855,0.000,7.648,11.237,11.709,15.076,17.289,17.669,16.036,15.584,15.745,16.931,16.044,15.379,16.772,16.998,16.105,16.881,16.810
13.678,10.597,9.852,7.045,4.908,9.686,8.927,5.050,7.648,0.000,8.911,8.918,11.485,13.571,14.144,12.092,12.133,12.518,13.760,12.903,13.157,15.135,15.899,15.649,16.751,17.076
9.865,6.247,7.204,5.793,7.592,11.564,12.675,10.021,11.237,8.911,0.000,9.248,11.071,12.466,13.013,11.966,12.100,12.602,14.173,14.545,15.147,16.400,17.678,17.494,17.680,17.672
9.818,7.509,5.470,7.273,6.046,10.575,11.229,10.172,11.709,8.918,9.248,0.000,9.069,10.396,10.256,8.337,8.367,9.126,10.666,10.856,11.737,13.561,14.720,15.462,16.678,17.221
9.678,7.453,8.254,10.675,10.284,14.850,15.275,13.834,15.076,11.485,11.071,9.069,0.000,8.123,9.376,8.440,9.181,10.191,11.344,11.956,13.196,14.578,15.832,16.924,18.212,18.082
10.865,9.646,8.941,12.207,11.678,15.225,16.287,15.892,17.289,13.571,12.466,10.396,8.123,0.000,8.050,9.061,8.164,8.453,10.737,11.581,11.656,12.937,15.174,15.966,16.984,18.038
12.609,11.626,10.563,14.179,12.791,15.668,16.105,16.142,17.669,14.144,13.013,10.256,9.376,8.050,0.000,7.904,9.342,7.318,8.073,10.600,11.556,11.300,13.176,15.329,16.313,16.935
12.945,12.020,10.446,13.418,11.019,14.630,14.413,13.964,16.036,12.092,11.966,8.337,8.440,9.061,7.904,0.000,6.955,8.627,6.933,7.549,10.427,11.201,11.410,13.173,15.550,16.261
12.810,11.856,9.607,12.771,10.666,13.597,13.544,13.311,15.584,12.133,12.100,8.367,9.181,8.164,9.342,6.955,0.000,6.440,8.615,6.646,7.411,10.269,11.362,11.759,13.737,15.622
13.383,12.550,9.456,12.665,10.270,12.676,12.777,13.384,15.745,12.518,12.602,9.126,10.191,8.453,7.318,8.627,6.440,0.000,6.096,8.095,6.397,7.022,10.220,11.454,12.064,13.686
14.830,14.164,11.600,14.704,11.957,14.353,14.183,14.525,16.931,13.760,14.173,10.666,11.344,10.737,8.073,6.933,8.615,6.096,0.000,5.931,8.044,6.434,7.225,10.479,11.888,12.297
15.292,14.850,12.167,14.535,11.287,13.714,13.058,13.520,16.044,12.903,14.545,10.856,11.956,11.581,10.600,7.549,6.646,8.095,5.931,0.000,5.980,7.935,6.732,7.949,11.101,12.236
15.436,15.084,12.206,13.931,10.707,12.443,11.337,12.403,15.379,13.157,15.147,11.737,13.196,11.656,11.556,10.427,7.411,6.397,8.044,5.980,0.000,5.895,7.749,7.057,8.824,10.992
16.279,16.267,13.758,15.718,12.843,13.653,12.852,14.144,16.772,15.135,16.400,13.561,14.578,12.937,11.300,11.201,10.269,7.022,6.434,7.935,5.895,0.000,5.811,7.639,7.916,9.282
17.235,17.308,15.317,17.127,14.212,14.558,13.482,14.891,16.998,15.899,17.678,14.720,15.832,15.174,13.176,11.410,11.362,10.220,7.225,6.732,7.749,5.811,0.000,5.881,7.735,8.420
17.406,17.650,15.831,17.020,14.025,14.020,12.624,14.025,16.105,15.649,17.494,15.462,16.924,15.966,15.329,13.173,11.759,11.454,10.479,7.949,7.057,7.639,5.881,0.000,5.907,8.243
17.367,17.677,16.563,16.982,14.970,14.273,13.557,15.108,16.881,16.751,17.680,16.678,18.212,16.984,16.313,15.550,13.737,12.064,11.888,11.101,8.824,7.916,7.735,5.907,0.000,6.549
17.168,17.511,16.971,16.959,15.975,15.411,14.766,15.518,16.810,17.076,17.672,17.221,18.082,18.038,16.935,16.261,15.622,13.686,12.297,12.236,10.992,9.282,8.420,8.243,6.549,0.000