c1,c2,c3,c4,c5,c6,c7,c8,c9,c10,c11,c12,c13,c14,c15,c16,c17,c18,c19,c20,c21,c22,c23,c24,c25,c26
0.000,6.971,8.141,10.711,13.505,15.014,17.396,16.677,15.015,13.749,9.726,9.852,10.137,10.959,13.090,12.780,13.373,13.912,14.590,15.826,16.247,17.446,17.849,17.715,17.674,17.440
6.971,0.000,6.414,8.384,11.384,13.501,16.054,14.543,12.498,10.649,6.117,7.591,8.253,9.696,12.300,11.551,12.083,12.771,13.584,15.104,15.109,17.274,17.937,17.972,18.035,17.735
8.141,6.414,0.000,6.225,8.555,9.890,12.843,12.524,11.375,9.884,7.188,5.426,8.469,8.910,11.525,9.649,9.565,9.247,10.391,11.843,11.986,14.513,15.685,16.364,17.022,17.212
10.711,8.384,6.225,0.000,6.384,7.717,9.943,8.920,6.232,7.006,5.809,7.233,10.897,12.410,14.980,12.569,12.865,12.084,12.652,13.174,11.877,14.924,16.024,16.196,16.824,17.165
13.505,11.384,8.555,6.384,0.000,6.338,5.784,4.951,6.781,4.935,7.562,6.105,10.614,12.319,13.833,10.535,10.793,9.185,9.176,8.886,7.593,10.928,12.320,13.044,14.613,15.536
15.014,13.501,9.890,7.717,6.338,0.000,7.266,8.303,7.838,9.804,11.713,10.604,15.139,15.649,16.764,14.251,13.539,11.336,11.687,11.197,8.339,11.261,11.862,11.900,13.110,14.291
17.396,16.054,12.843,9.943,5.784,7.266,0.000,5.176,8.010,8.964,12.812,11.440,15.525,16.993,17.131,14.248,13.821,11.657,11.367,10.131,6.582,9.121,9.749,10.069,12.298,13.772
16.677,14.543,12.524,8.920,4.951,8.303,5.176,0.000,6.263,5.186,10.137,10.463,14.054,16.473,17.180,13.887,14.162,12.766,11.967,10.949,8.598,11.489,12.395,12.959,14.759,15.532
15.015,12.498,11.375,6.232,6.781,7.838,8.010,6.263,0.000,8.171,11.013,11.580,15.108,17.500,18.279,15.877,16.373,15.037,14.827,14.096,12.008,15.003,15.446,15.465,16.615,16.945
13.749,10.649,9.884,7.006,4.935,9.804,8.964,5.186,8.171,0.000,8.430,8.806,11.438,13.905,14.922,11.873,12.853,11.832,11.725,11.376,10.709,13.579,14.706,15.262,16.678,16.953
9.726,6.117,7.188,5.809,7.562,11.713,12.812,10.137,11.013,8.430,0.000,8.930,10.848,12.805,13.446,11.776,13.163,12.752,13.314,13.933,13.436,16.022,16.857,17.018,17.532,17.741
9.852,7.591,5.426,7.233,6.105,10.604,11.440,10.463,11.580,8.806,8.930,0.000,9.061,10.004,10.154,7.600,8.357,7.871,8.838,9.863,10.493,12.904,14.184,14.792,16.085,16.646
10.137,8.253,8.469,10.897,10.614,15.139,15.525,14.054,15.108,11.438,10.848,9.061,0.000,8.524,8.757,7.640,9.671,10.744,11.868,13.095,14.099,15.637,16.445,16.902,17.631,17.805
10.959,9.696,8.910,12.410,12.319,15.649,16.993,16.473,17.500,13.905,12.805,10.004,8.524,0.000,8.724,9.067,9.713,10.289,12.462,13.523,14.102,15.147,16.467,16.804,17.350,17.869
13.090,12.300,11.525,14.980,13.833,16.764,17.131,17.180,18.279,14.922,13.446,10.154,8.757,8.724,0.000,8.674,10.276,10.106,11.394,13.420,14.448,14.675,15.747,16.447,17.071,17.519
12.780,11.551,9.649,12.569,10.535,14.251,14.248,13.887,15.877,11.873,11.776,7.600,7.640,9.067,8.674,0.000,7.739,8.853,8.936,10.409,12.830,13.738,14.069,14.593,16.162,16.645
13.373,12.083,9.565,12.865,10.793,13.539,13.821,14.162,16.373,12.853,13.163,8.357,9.671,9.713,10.276,7.739,0.000,7.249,8.828,9.242,10.991,13.239,14.046,13.838,15.013,16.118
13.912,12.771,9.247,12.084,9.185,11.336,11.657,12.766,15.037,11.832,12.752,7.871,10.744,10.289,10.106,8.853,7.249,0.000,6.640,8.337,8.883,10.384,12.766,13.354,13.859,14.867
14.590,13.584,10.391,12.652,9.176,11.687,11.367,11.967,14.827,11.725,13.314,8.838,11.868,12.462,11.394,8.936,8.828,6.640,0.000,6.066,8.286,8.682,10.088,12.249,13.353,14.195
15.826,15.104,11.843,13.174,8.886,11.197,10.131,10.949,14.096,11.376,13.933,9.863,13.095,13.523,13.420,10.409,9.242,8.337,6.066,0.000,6.229,8.348,8.785,10.242,12.493,14.000
16.247,15.109,11.986,11.877,7.593,8.339,6.582,8.598,12.008,10.709,13.436,10.493,14.099,14.102,14.448,12.830,10.991,8.883,8.286,6.229,0.000,6.310,8.001,8.567,10.390,12.483
17.446,17.274,14.513,14.924,10.928,11.261,9.121,11.489,15.003,13.579,16.022,12.904,15.637,15.147,14.675,13.738,13.239,10.384,8.682,8.348,6.310,0.000,6.300,8.209,8.986,11.052
17.849,17.937,15.685,16.024,12.320,11.862,9.749,12.395,15.446,14.706,16.857,14.184,16.445,16.467,15.747,14.069,14.046,12.766,10.088,8.785,8.001,6.300,0.000,6.128,7.852,9.375
17.715,17.972,16.364,16.196,13.044,11.900,10.069,12.959,15.465,15.262,17.018,14.792,16.902,16.804,16.447,14.593,13.838,13.354,12.249,10.242,8.567,8.209,6.128,0.000,6.376,8.786
17.674,18.035,17.022,16.824,14.613,13.110,12.298,14.759,16.615,16.678,17.532,16.085,17.631,17.350,17.071,16.162,15.013,13.859,13.353,12.493,10.390,8.986,7.852,6.376,0.000,7.344
17.440,17.735,17.212,17.165,15.536,14.291,13.772,15.532,16.945,16.953,17.741,16.646,17.805,17.869,17.519,16.645,16.118,14.867,14.195,14.000,12.483,11.052,9.375,8.786,7.344,0.000