c1,c2,c3,c4,c5,c6,c7,c8,c9,c10,c11,c12,c13,c14,c15,c16,c17,c18,c19,c20,c21,c22,c23,c24,c25,c26
0.000,6.887,8.206,10.811,13.653,15.159,17.592,16.867,15.314,13.896,9.935,9.963,10.047,11.066,13.173,13.429,13.039,13.871,15.497,15.809,16.190,17.509,18.005,17.804,17.788,17.401
6.887,0.000,6.324,8.332,11.395,13.536,16.115,14.574,12.547,10.614,6.164,7.490,7.616,9.449,11.916,11.893,11.242,12.348,14.255,14.496,14.609,17.045,17.988,18.001,18.082,17.670
8.206,6.324,0.000,6.140,8.464,9.885,12.844,12.498,11.432,9.881,7.202,5.485,8.336,8.798,10.816,9.923,8.520,8.810,11.310,11.656,11.404,13.928,15.569,16.151,17.006,17.051
10.811,8.332,6.140,0.000,6.345,7.728,9.949,8.930,6.263,7.017,5.830,7.270,10.868,12.384,14.678,12.977,11.702,12.054,14.076,12.910,11.618,14.864,16.214,16.097,16.879,16.976
13.653,11.395,8.464,6.345,0.000,6.405,5.940,4.912,6.785,4.935,7.568,6.081,10.530,11.994,12.997,10.497,9.296,8.937,10.211,8.391,6.998,10.460,12.009,12.368,14.289,15.188
15.159,13.536,9.885,7.728,6.405,0.000,7.647,8.354,7.859,9.811,11.780,10.696,15.206,15.372,15.983,14.500,12.491,11.230,13.199,11.759,8.385,11.401,12.296,11.943,13.032,14.049
17.592,16.115,12.844,9.949,5.940,7.647,0.000,5.205,8.088,8.982,12.851,11.447,15.581,16.632,16.457,14.266,12.624,11.381,12.320,10.288,6.322,9.136,9.781,9.588,11.857,13.269
16.867,14.574,12.498,8.930,4.912,8.354,5.205,0.000,6.177,5.296,10.159,10.456,14.140,16.276,16.707,13.792,12.819,12.566,12.864,10.676,8.023,11.383,12.136,12.006,14.381,15.111
15.314,12.547,11.432,6.263,6.785,7.859,8.088,6.177,0.000,8.370,12.157,11.891,15.336,17.526,18.151,16.149,15.274,15.217,16.009,13.830,11.753,15.167,15.595,15.036,16.512,16.680
13.896,10.614,9.881,7.017,4.935,9.811,8.982,5.296,8.370,0.000,8.971,9.069,11.777,13.871,14.600,12.009,11.633,11.927,12.662,10.734,9.975,13.205,14.530,14.754,16.477,16.751
9.935,6.164,7.202,5.830,7.568,11.780,12.851,10.159,12.157,8.971,0.000,9.349,11.167,12.884,13.588,12.124,12.033,12.633,14.280,13.448,13.084,16.021,17.273,17.127,17.618,17.648
9.963,7.490,5.485,7.270,6.081,10.696,11.447,10.456,11.891,9.069,9.349,0.000,8.950,10.267,10.380,7.765,7.503,8.170,10.056,9.632,10.326,12.745,14.421,15.113,16.346,16.866
10.047,7.616,8.336,10.868,10.530,15.206,15.581,14.140,15.336,11.777,11.167,8.950,0.000,8.345,9.594,8.426,9.353,10.779,12.125,12.324,13.560,15.402,16.858,17.169,17.874,17.979
11.066,9.449,8.798,12.384,11.994,15.372,16.632,16.276,17.526,13.871,12.884,10.267,8.345,0.000,8.702,9.331,9.159,10.023,12.479,12.728,13.458,14.761,16.489,16.808,17.480,17.928
13.173,11.916,10.816,14.678,12.997,15.983,16.457,16.707,18.151,14.600,13.588,10.380,9.594,8.702,0.000,9.296,10.174,9.159,10.542,12.227,13.621,14.190,15.784,16.494,17.137,17.549
13.429,11.893,9.923,12.977,10.497,14.500,14.266,13.792,16.149,12.009,12.124,7.765,8.426,9.331,9.296,0.000,7.809,9.057,8.280,8.947,11.744,12.653,13.774,14.669,16.324,16.854
13.039,11.242,8.520,11.702,9.296,12.491,12.624,12.819,15.274,11.633,12.033,7.503,9.353,9.159,10.174,7.809,0.000,7.216,9.314,8.205,9.656,12.052,13.331,13.735,15.067,16.220
13.871,12.348,8.810,12.054,8.937,11.230,11.381,12.566,15.217,11.927,12.633,8.170,10.779,10.023,9.159,9.057,7.216,0.000,7.032,8.773,8.304,9.262,12.118,13.016,13.747,14.835
15.497,14.255,11.310,14.076,10.211,13.199,12.320,12.864,16.009,12.662,14.280,10.056,12.125,12.479,10.542,8.280,9.314,7.032,0.000,6.529,8.883,8.272,9.939,12.310,13.586,14.292
15.809,14.496,11.656,12.910,8.391,11.759,10.288,10.676,13.830,10.734,13.448,9.632,12.324,12.728,12.227,8.947,8.205,8.773,6.529,0.000,6.867,8.739,9.129,10.634,13.032,14.118
16.190,14.609,11.404,11.618,6.998,8.385,6.322,8.023,11.753,9.975,13.084,10.326,13.560,13.458,13.621,11.744,9.656,8.304,8.883,6.867,0.000,6.871,8.332,8.823,10.787,12.275
17.509,17.045,13.928,14.864,10.460,11.401,9.136,11.383,15.167,13.205,16.021,12.745,15.402,14.761,14.190,12.653,12.052,9.262,8.272,8.739,6.871,0.000,6.814,8.471,9.444,10.911
18.005,17.988,15.569,16.214,12.009,12.296,9.781,12.136,15.595,14.530,17.273,14.421,16.858,16.489,15.784,13.774,13.331,12.118,9.939,9.129,8.332,6.814,0.000,6.555,8.238,9.610
17.804,18.001,16.151,16.097,12.368,11.943,9.588,12.006,15.036,14.754,17.127,15.113,17.169,16.808,16.494,14.669,13.735,13.016,12.310,10.634,8.823,8.471,6.555,0.000,6.947,9.252
17.788,18.082,17.006,16.879,14.289,13.032,11.857,14.381,16.512,16.477,17.618,16.346,17.874,17.480,17.137,16.324,15.067,13.747,13.586,13.032,10.787,9.444,8.238,6.947,0.000,7.651
17.401,17.670,17.051,16.976,15.188,14.049,13.269,15.111,16.680,16.751,17.648,16.866,17.979,17.928,17.549,16.854,16.220,14.835,14.292,14.118,12.275,10.911,9.610,9.252,7.651,0.000