c1,c2,c3,c4,c5,c6,c7,c8,c9,c10,c11,c12,c13,c14,c15,c16,c17,c18,c19,c20,c21,c22,c23,c24,c25,c26
0.000,6.749,8.052,10.720,13.549,15.050,17.468,16.823,15.134,13.773,9.783,9.681,9.772,11.045,12.975,13.153,13.468,13.431,14.695,15.470,15.989,17.301,17.719,17.577,17.606,17.228
6.749,0.000,6.279,8.307,11.265,13.489,16.026,14.490,12.445,10.585,6.191,7.457,7.479,9.621,11.905,12.010,12.146,11.996,13.442,14.457,14.467,16.749,17.683,17.710,17.874,17.450
8.052,6.279,0.000,6.089,8.319,9.792,12.763,12.443,11.352,9.869,7.190,5.485,8.327,9.078,10.964,10.158,9.897,8.877,10.727,11.839,11.618,14.110,15.509,15.968,16.867,16.760
10.720,8.307,6.089,0.000,6.262,7.639,9.926,8.918,6.212,6.993,5.815,7.229,10.790,12.435,14.713,13.741,13.362,12.040,13.293,13.308,11.542,14.892,15.931,15.683,16.633,16.703
13.549,11.265,8.319,6.262,0.000,6.400,5.776,4.906,6.804,4.935,7.578,6.076,10.412,11.893,13.273,11.720,11.311,9.320,9.984,9.369,7.058,10.674,11.959,12.192,14.073,14.769
15.050,13.489,9.792,7.639,6.400,0.000,7.367,8.294,7.822,9.745,11.711,10.631,14.959,15.412,16.182,14.940,13.829,11.446,12.610,12.070,8.692,11.835,12.132,11.765,12.824,13.630
17.468,16.026,12.763,9.926,5.776,7.367,0.000,5.142,7.980,8.934,12.735,11.327,15.261,16.496,16.483,14.978,13.821,11.665,12.154,10.920,6.617,9.615,9.850,9.364,11.577,12.738
16.823,14.490,12.443,8.918,4.906,8.294,5.142,0.000,6.102,5.273,10.111,10.452,13.970,16.094,16.885,14.805,14.342,12.720,12.625,11.548,7.990,11.176,11.882,11.546,13.867,14.536
15.134,12.445,11.352,6.212,6.804,7.822,7.980,6.102,0.000,8.448,11.279,11.684,15.009,17.164,18.022,16.753,16.477,14.886,15.176,14.061,11.524,14.401,15.070,14.237,15.791,16.085
13.773,10.585,9.869,6.993,4.935,9.745,8.934,5.273,8.448,0.000,9.200,9.079,11.496,13.553,15.003,13.451,13.678,12.224,12.152,11.432,9.628,12.292,13.867,13.945,15.788,16.187
9.783,6.191,7.190,5.815,7.578,11.711,12.735,10.111,11.279,9.200,0.000,9.785,10.637,12.247,13.616,13.059,13.803,12.495,13.327,13.237,12.702,15.343,16.753,16.450,16.968,17.239
9.681,7.457,5.485,7.229,6.076,10.631,11.327,10.452,11.684,9.079,9.785,0.000,9.753,10.150,10.815,9.302,9.851,8.702,9.393,10.012,10.161,12.299,14.372,14.691,16.058,16.605
9.772,7.479,8.327,10.790,10.412,14.959,15.261,13.970,15.009,11.496,10.637,9.753,0.000,9.225,10.477,9.183,10.673,10.913,11.771,12.454,13.422,15.338,16.763,16.980,17.380,17.671
11.045,9.621,9.078,12.435,11.893,15.412,16.496,16.094,17.164,13.553,12.247,10.150,9.225,0.000,8.911,9.437,10.292,10.260,11.792,12.888,13.745,14.869,16.612,16.929,17.499,17.815
12.975,11.905,10.964,14.713,13.273,16.182,16.483,16.885,18.022,15.003,13.616,10.815,10.477,8.911,0.000,8.871,10.301,9.901,11.264,12.994,14.452,14.923,16.111,16.619,17.233,17.558
13.153,12.010,10.158,13.741,11.720,14.940,14.978,14.805,16.753,13.451,13.059,9.302,9.183,9.437,8.871,0.000,8.056,8.935,9.094,10.240,13.025,13.823,14.663,15.230,16.584,16.969
13.468,12.146,9.897,13.362,11.311,13.829,13.821,14.342,16.477,13.678,13.803,9.851,10.673,10.292,10.301,8.056,0.000,7.574,9.270,9.411,11.540,13.463,14.768,14.599,15.765,16.491
13.431,11.996,8.877,12.040,9.320,11.446,11.665,12.720,14.886,12.224,12.495,8.702,10.913,10.260,9.901,8.935,7.574,0.000,7.296,8.669,9.289,10.502,13.250,13.550,14.518,15.227
14.695,13.442,10.727,13.293,9.984,12.610,12.154,12.625,15.176,12.152,13.327,9.393,11.771,11.792,11.264,9.094,9.270,7.296,0.000,6.671,8.784,9.004,10.702,12.399,13.865,14.474
15.470,14.457,11.839,13.308,9.369,12.070,10.920,11.548,14.061,11.432,13.237,10.012,12.454,12.888,12.994,10.240,9.411,8.669,6.671,0.000,7.171,8.593,9.404,10.093,12.342,13.272
15.989,14.467,11.618,11.542,7.058,8.692,6.617,7.990,11.524,9.628,12.702,10.161,13.422,13.745,14.452,13.025,11.540,9.289,8.784,7.171,0.000,7.102,8.165,8.058,10.470,11.784
17.301,16.749,14.110,14.892,10.674,11.835,9.615,11.176,14.401,12.292,15.343,12.299,15.338,14.869,14.923,13.823,13.463,10.502,9.004,8.593,7.102,0.000,6.964,8.280,9.772,10.934
17.719,17.683,15.509,15.931,11.959,12.132,9.850,11.882,15.070,13.867,16.753,14.372,16.763,16.612,16.111,14.663,14.768,13.250,10.702,9.404,8.165,6.964,0.000,6.972,8.128,9.484
17.577,17.710,15.968,15.683,12.192,11.765,9.364,11.546,14.237,13.945,16.450,14.691,16.980,16.929,16.619,15.230,14.599,13.550,12.399,10.093,8.058,8.280,6.972,0.000,7.080,9.152
17.606,17.874,16.867,16.633,14.073,12.824,11.577,13.867,15.791,15.788,16.968,16.058,17.380,17.499,17.233,16.584,15.765,14.518,13.865,12.342,10.470,9.772,8.128,7.080,0.000,7.809
17.228,17.450,16.760,16.703,14.769,13.630,12.738,14.536,16.085,16.187,17.239,16.605,17.671,17.815,17.558,16.969,16.491,15.227,14.474,13.272,11.784,10.934,9.484,9.152,7.809,0.000