c1,c2,c3,c4,c5,c6,c7,c8,c9,c10,c11,c12,c13,c14,c15,c16,c17,c18,c19,c20,c21,c22,c23,c24,c25,c26
0.000,7.027,8.140,10.741,13.471,14.972,17.289,16.668,14.982,13.697,9.866,9.847,10.188,11.115,13.245,12.911,13.550,13.686,14.381,15.825,16.199,17.417,17.880,17.483,17.363,17.275
7.027,0.000,6.544,8.527,11.410,13.513,16.021,14.519,12.504,10.689,6.333,7.534,8.167,9.564,12.181,11.776,12.295,12.392,13.284,14.983,15.015,17.147,17.951,17.507,17.525,17.461
8.140,6.544,0.000,6.319,8.545,9.926,12.795,12.550,11.335,9.894,7.188,5.496,8.315,8.871,11.624,10.167,10.076,8.986,10.204,11.931,12.014,14.657,15.895,15.905,16.370,16.850
10.741,8.527,6.319,0.000,6.475,7.811,9.931,8.860,6.207,6.968,5.786,7.148,10.779,12.229,15.072,13.248,13.508,11.891,12.486,13.217,11.883,15.141,15.974,15.392,16.060,16.774
13.471,11.410,8.545,6.475,0.000,6.504,5.773,4.973,6.811,4.954,7.547,6.031,10.411,12.149,14.025,11.386,11.589,9.189,9.193,9.203,7.630,11.162,12.318,12.241,13.687,14.850
14.972,13.513,9.926,7.811,6.504,0.000,7.205,8.311,7.899,9.792,11.686,10.492,14.940,15.568,17.014,14.861,14.254,11.411,11.795,11.295,8.562,11.957,12.143,11.519,12.690,13.751
17.289,16.021,12.795,9.931,5.773,7.205,0.000,5.224,8.032,8.977,12.713,11.329,15.306,16.739,17.285,15.047,14.407,11.747,11.413,10.259,6.707,9.853,9.624,9.041,11.514,12.837
16.668,14.519,12.550,8.860,4.973,8.311,5.224,0.000,6.341,5.206,10.112,10.477,14.016,16.374,17.424,14.951,14.985,12.804,12.165,11.271,8.319,11.589,11.906,11.376,13.690,14.685
14.982,12.504,11.335,6.207,6.811,7.899,8.032,6.341,0.000,8.862,11.265,11.572,14.966,17.244,18.284,16.629,16.781,14.756,14.383,14.005,11.603,14.642,15.069,14.140,15.845,16.248
13.697,10.689,9.894,6.968,4.954,9.792,8.977,5.206,8.862,0.000,8.351,8.686,11.206,13.680,15.252,12.986,13.529,11.659,11.418,11.451,10.010,13.165,14.333,13.916,15.757,16.330
9.866,6.333,7.188,5.786,7.547,11.686,12.713,10.112,11.265,8.351,0.000,8.939,10.537,12.298,13.485,12.626,13.744,12.299,12.768,13.592,12.852,15.702,16.554,15.987,16.784,17.421
9.847,7.534,5.496,7.148,6.031,10.492,11.329,10.477,11.572,8.686,8.939,0.000,9.260,9.657,10.458,8.752,9.477,7.895,8.473,9.520,10.165,12.682,14.159,14.016,15.310,16.292
10.188,8.167,8.315,10.779,10.411,14.940,15.306,14.016,14.966,11.206,10.537,9.260,0.000,9.035,9.069,8.067,10.137,10.567,11.620,13.021,13.995,15.537,16.375,16.514,17.042,17.502
11.115,9.564,8.871,12.229,12.149,15.568,16.739,16.374,17.244,13.680,12.298,9.657,9.035,0.000,8.651,8.727,10.031,10.282,12.486,13.814,14.509,15.397,16.693,16.738,17.168,17.688
13.245,12.181,11.624,15.072,14.025,17.014,17.285,17.424,18.284,15.252,13.485,10.458,9.069,8.651,0.000,8.550,10.217,10.851,12.408,14.371,15.443,15.748,16.501,16.931,17.293,17.714
12.911,11.776,10.167,13.248,11.386,14.861,15.047,14.951,16.629,12.986,12.626,8.752,8.067,8.727,8.550,0.000,7.541,8.730,9.615,11.334,13.567,14.839,15.189,15.285,16.246,16.970
13.550,12.295,10.076,13.508,11.589,14.254,14.407,14.985,16.781,13.529,13.744,9.477,10.137,10.031,10.217,7.541,0.000,7.312,8.903,10.145,12.289,14.411,15.276,14.592,15.159,16.414
13.686,12.392,8.986,11.891,9.189,11.411,11.747,12.804,14.756,11.659,12.299,7.895,10.567,10.282,10.851,8.730,7.312,0.000,6.753,8.432,9.548,11.616,13.378,13.070,13.504,14.964
14.381,13.284,10.204,12.486,9.193,11.795,11.413,12.165,14.383,11.418,12.768,8.473,11.620,12.486,12.408,9.615,8.903,6.753,0.000,6.183,8.215,9.489,11.036,11.871,12.975,14.338
15.825,14.983,11.931,13.217,9.203,11.295,10.259,11.271,14.005,11.451,13.592,9.520,13.021,13.814,14.371,11.334,10.145,8.432,6.183,0.000,6.300,8.589,8.955,9.562,11.584,13.303
16.199,15.015,12.014,11.883,7.630,8.562,6.707,8.319,11.603,10.010,12.852,10.165,13.995,14.509,15.443,13.567,12.289,9.548,8.215,6.300,0.000,6.251,7.503,7.800,9.742,11.919
17.417,17.147,14.657,15.141,11.162,11.957,9.853,11.589,14.642,13.165,15.702,12.682,15.537,15.397,15.748,14.839,14.411,11.616,9.489,8.589,6.251,0.000,6.265,8.110,8.647,11.011
17.880,17.951,15.895,15.974,12.318,12.143,9.624,11.906,15.069,14.333,16.554,14.159,16.375,16.693,16.501,15.189,15.276,13.378,11.036,8.955,7.503,6.265,0.000,6.246,7.896,9.673
17.483,17.507,15.905,15.392,12.241,11.519,9.041,11.376,14.140,13.916,15.987,14.016,16.514,16.738,16.931,15.285,14.592,13.070,11.871,9.562,7.800,8.110,6.246,0.000,6.662,9.172
17.363,17.525,16.370,16.060,13.687,12.690,11.514,13.690,15.845,15.757,16.784,15.310,17.042,17.168,17.293,16.246,15.159,13.504,12.975,11.584,9.742,8.647,7.896,6.662,0.000,7.345
17.275,17.461,16.850,16.774,14.850,13.751,12.837,14.685,16.248,16.330,17.421,16.292,17.502,17.688,17.714,16.970,16.414,14.964,14.338,13.303,11.919,11.011,9.673,9.172,7.345,0.000