c1,c2,c3,c4,c5,c6,c7,c8,c9,c10,c11,c12,c13,c14,c15,c16,c17,c18,c19,c20,c21,c22,c23,c24,c25,c26
0.000,6.922,8.155,10.698,13.590,15.051,17.464,16.726,15.045,13.810,9.740,9.899,10.110,11.113,13.194,13.097,13.533,13.970,14.548,15.941,16.373,17.637,17.963,17.841,17.817,17.484
6.922,0.000,6.375,8.350,11.402,13.490,16.069,14.546,12.463,10.656,6.099,7.575,7.992,9.723,12.179,11.789,12.103,12.662,13.395,15.038,14.922,17.320,17.992,18.077,18.180,17.749
8.155,6.375,0.000,6.195,8.550,9.889,12.854,12.494,11.361,9.884,7.181,5.420,8.450,8.954,11.209,9.801,9.557,9.128,10.161,11.874,11.773,14.411,15.780,16.561,17.267,17.253
10.698,8.350,6.195,0.000,6.347,7.736,9.941,8.924,6.217,6.992,5.798,7.224,10.837,12.387,14.795,12.892,12.964,12.034,12.578,13.291,11.600,14.882,15.937,16.224,16.955,17.171
13.590,11.402,8.550,6.347,0.000,6.378,5.767,4.932,6.798,4.937,7.565,6.109,10.573,12.246,13.737,10.932,10.987,9.186,9.180,9.117,7.204,10.659,12.180,12.933,14.583,15.484
15.051,13.490,9.889,7.736,6.378,0.000,7.154,8.286,7.827,9.778,11.690,10.608,15.099,15.629,16.639,14.558,13.715,11.338,11.752,11.472,8.148,11.266,11.889,12.054,13.193,14.338
17.464,16.069,12.854,9.941,5.767,7.154,0.000,5.150,7.987,8.953,12.786,11.410,15.488,16.890,17.020,14.667,14.033,11.634,11.477,10.326,6.224,8.840,9.527,9.863,11.996,13.509
16.726,14.546,12.494,8.924,4.932,8.286,5.150,0.000,6.082,5.157,10.103,10.462,14.006,16.330,17.062,14.323,14.313,12.751,11.942,10.992,7.952,10.850,11.866,12.311,14.400,15.226
15.045,12.463,11.361,6.217,6.798,7.827,7.987,6.082,0.000,8.149,10.876,11.563,15.030,17.407,18.211,16.277,16.498,15.050,14.700,13.963,11.491,14.372,15.000,14.961,16.318,16.657
13.810,10.656,9.884,6.992,4.937,9.778,8.953,5.157,8.149,0.000,8.307,8.661,11.317,13.758,14.944,12.455,13.139,11.893,11.482,11.146,9.981,12.756,14.284,14.851,16.439,16.719
9.740,6.099,7.181,5.798,7.565,11.690,12.786,10.103,10.876,8.307,0.000,8.773,10.509,12.453,13.479,12.327,13.416,12.604,12.943,13.706,13.075,15.730,16.914,16.941,17.550,17.682
9.899,7.575,5.420,7.224,6.109,10.608,11.410,10.462,11.563,8.661,8.773,0.000,8.965,9.853,10.291,8.179,8.846,7.906,8.508,9.889,10.298,12.790,14.468,15.013,16.402,16.930
10.110,7.992,8.450,10.837,10.573,15.099,15.488,14.006,15.030,11.317,10.509,8.965,0.000,8.640,9.306,8.120,9.939,10.796,11.806,13.177,14.021,15.642,16.760,17.069,17.814,17.895
11.113,9.723,8.954,12.387,12.246,15.629,16.890,16.330,17.407,13.758,12.453,9.853,8.640,0.000,8.624,9.001,9.763,10.270,12.274,13.725,14.322,15.358,16.657,16.966,17.595,18.032
13.194,12.179,11.209,14.795,13.737,16.639,17.020,17.062,18.211,14.944,13.479,10.291,9.306,8.624,0.000,8.527,10.155,10.047,11.389,13.697,14.810,14.875,15.923,16.552,17.233,17.617
13.097,11.789,9.801,12.892,10.932,14.558,14.667,14.323,16.277,12.455,12.327,8.179,8.120,9.001,8.527,0.000,7.532,8.784,8.985,10.503,13.035,14.049,14.520,14.869,16.443,16.904
13.533,12.103,9.557,12.964,10.987,13.715,14.033,14.313,16.498,13.139,13.416,8.846,9.939,9.763,10.155,7.532,0.000,7.134,8.943,9.502,11.470,13.718,14.765,14.178,15.437,16.377
13.970,12.662,9.128,12.034,9.186,11.338,11.634,12.751,15.050,11.893,12.604,7.906,10.796,10.270,10.047,8.784,7.134,0.000,6.630,8.324,8.978,10.666,13.163,13.736,14.195,14.974
14.548,13.395,10.161,12.578,9.180,11.752,11.477,11.942,14.700,11.482,12.943,8.508,11.806,12.274,11.389,8.985,8.943,6.630,0.000,6.099,8.281,8.987,10.802,12.943,14.051,14.638
15.941,15.038,11.874,13.291,9.117,11.472,10.326,10.992,13.963,11.146,13.706,9.889,13.177,13.725,13.697,10.503,9.502,8.324,6.099,0.000,6.286,8.346,9.131,10.646,12.951,14.014
16.373,14.922,11.773,11.600,7.204,8.148,6.224,7.952,11.491,9.981,13.075,10.298,14.021,14.322,14.810,13.035,11.470,8.978,8.281,6.286,0.000,6.338,8.043,8.700,10.739,12.395
17.637,17.320,14.411,14.882,10.659,11.266,8.840,10.850,14.372,12.756,15.730,12.790,15.642,15.358,14.875,14.049,13.718,10.666,8.987,8.346,6.338,0.000,6.376,8.171,9.308,10.939
17.963,17.992,15.780,15.937,12.180,11.889,9.527,11.866,15.000,14.284,16.914,14.468,16.760,16.657,15.923,14.520,14.765,13.163,10.802,9.131,8.043,6.376,0.000,6.276,7.925,9.439
17.841,18.077,16.561,16.224,12.933,12.054,9.863,12.311,14.961,14.851,16.941,15.013,17.069,16.966,16.552,14.869,14.178,13.736,12.943,10.646,8.700,8.171,6.276,0.000,6.706,8.994
17.817,18.180,17.267,16.955,14.583,13.193,11.996,14.400,16.318,16.439,17.550,16.402,17.814,17.595,17.233,16.443,15.437,14.195,14.051,12.951,10.739,9.308,7.925,6.706,0.000,7.500
17.484,17.749,17.253,17.171,15.484,14.338,13.509,15.226,16.657,16.719,17.682,16.930,17.895,18.032,17.617,16.904,16.377,14.974,14.638,14.014,12.395,10.939,9.439,8.994,7.500,0.000