c1,c2,c3,c4,c5,c6,c7,c8,c9,c10,c11,c12,c13,c14,c15,c16,c17,c18,c19,c20,c21,c22,c23,c24,c25,c26
0.000,7.191,8.284,10.854,13.556,15.054,17.413,16.738,15.129,13.737,9.723,9.921,10.144,10.860,13.116,12.781,13.288,13.931,14.761,15.702,16.067,17.289,17.869,17.411,17.457,17.423
7.191,0.000,6.532,8.543,11.478,13.573,16.101,14.574,12.592,10.668,6.144,7.586,8.133,9.488,12.222,11.555,11.882,12.706,13.731,14.840,14.873,17.021,17.924,17.459,17.647,17.691
8.284,6.532,0.000,6.289,8.652,9.933,12.825,12.518,11.419,9.888,7.195,5.454,8.533,8.821,11.498,9.752,9.344,9.047,10.558,11.682,11.564,14.072,15.542,15.396,16.254,16.996
10.854,8.543,6.289,0.000,6.487,7.809,9.931,8.904,6.282,7.030,5.831,7.263,10.938,12.384,15.040,12.691,12.745,12.062,13.118,13.081,11.684,15.052,16.184,15.401,16.233,16.979
13.556,11.478,8.652,6.487,0.000,6.381,5.824,4.973,6.781,4.952,7.571,6.132,10.690,12.258,13.764,10.604,10.624,9.072,9.557,8.662,7.457,10.940,12.124,11.585,13.534,14.947
15.054,13.573,9.933,7.809,6.381,0.000,7.549,8.315,7.863,9.839,11.758,10.637,15.232,15.500,16.662,14.320,13.243,11.182,12.225,11.357,8.434,11.787,12.391,11.279,12.468,13.891
17.413,16.101,12.825,9.931,5.824,7.549,0.000,5.276,8.117,8.990,12.832,11.427,15.631,16.902,17.136,14.251,13.592,11.572,11.824,10.282,6.755,9.879,10.011,8.866,11.335,12.975
16.738,14.574,12.518,8.904,4.973,8.315,5.276,0.000,6.578,5.310,10.173,10.474,14.200,16.484,17.257,13.889,13.971,12.700,12.445,10.850,8.713,12.058,12.330,11.224,13.799,14.861
15.129,12.592,11.419,6.282,6.781,7.863,8.117,6.578,0.000,8.954,11.614,11.699,15.310,17.526,18.330,16.063,16.298,15.209,15.245,13.976,12.180,15.427,15.634,14.461,16.328,16.721
13.737,10.668,9.888,7.030,4.952,9.839,8.990,5.310,8.954,0.000,8.998,9.198,11.818,13.958,14.985,12.049,12.817,11.977,12.176,11.231,10.652,13.644,14.455,13.796,16.002,16.508
9.723,6.144,7.195,5.831,7.571,11.758,12.832,10.173,11.614,8.998,0.000,9.523,11.535,12.988,13.607,12.131,13.260,12.986,13.772,13.629,13.349,16.076,16.958,16.234,17.256,17.660
9.921,7.586,5.454,7.263,6.132,10.637,11.427,10.474,11.699,9.198,9.523,0.000,9.639,10.135,10.224,7.854,8.452,8.009,9.094,9.458,10.188,12.615,13.844,13.696,15.398,16.363
10.144,8.133,8.533,10.938,10.690,15.232,15.631,14.200,15.310,11.818,11.535,9.639,0.000,9.029,9.169,8.124,9.905,11.003,12.131,12.856,13.862,15.565,16.391,16.509,17.377,17.769
10.860,9.488,8.821,12.384,12.258,15.500,16.902,16.484,17.526,13.958,12.988,10.135,9.029,0.000,9.299,9.363,9.894,10.545,12.662,13.290,13.812,14.975,16.376,16.447,17.142,17.866
13.116,12.222,11.498,15.040,13.764,16.662,17.136,17.257,18.330,14.985,13.607,10.224,9.169,9.299,0.000,9.308,10.648,10.257,11.526,13.278,14.237,14.648,15.781,16.324,16.961,17.624
12.781,11.555,9.752,12.691,10.604,14.320,14.251,13.889,16.063,12.049,12.131,7.854,8.124,9.363,9.308,0.000,7.996,9.115,9.023,10.082,12.567,13.357,13.774,14.193,15.965,16.718
13.288,11.882,9.344,12.745,10.624,13.243,13.592,13.971,16.298,12.817,13.260,8.452,9.905,9.894,10.648,7.996,0.000,7.540,9.355,9.083,10.548,12.716,13.412,13.052,14.418,15.985
13.931,12.706,9.047,12.062,9.072,11.182,11.572,12.700,15.209,11.977,12.986,8.009,11.003,10.545,10.257,9.115,7.540,0.000,6.898,8.577,8.752,9.876,12.228,12.274,13.023,14.518
14.761,13.731,10.558,13.118,9.557,12.225,11.824,12.445,15.245,12.176,13.772,9.094,12.131,12.662,11.526,9.023,9.355,6.898,0.000,6.152,8.421,8.229,9.406,11.098,12.489,13.398
15.702,14.840,11.682,13.081,8.662,11.357,10.282,10.850,13.976,11.231,13.629,9.458,12.856,13.290,13.278,10.082,9.083,8.577,6.152,0.000,6.377,8.668,8.405,9.052,11.874,13.241
16.067,14.873,11.564,11.684,7.457,8.434,6.755,8.713,12.180,10.652,13.349,10.188,13.862,13.812,14.237,12.567,10.548,8.752,8.421,6.377,0.000,6.372,8.076,7.777,9.820,11.983
17.289,17.021,14.072,15.052,10.940,11.787,9.879,12.058,15.427,13.644,16.076,12.615,15.565,14.975,14.648,13.357,12.716,9.876,8.229,8.668,6.372,0.000,6.531,8.176,8.618,10.667
17.869,17.924,15.542,16.184,12.124,12.391,10.011,12.330,15.634,14.455,16.958,13.844,16.391,16.376,15.781,13.774,13.412,12.228,9.406,8.405,8.076,6.531,0.000,6.434,8.134,9.558
17.411,17.459,15.396,15.401,11.585,11.279,8.866,11.224,14.461,13.796,16.234,13.696,16.509,16.447,16.324,14.193,13.052,12.274,11.098,9.052,7.777,8.176,6.434,0.000,6.756,9.422
17.457,17.647,16.254,16.233,13.534,12.468,11.335,13.799,16.328,16.002,17.256,15.398,17.377,17.142,16.961,15.965,14.418,13.023,12.489,11.874,9.820,8.618,8.134,6.756,0.000,7.465
17.423,17.691,16.996,16.979,14.947,13.891,12.975,14.861,16.721,16.508,17.660,16.363,17.769,17.866,17.624,16.718,15.985,14.518,13.398,13.241,11.983,10.667,9.558,9.422,7.465,0.000