c1,c2,c3,c4,c5,c6,c7,c8,c9,c10,c11,c12,c13,c14,c15,c16,c17,c18,c19,c20,c21,c22,c23,c24,c25,c26
0.000,7.297,8.369,10.920,13.796,15.332,17.811,17.083,15.490,13.977,9.986,10.178,10.303,10.979,13.534,13.586,12.740,13.956,15.798,15.706,15.766,17.320,17.967,17.431,17.404,17.584
7.297,0.000,6.443,8.256,11.559,13.628,16.304,14.634,12.640,10.637,6.103,7.551,7.718,9.219,12.237,12.017,10.805,12.206,14.618,14.303,14.171,16.815,17.859,17.379,17.481,17.846
8.369,6.443,0.000,6.185,8.523,10.031,12.930,12.581,11.499,9.847,7.217,5.454,8.429,8.474,11.005,9.943,7.706,8.332,11.385,11.362,10.656,13.457,15.177,14.877,15.929,17.151
10.920,8.256,6.185,0.000,6.385,7.694,9.961,8.901,6.282,7.032,5.840,7.375,10.995,12.328,15.037,13.004,11.207,11.904,14.389,12.679,11.170,14.928,16.199,15.163,16.063,17.163
13.796,11.559,8.523,6.385,0.000,6.348,6.302,4.920,6.844,4.960,7.629,6.239,10.785,11.988,13.188,10.400,8.725,8.580,10.264,8.110,6.348,10.385,11.464,10.585,12.679,14.776
15.332,13.628,10.031,7.694,6.348,0.000,8.009,8.433,7.995,9.966,11.965,10.964,15.523,15.422,16.392,14.727,12.145,11.240,13.681,11.742,8.432,11.927,12.677,10.916,11.921,14.095
17.811,16.304,12.930,9.961,6.302,8.009,0.000,5.419,8.273,9.122,13.021,11.810,16.061,16.929,16.893,14.523,12.710,11.678,12.836,10.520,6.732,10.306,10.381,8.465,10.726,13.010
17.083,14.634,12.581,8.901,4.920,8.433,5.419,0.000,6.499,5.437,10.344,10.603,14.387,16.445,17.034,13.795,12.573,12.705,13.084,10.432,8.240,12.221,12.340,10.537,13.334,14.873
15.490,12.640,11.499,6.282,6.844,7.995,8.273,6.499,0.000,8.738,13.334,12.256,15.720,17.706,18.389,16.286,15.040,15.462,16.182,13.686,11.909,15.846,15.842,14.072,16.083,16.889
13.977,10.637,9.847,7.032,4.960,9.966,9.122,5.437,8.738,0.000,10.070,9.616,12.230,14.088,14.733,11.863,11.227,11.939,12.628,10.361,9.820,13.573,14.222,13.323,15.768,16.866
9.986,6.103,7.217,5.840,7.629,11.965,13.021,10.344,13.334,10.070,0.000,10.195,12.217,13.306,13.854,12.193,11.458,12.790,14.393,13.112,12.804,16.220,17.309,16.536,17.497,18.088
10.178,7.551,5.454,7.375,6.239,10.964,11.810,10.603,12.256,9.616,10.195,0.000,9.388,10.356,10.264,7.399,6.658,7.763,9.744,8.905,9.463,12.419,13.759,13.709,15.542,16.820
10.303,7.718,8.429,10.995,10.785,15.523,16.061,14.387,15.720,12.230,12.217,9.388,0.000,8.463,9.702,8.336,9.010,10.657,12.011,11.996,13.189,15.223,16.590,16.864,17.792,18.256
10.979,9.219,8.474,12.328,11.988,15.422,16.929,16.445,17.706,14.088,13.306,10.356,8.463,0.000,9.077,9.532,8.766,9.754,12.183,12.352,12.786,14.155,16.221,16.375,17.046,18.080
13.534,12.237,11.005,15.037,13.188,16.392,16.893,17.034,18.389,14.733,13.854,10.264,9.702,9.077,0.000,9.563,10.548,8.861,10.168,11.822,13.004,13.283,15.257,16.135,16.740,17.689
13.586,12.017,9.943,13.004,10.400,14.727,14.523,13.795,16.286,11.863,12.193,7.399,8.336,9.532,9.563,0.000,7.949,9.302,7.971,8.547,11.179,12.043,12.839,13.723,15.909,16.957
12.740,10.805,7.706,11.207,8.725,12.145,12.710,12.573,15.040,11.227,11.458,6.658,9.010,8.766,10.548,7.949,0.000,7.152,9.600,7.593,8.681,11.261,12.329,12.246,13.971,16.040
13.956,12.206,8.332,11.904,8.580,11.240,11.678,12.705,15.462,11.939,12.790,7.763,10.657,9.754,8.861,9.302,7.152,0.000,6.975,8.978,7.637,8.338,11.443,11.969,12.577,14.309
15.798,14.618,11.385,14.389,10.264,13.681,12.836,13.084,16.182,12.628,14.393,9.744,12.011,12.183,10.168,7.971,9.600,6.975,0.000,6.329,8.897,7.459,8.960,11.467,12.686,13.598
15.706,14.303,11.362,12.679,8.110,11.742,10.520,10.432,13.686,10.361,13.112,8.905,11.996,12.352,11.822,8.547,7.593,8.978,6.329,0.000,6.688,8.678,8.060,8.728,11.965,13.288
15.766,14.171,10.656,11.170,6.348,8.432,6.732,8.240,11.909,9.820,12.804,9.463,13.189,12.786,13.004,11.179,8.681,7.637,8.897,6.688,0.000,6.642,8.410,7.488,9.728,11.816
17.320,16.815,13.457,14.928,10.385,11.927,10.306,12.221,15.846,13.573,16.220,12.419,15.223,14.155,13.283,12.043,11.261,8.338,7.459,8.678,6.642,0.000,6.545,8.247,8.455,10.444
17.967,17.859,15.177,16.199,11.464,12.677,10.381,12.340,15.842,14.222,17.309,13.759,16.590,16.221,15.257,12.839,12.329,11.443,8.960,8.060,8.410,6.545,0.000,6.440,8.277,9.636
17.431,17.379,14.877,15.163,10.585,10.916,8.465,10.537,14.072,13.323,16.536,13.709,16.864,16.375,16.135,13.723,12.246,11.969,11.467,8.728,7.488,8.247,6.440,0.000,6.683,9.523
17.404,17.481,15.929,16.063,12.679,11.921,10.726,13.334,16.083,15.768,17.497,15.542,17.792,17.046,16.740,15.909,13.971,12.577,12.686,11.965,9.728,8.455,8.277,6.683,0.000,7.345
17.584,17.846,17.151,17.163,14.776,14.095,13.010,14.873,16.889,16.866,18.088,16.820,18.256,18.080,17.689,16.957,16.040,14.309,13.598,13.288,11.816,10.444,9.636,9.523,7.345,0.000