c1,c2,c3,c4,c5,c6,c7,c8,c9,c10,c11,c12,c13,c14,c15,c16,c17,c18,c19,c20,c21,c22,c23,c24,c25,c26
0.000,6.963,8.375,11.099,13.774,15.337,17.718,17.000,15.596,14.045,10.028,9.996,9.695,10.302,12.706,13.008,13.125,13.878,15.381,15.933,16.363,17.691,18.003,17.862,17.825,17.441
6.963,0.000,6.404,8.468,11.339,13.547,16.059,14.519,12.583,10.510,6.024,7.362,7.236,8.835,11.583,11.359,11.504,12.316,14.060,14.601,14.710,17.275,18.015,18.038,18.105,17.672
8.375,6.404,0.000,6.122,8.425,9.877,12.802,12.422,11.517,9.846,7.202,5.443,8.273,8.543,10.917,9.678,8.883,8.668,11.054,11.809,11.548,14.201,15.673,16.236,17.042,17.049
11.099,8.468,6.122,0.000,6.296,7.700,9.968,8.957,6.369,7.047,5.815,7.358,10.955,12.322,14.910,12.841,12.324,11.840,13.665,13.029,11.552,14.896,16.168,16.133,16.869,16.956
13.774,11.339,8.425,6.296,0.000,6.407,5.846,4.901,6.786,4.895,7.551,6.138,10.700,12.269,13.478,10.589,10.048,8.679,9.769,8.380,6.798,10.378,12.019,12.459,14.373,15.104
15.337,13.547,9.877,7.700,6.407,0.000,7.585,8.402,7.857,9.780,11.745,10.726,15.349,15.598,16.457,14.452,13.165,11.129,12.814,11.822,8.429,11.448,12.165,11.925,13.119,13.881
17.718,16.059,12.802,9.968,5.846,7.585,0.000,5.245,8.109,8.980,12.860,11.593,15.780,16.924,16.875,14.422,13.203,11.074,11.848,10.127,6.056,8.830,9.546,9.441,11.862,13.016
17.000,14.519,12.422,8.957,4.901,8.402,5.245,0.000,6.228,5.291,10.181,10.566,14.292,16.516,17.100,13.884,13.432,12.096,12.292,10.573,7.791,10.983,12.010,12.072,14.391,14.922
15.596,12.583,11.517,6.369,6.786,7.857,8.109,6.228,0.000,8.520,11.955,11.859,15.333,17.586,18.275,16.088,15.829,14.717,15.552,13.856,11.535,14.715,15.426,15.048,16.464,16.590
14.045,10.510,9.846,7.047,4.895,9.780,8.980,5.291,8.520,0.000,8.942,8.972,11.742,13.958,14.770,11.921,11.952,11.121,12.116,10.750,9.612,12.697,14.254,14.633,16.347,16.602
10.028,6.024,7.202,5.815,7.551,11.745,12.860,10.181,11.955,8.942,0.000,9.190,10.978,12.961,13.604,11.962,12.501,12.221,14.003,13.510,12.876,15.896,17.101,17.062,17.555,17.669
9.996,7.362,5.443,7.358,6.138,10.726,11.593,10.566,11.859,8.972,9.190,0.000,8.983,10.148,10.456,7.688,7.729,7.515,9.888,9.724,10.210,12.754,14.447,15.159,16.361,16.855
9.695,7.236,8.273,10.955,10.700,15.349,15.780,14.292,15.333,11.742,10.978,8.983,0.000,8.740,9.312,8.189,9.691,10.614,12.293,12.613,13.729,15.616,17.005,17.156,17.716,17.903
10.302,8.835,8.543,12.322,12.269,15.598,16.924,16.516,17.586,13.958,12.961,10.148,8.740,0.000,8.853,9.329,9.866,10.601,13.023,13.344,14.281,15.613,17.112,17.223,17.646,17.891
12.706,11.583,10.917,14.910,13.478,16.457,16.875,17.100,18.275,14.770,13.604,10.456,9.312,8.853,0.000,9.180,10.201,10.171,11.564,13.045,14.597,15.446,16.728,17.080,17.510,17.789
13.008,11.359,9.678,12.841,10.589,14.452,14.422,13.884,16.088,11.921,11.962,7.688,8.189,9.329,9.180,0.000,7.752,8.869,8.752,9.690,12.266,13.279,14.520,15.161,16.556,17.008
13.125,11.504,8.883,12.324,10.048,13.165,13.203,13.432,15.829,11.952,12.501,7.729,9.691,9.866,10.201,7.752,0.000,7.318,9.122,9.028,11.194,13.101,14.328,14.678,15.739,16.623
13.878,12.316,8.668,11.840,8.679,11.129,11.074,12.096,14.717,11.121,12.221,7.515,10.614,10.601,10.171,8.869,7.318,0.000,7.244,8.643,8.868,10.305,12.740,13.491,14.321,15.216
15.381,14.060,11.054,13.665,9.769,12.814,11.848,12.292,15.552,12.116,14.003,9.888,12.293,13.023,11.564,8.752,9.122,7.244,0.000,6.435,8.758,8.784,10.812,12.738,14.025,14.894
15.933,14.601,11.809,13.029,8.380,11.822,10.127,10.573,13.856,10.750,13.510,9.724,12.613,13.344,13.045,9.690,9.028,8.643,6.435,0.000,6.813,8.568,9.628,11.256,13.325,14.445
16.363,14.710,11.548,11.552,6.798,8.429,6.056,7.791,11.535,9.612,12.876,10.210,13.729,14.281,14.597,12.266,11.194,8.868,8.758,6.813,0.000,6.920,8.401,9.033,11.208,12.630
17.691,17.275,14.201,14.896,10.378,11.448,8.830,10.983,14.715,12.697,15.896,12.754,15.616,15.613,15.446,13.279,13.101,10.305,8.784,8.568,6.920,0.000,6.864,8.517,9.793,11.440
18.003,18.015,15.673,16.168,12.019,12.165,9.546,12.010,15.426,14.254,17.101,14.447,17.005,17.112,16.728,14.520,14.328,12.740,10.812,9.628,8.401,6.864,0.000,6.598,8.288,9.877
17.862,18.038,16.236,16.133,12.459,11.925,9.441,12.072,15.048,14.633,17.062,15.159,17.156,17.223,17.080,15.161,14.678,13.491,12.738,11.256,9.033,8.517,6.598,0.000,6.958,9.230
17.825,18.105,17.042,16.869,14.373,13.119,11.862,14.391,16.464,16.347,17.555,16.361,17.716,17.646,17.510,16.556,15.739,14.321,14.025,13.325,11.208,9.793,8.288,6.958,0.000,7.783
17.441,17.672,17.049,16.956,15.104,13.881,13.016,14.922,16.590,16.602,17.669,16.855,17.903,17.891,17.789,17.008,16.623,15.216,14.894,14.445,12.630,11.440,9.877,9.230,7.783,0.000