c1,c2,c3,c4,c5,c6,c7,c8,c9,c10,c11,c12,c13,c14,c15,c16,c17,c18,c19,c20,c21,c22,c23,c24,c25,c26
0.000,6.669,7.897,10.864,13.397,15.123,17.580,16.711,15.503,13.884,9.926,9.771,9.206,9.822,11.963,12.524,12.914,13.269,14.896,15.410,15.601,16.351,17.269,17.370,17.315,17.151
6.669,0.000,6.219,8.367,11.252,13.505,15.939,14.345,12.622,10.450,6.014,7.318,7.029,9.065,11.310,11.691,12.250,12.317,14.379,15.053,15.195,16.443,17.478,17.729,17.682,17.550
7.897,6.219,0.000,6.061,8.132,9.858,12.663,12.179,11.408,9.831,7.213,5.501,8.299,8.750,10.650,10.126,9.928,9.191,11.729,12.202,12.011,13.894,15.450,15.998,16.577,17.145
10.864,8.367,6.061,0.000,6.132,7.427,9.935,8.915,6.434,7.088,5.763,7.345,10.788,12.259,14.441,12.950,13.148,12.249,14.584,14.384,13.902,15.770,17.002,17.129,17.114,17.248
13.397,11.252,8.132,6.132,0.000,6.144,5.646,4.827,6.827,4.909,7.573,5.943,10.338,11.808,12.861,10.634,10.893,9.617,11.630,10.927,10.446,12.789,14.077,14.332,15.259,16.179
15.123,13.505,9.858,7.427,6.144,0.000,7.362,8.201,7.832,9.727,11.593,10.520,14.947,15.227,15.860,14.184,13.550,11.799,13.886,13.026,11.487,13.146,14.206,13.837,14.344,15.475
17.580,15.939,12.663,9.935,5.646,7.362,0.000,5.160,7.991,8.933,12.688,11.137,15.233,16.288,16.186,14.090,13.530,11.856,13.471,12.157,10.257,12.076,12.820,12.663,13.647,14.891
16.711,14.345,12.179,8.915,4.827,8.201,5.160,0.000,5.944,5.085,10.025,10.092,13.821,15.907,16.280,13.568,13.381,12.557,14.061,12.952,11.605,13.653,14.389,14.163,15.053,15.709
15.503,12.622,11.408,6.434,6.827,7.832,7.991,5.944,0.000,7.588,11.233,11.590,15.044,17.355,17.860,15.798,15.751,15.110,16.625,15.726,14.756,16.465,16.584,16.197,16.782,16.817
13.884,10.450,9.831,7.088,4.909,9.727,8.933,5.085,7.588,0.000,8.702,8.595,11.261,13.630,14.271,11.878,12.278,11.714,13.488,12.779,12.731,14.961,15.547,15.878,16.621,16.965
9.926,6.014,7.213,5.763,7.573,11.593,12.688,10.025,11.233,8.702,0.000,9.266,10.721,12.497,13.099,11.816,12.347,12.271,14.365,14.575,14.891,16.475,17.326,17.491,17.481,17.607
9.771,7.318,5.501,7.345,5.943,10.520,11.137,10.092,11.590,8.595,9.266,0.000,9.224,10.360,10.090,7.854,8.309,8.360,10.610,10.848,11.519,13.350,14.585,15.508,16.458,17.048
9.206,7.029,8.299,10.788,10.338,14.947,15.233,13.821,15.044,11.261,10.721,9.224,0.000,8.419,9.100,8.389,9.421,10.290,11.920,12.419,13.413,14.707,16.061,17.139,17.889,17.939
9.822,9.065,8.750,12.259,11.808,15.227,16.288,15.907,17.355,13.630,12.497,10.360,8.419,0.000,8.251,8.679,8.367,9.266,11.292,11.968,12.413,13.511,15.443,16.336,16.981,17.762
11.963,11.310,10.650,14.441,12.861,15.860,16.186,16.280,17.860,14.271,13.099,10.090,9.100,8.251,0.000,7.980,8.998,8.091,9.028,10.991,12.100,11.987,13.719,15.757,16.472,17.083
12.524,11.691,10.126,12.950,10.634,14.184,14.090,13.568,15.798,11.878,11.816,7.854,8.389,8.679,7.980,0.000,7.046,8.567,7.253,7.856,10.589,11.293,11.691,13.545,15.574,16.399
12.914,12.250,9.928,13.148,10.893,13.550,13.530,13.381,15.751,12.278,12.347,8.309,9.421,8.367,8.998,7.046,0.000,6.497,8.577,6.943,7.954,10.472,11.637,12.343,13.934,15.707
13.269,12.317,9.191,12.249,9.617,11.799,11.856,12.557,15.110,11.714,12.271,8.360,10.290,9.266,8.091,8.567,6.497,0.000,6.437,8.194,6.772,7.431,10.477,11.859,12.318,14.019
14.896,14.379,11.729,14.584,11.630,13.886,13.471,14.061,16.625,13.488,14.365,10.610,11.920,11.292,9.028,7.253,8.577,6.437,0.000,6.080,8.211,6.679,7.592,10.780,12.077,12.731
15.410,15.053,12.202,14.384,10.927,13.026,12.157,12.952,15.726,12.779,14.575,10.848,12.419,11.968,10.991,7.856,6.943,8.194,6.080,0.000,6.252,8.039,7.129,8.759,11.479,12.716
15.601,15.195,12.011,13.902,10.446,11.487,10.257,11.605,14.756,12.731,14.891,11.519,13.413,12.413,12.100,10.589,7.954,6.772,8.211,6.252,0.000,6.098,7.817,7.643,9.219,11.309
16.351,16.443,13.894,15.770,12.789,13.146,12.076,13.653,16.465,14.961,16.475,13.350,14.707,13.511,11.987,11.293,10.472,7.431,6.679,8.039,6.098,0.000,5.969,7.801,8.197,9.742
17.269,17.478,15.450,17.002,14.077,14.206,12.820,14.389,16.584,15.547,17.326,14.585,16.061,15.443,13.719,11.691,11.637,10.477,7.592,7.129,7.817,5.969,0.000,5.829,7.659,8.583
17.370,17.729,15.998,17.129,14.332,13.837,12.663,14.163,16.197,15.878,17.491,15.508,17.139,16.336,15.757,13.545,12.343,11.859,10.780,8.759,7.643,7.801,5.829,0.000,5.924,8.126
17.315,17.682,16.577,17.114,15.259,14.344,13.647,15.053,16.782,16.621,17.481,16.458,17.889,16.981,16.472,15.574,13.934,12.318,12.077,11.479,9.219,8.197,7.659,5.924,0.000,6.553
17.151,17.550,17.145,17.248,16.179,15.475,14.891,15.709,16.817,16.965,17.607,17.048,17.939,17.762,17.083,16.399,15.707,14.019,12.731,12.716,11.309,9.742,8.583,8.126,6.553,0.000