c1,c2,c3,c4,c5,c6,c7,c8,c9,c10,c11,c12,c13,c14,c15,c16,c17,c18,c19,c20,c21,c22,c23,c24,c25,c26
0.000,6.906,8.149,10.796,13.606,15.086,17.561,16.794,15.259,13.862,10.017,9.940,10.139,11.173,13.278,13.362,13.079,13.878,15.443,15.728,15.970,17.140,17.788,17.652,17.604,17.307
6.906,0.000,6.280,8.364,11.447,13.565,16.132,14.577,12.549,10.641,6.240,7.540,7.727,9.626,12.072,11.902,11.420,12.521,14.342,14.614,14.563,16.670,17.700,17.829,17.915,17.595
8.149,6.280,0.000,6.183,8.521,9.888,12.851,12.525,11.431,9.881,7.212,5.518,8.415,8.909,11.060,10.081,8.809,9.085,11.524,11.871,11.525,13.731,15.373,15.951,16.722,16.970
10.796,8.364,6.183,0.000,6.445,7.706,9.931,8.918,6.253,7.016,5.830,7.268,10.832,12.386,14.718,12.936,11.806,12.192,14.221,13.134,11.751,14.596,16.200,16.158,16.707,16.892
13.606,11.447,8.521,6.445,0.000,6.412,5.963,4.910,6.789,4.941,7.587,6.116,10.492,11.932,12.960,10.351,9.325,9.095,10.451,8.974,7.498,10.418,12.006,12.508,14.269,15.274
15.086,13.565,9.888,7.706,6.412,0.000,7.674,8.324,7.857,9.837,11.794,10.747,15.182,15.347,16.002,14.456,12.494,11.446,13.300,12.096,8.722,11.153,12.311,11.983,13.153,14.216
17.561,16.132,12.851,9.931,5.963,7.674,0.000,5.202,8.114,8.993,12.855,11.540,15.576,16.596,16.429,14.122,12.617,11.562,12.458,10.699,6.752,9.154,10.087,10.088,12.332,13.681
16.794,14.577,12.525,8.918,4.910,8.324,5.202,0.000,6.352,5.311,10.174,10.467,14.107,16.204,16.555,13.643,12.683,12.723,12.965,10.879,8.289,11.454,12.413,12.458,14.586,15.452
15.259,12.549,11.431,6.253,6.789,7.857,8.114,6.352,0.000,8.571,12.313,12.039,15.342,17.501,18.108,16.043,15.230,15.377,16.039,14.067,11.975,15.115,15.766,15.429,16.632,16.963
13.862,10.641,9.881,7.016,4.941,9.837,8.993,5.311,8.571,0.000,9.381,9.419,11.944,13.951,14.574,11.919,11.653,12.080,12.644,10.904,10.055,13.150,14.490,14.904,16.564,16.989
10.017,6.240,7.212,5.830,7.587,11.794,12.855,10.174,12.313,9.381,0.000,9.717,11.388,13.140,13.648,12.175,12.024,12.912,14.258,13.477,13.182,15.952,17.174,17.279,17.574,17.764
9.940,7.540,5.518,7.268,6.116,10.747,11.540,10.467,12.039,9.419,9.717,0.000,9.568,10.719,10.608,7.925,7.624,8.509,10.068,9.669,10.417,12.670,14.120,14.990,16.213,16.714
10.139,7.727,8.415,10.832,10.492,15.182,15.576,14.107,15.342,11.944,11.388,9.568,0.000,8.738,9.776,8.693,9.494,10.858,11.996,12.178,13.378,15.315,16.575,17.156,17.753,17.974
11.173,9.626,8.909,12.386,11.932,15.347,16.596,16.204,17.501,13.951,13.140,10.719,8.738,0.000,9.010,9.659,9.192,10.013,12.237,12.479,12.999,14.465,16.085,16.698,17.223,17.919
13.278,12.072,11.060,14.718,12.960,16.002,16.429,16.555,18.108,14.574,13.648,10.608,9.776,9.010,0.000,9.698,10.309,8.915,10.076,11.836,13.039,13.710,15.102,16.257,16.788,17.375
13.362,11.902,10.081,12.936,10.351,14.456,14.122,13.643,16.043,11.919,12.175,7.925,8.693,9.659,9.698,0.000,8.023,9.206,8.055,8.552,11.276,12.275,13.046,14.483,16.073,16.674
13.079,11.420,8.809,11.806,9.325,12.494,12.617,12.683,15.230,11.653,12.024,7.624,9.494,9.192,10.309,8.023,0.000,7.449,9.364,7.782,8.776,11.374,12.484,13.249,14.620,15.979
13.878,12.521,9.085,12.192,9.095,11.446,11.562,12.723,15.377,12.080,12.912,8.509,10.858,10.013,8.915,9.206,7.449,0.000,7.001,8.696,7.810,8.600,11.252,12.588,13.412,14.690
15.443,14.342,11.524,14.221,10.451,13.300,12.458,12.965,16.039,12.644,14.258,10.068,11.996,12.237,10.076,8.055,9.364,7.001,0.000,6.425,8.738,8.016,9.080,11.759,13.149,13.873
15.728,14.614,11.871,13.134,8.974,12.096,10.699,10.879,14.067,10.904,13.477,9.669,12.178,12.479,11.836,8.552,7.782,8.696,6.425,0.000,6.615,8.575,8.349,10.035,12.194,13.621
15.970,14.563,11.525,11.751,7.498,8.722,6.752,8.289,11.975,10.055,13.182,10.417,13.378,12.999,13.039,11.276,8.776,7.810,8.738,6.615,0.000,6.553,8.256,8.856,10.441,12.303
17.140,16.670,13.731,14.596,10.418,11.153,9.154,11.454,15.115,13.150,15.952,12.670,15.315,14.465,13.710,12.275,11.374,8.600,8.016,8.575,6.553,0.000,6.433,8.430,9.130,10.784
17.788,17.700,15.373,16.200,12.006,12.311,10.087,12.413,15.766,14.490,17.174,14.120,16.575,16.085,15.102,13.046,12.484,11.252,9.080,8.349,8.256,6.433,0.000,6.250,8.110,9.525
17.652,17.829,15.951,16.158,12.508,11.983,10.088,12.458,15.429,14.904,17.279,14.990,17.156,16.698,16.257,14.483,13.249,12.588,11.759,10.035,8.856,8.430,6.250,0.000,6.640,9.009
17.604,17.915,16.722,16.707,14.269,13.153,12.332,14.586,16.632,16.564,17.574,16.213,17.753,17.223,16.788,16.073,14.620,13.412,13.149,12.194,10.441,9.130,8.110,6.640,0.000,7.554
17.307,17.595,16.970,16.892,15.274,14.216,13.681,15.452,16.963,16.989,17.764,16.714,17.974,17.919,17.375,16.674,15.979,14.690,13.873,13.621,12.303,10.784,9.525,9.009,7.554,0.000