c1,c2,c3,c4,c5,c6,c7,c8,c9,c10,c11,c12,c13,c14,c15,c16,c17,c18,c19,c20,c21,c22,c23,c24,c25,c26
0.000,6.062,7.232,9.305,11.535,13.809,15.161,13.693,13.580,14.408,13.810,12.985,14.094,14.211,14.643,13.933,14.016,14.360,14.766,14.558,15.041,15.654,15.948,15.758,16.035,16.014
6.062,0.000,5.745,7.773,10.147,12.575,14.408,12.776,11.994,13.223,12.910,11.876,13.170,14.108,14.430,13.851,13.643,14.468,15.105,14.601,15.080,15.978,16.196,15.969,16.098,16.230
7.232,5.745,0.000,5.740,7.428,9.654,11.499,10.521,10.265,11.531,11.692,10.757,12.601,13.961,14.512,13.437,13.403,13.933,14.265,13.607,14.111,15.154,15.626,15.357,15.818,16.116
9.305,7.773,5.740,0.000,5.694,7.868,9.639,8.930,8.223,10.590,10.945,10.559,13.232,14.679,15.435,14.993,14.683,15.308,15.561,14.756,15.112,16.322,16.397,16.116,16.255,16.441
11.535,10.147,7.428,5.694,0.000,5.761,6.488,5.756,6.306,8.084,8.956,8.577,11.575,13.428,13.951,13.078,14.197,14.355,14.148,13.275,14.208,15.097,15.531,15.400,15.702,16.074
13.809,12.575,9.654,7.868,5.761,0.000,5.539,7.627,6.967,8.671,10.923,11.270,13.400,15.042,15.862,15.127,15.384,16.743,16.479,14.947,14.835,16.322,16.104,15.570,15.706,16.308
15.161,14.408,11.499,9.639,6.488,5.539,0.000,5.367,7.591,8.044,9.869,11.248,13.706,14.616,15.014,14.726,15.112,15.894,16.720,14.944,14.929,16.075,16.167,15.804,16.072,16.276
13.693,12.776,10.521,8.930,5.756,7.627,5.367,0.000,5.689,7.369,8.427,9.126,12.536,14.109,14.077,13.239,14.271,15.386,15.713,15.425,15.018,16.292,16.312,16.120,16.394,16.434
13.580,11.994,10.265,8.223,6.306,6.967,7.591,5.689,0.000,5.802,8.100,8.417,10.884,13.386,14.048,12.475,13.242,15.049,15.562,15.185,16.167,16.788,16.721,16.387,16.675,16.557
14.408,13.223,11.531,10.590,8.084,8.671,8.044,7.369,5.802,0.000,6.575,7.976,9.406,11.564,12.960,11.792,12.152,13.928,14.784,14.428,15.600,17.321,16.995,16.844,16.870,16.838
13.810,12.910,11.692,10.945,8.956,10.923,9.869,8.427,8.100,6.575,0.000,6.767,8.390,10.112,10.679,10.465,11.566,12.813,13.526,13.907,15.329,16.581,17.566,17.007,17.085,16.845
12.985,11.876,10.757,10.559,8.577,11.270,11.248,9.126,8.417,7.976,6.767,0.000,6.622,8.691,8.657,7.458,8.955,10.844,11.023,11.292,13.307,14.742,15.525,16.244,16.180,16.467
14.094,13.170,12.601,13.232,11.575,13.400,13.706,12.536,10.884,9.406,8.390,6.622,0.000,6.386,7.240,7.281,8.177,10.308,11.007,11.437,12.991,14.746,15.866,16.809,17.294,17.018
14.211,14.108,13.961,14.679,13.428,15.042,14.616,14.109,13.386,11.564,10.112,8.691,6.386,0.000,6.315,7.731,7.281,8.106,10.397,11.189,11.489,13.040,15.414,16.140,16.527,17.123
14.643,14.430,14.512,15.435,13.951,15.862,15.014,14.077,14.048,12.960,10.679,8.657,7.240,6.315,0.000,6.444,7.776,7.184,7.607,10.303,11.331,11.487,13.273,15.399,15.803,16.386
13.933,13.851,13.437,14.993,13.078,15.127,14.726,13.239,12.475,11.792,10.465,7.458,7.281,7.731,6.444,0.000,6.102,7.640,6.385,7.125,10.162,11.176,11.722,13.506,14.765,15.356
14.016,13.643,13.403,14.683,14.197,15.384,15.112,14.271,13.242,12.152,11.566,8.955,8.177,7.281,7.776,6.102,0.000,5.778,7.572,6.311,7.176,10.101,11.445,12.336,13.202,14.639
14.360,14.468,13.933,15.308,14.355,16.743,15.894,15.386,15.049,13.928,12.813,10.844,10.308,8.106,7.184,7.640,5.778,0.000,5.843,7.484,6.162,6.857,10.172,11.399,11.922,13.131
14.766,15.105,14.265,15.561,14.148,16.479,16.720,15.713,15.562,14.784,13.526,11.023,11.007,10.397,7.607,6.385,7.572,5.843,0.000,5.931,7.473,6.361,7.409,10.126,11.052,11.892
14.558,14.601,13.607,14.756,13.275,14.947,14.944,15.425,15.185,14.428,13.907,11.292,11.437,11.189,10.303,7.125,6.311,7.484,5.931,0.000,5.679,7.596,6.699,8.299,9.750,10.946
15.041,15.080,14.111,15.112,14.208,14.835,14.929,15.018,16.167,15.600,15.329,13.307,12.991,11.489,11.331,10.162,7.176,6.162,7.473,5.679,0.000,5.592,7.564,7.795,8.827,10.214
15.654,15.978,15.154,16.322,15.097,16.322,16.075,16.292,16.788,17.321,16.581,14.742,14.746,13.040,11.487,11.176,10.101,6.857,6.361,7.596,5.592,0.000,5.597,7.305,8.256,9.553
15.948,16.196,15.626,16.397,15.531,16.104,16.167,16.312,16.721,16.995,17.566,15.525,15.866,15.414,13.273,11.722,11.445,10.172,7.409,6.699,7.564,5.597,0.000,5.869,7.375,8.780
15.758,15.969,15.357,16.116,15.400,15.570,15.804,16.120,16.387,16.844,17.007,16.244,16.809,16.140,15.399,13.506,12.336,11.399,10.126,8.299,7.795,7.305,5.869,0.000,5.848,7.871
16.035,16.098,15.818,16.255,15.702,15.706,16.072,16.394,16.675,16.870,17.085,16.180,17.294,16.527,15.803,14.765,13.202,11.922,11.052,9.750,8.827,8.256,7.375,5.848,0.000,6.159
16.014,16.230,16.116,16.441,16.074,16.308,16.276,16.434,16.557,16.838,16.845,16.467,17.018,17.123,16.386,15.356,14.639,13.131,11.892,10.946,10.214,9.553,8.780,7.871,6.159,0.000