c1,c2,c3,c4,c5,c6,c7,c8,c9,c10,c11,c12,c13,c14,c15,c16,c17,c18,c19,c20,c21,c22,c23,c24,c25,c26
0.000,6.845,8.183,10.873,13.693,15.163,17.640,16.912,15.378,13.959,10.058,9.991,10.103,11.075,13.164,13.455,13.101,13.850,15.529,15.889,16.137,17.364,17.877,17.698,17.680,17.295
6.845,0.000,6.278,8.351,11.409,13.552,16.126,14.578,12.536,10.616,6.184,7.491,7.597,9.469,11.917,11.915,11.368,12.413,14.341,14.618,14.619,16.886,17.839,17.900,17.998,17.563
8.183,6.278,0.000,6.157,8.488,9.877,12.852,12.525,11.450,9.881,7.208,5.510,8.389,8.803,10.852,10.063,8.732,8.921,11.477,11.845,11.541,13.846,15.469,16.094,16.836,16.889
10.873,8.351,6.157,0.000,6.396,7.723,9.940,8.941,6.261,7.020,5.829,7.276,10.855,12.365,14.668,13.025,11.784,12.092,14.268,13.154,11.772,14.731,16.268,16.248,16.781,16.824
13.693,11.409,8.488,6.396,0.000,6.424,5.955,4.915,6.785,4.934,7.577,6.104,10.513,11.937,12.894,10.437,9.266,8.912,10.422,8.806,7.413,10.394,12.099,12.709,14.380,15.201
15.163,13.552,9.877,7.723,6.424,0.000,7.697,8.353,7.845,9.816,11.783,10.744,15.199,15.361,15.936,14.515,12.522,11.290,13.291,12.072,8.618,11.139,12.308,12.183,13.177,14.176
17.640,16.126,12.852,9.940,5.955,7.697,0.000,5.188,8.092,8.988,12.858,11.515,15.605,16.621,16.414,14.235,12.608,11.392,12.410,10.539,6.540,8.945,9.942,10.163,12.193,13.565
16.912,14.578,12.525,8.941,4.915,8.353,5.188,0.000,6.248,5.296,10.163,10.458,14.110,16.208,16.579,13.768,12.710,12.534,12.956,10.869,8.113,11.254,12.329,12.543,14.616,15.341
15.378,12.536,11.450,6.261,6.785,7.845,8.092,6.248,0.000,8.499,12.200,11.987,15.344,17.497,18.101,16.137,15.229,15.227,16.087,13.994,11.856,14.990,15.728,15.440,16.613,16.837
13.959,10.616,9.881,7.020,4.934,9.816,8.988,5.296,8.499,0.000,9.191,9.236,11.886,13.920,14.557,12.007,11.564,11.911,12.693,10.799,9.961,13.025,14.520,15.048,16.551,16.836
10.058,6.184,7.208,5.829,7.577,11.783,12.858,10.163,12.200,9.191,0.000,9.563,11.252,13.021,13.627,12.251,11.992,12.745,14.315,13.508,13.134,15.915,17.243,17.277,17.567,17.659
9.991,7.491,5.510,7.276,6.104,10.744,11.515,10.458,11.987,9.236,9.563,0.000,9.345,10.565,10.601,7.976,7.602,8.310,10.112,9.698,10.421,12.661,14.316,15.232,16.294,16.714
10.103,7.597,8.389,10.855,10.513,15.199,15.605,14.110,15.344,11.886,11.252,9.345,0.000,8.703,9.875,8.793,9.512,10.869,12.151,12.312,13.505,15.383,16.805,17.232,17.796,17.926
11.075,9.469,8.803,12.365,11.937,15.361,16.621,16.208,17.497,13.920,13.021,10.565,8.703,0.000,8.935,9.563,9.323,10.112,12.437,12.688,13.288,14.680,16.295,16.782,17.375,17.845
13.164,11.917,10.852,14.668,12.894,15.936,16.414,16.579,18.101,14.557,13.627,10.601,9.875,8.935,0.000,9.682,10.335,9.157,10.397,12.094,13.381,14.094,15.510,16.380,16.958,17.437
13.455,11.915,10.063,13.025,10.437,14.515,14.235,13.768,16.137,12.007,12.251,7.976,8.793,9.563,9.682,0.000,7.909,9.200,8.182,8.765,11.515,12.493,13.501,14.682,16.182,16.691
13.101,11.368,8.732,11.784,9.266,12.522,12.608,12.710,15.229,11.564,11.992,7.602,9.512,9.323,10.335,7.909,0.000,7.390,9.358,7.971,9.183,11.711,12.906,13.641,14.917,16.044
13.850,12.413,8.921,12.092,8.912,11.290,11.392,12.534,15.227,11.911,12.745,8.310,10.869,10.112,9.157,9.200,7.390,0.000,6.939,8.724,8.018,8.954,11.591,12.846,13.670,14.659
15.529,14.341,11.477,14.268,10.422,13.291,12.410,12.956,16.087,12.693,14.315,10.112,12.151,12.437,10.397,8.182,9.358,6.939,0.000,6.473,8.813,8.262,9.618,12.081,13.441,14.045
15.889,14.618,11.845,13.154,8.806,12.072,10.539,10.869,13.994,10.799,13.508,9.698,12.312,12.688,12.094,8.765,7.971,8.724,6.473,0.000,6.620,8.703,8.764,10.550,12.656,13.830
16.137,14.619,11.541,11.772,7.413,8.618,6.540,8.113,11.856,9.961,13.134,10.421,13.505,13.288,13.381,11.515,9.183,8.018,8.813,6.620,0.000,6.644,8.300,9.021,10.759,12.264
17.364,16.886,13.846,14.731,10.394,11.139,8.945,11.254,14.990,13.025,15.915,12.661,15.383,14.680,14.094,12.493,11.711,8.954,8.262,8.703,6.644,0.000,6.638,8.543,9.409,10.870
17.877,17.839,15.469,16.268,12.099,12.308,9.942,12.329,15.728,14.520,17.243,14.316,16.805,16.295,15.510,13.501,12.906,11.591,9.618,8.764,8.300,6.638,0.000,6.467,8.199,9.513
17.698,17.900,16.094,16.248,12.709,12.183,10.163,12.543,15.440,15.048,17.277,15.232,17.232,16.782,16.380,14.682,13.641,12.846,12.081,10.550,9.021,8.543,6.467,0.000,7.026,9.264
17.680,17.998,16.836,16.781,14.380,13.177,12.193,14.616,16.613,16.551,17.567,16.294,17.796,17.375,16.958,16.182,14.917,13.670,13.441,12.656,10.759,9.409,8.199,7.026,0.000,7.738
17.295,17.563,16.889,16.824,15.201,14.176,13.565,15.341,16.837,16.836,17.659,16.714,17.926,17.845,17.437,16.691,16.044,14.659,14.045,13.830,12.264,10.870,9.513,9.264,7.738,0.000