c1,c2,c3,c4,c5,c6,c7,c8,c9,c10,c11,c12,c13,c14,c15,c16,c17,c18,c19,c20,c21,c22,c23,c24,c25,c26
0.000,6.276,7.346,9.529,11.701,14.239,15.276,13.444,13.183,14.306,13.431,12.769,14.205,14.449,15.112,14.645,14.436,14.214,14.555,14.237,14.166,14.612,14.878,14.957,15.260,15.533
6.276,0.000,5.938,7.827,10.314,12.904,14.304,12.535,11.670,13.281,12.442,11.628,13.502,14.437,15.213,14.550,14.338,13.962,14.582,14.096,13.839,14.637,14.793,14.969,15.223,15.571
7.346,5.938,0.000,5.825,7.260,9.969,11.448,10.144,9.681,11.357,11.097,10.668,12.680,14.097,14.822,13.875,13.843,13.275,13.909,13.265,13.020,14.080,14.359,14.377,14.971,15.465
9.529,7.827,5.825,0.000,5.772,8.253,10.161,9.307,8.340,11.186,11.269,11.017,13.758,15.133,16.028,15.186,15.198,14.354,15.041,14.042,13.588,14.847,15.006,14.977,15.479,15.908
11.701,10.314,7.260,5.772,0.000,5.833,6.465,5.759,6.319,8.235,8.887,8.940,11.987,13.631,14.546,13.546,14.189,13.634,14.049,13.016,12.394,14.046,14.334,14.304,15.062,15.729
14.239,12.904,9.969,8.253,5.833,0.000,5.466,7.770,7.115,8.915,11.033,11.413,13.650,15.164,16.075,15.154,15.579,15.176,15.593,14.341,13.424,14.676,14.708,14.482,14.935,15.773
15.276,14.304,11.448,10.161,6.465,5.466,0.000,5.419,7.521,8.047,9.825,11.400,13.799,14.918,15.451,14.664,15.004,14.652,15.222,13.656,12.963,14.334,14.562,14.404,15.237,15.780
13.444,12.535,10.144,9.307,5.759,7.770,5.419,0.000,5.685,7.312,8.286,9.137,12.502,14.213,14.570,13.328,14.173,13.834,14.425,13.370,12.866,14.337,14.585,14.580,15.497,15.896
13.183,11.670,9.681,8.340,6.319,7.115,7.521,5.685,0.000,5.803,7.896,8.406,11.015,13.523,14.196,12.615,13.580,13.650,14.736,13.887,13.628,14.885,15.288,15.106,15.681,16.062
14.306,13.281,11.357,11.186,8.235,8.915,8.047,7.312,5.803,0.000,6.142,7.705,9.205,11.478,12.800,11.546,12.704,13.240,14.558,13.868,13.960,15.478,15.857,15.657,16.120,16.420
13.431,12.442,11.097,11.269,8.887,11.033,9.825,8.286,7.896,6.142,0.000,6.438,8.094,10.161,11.125,10.218,11.660,12.261,13.470,13.009,13.597,15.217,15.679,15.588,16.219,16.481
12.769,11.628,10.668,11.017,8.940,11.413,11.400,9.137,8.406,7.705,6.438,0.000,6.517,8.622,9.387,8.143,9.966,11.125,12.206,11.615,12.375,13.704,14.361,14.656,15.540,15.979
14.205,13.502,12.680,13.758,11.987,13.650,13.799,12.502,11.015,9.205,8.094,6.517,0.000,6.389,7.330,7.462,9.755,11.716,13.355,12.844,13.475,14.979,15.667,15.769,16.517,16.570
14.449,14.437,14.097,15.133,13.631,15.164,14.918,14.213,13.523,11.478,10.161,8.622,6.389,0.000,6.054,7.779,9.760,11.329,13.426,13.099,13.422,14.819,15.921,15.972,16.456,16.821
15.112,15.213,14.822,16.028,14.546,16.075,15.451,14.570,14.196,12.800,11.125,9.387,7.330,6.054,0.000,6.243,8.350,10.661,11.911,12.280,13.687,14.566,15.571,16.150,16.761,17.061
14.645,14.550,13.875,15.186,13.546,15.154,14.664,13.328,12.615,11.546,10.218,8.143,7.462,7.779,6.243,0.000,6.226,8.565,9.693,9.439,11.914,13.174,14.087,14.595,15.651,16.197
14.436,14.338,13.843,15.198,14.189,15.579,15.004,14.173,13.580,12.704,11.660,9.966,9.755,9.760,8.350,6.226,0.000,6.233,7.341,7.287,9.356,11.452,13.017,13.696,14.548,15.429
14.214,13.962,13.275,14.354,13.634,15.176,14.652,13.834,13.650,13.240,12.261,11.125,11.716,11.329,10.661,8.565,6.233,0.000,5.998,7.422,7.606,9.056,11.877,12.985,13.437,14.420
14.555,14.582,13.909,15.041,14.049,15.593,15.222,14.425,14.736,14.558,13.470,12.206,13.355,13.426,11.911,9.693,7.341,5.998,0.000,5.862,7.586,8.079,9.939,12.127,13.480,14.084
14.237,14.096,13.265,14.042,13.016,14.341,13.656,13.370,13.887,13.868,13.009,11.615,12.844,13.099,12.280,9.439,7.287,7.422,5.862,0.000,5.839,7.623,8.693,10.330,12.716,13.893
14.166,13.839,13.020,13.588,12.394,13.424,12.963,12.866,13.628,13.960,13.597,12.375,13.475,13.422,13.687,11.914,9.356,7.606,7.586,5.839,0.000,5.911,7.571,8.460,10.431,12.601
14.612,14.637,14.080,14.847,14.046,14.676,14.334,14.337,14.885,15.478,15.217,13.704,14.979,14.819,14.566,13.174,11.452,9.056,8.079,7.623,5.911,0.000,5.789,7.637,8.889,10.633
14.878,14.793,14.359,15.006,14.334,14.708,14.562,14.585,15.288,15.857,15.679,14.361,15.667,15.921,15.571,14.087,13.017,11.877,9.939,8.693,7.571,5.789,0.000,5.714,7.532,9.120
14.957,14.969,14.377,14.977,14.304,14.482,14.404,14.580,15.106,15.657,15.588,14.656,15.769,15.972,16.150,14.595,13.696,12.985,12.127,10.330,8.460,7.637,5.714,0.000,5.799,7.701
15.260,15.223,14.971,15.479,15.062,14.935,15.237,15.497,15.681,16.120,16.219,15.540,16.517,16.456,16.761,15.651,14.548,13.437,13.480,12.716,10.431,8.889,7.532,5.799,0.000,6.056
15.533,15.571,15.465,15.908,15.729,15.773,15.780,15.896,16.062,16.420,16.481,15.979,16.570,16.821,17.061,16.197,15.429,14.420,14.084,13.893,12.601,10.633,9.120,7.701,6.056,0.000