c1,c2,c3,c4,c5,c6,c7,c8,c9,c10,c11,c12,c13,c14,c15,c16,c17,c18,c19,c20,c21,c22,c23,c24,c25,c26
0.000,6.952,8.108,10.768,13.549,15.057,17.571,16.874,15.206,13.811,9.988,9.895,10.090,11.283,13.372,13.334,13.195,13.794,15.287,15.691,15.981,16.981,17.697,17.511,17.538,17.190
6.952,0.000,6.271,8.372,11.412,13.567,16.172,14.642,12.549,10.672,6.323,7.563,7.878,9.849,12.268,11.914,11.569,12.383,14.104,14.627,14.606,16.468,17.576,17.643,17.817,17.449
8.108,6.271,0.000,6.164,8.403,9.886,12.854,12.609,11.393,9.879,7.206,5.475,8.410,9.090,11.196,10.081,9.002,8.894,11.276,11.879,11.621,13.651,15.348,15.653,16.443,16.617
10.768,8.372,6.164,0.000,6.414,7.687,9.944,8.927,6.188,6.992,5.842,7.236,10.880,12.588,14.967,13.079,12.245,12.086,13.974,13.284,11.737,14.532,16.133,15.913,16.478,16.581
13.549,11.412,8.403,6.414,0.000,6.390,5.969,4.919,6.791,4.949,7.596,6.111,10.512,12.117,13.192,10.467,9.637,9.039,10.134,9.045,7.322,10.331,11.835,11.965,13.785,14.688
15.057,13.567,9.886,7.687,6.390,0.000,7.524,8.357,7.866,9.832,11.827,10.736,15.244,15.549,16.225,14.504,12.936,11.307,13.013,12.204,8.856,11.212,12.293,11.802,12.976,13.696
17.571,16.172,12.854,9.944,5.969,7.524,0.000,5.206,8.093,9.006,12.878,11.571,15.621,16.831,16.667,14.264,12.907,11.509,12.262,10.666,6.664,9.099,9.947,9.516,11.829,13.028
16.874,14.642,12.609,8.927,4.919,8.357,5.206,0.000,6.328,5.373,10.232,10.536,14.189,16.421,16.900,13.985,13.044,12.742,12.861,10.989,8.153,11.316,12.354,11.899,14.144,15.023
15.206,12.549,11.393,6.188,6.791,7.866,8.093,6.328,0.000,8.847,12.446,12.056,15.371,17.593,18.238,16.323,15.577,15.252,15.875,14.287,11.966,15.010,15.857,15.094,16.562,16.732
13.811,10.672,9.879,6.992,4.949,9.832,9.006,5.373,8.847,0.000,9.763,9.613,11.982,14.029,14.769,12.179,11.916,11.876,12.420,11.058,9.873,12.987,14.333,14.313,16.286,16.605
9.988,6.323,7.206,5.842,7.596,11.827,12.878,10.232,12.446,9.763,0.000,9.991,11.413,13.186,13.773,12.338,12.278,12.826,14.027,13.699,13.057,15.785,17.192,16.915,17.502,17.547
9.895,7.563,5.475,7.236,6.111,10.736,11.571,10.536,12.056,9.613,9.991,0.000,9.618,10.631,10.667,8.048,7.669,8.240,9.839,9.774,10.233,12.496,14.056,14.365,15.760,16.268
10.090,7.878,8.410,10.880,10.512,15.244,15.621,14.189,15.371,11.982,11.413,9.618,0.000,8.762,9.769,8.498,9.524,10.844,12.075,12.476,13.518,15.298,16.589,16.907,17.631,17.777
11.283,9.849,9.090,12.588,12.117,15.549,16.831,16.421,17.593,14.029,13.186,10.631,8.762,0.000,8.926,9.588,9.389,10.037,12.241,12.738,13.147,14.486,16.097,16.523,17.119,17.803
13.372,12.268,11.196,14.967,13.192,16.225,16.667,16.900,18.238,14.769,13.773,10.667,9.769,8.926,0.000,9.662,10.315,9.190,10.264,12.198,13.239,13.714,15.075,16.080,16.685,17.281
13.334,11.914,10.081,13.079,10.467,14.504,14.264,13.985,16.323,12.179,12.338,8.048,8.498,9.588,9.662,0.000,8.062,9.260,8.178,8.821,11.480,12.413,13.167,14.101,15.994,16.566
13.195,11.569,9.002,12.245,9.637,12.936,12.907,13.044,15.577,11.916,12.278,7.669,9.524,9.389,10.315,8.062,0.000,7.554,9.318,8.109,9.026,11.524,12.657,12.918,14.530,15.804
13.794,12.383,8.894,12.086,9.039,11.307,11.509,12.742,15.252,11.876,12.826,8.240,10.844,10.037,9.190,9.260,7.554,0.000,7.352,8.771,7.972,8.723,11.346,12.305,13.276,14.388
15.287,14.104,11.276,13.974,10.134,13.013,12.262,12.861,15.875,12.420,14.027,9.839,12.075,12.241,10.264,8.178,9.318,7.352,0.000,6.616,8.557,8.043,9.007,11.344,12.915,13.449
15.691,14.627,11.879,13.284,9.045,12.204,10.666,10.989,14.287,11.058,13.699,9.774,12.476,12.738,12.198,8.821,8.109,8.771,6.616,0.000,6.891,8.624,8.267,9.182,11.739,12.991
15.981,14.606,11.621,11.737,7.322,8.856,6.664,8.153,11.966,9.873,13.057,10.233,13.518,13.147,13.239,11.480,9.026,7.972,8.557,6.891,0.000,6.700,8.347,8.376,10.229,11.930
16.981,16.468,13.651,14.532,10.331,11.212,9.099,11.316,15.010,12.987,15.785,12.496,15.298,14.486,13.714,12.413,11.524,8.723,8.043,8.624,6.700,0.000,6.433,8.201,9.192,10.667
17.697,17.576,15.348,16.133,11.835,12.293,9.947,12.354,15.857,14.333,17.192,14.056,16.589,16.097,15.075,13.167,12.657,11.346,9.007,8.267,8.347,6.433,0.000,6.548,8.168,9.521
17.511,17.643,15.653,15.913,11.965,11.802,9.516,11.899,15.094,14.313,16.915,14.365,16.907,16.523,16.080,14.101,12.918,12.305,11.344,9.182,8.376,8.201,6.548,0.000,6.753,9.243
17.538,17.817,16.443,16.478,13.785,12.976,11.829,14.144,16.562,16.286,17.502,15.760,17.631,17.119,16.685,15.994,14.530,13.276,12.915,11.739,10.229,9.192,8.168,6.753,0.000,7.631
17.190,17.449,16.617,16.581,14.688,13.696,13.028,15.023,16.732,16.605,17.547,16.268,17.777,17.803,17.281,16.566,15.804,14.388,13.449,12.991,11.930,10.667,9.521,9.243,7.631,0.000