c1,c2,c3,c4,c5,c6,c7,c8,c9,c10,c11,c12,c13,c14,c15,c16,c17,c18,c19,c20,c21,c22,c23,c24,c25,c26
0.000,7.251,8.316,10.891,13.632,15.159,17.561,16.897,15.378,13.865,10.054,10.080,10.259,11.144,13.466,13.411,12.749,13.865,15.610,15.413,15.520,17.080,17.881,17.360,17.380,17.478
7.251,0.000,6.516,8.489,11.543,13.611,16.184,14.653,12.681,10.732,6.434,7.638,7.862,9.532,12.203,11.906,10.978,12.328,14.466,14.080,14.099,16.519,17.679,17.273,17.483,17.735
8.316,6.516,0.000,6.276,8.591,10.001,12.849,12.578,11.502,9.888,7.251,5.563,8.482,8.806,11.085,9.964,8.111,8.735,11.532,11.268,10.789,13.406,15.120,14.901,15.887,16.887
10.891,8.489,6.276,0.000,6.474,7.828,9.925,8.932,6.340,7.053,5.861,7.320,10.896,12.376,14.852,12.861,11.401,12.195,14.536,12.743,11.395,14.995,16.351,15.290,16.101,16.932
13.632,11.543,8.591,6.474,0.000,6.533,6.079,4.963,6.795,4.933,7.590,6.167,10.610,11.920,13.077,10.358,8.902,9.117,10.711,8.390,6.923,10.627,11.801,10.870,12.901,14.659
15.159,13.611,10.001,7.828,6.533,0.000,7.909,8.379,7.841,9.798,11.808,10.812,15.295,15.282,16.143,14.510,12.110,11.430,13.835,11.891,8.625,12.118,13.028,11.406,12.247,14.001
17.561,16.184,12.849,9.925,6.079,7.909,0.000,5.262,8.268,9.017,12.870,11.641,15.754,16.675,16.610,14.246,12.420,11.798,12.922,10.622,6.731,10.258,10.498,8.480,10.796,12.757
16.897,14.653,12.578,8.932,4.963,8.379,5.262,0.000,6.391,5.483,10.289,10.599,14.332,16.341,16.844,13.685,12.616,13.002,13.374,10.642,8.564,12.370,12.454,10.504,13.229,14.645
15.378,12.681,11.502,6.340,6.795,7.841,8.268,6.391,0.000,8.931,12.927,12.260,15.616,17.600,18.260,16.123,15.084,15.697,16.338,13.832,12.226,16.002,15.986,14.057,16.107,16.732
13.865,10.732,9.888,7.053,4.933,9.798,9.017,5.483,8.931,0.000,9.661,9.710,12.263,14.026,14.667,11.873,11.398,12.433,12.932,10.582,10.266,13.809,14.483,13.319,15.730,16.633
10.054,6.434,7.251,5.861,7.590,11.808,12.870,10.289,12.927,9.661,0.000,10.231,12.004,13.264,13.876,12.186,11.648,13.134,14.550,13.215,13.146,16.289,17.419,16.443,17.439,17.802
10.080,7.638,5.563,7.320,6.167,10.812,11.641,10.599,12.260,9.710,10.231,0.000,9.734,10.663,10.563,7.670,7.135,8.627,10.143,9.275,9.988,12.775,14.100,13.832,15.675,16.800
10.259,7.862,8.482,10.896,10.610,15.295,15.754,14.332,15.616,12.263,12.004,9.734,0.000,8.817,10.209,8.797,9.175,11.017,12.038,11.934,13.163,15.156,16.541,16.756,17.815,18.172
11.144,9.532,8.806,12.376,11.920,15.282,16.675,16.341,17.600,14.026,13.264,10.663,8.817,0.000,9.441,9.849,8.692,9.907,12.123,12.248,12.539,14.042,16.039,16.272,16.954,18.034
13.466,12.203,11.085,14.852,13.077,16.143,16.610,16.844,18.260,14.667,13.876,10.563,10.209,9.441,0.000,9.827,10.359,8.862,9.957,11.667,12.724,12.981,14.980,15.946,16.594,17.505
13.411,11.906,9.964,12.861,10.358,14.510,14.246,13.685,16.123,11.873,12.186,7.670,8.797,9.849,9.827,0.000,8.092,9.478,7.860,8.288,10.940,11.795,12.652,13.658,15.863,16.801
12.749,10.978,8.111,11.401,8.902,12.110,12.420,12.616,15.084,11.398,11.648,7.135,9.175,8.692,10.359,8.092,0.000,7.259,9.572,7.427,8.276,10.995,12.147,12.131,13.963,15.941
13.865,12.328,8.735,12.195,9.117,11.430,11.798,13.002,15.697,12.433,13.134,8.627,11.017,9.907,8.862,9.478,7.259,0.000,7.056,8.914,7.412,8.009,11.212,11.886,12.447,14.307
15.610,14.466,11.532,14.536,10.711,13.835,12.922,13.374,16.338,12.932,14.550,10.143,12.038,12.123,9.957,7.860,9.572,7.056,0.000,6.437,8.848,7.306,8.673,11.264,12.551,13.424
15.413,14.080,11.268,12.743,8.390,11.891,10.622,10.642,13.832,10.582,13.215,9.275,11.934,12.248,11.667,8.288,7.427,8.914,6.437,0.000,6.785,8.642,8.078,8.772,11.947,13.390
15.520,14.099,10.789,11.395,6.923,8.625,6.731,8.564,12.226,10.266,13.146,9.988,13.163,12.539,12.724,10.940,8.276,7.412,8.848,6.785,0.000,6.769,8.417,7.656,9.626,11.811
17.080,16.519,13.406,14.995,10.627,12.118,10.258,12.370,16.002,13.809,16.289,12.775,15.156,14.042,12.981,11.795,10.995,8.009,7.306,8.642,6.769,0.000,6.694,8.309,8.444,10.249
17.881,17.679,15.120,16.351,11.801,13.028,10.498,12.454,15.986,14.483,17.419,14.100,16.541,16.039,14.980,12.652,12.147,11.212,8.673,8.078,8.417,6.694,0.000,6.610,8.264,9.530
17.360,17.273,14.901,15.290,10.870,11.406,8.480,10.504,14.057,13.319,16.443,13.832,16.756,16.272,15.946,13.658,12.131,11.886,11.264,8.772,7.656,8.309,6.610,0.000,6.804,9.491
17.380,17.483,15.887,16.101,12.901,12.247,10.796,13.229,16.107,15.730,17.439,15.675,17.815,16.954,16.594,15.863,13.963,12.447,12.551,11.947,9.626,8.444,8.264,6.804,0.000,7.455
17.478,17.735,16.887,16.932,14.659,14.001,12.757,14.645,16.732,16.633,17.802,16.800,18.172,18.034,17.505,16.801,15.941,14.307,13.424,13.390,11.811,10.249,9.530,9.491,7.455,0.000