c1,c2,c3,c4,c5,c6,c7,c8,c9,c10,c11,c12,c13,c14,c15,c16,c17,c18,c19,c20,c21,c22,c23,c24,c25,c26
0.000,6.741,7.930,10.852,13.450,15.125,17.580,16.725,15.443,13.833,9.954,9.851,9.603,10.252,12.373,12.680,12.834,13.538,15.236,15.348,15.563,16.464,17.326,17.170,17.248,17.096
6.741,0.000,6.204,8.277,11.314,13.517,15.982,14.358,12.540,10.490,6.070,7.381,7.293,9.257,11.506,11.548,11.854,12.510,14.524,14.729,15.049,16.484,17.516,17.479,17.605,17.500
7.930,6.204,0.000,6.082,8.148,9.936,12.698,12.226,11.375,9.846,7.204,5.501,8.334,8.789,10.871,9.893,9.418,9.399,11.952,11.814,11.865,13.984,15.472,15.514,16.444,17.031
10.852,8.277,6.082,0.000,6.168,7.470,9.925,8.892,6.354,7.053,5.789,7.316,10.801,12.196,14.511,12.591,12.752,12.648,15.028,14.014,13.832,16.233,17.221,16.769,17.075,17.148
13.450,11.314,8.148,6.168,0.000,6.223,5.668,4.849,6.820,4.905,7.566,5.980,10.332,11.818,12.985,10.207,10.555,10.099,12.040,10.610,10.626,13.249,14.217,13.678,15.038,16.134
15.125,13.517,9.936,7.470,6.223,0.000,7.499,8.207,7.806,9.692,11.595,10.559,14.955,15.229,16.026,14.049,13.352,12.329,14.532,12.866,11.600,13.825,14.652,13.536,14.388,15.618
17.580,15.982,12.698,9.925,5.668,7.499,0.000,5.180,7.991,8.917,12.676,11.175,15.242,16.348,16.328,13.811,13.293,12.521,14.113,12.325,10.784,12.976,13.319,12.128,13.513,14.827
16.725,14.358,12.226,8.892,4.849,8.207,5.180,0.000,5.943,5.105,10.013,10.090,13.795,15.971,16.330,13.237,13.182,13.248,14.470,12.844,12.032,14.332,14.583,13.248,14.892,15.420
15.443,12.540,11.375,6.354,6.820,7.806,7.991,5.943,0.000,7.634,11.183,11.548,15.062,17.370,17.930,15.494,15.460,15.768,17.010,15.487,14.945,17.059,16.975,15.753,16.863,16.733
13.833,10.490,9.846,7.053,4.905,9.692,8.917,5.105,7.634,0.000,8.563,8.571,11.249,13.668,14.258,11.368,11.962,12.382,13.781,12.545,12.984,15.365,15.759,15.258,16.616,16.960
9.954,6.070,7.204,5.789,7.566,11.595,12.676,10.013,11.183,8.563,0.000,9.148,10.812,12.506,13.004,11.192,11.874,12.672,14.468,14.205,14.951,16.734,17.644,17.271,17.696,17.706
9.851,7.381,5.501,7.316,5.980,10.559,11.175,10.090,11.548,8.571,9.148,0.000,8.874,10.322,9.900,7.227,7.828,8.597,10.494,10.429,11.485,13.497,14.567,15.014,16.472,17.150
9.603,7.293,8.334,10.801,10.332,14.955,15.242,13.795,15.062,11.249,10.812,8.874,0.000,8.182,8.829,7.750,9.034,10.292,11.643,12.068,13.267,14.776,16.015,16.883,18.098,18.115
10.252,9.257,8.789,12.196,11.818,15.229,16.348,15.971,17.370,13.668,12.506,10.322,8.182,0.000,8.268,8.637,8.164,9.232,11.231,11.810,12.147,13.428,15.479,16.093,16.908,17.992
12.373,11.506,10.871,14.511,12.985,16.026,16.328,16.330,17.930,14.258,13.004,9.900,8.829,8.268,0.000,8.027,9.086,8.011,8.872,10.897,11.968,11.912,13.704,15.574,16.295,17.078
12.680,11.548,9.893,12.591,10.207,14.049,13.811,13.237,15.494,11.368,11.192,7.227,7.750,8.637,8.027,0.000,7.109,8.703,7.164,7.708,10.528,11.225,11.576,13.272,15.590,16.413
12.834,11.854,9.418,12.752,10.555,13.352,13.293,13.182,15.460,11.962,11.874,7.828,9.034,8.164,9.086,7.109,0.000,6.459,8.555,6.770,7.700,10.397,11.545,11.941,13.850,15.721
13.538,12.510,9.399,12.648,10.099,12.329,12.521,13.248,15.768,12.382,12.672,8.597,10.292,9.232,8.011,8.703,6.459,0.000,6.280,8.157,6.595,7.244,10.389,11.553,12.114,13.888
15.236,14.524,11.952,15.028,12.040,14.532,14.113,14.470,17.010,13.781,14.468,10.494,11.643,11.231,8.872,7.164,8.555,6.280,0.000,6.011,8.064,6.635,7.472,10.606,12.000,12.606
15.348,14.729,11.814,14.014,10.610,12.866,12.325,12.844,15.487,12.545,14.205,10.429,12.068,11.810,10.897,7.708,6.770,8.157,6.011,0.000,6.103,8.027,7.018,8.326,11.513,12.734
15.563,15.049,11.865,13.832,10.626,11.600,10.784,12.032,14.945,12.984,14.951,11.485,13.267,12.147,11.968,10.528,7.700,6.595,8.064,6.103,0.000,6.114,7.813,7.224,9.041,11.340
16.464,16.484,13.984,16.233,13.249,13.825,12.976,14.332,17.059,15.365,16.734,13.497,14.776,13.428,11.912,11.225,10.397,7.244,6.635,8.027,6.114,0.000,6.111,7.770,8.001,9.602
17.326,17.516,15.472,17.221,14.217,14.652,13.319,14.583,16.975,15.759,17.644,14.567,16.015,15.479,13.704,11.576,11.545,10.389,7.472,7.018,7.813,6.111,0.000,6.083,7.752,8.649
17.170,17.479,15.514,16.769,13.678,13.536,12.128,13.248,15.753,15.258,17.271,15.014,16.883,16.093,15.574,13.272,11.941,11.553,10.606,8.326,7.224,7.770,6.083,0.000,6.131,8.360
17.248,17.605,16.444,17.075,15.038,14.388,13.513,14.892,16.863,16.616,17.696,16.472,18.098,16.908,16.295,15.590,13.850,12.114,12.000,11.513,9.041,8.001,7.752,6.131,0.000,6.660
17.096,17.500,17.031,17.148,16.134,15.618,14.827,15.420,16.733,16.960,17.706,17.150,18.115,17.992,17.078,16.413,15.721,13.888,12.606,12.734,11.340,9.602,8.649,8.360,6.660,0.000