c1,c2,c3,c4,c5,c6,c7,c8,c9,c10,c11,c12,c13,c14,c15,c16,c17,c18,c19,c20,c21,c22,c23,c24,c25,c26
0.000,6.621,7.857,10.673,13.372,15.079,17.514,16.680,15.262,13.810,9.824,9.771,9.408,10.566,12.532,12.611,12.900,13.471,15.017,15.197,15.408,16.336,17.293,17.289,17.226,17.242
6.621,0.000,6.140,8.196,11.217,13.478,15.905,14.332,12.516,10.485,6.003,7.412,7.300,9.508,11.610,11.627,12.030,12.449,14.373,14.703,14.906,16.182,17.342,17.507,17.458,17.601
7.857,6.140,0.000,6.030,8.185,9.899,12.686,12.227,11.331,9.861,7.179,5.353,8.134,9.066,11.029,10.023,9.799,9.401,11.808,11.912,11.890,13.828,15.369,15.843,16.460,17.209
10.673,8.196,6.030,0.000,6.127,7.440,9.922,8.866,6.330,7.000,5.783,7.236,10.704,12.420,14.496,12.855,13.095,12.512,14.767,14.179,13.727,15.755,16.961,17.009,17.041,17.323
13.372,11.217,8.185,6.127,0.000,6.117,5.688,4.822,6.820,4.909,7.573,5.940,10.301,12.041,13.166,10.680,11.032,10.296,12.001,10.951,10.486,12.877,14.025,14.130,15.137,16.224
15.079,13.478,9.899,7.440,6.117,0.000,7.222,8.203,7.852,9.704,11.611,10.459,14.881,15.504,16.039,14.223,13.688,12.096,14.083,13.004,11.468,13.162,14.167,13.692,14.163,15.386
17.514,15.905,12.686,9.922,5.688,7.222,0.000,5.151,7.977,8.911,12.682,11.154,15.244,16.554,16.396,14.141,13.738,12.222,13.686,12.368,10.448,12.188,12.853,12.543,13.525,14.921
16.680,14.332,12.227,8.866,4.822,8.203,5.151,0.000,6.020,5.067,10.022,10.173,13.882,16.172,16.457,13.702,13.633,13.025,14.385,13.101,11.880,13.926,14.500,14.067,15.144,15.863
15.262,12.516,11.331,6.330,6.820,7.852,7.977,6.020,0.000,7.652,11.316,11.670,15.005,17.443,17.911,15.810,15.828,15.502,16.865,15.608,15.052,16.842,16.736,16.205,16.928,16.980
13.810,10.485,9.861,7.000,4.909,9.704,8.911,5.067,7.652,0.000,8.761,9.184,11.399,13.803,14.424,11.994,12.523,12.211,13.766,12.693,12.991,15.172,15.711,15.821,16.687,17.115
9.824,6.003,7.179,5.783,7.573,11.611,12.682,10.022,11.316,8.761,0.000,9.228,10.626,12.411,13.042,11.679,12.288,12.490,14.389,14.268,14.836,16.494,17.363,17.425,17.502,17.679
9.771,7.412,5.353,7.236,5.940,10.459,11.154,10.173,11.670,9.184,9.228,0.000,9.264,10.489,10.255,7.962,8.269,8.358,10.654,10.497,11.324,13.236,14.402,14.967,16.154,16.867
9.408,7.300,8.134,10.704,10.301,14.881,15.244,13.882,15.005,11.399,10.626,9.264,0.000,8.433,9.003,8.266,9.374,10.339,11.911,12.060,13.299,14.728,15.915,16.874,17.757,17.884
10.566,9.508,9.066,12.420,12.041,15.504,16.554,16.172,17.443,13.803,12.411,10.489,8.433,0.000,8.272,8.924,8.628,9.344,11.540,11.912,12.374,13.538,15.431,16.222,16.975,17.867
12.532,11.610,11.029,14.496,13.166,16.039,16.396,16.457,17.911,14.424,13.042,10.255,9.003,8.272,0.000,7.985,9.033,8.121,9.211,11.037,12.203,12.080,13.687,15.686,16.497,17.160
12.611,11.627,10.023,12.855,10.680,14.223,14.141,13.702,15.810,11.994,11.679,7.962,8.266,8.924,7.985,0.000,7.182,8.607,7.486,7.920,10.694,11.365,11.693,13.481,15.515,16.419
12.900,12.030,9.799,13.095,11.032,13.688,13.738,13.633,15.828,12.523,12.288,8.269,9.374,8.628,9.033,7.182,0.000,6.537,8.616,6.999,7.912,10.457,11.551,12.177,13.812,15.751
13.471,12.449,9.401,12.512,10.296,12.096,12.222,13.025,15.502,12.211,12.490,8.358,10.339,9.344,8.121,8.607,6.537,0.000,6.359,8.081,6.867,7.431,10.437,11.777,12.169,14.021
15.017,14.373,11.808,14.767,12.001,14.083,13.686,14.385,16.865,13.766,14.389,10.654,11.911,11.540,9.211,7.486,8.616,6.359,0.000,6.056,8.162,6.723,7.580,10.743,12.037,12.676
15.197,14.703,11.912,14.179,10.951,13.004,12.368,13.101,15.608,12.693,14.268,10.497,12.060,11.912,11.037,7.920,6.999,8.081,6.056,0.000,6.190,8.010,7.131,8.589,11.448,12.664
15.408,14.906,11.890,13.727,10.486,11.468,10.448,11.880,15.052,12.991,14.836,11.324,13.299,12.374,12.203,10.694,7.912,6.867,8.162,6.190,0.000,6.050,7.788,7.558,9.082,11.356
16.336,16.182,13.828,15.755,12.877,13.162,12.188,13.926,16.842,15.172,16.494,13.236,14.728,13.538,12.080,11.365,10.457,7.431,6.723,8.010,6.050,0.000,5.895,7.771,8.043,9.632
17.293,17.342,15.369,16.961,14.025,14.167,12.853,14.500,16.736,15.711,17.363,14.402,15.915,15.431,13.687,11.693,11.551,10.437,7.580,7.131,7.788,5.895,0.000,5.776,7.647,8.496
17.289,17.507,15.843,17.009,14.130,13.692,12.543,14.067,16.205,15.821,17.425,14.967,16.874,16.222,15.686,13.481,12.177,11.777,10.743,8.589,7.558,7.771,5.776,0.000,5.866,8.173
17.226,17.458,16.460,17.041,15.137,14.163,13.525,15.144,16.928,16.687,17.502,16.154,17.757,16.975,16.497,15.515,13.812,12.169,12.037,11.448,9.082,8.043,7.647,5.866,0.000,6.442
17.242,17.601,17.209,17.323,16.224,15.386,14.921,15.863,16.980,17.115,17.679,16.867,17.884,17.867,17.160,16.419,15.751,14.021,12.676,12.664,11.356,9.632,8.496,8.173,6.442,0.000