c1,c2,c3,c4,c5,c6,c7,c8,c9,c10,c11,c12,c13,c14,c15,c16,c17,c18,c19,c20,c21,c22,c23,c24,c25,c26
0.000,7.088,8.372,11.195,13.902,15.365,17.785,17.098,15.648,14.113,10.088,10.083,9.735,10.406,12.774,13.255,13.178,13.796,15.406,15.793,16.110,17.235,17.738,17.444,17.495,17.264
7.088,0.000,6.447,8.473,11.475,13.592,16.086,14.504,12.515,10.520,6.031,7.437,7.255,9.087,11.731,11.784,11.687,12.378,14.183,14.498,14.522,16.740,17.723,17.523,17.689,17.443
8.372,6.447,0.000,6.164,8.444,9.865,12.782,12.420,11.472,9.874,7.221,5.557,8.441,8.662,10.961,10.137,9.180,8.789,11.291,11.755,11.431,13.697,15.367,15.666,16.355,16.706
11.195,8.473,6.164,0.000,6.361,7.676,9.926,8.923,6.268,7.058,5.831,7.326,10.897,12.348,14.877,13.172,12.433,11.978,14.096,13.265,11.690,14.750,16.229,15.866,16.373,16.697
13.902,11.475,8.444,6.361,0.000,6.345,5.807,4.897,6.778,4.948,7.584,6.098,10.603,11.988,13.149,10.736,10.078,8.814,10.317,8.910,7.010,10.282,11.948,12.001,13.852,15.102
15.365,13.592,9.865,7.676,6.345,0.000,7.959,8.335,7.850,9.845,11.782,10.744,15.221,15.420,16.154,14.552,13.073,11.097,13.001,11.967,8.588,11.239,12.182,11.526,12.690,14.025
17.785,16.086,12.782,9.926,5.807,7.959,0.000,5.201,8.118,8.992,12.878,11.489,15.623,16.683,16.542,14.285,13.096,11.096,12.110,10.345,6.259,8.856,9.665,9.002,11.546,13.276
17.098,14.504,12.420,8.923,4.897,8.335,5.201,0.000,6.277,5.442,10.173,10.436,14.115,16.160,16.798,13.925,13.448,12.320,12.812,10.849,8.092,11.255,12.193,11.552,14.078,15.353
15.648,12.515,11.472,6.268,6.778,7.850,8.118,6.277,0.000,8.772,12.074,11.834,15.294,17.421,18.161,16.290,15.944,15.023,15.951,14.046,11.720,14.956,15.673,14.597,16.281,16.793
14.113,10.520,9.874,7.058,4.948,9.845,8.992,5.442,8.772,0.000,9.272,9.123,11.852,13.896,14.675,12.204,12.316,11.840,12.770,11.144,10.001,13.110,14.551,14.408,16.259,17.018
10.088,6.031,7.221,5.831,7.584,11.782,12.878,10.173,12.074,9.272,0.000,9.886,11.235,13.020,13.722,12.456,12.725,12.837,14.406,13.759,12.982,15.887,17.226,16.694,17.342,17.760
10.083,7.437,5.557,7.326,6.098,10.744,11.489,10.436,11.834,9.123,9.886,0.000,9.627,10.429,10.631,8.134,8.263,8.380,10.160,9.923,10.236,12.600,14.423,14.607,15.975,16.814
9.735,7.255,8.441,10.897,10.603,15.221,15.623,14.115,15.294,11.852,11.235,9.627,0.000,9.007,9.860,9.099,10.244,11.352,12.672,12.852,13.708,15.646,17.025,16.855,17.549,17.966
10.406,9.087,8.662,12.348,11.988,15.420,16.683,16.160,17.421,13.896,13.020,10.429,9.007,0.000,9.165,9.547,9.821,10.784,12.896,13.157,13.645,15.076,16.606,16.539,17.290,17.918
12.774,11.731,10.961,14.877,13.149,16.154,16.542,16.798,18.161,14.675,13.722,10.631,9.860,9.165,0.000,10.055,10.444,10.373,11.506,12.847,13.988,14.834,16.129,16.365,17.080,17.793
13.255,11.784,10.137,13.172,10.736,14.552,14.285,13.925,16.290,12.204,12.456,8.134,9.099,9.547,10.055,0.000,8.281,9.662,8.944,9.604,12.069,12.981,14.208,14.597,16.268,17.135
13.178,11.687,9.180,12.433,10.078,13.073,13.096,13.448,15.944,12.316,12.725,8.263,10.244,9.821,10.444,8.281,0.000,7.783,9.575,8.710,10.356,12.358,13.676,13.868,15.190,16.613
13.796,12.378,8.789,11.978,8.814,11.097,11.096,12.320,15.023,11.840,12.837,8.380,11.352,10.784,10.373,9.662,7.783,0.000,7.672,8.875,8.509,9.620,12.258,12.839,14.022,15.480
15.406,14.183,11.291,14.096,10.317,13.001,12.110,12.812,15.951,12.770,14.406,10.160,12.672,12.896,11.506,8.944,9.575,7.672,0.000,6.734,8.913,8.446,10.206,11.993,13.518,14.856
15.793,14.498,11.755,13.265,8.910,11.967,10.345,10.849,14.046,11.144,13.759,9.923,12.852,13.157,12.847,9.604,8.710,8.875,6.734,0.000,7.104,8.738,9.177,10.176,12.659,14.340
16.110,14.522,11.431,11.690,7.010,8.588,6.259,8.092,11.720,10.001,12.982,10.236,13.708,13.645,13.988,12.069,10.356,8.509,8.913,7.104,0.000,7.036,8.544,8.655,10.790,12.978
17.235,16.740,13.697,14.750,10.282,11.239,8.856,11.255,14.956,13.110,15.887,12.600,15.646,15.076,14.834,12.981,12.358,9.620,8.446,8.738,7.036,0.000,6.593,8.094,9.446,11.829
17.738,17.723,15.367,16.229,11.948,12.182,9.665,12.193,15.673,14.551,17.226,14.423,17.025,16.606,16.129,14.208,13.676,12.258,10.206,9.177,8.544,6.593,0.000,6.813,8.307,10.524
17.444,17.523,15.666,15.866,12.001,11.526,9.002,11.552,14.597,14.408,16.694,14.607,16.855,16.539,16.365,14.597,13.868,12.839,11.993,10.176,8.655,8.094,6.813,0.000,6.843,9.628
17.495,17.689,16.355,16.373,13.852,12.690,11.546,14.078,16.281,16.259,17.342,15.975,17.549,17.290,17.080,16.268,15.190,14.022,13.518,12.659,10.790,9.446,8.307,6.843,0.000,7.970
17.264,17.443,16.706,16.697,15.102,14.025,13.276,15.353,16.793,17.018,17.760,16.814,17.966,17.918,17.793,17.135,16.613,15.480,14.856,14.340,12.978,11.829,10.524,9.628,7.970,0.000