c1,c2,c3,c4,c5,c6,c7,c8,c9,c10,c11,c12,c13,c14,c15,c16,c17,c18,c19,c20,c21,c22,c23,c24,c25,c26
0.000,6.956,8.245,10.949,13.618,15.172,17.560,16.827,15.426,13.915,9.993,9.892,9.794,10.508,12.849,12.944,13.092,13.839,15.345,15.634,16.060,17.375,17.846,17.700,17.641,17.326
6.956,0.000,6.395,8.432,11.404,13.544,16.085,14.535,12.589,10.566,6.083,7.429,7.486,9.171,11.828,11.421,11.541,12.542,14.237,14.479,14.610,16.994,17.844,17.886,17.927,17.591
8.245,6.395,0.000,6.143,8.458,9.844,12.802,12.443,11.460,9.868,7.204,5.519,8.357,8.738,11.225,9.648,8.888,8.942,11.347,11.704,11.401,13.958,15.360,15.953,16.824,17.050
10.949,8.432,6.143,0.000,6.348,7.661,9.953,8.920,6.332,7.038,5.818,7.317,10.924,12.353,14.906,12.555,12.164,12.152,13.939,12.891,11.656,14.848,16.100,16.134,16.874,17.079
13.618,11.404,8.458,6.348,0.000,6.390,5.883,4.904,6.779,4.926,7.557,6.098,10.573,12.140,13.380,10.218,9.794,9.048,10.205,8.520,7.082,10.561,11.949,12.383,14.280,15.305
15.172,13.544,9.844,7.661,6.390,0.000,7.625,8.360,7.873,9.811,11.771,10.720,15.250,15.462,16.392,14.216,12.828,11.390,13.142,11.767,8.573,11.504,12.183,11.787,13.181,14.159
17.560,16.085,12.802,9.953,5.883,7.625,0.000,5.238,8.147,8.980,12.865,11.545,15.584,16.773,16.737,13.990,12.974,11.410,12.227,10.382,6.515,9.185,9.834,9.670,12.210,13.471
16.827,14.535,12.443,8.920,4.904,8.360,5.238,0.000,6.285,5.328,10.173,10.503,14.175,16.399,16.879,13.415,13.227,12.584,12.667,10.801,8.295,11.534,12.276,12.275,14.610,15.333
15.426,12.589,11.460,6.332,6.779,7.873,8.147,6.285,0.000,8.431,12.103,11.890,15.323,17.585,18.242,15.743,15.684,15.178,15.785,13.928,11.853,15.154,15.583,15.237,16.686,16.890
13.915,10.566,9.868,7.038,4.926,9.811,8.980,5.328,8.431,0.000,8.950,9.059,11.753,14.009,14.708,11.594,12.063,11.924,12.493,10.936,10.124,13.286,14.471,14.830,16.572,16.905
9.993,6.083,7.204,5.818,7.557,11.771,12.865,10.173,12.103,8.950,0.000,9.449,11.131,13.184,13.607,11.579,12.408,12.776,14.181,13.413,13.033,16.066,17.062,17.138,17.580,17.700
9.892,7.429,5.519,7.317,6.098,10.720,11.545,10.503,11.890,9.059,9.449,0.000,9.180,10.364,10.385,7.368,7.823,8.206,9.992,9.593,10.321,12.799,14.171,14.936,16.186,16.712
9.794,7.486,8.357,10.924,10.573,15.250,15.584,14.175,15.323,11.753,11.131,9.180,0.000,8.634,9.176,7.985,9.641,10.871,12.136,12.257,13.524,15.472,16.702,17.029,17.579,17.869
10.508,9.171,8.738,12.353,12.140,15.462,16.773,16.399,17.585,14.009,13.184,10.364,8.634,0.000,9.055,9.331,9.530,10.564,12.738,12.740,13.602,15.159,16.648,16.919,17.298,17.839
12.849,11.828,11.225,14.906,13.380,16.392,16.737,16.879,18.242,14.708,13.607,10.385,9.176,9.055,0.000,9.477,10.239,9.720,10.923,12.159,13.704,14.598,16.045,16.693,17.114,17.630
12.944,11.421,9.648,12.555,10.218,14.216,13.990,13.415,15.743,11.594,11.579,7.368,7.985,9.331,9.477,0.000,7.927,8.891,8.303,8.891,11.553,12.530,13.573,14.621,16.150,16.760
13.092,11.541,8.888,12.164,9.794,12.828,12.974,13.227,15.684,12.063,12.408,7.823,9.641,9.530,10.239,7.927,0.000,7.339,9.106,8.146,9.642,11.900,13.112,13.657,14.938,16.240
13.839,12.542,8.942,12.152,9.048,11.390,11.410,12.584,15.178,11.924,12.776,8.206,10.871,10.564,9.720,8.891,7.339,0.000,7.186,8.542,8.145,9.253,11.866,12.885,13.666,15.004
15.345,14.237,11.347,13.939,10.205,13.142,12.227,12.667,15.785,12.493,14.181,9.992,12.136,12.738,10.923,8.303,9.106,7.186,0.000,6.465,8.658,8.152,9.704,12.096,13.416,14.390
15.634,14.479,11.704,12.891,8.520,11.767,10.382,10.801,13.928,10.936,13.413,9.593,12.257,12.740,12.159,8.891,8.146,8.542,6.465,0.000,6.848,8.503,8.986,10.510,12.776,14.176
16.060,14.610,11.401,11.656,7.082,8.573,6.515,8.295,11.853,10.124,13.033,10.321,13.524,13.602,13.704,11.553,9.642,8.145,8.658,6.848,0.000,6.797,8.325,8.834,10.727,12.599
17.375,16.994,13.958,14.848,10.561,11.504,9.185,11.534,15.154,13.286,16.066,12.799,15.472,15.159,14.598,12.530,11.900,9.253,8.152,8.503,6.797,0.000,6.642,8.395,9.231,11.101
17.846,17.844,15.360,16.100,11.949,12.183,9.834,12.276,15.583,14.471,17.062,14.171,16.702,16.648,16.045,13.573,13.112,11.866,9.704,8.986,8.325,6.642,0.000,6.335,8.103,9.617
17.700,17.886,15.953,16.134,12.383,11.787,9.670,12.275,15.237,14.830,17.138,14.936,17.029,16.919,16.693,14.621,13.657,12.885,12.096,10.510,8.834,8.395,6.335,0.000,6.578,8.923
17.641,17.927,16.824,16.874,14.280,13.181,12.210,14.610,16.686,16.572,17.580,16.186,17.579,17.298,17.114,16.150,14.938,13.666,13.416,12.776,10.727,9.231,8.103,6.578,0.000,7.515
17.326,17.591,17.050,17.079,15.305,14.159,13.471,15.333,16.890,16.905,17.700,16.712,17.869,17.839,17.630,16.760,16.240,15.004,14.390,14.176,12.599,11.101,9.617,8.923,7.515,0.000