c1,c2,c3,c4,c5,c6,c7,c8,c9,c10,c11,c12,c13,c14,c15,c16,c17,c18,c19,c20,c21,c22,c23,c24,c25,c26
0.000,7.054,8.208,10.885,13.642,15.162,17.659,16.910,15.354,13.890,10.037,9.988,10.085,11.107,13.175,13.285,12.995,13.753,15.347,15.657,15.853,17.009,17.780,17.594,17.561,17.294
7.054,0.000,6.358,8.420,11.452,13.587,16.154,14.604,12.580,10.660,6.295,7.556,7.660,9.619,12.052,11.891,11.393,12.365,14.208,14.557,14.444,16.448,17.648,17.692,17.825,17.585
8.208,6.358,0.000,6.202,8.451,9.895,12.835,12.533,11.447,9.891,7.228,5.550,8.458,8.938,11.051,10.176,8.866,8.885,11.456,11.909,11.462,13.535,15.345,15.661,16.456,16.827
10.885,8.420,6.202,0.000,6.484,7.719,9.936,8.932,6.275,7.039,5.845,7.297,10.866,12.422,14.796,13.101,11.912,12.098,14.281,13.343,11.788,14.632,16.366,16.044,16.540,16.787
13.642,11.452,8.451,6.484,0.000,6.398,5.985,4.917,6.797,4.941,7.588,6.126,10.505,11.891,12.986,10.462,9.365,8.965,10.457,9.241,7.399,10.420,12.013,11.999,13.705,14.919
15.162,13.587,9.895,7.719,6.398,0.000,7.830,8.353,7.856,9.839,11.806,10.762,15.195,15.282,15.963,14.508,12.565,11.294,13.336,12.454,9.013,11.464,12.782,12.244,13.172,14.144
17.659,16.154,12.835,9.936,5.985,7.830,0.000,5.235,8.141,9.020,12.865,11.600,15.644,16.620,16.474,14.211,12.672,11.534,12.517,10.991,6.881,9.373,10.379,9.872,11.934,13.335
16.910,14.604,12.533,8.932,4.917,8.353,5.235,0.000,6.438,5.395,10.219,10.519,14.184,16.243,16.700,13.816,12.754,12.732,13.109,11.097,8.319,11.486,12.537,11.890,14.016,15.019
15.354,12.580,11.447,6.275,6.797,7.856,8.141,6.438,0.000,8.949,12.643,12.162,15.428,17.520,18.170,16.257,15.313,15.356,16.143,14.305,12.166,15.254,16.059,15.190,16.607,16.886
13.890,10.660,9.891,7.039,4.941,9.839,9.020,5.395,8.949,0.000,9.803,9.666,12.089,13.989,14.655,12.119,11.677,12.067,12.710,11.071,10.137,13.163,14.508,14.324,16.228,16.704
10.037,6.295,7.228,5.845,7.588,11.806,12.865,10.219,12.643,9.803,0.000,10.019,11.630,13.184,13.748,12.370,12.024,12.864,14.234,13.598,13.210,15.914,17.309,17.025,17.567,17.711
9.988,7.556,5.550,7.297,6.126,10.762,11.600,10.519,12.162,9.666,10.019,0.000,9.805,10.761,10.753,8.084,7.608,8.487,10.073,9.764,10.359,12.594,14.160,14.504,15.977,16.578
10.085,7.660,8.458,10.866,10.505,15.195,15.644,14.184,15.428,12.089,11.630,9.805,0.000,8.799,9.963,8.760,9.471,10.852,11.975,12.163,13.319,15.178,16.515,16.940,17.771,17.933
11.107,9.619,8.938,12.422,11.891,15.282,16.620,16.243,17.520,13.989,13.184,10.761,8.799,0.000,9.049,9.725,9.094,9.852,12.054,12.393,12.769,14.134,15.951,16.422,17.099,17.895
13.175,12.052,11.051,14.796,12.986,15.963,16.474,16.700,18.170,14.655,13.748,10.753,9.963,9.049,0.000,9.634,10.346,8.815,9.838,11.748,12.915,13.248,14.804,15.956,16.655,17.283
13.285,11.891,10.176,13.101,10.462,14.508,14.211,13.816,16.257,12.119,12.370,8.084,8.760,9.725,9.634,0.000,7.922,9.286,7.832,8.401,11.201,12.024,12.713,13.828,15.937,16.571
12.995,11.393,8.866,11.912,9.365,12.565,12.672,12.754,15.313,11.677,12.024,7.608,9.471,9.094,10.346,7.922,0.000,7.423,9.350,7.645,8.569,11.154,12.272,12.557,14.387,15.816
13.753,12.365,8.885,12.098,8.965,11.294,11.534,12.732,15.356,12.067,12.864,8.487,10.852,9.852,8.815,9.286,7.423,0.000,7.017,8.699,7.558,8.236,10.999,12.062,13.070,14.335
15.347,14.208,11.456,14.281,10.457,13.336,12.517,13.109,16.143,12.710,14.234,10.073,11.975,12.054,9.838,7.832,9.350,7.017,0.000,6.436,8.596,7.639,8.663,11.208,12.789,13.302
15.657,14.557,11.909,13.343,9.241,12.454,10.991,11.097,14.305,11.071,13.598,9.764,12.163,12.393,11.748,8.401,7.645,8.699,6.436,0.000,6.605,8.467,7.977,9.017,11.746,12.948
15.853,14.444,11.462,11.788,7.399,9.013,6.881,8.319,12.166,10.137,13.210,10.359,13.319,12.769,12.915,11.201,8.569,7.558,8.596,6.605,0.000,6.421,8.246,8.169,10.124,11.833
17.009,16.448,13.535,14.632,10.420,11.464,9.373,11.486,15.254,13.163,15.914,12.594,15.178,14.134,13.248,12.024,11.154,8.236,7.639,8.467,6.421,0.000,6.226,8.077,9.004,10.478
17.780,17.648,15.345,16.366,12.013,12.782,10.379,12.537,16.059,14.508,17.309,14.160,16.515,15.951,14.804,12.713,12.272,10.999,8.663,7.977,8.246,6.226,0.000,6.337,8.091,9.346
17.594,17.692,15.661,16.044,11.999,12.244,9.872,11.890,15.190,14.324,17.025,14.504,16.940,16.422,15.956,13.828,12.557,12.062,11.208,9.017,8.169,8.077,6.337,0.000,6.526,9.062
17.561,17.825,16.456,16.540,13.705,13.172,11.934,14.016,16.607,16.228,17.567,15.977,17.771,17.099,16.655,15.937,14.387,13.070,12.789,11.746,10.124,9.004,8.091,6.526,0.000,7.417
17.294,17.585,16.827,16.787,14.919,14.144,13.335,15.019,16.886,16.704,17.711,16.578,17.933,17.895,17.283,16.571,15.816,14.335,13.302,12.948,11.833,10.478,9.346,9.062,7.417,0.000