c1,c2,c3,c4,c5,c6,c7,c8,c9,c10,c11,c12,c13,c14,c15,c16,c17,c18,c19,c20,c21,c22,c23,c24,c25,c26
0.000,6.658,7.822,10.484,13.181,14.903,17.261,16.413,15.058,13.539,9.872,9.641,9.592,10.912,12.837,13.029,13.138,13.448,14.904,15.207,15.217,16.203,17.146,17.169,17.062,17.121
6.658,0.000,6.095,8.237,11.229,13.439,15.903,14.339,12.603,10.615,6.471,7.445,7.713,9.681,11.852,12.099,12.208,12.430,14.293,14.744,14.603,16.013,17.182,17.399,17.312,17.468
7.822,6.095,0.000,6.079,8.209,10.001,12.706,12.258,11.310,9.853,7.211,5.484,7.959,8.893,10.828,10.203,9.947,9.375,11.938,12.217,11.817,13.767,15.369,15.747,16.292,17.069
10.484,8.237,6.079,0.000,6.172,7.466,9.923,8.858,6.391,6.976,5.792,7.157,10.508,12.149,14.236,13.084,13.002,12.397,14.726,14.316,13.586,15.572,16.909,16.873,16.829,17.190
13.181,11.229,8.209,6.172,0.000,6.175,5.678,4.841,6.841,4.893,7.555,5.867,10.029,11.660,12.967,11.081,11.026,10.497,12.330,11.342,10.322,12.898,14.135,14.090,14.871,15.957
14.903,13.439,10.001,7.466,6.175,0.000,6.929,8.177,7.843,9.658,11.539,10.410,14.660,15.145,15.829,14.312,13.404,12.044,14.301,13.331,11.426,13.270,14.481,13.914,14.002,15.268
17.261,15.903,12.706,9.923,5.678,6.929,0.000,5.084,7.944,8.901,12.600,11.094,15.080,16.100,16.168,14.238,13.370,12.177,13.949,12.479,10.276,12.229,13.166,12.618,13.455,14.671
16.413,14.339,12.258,8.858,4.841,8.177,5.084,0.000,5.907,5.107,9.986,10.070,13.804,15.948,16.342,13.989,13.486,12.951,14.505,13.120,11.528,13.758,14.440,14.003,14.940,15.573
15.058,12.603,11.310,6.391,6.841,7.843,7.944,5.907,0.000,7.404,10.924,11.507,14.901,17.164,17.724,15.878,15.521,15.194,16.732,15.708,14.562,16.554,16.550,15.908,16.585,16.564
13.539,10.615,9.853,6.976,4.893,9.658,8.901,5.107,7.404,0.000,8.455,8.645,11.147,13.499,14.299,12.170,12.195,11.998,13.708,12.604,12.573,14.933,15.646,15.610,16.403,16.857
9.872,6.471,7.211,5.792,7.555,11.539,12.600,9.986,10.924,8.455,0.000,9.135,10.512,12.128,13.027,12.031,12.291,12.269,14.205,14.342,14.483,16.163,17.176,17.088,17.253,17.446
9.641,7.445,5.484,7.157,5.867,10.410,11.094,10.070,11.507,8.645,9.135,0.000,9.195,10.163,10.129,8.248,8.550,8.505,10.736,10.708,11.459,13.208,14.463,15.026,15.974,16.764
9.592,7.713,7.959,10.508,10.029,14.660,15.080,13.804,14.901,11.147,10.512,9.195,0.000,8.378,8.965,8.362,9.216,10.328,11.835,12.175,13.136,14.562,15.811,16.692,17.545,17.691
10.912,9.681,8.893,12.149,11.660,15.145,16.100,15.948,17.164,13.499,12.128,10.163,8.378,0.000,8.190,8.901,8.680,9.378,11.483,12.056,12.357,13.482,15.413,16.198,16.946,17.793
12.837,11.852,10.828,14.236,12.967,15.829,16.168,16.342,17.724,14.299,13.027,10.129,8.965,8.190,0.000,8.034,9.066,8.351,9.218,11.272,12.250,12.177,13.811,15.700,16.456,17.158
13.029,12.099,10.203,13.084,11.081,14.312,14.238,13.989,15.878,12.170,12.031,8.248,8.362,8.901,8.034,0.000,7.254,8.362,7.172,7.983,10.593,11.405,11.804,13.659,15.392,16.262
13.138,12.208,9.947,13.002,11.026,13.404,13.370,13.486,15.521,12.195,12.291,8.550,9.216,8.680,9.066,7.254,0.000,6.673,8.346,7.076,7.802,10.452,11.597,12.240,13.627,15.558
13.448,12.430,9.375,12.397,10.497,12.044,12.177,12.951,15.194,11.998,12.269,8.505,10.328,9.378,8.351,8.362,6.673,0.000,6.298,8.011,6.716,7.422,10.418,11.787,12.002,13.826
14.904,14.293,11.938,14.726,12.330,14.301,13.949,14.505,16.732,13.708,14.205,10.736,11.835,11.483,9.218,7.172,8.346,6.298,0.000,6.135,7.961,6.840,7.719,10.932,12.053,12.617
15.207,14.744,12.217,14.316,11.342,13.331,12.479,13.120,15.708,12.604,14.342,10.708,12.175,12.056,11.272,7.983,7.076,8.011,6.135,0.000,6.322,8.023,7.197,8.724,11.334,12.445
15.217,14.603,11.817,13.586,10.322,11.426,10.276,11.528,14.562,12.573,14.483,11.459,13.136,12.357,12.250,10.593,7.802,6.716,7.961,6.322,0.000,6.201,7.780,7.659,8.894,11.137
16.203,16.013,13.767,15.572,12.898,13.270,12.229,13.758,16.554,14.933,16.163,13.208,14.562,13.482,12.177,11.405,10.452,7.422,6.840,8.023,6.201,0.000,6.063,7.839,8.036,9.640
17.146,17.182,15.369,16.909,14.135,14.481,13.166,14.440,16.550,15.646,17.176,14.463,15.811,15.413,13.811,11.804,11.597,10.418,7.719,7.197,7.780,6.063,0.000,5.865,7.611,8.511
17.169,17.399,15.747,16.873,14.090,13.914,12.618,14.003,15.908,15.610,17.088,15.026,16.692,16.198,15.700,13.659,12.240,11.787,10.932,8.724,7.659,7.839,5.865,0.000,5.962,8.207
17.062,17.312,16.292,16.829,14.871,14.002,13.455,14.940,16.585,16.403,17.253,15.974,17.545,16.946,16.456,15.392,13.627,12.002,12.053,11.334,8.894,8.036,7.611,5.962,0.000,6.626
17.121,17.468,17.069,17.190,15.957,15.268,14.671,15.573,16.564,16.857,17.446,16.764,17.691,17.793,17.158,16.262,15.558,13.826,12.617,12.445,11.137,9.640,8.511,8.207,6.626,0.000