c1,c2,c3,c4,c5,c6,c7,c8,c9,c10,c11,c12,c13,c14,c15,c16,c17,c18,c19,c20,c21,c22,c23,c24,c25,c26
0.000,6.216,7.236,9.286,11.578,14.125,15.108,12.945,12.796,14.537,14.070,12.791,14.290,14.933,15.332,15.046,14.891,14.901,15.098,15.336,15.166,15.577,15.100,15.270,15.188,15.189
6.216,0.000,5.898,7.719,10.197,12.721,14.153,12.066,11.327,13.677,13.476,11.798,13.761,14.915,15.427,14.854,14.819,14.608,15.069,15.205,14.790,15.382,14.767,15.097,14.966,14.933
7.236,5.898,0.000,5.805,7.219,9.933,11.323,9.538,9.196,11.502,11.424,10.443,12.779,14.261,14.946,14.268,14.408,14.218,14.710,14.588,13.901,14.682,14.208,14.607,14.824,14.947
9.286,7.719,5.805,0.000,5.743,8.226,10.157,8.954,8.305,11.392,11.911,11.113,13.778,15.266,16.008,15.276,15.401,15.005,15.505,15.250,14.444,15.172,14.495,15.023,15.226,15.342
11.578,10.197,7.219,5.743,0.000,5.808,6.589,5.550,6.273,8.543,8.978,9.098,12.051,13.800,14.708,14.156,14.845,14.552,14.503,14.117,13.057,14.076,13.835,14.361,14.965,15.265
14.125,12.721,9.933,8.226,5.808,0.000,5.494,7.643,7.076,8.713,10.807,11.370,13.303,14.955,16.027,15.313,15.753,15.584,15.732,15.001,13.887,14.453,14.310,14.235,14.677,15.251
15.108,14.153,11.323,10.157,6.589,5.494,0.000,5.560,7.467,7.773,9.210,10.933,13.327,14.594,15.287,14.689,15.262,15.065,15.531,14.393,13.615,14.376,14.543,14.788,15.363,15.605
12.945,12.066,9.538,8.954,5.550,7.643,5.560,0.000,5.736,7.583,7.781,8.440,11.774,13.650,14.093,13.269,14.407,14.296,14.846,14.521,13.541,14.479,14.755,15.172,15.730,15.902
12.796,11.327,9.196,8.305,6.273,7.076,7.467,5.736,0.000,5.842,7.839,7.554,10.015,12.625,13.540,12.629,13.828,14.249,15.038,14.694,14.227,14.943,15.384,15.568,15.900,16.004
14.537,13.677,11.502,11.392,8.543,8.713,7.773,7.583,5.842,0.000,6.149,7.838,8.988,11.160,12.661,11.937,13.281,13.980,14.973,14.887,14.402,15.454,15.748,16.019,16.174,16.245
14.070,13.476,11.424,11.911,8.978,10.807,9.210,7.781,7.839,6.149,0.000,6.580,8.044,9.783,10.894,10.656,12.327,13.079,14.049,14.289,14.160,15.227,15.513,15.801,16.198,16.277
12.791,11.798,10.443,11.113,9.098,11.370,10.933,8.440,7.554,7.838,6.580,0.000,6.448,8.380,9.193,8.571,10.705,12.106,13.111,13.362,13.420,14.316,14.761,15.490,15.857,16.035
14.290,13.761,12.779,13.778,12.051,13.303,13.327,11.774,10.015,8.988,8.044,6.448,0.000,6.407,7.485,7.651,10.059,12.170,13.673,14.056,14.101,15.196,15.586,16.182,16.598,16.379
14.933,14.915,14.261,15.266,13.800,14.955,14.594,13.650,12.625,11.160,9.783,8.380,6.407,0.000,6.045,7.674,9.724,11.467,13.197,14.308,14.075,15.008,15.715,16.217,16.585,16.692
15.332,15.427,14.946,16.008,14.708,16.027,15.287,14.093,13.540,12.661,10.894,9.193,7.485,6.045,0.000,6.203,8.244,10.665,12.007,13.528,14.291,14.933,15.540,16.385,16.796,16.869
15.046,14.854,14.268,15.276,14.156,15.313,14.689,13.269,12.629,11.937,10.656,8.571,7.651,7.674,6.203,0.000,6.150,8.571,9.877,11.191,12.748,13.835,14.330,15.188,15.986,16.209
14.891,14.819,14.408,15.401,14.845,15.753,15.262,14.407,13.828,13.281,12.327,10.705,10.059,9.724,8.244,6.150,0.000,6.233,7.667,8.437,9.821,11.970,13.496,14.099,14.724,15.535
14.901,14.608,14.218,15.005,14.552,15.584,15.065,14.296,14.249,13.980,13.079,12.106,12.170,11.467,10.665,8.571,6.233,0.000,6.016,7.328,7.777,9.459,11.860,13.313,13.483,14.208
15.098,15.069,14.710,15.505,14.503,15.732,15.531,14.846,15.038,14.973,14.049,13.111,13.673,13.197,12.007,9.877,7.667,6.016,0.000,5.849,7.412,8.427,10.508,12.846,14.011,14.168
15.336,15.205,14.588,15.250,14.117,15.001,14.393,14.521,14.694,14.887,14.289,13.362,14.056,14.308,13.528,11.191,8.437,7.328,5.849,0.000,5.953,7.579,9.321,11.197,13.238,14.282
15.166,14.790,13.901,14.444,13.057,13.887,13.615,13.541,14.227,14.402,14.160,13.420,14.101,14.075,14.291,12.748,9.821,7.777,7.412,5.953,0.000,6.035,7.449,9.098,10.913,12.735
15.577,15.382,14.682,15.172,14.076,14.453,14.376,14.479,14.943,15.454,15.227,14.316,15.196,15.008,14.933,13.835,11.970,9.459,8.427,7.579,6.035,0.000,5.979,7.563,9.154,10.656
15.100,14.767,14.208,14.495,13.835,14.310,14.543,14.755,15.384,15.748,15.513,14.761,15.586,15.715,15.540,14.330,13.496,11.860,10.508,9.321,7.449,5.979,0.000,5.858,7.489,8.898
15.270,15.097,14.607,15.023,14.361,14.235,14.788,15.172,15.568,16.019,15.801,15.490,16.182,16.217,16.385,15.188,14.099,13.313,12.846,11.197,9.098,7.563,5.858,0.000,5.998,7.639
15.188,14.966,14.824,15.226,14.965,14.677,15.363,15.730,15.900,16.174,16.198,15.857,16.598,16.585,16.796,15.986,14.724,13.483,14.011,13.238,10.913,9.154,7.489,5.998,0.000,6.240
15.189,14.933,14.947,15.342,15.265,15.251,15.605,15.902,16.004,16.245,16.277,16.035,16.379,16.692,16.869,16.209,15.535,14.208,14.168,14.282,12.735,10.656,8.898,7.639,6.240,0.000