c1,c2,c3,c4,c5,c6,c7,c8,c9,c10,c11,c12,c13,c14,c15,c16,c17,c18,c19,c20,c21,c22,c23,c24,c25,c26
0.000,6.609,7.924,10.895,13.473,15.171,17.647,16.808,15.548,14.006,9.988,9.897,9.504,10.093,12.194,12.507,12.867,13.496,15.114,15.333,15.615,16.508,17.300,17.180,17.317,17.069
6.609,0.000,6.184,8.276,11.162,13.475,15.906,14.324,12.462,10.416,5.904,7.302,7.179,9.265,11.482,11.450,11.998,12.691,14.585,14.866,15.296,16.640,17.563,17.562,17.714,17.455
7.924,6.184,0.000,6.051,8.100,9.820,12.666,12.233,11.346,9.849,7.204,5.498,8.303,8.687,10.911,9.859,9.586,9.522,11.941,11.906,12.043,14.172,15.623,15.761,16.509,16.863
10.895,8.276,6.051,0.000,6.204,7.425,9.922,8.895,6.338,7.061,5.791,7.288,10.821,12.252,14.562,12.668,12.873,12.699,14.886,14.050,13.936,16.144,17.128,16.790,17.009,16.996
13.473,11.162,8.100,6.204,0.000,6.149,5.661,4.844,6.815,4.910,7.564,5.904,10.330,11.861,13.029,10.292,10.669,10.119,11.918,10.622,10.729,13.238,14.392,14.411,15.395,16.154
15.171,13.475,9.820,7.425,6.149,0.000,7.291,8.196,7.811,9.671,11.609,10.522,14.969,15.258,16.117,14.123,13.383,12.196,14.229,12.694,11.448,13.383,14.337,13.532,14.462,15.358
17.647,15.906,12.666,9.922,5.661,7.291,0.000,5.157,7.984,8.919,12.673,11.068,15.174,16.300,16.323,13.812,13.384,12.316,13.764,12.044,10.463,12.485,12.953,12.197,13.692,14.791
16.808,14.324,12.233,8.895,4.844,8.196,5.157,0.000,5.987,5.091,9.995,10.010,13.789,15.967,16.279,13.266,13.325,13.132,14.306,12.741,11.987,14.216,14.555,13.876,15.214,15.558
15.548,12.462,11.346,6.338,6.815,7.811,7.984,5.987,0.000,7.565,11.020,11.494,15.036,17.386,17.924,15.507,15.559,15.703,16.907,15.381,14.905,16.889,16.724,15.912,16.866,16.644
14.006,10.416,9.849,7.061,4.910,9.671,8.919,5.091,7.565,0.000,8.571,8.462,11.219,13.719,14.343,11.462,12.252,12.374,13.840,12.613,13.181,15.410,15.924,15.806,16.783,16.842
9.988,5.904,7.204,5.791,7.564,11.609,12.673,9.995,11.020,8.571,0.000,9.094,10.779,12.514,12.987,11.202,12.136,12.747,14.556,14.225,15.068,16.703,17.614,17.324,17.559,17.510
9.897,7.302,5.498,7.288,5.904,10.522,11.068,10.010,11.494,8.462,9.094,0.000,8.845,10.207,9.821,7.231,7.997,8.624,10.611,10.378,11.604,13.462,14.774,15.330,16.384,16.783
9.504,7.179,8.303,10.821,10.330,14.969,15.174,13.789,15.036,11.219,10.779,8.845,0.000,8.048,8.598,7.641,9.097,10.415,11.900,12.182,13.525,14.948,16.299,16.978,17.786,17.815
10.093,9.265,8.687,12.252,11.861,15.258,16.300,15.967,17.386,13.719,12.514,10.207,8.048,0.000,8.136,8.486,8.394,9.359,11.514,11.955,12.548,13.647,15.657,16.311,16.933,17.668
12.194,11.482,10.911,14.562,13.029,16.117,16.323,16.279,17.924,14.343,12.987,9.821,8.598,8.136,0.000,8.046,9.015,8.134,9.163,11.014,12.249,12.206,14.008,15.747,16.431,17.098
12.507,11.450,9.859,12.668,10.292,14.123,13.812,13.266,15.507,11.462,11.202,7.231,7.641,8.486,8.046,0.000,7.164,8.594,7.399,7.961,10.751,11.450,12.116,13.629,15.639,16.389
12.867,11.998,9.586,12.873,10.669,13.383,13.384,13.325,15.559,12.252,12.136,7.997,9.097,8.394,9.015,7.164,0.000,6.489,8.456,7.004,8.198,10.641,11.935,12.480,14.090,15.689
13.496,12.691,9.522,12.699,10.119,12.196,12.316,13.132,15.703,12.374,12.747,8.624,10.415,9.359,8.134,8.594,6.489,0.000,6.349,8.031,6.957,7.719,10.685,11.918,12.561,14.133
15.114,14.585,11.941,14.886,11.918,14.229,13.764,14.306,16.907,13.840,14.556,10.611,11.900,11.514,9.163,7.399,8.456,6.349,0.000,5.994,8.036,6.956,8.142,10.923,12.283,13.022
15.333,14.866,11.906,14.050,10.622,12.694,12.044,12.741,15.381,12.613,14.225,10.378,12.182,11.955,11.014,7.961,7.004,8.031,5.994,0.000,6.044,7.977,7.649,9.177,11.598,12.931
15.615,15.296,12.043,13.936,10.729,11.448,10.463,11.987,14.905,13.181,15.068,11.604,13.525,12.548,12.249,10.751,8.198,6.957,8.036,6.044,0.000,6.020,7.813,7.964,9.427,11.431
16.508,16.640,14.172,16.144,13.238,13.383,12.485,14.216,16.889,15.410,16.703,13.462,14.948,13.647,12.206,11.450,10.641,7.719,6.956,7.977,6.020,0.000,6.018,7.828,8.480,10.136
17.300,17.563,15.623,17.128,14.392,14.337,12.953,14.555,16.724,15.924,17.614,14.774,16.299,15.657,14.008,12.116,11.935,10.685,8.142,7.649,7.813,6.018,0.000,6.032,7.678,8.975
17.180,17.562,15.761,16.790,14.411,13.532,12.197,13.876,15.912,15.806,17.324,15.330,16.978,16.311,15.747,13.629,12.480,11.918,10.923,9.177,7.964,7.828,6.032,0.000,6.153,8.319
17.317,17.714,16.509,17.009,15.395,14.462,13.692,15.214,16.866,16.783,17.559,16.384,17.786,16.933,16.431,15.639,14.090,12.561,12.283,11.598,9.427,8.480,7.678,6.153,0.000,6.777
17.069,17.455,16.863,16.996,16.154,15.358,14.791,15.558,16.644,16.842,17.510,16.783,17.815,17.668,17.098,16.389,15.689,14.133,13.022,12.931,11.431,10.136,8.975,8.319,6.777,0.000