c1,c2,c3,c4,c5,c6,c7,c8,c9,c10,c11,c12,c13,c14,c15,c16,c17,c18,c19,c20,c21,c22,c23,c24,c25,c26
0.000,6.700,7.755,10.491,13.221,14.897,17.315,16.436,15.030,13.563,9.612,9.641,9.579,10.560,12.520,12.570,13.470,13.918,14.631,15.183,15.793,16.428,17.056,17.328,17.392,17.106
6.700,0.000,6.125,8.204,11.283,13.473,15.952,14.398,12.605,10.589,6.187,7.540,7.813,9.739,11.778,11.652,12.678,13.127,14.063,14.964,15.622,16.573,17.231,17.698,17.730,17.414
7.755,6.125,0.000,6.023,8.225,9.888,12.731,12.314,11.317,9.865,7.179,5.359,8.246,8.910,10.997,9.719,10.404,9.885,11.087,12.052,12.604,13.973,15.142,16.004,16.706,17.086
10.491,8.204,6.023,0.000,6.121,7.477,9.919,8.880,6.344,7.010,5.765,7.213,10.743,12.313,14.416,12.584,13.559,12.737,13.610,14.437,14.406,15.775,16.764,17.107,17.167,17.301
13.221,11.283,8.225,6.121,0.000,6.133,5.680,4.863,6.823,4.916,7.551,5.931,10.226,11.896,13.064,10.266,11.427,10.218,10.910,11.420,11.531,13.104,14.122,14.668,15.569,16.318
14.897,13.473,9.888,7.477,6.133,0.000,6.873,8.187,7.819,9.701,11.576,10.448,14.768,15.340,15.827,13.527,13.874,12.091,12.739,12.923,11.981,12.944,13.832,13.849,14.368,15.416
17.315,15.952,12.731,9.919,5.680,6.873,0.000,5.117,7.961,8.898,12.637,11.095,15.068,16.336,16.266,13.579,13.993,12.053,12.672,12.527,11.072,12.140,12.896,13.223,14.122,15.222
16.436,14.398,12.314,8.880,4.863,8.187,5.117,0.000,5.967,5.044,10.000,10.097,13.695,16.001,16.176,13.227,13.997,12.936,13.480,13.564,12.920,14.190,14.841,14.924,15.784,16.402
15.030,12.605,11.317,6.344,6.823,7.819,7.961,5.967,0.000,7.364,10.790,11.458,14.842,17.371,17.766,15.361,16.337,15.538,15.933,16.078,15.564,16.699,16.616,16.560,16.873,16.964
13.563,10.589,9.865,7.010,4.916,9.701,8.898,5.044,7.364,0.000,7.966,8.624,11.087,13.594,14.247,11.488,13.067,12.307,13.108,13.491,14.106,15.589,16.053,16.518,17.067,17.334
9.612,6.187,7.179,5.765,7.551,11.576,12.637,10.000,10.790,7.966,0.000,8.855,10.294,12.284,12.822,11.193,12.937,12.709,13.761,14.771,15.513,16.632,17.368,17.646,17.568,17.726
9.641,7.540,5.359,7.213,5.931,10.448,11.095,10.097,11.458,8.624,8.855,0.000,8.803,10.205,9.894,7.431,8.978,8.845,10.126,11.057,12.157,13.560,14.560,15.763,16.600,17.049
9.579,7.813,8.246,10.743,10.226,14.768,15.068,13.695,14.842,11.087,10.294,8.803,0.000,8.017,8.574,7.829,9.709,10.627,11.890,12.597,13.823,14.921,15.932,17.099,17.988,17.999
10.560,9.739,8.910,12.313,11.896,15.340,16.336,16.001,17.371,13.594,12.284,10.205,8.017,0.000,8.052,8.782,9.108,9.875,11.662,12.246,12.543,13.683,15.373,16.333,17.057,17.873
12.520,11.778,10.997,14.416,13.064,15.827,16.266,16.176,17.766,14.247,12.822,9.894,8.574,8.052,0.000,7.824,9.283,8.530,9.473,11.308,12.379,12.287,13.697,15.651,16.379,17.104
12.570,11.652,9.719,12.584,10.266,13.527,13.579,13.227,15.361,11.488,11.193,7.431,7.829,8.782,7.824,0.000,6.959,8.452,7.552,8.210,11.082,11.690,11.900,13.806,15.476,16.329
13.470,12.678,10.404,13.559,11.427,13.874,13.993,13.997,16.337,13.067,12.937,8.978,9.709,9.108,9.283,6.959,0.000,6.435,8.281,7.249,8.149,10.637,11.678,12.453,13.799,15.651
13.918,13.127,9.885,12.737,10.218,12.091,12.053,12.936,15.538,12.307,12.709,8.845,10.627,9.875,8.530,8.452,6.435,0.000,6.095,7.810,6.913,7.486,10.420,11.911,12.184,14.002
14.631,14.063,11.087,13.610,10.910,12.739,12.672,13.480,15.933,13.108,13.761,10.126,11.890,11.662,9.473,7.552,8.281,6.095,0.000,5.880,7.793,6.819,7.477,10.779,11.888,12.442
15.183,14.964,12.052,14.437,11.420,12.923,12.527,13.564,16.078,13.491,14.771,11.057,12.597,12.246,11.308,8.210,7.249,7.810,5.880,0.000,6.036,7.900,7.023,8.571,11.092,12.354
15.793,15.622,12.604,14.406,11.531,11.981,11.072,12.920,15.564,14.106,15.513,12.157,13.823,12.543,12.379,11.082,8.149,6.913,7.793,6.036,0.000,6.025,7.745,7.602,8.881,11.248
16.428,16.573,13.973,15.775,13.104,12.944,12.140,14.190,16.699,15.589,16.632,13.560,14.921,13.683,12.287,11.690,10.637,7.486,6.819,7.900,6.025,0.000,5.933,7.746,7.952,9.621
17.056,17.231,15.142,16.764,14.122,13.832,12.896,14.841,16.616,16.053,17.368,14.560,15.932,15.373,13.697,11.900,11.678,10.420,7.477,7.023,7.745,5.933,0.000,5.720,7.512,8.380
17.328,17.698,16.004,17.107,14.668,13.849,13.223,14.924,16.560,16.518,17.646,15.763,17.099,16.333,15.651,13.806,12.453,11.911,10.779,8.571,7.602,7.746,5.720,0.000,5.866,8.110
17.392,17.730,16.706,17.167,15.569,14.368,14.122,15.784,16.873,17.067,17.568,16.600,17.988,17.057,16.379,15.476,13.799,12.184,11.888,11.092,8.881,7.952,7.512,5.866,0.000,6.535
17.106,17.414,17.086,17.301,16.318,15.416,15.222,16.402,16.964,17.334,17.726,17.049,17.999,17.873,17.104,16.329,15.651,14.002,12.442,12.354,11.248,9.621,8.380,8.110,6.535,0.000