c1,c2,c3,c4,c5,c6,c7,c8,c9,c10,c11,c12,c13,c14,c15,c16,c17,c18,c19,c20,c21,c22,c23,c24,c25,c26
0.000,6.641,7.937,10.819,13.474,15.148,17.581,16.688,15.420,13.873,9.827,9.857,9.234,10.019,12.013,12.639,13.469,13.227,14.569,15.453,15.646,16.334,17.065,17.191,17.198,17.055
6.641,0.000,6.187,8.251,11.169,13.450,15.889,14.313,12.549,10.423,5.936,7.404,7.090,8.996,11.383,12.028,13.057,12.238,14.038,15.186,15.149,16.217,17.212,17.512,17.563,17.388
7.937,6.187,0.000,6.019,8.172,9.851,12.691,12.212,11.413,9.822,7.183,5.477,8.151,8.536,10.533,10.234,10.717,9.066,11.223,12.380,12.143,13.603,15.147,15.860,16.457,16.861
10.819,8.251,6.019,0.000,6.106,7.418,9.938,8.947,6.422,7.058,5.763,7.358,10.798,12.177,14.472,13.488,13.963,12.021,13.999,14.657,13.696,15.033,16.625,16.727,16.738,16.815
13.474,11.169,8.172,6.106,0.000,6.246,5.652,4.837,6.831,4.884,7.562,6.049,10.474,11.961,13.046,11.347,11.757,9.605,11.384,11.331,10.232,12.148,13.605,13.954,14.827,15.605
15.148,13.450,9.851,7.418,6.246,0.000,7.308,8.233,7.838,9.696,11.580,10.558,15.006,15.374,15.886,14.440,14.059,11.669,13.390,13.350,11.219,12.293,13.522,13.397,13.641,14.689
17.581,15.889,12.691,9.938,5.652,7.308,0.000,5.177,7.972,8.918,12.694,11.257,15.542,16.497,16.369,14.737,14.144,11.731,13.278,12.507,10.000,11.168,12.332,12.235,12.969,14.159
16.688,14.313,12.212,8.947,4.837,8.233,5.177,0.000,6.024,5.110,10.033,10.264,13.998,16.135,16.457,14.198,14.079,12.193,13.695,13.259,10.981,12.580,13.967,13.582,14.498,15.105
15.420,12.549,11.413,6.422,6.831,7.838,7.972,6.024,0.000,7.893,11.005,11.581,15.025,17.298,17.826,16.178,16.245,14.437,16.175,15.922,14.082,15.429,16.366,15.765,16.211,16.160
13.873,10.423,9.822,7.058,4.884,9.696,8.918,5.110,7.893,0.000,8.709,8.781,11.251,13.610,14.500,12.447,13.033,11.219,13.251,13.058,11.848,13.890,15.250,15.255,15.943,16.330
9.827,5.936,7.183,5.763,7.562,11.580,12.694,10.033,11.005,8.709,0.000,9.369,10.848,12.317,13.078,12.172,13.214,11.901,14.110,14.812,14.337,15.744,16.963,16.940,17.054,17.174
9.857,7.404,5.477,7.358,6.049,10.558,11.257,10.264,11.581,8.781,9.369,0.000,9.783,10.371,10.149,8.348,9.094,7.840,10.400,11.060,11.138,12.624,14.232,14.939,15.992,16.560
9.234,7.090,8.151,10.798,10.474,15.006,15.542,13.998,15.025,11.251,10.848,9.783,0.000,8.690,9.219,8.552,9.987,10.264,12.151,12.877,13.486,14.590,16.010,16.928,17.640,17.640
10.019,8.996,8.536,12.177,11.961,15.374,16.497,16.135,17.298,13.610,12.317,10.371,8.690,0.000,8.444,9.316,9.517,9.666,11.653,12.543,13.072,13.741,15.427,16.321,17.058,17.540
12.013,11.383,10.533,14.472,13.046,15.886,16.369,16.457,17.826,14.500,13.078,10.149,9.219,8.444,0.000,8.666,9.623,8.796,9.759,11.668,12.796,12.761,14.334,15.899,16.775,17.273
12.639,12.028,10.234,13.488,11.347,14.440,14.737,14.198,16.178,12.447,12.172,8.348,8.552,9.316,8.666,0.000,7.835,8.825,8.025,8.758,11.112,11.744,12.307,13.932,15.734,16.465
13.469,13.057,10.717,13.963,11.757,14.059,14.144,14.079,16.245,13.033,13.214,9.094,9.987,9.517,9.623,7.835,0.000,7.044,8.925,7.555,8.660,10.909,12.027,12.640,14.239,15.794
13.227,12.238,9.066,12.021,9.605,11.669,11.731,12.193,14.437,11.219,11.901,7.840,10.264,9.666,8.796,8.825,7.044,0.000,6.907,8.454,7.355,8.006,10.896,12.200,12.807,14.297
14.569,14.038,11.223,13.999,11.384,13.390,13.278,13.695,16.175,13.251,14.110,10.400,12.151,11.653,9.759,8.025,8.925,6.907,0.000,6.450,8.479,7.111,8.113,11.119,12.487,13.114
15.453,15.186,12.380,14.657,11.331,13.350,12.507,13.259,15.922,13.058,14.812,11.060,12.877,12.543,11.668,8.758,7.555,8.454,6.450,0.000,6.736,8.326,7.622,9.048,11.925,13.024
15.646,15.149,12.143,13.696,10.232,11.219,10.000,10.981,14.082,11.848,14.337,11.138,13.486,13.072,12.796,11.112,8.660,7.355,8.479,6.736,0.000,6.477,8.015,7.873,9.750,11.631
16.334,16.217,13.603,15.033,12.148,12.293,11.168,12.580,15.429,13.890,15.744,12.624,14.590,13.741,12.761,11.744,10.909,8.006,7.111,8.326,6.477,0.000,6.330,8.023,8.507,10.000
17.065,17.212,15.147,16.625,13.605,13.522,12.332,13.967,16.366,15.250,16.963,14.232,16.010,15.427,14.334,12.307,12.027,10.896,8.113,7.622,8.015,6.330,0.000,6.098,7.719,8.733
17.191,17.512,15.860,16.727,13.954,13.397,12.235,13.582,15.765,15.255,16.940,14.939,16.928,16.321,15.899,13.932,12.640,12.200,11.119,9.048,7.873,8.023,6.098,0.000,6.202,8.361
17.198,17.563,16.457,16.738,14.827,13.641,12.969,14.498,16.211,15.943,17.054,15.992,17.640,17.058,16.775,15.734,14.239,12.807,12.487,11.925,9.750,8.507,7.719,6.202,0.000,6.821
17.055,17.388,16.861,16.815,15.605,14.689,14.159,15.105,16.160,16.330,17.174,16.560,17.640,17.540,17.273,16.465,15.794,14.297,13.114,13.024,11.631,10.000,8.733,8.361,6.821,0.000