c1,c2,c3,c4,c5,c6,c7,c8,c9,c10,c11,c12,c13,c14,c15,c16,c17,c18,c19,c20,c21,c22,c23,c24,c25,c26
0.000,6.335,7.338,9.781,11.902,14.572,15.227,13.393,13.320,14.235,13.326,12.593,14.053,14.232,15.195,14.786,14.452,14.264,14.746,14.455,14.248,14.584,14.792,14.798,15.128,15.464
6.335,0.000,5.954,7.803,10.340,13.008,14.155,12.389,11.721,13.147,12.429,11.481,13.447,14.276,15.313,14.594,14.366,13.941,14.644,14.292,13.824,14.453,14.564,14.772,15.100,15.516
7.338,5.954,0.000,5.818,7.204,9.999,11.218,9.938,9.671,11.226,11.022,10.332,12.654,13.975,14.866,13.713,13.532,12.803,13.758,13.395,12.794,13.945,14.340,14.481,15.126,15.542
9.781,7.803,5.818,0.000,5.771,8.243,10.085,9.271,8.358,11.021,11.404,10.979,13.772,15.199,16.155,15.003,14.918,14.088,14.983,14.130,13.247,14.637,14.841,15.034,15.491,15.862
11.902,10.340,7.204,5.771,0.000,5.794,6.585,5.849,6.464,8.273,8.904,9.151,12.221,13.917,14.789,13.493,13.729,12.836,13.730,13.022,11.870,13.714,14.202,14.392,15.198,15.756
14.572,13.008,9.999,8.243,5.794,0.000,5.462,7.650,7.191,8.977,11.121,11.729,13.880,15.515,16.312,15.120,15.346,14.261,15.086,14.156,12.764,14.222,14.598,14.527,15.068,15.865
15.227,14.155,11.218,10.085,6.585,5.462,0.000,5.470,7.554,8.273,10.159,11.524,14.101,15.403,15.873,14.659,14.857,13.781,14.651,13.522,12.387,13.946,14.562,14.469,15.344,15.739
13.393,12.389,9.938,9.271,5.849,7.650,5.470,0.000,5.746,7.414,8.313,9.269,12.566,14.642,15.092,13.335,14.138,13.186,14.166,13.479,12.428,13.997,14.403,14.545,15.338,15.604
13.320,11.721,9.671,8.358,6.464,7.191,7.554,5.746,0.000,5.846,7.854,8.609,11.417,13.980,14.654,12.671,13.715,13.158,14.593,14.000,13.196,14.576,15.062,14.976,15.366,15.832
14.235,13.147,11.226,11.021,8.273,8.977,8.273,7.414,5.846,0.000,6.064,7.696,9.453,12.111,13.095,11.418,12.904,12.873,14.522,14.186,13.634,15.230,15.698,15.359,15.653,16.194
13.326,12.429,11.022,11.404,8.904,11.121,10.159,8.313,7.854,6.064,0.000,6.485,8.100,10.670,11.562,10.110,11.943,12.277,13.866,13.508,13.512,15.142,15.496,15.329,15.809,16.275
12.593,11.481,10.332,10.979,9.151,11.729,11.524,9.269,8.609,7.696,6.485,0.000,6.451,8.679,9.736,7.970,10.106,10.865,12.657,12.400,12.314,13.881,14.539,14.477,15.164,15.672
14.053,13.447,12.654,13.772,12.221,13.880,14.101,12.566,11.417,9.453,8.100,6.451,0.000,6.304,7.266,7.241,9.916,11.794,13.808,13.600,13.923,15.273,15.759,15.577,16.173,16.619
14.232,14.276,13.975,15.199,13.917,15.515,15.403,14.642,13.980,12.111,10.670,8.679,6.304,0.000,5.954,7.663,9.878,11.678,13.795,13.951,14.086,15.315,16.189,16.096,16.381,16.774
15.195,15.313,14.866,16.155,14.789,16.312,15.873,15.092,14.654,13.095,11.562,9.736,7.266,5.954,0.000,6.156,8.346,11.111,12.487,13.256,14.482,15.362,16.051,16.177,16.776,17.050
14.786,14.594,13.713,15.003,13.493,15.120,14.659,13.335,12.671,11.418,10.110,7.970,7.241,7.663,6.156,0.000,6.164,8.547,10.049,10.451,12.563,14.011,14.549,14.796,15.451,16.072
14.452,14.366,13.532,14.918,13.729,15.346,14.857,14.138,13.715,12.904,11.943,10.106,9.916,9.878,8.346,6.164,0.000,6.170,7.551,8.170,10.012,12.134,13.916,14.301,14.859,15.582
14.264,13.941,12.803,14.088,12.836,14.261,13.781,13.186,13.158,12.873,12.277,10.865,11.794,11.678,11.111,8.547,6.170,0.000,5.993,7.338,7.874,9.961,12.587,13.664,13.954,14.606
14.746,14.644,13.758,14.983,13.730,15.086,14.651,14.166,14.593,14.522,13.866,12.657,13.808,13.795,12.487,10.049,7.551,5.993,0.000,5.831,7.538,8.618,10.997,12.934,14.504,14.494
14.455,14.292,13.395,14.130,13.022,14.156,13.522,13.479,14.000,14.186,13.508,12.400,13.600,13.951,13.256,10.451,8.170,7.338,5.831,0.000,5.836,7.537,9.519,10.871,13.709,14.436
14.248,13.824,12.794,13.247,11.870,12.764,12.387,12.428,13.196,13.634,13.512,12.314,13.923,14.086,14.482,12.563,10.012,7.874,7.538,5.836,0.000,5.881,7.743,8.656,11.085,12.802
14.584,14.453,13.945,14.637,13.714,14.222,13.946,13.997,14.576,15.230,15.142,13.881,15.273,15.315,15.362,14.011,12.134,9.961,8.618,7.537,5.881,0.000,5.681,7.208,9.072,10.525
14.792,14.564,14.340,14.841,14.202,14.598,14.562,14.403,15.062,15.698,15.496,14.539,15.759,16.189,16.051,14.549,13.916,12.587,10.997,9.519,7.743,5.681,0.000,5.686,7.534,8.738
14.798,14.772,14.481,15.034,14.392,14.527,14.469,14.545,14.976,15.359,15.329,14.477,15.577,16.096,16.177,14.796,14.301,13.664,12.934,10.871,8.656,7.208,5.686,0.000,5.698,7.626
15.128,15.100,15.126,15.491,15.198,15.068,15.344,15.338,15.366,15.653,15.809,15.164,16.173,16.381,16.776,15.451,14.859,13.954,14.504,13.709,11.085,9.072,7.534,5.698,0.000,6.110
15.464,15.516,15.542,15.862,15.756,15.865,15.739,15.604,15.832,16.194,16.275,15.672,16.619,16.774,17.050,16.072,15.582,14.606,14.494,14.436,12.802,10.525,8.738,7.626,6.110,0.000