c1,c2,c3,c4,c5,c6,c7,c8,c9,c10,c11,c12,c13,c14,c15,c16,c17,c18,c19,c20,c21,c22,c23,c24,c25,c26
0.000,7.070,8.293,10.910,13.693,15.220,17.681,17.013,15.448,13.931,10.028,10.026,10.071,11.032,13.148,13.374,12.855,13.741,15.432,15.651,15.972,17.325,17.994,17.708,17.749,17.389
7.070,0.000,6.425,8.394,11.414,13.554,16.146,14.623,12.603,10.662,6.288,7.533,7.599,9.449,11.946,11.932,11.148,12.186,14.230,14.318,14.399,16.692,17.927,17.744,17.939,17.618
8.293,6.425,0.000,6.162,8.416,9.879,12.827,12.526,11.466,9.895,7.237,5.537,8.395,8.810,10.770,10.038,8.434,8.585,11.323,11.608,11.235,13.590,15.459,15.666,16.727,16.831
10.910,8.394,6.162,0.000,6.355,7.734,9.949,8.937,6.295,7.042,5.852,7.305,10.895,12.381,14.702,13.114,11.674,11.908,14.270,13.002,11.581,14.881,16.473,15.857,16.768,16.888
13.693,11.414,8.416,6.355,0.000,6.401,6.032,4.920,6.790,4.933,7.584,6.117,10.564,11.940,12.902,10.555,9.146,8.617,10.321,8.585,6.890,10.473,12.011,11.685,13.696,14.648
15.220,13.554,9.879,7.734,6.401,0.000,7.914,8.382,7.853,9.808,11.814,10.746,15.239,15.306,15.863,14.552,12.406,11.017,13.359,12.068,8.654,11.769,12.965,12.025,12.890,13.858
17.681,16.146,12.827,9.949,6.032,7.914,0.000,5.221,8.151,9.013,12.870,11.545,15.674,16.642,16.405,14.340,12.527,11.291,12.448,10.577,6.459,9.608,10.333,9.325,11.462,12.808
17.013,14.623,12.526,8.937,4.920,8.382,5.221,0.000,6.298,5.435,10.222,10.520,14.222,16.300,16.769,13.892,12.726,12.522,13.088,10.921,8.174,11.746,12.423,11.505,13.863,14.685
15.448,12.603,11.466,6.295,6.790,7.853,8.151,6.298,0.000,8.809,12.610,12.120,15.476,17.553,18.176,16.339,15.199,15.236,16.228,14.002,11.992,15.556,16.078,14.856,16.460,16.618
13.931,10.662,9.895,7.042,4.933,9.808,9.013,5.435,8.809,0.000,9.535,9.451,12.025,13.936,14.630,12.149,11.477,11.968,12.807,10.755,10.075,13.400,14.570,14.183,16.194,16.532
10.028,6.288,7.237,5.852,7.584,11.814,12.870,10.222,12.610,9.535,0.000,9.905,11.587,13.024,13.735,12.343,11.809,12.627,14.394,13.472,13.134,16.103,17.461,17.079,17.701,17.684
10.026,7.533,5.537,7.305,6.117,10.746,11.545,10.520,12.120,9.451,9.905,0.000,9.366,10.515,10.607,7.933,7.347,8.196,10.083,9.549,10.208,12.676,14.380,14.651,16.244,16.785
10.071,7.599,8.395,10.895,10.564,15.239,15.674,14.222,15.476,12.025,11.587,9.366,0.000,8.480,9.962,8.629,9.204,10.751,12.057,12.106,13.371,15.128,16.701,17.062,18.035,18.020
11.032,9.449,8.810,12.381,11.940,15.306,16.642,16.300,17.553,13.936,13.024,10.515,8.480,0.000,8.824,9.469,8.868,9.717,12.075,12.393,12.897,14.158,16.146,16.545,17.378,17.897
13.148,11.946,10.770,14.702,12.902,15.863,16.405,16.769,18.176,14.630,13.735,10.607,9.962,8.824,0.000,9.262,10.249,8.768,9.929,11.736,13.118,13.303,15.185,16.166,16.976,17.450
13.374,11.932,10.038,13.114,10.555,14.552,14.340,13.892,16.339,12.149,12.343,7.933,8.629,9.469,9.262,0.000,7.632,9.136,7.756,8.302,11.200,12.028,13.080,13.965,16.135,16.693
12.855,11.148,8.434,11.674,9.146,12.406,12.527,12.726,15.199,11.477,11.809,7.347,9.204,8.868,10.249,7.632,0.000,7.105,9.364,7.603,8.742,11.330,12.750,12.863,14.692,15.970
13.741,12.186,8.585,11.908,8.617,11.017,11.291,12.522,15.236,11.968,12.627,8.196,10.751,9.717,8.768,9.136,7.105,0.000,6.859,8.699,7.669,8.340,11.639,12.317,13.348,14.393
15.432,14.230,11.323,14.270,10.321,13.359,12.448,13.088,16.228,12.807,14.394,10.083,12.057,12.075,9.929,7.756,9.364,6.859,0.000,6.362,8.695,7.463,9.048,11.501,13.169,13.550
15.651,14.318,11.608,13.002,8.585,12.068,10.577,10.921,14.002,10.755,13.472,9.549,12.106,12.393,11.736,8.302,7.603,8.699,6.362,0.000,6.574,8.534,8.353,9.202,12.350,13.170
15.972,14.399,11.235,11.581,6.890,8.654,6.459,8.174,11.992,10.075,13.134,10.208,13.371,12.897,13.118,11.200,8.742,7.669,8.695,6.574,0.000,6.497,8.292,7.867,10.336,11.679
17.325,16.692,13.590,14.881,10.473,11.769,9.608,11.746,15.556,13.400,16.103,12.676,15.128,14.158,13.303,12.028,11.330,8.340,7.463,8.534,6.497,0.000,6.413,8.167,9.437,10.654
17.994,17.927,15.459,16.473,12.011,12.965,10.333,12.423,16.078,14.570,17.461,14.380,16.701,16.146,15.185,13.080,12.750,11.639,9.048,8.353,8.292,6.413,0.000,6.450,8.172,9.367
17.708,17.744,15.666,15.857,11.685,12.025,9.325,11.505,14.856,14.183,17.079,14.651,17.062,16.545,16.166,13.965,12.863,12.317,11.501,9.202,7.867,8.167,6.450,0.000,6.699,9.174
17.749,17.939,16.727,16.768,13.696,12.890,11.462,13.863,16.460,16.194,17.701,16.244,18.035,17.378,16.976,16.135,14.692,13.348,13.169,12.350,10.336,9.437,8.172,6.699,0.000,7.558
17.389,17.618,16.831,16.888,14.648,13.858,12.808,14.685,16.618,16.532,17.684,16.785,18.020,17.897,17.450,16.693,15.970,14.393,13.550,13.170,11.679,10.654,9.367,9.174,7.558,0.000