c1,c2,c3,c4,c5,c6,c7,c8,c9,c10,c11,c12,c13,c14,c15,c16,c17,c18,c19,c20,c21,c22,c23,c24,c25,c26
0.000,6.977,8.179,10.863,13.661,15.151,17.636,16.899,15.372,13.937,10.100,10.040,10.196,11.066,13.229,13.409,12.945,13.837,15.553,15.727,15.966,17.139,17.840,17.733,17.574,17.406
6.977,0.000,6.324,8.400,11.469,13.574,16.172,14.601,12.579,10.656,6.285,7.559,7.722,9.523,12.053,11.968,11.277,12.487,14.458,14.548,14.530,16.667,17.699,17.906,17.901,17.701
8.179,6.324,0.000,6.190,8.536,9.921,12.868,12.542,11.450,9.883,7.228,5.549,8.432,8.765,10.976,10.086,8.495,8.970,11.600,11.703,11.361,13.589,15.299,15.898,16.547,16.944
10.863,8.400,6.190,0.000,6.480,7.793,9.939,8.933,6.270,7.036,5.843,7.304,10.875,12.333,14.731,12.959,11.571,12.239,14.453,13.070,11.777,14.711,16.346,16.168,16.558,16.826
13.661,11.469,8.536,6.480,0.000,6.468,6.060,4.920,6.796,4.926,7.593,6.128,10.520,11.855,12.874,10.302,9.048,9.106,10.596,8.820,7.512,10.442,12.078,12.529,14.091,15.266
15.151,13.574,9.921,7.793,6.468,0.000,7.719,8.324,7.828,9.801,11.783,10.789,15.214,15.231,15.948,14.442,12.252,11.488,13.521,12.060,8.682,11.181,12.344,11.861,12.782,14.242
17.636,16.172,12.868,9.939,6.060,7.719,0.000,5.198,8.097,8.989,12.863,11.569,15.656,16.583,16.410,14.098,12.404,11.701,12.693,10.668,6.789,9.329,10.153,9.924,11.950,13.638
16.899,14.601,12.542,8.933,4.920,8.324,5.198,0.000,6.264,5.308,10.177,10.435,14.131,16.192,16.512,13.570,12.452,12.863,13.166,10.833,8.464,11.679,12.492,12.468,14.324,15.502
15.372,12.579,11.450,6.270,6.796,7.828,8.097,6.264,0.000,8.486,12.325,12.087,15.437,17.537,18.141,16.027,15.004,15.564,16.283,14.038,12.192,15.421,15.957,15.441,16.539,17.071
13.937,10.656,9.883,7.036,4.926,9.801,8.989,5.308,8.486,0.000,9.536,9.422,12.082,13.993,14.544,11.846,11.372,12.292,12.861,10.814,10.223,13.375,14.604,14.988,16.431,17.165
10.100,6.285,7.228,5.843,7.593,11.783,12.863,10.177,12.325,9.536,0.000,9.863,11.676,13.312,13.721,12.154,11.697,13.010,14.412,13.399,13.297,16.055,17.317,17.334,17.477,17.893
10.040,7.559,5.549,7.304,6.128,10.789,11.569,10.435,12.087,9.422,9.863,0.000,9.541,10.818,10.597,7.712,7.257,8.556,10.047,9.412,10.398,12.645,14.100,14.974,16.205,16.870
10.196,7.722,8.432,10.875,10.520,15.214,15.656,14.131,15.437,12.082,11.676,9.541,0.000,8.709,9.862,8.777,9.205,10.826,11.932,11.987,13.324,15.225,16.540,17.216,17.847,18.120
11.066,9.523,8.765,12.333,11.855,15.231,16.583,16.192,17.537,13.993,13.312,10.818,8.709,0.000,9.079,9.818,8.810,9.734,12.108,12.245,12.730,14.210,15.998,16.682,17.226,18.085
13.229,12.053,10.976,14.731,12.874,15.948,16.410,16.512,18.141,14.544,13.721,10.597,9.862,9.079,0.000,9.597,10.132,8.570,9.733,11.546,12.808,13.326,14.869,16.229,16.711,17.429
13.409,11.968,10.086,12.959,10.302,14.442,14.098,13.570,16.027,11.846,12.154,7.712,8.777,9.818,9.597,0.000,7.790,9.184,7.749,8.202,11.011,12.006,12.794,14.376,16.007,16.737
12.945,11.277,8.495,11.571,9.048,12.252,12.404,12.452,15.004,11.372,11.697,7.257,9.205,8.810,10.132,7.790,0.000,7.096,9.255,7.440,8.436,11.188,12.305,13.185,14.510,16.097
13.837,12.487,8.970,12.239,9.106,11.488,11.701,12.863,15.564,12.292,13.010,8.556,10.826,9.734,8.570,9.184,7.096,0.000,6.644,8.630,7.516,8.286,11.179,12.538,13.202,14.776
15.553,14.458,11.600,14.453,10.596,13.521,12.693,13.166,16.283,12.861,14.412,10.047,11.932,12.108,9.733,7.749,9.255,6.644,0.000,6.272,8.643,7.749,8.910,11.841,13.081,13.911
15.727,14.548,11.703,13.070,8.820,12.060,10.668,10.833,14.038,10.814,13.399,9.412,11.987,12.245,11.546,8.202,7.440,8.630,6.272,0.000,6.396,8.523,8.204,10.101,12.301,13.736
15.966,14.530,11.361,11.777,7.512,8.682,6.789,8.464,12.192,10.223,13.297,10.398,13.324,12.730,12.808,11.011,8.436,7.516,8.643,6.396,0.000,6.320,8.202,8.803,10.348,12.351
17.139,16.667,13.589,14.711,10.442,11.181,9.329,11.679,15.421,13.375,16.055,12.645,15.225,14.210,13.326,12.006,11.188,8.286,7.749,8.523,6.320,0.000,6.276,8.378,9.035,10.795
17.840,17.699,15.299,16.346,12.078,12.344,10.153,12.492,15.957,14.604,17.317,14.100,16.540,15.998,14.869,12.794,12.305,11.179,8.910,8.204,8.202,6.276,0.000,6.211,8.104,9.525
17.733,17.906,15.898,16.168,12.529,11.861,9.924,12.468,15.441,14.988,17.334,14.974,17.216,16.682,16.229,14.376,13.185,12.538,11.841,10.101,8.803,8.378,6.211,0.000,6.601,9.119
17.574,17.901,16.547,16.558,14.091,12.782,11.950,14.324,16.539,16.431,17.477,16.205,17.847,17.226,16.711,16.007,14.510,13.202,13.081,12.301,10.348,9.035,8.104,6.601,0.000,7.501
17.406,17.701,16.944,16.826,15.266,14.242,13.638,15.502,17.071,17.165,17.893,16.870,18.120,18.085,17.429,16.737,16.097,14.776,13.911,13.736,12.351,10.795,9.525,9.119,7.501,0.000