c1,c2,c3,c4,c5,c6,c7,c8,c9,c10,c11,c12,c13,c14,c15,c16,c17,c18,c19,c20,c21,c22,c23,c24,c25,c26
0.000,6.197,7.278,9.733,11.993,14.610,15.502,13.491,13.281,14.434,13.795,12.682,14.095,14.434,15.013,14.633,14.374,14.001,14.274,14.363,14.008,14.184,14.425,14.679,14.901,15.234
6.197,0.000,5.881,7.727,10.312,13.067,14.450,12.547,11.714,13.315,12.974,11.585,13.457,14.353,15.004,14.438,14.394,13.813,14.255,14.336,13.821,14.320,14.360,14.755,14.956,15.282
7.278,5.881,0.000,5.807,7.140,10.103,11.476,10.004,9.724,11.444,11.517,10.422,12.578,13.987,14.621,13.753,13.613,12.853,13.495,13.661,13.132,13.792,14.091,14.506,14.898,15.236
9.733,7.727,5.807,0.000,5.760,8.189,10.137,9.269,8.359,11.113,11.730,10.951,13.593,14.928,15.769,14.961,14.950,14.186,14.653,14.518,13.752,14.384,14.528,15.016,15.366,15.604
11.993,10.312,7.140,5.760,0.000,5.857,6.524,5.726,6.404,8.242,9.046,9.230,12.067,13.646,14.465,13.632,14.010,13.194,13.675,13.636,12.709,13.673,14.084,14.446,15.003,15.349
14.610,13.067,10.103,8.189,5.857,0.000,5.492,7.768,7.354,9.191,11.304,11.743,13.710,15.160,16.052,15.219,15.489,14.466,14.715,14.382,13.328,13.991,14.301,14.541,14.872,15.453
15.502,14.450,11.476,10.137,6.524,5.492,0.000,5.480,7.546,8.133,10.089,11.499,13.821,14.866,15.454,14.848,15.142,14.335,14.699,14.143,13.327,14.122,14.426,14.674,15.170,15.420
13.491,12.547,10.004,9.269,5.726,7.768,5.480,0.000,5.698,7.484,8.375,9.210,12.403,14.260,14.616,13.597,14.470,13.813,14.278,14.219,13.406,14.149,14.373,14.798,15.305,15.480
13.281,11.714,9.724,8.359,6.404,7.354,7.546,5.698,0.000,5.828,7.880,8.358,11.062,13.323,14.130,12.735,13.744,13.399,14.241,14.446,13.912,14.495,15.122,15.238,15.554,15.778
14.434,13.315,11.444,11.113,8.242,9.191,8.133,7.484,5.828,0.000,6.040,7.738,9.306,11.605,12.814,11.724,13.013,13.194,14.264,14.777,14.390,15.103,15.655,15.740,15.921,16.119
13.795,12.974,11.517,11.730,9.046,11.304,10.089,8.375,7.880,6.040,0.000,6.332,8.050,9.980,11.176,10.584,12.235,12.632,13.784,14.491,14.503,15.223,15.708,15.793,16.112,16.243
12.682,11.585,10.422,10.951,9.230,11.743,11.499,9.210,8.358,7.738,6.332,0.000,6.344,8.471,9.385,8.398,10.525,11.579,12.847,13.621,13.921,14.440,14.982,15.394,15.799,16.047
14.095,13.457,12.578,13.593,12.067,13.710,13.821,12.403,11.062,9.306,8.050,6.344,0.000,6.267,7.415,7.544,10.030,11.901,13.582,14.512,14.691,15.345,15.821,16.169,16.596,16.636
14.434,14.353,13.987,14.928,13.646,15.160,14.866,14.260,13.323,11.605,9.980,8.471,6.267,0.000,5.973,7.812,9.836,11.764,13.417,14.642,14.687,15.246,16.033,16.281,16.599,16.758
15.013,15.004,14.621,15.769,14.465,16.052,15.454,14.616,14.130,12.814,11.176,9.385,7.415,5.973,0.000,6.149,8.329,11.023,12.406,14.047,15.010,15.224,15.899,16.483,16.851,16.921
14.633,14.438,13.753,14.961,13.632,15.219,14.848,13.597,12.735,11.724,10.584,8.398,7.544,7.812,6.149,0.000,6.253,8.661,10.115,11.934,13.583,14.196,14.812,15.376,15.929,16.266
14.374,14.394,13.613,14.950,14.010,15.489,15.142,14.470,13.744,13.013,12.235,10.525,10.030,9.836,8.329,6.253,0.000,6.391,7.819,8.911,10.695,12.167,13.555,14.346,14.943,15.468
14.001,13.813,12.853,14.186,13.194,14.466,14.335,13.813,13.399,13.194,12.632,11.579,11.901,11.764,11.023,8.661,6.391,0.000,6.146,7.479,8.260,9.559,11.861,13.030,13.626,14.291
14.274,14.255,13.495,14.653,13.675,14.715,14.699,14.278,14.241,14.264,13.784,12.847,13.582,13.417,12.406,10.115,7.819,6.146,0.000,5.940,7.352,8.448,10.242,12.368,13.565,13.983
14.363,14.336,13.661,14.518,13.636,14.382,14.143,14.219,14.446,14.777,14.491,13.621,14.512,14.642,14.047,11.934,8.911,7.479,5.940,0.000,6.001,7.611,8.780,10.630,12.565,13.575
14.008,13.821,13.132,13.752,12.709,13.328,13.327,13.406,13.912,14.390,14.503,13.921,14.691,14.687,15.010,13.583,10.695,8.260,7.352,6.001,0.000,6.123,7.698,8.871,10.567,12.119
14.184,14.320,13.792,14.384,13.673,13.991,14.122,14.149,14.495,15.103,15.223,14.440,15.345,15.246,15.224,14.196,12.167,9.559,8.448,7.611,6.123,0.000,6.099,7.572,8.782,10.028
14.425,14.360,14.091,14.528,14.084,14.301,14.426,14.373,15.122,15.655,15.708,14.982,15.821,16.033,15.899,14.812,13.555,11.861,10.242,8.780,7.698,6.099,0.000,5.995,7.608,8.404
14.679,14.755,14.506,15.016,14.446,14.541,14.674,14.798,15.238,15.740,15.793,15.394,16.169,16.281,16.483,15.376,14.346,13.030,12.368,10.630,8.871,7.572,5.995,0.000,6.099,7.775
14.901,14.956,14.898,15.366,15.003,14.872,15.170,15.305,15.554,15.921,16.112,15.799,16.596,16.599,16.851,15.929,14.943,13.626,13.565,12.565,10.567,8.782,7.608,6.099,0.000,6.379
15.234,15.282,15.236,15.604,15.349,15.453,15.420,15.480,15.778,16.119,16.243,16.047,16.636,16.758,16.921,16.266,15.468,14.291,13.983,13.575,12.119,10.028,8.404,7.775,6.379,0.000