c1,c2,c3,c4,c5,c6,c7,c8,c9,c10,c11,c12,c13,c14,c15,c16,c17,c18,c19,c20,c21,c22,c23,c24,c25,c26
0.000,7.012,8.155,10.800,13.576,15.064,17.568,16.839,15.197,13.802,9.959,9.920,10.083,11.278,13.308,13.305,13.165,13.803,15.261,15.653,15.955,16.914,17.656,17.455,17.467,17.144
7.012,0.000,6.302,8.408,11.449,13.565,16.155,14.622,12.537,10.672,6.301,7.585,7.866,9.837,12.190,11.927,11.575,12.429,14.100,14.659,14.632,16.444,17.567,17.618,17.778,17.411
8.155,6.302,0.000,6.172,8.452,9.886,12.845,12.570,11.394,9.901,7.210,5.503,8.455,9.086,11.104,10.070,8.959,8.858,11.206,11.827,11.599,13.581,15.305,15.630,16.393,16.576
10.800,8.408,6.172,0.000,6.410,7.682,9.933,8.925,6.185,6.994,5.851,7.232,10.872,12.553,14.901,13.063,12.203,12.134,13.968,13.245,11.761,14.531,16.147,15.935,16.457,16.562
13.576,11.449,8.452,6.410,0.000,6.380,5.951,4.901,6.788,4.974,7.595,6.086,10.466,12.025,13.098,10.463,9.575,9.142,10.181,9.036,7.400,10.410,11.915,12.025,13.835,14.800
15.064,13.565,9.886,7.682,6.380,0.000,7.468,8.332,7.874,9.844,11.831,10.706,15.177,15.437,16.086,14.395,12.751,11.234,12.867,12.019,8.669,11.098,12.192,11.719,12.946,13.792
17.568,16.155,12.845,9.933,5.951,7.468,0.000,5.214,8.089,9.015,12.879,11.506,15.519,16.716,16.540,14.160,12.738,11.500,12.215,10.646,6.665,9.113,10.007,9.568,11.862,13.154
16.839,14.622,12.570,8.925,4.901,8.332,5.214,0.000,6.290,5.347,10.230,10.476,14.126,16.301,16.800,13.936,12.989,12.850,12.957,11.090,8.332,11.515,12.556,12.014,14.274,15.124
15.197,12.537,11.394,6.185,6.788,7.874,8.089,6.290,0.000,8.928,12.475,12.024,15.372,17.548,18.217,16.355,15.524,15.390,15.946,14.357,12.076,15.100,15.958,15.145,16.577,16.759
13.802,10.672,9.901,6.994,4.974,9.844,9.015,5.347,8.928,0.000,9.832,9.663,12.038,14.039,14.811,12.316,12.041,12.276,12.692,11.316,10.238,13.294,14.644,14.548,16.511,16.747
9.959,6.301,7.210,5.851,7.595,11.831,12.879,10.230,12.475,9.832,0.000,10.173,11.541,13.152,13.794,12.425,12.290,12.987,14.193,13.785,13.196,15.891,17.262,16.952,17.512,17.545
9.920,7.585,5.503,7.232,6.086,10.706,11.506,10.476,12.024,9.663,10.173,0.000,9.735,10.681,10.684,8.098,7.730,8.484,9.982,9.840,10.314,12.573,14.111,14.399,15.794,16.337
10.083,7.866,8.455,10.872,10.466,15.177,15.519,14.126,15.372,12.038,11.541,9.735,0.000,8.815,9.817,8.610,9.587,10.974,12.167,12.523,13.552,15.304,16.613,16.901,17.642,17.781
11.278,9.837,9.086,12.553,12.025,15.437,16.716,16.301,17.548,14.039,13.152,10.681,8.815,0.000,8.909,9.647,9.335,10.088,12.296,12.721,13.131,14.449,16.078,16.489,17.106,17.786
13.308,12.190,11.104,14.901,13.098,16.086,16.540,16.800,18.217,14.811,13.794,10.684,9.817,8.909,0.000,9.739,10.304,9.158,10.280,12.180,13.217,13.657,15.026,16.043,16.644,17.238
13.305,11.927,10.070,13.063,10.463,14.395,14.160,13.936,16.355,12.316,12.425,8.098,8.610,9.647,9.739,0.000,8.070,9.255,8.206,8.827,11.480,12.391,13.151,14.075,15.975,16.562
13.165,11.575,8.959,12.203,9.575,12.751,12.738,12.989,15.524,12.041,12.290,7.730,9.587,9.335,10.304,8.070,0.000,7.542,9.378,8.142,9.039,11.481,12.588,12.845,14.464,15.775
13.803,12.429,8.858,12.134,9.142,11.234,11.500,12.850,15.390,12.276,12.987,8.484,10.974,10.088,9.158,9.255,7.542,0.000,7.338,8.817,7.976,8.686,11.288,12.263,13.242,14.392
15.261,14.100,11.206,13.968,10.181,12.867,12.215,12.957,15.946,12.692,14.193,9.982,12.167,12.296,10.280,8.206,9.378,7.338,0.000,6.602,8.580,8.042,8.981,11.314,12.882,13.436
15.653,14.659,11.827,13.245,9.036,12.019,10.646,11.090,14.357,11.316,13.785,9.840,12.523,12.721,12.180,8.827,8.142,8.817,6.602,0.000,6.899,8.657,8.256,9.160,11.696,12.974
15.955,14.632,11.599,11.761,7.400,8.669,6.665,8.332,12.076,10.238,13.196,10.314,13.552,13.131,13.217,11.480,9.039,7.976,8.580,6.899,0.000,6.673,8.337,8.367,10.209,11.937
16.914,16.444,13.581,14.531,10.410,11.098,9.113,11.515,15.100,13.294,15.891,12.573,15.304,14.449,13.657,12.391,11.481,8.686,8.042,8.657,6.673,0.000,6.431,8.214,9.165,10.651
17.656,17.567,15.305,16.147,11.915,12.192,10.007,12.556,15.958,14.644,17.262,14.111,16.613,16.078,15.026,13.151,12.588,11.288,8.981,8.256,8.337,6.431,0.000,6.538,8.157,9.512
17.455,17.618,15.630,15.935,12.025,11.719,9.568,12.014,15.145,14.548,16.952,14.399,16.901,16.489,16.043,14.075,12.845,12.263,11.314,9.160,8.367,8.214,6.538,0.000,6.766,9.253
17.467,17.778,16.393,16.457,13.835,12.946,11.862,14.274,16.577,16.511,17.512,15.794,17.642,17.106,16.644,15.975,14.464,13.242,12.882,11.696,10.209,9.165,8.157,6.766,0.000,7.628
17.144,17.411,16.576,16.562,14.800,13.792,13.154,15.124,16.759,16.747,17.545,16.337,17.781,17.786,17.238,16.562,15.775,14.392,13.436,12.974,11.937,10.651,9.512,9.253,7.628,0.000