c1,c2,c3,c4,c5,c6,c7,c8,c9,c10,c11,c12,c13,c14,c15,c16,c17,c18,c19,c20,c21,c22,c23,c24,c25,c26
0.000,5.885,7.321,9.399,11.654,14.184,15.394,14.986,15.045,15.473,15.738,16.281,16.853,16.462,16.492,16.332,16.232,15.711,16.069,15.812,15.557,15.447,15.398,15.251,15.102,15.096
5.885,0.000,5.667,7.431,9.534,12.194,14.408,15.150,13.807,14.387,15.255,15.552,16.174,16.633,16.118,16.121,15.739,15.368,15.730,15.427,15.052,15.096,15.020,15.037,14.862,14.868
7.321,5.667,0.000,5.661,7.204,9.452,11.777,14.080,14.217,13.064,14.137,15.195,15.653,16.089,16.820,16.419,16.118,15.463,15.974,15.611,15.040,15.172,15.197,15.060,14.913,14.823
9.399,7.431,5.661,0.000,5.663,7.388,9.497,11.672,13.301,13.866,13.086,13.970,15.213,15.476,16.102,16.702,15.756,15.159,15.549,15.467,14.735,14.897,15.176,15.061,14.899,14.766
11.654,9.534,7.204,5.663,0.000,5.695,7.154,9.071,10.279,12.826,13.509,13.012,14.200,15.204,15.711,16.354,16.434,15.212,15.720,15.255,14.328,14.719,14.922,14.811,14.764,14.582
14.184,12.194,9.452,7.388,5.695,0.000,5.739,7.507,8.795,10.346,12.832,13.417,13.363,14.147,15.329,15.895,15.821,15.693,15.596,15.318,14.352,14.639,15.053,14.864,14.817,14.648
15.394,14.408,11.777,9.497,7.154,5.739,0.000,5.711,7.384,8.829,10.431,12.553,13.587,13.389,14.454,15.553,15.452,15.148,16.106,15.471,14.359,14.661,15.145,15.068,15.054,14.737
14.986,15.150,14.080,11.672,9.071,7.507,5.711,0.000,5.780,7.609,8.861,10.404,13.000,13.481,13.672,14.663,15.047,14.653,15.407,15.938,14.499,14.714,15.245,15.241,15.221,15.019
15.045,13.807,14.217,13.301,10.279,8.795,7.384,5.780,0.000,5.830,7.750,8.663,10.728,12.444,13.399,13.637,13.893,13.983,14.627,15.200,14.880,14.502,15.045,15.058,15.231,15.142
15.473,14.387,13.064,13.866,12.826,10.346,8.829,7.609,5.830,0.000,6.047,7.870,9.108,10.425,12.522,13.477,13.214,13.348,14.488,15.165,15.112,15.617,15.652,15.726,15.751,15.649
15.738,15.255,14.137,13.086,13.509,12.832,10.431,8.861,7.750,6.047,0.000,6.282,8.035,8.896,10.425,12.413,12.816,12.331,13.398,14.689,14.735,15.299,16.220,15.977,15.993,15.913
16.281,15.552,15.195,13.970,13.012,13.417,12.553,10.404,8.663,7.870,6.282,0.000,6.451,8.280,9.065,10.676,11.663,11.949,12.367,13.737,14.454,14.954,15.868,16.499,16.177,16.098
16.853,16.174,15.653,15.213,14.200,13.363,13.587,13.000,10.728,9.108,8.035,6.451,0.000,6.482,8.041,9.368,10.102,11.107,12.172,13.032,13.803,14.670,15.648,16.525,16.841,16.414
16.462,16.633,16.089,15.476,15.204,14.147,13.389,13.481,12.444,10.425,8.896,8.280,6.482,0.000,6.484,8.450,8.569,9.228,11.023,12.577,12.590,13.494,14.850,15.925,16.374,16.542
16.492,16.118,16.820,16.102,15.711,15.329,14.454,13.672,13.399,12.522,10.425,9.065,8.041,6.484,0.000,6.443,7.847,8.306,9.325,11.807,12.616,12.579,13.756,15.479,16.184,16.502
16.332,16.121,16.419,16.702,16.354,15.895,15.553,14.663,13.637,13.477,12.413,10.676,9.368,8.450,6.443,0.000,6.251,7.897,7.990,9.486,11.993,12.550,12.466,14.075,15.614,16.066
16.232,15.739,16.118,15.756,16.434,15.821,15.452,15.047,13.893,13.214,12.816,11.663,10.102,8.569,7.847,6.251,0.000,5.851,7.662,8.277,9.469,11.841,12.638,13.024,14.168,15.394
15.711,15.368,15.463,15.159,15.212,15.693,15.148,14.653,13.983,13.348,12.331,11.949,11.107,9.228,8.306,7.897,5.851,0.000,5.802,7.582,7.691,8.894,11.440,12.628,12.788,13.995
16.069,15.730,15.974,15.549,15.720,15.596,16.106,15.407,14.627,14.488,13.398,12.367,12.172,11.023,9.325,7.990,7.662,5.802,0.000,5.670,7.470,7.888,8.895,11.553,12.489,13.058
15.812,15.427,15.611,15.467,15.255,15.318,15.471,15.938,15.200,15.165,14.689,13.737,13.032,12.577,11.807,9.486,8.277,7.582,5.670,0.000,5.649,7.520,7.486,9.450,11.295,12.453
15.557,15.052,15.040,14.735,14.328,14.352,14.359,14.499,14.880,15.112,14.735,14.454,13.803,12.590,12.616,11.993,9.469,7.691,7.470,5.649,0.000,5.573,7.475,8.170,9.793,11.404
15.447,15.096,15.172,14.897,14.719,14.639,14.661,14.714,14.502,15.617,15.299,14.954,14.670,13.494,12.579,12.550,11.841,8.894,7.888,7.520,5.573,0.000,5.570,7.556,8.512,10.076
15.398,15.020,15.197,15.176,14.922,15.053,15.145,15.245,15.045,15.652,16.220,15.868,15.648,14.850,13.756,12.466,12.638,11.440,8.895,7.486,7.475,5.570,0.000,5.623,7.582,9.004
15.251,15.037,15.060,15.061,14.811,14.864,15.068,15.241,15.058,15.726,15.977,16.499,16.525,15.925,15.479,14.075,13.024,12.628,11.553,9.450,8.170,7.556,5.623,0.000,5.716,7.911
15.102,14.862,14.913,14.899,14.764,14.817,15.054,15.221,15.231,15.751,15.993,16.177,16.841,16.374,16.184,15.614,14.168,12.788,12.489,11.295,9.793,8.512,7.582,5.716,0.000,6.337
15.096,14.868,14.823,14.766,14.582,14.648,14.737,15.019,15.142,15.649,15.913,16.098,16.414,16.542,16.502,16.066,15.394,13.995,13.058,12.453,11.404,10.076,9.004,7.911,6.337,0.000