c1,c2,c3,c4,c5,c6,c7,c8,c9,c10,c11,c12,c13,c14,c15,c16,c17,c18,c19,c20,c21,c22,c23,c24,c25,c26
0.000,6.665,8.178,10.955,13.968,15.435,17.891,17.156,15.572,14.182,10.133,10.170,10.202,10.997,13.332,13.414,13.261,14.034,15.401,15.756,16.203,17.279,17.684,17.167,17.221,17.150
6.665,0.000,6.234,7.929,11.318,13.497,16.015,14.457,12.350,10.488,5.940,7.469,7.626,9.505,12.166,11.765,11.609,12.759,14.343,14.439,14.737,16.935,17.550,17.127,17.344,17.336
8.178,6.234,0.000,6.169,8.526,9.957,12.832,12.491,11.440,9.876,7.201,5.538,8.448,8.609,11.038,9.638,8.485,8.828,11.037,11.330,11.394,13.876,15.066,15.035,15.875,16.303
10.955,7.929,6.169,0.000,6.335,7.661,9.923,8.922,6.271,7.038,5.839,7.239,10.896,12.324,14.860,12.810,11.998,12.281,13.899,12.731,11.710,15.023,15.873,15.298,16.027,16.509
13.968,11.318,8.526,6.335,0.000,6.371,5.837,4.931,6.767,4.943,7.581,6.121,10.564,12.058,13.320,10.535,9.866,9.438,10.264,8.329,7.291,10.810,11.749,11.573,13.514,14.667
15.435,13.497,9.957,7.661,6.371,0.000,7.427,8.340,7.866,9.833,11.805,10.709,15.207,15.362,16.316,14.515,12.768,11.721,13.382,11.521,8.596,11.862,12.034,11.192,12.553,13.662
17.891,16.015,12.832,9.923,5.837,7.427,0.000,5.250,8.194,8.984,12.861,11.496,15.515,16.686,16.709,14.268,13.064,11.996,12.674,10.363,6.774,10.023,9.834,9.138,11.827,13.186
17.156,14.457,12.491,8.922,4.931,8.340,5.250,0.000,6.292,5.396,10.222,10.514,14.180,16.289,16.888,13.890,13.396,13.070,13.072,10.667,8.525,12.385,12.467,11.651,14.351,15.116
15.572,12.350,11.440,6.271,6.767,7.866,8.194,6.292,0.000,8.618,12.536,11.913,15.377,17.478,18.206,16.083,15.691,15.615,15.973,13.824,12.054,15.600,15.605,14.630,16.469,16.662
14.182,10.488,9.876,7.038,4.943,9.833,8.984,5.396,8.618,0.000,9.251,9.384,11.825,13.926,14.796,12.084,12.385,12.559,12.824,10.937,10.395,13.713,14.707,14.207,16.204,16.677
10.133,5.940,7.201,5.839,7.581,11.805,12.861,10.222,12.536,9.251,0.000,9.962,11.365,12.881,13.649,12.161,12.674,13.287,14.416,13.361,13.173,16.125,17.130,16.340,17.104,17.438
10.170,7.469,5.538,7.239,6.121,10.709,11.496,10.514,11.913,9.384,9.962,0.000,9.554,10.306,10.508,8.037,8.248,8.802,10.279,9.685,10.416,12.861,14.433,14.315,15.510,16.425
10.202,7.626,8.448,10.896,10.564,15.207,15.515,14.180,15.377,11.825,11.365,9.554,0.000,8.793,9.481,8.654,10.021,11.232,12.338,12.588,13.773,15.656,17.017,16.770,17.113,17.716
10.997,9.505,8.609,12.324,12.058,15.362,16.686,16.289,17.478,13.926,12.881,10.306,8.793,0.000,9.364,9.569,9.674,10.694,12.895,13.093,13.957,15.168,16.888,16.632,16.659,17.561
13.332,12.166,11.038,14.860,13.320,16.316,16.709,16.888,18.206,14.796,13.649,10.508,9.481,9.364,0.000,9.853,10.500,9.660,11.173,12.605,14.029,14.807,16.574,16.668,16.606,17.480
13.414,11.765,9.638,12.810,10.535,14.515,14.268,13.890,16.083,12.084,12.161,8.037,8.654,9.569,9.853,0.000,8.379,9.215,8.843,9.587,12.135,12.995,14.635,14.707,15.850,16.845
13.261,11.609,8.485,11.998,9.866,12.768,13.064,13.396,15.691,12.385,12.674,8.248,10.021,9.674,10.500,8.379,0.000,7.694,9.412,8.844,10.458,12.357,13.789,13.546,14.342,15.962
14.034,12.759,8.828,12.281,9.438,11.721,11.996,13.070,15.615,12.559,13.287,8.802,11.232,10.694,9.660,9.215,7.694,0.000,7.384,8.902,9.041,9.951,12.525,12.691,13.118,14.694
15.401,14.343,11.037,13.899,10.264,13.382,12.674,13.072,15.973,12.824,14.416,10.279,12.338,12.895,11.173,8.843,9.412,7.384,0.000,6.644,9.091,8.779,10.869,12.160,13.117,14.370
15.756,14.439,11.330,12.731,8.329,11.521,10.363,10.667,13.824,10.937,13.361,9.685,12.588,13.093,12.605,9.587,8.844,8.902,6.644,0.000,7.107,8.958,9.936,10.685,12.613,14.428
16.203,14.737,11.394,11.710,7.291,8.596,6.774,8.525,12.054,10.395,13.173,10.416,13.773,13.957,14.029,12.135,10.458,9.041,9.091,7.107,0.000,7.127,8.352,8.408,10.301,12.335
17.279,16.935,13.876,15.023,10.810,11.862,10.023,12.385,15.600,13.713,16.125,12.861,15.656,15.168,14.807,12.995,12.357,9.951,8.779,8.958,7.127,0.000,7.145,8.658,9.173,11.159
17.684,17.550,15.066,15.873,11.749,12.034,9.834,12.467,15.605,14.707,17.130,14.433,17.017,16.888,16.574,14.635,13.789,12.525,10.869,9.936,8.352,7.145,0.000,7.058,8.244,10.024
17.167,17.127,15.035,15.298,11.573,11.192,9.138,11.651,14.630,14.207,16.340,14.315,16.770,16.632,16.668,14.707,13.546,12.691,12.160,10.685,8.408,8.658,7.058,0.000,7.289,9.786
17.221,17.344,15.875,16.027,13.514,12.553,11.827,14.351,16.469,16.204,17.104,15.510,17.113,16.659,16.606,15.850,14.342,13.118,13.117,12.613,10.301,9.173,8.244,7.289,0.000,7.918
17.150,17.336,16.303,16.509,14.667,13.662,13.186,15.116,16.662,16.677,17.438,16.425,17.716,17.561,17.480,16.845,15.962,14.694,14.370,14.428,12.335,11.159,10.024,9.786,7.918,0.000