c1,c2,c3,c4,c5,c6,c7,c8,c9,c10,c11,c12,c13,c14,c15,c16,c17,c18,c19,c20,c21,c22,c23,c24,c25,c26
0.000,5.854,8.088,9.562,11.337,13.448,15.402,16.405,16.403,16.214,15.736,14.424,14.113,13.699,13.649,14.285,14.279,14.603,15.192,15.093,15.288,15.937,16.248,16.008,15.795,15.894
5.854,0.000,5.797,7.156,8.204,11.298,13.691,15.835,16.534,16.163,14.660,13.329,13.100,12.588,12.582,13.295,13.312,13.704,14.710,14.609,14.518,15.611,16.060,15.872,15.621,15.834
8.088,5.797,0.000,5.576,7.477,9.818,12.619,15.325,16.838,16.399,14.222,13.102,12.842,12.342,12.172,13.132,13.404,13.575,14.524,14.620,14.347,15.667,16.254,16.020,15.781,15.990
9.562,7.156,5.576,0.000,5.714,7.603,10.533,13.176,15.173,15.173,12.172,11.147,11.635,11.885,12.202,13.328,13.709,13.756,15.050,14.789,14.179,15.620,16.400,16.167,15.983,16.252
11.337,8.204,7.477,5.714,0.000,5.799,7.547,10.710,13.261,13.199,10.171,9.704,10.138,11.745,11.741,13.445,13.162,12.864,14.454,14.179,13.031,14.600,15.350,15.252,15.295,15.722
13.448,11.298,9.818,7.603,5.799,0.000,5.863,7.594,9.723,10.310,8.118,8.667,10.529,12.687,13.664,15.216,14.494,14.190,15.914,15.531,14.141,15.607,16.539,16.142,16.176,16.397
15.402,13.691,12.619,10.533,7.547,5.863,0.000,5.563,8.701,8.964,5.593,7.353,8.203,11.345,12.394,13.932,13.113,12.508,14.494,14.647,13.296,14.386,15.386,15.205,15.357,15.835
16.405,15.835,15.325,13.176,10.710,7.594,5.563,0.000,5.567,6.030,5.540,8.835,10.746,13.747,15.358,16.002,14.546,14.585,16.499,16.508,15.081,15.820,16.479,16.153,15.982,16.284
16.403,16.534,16.838,15.173,13.261,9.723,8.701,5.567,0.000,5.337,7.419,9.017,11.394,14.176,15.601,15.253,14.084,14.490,16.118,16.155,15.063,15.835,16.371,16.160,16.091,16.260
16.214,16.163,16.399,15.173,13.199,10.310,8.964,6.030,5.337,0.000,5.854,8.004,10.623,12.834,14.951,15.276,13.466,13.766,16.071,15.994,14.666,16.144,16.581,16.237,16.191,16.318
15.736,14.660,14.222,12.172,10.171,8.118,5.593,5.540,7.419,5.854,0.000,6.196,8.052,10.765,12.588,14.190,12.916,12.492,14.840,14.764,13.403,15.339,16.558,15.953,16.264,16.294
14.424,13.329,13.102,11.147,9.704,8.667,7.353,8.835,9.017,8.004,6.196,0.000,6.206,8.346,10.404,11.620,11.218,10.768,13.149,13.261,12.292,14.339,15.946,15.990,15.960,16.126
14.113,13.100,12.842,11.635,10.138,10.529,8.203,10.746,11.394,10.623,8.052,6.206,0.000,6.440,7.912,9.361,8.550,8.583,11.697,11.522,10.322,12.768,14.481,14.646,15.544,16.204
13.699,12.588,12.342,11.885,11.745,12.687,11.345,13.747,14.176,12.834,10.765,8.346,6.440,0.000,6.159,7.616,8.704,8.831,11.281,11.626,11.641,13.540,15.228,15.665,16.609,17.065
13.649,12.582,12.172,12.202,11.741,13.664,12.394,15.358,15.601,14.951,12.588,10.404,7.912,6.159,0.000,6.177,7.469,7.688,9.153,10.870,11.477,12.445,14.105,15.340,16.361,16.726
14.285,13.295,13.132,13.328,13.445,15.216,13.932,16.002,15.253,15.276,14.190,11.620,9.361,7.616,6.177,0.000,6.098,7.570,8.325,8.555,10.801,12.294,13.144,13.987,15.870,16.459
14.279,13.312,13.404,13.709,13.162,14.494,13.113,14.546,14.084,13.466,12.916,11.218,8.550,8.704,7.469,6.098,0.000,5.948,7.475,6.975,7.820,10.618,12.134,12.362,14.089,15.426
14.603,13.704,13.575,13.756,12.864,14.190,12.508,14.585,14.490,13.766,12.492,10.768,8.583,8.831,7.688,7.570,5.948,0.000,5.714,7.473,6.785,8.012,11.196,12.117,12.992,14.090
15.192,14.710,14.524,15.050,14.454,15.914,14.494,16.499,16.118,16.071,14.840,13.149,11.697,11.281,9.153,8.325,7.475,5.714,0.000,5.624,7.543,7.205,8.942,11.318,12.949,13.399
15.093,14.609,14.620,14.789,14.179,15.531,14.647,16.508,16.155,15.994,14.764,13.261,11.522,11.626,10.870,8.555,6.975,7.473,5.624,0.000,5.656,7.526,7.893,9.065,11.915,12.891
15.288,14.518,14.347,14.179,13.031,14.141,13.296,15.081,15.063,14.666,13.403,12.292,10.322,11.641,11.477,10.801,7.820,6.785,7.543,5.656,0.000,5.682,7.657,7.669,9.537,11.109
15.937,15.611,15.667,15.620,14.600,15.607,14.386,15.820,15.835,16.144,15.339,14.339,12.768,13.540,12.445,12.294,10.618,8.012,7.205,7.526,5.682,0.000,5.657,7.507,8.624,9.839
16.248,16.060,16.254,16.400,15.350,16.539,15.386,16.479,16.371,16.581,16.558,15.946,14.481,15.228,14.105,13.144,12.134,11.196,8.942,7.893,7.657,5.657,0.000,5.783,7.712,8.950
16.008,15.872,16.020,16.167,15.252,16.142,15.205,16.153,16.160,16.237,15.953,15.990,14.646,15.665,15.340,13.987,12.362,12.117,11.318,9.065,7.669,7.507,5.783,0.000,5.830,7.926
15.795,15.621,15.781,15.983,15.295,16.176,15.357,15.982,16.091,16.191,16.264,15.960,15.544,16.609,16.361,15.870,14.089,12.992,12.949,11.915,9.537,8.624,7.712,5.830,0.000,6.304
15.894,15.834,15.990,16.252,15.722,16.397,15.835,16.284,16.260,16.318,16.294,16.126,16.204,17.065,16.726,16.459,15.426,14.090,13.399,12.891,11.109,9.839,8.950,7.926,6.304,0.000