c1,c2,c3,c4,c5,c6,c7,c8,c9,c10,c11,c12,c13,c14,c15,c16,c17,c18,c19,c20,c21,c22,c23,c24,c25,c26
0.000,5.821,8.047,9.563,10.639,12.419,14.614,14.661,13.609,15.172,15.854,16.216,16.365,16.171,16.150,16.076,15.812,15.388,15.589,14.946,15.077,15.772,15.932,15.871,15.728,16.055
5.821,0.000,5.696,6.969,8.185,10.921,13.517,13.961,12.175,14.146,15.241,16.045,16.432,16.140,16.181,16.194,15.987,15.704,15.967,15.473,15.382,15.987,16.224,15.999,15.530,15.911
8.047,5.696,0.000,5.577,7.465,8.662,11.599,12.357,10.859,13.015,14.686,15.898,16.283,15.980,16.002,16.255,16.116,16.017,16.200,15.917,15.804,16.005,16.427,16.158,15.843,16.337
9.563,6.969,5.577,0.000,5.580,7.581,9.894,11.217,9.923,12.364,14.065,15.614,16.187,15.757,15.772,16.259,16.236,15.927,16.228,16.296,16.231,16.647,16.797,16.562,15.929,16.344
10.639,8.185,7.465,5.580,0.000,5.703,8.197,8.512,6.217,9.323,11.004,13.361,14.628,14.439,14.691,15.248,15.540,15.447,16.006,16.219,16.169,16.576,16.580,16.334,15.752,16.300
12.419,10.921,8.662,7.581,5.703,0.000,5.564,6.399,6.332,8.794,11.039,13.580,14.970,14.366,14.442,14.980,15.432,15.114,15.559,16.007,16.190,16.666,16.664,16.463,15.713,16.156
14.614,13.517,11.599,9.894,8.197,5.564,0.000,5.453,7.423,7.998,10.226,12.953,14.363,13.852,13.739,14.417,14.605,14.410,14.963,15.618,15.959,16.431,16.750,16.459,15.992,16.446
14.661,13.961,12.357,11.217,8.512,6.399,5.453,0.000,5.669,7.802,9.385,11.706,13.343,13.235,12.976,13.325,13.773,13.256,13.971,14.786,14.879,15.573,15.694,15.814,15.088,15.986
13.609,12.175,10.859,9.923,6.217,6.332,7.423,5.669,0.000,5.711,7.908,10.400,12.053,12.513,13.244,13.728,14.228,14.322,15.280,15.739,15.614,16.380,16.522,16.425,15.869,16.668
15.172,14.146,13.015,12.364,9.323,8.794,7.998,7.802,5.711,0.000,5.990,8.334,10.292,11.049,12.409,12.895,13.785,14.199,15.569,15.950,15.804,16.551,16.869,16.449,16.115,16.818
15.854,15.241,14.686,14.065,11.004,11.039,10.226,9.385,7.908,5.990,0.000,6.254,7.378,7.641,9.003,9.940,11.349,12.185,13.869,14.704,14.280,15.082,15.410,14.719,14.436,15.488
16.216,16.045,15.898,15.614,13.361,13.580,12.953,11.706,10.400,8.334,6.254,0.000,5.973,8.171,9.098,9.994,11.882,13.123,14.778,15.148,14.952,15.641,16.086,15.105,14.711,15.761
16.365,16.432,16.283,16.187,14.628,14.970,14.363,13.343,12.053,10.292,7.378,5.973,0.000,6.097,7.316,8.475,10.258,12.000,14.086,14.631,14.159,15.020,15.086,13.715,13.662,14.679
16.171,16.140,15.980,15.757,14.439,14.366,13.852,13.235,12.513,11.049,7.641,8.171,6.097,0.000,6.190,7.770,9.232,10.512,13.055,13.968,13.015,13.637,13.947,12.565,12.693,14.029
16.150,16.181,16.002,15.772,14.691,14.442,13.739,12.976,13.244,12.409,9.003,9.098,7.316,6.190,0.000,6.117,7.857,8.690,10.933,12.096,11.023,11.426,11.830,10.486,10.556,12.498
16.076,16.194,16.255,16.259,15.248,14.980,14.417,13.325,13.728,12.895,9.940,9.994,8.475,7.770,6.117,0.000,5.922,8.064,9.796,10.904,10.512,11.046,11.096,10.073,10.252,12.323
15.812,15.987,16.116,16.236,15.540,15.432,14.605,13.773,14.228,13.785,11.349,11.882,10.258,9.232,7.857,5.922,0.000,5.886,7.890,9.036,8.049,7.989,9.149,8.899,9.989,12.650
15.388,15.704,16.017,15.927,15.447,15.114,14.410,13.256,14.322,14.199,12.185,13.123,12.000,10.512,8.690,8.064,5.886,0.000,5.813,6.170,5.459,7.183,7.868,9.259,9.143,11.906
15.589,15.967,16.200,16.228,16.006,15.559,14.963,13.971,15.280,15.569,13.869,14.778,14.086,13.055,10.933,9.796,7.890,5.813,0.000,5.563,7.665,7.218,8.902,11.032,11.478,13.697
14.946,15.473,15.917,16.296,16.219,16.007,15.618,14.786,15.739,15.950,14.704,15.148,14.631,13.968,12.096,10.904,9.036,6.170,5.563,0.000,5.320,7.689,8.140,10.667,11.455,13.940
15.077,15.382,15.804,16.231,16.169,16.190,15.959,14.879,15.614,15.804,14.280,14.952,14.159,13.015,11.023,10.512,8.049,5.459,7.665,5.320,0.000,5.621,6.579,8.596,9.465,12.180
15.772,15.987,16.005,16.647,16.576,16.666,16.431,15.573,16.380,16.551,15.082,15.641,15.020,13.637,11.426,11.046,7.989,7.183,7.218,7.689,5.621,0.000,5.896,8.229,9.525,11.537
15.932,16.224,16.427,16.797,16.580,16.664,16.750,15.694,16.522,16.869,15.410,16.086,15.086,13.947,11.830,11.096,9.149,7.868,8.902,8.140,6.579,5.896,0.000,6.010,7.543,9.595
15.871,15.999,16.158,16.562,16.334,16.463,16.459,15.814,16.425,16.449,14.719,15.105,13.715,12.565,10.486,10.073,8.899,9.259,11.032,10.667,8.596,8.229,6.010,0.000,6.211,8.279
15.728,15.530,15.843,15.929,15.752,15.713,15.992,15.088,15.869,16.115,14.436,14.711,13.662,12.693,10.556,10.252,9.989,9.143,11.478,11.455,9.465,9.525,7.543,6.211,0.000,6.675
16.055,15.911,16.337,16.344,16.300,16.156,16.446,15.986,16.668,16.818,15.488,15.761,14.679,14.029,12.498,12.323,12.650,11.906,13.697,13.940,12.180,11.537,9.595,8.279,6.675,0.000