c1,c2,c3,c4,c5,c6,c7,c8,c9,c10,c11,c12,c13,c14,c15,c16,c17,c18,c19,c20,c21,c22,c23,c24,c25,c26
0.000,6.712,7.983,9.426,11.081,13.151,14.661,15.864,16.422,15.549,13.400,13.337,12.724,12.742,14.550,14.995,14.094,14.596,16.063,16.241,16.042,16.791,16.947,16.730,16.602,16.500
6.712,0.000,6.103,7.904,9.611,12.438,14.458,16.135,16.540,15.028,11.984,11.843,11.058,11.171,13.367,13.955,12.931,13.708,15.642,15.923,15.383,16.703,16.849,16.693,16.441,16.404
7.983,6.103,0.000,6.186,7.751,10.290,12.461,15.073,15.154,13.755,10.629,10.393,9.723,9.793,12.151,12.369,11.097,11.550,13.971,14.122,13.806,15.744,16.816,16.485,16.499,16.427
9.426,7.904,6.186,0.000,6.172,8.238,10.467,12.958,12.675,11.156,8.031,8.737,9.321,10.875,13.049,12.817,11.545,12.808,14.915,14.240,13.495,16.000,17.091,16.836,16.657,16.634
11.081,9.611,7.751,6.172,0.000,6.473,7.283,10.394,11.084,9.935,8.292,7.169,9.783,10.337,12.108,11.388,9.430,10.389,12.853,11.810,10.304,13.254,14.986,14.843,15.191,15.947
13.151,12.438,10.290,8.238,6.473,0.000,5.954,7.837,7.668,7.864,7.359,8.587,11.813,12.883,15.011,13.705,12.107,13.244,15.372,13.526,11.507,14.704,16.132,15.493,15.815,16.214
14.661,14.458,12.461,10.467,7.283,5.954,0.000,5.374,7.977,7.270,9.247,7.835,12.126,12.646,13.777,12.347,9.918,10.784,12.567,10.533,7.242,10.785,12.449,12.263,13.048,14.381
15.864,16.135,15.073,12.958,10.394,7.837,5.374,0.000,5.549,6.115,9.780,9.700,13.882,15.045,15.530,13.138,11.350,12.376,13.541,11.068,8.074,11.301,12.425,12.200,13.256,14.284
16.422,16.540,15.154,12.675,11.084,7.668,7.977,5.549,0.000,5.995,9.450,11.070,14.591,16.576,17.542,14.917,13.259,15.217,16.382,13.885,12.266,15.414,16.041,15.077,15.869,16.229
15.549,15.028,13.755,11.156,9.935,7.864,7.270,6.115,5.995,0.000,6.961,8.185,11.089,13.294,14.189,11.337,10.270,12.501,13.294,10.705,10.805,14.000,14.685,14.294,15.626,16.165
13.400,11.984,10.629,8.031,8.292,7.359,9.247,9.780,9.450,6.961,0.000,8.077,10.248,11.777,13.038,11.278,10.380,13.152,14.270,12.969,13.527,16.310,17.225,16.652,17.195,17.318
13.337,11.843,10.393,8.737,7.169,8.587,7.835,9.700,11.070,8.185,8.077,0.000,7.634,9.204,9.630,6.986,6.277,8.903,10.168,8.995,10.004,12.747,13.746,14.050,15.599,16.206
12.724,11.058,9.723,9.321,9.783,11.813,12.126,13.882,14.591,11.089,10.248,7.634,0.000,6.695,7.566,6.939,7.739,9.715,10.934,11.372,12.666,14.592,15.943,16.582,17.781,17.581
12.742,11.171,9.793,10.875,10.337,12.883,12.646,15.045,16.576,13.294,11.777,9.204,6.695,0.000,6.920,7.840,6.900,7.798,10.850,11.587,11.749,13.355,15.651,15.979,16.848,17.453
14.550,13.367,12.151,13.049,12.108,15.011,13.777,15.530,17.542,14.189,13.038,9.630,7.566,6.920,0.000,7.516,8.214,7.239,8.297,10.892,11.953,12.142,13.832,15.558,16.431,16.615
14.995,13.955,12.369,12.817,11.388,13.705,12.347,13.138,14.917,11.337,11.278,6.986,6.939,7.840,7.516,0.000,6.360,8.074,7.044,7.659,10.596,11.687,12.356,13.428,15.614,15.903
14.094,12.931,11.097,11.545,9.430,12.107,9.918,11.350,13.259,10.270,10.380,6.277,7.739,6.900,8.214,6.360,0.000,6.249,8.005,6.954,7.649,10.774,12.054,12.215,13.967,15.200
14.596,13.708,11.550,12.808,10.389,13.244,10.784,12.376,15.217,12.501,13.152,8.903,9.715,7.798,7.239,8.074,6.249,0.000,6.108,7.822,6.899,7.764,10.982,11.712,12.548,13.495
16.063,15.642,13.971,14.915,12.853,15.372,12.567,13.541,16.382,13.294,14.270,10.168,10.934,10.850,8.297,7.044,8.005,6.108,0.000,5.864,7.793,7.008,8.358,10.803,12.419,12.585
16.241,15.923,14.122,14.240,11.810,13.526,10.533,11.068,13.885,10.705,12.969,8.995,11.372,11.587,10.892,7.659,6.954,7.822,5.864,0.000,5.825,7.857,7.819,8.400,11.502,12.327
16.042,15.383,13.806,13.495,10.304,11.507,7.242,8.074,12.266,10.805,13.527,10.004,12.666,11.749,11.953,10.596,7.649,6.899,7.793,5.825,0.000,5.746,7.702,7.237,9.387,11.138
16.791,16.703,15.744,16.000,13.254,14.704,10.785,11.301,15.414,14.000,16.310,12.747,14.592,13.355,12.142,11.687,10.774,7.764,7.008,7.857,5.746,0.000,5.616,7.703,8.691,9.807
16.947,16.849,16.816,17.091,14.986,16.132,12.449,12.425,16.041,14.685,17.225,13.746,15.943,15.651,13.832,12.356,12.054,10.982,8.358,7.819,7.702,5.616,0.000,5.872,8.050,8.958
16.730,16.693,16.485,16.836,14.843,15.493,12.263,12.200,15.077,14.294,16.652,14.050,16.582,15.979,15.558,13.428,12.215,11.712,10.803,8.400,7.237,7.703,5.872,0.000,5.894,8.248
16.602,16.441,16.499,16.657,15.191,15.815,13.048,13.256,15.869,15.626,17.195,15.599,17.781,16.848,16.431,15.614,13.967,12.548,12.419,11.502,9.387,8.691,8.050,5.894,0.000,6.587
16.500,16.404,16.427,16.634,15.947,16.214,14.381,14.284,16.229,16.165,17.318,16.206,17.581,17.453,16.615,15.903,15.200,13.495,12.585,12.327,11.138,9.807,8.958,8.248,6.587,0.000