c1,c2,c3,c4,c5,c6,c7,c8,c9,c10,c11,c12,c13,c14,c15,c16,c17,c18,c19,c20,c21,c22,c23,c24,c25,c26
0.000,6.134,7.824,10.312,12.733,14.254,12.185,12.000,14.185,14.974,14.355,14.968,16.316,16.193,16.031,15.658,15.588,14.963,15.474,15.226,15.323,15.226,14.740,14.923,14.901,15.261
6.134,0.000,5.837,7.791,10.051,11.950,10.534,10.644,12.842,13.966,13.918,14.474,16.416,16.616,16.399,15.929,16.069,15.037,15.605,15.212,15.104,15.038,14.364,14.704,14.532,14.984
7.824,5.837,0.000,5.881,7.953,8.818,6.949,7.393,10.447,10.952,10.973,12.095,14.385,14.920,15.399,14.861,15.377,14.302,15.192,15.121,15.157,14.948,14.186,14.730,14.661,15.125
10.312,7.791,5.881,0.000,5.624,6.536,6.367,7.502,9.697,10.895,11.742,12.818,15.145,15.927,16.709,16.196,16.407,15.054,15.843,15.496,15.406,15.301,14.728,15.352,15.304,15.610
12.733,10.051,7.953,5.624,0.000,5.604,7.324,6.420,7.315,10.473,11.730,11.591,14.162,15.650,16.342,15.769,16.474,14.740,15.666,15.318,15.273,15.172,14.482,15.181,15.093,15.486
14.254,11.950,8.818,6.536,5.604,0.000,5.623,7.464,6.725,8.023,10.827,11.713,13.169,14.437,16.031,15.458,16.176,14.889,15.792,15.669,15.455,15.332,14.819,15.349,15.418,15.698
12.185,10.534,6.949,6.367,7.324,5.623,0.000,5.592,7.600,7.093,8.603,10.655,12.862,13.316,14.576,14.523,15.384,14.202,15.469,15.379,15.402,15.087,14.580,15.202,15.254,15.630
12.000,10.644,7.393,7.502,6.420,7.464,5.592,0.000,5.768,7.776,7.776,8.425,11.754,13.082,13.695,13.080,14.187,12.849,14.199,14.419,14.508,14.186,13.698,14.315,14.654,15.182
14.185,12.842,10.447,9.697,7.315,6.725,7.600,5.768,0.000,5.848,7.930,7.330,10.051,12.103,13.455,12.519,13.613,12.399,13.922,14.368,14.609,14.231,13.645,14.345,14.495,15.094
14.974,13.966,10.952,10.895,10.473,8.023,7.093,7.776,5.848,0.000,5.957,7.979,9.238,11.123,12.825,12.131,13.507,12.230,14.171,14.927,15.336,14.827,14.342,14.893,15.204,15.398
14.355,13.918,10.973,11.742,11.730,10.827,8.603,7.776,7.930,5.957,0.000,6.184,8.039,9.145,10.542,10.290,11.987,10.790,12.821,13.870,14.645,14.101,13.764,14.328,14.871,15.339
14.968,14.474,12.095,12.818,11.591,11.713,10.655,8.425,7.330,7.979,6.184,0.000,6.168,8.028,8.833,8.030,9.963,8.887,11.346,12.594,13.479,12.832,12.523,13.415,13.843,14.382
16.316,16.416,14.385,15.145,14.162,13.169,12.862,11.754,10.051,9.238,8.039,6.168,0.000,6.128,7.861,7.778,10.348,10.627,13.086,14.334,14.990,14.318,13.935,14.265,14.674,15.057
16.193,16.616,14.920,15.927,15.650,14.437,13.316,13.082,12.103,11.123,9.145,8.028,6.128,0.000,6.174,7.757,10.155,10.713,13.506,14.874,15.353,14.169,13.883,14.090,14.275,14.684
16.031,16.399,15.399,16.709,16.342,16.031,14.576,13.695,13.455,12.825,10.542,8.833,7.861,6.174,0.000,6.306,8.562,10.275,12.537,14.426,15.428,13.950,13.576,13.863,14.495,15.033
15.658,15.929,14.861,16.196,15.769,15.458,14.523,13.080,12.519,12.131,10.290,8.030,7.778,7.757,6.306,0.000,6.408,7.645,9.911,11.987,13.349,12.173,12.253,12.759,14.025,14.792
15.588,16.069,15.377,16.407,16.474,16.176,15.384,14.187,13.613,13.507,11.987,9.963,10.348,10.155,8.562,6.408,0.000,6.522,8.194,10.423,11.864,11.178,11.496,12.136,13.428,14.521
14.963,15.037,14.302,15.054,14.740,14.889,14.202,12.849,12.399,12.230,10.790,8.887,10.627,10.713,10.275,7.645,6.522,0.000,6.135,7.973,9.286,7.857,8.554,9.733,11.450,12.948
15.474,15.605,15.192,15.843,15.666,15.792,15.469,14.199,13.922,14.171,12.821,11.346,13.086,13.506,12.537,9.911,8.194,6.135,0.000,5.993,7.639,7.618,9.547,10.926,13.340,14.706
15.226,15.212,15.121,15.496,15.318,15.669,15.379,14.419,14.368,14.927,13.870,12.594,14.334,14.874,14.426,11.987,10.423,7.973,5.993,0.000,5.644,7.599,9.368,10.770,13.492,14.923
15.323,15.104,15.157,15.406,15.273,15.455,15.402,14.508,14.609,15.336,14.645,13.479,14.990,15.353,15.428,13.349,11.864,9.286,7.639,5.644,0.000,5.946,8.221,10.290,12.726,14.736
15.226,15.038,14.948,15.301,15.172,15.332,15.087,14.186,14.231,14.827,14.101,12.832,14.318,14.169,13.950,12.173,11.178,7.857,7.618,7.599,5.946,0.000,5.785,7.514,10.121,12.196
14.740,14.364,14.186,14.728,14.482,14.819,14.580,13.698,13.645,14.342,13.764,12.523,13.935,13.883,13.576,12.253,11.496,8.554,9.547,9.368,8.221,5.785,0.000,5.887,7.367,9.814
14.923,14.704,14.730,15.352,15.181,15.349,15.202,14.315,14.345,14.893,14.328,13.415,14.265,14.090,13.863,12.759,12.136,9.733,10.926,10.770,10.290,7.514,5.887,0.000,5.934,7.637
14.901,14.532,14.661,15.304,15.093,15.418,15.254,14.654,14.495,15.204,14.871,13.843,14.674,14.275,14.495,14.025,13.428,11.450,13.340,13.492,12.726,10.121,7.367,5.934,0.000,6.320
15.261,14.984,15.125,15.610,15.486,15.698,15.630,15.182,15.094,15.398,15.339,14.382,15.057,14.684,15.033,14.792,14.521,12.948,14.706,14.923,14.736,12.196,9.814,7.637,6.320,0.000