c1,c2,c3,c4,c5,c6,c7,c8,c9,c10,c11,c12,c13,c14,c15,c16,c17,c18,c19,c20,c21,c22,c23,c24,c25,c26
0.000,5.893,7.377,8.949,10.791,12.968,12.905,12.377,14.053,15.285,15.415,15.943,17.452,16.956,16.352,16.452,16.395,16.298,16.450,16.243,16.100,16.067,15.850,15.893,15.722,15.762
5.893,0.000,5.650,7.465,8.379,10.177,11.750,12.077,12.296,13.695,14.673,14.791,16.120,17.607,16.306,16.390,16.342,16.081,16.049,15.771,15.587,15.589,15.315,15.476,15.315,15.487
7.377,5.650,0.000,5.629,7.318,8.198,8.856,10.503,11.801,11.360,12.292,13.561,14.717,15.525,16.728,15.714,16.132,15.853,16.445,16.214,16.074,15.992,15.548,15.712,15.583,15.651
8.949,7.465,5.629,0.000,5.583,6.991,7.439,8.839,10.929,11.530,11.519,12.822,14.722,15.600,16.233,17.772,17.028,16.564,16.537,16.358,16.209,16.150,15.718,15.919,15.707,15.749
10.791,8.379,7.318,5.583,0.000,5.542,7.401,7.226,7.920,10.484,11.547,11.135,12.807,15.079,15.476,16.219,17.596,16.192,16.244,15.886,15.893,15.882,15.233,15.546,15.483,15.528
12.968,10.177,8.198,6.991,5.542,0.000,5.508,7.502,7.048,7.634,10.577,11.298,11.421,13.283,15.116,15.829,16.353,17.103,16.298,16.088,15.908,16.021,15.411,15.553,15.544,15.630
12.905,11.750,8.856,7.439,7.401,5.508,0.000,5.525,7.516,6.718,7.700,10.271,11.366,11.764,13.298,15.194,15.757,15.794,17.288,16.217,15.889,15.791,15.415,15.693,15.604,15.641
12.377,12.077,10.503,8.839,7.226,7.502,5.525,0.000,5.530,7.620,7.207,7.807,10.663,11.883,11.963,13.600,15.118,15.104,16.053,17.333,16.174,15.961,15.469,15.928,15.947,15.829
14.053,12.296,11.801,10.929,7.920,7.048,7.516,5.530,0.000,5.610,7.681,7.011,8.009,10.878,11.934,12.316,13.558,14.452,15.468,16.052,17.006,15.821,15.516,15.789,15.965,15.885
15.285,13.695,11.360,11.530,10.484,7.634,6.718,7.620,5.610,0.000,5.714,7.744,7.356,8.473,10.958,12.359,12.477,13.038,14.853,15.544,15.902,16.896,15.515,15.707,15.807,15.789
15.415,14.673,12.292,11.519,11.547,10.577,7.700,7.207,7.681,5.714,0.000,5.850,7.824,7.529,8.483,11.299,12.235,11.637,13.330,14.847,15.193,15.595,16.699,15.656,15.864,15.889
15.943,14.791,13.561,12.822,11.135,11.298,10.271,7.807,7.011,7.744,5.850,0.000,5.850,7.811,7.513,8.959,10.910,11.119,11.963,13.287,14.535,14.944,15.402,16.682,15.782,15.945
17.452,16.120,14.717,14.722,12.807,11.421,11.366,10.663,8.009,7.356,7.824,5.850,0.000,6.037,7.868,8.208,9.019,10.465,11.915,12.300,13.292,14.508,14.851,15.504,16.743,15.750
16.956,17.607,15.525,15.600,15.079,13.283,11.764,11.883,10.878,8.473,7.529,7.811,6.037,0.000,6.109,8.153,8.275,8.315,11.063,12.309,12.278,13.310,14.551,15.040,15.773,16.753
16.352,16.306,16.728,16.233,15.476,15.116,13.298,11.963,11.934,10.958,8.483,7.513,7.868,6.109,0.000,6.060,7.524,7.408,8.712,11.290,12.138,12.154,13.146,14.608,15.412,16.125
16.452,16.390,15.714,17.772,16.219,15.829,15.194,13.600,12.316,12.359,11.299,8.959,8.208,8.153,6.060,0.000,5.889,7.702,8.049,9.249,11.635,12.508,12.142,13.376,15.186,16.001
16.395,16.342,16.132,17.028,17.596,16.353,15.757,15.118,13.558,12.477,12.235,10.910,9.019,8.275,7.524,5.889,0.000,5.839,7.686,8.374,9.154,11.571,12.153,12.208,13.667,15.326
16.298,16.081,15.853,16.564,16.192,17.103,15.794,15.104,14.452,13.038,11.637,11.119,10.465,8.315,7.408,7.702,5.839,0.000,5.806,7.580,7.652,8.705,10.585,11.815,12.103,13.697
16.450,16.049,16.445,16.537,16.244,16.298,17.288,16.053,15.468,14.853,13.330,11.963,11.915,11.063,8.712,8.049,7.686,5.806,0.000,5.712,7.708,8.138,8.762,11.355,12.741,13.231
16.243,15.771,16.214,16.358,15.886,16.088,16.217,17.333,16.052,15.544,14.847,13.287,12.300,12.309,11.290,9.249,8.374,7.580,5.712,0.000,5.781,7.493,7.530,8.723,11.646,12.704
16.100,15.587,16.074,16.209,15.893,15.908,15.889,16.174,17.006,15.902,15.193,14.535,13.292,12.278,12.138,11.635,9.154,7.652,7.708,5.781,0.000,5.795,7.518,7.528,9.124,11.653
16.067,15.589,15.992,16.150,15.882,16.021,15.791,15.961,15.821,16.896,15.595,14.944,14.508,13.310,12.154,12.508,11.571,8.705,8.138,7.493,5.795,0.000,5.801,7.540,8.083,9.711
15.850,15.315,15.548,15.718,15.233,15.411,15.415,15.469,15.516,15.515,16.699,15.402,14.851,14.551,13.146,12.142,12.153,10.585,8.762,7.530,7.518,5.801,0.000,5.930,7.785,8.522
15.893,15.476,15.712,15.919,15.546,15.553,15.693,15.928,15.789,15.707,15.656,16.682,15.504,15.040,14.608,13.376,12.208,11.815,11.355,8.723,7.528,7.540,5.930,0.000,5.864,7.845
15.722,15.315,15.583,15.707,15.483,15.544,15.604,15.947,15.965,15.807,15.864,15.782,16.743,15.773,15.412,15.186,13.667,12.103,12.741,11.646,9.124,8.083,7.785,5.864,0.000,6.119
15.762,15.487,15.651,15.749,15.528,15.630,15.641,15.829,15.885,15.789,15.889,15.945,15.750,16.753,16.125,16.001,15.326,13.697,13.231,12.704,11.653,9.711,8.522,7.845,6.119,0.000