c1,c2,c3,c4,c5,c6,c7,c8,c9,c10,c11,c12,c13,c14,c15,c16,c17,c18,c19,c20,c21,c22,c23,c24,c25,c26
0.000,5.968,7.656,10.373,13.200,14.906,14.715,16.543,15.515,16.169,15.650,14.057,14.629,14.238,14.514,14.277,15.261,15.099,14.331,13.920,13.093,14.233,14.091,14.938,14.301,14.819
5.968,0.000,5.805,7.572,10.352,12.656,12.754,15.938,15.120,15.967,15.136,13.205,14.642,14.360,14.791,14.915,15.753,15.571,14.615,13.807,12.517,13.626,13.440,14.382,13.576,14.032
7.656,5.805,0.000,5.882,8.252,9.993,10.266,13.957,13.159,14.943,13.512,11.952,14.012,14.187,15.182,15.554,16.489,16.343,15.346,14.417,12.795,13.729,13.497,14.412,13.553,14.042
10.373,7.572,5.882,0.000,6.236,7.172,6.962,11.078,11.338,13.418,11.595,10.398,13.107,13.630,14.561,15.390,16.505,16.350,14.944,13.739,12.063,12.842,12.450,13.486,12.790,13.636
13.200,10.352,8.252,6.236,0.000,5.641,7.236,10.690,11.325,13.753,12.186,11.542,14.216,15.120,16.085,16.686,17.099,17.142,16.666,15.586,14.005,14.509,14.155,14.625,13.859,14.520
14.906,12.656,9.993,7.172,5.641,0.000,6.137,9.124,10.871,12.492,11.412,11.745,14.932,15.640,16.625,17.246,17.345,17.322,17.256,16.329,14.726,14.987,14.400,14.677,13.785,14.597
14.715,12.754,10.266,6.962,7.236,6.137,0.000,6.506,7.734,8.806,6.753,7.553,11.287,12.404,13.883,15.392,16.256,16.664,15.912,14.749,13.150,13.234,12.797,13.089,12.563,13.754
16.543,15.938,13.957,11.078,10.690,9.124,6.506,0.000,5.904,6.218,6.712,8.863,12.003,13.743,15.652,16.558,16.682,17.027,16.811,15.956,14.407,14.298,13.957,13.610,13.326,14.312
15.515,15.120,13.159,11.338,11.325,10.871,7.734,5.904,0.000,5.651,7.434,6.862,10.460,11.812,14.573,15.389,15.597,16.081,15.788,14.705,13.094,12.850,12.655,12.256,12.310,13.268
16.169,15.967,14.943,13.418,13.753,12.492,8.806,6.218,5.651,0.000,5.716,7.646,9.663,11.406,14.245,15.791,15.693,16.031,16.061,14.909,13.193,12.939,12.833,12.474,12.534,13.623
15.650,15.136,13.512,11.595,12.186,11.412,6.753,6.712,7.434,5.716,0.000,6.212,8.474,10.876,12.923,15.378,15.927,16.339,15.446,13.934,12.195,12.273,12.348,12.213,12.539,13.836
14.057,13.205,11.952,10.398,11.542,11.745,7.553,8.863,6.862,7.646,6.212,0.000,6.284,7.844,10.042,12.457,14.299,15.123,13.586,12.075,10.237,10.735,10.473,11.332,11.618,13.152
14.629,14.642,14.012,13.107,14.216,14.932,11.287,12.003,10.460,9.663,8.474,6.284,0.000,6.385,7.747,10.526,12.436,13.321,12.205,10.768,10.082,10.513,11.287,12.193,13.249,14.852
14.238,14.360,14.187,13.630,15.120,15.640,12.404,13.743,11.812,11.406,10.876,7.844,6.385,0.000,6.369,8.004,9.928,11.028,10.445,10.171,9.178,11.144,11.313,12.500,13.411,14.958
14.514,14.791,15.182,14.561,16.085,16.625,13.883,15.652,14.573,14.245,12.923,10.042,7.747,6.369,0.000,6.075,7.872,8.897,8.284,8.847,9.764,11.853,12.598,13.458,14.675,15.667
14.277,14.915,15.554,15.390,16.686,17.246,15.392,16.558,15.389,15.791,15.378,12.457,10.526,8.004,6.075,0.000,5.987,7.604,6.705,9.594,10.183,12.674,13.246,13.741,14.927,15.665
15.261,15.753,16.489,16.505,17.099,17.345,16.256,16.682,15.597,15.693,15.927,14.299,12.436,9.928,7.872,5.987,0.000,5.647,7.349,10.223,11.632,14.360,15.470,14.854,15.447,16.381
15.099,15.571,16.343,16.350,17.142,17.322,16.664,17.027,16.081,16.031,16.339,15.123,13.321,11.028,8.897,7.604,5.647,0.000,6.064,8.795,11.054,13.473,15.315,14.971,15.521,16.200
14.331,14.615,15.346,14.944,16.666,17.256,15.912,16.811,15.788,16.061,15.446,13.586,12.205,10.445,8.284,6.705,7.349,6.064,0.000,6.165,7.469,9.948,11.910,12.834,14.354,15.254
13.920,13.807,14.417,13.739,15.586,16.329,14.749,15.956,14.705,14.909,13.934,12.075,10.768,10.171,8.847,9.594,10.223,8.795,6.165,0.000,6.244,7.863,10.070,10.898,13.021,14.442
13.093,12.517,12.795,12.063,14.005,14.726,13.150,14.407,13.094,13.193,12.195,10.237,10.082,9.178,9.764,10.183,11.632,11.054,7.469,6.244,0.000,6.197,6.960,7.888,10.120,11.949
14.233,13.626,13.729,12.842,14.509,14.987,13.234,14.298,12.850,12.939,12.273,10.735,10.513,11.144,11.853,12.674,14.360,13.473,9.948,7.863,6.197,0.000,6.101,7.856,9.784,11.479
14.091,13.440,13.497,12.450,14.155,14.400,12.797,13.957,12.655,12.833,12.348,10.473,11.287,11.313,12.598,13.246,15.470,15.315,11.910,10.070,6.960,6.101,0.000,6.100,7.714,9.753
14.938,14.382,14.412,13.486,14.625,14.677,13.089,13.610,12.256,12.474,12.213,11.332,12.193,12.500,13.458,13.741,14.854,14.971,12.834,10.898,7.888,7.856,6.100,0.000,6.253,7.989
14.301,13.576,13.553,12.790,13.859,13.785,12.563,13.326,12.310,12.534,12.539,11.618,13.249,13.411,14.675,14.927,15.447,15.521,14.354,13.021,10.120,9.784,7.714,6.253,0.000,6.514
14.819,14.032,14.042,13.636,14.520,14.597,13.754,14.312,13.268,13.623,13.836,13.152,14.852,14.958,15.667,15.665,16.381,16.200,15.254,14.442,11.949,11.479,9.753,7.989,6.514,0.000