c1,c2,c3,c4,c5,c6,c7,c8,c9,c10,c11,c12,c13,c14,c15,c16,c17,c18,c19,c20,c21,c22,c23,c24,c25,c26
0.000,5.795,7.371,8.423,10.305,11.818,11.648,11.619,13.502,14.637,15.008,15.288,15.983,15.632,14.967,15.088,15.404,15.283,15.841,16.132,16.406,16.096,16.133,16.075,16.028,15.940
5.795,0.000,5.610,7.401,8.265,9.378,10.461,11.062,11.692,13.159,14.511,14.399,15.083,16.774,15.534,15.800,16.029,15.796,16.189,16.375,16.527,16.186,16.152,16.166,16.095,16.022
7.371,5.610,0.000,5.627,7.395,7.557,7.329,9.154,10.856,10.978,12.369,13.341,13.966,15.425,16.676,15.572,15.900,15.688,16.122,16.401,16.591,16.102,16.129,16.044,16.100,15.986
8.423,7.401,5.627,0.000,5.529,6.980,6.662,7.555,10.185,11.161,11.589,12.607,14.307,15.486,16.125,17.588,16.841,16.475,16.694,16.833,16.853,16.451,16.375,16.409,16.265,15.974
10.305,8.265,7.395,5.529,0.000,5.505,7.422,6.561,7.304,10.161,11.601,11.293,12.806,15.141,15.711,16.498,17.916,16.948,17.226,17.209,17.165,16.825,16.688,16.523,16.398,16.003
11.818,9.378,7.557,6.980,5.505,0.000,5.515,7.471,6.629,7.406,10.489,11.210,11.497,13.355,15.149,15.836,16.542,17.582,16.940,16.883,16.880,16.685,16.513,16.106,15.842,15.384
11.648,10.461,7.329,6.662,7.422,5.515,0.000,5.555,7.571,6.722,7.982,9.650,10.955,11.540,13.068,14.892,15.608,16.167,17.341,16.511,16.713,16.530,16.401,15.734,15.431,14.910
11.619,11.062,9.154,7.555,6.561,7.471,5.555,0.000,5.610,7.630,7.683,8.013,10.367,11.822,12.099,13.763,15.450,15.938,16.807,17.724,17.320,17.082,16.836,16.162,16.033,15.361
13.502,11.692,10.856,10.185,7.304,6.629,7.571,5.610,0.000,5.737,7.837,7.528,8.506,11.259,12.367,12.717,14.183,15.545,16.396,17.104,17.818,16.654,16.772,16.035,15.859,15.241
14.637,13.159,10.978,11.161,10.161,7.406,6.722,7.630,5.737,0.000,5.865,7.502,7.807,8.969,11.490,12.753,12.970,14.155,15.822,16.503,17.451,16.275,15.596,15.094,14.691,14.341
15.008,14.511,12.369,11.589,11.601,10.489,7.982,7.683,7.837,5.865,0.000,6.003,7.743,7.509,8.905,11.522,12.781,12.867,14.397,15.985,17.029,15.952,15.739,14.524,14.409,13.921
15.288,14.399,13.341,12.607,11.293,11.210,9.650,8.013,7.528,7.502,6.003,0.000,5.870,7.812,8.166,9.694,12.238,13.047,13.509,15.045,16.577,15.422,15.597,14.517,14.591,14.149
15.983,15.083,13.966,14.307,12.806,11.497,10.955,10.367,8.506,7.807,7.743,5.870,0.000,6.059,7.863,8.456,10.255,12.281,13.625,14.208,15.620,14.168,14.075,13.154,13.448,13.072
15.632,16.774,15.425,15.486,15.141,13.355,11.540,11.822,11.259,8.969,7.509,7.812,6.059,0.000,6.179,7.943,9.177,10.733,13.333,14.293,14.972,13.286,12.899,11.697,11.462,11.791
14.967,15.534,16.676,16.125,15.711,15.149,13.068,12.099,12.367,11.490,8.905,8.166,7.863,6.179,0.000,6.159,8.035,8.831,11.372,13.236,13.885,12.123,12.166,11.223,12.035,12.663
15.088,15.800,15.572,17.588,16.498,15.836,14.892,13.763,12.717,12.753,11.522,9.694,8.456,7.943,6.159,0.000,6.116,7.787,9.543,11.569,12.468,10.448,11.182,10.332,12.102,12.664
15.404,16.029,15.900,16.841,17.916,16.542,15.608,15.450,14.183,12.970,12.781,12.238,10.255,9.177,8.035,6.116,0.000,5.984,7.894,9.170,10.134,8.385,9.762,10.047,11.918,12.972
15.283,15.796,15.688,16.475,16.948,17.582,16.167,15.938,15.545,14.155,12.867,13.047,12.281,10.733,8.831,7.787,5.984,0.000,5.627,7.382,8.545,6.505,8.169,7.813,10.313,11.492
15.841,16.189,16.122,16.694,17.226,16.940,17.341,16.807,16.396,15.822,14.397,13.509,13.625,13.333,11.372,9.543,7.894,5.627,0.000,5.515,7.408,7.345,10.246,10.601,13.210,14.526
16.132,16.375,16.401,16.833,17.209,16.883,16.511,17.724,17.104,16.503,15.985,15.045,14.208,14.293,13.236,11.569,9.170,7.382,5.515,0.000,5.408,6.617,9.675,10.827,13.447,14.764
16.406,16.527,16.591,16.853,17.165,16.880,16.713,17.320,17.818,17.451,17.029,16.577,15.620,14.972,13.885,12.468,10.134,8.545,7.408,5.408,0.000,5.883,8.172,10.618,12.740,14.718
16.096,16.186,16.102,16.451,16.825,16.685,16.530,17.082,16.654,16.275,15.952,15.422,14.168,13.286,12.123,10.448,8.385,6.505,7.345,6.617,5.883,0.000,5.778,7.602,9.633,11.830
16.133,16.152,16.129,16.375,16.688,16.513,16.401,16.836,16.772,15.596,15.739,15.597,14.075,12.899,12.166,11.182,9.762,8.169,10.246,9.675,8.172,5.778,0.000,5.917,7.452,9.757
16.075,16.166,16.044,16.409,16.523,16.106,15.734,16.162,16.035,15.094,14.524,14.517,13.154,11.697,11.223,10.332,10.047,7.813,10.601,10.827,10.618,7.602,5.917,0.000,6.025,7.792
16.028,16.095,16.100,16.265,16.398,15.842,15.431,16.033,15.859,14.691,14.409,14.591,13.448,11.462,12.035,12.102,11.918,10.313,13.210,13.447,12.740,9.633,7.452,6.025,0.000,6.530
15.940,16.022,15.986,15.974,16.003,15.384,14.910,15.361,15.241,14.341,13.921,14.149,13.072,11.791,12.663,12.664,12.972,11.492,14.526,14.764,14.718,11.830,9.757,7.792,6.530,0.000