c1,c2,c3,c4,c5,c6,c7,c8,c9,c10,c11,c12,c13,c14,c15,c16,c17,c18,c19,c20,c21,c22,c23,c24,c25,c26
0.000,6.450,8.112,10.775,12.543,13.516,13.195,12.278,11.669,12.017,12.373,11.993,13.461,14.034,13.892,13.105,13.511,12.838,14.304,14.800,13.852,14.801,15.805,15.750,15.756,16.086
6.450,0.000,5.971,7.720,9.543,10.075,11.202,10.561,10.798,11.703,12.385,11.909,13.845,14.452,14.438,13.536,13.446,11.949,13.911,13.894,12.658,14.035,15.219,15.358,15.510,16.088
8.112,5.971,0.000,5.766,6.710,8.941,9.020,10.424,9.658,10.933,10.957,10.015,12.115,12.622,12.367,11.219,10.683,8.680,11.321,11.240,10.629,12.460,13.796,14.307,15.045,15.721
10.775,7.720,5.766,0.000,5.809,7.847,9.657,11.556,12.061,13.606,13.342,12.429,14.503,14.717,14.565,13.676,13.224,11.004,13.121,12.575,11.754,13.487,14.819,15.168,15.502,16.264
12.543,9.543,6.710,5.809,0.000,5.845,6.472,9.231,9.978,11.600,12.161,11.109,13.156,13.458,13.355,12.545,11.778,9.469,11.659,10.966,10.163,12.856,13.810,14.303,15.101,15.901
13.516,10.075,8.941,7.847,5.845,0.000,6.313,8.628,10.545,12.068,13.614,13.431,14.973,15.218,15.546,15.252,14.497,12.584,14.525,13.526,12.203,14.171,15.102,15.315,15.509,16.231
13.195,11.202,9.020,9.657,6.472,6.313,0.000,6.260,8.129,9.474,11.216,12.218,14.410,14.951,14.962,14.513,13.694,12.156,14.162,13.308,11.576,13.746,14.554,14.885,15.206,16.104
12.278,10.561,10.424,11.556,9.231,8.628,6.260,0.000,6.623,7.670,9.688,11.042,13.935,15.079,15.321,14.849,13.859,12.716,15.089,14.487,12.516,14.566,15.280,15.266,15.518,16.284
11.669,10.798,9.658,12.061,9.978,10.545,8.129,6.623,0.000,6.622,8.248,9.646,12.323,14.150,14.580,13.926,12.841,11.757,14.337,13.999,12.177,13.996,15.036,14.928,15.444,16.377
12.017,11.703,10.933,13.606,11.600,12.068,9.474,7.670,6.622,0.000,6.832,8.298,10.830,12.828,14.001,13.890,12.504,11.805,14.505,14.548,12.999,15.059,15.827,15.486,15.748,16.463
12.373,12.385,10.957,13.342,12.161,13.614,11.216,9.688,8.248,6.832,0.000,7.096,8.640,10.996,12.198,12.776,11.695,10.986,13.839,14.446,13.201,14.950,16.411,16.150,16.342,17.033
11.993,11.909,10.015,12.429,11.109,13.431,12.218,11.042,9.646,8.298,7.096,0.000,7.401,8.356,9.212,9.162,8.549,7.858,10.746,11.520,11.152,12.760,14.432,14.710,15.445,16.597
13.461,13.845,12.115,14.503,13.156,14.973,14.410,13.935,12.323,10.830,8.640,7.401,0.000,6.463,8.554,9.350,9.000,9.483,12.000,12.966,12.842,14.153,16.041,16.418,16.758,17.329
14.034,14.452,12.622,14.717,13.458,15.218,14.951,15.079,14.150,12.828,10.996,8.356,6.463,0.000,6.895,8.210,8.344,8.521,11.110,12.351,12.018,13.138,15.410,15.858,16.427,17.356
13.892,14.438,12.367,14.565,13.355,15.546,14.962,15.321,14.580,14.001,12.198,9.212,8.554,6.895,0.000,6.674,7.555,7.820,8.949,11.506,11.784,12.139,14.213,15.621,16.451,17.247
13.105,13.536,11.219,13.676,12.545,15.252,14.513,14.849,13.926,13.890,12.776,9.162,9.350,8.210,6.674,0.000,6.294,7.773,7.654,8.945,10.756,11.581,12.820,13.867,15.711,16.926
13.511,13.446,10.683,13.224,11.778,14.497,13.694,13.859,12.841,12.504,11.695,8.549,9.000,8.344,7.555,6.294,0.000,5.979,7.816,7.838,8.317,10.561,12.315,12.742,14.188,16.253
12.838,11.949,8.680,11.004,9.469,12.584,12.156,12.716,11.757,11.805,10.986,7.858,9.483,8.521,7.820,7.773,5.979,0.000,5.975,7.562,6.847,8.083,11.121,12.114,13.320,15.090
14.304,13.911,11.321,13.121,11.659,14.525,14.162,15.089,14.337,14.505,13.839,10.746,12.000,11.110,8.949,7.654,7.816,5.975,0.000,5.915,7.750,6.994,8.965,11.413,13.152,14.434
14.800,13.894,11.240,12.575,10.966,13.526,13.308,14.487,13.999,14.548,14.446,11.520,12.966,12.351,11.506,8.945,7.838,7.562,5.915,0.000,6.039,7.880,8.325,9.467,12.390,13.983
13.852,12.658,10.629,11.754,10.163,12.203,11.576,12.516,12.177,12.999,13.201,11.152,12.842,12.018,11.784,10.756,8.317,6.847,7.750,6.039,0.000,6.099,7.911,7.440,10.126,12.431
14.801,14.035,12.460,13.487,12.856,14.171,13.746,14.566,13.996,15.059,14.950,12.760,14.153,13.138,12.139,11.581,10.561,8.083,6.994,7.880,6.099,0.000,5.890,7.737,8.939,11.042
15.805,15.219,13.796,14.819,13.810,15.102,14.554,15.280,15.036,15.827,16.411,14.432,16.041,15.410,14.213,12.820,12.315,11.121,8.965,8.325,7.911,5.890,0.000,5.928,7.744,9.216
15.750,15.358,14.307,15.168,14.303,15.315,14.885,15.266,14.928,15.486,16.150,14.710,16.418,15.858,15.621,13.867,12.742,12.114,11.413,9.467,7.440,7.737,5.928,0.000,5.864,8.417
15.756,15.510,15.045,15.502,15.101,15.509,15.206,15.518,15.444,15.748,16.342,15.445,16.758,16.427,16.451,15.711,14.188,13.320,13.152,12.390,10.126,8.939,7.744,5.864,0.000,6.583
16.086,16.088,15.721,16.264,15.901,16.231,16.104,16.284,16.377,16.463,17.033,16.597,17.329,17.356,17.247,16.926,16.253,15.090,14.434,13.983,12.431,11.042,9.216,8.417,6.583,0.000