c1,c2,c3,c4,c5,c6,c7,c8,c9,c10,c11,c12,c13,c14,c15,c16,c17,c18,c19,c20,c21,c22,c23,c24,c25,c26
0.000,6.026,7.199,8.682,10.774,13.099,14.554,14.680,14.923,14.650,14.450,14.496,14.741,14.671,14.824,15.194,15.278,15.315,15.336,15.243,15.354,15.388,15.652,15.692,15.787,15.846
6.026,0.000,5.663,7.510,8.724,11.267,13.503,14.390,14.155,13.865,13.759,13.765,14.129,13.998,14.268,14.831,14.938,15.073,15.097,14.925,15.017,15.129,15.340,15.493,15.501,15.736
7.199,5.663,0.000,5.643,7.216,9.201,11.598,13.477,13.998,13.293,13.090,13.531,13.876,13.716,14.215,14.846,15.102,15.246,15.299,15.209,15.255,15.365,15.613,15.610,15.646,15.810
8.682,7.510,5.643,0.000,5.675,7.528,9.900,11.599,13.004,12.838,12.481,13.162,13.543,13.259,13.936,14.693,15.079,15.296,15.283,15.173,15.136,15.221,15.462,15.633,15.619,15.935
10.774,8.724,7.216,5.675,0.000,5.754,7.417,9.321,10.619,11.484,11.701,12.862,13.416,13.422,14.015,14.728,15.140,15.354,15.516,15.269,15.066,15.316,15.357,15.411,15.542,15.854
13.099,11.267,9.201,7.528,5.754,0.000,5.716,7.197,8.686,9.497,10.479,12.527,13.412,13.410,14.120,14.747,15.105,15.417,15.590,15.477,15.192,15.486,15.561,15.593,15.494,16.001
14.554,13.503,11.598,9.900,7.417,5.716,0.000,5.629,7.570,8.866,9.900,12.502,13.714,13.790,14.366,14.998,15.296,15.553,15.844,15.781,15.428,15.529,15.699,15.753,15.658,15.983
14.680,14.390,13.477,11.599,9.321,7.197,5.629,0.000,5.658,7.826,9.330,11.749,13.452,14.162,14.633,15.064,15.636,15.819,15.932,16.006,15.656,15.890,15.832,15.989,15.879,16.216
14.923,14.155,13.998,13.004,10.619,8.686,7.570,5.658,0.000,5.727,7.795,10.267,11.903,13.259,14.552,14.753,15.124,15.648,15.830,15.834,15.894,16.171,16.089,16.065,16.191,16.398
14.650,13.865,13.293,12.838,11.484,9.497,8.866,7.826,5.727,0.000,5.915,8.555,10.056,11.506,13.374,14.308,14.694,15.333,15.470,15.707,15.769,16.334,16.211,16.287,16.291,16.628
14.450,13.759,13.090,12.481,11.701,10.479,9.900,9.330,7.795,5.915,0.000,6.312,7.580,8.432,10.466,12.263,13.422,14.363,14.329,14.917,15.187,15.790,16.254,16.371,16.507,16.766
14.496,13.765,13.531,13.162,12.862,12.527,12.502,11.749,10.267,8.555,6.312,0.000,6.041,7.822,9.207,10.603,12.345,13.752,13.281,13.983,14.684,15.270,15.795,16.341,16.451,16.827
14.741,14.129,13.876,13.543,13.416,13.412,13.714,13.452,11.903,10.056,7.580,6.041,0.000,6.082,7.494,9.481,10.878,12.863,12.588,13.336,14.081,14.943,15.635,16.261,16.857,16.868
14.671,13.998,13.716,13.259,13.422,13.410,13.790,14.162,13.259,11.506,8.432,7.822,6.082,0.000,6.058,7.901,9.268,10.713,11.425,12.975,13.051,14.092,15.325,16.026,16.603,17.186
14.824,14.268,14.215,13.936,14.015,14.120,14.366,14.633,14.552,13.374,10.466,9.207,7.494,6.058,0.000,6.098,7.721,8.860,8.636,10.617,11.519,12.135,13.305,14.794,15.636,16.337
15.194,14.831,14.846,14.693,14.728,14.747,14.998,15.064,14.753,14.308,12.263,10.603,9.481,7.901,6.098,0.000,6.168,7.399,7.050,8.868,10.746,12.157,12.870,14.055,15.403,16.198
15.278,14.938,15.102,15.079,15.140,15.105,15.296,15.636,15.124,14.694,13.422,12.345,10.878,9.268,7.721,6.168,0.000,5.867,7.658,8.375,9.052,11.781,13.036,13.094,14.214,15.860
15.315,15.073,15.246,15.296,15.354,15.417,15.553,15.819,15.648,15.333,14.363,13.752,12.863,10.713,8.860,7.399,5.867,0.000,5.888,7.760,8.146,9.330,11.962,13.172,13.362,14.810
15.336,15.097,15.299,15.283,15.516,15.590,15.844,15.932,15.830,15.470,14.329,13.281,12.588,11.425,8.636,7.050,7.658,5.888,0.000,5.813,7.528,8.078,9.483,12.348,13.446,14.184
15.243,14.925,15.209,15.173,15.269,15.477,15.781,16.006,15.834,15.707,14.917,13.983,13.336,12.975,10.617,8.868,8.375,7.760,5.813,0.000,5.816,7.553,8.166,10.024,12.281,13.813
15.354,15.017,15.255,15.136,15.066,15.192,15.428,15.656,15.894,15.769,15.187,14.684,14.081,13.051,11.519,10.746,9.052,8.146,7.528,5.816,0.000,5.714,7.403,8.320,9.918,12.736
15.388,15.129,15.365,15.221,15.316,15.486,15.529,15.890,16.171,16.334,15.790,15.270,14.943,14.092,12.135,12.157,11.781,9.330,8.078,7.553,5.714,0.000,5.793,7.772,9.046,11.107
15.652,15.340,15.613,15.462,15.357,15.561,15.699,15.832,16.089,16.211,16.254,15.795,15.635,15.325,13.305,12.870,13.036,11.962,9.483,8.166,7.403,5.793,0.000,5.841,7.216,9.168
15.692,15.493,15.610,15.633,15.411,15.593,15.753,15.989,16.065,16.287,16.371,16.341,16.261,16.026,14.794,14.055,13.094,13.172,12.348,10.024,8.320,7.772,5.841,0.000,5.931,7.888
15.787,15.501,15.646,15.619,15.542,15.494,15.658,15.879,16.191,16.291,16.507,16.451,16.857,16.603,15.636,15.403,14.214,13.362,13.446,12.281,9.918,9.046,7.216,5.931,0.000,6.180
15.846,15.736,15.810,15.935,15.854,16.001,15.983,16.216,16.398,16.628,16.766,16.827,16.868,17.186,16.337,16.198,15.860,14.810,14.184,13.813,12.736,11.107,9.168,7.888,6.180,0.000