c1,c2,c3,c4,c5,c6,c7,c8,c9,c10,c11,c12,c13,c14,c15,c16,c17,c18,c19,c20,c21,c22,c23,c24,c25,c26
0.000,5.983,7.462,10.284,12.259,15.446,15.802,15.745,15.418,15.217,15.412,15.689,15.784,15.587,15.953,16.242,16.211,16.350,16.371,16.001,15.106,14.485,14.153,14.135,13.960,14.358
5.983,0.000,5.834,7.511,9.756,12.969,14.198,15.581,14.812,14.458,14.825,15.454,15.489,15.010,15.184,16.024,16.066,16.237,15.423,14.482,13.814,13.402,13.218,13.109,13.191,13.948
7.462,5.834,0.000,5.927,6.854,10.222,11.465,13.862,13.933,13.970,14.292,15.259,15.382,14.899,14.764,15.840,15.856,15.646,15.056,14.502,13.652,13.877,13.384,13.375,13.026,13.994
10.284,7.511,5.927,0.000,5.871,7.975,10.156,12.090,13.766,14.653,14.870,15.555,15.717,14.913,14.519,15.375,15.023,14.696,14.279,13.949,13.276,13.516,13.913,14.016,14.093,15.247
12.259,9.756,6.854,5.871,0.000,5.761,7.113,9.125,9.969,12.811,13.708,14.413,14.536,13.795,13.686,14.593,14.517,14.284,14.227,14.141,12.921,13.616,13.188,13.739,14.099,15.075
15.446,12.969,10.222,7.975,5.761,0.000,5.738,7.359,9.442,11.848,13.483,14.770,14.738,13.476,13.177,14.010,13.799,13.699,13.898,14.131,13.125,14.162,14.311,14.762,15.168,15.662
15.802,14.198,11.465,10.156,7.113,5.738,0.000,5.773,7.135,9.422,10.895,13.341,13.811,12.574,12.317,13.081,12.965,13.252,13.176,13.477,12.630,13.600,13.839,14.380,14.881,15.561
15.745,15.581,13.862,12.090,9.125,7.359,5.773,0.000,5.894,8.032,9.788,12.096,13.271,13.169,12.695,13.109,13.127,13.670,13.699,14.072,13.066,14.491,14.627,15.242,15.707,16.293
15.418,14.812,13.933,13.766,9.969,9.442,7.135,5.894,0.000,5.884,7.782,10.273,11.726,12.330,12.801,13.164,12.986,13.417,13.300,13.479,12.560,13.990,14.275,14.747,15.467,16.023
15.217,14.458,13.970,14.653,12.811,11.848,9.422,8.032,5.884,0.000,6.202,8.722,10.314,11.314,12.359,13.358,13.449,14.219,13.905,14.510,13.404,14.767,15.018,15.548,15.921,16.413
15.412,14.825,14.292,14.870,13.708,13.483,10.895,9.788,7.782,6.202,0.000,6.528,7.521,7.829,9.329,10.872,11.989,13.221,12.434,13.757,12.533,13.974,14.652,15.332,15.986,16.633
15.689,15.454,15.259,15.555,14.413,14.770,13.341,12.096,10.273,8.722,6.528,0.000,6.205,7.978,9.082,10.648,12.235,13.957,12.887,14.254,13.339,14.635,15.129,15.797,16.187,16.698
15.784,15.489,15.382,15.717,14.536,14.738,13.811,13.271,11.726,10.314,7.521,6.205,0.000,6.218,7.663,9.556,11.075,13.153,12.305,13.980,13.117,14.567,15.265,16.007,16.400,16.684
15.587,15.010,14.899,14.913,13.795,13.476,12.574,13.169,12.330,11.314,7.829,7.978,6.218,0.000,6.305,8.156,9.514,11.109,10.793,13.029,11.962,13.688,14.818,15.741,16.125,16.691
15.953,15.184,14.764,14.519,13.686,13.177,12.317,12.695,12.801,12.359,9.329,9.082,7.663,6.305,0.000,6.311,7.921,9.063,8.074,10.587,10.012,11.658,12.875,14.530,15.263,16.098
16.242,16.024,15.840,15.375,14.593,14.010,13.081,13.109,13.164,13.358,10.872,10.648,9.556,8.156,6.311,0.000,6.307,7.703,6.782,9.850,10.825,12.787,13.694,14.876,15.749,16.457
16.211,16.066,15.856,15.023,14.517,13.799,12.965,13.127,12.986,13.449,11.989,12.235,11.075,9.514,7.921,6.307,0.000,5.722,7.609,9.529,10.612,13.204,14.351,14.655,15.158,16.384
16.350,16.237,15.646,14.696,14.284,13.699,13.252,13.670,13.417,14.219,13.221,13.957,13.153,11.109,9.063,7.703,5.722,0.000,5.929,8.210,9.612,11.489,13.635,14.670,14.546,15.575
16.371,15.423,15.056,14.279,14.227,13.898,13.176,13.699,13.300,13.905,12.434,12.887,12.305,10.793,8.074,6.782,7.609,5.929,0.000,5.920,7.347,8.914,10.795,13.386,14.293,15.080
16.001,14.482,14.502,13.949,14.141,14.131,13.477,14.072,13.479,14.510,13.757,14.254,13.980,13.029,10.587,9.850,9.529,8.210,5.920,0.000,5.853,7.464,8.902,11.420,13.005,14.448
15.106,13.814,13.652,13.276,12.921,13.125,12.630,13.066,12.560,13.404,12.533,13.339,13.117,11.962,10.012,10.825,10.612,9.612,7.347,5.853,0.000,5.761,7.350,9.195,10.793,12.994
14.485,13.402,13.877,13.516,13.616,14.162,13.600,14.491,13.990,14.767,13.974,14.635,14.567,13.688,11.658,12.787,13.204,11.489,8.914,7.464,5.761,0.000,5.956,8.022,9.462,11.488
14.153,13.218,13.384,13.913,13.188,14.311,13.839,14.627,14.275,15.018,14.652,15.129,15.265,14.818,12.875,13.694,14.351,13.635,10.795,8.902,7.350,5.956,0.000,5.796,7.060,9.114
14.135,13.109,13.375,14.016,13.739,14.762,14.380,15.242,14.747,15.548,15.332,15.797,16.007,15.741,14.530,14.876,14.655,14.670,13.386,11.420,9.195,8.022,5.796,0.000,5.873,7.862
13.960,13.191,13.026,14.093,14.099,15.168,14.881,15.707,15.467,15.921,15.986,16.187,16.400,16.125,15.263,15.749,15.158,14.546,14.293,13.005,10.793,9.462,7.060,5.873,0.000,6.160
14.358,13.948,13.994,15.247,15.075,15.662,15.561,16.293,16.023,16.413,16.633,16.698,16.684,16.691,16.098,16.457,16.384,15.575,15.080,14.448,12.994,11.488,9.114,7.862,6.160,0.000