c1,c2,c3,c4,c5,c6,c7,c8,c9,c10,c11,c12,c13,c14,c15,c16,c17,c18,c19,c20,c21,c22,c23,c24,c25,c26
0.000,5.849,7.497,9.887,12.609,14.604,15.129,14.676,15.210,15.530,15.762,16.145,16.779,16.127,15.604,15.437,15.594,15.025,15.560,15.685,15.584,15.510,15.255,15.399,15.292,15.282
5.849,0.000,5.710,7.154,9.655,11.944,13.392,14.330,13.708,14.331,15.058,15.088,15.981,16.172,14.954,14.955,14.915,14.267,14.906,15.244,14.879,15.044,14.636,14.922,14.822,14.905
7.497,5.710,0.000,5.732,7.279,9.563,11.037,13.057,13.556,12.967,13.722,14.406,15.323,15.495,15.442,14.527,14.627,13.665,14.635,14.870,14.272,14.803,14.367,14.840,14.711,14.705
9.887,7.154,5.732,0.000,5.741,7.204,8.986,10.755,12.406,13.139,12.846,13.308,14.939,15.131,14.930,15.663,14.766,13.960,14.894,15.076,14.611,15.031,14.524,15.123,14.992,15.058
12.609,9.655,7.279,5.741,0.000,5.674,7.389,8.904,10.254,12.063,12.868,12.243,13.856,14.697,14.445,14.861,15.196,13.347,14.590,14.696,14.192,14.857,14.169,14.697,14.735,14.751
14.604,11.944,9.563,7.204,5.674,0.000,5.729,7.526,8.767,10.013,11.769,12.021,12.706,13.561,14.033,14.699,15.100,14.987,15.224,15.185,14.749,15.228,14.795,15.122,15.187,15.195
15.129,13.392,11.037,8.986,7.389,5.729,0.000,5.717,7.623,8.445,9.726,10.927,12.652,12.508,13.145,14.145,14.684,14.402,15.768,14.952,14.548,15.021,14.624,15.220,15.222,15.103
14.676,14.330,13.057,10.755,8.904,7.526,5.717,0.000,5.744,7.653,8.708,9.253,11.984,12.862,12.630,13.626,14.606,14.448,15.534,15.897,15.013,15.403,14.978,15.352,15.569,15.437
15.210,13.708,13.556,12.406,10.254,8.767,7.623,5.744,0.000,5.755,7.800,8.158,10.040,11.957,12.673,12.780,13.834,14.191,15.236,15.400,15.573,15.428,15.089,15.434,15.653,15.651
15.530,14.331,12.967,13.139,12.063,10.013,8.445,7.653,5.755,0.000,5.951,7.850,9.088,10.377,12.048,12.796,13.331,13.665,15.005,15.246,15.466,16.111,15.301,15.742,15.829,15.944
15.762,15.058,13.722,12.846,12.868,11.769,9.726,8.708,7.800,5.951,0.000,6.364,7.977,8.900,10.013,11.695,12.999,12.894,14.090,14.778,15.117,15.801,15.988,15.989,16.085,16.241
16.145,15.088,14.406,13.308,12.243,12.021,10.927,9.253,8.158,7.850,6.364,0.000,6.241,8.129,8.684,9.512,11.618,12.577,13.188,13.574,14.341,15.089,15.175,15.976,15.680,16.056
16.779,15.981,15.323,14.939,13.856,12.706,12.652,11.984,10.040,9.088,7.977,6.241,0.000,6.306,8.012,8.933,10.372,12.321,13.621,13.402,14.086,15.431,15.753,16.220,16.705,16.616
16.127,16.172,15.495,15.131,14.697,13.561,12.508,12.862,11.957,10.377,8.900,8.129,6.306,0.000,6.253,7.995,9.522,10.943,12.920,13.189,13.409,14.858,15.558,16.188,16.512,16.864
15.604,14.954,15.442,14.930,14.445,14.033,13.145,12.630,12.673,12.048,10.013,8.684,8.012,6.253,0.000,6.310,8.015,9.373,10.477,11.906,12.608,13.937,14.457,15.652,16.069,16.568
15.437,14.955,14.527,15.663,14.861,14.699,14.145,13.626,12.780,12.796,11.695,9.512,8.933,7.995,6.310,0.000,6.170,7.673,8.551,8.989,10.775,12.884,13.206,14.354,15.360,15.995
15.594,14.915,14.627,14.766,15.196,15.100,14.684,14.606,13.834,13.331,12.999,11.618,10.372,9.522,8.015,6.170,0.000,5.948,7.211,7.762,8.694,11.984,12.585,13.961,14.814,15.845
15.025,14.267,13.665,13.960,13.347,14.987,14.402,14.448,14.191,13.665,12.894,12.577,12.321,10.943,9.373,7.673,5.948,0.000,5.736,7.586,6.995,9.445,10.434,12.649,13.337,14.419
15.560,14.906,14.635,14.894,14.590,15.224,15.768,15.534,15.236,15.005,14.090,13.188,13.621,12.920,10.477,8.551,7.211,5.736,0.000,5.568,7.769,9.403,10.439,13.203,14.318,14.839
15.685,15.244,14.870,15.076,14.696,15.185,14.952,15.897,15.400,15.246,14.778,13.574,13.402,13.189,11.906,8.989,7.762,7.586,5.568,0.000,5.822,8.225,9.412,11.986,13.899,14.968
15.584,14.879,14.272,14.611,14.192,14.749,14.548,15.013,15.573,15.466,15.117,14.341,14.086,13.409,12.608,10.775,8.694,6.995,7.769,5.822,0.000,5.780,7.295,9.455,11.704,13.534
15.510,15.044,14.803,15.031,14.857,15.228,15.021,15.403,15.428,16.111,15.801,15.089,15.431,14.858,13.937,12.884,11.984,9.445,9.403,8.225,5.780,0.000,5.800,7.537,9.768,11.650
15.255,14.636,14.367,14.524,14.169,14.795,14.624,14.978,15.089,15.301,15.988,15.175,15.753,15.558,14.457,13.206,12.585,10.434,10.439,9.412,7.295,5.800,0.000,5.767,7.789,9.583
15.399,14.922,14.840,15.123,14.697,15.122,15.220,15.352,15.434,15.742,15.989,15.976,16.220,16.188,15.652,14.354,13.961,12.649,13.203,11.986,9.455,7.537,5.767,0.000,5.925,7.723
15.292,14.822,14.711,14.992,14.735,15.187,15.222,15.569,15.653,15.829,16.085,15.680,16.705,16.512,16.069,15.360,14.814,13.337,14.318,13.899,11.704,9.768,7.789,5.925,0.000,6.336
15.282,14.905,14.705,15.058,14.751,15.195,15.103,15.437,15.651,15.944,16.241,16.056,16.616,16.864,16.568,15.995,15.845,14.419,14.839,14.968,13.534,11.650,9.583,7.723,6.336,0.000