c1,c2,c3,c4,c5,c6,c7,c8,c9,c10,c11,c12,c13,c14,c15,c16,c17,c18,c19,c20,c21,c22,c23,c24,c25,c26
0.000,5.909,7.444,9.597,11.982,14.285,15.059,14.408,15.003,15.491,15.714,16.062,16.865,16.068,15.394,15.314,15.489,15.066,15.409,15.601,15.504,15.675,15.773,15.549,15.465,15.419
5.909,0.000,5.693,7.270,9.402,11.590,13.612,14.295,13.531,14.189,15.145,15.123,15.943,16.482,14.944,14.984,14.884,14.511,15.089,15.246,15.016,15.453,15.560,15.396,15.250,15.288
7.444,5.693,0.000,5.687,7.234,9.418,10.992,13.198,13.618,12.927,13.850,14.596,15.455,15.696,15.832,14.661,14.576,13.842,14.698,14.864,14.469,15.189,15.481,15.302,15.140,15.123
9.597,7.270,5.687,0.000,5.701,7.382,9.051,10.627,12.705,13.245,12.963,13.465,15.074,15.286,15.174,16.005,14.857,14.355,15.148,15.163,14.902,15.389,15.651,15.461,15.289,15.350
11.982,9.402,7.234,5.701,0.000,5.664,7.296,8.596,9.897,12.207,12.979,12.486,13.977,14.893,14.752,15.312,15.734,14.048,15.076,15.033,14.607,15.197,15.409,15.161,15.128,15.173
14.285,11.590,9.418,7.382,5.664,0.000,5.737,7.490,8.471,9.870,11.966,12.211,12.767,13.687,14.298,14.990,15.331,15.650,15.663,15.447,14.995,15.478,15.754,15.376,15.377,15.518
15.059,13.612,10.992,9.051,7.296,5.737,0.000,5.728,7.631,8.384,9.701,11.047,12.655,12.543,13.106,14.424,14.825,14.955,16.383,15.358,14.933,15.388,15.713,15.453,15.361,15.360
14.408,14.295,13.198,10.627,8.596,7.490,5.728,0.000,5.787,7.772,8.673,9.199,11.932,12.724,12.438,13.523,14.544,14.725,15.779,16.373,15.347,15.719,15.902,15.657,15.718,15.760
15.003,13.531,13.618,12.705,9.897,8.471,7.631,5.787,0.000,5.804,7.920,8.094,9.950,11.853,12.452,12.578,13.561,14.445,15.365,15.679,16.193,15.864,16.084,15.785,15.969,16.058
15.491,14.189,12.927,13.245,12.207,9.870,8.384,7.772,5.804,0.000,6.114,7.915,9.006,10.152,11.761,12.645,12.804,13.630,14.986,15.342,15.739,16.769,16.115,15.938,16.044,16.198
15.714,15.145,13.850,12.963,12.979,11.966,9.701,8.673,7.920,6.114,0.000,6.405,8.153,8.767,9.659,11.453,12.453,12.555,13.820,14.770,15.307,16.023,16.984,16.111,16.267,16.425
16.062,15.123,14.596,13.465,12.486,12.211,11.047,9.199,8.094,7.915,6.405,0.000,6.318,8.176,8.342,9.107,10.946,11.973,12.360,13.146,14.375,15.150,15.770,16.530,15.906,16.219
16.865,15.943,15.455,15.074,13.977,12.767,12.655,11.932,9.950,9.006,8.153,6.318,0.000,6.341,8.119,8.627,9.694,11.760,12.795,12.463,13.697,15.228,15.844,16.205,17.294,16.799
16.068,16.482,15.696,15.286,14.893,13.687,12.543,12.724,11.853,10.152,8.767,8.176,6.341,0.000,6.514,8.110,8.925,10.246,12.034,12.446,12.504,14.152,15.526,15.811,16.607,17.330
15.394,14.944,15.832,15.174,14.752,14.298,13.106,12.438,12.452,11.761,9.659,8.342,8.119,6.514,0.000,6.422,8.040,8.866,9.477,11.378,12.272,12.633,13.981,15.188,16.083,16.716
15.314,14.984,14.661,16.005,15.312,14.990,14.424,13.523,12.578,12.645,11.453,9.107,8.627,8.110,6.422,0.000,6.292,7.848,7.973,8.227,10.455,11.849,12.016,13.186,15.034,15.834
15.489,14.884,14.576,14.857,15.734,15.331,14.825,14.544,13.561,12.804,12.453,10.946,9.694,8.925,8.040,6.292,0.000,6.052,7.373,7.547,8.279,10.821,12.059,12.076,13.690,15.388
15.066,14.511,13.842,14.355,14.048,15.650,14.955,14.725,14.445,13.630,12.555,11.973,11.760,10.246,8.866,7.848,6.052,0.000,5.813,7.596,7.016,8.144,10.916,11.892,12.282,13.730
15.409,15.089,14.698,15.148,15.076,15.663,16.383,15.779,15.365,14.986,13.820,12.360,12.795,12.034,9.477,7.973,7.373,5.813,0.000,5.716,7.603,7.449,8.882,11.236,12.540,13.170
15.601,15.246,14.864,15.163,15.033,15.447,15.358,16.373,15.679,15.342,14.770,13.146,12.463,12.446,11.378,8.227,7.547,7.596,5.716,0.000,5.700,7.585,7.764,8.657,11.608,12.829
15.504,15.016,14.469,14.902,14.607,14.995,14.933,15.347,16.193,15.739,15.307,14.375,13.697,12.504,12.272,10.455,8.279,7.016,7.603,5.700,0.000,5.675,7.513,7.240,9.002,11.156
15.675,15.453,15.189,15.389,15.197,15.478,15.388,15.719,15.864,16.769,16.023,15.150,15.228,14.152,12.633,11.849,10.821,8.144,7.449,7.585,5.675,0.000,5.575,7.482,8.000,9.593
15.773,15.560,15.481,15.651,15.409,15.754,15.713,15.902,16.084,16.115,16.984,15.770,15.844,15.526,13.981,12.016,12.059,10.916,8.882,7.764,7.513,5.575,0.000,5.553,7.666,8.854
15.549,15.396,15.302,15.461,15.161,15.376,15.453,15.657,15.785,15.938,16.111,16.530,16.205,15.811,15.188,13.186,12.076,11.892,11.236,8.657,7.240,7.482,5.553,0.000,5.600,7.704
15.465,15.250,15.140,15.289,15.128,15.377,15.361,15.718,15.969,16.044,16.267,15.906,17.294,16.607,16.083,15.034,13.690,12.282,12.540,11.608,9.002,8.000,7.666,5.600,0.000,5.948
15.419,15.288,15.123,15.350,15.173,15.518,15.360,15.760,16.058,16.198,16.425,16.219,16.799,17.330,16.716,15.834,15.388,13.730,13.170,12.829,11.156,9.593,8.854,7.704,5.948,0.000