c1,c2,c3,c4,c5,c6,c7,c8,c9,c10,c11,c12,c13,c14,c15,c16,c17,c18,c19,c20,c21,c22,c23,c24,c25,c26
0.000,6.111,7.497,10.082,12.160,14.793,15.279,15.194,15.206,15.208,14.394,14.360,15.040,14.654,14.746,14.583,14.485,14.070,14.499,14.582,14.136,14.871,15.089,15.362,15.472,15.740
6.111,0.000,5.832,7.514,9.560,12.303,13.531,14.152,14.297,14.443,13.266,13.124,14.202,13.929,14.095,14.212,14.268,13.580,14.252,14.108,13.542,14.513,14.788,15.172,15.320,15.668
7.497,5.832,0.000,5.805,7.153,9.951,11.153,12.842,13.844,13.802,11.735,11.825,13.469,13.613,13.895,13.848,14.022,13.118,13.691,13.436,12.641,13.884,14.265,14.917,15.249,15.725
10.082,7.514,5.805,0.000,5.838,8.076,10.067,11.363,13.092,13.624,11.437,11.952,14.273,14.569,14.864,15.078,15.331,14.326,14.909,14.427,13.618,14.316,14.606,14.995,15.335,15.764
12.160,9.560,7.153,5.838,0.000,5.847,6.441,8.669,10.463,10.732,8.732,9.828,12.665,13.618,14.126,14.269,14.627,13.838,14.327,13.723,13.000,13.990,14.149,14.637,15.094,15.627
14.793,12.303,9.951,8.076,5.847,0.000,5.798,8.240,10.856,11.583,9.903,11.064,14.100,14.793,15.155,15.358,15.730,14.950,15.397,14.637,13.805,14.328,14.381,14.608,14.801,15.428
15.279,13.531,11.153,10.067,6.441,5.798,0.000,5.613,8.617,8.989,6.462,8.310,11.468,12.807,13.609,13.773,14.129,13.870,14.594,14.316,13.664,14.644,14.661,15.082,15.416,15.752
15.194,14.152,12.842,11.363,8.669,8.240,5.613,0.000,5.564,6.198,6.767,9.149,11.827,14.076,14.867,14.878,15.143,15.243,16.046,15.754,15.035,15.650,15.718,15.863,16.132,16.349
15.206,14.297,13.844,13.092,10.463,10.856,8.617,5.564,0.000,5.598,7.565,8.461,11.108,13.712,14.757,14.183,14.674,15.111,15.769,15.682,15.407,16.096,16.250,16.251,16.438,16.524
15.208,14.443,13.802,13.624,10.732,11.583,8.989,6.198,5.598,0.000,6.048,7.728,9.431,11.912,13.746,13.982,14.052,14.367,15.483,15.350,15.171,16.248,16.251,16.364,16.357,16.769
14.394,13.266,11.735,11.437,8.732,9.903,6.462,6.767,7.565,6.048,0.000,6.021,7.923,10.346,11.847,12.529,13.327,13.062,14.253,14.432,14.256,15.485,15.893,15.963,16.427,16.652
14.360,13.124,11.825,11.952,9.828,11.064,8.310,9.149,8.461,7.728,6.021,0.000,6.193,8.107,9.797,10.126,11.416,11.689,12.672,12.919,13.357,14.604,15.290,15.934,16.264,16.616
15.040,14.202,13.469,14.273,12.665,14.100,11.468,11.827,11.108,9.431,7.923,6.193,0.000,6.245,7.534,8.330,9.994,11.056,12.895,13.126,13.799,15.319,16.078,16.635,17.061,17.070
14.654,13.929,13.613,14.569,13.618,14.793,12.807,14.076,13.712,11.912,10.346,8.107,6.245,0.000,6.135,7.897,9.099,10.081,12.360,13.090,13.134,14.612,15.692,16.274,16.761,17.115
14.746,14.095,13.895,14.864,14.126,15.155,13.609,14.867,14.757,13.746,11.847,9.797,7.534,6.135,0.000,6.346,7.743,8.909,10.485,12.434,13.413,13.857,14.928,15.856,16.406,16.896
14.583,14.212,13.848,15.078,14.269,15.358,13.773,14.878,14.183,13.982,12.529,10.126,8.330,7.897,6.346,0.000,6.176,7.634,8.719,10.042,12.507,13.811,13.749,14.604,15.836,16.415
14.485,14.268,14.022,15.331,14.627,15.730,14.129,15.143,14.674,14.052,13.327,11.416,9.994,9.099,7.743,6.176,0.000,5.946,7.467,8.393,10.134,12.749,14.102,13.768,14.878,16.065
14.070,13.580,13.118,14.326,13.838,14.950,13.870,15.243,15.111,14.367,13.062,11.689,11.056,10.081,8.909,7.634,5.946,0.000,5.756,7.421,8.166,10.343,13.025,13.861,14.031,15.075
14.499,14.252,13.691,14.909,14.327,15.397,14.594,16.046,15.769,15.483,14.253,12.672,12.895,12.360,10.485,8.719,7.467,5.756,0.000,5.677,7.537,8.887,11.333,13.637,14.645,15.056
14.582,14.108,13.436,14.427,13.723,14.637,14.316,15.754,15.682,15.350,14.432,12.919,13.126,13.090,12.434,10.042,8.393,7.421,5.677,0.000,5.762,7.417,9.489,11.548,13.469,14.970
14.136,13.542,12.641,13.618,13.000,13.805,13.664,15.035,15.407,15.171,14.256,13.357,13.799,13.134,13.413,12.507,10.134,8.166,7.537,5.762,0.000,5.912,7.308,8.734,10.698,13.103
14.871,14.513,13.884,14.316,13.990,14.328,14.644,15.650,16.096,16.248,15.485,14.604,15.319,14.612,13.857,13.811,12.749,10.343,8.887,7.417,5.912,0.000,5.824,7.854,9.380,11.499
15.089,14.788,14.265,14.606,14.149,14.381,14.661,15.718,16.250,16.251,15.893,15.290,16.078,15.692,14.928,13.749,14.102,13.025,11.333,9.489,7.308,5.824,0.000,5.896,7.441,9.523
15.362,15.172,14.917,14.995,14.637,14.608,15.082,15.863,16.251,16.364,15.963,15.934,16.635,16.274,15.856,14.604,13.768,13.861,13.637,11.548,8.734,7.854,5.896,0.000,5.992,8.175
15.472,15.320,15.249,15.335,15.094,14.801,15.416,16.132,16.438,16.357,16.427,16.264,17.061,16.761,16.406,15.836,14.878,14.031,14.645,13.469,10.698,9.380,7.441,5.992,0.000,6.705
15.740,15.668,15.725,15.764,15.627,15.428,15.752,16.349,16.524,16.769,16.652,16.616,17.070,17.115,16.896,16.415,16.065,15.075,15.056,14.970,13.103,11.499,9.523,8.175,6.705,0.000