c1,c2,c3,c4,c5,c6,c7,c8,c9,c10,c11,c12,c13,c14,c15,c16,c17,c18,c19,c20,c21,c22,c23,c24,c25,c26
0.000,6.010,7.418,9.220,10.910,12.233,11.196,11.763,13.896,14.719,14.692,16.313,17.890,17.600,17.280,16.564,16.485,16.093,16.020,15.333,14.940,15.738,15.478,14.951,15.401,15.928
6.010,0.000,5.701,7.589,8.528,9.517,9.964,10.788,12.190,13.246,14.191,15.519,17.008,18.108,17.619,16.941,16.720,15.856,16.402,15.711,14.545,15.691,15.870,15.323,15.081,15.816
7.418,5.701,0.000,5.613,7.584,7.329,6.411,8.453,10.639,10.477,11.262,13.625,15.158,15.901,16.901,16.445,15.058,14.326,16.154,15.429,13.705,15.594,16.818,15.570,15.451,16.247
9.220,7.589,5.613,0.000,5.451,6.598,5.933,7.276,9.735,10.654,11.132,12.973,15.231,16.346,16.940,17.762,16.089,15.065,16.811,16.351,13.877,15.363,17.132,16.077,15.265,16.506
10.910,8.528,7.584,5.451,0.000,5.430,7.369,6.054,6.830,10.114,11.160,11.137,13.323,15.589,15.726,16.059,15.978,13.607,15.041,14.644,12.056,13.140,15.207,14.008,12.993,14.660
12.233,9.517,7.329,6.598,5.430,0.000,5.414,7.404,6.205,7.043,10.263,11.281,11.712,13.866,15.097,15.568,15.159,15.027,15.322,15.311,12.953,13.793,15.935,15.327,14.106,15.478
11.196,9.964,6.411,5.933,7.369,5.414,0.000,5.414,7.469,6.184,7.243,10.343,11.837,13.057,14.299,15.702,15.018,14.962,17.093,15.981,13.737,15.432,17.425,16.430,16.159,16.851
11.763,10.788,8.453,7.276,6.054,7.404,5.414,0.000,5.463,7.507,6.420,7.343,10.692,12.267,12.809,13.602,13.473,13.776,15.424,15.653,12.757,14.682,16.001,14.746,15.042,15.746
13.896,12.190,10.639,9.735,6.830,6.205,7.469,5.463,0.000,5.537,7.569,6.398,8.058,10.555,11.566,11.623,11.435,11.771,13.715,14.071,13.706,13.384,14.950,14.205,14.514,15.216
14.719,13.246,10.477,10.654,10.114,7.043,6.184,7.507,5.537,0.000,5.565,7.715,7.543,9.404,11.004,12.226,11.308,11.723,14.461,14.991,14.514,16.239,17.237,16.814,16.775,16.909
14.692,14.191,11.262,11.132,11.160,10.263,7.243,6.420,7.569,5.565,0.000,5.633,7.890,8.766,9.785,11.287,10.754,10.801,13.409,14.404,14.202,15.698,17.674,16.821,16.777,16.676
16.313,15.519,13.625,12.973,11.137,11.281,10.343,7.343,6.398,7.715,5.633,0.000,5.953,7.658,8.226,8.657,8.952,9.879,11.439,12.218,13.060,14.735,15.906,16.528,16.427,16.603
17.890,17.008,15.158,15.231,13.323,11.712,11.837,10.692,8.058,7.543,7.890,5.953,0.000,5.961,8.043,8.210,7.871,9.786,11.642,11.879,12.815,14.822,16.124,17.094,17.553,16.874
17.600,18.108,15.901,16.346,15.589,13.866,13.057,12.267,10.555,9.404,8.766,7.658,5.961,0.000,6.148,7.542,6.597,7.248,10.114,10.941,10.904,12.717,14.933,15.966,16.513,17.106
17.280,17.619,16.901,16.940,15.726,15.097,14.299,12.809,11.566,11.004,9.785,8.226,8.043,6.148,0.000,5.985,7.722,6.449,7.407,10.317,11.029,10.949,12.904,15.536,15.906,16.620
16.564,16.941,16.445,17.762,16.059,15.568,15.702,13.602,11.623,12.226,11.287,8.657,8.210,7.542,5.985,0.000,5.812,7.650,6.415,7.261,10.119,11.035,11.132,13.422,14.789,15.611
16.485,16.720,15.058,16.089,15.978,15.159,15.018,13.473,11.435,11.308,10.754,8.952,7.871,6.597,7.722,5.812,0.000,5.645,7.654,6.104,6.854,9.941,11.039,11.770,12.792,14.414
16.093,15.856,14.326,15.065,13.607,15.027,14.962,13.776,11.771,11.723,10.801,9.879,9.786,7.248,6.449,7.650,5.645,0.000,5.510,7.478,5.931,6.630,9.998,11.462,11.949,13.357
16.020,16.402,16.154,16.811,15.041,15.322,17.093,15.424,13.715,14.461,13.409,11.439,11.642,10.114,7.407,6.415,7.654,5.510,0.000,5.495,7.427,5.903,6.868,10.320,11.100,12.319
15.333,15.711,15.429,16.351,14.644,15.311,15.981,15.653,14.071,14.991,14.404,12.218,11.879,10.941,10.317,7.261,6.104,7.478,5.495,0.000,5.474,7.388,6.108,7.604,9.003,10.469
14.940,14.545,13.705,13.877,12.056,12.953,13.737,12.757,13.706,14.514,14.202,13.060,12.815,10.904,11.029,10.119,6.854,5.931,7.427,5.474,0.000,5.355,7.436,6.868,8.010,9.568
15.738,15.691,15.594,15.363,13.140,13.793,15.432,14.682,13.384,16.239,15.698,14.735,14.822,12.717,10.949,11.035,9.941,6.630,5.903,7.388,5.355,0.000,5.316,7.612,7.677,9.557
15.478,15.870,16.818,17.132,15.207,15.935,17.425,16.001,14.950,17.237,17.674,15.906,16.124,14.933,12.904,11.132,11.039,9.998,6.868,6.108,7.436,5.316,0.000,5.407,7.042,8.934
14.951,15.323,15.570,16.077,14.008,15.327,16.430,14.746,14.205,16.814,16.821,16.528,17.094,15.966,15.536,13.422,11.770,11.462,10.320,7.604,6.868,7.612,5.407,0.000,5.655,7.948
15.401,15.081,15.451,15.265,12.993,14.106,16.159,15.042,14.514,16.775,16.777,16.427,17.553,16.513,15.906,14.789,12.792,11.949,11.100,9.003,8.010,7.677,7.042,5.655,0.000,6.068
15.928,15.816,16.247,16.506,14.660,15.478,16.851,15.746,15.216,16.909,16.676,16.603,16.874,17.106,16.620,15.611,14.414,13.357,12.319,10.469,9.568,9.557,8.934,7.948,6.068,0.000