c1,c2,c3,c4,c5,c6,c7,c8,c9,c10,c11,c12,c13,c14,c15,c16,c17,c18,c19,c20,c21,c22,c23,c24,c25,c26
0.000,6.048,7.576,10.453,13.097,15.031,17.057,17.039,15.246,16.255,15.956,14.590,14.960,14.246,14.919,15.031,14.887,14.311,15.033,14.730,14.289,14.267,14.287,14.496,14.432,14.647
6.048,0.000,5.865,7.744,10.441,12.707,15.342,16.454,13.705,14.737,14.813,13.206,14.044,13.462,14.351,14.371,13.962,13.300,13.861,13.297,12.751,13.138,13.207,13.634,13.927,14.475
7.576,5.865,0.000,5.798,8.040,9.969,13.377,14.144,11.028,12.549,13.028,11.566,12.614,12.314,13.572,13.749,13.347,12.516,13.394,12.879,12.238,12.868,13.078,14.017,14.185,14.821
10.453,7.744,5.798,0.000,5.842,7.662,10.014,11.898,9.503,11.332,12.555,11.749,13.443,13.242,14.598,14.457,14.038,13.091,13.810,13.203,12.821,13.548,13.699,14.485,14.946,15.424
13.097,10.441,8.040,5.842,0.000,5.815,8.149,9.452,6.631,7.698,9.205,9.242,11.845,12.673,14.289,14.179,13.343,12.683,13.339,12.783,12.254,13.521,13.608,14.638,15.209,15.726
15.031,12.707,9.969,7.662,5.815,0.000,5.898,5.741,4.915,8.407,10.032,10.538,12.717,13.661,14.931,14.526,13.576,12.788,13.712,13.175,12.991,13.903,14.546,15.206,15.550,16.068
17.057,15.342,13.377,10.014,8.149,5.898,0.000,5.479,7.627,8.546,11.135,12.170,14.648,15.133,16.024,15.714,14.827,14.162,14.893,14.360,14.116,14.848,15.261,15.988,15.982,16.231
17.039,16.454,14.144,11.898,9.452,5.741,5.479,0.000,5.611,7.940,10.095,11.487,13.926,14.856,15.476,14.889,13.953,13.385,14.001,13.736,13.722,14.592,15.014,15.647,15.797,16.152
15.246,13.705,11.028,9.503,6.631,4.915,7.627,5.611,0.000,6.005,7.610,8.617,11.113,12.684,14.477,13.832,12.706,12.479,13.413,13.346,13.395,14.493,14.994,15.569,15.952,16.356
16.255,14.737,12.549,11.332,7.698,8.407,8.546,7.940,6.005,0.000,6.011,8.235,10.721,12.390,14.633,14.328,13.295,13.044,14.250,14.241,14.210,15.155,15.503,15.955,16.213,16.486
15.956,14.813,13.028,12.555,9.205,10.032,11.135,10.095,7.610,6.011,0.000,6.513,8.106,10.220,12.055,12.486,12.436,12.650,14.037,14.282,14.497,15.606,15.975,16.304,16.607,16.778
14.590,13.206,11.566,11.749,9.242,10.538,12.170,11.487,8.617,8.235,6.513,0.000,6.390,8.073,10.141,10.558,10.666,11.127,12.829,13.143,13.464,14.617,15.253,15.809,16.258,16.475
14.960,14.044,12.614,13.443,11.845,12.717,14.648,13.926,11.113,10.721,8.106,6.390,0.000,6.468,7.473,8.420,9.190,10.392,12.507,13.399,13.901,15.246,15.712,16.341,16.879,16.913
14.246,13.462,12.314,13.242,12.673,13.661,15.133,14.856,12.684,12.390,10.220,8.073,6.468,0.000,6.258,7.794,8.310,9.274,11.880,13.202,13.530,14.672,15.327,15.881,16.306,16.485
14.919,14.351,13.572,14.598,14.289,14.931,16.024,15.476,14.477,14.633,12.055,10.141,7.473,6.258,0.000,6.064,7.943,8.873,11.037,12.891,13.963,14.865,15.285,16.032,16.583,16.839
15.031,14.371,13.749,14.457,14.179,14.526,15.714,14.889,13.832,14.328,12.486,10.558,8.420,7.794,6.064,0.000,6.154,7.990,9.566,11.663,13.271,14.928,14.831,15.380,16.280,16.584
14.887,13.962,13.347,14.038,13.343,13.576,14.827,13.953,12.706,13.295,12.436,10.666,9.190,8.310,7.943,6.154,0.000,6.097,8.135,9.932,11.672,14.222,15.163,15.022,15.718,16.187
14.311,13.300,12.516,13.091,12.683,12.788,14.162,13.385,12.479,13.044,12.650,11.127,10.392,9.274,8.873,7.990,6.097,0.000,5.951,7.544,8.493,11.312,13.341,14.917,14.772,15.134
15.033,13.861,13.394,13.810,13.339,13.712,14.893,14.001,13.413,14.250,14.037,12.829,12.507,11.880,11.037,9.566,8.135,5.951,0.000,5.688,7.719,10.250,12.291,14.931,16.090,15.607
14.730,13.297,12.879,13.203,12.783,13.175,14.360,13.736,13.346,14.241,14.282,13.143,13.399,13.202,12.891,11.663,9.932,7.544,5.688,0.000,5.812,7.450,9.690,12.258,14.757,15.384
14.289,12.751,12.238,12.821,12.254,12.991,14.116,13.722,13.395,14.210,14.497,13.464,13.901,13.530,13.963,13.271,11.672,8.493,7.719,5.812,0.000,5.810,7.120,9.508,12.243,13.661
14.267,13.138,12.868,13.548,13.521,13.903,14.848,14.592,14.493,15.155,15.606,14.617,15.246,14.672,14.865,14.928,14.222,11.312,10.250,7.450,5.810,0.000,5.815,7.299,9.872,11.647
14.287,13.207,13.078,13.699,13.608,14.546,15.261,15.014,14.994,15.503,15.975,15.253,15.712,15.327,15.285,14.831,15.163,13.341,12.291,9.690,7.120,5.815,0.000,5.848,7.513,8.739
14.496,13.634,14.017,14.485,14.638,15.206,15.988,15.647,15.569,15.955,16.304,15.809,16.341,15.881,16.032,15.380,15.022,14.917,14.931,12.258,9.508,7.299,5.848,0.000,5.819,7.720
14.432,13.927,14.185,14.946,15.209,15.550,15.982,15.797,15.952,16.213,16.607,16.258,16.879,16.306,16.583,16.280,15.718,14.772,16.090,14.757,12.243,9.872,7.513,5.819,0.000,6.347
14.647,14.475,14.821,15.424,15.726,16.068,16.231,16.152,16.356,16.486,16.778,16.475,16.913,16.485,16.839,16.584,16.187,15.134,15.607,15.384,13.661,11.647,8.739,7.720,6.347,0.000