c1,c2,c3,c4,c5,c6,c7,c8,c9,c10,c11,c12,c13,c14,c15,c16,c17,c18,c19,c20,c21,c22,c23,c24,c25,c26
0.000,6.060,7.800,9.790,11.932,12.863,13.316,13.717,14.665,15.134,15.184,15.368,16.209,16.090,16.374,16.787,16.254,15.710,16.476,16.397,15.452,15.714,16.010,15.550,15.454,15.622
6.060,0.000,5.788,7.583,9.590,10.587,11.679,12.607,13.432,14.328,14.594,14.564,15.624,15.428,15.537,16.343,15.459,14.515,15.765,15.818,14.438,14.912,15.572,15.038,14.656,15.244
7.800,5.788,0.000,5.883,7.380,7.717,9.101,10.429,12.203,13.139,13.627,13.705,15.097,14.980,15.177,15.827,14.791,13.574,15.141,15.212,13.631,14.279,15.397,14.617,14.209,15.091
9.790,7.583,5.883,0.000,5.499,7.544,9.388,11.003,13.451,14.935,14.905,14.612,16.276,15.872,15.882,16.945,16.039,14.547,15.742,15.965,14.224,14.360,15.656,15.029,14.204,15.122
11.932,9.590,7.380,5.499,0.000,5.648,7.894,9.866,12.051,14.411,15.030,14.173,15.990,15.928,15.649,16.639,16.044,13.882,15.272,15.579,13.276,13.369,15.094,14.510,13.367,14.374
12.863,10.587,7.717,7.544,5.648,0.000,5.780,7.432,9.417,11.609,13.074,12.638,14.280,14.469,14.224,15.437,14.864,13.481,14.515,14.747,12.609,13.273,15.150,14.572,14.158,15.203
13.316,11.679,9.101,9.388,7.894,5.780,0.000,5.854,7.462,9.358,10.832,11.560,13.585,13.524,13.525,14.872,13.776,12.562,14.496,14.277,11.606,12.724,14.928,14.147,13.736,14.789
13.717,12.607,10.429,11.003,9.866,7.432,5.854,0.000,5.878,7.947,8.914,9.085,12.218,12.422,12.826,13.917,12.971,11.784,14.275,14.731,12.125,13.389,15.342,14.818,14.704,15.579
14.665,13.432,12.203,13.451,12.051,9.417,7.462,5.878,0.000,5.877,7.318,7.245,9.885,10.890,11.366,12.293,11.357,10.908,13.284,13.802,12.641,13.059,14.925,14.542,14.701,15.552
15.134,14.328,13.139,14.935,14.411,11.609,9.358,7.947,5.877,0.000,5.769,7.807,9.597,10.639,12.090,13.316,12.153,12.133,14.770,15.414,14.507,16.028,17.234,16.796,16.584,16.842
15.184,14.594,13.627,14.905,15.030,13.074,10.832,8.914,7.318,5.769,0.000,6.161,7.881,9.346,10.281,11.841,10.892,11.108,13.582,14.404,14.013,15.605,17.505,16.828,16.839,16.994
15.368,14.564,13.705,14.612,14.173,12.638,11.560,9.085,7.245,7.807,6.161,0.000,6.179,7.585,8.312,9.210,8.746,8.953,11.196,12.200,12.522,14.158,15.646,16.017,16.148,16.885
16.209,15.624,15.097,16.276,15.990,14.280,13.585,12.218,9.885,9.597,7.881,6.179,0.000,5.957,8.307,8.778,8.255,10.068,12.064,12.494,13.088,15.138,16.671,17.151,18.010,17.205
16.090,15.428,14.980,15.872,15.928,14.469,13.524,12.422,10.890,10.639,9.346,7.585,5.957,0.000,6.211,7.157,6.127,7.357,10.121,10.955,11.068,12.897,15.040,15.649,16.701,17.549
16.374,15.537,15.177,15.882,15.649,14.224,13.525,12.826,11.366,12.090,10.281,8.312,8.307,6.211,0.000,5.902,7.545,6.519,7.328,10.506,11.236,11.219,13.235,15.372,16.204,16.637
16.787,16.343,15.827,16.945,16.639,15.437,14.872,13.917,12.293,13.316,11.841,9.210,8.778,7.157,5.902,0.000,5.752,7.603,6.736,7.648,10.489,11.406,11.874,13.576,15.627,16.258
16.254,15.459,14.791,16.039,16.044,14.864,13.776,12.971,11.357,12.153,10.892,8.746,8.255,6.127,7.545,5.752,0.000,5.599,7.526,6.773,7.454,10.288,11.663,11.959,13.795,15.188
15.710,14.515,13.574,14.547,13.882,13.481,12.562,11.784,10.908,12.133,11.108,8.953,10.068,7.357,6.519,7.603,5.599,0.000,5.624,7.538,6.415,7.163,10.501,11.531,12.239,13.575
16.476,15.765,15.141,15.742,15.272,14.515,14.496,14.275,13.284,14.770,13.582,11.196,12.064,10.121,7.328,6.736,7.526,5.624,0.000,5.574,7.497,6.416,7.814,10.570,12.074,12.758
16.397,15.818,15.212,15.965,15.579,14.747,14.277,14.731,13.802,15.414,14.404,12.200,12.494,10.955,10.506,7.648,6.773,7.538,5.574,0.000,5.575,7.469,6.926,8.038,11.036,12.058
15.452,14.438,13.631,14.224,13.276,12.609,11.606,12.125,12.641,14.507,14.013,12.522,13.088,11.068,11.236,10.489,7.454,6.415,7.497,5.575,0.000,5.577,7.482,6.626,8.715,10.128
15.714,14.912,14.279,14.360,13.369,13.273,12.724,13.389,13.059,16.028,15.605,14.158,15.138,12.897,11.219,11.406,10.288,7.163,6.416,7.469,5.577,0.000,5.484,7.523,8.076,9.645
16.010,15.572,15.397,15.656,15.094,15.150,14.928,15.342,14.925,17.234,17.505,15.646,16.671,15.040,13.235,11.874,11.663,10.501,7.814,6.926,7.482,5.484,0.000,5.652,7.685,8.888
15.550,15.038,14.617,15.029,14.510,14.572,14.147,14.818,14.542,16.796,16.828,16.017,17.151,15.649,15.372,13.576,11.959,11.531,10.570,8.038,6.626,7.523,5.652,0.000,5.680,7.730
15.454,14.656,14.209,14.204,13.367,14.158,13.736,14.704,14.701,16.584,16.839,16.148,18.010,16.701,16.204,15.627,13.795,12.239,12.074,11.036,8.715,8.076,7.685,5.680,0.000,6.222
15.622,15.244,15.091,15.122,14.374,15.203,14.789,15.579,15.552,16.842,16.994,16.885,17.205,17.549,16.637,16.258,15.188,13.575,12.758,12.058,10.128,9.645,8.888,7.730,6.222,0.000