c1,c2,c3,c4,c5,c6,c7,c8,c9,c10,c11,c12,c13,c14,c15,c16,c17,c18,c19,c20,c21,c22,c23,c24,c25,c26
0.000,5.960,7.701,10.046,12.520,14.186,13.371,13.404,15.015,16.174,16.687,17.390,17.472,16.256,15.980,16.229,15.292,13.970,15.332,15.328,13.922,14.299,15.528,15.340,14.332,14.869
5.960,0.000,5.741,7.749,9.574,11.821,11.578,11.958,13.339,14.776,15.838,16.800,17.090,15.504,15.091,15.664,14.684,12.858,14.472,14.424,13.034,13.478,14.499,14.419,13.365,14.081
7.701,5.741,0.000,5.693,7.510,8.675,8.154,9.113,11.038,12.184,13.824,15.465,16.085,14.377,14.218,14.978,13.960,11.708,13.885,13.833,12.228,12.767,14.399,14.210,13.435,14.068
10.046,7.749,5.693,0.000,5.618,6.791,7.235,8.445,10.257,11.937,13.885,15.309,16.317,14.692,14.710,16.024,15.058,12.788,14.882,14.545,13.081,13.310,14.834,14.763,14.182,14.580
12.520,9.574,7.510,5.618,0.000,5.529,7.466,6.846,7.509,10.407,12.544,13.534,15.469,13.827,13.612,15.128,14.231,11.460,13.477,13.585,11.812,12.041,13.924,13.941,13.484,14.070
14.186,11.821,8.675,6.791,5.529,0.000,5.531,7.324,6.733,8.519,11.557,13.103,14.893,13.323,13.463,15.211,13.912,11.684,13.616,14.309,12.234,12.642,14.846,14.882,14.724,15.085
13.371,11.578,8.154,7.235,7.466,5.531,0.000,5.565,7.532,7.941,9.870,12.131,13.716,12.083,12.312,13.873,12.459,10.508,12.832,13.172,11.170,11.947,14.014,13.864,14.152,14.559
13.404,11.958,9.113,8.445,6.846,7.324,5.565,0.000,5.675,7.583,8.932,10.406,12.066,10.496,10.290,11.625,10.337,8.036,10.572,11.634,10.014,11.175,13.294,13.838,14.594,15.371
15.015,13.339,11.038,10.257,7.509,6.733,7.532,5.675,0.000,5.757,8.378,9.115,11.600,10.637,10.953,12.145,11.310,9.364,11.457,13.295,12.040,11.963,14.235,14.808,15.381,15.963
16.174,14.776,12.184,11.937,10.407,8.519,7.941,7.583,5.757,0.000,5.685,8.282,10.550,9.395,9.989,11.774,11.505,10.414,12.507,14.544,13.640,14.310,16.190,16.555,16.852,17.255
16.687,15.838,13.824,13.885,12.544,11.557,9.870,8.932,8.378,5.685,0.000,6.619,6.530,5.741,8.412,10.403,10.027,9.683,11.682,13.851,13.444,14.529,16.645,17.047,17.617,17.596
17.390,16.800,15.465,15.309,13.534,13.103,12.131,10.406,9.115,8.282,6.619,0.000,6.066,7.786,8.245,10.444,11.649,11.438,12.454,14.534,15.051,15.245,16.751,17.613,17.666,17.479
17.472,17.090,16.085,16.317,15.469,14.893,13.716,12.066,11.600,10.550,6.530,6.066,0.000,5.843,8.035,9.551,10.410,11.102,12.226,13.891,14.258,15.366,16.553,17.475,18.076,17.677
16.256,15.504,14.377,14.692,13.827,13.323,12.083,10.496,10.637,9.395,5.741,7.786,5.843,0.000,6.144,7.979,8.267,8.680,10.845,12.492,12.665,13.819,15.558,16.222,16.972,17.702
15.980,15.091,14.218,14.710,13.612,13.463,12.312,10.290,10.953,9.989,8.412,8.245,8.035,6.144,0.000,6.113,7.846,7.992,8.789,11.609,12.372,12.485,14.084,15.622,16.344,16.730
16.229,15.664,14.978,16.024,15.128,15.211,13.873,11.625,12.145,11.774,10.403,10.444,9.551,7.979,6.113,0.000,6.169,7.819,7.469,8.867,11.322,12.433,12.931,14.127,16.013,16.518
15.292,14.684,13.960,15.058,14.231,13.912,12.459,10.337,11.310,11.505,10.027,11.649,10.410,8.267,7.846,6.169,0.000,5.983,7.797,8.158,8.856,11.526,12.790,12.893,14.478,15.833
13.970,12.858,11.708,12.788,11.460,11.684,10.508,8.036,9.364,10.414,9.683,11.438,11.102,8.680,7.992,7.819,5.983,0.000,5.931,7.838,7.211,8.357,11.105,12.236,12.980,13.974
15.332,14.472,13.885,14.882,13.477,13.616,12.832,10.572,11.457,12.507,11.682,12.454,12.226,10.845,8.789,7.469,7.797,5.931,0.000,5.821,7.545,7.459,8.819,11.169,13.107,13.457
15.328,14.424,13.833,14.545,13.585,14.309,13.172,11.634,13.295,14.544,13.851,14.534,13.891,12.492,11.609,8.867,8.158,7.838,5.821,0.000,5.946,7.622,7.721,8.769,12.011,13.099
13.922,13.034,12.228,13.081,11.812,12.234,11.170,10.014,12.040,13.640,13.444,15.051,14.258,12.665,12.372,11.322,8.856,7.211,7.545,5.946,0.000,5.754,7.490,7.057,9.618,11.192
14.299,13.478,12.767,13.310,12.041,12.642,11.947,11.175,11.963,14.310,14.529,15.245,15.366,13.819,12.485,12.433,11.526,8.357,7.459,7.622,5.754,0.000,5.581,7.572,8.697,9.890
15.528,14.499,14.399,14.834,13.924,14.846,14.014,13.294,14.235,16.190,16.645,16.751,16.553,15.558,14.084,12.931,12.790,11.105,8.819,7.721,7.490,5.581,0.000,5.658,7.886,9.051
15.340,14.419,14.210,14.763,13.941,14.882,13.864,13.838,14.808,16.555,17.047,17.613,17.475,16.222,15.622,14.127,12.893,12.236,11.169,8.769,7.057,7.572,5.658,0.000,5.635,7.835
14.332,13.365,13.435,14.182,13.484,14.724,14.152,14.594,15.381,16.852,17.617,17.666,18.076,16.972,16.344,16.013,14.478,12.980,13.107,12.011,9.618,8.697,7.886,5.635,0.000,6.329
14.869,14.081,14.068,14.580,14.070,15.085,14.559,15.371,15.963,17.255,17.596,17.479,17.677,17.702,16.730,16.518,15.833,13.974,13.457,13.099,11.192,9.890,9.051,7.835,6.329,0.000