c1,c2,c3,c4,c5,c6,c7,c8,c9,c10,c11,c12,c13,c14,c15,c16,c17,c18,c19,c20,c21,c22,c23,c24,c25,c26
0.000,6.313,8.033,10.683,12.963,14.968,13.083,13.282,12.160,12.326,12.335,11.957,13.193,13.969,14.697,14.863,14.896,14.281,14.491,14.484,14.217,14.997,14.721,15.438,15.274,15.620
6.313,0.000,5.908,8.219,9.964,12.551,11.124,11.825,10.560,10.938,11.287,11.069,12.633,14.014,14.960,15.103,14.957,13.950,14.068,13.681,13.136,14.104,13.752,14.671,14.676,15.195
8.033,5.908,0.000,5.956,7.896,9.787,8.125,8.017,7.037,7.951,9.488,10.234,12.414,14.078,15.181,15.643,15.627,14.401,14.467,13.955,12.959,13.549,12.921,13.849,13.929,14.624
10.683,8.219,5.956,0.000,6.095,5.962,5.225,8.156,8.499,9.577,11.252,12.365,14.430,15.635,16.397,16.512,16.371,15.348,15.515,14.878,13.956,14.140,13.451,14.137,14.152,14.923
12.963,9.964,7.896,6.095,0.000,5.613,7.789,8.591,9.845,11.005,13.211,13.872,15.653,16.575,17.055,17.037,16.819,15.847,16.143,15.531,14.706,14.711,13.783,14.047,13.932,14.728
14.968,12.551,9.787,5.962,5.613,0.000,5.563,8.228,10.363,11.689,13.856,14.959,16.394,16.810,17.163,17.170,17.058,16.509,16.612,15.676,14.750,14.621,13.854,13.945,13.877,14.692
13.083,11.124,8.125,5.225,7.789,5.563,0.000,5.952,7.546,9.283,11.342,12.770,14.813,15.867,16.510,16.734,16.665,15.758,15.697,14.603,13.314,13.177,12.457,12.941,13.114,13.912
13.282,11.825,8.017,8.156,8.591,8.228,5.952,0.000,6.016,7.848,10.513,12.156,14.790,16.125,16.594,16.630,16.604,15.512,15.586,14.549,13.108,12.722,12.140,12.348,12.778,13.743
12.160,10.560,7.037,8.499,9.845,10.363,7.546,6.016,0.000,6.129,7.531,8.768,11.581,13.693,15.289,15.637,15.406,13.905,13.622,12.800,11.226,11.176,10.991,12.038,12.870,14.062
12.326,10.938,7.951,9.577,11.005,11.689,9.283,7.848,6.129,0.000,6.306,8.237,10.665,12.978,15.184,15.843,15.674,14.371,14.110,13.438,12.183,12.053,11.777,12.412,13.158,14.277
12.335,11.287,9.488,11.252,13.211,13.856,11.342,10.513,7.531,6.306,0.000,6.457,7.742,10.533,12.466,13.984,14.418,13.037,12.956,12.669,11.781,12.137,13.075,13.805,14.690,15.584
11.957,11.069,10.234,12.365,13.872,14.959,12.770,12.156,8.768,8.237,6.457,0.000,6.414,7.914,10.616,12.020,13.094,12.152,11.896,12.316,11.464,12.644,13.282,14.269,15.082,15.796
13.193,12.633,12.414,14.430,15.653,16.394,14.813,14.790,11.581,10.665,7.742,6.414,0.000,6.411,7.738,9.534,10.538,10.573,11.495,12.162,12.688,13.342,14.607,15.314,16.082,16.363
13.969,14.014,14.078,15.635,16.575,16.810,15.867,16.125,13.693,12.978,10.533,7.914,6.411,0.000,6.215,7.858,9.517,10.362,11.554,13.272,13.693,14.572,15.531,16.124,16.576,16.838
14.697,14.960,15.181,16.397,17.055,17.163,16.510,16.594,15.289,15.184,12.466,10.616,7.738,6.215,0.000,6.091,7.487,9.548,10.725,13.094,14.481,15.186,16.006,16.278,16.843,17.047
14.863,15.103,15.643,16.512,17.037,17.170,16.734,16.630,15.637,15.843,13.984,12.020,9.534,7.858,6.091,0.000,5.884,7.981,9.606,11.373,13.785,15.187,15.672,15.911,16.401,16.791
14.896,14.957,15.627,16.371,16.819,17.058,16.665,16.604,15.406,15.674,14.418,13.094,10.538,9.517,7.487,5.884,0.000,5.983,7.500,10.014,12.273,14.726,16.326,16.543,16.716,16.984
14.281,13.950,14.401,15.348,15.847,16.509,15.758,15.512,13.905,14.371,13.037,12.152,10.573,10.362,9.548,7.981,5.983,0.000,5.902,7.387,9.214,11.877,14.386,15.854,16.089,16.129
14.491,14.068,14.467,15.515,16.143,16.612,15.697,15.586,13.622,14.110,12.956,11.896,11.495,11.554,10.725,9.606,7.500,5.902,0.000,5.738,7.935,10.608,13.219,15.830,17.006,16.736
14.484,13.681,13.955,14.878,15.531,15.676,14.603,14.549,12.800,13.438,12.669,12.316,12.162,13.272,13.094,11.373,10.014,7.387,5.738,0.000,5.890,7.346,10.451,12.894,15.504,16.426
14.217,13.136,12.959,13.956,14.706,14.750,13.314,13.108,11.226,12.183,11.781,11.464,12.688,13.693,14.481,13.785,12.273,9.214,7.935,5.890,0.000,5.826,7.090,10.303,12.699,14.449
14.997,14.104,13.549,14.140,14.711,14.621,13.177,12.722,11.176,12.053,12.137,12.644,13.342,14.572,15.186,15.187,14.726,11.877,10.608,7.346,5.826,0.000,5.837,7.092,10.341,12.425
14.721,13.752,12.921,13.451,13.783,13.854,12.457,12.140,10.991,11.777,13.075,13.282,14.607,15.531,16.006,15.672,16.326,14.386,13.219,10.451,7.090,5.837,0.000,5.769,7.430,9.696
15.438,14.671,13.849,14.137,14.047,13.945,12.941,12.348,12.038,12.412,13.805,14.269,15.314,16.124,16.278,15.911,16.543,15.854,15.830,12.894,10.303,7.092,5.769,0.000,5.830,7.540
15.274,14.676,13.929,14.152,13.932,13.877,13.114,12.778,12.870,13.158,14.690,15.082,16.082,16.576,16.843,16.401,16.716,16.089,17.006,15.504,12.699,10.341,7.430,5.830,0.000,6.186
15.620,15.195,14.624,14.923,14.728,14.692,13.912,13.743,14.062,14.277,15.584,15.796,16.363,16.838,17.047,16.791,16.984,16.129,16.736,16.426,14.449,12.425,9.696,7.540,6.186,0.000