c1,c2,c3,c4,c5,c6,c7,c8,c9,c10,c11,c12,c13,c14,c15,c16,c17,c18,c19,c20,c21,c22,c23,c24,c25,c26
0.000,6.501,7.666,9.420,11.967,12.104,9.146,10.669,13.574,13.226,12.431,15.045,16.485,16.092,16.113,16.777,16.929,16.599,16.769,16.465,16.515,16.436,16.074,16.157,15.911,16.011
6.501,0.000,5.758,7.702,9.996,10.318,7.118,8.117,11.544,11.597,10.880,13.296,15.481,15.470,15.248,16.373,16.649,16.297,16.612,16.317,16.319,16.188,15.659,15.930,15.573,15.817
7.666,5.758,0.000,5.581,8.579,8.810,6.066,7.726,11.155,11.296,10.885,13.145,15.496,15.754,15.865,17.084,17.406,16.959,16.963,16.503,16.482,16.358,15.901,16.225,15.842,16.020
9.420,7.702,5.581,0.000,5.457,5.544,5.250,7.336,9.408,10.050,11.099,12.938,14.768,15.823,16.700,17.823,17.628,17.012,16.830,16.420,16.368,16.277,15.710,16.256,15.808,16.071
11.967,9.996,8.579,5.457,0.000,5.443,7.327,5.909,6.749,9.993,10.974,10.963,13.033,15.408,15.775,16.343,17.471,16.392,16.478,15.966,16.048,15.781,15.092,15.556,15.174,15.556
12.104,10.318,8.810,5.544,5.443,0.000,5.389,7.355,6.336,7.125,10.189,11.238,11.923,13.753,15.315,15.993,16.418,17.058,16.596,16.254,16.151,16.122,15.407,15.709,15.388,15.772
9.146,7.118,6.066,5.250,7.327,5.389,0.000,5.417,7.475,6.294,7.308,10.292,11.844,12.554,13.705,15.358,15.856,15.956,17.110,16.316,16.360,16.214,15.762,15.977,15.694,15.936
10.669,8.117,7.726,7.336,5.909,7.355,5.417,0.000,5.464,7.515,6.669,7.387,10.788,12.283,12.310,13.687,14.881,14.905,15.786,16.322,15.767,15.765,14.988,15.512,15.198,15.525
13.574,11.544,11.155,9.408,6.749,6.336,7.475,5.464,0.000,5.621,7.574,6.529,8.135,10.957,12.103,12.517,13.509,14.359,15.383,15.825,16.397,15.772,15.239,15.472,15.330,15.601
13.226,11.597,11.296,10.050,9.993,7.125,6.294,7.515,5.621,0.000,5.605,7.634,7.558,9.284,11.339,12.522,12.735,13.475,15.132,15.849,16.456,16.529,15.800,16.069,15.824,16.083
12.431,10.880,10.885,11.099,10.974,10.189,7.308,6.669,7.574,5.605,0.000,5.672,7.804,8.395,9.218,11.215,12.121,11.912,13.646,14.833,15.761,15.744,15.736,15.797,15.636,15.802
15.045,13.296,13.145,12.938,10.963,11.238,10.292,7.387,6.529,7.634,5.672,0.000,5.847,7.857,7.852,9.066,10.844,11.474,12.726,13.852,15.204,15.255,15.254,15.677,15.472,15.765
16.485,15.481,15.496,14.768,13.033,11.923,11.844,10.788,8.135,7.558,7.804,5.847,0.000,5.920,7.990,8.470,9.778,11.443,13.207,13.968,15.127,15.455,15.437,15.890,16.070,16.106
16.092,15.470,15.754,15.823,15.408,13.753,12.554,12.283,10.957,9.284,8.395,7.857,5.920,0.000,6.117,7.998,8.657,10.101,12.474,13.939,14.624,14.652,15.054,15.463,15.599,15.924
16.113,15.248,15.865,16.700,15.775,15.315,13.705,12.310,12.103,11.339,9.218,7.852,7.990,6.117,0.000,6.154,7.875,8.644,10.776,12.943,14.304,13.756,14.182,14.906,15.203,15.657
16.777,16.373,17.084,17.823,16.343,15.993,15.358,13.687,12.517,12.522,11.215,9.066,8.470,7.998,6.154,0.000,6.046,7.965,9.537,11.556,13.629,13.665,13.778,14.494,15.228,15.796
16.929,16.649,17.406,17.628,17.471,16.418,15.856,14.881,13.509,12.735,12.121,10.844,9.778,8.657,7.875,6.046,0.000,6.036,7.876,9.993,11.701,12.294,13.037,13.490,14.144,15.216
16.599,16.297,16.959,17.012,16.392,17.058,15.956,14.905,14.359,13.475,11.912,11.474,11.443,10.101,8.644,7.965,6.036,0.000,5.952,7.889,9.598,9.832,10.774,11.877,12.572,13.885
16.769,16.612,16.963,16.830,16.478,16.596,17.110,15.786,15.383,15.132,13.646,12.726,13.207,12.474,10.776,9.537,7.876,5.952,0.000,5.955,7.499,7.974,9.705,11.046,12.631,13.937
16.465,16.317,16.503,16.420,15.966,16.254,16.316,16.322,15.825,15.849,14.833,13.852,13.968,13.939,12.943,11.556,9.993,7.889,5.955,0.000,5.670,7.892,8.922,9.987,12.161,13.802
16.515,16.319,16.482,16.368,16.048,16.151,16.360,15.767,16.397,16.456,15.761,15.204,15.127,14.624,14.304,13.629,11.701,9.598,7.499,5.670,0.000,5.692,7.798,9.005,10.952,13.177
16.436,16.188,16.358,16.277,15.781,16.122,16.214,15.765,15.772,16.529,15.744,15.255,15.455,14.652,13.756,13.665,12.294,9.832,7.974,7.892,5.692,0.000,5.731,7.503,9.113,11.324
16.074,15.659,15.901,15.710,15.092,15.407,15.762,14.988,15.239,15.800,15.736,15.254,15.437,15.054,14.182,13.778,13.037,10.774,9.705,8.922,7.798,5.731,0.000,5.802,7.422,9.605
16.157,15.930,16.225,16.256,15.556,15.709,15.977,15.512,15.472,16.069,15.797,15.677,15.890,15.463,14.906,14.494,13.490,11.877,11.046,9.987,9.005,7.503,5.802,0.000,5.848,7.648
15.911,15.573,15.842,15.808,15.174,15.388,15.694,15.198,15.330,15.824,15.636,15.472,16.070,15.599,15.203,15.228,14.144,12.572,12.631,12.161,10.952,9.113,7.422,5.848,0.000,6.054
16.011,15.817,16.020,16.071,15.556,15.772,15.936,15.525,15.601,16.083,15.802,15.765,16.106,15.924,15.657,15.796,15.216,13.885,13.937,13.802,13.177,11.324,9.605,7.648,6.054,0.000