c1,c2,c3,c4,c5,c6,c7,c8,c9,c10,c11,c12,c13,c14,c15,c16,c17,c18,c19,c20,c21,c22,c23,c24,c25,c26
0.000,5.879,7.312,8.544,10.144,12.322,12.814,12.250,13.477,14.866,15.497,16.444,17.963,17.513,17.172,16.820,16.794,16.624,16.594,16.189,15.647,15.874,15.322,14.988,13.733,14.233
5.879,0.000,5.589,7.338,8.040,9.469,11.695,12.423,11.708,13.079,14.932,15.529,16.536,18.164,17.287,16.868,16.602,16.493,16.375,15.716,15.134,15.221,14.343,14.121,12.326,13.025
7.312,5.589,0.000,5.591,7.229,7.670,8.617,11.451,12.402,11.574,13.078,15.029,15.725,16.430,18.128,17.187,16.721,16.174,16.129,15.260,14.200,14.288,13.543,12.848,11.710,11.653
8.544,7.338,5.591,0.000,5.582,7.399,7.553,8.615,11.432,12.210,11.720,13.308,15.288,15.996,16.756,18.041,16.918,16.014,15.826,14.905,13.651,13.340,12.943,13.023,12.082,12.232
10.144,8.040,7.229,5.582,0.000,5.540,7.340,7.222,8.043,11.200,12.163,11.764,13.503,15.407,16.075,16.291,17.042,14.956,14.645,13.773,12.031,12.354,12.115,11.986,11.187,11.332
12.322,9.469,7.670,7.399,5.540,0.000,5.533,7.362,7.223,8.264,11.288,11.865,12.213,13.719,15.687,15.989,16.131,16.387,15.060,14.805,13.037,12.659,13.515,13.253,13.154,13.226
12.814,11.695,8.617,7.553,7.340,5.533,0.000,5.563,7.305,7.149,7.932,10.434,11.998,12.232,13.915,15.055,15.180,14.897,16.225,14.391,12.340,12.436,13.172,13.228,13.628,13.513
12.250,12.423,11.451,8.615,7.222,7.362,5.563,0.000,5.664,7.764,7.568,8.127,11.306,12.455,12.774,13.681,14.605,14.179,15.304,16.299,13.347,13.618,14.492,14.680,14.764,14.884
13.477,11.708,12.402,11.432,8.043,7.223,7.305,5.664,0.000,5.671,7.593,6.962,8.118,11.037,12.385,12.023,12.851,13.492,14.314,14.931,14.905,13.943,14.802,14.842,15.025,15.246
14.866,13.079,11.574,12.210,11.200,8.264,7.149,7.764,5.671,0.000,5.871,7.859,7.844,9.171,11.796,12.255,12.131,12.578,14.473,15.071,15.020,16.536,16.022,15.968,15.867,15.849
15.497,14.932,13.078,11.720,12.163,11.288,7.932,7.568,7.593,5.871,0.000,6.073,7.956,7.938,9.283,10.855,11.697,11.144,12.744,14.311,14.401,15.380,16.960,15.917,15.894,16.096
16.444,15.529,15.029,13.308,11.764,11.865,10.434,8.127,6.962,7.859,6.073,0.000,6.359,8.232,8.479,9.061,10.611,10.881,11.594,13.008,13.843,14.762,15.882,16.851,15.914,16.214
17.963,16.536,15.725,15.288,13.503,12.213,11.998,11.306,8.118,7.844,7.956,6.359,0.000,6.210,8.015,8.171,8.967,10.692,12.067,12.350,13.198,14.967,15.832,16.346,17.476,16.909
17.513,18.164,16.430,15.996,15.407,13.719,12.232,12.455,11.037,9.171,7.938,8.232,6.210,0.000,6.128,8.171,8.185,9.224,11.171,12.291,12.153,13.583,15.238,15.780,16.674,17.739
17.172,17.287,18.128,16.756,16.075,15.687,13.915,12.774,12.385,11.796,9.283,8.479,8.015,6.128,0.000,6.271,8.102,8.242,9.033,11.493,12.233,12.322,13.733,15.398,16.147,16.953
16.820,16.868,17.187,18.041,16.291,15.989,15.055,13.681,12.023,12.255,10.855,9.061,8.171,8.171,6.271,0.000,6.249,7.600,7.548,8.585,10.963,11.888,11.974,13.554,15.490,16.348
16.794,16.602,16.721,16.918,17.042,16.131,15.180,14.605,12.851,12.131,11.697,10.611,8.967,8.185,8.102,6.249,0.000,5.932,7.636,7.410,8.140,10.767,11.667,11.750,13.503,15.455
16.624,16.493,16.174,16.014,14.956,16.387,14.897,14.179,13.492,12.578,11.144,10.881,10.692,9.224,8.242,7.600,5.932,0.000,5.714,7.555,7.029,7.721,10.601,11.740,11.897,13.610
16.594,16.375,16.129,15.826,14.645,15.060,16.225,15.304,14.314,14.473,12.744,11.594,12.067,11.171,9.033,7.548,7.636,5.714,0.000,5.615,7.509,6.943,7.753,10.776,12.125,12.579
16.189,15.716,15.260,14.905,13.773,14.805,14.391,16.299,14.931,15.071,14.311,13.008,12.350,12.291,11.493,8.585,7.410,7.555,5.615,0.000,5.599,7.410,6.901,7.951,11.135,12.379
15.647,15.134,14.200,13.651,12.031,13.037,12.340,13.347,14.905,15.020,14.401,13.843,13.198,12.153,12.233,10.963,8.140,7.029,7.509,5.599,0.000,5.545,7.475,6.894,8.482,10.934
15.874,15.221,14.288,13.340,12.354,12.659,12.436,13.618,13.943,16.536,15.380,14.762,14.967,13.583,12.322,11.888,10.767,7.721,6.943,7.410,5.545,0.000,5.521,7.472,7.706,8.776
15.322,14.343,13.543,12.943,12.115,13.515,13.172,14.492,14.802,16.022,16.960,15.882,15.832,15.238,13.733,11.974,11.667,10.601,7.753,6.901,7.475,5.521,0.000,5.616,7.783,8.296
14.988,14.121,12.848,13.023,11.986,13.253,13.228,14.680,14.842,15.968,15.917,16.851,16.346,15.780,15.398,13.554,11.750,11.740,10.776,7.951,6.894,7.472,5.616,0.000,5.628,7.792
13.733,12.326,11.710,12.082,11.187,13.154,13.628,14.764,15.025,15.867,15.894,15.914,17.476,16.674,16.147,15.490,13.503,11.897,12.125,11.135,8.482,7.706,7.783,5.628,0.000,5.906
14.233,13.025,11.653,12.232,11.332,13.226,13.513,14.884,15.246,15.849,16.096,16.214,16.909,17.739,16.953,16.348,15.455,13.610,12.579,12.379,10.934,8.776,8.296,7.792,5.906,0.000