c1,c2,c3,c4,c5,c6,c7,c8,c9,c10,c11,c12,c13,c14,c15,c16,c17,c18,c19,c20,c21,c22,c23,c24,c25,c26
0.000,6.273,7.775,10.007,12.218,14.741,14.484,11.931,12.705,14.655,14.087,12.781,14.798,16.052,15.516,15.145,16.134,16.435,16.144,16.039,16.487,16.223,16.039,16.187,15.882,15.876
6.273,0.000,5.875,7.455,10.007,12.374,13.043,11.077,11.484,13.591,13.208,11.806,14.209,15.820,15.062,14.891,16.002,16.407,16.017,15.630,16.322,16.037,15.912,15.994,15.691,15.837
7.775,5.875,0.000,5.931,7.214,9.286,9.766,8.433,9.581,11.392,10.841,10.300,12.489,14.319,14.432,15.036,16.140,16.858,16.526,16.300,16.820,16.618,16.360,16.535,16.157,16.283
10.007,7.455,5.931,0.000,5.580,8.196,8.947,8.340,9.804,12.365,12.149,12.011,14.262,15.987,16.360,17.006,17.449,16.949,16.738,16.779,16.182,16.298,16.237,16.319,16.096,16.321
12.218,10.007,7.214,5.580,0.000,5.619,6.264,6.092,7.587,10.388,11.185,11.434,13.139,14.847,15.422,16.567,17.601,16.981,16.569,16.386,15.697,15.968,15.798,15.859,15.680,16.212
14.741,12.374,9.286,8.196,5.619,0.000,5.441,7.474,6.699,8.244,11.072,11.984,11.733,13.506,15.328,16.182,16.623,17.155,16.355,16.113,15.431,15.959,15.788,15.851,15.618,16.271
14.484,13.043,9.766,8.947,6.264,5.441,0.000,5.475,7.257,7.097,8.145,11.157,12.316,12.434,13.743,15.579,16.175,16.176,15.882,15.032,14.896,15.122,15.277,15.496,15.360,15.862
11.931,11.077,8.433,8.340,6.092,7.474,5.475,0.000,5.509,7.442,7.082,8.139,11.250,12.439,12.514,14.221,15.586,16.254,15.622,15.354,15.605,15.426,15.526,16.005,15.815,16.178
12.705,11.484,9.581,9.804,7.587,6.699,7.257,5.509,0.000,5.537,7.455,7.073,8.223,11.299,12.360,13.279,14.454,15.794,15.464,15.172,15.908,15.678,15.954,16.222,16.261,16.530
14.655,13.591,11.392,12.365,10.388,8.244,7.097,7.442,5.537,0.000,5.607,7.457,7.220,8.702,11.020,12.585,13.268,14.721,14.381,14.293,15.059,15.057,15.438,15.935,15.948,16.453
14.087,13.208,10.841,12.149,11.185,11.072,8.145,7.082,7.455,5.607,0.000,5.666,7.490,7.492,8.760,11.396,12.718,14.399,13.845,14.055,14.870,14.543,15.192,15.712,15.772,16.155
12.781,11.806,10.300,12.011,11.434,11.984,11.157,8.139,7.073,7.457,5.666,0.000,5.728,7.850,8.137,10.457,12.236,14.444,14.184,14.603,15.579,15.463,15.662,16.234,16.264,16.560
14.798,14.209,12.489,14.262,13.139,11.733,12.316,11.250,8.223,7.220,7.490,5.728,0.000,5.808,7.478,9.119,10.772,13.481,13.883,14.578,15.441,15.437,15.616,16.044,16.223,16.609
16.052,15.820,14.319,15.987,14.847,13.506,12.434,12.439,11.299,8.702,7.492,7.850,5.808,0.000,6.032,7.883,9.247,11.841,12.523,13.893,15.006,14.823,14.905,15.422,15.443,15.851
15.516,15.062,14.432,16.360,15.422,15.328,13.743,12.514,12.360,11.020,8.760,8.137,7.478,6.032,0.000,5.935,7.699,10.425,11.140,12.965,15.118,15.029,14.468,15.309,15.727,16.074
15.145,14.891,15.036,17.006,16.567,16.182,15.579,14.221,13.279,12.585,11.396,10.457,9.119,7.883,5.935,0.000,6.012,8.854,10.324,11.920,15.058,15.635,14.644,15.192,16.171,16.571
16.134,16.002,16.140,17.449,17.601,16.623,16.175,15.586,14.454,13.268,12.718,12.236,10.772,9.247,7.699,6.012,0.000,6.086,7.252,8.671,12.054,13.170,12.634,13.508,14.803,16.046
16.435,16.407,16.858,16.949,16.981,17.155,16.176,16.254,15.794,14.721,14.399,14.444,13.481,11.841,10.425,8.854,6.086,0.000,5.852,7.561,10.341,11.968,11.890,12.624,14.129,15.508
16.144,16.017,16.526,16.738,16.569,16.355,15.882,15.622,15.464,14.381,13.845,14.184,13.883,12.523,11.140,10.324,7.252,5.852,0.000,5.890,8.443,9.746,9.441,10.379,12.149,13.862
16.039,15.630,16.300,16.779,16.386,16.113,15.032,15.354,15.172,14.293,14.055,14.603,14.578,13.893,12.965,11.920,8.671,7.561,5.890,0.000,6.046,6.791,6.791,8.605,10.801,12.762
16.487,16.322,16.820,16.182,15.697,15.431,14.896,15.605,15.908,15.059,14.870,15.579,15.441,15.006,15.118,15.058,12.054,10.341,8.443,6.046,0.000,5.700,7.236,7.965,9.825,12.088
16.223,16.037,16.618,16.298,15.968,15.959,15.122,15.426,15.678,15.057,14.543,15.463,15.437,14.823,15.029,15.635,13.170,11.968,9.746,6.791,5.700,0.000,5.685,7.603,8.700,10.935
16.039,15.912,16.360,16.237,15.798,15.788,15.277,15.526,15.954,15.438,15.192,15.662,15.616,14.905,14.468,14.644,12.634,11.890,9.441,6.791,7.236,5.685,0.000,5.719,7.519,9.718
16.187,15.994,16.535,16.319,15.859,15.851,15.496,16.005,16.222,15.935,15.712,16.234,16.044,15.422,15.309,15.192,13.508,12.624,10.379,8.605,7.965,7.603,5.719,0.000,5.829,8.052
15.882,15.691,16.157,16.096,15.680,15.618,15.360,15.815,16.261,15.948,15.772,16.264,16.223,15.443,15.727,16.171,14.803,14.129,12.149,10.801,9.825,8.700,7.519,5.829,0.000,6.197
15.876,15.837,16.283,16.321,16.212,16.271,15.862,16.178,16.530,16.453,16.155,16.560,16.609,15.851,16.074,16.571,16.046,15.508,13.862,12.762,12.088,10.935,9.718,8.052,6.197,0.000