c1,c2,c3,c4,c5,c6,c7,c8,c9,c10,c11,c12,c13,c14,c15,c16,c17,c18,c19,c20,c21,c22,c23,c24,c25,c26
0.000,5.915,7.500,9.167,11.734,13.870,14.387,13.785,14.838,16.098,16.338,16.172,16.610,16.506,15.957,15.643,14.795,14.234,14.811,14.379,13.739,14.500,15.370,15.357,15.102,15.666
5.915,0.000,5.668,7.343,8.989,11.458,13.118,13.661,13.357,14.552,15.578,14.901,15.556,16.355,15.267,15.254,14.123,13.228,14.232,13.709,12.652,13.813,14.943,15.103,14.713,15.557
7.500,5.668,0.000,5.687,7.241,8.805,10.521,12.481,13.939,13.388,14.184,14.050,14.328,15.214,14.939,14.627,13.449,11.975,13.349,12.957,11.558,13.119,14.625,14.947,14.651,15.747
9.167,7.343,5.687,0.000,5.690,7.431,8.753,10.377,13.063,13.572,13.584,13.089,13.820,14.667,14.638,15.504,13.877,12.523,14.295,14.350,12.814,14.006,15.393,15.594,15.020,16.025
11.734,8.989,7.241,5.690,0.000,5.712,7.407,8.113,9.972,11.841,12.351,11.271,11.920,13.297,13.190,13.922,13.414,11.015,13.105,13.199,11.774,13.057,14.385,14.836,14.416,15.614
13.870,11.458,8.805,7.431,5.712,0.000,5.700,7.562,8.980,10.078,11.538,11.400,11.637,13.137,13.715,14.718,14.511,13.487,15.053,15.500,13.773,14.658,15.827,15.818,15.010,15.974
14.387,13.118,10.521,8.753,7.407,5.700,0.000,5.878,7.599,8.076,9.250,10.089,11.110,12.245,13.085,14.729,14.473,13.340,15.166,15.262,13.712,14.285,15.476,15.382,14.533,15.431
13.785,13.661,12.481,10.377,8.113,7.562,5.878,0.000,5.642,8.118,8.619,8.756,10.486,12.041,12.473,13.862,13.815,12.692,14.558,14.992,13.236,13.714,14.713,14.849,14.279,15.299
14.838,13.357,13.939,13.063,9.972,8.980,7.599,5.642,0.000,5.657,7.354,7.827,9.535,11.634,12.965,14.093,13.812,13.198,14.828,15.416,14.711,14.826,15.686,15.766,15.284,15.908
16.098,14.552,13.388,13.572,11.841,10.078,8.076,8.118,5.657,0.000,5.724,7.835,9.377,11.213,13.304,14.683,14.112,13.229,15.233,16.006,15.361,15.805,16.328,16.277,15.710,16.259
16.338,15.578,14.184,13.584,12.351,11.538,9.250,8.619,7.354,5.724,0.000,6.043,7.880,9.303,11.092,13.293,13.112,12.184,14.059,15.187,14.677,15.154,16.163,16.019,15.516,16.169
16.172,14.901,14.050,13.089,11.271,11.400,10.089,8.756,7.827,7.835,6.043,0.000,6.165,8.210,9.489,11.324,11.707,10.826,12.701,13.914,14.026,14.447,15.486,16.004,15.473,16.339
16.610,15.556,14.328,13.820,11.920,11.637,11.110,10.486,9.535,9.377,7.880,6.165,0.000,6.185,7.790,9.452,9.734,9.732,11.805,12.872,13.189,14.081,15.157,15.994,15.955,16.463
16.506,16.355,15.214,14.667,13.297,13.137,12.245,12.041,11.634,11.213,9.303,8.210,6.185,0.000,6.427,8.064,9.004,8.784,10.863,12.591,12.962,13.941,15.074,16.136,16.378,17.057
15.957,15.267,14.939,14.638,13.190,13.715,13.085,12.473,12.965,13.304,11.092,9.489,7.790,6.427,0.000,6.336,7.090,7.253,8.809,11.490,12.113,12.705,13.864,15.460,15.975,16.966
15.643,15.254,14.627,15.504,13.922,14.718,14.729,13.862,14.093,14.683,13.293,11.324,9.452,8.064,6.336,0.000,5.986,7.631,7.830,9.491,11.739,12.732,12.806,14.475,15.745,16.828
14.795,14.123,13.449,13.877,13.414,14.511,14.473,13.815,13.812,14.112,13.112,11.707,9.734,9.004,7.090,5.986,0.000,5.905,7.613,8.404,9.414,11.705,12.343,13.470,14.339,16.340
14.234,13.228,11.975,12.523,11.015,13.487,13.340,12.692,13.198,13.229,12.184,10.826,9.732,8.784,7.253,7.631,5.905,0.000,5.808,7.580,7.309,8.719,10.875,12.612,13.042,15.251
14.811,14.232,13.349,14.295,13.105,15.053,15.166,14.558,14.828,15.233,14.059,12.701,11.805,10.863,8.809,7.830,7.613,5.808,0.000,5.746,7.641,7.965,8.803,11.790,12.664,14.740
14.379,13.709,12.957,14.350,13.199,15.500,15.262,14.992,15.416,16.006,15.187,13.914,12.872,12.591,11.490,9.491,8.404,7.580,5.746,0.000,5.863,7.446,7.021,9.480,11.147,13.586
13.739,12.652,11.558,12.814,11.774,13.773,13.712,13.236,14.711,15.361,14.677,14.026,13.189,12.962,12.113,11.739,9.414,7.309,7.641,5.863,0.000,5.749,7.632,8.670,9.723,12.801
14.500,13.813,13.119,14.006,13.057,14.658,14.285,13.714,14.826,15.805,15.154,14.447,14.081,13.941,12.705,12.732,11.705,8.719,7.965,7.446,5.749,0.000,5.919,7.902,8.502,11.248
15.370,14.943,14.625,15.393,14.385,15.827,15.476,14.713,15.686,16.328,16.163,15.486,15.157,15.074,13.864,12.806,12.343,10.875,8.803,7.021,7.632,5.919,0.000,5.901,7.606,9.954
15.357,15.103,14.947,15.594,14.836,15.818,15.382,14.849,15.766,16.277,16.019,16.004,15.994,16.136,15.460,14.475,13.470,12.612,11.790,9.480,8.670,7.902,5.901,0.000,6.206,8.582
15.102,14.713,14.651,15.020,14.416,15.010,14.533,14.279,15.284,15.710,15.516,15.473,15.955,16.378,15.975,15.745,14.339,13.042,12.664,11.147,9.723,8.502,7.606,6.206,0.000,6.860
15.666,15.557,15.747,16.025,15.614,15.974,15.431,15.299,15.908,16.259,16.169,16.339,16.463,17.057,16.966,16.828,16.340,15.251,14.740,13.586,12.801,11.248,9.954,8.582,6.860,0.000