c1,c2,c3,c4,c5,c6,c7,c8,c9,c10,c11,c12,c13,c14,c15,c16,c17,c18,c19,c20,c21,c22,c23,c24,c25,c26
0.000,5.998,8.274,9.989,10.082,12.994,14.026,14.721,14.446,14.774,14.462,14.527,15.089,15.269,15.512,15.077,15.250,14.915,15.099,14.881,14.909,15.390,15.540,15.613,15.431,15.401
5.998,0.000,6.098,6.959,6.444,10.197,11.778,13.353,13.457,13.789,13.724,13.640,14.539,14.876,15.207,14.641,14.946,14.344,14.594,14.489,14.388,14.907,15.067,15.183,15.063,14.972
8.274,6.098,0.000,5.474,7.627,10.195,12.107,14.202,14.544,14.823,14.570,14.665,15.247,15.338,15.722,15.245,15.598,14.958,15.254,15.121,14.822,15.223,15.324,15.152,14.991,15.030
9.989,6.959,5.474,0.000,5.859,8.069,10.488,12.492,13.597,14.250,14.225,14.415,15.197,15.335,15.655,15.225,15.548,14.744,15.138,14.802,14.443,14.830,14.982,14.808,14.799,14.920
10.082,6.444,7.627,5.859,0.000,5.914,7.319,9.277,10.314,11.841,12.806,13.077,14.362,14.934,15.264,14.531,14.862,13.698,14.310,13.794,13.277,13.662,13.807,13.699,13.874,14.169
12.994,10.197,10.195,8.069,5.914,0.000,5.921,7.782,9.866,11.230,13.095,13.657,15.197,15.471,15.795,15.103,15.391,14.226,14.988,14.404,13.497,13.437,13.662,13.646,13.875,14.221
14.026,11.778,12.107,10.488,7.319,5.921,0.000,5.924,7.249,9.119,10.800,11.842,14.240,15.116,15.203,14.204,14.456,13.248,13.929,13.068,11.841,12.089,12.484,12.743,13.156,13.636
14.721,13.353,14.202,12.492,9.277,7.782,5.924,0.000,6.139,8.413,10.771,11.936,14.875,15.872,15.739,14.711,15.146,13.483,14.253,13.379,11.987,12.160,12.429,12.664,13.367,13.894
14.446,13.457,14.544,13.597,10.314,9.866,7.249,6.139,0.000,6.129,7.960,9.063,12.247,14.449,15.486,13.908,14.226,11.992,12.784,11.866,10.901,11.406,12.244,12.774,13.659,14.381
14.774,13.789,14.823,14.250,11.841,11.230,9.119,8.413,6.129,0.000,6.326,7.607,10.461,13.042,14.492,13.223,13.908,11.849,12.893,12.184,11.682,12.682,13.548,14.105,14.886,15.331
14.462,13.724,14.570,14.225,12.806,13.095,10.800,10.771,7.960,6.326,0.000,6.438,7.991,10.834,12.337,11.496,12.803,10.913,12.065,12.117,11.885,13.636,14.596,15.052,15.732,16.074
14.527,13.640,14.665,14.415,13.077,13.657,11.842,11.936,9.063,7.607,6.438,0.000,6.626,8.571,10.311,9.377,10.407,8.847,10.309,10.702,10.591,12.620,13.811,14.566,15.096,15.606
15.089,14.539,15.247,15.197,14.362,15.197,14.240,14.875,12.247,10.461,7.991,6.626,0.000,6.452,7.499,7.387,9.256,9.265,11.074,12.216,12.712,14.558,15.732,16.165,16.466,16.657
15.269,14.876,15.338,15.335,14.934,15.471,15.116,15.872,14.449,13.042,10.834,8.571,6.452,0.000,6.048,7.660,9.440,9.970,11.876,13.101,13.146,14.750,16.152,16.408,16.601,16.829
15.512,15.207,15.722,15.655,15.264,15.795,15.203,15.739,15.486,14.492,12.337,10.311,7.499,6.048,0.000,6.155,7.896,10.163,11.224,12.947,13.999,14.979,15.814,16.336,16.547,16.958
15.077,14.641,15.245,15.225,14.531,15.103,14.204,14.711,13.908,13.223,11.496,9.377,7.387,7.660,6.155,0.000,5.971,7.930,9.338,10.742,12.828,14.439,14.617,15.022,15.580,16.165
15.250,14.946,15.598,15.548,14.862,15.391,14.456,15.146,14.226,13.908,12.803,10.407,9.256,9.440,7.896,5.971,0.000,5.984,7.568,9.181,10.928,13.568,15.165,14.804,14.951,15.890
14.915,14.344,14.958,14.744,13.698,14.226,13.248,13.483,11.992,11.849,10.913,8.847,9.265,9.970,10.163,7.930,5.984,0.000,5.905,7.458,8.350,10.886,13.390,14.450,14.106,14.845
15.099,14.594,15.254,15.138,14.310,14.988,13.929,14.253,12.784,12.893,12.065,10.309,11.074,11.876,11.224,9.338,7.568,5.905,0.000,5.774,7.808,9.564,11.980,13.903,14.557,14.626
14.881,14.489,15.121,14.802,13.794,14.404,13.068,13.379,11.866,12.184,12.117,10.702,12.216,13.101,12.947,10.742,9.181,7.458,5.774,0.000,5.848,7.634,9.570,11.427,13.398,14.472
14.909,14.388,14.822,14.443,13.277,13.497,11.841,11.987,10.901,11.682,11.885,10.591,12.712,13.146,13.999,12.828,10.928,8.350,7.808,5.848,0.000,5.858,7.620,8.901,10.766,12.699
15.390,14.907,15.223,14.830,13.662,13.437,12.089,12.160,11.406,12.682,13.636,12.620,14.558,14.750,14.979,14.439,13.568,10.886,9.564,7.634,5.858,0.000,5.814,7.325,9.034,11.162
15.540,15.067,15.324,14.982,13.807,13.662,12.484,12.429,12.244,13.548,14.596,13.811,15.732,16.152,15.814,14.617,15.165,13.390,11.980,9.570,7.620,5.814,0.000,5.775,7.589,9.492
15.613,15.183,15.152,14.808,13.699,13.646,12.743,12.664,12.774,14.105,15.052,14.566,16.165,16.408,16.336,15.022,14.804,14.450,13.903,11.427,8.901,7.325,5.775,0.000,5.892,7.882
15.431,15.063,14.991,14.799,13.874,13.875,13.156,13.367,13.659,14.886,15.732,15.096,16.466,16.601,16.547,15.580,14.951,14.106,14.557,13.398,10.766,9.034,7.589,5.892,0.000,6.397
15.401,14.972,15.030,14.920,14.169,14.221,13.636,13.894,14.381,15.331,16.074,15.606,16.657,16.829,16.958,16.165,15.890,14.845,14.626,14.472,12.699,11.162,9.492,7.882,6.397,0.000