c1,c2,c3,c4,c5,c6,c7,c8,c9,c10,c11,c12,c13,c14,c15,c16,c17,c18,c19,c20,c21,c22,c23,c24,c25,c26
0.000,5.945,8.248,9.929,11.177,13.684,14.650,14.646,14.308,14.615,14.511,14.682,15.279,15.478,15.637,15.935,15.963,16.169,16.192,15.877,15.673,15.451,14.945,14.993,14.849,15.016
5.945,0.000,5.986,7.191,7.269,10.716,12.199,13.030,12.899,13.217,13.258,13.267,14.496,15.045,15.118,15.813,15.805,15.826,15.984,15.454,15.154,14.945,14.185,14.360,14.138,14.282
8.248,5.986,0.000,5.537,7.439,9.818,11.871,13.191,13.682,13.735,13.830,14.121,15.165,15.585,15.643,16.207,15.966,16.000,15.767,14.997,14.708,14.400,13.689,13.871,13.771,13.854
9.929,7.191,5.537,0.000,5.808,7.676,10.032,11.522,12.850,13.275,13.488,13.698,14.889,15.305,15.338,16.151,15.801,15.729,15.500,14.571,14.501,14.299,13.432,13.782,13.921,13.820
11.177,7.269,7.439,5.808,0.000,5.774,7.094,8.812,10.113,11.256,12.586,12.662,14.228,14.816,14.647,15.618,15.287,14.705,14.609,13.416,13.539,13.637,12.946,12.811,13.374,13.126
13.684,10.716,9.818,7.676,5.774,0.000,5.737,7.578,9.766,10.916,12.968,13.412,14.825,14.981,14.750,15.278,14.537,14.197,13.577,12.285,12.334,13.003,12.692,12.699,13.555,13.447
14.650,12.199,11.871,10.032,7.094,5.737,0.000,5.737,7.552,8.922,11.067,11.975,14.262,14.402,14.060,14.374,13.613,13.305,13.195,11.856,12.006,12.336,12.060,12.374,13.157,13.139
14.646,13.030,13.191,11.522,8.812,7.578,5.737,0.000,5.746,7.712,9.670,10.795,13.616,14.177,12.940,13.248,12.751,12.497,12.832,12.740,12.566,13.285,13.467,13.698,14.566,14.344
14.308,12.899,13.682,12.850,10.113,9.766,7.552,5.746,0.000,5.899,7.626,8.150,10.881,12.478,12.851,12.597,12.252,12.208,12.891,13.068,13.871,14.204,14.596,14.637,15.293,15.086
14.615,13.217,13.735,13.275,11.256,10.916,8.922,7.712,5.899,0.000,5.912,7.445,9.609,11.089,12.084,12.997,12.169,12.461,13.769,14.245,14.971,15.476,15.762,15.640,16.325,15.919
14.511,13.258,13.830,13.488,12.586,12.968,11.067,9.670,7.626,5.912,0.000,6.010,7.275,9.087,10.296,12.341,13.205,12.776,13.810,14.637,15.674,16.121,16.524,16.141,16.566,16.260
14.682,13.267,14.121,13.698,12.662,13.412,11.975,10.795,8.150,7.445,6.010,0.000,5.828,7.664,8.636,10.648,13.075,13.942,14.246,14.912,16.052,16.482,16.694,16.355,16.592,16.402
15.279,14.496,15.165,14.889,14.228,14.825,14.262,13.616,10.881,9.609,7.275,5.828,0.000,5.758,7.525,9.431,11.803,13.631,15.262,15.553,16.285,16.637,16.858,16.654,16.821,16.623
15.478,15.045,15.585,15.305,14.816,14.981,14.402,14.177,12.478,11.089,9.087,7.664,5.758,0.000,5.998,7.513,10.121,12.066,14.630,15.963,16.423,16.523,16.735,16.544,16.688,16.561
15.637,15.118,15.643,15.338,14.647,14.750,14.060,12.940,12.851,12.084,10.296,8.636,7.525,5.998,0.000,6.062,7.901,9.868,12.475,14.606,16.385,16.326,16.140,15.934,16.343,16.270
15.935,15.813,16.207,16.151,15.618,15.278,14.374,13.248,12.597,12.997,12.341,10.648,9.431,7.513,6.062,0.000,6.132,7.397,10.025,12.108,15.437,16.064,15.703,15.327,16.055,16.106
15.963,15.805,15.966,15.801,15.287,14.537,13.613,12.751,12.252,12.169,13.205,13.075,11.803,10.121,7.901,6.132,0.000,5.921,7.390,9.783,13.039,13.843,14.759,14.130,15.126,15.533
16.169,15.826,16.000,15.729,14.705,14.197,13.305,12.497,12.208,12.461,12.776,13.942,13.631,12.066,9.868,7.397,5.921,0.000,5.983,7.185,10.742,11.751,12.788,12.712,14.243,14.657
16.192,15.984,15.767,15.500,14.609,13.577,13.195,12.832,12.891,13.769,13.810,14.246,15.262,14.630,12.475,10.025,7.390,5.983,0.000,6.006,8.863,10.183,11.567,11.628,13.665,14.490
15.877,15.454,14.997,14.571,13.416,12.285,11.856,12.740,13.068,14.245,14.637,14.912,15.553,15.963,14.606,12.108,9.783,7.185,6.006,0.000,6.380,7.445,8.307,8.262,10.983,12.026
15.673,15.154,14.708,14.501,13.539,12.334,12.006,12.566,13.871,14.971,15.674,16.052,16.285,16.423,16.385,15.437,13.039,10.742,8.863,6.380,0.000,6.156,7.070,7.306,10.166,11.747
15.451,14.945,14.400,14.299,13.637,13.003,12.336,13.285,14.204,15.476,16.121,16.482,16.637,16.523,16.326,16.064,13.843,11.751,10.183,7.445,6.156,0.000,5.916,7.324,8.884,10.691
14.945,14.185,13.689,13.432,12.946,12.692,12.060,13.467,14.596,15.762,16.524,16.694,16.858,16.735,16.140,15.703,14.759,12.788,11.567,8.307,7.070,5.916,0.000,5.932,7.695,9.826
14.993,14.360,13.871,13.782,12.811,12.699,12.374,13.698,14.637,15.640,16.141,16.355,16.654,16.544,15.934,15.327,14.130,12.712,11.628,8.262,7.306,7.324,5.932,0.000,5.934,7.978
14.849,14.138,13.771,13.921,13.374,13.555,13.157,14.566,15.293,16.325,16.566,16.592,16.821,16.688,16.343,16.055,15.126,14.243,13.665,10.983,10.166,8.884,7.695,5.934,0.000,6.328
15.016,14.282,13.854,13.820,13.126,13.447,13.139,14.344,15.086,15.919,16.260,16.402,16.623,16.561,16.270,16.106,15.533,14.657,14.490,12.026,11.747,10.691,9.826,7.978,6.328,0.000