c1,c2,c3,c4,c5,c6,c7,c8,c9,c10,c11,c12,c13,c14,c15,c16,c17,c18,c19,c20,c21,c22,c23,c24,c25,c26
0.000,5.948,8.301,9.966,10.457,13.216,14.358,14.964,14.474,14.571,14.319,14.452,15.199,15.240,15.563,15.403,15.281,15.019,15.398,15.169,15.290,15.674,15.880,15.895,15.741,15.600
5.948,0.000,6.024,7.023,6.716,10.465,12.021,13.575,13.587,13.685,13.564,13.507,14.548,14.900,15.262,14.991,14.767,14.467,14.957,14.613,14.621,15.203,15.468,15.435,15.284,15.125
8.301,6.024,0.000,5.438,7.543,10.167,12.200,14.158,14.633,14.421,14.337,14.391,15.233,15.407,15.847,15.610,15.536,15.012,15.529,15.255,15.205,15.648,15.833,15.576,15.256,14.960
9.966,7.023,5.438,0.000,5.787,8.027,10.547,12.604,13.503,13.771,13.945,14.009,15.113,15.346,15.678,15.541,15.463,14.827,15.453,14.919,14.760,15.248,15.362,14.965,14.986,14.760
10.457,6.716,7.543,5.787,0.000,5.882,7.184,9.310,10.230,11.429,12.562,12.699,14.314,15.003,15.298,14.964,14.726,14.036,14.799,14.074,13.503,14.227,14.124,13.699,13.915,13.785
13.216,10.465,10.167,8.027,5.882,0.000,5.811,7.909,9.957,11.055,12.943,13.426,15.409,15.722,15.914,15.678,15.447,14.808,15.644,14.794,13.799,14.267,14.074,13.522,13.791,13.920
14.358,12.021,12.200,10.547,7.184,5.811,0.000,5.889,7.222,8.987,10.797,11.595,14.301,14.999,15.143,14.721,14.348,13.686,14.673,13.504,12.245,12.800,12.678,12.354,12.894,13.071
14.964,13.575,14.158,12.604,9.310,7.909,5.889,0.000,6.095,8.357,10.741,11.624,14.889,15.949,15.801,15.132,14.876,14.103,15.095,13.901,12.590,13.209,12.886,12.723,13.488,13.840
14.474,13.587,14.633,13.503,10.230,9.957,7.222,6.095,0.000,6.066,7.925,8.600,12.025,13.814,14.681,13.828,13.366,12.296,13.207,12.328,11.109,12.182,12.667,12.842,13.629,14.002
14.571,13.685,14.421,13.771,11.429,11.055,8.987,8.357,6.066,0.000,6.137,7.602,10.573,13.022,14.315,13.751,13.384,12.633,13.917,13.246,12.593,13.543,14.120,14.171,14.852,15.140
14.319,13.564,14.337,13.945,12.562,12.943,10.797,10.741,7.925,6.137,0.000,6.314,8.077,11.028,12.262,12.031,12.211,11.597,12.867,12.730,12.546,14.075,14.958,15.118,15.733,15.956
14.452,13.507,14.391,14.009,12.699,13.426,11.595,11.624,8.600,7.602,6.314,0.000,6.492,8.316,9.685,9.321,9.139,8.640,10.347,10.591,10.593,12.481,13.776,14.478,15.048,15.417
15.199,14.548,15.233,15.113,14.314,15.409,14.301,14.889,12.025,10.573,8.077,6.492,0.000,6.298,7.315,7.820,8.788,9.404,11.320,12.240,12.477,13.971,15.560,16.142,16.369,16.235
15.240,14.900,15.407,15.346,15.003,15.722,14.999,15.949,13.814,13.022,11.028,8.316,6.298,0.000,6.124,7.738,8.517,9.060,10.980,12.131,12.110,13.557,15.202,15.866,16.009,15.772
15.563,15.262,15.847,15.678,15.298,15.914,15.143,15.801,14.681,14.315,12.262,9.685,7.315,6.124,0.000,6.168,7.567,8.716,9.733,11.891,12.521,13.407,14.493,15.546,16.053,16.074
15.403,14.991,15.610,15.541,14.964,15.678,14.721,15.132,13.828,13.751,12.031,9.321,7.820,7.738,6.168,0.000,6.014,7.926,8.792,10.028,11.596,13.028,13.759,14.586,15.583,15.798
15.281,14.767,15.536,15.463,14.726,15.447,14.348,14.876,13.366,13.384,12.211,9.139,8.788,8.517,7.567,6.014,0.000,6.033,7.433,8.112,8.972,11.590,12.880,13.501,14.179,14.883
15.019,14.467,15.012,14.827,14.036,14.808,13.686,14.103,12.296,12.633,11.597,8.640,9.404,9.060,8.716,7.926,6.033,0.000,5.891,7.528,7.006,8.952,11.454,12.675,13.054,13.584
15.398,14.957,15.529,15.453,14.799,15.644,14.673,15.095,13.207,13.917,12.867,10.347,11.320,10.980,9.733,8.792,7.433,5.891,0.000,5.670,7.588,8.068,9.745,12.160,12.983,13.620
15.169,14.613,15.255,14.919,14.074,14.794,13.504,13.901,12.328,13.246,12.730,10.591,12.240,12.131,11.891,10.028,8.112,7.528,5.670,0.000,5.750,7.716,8.472,10.199,11.990,12.945
15.290,14.621,15.205,14.760,13.503,13.799,12.245,12.590,11.109,12.593,12.546,10.593,12.477,12.110,12.521,11.596,8.972,7.006,7.588,5.750,0.000,5.808,7.592,8.390,9.916,11.306
15.674,15.203,15.648,15.248,14.227,14.267,12.800,13.209,12.182,13.543,14.075,12.481,13.971,13.557,13.407,13.028,11.590,8.952,8.068,7.716,5.808,0.000,5.767,7.755,8.875,10.744
15.880,15.468,15.833,15.362,14.124,14.074,12.678,12.886,12.667,14.120,14.958,13.776,15.560,15.202,14.493,13.759,12.880,11.454,9.745,8.472,7.592,5.767,0.000,5.711,7.513,9.657
15.895,15.435,15.576,14.965,13.699,13.522,12.354,12.723,12.842,14.171,15.118,14.478,16.142,15.866,15.546,14.586,13.501,12.675,12.160,10.199,8.390,7.755,5.711,0.000,5.939,7.948
15.741,15.284,15.256,14.986,13.915,13.791,12.894,13.488,13.629,14.852,15.733,15.048,16.369,16.009,16.053,15.583,14.179,13.054,12.983,11.990,9.916,8.875,7.513,5.939,0.000,6.662
15.600,15.125,14.960,14.760,13.785,13.920,13.071,13.840,14.002,15.140,15.956,15.417,16.235,15.772,16.074,15.798,14.883,13.584,13.620,12.945,11.306,10.744,9.657,7.948,6.662,0.000