c1,c2,c3,c4,c5,c6,c7,c8,c9,c10,c11,c12,c13,c14,c15,c16,c17,c18,c19,c20,c21,c22,c23,c24,c25,c26
0.000,5.924,8.290,9.982,11.028,13.696,14.769,15.077,14.536,14.709,14.564,14.323,15.133,15.040,15.206,15.152,15.225,15.480,15.788,15.658,15.965,15.862,15.738,15.571,15.263,15.209
5.924,0.000,6.021,7.002,7.084,10.729,12.421,13.777,13.557,13.702,13.729,13.060,14.333,14.513,14.632,14.606,14.679,14.731,15.284,15.142,15.561,15.478,15.142,14.928,14.572,14.393
8.290,6.021,0.000,5.517,7.548,10.196,12.297,14.236,14.627,14.415,14.509,13.910,14.987,14.873,14.963,14.816,14.853,14.791,15.006,14.848,15.323,15.288,15.108,14.789,14.453,14.281
9.982,7.002,5.517,0.000,5.819,7.868,10.328,12.398,13.480,13.842,14.267,13.508,14.675,14.686,14.618,14.579,14.628,14.372,14.713,14.202,14.870,14.857,14.483,14.118,13.952,13.730
11.028,7.084,7.548,5.819,0.000,5.897,7.197,9.294,10.311,11.427,12.772,12.219,13.621,13.953,13.768,13.676,13.684,13.168,13.821,13.206,14.006,14.206,13.661,12.852,13.061,12.472
13.696,10.729,10.196,7.868,5.897,0.000,5.880,7.758,9.791,11.020,13.172,12.816,14.614,14.575,14.288,13.932,13.813,13.354,13.972,13.087,13.906,14.109,13.569,12.827,13.147,12.728
14.769,12.421,12.297,10.328,7.197,5.880,0.000,5.835,7.372,8.828,10.849,11.055,13.795,14.050,13.561,12.820,12.718,11.745,12.869,12.099,12.925,13.185,12.536,11.842,12.486,11.491
15.077,13.777,14.236,12.398,9.294,7.758,5.835,0.000,5.933,8.152,10.696,11.114,14.461,14.933,14.079,13.511,13.746,12.770,14.093,13.200,14.010,14.360,13.745,13.158,13.861,13.305
14.536,13.557,14.627,13.480,10.311,9.791,7.372,5.933,0.000,6.063,7.698,8.054,11.569,13.243,13.554,12.680,12.982,11.976,13.257,12.872,13.959,14.374,13.961,13.600,14.292,13.844
14.709,13.702,14.415,13.842,11.427,11.020,8.828,8.152,6.063,0.000,6.115,7.479,10.477,12.684,13.797,13.905,14.009,13.255,14.490,13.967,14.824,15.025,14.922,14.435,15.182,14.766
14.564,13.729,14.509,14.267,12.772,13.172,10.849,10.696,7.698,6.115,0.000,6.327,8.022,10.809,11.984,13.134,14.258,13.428,14.471,14.313,15.305,15.420,15.432,15.036,15.727,15.395
14.323,13.060,13.910,13.508,12.219,12.816,11.055,11.114,8.054,7.479,6.327,0.000,6.507,8.123,9.916,10.741,12.464,12.560,13.396,13.557,14.844,15.259,15.355,14.935,15.585,15.321
15.133,14.333,14.987,14.675,13.621,14.614,13.795,14.461,11.569,10.477,8.022,6.507,0.000,6.455,7.484,8.989,11.196,12.677,14.537,14.749,15.725,15.995,16.212,15.874,16.379,16.170
15.040,14.513,14.873,14.686,13.953,14.575,14.050,14.933,13.243,12.684,10.809,8.123,6.455,0.000,6.206,7.834,9.920,11.617,14.161,15.181,16.104,16.087,16.268,16.019,16.347,16.213
15.206,14.632,14.963,14.618,13.768,14.288,13.561,14.079,13.554,13.797,11.984,9.916,7.484,6.206,0.000,6.303,7.507,9.727,12.010,14.025,15.804,15.747,15.812,15.432,16.179,16.133
15.152,14.606,14.816,14.579,13.676,13.932,12.820,13.511,12.680,13.905,13.134,10.741,8.989,7.834,6.303,0.000,6.236,7.704,10.187,11.799,15.095,15.439,15.318,14.709,15.704,15.869
15.225,14.679,14.853,14.628,13.684,13.813,12.718,13.746,12.982,14.009,14.258,12.464,11.196,9.920,7.507,6.236,0.000,6.216,7.654,9.767,12.820,13.550,14.331,13.806,14.823,15.373
15.480,14.731,14.791,14.372,13.168,13.354,11.745,12.770,11.976,13.255,13.428,12.560,12.677,11.617,9.727,7.704,6.216,0.000,6.411,7.296,10.605,11.445,12.371,12.506,13.958,14.452
15.788,15.284,15.006,14.713,13.821,13.972,12.869,14.093,13.257,14.490,14.471,13.396,14.537,14.161,12.010,10.187,7.654,6.411,0.000,6.259,9.118,10.391,11.482,11.877,13.778,14.659
15.658,15.142,14.848,14.202,13.206,13.087,12.099,13.200,12.872,13.967,14.313,13.557,14.749,15.181,14.025,11.799,9.767,7.296,6.259,0.000,6.613,7.576,8.232,8.464,11.246,12.226
15.965,15.561,15.323,14.870,14.006,13.906,12.925,14.010,13.959,14.824,15.305,14.844,15.725,16.104,15.804,15.095,12.820,10.605,9.118,6.613,0.000,6.378,7.256,7.698,10.350,11.980
15.862,15.478,15.288,14.857,14.206,14.109,13.185,14.360,14.374,15.025,15.420,15.259,15.995,16.087,15.747,15.439,13.550,11.445,10.391,7.576,6.378,0.000,6.185,7.309,9.073,10.835
15.738,15.142,15.108,14.483,13.661,13.569,12.536,13.745,13.961,14.922,15.432,15.355,16.212,16.268,15.812,15.318,14.331,12.371,11.482,8.232,7.256,6.185,0.000,6.249,7.735,9.729
15.571,14.928,14.789,14.118,12.852,12.827,11.842,13.158,13.600,14.435,15.036,14.935,15.874,16.019,15.432,14.709,13.806,12.506,11.877,8.464,7.698,7.309,6.249,0.000,6.135,8.026
15.263,14.572,14.453,13.952,13.061,13.147,12.486,13.861,14.292,15.182,15.727,15.585,16.379,16.347,16.179,15.704,14.823,13.958,13.778,11.246,10.350,9.073,7.735,6.135,0.000,6.545
15.209,14.393,14.281,13.730,12.472,12.728,11.491,13.305,13.844,14.766,15.395,15.321,16.170,16.213,16.133,15.869,15.373,14.452,14.659,12.226,11.980,10.835,9.729,8.026,6.545,0.000