c1,c2,c3,c4,c5,c6,c7,c8,c9,c10,c11,c12,c13,c14,c15,c16,c17,c18,c19,c20,c21,c22,c23,c24,c25,c26
0.000,5.901,7.643,9.998,11.638,14.024,11.784,12.279,14.603,15.623,14.928,15.831,17.112,17.201,16.967,16.630,16.428,15.532,15.740,15.212,14.605,15.847,15.955,15.508,15.910,15.580
5.901,0.000,5.649,8.079,9.510,12.150,10.017,11.158,13.450,14.620,13.963,14.916,16.715,17.125,16.880,16.584,16.351,15.603,15.500,14.534,13.719,14.804,14.679,14.413,14.742,14.994
7.643,5.649,0.000,5.690,7.818,9.477,6.994,7.615,10.397,11.663,11.436,12.954,15.215,15.973,15.724,15.366,15.067,14.649,14.579,13.314,13.208,14.186,14.395,14.112,14.861,15.048
9.998,8.079,5.690,0.000,5.798,5.824,4.922,7.903,10.022,11.056,12.049,12.976,15.193,16.132,16.547,16.563,15.922,15.619,15.370,13.758,13.778,13.941,14.166,14.153,14.736,15.061
11.638,9.510,7.818,5.798,0.000,5.409,7.463,7.435,8.851,11.781,12.399,11.783,14.338,16.104,16.067,15.582,15.730,15.171,14.262,12.664,12.669,12.422,12.689,13.021,13.424,14.083
14.024,12.150,9.477,5.824,5.409,0.000,5.495,7.681,8.402,9.615,12.053,12.566,13.998,15.469,15.632,15.268,15.037,15.684,14.223,12.765,13.032,12.598,13.468,13.556,14.312,14.380
11.784,10.017,6.994,4.922,7.463,5.495,0.000,5.564,7.417,7.599,8.753,11.397,13.509,14.345,14.424,14.159,14.224,14.708,15.230,13.389,12.947,13.444,14.334,13.760,14.087,13.323
12.279,11.158,7.615,7.903,7.435,7.681,5.564,0.000,5.517,7.284,7.640,8.668,11.817,12.964,12.752,11.885,12.398,13.551,13.904,13.508,13.376,14.788,15.123,14.913,16.139,15.014
14.603,13.450,10.397,10.022,8.851,8.402,7.417,5.517,0.000,5.576,7.504,7.364,9.751,11.477,11.724,10.458,11.033,12.186,12.957,12.695,13.852,14.295,14.589,13.938,15.457,14.383
15.623,14.620,11.663,11.056,11.781,9.615,7.599,7.284,5.576,0.000,5.633,7.649,8.979,10.431,11.372,10.729,11.255,12.883,14.093,14.019,15.166,17.049,16.791,16.300,16.918,15.777
14.928,13.963,11.436,12.049,12.399,12.053,8.753,7.640,7.504,5.633,0.000,5.819,7.913,9.533,9.819,9.553,11.078,12.131,13.195,13.678,15.140,16.655,17.238,16.651,17.118,16.064
15.831,14.916,12.954,12.976,11.783,12.566,11.397,8.668,7.364,7.649,5.819,0.000,5.936,8.235,8.328,7.355,9.173,11.148,11.657,11.996,13.884,14.951,15.012,16.224,17.138,17.069
17.112,16.715,15.215,15.193,14.338,13.998,13.509,11.817,9.751,8.979,7.913,5.936,0.000,5.801,7.249,7.660,8.738,11.106,12.016,12.274,13.724,14.992,15.561,16.733,18.250,17.711
17.201,17.125,15.973,16.132,16.104,15.469,14.345,12.964,11.477,10.431,9.533,8.235,5.801,0.000,5.857,7.655,7.765,9.282,11.524,12.039,12.147,13.413,15.179,15.985,17.093,17.988
16.967,16.880,15.724,16.547,16.067,15.632,14.424,12.752,11.724,11.372,9.819,8.328,7.249,5.857,0.000,5.920,7.617,7.854,8.566,11.334,12.210,11.759,13.072,15.308,16.312,16.896
16.630,16.584,15.366,16.563,15.582,15.268,14.159,11.885,10.458,10.729,9.553,7.355,7.660,7.655,5.920,0.000,5.767,7.689,7.256,8.115,11.070,12.141,11.585,13.386,15.537,16.347
16.428,16.351,15.067,15.922,15.730,15.037,14.224,12.398,11.033,11.255,11.078,9.173,8.738,7.765,7.617,5.767,0.000,5.682,7.527,7.125,8.001,11.100,12.111,11.950,13.579,15.589
15.532,15.603,14.649,15.619,15.171,15.684,14.708,13.551,12.186,12.883,12.131,11.148,11.106,9.282,7.854,7.689,5.682,0.000,5.612,7.450,6.752,7.818,11.054,11.786,12.425,13.887
15.740,15.500,14.579,15.370,14.262,14.223,15.230,13.904,12.957,14.093,13.195,11.657,12.016,11.524,8.566,7.256,7.527,5.612,0.000,5.612,7.715,7.136,8.426,10.880,12.506,13.041
15.212,14.534,13.314,13.758,12.664,12.765,13.389,13.508,12.695,14.019,13.678,11.996,12.274,12.039,11.334,8.115,7.125,7.450,5.612,0.000,5.651,7.528,7.352,7.991,11.585,12.539
14.605,13.719,13.208,13.778,12.669,13.032,12.947,13.376,13.852,15.166,15.140,13.884,13.724,12.147,12.210,11.070,8.001,6.752,7.715,5.651,0.000,5.732,7.745,6.785,8.792,10.568
15.847,14.804,14.186,13.941,12.422,12.598,13.444,14.788,14.295,17.049,16.655,14.951,14.992,13.413,11.759,12.141,11.100,7.818,7.136,7.528,5.732,0.000,5.528,7.460,7.963,9.328
15.955,14.679,14.395,14.166,12.689,13.468,14.334,15.123,14.589,16.791,17.238,15.012,15.561,15.179,13.072,11.585,12.111,11.054,8.426,7.352,7.745,5.528,0.000,5.739,7.923,8.984
15.508,14.413,14.112,14.153,13.021,13.556,13.760,14.913,13.938,16.300,16.651,16.224,16.733,15.985,15.308,13.386,11.950,11.786,10.880,7.991,6.785,7.460,5.739,0.000,5.768,7.799
15.910,14.742,14.861,14.736,13.424,14.312,14.087,16.139,15.457,16.918,17.118,17.138,18.250,17.093,16.312,15.537,13.579,12.425,12.506,11.585,8.792,7.963,7.923,5.768,0.000,6.128
15.580,14.994,15.048,15.061,14.083,14.380,13.323,15.014,14.383,15.777,16.064,17.069,17.711,17.988,16.896,16.347,15.589,13.887,13.041,12.539,10.568,9.328,8.984,7.799,6.128,0.000