c1,c2,c3,c4,c5,c6,c7,c8,c9,c10,c11,c12,c13,c14,c15,c16,c17,c18,c19,c20,c21,c22,c23,c24,c25,c26
0.000,5.987,7.593,9.681,12.711,13.544,11.205,12.363,15.373,15.099,14.424,16.737,17.863,17.482,17.451,17.727,17.427,16.214,17.127,16.983,15.805,15.872,16.769,16.301,15.450,16.104
5.987,0.000,5.664,7.785,10.527,11.771,9.691,10.906,13.926,13.767,13.007,15.266,17.391,17.223,17.133,17.976,17.310,15.756,16.992,16.918,15.270,15.541,16.527,15.920,14.759,15.831
7.593,5.664,0.000,5.719,8.238,9.067,6.603,7.826,11.224,11.164,10.183,12.531,14.643,14.803,15.450,17.214,16.382,14.625,16.707,16.586,14.492,15.233,16.596,15.693,14.888,16.086
9.681,7.785,5.719,0.000,5.550,5.890,5.595,8.007,9.862,10.682,11.528,13.258,14.575,15.327,16.469,18.197,16.952,14.826,16.754,16.798,14.419,15.049,16.184,15.751,15.130,15.939
12.711,10.527,8.238,5.550,0.000,5.440,7.279,6.543,7.639,10.786,11.858,11.559,13.096,15.338,16.056,17.064,17.334,15.227,17.131,16.852,14.759,15.149,16.043,15.632,15.308,15.694
13.544,11.771,9.067,5.890,5.440,0.000,5.477,7.355,6.786,7.861,10.949,11.999,11.781,13.217,15.292,16.262,15.533,15.342,16.342,16.033,13.701,14.480,15.356,14.930,14.918,15.413
11.205,9.691,6.603,5.595,7.279,5.477,0.000,5.429,7.352,6.761,7.857,10.876,12.017,11.991,13.350,15.569,14.657,13.768,16.537,15.670,12.884,13.968,15.929,14.881,14.568,15.374
12.363,10.906,7.826,8.007,6.543,7.355,5.429,0.000,5.452,7.521,7.118,8.085,11.063,12.085,12.288,14.131,14.294,13.469,15.722,16.848,13.634,14.704,16.350,15.666,15.089,15.681
15.373,13.926,11.224,9.862,7.639,6.786,7.352,5.452,0.000,5.562,7.548,7.131,8.225,10.707,12.117,12.714,12.658,13.095,15.166,15.708,15.390,15.059,16.384,15.762,16.031,15.980
15.099,13.767,11.164,10.682,10.786,7.861,6.761,7.521,5.562,0.000,5.713,7.616,7.459,8.126,10.580,12.042,10.710,10.559,13.788,14.490,13.792,15.789,16.242,15.939,16.383,16.525
14.424,13.007,10.183,11.528,11.858,10.949,7.857,7.118,7.548,5.713,0.000,5.702,7.837,7.595,8.303,10.864,10.586,9.245,12.306,13.895,13.502,14.650,16.965,15.761,15.723,16.388
16.737,15.266,12.531,13.258,11.559,11.999,10.876,8.085,7.131,7.616,5.702,0.000,5.774,7.931,7.678,9.380,10.008,9.820,11.586,13.224,14.257,15.168,16.612,17.319,16.279,16.656
17.863,17.391,14.643,14.575,13.096,11.781,12.017,11.063,8.225,7.459,7.837,5.774,0.000,5.870,7.939,8.606,7.964,9.851,11.711,12.035,12.977,14.987,16.326,16.933,17.881,17.090
17.482,17.223,14.803,15.327,15.338,13.217,11.991,12.085,10.707,8.126,7.595,7.931,5.870,0.000,6.232,7.665,6.296,6.983,9.958,10.862,10.911,12.790,15.055,15.677,16.848,17.408
17.451,17.133,15.450,16.469,16.056,15.292,13.350,12.288,12.117,10.580,8.303,7.678,7.939,6.232,0.000,5.915,7.656,6.364,7.170,10.308,11.131,11.192,13.144,15.440,16.508,16.792
17.727,17.976,17.214,18.197,17.064,16.262,15.569,14.131,12.714,12.042,10.864,9.380,8.606,7.665,5.915,0.000,5.796,7.652,6.549,7.507,10.388,11.277,11.693,13.480,15.868,16.479
17.427,17.310,16.382,16.952,17.334,15.533,14.657,14.294,12.658,10.710,10.586,10.008,7.964,6.296,7.656,5.796,0.000,5.689,7.575,6.523,7.264,10.227,11.436,11.731,14.059,15.383
16.214,15.756,14.625,14.826,15.227,15.342,13.768,13.469,13.095,10.559,9.245,9.820,9.851,6.983,6.364,7.652,5.689,0.000,5.572,7.498,6.366,7.135,10.431,11.428,12.840,13.894
17.127,16.992,16.707,16.754,17.131,16.342,16.537,15.722,15.166,13.788,12.306,11.586,11.711,9.958,7.170,6.549,7.575,5.572,0.000,5.552,7.485,6.306,7.600,10.469,12.426,13.311
16.983,16.918,16.586,16.798,16.852,16.033,15.670,16.848,15.708,14.490,13.895,13.224,12.035,10.862,10.308,7.507,6.523,7.498,5.552,0.000,5.532,7.422,6.802,7.879,10.923,12.224
15.805,15.270,14.492,14.419,14.759,13.701,12.884,13.634,15.390,13.792,13.502,14.257,12.977,10.911,11.131,10.388,7.264,6.366,7.485,5.532,0.000,5.526,7.491,6.603,8.968,10.267
15.872,15.541,15.233,15.049,15.149,14.480,13.968,14.704,15.059,15.789,14.650,15.168,14.987,12.790,11.192,11.277,10.227,7.135,6.306,7.422,5.526,0.000,5.426,7.457,8.467,9.858
16.769,16.527,16.596,16.184,16.043,15.356,15.929,16.350,16.384,16.242,16.965,16.612,16.326,15.055,13.144,11.693,11.436,10.431,7.600,6.802,7.491,5.426,0.000,5.587,7.766,9.471
16.301,15.920,15.693,15.751,15.632,14.930,14.881,15.666,15.762,15.939,15.761,17.319,16.933,15.677,15.440,13.480,11.731,11.428,10.469,7.879,6.603,7.457,5.587,0.000,5.630,7.702
15.450,14.759,14.888,15.130,15.308,14.918,14.568,15.089,16.031,16.383,15.723,16.279,17.881,16.848,16.508,15.868,14.059,12.840,12.426,10.923,8.968,8.467,7.766,5.630,0.000,6.152
16.104,15.831,16.086,15.939,15.694,15.413,15.374,15.681,15.980,16.525,16.388,16.656,17.090,17.408,16.792,16.479,15.383,13.894,13.311,12.224,10.267,9.858,9.471,7.702,6.152,0.000