c1,c2,c3,c4,c5,c6,c7,c8,c9,c10,c11,c12,c13,c14,c15,c16,c17,c18,c19,c20,c21,c22,c23,c24,c25,c26
0.000,6.035,7.838,9.638,10.750,12.162,11.710,11.151,13.175,13.338,13.098,14.148,15.315,15.393,15.819,15.846,15.725,15.681,16.224,15.839,15.134,15.995,16.334,15.822,15.895,16.058
6.035,0.000,5.785,6.984,7.613,8.859,9.053,8.621,10.509,10.957,11.191,12.271,13.864,14.178,14.773,14.846,14.521,14.672,15.433,14.985,14.090,15.285,15.796,15.287,15.476,15.993
7.838,5.785,0.000,5.538,7.769,9.155,9.443,10.173,12.047,12.237,12.351,13.596,15.001,15.324,15.747,15.708,15.081,15.019,15.786,15.313,14.094,15.180,15.665,15.002,15.119,15.788
9.638,6.984,5.538,0.000,5.646,7.862,8.830,9.434,11.228,11.848,12.057,13.091,14.851,15.145,15.729,15.968,15.281,15.250,16.095,15.437,14.160,15.482,15.966,15.207,15.263,16.026
10.750,7.613,7.769,5.646,0.000,5.666,7.240,7.719,9.133,10.037,10.964,12.015,13.725,14.665,15.461,15.793,15.557,15.476,16.297,15.401,14.425,15.981,16.193,15.450,15.881,16.268
12.162,8.859,9.155,7.862,5.666,0.000,5.536,7.749,8.431,9.184,11.060,12.240,13.461,14.297,15.525,15.796,15.408,15.913,16.642,15.987,14.684,16.203,16.344,15.720,15.829,16.371
11.710,9.053,9.443,8.830,7.240,5.536,0.000,5.630,7.253,7.972,9.050,10.983,12.894,13.364,14.668,15.203,15.078,15.742,16.967,15.963,14.921,16.249,16.464,15.810,16.063,16.266
11.151,8.621,10.173,9.434,7.719,7.749,5.630,0.000,5.649,7.453,7.501,8.632,11.566,12.590,13.347,13.803,14.162,14.876,15.867,15.908,14.579,15.867,16.040,15.520,15.716,16.299
13.175,10.509,12.047,11.228,9.133,8.431,7.253,5.649,0.000,5.660,7.669,7.485,9.629,11.341,12.752,12.555,12.730,13.850,15.012,15.066,15.072,15.427,15.713,15.339,15.461,16.067
13.338,10.957,12.237,11.848,10.037,9.184,7.972,7.453,5.660,0.000,5.742,7.777,8.846,9.939,12.150,12.631,12.250,13.416,15.033,15.038,15.140,16.929,16.753,16.129,16.480,16.775
13.098,11.191,12.351,12.057,10.964,11.060,9.050,7.501,7.669,5.742,0.000,5.906,8.171,9.056,10.535,11.742,11.952,12.576,13.924,14.565,14.905,16.242,17.287,16.338,16.838,16.890
14.148,12.271,13.596,13.091,12.015,12.240,10.983,8.632,7.485,7.777,5.906,0.000,6.176,8.005,8.568,9.318,10.191,11.563,12.035,12.709,13.782,15.232,15.893,16.312,16.396,16.833
15.315,13.864,15.001,14.851,13.725,13.461,12.894,11.566,9.629,8.846,8.171,6.176,0.000,6.152,7.763,8.674,8.958,11.108,12.140,12.094,13.268,15.173,15.922,16.474,17.589,17.119
15.393,14.178,15.324,15.145,14.665,14.297,13.364,12.590,11.341,9.939,9.056,8.005,6.152,0.000,6.142,7.810,7.614,8.864,10.730,11.425,11.772,13.330,15.012,15.686,16.756,17.498
15.819,14.773,15.747,15.729,15.461,15.525,14.668,13.347,12.752,12.150,10.535,8.568,7.763,6.142,0.000,6.178,7.779,8.226,8.481,10.645,11.840,12.172,13.341,15.347,16.235,16.903
15.846,14.846,15.708,15.968,15.793,15.796,15.203,13.803,12.555,12.631,11.742,9.318,8.674,7.810,6.178,0.000,6.006,7.642,6.872,7.511,10.345,11.452,11.435,13.266,15.055,15.839
15.725,14.521,15.081,15.281,15.557,15.408,15.078,14.162,12.730,12.250,11.952,10.191,8.958,7.614,7.779,6.006,0.000,5.698,7.609,6.830,7.696,10.466,11.497,11.824,13.350,15.162
15.681,14.672,15.019,15.250,15.476,15.913,15.742,14.876,13.850,13.416,12.576,11.563,11.108,8.864,8.226,7.642,5.698,0.000,5.629,7.511,6.589,7.574,10.382,11.592,12.066,13.603
16.224,15.433,15.786,16.095,16.297,16.642,16.967,15.867,15.012,15.033,13.924,12.035,12.140,10.730,8.481,6.872,7.609,5.629,0.000,5.582,7.513,6.623,7.481,10.433,11.641,12.359
15.839,14.985,15.313,15.437,15.401,15.987,15.963,15.908,15.066,15.038,14.565,12.709,12.094,11.425,10.645,7.511,6.830,7.511,5.582,0.000,5.608,7.512,6.596,7.817,10.131,11.428
15.134,14.090,14.094,14.160,14.425,14.684,14.921,14.579,15.072,15.140,14.905,13.782,13.268,11.772,11.840,10.345,7.696,6.589,7.513,5.608,0.000,5.544,7.496,6.682,8.303,10.040
15.995,15.285,15.180,15.482,15.981,16.203,16.249,15.867,15.427,16.929,16.242,15.232,15.173,13.330,12.172,11.452,10.466,7.574,6.623,7.512,5.544,0.000,5.455,7.501,7.814,9.232
16.334,15.796,15.665,15.966,16.193,16.344,16.464,16.040,15.713,16.753,17.287,15.893,15.922,15.012,13.341,11.435,11.497,10.382,7.481,6.596,7.496,5.455,0.000,5.587,7.482,8.215
15.822,15.287,15.002,15.207,15.450,15.720,15.810,15.520,15.339,16.129,16.338,16.312,16.474,15.686,15.347,13.266,11.824,11.592,10.433,7.817,6.682,7.501,5.587,0.000,5.629,7.682
15.895,15.476,15.119,15.263,15.881,15.829,16.063,15.716,15.461,16.480,16.838,16.396,17.589,16.756,16.235,15.055,13.350,12.066,11.641,10.131,8.303,7.814,7.482,5.629,0.000,6.036
16.058,15.993,15.788,16.026,16.268,16.371,16.266,16.299,16.067,16.775,16.890,16.833,17.119,17.498,16.903,15.839,15.162,13.603,12.359,11.428,10.040,9.232,8.215,7.682,6.036,0.000