c1,c2,c3,c4,c5,c6,c7,c8,c9,c10,c11,c12,c13,c14,c15,c16,c17,c18,c19,c20,c21,c22,c23,c24,c25,c26
0.000,5.950,7.610,8.752,10.357,11.992,12.711,12.557,13.817,15.076,15.664,16.137,17.280,17.253,17.071,16.896,16.558,16.083,16.653,16.576,15.874,16.181,16.319,16.263,15.918,15.942
5.950,0.000,5.647,7.435,7.973,9.557,11.278,11.716,11.933,13.465,14.724,14.951,16.007,17.508,16.862,16.742,16.324,15.650,16.469,16.409,15.398,15.909,16.147,16.187,15.733,15.770
7.610,5.647,0.000,5.564,7.401,7.967,8.975,10.257,11.546,11.754,12.969,14.176,15.301,16.114,17.226,16.761,16.461,15.960,16.842,16.639,15.759,16.224,16.347,16.419,16.035,16.055
8.752,7.435,5.564,0.000,5.611,7.240,7.726,8.542,10.648,11.758,12.009,12.944,14.881,15.853,16.599,17.953,17.135,16.538,17.039,16.992,16.065,16.290,16.324,16.344,15.959,15.992
10.357,7.973,7.401,5.611,0.000,5.553,7.374,6.608,7.396,10.217,11.409,10.983,12.625,14.862,15.504,16.254,16.985,15.761,16.693,16.464,15.650,15.877,15.711,15.777,15.623,15.605
11.992,9.557,7.967,7.240,5.553,0.000,5.452,7.494,6.933,7.635,10.694,11.335,11.398,13.144,15.269,16.023,16.409,16.653,16.727,16.732,15.921,16.000,15.728,15.742,15.563,15.680
12.711,11.278,8.975,7.726,7.374,5.452,0.000,5.472,7.459,6.674,7.770,10.161,11.362,11.691,13.387,15.284,15.871,15.773,17.156,16.736,15.925,16.136,16.196,16.219,15.982,15.879
12.557,11.716,10.257,8.542,6.608,7.494,5.472,0.000,5.470,7.490,6.977,7.201,10.282,11.620,11.858,13.404,14.764,14.775,15.904,16.794,15.615,15.860,15.832,16.068,15.855,15.756
13.817,11.933,11.546,10.648,7.396,6.933,7.459,5.470,0.000,5.523,7.505,6.350,7.177,10.227,11.536,11.961,13.287,13.666,14.814,15.453,15.831,15.186,15.498,15.585,15.584,15.542
15.076,13.465,11.754,11.758,10.217,7.635,6.674,7.490,5.523,0.000,5.560,7.538,6.689,7.634,10.467,11.763,12.535,12.863,14.388,15.220,15.504,16.278,15.862,16.015,15.894,15.969
15.664,14.724,12.969,12.009,11.409,10.694,7.770,6.977,7.505,5.560,0.000,5.594,7.597,6.967,7.973,10.350,11.729,11.779,13.132,14.377,14.955,15.571,16.721,16.206,16.184,16.148
16.137,14.951,14.176,12.944,10.983,11.335,10.161,7.201,6.350,7.538,5.594,0.000,5.586,7.728,7.294,8.224,10.319,10.738,11.815,12.786,14.016,14.657,15.465,16.583,16.044,15.965
17.280,16.007,15.301,14.881,12.625,11.398,11.362,10.282,7.177,6.689,7.597,5.586,0.000,5.660,7.795,7.655,9.112,9.928,11.297,11.791,12.693,13.965,14.631,15.429,16.435,15.875
17.253,17.508,16.114,15.853,14.862,13.144,11.691,11.620,10.227,7.634,6.967,7.728,5.660,0.000,5.761,7.907,8.968,9.358,10.871,12.011,12.583,13.454,14.746,15.662,16.301,16.958
17.071,16.862,17.226,16.599,15.504,15.269,13.387,11.858,11.536,10.467,7.973,7.294,7.795,5.761,0.000,6.035,7.986,8.703,9.023,11.035,12.433,12.625,13.744,15.313,16.140,16.611
16.896,16.742,16.761,17.953,16.254,16.023,15.284,13.404,11.961,11.763,10.350,8.224,7.655,7.907,6.035,0.000,5.930,7.364,7.598,8.357,10.891,11.877,12.549,13.955,15.512,16.164
16.558,16.324,16.461,17.135,16.985,16.409,15.871,14.764,13.287,12.535,11.729,10.319,9.112,8.968,7.986,5.930,0.000,5.815,7.546,7.418,8.739,10.992,12.483,13.005,14.312,15.647
16.083,15.650,15.960,16.538,15.761,16.653,15.773,14.775,13.666,12.863,11.779,10.738,9.928,9.358,8.703,7.364,5.815,0.000,5.701,7.514,7.636,8.410,11.385,12.831,13.158,14.311
16.653,16.469,16.842,17.039,16.693,16.727,17.156,15.904,14.814,14.388,13.132,11.815,11.297,10.871,9.023,7.598,7.546,5.701,0.000,5.642,7.707,7.721,9.259,11.923,13.316,13.637
16.576,16.409,16.639,16.992,16.464,16.732,16.736,16.794,15.453,15.220,14.377,12.786,11.791,12.011,11.035,8.357,7.418,7.514,5.642,0.000,5.564,7.526,8.094,10.129,12.534,13.633
15.874,15.398,15.759,16.065,15.650,15.921,15.925,15.615,15.831,15.504,14.955,14.016,12.693,12.583,12.433,10.891,8.739,7.636,7.707,5.564,0.000,5.616,7.558,8.578,10.539,12.626
16.181,15.909,16.224,16.290,15.877,16.000,16.136,15.860,15.186,16.278,15.571,14.657,13.965,13.454,12.625,11.877,10.992,8.410,7.721,7.526,5.616,0.000,5.655,7.567,8.983,10.554
16.319,16.147,16.347,16.324,15.711,15.728,16.196,15.832,15.498,15.862,16.721,15.465,14.631,14.746,13.744,12.549,12.483,11.385,9.259,8.094,7.558,5.655,0.000,5.715,7.501,8.892
16.263,16.187,16.419,16.344,15.777,15.742,16.219,16.068,15.585,16.015,16.206,16.583,15.429,15.662,15.313,13.955,13.005,12.831,11.923,10.129,8.578,7.567,5.715,0.000,5.739,7.752
15.918,15.733,16.035,15.959,15.623,15.563,15.982,15.855,15.584,15.894,16.184,16.044,16.435,16.301,16.140,15.512,14.312,13.158,13.316,12.534,10.539,8.983,7.501,5.739,0.000,6.057
15.942,15.770,16.055,15.992,15.605,15.680,15.879,15.756,15.542,15.969,16.148,15.965,15.875,16.958,16.611,16.164,15.647,14.311,13.637,13.633,12.626,10.554,8.892,7.752,6.057,0.000