c1,c2,c3,c4,c5,c6,c7,c8,c9,c10,c11,c12,c13,c14,c15,c16,c17,c18,c19,c20,c21,c22,c23,c24,c25,c26
0.000,6.278,7.997,10.161,11.360,13.015,13.608,13.738,14.020,14.588,15.172,15.750,15.654,15.634,15.230,15.887,15.064,14.987,14.931,14.204,14.270,14.322,14.326,14.785,14.908,15.108
6.278,0.000,5.878,7.655,8.153,9.945,11.465,12.724,13.396,14.054,15.080,15.546,15.625,15.659,14.934,15.544,13.964,13.489,13.339,12.378,12.004,12.256,12.608,13.580,13.967,14.397
7.997,5.878,0.000,5.595,6.954,9.003,10.429,12.573,13.929,14.266,14.764,15.632,15.561,15.757,14.752,15.257,13.295,12.922,12.858,12.017,11.674,12.300,12.731,13.605,14.137,14.264
10.161,7.655,5.595,0.000,5.707,8.001,9.832,12.120,14.251,15.410,15.130,15.724,16.162,16.018,14.649,15.384,12.314,12.136,11.579,10.853,10.662,11.273,12.214,13.459,14.111,14.566
11.360,8.153,6.954,5.707,0.000,5.742,7.115,9.528,11.840,14.402,15.701,15.694,15.554,15.489,13.531,14.336,12.082,10.382,10.911,10.087,9.119,10.656,11.787,12.899,13.906,14.157
13.015,9.945,9.003,8.001,5.742,0.000,5.897,7.541,9.811,12.554,14.465,15.319,14.624,13.770,11.719,12.274,10.372,10.256,10.776,11.004,10.836,12.812,13.997,14.840,15.214,15.300
13.608,11.465,10.429,9.832,7.115,5.897,0.000,5.798,7.285,9.743,11.881,13.969,13.613,12.910,10.756,11.022,10.268,8.716,11.247,11.147,9.965,12.402,13.856,14.584,15.122,15.222
13.738,12.724,12.573,12.120,9.528,7.541,5.798,0.000,5.991,7.871,9.633,11.343,11.312,10.850,8.645,9.654,9.992,10.155,12.662,14.024,12.979,15.142,15.965,16.138,16.156,16.116
14.020,13.396,13.929,14.251,11.840,9.811,7.285,5.991,0.000,5.988,7.216,9.145,8.882,9.432,8.677,8.274,9.998,9.907,12.736,14.287,14.060,15.501,16.249,16.417,16.405,16.421
14.588,14.054,14.266,15.410,14.402,12.554,9.743,7.871,5.988,0.000,5.997,8.198,8.540,9.198,9.168,10.120,12.248,12.270,14.862,16.015,15.802,16.807,16.653,16.865,16.730,16.737
15.172,15.080,14.764,15.130,15.701,14.465,11.881,9.633,7.216,5.997,0.000,5.948,7.285,8.179,9.147,10.104,12.867,12.786,14.801,16.007,16.120,16.665,17.139,17.018,16.905,16.935
15.750,15.546,15.632,15.724,15.694,15.319,13.969,11.343,9.145,8.198,5.948,0.000,6.046,8.244,9.640,10.685,13.796,14.378,14.695,15.140,16.046,16.262,16.629,17.542,17.032,17.130
15.654,15.625,15.561,16.162,15.554,14.624,13.613,11.312,8.882,8.540,7.285,6.046,0.000,6.037,8.156,9.361,11.819,13.405,14.639,14.277,15.059,15.740,16.165,16.850,17.666,17.095
15.634,15.659,15.757,16.018,15.489,13.770,12.910,10.850,9.432,9.198,8.179,8.244,6.037,0.000,6.191,7.567,9.728,11.176,13.829,15.201,14.668,15.146,15.905,16.410,16.887,17.433
15.230,14.934,14.752,14.649,13.531,11.719,10.756,8.645,8.677,9.168,9.147,9.640,8.156,6.191,0.000,6.146,7.900,9.180,11.290,13.822,13.943,14.403,15.113,16.050,16.471,16.767
15.887,15.544,15.257,15.384,14.336,12.274,11.022,9.654,8.274,10.120,10.104,10.685,9.361,7.567,6.146,0.000,5.967,7.646,9.326,11.429,12.650,14.663,14.849,15.365,16.159,16.492
15.064,13.964,13.295,12.314,12.082,10.372,10.268,9.992,9.998,12.248,12.867,13.796,11.819,9.728,7.900,5.967,0.000,5.921,7.457,9.506,10.471,13.437,14.740,14.683,15.329,16.087
14.987,13.489,12.922,12.136,10.382,10.256,8.716,10.155,9.907,12.270,12.786,14.378,13.405,11.176,9.180,7.646,5.921,0.000,5.875,7.653,7.365,10.264,12.438,13.868,14.472,14.823
14.931,13.339,12.858,11.579,10.911,10.776,11.247,12.662,12.736,14.862,14.801,14.695,14.639,13.829,11.290,9.326,7.457,5.875,0.000,5.615,7.714,9.617,11.523,13.755,14.958,14.787
14.204,12.378,12.017,10.853,10.087,11.004,11.147,14.024,14.287,16.015,16.007,15.140,14.277,15.201,13.822,11.429,9.506,7.653,5.615,0.000,5.913,7.640,9.148,11.289,13.416,14.462
14.270,12.004,11.674,10.662,9.119,10.836,9.965,12.979,14.060,15.802,16.120,16.046,15.059,14.668,13.943,12.650,10.471,7.365,7.714,5.913,0.000,5.771,7.735,9.388,11.579,13.132
14.322,12.256,12.300,11.273,10.656,12.812,12.402,15.142,15.501,16.807,16.665,16.262,15.740,15.146,14.403,14.663,13.437,10.264,9.617,7.640,5.771,0.000,5.862,7.680,9.521,11.251
14.326,12.608,12.731,12.214,11.787,13.997,13.856,15.965,16.249,16.653,17.139,16.629,16.165,15.905,15.113,14.849,14.740,12.438,11.523,9.148,7.735,5.862,0.000,5.763,7.650,9.290
14.785,13.580,13.605,13.459,12.899,14.840,14.584,16.138,16.417,16.865,17.018,17.542,16.850,16.410,16.050,15.365,14.683,13.868,13.755,11.289,9.388,7.680,5.763,0.000,5.898,7.770
14.908,13.967,14.137,14.111,13.906,15.214,15.122,16.156,16.405,16.730,16.905,17.032,17.666,16.887,16.471,16.159,15.329,14.472,14.958,13.416,11.579,9.521,7.650,5.898,0.000,6.387
15.108,14.397,14.264,14.566,14.157,15.300,15.222,16.116,16.421,16.737,16.935,17.130,17.095,17.433,16.767,16.492,16.087,14.823,14.787,14.462,13.132,11.251,9.290,7.770,6.387,0.000