c1,c2,c3,c4,c5,c6,c7,c8,c9,c10,c11,c12,c13,c14,c15,c16,c17,c18,c19,c20,c21,c22,c23,c24,c25,c26
0.000,6.131,7.829,9.751,10.214,12.198,12.422,11.407,11.361,12.844,12.825,12.304,14.106,14.494,14.374,14.592,15.020,14.740,15.061,15.036,14.845,15.303,15.323,15.180,15.472,15.304
6.131,0.000,5.929,6.770,6.934,9.464,10.074,8.715,8.598,10.272,10.697,10.104,12.223,13.543,13.705,14.144,14.467,14.551,15.147,15.002,14.958,15.647,15.464,15.336,15.608,15.478
7.829,5.929,0.000,5.545,7.720,9.785,11.080,10.743,10.405,11.842,11.845,11.171,13.012,13.896,14.116,14.096,14.077,13.773,14.256,14.218,13.927,14.645,14.725,14.380,14.939,14.900
9.751,6.770,5.545,0.000,5.616,7.991,9.299,9.383,9.488,10.967,11.747,11.557,13.710,14.579,14.865,15.539,15.158,14.819,15.312,15.078,14.942,15.126,15.238,14.688,15.063,15.063
10.214,6.934,7.720,5.616,0.000,5.763,6.248,6.998,7.558,9.290,10.438,10.407,12.603,13.973,14.302,14.890,15.665,15.134,15.135,14.439,14.140,14.602,14.588,14.103,14.455,14.619
12.198,9.464,9.785,7.991,5.763,0.000,5.689,7.864,8.169,9.464,11.578,11.704,13.266,14.340,15.027,15.491,16.016,16.552,15.799,15.225,14.730,14.986,14.671,14.337,14.495,14.862
12.422,10.074,11.080,9.299,6.248,5.689,0.000,5.590,7.374,8.074,9.718,10.973,13.090,13.634,14.188,14.983,15.544,15.857,16.816,15.592,15.023,15.038,15.068,14.886,14.910,14.908
11.407,8.715,10.743,9.383,6.998,7.864,5.590,0.000,5.874,7.853,9.280,10.167,13.022,13.999,13.834,14.481,15.530,15.782,16.494,17.246,16.139,16.137,15.875,15.373,15.627,15.476
11.361,8.598,10.405,9.488,7.558,8.169,7.374,5.874,0.000,5.874,8.225,8.301,10.200,12.516,13.270,13.154,14.159,15.181,15.903,16.224,17.190,16.409,16.083,15.653,16.038,15.739
12.844,10.272,11.842,10.967,9.290,9.464,8.074,7.853,5.874,0.000,6.107,8.102,8.964,10.614,12.662,13.078,13.217,14.059,15.612,15.895,16.395,17.602,16.661,16.197,16.439,16.283
12.825,10.697,11.845,11.747,10.438,11.578,9.718,9.280,8.225,6.107,0.000,6.274,8.050,8.970,10.206,11.950,12.739,12.885,14.275,15.338,15.735,16.390,17.604,16.445,16.554,16.375
12.304,10.104,11.171,11.557,10.407,11.704,10.973,10.167,8.301,8.102,6.274,0.000,6.469,8.124,8.435,9.157,11.364,12.237,12.825,13.880,15.173,15.746,16.369,17.409,16.702,16.561
14.106,12.223,13.012,13.710,12.603,13.266,13.090,13.022,10.200,8.964,8.050,6.469,0.000,6.525,7.838,8.100,9.285,11.275,12.742,12.819,13.950,15.315,15.956,16.484,17.761,16.835
14.494,13.543,13.896,14.579,13.973,14.340,13.634,13.999,12.516,10.614,8.970,8.124,6.525,0.000,6.455,7.796,8.228,8.982,11.641,12.611,12.486,13.731,15.509,15.837,16.573,17.301
14.374,13.705,14.116,14.865,14.302,15.027,14.188,13.834,13.270,12.662,10.206,8.435,7.838,6.455,0.000,6.476,7.933,7.508,9.027,11.318,12.141,12.108,13.822,15.325,16.026,16.484
14.592,14.144,14.096,15.539,14.890,15.491,14.983,14.481,13.154,13.078,11.950,9.157,8.100,7.796,6.476,0.000,6.223,7.858,8.104,9.086,11.264,11.947,12.525,13.741,15.803,16.373
15.020,14.467,14.077,15.158,15.665,16.016,15.544,15.530,14.159,13.217,12.739,11.364,9.285,8.228,7.933,6.223,0.000,6.121,7.624,7.680,8.400,10.545,11.747,11.964,13.911,15.607
14.740,14.551,13.773,14.819,15.134,16.552,15.857,15.782,15.181,14.059,12.885,12.237,11.275,8.982,7.508,7.858,6.121,0.000,5.945,7.535,6.939,7.485,10.386,11.372,12.177,13.897
15.061,15.147,14.256,15.312,15.135,15.799,16.816,16.494,15.903,15.612,14.275,12.825,12.742,11.641,9.027,8.104,7.624,5.945,0.000,5.801,7.386,6.692,7.761,10.458,12.014,13.142
15.036,15.002,14.218,15.078,14.439,15.225,15.592,17.246,16.224,15.895,15.338,13.880,12.819,12.611,11.318,9.086,7.680,7.535,5.801,0.000,5.859,7.484,6.898,7.717,10.964,12.444
14.845,14.958,13.927,14.942,14.140,14.730,15.023,16.139,17.190,16.395,15.735,15.173,13.950,12.486,12.141,11.264,8.400,6.939,7.386,5.859,0.000,5.946,7.573,6.742,8.569,10.824
15.303,15.647,14.645,15.126,14.602,14.986,15.038,16.137,16.409,17.602,16.390,15.746,15.315,13.731,12.108,11.947,10.545,7.485,6.692,7.484,5.946,0.000,6.055,7.678,7.732,9.565
15.323,15.464,14.725,15.238,14.588,14.671,15.068,15.875,16.083,16.661,17.604,16.369,15.956,15.509,13.822,12.525,11.747,10.386,7.761,6.898,7.573,6.055,0.000,6.033,7.745,8.914
15.180,15.336,14.380,14.688,14.103,14.337,14.886,15.373,15.653,16.197,16.445,17.409,16.484,15.837,15.325,13.741,11.964,11.372,10.458,7.717,6.742,7.678,6.033,0.000,5.976,7.941
15.472,15.608,14.939,15.063,14.455,14.495,14.910,15.627,16.038,16.439,16.554,16.702,17.761,16.573,16.026,15.803,13.911,12.177,12.014,10.964,8.569,7.732,7.745,5.976,0.000,6.040
15.304,15.478,14.900,15.063,14.619,14.862,14.908,15.476,15.739,16.283,16.375,16.561,16.835,17.301,16.484,16.373,15.607,13.897,13.142,12.444,10.824,9.565,8.914,7.941,6.040,0.000