c1,c2,c3,c4,c5,c6,c7,c8,c9,c10,c11,c12,c13,c14,c15,c16,c17,c18,c19,c20,c21,c22,c23,c24,c25,c26
0.000,6.412,7.556,8.271,9.329,10.597,13.072,11.884,12.707,12.922,13.583,12.465,14.346,13.957,15.251,14.813,13.553,14.239,15.601,14.661,13.864,15.354,15.935,14.931,15.515,15.700
6.412,0.000,5.886,7.568,6.839,7.747,11.155,9.537,11.131,10.868,11.962,10.627,12.659,12.506,14.363,13.866,12.096,12.781,14.318,13.213,12.427,14.208,14.789,13.731,14.553,15.187
7.556,5.886,0.000,6.315,7.453,6.619,8.855,6.719,7.861,8.484,9.678,9.110,12.048,12.488,14.194,13.586,12.148,12.845,14.053,12.897,12.288,14.317,14.833,14.181,15.389,15.867
8.271,7.568,6.315,0.000,5.692,7.753,8.412,8.576,8.726,9.563,11.134,11.089,13.706,13.937,15.613,14.813,13.474,14.652,15.700,14.348,13.856,15.738,16.194,15.181,16.120,16.291
9.329,6.839,7.453,5.692,0.000,5.710,8.095,9.153,10.937,11.520,13.291,12.457,14.841,14.560,15.918,15.200,13.813,14.799,15.756,14.211,13.709,15.330,15.471,14.375,15.036,15.491
10.597,7.747,6.619,7.753,5.710,0.000,5.797,6.112,9.238,9.878,11.669,11.376,13.973,14.043,15.145,14.355,13.351,14.121,14.852,13.213,13.072,14.399,14.421,13.748,14.745,15.449
13.072,11.155,8.855,8.412,8.095,5.797,0.000,6.458,8.153,10.053,11.927,12.795,15.227,15.275,16.189,15.460,14.547,15.445,16.176,14.374,14.361,15.502,15.528,15.101,15.595,15.802
11.884,9.537,6.719,8.576,9.153,6.112,6.458,0.000,6.136,7.885,9.806,10.310,13.394,13.874,14.879,13.790,12.791,13.764,14.362,12.776,13.223,14.262,14.430,14.180,15.458,15.992
12.707,11.131,7.861,8.726,10.937,9.238,8.153,6.136,0.000,6.151,8.103,9.391,12.221,13.987,15.162,13.736,12.837,14.313,14.889,13.635,14.012,15.492,15.821,15.524,16.443,16.444
12.922,10.868,8.484,9.563,11.520,9.878,10.053,7.885,6.151,0.000,6.155,7.967,10.645,12.570,14.171,12.996,12.175,13.723,14.632,13.730,14.405,16.330,16.176,16.104,16.617,16.684
13.583,11.962,9.678,11.134,13.291,11.669,11.927,9.806,8.103,6.155,0.000,6.528,8.432,10.911,12.428,11.920,11.354,12.909,13.876,13.713,14.522,16.270,16.956,16.716,16.835,16.978
12.465,10.627,9.110,11.089,12.457,11.376,12.795,10.310,9.391,7.967,6.528,0.000,6.585,8.393,9.489,8.404,8.135,9.998,10.933,10.719,11.933,13.879,15.093,15.277,16.756,17.083
14.346,12.659,12.048,13.706,14.841,13.973,15.227,13.394,12.221,10.645,8.432,6.585,0.000,6.278,7.120,7.648,8.195,9.624,10.692,11.652,12.775,14.335,15.775,16.570,17.721,17.708
13.957,12.506,12.488,13.937,14.560,14.043,15.275,13.874,13.987,12.570,10.911,8.393,6.278,0.000,6.166,7.709,6.940,7.709,10.245,11.363,11.465,13.218,15.401,15.791,16.946,17.462
15.251,14.363,14.194,15.613,15.918,15.145,16.189,14.879,15.162,14.171,12.428,9.489,7.120,6.166,0.000,6.436,7.671,7.012,7.902,10.821,11.678,11.887,13.841,15.398,16.655,17.274
14.813,13.866,13.586,14.813,15.200,14.355,15.460,13.790,13.736,12.996,11.920,8.404,7.648,7.709,6.436,0.000,5.888,7.632,6.809,8.056,10.768,11.878,12.383,13.518,16.044,17.041
13.553,12.096,12.148,13.474,13.813,13.351,14.547,12.791,12.837,12.175,11.354,8.135,8.195,6.940,7.671,5.888,0.000,5.783,7.607,7.151,7.883,10.915,12.124,11.896,14.173,16.017
14.239,12.781,12.845,14.652,14.799,14.121,15.445,13.764,14.313,13.723,12.909,9.998,9.624,7.709,7.012,7.632,5.783,0.000,5.745,7.544,6.496,7.841,10.902,11.675,12.797,14.562
15.601,14.318,14.053,15.700,15.756,14.852,16.176,14.362,14.889,14.632,13.876,10.933,10.692,10.245,7.902,6.809,7.607,5.745,0.000,5.558,7.443,6.794,8.429,10.899,12.815,14.573
14.661,13.213,12.897,14.348,14.211,13.213,14.374,12.776,13.635,13.730,13.713,10.719,11.652,11.363,10.821,8.056,7.151,7.544,5.558,0.000,5.569,7.395,7.129,8.182,11.605,13.466
13.864,12.427,12.288,13.856,13.709,13.072,14.361,13.223,14.012,14.405,14.522,11.933,12.775,11.465,11.678,10.768,7.883,6.496,7.443,5.569,0.000,5.615,7.409,6.662,9.316,11.066
15.354,14.208,14.317,15.738,15.330,14.399,15.502,14.262,15.492,16.330,16.270,13.879,14.335,13.218,11.887,11.878,10.915,7.841,6.794,7.395,5.615,0.000,5.520,7.548,8.384,10.716
15.935,14.789,14.833,16.194,15.471,14.421,15.528,14.430,15.821,16.176,16.956,15.093,15.775,15.401,13.841,12.383,12.124,10.902,8.429,7.129,7.409,5.520,0.000,5.709,7.891,10.282
14.931,13.731,14.181,15.181,14.375,13.748,15.101,14.180,15.524,16.104,16.716,15.277,16.570,15.791,15.398,13.518,11.896,11.675,10.899,8.182,6.662,7.548,5.709,0.000,5.977,8.247
15.515,14.553,15.389,16.120,15.036,14.745,15.595,15.458,16.443,16.617,16.835,16.756,17.721,16.946,16.655,16.044,14.173,12.797,12.815,11.605,9.316,8.384,7.891,5.977,0.000,6.556
15.700,15.187,15.867,16.291,15.491,15.449,15.802,15.992,16.444,16.684,16.978,17.083,17.708,17.462,17.274,17.041,16.017,14.562,14.573,13.466,11.066,10.716,10.282,8.247,6.556,0.000