c1,c2,c3,c4,c5,c6,c7,c8,c9,c10,c11,c12,c13,c14,c15,c16,c17,c18,c19,c20,c21,c22,c23,c24,c25,c26
0.000,5.943,8.192,9.871,7.988,8.528,11.573,11.764,11.607,13.703,15.735,15.651,17.362,17.525,17.803,17.490,16.072,15.864,17.152,16.092,14.003,15.617,16.821,14.915,14.370,15.937
5.943,0.000,5.790,5.910,4.827,7.190,9.292,9.483,9.943,12.505,13.846,13.939,16.506,17.214,17.898,17.073,14.818,15.423,17.064,15.026,12.794,15.517,16.385,13.953,13.546,15.908
8.192,5.790,0.000,5.399,7.389,6.404,7.573,10.175,11.108,11.521,13.499,15.248,17.351,17.662,18.809,18.159,16.682,17.386,18.071,16.680,15.358,17.511,17.358,15.842,15.944,17.023
9.871,5.910,5.399,0.000,5.396,7.435,6.682,7.430,10.219,11.713,12.056,13.163,16.570,16.962,17.780,17.746,15.080,16.418,17.630,15.343,13.345,16.501,16.516,14.440,14.668,16.535
7.988,4.827,7.389,5.396,0.000,5.426,7.316,6.006,6.838,10.212,11.390,11.104,14.327,15.096,16.276,15.486,13.567,13.797,15.873,13.161,10.113,13.901,15.032,12.267,12.260,15.650
8.528,7.190,6.404,7.435,5.426,0.000,5.357,7.397,6.439,7.288,10.692,11.429,13.892,14.598,16.579,16.345,14.009,15.340,17.284,15.597,12.712,15.943,17.589,15.612,14.826,17.103
11.573,9.292,7.573,6.682,7.316,5.357,0.000,5.392,7.467,6.478,7.629,10.428,13.318,14.123,16.251,15.782,13.745,15.463,17.760,15.473,13.603,16.955,17.608,16.127,16.314,17.894
11.764,9.483,10.175,7.430,6.006,7.397,5.392,0.000,5.476,7.510,6.678,7.340,11.333,12.044,13.584,12.610,10.653,12.494,14.278,12.517,10.008,13.955,14.871,12.892,14.008,16.794
11.607,9.943,11.108,10.219,6.838,6.439,7.467,5.476,0.000,5.511,7.664,6.463,9.708,10.353,12.131,11.529,9.082,10.665,13.183,12.042,10.618,12.645,14.515,13.366,13.422,16.241
13.703,12.505,11.521,11.713,10.212,7.288,6.478,7.510,5.511,0.000,5.556,7.836,9.666,10.639,13.331,13.158,11.012,12.592,15.517,14.829,13.827,16.797,18.068,17.065,16.708,18.135
15.735,13.846,13.499,12.056,11.390,10.692,7.629,6.678,7.664,5.556,0.000,5.979,8.567,10.053,11.709,11.323,9.930,11.920,13.885,13.513,13.627,16.258,17.662,16.690,17.444,18.483
15.651,13.939,15.248,13.163,11.104,11.429,10.428,7.340,6.463,7.836,5.979,0.000,6.070,7.734,8.299,7.227,6.043,8.276,10.083,9.497,10.359,12.960,14.046,14.496,15.231,17.652
17.362,16.506,17.351,16.570,14.327,13.892,13.318,11.333,9.708,9.666,8.567,6.070,0.000,5.796,7.474,7.232,7.141,9.034,10.641,11.397,12.431,14.363,15.735,16.744,18.022,18.839
17.525,17.214,17.662,16.962,15.096,14.598,14.123,12.044,10.353,10.639,10.053,7.734,5.796,0.000,5.925,7.408,5.819,6.537,9.663,10.581,10.584,12.584,14.866,15.604,16.438,18.467
17.803,17.898,18.809,17.780,16.276,16.579,16.251,13.584,12.131,13.331,11.709,8.299,7.474,5.925,0.000,5.795,7.554,5.886,6.607,9.880,10.878,10.743,12.824,15.247,15.992,17.626
17.490,17.073,18.159,17.746,15.486,16.345,15.782,12.610,11.529,13.158,11.323,7.227,7.232,7.408,5.795,0.000,5.604,7.570,5.911,6.642,9.858,10.927,11.009,12.949,15.255,17.306
16.072,14.818,16.682,15.080,13.567,14.009,13.745,10.653,9.082,11.012,9.930,6.043,7.141,5.819,7.554,5.604,0.000,5.477,7.475,5.855,6.514,9.854,10.998,11.045,12.709,16.109
15.864,15.423,17.386,16.418,13.797,15.340,15.463,12.494,10.665,12.592,11.920,8.276,9.034,6.537,5.886,7.570,5.477,0.000,5.447,7.436,5.844,6.518,9.933,11.080,11.189,14.369
17.152,17.064,18.071,17.630,15.873,17.284,17.760,14.278,13.183,15.517,13.885,10.083,10.641,9.663,6.607,5.911,7.475,5.447,0.000,5.400,7.402,5.888,6.766,10.043,11.398,13.709
16.092,15.026,16.680,15.343,13.161,15.597,15.473,12.517,12.042,14.829,13.513,9.497,11.397,10.581,9.880,6.642,5.855,7.436,5.400,0.000,5.395,7.396,6.117,6.914,9.931,12.691
14.003,12.794,15.358,13.345,10.113,12.712,13.603,10.008,10.618,13.827,13.627,10.359,12.431,10.584,10.878,9.858,6.514,5.844,7.402,5.395,0.000,5.377,7.403,6.362,6.951,10.628
15.617,15.517,17.511,16.501,13.901,15.943,16.955,13.955,12.645,16.797,16.258,12.960,14.363,12.584,10.743,10.927,9.854,6.518,5.888,7.396,5.377,0.000,5.328,7.523,6.892,9.391
16.821,16.385,17.358,16.516,15.032,17.589,17.608,14.871,14.515,18.068,17.662,14.046,15.735,14.866,12.824,11.009,10.998,9.933,6.766,6.117,7.403,5.328,0.000,5.288,7.731,9.536
14.915,13.953,15.842,14.440,12.267,15.612,16.127,12.892,13.366,17.065,16.690,14.496,16.744,15.604,15.247,12.949,11.045,11.080,10.043,6.914,6.362,7.523,5.288,0.000,5.440,8.385
14.370,13.546,15.944,14.668,12.260,14.826,16.314,14.008,13.422,16.708,17.444,15.231,18.022,16.438,15.992,15.255,12.709,11.189,11.398,9.931,6.951,6.892,7.731,5.440,0.000,5.947
15.937,15.908,17.023,16.535,15.650,17.103,17.894,16.794,16.241,18.135,18.483,17.652,18.839,18.467,17.626,17.306,16.109,14.369,13.709,12.691,10.628,9.391,9.536,8.385,5.947,0.000