c1,c2,c3,c4,c5,c6,c7,c8,c9,c10,c11,c12,c13,c14,c15,c16,c17,c18,c19,c20,c21,c22,c23,c24,c25,c26
0.000,5.978,7.761,9.689,11.367,13.265,13.249,13.027,13.483,14.315,14.005,14.044,15.096,15.132,15.153,14.831,15.294,15.297,15.493,15.112,14.734,15.249,15.677,15.398,15.469,15.511
5.978,0.000,5.751,7.329,8.955,10.279,10.918,11.304,11.597,12.798,12.861,13.005,14.540,15.194,15.226,14.910,15.361,15.329,15.600,15.059,14.396,15.178,15.658,15.389,15.256,15.357
7.761,5.751,0.000,5.729,7.301,8.597,9.146,10.212,10.975,11.905,12.050,12.841,14.260,15.286,15.522,14.703,15.225,15.059,15.387,14.765,14.372,15.108,15.599,15.244,15.338,15.372
9.689,7.329,5.729,0.000,5.543,8.228,8.543,8.929,10.750,12.409,11.861,12.624,14.628,15.652,16.003,15.780,15.940,15.523,15.863,15.209,14.266,15.245,15.728,15.320,15.276,15.416
11.367,8.955,7.301,5.543,0.000,5.520,7.404,7.991,9.222,11.483,11.985,12.295,14.057,15.635,15.953,15.785,16.426,15.685,16.191,15.536,14.465,15.477,15.978,15.582,15.474,15.600
13.265,10.279,8.597,8.228,5.520,0.000,5.576,7.731,8.505,10.323,11.737,12.563,13.539,14.979,15.715,15.617,16.195,16.186,16.338,15.758,14.691,15.627,16.048,15.665,15.431,15.536
13.249,10.918,9.146,8.543,7.404,5.576,0.000,5.680,7.647,8.663,9.189,11.009,12.732,13.624,14.176,14.341,14.933,15.043,15.667,14.591,13.746,14.759,15.304,14.724,14.778,14.734
13.027,11.304,10.212,8.929,7.991,7.731,5.680,0.000,5.735,7.295,7.612,9.252,11.695,13.466,13.592,13.418,14.314,14.425,15.121,14.509,13.706,14.661,15.167,14.788,14.839,14.921
13.483,11.597,10.975,10.750,9.222,8.505,7.647,5.735,0.000,5.771,7.720,8.177,9.974,12.716,13.423,12.681,13.452,14.138,14.895,14.423,14.397,15.324,15.903,15.501,15.633,15.761
14.315,12.798,11.905,12.409,11.483,10.323,8.663,7.295,5.771,0.000,5.975,7.797,8.680,10.861,12.175,12.068,12.694,13.398,14.427,13.946,14.369,15.852,15.978,15.662,15.867,16.087
14.005,12.861,12.050,11.861,11.985,11.737,9.189,7.612,7.720,5.975,0.000,6.050,8.083,9.598,10.401,10.741,11.772,12.308,13.120,13.240,13.496,14.777,15.635,15.089,15.453,15.746
14.044,13.005,12.841,12.624,12.295,12.563,11.009,9.252,8.177,7.797,6.050,0.000,6.101,8.532,8.952,8.879,10.338,11.326,11.832,11.771,12.920,14.263,15.054,15.193,15.851,16.198
15.096,14.540,14.260,14.628,14.057,13.539,12.732,11.695,9.974,8.680,8.083,6.101,0.000,6.386,7.724,8.374,9.461,11.182,12.090,11.775,13.120,14.681,15.532,15.848,16.792,16.769
15.132,15.194,15.286,15.652,15.635,14.979,13.624,13.466,12.716,10.861,9.598,8.532,6.386,0.000,6.252,8.095,8.842,10.263,11.716,11.823,12.575,14.060,15.526,16.041,16.852,17.162
15.153,15.226,15.522,16.003,15.953,15.715,14.176,13.592,13.423,12.175,10.401,8.952,7.724,6.252,0.000,6.370,7.964,9.314,9.648,10.761,12.097,12.656,13.900,15.298,16.427,16.862
14.831,14.910,14.703,15.780,15.785,15.617,14.341,13.418,12.681,12.068,10.741,8.879,8.374,8.095,6.370,0.000,6.291,8.047,7.635,7.653,10.376,11.303,11.783,13.261,15.056,15.777
15.294,15.361,15.225,15.940,16.426,16.195,14.933,14.314,13.452,12.694,11.772,10.338,9.461,8.842,7.964,6.291,0.000,5.798,7.476,7.083,8.038,10.261,11.537,12.145,13.692,15.215
15.297,15.329,15.059,15.523,15.685,16.186,15.043,14.425,14.138,13.398,12.308,11.326,11.182,10.263,9.314,8.047,5.798,0.000,5.804,7.507,6.782,7.437,10.426,11.774,12.427,13.812
15.493,15.600,15.387,15.863,16.191,16.338,15.667,15.121,14.895,14.427,13.120,11.832,12.090,11.716,9.648,7.635,7.476,5.804,0.000,5.650,7.507,6.568,7.786,10.600,12.051,13.202
15.112,15.059,14.765,15.209,15.536,15.758,14.591,14.509,14.423,13.946,13.240,11.771,11.775,11.823,10.761,7.653,7.083,7.507,5.650,0.000,5.610,7.487,6.983,8.342,10.587,12.201
14.734,14.396,14.372,14.266,14.465,14.691,13.746,13.706,14.397,14.369,13.496,12.920,13.120,12.575,12.097,10.376,8.038,6.782,7.507,5.610,0.000,5.656,7.615,7.025,8.994,10.532
15.249,15.178,15.108,15.245,15.477,15.627,14.759,14.661,15.324,15.852,14.777,14.263,14.681,14.060,12.656,11.303,10.261,7.437,6.568,7.487,5.656,0.000,5.608,7.674,8.567,10.166
15.677,15.658,15.599,15.728,15.978,16.048,15.304,15.167,15.903,15.978,15.635,15.054,15.532,15.526,13.900,11.783,11.537,10.426,7.786,6.983,7.615,5.608,0.000,5.812,7.646,9.453
15.398,15.389,15.244,15.320,15.582,15.665,14.724,14.788,15.501,15.662,15.089,15.193,15.848,16.041,15.298,13.261,12.145,11.774,10.600,8.342,7.025,7.674,5.812,0.000,5.853,7.799
15.469,15.256,15.338,15.276,15.474,15.431,14.778,14.839,15.633,15.867,15.453,15.851,16.792,16.852,16.427,15.056,13.692,12.427,12.051,10.587,8.994,8.567,7.646,5.853,0.000,6.271
15.511,15.357,15.372,15.416,15.600,15.536,14.734,14.921,15.761,16.087,15.746,16.198,16.769,17.162,16.862,15.777,15.215,13.812,13.202,12.201,10.532,10.166,9.453,7.799,6.271,0.000