c1,c2,c3,c4,c5,c6,c7,c8,c9,c10,c11,c12,c13,c14,c15,c16,c17,c18,c19,c20,c21,c22,c23,c24,c25,c26
0.000,6.108,7.926,10.239,12.971,14.513,15.606,14.910,15.050,15.607,14.785,13.647,14.872,15.241,14.904,14.401,15.128,15.300,14.907,14.698,14.797,15.033,15.221,15.464,15.369,15.389
6.108,0.000,5.943,7.953,10.433,12.680,14.204,13.886,14.148,15.116,14.358,12.833,14.612,15.121,14.829,14.554,15.113,15.171,14.726,14.446,14.200,14.539,14.655,15.059,14.976,14.973
7.926,5.943,0.000,6.024,8.251,9.329,11.334,11.809,12.685,13.269,12.612,11.492,13.231,14.079,14.007,14.089,14.905,15.109,14.526,14.241,13.827,14.270,14.321,14.826,14.971,15.048
10.239,7.953,6.024,0.000,6.110,7.839,9.067,9.769,11.549,13.147,12.519,11.540,13.799,14.737,14.488,14.589,15.323,15.482,14.915,14.626,14.178,14.391,14.338,14.696,14.965,15.119
12.971,10.433,8.251,6.110,0.000,5.959,6.966,7.909,10.081,12.234,11.880,11.210,13.565,14.594,14.558,15.040,15.809,15.969,15.338,14.812,14.136,14.404,13.971,14.237,14.528,14.718
14.513,12.680,9.329,7.839,5.959,0.000,6.028,7.853,9.297,11.518,11.541,11.340,13.625,14.682,14.902,15.393,15.998,16.098,15.499,15.022,14.459,14.610,14.187,14.222,14.467,14.748
15.606,14.204,11.334,9.067,6.966,6.028,0.000,5.884,7.921,9.700,9.420,9.888,12.632,13.495,13.945,14.927,15.666,15.996,15.440,14.948,14.405,14.605,14.006,14.190,14.346,14.495
14.910,13.886,11.809,9.769,7.909,7.853,5.884,0.000,6.020,7.594,7.137,7.627,10.421,12.022,12.814,13.846,14.859,15.309,14.863,14.626,14.210,14.417,14.000,14.330,14.519,14.654
15.050,14.148,12.685,11.549,10.081,9.297,7.921,6.020,0.000,5.776,7.664,7.526,9.487,11.916,13.048,13.755,14.669,15.370,15.023,14.768,14.443,14.585,14.373,14.553,14.692,14.951
15.607,15.116,13.269,13.147,12.234,11.518,9.700,7.594,5.776,0.000,6.051,7.622,8.700,10.599,12.470,13.831,14.365,14.872,14.865,14.785,14.478,14.787,14.654,14.914,14.985,15.293
14.785,14.358,12.612,12.519,11.880,11.541,9.420,7.137,7.664,6.051,0.000,6.208,7.865,8.735,10.259,12.371,13.836,14.062,13.674,13.742,13.611,14.052,14.383,14.848,15.148,15.499
13.647,12.833,11.492,11.540,11.210,11.340,9.888,7.627,7.526,7.622,6.208,0.000,6.147,8.129,8.899,10.893,12.845,13.662,12.998,12.805,12.806,13.337,13.771,14.677,15.089,15.422
14.872,14.612,13.231,13.799,13.565,13.625,12.632,10.421,9.487,8.700,7.865,6.147,0.000,6.260,7.830,9.429,10.941,12.474,12.372,12.495,12.429,13.064,13.796,14.749,15.375,15.609
15.241,15.121,14.079,14.737,14.594,14.682,13.495,12.022,11.916,10.599,8.735,8.129,6.260,0.000,6.404,8.234,9.910,11.086,11.580,12.275,12.184,13.005,13.977,14.996,15.507,15.829
14.904,14.829,14.007,14.488,14.558,14.902,13.945,12.814,13.048,12.470,10.259,8.899,7.830,6.404,0.000,6.257,7.749,9.302,9.617,10.814,11.396,12.218,13.176,14.369,15.048,15.486
14.401,14.554,14.089,14.589,15.040,15.393,14.927,13.846,13.755,13.831,12.371,10.893,9.429,8.234,6.257,0.000,6.140,7.935,8.561,9.830,11.179,11.999,13.008,14.218,15.004,15.380
15.128,15.113,14.905,15.323,15.809,15.998,15.666,14.859,14.669,14.365,13.836,12.845,10.941,9.910,7.749,6.140,0.000,6.017,8.235,9.427,10.808,12.255,13.430,13.950,14.621,15.151
15.300,15.171,15.109,15.482,15.969,16.098,15.996,15.309,15.370,14.872,14.062,13.662,12.474,11.086,9.302,7.935,6.017,0.000,6.087,7.817,9.484,10.710,12.472,13.622,14.130,14.524
14.907,14.726,14.526,14.915,15.338,15.499,15.440,14.863,15.023,14.865,13.674,12.998,12.372,11.580,9.617,8.561,8.235,6.087,0.000,5.901,7.803,9.104,10.503,12.894,13.745,13.925
14.698,14.446,14.241,14.626,14.812,15.022,14.948,14.626,14.768,14.785,13.742,12.805,12.495,12.275,10.814,9.830,9.427,7.817,5.901,0.000,5.955,7.612,8.550,10.824,12.480,13.203
14.797,14.200,13.827,14.178,14.136,14.459,14.405,14.210,14.443,14.478,13.611,12.806,12.429,12.184,11.396,11.179,10.808,9.484,7.803,5.955,0.000,5.840,7.220,8.860,10.482,11.574
15.033,14.539,14.270,14.391,14.404,14.610,14.605,14.417,14.585,14.787,14.052,13.337,13.064,13.005,12.218,11.999,12.255,10.710,9.104,7.612,5.840,0.000,5.935,8.136,9.601,10.646
15.221,14.655,14.321,14.338,13.971,14.187,14.006,14.000,14.373,14.654,14.383,13.771,13.796,13.977,13.176,13.008,13.430,12.472,10.503,8.550,7.220,5.935,0.000,6.175,7.599,8.821
15.464,15.059,14.826,14.696,14.237,14.222,14.190,14.330,14.553,14.914,14.848,14.677,14.749,14.996,14.369,14.218,13.950,13.622,12.894,10.824,8.860,8.136,6.175,0.000,6.222,7.764
15.369,14.976,14.971,14.965,14.528,14.467,14.346,14.519,14.692,14.985,15.148,15.089,15.375,15.507,15.048,15.004,14.621,14.130,13.745,12.480,10.482,9.601,7.599,6.222,0.000,6.587
15.389,14.973,15.048,15.119,14.718,14.748,14.495,14.654,14.951,15.293,15.499,15.422,15.609,15.829,15.486,15.380,15.151,14.524,13.925,13.203,11.574,10.646,8.821,7.764,6.587,0.000