c1,c2,c3,c4,c5,c6,c7,c8,c9,c10,c11,c12,c13,c14,c15,c16,c17,c18,c19,c20,c21,c22,c23,c24,c25,c26
0.000,5.962,7.596,10.097,12.587,15.356,16.294,16.284,16.135,16.275,16.281,16.003,15.929,16.064,16.051,15.843,15.598,15.577,15.843,15.477,15.002,15.161,15.267,15.285,14.947,14.916
5.962,0.000,5.742,7.423,9.972,12.909,14.824,16.320,15.664,15.908,15.847,15.458,15.283,15.465,15.468,15.494,15.112,15.007,15.466,15.110,14.561,14.850,15.056,15.336,14.970,14.869
7.596,5.742,0.000,5.821,7.098,10.345,12.298,14.787,15.691,15.347,15.294,14.871,14.650,14.818,15.037,15.005,14.678,14.610,15.029,14.607,13.926,14.403,14.521,14.953,14.994,14.878
10.097,7.423,5.821,0.000,5.878,7.729,10.470,12.724,14.707,15.140,14.930,14.718,14.662,15.119,15.354,15.480,15.026,15.039,15.548,15.124,14.074,14.813,14.717,15.279,15.482,15.372
12.587,9.972,7.098,5.878,0.000,5.939,7.122,10.128,11.969,12.998,13.924,13.634,13.870,14.137,14.412,14.425,14.298,14.270,14.813,14.307,13.274,14.398,14.127,14.660,15.095,15.068
15.356,12.909,10.345,7.729,5.939,0.000,5.935,7.482,9.680,10.950,12.644,13.387,13.728,14.478,14.972,15.110,14.910,14.928,15.654,15.362,14.133,15.042,14.662,14.834,15.296,15.405
16.294,14.824,12.298,10.470,7.122,5.935,0.000,5.740,8.366,9.502,10.967,12.180,12.822,13.112,13.742,14.071,14.057,14.335,15.004,14.790,13.523,14.570,14.227,14.341,14.762,14.934
16.284,16.320,14.787,12.724,10.128,7.482,5.740,0.000,5.753,7.045,9.252,11.120,12.777,14.280,14.682,14.981,14.802,14.722,15.728,15.555,14.003,15.037,14.633,14.148,14.651,15.126
16.135,15.664,15.691,14.707,11.969,9.680,8.366,5.753,0.000,5.759,7.847,9.798,11.320,13.776,14.920,15.075,14.279,13.967,15.371,14.992,13.207,13.979,14.037,13.700,13.990,14.844
16.275,15.908,15.347,15.140,12.998,10.950,9.502,7.045,5.759,0.000,5.977,7.492,9.542,11.796,13.685,14.434,13.352,12.670,14.202,13.813,12.079,12.985,13.439,13.082,13.493,14.369
16.281,15.847,15.294,14.930,13.924,12.644,10.967,9.252,7.847,5.977,0.000,6.259,7.861,9.920,11.684,13.394,12.906,11.830,13.558,13.606,12.234,13.580,14.464,14.636,14.952,15.443
16.003,15.458,14.871,14.718,13.634,13.387,12.180,11.120,9.798,7.492,6.259,0.000,6.213,7.797,9.254,10.135,10.168,9.461,11.081,11.257,10.565,11.716,12.979,13.703,14.161,14.773
15.929,15.283,14.650,14.662,13.870,13.728,12.822,12.777,11.320,9.542,7.861,6.213,0.000,6.496,8.479,9.877,9.684,10.038,12.191,12.483,11.982,13.411,14.739,15.411,15.903,15.894
16.064,15.465,14.818,15.119,14.137,14.478,13.112,14.280,13.776,11.796,9.920,7.797,6.496,0.000,6.685,7.618,8.664,8.775,11.111,11.735,12.052,13.302,14.742,15.626,16.023,15.871
16.051,15.468,15.037,15.354,14.412,14.972,13.742,14.682,14.920,13.685,11.684,9.254,8.479,6.685,0.000,6.624,7.919,7.994,9.546,11.182,12.120,13.047,14.313,15.494,15.926,15.772
15.843,15.494,15.005,15.480,14.425,15.110,14.071,14.981,15.075,14.434,13.394,10.135,9.877,7.618,6.624,0.000,6.076,7.777,8.527,9.436,11.371,12.723,13.520,14.355,15.307,15.294
15.598,15.112,14.678,15.026,14.298,14.910,14.057,14.802,14.279,13.352,12.906,10.168,9.684,8.664,7.919,6.076,0.000,6.091,7.636,8.087,9.639,11.987,13.386,13.657,14.166,14.387
15.577,15.007,14.610,15.039,14.270,14.928,14.335,14.722,13.967,12.670,11.830,9.461,10.038,8.775,7.994,7.777,6.091,0.000,5.919,7.537,7.668,9.437,11.698,13.168,13.196,13.235
15.843,15.466,15.029,15.548,14.813,15.654,15.004,15.728,15.371,14.202,13.558,11.081,12.191,11.111,9.546,8.527,7.636,5.919,0.000,5.690,8.118,8.939,10.732,13.013,13.539,12.995
15.477,15.110,14.607,15.124,14.307,15.362,14.790,15.555,14.992,13.813,13.606,11.257,12.483,11.735,11.182,9.436,8.087,7.537,5.690,0.000,5.783,7.580,8.982,10.967,12.664,13.237
15.002,14.561,13.926,14.074,13.274,14.133,13.523,14.003,13.207,12.079,12.234,10.565,11.982,12.052,12.120,11.371,9.639,7.668,8.118,5.783,0.000,5.829,7.311,9.110,10.453,11.990
15.161,14.850,14.403,14.813,14.398,15.042,14.570,15.037,13.979,12.985,13.580,11.716,13.411,13.302,13.047,12.723,11.987,9.437,8.939,7.580,5.829,0.000,5.855,7.880,9.214,10.462
15.267,15.056,14.521,14.717,14.127,14.662,14.227,14.633,14.037,13.439,14.464,12.979,14.739,14.742,14.313,13.520,13.386,11.698,10.732,8.982,7.311,5.855,0.000,5.958,7.315,8.687
15.285,15.336,14.953,15.279,14.660,14.834,14.341,14.148,13.700,13.082,14.636,13.703,15.411,15.626,15.494,14.355,13.657,13.168,13.013,10.967,9.110,7.880,5.958,0.000,5.888,7.852
14.947,14.970,14.994,15.482,15.095,15.296,14.762,14.651,13.990,13.493,14.952,14.161,15.903,16.023,15.926,15.307,14.166,13.196,13.539,12.664,10.453,9.214,7.315,5.888,0.000,6.280
14.916,14.869,14.878,15.372,15.068,15.405,14.934,15.126,14.844,14.369,15.443,14.773,15.894,15.871,15.772,15.294,14.387,13.235,12.995,13.237,11.990,10.462,8.687,7.852,6.280,0.000