c1,c2,c3,c4,c5,c6,c7,c8,c9,c10,c11,c12,c13,c14,c15,c16,c17,c18,c19,c20,c21,c22,c23,c24,c25,c26
0.000,6.119,7.669,9.289,10.636,13.044,14.014,15.749,16.686,16.946,15.567,15.624,17.203,16.840,15.350,16.248,16.878,15.673,14.964,16.011,15.946,15.072,15.594,16.138,15.904,15.483
6.119,0.000,5.629,7.642,7.742,10.718,11.980,14.385,15.807,16.262,14.064,13.884,16.473,15.988,13.908,15.251,16.111,14.872,13.698,15.332,15.432,14.339,14.857,15.811,15.561,15.266
7.669,5.629,0.000,5.409,7.355,9.637,11.694,14.394,16.306,16.887,14.325,14.384,17.383,17.079,14.824,16.549,17.509,15.959,15.282,16.641,16.508,15.648,15.828,16.486,16.359,15.706
9.289,7.642,5.409,0.000,5.639,7.630,10.245,12.922,15.378,16.775,13.378,13.535,17.264,16.944,14.555,16.868,17.920,16.636,15.721,16.988,16.916,16.282,16.207,17.102,16.889,16.467
10.636,7.742,7.355,5.639,0.000,5.728,7.051,9.997,12.573,13.598,10.083,10.443,14.618,13.973,11.412,14.696,16.718,14.814,14.111,16.354,16.567,15.726,15.758,16.163,16.253,15.968
13.044,10.718,9.637,7.630,5.728,0.000,5.706,8.143,10.766,12.415,9.540,10.075,14.163,14.223,12.520,15.269,17.713,16.623,16.145,17.889,17.893,17.494,17.060,17.683,17.552,16.957
14.014,11.980,11.694,10.245,7.051,5.706,0.000,5.642,8.124,8.869,5.076,5.659,10.126,9.826,8.254,11.273,13.842,12.661,12.941,16.172,17.438,16.821,17.038,17.520,17.437,17.065
15.749,14.385,14.394,12.922,9.997,8.143,5.642,0.000,5.469,5.742,5.110,7.398,9.555,9.942,10.732,12.907,14.544,14.937,16.017,18.255,18.891,18.280,17.654,18.143,18.104,17.519
16.686,15.807,16.306,15.378,12.573,10.766,8.124,5.469,0.000,5.376,7.359,6.089,7.527,10.266,11.009,11.157,13.514,15.255,15.447,16.479,18.703,18.684,17.810,18.308,18.255,17.655
16.946,16.262,16.887,16.775,13.598,12.415,8.869,5.742,5.376,0.000,5.450,7.370,6.604,7.469,10.187,11.224,11.802,13.294,15.061,15.939,16.870,18.689,18.334,18.639,18.469,18.003
15.567,14.064,14.325,13.378,10.083,9.540,5.076,5.110,7.359,5.450,0.000,5.447,7.402,6.056,6.858,9.923,11.264,11.039,12.574,15.045,15.789,16.420,18.446,18.739,18.553,18.119
15.624,13.884,14.384,13.535,10.443,10.075,5.659,7.398,6.089,7.370,5.447,0.000,5.427,7.437,6.246,6.950,10.328,11.101,10.671,12.739,15.194,15.612,16.298,18.647,18.588,18.138
17.203,16.473,17.383,17.264,14.618,14.163,10.126,9.555,7.527,6.604,7.402,5.427,0.000,5.459,7.551,6.124,7.458,10.260,10.925,10.932,13.158,15.211,15.717,16.845,18.814,18.439
16.840,15.988,17.079,16.944,13.973,14.223,9.826,9.942,10.266,7.469,6.056,7.437,5.459,0.000,5.517,7.455,6.523,7.103,9.895,11.050,11.192,12.938,15.180,16.160,17.162,18.535
15.350,13.908,14.824,14.555,11.412,12.520,8.254,10.732,11.009,10.187,6.858,6.246,7.551,5.517,0.000,5.515,7.487,5.869,6.450,9.752,10.822,10.661,12.573,15.065,15.942,16.665
16.248,15.251,16.549,16.868,14.696,15.269,11.273,12.907,11.157,11.224,9.923,6.950,6.124,7.455,5.515,0.000,5.413,7.392,5.870,6.515,9.852,10.864,10.718,12.801,15.311,16.159
16.878,16.111,17.509,17.920,16.718,17.713,13.842,14.544,13.514,11.802,11.264,10.328,7.458,6.523,7.487,5.413,0.000,5.401,7.393,5.883,6.672,9.909,10.935,11.075,13.259,15.456
15.673,14.872,15.959,16.636,14.814,16.623,12.661,14.937,15.255,13.294,11.039,11.101,10.260,7.103,5.869,7.392,5.401,0.000,5.385,7.355,5.882,6.611,9.873,11.084,11.461,13.338
14.964,13.698,15.282,15.721,14.111,16.145,12.941,16.017,15.447,15.061,12.574,10.671,10.925,9.895,6.450,5.870,7.393,5.385,0.000,5.384,7.342,5.884,6.575,9.970,11.295,11.765
16.011,15.332,16.641,16.988,16.354,17.889,16.172,18.255,16.479,15.939,15.045,12.739,10.932,11.050,9.752,6.515,5.883,7.355,5.384,0.000,5.365,7.383,5.943,6.928,10.242,11.647
15.946,15.432,16.508,16.916,16.567,17.893,17.438,18.891,18.703,16.870,15.789,15.194,13.158,11.192,10.822,9.852,6.672,5.882,7.342,5.365,0.000,5.356,7.387,6.262,7.628,10.310
15.072,14.339,15.648,16.282,15.726,17.494,16.821,18.280,18.684,18.689,16.420,15.612,15.211,12.938,10.661,10.864,9.909,6.611,5.884,7.383,5.356,0.000,5.382,7.440,6.929,8.219
15.594,14.857,15.828,16.207,15.758,17.060,17.038,17.654,17.810,18.334,18.446,16.298,15.717,15.180,12.573,10.718,10.935,9.873,6.575,5.943,7.387,5.382,0.000,5.404,7.576,7.795
16.138,15.811,16.486,17.102,16.163,17.683,17.520,18.143,18.308,18.639,18.739,18.647,16.845,16.160,15.065,12.801,11.075,11.084,9.970,6.928,6.262,7.440,5.404,0.000,5.475,7.927
15.904,15.561,16.359,16.889,16.253,17.552,17.437,18.104,18.255,18.469,18.553,18.588,18.814,17.162,15.942,15.311,13.259,11.461,11.295,10.242,7.628,6.929,7.576,5.475,0.000,5.778
15.483,15.266,15.706,16.467,15.968,16.957,17.065,17.519,17.655,18.003,18.119,18.138,18.439,18.535,16.665,16.159,15.456,13.338,11.765,11.647,10.310,8.219,7.795,7.927,5.778,0.000