c1,c2,c3,c4,c5,c6,c7,c8,c9,c10,c11,c12,c13,c14,c15,c16,c17,c18,c19,c20,c21,c22,c23,c24,c25,c26
0.000,6.140,7.577,8.946,11.488,12.046,12.045,13.218,14.284,13.447,13.519,15.309,15.882,15.442,16.066,16.364,15.849,15.280,16.276,15.980,15.071,15.833,16.219,15.683,15.369,15.743
6.140,0.000,5.708,7.504,9.839,9.984,10.160,11.880,12.514,11.802,12.298,14.097,14.846,14.634,15.331,16.060,15.218,14.516,15.885,15.817,14.624,15.490,16.112,15.525,15.149,15.709
7.577,5.708,0.000,5.667,8.680,9.878,10.339,12.692,13.412,12.492,13.341,15.370,16.139,16.061,16.808,17.022,16.672,16.164,16.896,16.616,15.829,16.519,16.355,16.044,15.868,16.053
8.946,7.504,5.667,0.000,5.747,7.272,7.744,10.408,11.311,10.991,12.180,14.251,15.398,15.756,16.817,17.263,16.730,16.309,16.811,16.372,15.853,16.367,16.154,15.914,15.891,15.961
11.488,9.839,8.680,5.747,0.000,5.646,7.315,8.348,9.186,10.134,11.222,12.856,14.170,15.025,16.037,16.492,16.482,15.710,16.531,15.992,15.243,15.840,15.449,15.357,15.368,15.421
12.046,9.984,9.878,7.272,5.646,0.000,5.757,7.585,7.353,7.294,9.969,11.610,12.509,13.523,15.086,15.751,15.211,15.365,16.516,15.995,14.459,15.820,15.925,15.538,15.411,15.524
12.045,10.160,10.339,7.744,7.315,5.757,0.000,5.555,7.190,6.964,8.279,10.967,12.861,13.329,14.721,15.596,15.068,15.222,16.827,15.896,14.204,15.525,15.936,15.312,15.219,15.510
13.218,11.880,12.692,10.408,8.348,7.585,5.555,0.000,5.561,7.513,7.167,8.921,11.874,12.979,13.635,14.141,13.716,13.747,15.153,15.004,12.810,14.156,14.781,13.863,13.827,14.898
14.284,12.514,13.412,11.311,9.186,7.353,7.190,5.561,0.000,5.616,7.600,7.594,9.888,11.713,13.004,13.033,12.498,12.877,14.437,14.429,13.635,14.159,15.194,14.882,14.860,15.453
13.447,11.802,12.492,10.991,10.134,7.294,6.964,7.513,5.616,0.000,5.719,7.920,9.287,10.579,12.821,13.138,12.176,12.783,14.576,14.525,14.315,16.128,16.443,16.023,16.221,16.310
13.519,12.298,13.341,12.180,11.222,9.969,8.279,7.167,7.600,5.719,0.000,5.950,8.155,9.614,11.050,11.540,10.981,11.281,12.818,13.332,13.155,15.188,16.491,15.320,15.811,16.451
15.309,14.097,15.370,14.251,12.856,11.610,10.967,8.921,7.594,7.920,5.950,0.000,6.194,8.086,8.783,8.930,8.386,9.127,10.606,11.116,11.572,13.529,14.775,14.785,15.256,16.150
15.882,14.846,16.139,15.398,14.170,12.509,12.861,11.874,9.888,9.287,8.155,6.194,0.000,5.989,7.803,8.227,8.139,9.776,11.292,12.008,12.845,14.628,15.848,16.503,17.664,17.449
15.442,14.634,16.061,15.756,15.025,13.523,13.329,12.979,11.713,10.579,9.614,8.086,5.989,0.000,6.093,7.668,6.668,7.664,10.125,11.257,11.339,12.986,14.876,15.423,16.507,17.531
16.066,15.331,16.808,16.817,16.037,15.086,14.721,13.635,13.004,12.821,11.050,8.783,7.803,6.093,0.000,5.902,7.622,7.346,7.828,10.703,11.585,11.397,13.120,15.110,16.016,16.667
16.364,16.060,17.022,17.263,16.492,15.751,15.596,14.141,13.033,13.138,11.540,8.930,8.227,7.668,5.902,0.000,5.775,7.888,7.059,8.280,10.832,11.605,11.458,13.149,15.405,16.043
15.849,15.218,16.672,16.730,16.482,15.211,15.068,13.716,12.498,12.176,10.981,8.386,8.139,6.668,7.622,5.775,0.000,5.746,7.578,6.950,7.752,10.523,11.625,11.484,13.425,15.133
15.280,14.516,16.164,16.309,15.710,15.365,15.222,13.747,12.877,12.783,11.281,9.127,9.776,7.664,7.346,7.888,5.746,0.000,5.657,7.575,6.565,7.410,10.525,11.570,11.812,13.093
16.276,15.885,16.896,16.811,16.531,16.516,16.827,15.153,14.437,14.576,12.818,10.606,11.292,10.125,7.828,7.059,7.578,5.657,0.000,5.580,7.480,6.543,7.411,10.612,11.877,12.085
15.980,15.817,16.616,16.372,15.992,15.995,15.896,15.004,14.429,14.525,13.332,11.116,12.008,11.257,10.703,8.280,6.950,7.575,5.580,0.000,5.536,7.428,6.680,7.729,10.826,12.053
15.071,14.624,15.829,15.853,15.243,14.459,14.204,12.810,13.635,14.315,13.155,11.572,12.845,11.339,11.585,10.832,7.752,6.565,7.480,5.536,0.000,5.607,7.446,6.755,8.227,10.319
15.833,15.490,16.519,16.367,15.840,15.820,15.525,14.156,14.159,16.128,15.188,13.529,14.628,12.986,11.397,11.605,10.523,7.410,6.543,7.428,5.607,0.000,5.653,7.614,7.573,8.593
16.219,16.112,16.355,16.154,15.449,15.925,15.936,14.781,15.194,16.443,16.491,14.775,15.848,14.876,13.120,11.458,11.625,10.525,7.411,6.680,7.446,5.653,0.000,5.671,7.518,8.157
15.683,15.525,16.044,15.914,15.357,15.538,15.312,13.863,14.882,16.023,15.320,14.785,16.503,15.423,15.110,13.149,11.484,11.570,10.612,7.729,6.755,7.614,5.671,0.000,5.654,7.774
15.369,15.149,15.868,15.891,15.368,15.411,15.219,13.827,14.860,16.221,15.811,15.256,17.664,16.507,16.016,15.405,13.425,11.812,11.877,10.826,8.227,7.573,7.518,5.654,0.000,5.960
15.743,15.709,16.053,15.961,15.421,15.524,15.510,14.898,15.453,16.310,16.451,16.150,17.449,17.531,16.667,16.043,15.133,13.093,12.085,12.053,10.319,8.593,8.157,7.774,5.960,0.000