c1,c2,c3,c4,c5,c6,c7,c8,c9,c10,c11,c12,c13,c14,c15,c16,c17,c18,c19,c20,c21,c22,c23,c24,c25,c26
0.000,6.451,7.900,9.846,11.834,13.761,14.414,16.286,16.427,16.984,15.856,15.068,16.225,16.246,15.791,15.701,15.568,14.963,14.724,14.499,14.346,14.742,14.843,15.023,15.041,15.224
6.451,0.000,5.817,7.624,9.709,11.531,12.593,15.185,15.482,16.375,14.679,13.904,15.399,15.380,14.922,14.987,15.055,14.066,13.891,13.605,13.291,13.916,14.099,14.585,14.751,15.007
7.900,5.817,0.000,5.799,7.570,9.663,10.857,14.140,15.213,16.466,14.083,13.553,15.680,15.773,15.040,14.916,15.134,13.943,14.030,13.700,13.788,14.188,14.343,14.776,15.082,15.262
9.846,7.624,5.799,0.000,5.689,8.059,9.341,12.447,13.761,15.590,12.557,12.023,15.132,15.097,14.540,14.237,14.696,13.274,13.648,13.256,13.228,13.698,13.882,14.725,15.149,15.467
11.834,9.709,7.570,5.689,0.000,5.730,7.741,10.598,12.359,14.162,11.278,11.684,15.356,15.823,15.575,15.030,15.614,14.016,14.773,14.315,13.898,14.332,14.338,14.946,15.413,15.730
13.761,11.531,9.663,8.059,5.730,0.000,5.907,8.486,10.117,12.362,9.893,10.483,14.425,15.172,15.433,14.906,15.940,14.311,15.419,14.957,14.321,14.831,14.907,15.543,15.865,16.187
14.414,12.593,10.857,9.341,7.741,5.907,0.000,5.938,8.089,8.905,4.965,6.309,10.239,11.274,12.175,11.671,12.854,11.603,13.260,13.697,13.285,14.270,14.537,15.515,15.877,16.241
16.286,15.185,14.140,12.447,10.598,8.486,5.938,0.000,5.648,5.537,5.158,8.171,10.892,12.262,14.332,13.622,14.597,13.480,15.303,15.111,14.271,14.887,15.142,15.391,15.857,16.412
16.427,15.482,15.213,13.761,12.359,10.117,8.089,5.648,0.000,5.404,7.352,6.722,9.752,11.622,13.900,13.096,14.331,13.413,15.230,15.206,14.453,15.246,15.590,15.722,16.143,16.600
16.984,16.375,16.466,15.590,14.162,12.362,8.905,5.537,5.404,0.000,5.620,7.525,8.949,10.621,13.035,12.489,13.386,12.808,14.688,14.619,14.195,15.177,15.330,15.543,15.812,16.413
15.856,14.679,14.083,12.557,11.278,9.893,4.965,5.158,7.352,5.620,0.000,5.885,8.115,9.563,11.312,10.679,12.033,10.849,12.625,13.346,13.345,14.763,15.417,16.009,16.390,16.726
15.068,13.904,13.553,12.023,11.684,10.483,6.309,8.171,6.722,7.525,5.885,0.000,5.910,8.348,9.888,8.974,10.758,10.078,12.103,12.785,13.254,14.482,15.195,16.026,16.325,16.608
16.225,15.399,15.680,15.132,15.356,14.425,10.239,10.892,9.752,8.949,8.115,5.910,0.000,6.056,7.243,6.884,9.059,10.198,12.198,13.479,14.083,15.318,15.890,16.737,16.921,16.931
16.246,15.380,15.773,15.097,15.823,15.172,11.274,12.262,11.622,10.621,9.563,8.348,6.056,0.000,5.808,7.693,9.073,10.267,12.495,14.171,14.296,15.158,15.763,16.409,16.661,16.673
15.791,14.922,15.040,14.540,15.575,15.433,12.175,14.332,13.900,13.035,11.312,9.888,7.243,5.808,0.000,5.921,7.687,9.489,10.945,13.522,14.415,14.747,15.042,15.949,16.266,16.489
15.701,14.987,14.916,14.237,15.030,14.906,11.671,13.622,13.096,12.489,10.679,8.974,6.884,7.693,5.921,0.000,5.803,7.750,9.084,11.219,13.042,14.642,14.579,15.258,15.784,16.092
15.568,15.055,15.134,14.696,15.614,15.940,12.854,14.597,14.331,13.386,12.033,10.758,9.059,9.073,7.687,5.803,0.000,5.802,7.334,9.443,11.067,13.689,14.836,14.864,15.114,15.634
14.963,14.066,13.943,13.274,14.016,14.311,11.603,13.480,13.413,12.808,10.849,10.078,10.198,10.267,9.489,7.750,5.802,0.000,5.839,7.380,7.728,10.495,12.887,14.315,14.683,14.895
14.724,13.891,14.030,13.648,14.773,15.419,13.260,15.303,15.230,14.688,12.625,12.103,12.198,12.495,10.945,9.084,7.334,5.839,0.000,5.557,7.809,9.816,11.689,14.192,14.639,14.510
14.499,13.605,13.700,13.256,14.315,14.957,13.697,15.111,15.206,14.619,13.346,12.785,13.479,14.171,13.522,11.219,9.443,7.380,5.557,0.000,5.767,7.379,9.401,11.793,13.727,15.159
14.346,13.291,13.788,13.228,13.898,14.321,13.285,14.271,14.453,14.195,13.345,13.254,14.083,14.296,14.415,13.042,11.067,7.728,7.809,5.767,0.000,5.670,7.272,9.736,11.719,13.856
14.742,13.916,14.188,13.698,14.332,14.831,14.270,14.887,15.246,15.177,14.763,14.482,15.318,15.158,14.747,14.642,13.689,10.495,9.816,7.379,5.670,0.000,5.723,7.549,9.874,12.188
14.843,14.099,14.343,13.882,14.338,14.907,14.537,15.142,15.590,15.330,15.417,15.195,15.890,15.763,15.042,14.579,14.836,12.887,11.689,9.401,7.272,5.723,0.000,5.713,7.270,9.690
15.023,14.585,14.776,14.725,14.946,15.543,15.515,15.391,15.722,15.543,16.009,16.026,16.737,16.409,15.949,15.258,14.864,14.315,14.192,11.793,9.736,7.549,5.713,0.000,5.810,7.460
15.041,14.751,15.082,15.149,15.413,15.865,15.877,15.857,16.143,15.812,16.390,16.325,16.921,16.661,16.266,15.784,15.114,14.683,14.639,13.727,11.719,9.874,7.270,5.810,0.000,6.065
15.224,15.007,15.262,15.467,15.730,16.187,16.241,16.412,16.600,16.413,16.726,16.608,16.931,16.673,16.489,16.092,15.634,14.895,14.510,15.159,13.856,12.188,9.690,7.460,6.065,0.000