c1,c2,c3,c4,c5,c6,c7,c8,c9,c10,c11,c12,c13,c14,c15,c16,c17,c18,c19,c20,c21,c22,c23,c24,c25,c26
0.000,6.559,7.967,9.751,11.763,13.469,14.067,16.016,16.237,16.752,15.471,14.778,15.996,16.026,15.856,15.512,15.565,14.978,15.038,14.656,14.333,14.572,14.918,15.114,15.127,15.266
6.559,0.000,5.804,7.658,9.639,11.176,12.206,14.841,15.246,15.988,14.245,13.593,15.153,15.143,15.040,14.748,14.962,14.018,14.190,13.702,13.150,13.731,14.203,14.685,14.847,15.037
7.967,5.804,0.000,5.855,7.625,9.519,10.773,14.059,15.260,16.418,13.831,13.434,15.629,15.650,15.358,14.958,15.257,14.181,14.616,14.256,13.957,14.259,14.568,14.933,15.229,15.402
9.751,7.658,5.855,0.000,5.658,8.057,9.314,12.427,13.845,15.583,12.271,11.871,14.930,14.770,14.620,14.075,14.528,13.381,13.946,13.588,13.444,13.866,14.227,14.897,15.283,15.566
11.763,9.639,7.625,5.658,0.000,5.803,7.955,10.711,12.608,14.279,11.284,11.782,15.395,15.689,15.827,15.218,15.836,14.758,15.273,14.921,14.193,14.786,14.832,15.262,15.663,15.858
13.469,11.176,9.519,8.057,5.803,0.000,5.911,8.506,10.107,12.337,9.795,10.329,14.311,14.794,15.430,14.849,15.831,14.909,15.617,15.375,14.734,15.308,15.335,15.721,16.078,16.317
14.067,12.206,10.773,9.314,7.955,5.911,0.000,5.952,8.112,8.881,4.835,6.130,10.060,10.688,11.908,11.594,12.819,12.200,13.358,13.774,13.494,14.152,14.566,15.400,15.848,16.210
16.016,14.841,14.059,12.427,10.711,8.506,5.952,0.000,5.684,5.481,5.157,8.140,10.696,11.906,14.184,13.510,14.514,14.158,15.361,15.367,14.771,15.286,15.412,15.750,16.097,16.526
16.237,15.246,15.260,13.845,12.608,10.107,8.112,5.684,0.000,5.410,7.363,6.684,9.516,11.487,13.846,13.118,14.312,14.376,15.558,15.545,14.817,15.577,15.780,15.967,16.229,16.585
16.752,15.988,16.418,15.583,14.279,12.337,8.881,5.481,5.410,0.000,5.639,7.526,8.680,10.418,12.705,12.370,13.335,13.546,14.908,15.038,14.453,15.300,15.484,15.807,15.987,16.480
15.471,14.245,13.831,12.271,11.284,9.795,4.835,5.157,7.363,5.639,0.000,5.860,7.974,9.109,11.018,10.703,12.161,11.784,13.002,13.590,13.414,14.511,15.332,15.808,16.061,16.391
14.778,13.593,13.434,11.871,11.782,10.329,6.130,8.140,6.684,7.526,5.860,0.000,5.806,8.218,10.055,9.381,11.363,11.556,12.871,13.563,13.631,14.742,15.571,16.117,16.197,16.467
15.996,15.153,15.629,14.930,15.395,14.311,10.060,10.696,9.516,8.680,7.974,5.806,0.000,6.184,7.454,7.230,9.466,10.751,12.240,13.262,13.672,14.727,15.760,16.441,16.648,16.717
16.026,15.143,15.650,14.770,15.689,14.794,10.688,11.906,11.487,10.418,9.109,8.218,6.184,0.000,5.949,7.694,9.287,10.253,12.133,13.672,13.683,14.443,15.719,16.289,16.507,16.519
15.856,15.040,15.358,14.620,15.827,15.430,11.908,14.184,13.846,12.705,11.018,10.055,7.454,5.949,0.000,6.089,7.880,9.498,10.519,12.744,13.335,13.786,14.795,15.682,15.990,16.251
15.512,14.748,14.958,14.075,15.218,14.849,11.594,13.510,13.118,12.370,10.703,9.381,7.230,7.694,6.089,0.000,5.913,7.665,8.565,10.078,11.696,13.088,13.982,14.822,15.519,15.881
15.565,14.962,15.257,14.528,15.836,15.831,12.819,14.514,14.312,13.335,12.161,11.363,9.466,9.287,7.880,5.913,0.000,5.770,7.489,8.908,9.922,12.224,13.901,14.297,14.656,15.484
14.978,14.018,14.181,13.381,14.758,14.909,12.200,14.158,14.376,13.546,11.784,11.556,10.751,10.253,9.498,7.665,5.770,0.000,5.860,7.295,7.023,9.127,11.632,13.311,13.853,14.431
15.038,14.190,14.616,13.946,15.273,15.617,13.358,15.361,15.558,14.908,13.002,12.871,12.240,12.133,10.519,8.565,7.489,5.860,0.000,5.545,7.816,8.846,10.942,13.483,14.109,14.215
14.656,13.702,14.256,13.588,14.921,15.375,13.774,15.367,15.545,15.038,13.590,13.563,13.262,13.672,12.744,10.078,8.908,7.295,5.545,0.000,5.706,7.521,9.091,11.538,13.297,14.626
14.333,13.150,13.957,13.444,14.193,14.734,13.494,14.771,14.817,14.453,13.414,13.631,13.672,13.683,13.335,11.696,9.922,7.023,7.816,5.706,0.000,5.752,7.308,9.434,11.128,13.517
14.572,13.731,14.259,13.866,14.786,15.308,14.152,15.286,15.577,15.300,14.511,14.742,14.727,14.443,13.786,13.088,12.224,9.127,8.846,7.521,5.752,0.000,5.785,7.727,9.537,11.825
14.918,14.203,14.568,14.227,14.832,15.335,14.566,15.412,15.780,15.484,15.332,15.571,15.760,15.719,14.795,13.982,13.901,11.632,10.942,9.091,7.308,5.785,0.000,5.735,7.243,9.601
15.114,14.685,14.933,14.897,15.262,15.721,15.400,15.750,15.967,15.807,15.808,16.117,16.441,16.289,15.682,14.822,14.297,13.311,13.483,11.538,9.434,7.727,5.735,0.000,5.838,7.534
15.127,14.847,15.229,15.283,15.663,16.078,15.848,16.097,16.229,15.987,16.061,16.197,16.648,16.507,15.990,15.519,14.656,13.853,14.109,13.297,11.128,9.537,7.243,5.838,0.000,6.094
15.266,15.037,15.402,15.566,15.858,16.317,16.210,16.526,16.585,16.480,16.391,16.467,16.717,16.519,16.251,15.881,15.484,14.431,14.215,14.626,13.517,11.825,9.601,7.534,6.094,0.000