c1,c2,c3,c4,c5,c6,c7,c8,c9,c10,c11,c12,c13,c14,c15,c16,c17,c18,c19,c20,c21,c22,c23,c24,c25,c26
0.000,5.917,7.538,10.153,11.742,14.839,15.868,16.057,16.364,16.453,16.187,16.301,16.225,16.032,15.924,15.979,15.473,14.656,14.821,14.734,14.686,14.529,14.824,15.052,15.009,15.000
5.917,0.000,5.759,7.359,7.892,11.517,13.382,15.206,15.674,16.013,15.637,15.921,15.711,15.204,14.697,14.889,14.270,13.452,13.935,14.040,14.190,14.192,14.529,14.886,14.923,14.879
7.538,5.759,0.000,5.493,7.245,10.058,12.271,14.464,16.113,16.098,15.604,15.820,15.536,14.848,14.242,14.539,13.778,12.845,13.670,13.644,13.916,13.915,14.455,14.788,14.859,14.771
10.153,7.359,5.493,0.000,5.751,7.472,10.551,12.397,15.297,16.374,15.655,15.908,15.658,14.755,14.038,14.392,13.832,12.585,13.803,14.189,14.411,14.446,14.919,15.310,15.287,15.264
11.742,7.892,7.245,5.751,0.000,5.730,7.229,9.879,12.189,14.368,14.700,15.630,15.438,14.552,13.846,14.362,13.581,12.084,13.756,14.046,14.451,14.437,14.888,15.210,15.243,15.141
14.839,11.517,10.058,7.472,5.730,0.000,5.751,7.026,10.159,12.390,13.477,15.293,15.073,14.198,13.414,13.968,13.321,12.217,13.870,14.519,14.873,15.046,15.445,15.592,15.685,15.678
15.868,13.382,12.271,10.551,7.229,5.751,0.000,5.854,7.165,9.359,10.294,13.023,13.839,14.048,14.019,14.378,13.849,13.100,14.517,14.942,15.235,15.315,15.576,15.808,15.743,15.722
16.057,15.206,14.464,12.397,9.879,7.026,5.854,0.000,5.584,8.697,10.317,12.835,14.107,14.736,14.445,14.798,14.467,13.911,15.286,15.924,15.812,15.948,16.052,16.115,15.965,15.906
16.364,15.674,16.113,15.297,12.189,10.159,7.165,5.584,0.000,5.609,7.316,10.198,11.665,13.181,14.568,14.501,14.271,14.569,15.428,15.813,16.069,16.218,16.262,16.250,15.983,15.960
16.453,16.013,16.098,16.374,14.368,12.390,9.359,8.697,5.609,0.000,5.886,8.374,9.961,12.051,13.945,14.668,14.480,15.062,15.857,16.181,16.270,16.293,16.166,16.089,15.716,15.850
16.187,15.637,15.604,15.655,14.700,13.477,10.294,10.317,7.316,5.886,0.000,6.058,7.418,9.144,11.546,12.774,13.432,14.016,14.730,15.283,15.858,16.139,16.162,16.071,15.684,15.715
16.301,15.921,15.820,15.908,15.630,15.293,13.023,12.835,10.198,8.374,6.058,0.000,6.164,7.757,9.430,10.426,11.783,12.907,13.306,14.113,14.888,15.271,15.418,15.521,15.450,15.684
16.225,15.711,15.536,15.658,15.438,15.073,13.839,14.107,11.665,9.961,7.418,6.164,0.000,6.130,7.598,9.154,10.643,12.066,13.155,14.025,14.887,15.269,15.694,15.787,15.924,15.913
16.032,15.204,14.848,14.755,14.552,14.198,14.048,14.736,13.181,12.051,9.144,7.757,6.130,0.000,6.344,7.741,8.918,9.773,11.912,13.240,13.894,14.286,15.008,15.208,15.637,15.790
15.924,14.697,14.242,14.038,13.846,13.414,14.019,14.445,14.568,13.945,11.546,9.430,7.598,6.344,0.000,6.283,7.533,8.189,9.604,12.017,13.322,13.323,13.863,14.480,15.147,15.506
15.979,14.889,14.539,14.392,14.362,13.968,14.378,14.798,14.501,14.668,12.774,10.426,9.154,7.741,6.283,0.000,6.076,7.513,8.291,9.682,11.865,12.475,12.683,13.232,14.311,14.976
15.473,14.270,13.778,13.832,13.581,13.321,13.849,14.467,14.271,14.480,13.432,11.783,10.643,8.918,7.533,6.076,0.000,5.845,7.666,8.695,10.150,11.560,12.229,12.261,13.458,14.483
14.656,13.452,12.845,12.585,12.084,12.217,13.100,13.911,14.569,15.062,14.016,12.907,12.066,9.773,8.189,7.513,5.845,0.000,5.708,7.728,8.877,9.755,11.223,12.038,12.887,13.779
14.821,13.935,13.670,13.803,13.756,13.870,14.517,15.286,15.428,15.857,14.730,13.306,13.155,11.912,9.604,8.291,7.666,5.708,0.000,5.743,7.623,8.372,9.770,11.157,12.845,13.380
14.734,14.040,13.644,14.189,14.046,14.519,14.942,15.924,15.813,16.181,15.283,14.113,14.025,13.240,12.017,9.682,8.695,7.728,5.743,0.000,5.731,7.959,8.913,9.849,12.377,13.226
14.686,14.190,13.916,14.411,14.451,14.873,15.235,15.812,16.069,16.270,15.858,14.888,14.887,13.894,13.322,11.865,10.150,8.877,7.623,5.731,0.000,5.778,7.619,8.343,10.639,12.290
14.529,14.192,13.915,14.446,14.437,15.046,15.315,15.948,16.218,16.293,16.139,15.271,15.269,14.286,13.323,12.475,11.560,9.755,8.372,7.959,5.778,0.000,5.735,7.504,9.341,10.631
14.824,14.529,14.455,14.919,14.888,15.445,15.576,16.052,16.262,16.166,16.162,15.418,15.694,15.008,13.863,12.683,12.229,11.223,9.770,8.913,7.619,5.735,0.000,5.816,7.471,8.852
15.052,14.886,14.788,15.310,15.210,15.592,15.808,16.115,16.250,16.089,16.071,15.521,15.787,15.208,14.480,13.232,12.261,12.038,11.157,9.849,8.343,7.504,5.816,0.000,5.809,7.745
15.009,14.923,14.859,15.287,15.243,15.685,15.743,15.965,15.983,15.716,15.684,15.450,15.924,15.637,15.147,14.311,13.458,12.887,12.845,12.377,10.639,9.341,7.471,5.809,0.000,6.189
15.000,14.879,14.771,15.264,15.141,15.678,15.722,15.906,15.960,15.850,15.715,15.684,15.913,15.790,15.506,14.976,14.483,13.779,13.380,13.226,12.290,10.631,8.852,7.745,6.189,0.000