c1,c2,c3,c4,c5,c6,c7,c8,c9,c10,c11,c12,c13,c14,c15,c16,c17,c18,c19,c20,c21,c22,c23,c24,c25,c26
0.000,6.130,7.602,9.779,11.858,13.938,14.369,13.231,14.045,14.936,14.595,14.901,15.850,15.320,14.896,15.008,15.455,15.505,15.422,15.382,14.865,15.440,15.503,15.288,15.099,14.832
6.130,0.000,5.853,7.479,8.965,11.196,12.361,12.175,12.037,13.357,13.568,13.339,14.965,15.591,15.021,15.274,15.624,15.688,15.572,15.419,14.298,15.095,14.970,14.896,14.530,13.928
7.602,5.853,0.000,5.917,7.685,9.334,10.471,11.216,11.999,12.254,12.469,13.402,14.797,15.293,15.940,15.267,15.729,15.614,15.325,15.069,13.789,14.775,14.579,14.474,14.291,13.327
9.779,7.479,5.917,0.000,5.805,7.779,8.397,8.630,10.513,11.843,11.518,12.104,14.362,14.951,15.763,16.579,16.268,16.230,15.778,15.372,14.048,14.771,14.592,14.326,13.849,12.591
11.858,8.965,7.685,5.805,0.000,5.725,7.232,7.307,8.272,10.722,11.503,11.472,13.256,14.553,15.248,15.962,16.775,16.027,15.395,14.601,13.112,13.709,13.072,12.839,12.453,11.228
13.938,11.196,9.334,7.779,5.725,0.000,5.590,7.663,7.633,8.806,11.359,11.946,12.769,13.894,15.551,16.107,16.517,17.033,15.951,15.582,14.052,14.663,14.239,14.136,13.607,12.366
14.369,12.361,10.471,8.397,7.232,5.590,0.000,5.636,7.507,7.688,8.657,10.936,12.599,12.663,14.058,15.444,15.907,16.206,16.297,15.177,13.784,14.648,14.331,14.592,14.030,12.633
13.231,12.175,11.216,8.630,7.307,7.663,5.636,0.000,5.715,7.652,7.509,8.184,11.421,12.338,12.669,13.950,15.163,15.498,15.323,15.338,13.438,14.492,14.331,14.507,14.225,13.221
14.045,12.037,11.999,10.513,8.272,7.633,7.507,5.715,0.000,5.714,7.784,7.341,9.166,11.525,12.711,13.023,14.160,15.134,14.919,14.768,13.883,14.158,14.093,14.282,14.169,13.533
14.936,13.357,12.254,11.843,10.722,8.806,7.688,7.652,5.714,0.000,6.058,7.907,8.506,9.766,12.054,13.185,13.521,14.383,14.697,14.726,14.033,15.240,14.731,14.972,14.949,14.420
14.595,13.568,12.469,11.518,11.503,11.359,8.657,7.509,7.784,6.058,0.000,6.361,8.296,8.490,9.907,11.995,13.095,13.356,13.438,13.908,13.111,14.557,14.996,14.985,15.161,14.758
14.901,13.339,13.402,12.104,11.472,11.946,10.936,8.184,7.341,7.907,6.361,0.000,6.503,8.153,8.596,10.300,12.150,13.190,12.719,13.033,12.877,13.864,14.488,15.079,15.192,15.031
15.850,14.965,14.797,14.362,13.256,12.769,12.599,11.421,9.166,8.506,8.296,6.503,0.000,6.705,8.305,9.289,10.758,12.425,12.610,12.601,12.791,13.899,14.388,14.982,15.490,15.289
15.320,15.591,15.293,14.951,14.553,13.894,12.663,12.338,11.525,9.766,8.490,8.153,6.705,0.000,6.665,8.370,9.423,10.709,11.527,12.138,11.994,13.028,13.995,14.850,15.466,15.629
14.896,15.021,15.940,15.763,15.248,15.551,14.058,12.669,12.711,12.054,9.907,8.596,8.305,6.665,0.000,6.430,8.156,9.284,9.611,11.212,11.895,12.495,13.465,14.653,15.336,15.569
15.008,15.274,15.267,16.579,15.962,16.107,15.444,13.950,13.023,13.185,11.995,10.300,9.289,8.370,6.430,0.000,6.395,7.906,8.172,9.093,11.194,11.808,12.700,13.733,14.772,15.170
15.455,15.624,15.729,16.268,16.775,16.517,15.907,15.163,14.160,13.521,13.095,12.150,10.758,9.423,8.156,6.395,0.000,5.975,8.075,8.959,10.863,12.121,13.408,14.236,14.866,15.418
15.505,15.688,15.614,16.230,16.027,17.033,16.206,15.498,15.134,14.383,13.356,13.190,12.425,10.709,9.284,7.906,5.975,0.000,5.993,7.679,9.614,10.556,12.506,13.962,14.525,14.825
15.422,15.572,15.325,15.778,15.395,15.951,16.297,15.323,14.919,14.697,13.438,12.719,12.610,11.527,9.611,8.172,8.075,5.993,0.000,6.012,8.401,9.118,10.871,12.911,13.996,14.230
15.382,15.419,15.069,15.372,14.601,15.582,15.177,15.338,14.768,14.726,13.908,13.033,12.601,12.138,11.212,9.093,8.959,7.679,6.012,0.000,6.068,7.328,8.813,10.992,12.509,13.441
14.865,14.298,13.789,14.048,13.112,14.052,13.784,13.438,13.883,14.033,13.111,12.877,12.791,11.994,11.895,11.194,10.863,9.614,8.401,6.068,0.000,6.065,7.618,9.098,10.792,11.868
15.440,15.095,14.775,14.771,13.709,14.663,14.648,14.492,14.158,15.240,14.557,13.864,13.899,13.028,12.495,11.808,12.121,10.556,9.118,7.328,6.065,0.000,6.078,8.165,9.762,10.938
15.503,14.970,14.579,14.592,13.072,14.239,14.331,14.331,14.093,14.731,14.996,14.488,14.388,13.995,13.465,12.700,13.408,12.506,10.871,8.813,7.618,6.078,0.000,6.116,7.584,9.489
15.288,14.896,14.474,14.326,12.839,14.136,14.592,14.507,14.282,14.972,14.985,15.079,14.982,14.850,14.653,13.733,14.236,13.962,12.911,10.992,9.098,8.165,6.116,0.000,6.199,8.094
15.099,14.530,14.291,13.849,12.453,13.607,14.030,14.225,14.169,14.949,15.161,15.192,15.490,15.466,15.336,14.772,14.866,14.525,13.996,12.509,10.792,9.762,7.584,6.199,0.000,6.767
14.832,13.928,13.327,12.591,11.228,12.366,12.633,13.221,13.533,14.420,14.758,15.031,15.289,15.629,15.569,15.170,15.418,14.825,14.230,13.441,11.868,10.938,9.489,8.094,6.767,0.000