c1,c2,c3,c4,c5,c6,c7,c8,c9,c10,c11,c12,c13,c14,c15,c16,c17,c18,c19,c20,c21,c22,c23,c24,c25,c26
0.000,6.134,7.558,9.958,11.705,14.401,15.860,15.810,16.455,16.510,16.442,16.457,16.395,15.991,16.149,16.187,16.017,15.362,15.686,15.318,14.272,14.554,14.886,14.519,14.685,15.153
6.134,0.000,5.866,7.410,9.032,11.912,14.424,15.365,16.268,16.366,16.235,16.248,16.236,15.694,15.783,15.962,15.481,14.902,15.039,14.444,13.127,13.753,14.169,14.043,13.954,14.840
7.558,5.866,0.000,5.664,7.343,10.089,12.647,14.001,16.446,16.701,16.747,16.715,16.641,16.084,16.275,16.309,15.847,14.879,14.939,13.796,12.268,13.254,13.924,13.821,13.988,14.871
9.958,7.410,5.664,0.000,5.721,7.629,10.870,12.515,15.308,16.646,17.023,16.879,16.883,16.408,16.535,16.605,15.936,15.246,14.956,13.567,12.412,13.195,13.543,13.663,13.805,14.775
11.705,9.032,7.343,5.721,0.000,5.770,8.246,9.551,12.839,14.405,16.025,16.140,16.441,16.061,16.260,16.003,15.269,14.625,14.577,12.541,11.912,12.830,13.375,13.741,14.362,15.157
14.401,11.912,10.089,7.629,5.770,0.000,5.997,7.730,9.713,12.252,14.435,15.521,16.379,16.203,16.486,16.041,15.512,15.398,14.996,12.752,12.402,13.385,13.821,14.269,14.579,15.278
15.860,14.424,12.647,10.870,8.246,5.997,0.000,5.888,7.959,8.989,11.832,13.180,15.274,15.631,16.097,15.181,14.807,14.839,14.873,12.693,12.859,13.858,14.325,15.017,15.214,15.659
15.810,15.365,14.001,12.515,9.551,7.730,5.888,0.000,6.083,7.481,9.034,11.321,13.765,15.297,15.665,14.594,14.417,14.657,14.489,12.914,13.131,14.076,14.644,14.960,15.320,15.929
16.455,16.268,16.446,15.308,12.839,9.713,7.959,6.083,0.000,5.896,7.441,9.355,12.123,14.271,15.301,14.123,13.834,14.495,14.480,13.413,14.226,14.987,15.208,15.659,15.912,16.277
16.510,16.366,16.701,16.646,14.405,12.252,8.989,7.481,5.896,0.000,5.960,7.457,10.200,12.620,13.914,12.845,12.804,13.439,13.536,13.209,14.419,15.404,15.605,16.062,15.860,16.401
16.442,16.235,16.747,17.023,16.025,14.435,11.832,9.034,7.441,5.960,0.000,6.086,7.777,10.550,11.873,11.553,11.988,12.765,13.207,13.603,14.444,15.544,15.982,16.092,16.300,16.669
16.457,16.248,16.715,16.879,16.140,15.521,13.180,11.321,9.355,7.457,6.086,0.000,6.158,8.227,9.492,9.041,9.745,11.091,11.920,12.589,13.639,14.855,15.667,16.561,16.092,16.554
16.395,16.236,16.641,16.883,16.441,16.379,15.274,13.765,12.123,10.200,7.777,6.158,0.000,6.076,7.166,7.518,8.763,10.164,11.544,12.827,13.551,14.691,15.670,16.563,16.721,16.862
15.991,15.694,16.084,16.408,16.061,16.203,15.631,15.297,14.271,12.620,10.550,8.227,6.076,0.000,5.913,7.498,7.780,9.249,11.424,13.054,13.150,14.107,15.676,16.333,16.421,16.810
16.149,15.783,16.275,16.535,16.260,16.486,16.097,15.665,15.301,13.914,11.873,9.492,7.166,5.913,0.000,5.983,7.527,8.024,9.555,12.338,12.844,12.942,14.338,15.734,15.867,16.713
16.187,15.962,16.309,16.605,16.003,16.041,15.181,14.594,14.123,12.845,11.553,9.041,7.518,7.498,5.983,0.000,5.779,7.697,8.335,10.068,11.896,12.902,13.543,14.748,15.419,16.593
16.017,15.481,15.847,15.936,15.269,15.512,14.807,14.417,13.834,12.804,11.988,9.745,8.763,7.780,7.527,5.779,0.000,5.742,7.387,8.533,9.502,11.561,12.795,13.514,13.813,15.796
15.362,14.902,14.879,15.246,14.625,15.398,14.839,14.657,14.495,13.439,12.765,11.091,10.164,9.249,8.024,7.697,5.742,0.000,5.771,7.333,6.914,8.529,11.058,12.354,12.453,14.763
15.686,15.039,14.939,14.956,14.577,14.996,14.873,14.489,14.480,13.536,13.207,11.920,11.544,11.424,9.555,8.335,7.387,5.771,0.000,5.528,7.528,7.761,9.547,11.631,12.308,14.385
15.318,14.444,13.796,13.567,12.541,12.752,12.693,12.914,13.413,13.209,13.603,12.589,12.827,13.054,12.338,10.068,8.533,7.333,5.528,0.000,5.618,7.427,7.977,9.504,10.709,13.081
14.272,13.127,12.268,12.412,11.912,12.402,12.859,13.131,14.226,14.419,14.444,13.639,13.551,13.150,12.844,11.896,9.502,6.914,7.528,5.618,0.000,5.623,7.283,7.745,8.563,11.538
14.554,13.753,13.254,13.195,12.830,13.385,13.858,14.076,14.987,15.404,15.544,14.855,14.691,14.107,12.942,12.902,11.561,8.529,7.761,7.427,5.623,0.000,5.590,7.706,7.935,11.129
14.886,14.169,13.924,13.543,13.375,13.821,14.325,14.644,15.208,15.605,15.982,15.667,15.670,15.676,14.338,13.543,12.795,11.058,9.547,7.977,7.283,5.590,0.000,5.511,7.226,10.043
14.519,14.043,13.821,13.663,13.741,14.269,15.017,14.960,15.659,16.062,16.092,16.561,16.563,16.333,15.734,14.748,13.514,12.354,11.631,9.504,7.745,7.706,5.511,0.000,5.796,8.340
14.685,13.954,13.988,13.805,14.362,14.579,15.214,15.320,15.912,15.860,16.300,16.092,16.721,16.421,15.867,15.419,13.813,12.453,12.308,10.709,8.563,7.935,7.226,5.796,0.000,6.559
15.153,14.840,14.871,14.775,15.157,15.278,15.659,15.929,16.277,16.401,16.669,16.554,16.862,16.810,16.713,16.593,15.796,14.763,14.385,13.081,11.538,11.129,10.043,8.340,6.559,0.000