c1,c2,c3,c4,c5,c6,c7,c8,c9,c10,c11,c12,c13,c14,c15,c16,c17,c18,c19,c20,c21,c22,c23,c24,c25,c26
0.000,5.867,8.139,9.872,10.886,12.252,12.540,13.089,14.932,15.086,14.476,15.819,17.242,16.372,15.762,16.568,16.603,15.685,16.217,16.399,16.096,16.167,16.570,16.151,16.136,15.820
5.867,0.000,5.762,7.005,6.936,9.262,9.785,10.738,12.472,13.370,12.458,13.501,15.675,15.889,14.866,15.717,15.645,14.932,15.530,16.040,15.551,15.790,16.234,15.982,16.024,15.717
8.139,5.762,0.000,5.436,7.611,8.318,8.634,10.550,12.751,12.684,11.851,13.699,15.652,15.462,15.905,16.651,16.807,16.146,17.058,17.148,16.833,16.721,16.919,16.630,16.661,16.170
9.872,7.005,5.436,0.000,5.510,6.925,7.500,9.254,11.759,12.617,11.314,12.756,15.374,15.674,15.730,17.831,17.648,16.799,16.654,16.703,16.320,16.254,16.592,16.497,16.569,16.250
10.886,6.936,7.611,5.510,0.000,5.517,7.471,7.492,9.121,11.497,10.851,10.834,13.416,14.862,14.515,16.312,17.861,16.609,16.590,16.552,16.258,16.169,16.439,16.284,16.537,16.173
12.252,9.262,8.318,6.925,5.517,0.000,5.496,7.450,7.917,8.994,9.733,10.634,11.960,13.224,14.198,15.714,16.685,17.612,17.072,17.330,16.846,16.781,16.989,16.890,16.952,16.655
12.540,9.785,8.634,7.500,7.471,5.496,0.000,5.507,7.645,7.567,6.640,8.164,10.896,10.816,11.229,13.867,14.989,15.034,16.387,17.160,17.163,17.033,17.369,17.091,17.176,16.629
13.089,10.738,10.550,9.254,7.492,7.450,5.507,0.000,5.417,7.022,5.929,6.919,9.753,10.613,10.922,13.032,14.825,15.131,16.238,18.380,17.996,17.528,17.708,17.674,17.503,17.176
14.932,12.472,12.751,11.759,9.121,7.917,7.645,5.417,0.000,5.406,7.373,5.967,6.914,10.009,10.987,11.504,13.096,14.916,15.554,16.673,18.457,17.722,17.807,17.862,17.683,17.370
15.086,13.370,12.684,12.617,11.497,8.994,7.567,7.022,5.406,0.000,5.427,7.403,6.307,7.084,10.123,11.462,11.551,12.954,15.058,15.972,16.665,18.415,18.431,18.298,18.123,17.488
14.476,12.458,11.851,11.314,10.851,9.733,6.640,5.929,7.373,5.427,0.000,5.459,7.535,6.135,6.921,10.194,11.244,10.886,12.689,15.125,15.617,16.202,18.359,18.241,18.113,17.523
15.819,13.501,13.699,12.756,10.834,10.634,8.164,6.919,5.967,7.403,5.459,0.000,5.461,7.502,6.248,7.546,10.208,10.938,10.924,12.984,15.080,15.422,16.524,18.436,18.043,17.609
17.242,15.675,15.652,15.374,13.416,11.960,10.896,9.753,6.914,6.307,7.535,5.461,0.000,5.545,7.618,6.863,7.996,10.221,11.182,11.457,13.249,15.118,16.007,16.869,18.608,17.317
16.372,15.889,15.462,15.674,14.862,13.224,10.816,10.613,10.009,7.084,6.135,7.502,5.545,0.000,5.600,7.709,6.898,7.292,10.055,11.361,11.312,12.892,15.314,16.037,17.644,17.015
15.762,14.866,15.905,15.730,14.515,14.198,11.229,10.922,10.987,10.123,6.921,6.248,7.618,5.600,0.000,5.683,7.537,6.036,6.805,10.038,10.892,10.823,12.867,15.075,16.673,16.185
16.568,15.717,16.651,17.831,16.312,15.714,13.867,13.032,11.504,11.462,10.194,7.546,6.863,7.709,5.683,0.000,5.584,7.511,6.125,7.147,10.095,10.974,11.248,13.019,16.023,15.668
16.603,15.645,16.807,17.648,17.861,16.685,14.989,14.825,13.096,11.551,11.244,10.208,7.996,6.898,7.537,5.584,0.000,5.491,7.502,6.366,7.074,10.012,11.174,11.245,14.037,14.205
15.685,14.932,16.146,16.799,16.609,17.612,15.034,15.131,14.916,12.954,10.886,10.938,10.221,7.292,6.036,7.511,5.491,0.000,5.481,7.425,5.978,6.742,9.955,11.006,12.609,12.575
16.217,15.530,17.058,16.654,16.590,17.072,16.387,16.238,15.554,15.058,12.689,10.924,11.182,10.055,6.805,6.125,7.502,5.481,0.000,5.412,7.387,5.951,6.867,10.052,12.122,12.169
16.399,16.040,17.148,16.703,16.552,17.330,17.160,18.380,16.673,15.972,15.125,12.984,11.457,11.361,10.038,7.147,6.366,7.425,5.412,0.000,5.403,7.389,6.223,7.038,10.681,11.144
16.096,15.551,16.833,16.320,16.258,16.846,17.163,17.996,18.457,16.665,15.617,15.080,13.249,11.312,10.892,10.095,7.074,5.978,7.387,5.403,0.000,5.394,7.419,6.224,8.440,8.759
16.167,15.790,16.721,16.254,16.169,16.781,17.033,17.528,17.722,18.415,16.202,15.422,15.118,12.892,10.823,10.974,10.012,6.742,5.951,7.389,5.394,0.000,5.332,7.506,8.177,8.663
16.570,16.234,16.919,16.592,16.439,16.989,17.369,17.708,17.807,18.431,18.359,16.524,16.007,15.314,12.867,11.248,11.174,9.955,6.867,6.223,7.419,5.332,0.000,5.435,7.819,9.184
16.151,15.982,16.630,16.497,16.284,16.890,17.091,17.674,17.862,18.298,18.241,18.436,16.869,16.037,15.075,13.019,11.245,11.006,10.052,7.038,6.224,7.506,5.435,0.000,5.566,7.479
16.136,16.024,16.661,16.569,16.537,16.952,17.176,17.503,17.683,18.123,18.113,18.043,18.608,17.644,16.673,16.023,14.037,12.609,12.122,10.681,8.440,8.177,7.819,5.566,0.000,5.983
15.820,15.717,16.170,16.250,16.173,16.655,16.629,17.176,17.370,17.488,17.523,17.609,17.317,17.015,16.185,15.668,14.205,12.575,12.169,11.144,8.759,8.663,9.184,7.479,5.983,0.000