c1,c2,c3,c4,c5,c6,c7,c8,c9,c10,c11,c12,c13,c14,c15,c16,c17,c18,c19,c20,c21,c22,c23,c24,c25,c26
0.000,6.002,8.169,10.244,13.008,13.818,11.028,12.073,14.841,14.318,13.141,15.625,16.839,16.147,15.778,17.077,17.271,16.541,17.046,17.329,17.013,16.700,16.994,16.716,16.232,16.279
6.002,0.000,5.839,7.617,9.663,11.008,8.481,9.419,12.116,12.067,11.306,13.635,15.388,15.250,15.248,16.348,16.531,16.427,17.070,17.624,17.095,16.908,16.973,16.821,16.114,16.311
8.169,5.839,0.000,5.618,8.351,9.091,6.645,8.158,10.906,10.704,10.375,12.965,14.613,14.614,15.420,17.543,17.856,17.471,17.855,17.587,17.271,16.996,17.174,17.115,16.655,16.710
10.244,7.617,5.618,0.000,5.549,5.652,5.499,7.820,9.297,9.756,10.978,12.948,14.180,15.033,16.542,18.320,18.485,17.828,17.933,17.816,17.466,17.170,17.310,17.328,16.745,16.870
13.008,9.663,8.351,5.549,0.000,5.396,7.403,6.336,6.636,9.420,10.834,10.769,12.412,14.715,15.537,16.558,18.124,17.000,17.431,17.374,17.139,16.585,16.885,16.962,16.417,16.648
13.818,11.008,9.091,5.652,5.396,0.000,5.395,7.137,5.972,6.791,9.842,10.838,10.838,12.826,14.978,15.990,16.661,17.869,17.643,17.986,17.327,16.713,17.057,17.061,16.465,16.702
11.028,8.481,6.645,5.499,7.403,5.395,0.000,5.367,7.373,5.876,6.672,9.890,10.975,10.921,12.719,15.379,15.856,16.066,18.076,18.418,17.704,16.894,17.380,17.348,16.893,16.821
12.073,9.419,8.158,7.820,6.336,7.137,5.367,0.000,5.349,7.397,6.113,6.754,9.978,11.152,11.053,13.343,15.203,15.095,16.143,18.372,17.176,16.492,17.244,17.430,16.747,16.863
14.841,12.116,10.906,9.297,6.636,5.972,7.373,5.349,0.000,5.428,7.473,5.980,6.736,9.962,11.082,11.538,13.024,14.310,15.142,16.379,17.703,15.450,16.826,16.990,16.211,16.381
14.318,12.067,10.704,9.756,9.420,6.791,5.876,7.397,5.428,0.000,5.491,7.536,6.239,7.034,10.075,11.723,11.720,12.586,14.684,15.860,16.460,17.650,17.314,17.610,17.063,17.006
13.141,11.306,10.375,10.978,10.834,9.842,6.672,6.113,7.473,5.491,0.000,5.596,7.639,6.407,7.130,10.575,11.441,10.764,12.644,15.115,15.643,16.079,18.281,17.994,17.518,17.298
15.625,13.635,12.965,12.948,10.769,10.838,9.890,6.754,5.980,7.536,5.596,0.000,5.588,7.614,6.405,8.032,10.161,10.376,10.817,12.838,14.625,14.859,16.193,18.148,16.818,17.047
16.839,15.388,14.613,14.180,12.412,10.838,10.975,9.978,6.736,6.239,7.639,5.588,0.000,5.624,7.681,7.307,8.044,9.617,10.699,11.187,12.764,14.288,15.427,16.507,17.748,16.676
16.147,15.250,14.614,15.033,14.715,12.826,10.921,11.152,9.962,7.034,6.407,7.614,5.624,0.000,5.790,7.921,7.453,7.284,9.744,11.220,11.406,12.694,14.937,16.019,16.844,18.027
15.778,15.248,15.420,16.542,15.537,14.978,12.719,11.053,11.082,10.075,7.130,6.405,7.681,5.790,0.000,5.854,7.509,6.141,6.807,9.851,10.797,10.775,12.736,15.040,15.824,16.639
17.077,16.348,17.543,18.320,16.558,15.990,15.379,13.343,11.538,11.723,10.575,8.032,7.307,7.921,5.854,0.000,5.687,7.581,6.105,6.823,9.945,10.900,10.914,12.906,15.237,16.159
17.271,16.531,17.856,18.485,18.124,16.661,15.856,15.203,13.024,11.720,11.441,10.161,8.044,7.453,7.509,5.687,0.000,5.548,7.556,6.136,6.823,9.900,11.028,11.137,13.116,15.372
16.541,16.427,17.471,17.828,17.000,17.869,16.066,15.095,14.310,12.586,10.764,10.376,9.617,7.284,6.141,7.581,5.548,0.000,5.492,7.455,6.014,6.627,9.894,11.114,11.310,13.136
17.046,17.070,17.855,17.933,17.431,17.643,18.076,16.143,15.142,14.684,12.644,10.817,10.699,9.744,6.807,6.105,7.556,5.492,0.000,5.499,7.459,5.966,6.737,10.045,11.361,11.842
17.329,17.624,17.587,17.816,17.374,17.986,18.418,18.372,16.379,15.860,15.115,12.838,11.187,11.220,9.851,6.823,6.136,7.455,5.499,0.000,5.484,7.455,6.140,7.072,10.288,11.785
17.013,17.095,17.271,17.466,17.139,17.327,17.704,17.176,17.703,16.460,15.643,14.625,12.764,11.406,10.797,9.945,6.823,6.014,7.459,5.484,0.000,5.456,7.454,6.304,7.438,10.274
16.700,16.908,16.996,17.170,16.585,16.713,16.894,16.492,15.450,17.650,16.079,14.859,14.288,12.694,10.775,10.900,9.900,6.627,5.966,7.455,5.456,0.000,5.458,7.519,6.891,8.123
16.994,16.973,17.174,17.310,16.885,17.057,17.380,17.244,16.826,17.314,18.281,16.193,15.427,14.937,12.736,10.914,11.028,9.894,6.737,6.140,7.454,5.458,0.000,5.477,7.645,7.808
16.716,16.821,17.115,17.328,16.962,17.061,17.348,17.430,16.990,17.610,17.994,18.148,16.507,16.019,15.040,12.906,11.137,11.114,10.045,7.072,6.304,7.519,5.477,0.000,5.517,7.921
16.232,16.114,16.655,16.745,16.417,16.465,16.893,16.747,16.211,17.063,17.518,16.818,17.748,16.844,15.824,15.237,13.116,11.310,11.361,10.288,7.438,6.891,7.645,5.517,0.000,5.851
16.279,16.311,16.710,16.870,16.648,16.702,16.821,16.863,16.381,17.006,17.298,17.047,16.676,18.027,16.639,16.159,15.372,13.136,11.842,11.785,10.274,8.123,7.808,7.921,5.851,0.000