c1,c2,c3,c4,c5,c6,c7,c8,c9,c10,c11,c12,c13,c14,c15,c16,c17,c18,c19,c20,c21,c22,c23,c24,c25,c26
0.000,6.209,7.782,10.086,11.792,14.206,15.576,15.951,15.647,14.974,12.811,12.647,12.728,13.325,14.658,15.137,15.286,15.747,16.252,16.222,16.588,16.383,16.314,15.925,15.811,15.702
6.209,0.000,5.921,7.589,8.810,11.816,13.871,14.823,14.366,13.436,11.179,10.477,11.297,12.218,13.691,14.135,14.534,15.189,15.988,15.927,16.572,16.287,16.249,15.733,15.673,15.516
7.782,5.921,0.000,5.932,7.470,9.480,11.913,13.580,13.469,12.467,9.888,9.575,10.647,11.583,13.077,13.060,13.330,13.940,14.947,14.980,16.208,15.888,16.001,15.398,15.601,15.416
10.086,7.589,5.932,0.000,5.968,7.723,9.961,11.409,11.172,10.719,8.119,8.664,10.472,11.517,12.849,12.635,13.613,14.520,15.309,15.302,16.498,16.154,16.252,15.643,15.820,15.768
11.792,8.810,7.470,5.968,0.000,6.065,7.043,9.050,9.771,9.679,8.726,7.564,10.218,11.363,12.162,11.196,12.035,12.868,13.403,13.367,15.070,14.927,15.037,14.764,15.408,15.698
14.206,11.816,9.480,7.723,6.065,0.000,5.705,7.643,7.733,8.666,9.136,9.639,12.505,13.798,14.815,13.404,14.336,15.011,15.033,14.534,15.737,15.448,15.521,15.112,15.493,15.891
15.576,13.871,11.913,9.961,7.043,5.705,0.000,5.318,7.857,7.921,9.970,9.163,12.453,13.723,14.221,12.461,12.945,13.628,13.422,12.320,13.645,13.699,14.111,14.048,14.746,15.305
15.951,14.823,13.580,11.409,9.050,7.643,5.318,0.000,5.632,6.124,9.384,9.368,12.676,14.589,14.638,12.857,13.658,14.244,14.326,13.832,14.304,14.457,14.804,14.854,15.424,15.956
15.647,14.366,13.469,11.172,9.771,7.733,7.857,5.632,0.000,5.959,8.774,10.040,12.649,15.242,15.738,13.679,14.789,15.721,16.046,15.746,16.293,16.109,16.175,16.103,16.380,16.586
14.974,13.436,12.467,10.719,9.679,8.666,7.921,6.124,5.959,0.000,6.421,7.537,9.629,11.979,13.100,11.785,12.780,13.949,14.609,14.847,15.844,15.931,16.008,15.962,16.557,16.798
12.811,11.179,9.888,8.119,8.726,9.136,9.970,9.384,8.774,6.421,0.000,6.503,8.142,10.158,11.351,11.184,12.909,13.867,14.602,15.199,16.387,16.261,16.507,16.154,16.655,16.908
12.647,10.477,9.575,8.664,7.564,9.639,9.163,9.368,10.040,7.537,6.503,0.000,6.672,8.529,9.150,8.444,10.643,12.194,12.584,13.169,15.218,15.075,15.208,15.253,16.047,16.275
12.728,11.297,10.647,10.472,10.218,12.505,12.453,12.676,12.649,9.629,8.142,6.672,0.000,6.525,7.458,7.611,10.005,12.081,13.217,13.984,15.909,16.114,16.103,15.889,16.667,16.847
13.325,12.218,11.583,11.517,11.363,13.798,13.723,14.589,15.242,11.979,10.158,8.529,6.525,0.000,6.441,7.694,9.050,10.572,12.814,14.011,16.104,15.769,15.797,15.728,16.381,16.609
14.658,13.691,13.077,12.849,12.162,14.815,14.221,14.638,15.738,13.100,11.351,9.150,7.458,6.441,0.000,6.485,7.843,8.900,10.792,12.834,15.478,15.375,15.523,15.194,16.130,16.514
15.137,14.135,13.060,12.635,11.196,13.404,12.461,12.857,13.679,11.785,11.184,8.444,7.611,7.694,6.485,0.000,6.149,7.539,9.003,10.511,13.802,14.120,14.644,14.343,15.324,15.927
15.286,14.534,13.330,13.613,12.035,14.336,12.945,13.658,14.789,12.780,12.909,10.643,10.005,9.050,7.843,6.149,0.000,5.952,7.575,8.900,12.000,12.275,13.242,13.430,14.081,15.232
15.747,15.189,13.940,14.520,12.868,15.011,13.628,14.244,15.721,13.949,13.867,12.194,12.081,10.572,8.900,7.539,5.952,0.000,5.832,7.559,10.806,10.921,12.261,12.921,13.957,14.974
16.252,15.988,14.947,15.309,13.403,15.033,13.422,14.326,16.046,14.609,14.602,12.584,13.217,12.814,10.792,9.003,7.575,5.832,0.000,6.004,9.008,10.302,11.326,12.309,13.528,15.107
16.222,15.927,14.980,15.302,13.367,14.534,12.320,13.832,15.746,14.847,15.199,13.169,13.984,14.011,12.834,10.511,8.900,7.559,6.004,0.000,6.506,7.303,8.126,8.971,11.095,12.997
16.588,16.572,16.208,16.498,15.070,15.737,13.645,14.304,16.293,15.844,16.387,15.218,15.909,16.104,15.478,13.802,12.000,10.806,9.008,6.506,0.000,6.083,7.216,8.656,10.668,13.153
16.383,16.287,15.888,16.154,14.927,15.448,13.699,14.457,16.109,15.931,16.261,15.075,16.114,15.769,15.375,14.120,12.275,10.921,10.302,7.303,6.083,0.000,5.895,7.508,8.765,11.321
16.314,16.249,16.001,16.252,15.037,15.521,14.111,14.804,16.175,16.008,16.507,15.208,16.103,15.797,15.523,14.644,13.242,12.261,11.326,8.126,7.216,5.895,0.000,5.777,7.611,10.114
15.925,15.733,15.398,15.643,14.764,15.112,14.048,14.854,16.103,15.962,16.154,15.253,15.889,15.728,15.194,14.343,13.430,12.921,12.309,8.971,8.656,7.508,5.777,0.000,5.966,8.313
15.811,15.673,15.601,15.820,15.408,15.493,14.746,15.424,16.380,16.557,16.655,16.047,16.667,16.381,16.130,15.324,14.081,13.957,13.528,11.095,10.668,8.765,7.611,5.966,0.000,6.639
15.702,15.516,15.416,15.768,15.698,15.891,15.305,15.956,16.586,16.798,16.908,16.275,16.847,16.609,16.514,15.927,15.232,14.974,15.107,12.997,13.153,11.321,10.114,8.313,6.639,0.000