c1,c2,c3,c4,c5,c6,c7,c8,c9,c10,c11,c12,c13,c14,c15,c16,c17,c18,c19,c20,c21,c22,c23,c24,c25,c26
0.000,6.069,7.921,9.904,11.884,14.064,15.363,15.606,15.689,15.884,16.032,16.300,16.071,16.267,16.023,16.299,16.542,16.198,16.340,16.412,16.083,15.711,14.745,14.636,13.683,13.506
6.069,0.000,5.696,7.776,9.611,11.936,14.153,15.617,15.190,15.479,15.778,16.128,16.026,16.148,15.781,16.225,16.402,15.903,16.091,16.169,15.479,15.211,13.677,13.682,12.274,12.445
7.921,5.696,0.000,5.715,7.156,9.233,11.459,14.107,15.223,14.995,15.046,15.699,15.781,15.969,16.043,16.350,16.415,15.625,15.994,16.058,15.025,14.474,12.757,12.822,11.686,11.825
9.904,7.776,5.715,0.000,5.718,7.703,10.176,12.533,14.695,15.883,15.064,15.606,15.737,15.837,15.728,16.437,16.397,15.260,15.774,15.813,14.239,13.808,11.991,12.527,11.899,11.987
11.884,9.611,7.156,5.718,0.000,5.744,7.277,9.927,11.916,14.252,14.786,14.738,14.852,15.148,15.269,15.731,15.509,14.038,14.879,14.441,12.216,11.857,10.206,10.783,10.480,10.784
14.064,11.936,9.233,7.703,5.744,0.000,5.783,7.587,9.916,11.945,13.543,14.728,14.247,14.709,15.041,15.860,15.428,13.805,15.015,14.954,12.548,12.315,11.578,11.788,12.188,12.067
15.363,14.153,11.459,10.176,7.277,5.783,0.000,5.860,7.348,9.605,10.917,13.003,12.537,13.046,13.611,14.305,13.517,12.042,13.363,13.329,10.757,11.065,10.365,11.380,12.804,13.077
15.606,15.617,14.107,12.533,9.927,7.587,5.860,0.000,5.852,7.544,9.065,10.817,11.464,12.474,13.030,14.199,13.554,12.202,13.714,14.042,12.114,12.054,12.237,12.477,14.029,14.010
15.689,15.190,15.223,14.695,11.916,9.916,7.348,5.852,0.000,5.802,7.650,8.758,9.166,10.215,11.296,12.301,11.546,10.414,12.258,12.828,11.106,11.831,12.603,13.578,15.298,15.482
15.884,15.479,14.995,15.883,14.252,11.945,9.605,7.544,5.802,0.000,5.817,7.546,8.656,10.230,12.068,13.357,12.275,11.750,13.385,13.917,12.618,13.344,14.227,14.752,16.019,16.034
16.032,15.778,15.046,15.064,14.786,13.543,10.917,9.065,7.650,5.817,0.000,5.891,7.816,9.565,10.852,12.613,12.031,11.438,12.811,13.735,12.944,13.987,14.798,15.154,15.952,16.101
16.300,16.128,15.699,15.606,14.738,14.728,13.003,10.817,8.758,7.546,5.891,0.000,6.191,8.225,9.759,11.338,11.387,11.630,12.664,13.531,13.536,14.537,15.218,15.756,16.381,16.446
16.071,16.026,15.781,15.737,14.852,14.247,12.537,11.464,9.166,8.656,7.816,6.191,0.000,6.242,8.422,9.606,9.591,10.411,11.656,12.386,12.748,14.245,15.137,15.999,16.565,16.570
16.267,16.148,15.969,15.837,15.148,14.709,13.046,12.474,10.215,10.230,9.565,8.225,6.242,0.000,6.439,7.378,7.886,8.794,10.181,11.372,12.168,14.133,15.123,16.157,16.819,17.001
16.023,15.781,16.043,15.728,15.269,15.041,13.611,13.030,11.296,12.068,10.852,9.759,8.422,6.439,0.000,6.183,8.048,8.211,8.366,10.768,11.875,13.724,14.473,16.066,16.646,16.885
16.299,16.225,16.350,16.437,15.731,15.860,14.305,14.199,12.301,13.357,12.613,11.338,9.606,7.378,6.183,0.000,5.990,7.459,7.407,8.605,10.959,13.047,14.079,15.581,16.402,16.809
16.542,16.402,16.415,16.397,15.509,15.428,13.517,13.554,11.546,12.275,12.031,11.387,9.591,7.886,8.048,5.990,0.000,5.872,7.515,7.389,8.740,11.716,13.097,14.805,15.673,16.415
16.198,15.903,15.625,15.260,14.038,13.805,12.042,12.202,10.414,11.750,11.438,11.630,10.411,8.794,8.211,7.459,5.872,0.000,5.698,7.546,7.043,9.965,11.263,13.508,14.587,15.592
16.340,16.091,15.994,15.774,14.879,15.015,13.363,13.714,12.258,13.385,12.811,12.664,11.656,10.181,8.366,7.407,7.515,5.698,0.000,5.619,7.717,9.445,11.327,13.876,15.322,15.965
16.412,16.169,16.058,15.813,14.441,14.954,13.329,14.042,12.828,13.917,13.735,13.531,12.386,11.372,10.768,8.605,7.389,7.546,5.619,0.000,5.992,8.141,10.081,12.594,14.800,16.040
16.083,15.479,15.025,14.239,12.216,12.548,10.757,12.114,11.106,12.618,12.944,13.536,12.748,12.168,11.875,10.959,8.740,7.043,7.717,5.992,0.000,5.999,7.428,9.754,12.229,14.481
15.711,15.211,14.474,13.808,11.857,12.315,11.065,12.054,11.831,13.344,13.987,14.537,14.245,14.133,13.724,13.047,11.716,9.965,9.445,8.141,5.999,0.000,5.902,7.837,10.591,12.752
14.745,13.677,12.757,11.991,10.206,11.578,10.365,12.237,12.603,14.227,14.798,15.218,15.137,15.123,14.473,14.079,13.097,11.263,11.327,10.081,7.428,5.902,0.000,5.945,7.748,10.296
14.636,13.682,12.822,12.527,10.783,11.788,11.380,12.477,13.578,14.752,15.154,15.756,15.999,16.157,16.066,15.581,14.805,13.508,13.876,12.594,9.754,7.837,5.945,0.000,6.116,7.612
13.683,12.274,11.686,11.899,10.480,12.188,12.804,14.029,15.298,16.019,15.952,16.381,16.565,16.819,16.646,16.402,15.673,14.587,15.322,14.800,12.229,10.591,7.748,6.116,0.000,6.391
13.506,12.445,11.825,11.987,10.784,12.067,13.077,14.010,15.482,16.034,16.101,16.446,16.570,17.001,16.885,16.809,16.415,15.592,15.965,16.040,14.481,12.752,10.296,7.612,6.391,0.000