c1,c2,c3,c4,c5,c6,c7,c8,c9,c10,c11,c12,c13,c14,c15,c16,c17,c18,c19,c20,c21,c22,c23,c24,c25,c26
0.000,5.890,8.003,9.549,10.333,11.894,12.984,13.348,14.068,14.457,14.498,14.814,15.726,15.975,16.128,16.303,16.187,15.981,16.477,16.211,15.650,15.860,16.229,15.638,15.483,15.766
5.890,0.000,5.655,6.884,8.173,9.655,11.169,12.841,13.293,13.916,13.716,14.080,15.268,15.698,15.724,16.157,15.854,15.583,16.392,16.062,15.126,15.704,16.011,15.304,15.104,15.680
8.003,5.655,0.000,5.589,7.311,8.292,9.786,12.146,13.417,13.707,13.693,14.292,15.386,15.972,16.284,16.389,16.233,15.978,16.547,16.149,15.392,15.773,16.121,15.265,15.101,15.650
9.549,6.884,5.589,0.000,5.501,7.834,8.982,11.096,13.160,14.396,13.290,13.826,15.450,15.779,16.006,16.472,16.065,15.792,16.290,15.848,14.817,15.350,15.735,14.845,14.686,15.460
10.333,8.173,7.311,5.501,0.000,5.566,7.360,9.441,11.288,13.387,13.680,13.226,15.173,15.726,15.939,16.331,16.211,15.754,16.435,15.752,14.735,15.255,15.689,14.731,14.638,15.320
11.894,9.655,8.292,7.834,5.566,0.000,5.660,7.577,9.723,11.227,12.632,13.144,14.341,15.036,15.624,16.060,15.797,15.802,16.590,16.064,14.716,15.579,16.168,15.313,15.012,15.858
12.984,11.169,9.786,8.982,7.360,5.660,0.000,5.753,7.249,9.169,9.731,10.639,13.245,13.415,14.077,14.498,14.140,14.510,15.652,15.098,13.974,14.798,15.393,14.814,14.546,15.182
13.348,12.841,12.146,11.096,9.441,7.577,5.753,0.000,5.787,7.081,8.225,9.499,12.261,13.372,13.774,14.209,13.978,14.472,15.989,15.915,14.681,15.733,16.356,15.802,15.682,16.310
14.068,13.293,13.417,13.160,11.288,9.723,7.249,5.787,0.000,5.718,7.644,7.725,10.015,11.522,12.811,12.303,12.109,12.922,14.568,14.505,14.434,15.042,15.963,15.563,15.614,16.089
14.457,13.916,13.707,14.396,13.387,11.227,9.169,7.081,5.718,0.000,5.780,7.694,9.300,10.579,12.468,12.660,11.954,13.028,14.934,15.030,15.264,16.831,16.964,16.579,16.512,16.885
14.498,13.716,13.693,13.290,13.680,12.632,9.731,8.225,7.644,5.780,0.000,6.065,8.276,9.906,10.950,11.791,11.920,12.431,14.117,14.809,15.334,16.567,17.682,17.026,16.869,17.106
14.814,14.080,14.292,13.826,13.226,13.144,10.639,9.499,7.725,7.694,6.065,0.000,6.377,8.149,8.779,8.959,9.729,10.939,11.692,12.422,13.532,15.079,16.010,16.650,16.770,17.077
15.726,15.268,15.386,15.450,15.173,14.341,13.245,12.261,10.015,9.300,8.276,6.377,0.000,6.350,7.665,8.200,8.549,10.267,11.642,11.837,13.016,14.805,15.790,16.601,17.889,17.541
15.975,15.698,15.972,15.779,15.726,15.036,13.415,13.372,11.522,10.579,9.906,8.149,6.350,0.000,6.342,7.850,7.372,8.057,10.456,11.408,11.352,12.987,14.980,15.628,16.679,17.860
16.128,15.724,16.284,16.006,15.939,15.624,14.077,13.774,12.811,12.468,10.950,8.779,7.665,6.342,0.000,6.221,7.736,7.229,7.797,10.443,11.362,11.328,13.006,15.122,16.077,17.003
16.303,16.157,16.389,16.472,16.331,16.060,14.498,14.209,12.303,12.660,11.791,8.959,8.200,7.850,6.221,0.000,5.863,7.693,6.763,7.418,10.245,11.253,11.147,12.902,15.270,16.269
16.187,15.854,16.233,16.065,16.211,15.797,14.140,13.978,12.109,11.954,11.920,9.729,8.549,7.372,7.736,5.863,0.000,5.605,7.587,6.581,7.120,10.156,11.284,11.161,13.074,15.473
15.981,15.583,15.978,15.792,15.754,15.802,14.510,14.472,12.922,13.028,12.431,10.939,10.267,8.057,7.229,7.693,5.605,0.000,5.567,7.493,6.171,6.922,10.108,11.247,11.411,13.477
16.477,16.392,16.547,16.290,16.435,16.590,15.652,15.989,14.568,14.934,14.117,11.692,11.642,10.456,7.797,6.763,7.587,5.567,0.000,5.516,7.450,6.265,7.095,10.252,11.576,12.324
16.211,16.062,16.149,15.848,15.752,16.064,15.098,15.915,14.505,15.030,14.809,12.422,11.837,11.408,10.443,7.418,6.581,7.493,5.516,0.000,5.541,7.460,6.408,7.209,10.387,12.000
15.650,15.126,15.392,14.817,14.735,14.716,13.974,14.681,14.434,15.264,15.334,13.532,13.016,11.352,11.362,10.245,7.120,6.171,7.450,5.541,0.000,5.530,7.458,6.422,7.615,10.437
15.860,15.704,15.773,15.350,15.255,15.579,14.798,15.733,15.042,16.831,16.567,15.079,14.805,12.987,11.328,11.253,10.156,6.922,6.265,7.460,5.530,0.000,5.541,7.510,7.065,8.574
16.229,16.011,16.121,15.735,15.689,16.168,15.393,16.356,15.963,16.964,17.682,16.010,15.790,14.980,13.006,11.147,11.284,10.108,7.095,6.408,7.458,5.541,0.000,5.654,7.618,8.039
15.638,15.304,15.265,14.845,14.731,15.313,14.814,15.802,15.563,16.579,17.026,16.650,16.601,15.628,15.122,12.902,11.161,11.247,10.252,7.209,6.422,7.510,5.654,0.000,5.709,7.867
15.483,15.104,15.101,14.686,14.638,15.012,14.546,15.682,15.614,16.512,16.869,16.770,17.889,16.679,16.077,15.270,13.074,11.411,11.576,10.387,7.615,7.065,7.618,5.709,0.000,5.974
15.766,15.680,15.650,15.460,15.320,15.858,15.182,16.310,16.089,16.885,17.106,17.077,17.541,17.860,17.003,16.269,15.473,13.477,12.324,12.000,10.437,8.574,8.039,7.867,5.974,0.000