c1,c2,c3,c4,c5,c6,c7,c8,c9,c10,c11,c12,c13,c14,c15,c16,c17,c18,c19,c20,c21,c22,c23,c24,c25,c26
0.000,5.946,7.645,10.129,12.504,14.822,16.331,16.137,16.057,16.417,16.554,16.562,16.846,16.675,15.737,15.242,13.922,13.569,11.880,11.929,11.845,12.069,13.544,14.029,14.542,14.792
5.946,0.000,5.680,7.572,10.110,12.558,15.076,16.204,15.815,16.114,16.178,15.660,16.204,15.863,14.421,13.669,11.622,11.310,9.458,10.457,11.335,12.220,13.548,14.324,14.882,15.122
7.645,5.680,0.000,5.687,7.036,9.629,11.910,14.202,15.804,15.734,15.366,14.599,15.647,15.321,13.980,13.344,12.448,11.309,10.598,10.207,12.012,11.969,13.832,14.575,15.141,15.407
10.129,7.572,5.687,0.000,5.715,7.057,10.094,12.227,14.823,15.785,14.792,13.474,14.885,14.206,12.557,12.632,10.163,10.537,11.146,12.353,13.930,14.047,15.680,16.206,16.104,16.100
12.504,10.110,7.036,5.715,0.000,5.771,6.950,9.228,11.211,12.986,12.396,11.015,12.983,12.960,11.754,11.717,11.631,9.717,11.691,11.859,13.752,14.076,15.305,15.784,15.895,15.910
14.822,12.558,9.629,7.057,5.771,0.000,5.667,7.649,10.138,12.107,12.138,11.094,13.112,13.275,12.405,12.683,12.883,12.773,13.788,14.276,15.898,15.926,16.233,15.930,15.751,15.777
16.331,15.076,11.910,10.094,6.950,5.667,0.000,5.821,7.227,8.882,8.634,8.023,10.807,11.352,11.411,12.539,13.719,13.161,14.754,14.738,16.437,16.245,15.782,15.717,15.554,15.444
16.137,16.204,14.202,12.227,9.228,7.649,5.821,0.000,5.583,8.577,9.095,8.589,11.710,13.007,13.086,14.101,15.086,14.724,15.939,16.217,16.107,15.888,14.785,14.713,14.850,15.110
16.057,15.815,15.804,14.823,11.211,10.138,7.227,5.583,0.000,5.577,7.085,7.546,9.896,11.943,13.243,14.307,15.710,15.260,16.384,16.303,15.524,15.253,14.067,13.680,14.232,14.401
16.417,16.114,15.734,15.785,12.986,12.107,8.882,8.577,5.577,0.000,5.764,7.540,9.170,11.107,13.368,14.699,15.761,15.487,16.184,15.893,14.672,14.971,13.236,13.473,14.314,14.636
16.554,16.178,15.366,14.792,12.396,12.138,8.634,9.095,7.085,5.764,0.000,5.900,7.565,9.181,11.243,13.515,15.286,14.827,15.487,15.339,15.044,14.939,14.123,14.206,14.763,14.978
16.562,15.660,14.599,13.474,11.015,11.094,8.023,8.589,7.546,7.540,5.900,0.000,5.921,7.787,9.690,11.920,14.314,14.819,15.067,14.890,14.682,14.520,14.352,14.674,15.160,15.659
16.846,16.204,15.647,14.885,12.983,13.112,10.807,11.710,9.896,9.170,7.565,5.921,0.000,5.981,7.830,10.328,12.519,14.300,15.276,14.887,14.630,14.764,14.910,14.567,15.648,15.891
16.675,15.863,15.321,14.206,12.960,13.275,11.352,13.007,11.943,11.107,9.181,7.787,5.981,0.000,6.180,7.623,10.230,11.920,14.190,15.001,15.385,15.353,15.683,15.799,16.209,16.662
15.737,14.421,13.980,12.557,11.754,12.405,11.411,13.086,13.243,13.368,11.243,9.690,7.830,6.180,0.000,6.030,7.594,10.025,11.859,14.220,15.651,15.402,16.219,16.376,16.662,16.862
15.242,13.669,13.344,12.632,11.717,12.683,12.539,14.101,14.307,14.699,13.515,11.920,10.328,7.623,6.030,0.000,5.967,7.401,9.806,11.838,14.767,15.372,16.268,16.531,16.842,16.978
13.922,11.622,12.448,10.163,11.631,12.883,13.719,15.086,15.710,15.761,15.286,14.314,12.519,10.230,7.594,5.967,0.000,5.863,7.542,10.425,13.113,14.377,16.461,16.823,16.845,16.992
13.569,11.310,11.309,10.537,9.717,12.773,13.161,14.724,15.260,15.487,14.827,14.819,14.300,11.920,10.025,7.401,5.863,0.000,5.931,7.430,10.618,12.075,14.544,16.249,16.588,16.532
11.880,9.458,10.598,11.146,11.691,13.788,14.754,15.939,16.384,16.184,15.487,15.067,15.276,14.190,11.859,9.806,7.542,5.931,0.000,5.877,8.669,10.064,12.874,15.250,16.296,16.469
11.929,10.457,10.207,12.353,11.859,14.276,14.738,16.217,16.303,15.893,15.339,14.890,14.887,15.001,14.220,11.838,10.425,7.430,5.877,0.000,6.114,7.897,9.388,12.563,13.969,15.137
11.845,11.335,12.012,13.930,13.752,15.898,16.437,16.107,15.524,14.672,15.044,14.682,14.630,15.385,15.651,14.767,13.113,10.618,8.669,6.114,0.000,5.905,7.164,9.420,11.463,13.062
12.069,12.220,11.969,14.047,14.076,15.926,16.245,15.888,15.253,14.971,14.939,14.520,14.764,15.353,15.402,15.372,14.377,12.075,10.064,7.897,5.905,0.000,5.843,7.787,9.808,11.815
13.544,13.548,13.832,15.680,15.305,16.233,15.782,14.785,14.067,13.236,14.123,14.352,14.910,15.683,16.219,16.268,16.461,14.544,12.874,9.388,7.164,5.843,0.000,5.792,7.138,9.295
14.029,14.324,14.575,16.206,15.784,15.930,15.717,14.713,13.680,13.473,14.206,14.674,14.567,15.799,16.376,16.531,16.823,16.249,15.250,12.563,9.420,7.787,5.792,0.000,5.806,7.887
14.542,14.882,15.141,16.104,15.895,15.751,15.554,14.850,14.232,14.314,14.763,15.160,15.648,16.209,16.662,16.842,16.845,16.588,16.296,13.969,11.463,9.808,7.138,5.806,0.000,6.313
14.792,15.122,15.407,16.100,15.910,15.777,15.444,15.110,14.401,14.636,14.978,15.659,15.891,16.662,16.862,16.978,16.992,16.532,16.469,15.137,13.062,11.815,9.295,7.887,6.313,0.000