c1,c2,c3,c4,c5,c6,c7,c8,c9,c10,c11,c12,c13,c14,c15,c16,c17,c18,c19,c20,c21,c22,c23,c24,c25,c26
0.000,5.959,7.625,9.808,11.921,14.420,15.523,15.962,15.116,16.289,15.693,15.202,16.018,16.239,16.143,16.038,16.005,15.554,15.882,15.689,14.220,14.373,15.321,15.103,14.124,15.035
5.959,0.000,5.694,7.595,9.763,12.544,14.110,15.175,14.180,15.891,15.298,14.387,15.356,15.596,15.509,15.592,15.141,14.614,15.115,14.888,13.237,13.627,14.787,14.462,13.310,14.640
7.625,5.694,0.000,5.693,6.951,9.840,10.846,13.121,12.732,14.666,14.007,13.513,15.008,15.285,15.300,15.257,14.603,14.129,14.754,14.112,11.815,12.743,14.003,13.447,12.761,14.214
9.808,7.595,5.693,0.000,5.694,8.133,10.213,12.657,12.561,15.454,14.589,14.076,16.061,16.090,16.242,16.403,15.553,15.005,15.733,15.254,13.075,14.132,15.300,14.478,14.052,15.054
11.921,9.763,6.951,5.694,0.000,5.785,6.733,9.209,9.453,12.188,11.695,11.941,14.267,14.769,15.140,15.199,14.575,14.167,15.224,14.423,12.497,13.510,14.894,13.991,13.915,15.273
14.420,12.544,9.840,8.133,5.785,0.000,5.680,8.951,10.317,12.544,12.875,13.211,15.420,15.624,16.261,16.318,15.636,15.584,16.679,16.054,14.362,15.849,16.514,15.368,15.461,16.247
15.523,14.110,10.846,10.213,6.733,5.680,0.000,6.048,7.694,8.965,8.517,9.595,12.348,12.889,13.753,14.050,13.432,13.982,15.372,15.059,13.967,15.309,16.122,15.081,15.677,16.253
15.962,15.175,13.121,12.657,9.209,8.951,6.048,0.000,5.871,6.321,7.320,9.537,12.112,13.077,14.259,14.445,13.930,14.562,16.223,16.477,15.051,16.201,16.982,16.605,16.564,16.745
15.116,14.180,12.732,12.561,9.453,10.317,7.694,5.871,0.000,5.738,7.524,7.678,10.553,11.616,13.110,12.791,12.377,13.113,14.749,15.110,14.813,14.852,15.916,15.354,15.612,16.616
16.289,15.891,14.666,15.454,12.188,12.544,8.965,6.321,5.738,0.000,5.709,7.661,9.474,10.448,12.411,12.678,12.132,13.222,15.165,15.660,15.725,17.136,17.394,17.167,17.185,17.180
15.693,15.298,14.007,14.589,11.695,12.875,8.517,7.320,7.524,5.709,0.000,5.945,8.192,9.354,10.792,11.489,11.277,12.190,13.937,14.921,15.334,16.630,17.824,17.356,17.492,17.227
15.202,14.387,13.513,14.076,11.941,13.211,9.595,9.537,7.678,7.661,5.945,0.000,5.976,7.815,8.684,8.733,8.960,10.477,11.684,12.729,13.656,15.115,16.222,16.687,16.952,17.318
16.018,15.356,15.008,16.061,14.267,15.420,12.348,12.112,10.553,9.474,8.192,5.976,0.000,5.936,7.099,7.510,7.867,9.760,10.865,11.822,13.019,14.571,15.877,16.906,17.913,17.466
16.239,15.596,15.285,16.090,14.769,15.624,12.889,13.077,11.616,10.448,9.354,7.815,5.936,0.000,5.813,7.448,6.505,7.079,9.967,11.115,11.006,12.669,15.065,15.803,16.522,17.456
16.143,15.509,15.300,16.242,15.140,16.261,13.753,14.259,13.110,12.411,10.792,8.684,7.099,5.813,0.000,5.669,7.512,6.312,7.058,10.170,11.097,10.937,12.946,15.262,15.968,16.603
16.038,15.592,15.257,16.403,15.199,16.318,14.050,14.445,12.791,12.678,11.489,8.733,7.510,7.448,5.669,0.000,5.562,7.501,6.287,7.179,10.156,11.099,11.400,13.265,15.364,16.154
16.005,15.141,14.603,15.553,14.575,15.636,13.432,13.930,12.377,12.132,11.277,8.960,7.867,6.505,7.512,5.562,0.000,5.527,7.444,6.265,6.945,9.969,11.260,11.620,13.272,15.008
15.554,14.614,14.129,15.005,14.167,15.584,13.982,14.562,13.113,13.222,12.190,10.477,9.760,7.079,6.312,7.501,5.527,0.000,5.526,7.419,6.027,6.689,10.055,11.214,11.602,13.137
15.882,15.115,14.754,15.733,15.224,16.679,15.372,16.223,14.749,15.165,13.937,11.684,10.865,9.967,7.058,6.287,7.444,5.526,0.000,5.475,7.426,6.072,7.239,10.180,11.667,12.260
15.689,14.888,14.112,15.254,14.423,16.054,15.059,16.477,15.110,15.660,14.921,12.729,11.822,11.115,10.170,7.179,6.265,7.419,5.475,0.000,5.487,7.420,6.512,7.594,10.198,11.607
14.220,13.237,11.815,13.075,12.497,14.362,13.967,15.051,14.813,15.725,15.334,13.656,13.019,11.006,11.097,10.156,6.945,6.027,7.426,5.487,0.000,5.470,7.412,6.408,7.880,9.647
14.373,13.627,12.743,14.132,13.510,15.849,15.309,16.201,14.852,17.136,16.630,15.115,14.571,12.669,10.937,11.099,9.969,6.689,6.072,7.420,5.470,0.000,5.397,7.489,7.631,8.905
15.321,14.787,14.003,15.300,14.894,16.514,16.122,16.982,15.916,17.394,17.824,16.222,15.877,15.065,12.946,11.400,11.260,10.055,7.239,6.512,7.412,5.397,0.000,5.533,7.655,8.368
15.103,14.462,13.447,14.478,13.991,15.368,15.081,16.605,15.354,17.167,17.356,16.687,16.906,15.803,15.262,13.265,11.620,11.214,10.180,7.594,6.408,7.489,5.533,0.000,5.614,7.741
14.124,13.310,12.761,14.052,13.915,15.461,15.677,16.564,15.612,17.185,17.492,16.952,17.913,16.522,15.968,15.364,13.272,11.602,11.667,10.198,7.880,7.631,7.655,5.614,0.000,6.035
15.035,14.640,14.214,15.054,15.273,16.247,16.253,16.745,16.616,17.180,17.227,17.318,17.466,17.456,16.603,16.154,15.008,13.137,12.260,11.607,9.647,8.905,8.368,7.741,6.035,0.000