c1,c2,c3,c4,c5,c6,c7,c8,c9,c10,c11,c12,c13,c14,c15,c16,c17,c18,c19,c20,c21,c22,c23,c24,c25,c26
0.000,6.386,7.962,9.838,11.519,13.611,14.831,15.601,14.798,15.862,15.657,14.930,15.349,15.834,15.935,15.814,15.797,15.787,15.756,15.444,15.307,15.175,14.971,15.142,15.298,15.467
6.386,0.000,5.760,7.919,9.405,12.011,13.777,14.874,14.058,15.424,15.563,14.320,14.845,15.773,15.925,15.674,15.664,15.524,15.485,15.008,14.769,14.726,14.393,14.653,14.834,15.113
7.962,5.760,0.000,5.592,7.584,9.774,11.833,14.130,13.739,15.318,15.328,13.963,14.740,15.892,16.023,15.857,15.938,15.786,15.691,15.327,14.850,14.880,14.441,14.782,14.864,15.118
9.838,7.919,5.592,0.000,5.778,7.684,10.018,12.497,12.808,15.249,15.470,13.701,14.653,16.380,16.397,16.350,15.999,15.737,15.604,15.247,14.543,14.745,14.162,14.613,14.664,14.838
11.519,9.405,7.584,5.778,0.000,5.854,6.807,9.511,9.704,12.375,13.272,11.291,12.579,14.781,15.244,15.592,15.047,14.526,14.621,14.211,13.207,13.824,13.325,13.721,13.821,13.845
13.611,12.011,9.774,7.684,5.854,0.000,5.826,8.984,10.446,12.914,14.388,11.920,13.295,15.976,16.371,16.473,16.064,15.758,15.629,15.271,14.461,14.815,13.906,14.048,14.040,13.989
14.831,13.777,11.833,10.018,6.807,5.826,0.000,6.127,7.705,9.122,11.038,9.634,10.723,13.498,14.522,15.337,14.930,14.559,15.430,15.055,13.801,14.556,13.612,13.772,13.709,13.455
15.601,14.874,14.130,12.497,9.511,8.984,6.127,0.000,5.982,7.862,9.533,7.685,8.669,11.776,13.119,14.382,13.979,13.792,15.113,15.210,13.955,14.842,13.970,13.894,13.921,13.584
14.798,14.058,13.739,12.808,9.704,10.446,7.705,5.982,0.000,6.053,5.917,5.256,7.762,10.259,11.760,13.341,13.054,12.614,13.934,14.158,13.190,14.061,13.223,13.138,13.243,13.019
15.862,15.424,15.318,15.249,12.375,12.914,9.122,7.862,6.053,0.000,5.680,7.457,7.025,9.204,11.370,13.296,13.079,12.814,14.636,15.133,13.885,14.980,14.501,14.318,14.256,13.543
15.657,15.563,15.328,15.470,13.272,14.388,11.038,9.533,5.917,5.680,0.000,5.631,7.621,8.480,10.171,12.242,12.626,12.240,13.774,14.427,13.450,14.725,14.481,14.471,14.522,13.810
14.930,14.320,13.963,13.701,11.291,11.920,9.634,7.685,5.256,7.457,5.631,0.000,5.814,7.949,9.369,10.918,11.463,11.121,12.784,13.219,12.409,13.846,13.672,13.869,14.041,13.753
15.349,14.845,14.740,14.653,12.579,13.295,10.723,8.669,7.762,7.025,7.621,5.814,0.000,6.021,7.919,9.460,9.818,9.989,12.370,12.789,11.994,13.441,13.601,14.089,14.648,14.216
15.834,15.773,15.892,16.380,14.781,15.976,13.498,11.776,10.259,9.204,8.480,7.949,6.021,0.000,6.209,7.497,8.535,9.198,11.728,13.280,12.947,14.338,14.808,15.041,15.709,15.287
15.935,15.925,16.023,16.397,15.244,16.371,14.522,13.119,11.760,11.370,10.171,9.369,7.919,6.209,0.000,6.070,7.154,7.853,9.998,12.202,12.651,13.703,14.258,14.820,15.527,15.529
15.814,15.674,15.857,16.350,15.592,16.473,15.337,14.382,13.341,13.296,12.242,10.918,9.460,7.497,6.070,0.000,5.822,7.659,9.416,11.636,12.978,14.741,15.137,15.355,15.998,16.135
15.797,15.664,15.938,15.999,15.047,16.064,14.930,13.979,13.054,13.079,12.626,11.463,9.818,8.535,7.154,5.822,0.000,5.924,7.660,10.196,11.198,13.951,14.955,15.076,15.643,15.834
15.787,15.524,15.786,15.737,14.526,15.758,14.559,13.792,12.614,12.814,12.240,11.121,9.989,9.198,7.853,7.659,5.924,0.000,5.939,7.373,7.933,10.967,12.642,14.056,14.610,14.836
15.756,15.485,15.691,15.604,14.621,15.629,15.430,15.113,13.934,14.636,13.774,12.784,12.370,11.728,9.998,9.416,7.660,5.939,0.000,5.658,7.711,10.277,12.183,14.156,15.614,15.654
15.444,15.008,15.327,15.247,14.211,15.271,15.055,15.210,14.158,15.133,14.427,13.219,12.789,13.280,12.202,11.636,10.196,7.373,5.658,0.000,5.974,7.814,10.039,11.981,14.286,15.482
15.307,14.769,14.850,14.543,13.207,14.461,13.801,13.955,13.190,13.885,13.450,12.409,11.994,12.947,12.651,12.978,11.198,7.933,7.711,5.974,0.000,5.916,7.126,9.152,11.664,13.356
15.175,14.726,14.880,14.745,13.824,14.815,14.556,14.842,14.061,14.980,14.725,13.846,13.441,14.338,13.703,14.741,13.951,10.967,10.277,7.814,5.916,0.000,5.869,7.514,10.037,12.137
14.971,14.393,14.441,14.162,13.325,13.906,13.612,13.970,13.223,14.501,14.481,13.672,13.601,14.808,14.258,15.137,14.955,12.642,12.183,10.039,7.126,5.869,0.000,5.896,7.459,9.848
15.142,14.653,14.782,14.613,13.721,14.048,13.772,13.894,13.138,14.318,14.471,13.869,14.089,15.041,14.820,15.355,15.076,14.056,14.156,11.981,9.152,7.514,5.896,0.000,6.026,7.625
15.298,14.834,14.864,14.664,13.821,14.040,13.709,13.921,13.243,14.256,14.522,14.041,14.648,15.709,15.527,15.998,15.643,14.610,15.614,14.286,11.664,10.037,7.459,6.026,0.000,6.378
15.467,15.113,15.118,14.838,13.845,13.989,13.455,13.584,13.019,13.543,13.810,13.753,14.216,15.287,15.529,16.135,15.834,14.836,15.654,15.482,13.356,12.137,9.848,7.625,6.378,0.000