c1,c2,c3,c4,c5,c6,c7,c8,c9,c10,c11,c12,c13,c14,c15,c16,c17,c18,c19,c20,c21,c22,c23,c24,c25,c26
0.000,5.889,7.592,10.051,12.582,15.871,17.205,18.145,17.974,18.235,17.948,17.902,17.091,17.274,17.107,16.762,16.285,16.051,15.645,15.339,14.397,14.346,13.209,13.495,13.252,13.853
5.889,0.000,5.613,7.606,10.298,13.753,15.678,18.217,17.896,18.327,17.790,17.870,16.756,16.825,17.084,16.645,16.029,15.651,15.010,14.772,13.123,13.360,12.038,12.544,12.331,13.044
7.592,5.613,0.000,5.711,6.714,10.728,12.602,16.275,17.569,18.072,16.428,17.576,15.612,15.866,16.752,16.334,15.548,15.379,14.478,14.104,11.694,12.105,10.504,11.620,11.773,12.657
10.051,7.606,5.711,0.000,5.764,7.532,10.492,14.010,15.160,17.480,14.964,17.261,14.897,14.917,16.420,16.292,15.468,15.497,14.102,13.932,11.544,11.962,11.067,11.893,12.724,13.272
12.582,10.298,6.714,5.764,0.000,5.707,6.836,10.800,12.949,14.470,11.660,14.632,12.280,12.644,14.498,14.723,14.098,14.293,12.834,12.349,9.754,10.861,10.672,12.318,13.123,13.943
15.871,13.753,10.728,7.532,5.707,0.000,5.748,8.425,10.105,12.464,10.534,14.521,12.629,12.467,14.628,15.311,14.849,15.217,13.895,13.648,11.673,12.703,12.942,13.603,14.573,15.121
17.205,15.678,12.602,10.492,6.836,5.748,0.000,5.802,8.049,9.029,5.857,9.984,8.090,8.405,10.858,12.048,12.244,12.974,12.225,12.289,11.328,13.110,13.539,14.656,15.469,16.044
18.145,18.217,16.275,14.010,10.800,8.425,5.802,0.000,5.755,6.283,5.522,10.394,10.444,10.313,12.515,14.157,14.585,15.247,14.526,14.587,14.033,14.867,15.545,16.144,16.637,16.885
17.974,17.896,17.569,15.160,12.949,10.105,8.049,5.755,0.000,5.401,7.320,10.696,11.423,11.001,12.931,14.447,14.945,15.403,14.902,14.993,14.743,15.812,16.517,16.786,16.955,17.068
18.235,18.327,18.072,17.480,14.470,12.464,9.029,6.283,5.401,0.000,5.929,8.539,10.613,10.349,12.016,13.965,14.931,15.584,15.216,15.312,15.557,16.358,17.125,17.155,17.196,17.220
17.948,17.790,16.428,14.964,11.660,10.534,5.857,5.522,7.320,5.929,0.000,5.910,6.603,7.328,9.607,11.441,12.634,13.915,13.558,13.922,14.285,15.502,16.462,16.879,17.061,17.106
17.902,17.870,17.576,17.261,14.632,14.521,9.984,10.394,10.696,8.539,5.910,0.000,5.819,7.537,8.592,10.020,12.115,13.457,13.515,13.607,14.429,15.910,16.457,16.742,16.744,16.956
17.091,16.756,15.612,14.897,12.280,12.629,8.090,10.444,11.423,10.613,6.603,5.819,0.000,5.836,7.703,8.556,9.842,11.248,11.752,12.019,12.811,14.508,15.571,16.302,16.658,16.895
17.274,16.825,15.866,14.917,12.644,12.467,8.405,10.313,11.001,10.349,7.328,7.537,5.836,0.000,5.948,7.948,9.832,11.158,11.830,12.539,13.512,14.791,15.709,16.374,16.677,17.040
17.107,17.084,16.752,16.420,14.498,14.628,10.858,12.515,12.931,12.016,9.607,8.592,7.703,5.948,0.000,6.099,8.102,9.822,10.648,11.589,13.410,14.831,15.640,16.432,16.726,17.065
16.762,16.645,16.334,16.292,14.723,15.311,12.048,14.157,14.447,13.965,11.441,10.020,8.556,7.948,6.099,0.000,6.083,8.460,9.672,9.762,12.185,14.023,14.995,15.856,16.384,16.889
16.285,16.029,15.548,15.468,14.098,14.849,12.244,14.585,14.945,14.931,12.634,12.115,9.842,9.832,8.102,6.083,0.000,6.122,6.761,7.316,9.838,12.404,14.439,15.494,15.825,16.594
16.051,15.651,15.379,15.497,14.293,15.217,12.974,15.247,15.403,15.584,13.915,13.457,11.248,11.158,9.822,8.460,6.122,0.000,5.763,7.654,9.146,11.877,14.215,15.590,15.708,16.208
15.645,15.010,14.478,14.102,12.834,13.895,12.225,14.526,14.902,15.216,13.558,13.515,11.752,11.830,10.648,9.672,6.761,5.763,0.000,5.757,7.451,9.883,12.262,14.507,15.751,16.130
15.339,14.772,14.104,13.932,12.349,13.648,12.289,14.587,14.993,15.312,13.922,13.607,12.019,12.539,11.589,9.762,7.316,7.654,5.757,0.000,5.784,7.574,10.364,12.584,14.708,16.082
14.397,13.123,11.694,11.544,9.754,11.673,11.328,14.033,14.743,15.557,14.285,14.429,12.811,13.512,13.410,12.185,9.838,9.146,7.451,5.784,0.000,5.761,7.257,9.886,12.036,14.208
14.346,13.360,12.105,11.962,10.861,12.703,13.110,14.867,15.812,16.358,15.502,15.910,14.508,14.791,14.831,14.023,12.404,11.877,9.883,7.574,5.761,0.000,5.803,7.663,10.380,12.456
13.209,12.038,10.504,11.067,10.672,12.942,13.539,15.545,16.517,17.125,16.462,16.457,15.571,15.709,15.640,14.995,14.439,14.215,12.262,10.364,7.257,5.803,0.000,5.793,7.414,10.005
13.495,12.544,11.620,11.893,12.318,13.603,14.656,16.144,16.786,17.155,16.879,16.742,16.302,16.374,16.432,15.856,15.494,15.590,14.507,12.584,9.886,7.663,5.793,0.000,5.933,7.562
13.252,12.331,11.773,12.724,13.123,14.573,15.469,16.637,16.955,17.196,17.061,16.744,16.658,16.677,16.726,16.384,15.825,15.708,15.751,14.708,12.036,10.380,7.414,5.933,0.000,6.161
13.853,13.044,12.657,13.272,13.943,15.121,16.044,16.885,17.068,17.220,17.106,16.956,16.895,17.040,17.065,16.889,16.594,16.208,16.130,16.082,14.208,12.456,10.005,7.562,6.161,0.000