c1,c2,c3,c4,c5,c6,c7,c8,c9,c10,c11,c12,c13,c14,c15,c16,c17,c18,c19,c20,c21,c22,c23,c24,c25,c26
0.000,5.994,7.758,9.625,12.147,13.614,11.246,11.534,14.947,15.215,14.307,16.195,18.057,17.363,16.925,17.789,17.812,17.014,17.188,17.390,16.841,16.065,16.535,16.578,15.882,15.747
5.994,0.000,5.588,7.826,10.125,12.006,9.596,10.137,13.726,14.178,13.372,15.353,17.766,17.563,16.969,18.095,18.147,17.437,17.304,17.671,16.867,16.146,16.542,16.599,15.722,15.806
7.758,5.588,0.000,5.642,7.820,8.816,5.912,6.139,10.270,10.464,9.287,11.925,14.526,14.223,14.656,16.719,17.653,16.708,17.413,17.705,17.016,16.432,16.849,17.064,16.340,16.188
9.625,7.826,5.642,0.000,5.500,5.788,5.074,7.000,9.303,9.858,10.565,12.676,14.505,15.144,16.310,18.439,18.919,18.054,17.971,18.298,17.495,16.821,17.272,17.450,16.585,16.462
12.147,10.125,7.820,5.500,0.000,5.382,7.343,5.786,6.627,9.883,10.809,10.655,12.792,15.159,15.584,16.597,18.722,18.351,17.762,18.192,17.816,16.811,16.992,17.279,16.565,16.197
13.614,12.006,8.816,5.788,5.382,0.000,5.359,7.321,5.977,6.780,9.915,10.918,10.997,13.017,15.205,16.080,16.833,18.626,18.301,18.522,17.942,17.233,17.323,17.330,16.530,16.599
11.246,9.596,5.912,5.074,7.343,5.359,0.000,5.347,7.350,5.874,6.567,9.826,10.961,10.874,12.733,15.258,15.842,16.330,18.465,18.620,17.912,16.890,17.036,17.297,16.220,15.878
11.534,10.137,6.139,7.000,5.786,7.321,5.347,0.000,5.333,7.375,5.903,6.552,9.928,10.939,10.758,12.920,15.213,15.501,16.216,18.562,17.883,16.526,16.627,17.020,15.986,15.842
14.947,13.726,10.270,9.303,6.627,5.977,7.350,5.333,0.000,5.363,7.414,5.866,6.756,10.042,10.962,11.260,13.178,15.094,15.661,16.705,18.706,17.751,17.542,17.874,17.339,16.876
15.215,14.178,10.464,9.858,9.883,6.780,5.874,7.375,5.363,0.000,5.421,7.449,6.096,6.952,10.100,11.437,11.369,12.935,15.186,15.961,16.773,18.649,18.366,18.356,17.790,17.444
14.307,13.372,9.287,10.565,10.809,9.915,6.567,5.903,7.414,5.421,0.000,5.462,7.476,6.041,6.791,10.139,11.207,10.827,12.706,15.173,15.750,16.442,18.510,18.349,17.578,17.186
16.195,15.353,11.925,12.676,10.655,10.918,9.826,6.552,5.866,7.449,5.462,0.000,5.470,7.454,6.027,7.148,10.226,10.923,10.774,12.888,15.201,15.686,16.625,18.644,18.089,17.578
18.057,17.766,14.526,14.505,12.792,10.997,10.961,9.928,6.756,6.096,7.476,5.470,0.000,5.488,7.562,6.495,7.789,10.168,11.104,11.226,13.241,15.358,16.119,17.009,18.660,18.005
17.363,17.563,14.223,15.144,15.159,13.017,10.874,10.939,10.042,6.952,6.041,7.454,5.488,0.000,5.562,7.577,6.571,7.111,10.088,11.279,11.269,13.111,15.449,16.259,17.150,18.327
16.925,16.969,14.656,16.310,15.584,15.205,12.733,10.758,10.962,10.100,6.791,6.027,7.562,5.562,0.000,5.581,7.537,5.972,6.743,10.012,10.956,11.001,13.043,15.342,16.160,16.903
17.789,18.095,16.719,18.439,16.597,16.080,15.258,12.920,11.260,11.437,10.139,7.148,6.495,7.577,5.581,0.000,5.560,7.518,6.074,7.017,10.142,11.164,11.392,13.363,15.605,16.481
17.812,18.147,17.653,18.919,18.722,16.833,15.842,15.213,13.178,11.369,11.207,10.226,7.789,6.571,7.537,5.560,0.000,5.506,7.489,6.262,7.276,10.274,11.504,11.824,13.746,15.737
17.014,17.437,16.708,18.054,18.351,18.626,16.330,15.501,15.094,12.935,10.827,10.923,10.168,7.111,5.972,7.518,5.506,0.000,5.463,7.440,6.155,7.332,10.405,11.605,12.114,14.013
17.188,17.304,17.413,17.971,17.762,18.301,18.465,16.216,15.661,15.186,12.706,10.774,11.104,10.088,6.743,6.074,7.489,5.463,0.000,5.456,7.423,6.420,7.650,10.573,11.985,12.673
17.390,17.671,17.705,18.298,18.192,18.522,18.620,18.562,16.705,15.961,15.173,12.888,11.226,11.279,10.012,7.017,6.262,7.440,5.456,0.000,5.450,7.510,7.074,8.268,11.189,12.632
16.841,16.867,17.016,17.495,17.816,17.942,17.912,17.883,18.706,16.773,15.750,15.201,13.241,11.269,10.956,10.142,7.276,6.155,7.423,5.450,0.000,5.440,7.484,7.237,8.703,11.177
16.065,16.146,16.432,16.821,16.811,17.233,16.890,16.526,17.751,18.649,16.442,15.686,15.358,13.111,11.001,11.164,10.274,7.332,6.420,7.510,5.440,0.000,5.460,7.548,7.760,9.414
16.535,16.542,16.849,17.272,16.992,17.323,17.036,16.627,17.542,18.366,18.510,16.625,16.119,15.449,13.043,11.392,11.504,10.405,7.650,7.074,7.484,5.460,0.000,5.516,7.524,8.408
16.578,16.599,17.064,17.450,17.279,17.330,17.297,17.020,17.874,18.356,18.349,18.644,17.009,16.259,15.342,13.363,11.824,11.605,10.573,8.268,7.237,7.548,5.516,0.000,5.612,8.012
15.882,15.722,16.340,16.585,16.565,16.530,16.220,15.986,17.339,17.790,17.578,18.089,18.660,17.150,16.160,15.605,13.746,12.114,11.985,11.189,8.703,7.760,7.524,5.612,0.000,5.881
15.747,15.806,16.188,16.462,16.197,16.599,15.878,15.842,16.876,17.444,17.186,17.578,18.005,18.327,16.903,16.481,15.737,14.013,12.673,12.632,11.177,9.414,8.408,8.012,5.881,0.000