c1,c2,c3,c4,c5,c6,c7,c8,c9,c10,c11,c12,c13,c14,c15,c16,c17,c18,c19,c20,c21,c22,c23,c24,c25,c26
0.000,5.917,7.302,8.538,9.840,11.708,11.465,11.403,13.332,14.738,14.950,15.752,17.627,17.115,16.753,16.989,17.083,17.014,16.682,16.664,16.271,16.577,16.543,16.255,15.805,15.804
5.917,0.000,5.683,7.462,7.208,8.691,10.032,10.484,11.342,12.962,14.184,14.739,16.215,17.615,16.839,17.229,17.308,17.159,16.869,16.884,16.153,16.424,16.385,16.148,15.393,15.437
7.302,5.683,0.000,5.486,7.538,7.512,7.398,9.349,11.085,11.189,12.263,14.324,15.478,16.133,17.439,17.452,17.526,17.023,17.065,17.168,16.438,16.698,16.599,16.239,15.478,15.616
8.538,7.462,5.486,0.000,5.513,7.059,6.373,7.275,9.965,10.910,11.033,12.784,14.959,15.806,16.744,18.222,17.712,17.132,17.117,17.204,16.173,16.398,16.289,15.925,15.111,15.308
9.840,7.208,7.538,5.513,0.000,5.430,7.440,6.177,6.901,10.042,11.055,10.923,12.838,15.235,16.018,16.960,17.800,16.382,16.789,16.995,15.425,15.557,15.603,15.264,13.941,14.235
11.708,8.691,7.512,7.059,5.430,0.000,5.426,7.421,6.317,7.021,10.162,11.090,11.347,13.213,15.476,16.588,17.106,16.483,16.398,16.959,15.305,15.319,15.499,15.154,14.111,14.530
11.465,10.032,7.398,6.373,7.440,5.426,0.000,5.420,7.459,6.187,7.098,10.029,11.369,11.767,13.574,16.054,16.717,16.183,16.493,16.899,15.341,15.461,15.391,14.946,13.988,14.608
11.403,10.484,9.349,7.275,6.177,7.421,5.420,0.000,5.467,7.488,6.422,6.981,10.230,11.527,12.291,14.522,15.800,15.368,15.419,16.206,13.906,14.215,14.168,13.471,12.568,13.352
13.332,11.342,11.085,9.965,6.901,6.317,7.459,5.467,0.000,5.521,7.549,6.097,7.266,10.265,11.662,13.403,14.423,14.435,14.555,15.210,12.893,12.472,13.018,12.791,11.269,12.190
14.738,12.962,11.189,10.910,10.042,7.021,6.187,7.488,5.521,0.000,5.548,7.599,7.060,8.198,11.144,13.090,14.453,14.156,14.677,15.674,13.495,13.227,13.946,13.707,13.044,13.955
14.950,14.184,12.263,11.033,11.055,10.162,7.098,6.422,7.549,5.548,0.000,5.683,7.756,7.134,9.296,11.966,13.470,13.679,14.088,14.994,12.572,12.663,14.347,13.675,13.478,14.376
15.752,14.739,14.324,12.784,10.923,11.090,10.029,6.981,6.097,7.599,5.683,0.000,5.643,7.704,8.343,10.861,12.092,12.342,12.737,13.229,10.381,10.131,11.314,10.767,11.143,12.382
17.627,16.215,15.478,14.959,12.838,11.347,11.369,10.230,7.266,7.060,7.756,5.643,0.000,5.880,7.752,9.462,10.912,10.914,10.943,11.473,8.765,8.976,10.458,11.281,11.804,13.197
17.115,17.615,16.133,15.806,15.235,13.213,11.767,11.527,10.265,8.198,7.134,7.704,5.880,0.000,5.955,8.507,10.187,10.771,11.188,12.293,10.833,10.480,12.881,13.311,13.971,15.013
16.753,16.839,17.439,16.744,16.018,15.476,13.574,12.291,11.662,11.144,9.296,8.343,7.752,5.955,0.000,5.896,7.231,8.794,8.998,10.326,9.473,10.135,12.533,13.129,15.066,16.113
16.989,17.229,17.452,18.222,16.960,16.588,16.054,14.522,13.403,13.090,11.966,10.861,9.462,8.507,5.896,0.000,5.879,7.426,7.443,8.110,9.261,8.865,11.485,12.497,14.696,15.674
17.083,17.308,17.526,17.712,17.800,17.106,16.717,15.800,14.423,14.453,13.470,12.092,10.912,10.187,7.231,5.879,0.000,5.636,7.814,9.103,9.919,10.416,13.450,13.873,15.213,16.303
17.014,17.159,17.023,17.132,16.382,16.483,16.183,15.368,14.435,14.156,13.679,12.342,10.914,10.771,8.794,7.426,5.636,0.000,5.724,7.667,9.345,9.542,13.026,14.054,14.816,15.643
16.682,16.869,17.065,17.117,16.789,16.398,16.493,15.419,14.555,14.677,14.088,12.737,10.943,11.188,8.998,7.443,7.814,5.724,0.000,5.783,7.547,7.836,10.505,12.334,14.103,14.758
16.664,16.884,17.168,17.204,16.995,16.959,16.899,16.206,15.210,15.674,14.994,13.229,11.473,12.293,10.326,8.110,9.103,7.667,5.783,0.000,5.765,7.558,9.111,10.660,13.444,14.749
16.271,16.153,16.438,16.173,15.425,15.305,15.341,13.906,12.893,13.495,12.572,10.381,8.765,10.833,9.473,9.261,9.919,9.345,7.547,5.765,0.000,5.820,7.712,8.628,10.887,13.000
16.577,16.424,16.698,16.398,15.557,15.319,15.461,14.215,12.472,13.227,12.663,10.131,8.976,10.480,10.135,8.865,10.416,9.542,7.836,7.558,5.820,0.000,5.868,7.637,9.263,11.192
16.543,16.385,16.599,16.289,15.603,15.499,15.391,14.168,13.018,13.946,14.347,11.314,10.458,12.881,12.533,11.485,13.450,13.026,10.505,9.111,7.712,5.868,0.000,6.084,7.699,9.525
16.255,16.148,16.239,15.925,15.264,15.154,14.946,13.471,12.791,13.707,13.675,10.767,11.281,13.311,13.129,12.497,13.873,14.054,12.334,10.660,8.628,7.637,6.084,0.000,6.004,7.984
15.805,15.393,15.478,15.111,13.941,14.111,13.988,12.568,11.269,13.044,13.478,11.143,11.804,13.971,15.066,14.696,15.213,14.816,14.103,13.444,10.887,9.263,7.699,6.004,0.000,6.141
15.804,15.437,15.616,15.308,14.235,14.530,14.608,13.352,12.190,13.955,14.376,12.382,13.197,15.013,16.113,15.674,16.303,15.643,14.758,14.749,13.000,11.192,9.525,7.984,6.141,0.000