c1,c2,c3,c4,c5,c6,c7,c8,c9,c10,c11,c12,c13,c14,c15,c16,c17,c18,c19,c20,c21,c22,c23,c24,c25,c26
0.000,6.386,7.883,10.241,11.560,14.411,15.534,16.398,16.122,15.065,13.463,12.764,13.773,13.631,14.371,14.118,14.166,13.891,14.186,14.400,14.390,15.141,15.568,15.851,15.867,16.115
6.386,0.000,6.044,7.525,8.078,11.438,13.156,14.550,14.676,13.461,11.460,10.570,12.210,12.433,13.369,13.045,13.014,13.050,13.159,13.393,13.761,14.782,15.172,15.557,15.745,16.210
7.883,6.044,0.000,5.741,7.621,10.402,12.524,14.401,13.834,12.159,10.280,9.596,11.023,11.730,13.074,12.451,12.442,12.495,12.839,13.551,13.666,14.976,15.723,16.029,16.214,16.531
10.241,7.525,5.741,0.000,5.969,7.848,10.658,12.153,11.951,11.096,9.161,9.014,11.541,12.469,13.517,12.699,12.981,13.189,13.254,13.701,13.854,15.101,15.610,15.849,16.018,16.433
11.560,8.078,7.621,5.969,0.000,6.070,7.093,9.489,9.955,9.109,8.106,7.299,10.580,11.592,12.359,11.390,11.474,11.885,11.605,11.933,12.333,13.935,14.560,14.971,15.599,16.151
14.411,11.438,10.402,7.848,6.070,0.000,5.841,7.648,7.900,8.295,8.372,8.551,12.147,13.358,14.051,12.989,13.431,13.987,13.881,13.617,13.569,14.752,14.880,14.813,15.135,15.773
15.534,13.156,12.524,10.658,7.093,5.841,0.000,5.415,7.840,7.925,9.673,8.810,12.050,13.556,13.793,12.367,12.362,13.087,12.987,12.459,12.229,13.392,13.885,14.024,14.773,15.253
16.398,14.550,14.401,12.153,9.489,7.648,5.415,0.000,5.609,5.854,9.289,9.520,12.679,14.815,14.948,13.615,14.001,14.678,14.655,14.396,13.923,14.771,14.831,14.797,15.403,15.830
16.122,14.676,13.834,11.951,9.955,7.900,7.840,5.609,0.000,5.816,8.675,10.239,12.945,15.558,16.011,14.219,14.718,15.952,15.700,15.582,15.903,16.279,16.211,15.866,16.069,16.181
15.065,13.461,12.159,11.096,9.109,8.295,7.925,5.854,5.816,0.000,6.313,7.539,9.782,12.296,13.554,11.922,12.624,13.836,14.062,13.743,14.786,16.141,15.534,15.587,16.374,16.695
13.463,11.460,10.280,9.161,8.106,8.372,9.673,9.289,8.675,6.313,0.000,6.694,8.372,10.203,11.469,11.089,12.205,13.195,13.648,14.317,15.042,16.213,16.747,16.264,16.639,16.729
12.764,10.570,9.596,9.014,7.299,8.551,8.810,9.520,10.239,7.539,6.694,0.000,6.724,8.559,9.236,7.924,9.304,10.771,11.204,11.745,13.268,14.549,14.968,15.794,16.531,17.135
13.773,12.210,11.023,11.541,10.580,12.147,12.050,12.679,12.945,9.782,8.372,6.724,0.000,6.463,7.197,7.108,8.739,10.646,11.688,12.539,13.655,14.919,15.531,16.428,17.769,17.633
13.631,12.433,11.730,12.469,11.592,13.358,13.556,14.815,15.558,12.296,10.203,8.559,6.463,0.000,6.221,7.901,8.379,9.327,11.523,12.782,12.579,13.809,15.386,16.033,16.969,17.891
14.371,13.369,13.074,13.517,12.359,14.051,13.793,14.948,16.011,13.554,11.469,9.236,7.197,6.221,0.000,6.534,8.208,8.333,9.415,12.155,12.986,12.530,13.881,15.595,16.520,17.285
14.118,13.045,12.451,12.699,11.390,12.989,12.367,13.615,14.219,11.922,11.089,7.924,7.108,7.901,6.534,0.000,6.218,7.846,7.906,9.153,11.894,12.843,12.415,13.888,15.754,16.623
14.166,13.014,12.442,12.981,11.474,13.431,12.362,14.001,14.718,12.624,12.205,9.304,8.739,8.379,8.208,6.218,0.000,5.945,7.535,7.999,9.092,12.175,13.068,12.658,14.283,16.119
13.891,13.050,12.495,13.189,11.885,13.987,13.087,14.678,15.952,13.836,13.195,10.771,10.646,9.327,8.333,7.846,5.945,0.000,5.811,7.555,7.641,9.053,12.040,13.001,13.130,14.870
14.186,13.159,12.839,13.254,11.605,13.881,12.987,14.655,15.700,14.062,13.648,11.204,11.688,11.523,9.415,7.906,7.535,5.811,0.000,5.705,7.396,7.807,9.240,11.979,13.256,14.122
14.400,13.393,13.551,13.701,11.933,13.617,12.459,14.396,15.582,13.743,14.317,11.745,12.539,12.782,12.155,9.153,7.999,7.555,5.705,0.000,5.692,7.502,7.916,9.360,12.270,13.880
14.390,13.761,13.666,13.854,12.333,13.569,12.229,13.923,15.903,14.786,15.042,13.268,13.655,12.579,12.986,11.894,9.092,7.641,7.396,5.692,0.000,5.694,7.566,7.825,9.760,12.495
15.141,14.782,14.976,15.101,13.935,14.752,13.392,14.771,16.279,16.141,16.213,14.549,14.919,13.809,12.530,12.843,12.175,9.053,7.807,7.502,5.694,0.000,5.780,7.478,8.409,10.559
15.568,15.172,15.723,15.610,14.560,14.880,13.885,14.831,16.211,15.534,16.747,14.968,15.531,15.386,13.881,12.415,13.068,12.040,9.240,7.916,7.566,5.780,0.000,5.962,7.630,9.482
15.851,15.557,16.029,15.849,14.971,14.813,14.024,14.797,15.866,15.587,16.264,15.794,16.428,16.033,15.595,13.888,12.658,13.001,11.979,9.360,7.825,7.478,5.962,0.000,6.050,8.533
15.867,15.745,16.214,16.018,15.599,15.135,14.773,15.403,16.069,16.374,16.639,16.531,17.769,16.969,16.520,15.754,14.283,13.130,13.256,12.270,9.760,8.409,7.630,6.050,0.000,6.653
16.115,16.210,16.531,16.433,16.151,15.773,15.253,15.830,16.181,16.695,16.729,17.135,17.633,17.891,17.285,16.623,16.119,14.870,14.122,13.880,12.495,10.559,9.482,8.533,6.653,0.000