c1,c2,c3,c4,c5,c6,c7,c8,c9,c10,c11,c12,c13,c14,c15,c16,c17,c18,c19,c20,c21,c22,c23,c24,c25,c26
0.000,6.164,7.602,9.906,11.684,14.479,15.411,15.436,15.496,14.965,12.923,12.608,13.003,12.780,13.976,14.613,14.919,15.252,15.918,15.897,16.517,16.517,16.592,16.177,15.976,15.806
6.164,0.000,5.841,7.613,8.963,11.942,13.684,14.596,14.217,13.179,11.199,10.460,11.325,12.090,12.982,13.769,14.279,14.905,15.984,16.002,16.664,16.754,16.799,16.279,16.004,15.758
7.602,5.841,0.000,5.837,7.313,9.503,11.455,13.260,13.517,12.143,10.222,9.577,10.707,11.217,13.046,12.753,12.845,13.423,14.739,15.233,16.327,16.606,16.524,15.917,15.932,15.636
9.906,7.613,5.837,0.000,5.823,7.658,9.482,10.785,11.191,10.835,8.467,9.284,11.107,11.960,13.501,13.804,14.190,14.833,15.814,16.013,16.776,17.004,16.817,16.256,16.170,15.939
11.684,8.963,7.313,5.823,0.000,5.889,6.808,8.397,9.719,9.695,9.346,8.086,10.537,11.664,12.595,12.144,12.805,12.925,13.776,14.247,15.175,15.879,15.449,15.067,15.537,15.792
14.479,11.942,9.503,7.658,5.889,0.000,5.659,7.488,7.668,8.697,9.318,10.032,12.624,13.637,15.024,14.070,14.582,15.334,15.479,15.346,15.638,16.011,15.732,15.307,15.414,15.845
15.411,13.684,11.455,9.482,6.808,5.659,0.000,5.289,7.800,7.885,9.859,9.645,12.645,13.446,14.239,13.356,13.417,13.969,14.539,13.906,14.107,14.840,14.503,14.238,14.645,15.347
15.436,14.596,13.260,10.785,8.397,7.488,5.289,0.000,5.472,6.277,9.142,9.231,12.578,14.191,14.466,13.335,13.909,14.276,14.927,15.225,14.851,15.473,15.135,14.906,15.302,15.825
15.496,14.217,13.517,11.191,9.719,7.668,7.800,5.472,0.000,5.749,8.476,9.883,12.398,14.856,15.569,13.990,14.736,15.589,16.100,16.391,16.689,16.776,16.526,16.317,16.546,16.650
14.965,13.179,12.143,10.835,9.695,8.697,7.885,6.277,5.749,0.000,5.989,7.330,9.408,11.477,13.097,12.457,13.043,13.960,15.025,15.687,16.319,16.741,16.280,16.132,16.569,16.764
12.923,11.199,10.222,8.467,9.346,9.318,9.859,9.142,8.476,5.989,0.000,6.162,7.926,9.623,11.062,11.665,13.221,13.833,14.801,15.869,16.675,16.838,16.941,16.673,16.775,16.873
12.608,10.460,9.577,9.284,8.086,10.032,9.645,9.231,9.883,7.330,6.162,0.000,6.448,8.153,8.976,8.758,11.195,12.325,12.914,14.122,15.912,16.408,15.930,15.863,16.420,16.708
13.003,11.325,10.707,11.107,10.537,12.624,12.645,12.578,12.398,9.408,7.926,6.448,0.000,6.397,7.557,7.949,10.178,12.467,13.754,14.540,16.181,16.733,16.417,16.180,16.663,16.837
12.780,12.090,11.217,11.960,11.664,13.637,13.446,14.191,14.856,11.477,9.623,8.153,6.397,0.000,6.364,7.645,9.241,10.867,13.419,14.735,16.326,16.499,16.244,16.069,16.514,16.741
13.976,12.982,13.046,13.501,12.595,15.024,14.239,14.466,15.569,13.097,11.062,8.976,7.557,6.364,0.000,6.297,7.776,9.346,11.510,13.715,15.864,16.007,15.782,15.339,15.903,16.394
14.613,13.769,12.753,13.804,12.144,14.070,13.356,13.335,13.990,12.457,11.665,8.758,7.949,7.645,6.297,0.000,6.146,7.500,9.619,11.427,14.563,15.148,15.198,14.504,15.290,16.022
14.919,14.279,12.845,14.190,12.805,14.582,13.417,13.909,14.736,13.043,13.221,11.195,10.178,9.241,7.776,6.146,0.000,5.891,7.574,9.633,12.557,13.286,14.153,13.449,14.047,15.472
15.252,14.905,13.423,14.833,12.925,15.334,13.969,14.276,15.589,13.960,13.833,12.325,12.467,10.867,9.346,7.500,5.891,0.000,5.786,7.375,10.757,11.387,12.363,12.136,13.096,14.634
15.918,15.984,14.739,15.814,13.776,15.479,14.539,14.927,16.100,15.025,14.801,12.914,13.754,13.419,11.510,9.619,7.574,5.786,0.000,5.935,8.990,10.229,11.310,11.448,12.434,14.513
15.897,16.002,15.233,16.013,14.247,15.346,13.906,15.225,16.391,15.687,15.869,14.122,14.540,14.735,13.715,11.427,9.633,7.375,5.935,0.000,6.420,7.615,8.169,7.886,9.689,11.967
16.517,16.664,16.327,16.776,15.175,15.638,14.107,14.851,16.689,16.319,16.675,15.912,16.181,16.326,15.864,14.563,12.557,10.757,8.990,6.420,0.000,6.147,6.797,7.517,9.568,12.136
16.517,16.754,16.606,17.004,15.879,16.011,14.840,15.473,16.776,16.741,16.838,16.408,16.733,16.499,16.007,15.148,13.286,11.387,10.229,7.615,6.147,0.000,5.786,7.478,8.454,10.752
16.592,16.799,16.524,16.817,15.449,15.732,14.503,15.135,16.526,16.280,16.941,15.930,16.417,16.244,15.782,15.198,14.153,12.363,11.310,8.169,6.797,5.786,0.000,5.777,7.594,9.996
16.177,16.279,15.917,16.256,15.067,15.307,14.238,14.906,16.317,16.132,16.673,15.863,16.180,16.069,15.339,14.504,13.449,12.136,11.448,7.886,7.517,7.478,5.777,0.000,5.900,8.390
15.976,16.004,15.932,16.170,15.537,15.414,14.645,15.302,16.546,16.569,16.775,16.420,16.663,16.514,15.903,15.290,14.047,13.096,12.434,9.689,9.568,8.454,7.594,5.900,0.000,6.499
15.806,15.758,15.636,15.939,15.792,15.845,15.347,15.825,16.650,16.764,16.873,16.708,16.837,16.741,16.394,16.022,15.472,14.634,14.513,11.967,12.136,10.752,9.996,8.390,6.499,0.000