c1,c2,c3,c4,c5,c6,c7,c8,c9,c10,c11,c12,c13,c14,c15,c16,c17,c18,c19,c20,c21,c22,c23,c24,c25,c26
0.000,6.501,8.005,10.427,12.203,15.040,15.468,15.830,16.055,15.500,14.180,13.200,13.777,13.816,14.594,14.764,14.595,14.429,14.418,15.623,15.564,16.616,16.704,16.467,16.056,15.775
6.501,0.000,6.089,7.664,8.926,12.158,13.299,14.134,14.591,13.451,12.064,10.792,12.004,12.506,13.778,13.908,14.088,13.352,13.012,14.461,14.246,15.952,16.374,16.251,15.911,15.539
8.005,6.089,0.000,5.978,7.623,10.538,12.078,13.566,13.514,12.603,10.949,10.030,11.689,12.587,13.901,13.799,13.933,12.989,12.133,14.072,13.308,15.362,15.901,15.944,15.765,15.278
10.427,7.664,5.978,0.000,6.130,8.096,10.220,11.622,11.585,10.950,9.531,9.512,11.679,13.065,14.302,14.349,14.674,13.546,12.036,13.697,12.505,14.741,15.217,15.456,15.419,15.188
12.203,8.926,7.623,6.130,0.000,6.320,7.117,9.424,9.406,9.476,8.842,8.392,11.112,12.665,13.530,13.152,13.748,12.075,10.689,12.140,10.127,13.251,13.648,13.774,14.450,14.714
15.040,12.158,10.538,8.096,6.320,0.000,6.069,7.950,8.055,8.528,9.369,9.531,12.532,14.303,14.722,14.306,14.915,13.555,11.622,12.619,10.076,12.846,13.175,13.301,14.038,14.262
15.468,13.299,12.078,10.220,7.117,6.069,0.000,5.897,8.069,8.427,10.926,10.520,13.471,15.030,14.859,13.927,14.278,12.924,10.905,11.291,7.914,10.844,10.683,11.184,12.523,12.958
15.830,14.134,13.566,11.622,9.424,7.950,5.897,0.000,5.894,6.792,9.947,10.627,13.896,15.889,15.633,14.724,14.977,13.303,10.979,10.451,7.057,9.271,9.480,10.239,12.206,13.010
16.055,14.591,13.514,11.585,9.406,8.055,8.069,5.894,0.000,6.357,9.142,11.194,13.804,16.443,16.518,15.226,15.432,14.653,12.646,12.529,9.792,11.696,11.886,12.405,13.942,14.517
15.500,13.451,12.603,10.950,9.476,8.528,8.427,6.792,6.357,0.000,7.153,8.290,10.538,13.346,14.479,13.924,14.306,12.951,10.964,11.264,9.409,11.251,12.147,12.763,14.212,14.783
14.180,12.064,10.949,9.531,8.842,9.369,10.926,9.947,9.142,7.153,0.000,7.531,8.274,11.084,12.235,12.726,13.487,12.691,10.960,12.141,11.767,13.458,14.420,14.880,15.647,16.233
13.200,10.792,10.030,9.512,8.392,9.531,10.520,10.627,11.194,8.290,7.531,0.000,7.821,8.959,10.163,10.171,10.751,9.825,8.478,10.238,10.788,12.724,13.981,14.531,15.344,16.001
13.777,12.004,11.689,11.679,11.112,12.532,13.471,13.896,13.804,10.538,8.274,7.821,0.000,7.322,7.354,8.651,10.410,10.742,10.849,11.861,13.176,14.309,15.647,16.002,16.500,16.875
13.816,12.506,12.587,13.065,12.665,14.303,15.030,15.889,16.443,13.346,11.084,8.959,7.322,0.000,6.774,7.995,9.492,10.613,11.337,13.267,14.713,15.696,16.786,17.067,17.166,17.259
14.594,13.778,13.901,14.302,13.530,14.722,14.859,15.633,16.518,14.479,12.235,10.163,7.354,6.774,0.000,6.444,8.313,10.135,11.435,13.001,15.267,15.680,16.823,17.018,16.933,17.064
14.764,13.908,13.799,14.349,13.152,14.306,13.927,14.724,15.226,13.924,12.726,10.171,8.651,7.995,6.444,0.000,6.218,7.529,9.623,11.272,14.217,15.661,16.427,15.966,16.197,16.338
14.595,14.088,13.933,14.674,13.748,14.915,14.278,14.977,15.432,14.306,13.487,10.751,10.410,9.492,8.313,6.218,0.000,6.166,8.187,10.594,13.458,15.807,16.870,16.012,15.927,16.188
14.429,13.352,12.989,13.546,12.075,13.555,12.924,13.303,14.653,12.951,12.691,9.825,10.742,10.613,10.135,7.529,6.166,0.000,6.058,7.637,10.342,13.046,14.777,14.190,14.317,14.642
14.418,13.012,12.133,12.036,10.689,11.622,10.905,10.979,12.646,10.964,10.960,8.478,10.849,11.337,11.435,9.623,8.187,6.058,0.000,6.044,7.868,10.213,12.345,12.566,13.494,13.751
15.623,14.461,14.072,13.697,12.140,12.619,11.291,10.451,12.529,11.264,12.141,10.238,11.861,13.267,13.001,11.272,10.594,7.637,6.044,0.000,5.987,7.822,9.720,9.234,10.603,11.365
15.564,14.246,13.308,12.505,10.127,10.076,7.914,7.057,9.792,9.409,11.767,10.788,13.176,14.713,15.267,14.217,13.458,10.342,7.868,5.987,0.000,6.289,6.558,7.001,9.320,10.164
16.616,15.952,15.362,14.741,13.251,12.846,10.844,9.271,11.696,11.251,13.458,12.724,14.309,15.696,15.680,15.661,15.807,13.046,10.213,7.822,6.289,0.000,6.071,7.785,9.203,10.249
16.704,16.374,15.901,15.217,13.648,13.175,10.683,9.480,11.886,12.147,14.420,13.981,15.647,16.786,16.823,16.427,16.870,14.777,12.345,9.720,6.558,6.071,0.000,6.235,7.744,8.866
16.467,16.251,15.944,15.456,13.774,13.301,11.184,10.239,12.405,12.763,14.880,14.531,16.002,17.067,17.018,15.966,16.012,14.190,12.566,9.234,7.001,7.785,6.235,0.000,6.204,8.189
16.056,15.911,15.765,15.419,14.450,14.038,12.523,12.206,13.942,14.212,15.647,15.344,16.500,17.166,16.933,16.197,15.927,14.317,13.494,10.603,9.320,9.203,7.744,6.204,0.000,6.587
15.775,15.539,15.278,15.188,14.714,14.262,12.958,13.010,14.517,14.783,16.233,16.001,16.875,17.259,17.064,16.338,16.188,14.642,13.751,11.365,10.164,10.249,8.866,8.189,6.587,0.000