c1,c2,c3,c4,c5,c6,c7,c8,c9,c10,c11,c12,c13,c14,c15,c16,c17,c18,c19,c20,c21,c22,c23,c24,c25,c26
0.000,5.908,7.559,10.159,12.688,15.290,16.090,16.533,16.436,16.242,15.873,15.680,15.941,15.508,15.701,16.002,15.255,14.309,15.077,14.786,13.902,14.446,15.109,14.869,14.883,14.871
5.908,0.000,5.775,7.341,9.891,12.556,14.356,15.885,15.836,15.697,15.505,15.131,15.345,14.811,14.960,15.292,14.370,13.176,14.356,13.939,12.726,13.563,14.400,14.320,14.334,14.341
7.559,5.775,0.000,5.807,7.242,10.361,12.161,14.966,15.494,15.232,14.958,14.565,14.817,14.314,14.287,14.739,13.712,12.341,13.762,13.308,11.801,13.270,14.163,14.049,14.147,14.177
10.159,7.341,5.807,0.000,5.890,7.482,10.232,12.890,14.429,15.128,14.874,14.351,14.491,13.548,13.766,14.428,13.319,11.962,13.773,13.445,12.127,13.572,14.638,14.588,14.665,14.574
12.688,9.891,7.242,5.890,0.000,5.834,7.238,10.493,12.022,14.148,14.823,14.403,13.805,12.660,12.489,13.142,11.773,10.667,12.382,11.943,10.859,12.675,13.618,13.691,14.057,13.971
15.290,12.556,10.361,7.482,5.834,0.000,5.866,7.849,10.374,12.489,13.914,13.622,13.166,12.064,12.155,13.157,12.309,11.395,13.557,13.371,12.481,13.878,14.926,14.799,14.961,14.834
16.090,14.356,12.161,10.232,7.238,5.866,0.000,6.055,6.784,9.670,10.727,11.360,10.936,10.171,10.465,11.503,10.711,10.424,12.533,12.636,12.077,13.435,14.236,14.521,14.879,14.688
16.533,15.885,14.966,12.890,10.493,7.849,6.055,0.000,6.012,8.857,10.639,10.972,11.337,11.031,11.509,12.725,12.449,12.032,14.008,14.136,13.882,14.773,15.297,15.278,15.442,15.401
16.436,15.836,15.494,14.429,12.022,10.374,6.784,6.012,0.000,6.170,7.299,8.240,8.376,9.012,10.127,11.241,11.152,11.484,13.079,13.642,13.963,14.878,15.546,15.733,16.006,15.915
16.242,15.697,15.232,15.128,14.148,12.489,9.670,8.857,6.170,0.000,5.980,8.235,9.422,10.844,12.077,13.466,13.287,13.203,14.655,15.208,15.471,16.037,16.353,16.419,16.450,16.369
15.873,15.505,14.958,14.874,14.823,13.914,10.727,10.639,7.299,5.980,0.000,6.279,7.709,9.920,10.976,12.586,12.881,12.754,13.997,14.797,15.325,16.061,16.875,16.711,16.819,16.800
15.680,15.131,14.565,14.351,14.403,13.622,11.360,10.972,8.240,8.235,6.279,0.000,6.455,8.530,10.066,11.342,12.186,12.314,13.078,13.990,14.963,15.701,16.532,17.061,16.814,16.892
15.941,15.345,14.817,14.491,13.805,13.166,10.936,11.337,8.376,9.422,7.709,6.455,0.000,6.532,7.764,9.367,9.881,10.777,11.967,12.544,13.563,14.752,15.977,16.720,17.428,17.009
15.508,14.811,14.314,13.548,12.660,12.064,10.171,11.031,9.012,10.844,9.920,8.530,6.532,0.000,6.626,8.066,8.283,8.755,10.712,11.800,11.902,13.267,15.007,15.771,16.732,16.940
15.701,14.960,14.287,13.766,12.489,12.155,10.465,11.509,10.127,12.077,10.976,10.066,7.764,6.626,0.000,6.613,7.767,7.679,8.464,10.938,11.859,11.891,13.534,15.206,16.368,16.645
16.002,15.292,14.739,14.428,13.142,13.157,11.503,12.725,11.241,13.466,12.586,11.342,9.367,8.066,6.613,0.000,6.278,7.804,7.548,8.412,11.046,11.910,12.150,13.555,15.851,16.241
15.255,14.370,13.712,13.319,11.773,12.309,10.711,12.449,11.152,13.287,12.881,12.186,9.881,8.283,7.767,6.278,0.000,6.094,7.783,7.431,8.295,10.866,12.053,12.224,14.322,15.338
14.309,13.176,12.341,11.962,10.667,11.395,10.424,12.032,11.484,13.203,12.754,12.314,10.777,8.755,7.679,7.804,6.094,0.000,5.926,7.676,7.091,8.368,11.105,12.090,13.266,13.991
15.077,14.356,13.762,13.773,12.382,13.557,12.533,14.008,13.079,14.655,13.997,13.078,11.967,10.712,8.464,7.548,7.783,5.926,0.000,5.740,7.590,7.316,8.815,11.372,13.123,13.297
14.786,13.939,13.308,13.445,11.943,13.371,12.636,14.136,13.642,15.208,14.797,13.990,12.544,11.800,10.938,8.412,7.431,7.676,5.740,0.000,5.776,7.590,7.590,8.953,11.867,12.585
13.902,12.726,11.801,12.127,10.859,12.481,12.077,13.882,13.963,15.471,15.325,14.963,13.563,11.902,11.859,11.046,8.295,7.091,7.590,5.776,0.000,5.712,7.619,7.633,9.976,11.029
14.446,13.563,13.270,13.572,12.675,13.878,13.435,14.773,14.878,16.037,16.061,15.701,14.752,13.267,11.891,11.910,10.866,8.368,7.316,7.590,5.712,0.000,5.756,7.600,8.814,9.749
15.109,14.400,14.163,14.638,13.618,14.926,14.236,15.297,15.546,16.353,16.875,16.532,15.977,15.007,13.534,12.150,12.053,11.105,8.815,7.590,7.619,5.756,0.000,5.999,7.812,8.962
14.869,14.320,14.049,14.588,13.691,14.799,14.521,15.278,15.733,16.419,16.711,17.061,16.720,15.771,15.206,13.555,12.224,12.090,11.372,8.953,7.633,7.600,5.999,0.000,5.914,7.739
14.883,14.334,14.147,14.665,14.057,14.961,14.879,15.442,16.006,16.450,16.819,16.814,17.428,16.732,16.368,15.851,14.322,13.266,13.123,11.867,9.976,8.814,7.812,5.914,0.000,6.251
14.871,14.341,14.177,14.574,13.971,14.834,14.688,15.401,15.915,16.369,16.800,16.892,17.009,16.940,16.645,16.241,15.338,13.991,13.297,12.585,11.029,9.749,8.962,7.739,6.251,0.000