c1,c2,c3,c4,c5,c6,c7,c8,c9,c10,c11,c12,c13,c14,c15,c16,c17,c18,c19,c20,c21,c22,c23,c24,c25,c26
0.000,6.008,7.508,9.560,11.623,13.639,14.387,14.255,14.207,14.426,15.261,15.375,14.806,14.886,15.232,14.502,14.709,14.018,14.376,14.473,14.140,14.634,15.219,15.275,15.153,15.304
6.008,0.000,5.792,7.579,9.120,11.127,12.630,13.487,12.485,13.023,14.493,14.298,13.897,15.052,15.008,14.380,14.201,13.832,14.220,14.081,13.355,14.137,14.649,14.713,14.672,14.882
7.508,5.792,0.000,5.834,7.337,9.078,10.417,12.113,11.849,11.538,13.120,13.624,13.188,14.501,15.582,14.688,15.060,14.284,14.875,14.661,13.629,14.482,15.006,14.951,14.930,15.137
9.560,7.579,5.834,0.000,5.781,7.600,8.894,10.438,11.097,11.553,12.553,13.258,13.734,14.694,15.933,16.482,16.319,15.694,15.927,15.937,14.878,15.545,15.898,15.756,15.393,15.486
11.623,9.120,7.337,5.781,0.000,5.801,7.584,8.169,8.019,9.919,11.433,11.349,12.072,13.776,14.749,15.256,16.354,15.272,15.949,15.576,14.554,15.341,15.559,15.378,15.237,15.347
13.639,11.127,9.078,7.600,5.801,0.000,5.601,7.813,7.759,8.209,10.766,11.499,11.781,13.087,14.804,15.638,16.410,16.452,16.551,16.365,15.267,16.041,16.025,15.823,15.462,15.610
14.387,12.630,10.417,8.894,7.584,5.601,0.000,5.640,7.250,7.073,8.260,10.485,11.414,11.823,13.360,15.120,15.941,16.004,17.126,16.693,15.480,16.155,16.270,16.135,15.721,15.843
14.255,13.487,12.113,10.438,8.169,7.813,5.640,0.000,5.621,7.616,7.376,7.975,10.748,11.840,12.164,13.466,15.244,15.242,16.126,16.572,14.962,15.812,15.830,15.578,15.586,15.798
14.207,12.485,11.849,11.097,8.019,7.759,7.250,5.621,0.000,5.724,7.594,6.788,7.842,10.679,11.936,12.155,13.434,14.017,14.947,15.054,14.496,14.571,14.712,14.522,14.754,15.055
14.426,13.023,11.538,11.553,9.919,8.209,7.073,7.616,5.724,0.000,5.837,7.654,7.284,8.295,11.077,12.212,12.756,13.406,14.931,15.206,14.871,16.057,15.896,15.762,15.940,16.083
15.261,14.493,13.120,12.553,11.433,10.766,8.260,7.376,7.594,5.837,0.000,6.030,7.767,7.343,8.586,10.947,12.356,12.680,14.037,14.952,14.894,15.918,16.783,15.989,16.396,16.451
15.375,14.298,13.624,13.258,11.349,11.499,10.485,7.975,6.788,7.654,6.030,0.000,6.065,7.840,7.784,8.473,10.890,11.569,12.293,12.901,13.415,14.379,15.017,15.140,15.323,15.695
14.806,13.897,13.188,13.734,12.072,11.781,11.414,10.748,7.842,7.284,7.767,6.065,0.000,5.885,7.992,7.935,9.087,10.504,11.878,11.889,12.299,13.587,14.398,14.722,15.542,15.521
14.886,15.052,14.501,14.694,13.776,13.087,11.823,11.840,10.679,8.295,7.343,7.840,5.885,0.000,6.013,8.109,8.876,10.043,12.026,12.851,12.771,13.868,15.189,15.600,16.522,16.770
15.232,15.008,15.582,15.933,14.749,14.804,13.360,12.164,11.936,11.077,8.586,7.784,7.992,6.013,0.000,6.271,8.310,9.379,10.440,12.168,12.921,13.149,14.098,15.167,16.322,16.703
14.502,14.380,14.688,16.482,15.256,15.638,15.120,13.466,12.155,12.212,10.947,8.473,7.935,8.109,6.271,0.000,6.355,7.474,8.015,8.896,11.274,12.191,12.358,13.331,14.915,15.560
14.709,14.201,15.060,16.319,16.354,16.410,15.941,15.244,13.434,12.756,12.356,10.890,9.087,8.876,8.310,6.355,0.000,5.934,7.863,8.573,9.692,11.676,12.810,13.057,14.172,15.364
14.018,13.832,14.284,15.694,15.272,16.452,16.004,15.242,14.017,13.406,12.680,11.569,10.504,10.043,9.379,7.474,5.934,0.000,5.854,7.513,7.801,8.766,11.369,12.274,12.705,13.850
14.376,14.220,14.875,15.927,15.949,16.551,17.126,16.126,14.947,14.931,14.037,12.293,11.878,12.026,10.440,8.015,7.863,5.854,0.000,5.761,7.706,7.605,8.949,11.287,12.344,13.136
14.473,14.081,14.661,15.937,15.576,16.365,16.693,16.572,15.054,15.206,14.952,12.901,11.889,12.851,12.168,8.896,8.573,7.513,5.761,0.000,5.842,7.507,7.919,8.846,11.205,12.195
14.140,13.355,13.629,14.878,14.554,15.267,15.480,14.962,14.496,14.871,14.894,13.415,12.299,12.771,12.921,11.274,9.692,7.801,7.706,5.842,0.000,5.734,7.624,7.230,8.959,10.408
14.634,14.137,14.482,15.545,15.341,16.041,16.155,15.812,14.571,16.057,15.918,14.379,13.587,13.868,13.149,12.191,11.676,8.766,7.605,7.507,5.734,0.000,5.621,7.649,8.390,9.877
15.219,14.649,15.006,15.898,15.559,16.025,16.270,15.830,14.712,15.896,16.783,15.017,14.398,15.189,14.098,12.358,12.810,11.369,8.949,7.919,7.624,5.621,0.000,5.827,7.802,9.188
15.275,14.713,14.951,15.756,15.378,15.823,16.135,15.578,14.522,15.762,15.989,15.140,14.722,15.600,15.167,13.331,13.057,12.274,11.287,8.846,7.230,7.649,5.827,0.000,5.798,7.768
15.153,14.672,14.930,15.393,15.237,15.462,15.721,15.586,14.754,15.940,16.396,15.323,15.542,16.522,16.322,14.915,14.172,12.705,12.344,11.205,8.959,8.390,7.802,5.798,0.000,6.341
15.304,14.882,15.137,15.486,15.347,15.610,15.843,15.798,15.055,16.083,16.451,15.695,15.521,16.770,16.703,15.560,15.364,13.850,13.136,12.195,10.408,9.877,9.188,7.768,6.341,0.000