c1,c2,c3,c4,c5,c6,c7,c8,c9,c10,c11,c12,c13,c14,c15,c16,c17,c18,c19,c20,c21,c22,c23,c24,c25,c26
0.000,6.654,8.157,11.254,14.056,15.788,18.080,17.244,15.804,14.341,10.142,10.286,9.658,9.898,12.302,12.652,13.020,13.709,15.379,15.830,15.926,16.810,17.540,17.535,17.480,17.378
6.654,0.000,6.116,7.983,11.308,13.584,15.855,14.223,12.279,10.460,5.774,7.385,7.607,9.311,11.654,11.895,12.195,12.927,14.879,15.483,15.404,16.777,17.754,17.825,17.807,17.745
8.157,6.116,0.000,5.978,8.357,9.955,12.689,12.203,11.287,9.884,7.180,5.365,8.248,8.371,10.659,9.584,8.875,9.026,11.265,11.686,11.687,13.803,15.395,16.112,16.701,17.265
11.254,7.983,5.978,0.000,6.055,7.580,9.906,8.863,6.199,7.009,5.758,7.279,10.881,12.142,14.531,12.662,12.559,12.346,14.330,13.821,13.424,15.519,16.593,16.835,17.003,17.304
14.056,11.308,8.357,6.055,0.000,6.135,5.656,4.871,6.793,4.986,7.560,5.940,10.461,11.908,13.010,10.273,10.555,9.739,11.364,10.397,10.295,12.671,14.003,14.680,15.654,16.488
15.788,13.584,9.955,7.580,6.135,0.000,6.801,8.238,7.944,9.859,11.693,10.478,14.974,15.287,15.893,13.860,12.827,11.565,13.180,11.671,10.202,11.926,13.093,13.192,14.179,15.423
18.080,15.855,12.689,9.906,5.656,6.801,0.000,5.194,8.030,8.946,12.721,11.077,15.161,16.403,16.300,13.826,13.098,11.764,13.017,11.436,9.814,11.665,12.539,12.865,14.287,15.500
17.244,14.223,12.203,8.863,4.871,8.238,5.194,0.000,6.022,5.071,10.040,10.087,13.867,16.144,16.422,13.605,13.628,13.042,14.234,12.751,11.941,13.983,14.847,14.903,16.034,16.642
15.804,12.279,11.287,6.199,6.793,7.944,8.030,6.022,0.000,7.709,11.005,11.406,15.001,17.343,17.899,15.762,15.681,15.498,16.721,15.332,14.620,16.467,16.562,16.384,17.013,17.012
14.341,10.460,9.884,7.009,4.986,9.859,8.946,5.071,7.709,0.000,7.804,8.154,11.293,13.688,14.374,11.753,12.539,12.358,13.783,12.809,13.096,15.284,16.076,16.546,17.146,17.467
10.142,5.774,7.180,5.758,7.560,11.693,12.721,10.040,11.005,7.804,0.000,8.627,10.228,12.462,12.962,11.495,12.317,12.836,14.564,14.448,14.784,16.475,17.268,17.320,17.460,17.607
10.286,7.385,5.365,7.279,5.940,10.478,11.077,10.087,11.406,8.154,8.627,0.000,8.375,10.197,9.811,7.465,8.050,8.433,10.512,10.375,11.146,13.055,14.759,15.574,16.416,17.184
9.658,7.607,8.248,10.881,10.461,14.974,15.161,13.867,15.001,11.293,10.228,8.375,0.000,7.775,8.326,8.019,9.372,10.577,12.112,12.726,13.665,15.147,16.589,17.242,17.658,17.921
9.898,9.311,8.371,12.142,11.908,15.287,16.403,16.144,17.343,13.688,12.462,10.197,7.775,0.000,8.001,8.687,8.643,9.768,11.752,12.505,12.965,14.198,15.983,16.570,17.079,17.723
12.302,11.654,10.659,14.531,13.010,15.893,16.300,16.422,17.899,14.374,12.962,9.811,8.326,8.001,0.000,8.044,9.053,8.916,10.166,11.820,12.804,13.348,15.050,16.344,16.875,17.589
12.652,11.895,9.584,12.662,10.273,13.860,13.826,13.605,15.762,11.753,11.495,7.465,8.019,8.687,8.044,0.000,7.084,8.711,8.011,8.933,11.259,12.225,13.594,14.916,16.128,17.114
13.020,12.195,8.875,12.559,10.555,12.827,13.098,13.628,15.681,12.539,12.317,8.050,9.372,8.643,9.053,7.084,0.000,6.626,8.609,8.033,9.142,11.535,13.124,14.318,15.265,16.720
13.709,12.927,9.026,12.346,9.739,11.565,11.764,13.042,15.498,12.358,12.836,8.433,10.577,9.768,8.916,8.711,6.626,0.000,6.522,8.142,7.626,8.789,11.726,13.213,14.230,15.867
15.379,14.879,11.265,14.330,11.364,13.180,13.017,14.234,16.721,13.783,14.564,10.512,12.112,11.752,10.166,8.011,8.609,6.522,0.000,6.136,8.212,7.955,9.749,12.377,13.787,15.523
15.830,15.483,11.686,13.821,10.397,11.671,11.436,12.751,15.332,12.809,14.448,10.375,12.726,12.505,11.820,8.933,8.033,8.142,6.136,0.000,6.375,8.210,8.811,10.787,12.989,14.996
15.926,15.404,11.687,13.424,10.295,10.202,9.814,11.941,14.620,13.096,14.784,11.146,13.665,12.965,12.804,11.259,9.142,7.626,8.212,6.375,0.000,6.351,7.916,9.090,10.850,13.464
16.810,16.777,13.803,15.519,12.671,11.926,11.665,13.983,16.467,15.284,16.475,13.055,15.147,14.198,13.348,12.225,11.535,8.789,7.955,8.210,6.351,0.000,6.092,8.061,9.422,12.103
17.540,17.754,15.395,16.593,14.003,13.093,12.539,14.847,16.562,16.076,17.268,14.759,16.589,15.983,15.050,13.594,13.124,11.726,9.749,8.811,7.916,6.092,0.000,5.980,7.668,10.722
17.535,17.825,16.112,16.835,14.680,13.192,12.865,14.903,16.384,16.546,17.320,15.574,17.242,16.570,16.344,14.916,14.318,13.213,12.377,10.787,9.090,8.061,5.980,0.000,6.186,9.019
17.480,17.807,16.701,17.003,15.654,14.179,14.287,16.034,17.013,17.146,17.460,16.416,17.658,17.079,16.875,16.128,15.265,14.230,13.787,12.989,10.850,9.422,7.668,6.186,0.000,7.313
17.378,17.745,17.265,17.304,16.488,15.423,15.500,16.642,17.012,17.467,17.607,17.184,17.921,17.723,17.589,17.114,16.720,15.867,15.523,14.996,13.464,12.103,10.722,9.019,7.313,0.000