c1,c2,c3,c4,c5,c6,c7,c8,c9,c10,c11,c12,c13,c14,c15,c16,c17,c18,c19,c20,c21,c22,c23,c24,c25,c26
0.000,6.753,8.261,11.186,14.041,15.532,17.942,17.199,15.369,14.230,10.048,10.243,10.152,10.840,13.305,13.288,13.569,14.288,15.649,16.342,16.640,17.520,17.557,17.528,17.489,17.028
6.753,0.000,6.218,8.164,11.350,13.532,15.953,14.434,12.223,10.581,6.089,7.387,7.968,9.585,12.212,11.752,11.846,12.673,14.249,15.147,15.117,17.285,17.652,17.776,17.682,17.132
8.261,6.218,0.000,6.051,8.485,9.877,12.761,12.431,11.233,9.904,7.185,5.406,8.475,8.760,11.242,9.668,8.887,9.174,11.098,12.179,12.095,14.703,15.708,16.489,16.960,16.886
11.186,8.164,6.051,0.000,6.200,7.623,9.909,8.858,6.145,6.944,5.799,7.171,10.856,12.310,14.779,12.416,12.205,12.093,13.343,13.095,12.174,15.147,15.915,16.334,16.970,16.766
14.041,11.350,8.485,6.200,0.000,6.286,5.754,4.993,6.737,4.974,7.571,6.113,10.571,12.262,13.477,10.325,10.619,9.346,9.978,9.005,7.821,11.092,12.382,13.263,15.103,15.733
15.532,13.532,9.877,7.623,6.286,0.000,6.859,8.384,7.928,9.856,11.785,10.635,15.056,15.541,16.505,14.231,13.096,11.706,12.981,11.658,8.901,11.748,12.054,12.152,13.662,14.577
17.942,15.953,12.761,9.909,5.754,6.859,0.000,5.257,8.073,8.989,12.814,11.476,15.338,16.814,16.736,14.167,13.541,11.818,12.121,10.509,7.085,9.732,10.124,10.793,12.980,14.340
17.199,14.434,12.431,8.858,4.993,8.384,5.257,0.000,6.228,5.253,10.158,10.537,14.008,16.499,17.025,13.908,14.031,12.760,12.576,11.040,8.432,11.568,12.384,13.020,15.163,15.501
15.369,12.223,11.233,6.145,6.737,7.928,8.073,6.228,0.000,7.999,11.078,11.609,14.996,17.462,18.102,15.637,15.941,14.986,15.227,14.003,11.951,14.865,15.264,15.326,16.753,16.579
14.230,10.581,9.904,6.944,4.974,9.856,8.989,5.253,7.999,0.000,8.318,8.612,11.408,13.844,14.648,11.443,12.460,11.499,11.823,11.173,10.357,13.110,14.626,15.538,17.065,16.829
10.048,6.089,7.185,5.799,7.571,11.785,12.814,10.158,11.078,8.318,0.000,8.628,10.158,12.465,13.084,10.977,12.332,12.260,13.223,13.516,13.201,16.017,17.024,17.364,17.814,17.595
10.243,7.387,5.406,7.171,6.113,10.635,11.476,10.537,11.609,8.612,8.628,0.000,8.301,10.039,9.894,7.188,8.068,7.987,9.410,10.035,10.891,13.167,14.795,15.843,16.946,17.047
10.152,7.968,8.475,10.856,10.571,15.056,15.338,14.008,14.996,11.408,10.158,8.301,0.000,8.231,8.046,7.424,9.617,10.700,11.795,12.926,14.011,15.882,17.188,17.435,17.723,17.792
10.840,9.585,8.760,12.310,12.262,15.541,16.814,16.499,17.462,13.844,12.465,10.039,8.231,0.000,8.301,8.441,9.772,10.610,12.379,13.478,14.658,15.990,17.072,17.121,17.358,17.576
13.305,12.212,11.242,14.779,13.477,16.505,16.736,17.025,18.102,14.648,13.084,9.894,8.046,8.301,0.000,8.453,9.668,10.238,11.015,12.898,14.576,15.749,16.892,17.067,17.376,17.526
13.288,11.752,9.668,12.416,10.325,14.231,14.167,13.908,15.637,11.443,10.977,7.188,7.424,8.441,8.453,0.000,7.221,8.337,8.416,9.625,12.172,13.437,15.130,15.822,16.779,16.919
13.569,11.846,8.887,12.205,10.619,13.096,13.541,14.031,15.941,12.460,12.332,8.068,9.617,9.772,9.668,7.221,0.000,6.794,8.341,9.347,11.398,13.048,14.702,15.504,16.311,17.009
14.288,12.673,9.174,12.093,9.346,11.706,11.818,12.760,14.986,11.499,12.260,7.987,10.700,10.610,10.238,8.337,6.794,0.000,6.886,8.400,9.811,11.304,13.463,14.597,15.610,16.182
15.649,14.249,11.098,13.343,9.978,12.981,12.121,12.576,15.227,11.823,13.223,9.410,11.795,12.379,11.015,8.416,8.341,6.886,0.000,6.450,8.949,10.004,12.135,13.969,15.685,16.176
16.342,15.147,12.179,13.095,9.005,11.658,10.509,11.040,14.003,11.173,13.516,10.035,12.926,13.478,12.898,9.625,9.347,8.400,6.450,0.000,6.557,7.953,10.388,12.185,14.519,15.593
16.640,15.117,12.095,12.174,7.821,8.901,7.085,8.432,11.951,10.357,13.201,10.891,14.011,14.658,14.576,12.172,11.398,9.811,8.949,6.557,0.000,6.580,8.014,9.811,12.095,13.900
17.520,17.285,14.703,15.147,11.092,11.748,9.732,11.568,14.865,13.110,16.017,13.167,15.882,15.990,15.749,13.437,13.048,11.304,10.004,7.953,6.580,0.000,6.226,8.192,10.365,12.382
17.557,17.652,15.708,15.915,12.382,12.054,10.124,12.384,15.264,14.626,17.024,14.795,17.188,17.072,16.892,15.130,14.702,13.463,12.135,10.388,8.014,6.226,0.000,6.128,7.929,10.153
17.528,17.776,16.489,16.334,13.263,12.152,10.793,13.020,15.326,15.538,17.364,15.843,17.435,17.121,17.067,15.822,15.504,14.597,13.969,12.185,9.811,8.192,6.128,0.000,6.327,8.466
17.489,17.682,16.960,16.970,15.103,13.662,12.980,15.163,16.753,17.065,17.814,16.946,17.723,17.358,17.376,16.779,16.311,15.610,15.685,14.519,12.095,10.365,7.929,6.327,0.000,7.315
17.028,17.132,16.886,16.766,15.733,14.577,14.340,15.501,16.579,16.829,17.595,17.047,17.792,17.576,17.526,16.919,17.009,16.182,16.176,15.593,13.900,12.382,10.153,8.466,7.315,0.000