c1,c2,c3,c4,c5,c6,c7,c8,c9,c10,c11,c12,c13,c14,c15,c16,c17,c18,c19,c20,c21,c22,c23,c24,c25,c26
0.000,6.649,8.212,11.201,14.067,15.764,18.106,17.241,15.801,14.304,10.085,10.403,9.696,10.235,12.616,12.959,13.121,13.747,15.615,16.030,16.094,16.942,17.587,17.544,17.523,17.334
6.649,0.000,6.074,7.953,11.299,13.562,15.872,14.211,12.318,10.472,5.834,7.481,7.679,9.437,11.791,12.154,12.084,12.818,15.083,15.769,15.516,16.951,17.879,17.860,17.861,17.655
8.212,6.074,0.000,5.959,8.391,10.024,12.728,12.187,11.269,9.861,7.161,5.325,8.209,8.348,10.546,9.708,8.663,8.906,11.526,12.145,12.101,14.122,15.559,15.977,16.594,17.024
11.201,7.953,5.959,0.000,6.056,7.573,9.914,8.862,6.193,6.985,5.754,7.295,10.883,12.123,14.480,12.819,12.200,12.098,14.601,14.205,13.585,15.712,16.853,16.704,16.911,17.174
14.067,11.299,8.391,6.056,0.000,6.139,5.657,4.858,6.803,4.976,7.572,6.007,10.556,11.901,13.015,10.444,10.071,9.679,11.794,10.954,10.617,12.967,14.115,14.155,15.194,16.103
15.764,13.562,10.024,7.573,6.139,0.000,6.924,8.204,7.929,9.839,11.684,10.506,15.022,15.254,15.851,14.026,12.475,11.367,13.419,12.288,10.559,12.408,13.672,13.306,14.008,15.173
18.106,15.872,12.728,9.914,5.657,6.924,0.000,5.164,8.015,8.945,12.756,11.114,15.298,16.400,16.288,14.001,12.799,11.547,13.306,11.783,9.911,11.718,12.643,12.370,13.715,14.987
17.241,14.211,12.187,8.862,4.858,8.204,5.164,0.000,5.943,5.037,10.044,10.105,13.927,16.165,16.484,13.846,13.236,12.860,14.528,13.078,11.843,13.959,14.758,14.177,15.453,16.251
15.801,12.318,11.269,6.193,6.803,7.929,8.015,5.943,0.000,7.499,11.014,11.432,15.083,17.357,17.947,15.937,15.208,15.145,16.991,15.703,14.563,16.509,16.681,15.986,16.705,16.909
14.304,10.472,9.861,6.985,4.976,9.839,8.945,5.037,7.499,0.000,7.732,8.194,11.401,13.673,14.418,11.959,12.053,12.031,14.101,12.945,12.879,15.111,15.964,15.920,16.850,17.317
10.085,5.834,7.161,5.754,7.572,11.684,12.756,10.044,11.014,7.732,0.000,8.676,10.437,12.486,13.101,11.702,11.978,12.439,14.740,14.721,14.689,16.456,17.384,17.024,17.275,17.581
10.403,7.481,5.325,7.295,6.007,10.506,11.114,10.105,11.432,8.194,8.676,0.000,8.325,10.133,9.989,7.624,7.695,8.127,10.681,10.727,11.272,13.126,14.652,15.126,16.368,17.000
9.696,7.679,8.209,10.883,10.556,15.022,15.298,13.927,15.083,11.401,10.437,8.325,0.000,7.825,8.618,8.110,9.260,10.496,12.197,12.900,13.734,15.029,16.479,16.987,17.734,17.887
10.235,9.437,8.348,12.123,11.901,15.254,16.400,16.165,17.357,13.673,12.486,10.133,7.825,0.000,8.018,8.932,8.494,9.340,11.616,12.558,12.837,13.964,15.749,16.228,17.085,17.707
12.616,11.791,10.546,14.480,13.015,15.851,16.288,16.484,17.947,14.418,13.101,9.989,8.618,8.018,0.000,8.177,9.367,8.739,9.959,12.045,12.815,13.111,14.762,15.965,16.830,17.447
12.959,12.154,9.708,12.819,10.444,14.026,14.001,13.846,15.937,11.959,11.702,7.624,8.110,8.932,8.177,0.000,7.148,8.748,7.730,9.007,11.332,12.314,13.169,14.386,16.093,16.840
13.121,12.084,8.663,12.200,10.071,12.475,12.799,13.236,15.208,12.053,11.978,7.695,9.260,8.494,9.367,7.148,0.000,6.629,8.732,8.203,8.983,11.615,12.851,13.464,14.880,16.208
13.747,12.818,8.906,12.098,9.679,11.367,11.547,12.860,15.145,12.031,12.439,8.127,10.496,9.340,8.739,8.748,6.629,0.000,6.349,8.468,7.385,8.621,11.433,12.617,13.545,14.909
15.615,15.083,11.526,14.601,11.794,13.419,13.306,14.528,16.991,14.101,14.740,10.681,12.197,11.616,9.959,7.730,8.732,6.349,0.000,6.185,8.362,7.971,9.426,12.152,13.558,14.510
16.030,15.769,12.145,14.205,10.954,12.288,11.783,13.078,15.703,12.945,14.721,10.727,12.900,12.558,12.045,9.007,8.203,8.468,6.185,0.000,6.421,8.437,8.349,10.085,12.722,14.103
16.094,15.516,12.101,13.585,10.617,10.559,9.911,11.843,14.563,12.879,14.689,11.272,13.734,12.837,12.815,11.332,8.983,7.385,8.362,6.421,0.000,6.366,8.031,8.513,10.417,12.503
16.942,16.951,14.122,15.712,12.967,12.408,11.718,13.959,16.509,15.111,16.456,13.126,15.029,13.964,13.111,12.314,11.615,8.621,7.971,8.437,6.366,0.000,6.229,8.075,9.127,11.016
17.587,17.879,15.559,16.853,14.115,13.672,12.643,14.758,16.681,15.964,17.384,14.652,16.479,15.749,14.762,13.169,12.851,11.433,9.426,8.349,8.031,6.229,0.000,6.224,8.001,9.996
17.544,17.860,15.977,16.704,14.155,13.306,12.370,14.177,15.986,15.920,17.024,15.126,16.987,16.228,15.965,14.386,13.464,12.617,12.152,10.085,8.513,8.075,6.224,0.000,6.389,9.074
17.523,17.861,16.594,16.911,15.194,14.008,13.715,15.453,16.705,16.850,17.275,16.368,17.734,17.085,16.830,16.093,14.880,13.545,13.558,12.722,10.417,9.127,8.001,6.389,0.000,7.299
17.334,17.655,17.024,17.174,16.103,15.173,14.987,16.251,16.909,17.317,17.581,17.000,17.887,17.707,17.447,16.840,16.208,14.909,14.510,14.103,12.503,11.016,9.996,9.074,7.299,0.000