c1,c2,c3,c4,c5,c6,c7,c8,c9,c10,c11,c12,c13,c14,c15,c16,c17,c18,c19,c20,c21,c22,c23,c24,c25,c26
0.000,6.676,8.247,11.338,14.112,15.822,18.185,17.379,16.018,14.428,10.261,10.319,9.412,9.401,12.098,12.551,12.841,13.724,15.431,15.831,16.464,17.136,17.611,17.548,17.643,17.359
6.676,0.000,6.071,7.983,11.255,13.582,15.886,14.250,12.349,10.424,5.709,7.376,7.412,8.980,11.609,11.790,12.060,13.231,14.896,15.324,15.949,17.196,17.895,17.916,17.987,17.749
8.247,6.071,0.000,5.962,8.248,9.895,12.685,12.174,11.363,9.879,7.190,5.440,8.278,8.127,10.573,9.524,8.572,9.257,11.299,11.544,12.264,14.082,15.526,16.175,16.890,17.227
11.338,7.983,5.962,0.000,6.119,7.538,9.930,8.901,6.295,7.050,5.759,7.374,10.982,12.076,14.717,12.760,12.326,12.637,14.351,13.478,13.743,15.537,16.665,16.840,17.120,17.285
14.112,11.255,8.248,6.119,0.000,6.151,5.656,4.854,6.799,4.998,7.575,6.011,10.599,11.926,13.174,10.264,9.998,10.036,11.267,9.890,10.523,12.513,13.795,14.421,15.623,16.467
15.822,13.582,9.895,7.538,6.151,0.000,6.993,8.265,7.961,9.905,11.738,10.517,15.041,15.124,16.045,14.033,12.441,11.884,13.212,11.469,10.411,11.891,13.040,13.148,14.210,15.519
18.185,15.886,12.685,9.930,5.656,6.993,0.000,5.234,8.087,8.958,12.769,11.154,15.310,16.422,16.432,13.953,12.783,12.007,12.965,11.118,9.823,11.105,11.989,12.394,13.998,15.370
17.379,14.250,12.174,8.901,4.854,8.265,5.234,0.000,6.148,5.176,10.081,10.114,13.947,16.134,16.576,13.702,13.328,13.226,14.047,12.360,11.858,13.398,14.483,14.498,15.796,16.477
16.018,12.349,11.363,6.295,6.799,7.961,8.087,6.148,0.000,7.887,11.012,11.419,15.113,17.275,17.986,15.728,15.337,15.663,16.601,14.944,14.640,16.150,16.521,16.163,16.924,17.115
14.428,10.424,9.879,7.050,4.998,9.905,8.958,5.176,7.887,0.000,7.960,8.186,11.502,13.748,14.442,11.634,12.216,12.568,13.549,12.250,13.027,14.666,15.751,16.182,16.997,17.335
10.261,5.709,7.190,5.759,7.575,11.738,12.769,10.081,11.012,7.960,0.000,8.729,10.597,12.640,13.063,11.279,12.175,13.090,14.418,14.014,15.168,16.551,17.282,17.208,17.483,17.605
10.319,7.376,5.440,7.374,6.011,10.517,11.154,10.114,11.419,8.186,8.729,0.000,8.287,10.081,9.806,7.172,7.834,8.945,10.456,10.052,11.606,13.233,14.901,15.705,16.548,17.083
9.412,7.412,8.278,10.982,10.599,15.041,15.310,13.947,15.113,11.502,10.597,8.287,0.000,7.709,8.169,7.707,9.340,10.775,12.033,12.490,14.013,15.409,16.724,17.268,17.752,17.867
9.401,8.980,8.127,12.076,11.926,15.124,16.422,16.134,17.275,13.748,12.640,10.081,7.709,0.000,8.068,8.732,8.828,9.822,11.873,12.323,13.226,14.486,16.051,16.554,17.162,17.539
12.098,11.609,10.573,14.717,13.174,16.045,16.432,16.576,17.986,14.442,13.063,9.806,8.169,8.068,0.000,8.296,9.381,9.077,10.199,11.622,12.978,13.596,15.154,16.291,16.872,17.304
12.551,11.790,9.524,12.760,10.264,14.033,13.953,13.702,15.728,11.634,11.279,7.172,7.707,8.732,8.296,0.000,7.244,8.822,8.004,8.736,11.316,12.243,13.543,14.805,16.109,16.730
12.841,12.060,8.572,12.326,9.998,12.441,12.783,13.328,15.337,12.216,12.175,7.834,9.340,8.828,9.381,7.244,0.000,6.845,8.885,7.876,9.174,11.583,12.954,14.163,15.283,16.385
13.724,13.231,9.257,12.637,10.036,11.884,12.007,13.226,15.663,12.568,13.090,8.945,10.775,9.822,9.077,8.822,6.845,0.000,6.530,8.271,7.615,8.791,11.519,13.007,14.284,15.479
15.431,14.896,11.299,14.351,11.267,13.212,12.965,14.047,16.601,13.549,14.418,10.456,12.033,11.873,10.199,8.004,8.885,6.530,0.000,6.171,8.389,8.090,9.688,12.074,13.672,14.840
15.831,15.324,11.544,13.478,9.890,11.469,11.118,12.360,14.944,12.250,14.014,10.052,12.490,12.323,11.622,8.736,7.876,8.271,6.171,0.000,6.307,8.300,8.739,10.784,12.935,14.486
16.464,15.949,12.264,13.743,10.523,10.411,9.823,11.858,14.640,13.027,15.168,11.606,14.013,13.226,12.978,11.316,9.174,7.615,8.389,6.307,0.000,6.384,8.095,9.492,11.401,13.496
17.136,17.196,14.082,15.537,12.513,11.891,11.105,13.398,16.150,14.666,16.551,13.233,15.409,14.486,13.596,12.243,11.583,8.791,8.090,8.300,6.384,0.000,6.318,8.056,9.712,11.758
17.611,17.895,15.526,16.665,13.795,13.040,11.989,14.483,16.521,15.751,17.282,14.901,16.724,16.051,15.154,13.543,12.954,11.519,9.688,8.739,8.095,6.318,0.000,6.190,7.936,10.292
17.548,17.916,16.175,16.840,14.421,13.148,12.394,14.498,16.163,16.182,17.208,15.705,17.268,16.554,16.291,14.805,14.163,13.007,12.074,10.784,9.492,8.056,6.190,0.000,6.494,9.070
17.643,17.987,16.890,17.120,15.623,14.210,13.998,15.796,16.924,16.997,17.483,16.548,17.752,17.162,16.872,16.109,15.283,14.284,13.672,12.935,11.401,9.712,7.936,6.494,0.000,7.375
17.359,17.749,17.227,17.285,16.467,15.519,15.370,16.477,17.115,17.335,17.605,17.083,17.867,17.539,17.304,16.730,16.385,15.479,14.840,14.486,13.496,11.758,10.292,9.070,7.375,0.000