c1,c2,c3,c4,c5,c6,c7,c8,c9,c10,c11,c12,c13,c14,c15,c16,c17,c18,c19,c20,c21,c22,c23,c24,c25,c26
0.000,6.600,8.128,11.273,14.053,15.802,18.128,17.285,15.892,14.364,10.161,10.322,9.626,9.826,12.305,12.723,13.091,13.646,15.445,15.990,16.050,16.898,17.558,17.518,17.549,17.316
6.600,0.000,6.088,7.970,11.247,13.581,15.866,14.222,12.297,10.436,5.725,7.370,7.509,9.191,11.643,11.945,12.181,12.784,14.887,15.649,15.458,16.870,17.772,17.815,17.877,17.661
8.128,6.088,0.000,5.953,8.261,9.926,12.680,12.185,11.309,9.871,7.178,5.368,8.277,8.340,10.611,9.694,8.912,8.916,11.335,11.950,11.848,13.920,15.393,15.939,16.645,17.018
11.273,7.970,5.953,0.000,6.019,7.566,9.914,8.874,6.221,7.022,5.752,7.317,10.927,12.169,14.570,12.823,12.610,12.227,14.376,14.029,13.474,15.491,16.551,16.613,16.901,17.121
14.053,11.247,8.261,6.019,0.000,6.107,5.662,4.859,6.803,4.984,7.563,5.974,10.524,11.947,13.058,10.444,10.604,9.657,11.458,10.635,10.428,12.734,13.964,14.482,15.517,16.209
15.802,13.581,9.926,7.566,6.107,0.000,6.791,8.239,7.956,9.861,11.698,10.512,15.027,15.314,15.935,14.047,12.929,11.494,13.215,11.903,10.283,11.920,13.156,13.131,14.045,15.185
18.128,15.866,12.680,9.914,5.662,6.791,0.000,5.172,8.022,8.940,12.741,11.103,15.294,16.489,16.383,14.051,13.253,11.740,13.144,11.631,9.989,11.611,12.498,12.567,14.025,15.204
17.285,14.222,12.185,8.874,4.859,8.239,5.172,0.000,5.952,5.038,10.047,10.111,13.926,16.193,16.521,13.846,13.697,12.993,14.328,12.845,11.919,13.902,14.728,14.555,15.850,16.411
15.892,12.297,11.309,6.221,6.803,7.956,8.022,5.952,0.000,7.536,10.921,11.414,15.048,17.368,17.945,15.935,15.660,15.345,16.770,15.324,14.492,16.374,16.527,16.081,16.842,16.912
14.364,10.436,9.871,7.022,4.984,9.861,8.940,5.038,7.536,0.000,7.669,8.099,11.342,13.692,14.437,11.962,12.540,12.146,13.834,12.877,12.863,15.111,15.971,16.233,17.041,17.323
10.161,5.725,7.178,5.752,7.563,11.698,12.741,10.047,10.921,7.669,0.000,8.647,10.369,12.519,13.064,11.676,12.364,12.654,14.549,14.532,14.626,16.474,17.231,17.095,17.398,17.535
10.322,7.370,5.368,7.317,5.974,10.512,11.103,10.111,11.414,8.099,8.647,0.000,8.461,10.185,9.935,7.677,8.110,8.270,10.529,10.564,11.117,13.105,14.718,15.448,16.458,16.985
9.626,7.509,8.277,10.927,10.524,15.027,15.294,13.926,15.048,11.342,10.369,8.461,0.000,7.828,8.470,8.058,9.429,10.504,12.122,12.881,13.676,15.211,16.631,17.067,17.727,17.851
9.826,9.191,8.340,12.169,11.947,15.314,16.489,16.193,17.368,13.692,12.519,10.185,7.828,0.000,7.990,8.763,8.779,9.695,11.743,12.663,13.045,14.340,15.985,16.386,17.059,17.562
12.305,11.643,10.611,14.570,13.058,15.935,16.383,16.521,17.945,14.437,13.064,9.935,8.470,7.990,0.000,8.094,9.194,8.929,10.254,11.996,12.920,13.620,15.164,16.262,16.893,17.350
12.723,11.945,9.694,12.823,10.444,14.047,14.051,13.846,15.935,11.962,11.676,7.677,8.058,8.763,8.094,0.000,7.152,8.780,8.085,9.125,11.352,12.451,13.723,14.801,16.260,16.837
13.091,12.181,8.912,12.610,10.604,12.929,13.253,13.697,15.660,12.540,12.364,8.110,9.429,8.779,9.194,7.152,0.000,6.680,8.677,8.200,9.238,11.785,13.249,14.140,15.362,16.381
13.646,12.784,8.916,12.227,9.657,11.494,11.740,12.993,15.345,12.146,12.654,8.270,10.504,9.695,8.929,8.780,6.680,0.000,6.540,8.215,7.683,9.035,11.829,13.189,14.304,15.373
15.445,14.887,11.335,14.376,11.458,13.215,13.144,14.328,16.770,13.834,14.549,10.529,12.122,11.743,10.254,8.085,8.677,6.540,0.000,6.247,8.312,8.252,9.986,12.569,14.072,14.937
15.990,15.649,11.950,14.029,10.635,11.903,11.631,12.845,15.324,12.877,14.532,10.564,12.881,12.663,11.996,9.125,8.200,8.215,6.247,0.000,6.524,8.425,9.078,10.885,13.500,14.712
16.050,15.458,11.848,13.474,10.428,10.283,9.989,11.919,14.492,12.863,14.626,11.117,13.676,13.045,12.920,11.352,9.238,7.683,8.312,6.524,0.000,6.476,8.072,9.083,11.116,13.112
16.898,16.870,13.920,15.491,12.734,11.920,11.611,13.902,16.374,15.111,16.474,13.105,15.211,14.340,13.620,12.451,11.785,9.035,8.252,8.425,6.476,0.000,6.296,8.085,9.633,11.474
17.558,17.772,15.393,16.551,13.964,13.156,12.498,14.728,16.527,15.971,17.231,14.718,16.631,15.985,15.164,13.723,13.249,11.829,9.986,9.078,8.072,6.296,0.000,6.234,7.938,10.187
17.518,17.815,15.939,16.613,14.482,13.131,12.567,14.555,16.081,16.233,17.095,15.448,17.067,16.386,16.262,14.801,14.140,13.189,12.569,10.885,9.083,8.085,6.234,0.000,6.451,9.007
17.549,17.877,16.645,16.901,15.517,14.045,14.025,15.850,16.842,17.041,17.398,16.458,17.727,17.059,16.893,16.260,15.362,14.304,14.072,13.500,11.116,9.633,7.938,6.451,0.000,7.359
17.316,17.661,17.018,17.121,16.209,15.185,15.204,16.411,16.912,17.323,17.535,16.985,17.851,17.562,17.350,16.837,16.381,15.373,14.937,14.712,13.112,11.474,10.187,9.007,7.359,0.000