c1,c2,c3,c4,c5,c6,c7,c8,c9,c10,c11,c12,c13,c14,c15,c16,c17,c18,c19,c20,c21,c22,c23,c24,c25,c26
0.000,6.047,7.574,10.424,12.578,15.528,16.290,14.776,14.235,15.151,14.762,13.776,14.561,14.478,15.116,14.852,14.673,13.913,14.589,14.570,13.918,14.631,14.935,15.116,15.179,15.328
6.047,0.000,5.842,7.657,9.931,12.899,14.551,13.426,12.238,13.389,13.461,12.245,13.564,14.402,15.177,14.622,14.556,13.392,14.312,14.101,13.034,13.997,14.272,14.581,14.634,14.977
7.574,5.842,0.000,5.828,7.378,10.021,11.669,11.451,10.747,11.716,11.577,10.798,12.278,13.563,14.412,13.775,13.445,12.370,13.314,13.334,12.350,13.518,14.159,14.448,14.784,15.131
10.424,7.657,5.828,0.000,5.834,7.924,9.679,9.672,9.459,11.020,11.607,11.518,13.615,15.019,15.996,15.391,15.114,13.929,14.674,14.065,12.836,13.759,14.182,14.536,14.878,15.446
12.578,9.931,7.378,5.834,0.000,5.777,6.883,6.648,6.439,8.425,9.411,9.360,11.731,13.557,14.648,13.874,13.969,13.239,14.169,13.644,12.392,13.464,14.098,14.248,14.855,15.371
15.528,12.899,10.021,7.924,5.777,0.000,5.527,7.840,7.680,9.203,11.359,11.971,13.525,14.629,15.983,15.732,15.589,15.131,15.708,14.935,13.736,13.984,14.387,14.445,14.759,15.435
16.290,14.551,11.669,9.679,6.883,5.527,0.000,5.539,7.492,7.891,9.600,11.135,13.250,13.895,15.031,15.178,14.887,14.718,15.849,14.877,13.672,14.236,14.763,14.829,15.338,15.690
14.776,13.426,11.451,9.672,6.648,7.840,5.539,0.000,5.806,7.244,8.299,9.117,12.291,13.797,14.478,14.100,14.291,13.786,15.001,14.629,13.698,14.406,15.093,15.156,15.747,15.981
14.235,12.238,10.747,9.459,6.439,7.680,7.492,5.806,0.000,5.926,8.246,8.177,10.327,13.162,14.238,13.049,13.621,13.417,14.715,14.481,14.225,15.011,15.608,15.604,16.066,16.158
15.151,13.389,11.716,11.020,8.425,9.203,7.891,7.244,5.926,0.000,6.083,8.010,9.049,11.356,13.075,12.343,12.983,12.876,14.705,14.714,14.851,15.974,16.467,16.514,16.812,16.839
14.762,13.461,11.577,11.607,9.411,11.359,9.600,8.299,8.246,6.083,0.000,6.304,8.022,9.830,11.283,10.931,12.106,11.991,13.872,14.203,14.510,15.752,16.366,16.176,16.639,16.748
13.776,12.245,10.798,11.518,9.360,11.971,11.135,9.117,8.177,8.010,6.304,0.000,6.450,8.654,9.663,8.456,10.045,9.987,12.050,12.633,13.211,14.516,15.446,15.709,16.306,16.502
14.561,13.564,12.278,13.615,11.731,13.525,13.250,12.291,10.327,9.049,8.022,6.450,0.000,6.732,7.593,7.591,9.214,10.452,12.548,13.196,13.601,14.876,15.689,16.241,17.002,16.777
14.478,14.402,13.563,15.019,13.557,14.629,13.895,13.797,13.162,11.356,9.830,8.654,6.732,0.000,6.335,7.517,8.860,9.939,12.368,13.073,12.843,14.130,15.327,15.946,16.781,16.859
15.116,15.177,14.412,15.996,14.648,15.983,15.031,14.478,14.238,13.075,11.283,9.663,7.593,6.335,0.000,6.718,8.069,9.437,10.432,12.524,12.969,13.478,14.497,15.865,16.631,16.769
14.852,14.622,13.775,15.391,13.874,15.732,15.178,14.100,13.049,12.343,10.931,8.456,7.591,7.517,6.718,0.000,6.257,7.549,8.242,9.288,11.529,12.918,13.422,14.687,16.005,16.216
14.673,14.556,13.445,15.114,13.969,15.589,14.887,14.291,13.621,12.983,12.106,10.045,9.214,8.860,8.069,6.257,0.000,5.859,7.531,8.357,9.192,12.201,13.379,13.887,14.919,15.686
13.913,13.392,12.370,13.929,13.239,15.131,14.718,13.786,13.417,12.876,11.991,9.987,10.452,9.939,9.437,7.549,5.859,0.000,5.853,7.531,7.206,9.144,11.729,13.345,13.873,14.465
14.589,14.312,13.314,14.674,14.169,15.708,15.849,15.001,14.715,14.705,13.872,12.050,12.548,12.368,10.432,8.242,7.531,5.853,0.000,5.657,7.718,8.246,10.086,12.833,14.157,13.976
14.570,14.101,13.334,14.065,13.644,14.935,14.877,14.629,14.481,14.714,14.203,12.633,13.196,13.073,12.524,9.288,8.357,7.531,5.657,0.000,5.869,7.701,8.739,11.041,13.260,14.179
13.918,13.034,12.350,12.836,12.392,13.736,13.672,13.698,14.225,14.851,14.510,13.211,13.601,12.843,12.969,11.529,9.192,7.206,7.718,5.869,0.000,5.916,7.546,9.091,11.288,12.850
14.631,13.997,13.518,13.759,13.464,13.984,14.236,14.406,15.011,15.974,15.752,14.516,14.876,14.130,13.478,12.918,12.201,9.144,8.246,7.701,5.916,0.000,6.021,7.681,9.479,10.756
14.935,14.272,14.159,14.182,14.098,14.387,14.763,15.093,15.608,16.467,16.366,15.446,15.689,15.327,14.497,13.422,13.379,11.729,10.086,8.739,7.546,6.021,0.000,5.920,7.586,9.076
15.116,14.581,14.448,14.536,14.248,14.445,14.829,15.156,15.604,16.514,16.176,15.709,16.241,15.946,15.865,14.687,13.887,13.345,12.833,11.041,9.091,7.681,5.920,0.000,5.992,7.770
15.179,14.634,14.784,14.878,14.855,14.759,15.338,15.747,16.066,16.812,16.639,16.306,17.002,16.781,16.631,16.005,14.919,13.873,14.157,13.260,11.288,9.479,7.586,5.992,0.000,6.219
15.328,14.977,15.131,15.446,15.371,15.435,15.690,15.981,16.158,16.839,16.748,16.502,16.777,16.859,16.769,16.216,15.686,14.465,13.976,14.179,12.850,10.756,9.076,7.770,6.219,0.000