c1,c2,c3,c4,c5,c6,c7,c8,c9,c10,c11,c12,c13,c14,c15,c16,c17,c18,c19,c20,c21,c22,c23,c24,c25,c26
0.000,6.101,7.513,10.334,10.894,14.425,15.557,15.244,16.332,15.741,16.160,15.292,16.115,15.657,15.829,15.434,15.304,14.871,14.309,14.999,14.921,15.573,15.697,15.751,15.781,15.664
6.101,0.000,5.928,7.335,6.682,10.774,12.544,12.852,14.909,14.965,15.512,14.494,15.495,15.011,14.998,14.759,14.750,14.213,13.706,14.096,14.007,14.862,15.081,15.149,15.284,15.297
7.513,5.928,0.000,5.340,7.673,10.611,12.943,13.737,16.108,16.141,16.438,15.348,16.230,15.599,15.754,15.304,15.443,14.980,14.631,15.115,14.806,15.552,15.646,15.571,15.477,15.314
10.334,7.335,5.340,0.000,5.788,8.275,11.356,12.733,15.321,16.072,16.792,15.735,16.051,15.368,15.135,14.606,15.008,14.908,15.035,15.031,15.011,15.803,15.916,15.871,15.783,15.745
10.894,6.682,7.673,5.788,0.000,5.918,8.271,8.971,11.886,12.969,14.613,14.988,15.960,15.642,15.603,15.233,15.372,14.515,13.998,13.353,12.876,14.146,14.352,14.608,14.886,14.955
14.425,10.774,10.611,8.275,5.918,0.000,6.127,7.655,9.659,11.649,14.081,14.892,15.810,15.616,15.689,15.225,15.419,14.712,14.617,13.098,12.348,13.604,14.036,14.449,14.969,15.095
15.557,12.544,12.943,11.356,8.271,6.127,0.000,5.903,7.827,9.145,11.774,13.346,15.791,16.541,16.875,16.796,16.637,14.726,14.101,11.927,10.614,11.870,12.406,13.264,14.426,14.812
15.244,12.852,13.737,12.733,8.971,7.655,5.903,0.000,6.141,7.342,10.216,12.031,15.044,16.504,16.989,16.781,16.533,13.730,13.096,10.882,9.296,10.696,11.358,12.433,13.829,14.308
16.332,14.909,16.108,15.321,11.886,9.659,7.827,6.141,0.000,6.183,8.082,10.682,13.423,15.674,17.657,17.315,15.902,12.412,11.774,9.277,8.160,9.444,10.415,11.764,13.401,14.257
15.741,14.965,16.141,16.072,12.969,11.649,9.145,7.342,6.183,0.000,6.260,7.750,10.903,13.261,16.091,16.293,14.608,11.394,10.249,8.895,6.751,9.083,9.642,10.837,12.560,13.433
16.160,15.512,16.438,16.792,14.613,14.081,11.774,10.216,8.082,6.260,0.000,6.164,7.699,10.632,13.311,13.269,11.826,7.990,8.077,8.023,8.134,10.441,11.410,12.249,13.696,14.549
15.292,14.494,15.348,15.735,14.988,14.892,13.346,12.031,10.682,7.750,6.164,0.000,6.112,7.485,10.760,11.856,10.437,8.255,6.295,8.568,7.888,10.388,11.041,11.691,12.935,13.611
16.115,15.495,16.230,16.051,15.960,15.810,15.791,15.044,13.423,10.903,7.699,6.112,0.000,6.218,7.826,8.107,8.235,6.990,7.962,10.978,11.343,13.749,14.014,14.338,15.194,15.546
15.657,15.011,15.599,15.368,15.642,15.616,16.541,16.504,15.674,13.261,10.632,7.485,6.218,0.000,5.483,7.969,7.184,8.796,7.506,11.556,12.173,13.903,14.452,14.287,14.532,14.944
15.829,14.998,15.754,15.135,15.603,15.689,16.875,16.989,17.657,16.091,13.311,10.760,7.826,5.483,0.000,5.495,6.507,9.716,9.851,13.799,14.880,16.225,16.078,15.634,15.895,16.210
15.434,14.759,15.304,14.606,15.233,15.225,16.796,16.781,17.315,16.293,13.269,11.856,8.107,7.969,5.495,0.000,5.718,8.457,10.208,13.523,15.389,16.434,15.945,15.439,16.062,16.344
15.304,14.750,15.443,15.008,15.372,15.419,16.637,16.533,15.902,14.608,11.826,10.437,8.235,7.184,6.507,5.718,0.000,5.802,7.287,10.621,12.877,15.029,15.640,14.968,15.231,15.943
14.871,14.213,14.980,14.908,14.515,14.712,14.726,13.730,12.412,11.394,7.990,8.255,6.990,8.796,9.716,8.457,5.802,0.000,6.002,7.837,10.301,12.642,13.925,14.006,14.158,14.863
14.309,13.706,14.631,15.035,13.998,14.617,14.101,13.096,11.774,10.249,8.077,6.295,7.962,7.506,9.851,10.208,7.287,6.002,0.000,5.924,7.590,9.833,11.276,12.188,13.131,14.008
14.999,14.096,15.115,15.031,13.353,13.098,11.927,10.882,9.277,8.895,8.023,8.568,10.978,11.556,13.799,13.523,10.621,7.837,5.924,0.000,5.943,7.949,9.377,10.548,12.004,13.497
14.921,14.007,14.806,15.011,12.876,12.348,10.614,9.296,8.160,6.751,8.134,7.888,11.343,12.173,14.880,15.389,12.877,10.301,7.590,5.943,0.000,5.829,7.277,8.777,10.552,12.327
15.573,14.862,15.552,15.803,14.146,13.604,11.870,10.696,9.444,9.083,10.441,10.388,13.749,13.903,16.225,16.434,15.029,12.642,9.833,7.949,5.829,0.000,5.929,7.558,8.948,10.929
15.697,15.081,15.646,15.916,14.352,14.036,12.406,11.358,10.415,9.642,11.410,11.041,14.014,14.452,16.078,15.945,15.640,13.925,11.276,9.377,7.277,5.929,0.000,5.893,7.587,9.293
15.751,15.149,15.571,15.871,14.608,14.449,13.264,12.433,11.764,10.837,12.249,11.691,14.338,14.287,15.634,15.439,14.968,14.006,12.188,10.548,8.777,7.558,5.893,0.000,6.028,8.050
15.781,15.284,15.477,15.783,14.886,14.969,14.426,13.829,13.401,12.560,13.696,12.935,15.194,14.532,15.895,16.062,15.231,14.158,13.131,12.004,10.552,8.948,7.587,6.028,0.000,6.510
15.664,15.297,15.314,15.745,14.955,15.095,14.812,14.308,14.257,13.433,14.549,13.611,15.546,14.944,16.210,16.344,15.943,14.863,14.008,13.497,12.327,10.929,9.293,8.050,6.510,0.000