c1,c2,c3,c4,c5,c6,c7,c8,c9,c10,c11,c12,c13,c14,c15,c16,c17,c18,c19,c20,c21,c22,c23,c24,c25,c26
0.000,6.105,8.324,10.100,11.479,13.693,12.814,12.274,14.464,14.998,14.161,15.267,16.921,16.838,16.593,16.929,17.048,16.923,17.012,16.835,16.541,16.642,16.441,16.224,15.906,15.903
6.105,0.000,6.341,7.342,7.263,9.970,9.338,8.663,11.164,11.898,11.146,11.865,14.171,15.261,15.317,16.281,16.682,16.633,16.721,16.609,16.280,16.516,16.313,16.153,15.754,15.764
8.324,6.341,0.000,5.390,7.666,9.241,9.291,10.063,12.476,12.696,12.195,13.951,15.679,16.566,16.939,17.397,17.380,17.151,17.248,16.993,16.711,16.772,16.464,16.276,15.867,15.842
10.100,7.342,5.390,0.000,5.747,6.809,7.314,8.753,10.930,11.563,11.530,12.992,14.654,15.815,16.637,17.661,17.212,17.218,17.288,17.047,16.613,16.684,16.285,16.145,15.749,15.736
11.479,7.263,7.666,5.747,0.000,5.551,7.291,6.490,7.905,10.940,11.867,11.347,12.770,15.057,15.605,16.462,17.311,17.048,16.998,16.623,16.166,16.174,15.617,15.350,15.062,15.257
13.693,9.970,9.241,6.809,5.551,0.000,5.456,7.394,7.157,8.207,11.288,12.182,11.592,13.421,15.185,15.927,16.096,17.275,16.732,16.422,15.816,16.083,15.516,15.291,14.983,15.202
12.814,9.338,9.291,7.314,7.291,5.456,0.000,5.525,7.272,6.916,8.072,10.992,12.278,12.307,13.571,15.168,15.552,16.251,17.245,16.423,15.849,16.004,15.658,15.287,15.088,15.168
12.274,8.663,10.063,8.753,6.490,7.394,5.525,0.000,5.495,7.365,7.143,7.925,11.313,12.584,12.631,14.020,15.056,15.864,16.399,16.929,15.545,15.847,15.204,14.935,14.877,15.095
14.464,11.164,12.476,10.930,7.905,7.157,7.272,5.495,0.000,5.558,7.526,6.988,8.316,11.386,12.630,12.747,13.538,14.955,15.592,15.730,15.611,14.917,14.592,14.187,14.399,14.807
14.998,11.898,12.696,11.563,10.940,8.207,6.916,7.365,5.558,0.000,5.600,7.441,7.455,8.910,11.519,12.802,12.604,13.764,14.894,15.108,14.657,15.549,14.522,14.312,14.473,15.099
14.161,11.146,12.195,11.530,11.867,11.288,8.072,7.143,7.526,5.600,0.000,5.604,7.676,8.045,9.522,11.910,12.842,13.097,13.868,14.340,13.958,14.612,15.547,14.394,14.842,15.172
15.267,11.865,13.951,12.992,11.347,12.182,10.992,7.925,6.988,7.441,5.604,0.000,5.795,7.749,8.578,10.162,12.120,13.157,12.858,13.144,13.212,13.979,14.602,15.255,14.717,15.359
16.921,14.171,15.679,14.654,12.770,11.592,12.278,11.313,8.316,7.455,7.676,5.795,0.000,5.923,8.021,9.068,10.079,12.238,12.607,12.346,12.411,13.714,14.269,14.882,15.867,15.635
16.838,15.261,16.566,15.815,15.057,13.421,12.307,12.584,11.386,8.910,8.045,7.749,5.923,0.000,6.115,7.693,8.477,9.848,11.183,11.942,11.631,12.891,14.295,15.040,15.800,16.508
16.593,15.317,16.939,16.637,15.605,15.185,13.571,12.631,12.630,11.519,9.522,8.578,8.021,6.115,0.000,6.036,7.934,8.928,9.232,11.096,11.696,12.173,13.570,14.745,15.578,16.245
16.929,16.281,17.397,17.661,16.462,15.927,15.168,14.020,12.747,12.802,11.910,10.162,9.068,7.693,6.036,0.000,6.037,7.653,7.905,9.077,10.874,12.105,12.976,13.926,15.288,15.951
17.048,16.682,17.380,17.212,17.311,16.096,15.552,15.056,13.538,12.604,12.842,12.120,10.079,8.477,7.934,6.037,0.000,5.714,7.831,8.729,9.983,12.010,13.504,13.613,14.500,15.703
16.923,16.633,17.151,17.218,17.048,17.275,16.251,15.864,14.955,13.764,13.097,13.157,12.238,9.848,8.928,7.653,5.714,0.000,5.869,7.842,8.961,10.141,12.505,13.378,13.737,14.863
17.012,16.721,17.248,17.288,16.998,16.732,17.245,16.399,15.592,14.894,13.868,12.858,12.607,11.183,9.232,7.905,7.831,5.869,0.000,5.864,7.711,8.550,10.426,12.284,13.593,14.287
16.835,16.609,16.993,17.047,16.623,16.422,16.423,16.929,15.730,15.108,14.340,13.144,12.346,11.942,11.096,9.077,8.729,7.842,5.864,0.000,5.866,7.671,8.960,10.549,12.742,13.978
16.541,16.280,16.711,16.613,16.166,15.816,15.849,15.545,15.611,14.657,13.958,13.212,12.411,11.631,11.696,10.874,9.983,8.961,7.711,5.866,0.000,5.866,7.474,8.350,10.311,12.490
16.642,16.516,16.772,16.684,16.174,16.083,16.004,15.847,14.917,15.549,14.612,13.979,13.714,12.891,12.173,12.105,12.010,10.141,8.550,7.671,5.866,0.000,5.804,7.727,9.028,10.837
16.441,16.313,16.464,16.285,15.617,15.516,15.658,15.204,14.592,14.522,15.547,14.602,14.269,14.295,13.570,12.976,13.504,12.505,10.426,8.960,7.474,5.804,0.000,5.724,7.478,9.255
16.224,16.153,16.276,16.145,15.350,15.291,15.287,14.935,14.187,14.312,14.394,15.255,14.882,15.040,14.745,13.926,13.613,13.378,12.284,10.549,8.350,7.727,5.724,0.000,5.805,7.842
15.906,15.754,15.867,15.749,15.062,14.983,15.088,14.877,14.399,14.473,14.842,14.717,15.867,15.800,15.578,15.288,14.500,13.737,13.593,12.742,10.311,9.028,7.478,5.805,0.000,6.219
15.903,15.764,15.842,15.736,15.257,15.202,15.168,15.095,14.807,15.099,15.172,15.359,15.635,16.508,16.245,15.951,15.703,14.863,14.287,13.978,12.490,10.837,9.255,7.842,6.219,0.000