c1,c2,c3,c4,c5,c6,c7,c8,c9,c10,c11,c12,c13,c14,c15,c16,c17,c18,c19,c20,c21,c22,c23,c24,c25,c26
0.000,6.264,7.761,10.245,11.281,13.732,14.573,15.363,15.677,15.091,14.352,13.732,14.527,14.733,14.925,15.324,15.452,15.037,15.550,15.253,15.167,15.134,15.309,15.124,14.978,15.196
6.264,0.000,6.085,7.456,7.523,10.857,11.881,13.122,13.902,13.245,12.315,11.594,13.045,13.661,13.959,14.517,14.628,13.769,14.410,14.148,14.087,14.359,14.702,14.786,14.747,15.110
7.761,6.085,0.000,5.669,7.568,9.996,11.558,13.122,13.705,12.896,11.742,11.188,12.666,13.512,13.880,14.329,14.691,13.407,13.987,13.844,13.629,13.789,14.256,14.122,14.143,14.700
10.245,7.456,5.669,0.000,5.949,7.856,10.105,11.470,12.172,11.857,11.116,10.452,12.597,13.646,13.958,14.272,14.642,13.112,13.800,13.573,13.404,13.662,14.353,14.256,14.416,15.055
11.281,7.523,7.568,5.949,0.000,5.972,7.271,9.238,10.086,10.054,9.762,9.140,11.673,12.833,12.943,13.091,13.440,11.542,12.259,12.311,12.018,13.091,14.005,14.187,14.688,15.282
13.732,10.857,9.996,7.856,5.972,0.000,6.028,7.725,8.516,9.033,9.889,9.523,12.367,13.364,13.329,13.409,13.762,11.536,12.924,12.620,12.443,13.201,14.413,14.418,14.710,15.304
14.573,11.881,11.558,10.105,7.271,6.028,0.000,5.738,8.137,8.299,10.444,9.847,12.832,13.791,13.334,13.111,12.802,10.574,10.954,11.353,10.609,12.512,13.628,14.461,14.912,15.475
15.363,13.122,13.122,11.470,9.238,7.725,5.738,0.000,5.747,6.776,9.559,10.044,12.872,14.349,13.631,12.937,12.845,10.419,11.379,11.894,11.896,13.292,14.559,15.069,15.504,15.994
15.677,13.902,13.705,12.172,10.086,8.516,8.137,5.747,0.000,6.072,8.809,10.450,12.819,14.881,14.656,13.745,13.793,12.421,13.014,13.815,13.864,14.724,15.685,15.760,16.033,16.326
15.091,13.245,12.896,11.857,10.054,9.033,8.299,6.776,6.072,0.000,6.384,7.808,9.902,12.129,12.596,11.938,12.247,11.045,12.238,13.253,14.004,15.243,16.015,16.121,16.349,16.657
14.352,12.315,11.742,11.116,9.762,9.889,10.444,9.559,8.809,6.384,0.000,6.750,8.095,9.908,10.936,11.226,11.946,11.126,12.867,14.096,14.866,15.869,16.759,16.653,16.722,16.918
13.732,11.594,11.188,10.452,9.140,9.523,9.847,10.044,10.450,7.808,6.750,0.000,6.908,8.627,9.271,8.980,10.111,9.269,11.041,12.018,13.745,14.896,15.824,16.468,16.597,16.924
14.527,13.045,12.666,12.597,11.673,12.367,12.832,12.872,12.819,9.902,8.095,6.908,0.000,6.590,7.448,8.289,9.615,10.331,12.326,13.417,14.525,15.625,16.195,16.728,17.297,17.213
14.733,13.661,13.512,13.646,12.833,13.364,13.791,14.349,14.881,12.129,9.908,8.627,6.590,0.000,6.340,7.927,9.230,9.638,12.364,13.562,14.034,15.073,16.003,16.538,16.932,17.418
14.925,13.959,13.880,13.958,12.943,13.329,13.334,13.631,14.656,12.596,10.936,9.271,7.448,6.340,0.000,6.362,8.055,8.413,10.579,12.591,13.985,14.205,14.999,15.938,16.449,17.029
15.324,14.517,14.329,14.272,13.091,13.409,13.111,12.937,13.745,11.938,11.226,8.980,8.289,7.927,6.362,0.000,6.146,7.865,9.406,11.042,13.641,14.877,14.402,15.165,16.138,16.858
15.452,14.628,14.691,14.642,13.440,13.762,12.802,12.845,13.793,12.247,11.946,10.111,9.615,9.230,8.055,6.146,0.000,6.000,7.943,9.597,11.729,14.167,15.284,14.729,15.494,16.562
15.037,13.769,13.407,13.112,11.542,11.536,10.574,10.419,12.421,11.045,11.126,9.269,10.331,9.638,8.413,7.865,6.000,0.000,5.869,7.406,9.119,11.205,14.016,14.894,14.828,15.705
15.550,14.410,13.987,13.800,12.259,12.924,10.954,11.379,13.014,12.238,12.867,11.041,12.326,12.364,10.579,9.406,7.943,5.869,0.000,5.792,7.534,9.448,11.846,13.903,15.151,15.429
15.253,14.148,13.844,13.573,12.311,12.620,11.353,11.894,13.815,13.253,14.096,12.018,13.417,13.562,12.591,11.042,9.597,7.406,5.792,0.000,5.797,7.240,9.428,11.408,13.722,15.322
15.167,14.087,13.629,13.404,12.018,12.443,10.609,11.896,13.864,14.004,14.866,13.745,14.525,14.034,13.985,13.641,11.729,9.119,7.534,5.797,0.000,5.768,7.746,9.436,11.743,14.230
15.134,14.359,13.789,13.662,13.091,13.201,12.512,13.292,14.724,15.243,15.869,14.896,15.625,15.073,14.205,14.877,14.167,11.205,9.448,7.240,5.768,0.000,5.813,7.476,9.288,11.911
15.309,14.702,14.256,14.353,14.005,14.413,13.628,14.559,15.685,16.015,16.759,15.824,16.195,16.003,14.999,14.402,15.284,14.016,11.846,9.428,7.746,5.813,0.000,6.003,7.607,10.087
15.124,14.786,14.122,14.256,14.187,14.418,14.461,15.069,15.760,16.121,16.653,16.468,16.728,16.538,15.938,15.165,14.729,14.894,13.903,11.408,9.436,7.476,6.003,0.000,6.258,8.447
14.978,14.747,14.143,14.416,14.688,14.710,14.912,15.504,16.033,16.349,16.722,16.597,17.297,16.932,16.449,16.138,15.494,14.828,15.151,13.722,11.743,9.288,7.607,6.258,0.000,6.962
15.196,15.110,14.700,15.055,15.282,15.304,15.475,15.994,16.326,16.657,16.918,16.924,17.213,17.418,17.029,16.858,16.562,15.705,15.429,15.322,14.230,11.911,10.087,8.447,6.962,0.000