c1,c2,c3,c4,c5,c6,c7,c8,c9,c10,c11,c12,c13,c14,c15,c16,c17,c18,c19,c20,c21,c22,c23,c24,c25,c26
0.000,6.548,7.987,10.581,12.687,15.099,16.492,16.571,16.250,14.424,12.403,11.650,12.251,12.162,14.016,14.080,13.417,14.126,15.263,15.281,15.457,16.889,17.153,16.829,16.611,16.734
6.548,0.000,6.164,7.729,9.602,12.717,14.748,14.418,14.126,11.969,10.018,8.615,10.470,10.673,12.856,12.507,11.890,12.515,14.060,14.137,14.104,16.040,16.662,16.553,16.402,16.751
7.987,6.164,0.000,6.067,7.896,10.299,12.691,13.249,12.601,10.844,8.493,7.097,9.517,10.064,12.166,11.290,10.705,11.034,12.631,12.643,12.416,14.999,16.071,15.936,16.132,16.712
10.581,7.729,6.067,0.000,6.091,7.826,10.402,10.648,10.272,8.871,7.403,7.452,10.788,11.908,13.876,12.307,11.970,12.133,13.368,12.504,11.901,14.777,15.711,15.482,15.671,16.504
12.687,9.602,7.896,6.091,0.000,6.298,7.308,8.151,8.270,7.407,8.102,7.356,11.378,12.776,13.851,11.650,11.246,10.897,12.071,10.600,8.985,12.306,13.473,13.352,14.216,15.751
15.099,12.717,10.299,7.826,6.298,0.000,5.919,7.632,7.986,8.298,10.001,9.531,13.726,14.973,15.826,13.804,13.325,12.614,13.765,11.690,9.268,12.417,13.437,12.969,13.735,15.168
16.492,14.748,12.691,10.402,7.308,5.919,0.000,5.775,8.081,8.593,12.030,11.613,15.313,16.432,16.468,14.240,13.462,12.019,12.727,10.974,7.127,9.960,10.660,10.303,11.874,13.590
16.571,14.418,13.249,10.648,8.151,7.632,5.775,0.000,5.898,6.085,10.296,10.759,14.451,16.487,16.746,13.770,13.565,12.474,12.787,10.466,6.753,9.565,10.216,10.266,12.311,13.983
16.250,14.126,12.601,10.272,8.270,7.986,8.081,5.898,0.000,6.851,9.909,11.720,14.736,17.283,17.916,15.423,15.204,14.885,15.525,13.526,11.101,13.629,14.087,13.678,14.995,15.904
14.424,11.969,10.844,8.871,7.407,8.298,8.593,6.085,6.851,0.000,7.778,8.304,10.848,13.736,14.561,11.602,11.919,11.931,12.649,10.581,9.583,12.340,13.377,13.445,15.077,16.364
12.403,10.018,8.493,7.403,8.102,10.001,12.030,10.296,9.909,7.778,0.000,7.587,9.184,11.486,12.750,11.206,11.979,12.703,13.865,12.940,12.136,15.298,16.279,15.975,16.816,17.303
11.650,8.615,7.097,7.452,7.356,9.531,11.613,10.759,11.720,8.304,7.587,0.000,7.484,9.014,9.485,7.090,7.589,8.285,9.998,9.391,9.566,12.754,14.271,14.438,15.659,16.686
12.251,10.470,9.517,10.788,11.378,13.726,15.313,14.451,14.736,10.848,9.184,7.484,0.000,7.056,7.226,6.826,8.833,10.702,12.251,11.849,12.810,15.348,16.697,16.503,17.208,17.669
12.162,10.673,10.064,11.908,12.776,14.973,16.432,16.487,17.283,13.736,11.486,9.014,7.056,0.000,7.006,8.155,9.117,10.566,13.110,12.653,13.374,15.609,16.820,16.664,17.040,17.511
14.016,12.856,12.166,13.876,13.851,15.826,16.468,16.746,17.916,14.561,12.750,9.485,7.226,7.006,0.000,7.156,8.604,10.075,11.339,12.019,13.518,15.128,15.976,16.339,16.846,17.382
14.080,12.507,11.290,12.307,11.650,13.804,14.240,13.770,15.423,11.602,11.206,7.090,6.826,8.155,7.156,0.000,6.669,8.183,8.475,8.434,11.216,12.981,14.054,14.066,15.476,16.641
13.417,11.890,10.705,11.970,11.246,13.325,13.462,13.565,15.204,11.919,11.979,7.589,8.833,9.117,8.604,6.669,0.000,6.352,7.894,8.007,9.859,12.562,13.830,13.537,14.367,15.962
14.126,12.515,11.034,12.133,10.897,12.614,12.019,12.474,14.885,11.931,12.703,8.285,10.702,10.566,10.075,8.183,6.352,0.000,6.076,7.608,7.875,9.878,12.039,12.294,12.858,14.524
15.263,14.060,12.631,13.368,12.071,13.765,12.727,12.787,15.525,12.649,13.865,9.998,12.251,13.110,11.339,8.475,7.894,6.076,0.000,5.897,7.939,8.395,10.440,11.581,12.970,14.589
15.281,14.137,12.643,12.504,10.600,11.690,10.974,10.466,13.526,10.581,12.940,9.391,11.849,12.653,12.019,8.434,8.007,7.608,5.897,0.000,5.905,8.152,9.061,9.322,11.385,13.489
15.457,14.104,12.416,11.901,8.985,9.268,7.127,6.753,11.101,9.583,12.136,9.566,12.810,13.374,13.518,11.216,9.859,7.875,7.939,5.905,0.000,6.196,7.233,6.852,9.342,11.855
16.889,16.040,14.999,14.777,12.306,12.417,9.960,9.565,13.629,12.340,15.298,12.754,15.348,15.609,15.128,12.981,12.562,9.878,8.395,8.152,6.196,0.000,5.883,7.635,8.497,10.822
17.153,16.662,16.071,15.711,13.473,13.437,10.660,10.216,14.087,13.377,16.279,14.271,16.697,16.820,15.976,14.054,13.830,12.039,10.440,9.061,7.233,5.883,0.000,6.074,7.853,9.952
16.829,16.553,15.936,15.482,13.352,12.969,10.303,10.266,13.678,13.445,15.975,14.438,16.503,16.664,16.339,14.066,13.537,12.294,11.581,9.322,6.852,7.635,6.074,0.000,6.092,8.615
16.611,16.402,16.132,15.671,14.216,13.735,11.874,12.311,14.995,15.077,16.816,15.659,17.208,17.040,16.846,15.476,14.367,12.858,12.970,11.385,9.342,8.497,7.853,6.092,0.000,6.960
16.734,16.751,16.712,16.504,15.751,15.168,13.590,13.983,15.904,16.364,17.303,16.686,17.669,17.511,17.382,16.641,15.962,14.524,14.589,13.489,11.855,10.822,9.952,8.615,6.960,0.000