c1,c2,c3,c4,c5,c6,c7,c8,c9,c10,c11,c12,c13,c14,c15,c16,c17,c18,c19,c20,c21,c22,c23,c24,c25,c26
0.000,6.558,7.976,10.380,11.615,14.183,14.765,15.801,16.413,15.418,14.317,13.269,14.157,14.180,14.894,15.187,15.146,14.634,15.323,15.329,15.393,16.018,16.285,16.227,16.107,16.332
6.558,0.000,6.290,7.690,7.944,11.305,12.312,13.739,14.721,13.310,12.017,10.933,12.470,12.727,13.907,13.813,13.911,13.070,14.212,14.182,14.094,15.176,15.727,15.715,15.629,16.127
7.976,6.290,0.000,6.019,7.724,9.868,11.390,13.220,13.840,12.495,10.861,10.000,11.623,12.178,13.298,12.901,13.269,12.139,13.468,13.640,13.421,14.881,15.526,15.623,15.737,16.212
10.380,7.690,6.019,0.000,6.115,8.194,9.818,11.565,11.931,10.894,9.168,9.041,11.617,12.542,13.885,12.979,13.649,12.153,13.846,13.617,13.163,14.891,15.478,15.360,15.539,16.169
11.615,7.944,7.724,6.115,0.000,6.368,7.328,9.503,10.194,9.732,8.618,7.821,11.067,12.302,12.993,11.691,12.196,10.281,12.032,11.754,11.160,13.355,14.310,14.414,14.893,15.850
14.183,11.305,9.868,8.194,6.368,0.000,6.159,8.085,8.136,8.427,8.878,9.118,12.226,13.853,14.627,13.000,13.526,11.168,13.219,12.433,11.535,13.602,14.634,14.363,14.823,15.702
14.765,12.312,11.390,9.818,7.328,6.159,0.000,6.074,8.406,8.202,10.490,9.806,12.900,14.346,14.632,12.666,12.298,9.393,11.018,10.142,8.544,11.171,12.142,12.552,13.565,14.658
15.801,13.739,13.220,11.565,9.503,8.085,6.074,0.000,5.985,6.561,9.899,10.041,13.266,15.309,15.451,12.919,12.907,9.867,11.151,10.094,9.065,11.064,12.042,12.454,13.708,14.709
16.413,14.721,13.840,11.931,10.194,8.136,8.406,5.985,0.000,6.516,9.498,11.179,13.786,16.460,16.720,14.442,14.873,12.575,14.089,13.476,12.579,14.146,14.763,14.619,15.529,16.105
15.418,13.310,12.495,10.894,9.732,8.427,8.202,6.561,6.516,0.000,7.267,8.298,10.414,13.278,13.959,11.693,12.726,10.709,12.374,12.144,12.017,13.630,14.497,14.459,15.460,16.341
14.317,12.017,10.861,9.168,8.618,8.878,10.490,9.899,9.498,7.267,0.000,7.628,8.818,11.246,12.409,11.341,13.041,11.668,13.477,14.037,13.883,15.290,15.979,15.781,16.250,16.680
13.269,10.933,10.000,9.041,7.821,9.118,9.806,10.041,11.179,8.298,7.628,0.000,7.921,9.285,10.084,8.540,9.844,8.823,11.061,11.732,11.951,13.437,14.348,14.392,15.007,16.074
14.157,12.470,11.623,11.617,11.067,12.226,12.900,13.266,13.786,10.414,8.818,7.921,0.000,7.528,7.845,7.750,10.304,11.123,13.267,14.222,13.970,15.072,15.964,15.969,16.076,16.618
14.180,12.727,12.178,12.542,12.302,13.853,14.346,15.309,16.460,13.278,11.246,9.285,7.528,0.000,7.081,8.475,10.408,11.499,13.898,14.841,14.371,14.975,15.829,15.812,15.755,16.224
14.894,13.907,13.298,13.885,12.993,14.627,14.632,15.451,16.720,13.959,12.409,10.084,7.845,7.081,0.000,7.137,9.084,10.984,12.722,14.257,14.236,14.893,15.438,15.683,15.701,16.229
15.187,13.813,12.901,12.979,11.691,13.000,12.666,12.919,14.442,11.693,11.341,8.540,7.750,8.475,7.137,0.000,6.832,8.413,10.070,11.254,12.064,13.159,14.165,14.230,14.852,16.105
15.146,13.911,13.269,13.649,12.196,13.526,12.298,12.907,14.873,12.726,13.041,9.844,10.304,10.408,9.084,6.832,0.000,6.643,8.197,9.462,9.590,11.432,12.587,12.587,13.164,14.783
14.634,13.070,12.139,12.153,10.281,11.168,9.393,9.867,12.575,10.709,11.668,8.823,11.123,11.499,10.984,8.413,6.643,0.000,6.344,6.776,6.674,8.799,10.720,11.095,12.066,13.799
15.323,14.212,13.468,13.846,12.032,13.219,11.018,11.151,14.089,12.374,13.477,11.061,13.267,13.898,12.722,10.070,8.197,6.344,0.000,6.051,7.775,8.338,10.345,11.541,12.734,14.160
15.329,14.182,13.640,13.617,11.754,12.433,10.142,10.094,13.476,12.144,14.037,11.732,14.222,14.841,14.257,11.254,9.462,6.776,6.051,0.000,5.824,7.790,8.781,9.641,11.528,13.235
15.393,14.094,13.421,13.163,11.160,11.535,8.544,9.065,12.579,12.017,13.883,11.951,13.970,14.371,14.236,12.064,9.590,6.674,7.775,5.824,0.000,5.972,7.399,7.464,9.715,11.897
16.018,15.176,14.881,14.891,13.355,13.602,11.171,11.064,14.146,13.630,15.290,13.437,15.072,14.975,14.893,13.159,11.432,8.799,8.338,7.790,5.972,0.000,5.853,7.733,8.840,11.037
16.285,15.727,15.526,15.478,14.310,14.634,12.142,12.042,14.763,14.497,15.979,14.348,15.964,15.829,15.438,14.165,12.587,10.720,10.345,8.781,7.399,5.853,0.000,6.234,7.839,9.933
16.227,15.715,15.623,15.360,14.414,14.363,12.552,12.454,14.619,14.459,15.781,14.392,15.969,15.812,15.683,14.230,12.587,11.095,11.541,9.641,7.464,7.733,6.234,0.000,6.352,8.880
16.107,15.629,15.737,15.539,14.893,14.823,13.565,13.708,15.529,15.460,16.250,15.007,16.076,15.755,15.701,14.852,13.164,12.066,12.734,11.528,9.715,8.840,7.839,6.352,0.000,7.156
16.332,16.127,16.212,16.169,15.850,15.702,14.658,14.709,16.105,16.341,16.680,16.074,16.618,16.224,16.229,16.105,14.783,13.799,14.160,13.235,11.897,11.037,9.933,8.880,7.156,0.000