c1,c2,c3,c4,c5,c6,c7,c8,c9,c10,c11,c12,c13,c14,c15,c16,c17,c18,c19,c20,c21,c22,c23,c24,c25,c26
0.000,6.145,7.723,10.418,12.292,14.857,16.101,15.920,15.644,14.687,13.221,12.401,12.933,12.862,13.935,14.336,13.707,12.973,14.438,14.585,13.557,14.382,15.776,15.636,15.428,16.000
6.145,0.000,5.919,7.572,9.209,12.232,14.265,14.085,13.807,12.637,11.280,9.896,11.206,11.581,12.930,13.240,12.469,11.866,13.623,13.784,12.629,13.693,15.236,15.132,14.805,15.645
7.723,5.919,0.000,5.859,7.481,10.073,12.337,12.821,12.454,11.573,9.847,8.927,10.618,11.518,12.737,12.598,11.814,11.225,13.148,13.116,11.779,13.695,15.139,14.969,15.200,16.034
10.418,7.572,5.859,0.000,5.935,7.604,10.386,10.673,10.531,9.843,8.873,8.536,10.740,12.042,13.412,13.226,12.544,12.247,14.238,13.834,12.731,14.576,15.927,15.558,15.655,16.400
12.292,9.209,7.481,5.935,0.000,5.992,7.617,8.493,8.716,8.494,8.650,7.773,10.965,12.464,13.494,12.890,12.231,12.141,13.973,13.283,12.130,14.157,15.190,14.655,15.130,16.047
14.857,12.232,10.073,7.604,5.992,0.000,5.754,7.498,7.795,8.428,9.703,9.604,12.652,13.969,14.813,14.283,13.822,13.653,15.371,14.575,13.247,15.059,15.842,15.000,15.173,15.971
16.101,14.265,12.337,10.386,7.617,5.754,0.000,5.544,7.952,8.581,11.130,10.973,14.066,14.993,15.602,14.918,14.158,14.029,15.656,14.379,12.889,14.543,14.884,14.033,14.437,15.163
15.920,14.085,12.821,10.673,8.493,7.498,5.544,0.000,5.815,6.330,9.618,9.867,13.084,14.892,15.312,14.073,13.729,13.901,15.370,14.499,13.008,14.645,14.884,14.073,14.662,15.426
15.644,13.807,12.454,10.531,8.716,7.795,7.952,5.815,0.000,6.157,8.963,10.460,13.165,15.532,16.055,14.669,14.430,15.003,16.394,15.780,15.102,16.393,16.757,15.903,16.030,16.195
14.687,12.637,11.573,9.843,8.494,8.428,8.581,6.330,6.157,0.000,6.325,7.566,10.243,12.556,13.742,12.295,12.050,12.921,14.404,13.924,13.976,15.944,15.960,15.464,15.815,16.335
13.221,11.280,9.847,8.873,8.650,9.703,11.130,9.618,8.963,6.325,0.000,6.747,8.407,10.409,11.853,11.469,11.401,12.188,14.021,14.353,14.348,15.939,17.155,16.258,16.320,16.695
12.401,9.896,8.927,8.536,7.773,9.604,10.973,9.867,10.460,7.566,6.747,0.000,6.888,8.664,9.339,8.278,8.736,9.663,11.357,11.645,12.305,14.061,15.084,15.336,15.949,16.890
12.933,11.206,10.618,10.740,10.965,12.652,14.066,13.084,13.165,10.243,8.407,6.888,0.000,6.652,7.499,7.566,7.998,9.683,11.234,11.862,12.409,14.064,15.481,16.060,17.034,17.172
12.862,11.581,11.518,12.042,12.464,13.969,14.993,14.892,15.532,12.556,10.409,8.664,6.652,0.000,6.568,7.698,7.551,8.488,10.724,11.793,11.680,13.051,15.165,15.809,16.756,17.628
13.935,12.930,12.737,13.412,13.494,14.813,15.602,15.312,16.055,13.742,11.853,9.339,7.499,6.568,0.000,6.716,7.884,7.732,8.319,11.116,11.693,11.739,13.422,15.462,16.406,17.303
14.336,13.240,12.598,13.226,12.890,14.283,14.918,14.073,14.669,12.295,11.469,8.278,7.566,7.698,6.716,0.000,6.425,7.791,7.105,8.035,10.559,11.359,11.821,13.359,15.646,16.792
13.707,12.469,11.814,12.544,12.231,13.822,14.158,13.729,14.430,12.050,11.401,8.736,7.998,7.551,7.884,6.425,0.000,6.098,7.737,7.071,7.543,10.299,11.542,11.920,13.632,15.820
12.973,11.866,11.225,12.247,12.141,13.653,14.029,13.901,15.003,12.921,12.188,9.663,9.683,8.488,7.732,7.791,6.098,0.000,5.943,7.691,6.484,7.142,10.317,11.437,12.140,14.046
14.438,13.623,13.148,14.238,13.973,15.371,15.656,15.370,16.394,14.404,14.021,11.357,11.234,10.724,8.319,7.105,7.737,5.943,0.000,5.883,7.597,6.412,7.479,10.533,12.004,13.474
14.585,13.784,13.116,13.834,13.283,14.575,14.379,14.499,15.780,13.924,14.353,11.645,11.862,11.793,11.116,8.035,7.071,7.691,5.883,0.000,5.868,7.543,6.645,7.770,10.738,12.644
13.557,12.629,11.779,12.731,12.130,13.247,12.889,13.008,15.102,13.976,14.348,12.305,12.409,11.680,11.693,10.559,7.543,6.484,7.597,5.868,0.000,5.727,7.537,6.677,8.013,10.687
14.382,13.693,13.695,14.576,14.157,15.059,14.543,14.645,16.393,15.944,15.939,14.061,14.064,13.051,11.739,11.359,10.299,7.142,6.412,7.543,5.727,0.000,5.669,7.640,7.549,9.532
15.776,15.236,15.139,15.927,15.190,15.842,14.884,14.884,16.757,15.960,17.155,15.084,15.481,15.165,13.422,11.821,11.542,10.317,7.479,6.645,7.537,5.669,0.000,5.782,7.789,9.251
15.636,15.132,14.969,15.558,14.655,15.000,14.033,14.073,15.903,15.464,16.258,15.336,16.060,15.809,15.462,13.359,11.920,11.437,10.533,7.770,6.677,7.640,5.782,0.000,5.862,8.312
15.428,14.805,15.200,15.655,15.130,15.173,14.437,14.662,16.030,15.815,16.320,15.949,17.034,16.756,16.406,15.646,13.632,12.140,12.004,10.738,8.013,7.549,7.789,5.862,0.000,6.457
16.000,15.645,16.034,16.400,16.047,15.971,15.163,15.426,16.195,16.335,16.695,16.890,17.172,17.628,17.303,16.792,15.820,14.046,13.474,12.644,10.687,9.532,9.251,8.312,6.457,0.000