c1,c2,c3,c4,c5,c6,c7,c8,c9,c10,c11,c12,c13,c14,c15,c16,c17,c18,c19,c20,c21,c22,c23,c24,c25,c26
0.000,6.450,7.705,10.185,11.837,14.320,15.160,15.521,15.912,15.172,13.705,12.894,13.444,13.735,14.543,14.639,14.774,14.534,14.334,15.528,15.490,16.391,16.604,16.471,16.001,15.745
6.450,0.000,6.158,7.586,8.426,11.644,13.111,13.826,14.239,13.231,11.661,10.665,11.960,12.889,14.054,14.032,14.107,13.422,13.031,14.566,14.300,15.924,16.259,16.049,15.537,15.288
7.705,6.158,0.000,6.003,7.599,9.972,12.019,13.041,13.152,12.051,10.339,9.591,11.086,12.197,13.603,13.341,13.391,12.473,11.490,13.566,12.980,15.176,15.721,15.519,15.434,15.124
10.185,7.586,6.003,0.000,6.211,7.998,10.151,11.297,11.292,10.532,8.978,9.385,11.622,13.092,14.526,14.047,14.106,12.878,11.373,13.376,12.235,14.558,15.152,15.159,15.238,15.077
11.837,8.426,7.599,6.211,0.000,6.391,7.499,9.278,9.537,9.141,8.697,8.025,11.062,12.641,13.801,12.967,13.079,11.471,9.921,11.641,9.988,13.066,13.709,13.736,14.317,14.479
14.320,11.644,9.972,7.998,6.391,0.000,5.951,7.824,7.849,8.566,9.226,9.624,12.773,14.496,15.351,14.713,14.710,12.943,10.933,12.316,9.727,12.640,13.266,13.311,14.040,14.271
15.160,13.111,12.019,10.151,7.499,5.951,0.000,5.999,8.072,8.603,11.161,10.935,13.992,15.493,15.541,14.820,14.668,12.825,10.576,11.119,8.118,10.523,10.910,11.430,12.699,13.237
15.521,13.826,13.041,11.297,9.278,7.824,5.999,0.000,6.015,6.550,9.593,10.241,13.447,15.687,16.023,14.754,14.498,12.638,10.397,10.152,6.904,9.168,9.876,10.635,12.552,13.139
15.912,14.239,13.152,11.292,9.537,7.849,8.072,6.015,0.000,6.461,9.154,10.804,13.753,16.542,16.916,15.704,15.846,14.296,12.522,12.672,9.834,11.975,12.537,13.026,14.269,14.759
15.172,13.231,12.051,10.532,9.141,8.566,8.603,6.550,6.461,0.000,6.493,7.920,10.451,13.330,14.619,13.176,13.488,12.183,10.638,11.465,9.591,11.873,13.179,13.682,14.577,14.829
13.705,11.661,10.339,8.978,8.697,9.226,11.161,9.593,9.154,6.493,0.000,7.173,8.070,10.913,12.259,12.074,12.859,12.224,10.844,12.989,11.956,14.000,15.082,15.349,15.677,15.749
12.894,10.665,9.591,9.385,8.025,9.624,10.935,10.241,10.804,7.920,7.173,0.000,7.326,8.831,10.141,9.275,9.633,9.138,8.110,10.537,10.773,13.360,14.687,14.825,15.336,15.477
13.444,11.960,11.086,11.622,11.062,12.773,13.992,13.447,13.753,10.451,8.070,7.326,0.000,7.214,7.347,7.788,9.657,11.058,11.109,13.457,13.992,15.592,16.377,16.666,16.438,16.495
13.735,12.889,12.197,13.092,12.641,14.496,15.493,15.687,16.542,13.330,10.913,8.831,7.214,0.000,6.689,8.174,10.132,11.292,12.326,14.832,15.371,16.226,16.826,17.167,16.643,16.731
14.543,14.054,13.603,14.526,13.801,15.351,15.541,16.023,16.916,14.619,12.259,10.141,7.347,6.689,0.000,6.867,8.575,11.078,11.813,14.958,16.277,16.557,17.017,17.310,16.669,16.662
14.639,14.032,13.341,14.047,12.967,14.713,14.820,14.754,15.704,13.176,12.074,9.275,7.788,8.174,6.867,0.000,6.521,9.217,9.896,12.967,15.113,16.865,17.352,16.721,16.305,16.624
14.774,14.107,13.391,14.106,13.079,14.710,14.668,14.498,15.846,13.488,12.859,9.633,9.657,10.132,8.575,6.521,0.000,6.742,7.617,10.117,13.024,15.508,16.761,15.515,14.817,15.495
14.534,13.422,12.473,12.878,11.471,12.943,12.825,12.638,14.296,12.183,12.224,9.138,11.058,11.292,11.078,9.217,6.742,0.000,6.187,7.804,10.412,13.402,14.585,13.389,12.931,13.875
14.334,13.031,11.490,11.373,9.921,10.933,10.576,10.397,12.522,10.638,10.844,8.110,11.109,12.326,11.813,9.896,7.617,6.187,0.000,6.059,7.619,10.488,12.268,11.637,11.939,12.582
15.528,14.566,13.566,13.376,11.641,12.316,11.119,10.152,12.672,11.465,12.989,10.537,13.457,14.832,14.958,12.967,10.117,7.804,6.059,0.000,6.087,8.108,9.623,8.505,9.010,10.544
15.490,14.300,12.980,12.235,9.988,9.727,8.118,6.904,9.834,9.591,11.956,10.773,13.992,15.371,16.277,15.113,13.024,10.412,7.619,6.087,0.000,6.141,6.451,6.356,8.528,9.543
16.391,15.924,15.176,14.558,13.066,12.640,10.523,9.168,11.975,11.873,14.000,13.360,15.592,16.226,16.557,16.865,15.508,13.402,10.488,8.108,6.141,0.000,5.996,7.666,8.684,9.936
16.604,16.259,15.721,15.152,13.709,13.266,10.910,9.876,12.537,13.179,15.082,14.687,16.377,16.826,17.017,17.352,16.761,14.585,12.268,9.623,6.451,5.996,0.000,6.093,7.747,9.010
16.471,16.049,15.519,15.159,13.736,13.311,11.430,10.635,13.026,13.682,15.349,14.825,16.666,17.167,17.310,16.721,15.515,13.389,11.637,8.505,6.356,7.666,6.093,0.000,6.142,8.022
16.001,15.537,15.434,15.238,14.317,14.040,12.699,12.552,14.269,14.577,15.677,15.336,16.438,16.643,16.669,16.305,14.817,12.931,11.939,9.010,8.528,8.684,7.747,6.142,0.000,6.581
15.745,15.288,15.124,15.077,14.479,14.271,13.237,13.139,14.759,14.829,15.749,15.477,16.495,16.731,16.662,16.624,15.495,13.875,12.582,10.544,9.543,9.936,9.010,8.022,6.581,0.000