c1,c2,c3,c4,c5,c6,c7,c8,c9,c10,c11,c12,c13,c14,c15,c16,c17,c18,c19,c20,c21,c22,c23,c24,c25,c26
0.000,6.375,7.616,10.029,11.858,14.405,15.406,15.627,15.632,15.187,13.441,12.909,13.409,13.206,14.489,14.789,14.838,14.987,15.435,15.795,16.013,16.887,16.934,16.752,16.370,16.077
6.375,0.000,6.019,7.607,8.701,11.812,13.549,14.426,14.293,13.445,11.634,10.692,11.685,12.158,13.517,13.605,13.887,14.041,14.590,14.981,15.032,16.399,16.626,16.348,16.054,15.770
7.616,6.019,0.000,5.832,7.512,9.591,11.785,13.475,13.427,12.323,10.380,9.725,11.259,11.709,13.680,13.117,13.119,12.863,13.400,14.020,13.757,15.524,15.850,15.690,15.641,15.422
10.029,7.607,5.832,0.000,5.930,7.756,9.660,11.045,10.893,10.465,8.316,9.118,11.566,12.395,14.189,13.690,13.893,13.502,13.681,13.886,13.178,15.276,15.420,15.335,15.352,15.156
11.858,8.701,7.512,5.930,0.000,6.192,7.091,8.768,9.692,9.276,8.830,7.814,11.085,12.283,13.583,12.555,12.966,12.068,12.076,11.998,10.498,13.227,13.514,13.501,14.049,14.331
14.405,11.812,9.591,7.756,6.192,0.000,5.828,7.762,7.598,8.655,9.379,9.947,13.082,14.129,15.314,14.431,14.962,13.879,13.836,13.348,11.246,13.507,13.557,13.246,13.702,13.950
15.406,13.549,11.785,9.660,7.091,5.828,0.000,5.564,7.997,8.090,10.508,10.338,13.380,14.642,15.187,13.929,14.068,12.809,12.512,11.556,9.018,11.046,10.963,11.153,12.127,12.618
15.627,14.426,13.475,11.045,8.768,7.762,5.564,0.000,5.778,6.623,9.454,9.926,13.293,15.300,15.571,13.814,14.039,12.586,11.956,10.885,8.072,10.326,10.684,11.195,12.772,13.196
15.632,14.293,13.427,10.893,9.692,7.598,7.997,5.778,0.000,6.373,9.205,10.577,13.479,16.094,16.539,14.791,15.544,14.537,14.036,13.330,11.133,13.074,13.326,13.339,14.493,14.685
15.187,13.445,12.323,10.465,9.276,8.655,8.090,6.623,6.373,0.000,6.530,7.765,10.166,12.938,14.107,12.227,12.827,11.954,11.883,11.515,10.310,12.569,13.681,13.985,14.803,15.044
13.441,11.634,10.380,8.316,8.830,9.379,10.508,9.454,9.205,6.530,0.000,7.175,8.516,10.795,12.290,11.654,12.921,12.942,13.114,13.292,12.644,14.809,15.553,15.665,15.870,16.037
12.909,10.692,9.725,9.118,7.814,9.947,10.338,9.926,10.577,7.765,7.175,0.000,7.528,8.837,9.941,8.495,9.831,9.834,10.584,10.926,11.176,13.477,14.588,14.992,15.325,15.668
13.409,11.685,11.259,11.566,11.085,13.082,13.380,13.293,13.479,10.166,8.516,7.528,0.000,7.334,7.674,7.689,9.980,11.444,12.850,13.220,13.918,15.404,15.961,16.172,16.161,16.412
13.206,12.158,11.709,12.395,12.283,14.129,14.642,15.300,16.094,12.938,10.795,8.837,7.334,0.000,6.872,8.051,10.363,11.618,13.335,14.150,15.087,15.736,16.348,16.463,16.329,16.602
14.489,13.517,13.680,14.189,13.583,15.314,15.187,15.571,16.539,14.107,12.290,9.941,7.674,6.872,0.000,6.945,8.916,11.213,12.444,13.731,15.667,16.263,16.600,16.655,16.271,16.626
14.789,13.605,13.117,13.690,12.555,14.431,13.929,13.814,14.791,12.227,11.654,8.495,7.689,8.051,6.945,0.000,6.532,8.963,10.020,10.908,13.571,15.035,15.929,15.685,15.473,16.052
14.838,13.887,13.119,13.893,12.966,14.962,14.068,14.039,15.544,12.827,12.921,9.831,9.980,10.363,8.916,6.532,0.000,6.900,7.765,8.350,11.314,13.566,15.031,14.633,14.466,15.209
14.987,14.041,12.863,13.502,12.068,13.879,12.809,12.586,14.537,11.954,12.942,9.834,11.444,11.618,11.213,8.963,6.900,0.000,6.216,7.369,9.329,11.502,13.179,13.130,13.043,13.656
15.435,14.590,13.400,13.681,12.076,13.836,12.512,11.956,14.036,11.883,13.114,10.584,12.850,13.335,12.444,10.020,7.765,6.216,0.000,6.141,7.844,9.891,11.573,12.008,12.796,13.430
15.795,14.981,14.020,13.886,11.998,13.348,11.556,10.885,13.330,11.515,13.292,10.926,13.220,14.150,13.731,10.908,8.350,7.369,6.141,0.000,6.130,8.174,10.078,9.871,11.480,12.501
16.013,15.032,13.757,13.178,10.498,11.246,9.018,8.072,11.133,10.310,12.644,11.176,13.918,15.087,15.667,13.571,11.314,9.329,7.844,6.130,0.000,6.078,6.901,7.263,9.394,10.500
16.887,16.399,15.524,15.276,13.227,13.507,11.046,10.326,13.074,12.569,14.809,13.477,15.404,15.736,16.263,15.035,13.566,11.502,9.891,8.174,6.078,0.000,5.926,7.588,9.104,10.028
16.934,16.626,15.850,15.420,13.514,13.557,10.963,10.684,13.326,13.681,15.553,14.588,15.961,16.348,16.600,15.929,15.031,13.179,11.573,10.078,6.901,5.926,0.000,6.089,7.705,8.955
16.752,16.348,15.690,15.335,13.501,13.246,11.153,11.195,13.339,13.985,15.665,14.992,16.172,16.463,16.655,15.685,14.633,13.130,12.008,9.871,7.263,7.588,6.089,0.000,6.149,7.921
16.370,16.054,15.641,15.352,14.049,13.702,12.127,12.772,14.493,14.803,15.870,15.325,16.161,16.329,16.271,15.473,14.466,13.043,12.796,11.480,9.394,9.104,7.705,6.149,0.000,6.774
16.077,15.770,15.422,15.156,14.331,13.950,12.618,13.196,14.685,15.044,16.037,15.668,16.412,16.602,16.626,16.052,15.209,13.656,13.430,12.501,10.500,10.028,8.955,7.921,6.774,0.000