c1,c2,c3,c4,c5,c6,c7,c8,c9,c10,c11,c12,c13,c14,c15,c16,c17,c18,c19,c20,c21,c22,c23,c24,c25,c26
0.000,6.309,7.654,10.105,11.576,14.334,15.404,16.332,16.245,15.088,13.242,12.436,12.740,12.470,13.677,14.691,14.208,13.768,15.007,15.402,14.629,14.975,16.041,16.245,16.226,16.424
6.309,0.000,5.992,7.417,8.299,11.679,13.418,14.568,14.644,13.138,11.163,9.831,10.973,11.290,12.625,13.647,12.931,12.757,14.172,14.920,13.925,14.392,15.820,16.260,16.171,16.461
7.654,5.992,0.000,5.809,7.588,10.174,12.249,14.235,13.792,12.376,9.711,9.089,10.370,10.366,11.911,12.955,12.096,11.453,13.263,14.148,12.864,13.535,15.558,15.922,16.113,16.781
10.105,7.417,5.809,0.000,5.915,7.828,10.390,11.943,11.361,10.413,7.918,8.317,10.752,11.263,12.918,13.681,12.942,12.923,14.476,14.960,13.790,14.493,16.183,16.544,16.260,16.862
11.576,8.299,7.588,5.915,0.000,6.010,7.098,9.502,9.887,9.072,8.174,7.016,10.373,11.099,12.274,12.417,11.544,11.524,13.046,12.923,11.667,12.554,14.526,14.624,14.965,16.171
14.334,11.679,10.174,7.828,6.010,0.000,5.763,7.671,7.715,8.084,8.249,8.715,12.303,13.020,14.501,14.345,13.678,13.927,15.146,14.679,13.427,14.239,15.557,15.185,15.373,15.996
15.404,13.418,12.249,10.390,7.098,5.763,0.000,5.346,7.926,7.703,9.934,9.028,12.400,13.120,14.030,13.489,12.371,12.804,14.021,13.073,11.848,12.540,13.840,13.354,13.684,14.680
16.332,14.568,14.235,11.943,9.502,7.671,5.346,0.000,5.511,5.872,9.522,9.517,13.056,14.578,15.323,14.252,13.511,13.952,15.207,14.464,12.946,13.745,14.564,14.031,14.416,15.329
16.245,14.644,13.792,11.361,9.887,7.715,7.926,5.511,0.000,5.882,9.337,10.440,13.361,15.549,16.226,14.634,14.379,15.563,16.461,15.981,15.592,15.835,16.320,15.792,16.004,15.813
15.088,13.138,12.376,10.413,9.072,8.084,7.703,5.872,5.882,0.000,6.289,7.673,10.328,12.325,13.901,12.910,12.539,13.362,14.346,13.922,14.114,15.342,15.645,15.421,15.990,16.246
13.242,11.163,9.711,7.918,8.174,8.249,9.934,9.522,9.337,6.289,0.000,6.814,8.918,10.302,11.955,12.286,12.262,12.689,13.732,14.674,14.874,15.366,16.802,16.590,16.282,16.555
12.436,9.831,9.089,8.317,7.016,8.715,9.028,9.517,10.440,7.673,6.814,0.000,7.215,8.824,9.680,9.041,9.249,10.093,10.693,11.495,12.094,12.933,14.236,15.187,15.816,16.760
12.740,10.973,10.370,10.752,10.373,12.303,12.400,13.056,13.361,10.328,8.918,7.215,0.000,6.620,7.735,7.983,8.896,9.888,10.665,12.048,12.934,13.706,15.293,16.433,17.230,17.288
12.470,11.290,10.366,11.263,11.099,13.020,13.120,14.578,15.549,12.325,10.302,8.824,6.620,0.000,6.538,8.228,7.909,7.772,9.864,11.629,11.528,12.531,14.837,15.843,16.567,17.459
13.677,12.625,11.911,12.918,12.274,14.501,14.030,15.323,16.226,13.901,11.955,9.680,7.735,6.538,0.000,6.904,7.606,7.152,7.770,10.939,11.476,11.736,13.513,15.586,16.537,17.237
14.691,13.647,12.955,13.681,12.417,14.345,13.489,14.252,14.634,12.910,12.286,9.041,7.983,8.228,6.904,0.000,6.263,7.698,6.643,8.029,10.577,11.439,12.151,13.867,15.814,16.847
14.208,12.931,12.096,12.942,11.544,13.678,12.371,13.511,14.379,12.539,12.262,9.249,8.896,7.909,7.606,6.263,0.000,6.084,7.678,7.471,7.817,10.568,12.021,12.701,14.147,16.134
13.768,12.757,11.453,12.923,11.524,13.927,12.804,13.952,15.563,13.362,12.689,10.093,9.888,7.772,7.152,7.698,6.084,0.000,5.867,7.751,6.444,7.197,10.387,11.617,12.320,14.325
15.007,14.172,13.263,14.476,13.046,15.146,14.021,15.207,16.461,14.346,13.732,10.693,10.665,9.864,7.770,6.643,7.678,5.867,0.000,5.756,7.599,6.652,7.769,10.808,12.248,13.862
15.402,14.920,14.148,14.960,12.923,14.679,13.073,14.464,15.981,13.922,14.674,11.495,12.048,11.629,10.939,8.029,7.471,7.751,5.756,0.000,5.848,7.659,7.111,8.502,11.252,13.052
14.629,13.925,12.864,13.790,11.667,13.427,11.848,12.946,15.592,14.114,14.874,12.094,12.934,11.528,11.476,10.577,7.817,6.444,7.599,5.848,0.000,5.721,7.614,7.325,8.858,11.564
14.975,14.392,13.535,14.493,12.554,14.239,12.540,13.745,15.835,15.342,15.366,12.933,13.706,12.531,11.736,11.439,10.568,7.197,6.652,7.659,5.721,0.000,5.632,7.639,8.047,10.251
16.041,15.820,15.558,16.183,14.526,15.557,13.840,14.564,16.320,15.645,16.802,14.236,15.293,14.837,13.513,12.151,12.021,10.387,7.769,7.111,7.614,5.632,0.000,5.784,7.750,9.564
16.245,16.260,15.922,16.544,14.624,15.185,13.354,14.031,15.792,15.421,16.590,15.187,16.433,15.843,15.586,13.867,12.701,11.617,10.808,8.502,7.325,7.639,5.784,0.000,5.914,8.571
16.226,16.171,16.113,16.260,14.965,15.373,13.684,14.416,16.004,15.990,16.282,15.816,17.230,16.567,16.537,15.814,14.147,12.320,12.248,11.252,8.858,8.047,7.750,5.914,0.000,6.747
16.424,16.461,16.781,16.862,16.171,15.996,14.680,15.329,15.813,16.246,16.555,16.760,17.288,17.459,17.237,16.847,16.134,14.325,13.862,13.052,11.564,10.251,9.564,8.571,6.747,0.000