c1,c2,c3,c4,c5,c6,c7,c8,c9,c10,c11,c12,c13,c14,c15,c16,c17,c18,c19,c20,c21,c22,c23,c24,c25,c26
0.000,6.544,7.930,10.195,11.812,14.411,15.346,16.151,16.279,15.416,13.739,13.080,13.283,13.183,14.690,15.018,14.287,14.941,16.159,16.561,16.221,17.039,17.264,16.782,16.462,16.603
6.544,0.000,6.163,7.714,8.763,11.923,13.439,14.677,14.982,13.598,11.543,10.731,11.489,11.671,13.568,13.841,12.860,13.780,15.255,15.801,15.175,16.592,16.782,16.159,16.010,16.471
7.930,6.163,0.000,6.102,7.784,9.970,11.977,14.013,13.967,12.366,10.076,9.269,10.311,10.569,12.747,12.487,11.684,12.265,14.014,14.324,13.672,15.951,16.509,15.772,15.835,16.480
10.195,7.714,6.102,0.000,6.086,8.296,9.932,11.702,11.488,10.052,7.861,8.378,10.480,11.249,13.452,12.798,12.163,13.031,14.493,14.237,13.205,15.874,16.253,15.349,15.313,16.246
11.812,8.763,7.784,6.086,0.000,6.313,7.206,9.568,9.953,9.141,8.183,7.293,10.634,11.512,12.984,11.853,10.826,11.143,12.716,11.904,9.931,13.380,14.003,13.137,13.976,15.497
14.411,11.923,9.970,8.296,6.313,0.000,5.917,7.811,7.442,7.800,8.314,9.092,12.482,13.436,15.267,13.959,13.201,13.437,14.775,13.194,10.696,14.066,14.455,13.044,13.941,15.370
15.346,13.439,11.977,9.932,7.206,5.917,0.000,5.502,8.082,7.581,10.461,9.477,12.990,13.825,14.662,13.209,12.074,11.463,12.558,10.810,7.141,10.550,10.764,10.007,11.628,13.519
16.151,14.677,14.013,11.702,9.568,7.811,5.502,0.000,5.682,6.186,9.875,9.850,13.572,15.097,15.362,13.102,12.690,12.342,12.958,10.653,6.948,10.131,10.111,9.687,11.873,13.852
16.279,14.982,13.967,11.488,9.953,7.442,8.082,5.682,0.000,6.300,9.580,11.046,14.061,16.327,16.884,14.681,14.204,15.008,15.557,13.586,11.578,14.075,13.879,12.998,14.614,15.695
15.416,13.598,12.366,10.052,9.141,7.800,7.581,6.186,6.300,0.000,7.186,8.081,10.421,12.948,13.963,11.593,11.548,12.594,13.029,10.912,10.487,13.187,13.554,13.346,14.956,16.390
13.739,11.543,10.076,7.861,8.183,8.314,10.461,9.875,9.580,7.186,0.000,7.374,9.386,10.946,12.424,11.375,11.528,12.901,13.652,13.180,13.122,15.771,16.524,15.833,16.727,17.317
13.080,10.731,9.269,8.378,7.293,9.092,9.477,9.850,11.046,8.081,7.374,0.000,7.421,8.956,9.380,7.323,7.825,9.255,10.049,9.781,10.763,13.279,14.618,14.632,15.604,16.940
13.283,11.489,10.311,10.480,10.634,12.482,12.990,13.572,14.061,10.421,9.386,7.421,0.000,6.927,7.622,7.237,8.593,10.835,11.629,11.911,13.224,15.231,16.703,16.612,17.242,17.714
13.183,11.671,10.569,11.249,11.512,13.436,13.825,15.097,16.327,12.948,10.946,8.956,6.927,0.000,6.913,8.116,8.344,9.724,12.100,12.431,13.163,14.845,16.516,16.444,16.680,17.538
14.690,13.568,12.747,13.452,12.984,15.267,14.662,15.362,16.884,13.963,12.424,9.380,7.622,6.913,0.000,7.288,8.436,9.112,10.055,11.861,13.283,14.111,15.673,16.314,16.564,17.385
15.018,13.841,12.487,12.798,11.853,13.959,13.209,13.102,14.681,11.593,11.375,7.323,7.237,8.116,7.288,0.000,6.549,8.017,7.856,8.530,11.274,12.734,14.085,14.154,15.589,17.014
14.287,12.860,11.684,12.163,10.826,13.201,12.074,12.690,14.204,11.548,11.528,7.825,8.593,8.344,8.436,6.549,0.000,6.182,7.877,7.948,9.070,11.841,13.517,13.039,13.887,16.047
14.941,13.780,12.265,13.031,11.143,13.437,11.463,12.342,15.008,12.594,12.901,9.255,10.835,9.724,9.112,8.017,6.182,0.000,5.989,7.709,8.033,9.287,12.004,11.879,12.319,14.422
16.159,15.255,14.014,14.493,12.716,14.775,12.558,12.958,15.557,13.029,13.652,10.049,11.629,12.100,10.055,7.856,7.877,5.989,0.000,5.943,8.132,8.045,10.608,11.411,12.577,14.593
16.561,15.801,14.324,14.237,11.904,13.194,10.810,10.653,13.586,10.912,13.180,9.781,11.911,12.431,11.861,8.530,7.948,7.709,5.943,0.000,5.995,7.963,9.034,8.737,10.885,13.237
16.221,15.175,13.672,13.205,9.931,10.696,7.141,6.948,11.578,10.487,13.122,10.763,13.224,13.163,13.283,11.274,9.070,8.033,8.132,5.995,0.000,6.199,7.052,6.385,8.773,11.537
17.039,16.592,15.951,15.874,13.380,14.066,10.550,10.131,14.075,13.187,15.771,13.279,15.231,14.845,14.111,12.734,11.841,9.287,8.045,7.963,6.199,0.000,5.818,7.605,7.963,10.376
17.264,16.782,16.509,16.253,14.003,14.455,10.764,10.111,13.879,13.554,16.524,14.618,16.703,16.516,15.673,14.085,13.517,12.004,10.608,9.034,7.052,5.818,0.000,5.888,7.883,9.835
16.782,16.159,15.772,15.349,13.137,13.044,10.007,9.687,12.998,13.346,15.833,14.632,16.612,16.444,16.314,14.154,13.039,11.879,11.411,8.737,6.385,7.605,5.888,0.000,6.085,8.654
16.462,16.010,15.835,15.313,13.976,13.941,11.628,11.873,14.614,14.956,16.727,15.604,17.242,16.680,16.564,15.589,13.887,12.319,12.577,10.885,8.773,7.963,7.883,6.085,0.000,6.830
16.603,16.471,16.480,16.246,15.497,15.370,13.519,13.852,15.695,16.390,17.317,16.940,17.714,17.538,17.385,17.014,16.047,14.422,14.593,13.237,11.537,10.376,9.835,8.654,6.830,0.000