c1,c2,c3,c4,c5,c6,c7,c8,c9,c10,c11,c12,c13,c14,c15,c16,c17,c18,c19,c20,c21,c22,c23,c24,c25,c26
0.000,6.495,7.706,10.260,11.951,14.676,15.614,16.051,16.299,15.357,13.323,12.340,12.669,12.402,13.569,14.119,14.551,14.433,14.059,15.638,15.664,16.757,16.844,16.712,16.158,15.781
6.495,0.000,6.141,7.619,8.624,11.975,13.486,14.307,14.774,13.237,11.056,9.763,10.916,11.201,12.805,13.488,13.895,13.386,12.676,14.727,14.572,16.255,16.496,16.404,15.821,15.337
7.706,6.141,0.000,5.917,7.473,9.989,12.151,13.365,13.218,11.927,9.441,8.539,10.019,10.720,12.308,12.918,13.092,12.463,11.007,13.741,13.156,15.608,16.051,16.075,15.836,15.307
10.260,7.619,5.917,0.000,6.111,8.134,10.216,11.575,11.185,10.027,7.325,7.798,10.200,11.513,13.270,13.869,13.896,13.131,11.216,13.735,12.651,15.178,15.518,15.803,15.659,15.263
11.951,8.624,7.473,6.111,0.000,6.259,7.279,9.003,9.407,8.613,7.442,6.450,10.040,11.541,12.853,13.148,13.340,12.032,9.962,12.176,10.291,13.397,13.885,14.211,14.784,14.634
14.676,11.975,9.989,8.134,6.259,0.000,5.784,7.705,7.696,7.979,7.925,8.284,12.049,13.785,14.883,15.031,14.845,13.420,10.833,12.597,9.895,12.904,13.230,13.611,14.179,14.061
15.614,13.486,12.151,10.216,7.279,5.784,0.000,5.676,8.044,8.301,10.703,10.138,13.417,15.162,15.312,15.244,14.968,13.365,10.831,11.580,8.205,10.806,10.749,11.505,12.608,12.871
16.051,14.307,13.365,11.575,9.003,7.705,5.676,0.000,5.850,6.035,9.519,9.964,13.366,15.581,16.002,15.450,15.157,13.624,11.009,10.894,7.084,9.570,9.748,10.780,12.555,12.831
16.299,14.774,13.218,11.185,9.407,7.696,8.044,5.850,0.000,6.499,9.079,10.969,14.033,16.784,17.005,16.501,16.504,15.516,13.213,13.470,10.171,12.144,12.145,12.777,14.056,14.301
15.357,13.237,11.927,10.027,8.613,7.979,8.301,6.035,6.499,0.000,6.401,7.829,10.517,13.405,14.678,14.324,14.310,13.347,11.200,11.874,9.707,11.808,12.718,13.550,14.451,14.614
13.323,11.056,9.441,7.325,7.442,7.925,10.703,9.519,9.079,6.401,0.000,7.222,8.347,11.178,12.448,13.537,13.809,13.504,11.277,13.214,11.775,13.745,14.559,15.364,15.651,15.789
12.340,9.763,8.539,7.798,6.450,8.284,10.138,9.964,10.969,7.829,7.222,0.000,7.435,8.787,10.038,10.405,10.324,9.807,8.273,10.465,10.511,13.192,14.529,15.139,15.486,15.643
12.669,10.916,10.019,10.200,10.040,12.049,13.417,13.366,14.033,10.517,8.347,7.435,0.000,7.185,7.508,9.052,10.203,11.642,10.779,13.165,13.834,15.307,16.275,16.790,16.591,16.587
12.402,11.201,10.720,11.513,11.541,13.785,15.162,15.581,16.784,13.405,11.178,8.787,7.185,0.000,6.812,8.201,10.140,11.101,11.441,14.222,15.064,16.251,17.051,17.288,16.991,16.990
13.569,12.805,12.308,13.270,12.853,14.883,15.312,16.002,17.005,14.678,12.448,10.038,7.508,6.812,0.000,6.790,8.466,10.699,10.999,14.275,15.913,16.646,17.108,17.347,16.991,16.864
14.119,13.488,12.918,13.869,13.148,15.031,15.244,15.450,16.501,14.324,13.537,10.405,9.052,8.201,6.790,0.000,6.621,9.300,10.032,12.926,15.465,17.014,17.517,17.020,16.856,16.842
14.551,13.895,13.092,13.896,13.340,14.845,14.968,15.157,16.504,14.310,13.809,10.324,10.203,10.140,8.466,6.621,0.000,6.641,7.768,9.923,13.106,15.382,16.857,15.970,15.663,15.838
14.433,13.386,12.463,13.131,12.032,13.420,13.365,13.624,15.516,13.347,13.504,9.807,11.642,11.101,10.699,9.300,6.641,0.000,6.133,7.602,10.431,13.230,14.801,14.074,14.082,14.275
14.059,12.676,11.007,11.216,9.962,10.833,10.831,11.009,13.213,11.200,11.277,8.273,10.779,11.441,10.999,10.032,7.768,6.133,0.000,5.991,7.608,10.356,12.263,12.221,13.059,12.922
15.638,14.727,13.741,13.735,12.176,12.597,11.580,10.894,13.470,11.874,13.214,10.465,13.165,14.222,14.275,12.926,9.923,7.602,5.991,0.000,6.014,8.023,10.001,9.465,10.729,11.070
15.664,14.572,13.156,12.651,10.291,9.895,8.205,7.084,10.171,9.707,11.775,10.511,13.834,15.064,15.913,15.465,13.106,10.431,7.608,6.014,0.000,6.109,6.481,6.684,8.825,9.322
16.757,16.255,15.608,15.178,13.397,12.904,10.806,9.570,12.144,11.808,13.745,13.192,15.307,16.251,16.646,17.014,15.382,13.230,10.356,8.023,6.109,0.000,5.843,7.718,9.206,9.879
16.844,16.496,16.051,15.518,13.885,13.230,10.749,9.748,12.145,12.718,14.559,14.529,16.275,17.051,17.108,17.517,16.857,14.801,12.263,10.001,6.481,5.843,0.000,5.981,7.749,8.804
16.712,16.404,16.075,15.803,14.211,13.611,11.505,10.780,12.777,13.550,15.364,15.139,16.790,17.288,17.347,17.020,15.970,14.074,12.221,9.465,6.684,7.718,5.981,0.000,6.095,8.000
16.158,15.821,15.836,15.659,14.784,14.179,12.608,12.555,14.056,14.451,15.651,15.486,16.591,16.991,16.991,16.856,15.663,14.082,13.059,10.729,8.825,9.206,7.749,6.095,0.000,6.716
15.781,15.337,15.307,15.263,14.634,14.061,12.871,12.831,14.301,14.614,15.789,15.643,16.587,16.990,16.864,16.842,15.838,14.275,12.922,11.070,9.322,9.879,8.804,8.000,6.716,0.000