c1,c2,c3,c4,c5,c6,c7,c8,c9,c10,c11,c12,c13,c14,c15,c16,c17,c18,c19,c20,c21,c22,c23,c24,c25,c26
0.000,6.868,8.009,10.396,11.818,14.865,15.658,17.058,17.364,16.115,14.009,13.662,13.566,12.951,15.089,15.418,13.758,14.530,16.283,16.259,15.721,16.969,16.983,16.758,16.293,16.294
6.868,0.000,6.359,7.705,8.490,12.161,13.590,15.402,15.998,14.428,11.585,11.289,11.607,11.040,13.770,14.147,12.141,13.292,15.503,15.385,14.782,16.503,16.645,16.575,15.848,16.052
8.009,6.359,0.000,6.176,7.620,10.895,12.545,15.322,15.450,13.513,10.381,9.563,9.918,8.997,11.740,12.107,10.273,11.315,13.727,13.685,13.182,15.519,16.356,16.087,15.778,16.234
10.396,7.705,6.176,0.000,6.133,8.334,10.620,13.173,12.772,11.080,7.506,8.306,10.130,10.362,13.271,12.684,10.804,12.804,14.879,13.821,13.225,15.929,16.652,16.346,15.752,16.409
11.818,8.490,7.620,6.133,0.000,6.202,6.877,10.516,11.126,9.998,8.187,6.907,10.282,10.491,12.608,11.492,8.888,10.987,13.293,11.632,10.243,13.410,14.594,14.314,14.688,15.874
14.865,12.161,10.895,8.334,6.202,0.000,5.969,7.897,7.835,7.950,7.229,8.363,12.167,12.921,15.380,13.679,11.469,13.444,15.435,13.057,11.409,14.666,15.700,14.820,15.225,16.195
15.658,13.590,12.545,10.620,6.877,5.969,0.000,5.486,8.121,7.379,9.714,8.064,12.554,13.005,14.327,12.474,9.594,11.164,12.972,10.675,7.769,11.168,12.390,11.987,13.056,14.511
17.058,15.402,15.322,13.173,10.516,7.897,5.486,0.000,5.665,6.286,9.973,9.879,14.298,15.312,15.882,12.980,10.812,12.732,13.689,10.771,8.224,11.356,11.999,11.831,13.485,14.910
17.364,15.998,15.450,12.772,11.126,7.835,8.121,5.665,0.000,6.310,9.909,11.405,15.116,17.075,17.961,14.942,12.991,15.602,16.544,13.494,12.381,15.365,15.530,14.649,15.977,16.645
16.115,14.428,13.513,11.080,9.998,7.950,7.379,6.286,6.310,0.000,7.111,7.997,11.229,13.517,14.372,10.898,9.942,12.846,13.345,9.977,10.793,14.066,14.551,14.219,15.891,16.754
14.009,11.585,10.381,7.506,8.187,7.229,9.714,9.973,9.909,7.111,0.000,7.552,10.215,11.721,13.034,10.652,10.034,13.431,14.327,12.623,13.467,16.502,17.263,16.532,17.442,17.725
13.662,11.289,9.563,8.306,6.907,8.363,8.064,9.879,11.405,7.997,7.552,0.000,7.373,8.895,9.288,6.117,5.288,8.767,9.740,8.164,9.709,12.702,13.732,14.013,15.793,16.784
13.566,11.607,9.918,10.130,10.282,12.167,12.554,14.298,15.116,11.229,10.215,7.373,0.000,6.475,6.723,6.122,7.424,9.747,10.615,10.990,12.683,14.847,16.216,16.638,17.755,17.938
12.951,11.040,8.997,10.362,10.491,12.921,13.005,15.312,17.075,13.517,11.721,8.895,6.475,0.000,6.859,7.676,6.493,7.694,10.855,11.422,11.575,13.776,15.805,16.043,16.706,17.629
15.089,13.770,11.740,13.271,12.608,15.380,14.327,15.882,17.961,14.372,13.034,9.288,6.723,6.859,0.000,7.272,7.893,6.934,8.016,10.550,11.714,12.582,14.165,15.651,16.331,16.994
15.418,14.147,12.107,12.684,11.492,13.679,12.474,12.980,14.942,10.898,10.652,6.117,6.122,7.676,7.272,0.000,6.247,7.905,6.676,7.241,10.276,11.794,12.727,13.732,15.619,16.523
13.758,12.141,10.273,10.804,8.888,11.469,9.594,10.812,12.991,9.942,10.034,5.288,7.424,6.493,7.893,6.247,0.000,6.049,7.765,6.677,7.260,10.740,12.068,12.333,13.868,15.661
14.530,13.292,11.315,12.804,10.987,13.444,11.164,12.732,15.602,12.846,13.431,8.767,9.747,7.694,6.934,7.905,6.049,0.000,5.871,7.647,6.636,7.790,10.641,11.547,12.360,14.038
16.283,15.503,13.727,14.879,13.293,15.435,12.972,13.689,16.544,13.345,14.327,9.740,10.615,10.855,8.016,6.676,7.765,5.871,0.000,5.746,7.738,7.255,8.748,11.126,12.636,13.718
16.259,15.385,13.685,13.821,11.632,13.057,10.675,10.771,13.494,9.977,12.623,8.164,10.990,11.422,10.550,7.241,6.677,7.647,5.746,0.000,5.693,7.832,8.282,9.100,11.799,13.431
15.721,14.782,13.182,13.225,10.243,11.409,7.769,8.224,12.381,10.793,13.467,9.709,12.683,11.575,11.714,10.276,7.260,6.636,7.738,5.693,0.000,5.753,7.537,7.176,9.293,11.711
16.969,16.503,15.519,15.929,13.410,14.666,11.168,11.356,15.365,14.066,16.502,12.702,14.847,13.776,12.582,11.794,10.740,7.790,7.255,7.832,5.753,0.000,5.645,7.620,8.457,10.537
16.983,16.645,16.356,16.652,14.594,15.700,12.390,11.999,15.530,14.551,17.263,13.732,16.216,15.805,14.165,12.727,12.068,10.641,8.748,8.282,7.537,5.645,0.000,5.910,7.893,9.695
16.758,16.575,16.087,16.346,14.314,14.820,11.987,11.831,14.649,14.219,16.532,14.013,16.638,16.043,15.651,13.732,12.333,11.547,11.126,9.100,7.176,7.620,5.910,0.000,5.926,8.585
16.293,15.848,15.778,15.752,14.688,15.225,13.056,13.485,15.977,15.891,17.442,15.793,17.755,16.706,16.331,15.619,13.868,12.360,12.636,11.799,9.293,8.457,7.893,5.926,0.000,6.680
16.294,16.052,16.234,16.409,15.874,16.195,14.511,14.910,16.645,16.754,17.725,16.784,17.938,17.629,16.994,16.523,15.661,14.038,13.718,13.431,11.711,10.537,9.695,8.585,6.680,0.000