c1,c2,c3,c4,c5,c6,c7,c8,c9,c10,c11,c12,c13,c14,c15,c16,c17,c18,c19,c20,c21,c22,c23,c24,c25,c26
0.000,6.168,7.729,10.393,12.213,14.817,16.016,16.054,15.792,14.900,13.314,12.617,13.054,12.927,14.128,14.496,13.773,13.280,14.676,14.751,13.767,14.582,15.866,15.666,15.523,16.026
6.168,0.000,5.925,7.538,8.855,12.005,14.003,14.090,13.806,12.677,11.222,9.896,11.166,11.419,12.990,13.302,12.279,12.068,13.862,13.908,12.937,14.110,15.493,15.303,15.170,15.898
7.729,5.925,0.000,5.801,7.574,10.169,12.420,13.252,12.762,11.784,9.903,8.946,10.611,11.178,12.659,12.521,11.387,11.243,13.211,13.132,11.854,13.856,15.258,14.990,15.346,16.093
10.393,7.538,5.801,0.000,5.931,7.638,10.363,10.882,10.675,9.943,8.628,8.465,10.683,11.852,13.448,13.163,12.194,12.407,14.405,13.939,12.875,14.903,16.125,15.679,15.853,16.434
12.213,8.855,7.574,5.931,0.000,6.012,7.660,8.680,8.920,8.498,8.468,7.577,10.936,12.235,13.424,12.622,11.566,11.824,13.671,12.867,11.661,13.910,15.002,14.485,15.022,15.906
14.817,12.005,10.169,7.638,6.012,0.000,5.760,7.530,7.789,8.379,9.382,9.458,12.649,13.760,14.752,14.082,13.378,13.512,15.233,14.279,13.016,14.995,15.772,14.956,15.245,15.917
16.016,14.003,12.420,10.363,7.660,5.760,0.000,5.530,7.947,8.518,11.023,10.899,14.153,15.049,15.555,14.742,13.654,13.672,15.240,13.921,12.391,14.283,14.971,14.141,14.531,15.334
16.054,14.090,13.252,10.882,8.680,7.530,5.530,0.000,5.780,6.185,9.629,10.005,13.270,15.036,15.541,14.101,13.487,13.917,15.261,14.161,12.852,14.697,15.050,14.314,14.799,15.504
15.792,13.806,12.762,10.675,8.920,7.789,7.947,5.780,0.000,6.246,9.027,10.715,13.567,15.837,16.420,14.869,14.390,15.238,16.481,15.674,14.954,16.409,16.790,15.961,16.035,16.115
14.900,12.677,11.784,9.943,8.498,8.379,8.518,6.185,6.246,0.000,6.391,7.587,10.480,12.894,14.008,12.347,12.042,13.216,14.500,13.793,13.904,15.906,16.036,15.472,15.833,16.200
13.314,11.222,9.903,8.628,8.468,9.382,11.023,9.629,9.027,6.391,0.000,6.873,8.555,10.566,12.095,11.462,11.246,12.487,14.100,14.228,14.273,15.907,17.002,16.163,16.201,16.531
12.617,9.896,8.946,8.465,7.577,9.458,10.899,10.005,10.715,7.587,6.873,0.000,7.053,8.694,9.455,8.157,8.489,9.869,11.323,11.395,12.043,13.929,15.037,15.209,16.002,16.839
13.054,11.166,10.611,10.683,10.936,12.649,14.153,13.270,13.567,10.480,8.555,7.053,0.000,6.778,7.481,7.471,8.015,9.743,11.204,11.838,12.391,14.008,15.501,16.022,16.899,17.112
12.927,11.419,11.178,11.852,12.235,13.760,15.049,15.036,15.837,12.894,10.566,8.694,6.778,0.000,6.531,7.755,7.395,8.563,10.780,11.772,11.690,13.125,15.259,15.814,16.844,17.526
14.128,12.990,12.659,13.448,13.424,14.752,15.555,15.541,16.420,14.008,12.095,9.455,7.481,6.531,0.000,6.653,7.904,7.728,8.489,11.136,11.732,11.848,13.596,15.486,16.558,17.268
14.496,13.302,12.521,13.163,12.622,14.082,14.742,14.101,14.869,12.347,11.462,8.157,7.471,7.755,6.653,0.000,6.357,7.871,7.152,8.157,10.674,11.529,12.222,13.573,15.817,16.832
13.773,12.279,11.387,12.194,11.566,13.378,13.654,13.487,14.390,12.042,11.246,8.489,8.015,7.395,7.904,6.357,0.000,6.118,7.747,7.182,7.776,10.491,11.856,12.310,14.099,15.932
13.280,12.068,11.243,12.407,11.824,13.512,13.672,13.917,15.238,13.216,12.487,9.869,9.743,8.563,7.728,7.871,6.118,0.000,5.938,7.630,6.644,7.366,10.553,11.665,12.701,14.357
14.676,13.862,13.211,14.405,13.671,15.233,15.240,15.261,16.481,14.500,14.100,11.323,11.204,10.780,8.489,7.152,7.747,5.938,0.000,5.875,7.583,6.580,7.822,10.706,12.387,13.906
14.751,13.908,13.132,13.939,12.867,14.279,13.921,14.161,15.674,13.793,14.228,11.395,11.838,11.772,11.136,8.157,7.182,7.630,5.875,0.000,5.846,7.603,7.030,8.149,11.072,12.941
13.767,12.937,11.854,12.875,11.661,13.016,12.391,12.852,14.954,13.904,14.273,12.043,12.391,11.690,11.732,10.674,7.776,6.644,7.583,5.846,0.000,5.812,7.566,6.850,8.755,11.039
14.582,14.110,13.856,14.903,13.910,14.995,14.283,14.697,16.409,15.906,15.907,13.929,14.008,13.125,11.848,11.529,10.491,7.366,6.580,7.603,5.812,0.000,5.770,7.635,8.156,10.115
15.866,15.493,15.258,16.125,15.002,15.772,14.971,15.050,16.790,16.036,17.002,15.037,15.501,15.259,13.596,12.222,11.856,10.553,7.822,7.030,7.566,5.770,0.000,5.933,7.832,9.538
15.666,15.303,14.990,15.679,14.485,14.956,14.141,14.314,15.961,15.472,16.163,15.209,16.022,15.814,15.486,13.573,12.310,11.665,10.706,8.149,6.850,7.635,5.933,0.000,5.910,8.358
15.523,15.170,15.346,15.853,15.022,15.245,14.531,14.799,16.035,15.833,16.201,16.002,16.899,16.844,16.558,15.817,14.099,12.701,12.387,11.072,8.755,8.156,7.832,5.910,0.000,6.606
16.026,15.898,16.093,16.434,15.906,15.917,15.334,15.504,16.115,16.200,16.531,16.839,17.112,17.526,17.268,16.832,15.932,14.357,13.906,12.941,11.039,10.115,9.538,8.358,6.606,0.000