c1,c2,c3,c4,c5,c6,c7,c8,c9,c10,c11,c12,c13,c14,c15,c16,c17,c18,c19,c20,c21,c22,c23,c24,c25,c26
0.000,6.102,7.551,10.142,11.878,14.377,15.384,15.801,15.728,14.807,13.140,12.408,13.027,13.228,13.809,14.318,14.673,14.818,15.535,15.535,15.766,15.808,15.752,15.455,15.451,15.366
6.102,0.000,5.860,7.492,8.420,11.662,13.068,13.919,13.976,12.834,11.218,9.976,11.514,12.098,12.906,13.721,14.187,14.469,15.436,15.375,15.672,15.695,15.566,15.200,15.150,14.987
7.551,5.860,0.000,5.673,7.423,9.717,11.805,13.059,13.400,12.549,10.339,9.688,11.202,11.820,12.687,13.503,13.907,13.892,14.921,15.014,15.589,15.608,15.442,14.863,15.110,14.643
10.142,7.492,5.673,0.000,5.867,7.675,9.625,11.023,10.953,10.463,8.486,8.795,10.839,11.692,12.808,13.755,14.346,14.497,15.311,15.344,15.891,15.947,15.694,15.235,15.373,14.972
11.878,8.420,7.423,5.867,0.000,5.956,6.980,8.560,9.705,9.472,8.787,8.111,10.884,11.770,12.650,13.256,13.873,13.873,14.638,14.615,15.213,15.363,14.917,14.359,14.613,14.419
14.377,11.662,9.717,7.675,5.956,0.000,5.713,7.655,7.816,9.077,9.050,9.706,12.619,13.555,14.386,14.756,15.397,15.207,15.521,15.279,15.375,15.567,15.209,14.811,14.777,14.782
15.384,13.068,11.805,9.625,6.980,5.713,0.000,5.307,7.965,8.490,10.296,9.949,12.958,13.670,14.187,14.395,14.680,14.513,14.784,14.542,14.532,14.765,14.445,14.173,14.341,14.257
15.801,13.919,13.059,11.023,8.560,7.655,5.307,0.000,5.623,6.281,9.074,9.453,12.497,13.914,14.405,14.291,14.658,14.440,14.900,14.777,14.547,14.898,14.714,14.568,14.735,14.686
15.728,13.976,13.400,10.953,9.705,7.816,7.965,5.623,0.000,6.066,8.651,10.137,12.653,14.595,15.301,14.824,15.166,15.271,15.860,15.798,16.003,16.019,15.832,15.604,15.703,15.562
14.807,12.834,12.549,10.463,9.472,9.077,8.490,6.281,6.066,0.000,6.328,7.556,9.699,11.486,13.147,13.628,14.038,14.339,15.216,15.452,15.902,16.124,15.981,15.747,15.871,15.928
13.140,11.218,10.339,8.486,8.787,9.050,10.296,9.074,8.651,6.328,0.000,6.403,8.153,9.540,11.407,12.626,13.876,14.101,15.092,15.738,16.403,16.577,16.589,16.311,16.403,16.329
12.408,9.976,9.688,8.795,8.111,9.706,9.949,9.453,10.137,7.556,6.403,0.000,6.735,8.116,9.206,10.386,12.238,13.221,14.178,14.877,15.933,16.263,16.180,16.070,16.299,16.278
13.027,11.514,11.202,10.839,10.884,12.619,12.958,12.497,12.653,9.699,8.153,6.735,0.000,6.593,8.119,9.204,10.941,12.996,14.549,15.128,15.980,16.346,16.356,16.187,16.512,16.554
13.228,12.098,11.820,11.692,11.770,13.555,13.670,13.914,14.595,11.486,9.540,8.116,6.593,0.000,6.571,7.851,9.542,11.372,13.793,15.111,16.249,16.277,16.326,16.145,16.490,16.495
13.809,12.906,12.687,12.808,12.650,14.386,14.187,14.405,15.301,13.147,11.407,9.206,8.119,6.571,0.000,6.433,7.802,9.493,11.848,13.912,16.004,15.987,15.807,15.618,16.129,16.261
14.318,13.721,13.503,13.755,13.256,14.756,14.395,14.291,14.824,13.628,12.626,10.386,9.204,7.851,6.433,0.000,6.267,7.613,9.834,11.688,14.747,15.262,15.215,14.936,15.655,15.839
14.673,14.187,13.907,14.346,13.873,15.397,14.680,14.658,15.166,14.038,13.876,12.238,10.941,9.542,7.802,6.267,0.000,5.985,7.666,9.618,12.643,13.407,14.265,13.996,14.752,15.384
14.818,14.469,13.892,14.497,13.873,15.207,14.513,14.440,15.271,14.339,14.101,13.221,12.996,11.372,9.493,7.613,5.985,0.000,5.867,7.413,10.644,11.518,12.505,12.816,14.050,14.520
15.535,15.436,14.921,15.311,14.638,15.521,14.784,14.900,15.860,15.216,15.092,14.178,14.549,13.793,11.848,9.834,7.666,5.867,0.000,5.922,8.924,10.165,11.246,11.983,13.549,14.211
15.535,15.375,15.014,15.344,14.615,15.279,14.542,14.777,15.798,15.452,15.738,14.877,15.128,15.111,13.912,11.688,9.618,7.413,5.922,0.000,6.343,7.557,8.137,8.583,10.894,11.803
15.766,15.672,15.589,15.891,15.213,15.375,14.532,14.547,16.003,15.902,16.403,15.933,15.980,16.249,16.004,14.747,12.643,10.644,8.924,6.343,0.000,6.075,6.955,7.928,10.383,11.842
15.808,15.695,15.608,15.947,15.363,15.567,14.765,14.898,16.019,16.124,16.577,16.263,16.346,16.277,15.987,15.262,13.407,11.518,10.165,7.557,6.075,0.000,5.790,7.481,9.076,10.479
15.752,15.566,15.442,15.694,14.917,15.209,14.445,14.714,15.832,15.981,16.589,16.180,16.356,16.326,15.807,15.215,14.265,12.505,11.246,8.137,6.955,5.790,0.000,5.833,7.535,9.079
15.455,15.200,14.863,15.235,14.359,14.811,14.173,14.568,15.604,15.747,16.311,16.070,16.187,16.145,15.618,14.936,13.996,12.816,11.983,8.583,7.928,7.481,5.833,0.000,5.865,7.927
15.451,15.150,15.110,15.373,14.613,14.777,14.341,14.735,15.703,15.871,16.403,16.299,16.512,16.490,16.129,15.655,14.752,14.050,13.549,10.894,10.383,9.076,7.535,5.865,0.000,6.352
15.366,14.987,14.643,14.972,14.419,14.782,14.257,14.686,15.562,15.928,16.329,16.278,16.554,16.495,16.261,15.839,15.384,14.520,14.211,11.803,11.842,10.479,9.079,7.927,6.352,0.000