c1,c2,c3,c4,c5,c6,c7,c8,c9,c10,c11,c12,c13,c14,c15,c16,c17,c18,c19,c20,c21,c22,c23,c24,c25,c26
0.000,6.457,7.896,10.246,12.122,14.536,15.696,15.625,15.137,13.911,12.339,11.766,12.708,13.015,14.241,14.083,13.645,13.978,14.804,15.351,15.345,16.575,16.810,16.919,16.597,16.342
6.457,0.000,6.211,7.638,9.207,12.217,14.119,13.661,13.188,12.021,10.208,9.532,11.579,12.237,13.886,13.615,12.940,13.087,14.204,14.561,14.324,16.094,16.424,16.780,16.546,16.184
7.896,6.211,0.000,5.991,7.833,10.236,12.440,12.643,11.774,10.600,8.487,7.827,10.146,11.368,12.900,12.388,11.552,11.480,12.735,13.219,12.906,15.212,15.830,16.477,16.462,16.193
10.246,7.638,5.991,0.000,6.095,7.860,10.249,10.617,9.924,8.924,7.752,8.065,11.142,12.521,14.224,13.406,12.630,12.659,13.638,13.267,12.527,15.056,15.514,16.101,16.236,16.022
12.122,9.207,7.833,6.095,0.000,6.191,7.412,8.241,7.877,7.674,7.930,7.602,11.364,12.800,13.919,12.746,11.750,11.719,12.371,11.526,10.028,13.002,13.695,14.327,15.180,15.530
14.536,12.217,10.236,7.860,6.191,0.000,5.819,7.868,8.157,8.974,10.474,10.379,13.831,14.994,15.589,14.478,13.544,13.266,13.752,12.415,10.338,13.182,13.513,13.760,14.442,14.735
15.696,14.119,12.440,10.249,7.412,5.819,0.000,5.527,8.055,8.807,11.867,11.926,15.394,16.297,16.161,14.893,13.761,13.070,13.088,11.480,8.449,11.178,11.127,11.846,12.903,13.583
15.625,13.661,12.643,10.617,8.241,7.868,5.527,0.000,5.792,6.361,10.216,10.888,14.306,16.167,16.194,14.113,13.557,13.084,12.810,10.849,7.834,10.287,10.602,11.396,13.011,13.570
15.137,13.188,11.774,9.924,7.877,8.157,8.055,5.792,0.000,6.341,9.598,11.597,14.378,16.977,17.497,15.376,14.803,15.202,15.312,13.853,11.665,13.890,13.948,13.892,15.045,15.289
13.911,12.021,10.600,8.924,7.674,8.974,8.807,6.361,6.341,0.000,7.142,8.124,10.691,13.585,14.398,12.505,11.964,12.440,12.437,11.191,10.367,12.781,13.535,14.232,15.484,15.861
12.339,10.208,8.487,7.752,7.930,10.474,11.867,10.216,9.598,7.142,0.000,7.020,8.710,11.098,12.396,11.742,11.445,12.506,12.972,13.079,12.663,15.225,15.950,16.325,16.848,16.832
11.766,9.532,7.827,8.065,7.602,10.379,11.926,10.888,11.597,8.124,7.020,0.000,6.892,8.648,9.364,7.750,7.415,8.366,9.178,9.340,10.001,12.700,14.022,15.249,16.236,16.419
12.708,11.579,10.146,11.142,11.364,13.831,15.394,14.306,14.378,10.691,8.710,6.892,0.000,6.411,6.754,7.311,8.387,9.820,10.957,11.940,13.011,14.979,16.344,16.942,17.450,17.394
13.015,12.237,11.368,12.521,12.800,14.994,16.297,16.167,16.977,13.585,11.098,8.648,6.411,0.000,6.395,7.771,7.984,8.819,11.146,12.529,13.266,15.053,16.379,16.742,17.126,17.430
14.241,13.886,12.900,14.224,13.919,15.589,16.161,16.194,17.497,14.398,12.396,9.364,6.754,6.395,0.000,6.318,7.862,8.442,9.632,11.748,13.329,14.595,15.473,16.447,16.938,17.198
14.083,13.615,12.388,13.406,12.746,14.478,14.893,14.113,15.376,12.505,11.742,7.750,7.311,7.771,6.318,0.000,6.276,7.934,8.293,9.623,12.194,13.557,14.389,15.186,16.250,16.618
13.645,12.940,11.552,12.630,11.750,13.544,13.761,13.557,14.803,11.964,11.445,7.415,8.387,7.984,7.862,6.276,0.000,6.078,7.768,8.453,10.306,12.677,14.299,14.736,15.382,16.085
13.978,13.087,11.480,12.659,11.719,13.266,13.070,13.084,15.202,12.440,12.506,8.366,9.820,8.819,8.442,7.934,6.078,0.000,6.009,7.652,8.579,10.515,12.928,14.513,14.929,15.527
14.804,14.204,12.735,13.638,12.371,13.752,13.088,12.810,15.312,12.437,12.972,9.178,10.957,11.146,9.632,8.293,7.768,6.009,0.000,5.869,8.201,9.406,11.692,14.145,15.207,15.263
15.351,14.561,13.219,13.267,11.526,12.415,11.480,10.849,13.853,11.191,13.079,9.340,11.940,12.529,11.748,9.623,8.453,7.652,5.869,0.000,5.881,7.691,9.622,11.707,14.005,14.718
15.345,14.324,12.906,12.527,10.028,10.338,8.449,7.834,11.665,10.367,12.663,10.001,13.011,13.266,13.329,12.194,10.306,8.579,8.201,5.881,0.000,6.043,7.240,9.112,11.496,13.018
16.575,16.094,15.212,15.056,13.002,13.182,11.178,10.287,13.890,12.781,15.225,12.700,14.979,15.053,14.595,13.557,12.677,10.515,9.406,7.691,6.043,0.000,5.975,7.647,9.808,11.393
16.810,16.424,15.830,15.514,13.695,13.513,11.127,10.602,13.948,13.535,15.950,14.022,16.344,16.379,15.473,14.389,14.299,12.928,11.692,9.622,7.240,5.975,0.000,5.996,7.551,9.040
16.919,16.780,16.477,16.101,14.327,13.760,11.846,11.396,13.892,14.232,16.325,15.249,16.942,16.742,16.447,15.186,14.736,14.513,14.145,11.707,9.112,7.647,5.996,0.000,5.927,7.884
16.597,16.546,16.462,16.236,15.180,14.442,12.903,13.011,15.045,15.484,16.848,16.236,17.450,17.126,16.938,16.250,15.382,14.929,15.207,14.005,11.496,9.808,7.551,5.927,0.000,6.407
16.342,16.184,16.193,16.022,15.530,14.735,13.583,13.570,15.289,15.861,16.832,16.419,17.394,17.430,17.198,16.618,16.085,15.527,15.263,14.718,13.018,11.393,9.040,7.884,6.407,0.000