c1,c2,c3,c4,c5,c6,c7,c8,c9,c10,c11,c12,c13,c14,c15,c16,c17,c18,c19,c20,c21,c22,c23,c24,c25,c26
0.000,6.186,7.660,10.073,11.787,14.304,15.343,15.978,15.952,15.523,14.406,13.913,14.228,14.050,14.764,14.809,14.689,14.452,14.819,14.806,14.362,15.084,15.253,15.266,15.174,15.219
6.186,0.000,5.971,7.424,8.223,11.471,13.150,14.351,14.660,13.820,12.497,11.703,12.423,13.021,13.855,14.117,14.065,13.848,14.431,14.415,13.825,14.683,14.923,15.065,14.959,15.008
7.660,5.971,0.000,5.695,7.608,9.921,12.096,13.926,14.284,13.293,11.475,11.102,11.680,12.475,13.755,13.815,13.793,13.376,14.186,14.143,13.733,14.389,14.749,14.768,14.799,14.842
10.073,7.424,5.695,0.000,5.865,7.846,10.020,11.779,11.964,11.230,9.801,10.040,11.633,12.689,14.115,14.424,14.415,14.051,15.054,14.929,14.254,14.965,15.270,15.226,15.096,15.168
11.787,8.223,7.608,5.865,0.000,6.006,7.246,9.349,10.219,10.015,9.340,8.373,10.892,11.879,12.975,13.063,13.331,12.469,13.694,13.695,13.295,14.110,14.497,14.453,14.515,14.671
14.304,11.471,9.921,7.846,6.006,0.000,5.849,7.705,7.841,8.297,9.028,9.590,12.150,13.311,14.550,14.362,14.643,14.355,15.273,14.959,14.313,14.879,15.169,14.914,14.814,14.989
15.343,13.150,12.096,10.020,7.246,5.849,0.000,5.507,7.929,7.426,9.608,9.224,12.311,13.070,13.677,13.430,13.276,12.996,14.167,13.875,13.445,14.042,14.415,14.506,14.493,14.729
15.978,14.351,13.926,11.779,9.349,7.705,5.507,0.000,5.536,6.550,9.569,9.669,12.948,14.386,14.402,13.802,14.057,13.713,14.780,14.816,13.764,14.187,14.616,14.598,14.716,15.047
15.952,14.660,14.284,11.964,10.219,7.841,7.929,5.536,0.000,5.886,8.897,10.365,12.697,14.947,15.530,14.342,14.646,14.995,15.976,15.915,15.832,15.809,15.947,15.719,15.768,15.856
15.523,13.820,13.293,11.230,10.015,8.297,7.426,6.550,5.886,0.000,6.286,7.738,9.611,11.637,13.175,12.520,12.834,13.450,14.614,14.803,15.079,15.953,15.719,15.695,15.856,16.131
14.406,12.497,11.475,9.801,9.340,9.028,9.608,9.569,8.897,6.286,0.000,6.704,8.172,9.796,11.201,11.657,12.445,12.963,14.428,15.188,15.484,16.165,16.831,16.368,16.348,16.541
13.913,11.703,11.102,10.040,8.373,9.590,9.224,9.669,10.365,7.738,6.704,0.000,6.693,8.252,9.196,8.917,10.195,11.026,12.341,13.233,14.221,15.089,15.863,16.680,16.376,16.583
14.228,12.423,11.680,11.633,10.892,12.150,12.311,12.948,12.697,9.611,8.172,6.693,0.000,6.432,7.747,8.004,8.938,11.049,12.740,13.426,14.190,15.382,15.994,16.556,17.343,17.020
14.050,13.021,12.475,12.689,11.879,13.311,13.070,14.386,14.947,11.637,9.796,8.252,6.432,0.000,6.273,7.724,8.298,9.354,12.005,13.356,13.500,14.527,15.727,16.261,16.792,17.298
14.764,13.855,13.755,14.115,12.975,14.550,13.677,14.402,15.530,13.175,11.201,9.196,7.747,6.273,0.000,6.284,7.870,8.586,10.220,12.622,13.774,13.851,14.801,15.966,16.428,16.699
14.809,14.117,13.815,14.424,13.063,14.362,13.430,13.802,14.342,12.520,11.657,8.917,8.004,7.724,6.284,0.000,6.120,7.780,8.721,10.338,12.735,13.904,13.971,14.903,15.981,16.282
14.689,14.065,13.793,14.415,13.331,14.643,13.276,14.057,14.646,12.834,12.445,10.195,8.938,8.298,7.870,6.120,0.000,5.994,7.911,9.119,10.723,12.967,14.096,14.232,15.051,15.762
14.452,13.848,13.376,14.051,12.469,14.355,12.996,13.713,14.995,13.450,12.963,11.026,11.049,9.354,8.586,7.780,5.994,0.000,5.942,7.592,8.557,10.165,12.408,13.832,13.910,14.469
14.819,14.431,14.186,15.054,13.694,15.273,14.167,14.780,15.976,14.614,14.428,12.341,12.740,12.005,10.220,8.721,7.911,5.942,0.000,5.845,7.959,8.966,10.423,12.979,13.684,13.428
14.806,14.415,14.143,14.929,13.695,14.959,13.875,14.816,15.915,14.803,15.188,13.233,13.426,13.356,12.622,10.338,9.119,7.592,5.845,0.000,5.875,7.524,8.531,10.602,12.385,12.865
14.362,13.825,13.733,14.254,13.295,14.313,13.445,13.764,15.832,15.079,15.484,14.221,14.190,13.500,13.774,12.735,10.723,8.557,7.959,5.875,0.000,5.807,7.465,8.912,10.315,11.470
15.084,14.683,14.389,14.965,14.110,14.879,14.042,14.187,15.809,15.953,16.165,15.089,15.382,14.527,13.851,13.904,12.967,10.165,8.966,7.524,5.807,0.000,5.920,7.606,8.945,9.525
15.253,14.923,14.749,15.270,14.497,15.169,14.415,14.616,15.947,15.719,16.831,15.863,15.994,15.727,14.801,13.971,14.096,12.408,10.423,8.531,7.465,5.920,0.000,5.930,7.440,8.159
15.266,15.065,14.768,15.226,14.453,14.914,14.506,14.598,15.719,15.695,16.368,16.680,16.556,16.261,15.966,14.903,14.232,13.832,12.979,10.602,8.912,7.606,5.930,0.000,5.903,7.942
15.174,14.959,14.799,15.096,14.515,14.814,14.493,14.716,15.768,15.856,16.348,16.376,17.343,16.792,16.428,15.981,15.051,13.910,13.684,12.385,10.315,8.945,7.440,5.903,0.000,6.372
15.219,15.008,14.842,15.168,14.671,14.989,14.729,15.047,15.856,16.131,16.541,16.583,17.020,17.298,16.699,16.282,15.762,14.469,13.428,12.865,11.470,9.525,8.159,7.942,6.372,0.000