c1,c2,c3,c4,c5,c6,c7,c8,c9,c10,c11,c12,c13,c14,c15,c16,c17,c18,c19,c20,c21,c22,c23,c24,c25,c26
0.000,6.217,7.770,10.130,11.889,14.177,15.370,15.517,15.606,14.111,12.656,11.888,12.695,12.690,14.124,14.239,13.296,13.589,14.965,14.943,14.371,15.272,16.149,15.955,16.049,16.299
6.217,0.000,5.952,7.455,8.561,11.645,13.512,13.700,13.892,12.111,10.657,9.321,10.993,11.420,13.104,13.082,11.730,12.382,14.093,13.990,13.622,14.923,15.878,15.931,16.086,16.447
7.770,5.952,0.000,5.810,7.684,9.726,12.025,12.654,12.711,11.245,9.243,8.578,10.630,11.346,12.852,12.425,11.141,11.528,13.421,13.280,12.688,14.509,15.726,15.493,15.899,16.411
10.130,7.455,5.810,0.000,5.881,7.675,10.148,10.631,10.762,9.286,8.160,8.145,10.840,11.942,13.668,12.779,11.761,12.774,14.544,13.726,13.291,15.312,16.294,15.994,16.242,16.716
11.889,8.561,7.684,5.881,0.000,6.049,7.263,8.355,8.691,7.908,8.170,7.625,11.092,12.381,13.728,12.219,11.123,12.486,14.038,12.812,12.243,14.620,15.476,15.070,15.814,16.561
14.177,11.645,9.726,7.675,6.049,0.000,5.640,7.755,8.012,8.291,9.386,9.369,12.894,13.972,14.950,13.582,12.785,13.909,15.299,13.991,13.316,15.378,15.711,15.104,15.591,16.292
15.370,13.512,12.025,10.148,7.263,5.640,0.000,5.481,7.980,8.414,11.359,11.109,14.649,15.342,15.760,14.158,13.124,13.998,15.142,13.523,12.553,14.453,14.854,14.206,14.869,15.703
15.517,13.700,12.654,10.631,8.355,7.755,5.481,0.000,5.646,5.950,9.850,10.291,13.862,15.515,16.089,13.710,13.012,14.368,15.385,13.724,13.012,14.955,15.229,14.709,15.496,16.137
15.606,13.892,12.711,10.762,8.691,8.012,7.980,5.646,0.000,6.134,9.244,11.207,14.184,16.593,17.253,14.643,14.007,16.090,16.862,15.455,15.406,17.092,16.991,16.439,16.861,16.841
14.111,12.111,11.245,9.286,7.908,8.291,8.414,5.950,6.134,0.000,6.546,7.630,10.627,13.231,14.191,11.441,11.117,13.424,14.340,13.041,13.847,16.010,16.224,15.739,16.441,16.770
12.656,10.657,9.243,8.160,8.170,9.386,11.359,9.850,9.244,6.546,0.000,6.510,8.398,10.902,12.261,10.702,10.453,12.924,14.293,13.999,14.691,16.514,17.508,16.848,17.124,17.228
11.888,9.321,8.578,8.145,7.625,9.369,11.109,10.291,11.207,7.630,6.510,0.000,6.824,8.569,9.172,6.804,6.249,8.830,10.460,10.043,11.066,13.207,14.301,14.449,15.931,16.768
12.695,10.993,10.630,10.840,11.092,12.894,14.649,13.862,14.184,10.627,8.398,6.824,0.000,6.258,6.678,6.508,7.445,9.603,10.915,11.796,12.830,14.428,15.777,16.511,17.572,17.615
12.690,11.420,11.346,11.942,12.381,13.972,15.342,15.515,16.593,13.231,10.902,8.569,6.258,0.000,6.304,7.404,6.692,7.919,10.859,11.799,11.730,13.266,15.425,15.980,16.876,17.714
14.124,13.104,12.852,13.668,13.728,14.950,15.760,16.089,17.253,14.191,12.261,9.172,6.678,6.304,0.000,6.513,7.662,7.158,8.132,11.096,11.899,11.898,13.572,15.487,16.399,17.039
14.239,13.082,12.425,12.779,12.219,13.582,14.158,13.710,14.643,11.441,10.702,6.804,6.508,7.404,6.513,0.000,6.057,7.753,6.996,7.936,10.764,11.723,12.326,13.663,15.723,16.604
13.296,11.730,11.141,11.761,11.123,12.785,13.124,13.012,14.007,11.117,10.453,6.249,7.445,6.692,7.662,6.057,0.000,5.876,7.673,7.168,7.752,10.698,12.054,12.567,14.247,15.849
13.589,12.382,11.528,12.774,12.486,13.909,13.998,14.368,16.090,13.424,12.924,8.830,9.603,7.919,7.158,7.753,5.876,0.000,5.882,7.642,6.733,7.521,10.632,11.829,12.797,14.366
14.965,14.093,13.421,14.544,14.038,15.299,15.142,15.385,16.862,14.340,14.293,10.460,10.915,10.859,8.132,6.996,7.673,5.882,0.000,5.749,7.543,6.881,8.014,10.749,12.430,13.761
14.943,13.990,13.280,13.726,12.812,13.991,13.523,13.724,15.455,13.041,13.999,10.043,11.796,11.799,11.096,7.936,7.168,7.642,5.749,0.000,5.675,7.625,7.286,8.560,11.288,12.987
14.371,13.622,12.688,13.291,12.243,13.316,12.553,13.012,15.406,13.847,14.691,11.066,12.830,11.730,11.899,10.764,7.752,6.733,7.543,5.675,0.000,5.636,7.627,7.495,9.394,11.565
15.272,14.923,14.509,15.312,14.620,15.378,14.453,14.955,17.092,16.010,16.514,13.207,14.428,13.266,11.898,11.723,10.698,7.521,6.881,7.625,5.636,0.000,5.673,7.539,8.375,10.391
16.149,15.878,15.726,16.294,15.476,15.711,14.854,15.229,16.991,16.224,17.508,14.301,15.777,15.425,13.572,12.326,12.054,10.632,8.014,7.286,7.627,5.673,0.000,5.838,7.770,9.583
15.955,15.931,15.493,15.994,15.070,15.104,14.206,14.709,16.439,15.739,16.848,14.449,16.511,15.980,15.487,13.663,12.567,11.829,10.749,8.560,7.495,7.539,5.838,0.000,5.907,8.378
16.049,16.086,15.899,16.242,15.814,15.591,14.869,15.496,16.861,16.441,17.124,15.931,17.572,16.876,16.399,15.723,14.247,12.797,12.430,11.288,9.394,8.375,7.770,5.907,0.000,6.624
16.299,16.447,16.411,16.716,16.561,16.292,15.703,16.137,16.841,16.770,17.228,16.768,17.615,17.714,17.039,16.604,15.849,14.366,13.761,12.987,11.565,10.391,9.583,8.378,6.624,0.000