c1,c2,c3,c4,c5,c6,c7,c8,c9,c10,c11,c12,c13,c14,c15,c16,c17,c18,c19,c20,c21,c22,c23,c24,c25,c26
0.000,5.993,7.582,9.678,11.580,14.331,15.015,14.534,14.894,15.046,14.628,14.311,14.748,14.820,15.146,15.548,15.132,14.800,15.279,15.039,13.909,14.853,15.148,14.422,14.621,14.995
5.993,0.000,5.814,7.454,8.760,11.651,13.208,13.494,13.534,13.815,13.572,12.959,13.866,14.098,14.589,15.020,14.186,14.102,14.776,14.271,13.032,14.396,14.684,13.936,14.203,14.870
7.582,5.814,0.000,5.748,7.311,9.521,11.275,12.770,13.460,13.129,12.937,12.917,13.933,14.327,14.735,14.913,13.897,13.818,14.346,13.639,12.236,13.905,14.239,13.482,14.079,14.653
9.678,7.454,5.748,0.000,5.774,7.695,9.447,10.668,12.348,12.357,12.745,12.481,14.693,14.966,15.511,15.352,14.379,14.716,15.363,14.204,13.224,15.009,15.191,14.324,14.870,15.419
11.580,8.760,7.311,5.774,0.000,5.796,7.210,8.218,9.388,10.291,11.111,11.044,13.678,14.264,15.150,14.284,13.604,14.146,14.887,13.504,12.543,14.683,14.847,14.253,14.989,15.552
14.331,11.651,9.521,7.695,5.796,0.000,5.623,7.696,8.806,9.544,11.423,11.893,14.567,15.139,16.018,15.185,14.627,15.538,16.110,14.870,14.128,15.844,15.818,15.056,15.394,15.746
15.015,13.208,11.275,9.447,7.210,5.623,0.000,5.748,7.509,7.631,9.664,10.583,13.548,14.536,15.276,14.291,13.970,15.205,15.975,14.835,14.639,15.879,15.993,15.620,15.861,15.953
14.534,13.494,12.770,10.668,8.218,7.696,5.748,0.000,5.637,7.714,9.392,10.220,13.657,15.006,15.565,13.896,13.772,15.170,15.847,14.687,14.654,16.011,15.733,15.258,15.818,16.011
14.894,13.534,13.460,12.348,9.388,8.806,7.509,5.637,0.000,5.782,8.099,9.702,12.461,14.290,15.247,13.268,12.946,14.685,15.478,14.509,14.654,15.867,15.905,15.344,15.918,16.189
15.046,13.815,13.129,12.357,10.291,9.544,7.631,7.714,5.782,0.000,6.010,7.727,10.395,12.534,13.785,12.019,12.022,14.117,14.986,14.120,14.927,16.377,16.261,15.900,16.221,16.266
14.628,13.572,12.937,12.745,11.111,11.423,9.664,9.392,8.099,6.010,0.000,6.201,8.347,10.808,12.049,10.933,11.210,13.323,14.222,13.973,15.004,16.305,16.726,16.306,16.411,16.303
14.311,12.959,12.917,12.481,11.044,11.893,10.583,10.220,9.702,7.727,6.201,0.000,6.265,8.421,9.154,7.336,7.725,10.292,10.954,10.657,12.070,13.642,14.395,14.771,16.006,16.510
14.748,13.866,13.933,14.693,13.678,14.567,13.548,13.657,12.461,10.395,8.347,6.265,0.000,6.174,6.822,7.051,8.277,10.184,11.036,11.844,13.124,14.283,15.450,16.258,17.286,17.054
14.820,14.098,14.327,14.966,14.264,15.139,14.536,15.006,14.290,12.534,10.808,8.421,6.174,0.000,6.151,7.590,7.154,8.217,10.701,11.585,11.657,13.032,15.190,15.758,16.800,17.101
15.146,14.589,14.735,15.511,15.150,16.018,15.276,15.565,15.247,13.785,12.049,9.154,6.822,6.151,0.000,6.291,7.586,7.302,8.001,10.770,11.592,11.660,13.543,15.276,16.482,16.939
15.548,15.020,14.913,15.352,14.284,15.185,14.291,13.896,13.268,12.019,10.933,7.336,7.051,7.590,6.291,0.000,5.978,7.712,7.101,7.977,10.696,11.438,12.102,13.641,15.819,16.579
15.132,14.186,13.897,14.379,13.604,14.627,13.970,13.772,12.946,12.022,11.210,7.725,8.277,7.154,7.586,5.978,0.000,5.769,7.585,7.091,8.050,10.554,12.026,12.407,14.314,15.823
14.800,14.102,13.818,14.716,14.146,15.538,15.205,15.170,14.685,14.117,13.323,10.292,10.184,8.217,7.302,7.712,5.769,0.000,5.796,7.528,6.723,7.529,10.753,11.855,12.990,14.415
15.279,14.776,14.346,15.363,14.887,16.110,15.975,15.847,15.478,14.986,14.222,10.954,11.036,10.701,8.001,7.101,7.585,5.796,0.000,5.679,7.501,6.645,8.289,10.888,12.745,13.975
15.039,14.271,13.639,14.204,13.504,14.870,14.835,14.687,14.509,14.120,13.973,10.657,11.844,11.585,10.770,7.977,7.091,7.528,5.679,0.000,5.658,7.511,7.365,8.718,11.394,13.069
13.909,13.032,12.236,13.224,12.543,14.128,14.639,14.654,14.654,14.927,15.004,12.070,13.124,11.657,11.592,10.696,8.050,6.723,7.501,5.658,0.000,5.658,7.588,7.291,9.325,11.183
14.853,14.396,13.905,15.009,14.683,15.844,15.879,16.011,15.867,16.377,16.305,13.642,14.283,13.032,11.660,11.438,10.554,7.529,6.645,7.511,5.658,0.000,5.696,7.625,8.574,10.160
15.148,14.684,14.239,15.191,14.847,15.818,15.993,15.733,15.905,16.261,16.726,14.395,15.450,15.190,13.543,12.102,12.026,10.753,8.289,7.365,7.588,5.696,0.000,5.810,7.826,9.649
14.422,13.936,13.482,14.324,14.253,15.056,15.620,15.258,15.344,15.900,16.306,14.771,16.258,15.758,15.276,13.641,12.407,11.855,10.888,8.718,7.291,7.625,5.810,0.000,6.008,8.106
14.621,14.203,14.079,14.870,14.989,15.394,15.861,15.818,15.918,16.221,16.411,16.006,17.286,16.800,16.482,15.819,14.314,12.990,12.745,11.394,9.325,8.574,7.826,6.008,0.000,6.447
14.995,14.870,14.653,15.419,15.552,15.746,15.953,16.011,16.189,16.266,16.303,16.510,17.054,17.101,16.939,16.579,15.823,14.415,13.975,13.069,11.183,10.160,9.649,8.106,6.447,0.000