c1,c2,c3,c4,c5,c6,c7,c8,c9,c10,c11,c12,c13,c14,c15,c16,c17,c18,c19,c20,c21,c22,c23,c24,c25,c26
0.000,6.411,7.861,10.052,11.675,14.355,15.026,15.832,16.141,15.087,13.836,12.794,13.318,13.454,14.523,14.842,14.130,14.485,15.899,16.031,15.673,16.609,17.054,16.608,16.323,16.286
6.411,0.000,6.113,7.580,8.301,11.675,12.964,14.126,14.658,13.189,11.768,10.516,11.658,12.097,13.591,13.969,12.879,13.204,15.207,15.234,14.604,16.082,16.752,16.133,15.932,16.118
7.861,6.113,0.000,5.974,7.734,10.272,12.110,13.839,13.893,12.445,10.359,9.492,10.322,11.159,12.666,12.752,11.571,11.805,13.983,14.013,13.433,15.380,16.145,15.441,15.737,16.131
10.052,7.580,5.974,0.000,6.156,8.208,10.390,11.974,11.887,10.539,8.706,8.570,10.627,11.835,13.613,13.340,12.345,12.701,14.605,14.067,13.142,15.556,16.153,15.255,15.453,15.973
11.675,8.301,7.734,6.156,0.000,6.410,7.190,9.490,9.840,9.379,8.467,7.679,10.845,12.015,12.949,12.482,11.200,11.098,12.857,11.745,10.157,13.195,14.118,13.013,13.848,14.866
14.355,11.675,10.272,8.208,6.410,0.000,6.067,7.875,7.581,7.933,8.589,9.040,12.311,13.616,14.997,14.342,13.131,13.170,14.895,13.108,10.986,14.210,14.913,13.329,14.048,15.066
15.026,12.964,12.110,10.390,7.190,6.067,0.000,5.637,8.085,7.665,10.248,9.743,13.075,13.899,14.370,13.732,12.060,11.580,12.844,11.042,7.809,11.087,11.633,10.413,11.675,12.982
15.832,14.126,13.839,11.974,9.490,7.875,5.637,0.000,5.752,6.424,9.941,9.969,13.654,15.042,15.040,13.562,12.659,12.327,12.981,10.727,7.632,10.571,11.006,9.908,11.879,13.457
16.141,14.658,13.893,11.887,9.840,7.581,8.085,5.752,0.000,6.262,9.415,10.979,13.850,16.141,16.633,15.025,14.096,14.896,15.549,13.613,12.145,14.738,14.755,13.194,14.729,15.638
15.087,13.189,12.445,10.539,9.379,7.933,7.665,6.424,6.262,0.000,7.388,8.543,10.390,12.857,13.850,12.100,11.212,12.432,13.119,11.113,10.975,13.902,13.992,13.285,14.662,15.944
13.836,11.768,10.359,8.706,8.467,8.589,10.248,9.941,9.415,7.388,0.000,7.505,8.929,10.905,12.405,11.855,11.186,12.604,13.860,13.272,13.307,15.878,16.581,15.643,16.531,17.242
12.794,10.516,9.492,8.570,7.679,9.040,9.743,9.969,10.979,8.543,7.505,0.000,7.371,8.932,9.492,8.129,7.806,9.038,10.492,9.932,10.733,13.133,14.291,14.239,15.074,16.337
13.318,11.658,10.322,10.627,10.845,12.311,13.075,13.654,13.850,10.390,8.929,7.371,0.000,6.677,7.694,7.664,8.162,10.104,11.500,11.834,12.816,14.774,15.982,16.412,17.362,17.575
13.454,12.097,11.159,11.835,12.015,13.616,13.899,15.042,16.141,12.857,10.905,8.932,6.677,0.000,6.630,7.944,7.790,8.902,11.418,12.166,12.454,13.911,15.766,16.048,16.764,17.608
14.523,13.591,12.666,13.613,12.949,14.997,14.370,15.040,16.633,13.850,12.405,9.492,7.694,6.630,0.000,6.916,8.141,8.002,9.197,11.638,12.633,12.981,14.429,15.810,16.410,17.100
14.842,13.969,12.752,13.340,12.482,14.342,13.732,13.562,15.025,12.100,11.855,8.129,7.664,7.944,6.916,0.000,6.554,7.983,7.709,8.565,11.135,12.266,12.802,13.708,15.607,16.538
14.130,12.879,11.571,12.345,11.200,13.131,12.060,12.659,14.096,11.212,11.186,7.806,8.162,7.790,8.141,6.554,0.000,6.325,8.006,7.617,8.258,11.090,12.372,12.227,13.693,15.588
14.485,13.204,11.805,12.701,11.098,13.170,11.580,12.327,14.896,12.432,12.604,9.038,10.104,8.902,8.002,7.983,6.325,0.000,6.335,7.931,7.350,8.296,11.353,11.936,12.350,13.915
15.899,15.207,13.983,14.605,12.857,14.895,12.844,12.981,15.549,13.119,13.860,10.492,11.500,11.418,9.197,7.709,8.006,6.335,0.000,6.004,7.856,7.241,8.816,11.269,12.496,13.424
16.031,15.234,14.013,14.067,11.745,13.108,11.042,10.727,13.613,11.113,13.272,9.932,11.834,12.166,11.638,8.565,7.617,7.931,6.004,0.000,6.011,7.822,7.625,8.445,11.591,12.876
15.673,14.604,13.433,13.142,10.157,10.986,7.809,7.632,12.145,10.975,13.307,10.733,12.816,12.454,12.633,11.135,8.258,7.350,7.856,6.011,0.000,6.033,7.581,6.821,8.865,11.303
16.609,16.082,15.380,15.556,13.195,14.210,11.087,10.571,14.738,13.902,15.878,13.133,14.774,13.911,12.981,12.266,11.090,8.296,7.241,7.822,6.033,0.000,5.923,7.719,7.550,9.660
17.054,16.752,16.145,16.153,14.118,14.913,11.633,11.006,14.755,13.992,16.581,14.291,15.982,15.766,14.429,12.802,12.372,11.353,8.816,7.625,7.581,5.923,0.000,5.983,7.826,9.083
16.608,16.133,15.441,15.255,13.013,13.329,10.413,9.908,13.194,13.285,15.643,14.239,16.412,16.048,15.810,13.708,12.227,11.936,11.269,8.445,6.821,7.719,5.983,0.000,6.101,8.363
16.323,15.932,15.737,15.453,13.848,14.048,11.675,11.879,14.729,14.662,16.531,15.074,17.362,16.764,16.410,15.607,13.693,12.350,12.496,11.591,8.865,7.550,7.826,6.101,0.000,6.565
16.286,16.118,16.131,15.973,14.866,15.066,12.982,13.457,15.638,15.944,17.242,16.337,17.575,17.608,17.100,16.538,15.588,13.915,13.424,12.876,11.303,9.660,9.083,8.363,6.565,0.000