c1,c2,c3,c4,c5,c6,c7,c8,c9,c10,c11,c12,c13,c14,c15,c16,c17,c18,c19,c20,c21,c22,c23,c24,c25,c26
0.000,6.198,7.670,10.046,11.316,14.178,15.123,16.154,16.152,15.298,13.773,12.978,13.540,13.796,14.394,14.722,14.562,14.443,15.092,15.133,14.657,15.141,15.683,15.587,15.486,15.537
6.198,0.000,5.926,7.416,7.789,11.326,12.883,14.477,14.739,13.548,11.860,10.751,11.863,12.608,13.537,14.001,13.745,13.734,14.793,14.736,14.131,14.911,15.447,15.370,15.273,15.429
7.670,5.926,0.000,5.706,7.614,10.264,12.199,14.539,14.242,13.126,10.756,10.079,10.896,11.931,13.071,13.544,13.212,13.035,14.303,14.259,13.646,14.419,15.172,15.002,15.082,15.319
10.046,7.416,5.706,0.000,5.927,7.861,10.428,12.239,11.975,11.290,9.224,9.289,11.053,12.534,13.740,14.048,13.951,14.050,15.268,14.975,14.285,15.292,15.863,15.638,15.612,15.700
11.316,7.789,7.614,5.927,0.000,6.103,7.309,9.865,10.133,9.827,8.790,7.677,10.666,11.997,12.791,12.969,12.838,12.785,14.039,13.686,12.781,14.057,14.785,14.539,14.861,15.309
14.178,11.326,10.264,7.861,6.103,0.000,5.884,7.776,7.785,8.270,8.740,9.172,12.112,13.578,14.489,14.406,14.197,14.448,15.658,14.963,13.905,15.257,15.726,15.069,15.281,15.625
15.123,12.883,12.199,10.428,7.309,5.884,0.000,5.452,7.932,7.432,9.571,9.162,12.301,13.333,13.786,13.511,12.845,13.041,14.270,13.421,12.029,13.597,14.158,13.706,14.116,14.714
16.154,14.477,14.539,12.239,9.865,7.776,5.452,0.000,5.569,6.401,9.528,9.744,13.046,14.570,14.552,13.968,13.703,13.980,15.105,14.508,13.110,14.429,14.792,14.127,14.546,15.123
16.152,14.739,14.242,11.975,10.133,7.785,7.932,5.569,0.000,5.865,8.880,10.349,12.817,15.208,15.573,14.430,14.335,15.220,16.210,15.778,15.551,16.434,16.521,15.838,16.091,15.994
15.298,13.548,13.126,11.290,9.827,8.270,7.432,6.401,5.865,0.000,6.552,7.833,9.904,11.916,13.262,12.571,12.193,13.089,14.307,13.932,14.284,15.796,15.544,15.130,15.795,16.126
13.773,11.860,10.756,9.224,8.790,8.740,9.571,9.528,8.880,6.552,0.000,6.770,8.480,10.032,11.305,11.958,12.072,12.626,14.104,14.665,15.039,16.048,17.019,16.372,16.572,16.547
12.978,10.751,10.079,9.289,7.677,9.172,9.162,9.744,10.349,7.833,6.770,0.000,6.883,8.650,9.315,9.064,9.872,10.617,11.841,12.341,13.233,14.415,15.198,15.840,15.927,16.540
13.540,11.863,10.896,11.053,10.666,12.112,12.301,13.046,12.817,9.904,8.480,6.883,0.000,6.617,7.884,8.098,8.764,10.505,11.827,12.295,13.348,14.575,15.496,16.340,17.508,17.105
13.796,12.608,11.931,12.534,11.997,13.578,13.333,14.570,15.208,11.916,10.032,8.650,6.617,0.000,6.447,7.990,8.153,8.752,11.167,12.278,12.214,13.270,15.115,15.827,16.636,17.562
14.394,13.537,13.071,13.740,12.791,14.489,13.786,14.552,15.573,13.262,11.305,9.315,7.884,6.447,0.000,6.644,8.099,7.813,8.924,11.483,12.315,11.987,13.468,15.473,16.132,16.776
14.722,14.001,13.544,14.048,12.969,14.406,13.511,13.968,14.430,12.571,11.958,9.064,8.098,7.990,6.644,0.000,6.326,7.895,7.712,8.680,11.195,11.637,11.840,13.604,15.510,16.233
14.562,13.745,13.212,13.951,12.838,14.197,12.845,13.703,14.335,12.193,12.072,9.872,8.764,8.153,8.099,6.326,0.000,6.057,7.872,7.740,8.323,10.472,11.617,12.268,13.808,15.472
14.443,13.734,13.035,14.050,12.785,14.448,13.041,13.980,15.220,13.089,12.626,10.617,10.505,8.752,7.813,7.895,6.057,0.000,6.000,7.821,7.152,7.298,10.040,11.570,11.974,13.477
15.092,14.793,14.303,15.268,14.039,15.658,14.270,15.105,16.210,14.307,14.104,11.841,11.827,11.167,8.924,7.712,7.872,6.000,0.000,5.866,7.362,6.542,7.628,10.648,11.943,12.540
15.133,14.736,14.259,14.975,13.686,14.963,13.421,14.508,15.778,13.932,14.665,12.341,12.295,12.278,11.483,8.680,7.740,7.821,5.866,0.000,5.824,7.548,6.850,8.059,11.107,12.346
14.657,14.131,13.646,14.285,12.781,13.905,12.029,13.110,15.551,14.284,15.039,13.233,13.348,12.214,12.315,11.195,8.323,7.152,7.362,5.824,0.000,5.710,7.563,7.013,8.699,10.913
15.141,14.911,14.419,15.292,14.057,15.257,13.597,14.429,16.434,15.796,16.048,14.415,14.575,13.270,11.987,11.637,10.472,7.298,6.542,7.548,5.710,0.000,5.633,7.555,7.688,9.159
15.683,15.447,15.172,15.863,14.785,15.726,14.158,14.792,16.521,15.544,17.019,15.198,15.496,15.115,13.468,11.840,11.617,10.040,7.628,6.850,7.563,5.633,0.000,5.758,7.700,8.567
15.587,15.370,15.002,15.638,14.539,15.069,13.706,14.127,15.838,15.130,16.372,15.840,16.340,15.827,15.473,13.604,12.268,11.570,10.648,8.059,7.013,7.555,5.758,0.000,5.711,7.855
15.486,15.273,15.082,15.612,14.861,15.281,14.116,14.546,16.091,15.795,16.572,15.927,17.508,16.636,16.132,15.510,13.808,11.974,11.943,11.107,8.699,7.688,7.700,5.711,0.000,6.093
15.537,15.429,15.319,15.700,15.309,15.625,14.714,15.123,15.994,16.126,16.547,16.540,17.105,17.562,16.776,16.233,15.472,13.477,12.540,12.346,10.913,9.159,8.567,7.855,6.093,0.000