c1,c2,c3,c4,c5,c6,c7,c8,c9,c10,c11,c12,c13,c14,c15,c16,c17,c18,c19,c20,c21,c22,c23,c24,c25,c26
0.000,6.202,7.709,9.950,11.550,14.032,15.063,15.848,15.549,14.966,13.603,13.208,13.718,13.817,14.530,14.847,14.848,14.502,15.153,15.087,14.733,15.260,15.547,15.597,15.577,15.664
6.202,0.000,6.022,7.413,8.127,11.513,13.063,14.201,14.179,13.159,11.620,10.937,11.976,12.609,13.558,13.954,14.264,13.961,14.842,14.800,14.331,15.009,15.325,15.443,15.441,15.628
7.709,6.022,0.000,5.779,7.774,10.216,12.198,13.834,13.625,12.667,10.767,10.164,10.992,12.055,13.110,13.248,13.487,13.044,14.088,13.989,13.609,14.289,14.846,14.895,15.214,15.473
9.950,7.413,5.779,0.000,5.965,7.883,10.215,11.476,11.161,10.548,9.177,9.509,11.129,12.684,13.814,13.749,14.418,14.023,15.058,14.805,14.259,15.055,15.496,15.407,15.553,15.760
11.550,8.127,7.774,5.965,0.000,6.143,7.170,9.209,9.747,9.388,9.247,8.140,10.911,12.229,12.948,12.819,13.406,12.713,13.714,13.532,12.931,13.651,14.238,14.355,14.607,15.190
14.032,11.513,10.216,7.883,6.143,0.000,5.899,7.874,7.920,8.653,9.604,9.894,12.776,13.896,14.661,14.428,15.054,14.463,15.495,15.227,14.209,14.774,15.170,14.849,14.976,15.344
15.063,13.063,12.198,10.215,7.170,5.899,0.000,5.482,7.957,7.638,9.970,9.390,12.562,13.602,13.818,13.406,13.790,13.177,14.215,13.893,13.059,13.463,14.017,14.003,14.250,14.733
15.848,14.201,13.834,11.476,9.209,7.874,5.482,0.000,5.615,6.584,9.571,9.754,12.963,14.673,14.545,13.773,14.391,13.952,14.880,14.768,13.786,14.374,14.635,14.492,14.805,15.037
15.549,14.179,13.625,11.161,9.747,7.920,7.957,5.615,0.000,5.952,8.976,10.336,12.760,14.983,15.394,14.334,14.995,15.011,15.788,15.798,15.463,15.951,15.965,15.599,15.749,15.623
14.966,13.159,12.667,10.548,9.388,8.653,7.638,6.584,5.952,0.000,6.508,7.926,9.830,12.093,13.203,12.645,13.190,13.289,14.224,14.362,14.583,15.335,15.321,15.318,15.574,15.731
13.603,11.620,10.767,9.177,9.247,9.604,9.970,9.571,8.976,6.508,0.000,7.142,8.421,10.313,11.550,11.885,13.033,12.958,14.087,14.720,15.028,15.658,16.215,15.985,16.113,16.179
13.208,10.937,10.164,9.509,8.140,9.894,9.390,9.754,10.336,7.926,7.142,0.000,7.110,9.052,9.672,9.441,11.063,11.215,12.213,12.839,13.682,14.255,15.100,15.644,15.760,16.237
13.718,11.976,10.992,11.129,10.911,12.776,12.562,12.963,12.760,9.830,8.421,7.110,0.000,6.851,8.003,8.391,9.675,11.032,12.307,12.782,13.627,14.476,15.428,16.157,16.754,16.743
13.817,12.609,12.055,12.684,12.229,13.896,13.602,14.673,14.983,12.093,10.313,9.052,6.851,0.000,6.626,8.142,9.180,9.923,11.779,12.762,13.004,13.788,15.194,15.934,16.622,17.038
14.530,13.558,13.110,13.814,12.948,14.661,13.818,14.545,15.394,13.203,11.550,9.672,8.003,6.626,0.000,6.808,8.121,8.866,9.851,11.792,12.739,12.778,14.020,15.492,16.238,16.826
14.847,13.954,13.248,13.749,12.819,14.428,13.406,13.773,14.334,12.645,11.885,9.441,8.391,8.142,6.808,0.000,6.448,7.675,8.079,9.045,11.185,11.884,12.499,13.866,15.373,16.128
14.848,14.264,13.487,14.418,13.406,15.054,13.790,14.391,14.995,13.190,13.033,11.063,9.675,9.180,8.121,6.448,0.000,6.105,7.784,7.933,8.826,10.790,12.150,12.879,14.137,15.555
14.502,13.961,13.044,14.023,12.713,14.463,13.177,13.952,15.011,13.289,12.958,11.215,11.032,9.923,8.866,7.675,6.105,0.000,6.065,7.762,7.583,7.965,10.635,12.156,12.667,14.030
15.153,14.842,14.088,15.058,13.714,15.495,14.215,14.880,15.788,14.224,14.087,12.213,12.307,11.779,9.851,8.079,7.784,6.065,0.000,5.879,7.482,7.005,8.377,11.157,12.439,13.282
15.087,14.800,13.989,14.805,13.532,15.227,13.893,14.768,15.798,14.362,14.720,12.839,12.782,12.762,11.792,9.045,7.933,7.762,5.879,0.000,5.850,7.581,7.659,9.297,11.642,12.939
14.733,14.331,13.609,14.259,12.931,14.209,13.059,13.786,15.463,14.583,15.028,13.682,13.627,13.004,12.739,11.185,8.826,7.583,7.482,5.850,0.000,5.814,7.613,7.828,9.735,11.630
15.260,15.009,14.289,15.055,13.651,14.774,13.463,14.374,15.951,15.335,15.658,14.255,14.476,13.788,12.778,11.884,10.790,7.965,7.005,7.581,5.814,0.000,5.848,7.692,8.556,10.166
15.547,15.325,14.846,15.496,14.238,15.170,14.017,14.635,15.965,15.321,16.215,15.100,15.428,15.194,14.020,12.499,12.150,10.635,8.377,7.659,7.613,5.848,0.000,5.904,7.628,9.112
15.597,15.443,14.895,15.407,14.355,14.849,14.003,14.492,15.599,15.318,15.985,15.644,16.157,15.934,15.492,13.866,12.879,12.156,11.157,9.297,7.828,7.692,5.904,0.000,5.845,7.911
15.577,15.441,15.214,15.553,14.607,14.976,14.250,14.805,15.749,15.574,16.113,15.760,16.754,16.622,16.238,15.373,14.137,12.667,12.439,11.642,9.735,8.556,7.628,5.845,0.000,6.271
15.664,15.628,15.473,15.760,15.190,15.344,14.733,15.037,15.623,15.731,16.179,16.237,16.743,17.038,16.826,16.128,15.555,14.030,13.282,12.939,11.630,10.166,9.112,7.911,6.271,0.000