c1,c2,c3,c4,c5,c6,c7,c8,c9,c10,c11,c12,c13,c14,c15,c16,c17,c18,c19,c20,c21,c22,c23,c24,c25,c26
0.000,6.248,7.642,10.150,11.587,14.436,15.433,16.491,16.538,15.790,14.229,13.479,13.763,13.831,14.691,15.083,14.727,14.400,15.455,15.518,14.948,15.473,16.061,15.824,15.656,15.592
6.248,0.000,5.960,7.422,7.802,11.498,13.148,14.847,15.007,14.266,12.400,11.643,12.400,12.950,13.880,14.551,13.975,13.627,15.182,15.184,14.376,15.189,15.862,15.636,15.434,15.470
7.642,5.960,0.000,5.776,7.654,10.567,12.498,15.128,14.827,13.844,11.487,10.688,11.067,12.115,13.196,13.705,13.125,12.483,14.201,14.207,13.337,14.281,15.322,14.939,14.995,15.259
10.150,7.422,5.776,0.000,5.922,7.908,10.530,12.782,12.609,12.147,9.741,9.908,11.350,12.615,14.023,14.392,13.915,13.485,15.250,15.082,13.887,15.037,15.913,15.488,15.466,15.544
11.587,7.802,7.654,5.922,0.000,6.140,7.279,10.486,10.904,10.737,9.344,8.315,10.961,12.286,13.133,13.199,12.553,12.173,13.823,13.428,11.864,13.408,14.482,14.124,14.442,15.143
14.436,11.498,10.567,7.908,6.140,0.000,5.924,7.856,7.921,8.756,8.660,9.579,12.454,14.077,15.065,14.637,14.223,14.013,15.611,14.818,13.257,14.680,15.516,14.699,14.797,15.354
15.433,13.148,12.498,10.530,7.279,5.924,0.000,5.470,7.959,7.657,9.262,8.834,12.270,13.609,13.943,13.516,12.564,12.425,13.807,13.006,10.984,12.676,13.512,13.040,13.338,14.204
16.491,14.847,15.128,12.782,10.486,7.856,5.470,0.000,5.585,6.381,9.405,9.888,13.373,15.154,15.283,14.106,13.591,13.698,14.965,14.021,12.565,13.786,14.448,13.688,13.897,14.799
16.538,15.007,14.827,12.609,10.904,7.921,7.959,5.585,0.000,5.857,8.960,10.706,13.480,15.982,16.468,14.944,14.499,15.258,16.417,15.695,14.907,16.133,16.438,15.687,15.862,15.989
15.790,14.266,13.844,12.147,10.737,8.756,7.657,6.381,5.857,0.000,6.637,7.964,10.341,12.819,13.861,12.628,12.165,13.136,14.271,13.568,13.606,15.174,15.391,15.015,15.541,15.953
14.229,12.400,11.487,9.741,9.344,8.660,9.262,9.405,8.960,6.637,0.000,7.080,8.475,10.744,12.215,11.952,11.782,12.982,14.386,14.319,14.549,15.853,16.657,16.185,16.390,16.298
13.479,11.643,10.688,9.908,8.315,9.579,8.834,9.888,10.706,7.964,7.080,0.000,7.162,8.913,9.668,8.787,8.707,9.681,11.265,11.175,11.458,13.028,13.888,14.361,15.457,16.309
13.763,12.400,11.067,11.350,10.961,12.454,12.270,13.373,13.480,10.341,8.475,7.162,0.000,6.679,7.701,7.981,8.811,10.099,11.525,12.417,12.974,14.284,15.340,16.085,17.244,17.087
13.831,12.950,12.115,12.615,12.286,14.077,13.609,15.154,15.982,12.819,10.744,8.913,6.679,0.000,6.492,7.829,8.007,8.423,11.014,12.199,12.129,13.104,14.969,15.648,16.634,17.561
14.691,13.880,13.196,14.023,13.133,15.065,13.943,15.283,16.468,13.861,12.215,9.668,7.701,6.492,0.000,6.752,7.778,7.497,8.446,11.261,12.045,11.887,13.425,15.359,16.169,16.844
15.083,14.551,13.705,14.392,13.199,14.637,13.516,14.106,14.944,12.628,11.952,8.787,7.981,7.829,6.752,0.000,6.165,7.816,7.435,8.522,10.991,11.574,11.948,13.624,15.600,16.297
14.727,13.975,13.125,13.915,12.553,14.223,12.564,13.591,14.499,12.165,11.782,8.707,8.811,8.007,7.778,6.165,0.000,5.988,7.774,7.719,8.284,10.480,11.725,12.377,14.005,15.515
14.400,13.627,12.483,13.485,12.173,14.013,12.425,13.698,15.258,13.136,12.982,9.681,10.099,8.423,7.497,7.816,5.988,0.000,5.960,7.805,7.054,7.328,10.029,11.587,12.174,13.567
15.455,15.182,14.201,15.250,13.823,15.611,13.807,14.965,16.417,14.271,14.386,11.265,11.525,11.014,8.446,7.435,7.774,5.960,0.000,5.824,7.350,6.611,7.704,10.763,12.169,12.755
15.518,15.184,14.207,15.082,13.428,14.818,13.006,14.021,15.695,13.568,14.319,11.175,12.417,12.199,11.261,8.522,7.719,7.805,5.824,0.000,5.847,7.537,6.935,8.192,11.263,12.499
14.948,14.376,13.337,13.887,11.864,13.257,10.984,12.565,14.907,13.606,14.549,11.458,12.974,12.129,12.045,10.991,8.284,7.054,7.350,5.847,0.000,5.720,7.559,7.133,8.923,11.089
15.473,15.189,14.281,15.037,13.408,14.680,12.676,13.786,16.133,15.174,15.853,13.028,14.284,13.104,11.887,11.574,10.480,7.328,6.611,7.537,5.720,0.000,5.669,7.544,7.882,9.387
16.061,15.862,15.322,15.913,14.482,15.516,13.512,14.448,16.438,15.391,16.657,13.888,15.340,14.969,13.425,11.948,11.725,10.029,7.704,6.935,7.559,5.669,0.000,5.738,7.661,8.635
15.824,15.636,14.939,15.488,14.124,14.699,13.040,13.688,15.687,15.015,16.185,14.361,16.085,15.648,15.359,13.624,12.377,11.587,10.763,8.192,7.133,7.544,5.738,0.000,5.712,7.860
15.656,15.434,14.995,15.466,14.442,14.797,13.338,13.897,15.862,15.541,16.390,15.457,17.244,16.634,16.169,15.600,14.005,12.174,12.169,11.263,8.923,7.882,7.661,5.712,0.000,6.123
15.592,15.470,15.259,15.544,15.143,15.354,14.204,14.799,15.989,15.953,16.298,16.309,17.087,17.561,16.844,16.297,15.515,13.567,12.755,12.499,11.089,9.387,8.635,7.860,6.123,0.000