c1,c2,c3,c4,c5,c6,c7,c8,c9,c10,c11,c12,c13,c14,c15,c16,c17,c18,c19,c20,c21,c22,c23,c24,c25,c26
0.000,6.361,7.901,10.425,12.538,14.687,15.918,16.012,15.831,14.476,12.741,12.336,12.748,12.453,14.220,14.365,13.443,14.131,15.283,15.431,15.245,16.573,17.060,16.797,16.646,16.686
6.361,0.000,6.063,7.719,9.522,12.468,14.260,14.098,14.135,12.547,10.710,9.843,11.282,11.238,13.289,13.005,12.011,12.808,14.246,14.359,14.103,15.849,16.489,16.408,16.315,16.563
7.901,6.063,0.000,6.006,7.816,9.903,12.153,12.728,12.484,11.220,9.130,8.425,10.702,11.121,12.820,12.007,10.892,11.347,12.953,12.871,12.348,14.716,15.843,15.725,15.913,16.480
10.425,7.719,6.006,0.000,6.024,7.798,10.146,10.677,10.532,9.459,8.061,8.361,11.434,12.184,14.041,12.817,11.968,12.590,13.932,12.913,12.127,14.862,15.750,15.448,15.606,16.370
12.538,9.522,7.816,6.024,0.000,6.270,7.409,8.486,8.538,8.530,8.703,8.166,11.813,12.785,13.819,12.024,11.258,11.461,12.670,10.910,9.259,12.581,13.615,13.452,14.248,15.662
14.687,12.468,9.903,7.798,6.270,0.000,5.873,7.779,8.132,8.779,10.311,10.335,13.918,14.666,15.510,13.963,13.241,13.244,14.470,12.270,9.918,12.966,13.961,13.280,13.918,15.254
15.918,14.260,12.153,10.146,7.409,5.873,0.000,5.699,8.113,8.612,11.705,11.788,15.228,15.824,16.009,14.233,13.155,12.474,13.408,11.309,7.805,10.731,11.424,11.112,12.369,14.041
16.012,14.098,12.728,10.677,8.486,7.779,5.699,0.000,5.818,6.467,10.034,10.613,14.229,15.869,16.034,13.386,12.853,12.699,13.148,10.686,7.345,10.335,11.029,10.972,12.850,14.415
15.831,14.135,12.484,10.532,8.538,8.132,8.113,5.818,0.000,6.520,9.638,11.389,14.575,16.847,17.389,14.889,14.350,15.097,15.839,13.567,11.690,14.244,14.584,13.963,15.200,16.077
14.476,12.547,11.220,9.459,8.530,8.779,8.612,6.467,6.520,0.000,7.567,8.012,10.934,13.580,14.362,11.503,11.556,12.605,13.135,10.830,10.363,13.223,13.982,13.923,15.300,16.444
12.741,10.710,9.130,8.061,8.703,10.311,11.705,10.034,9.638,7.567,0.000,7.337,9.239,11.367,12.636,10.991,11.390,12.920,13.969,13.001,12.615,15.722,16.609,16.062,16.737,17.175
12.336,9.843,8.425,8.361,8.166,10.335,11.788,10.613,11.389,8.012,7.337,0.000,7.437,8.865,9.248,6.741,7.236,8.735,9.868,9.129,9.784,12.801,14.127,14.422,15.680,16.560
12.748,11.282,10.702,11.434,11.813,13.918,15.228,14.229,14.575,10.934,9.239,7.437,0.000,6.746,7.032,6.809,8.636,10.599,11.849,11.703,12.836,15.169,16.477,16.501,17.289,17.669
12.453,11.238,11.121,12.184,12.785,14.666,15.824,15.869,16.847,13.580,11.367,8.865,6.746,0.000,6.813,7.889,8.274,9.764,12.354,12.256,12.773,14.927,16.470,16.306,16.818,17.459
14.220,13.289,12.820,14.041,13.819,15.510,16.009,16.034,17.389,14.362,12.636,9.248,7.032,6.813,0.000,7.080,8.264,9.122,10.271,11.584,12.952,14.325,15.406,16.084,16.699,17.285
14.365,13.005,12.007,12.817,12.024,13.963,14.233,13.386,14.889,11.503,10.991,6.741,6.809,7.889,7.080,0.000,6.559,8.010,7.825,8.186,10.935,12.594,13.633,13.935,15.531,16.636
13.443,12.011,10.892,11.968,11.258,13.241,13.155,12.853,14.350,11.556,11.390,7.236,8.636,8.274,8.264,6.559,0.000,6.151,7.901,7.625,8.960,11.771,13.218,13.238,14.266,15.900
14.131,12.808,11.347,12.590,11.461,13.244,12.474,12.699,15.097,12.605,12.920,8.735,10.599,9.764,9.122,8.010,6.151,0.000,5.941,7.594,7.538,9.080,11.593,12.167,12.808,14.442
15.283,14.246,12.953,13.932,12.670,14.470,13.408,13.148,15.839,13.135,13.969,9.868,11.849,12.354,10.271,7.825,7.901,5.941,0.000,5.803,7.858,7.876,9.862,11.410,12.907,14.419
15.431,14.359,12.871,12.913,10.910,12.270,11.309,10.686,13.567,10.830,13.001,9.129,11.703,12.256,11.584,8.186,7.625,7.594,5.803,0.000,5.805,8.054,8.811,9.260,11.596,13.610
15.245,14.103,12.348,12.127,9.259,9.918,7.805,7.345,11.690,10.363,12.615,9.784,12.836,12.773,12.952,10.935,8.960,7.538,7.858,5.805,0.000,6.043,7.358,6.841,9.489,11.799
16.573,15.849,14.716,14.862,12.581,12.966,10.731,10.335,14.244,13.223,15.722,12.801,15.169,14.927,14.325,12.594,11.771,9.080,7.876,8.054,6.043,0.000,5.809,7.624,8.635,10.730
17.060,16.489,15.843,15.750,13.615,13.961,11.424,11.029,14.584,13.982,16.609,14.127,16.477,16.470,15.406,13.633,13.218,11.593,9.862,8.811,7.358,5.809,0.000,6.031,7.831,9.805
16.797,16.408,15.725,15.448,13.452,13.280,11.112,10.972,13.963,13.923,16.062,14.422,16.501,16.306,16.084,13.935,13.238,12.167,11.410,9.260,6.841,7.624,6.031,0.000,6.053,8.557
16.646,16.315,15.913,15.606,14.248,13.918,12.369,12.850,15.200,15.300,16.737,15.680,17.289,16.818,16.699,15.531,14.266,12.808,12.907,11.596,9.489,8.635,7.831,6.053,0.000,6.876
16.686,16.563,16.480,16.370,15.662,15.254,14.041,14.415,16.077,16.444,17.175,16.560,17.669,17.459,17.285,16.636,15.900,14.442,14.419,13.610,11.799,10.730,9.805,8.557,6.876,0.000