c1,c2,c3,c4,c5,c6,c7,c8,c9,c10,c11,c12,c13,c14,c15,c16,c17,c18,c19,c20,c21,c22,c23,c24,c25,c26
0.000,6.507,7.838,10.425,12.009,14.730,16.022,16.165,15.987,14.424,12.448,11.902,12.586,12.422,14.177,14.221,13.458,13.689,15.109,14.954,14.054,15.175,15.929,15.805,15.985,16.210
6.507,0.000,6.138,7.646,9.156,12.211,14.297,14.234,13.932,12.250,10.244,9.196,10.998,11.177,13.272,13.232,12.277,12.788,14.462,14.234,13.422,14.843,15.622,15.596,15.809,16.109
7.838,6.138,0.000,6.046,7.669,10.367,12.573,13.209,12.711,11.091,8.795,7.955,10.204,10.511,12.501,12.022,10.859,11.388,13.057,12.835,12.000,14.023,15.182,15.201,15.658,16.030
10.425,7.646,6.046,0.000,6.034,7.670,10.372,10.683,10.375,8.826,6.959,7.519,10.503,11.625,13.524,12.345,11.733,12.615,14.203,13.243,12.857,15.065,15.878,15.651,15.874,16.136
12.009,9.156,7.669,6.034,0.000,6.106,7.163,8.004,8.290,7.153,7.412,6.821,10.841,12.205,13.579,12.062,11.265,12.325,13.722,12.378,11.722,14.143,14.838,14.480,15.260,15.939
14.730,12.211,10.367,7.670,6.106,0.000,5.637,7.797,7.788,8.376,9.524,9.793,13.731,14.648,15.736,14.284,13.538,14.410,15.733,14.190,13.378,15.524,15.704,14.822,15.301,15.826
16.022,14.297,12.573,10.372,7.163,5.637,0.000,5.422,7.936,8.419,11.601,11.175,15.010,15.914,16.238,14.609,13.539,13.993,15.150,13.526,12.474,14.211,14.226,13.587,14.109,14.958
16.165,14.234,13.209,10.683,8.004,7.797,5.422,0.000,5.596,5.688,9.919,10.173,14.024,15.838,16.259,13.968,13.361,14.338,15.334,13.655,12.982,14.873,14.772,14.096,14.865,15.500
15.987,13.932,12.711,10.375,8.290,7.788,7.936,5.596,0.000,6.067,9.263,11.374,14.528,16.980,17.479,15.130,14.651,16.161,17.028,15.682,15.188,16.772,16.577,15.745,16.176,16.082
14.424,12.250,11.091,8.826,7.153,8.376,8.419,5.688,6.067,0.000,6.416,7.414,10.712,13.449,14.239,11.799,11.717,13.604,14.531,13.125,13.535,15.628,15.821,15.222,15.935,15.971
12.448,10.244,8.795,6.959,7.412,9.524,11.601,9.919,9.263,6.416,0.000,6.522,8.605,11.203,12.497,11.267,11.089,13.283,14.607,14.085,14.346,16.120,16.649,15.912,15.930,15.979
11.902,9.196,7.955,7.519,6.821,9.793,11.175,10.173,11.374,7.414,6.522,0.000,6.709,8.668,9.276,7.060,6.876,9.047,10.546,10.091,10.856,12.750,13.967,14.376,15.502,16.004
12.586,10.998,10.204,10.503,10.841,13.731,15.010,14.024,14.528,10.712,8.605,6.709,0.000,6.535,6.706,6.816,7.897,9.925,11.125,11.908,12.715,14.178,15.587,15.895,16.731,16.769
12.422,11.177,10.511,11.625,12.205,14.648,15.914,15.838,16.980,13.449,11.203,8.668,6.535,0.000,6.405,7.649,7.053,8.368,10.896,11.831,11.834,13.254,15.381,15.717,16.753,17.225
14.177,13.272,12.501,13.524,13.579,15.736,16.238,16.259,17.479,14.239,12.497,9.276,6.706,6.405,0.000,6.645,7.798,7.688,8.619,11.060,11.900,12.250,13.945,15.477,16.515,17.057
14.221,13.232,12.022,12.345,12.062,14.284,14.609,13.968,15.130,11.799,11.267,7.060,6.816,7.649,6.645,0.000,6.205,7.883,7.233,8.178,10.625,11.619,12.747,13.868,15.834,16.590
13.458,12.277,10.859,11.733,11.265,13.538,13.539,13.361,14.651,11.717,11.089,6.876,7.897,7.053,7.798,6.205,0.000,5.912,7.684,7.348,8.130,10.790,12.475,12.897,14.472,15.827
13.689,12.788,11.388,12.615,12.325,14.410,13.993,14.338,16.161,13.604,13.283,9.047,9.925,8.368,7.688,7.883,5.912,0.000,5.899,7.596,6.820,7.866,11.004,12.143,13.307,14.454
15.109,14.462,13.057,14.203,13.722,15.733,15.150,15.334,17.028,14.531,14.607,10.546,11.125,10.896,8.619,7.233,7.684,5.899,0.000,5.728,7.546,7.039,8.945,11.385,13.113,14.184
14.954,14.234,12.835,13.243,12.378,14.190,13.526,13.655,15.682,13.125,14.085,10.091,11.908,11.831,11.060,8.178,7.348,7.596,5.728,0.000,5.805,7.650,8.035,9.441,12.023,13.546
14.054,13.422,12.000,12.857,11.722,13.378,12.474,12.982,15.188,13.535,14.346,10.856,12.715,11.834,11.900,10.625,8.130,6.820,7.546,5.805,0.000,5.888,7.753,7.965,9.813,11.753
15.175,14.843,14.023,15.065,14.143,15.524,14.211,14.873,16.772,15.628,16.120,12.750,14.178,13.254,12.250,11.619,10.790,7.866,7.039,7.650,5.888,0.000,6.108,7.759,8.882,10.429
15.929,15.622,15.182,15.878,14.838,15.704,14.226,14.772,16.577,15.821,16.649,13.967,15.587,15.381,13.945,12.747,12.475,11.004,8.945,8.035,7.753,6.108,0.000,6.114,7.834,9.667
15.805,15.596,15.201,15.651,14.480,14.822,13.587,14.096,15.745,15.222,15.912,14.376,15.895,15.717,15.477,13.868,12.897,12.143,11.385,9.441,7.965,7.759,6.114,0.000,6.258,8.362
15.985,15.809,15.658,15.874,15.260,15.301,14.109,14.865,16.176,15.935,15.930,15.502,16.731,16.753,16.515,15.834,14.472,13.307,13.113,12.023,9.813,8.882,7.834,6.258,0.000,6.792
16.210,16.109,16.030,16.136,15.939,15.826,14.958,15.500,16.082,15.971,15.979,16.004,16.769,17.225,17.057,16.590,15.827,14.454,14.184,13.546,11.753,10.429,9.667,8.362,6.792,0.000