c1,c2,c3,c4,c5,c6,c7,c8,c9,c10,c11,c12,c13,c14,c15,c16,c17,c18,c19,c20,c21,c22,c23,c24,c25,c26
0.000,6.386,7.804,10.274,11.121,14.178,15.356,16.413,16.393,15.175,13.519,12.773,13.544,13.605,14.228,14.009,14.256,14.160,14.331,14.693,14.914,15.643,15.775,16.102,15.937,16.112
6.386,0.000,6.052,7.399,7.492,11.040,12.795,14.359,14.635,13.390,11.435,10.385,11.998,12.324,13.091,12.815,13.059,13.127,13.192,13.623,14.180,15.140,15.380,15.929,15.999,16.228
7.804,6.052,0.000,5.681,7.651,10.524,12.696,14.642,14.013,12.382,10.253,9.866,11.045,11.933,13.030,12.641,12.957,13.097,13.215,13.977,14.144,15.278,15.878,16.191,16.276,16.460
10.274,7.399,5.681,0.000,6.004,7.996,10.753,12.619,12.265,11.310,9.020,8.939,11.415,12.408,13.426,12.729,13.423,13.626,13.520,14.120,14.276,15.430,15.778,16.193,16.215,16.509
11.121,7.492,7.651,6.004,0.000,6.096,7.335,9.834,9.871,9.389,8.004,7.273,10.431,11.561,12.185,11.337,11.868,12.112,11.775,12.309,12.758,14.229,14.687,15.240,15.771,16.300
14.178,11.040,10.524,7.996,6.096,0.000,5.840,7.698,7.846,8.084,8.146,8.193,11.899,13.354,13.961,12.895,13.697,14.179,13.839,13.812,13.789,15.015,15.211,15.379,15.744,16.253
15.356,12.795,12.696,10.753,7.335,5.840,0.000,5.451,7.856,8.011,9.710,8.671,11.921,13.454,13.473,12.142,12.258,12.919,12.715,12.349,12.162,13.359,13.881,14.420,15.110,15.615
16.413,14.359,14.642,12.619,9.834,7.698,5.451,0.000,5.597,5.838,9.370,9.543,12.779,14.874,14.844,13.482,13.922,14.474,14.371,14.152,13.631,14.474,14.579,14.756,15.444,15.910
16.393,14.635,14.013,12.265,9.871,7.846,7.856,5.597,0.000,5.838,8.638,10.277,12.959,15.572,15.973,14.200,14.793,15.916,15.587,15.484,15.798,16.109,16.148,15.935,16.107,16.291
15.175,13.390,12.382,11.310,9.389,8.084,8.011,5.838,5.838,0.000,6.313,7.529,9.790,12.308,13.528,12.016,12.774,13.816,13.966,13.795,14.752,16.171,15.583,15.743,16.562,16.886
13.519,11.435,10.253,9.020,8.004,8.146,9.710,9.370,8.638,6.313,0.000,6.725,8.320,10.188,11.412,11.211,12.407,13.249,13.593,14.280,14.923,16.159,16.733,16.382,16.705,16.940
12.773,10.385,9.866,8.939,7.273,8.193,8.671,9.543,10.277,7.529,6.725,0.000,6.782,8.577,9.226,7.997,9.567,11.010,11.348,11.866,13.319,14.591,14.954,15.878,16.599,17.171
13.544,11.998,11.045,11.415,10.431,11.899,11.921,12.779,12.959,9.790,8.320,6.782,0.000,6.463,7.309,7.264,8.860,10.750,11.813,12.547,13.584,14.943,15.549,16.423,17.804,17.651
13.605,12.324,11.933,12.408,11.561,13.354,13.454,14.874,15.572,12.308,10.188,8.577,6.463,0.000,6.162,7.903,8.436,9.421,11.608,12.885,12.570,13.853,15.395,16.036,16.941,17.892
14.228,13.091,13.030,13.426,12.185,13.961,13.473,14.844,15.973,13.528,11.412,9.226,7.309,6.162,0.000,6.449,8.167,8.402,9.464,12.307,13.090,12.592,13.861,15.584,16.483,17.260
14.009,12.815,12.641,12.729,11.337,12.895,12.142,13.482,14.200,12.016,11.211,7.997,7.264,7.903,6.449,0.000,6.144,7.778,7.965,9.310,12.025,13.059,12.455,13.878,15.711,16.592
14.256,13.059,12.957,13.423,11.868,13.697,12.258,13.922,14.793,12.774,12.407,9.567,8.860,8.436,8.167,6.144,0.000,5.874,7.481,8.115,9.246,12.415,13.156,12.644,14.212,16.063
14.160,13.127,13.097,13.626,12.112,14.179,12.919,14.474,15.916,13.816,13.249,11.010,10.750,9.421,8.402,7.778,5.874,0.000,5.775,7.546,7.704,9.249,12.143,13.128,13.072,14.796
14.331,13.192,13.215,13.520,11.775,13.839,12.715,14.371,15.587,13.966,13.593,11.348,11.813,11.608,9.464,7.965,7.481,5.775,0.000,5.675,7.341,7.932,9.326,12.009,13.367,14.072
14.693,13.623,13.977,14.120,12.309,13.812,12.349,14.152,15.484,13.795,14.280,11.866,12.547,12.885,12.307,9.310,8.115,7.546,5.675,0.000,5.673,7.521,7.945,9.364,12.378,13.893
14.914,14.180,14.144,14.276,12.758,13.789,12.162,13.631,15.798,14.752,14.923,13.319,13.584,12.570,13.090,12.025,9.246,7.704,7.341,5.673,0.000,5.720,7.588,7.815,9.873,12.571
15.643,15.140,15.278,15.430,14.229,15.015,13.359,14.474,16.109,16.171,16.159,14.591,14.943,13.853,12.592,13.059,12.415,9.249,7.932,7.521,5.720,0.000,5.819,7.497,8.476,10.610
15.775,15.380,15.878,15.778,14.687,15.211,13.881,14.579,16.148,15.583,16.733,14.954,15.549,15.395,13.861,12.455,13.156,12.143,9.326,7.945,7.588,5.819,0.000,5.987,7.624,9.479
16.102,15.929,16.191,16.193,15.240,15.379,14.420,14.756,15.935,15.743,16.382,15.878,16.423,16.036,15.584,13.878,12.644,13.128,12.009,9.364,7.815,7.497,5.987,0.000,6.090,8.479
15.937,15.999,16.276,16.215,15.771,15.744,15.110,15.444,16.107,16.562,16.705,16.599,17.804,16.941,16.483,15.711,14.212,13.072,13.367,12.378,9.873,8.476,7.624,6.090,0.000,6.740
16.112,16.228,16.460,16.509,16.300,16.253,15.615,15.910,16.291,16.886,16.940,17.171,17.651,17.892,17.260,16.592,16.063,14.796,14.072,13.893,12.571,10.610,9.479,8.479,6.740,0.000