c1,c2,c3,c4,c5,c6,c7,c8,c9,c10,c11,c12,c13,c14,c15,c16,c17,c18,c19,c20,c21,c22,c23,c24,c25,c26
0.000,6.263,7.749,10.023,11.615,14.490,14.644,14.705,14.981,15.325,14.758,14.247,15.200,14.965,15.436,15.211,15.181,14.888,14.755,15.152,14.987,15.631,15.795,15.735,15.817,15.801
6.263,0.000,6.150,7.583,8.548,11.752,12.741,13.160,13.508,13.890,13.211,12.707,14.146,14.180,14.801,14.550,14.666,14.201,13.856,14.274,13.803,14.911,15.104,15.207,15.375,15.411
7.749,6.150,0.000,5.930,7.533,10.420,11.656,13.076,13.532,13.818,13.161,12.536,13.861,14.128,14.645,14.260,14.370,13.752,13.246,13.815,13.145,14.251,14.587,14.753,15.187,15.253
10.023,7.583,5.930,0.000,6.040,8.278,10.170,11.800,12.664,13.493,12.833,12.258,14.053,14.491,15.256,14.738,15.096,14.348,13.534,13.944,12.875,14.188,14.433,14.564,14.958,15.139
11.615,8.548,7.533,6.040,0.000,6.016,7.179,9.435,10.391,11.571,11.313,10.921,12.928,13.898,14.438,13.682,14.233,13.299,12.224,12.379,11.097,12.704,13.079,13.423,14.047,14.242
14.490,11.752,10.420,8.278,6.016,0.000,6.003,8.132,9.356,10.728,11.389,11.547,13.906,14.880,15.278,14.436,15.090,14.013,13.033,13.074,11.352,12.942,13.374,13.439,14.457,14.656
14.644,12.741,11.656,10.170,7.179,6.003,0.000,5.876,7.920,8.966,10.212,10.485,12.963,14.120,14.320,13.379,14.059,13.022,11.971,12.073,9.994,11.687,12.340,12.588,13.788,14.032
14.705,13.160,13.076,11.800,9.435,8.132,5.876,0.000,6.081,7.588,9.727,10.730,13.733,15.205,15.380,14.093,14.748,13.617,12.612,12.337,10.097,11.217,11.822,12.340,13.598,13.766
14.981,13.508,13.532,12.664,10.391,9.356,7.920,6.081,0.000,6.146,8.610,9.652,12.534,14.675,15.171,13.741,14.379,13.286,12.185,11.980,10.556,11.902,12.683,12.961,13.959,14.361
15.325,13.890,13.818,13.493,11.571,10.728,8.966,7.588,6.146,0.000,6.694,8.156,10.593,13.033,14.140,13.126,13.865,13.148,12.304,12.148,11.030,12.630,13.386,13.668,14.667,15.065
14.758,13.211,13.161,12.833,11.313,11.389,10.212,9.727,8.610,6.694,0.000,6.989,8.623,11.002,12.094,12.026,13.464,12.725,12.046,12.522,12.095,13.890,14.695,14.953,15.722,15.988
14.247,12.707,12.536,12.258,10.921,11.547,10.485,10.730,9.652,8.156,6.989,0.000,7.245,8.858,9.664,9.175,10.933,10.506,9.733,10.554,10.889,12.834,13.845,14.358,15.200,15.507
15.200,14.146,13.861,14.053,12.928,13.906,12.963,13.733,12.534,10.593,8.623,7.245,0.000,7.101,7.676,8.472,10.452,11.546,11.696,12.137,13.070,14.711,15.417,15.892,16.832,16.790
14.965,14.180,14.128,14.491,13.898,14.880,14.120,15.205,14.675,13.033,11.002,8.858,7.101,0.000,6.892,8.215,9.978,11.178,12.063,12.666,13.300,14.662,15.303,15.829,16.624,16.901
15.436,14.801,14.645,15.256,14.438,15.278,14.320,15.380,15.171,14.140,12.094,9.664,7.676,6.892,0.000,7.194,8.552,10.239,10.644,11.960,13.501,14.268,14.701,15.558,16.371,16.735
15.211,14.550,14.260,14.738,13.682,14.436,13.379,14.093,13.741,13.126,12.026,9.175,8.472,8.215,7.194,0.000,6.762,7.494,7.887,9.039,11.749,12.891,12.969,14.015,15.180,15.583
15.181,14.666,14.370,15.096,14.233,15.090,14.059,14.748,14.379,13.865,13.464,10.933,10.452,9.978,8.552,6.762,0.000,6.302,8.044,8.385,10.067,12.415,13.306,13.172,14.002,15.123
14.888,14.201,13.752,14.348,13.299,14.013,13.022,13.617,13.286,13.148,12.725,10.506,11.546,11.178,10.239,7.494,6.302,0.000,6.079,7.891,8.562,10.160,12.223,12.412,12.665,13.597
14.755,13.856,13.246,13.534,12.224,13.033,11.971,12.612,12.185,12.304,12.046,9.733,11.696,12.063,10.644,7.887,8.044,6.079,0.000,5.988,7.876,8.772,9.911,11.348,12.334,12.580
15.152,14.274,13.815,13.944,12.379,13.074,12.073,12.337,11.980,12.148,12.522,10.554,12.137,12.666,11.960,9.039,8.385,7.891,5.988,0.000,6.117,7.978,8.503,8.786,11.089,11.744
14.987,13.803,13.145,12.875,11.097,11.352,9.994,10.097,10.556,11.030,12.095,10.889,13.070,13.300,13.501,11.749,10.067,8.562,7.876,6.117,0.000,6.291,7.244,7.189,8.733,10.361
15.631,14.911,14.251,14.188,12.704,12.942,11.687,11.217,11.902,12.630,13.890,12.834,14.711,14.662,14.268,12.891,12.415,10.160,8.772,7.978,6.291,0.000,6.434,7.865,7.846,9.050
15.795,15.104,14.587,14.433,13.079,13.374,12.340,11.822,12.683,13.386,14.695,13.845,15.417,15.303,14.701,12.969,13.306,12.223,9.911,8.503,7.244,6.434,0.000,6.279,7.880,8.384
15.735,15.207,14.753,14.564,13.423,13.439,12.588,12.340,12.961,13.668,14.953,14.358,15.892,15.829,15.558,14.015,13.172,12.412,11.348,8.786,7.189,7.865,6.279,0.000,6.472,8.085
15.817,15.375,15.187,14.958,14.047,14.457,13.788,13.598,13.959,14.667,15.722,15.200,16.832,16.624,16.371,15.180,14.002,12.665,12.334,11.089,8.733,7.846,7.880,6.472,0.000,6.657
15.801,15.411,15.253,15.139,14.242,14.656,14.032,13.766,14.361,15.065,15.988,15.507,16.790,16.901,16.735,15.583,15.123,13.597,12.580,11.744,10.361,9.050,8.384,8.085,6.657,0.000