c1,c2,c3,c4,c5,c6,c7,c8,c9,c10,c11,c12,c13,c14,c15,c16,c17,c18,c19,c20,c21,c22,c23,c24,c25,c26
0.000,6.043,7.580,9.445,11.026,13.649,13.990,14.029,14.711,15.106,14.891,15.359,16.260,16.089,16.087,15.746,15.372,14.697,14.973,14.711,14.532,15.145,15.465,15.474,15.507,15.582
6.043,0.000,5.857,7.525,7.864,10.662,11.885,12.712,13.016,13.700,13.762,14.120,15.377,16.071,15.937,15.551,15.066,14.069,14.537,14.056,13.354,14.398,14.706,14.928,14.971,15.228
7.580,5.857,0.000,5.677,7.455,9.347,10.432,12.114,13.032,13.037,12.853,13.797,15.079,15.544,16.087,15.112,14.641,13.481,13.840,13.410,12.555,13.519,14.063,14.284,14.742,15.100
9.445,7.525,5.677,0.000,5.894,7.882,9.106,10.470,12.363,13.173,12.269,13.178,15.065,15.568,16.014,15.879,14.906,13.794,14.210,13.363,12.053,13.378,13.755,14.138,14.561,15.083
11.026,7.864,7.455,5.894,0.000,5.862,7.532,8.601,10.072,11.672,11.536,11.904,13.797,15.025,15.420,14.959,15.083,13.227,13.842,12.775,11.213,12.636,12.956,13.328,14.020,14.493
13.649,10.662,9.347,7.882,5.862,0.000,5.796,7.836,9.214,10.129,10.944,11.909,13.407,14.511,15.392,14.930,14.837,14.281,14.180,12.980,11.041,12.873,13.232,13.649,13.981,14.693
13.990,11.885,10.432,9.106,7.532,5.796,0.000,5.848,8.307,8.782,8.928,10.566,12.644,13.340,14.112,14.030,13.933,13.408,14.407,12.607,10.603,12.748,13.322,13.842,14.096,14.668
14.029,12.712,12.114,10.470,8.601,7.836,5.848,0.000,5.957,7.072,7.527,8.859,11.542,13.013,13.208,12.611,13.017,12.357,13.134,12.463,9.962,11.743,12.571,13.695,14.133,14.722
14.711,13.016,13.032,12.363,10.072,9.214,8.307,5.957,0.000,6.148,8.101,8.518,10.540,12.910,13.570,12.664,12.851,13.025,14.105,13.830,12.987,13.603,14.423,14.851,15.193,15.648
15.106,13.700,13.037,13.173,11.672,10.129,8.782,7.072,6.148,0.000,6.285,8.006,8.951,10.845,12.257,11.567,11.792,11.918,13.508,13.243,13.113,14.807,14.874,15.324,15.506,16.003
14.891,13.762,12.853,12.269,11.536,10.944,8.928,7.527,8.101,6.285,0.000,6.283,8.196,9.598,10.585,10.558,10.984,11.066,12.569,13.052,13.325,14.910,15.911,15.958,16.097,16.438
15.359,14.120,13.797,13.178,11.904,11.909,10.566,8.859,8.518,8.006,6.283,0.000,6.292,8.432,8.914,8.405,9.503,10.233,11.525,12.092,13.200,14.406,15.256,16.007,16.116,16.514
16.260,15.377,15.079,15.065,13.797,13.407,12.644,11.542,10.540,8.951,8.196,6.292,0.000,6.372,7.678,8.215,9.052,10.549,12.091,12.614,13.423,14.946,15.934,16.692,17.211,17.150
16.089,16.071,15.544,15.568,15.025,14.511,13.340,13.013,12.910,10.845,9.598,8.432,6.372,0.000,6.361,8.075,8.911,9.566,11.990,12.829,13.103,14.227,15.742,16.501,16.973,17.365
16.087,15.937,16.087,16.014,15.420,15.392,14.112,13.208,13.570,12.257,10.585,8.914,7.678,6.361,0.000,6.593,7.965,8.749,9.736,11.996,13.005,13.268,14.359,15.848,16.498,16.940
15.746,15.551,15.112,15.879,14.959,14.930,14.030,12.611,12.664,11.567,10.558,8.405,8.215,8.075,6.593,0.000,6.240,7.825,8.329,9.315,11.761,13.004,13.405,14.471,15.888,16.538
15.372,15.066,14.641,14.906,15.083,14.837,13.933,13.017,12.851,11.792,10.984,9.503,9.052,8.911,7.965,6.240,0.000,5.998,7.834,8.286,9.438,11.903,13.380,13.672,14.588,15.890
14.697,14.069,13.481,13.794,13.227,14.281,13.408,12.357,13.025,11.918,11.066,10.233,10.549,9.566,8.749,7.825,5.998,0.000,5.797,7.651,8.077,9.334,11.872,13.235,13.589,14.776
14.973,14.537,13.840,14.210,13.842,14.180,14.407,13.134,14.105,13.508,12.569,11.525,12.091,11.990,9.736,8.329,7.834,5.797,0.000,5.772,7.890,8.182,9.831,12.263,13.679,14.581
14.711,14.056,13.410,13.363,12.775,12.980,12.607,12.463,13.830,13.243,13.052,12.092,12.614,12.829,11.996,9.315,8.286,7.651,5.772,0.000,5.764,7.914,8.495,10.369,12.450,14.097
14.532,13.354,12.555,12.053,11.213,11.041,10.603,9.962,12.987,13.113,13.325,13.200,13.423,13.103,13.005,11.761,9.438,8.077,7.890,5.764,0.000,5.744,7.298,8.344,10.537,12.383
15.145,14.398,13.519,13.378,12.636,12.873,12.748,11.743,13.603,14.807,14.910,14.406,14.946,14.227,13.268,13.004,11.903,9.334,8.182,7.914,5.744,0.000,5.757,8.176,9.545,11.466
15.465,14.706,14.063,13.755,12.956,13.232,13.322,12.571,14.423,14.874,15.911,15.256,15.934,15.742,14.359,13.405,13.380,11.872,9.831,8.495,7.298,5.757,0.000,5.741,7.890,9.472
15.474,14.928,14.284,14.138,13.328,13.649,13.842,13.695,14.851,15.324,15.958,16.007,16.692,16.501,15.848,14.471,13.672,13.235,12.263,10.369,8.344,8.176,5.741,0.000,5.863,7.686
15.507,14.971,14.742,14.561,14.020,13.981,14.096,14.133,15.193,15.506,16.097,16.116,17.211,16.973,16.498,15.888,14.588,13.589,13.679,12.450,10.537,9.545,7.890,5.863,0.000,6.247
15.582,15.228,15.100,15.083,14.493,14.693,14.668,14.722,15.648,16.003,16.438,16.514,17.150,17.365,16.940,16.538,15.890,14.776,14.581,14.097,12.383,11.466,9.472,7.686,6.247,0.000