c1,c2,c3,c4,c5,c6,c7,c8,c9,c10,c11,c12,c13,c14,c15,c16,c17,c18,c19,c20,c21,c22,c23,c24,c25,c26
0.000,6.243,7.591,9.861,11.494,14.302,15.324,15.618,15.564,15.242,13.360,12.965,13.004,12.646,14.018,14.557,14.749,15.169,15.979,16.025,16.553,16.566,16.556,16.137,15.987,15.815
6.243,0.000,5.906,7.499,8.508,11.638,13.312,14.642,14.453,13.461,11.535,10.779,11.217,11.802,12.803,13.531,13.970,14.658,15.867,15.979,16.632,16.726,16.716,16.195,15.986,15.748
7.591,5.906,0.000,5.784,7.445,9.614,11.594,13.785,13.993,12.738,10.572,9.970,10.542,10.839,12.731,12.507,12.607,13.119,14.494,15.021,16.050,16.298,16.211,15.590,15.647,15.380
9.861,7.499,5.784,0.000,5.832,7.735,9.488,11.161,11.384,10.860,8.386,9.222,10.736,11.588,13.123,13.517,13.972,14.524,15.687,15.929,16.656,16.891,16.725,16.161,16.095,15.870
11.494,8.508,7.445,5.832,0.000,5.896,6.808,8.688,9.878,9.701,9.147,7.974,10.455,11.495,12.474,12.096,12.635,12.712,13.620,13.954,14.919,15.508,15.144,14.793,15.259,15.548
14.302,11.638,9.614,7.735,5.896,0.000,5.672,7.619,7.592,8.484,9.004,9.716,12.437,13.619,15.003,14.067,14.669,15.228,15.542,15.286,15.639,15.928,15.631,15.204,15.390,15.779
15.324,13.312,11.594,9.488,6.808,5.672,0.000,5.271,7.801,7.610,9.657,8.967,12.248,13.347,14.146,13.170,13.354,13.733,14.291,13.574,13.906,14.565,14.273,14.032,14.464,15.201
15.618,14.642,13.785,11.161,8.688,7.619,5.271,0.000,5.476,6.256,9.292,9.223,12.706,14.429,14.683,13.363,14.001,14.255,14.751,14.938,14.583,15.136,14.900,14.725,15.094,15.649
15.564,14.453,13.993,11.384,9.878,7.592,7.801,5.476,0.000,5.799,8.616,9.982,12.577,15.110,15.716,14.033,14.886,15.582,16.085,16.283,16.559,16.651,16.430,16.230,16.470,16.563
15.242,13.461,12.738,10.860,9.701,8.484,7.610,6.256,5.799,0.000,6.056,7.327,9.483,11.632,13.119,12.350,13.076,13.948,14.986,15.607,16.268,16.689,16.311,16.155,16.611,16.805
13.360,11.535,10.572,8.386,9.147,9.004,9.657,9.292,8.616,6.056,0.000,6.215,7.989,9.781,11.129,11.599,13.234,13.811,14.844,15.883,16.759,16.922,17.034,16.762,16.895,16.993
12.965,10.779,9.970,9.222,7.974,9.716,8.967,9.223,9.982,7.327,6.215,0.000,6.480,8.235,8.935,8.572,10.959,12.164,12.956,14.051,15.895,16.436,16.005,15.804,16.417,16.726
13.004,11.217,10.542,10.736,10.455,12.437,12.248,12.706,12.577,9.483,7.989,6.480,0.000,6.395,7.543,7.858,10.133,12.376,13.781,14.567,16.292,16.824,16.589,16.244,16.737,16.917
12.646,11.802,10.839,11.588,11.495,13.619,13.347,14.429,15.110,11.632,9.781,8.235,6.395,0.000,6.311,7.662,9.249,10.852,13.396,14.754,16.453,16.595,16.399,16.167,16.607,16.803
14.018,12.803,12.731,13.123,12.474,15.003,14.146,14.683,15.716,13.119,11.129,8.935,7.543,6.311,0.000,6.310,7.809,9.337,11.483,13.702,15.928,16.105,15.940,15.398,16.014,16.444
14.557,13.531,12.507,13.517,12.096,14.067,13.170,13.363,14.033,12.350,11.599,8.572,7.858,7.662,6.310,0.000,6.123,7.495,9.616,11.403,14.622,15.236,15.369,14.537,15.333,16.069
14.749,13.970,12.607,13.972,12.635,14.669,13.354,14.001,14.886,13.076,13.234,10.959,10.133,9.249,7.809,6.123,0.000,5.892,7.581,9.630,12.578,13.298,14.269,13.438,14.009,15.442
15.169,14.658,13.119,14.524,12.712,15.228,13.733,14.255,15.582,13.948,13.811,12.164,12.376,10.852,9.337,7.495,5.892,0.000,5.790,7.387,10.768,11.391,12.478,12.132,13.139,14.640
15.979,15.867,14.494,15.687,13.620,15.542,14.291,14.751,16.085,14.986,14.844,12.956,13.781,13.396,11.483,9.616,7.581,5.790,0.000,5.924,9.013,10.336,11.421,11.432,12.508,14.565
16.025,15.979,15.021,15.929,13.954,15.286,13.574,14.938,16.283,15.607,15.883,14.051,14.567,14.754,13.702,11.403,9.630,7.387,5.924,0.000,6.369,7.653,8.221,7.796,9.623,11.874
16.553,16.632,16.050,16.656,14.919,15.639,13.906,14.583,16.559,16.268,16.759,15.895,16.292,16.453,15.928,14.622,12.578,10.768,9.013,6.369,0.000,6.174,6.803,7.446,9.520,12.107
16.566,16.726,16.298,16.891,15.508,15.928,14.565,15.136,16.651,16.689,16.922,16.436,16.824,16.595,16.105,15.236,13.298,11.391,10.336,7.653,6.174,0.000,5.771,7.480,8.497,10.826
16.556,16.716,16.211,16.725,15.144,15.631,14.273,14.900,16.430,16.311,17.034,16.005,16.589,16.399,15.940,15.369,14.269,12.478,11.421,8.221,6.803,5.771,0.000,5.774,7.598,9.987
16.137,16.195,15.590,16.161,14.793,15.204,14.032,14.725,16.230,16.155,16.762,15.804,16.244,16.167,15.398,14.537,13.438,12.132,11.432,7.796,7.446,7.480,5.774,0.000,5.895,8.384
15.987,15.986,15.647,16.095,15.259,15.390,14.464,15.094,16.470,16.611,16.895,16.417,16.737,16.607,16.014,15.333,14.009,13.139,12.508,9.623,9.520,8.497,7.598,5.895,0.000,6.515
15.815,15.748,15.380,15.870,15.548,15.779,15.201,15.649,16.563,16.805,16.993,16.726,16.917,16.803,16.444,16.069,15.442,14.640,14.565,11.874,12.107,10.826,9.987,8.384,6.515,0.000