c1,c2,c3,c4,c5,c6,c7,c8,c9,c10,c11,c12,c13,c14,c15,c16,c17,c18,c19,c20,c21,c22,c23,c24,c25,c26
0.000,6.296,7.858,10.550,12.465,15.283,16.229,16.488,16.447,16.179,15.570,14.718,15.072,14.825,15.173,14.680,14.249,14.128,14.018,15.328,15.510,16.106,16.237,15.986,15.800,15.581
6.296,0.000,5.976,7.548,8.644,12.064,13.560,14.956,15.535,14.897,14.077,12.695,13.758,13.832,14.704,14.389,13.973,13.045,12.654,14.197,14.050,15.398,15.784,15.478,15.314,15.191
7.858,5.976,0.000,5.793,7.630,10.508,12.707,14.623,15.412,14.354,13.348,11.841,13.144,13.296,14.487,14.294,13.747,12.871,11.723,13.643,12.915,14.820,15.338,14.988,14.860,14.743
10.550,7.548,5.793,0.000,6.047,7.759,10.453,12.272,13.858,13.466,12.719,11.187,13.388,14.063,15.150,15.245,14.607,13.444,11.785,13.683,12.321,14.453,15.080,14.891,14.844,14.921
12.465,8.644,7.630,6.047,0.000,6.265,7.378,9.979,11.413,11.566,11.037,9.822,12.166,13.103,14.201,14.229,13.778,11.815,9.734,11.556,9.739,12.790,13.665,13.791,14.147,14.656
15.283,12.064,10.508,7.759,6.265,0.000,6.246,7.651,9.431,9.765,10.447,9.741,12.265,13.491,14.428,14.761,14.343,12.654,10.696,11.847,9.651,12.377,13.315,13.412,14.032,14.807
16.229,13.560,12.707,10.453,7.378,6.246,0.000,6.228,8.013,8.934,10.392,9.902,12.703,14.175,14.762,14.689,14.364,12.929,11.161,11.826,8.709,11.410,12.121,12.443,13.357,14.364
16.488,14.956,14.623,12.272,9.979,7.651,6.228,0.000,5.936,7.753,9.638,10.347,13.224,15.018,15.364,15.290,14.952,13.858,11.871,11.284,7.906,9.952,10.387,11.079,12.718,13.919
16.447,15.535,15.412,13.858,11.413,9.431,8.013,5.936,0.000,6.343,8.663,10.419,12.902,15.298,15.894,15.497,14.990,14.444,12.937,12.788,9.924,11.294,11.492,12.113,13.305,14.641
16.179,14.897,14.354,13.466,11.566,9.765,8.934,7.753,6.343,0.000,6.447,8.096,10.628,13.227,14.910,15.670,15.229,13.653,12.216,11.997,9.814,11.214,11.947,12.671,13.737,15.147
15.570,14.077,13.348,12.719,11.037,10.447,10.392,9.638,8.663,6.447,0.000,6.838,8.299,10.873,12.553,14.138,14.239,12.819,11.472,11.679,10.810,11.558,12.934,13.411,14.568,15.837
14.718,12.695,11.841,11.187,9.822,9.741,9.902,10.347,10.419,8.096,6.838,0.000,7.354,8.494,10.292,11.583,11.621,10.335,8.909,10.219,10.321,12.168,13.456,14.112,15.291,16.405
15.072,13.758,13.144,13.388,12.166,12.265,12.703,13.224,12.902,10.628,8.299,7.354,0.000,6.994,7.595,9.768,10.629,10.294,10.451,10.926,12.030,13.122,14.659,15.031,15.938,16.823
14.825,13.832,13.296,14.063,13.103,13.491,14.175,15.018,15.298,13.227,10.873,8.494,6.994,0.000,6.653,8.282,9.236,9.813,10.782,12.484,13.552,14.606,16.220,16.540,16.933,17.043
15.173,14.704,14.487,15.150,14.201,14.428,14.762,15.364,15.894,14.910,12.553,10.292,7.595,6.653,0.000,6.452,8.072,9.192,10.819,11.891,14.074,14.834,16.185,16.433,16.760,16.994
14.680,14.389,14.294,15.245,14.229,14.761,14.689,15.290,15.497,15.670,14.138,11.583,9.768,8.282,6.452,0.000,6.197,7.641,10.120,11.402,14.330,15.566,16.056,15.836,16.201,16.554
14.249,13.973,13.747,14.607,13.778,14.343,14.364,14.952,14.990,15.229,14.239,11.621,10.629,9.236,8.072,6.197,0.000,6.082,8.182,10.457,13.056,15.578,16.219,15.182,15.574,16.249
14.128,13.045,12.871,13.444,11.815,12.654,12.929,13.858,14.444,13.653,12.819,10.335,10.294,9.813,9.192,7.641,6.082,0.000,6.026,7.496,9.812,12.655,14.492,14.155,14.639,15.221
14.018,12.654,11.723,11.785,9.734,10.696,11.161,11.871,12.937,12.216,11.472,8.909,10.451,10.782,10.819,10.120,8.182,6.026,0.000,5.968,7.491,10.058,12.160,12.418,13.857,14.613
15.328,14.197,13.643,13.683,11.556,11.847,11.826,11.284,12.788,11.997,11.679,10.219,10.926,12.484,11.891,11.402,10.457,7.496,5.968,0.000,5.986,7.979,9.691,9.563,11.511,13.054
15.510,14.050,12.915,12.321,9.739,9.651,8.709,7.906,9.924,9.814,10.810,10.321,12.030,13.552,14.074,14.330,13.056,9.812,7.491,5.986,0.000,6.237,6.973,7.167,9.825,11.956
16.106,15.398,14.820,14.453,12.790,12.377,11.410,9.952,11.294,11.214,11.558,12.168,13.122,14.606,14.834,15.566,15.578,12.655,10.058,7.979,6.237,0.000,6.153,7.622,9.250,11.255
16.237,15.784,15.338,15.080,13.665,13.315,12.121,10.387,11.492,11.947,12.934,13.456,14.659,16.220,16.185,16.056,16.219,14.492,12.160,9.691,6.973,6.153,0.000,6.339,7.850,10.013
15.986,15.478,14.988,14.891,13.791,13.412,12.443,11.079,12.113,12.671,13.411,14.112,15.031,16.540,16.433,15.836,15.182,14.155,12.418,9.563,7.167,7.622,6.339,0.000,6.381,8.433
15.800,15.314,14.860,14.844,14.147,14.032,13.357,12.718,13.305,13.737,14.568,15.291,15.938,16.933,16.760,16.201,15.574,14.639,13.857,11.511,9.825,9.250,7.850,6.381,0.000,6.954
15.581,15.191,14.743,14.921,14.656,14.807,14.364,13.919,14.641,15.147,15.837,16.405,16.823,17.043,16.994,16.554,16.249,15.221,14.613,13.054,11.956,11.255,10.013,8.433,6.954,0.000