c1,c2,c3,c4,c5,c6,c7,c8,c9,c10,c11,c12,c13,c14,c15,c16,c17,c18,c19,c20,c21,c22,c23,c24,c25,c26
0.000,6.246,7.876,10.514,12.411,14.914,16.070,16.082,16.086,14.820,12.742,12.285,12.365,12.161,12.960,13.491,13.157,13.342,14.731,15.212,14.908,16.189,16.715,16.550,16.294,16.603
6.246,0.000,6.057,7.757,9.398,12.500,14.264,14.394,14.527,13.282,11.298,10.253,11.092,11.360,12.426,12.696,12.040,12.067,13.583,14.021,13.697,15.346,15.992,16.062,15.553,16.019
7.876,6.057,0.000,5.908,7.626,9.964,12.354,12.752,12.455,11.283,8.734,8.719,10.191,11.103,12.516,12.469,11.911,11.464,13.048,13.451,12.635,14.986,15.905,15.734,15.585,16.485
10.514,7.757,5.908,0.000,5.987,7.841,10.274,11.023,10.986,9.665,7.887,8.051,10.649,11.941,13.483,13.347,12.919,12.292,13.581,13.275,12.157,14.676,15.431,15.027,14.949,16.248
12.411,9.398,7.626,5.987,0.000,6.026,7.622,8.566,8.724,8.754,8.140,7.925,11.401,12.894,14.047,13.574,13.190,12.255,13.196,12.312,10.234,12.925,13.717,13.199,13.533,15.372
14.914,12.500,9.964,7.841,6.026,0.000,5.754,7.338,7.944,8.084,8.986,8.996,12.380,14.144,15.365,14.712,14.422,13.661,14.181,12.906,10.209,12.953,13.716,12.659,13.084,14.918
16.070,14.264,12.354,10.274,7.622,5.754,0.000,5.616,8.106,8.583,10.987,11.000,14.003,15.173,15.753,15.132,14.520,13.641,14.141,12.515,8.957,11.354,11.812,10.871,11.566,13.609
16.082,14.394,12.752,11.023,8.566,7.338,5.616,0.000,5.820,6.249,9.522,9.868,13.361,15.046,15.466,14.463,14.287,13.369,13.623,12.272,8.246,10.133,10.631,10.217,11.514,13.683
16.086,14.527,12.455,10.986,8.724,7.944,8.106,5.820,0.000,6.677,8.854,10.584,13.202,15.620,16.309,15.125,15.088,14.968,15.271,14.194,12.367,13.407,13.784,12.958,13.767,15.136
14.820,13.282,11.283,9.665,8.754,8.084,8.583,6.249,6.677,0.000,6.688,7.876,10.184,12.382,14.129,13.051,12.711,12.587,13.388,12.240,11.149,13.093,13.300,13.063,14.036,15.686
12.742,11.298,8.734,7.887,8.140,8.986,10.987,9.522,8.854,6.688,0.000,7.015,8.572,10.287,12.151,12.332,12.400,12.330,13.499,13.489,12.711,14.935,15.972,15.146,15.610,16.741
12.285,10.253,8.719,8.051,7.925,8.996,11.000,9.868,10.584,7.876,7.015,0.000,7.791,8.977,9.848,9.061,9.467,9.642,10.785,11.003,10.986,13.310,14.512,14.786,15.166,16.304
12.365,11.092,10.191,10.649,11.401,12.380,14.003,13.361,13.202,10.184,8.572,7.791,0.000,7.509,8.212,8.389,9.371,10.982,12.534,12.564,12.898,14.911,15.975,16.057,16.720,17.144
12.161,11.360,11.103,11.941,12.894,14.144,15.173,15.046,15.620,12.382,10.287,8.977,7.509,0.000,7.369,8.247,9.175,10.315,12.393,12.953,12.942,14.430,15.794,15.920,16.530,17.425
12.960,12.426,12.516,13.483,14.047,15.365,15.753,15.466,16.309,14.129,12.151,9.848,8.212,7.369,0.000,7.745,8.647,9.830,10.877,12.701,13.399,13.996,14.934,15.869,16.513,17.222
13.491,12.696,12.469,13.347,13.574,14.712,15.132,14.463,15.125,13.051,12.332,9.061,8.389,8.247,7.745,0.000,6.828,8.254,8.727,9.509,11.779,12.984,13.499,14.201,15.639,16.753
13.157,12.040,11.911,12.919,13.190,14.422,14.520,14.287,15.088,12.711,12.400,9.467,9.371,9.175,8.647,6.828,0.000,6.630,8.021,8.433,9.311,11.898,13.009,13.197,14.139,15.994
13.342,12.067,11.464,12.292,12.255,13.661,13.641,13.369,14.968,12.587,12.330,9.642,10.982,10.315,9.830,8.254,6.630,0.000,6.289,7.705,7.743,8.868,11.506,12.264,12.751,14.665
14.731,13.583,13.048,13.581,13.196,14.181,14.141,13.623,15.271,13.388,13.499,10.785,12.534,12.393,10.877,8.727,8.021,6.289,0.000,6.034,7.852,7.981,9.266,11.569,12.706,14.456
15.212,14.021,13.451,13.275,12.312,12.906,12.515,12.272,14.194,12.240,13.489,11.003,12.564,12.953,12.701,9.509,8.433,7.705,6.034,0.000,6.091,7.866,8.183,9.095,11.612,13.602
14.908,13.697,12.635,12.157,10.234,10.209,8.957,8.246,12.367,11.149,12.711,10.986,12.898,12.942,13.399,11.779,9.311,7.743,7.852,6.091,0.000,6.112,7.489,7.360,8.994,11.852
16.189,15.346,14.986,14.676,12.925,12.953,11.354,10.133,13.407,13.093,14.935,13.310,14.911,14.430,13.996,12.984,11.898,8.868,7.981,7.866,6.112,0.000,5.964,7.765,8.160,10.530
16.715,15.992,15.905,15.431,13.717,13.716,11.812,10.631,13.784,13.300,15.972,14.512,15.975,15.794,14.934,13.499,13.009,11.506,9.266,8.183,7.489,5.964,0.000,5.958,7.855,9.760
16.550,16.062,15.734,15.027,13.199,12.659,10.871,10.217,12.958,13.063,15.146,14.786,16.057,15.920,15.869,14.201,13.197,12.264,11.569,9.095,7.360,7.765,5.958,0.000,6.024,8.842
16.294,15.553,15.585,14.949,13.533,13.084,11.566,11.514,13.767,14.036,15.610,15.166,16.720,16.530,16.513,15.639,14.139,12.751,12.706,11.612,8.994,8.160,7.855,6.024,0.000,6.957
16.603,16.019,16.485,16.248,15.372,14.918,13.609,13.683,15.136,15.686,16.741,16.304,17.144,17.425,17.222,16.753,15.994,14.665,14.456,13.602,11.852,10.530,9.760,8.842,6.957,0.000