c1,c2,c3,c4,c5,c6,c7,c8,c9,c10,c11,c12,c13,c14,c15,c16,c17,c18,c19,c20,c21,c22,c23,c24,c25,c26
0.000,6.263,7.787,10.232,11.022,14.132,15.168,16.205,16.059,15.191,14.054,13.444,14.061,14.189,14.624,14.503,14.607,14.487,14.607,14.732,14.517,15.123,15.179,15.241,15.123,15.432
6.263,0.000,6.021,7.343,7.302,11.008,12.474,14.163,14.446,13.555,12.103,11.185,12.455,12.968,13.573,13.454,13.674,13.626,13.545,13.824,13.864,14.580,14.735,15.047,15.098,15.367
7.787,6.021,0.000,5.597,7.720,10.540,12.503,14.414,14.169,12.966,11.453,11.107,12.115,13.005,13.847,13.772,14.014,13.877,13.872,14.147,13.781,14.583,14.934,15.103,15.204,15.509
10.232,7.343,5.597,0.000,6.028,8.019,10.648,12.421,12.189,11.680,10.473,10.326,12.270,13.220,14.088,13.811,14.401,14.287,14.174,14.412,13.990,14.774,15.037,15.278,15.329,15.674
11.022,7.302,7.720,6.028,0.000,6.182,7.323,9.933,10.153,10.120,9.399,8.587,11.195,12.285,12.739,12.327,12.826,12.827,12.713,12.843,12.845,13.836,14.151,14.510,14.930,15.379
14.132,11.008,10.540,8.019,6.182,0.000,6.032,7.841,8.145,8.657,9.476,9.470,12.507,13.805,14.168,13.537,14.219,14.274,14.197,13.998,13.687,14.463,14.681,14.806,15.094,15.392
15.168,12.474,12.503,10.648,7.323,6.032,0.000,5.632,7.939,8.016,10.011,9.177,12.044,13.382,13.324,12.387,12.719,12.857,12.692,12.445,12.413,13.113,13.511,14.269,14.694,15.002
16.205,14.163,14.414,12.421,9.933,7.841,5.632,0.000,5.726,6.535,9.642,10.059,13.005,14.865,14.528,13.443,14.012,14.159,14.114,13.844,13.638,14.194,14.400,14.543,15.041,15.331
16.059,14.446,14.169,12.189,10.153,8.145,7.939,5.726,0.000,5.935,8.826,10.544,12.966,15.348,15.616,14.335,14.834,15.422,15.406,15.218,15.464,15.918,15.897,15.690,15.915,15.959
15.191,13.555,12.966,11.680,10.120,8.657,8.016,6.535,5.935,0.000,6.517,7.795,9.983,12.295,13.335,12.426,13.011,13.635,13.817,13.836,14.609,15.670,15.571,15.596,16.046,16.235
14.054,12.103,11.453,10.473,9.399,9.476,10.011,9.642,8.826,6.517,0.000,6.862,8.239,10.278,11.405,11.436,12.523,12.940,13.423,14.092,14.810,15.877,16.503,16.311,16.515,16.634
13.444,11.185,11.107,10.326,8.587,9.470,9.177,10.059,10.544,7.795,6.862,0.000,6.954,8.683,9.405,8.728,10.339,11.316,11.520,12.106,13.363,14.338,15.071,15.911,16.301,16.637
14.061,12.455,12.115,12.270,11.195,12.507,12.044,13.005,12.966,9.983,8.239,6.954,0.000,6.667,7.346,7.794,9.289,11.012,11.873,12.350,13.479,14.800,15.605,16.320,17.476,17.164
14.189,12.968,13.005,13.220,12.285,13.805,13.382,14.865,15.348,12.295,10.278,8.683,6.667,0.000,6.360,8.006,8.755,9.691,11.596,12.655,12.515,13.930,15.472,16.031,16.830,17.476
14.624,13.573,13.847,14.088,12.739,14.168,13.324,14.528,15.616,13.335,11.405,9.405,7.346,6.360,0.000,6.608,8.163,8.411,9.302,11.761,12.738,12.580,14.056,15.510,16.280,16.818
14.503,13.454,13.772,13.811,12.327,13.537,12.387,13.443,14.335,12.426,11.436,8.728,7.794,8.006,6.608,0.000,6.268,7.826,7.952,9.064,11.707,12.730,12.464,13.849,15.579,16.173
14.607,13.674,14.014,14.401,12.826,14.219,12.719,14.012,14.834,13.011,12.523,10.339,9.289,8.755,8.163,6.268,0.000,5.975,7.665,8.100,9.199,12.017,12.943,12.482,14.112,15.581
14.487,13.626,13.877,14.287,12.827,14.274,12.857,14.159,15.422,13.635,12.940,11.316,11.012,9.691,8.411,7.826,5.975,0.000,5.880,7.639,7.647,9.065,11.889,12.736,12.830,14.170
14.607,13.545,13.872,14.174,12.713,14.197,12.692,14.114,15.406,13.817,13.423,11.520,11.873,11.596,9.302,7.952,7.665,5.880,0.000,5.768,7.550,8.006,9.414,11.930,13.042,13.133
14.732,13.824,14.147,14.412,12.843,13.998,12.445,13.844,15.218,13.836,14.092,12.106,12.350,12.655,11.761,9.064,8.100,7.639,5.768,0.000,5.733,7.569,8.071,9.312,11.986,12.873
14.517,13.864,13.781,13.990,12.845,13.687,12.413,13.638,15.464,14.609,14.810,13.363,13.479,12.515,12.738,11.707,9.199,7.647,7.550,5.733,0.000,5.741,7.559,7.848,9.505,11.501
15.123,14.580,14.583,14.774,13.836,14.463,13.113,14.194,15.918,15.670,15.877,14.338,14.800,13.930,12.580,12.730,12.017,9.065,8.006,7.569,5.741,0.000,5.699,7.555,8.236,9.438
15.179,14.735,14.934,15.037,14.151,14.681,13.511,14.400,15.897,15.571,16.503,15.071,15.605,15.472,14.056,12.464,12.943,11.889,9.414,8.071,7.559,5.699,0.000,5.822,7.570,8.259
15.241,15.047,15.103,15.278,14.510,14.806,14.269,14.543,15.690,15.596,16.311,15.911,16.320,16.031,15.510,13.849,12.482,12.736,11.930,9.312,7.848,7.555,5.822,0.000,5.868,7.950
15.123,15.098,15.204,15.329,14.930,15.094,14.694,15.041,15.915,16.046,16.515,16.301,17.476,16.830,16.280,15.579,14.112,12.830,13.042,11.986,9.505,8.236,7.570,5.868,0.000,6.275
15.432,15.367,15.509,15.674,15.379,15.392,15.002,15.331,15.959,16.235,16.634,16.637,17.164,17.476,16.818,16.173,15.581,14.170,13.133,12.873,11.501,9.438,8.259,7.950,6.275,0.000