c1,c2,c3,c4,c5,c6,c7,c8,c9,c10,c11,c12,c13,c14,c15,c16,c17,c18,c19,c20,c21,c22,c23,c24,c25,c26
0.000,6.544,7.941,10.435,12.005,14.620,15.575,16.457,16.421,15.537,13.728,12.998,12.865,12.633,14.253,14.702,14.118,14.486,15.673,16.023,15.924,17.001,17.190,17.053,16.742,16.741
6.544,0.000,6.174,7.762,8.694,12.032,13.493,14.814,15.188,13.606,11.318,10.463,10.940,11.103,13.087,13.429,12.637,13.039,14.558,15.012,14.787,16.434,16.816,16.809,16.524,16.677
7.941,6.174,0.000,6.079,7.773,10.171,12.361,14.383,14.220,12.649,9.864,9.284,9.949,10.098,12.330,12.479,11.670,11.772,13.710,14.027,13.451,15.760,16.533,16.571,16.445,16.777
10.435,7.762,6.079,0.000,6.103,8.207,10.252,11.944,11.577,10.028,7.496,7.993,10.027,10.908,13.114,12.823,12.380,12.739,14.409,13.948,13.099,15.641,16.240,16.241,15.868,16.515
12.005,8.694,7.773,6.103,0.000,6.258,7.095,9.615,10.228,9.078,7.856,7.030,10.336,11.165,12.618,11.923,10.965,10.841,12.596,11.802,10.066,13.266,14.289,14.289,14.657,15.964
14.620,12.032,10.171,8.207,6.258,0.000,5.911,7.757,7.552,7.788,7.870,8.743,12.238,13.292,14.952,13.989,13.264,13.071,14.652,13.130,10.823,13.735,14.723,14.038,14.455,15.795
15.575,13.493,12.361,10.252,7.095,5.911,0.000,5.504,8.013,7.633,10.322,9.146,12.818,13.801,14.547,13.325,12.083,11.329,12.559,10.960,7.482,10.389,11.256,11.174,12.286,14.010
16.457,14.814,14.383,11.944,9.615,7.757,5.504,0.000,5.687,6.030,9.861,9.857,13.551,15.200,15.475,13.503,12.746,12.301,13.039,10.854,7.298,9.973,10.575,10.491,12.279,14.067
16.421,15.188,14.220,11.577,10.228,7.552,8.013,5.687,0.000,6.268,9.579,11.083,14.167,16.437,17.005,15.171,14.320,14.828,15.703,13.735,11.604,13.732,14.227,13.502,14.583,15.587
15.537,13.606,12.649,10.028,9.078,7.788,7.633,6.030,6.268,0.000,7.042,7.974,10.519,13.182,14.155,12.122,11.671,12.364,13.106,11.090,10.258,12.668,13.447,13.410,14.783,16.024
13.728,11.318,9.864,7.496,7.856,7.870,10.322,9.861,9.579,7.042,0.000,7.322,9.248,11.190,12.655,11.860,11.711,12.781,13.924,13.100,12.897,15.404,16.305,15.818,16.304,16.956
12.998,10.463,9.284,7.993,7.030,8.743,9.146,9.857,11.083,7.974,7.322,0.000,7.414,9.171,9.773,8.148,8.264,9.246,10.446,9.989,10.520,12.996,14.393,14.560,15.693,16.647
12.865,10.940,9.949,10.027,10.336,12.238,12.818,13.551,14.167,10.519,9.248,7.414,0.000,6.879,7.637,7.631,8.828,10.715,11.881,12.042,12.907,14.964,16.217,16.396,17.131,17.430
12.633,11.103,10.098,10.908,11.165,13.292,13.801,15.200,16.437,13.182,11.190,9.171,6.879,0.000,6.993,8.230,8.470,9.679,12.144,12.274,12.746,14.376,16.159,16.279,16.899,17.553
14.253,13.087,12.330,13.114,12.618,14.952,14.547,15.475,17.005,14.155,12.655,9.773,7.637,6.993,0.000,7.412,8.580,9.013,10.157,11.644,12.922,13.881,15.198,15.976,16.694,17.274
14.702,13.429,12.479,12.823,11.923,13.989,13.325,13.503,15.171,12.122,11.860,8.148,7.631,8.230,7.412,0.000,6.674,8.225,8.130,8.667,11.229,12.770,13.661,14.153,15.820,16.790
14.118,12.637,11.670,12.380,10.965,13.264,12.083,12.746,14.320,11.671,11.711,8.264,8.828,8.470,8.580,6.674,0.000,6.494,8.162,7.839,9.229,11.865,13.264,13.305,14.457,16.078
14.486,13.039,11.772,12.739,10.841,13.071,11.329,12.301,14.828,12.364,12.781,9.246,10.715,9.679,9.013,8.225,6.494,0.000,6.140,7.734,7.841,9.353,11.896,12.426,13.200,14.826
15.673,14.558,13.710,14.409,12.596,14.652,12.559,13.039,15.703,13.106,13.924,10.446,11.881,12.144,10.157,8.130,8.162,6.140,0.000,5.994,7.990,8.247,9.895,11.774,13.145,14.596
16.023,15.012,14.027,13.948,11.802,13.130,10.960,10.854,13.735,11.090,13.100,9.989,12.042,12.274,11.644,8.667,7.839,7.734,5.994,0.000,5.965,8.060,8.613,9.337,11.839,13.735
15.924,14.787,13.451,13.099,10.066,10.823,7.482,7.298,11.604,10.258,12.897,10.520,12.907,12.746,12.922,11.229,9.229,7.841,7.990,5.965,0.000,5.904,7.440,7.256,9.454,12.020
17.001,16.434,15.760,15.641,13.266,13.735,10.389,9.973,13.732,12.668,15.404,12.996,14.964,14.376,13.881,12.770,11.865,9.353,8.247,8.060,5.904,0.000,5.793,7.669,8.517,10.818
17.190,16.816,16.533,16.240,14.289,14.723,11.256,10.575,14.227,13.447,16.305,14.393,16.217,16.159,15.198,13.661,13.264,11.896,9.895,8.613,7.440,5.793,0.000,5.986,7.875,9.799
17.053,16.809,16.571,16.241,14.289,14.038,11.174,10.491,13.502,13.410,15.818,14.560,16.396,16.279,15.976,14.153,13.305,12.426,11.774,9.337,7.256,7.669,5.986,0.000,6.056,8.686
16.742,16.524,16.445,15.868,14.657,14.455,12.286,12.279,14.583,14.783,16.304,15.693,17.131,16.899,16.694,15.820,14.457,13.200,13.145,11.839,9.454,8.517,7.875,6.056,0.000,6.949
16.741,16.677,16.777,16.515,15.964,15.795,14.010,14.067,15.587,16.024,16.956,16.647,17.430,17.553,17.274,16.790,16.078,14.826,14.596,13.735,12.020,10.818,9.799,8.686,6.949,0.000