c1,c2,c3,c4,c5,c6,c7,c8,c9,c10,c11,c12,c13,c14,c15,c16,c17,c18,c19,c20,c21,c22,c23,c24,c25,c26
0.000,6.377,7.769,10.234,11.203,14.166,14.995,16.277,16.805,15.622,14.141,12.831,13.873,13.578,14.865,15.027,14.780,14.383,14.733,14.974,14.726,15.567,15.938,15.938,15.951,15.953
6.377,0.000,6.181,7.482,7.732,11.380,12.648,14.457,15.210,13.606,11.757,10.239,12.033,11.915,13.461,13.633,13.808,12.922,13.644,13.949,13.560,14.888,15.446,15.709,15.756,15.803
7.769,6.181,0.000,5.795,7.556,10.492,12.337,14.839,15.030,13.368,10.876,9.550,11.003,11.292,12.924,12.841,13.474,12.663,13.268,13.814,13.381,14.981,15.507,15.606,15.818,15.935
10.234,7.482,5.795,0.000,6.042,8.324,10.693,12.943,12.841,11.455,8.945,8.496,11.096,11.826,13.567,12.885,13.929,12.799,13.723,14.094,13.420,15.076,15.643,15.722,15.916,16.038
11.203,7.732,7.556,6.042,0.000,6.251,7.268,10.314,11.237,9.897,8.555,6.688,10.145,11.198,12.346,11.235,11.886,10.325,11.362,11.960,11.083,13.407,14.473,14.736,15.248,15.586
14.166,11.380,10.492,8.324,6.251,0.000,6.073,7.849,7.994,8.029,7.864,7.799,11.598,13.099,14.373,12.643,13.287,11.433,12.553,13.074,12.050,13.712,14.853,14.763,15.330,15.733
14.995,12.648,12.337,10.693,7.268,6.073,0.000,5.528,8.019,7.275,9.612,7.840,12.006,13.494,13.964,11.656,11.384,9.154,9.778,10.306,8.549,11.005,12.544,13.276,14.275,14.805
16.277,14.457,14.839,12.943,10.314,7.849,5.528,0.000,5.517,6.131,10.058,9.848,13.716,15.588,15.618,13.013,12.924,10.642,11.038,11.308,10.170,11.454,13.057,13.499,14.624,15.192
16.805,15.210,15.030,12.841,11.237,7.994,8.019,5.517,0.000,6.048,9.230,11.000,14.210,16.750,17.064,14.722,14.902,13.331,14.042,14.346,13.239,14.028,15.239,15.204,16.035,16.301
15.622,13.606,13.368,11.455,9.897,8.029,7.275,6.131,6.048,0.000,6.564,7.774,10.322,13.298,14.005,11.593,12.378,11.043,12.105,12.786,12.783,14.068,15.367,15.447,16.219,16.520
14.141,11.757,10.876,8.945,8.555,7.864,9.612,10.058,9.230,6.564,0.000,7.350,8.443,11.187,12.387,11.556,12.824,12.186,13.318,14.584,14.565,15.898,16.660,16.406,16.757,16.838
12.831,10.239,9.550,8.496,6.688,7.799,7.840,9.848,11.000,7.774,7.350,0.000,7.375,8.989,9.853,8.243,9.471,8.919,10.493,12.135,12.539,14.394,15.551,15.623,16.327,16.553
13.873,12.033,11.003,11.096,10.145,11.598,12.006,13.716,14.210,10.322,8.443,7.375,0.000,7.225,7.939,7.711,9.884,10.901,12.806,14.148,14.513,15.651,16.462,16.625,17.003,16.935
13.578,11.915,11.292,11.826,11.198,13.099,13.494,15.588,16.750,13.298,11.187,8.989,7.225,0.000,6.938,7.821,9.492,10.631,12.587,14.221,14.435,15.480,16.300,16.496,16.937,16.958
14.865,13.461,12.924,13.567,12.346,14.373,13.964,15.618,17.064,14.005,12.387,9.853,7.939,6.938,0.000,6.793,8.644,9.842,11.867,13.790,14.872,15.107,15.682,16.140,16.763,16.885
15.027,13.633,12.841,12.885,11.235,12.643,11.656,13.013,14.722,11.593,11.556,8.243,7.711,7.821,6.793,0.000,6.575,7.981,9.361,11.299,13.495,14.738,15.074,15.245,16.261,16.489
14.780,13.808,13.474,13.929,11.886,13.287,11.384,12.924,14.902,12.378,12.824,9.471,9.884,9.492,8.644,6.575,0.000,6.362,7.914,9.689,11.492,13.862,15.108,14.531,15.496,16.008
14.383,12.922,12.663,12.799,10.325,11.433,9.154,10.642,13.331,11.043,12.186,8.919,10.901,10.631,9.842,7.981,6.362,0.000,6.150,7.611,8.767,10.861,13.472,13.805,14.435,14.917
14.733,13.644,13.268,13.723,11.362,12.553,9.778,11.038,14.042,12.105,13.318,10.493,12.806,12.587,11.867,9.361,7.914,6.150,0.000,5.921,7.672,9.104,11.395,12.837,13.991,14.578
14.974,13.949,13.814,14.094,11.960,13.074,10.306,11.308,14.346,12.786,14.584,12.135,14.148,14.221,13.790,11.299,9.689,7.611,5.921,0.000,5.988,7.366,9.077,10.265,12.384,13.713
14.726,13.560,13.381,13.420,11.083,12.050,8.549,10.170,13.239,12.783,14.565,12.539,14.513,14.435,14.872,13.495,11.492,8.767,7.672,5.988,0.000,6.069,7.803,8.492,10.608,12.549
15.567,14.888,14.981,15.076,13.407,13.712,11.005,11.454,14.028,14.068,15.898,14.394,15.651,15.480,15.107,14.738,13.862,10.861,9.104,7.366,6.069,0.000,5.946,7.331,9.248,11.045
15.938,15.446,15.507,15.643,14.473,14.853,12.544,13.057,15.239,15.367,16.660,15.551,16.462,16.300,15.682,15.074,15.108,13.472,11.395,9.077,7.803,5.946,0.000,6.143,7.894,9.850
15.938,15.709,15.606,15.722,14.736,14.763,13.276,13.499,15.204,15.447,16.406,15.623,16.625,16.496,16.140,15.245,14.531,13.805,12.837,10.265,8.492,7.331,6.143,0.000,5.969,8.390
15.951,15.756,15.818,15.916,15.248,15.330,14.275,14.624,16.035,16.219,16.757,16.327,17.003,16.937,16.763,16.261,15.496,14.435,13.991,12.384,10.608,9.248,7.894,5.969,0.000,6.951
15.953,15.803,15.935,16.038,15.586,15.733,14.805,15.192,16.301,16.520,16.838,16.553,16.935,16.958,16.885,16.489,16.008,14.917,14.578,13.713,12.549,11.045,9.850,8.390,6.951,0.000