c1,c2,c3,c4,c5,c6,c7,c8,c9,c10,c11,c12,c13,c14,c15,c16,c17,c18,c19,c20,c21,c22,c23,c24,c25,c26
0.000,6.397,7.681,10.213,11.898,14.370,15.165,15.424,15.708,15.135,13.531,12.855,13.279,13.438,14.393,14.508,14.637,14.297,14.130,15.347,15.375,16.457,16.613,16.498,16.130,15.752
6.397,0.000,6.148,7.618,8.510,11.708,13.080,13.791,14.189,13.199,11.493,10.541,11.777,12.549,13.825,13.877,13.938,13.138,12.739,14.354,14.136,15.966,16.283,16.160,15.764,15.315
7.681,6.148,0.000,5.971,7.589,9.836,11.845,12.926,13.079,12.034,10.216,9.468,10.962,11.891,13.479,13.245,13.318,12.211,11.218,13.352,12.808,15.211,15.726,15.674,15.611,15.098
10.213,7.618,5.971,0.000,6.082,7.861,9.945,11.036,11.023,10.340,8.788,9.309,11.625,12.970,14.520,14.103,14.195,12.819,11.190,13.252,12.016,14.581,15.057,15.203,15.272,14.972
11.898,8.510,7.589,6.082,0.000,6.231,7.236,9.107,9.705,9.102,8.808,7.981,11.129,12.572,13.917,13.041,13.199,11.406,9.848,11.526,9.671,12.986,13.550,13.757,14.372,14.307
14.370,11.708,9.836,7.861,6.231,0.000,5.931,7.824,7.905,8.810,9.340,9.733,12.964,14.429,15.345,14.781,14.945,13.089,11.067,12.639,9.955,12.911,13.290,13.321,14.015,13.966
15.165,13.080,11.845,9.945,7.236,5.931,0.000,5.850,8.095,8.609,11.090,10.639,13.858,15.383,15.511,14.799,14.746,12.754,10.605,11.287,8.160,10.711,10.838,11.271,12.514,12.861
15.424,13.791,12.926,11.036,9.107,7.824,5.850,0.000,6.003,6.511,9.505,10.073,13.342,15.594,15.912,14.651,14.584,12.626,10.461,10.400,7.049,9.499,9.901,10.634,12.492,12.815
15.708,14.189,13.079,11.023,9.705,7.905,8.095,6.003,0.000,6.408,9.229,10.716,13.702,16.516,16.804,15.532,15.876,14.347,12.484,12.899,9.963,12.271,12.436,12.736,13.988,14.299
15.135,13.199,12.034,10.340,9.102,8.810,8.609,6.511,6.408,0.000,6.438,7.895,10.404,13.305,14.585,13.157,13.591,12.212,10.655,11.647,9.673,12.062,13.071,13.582,14.471,14.641
13.531,11.493,10.216,8.788,8.808,9.340,11.090,9.505,9.229,6.438,0.000,7.247,8.154,10.974,12.297,12.017,12.986,12.352,10.981,13.173,12.142,14.186,15.071,15.462,15.853,15.836
12.855,10.541,9.468,9.309,7.981,9.733,10.639,10.073,10.716,7.895,7.247,0.000,7.436,8.885,10.233,9.264,9.799,9.179,8.236,10.619,10.933,13.484,14.672,15.076,15.564,15.570
13.279,11.777,10.962,11.625,11.129,12.964,13.858,13.342,13.702,10.404,8.154,7.436,0.000,7.337,7.409,7.759,9.670,11.110,11.015,13.485,14.079,15.638,16.432,16.832,16.707,16.623
13.438,12.549,11.891,12.970,12.572,14.429,15.383,15.594,16.516,13.305,10.974,8.885,7.337,0.000,6.749,8.117,10.159,11.301,12.263,14.841,15.393,16.336,16.899,17.252,16.951,16.866
14.393,13.825,13.479,14.520,13.917,15.345,15.511,15.912,16.804,14.585,12.297,10.233,7.409,6.749,0.000,6.995,8.656,11.145,11.839,15.072,16.403,16.810,17.176,17.448,17.098,16.922
14.508,13.877,13.245,14.103,13.041,14.781,14.799,14.651,15.532,13.157,12.017,9.264,7.759,8.117,6.995,0.000,6.553,9.180,9.843,12.961,15.174,16.799,17.265,16.844,16.726,16.710
14.637,13.938,13.318,14.195,13.199,14.945,14.746,14.584,15.876,13.591,12.986,9.799,9.670,10.159,8.656,6.553,0.000,6.748,7.672,10.094,13.081,15.399,16.794,15.941,15.577,15.757
14.297,13.138,12.211,12.819,11.406,13.089,12.754,12.626,14.347,12.212,12.352,9.179,11.110,11.301,11.145,9.180,6.748,0.000,6.160,7.755,10.397,13.250,14.766,14.127,14.070,14.234
14.130,12.739,11.218,11.190,9.848,11.067,10.605,10.461,12.484,10.655,10.981,8.236,11.015,12.263,11.839,9.843,7.672,6.160,0.000,6.006,7.646,10.305,12.259,12.265,13.010,12.799
15.347,14.354,13.352,13.252,11.526,12.639,11.287,10.400,12.899,11.647,13.173,10.619,13.485,14.841,15.072,12.961,10.094,7.755,6.006,0.000,6.026,7.973,9.898,9.330,10.483,10.865
15.375,14.136,12.808,12.016,9.671,9.955,8.160,7.049,9.963,9.673,12.142,10.933,14.079,15.393,16.403,15.174,13.081,10.397,7.646,6.026,0.000,6.115,6.496,6.842,8.901,9.365
16.457,15.966,15.211,14.581,12.986,12.911,10.711,9.499,12.271,12.062,14.186,13.484,15.638,16.336,16.810,16.799,15.399,13.250,10.305,7.973,6.115,0.000,6.008,7.741,9.222,9.801
16.613,16.283,15.726,15.057,13.550,13.290,10.838,9.901,12.436,13.071,15.071,14.672,16.432,16.899,17.176,17.265,16.794,14.766,12.259,9.898,6.496,6.008,0.000,6.138,7.721,8.719
16.498,16.160,15.674,15.203,13.757,13.321,11.271,10.634,12.736,13.582,15.462,15.076,16.832,17.252,17.448,16.844,15.941,14.127,12.265,9.330,6.842,7.741,6.138,0.000,6.192,8.009
16.130,15.764,15.611,15.272,14.372,14.015,12.514,12.492,13.988,14.471,15.853,15.564,16.707,16.951,17.098,16.726,15.577,14.070,13.010,10.483,8.901,9.222,7.721,6.192,0.000,6.643
15.752,15.315,15.098,14.972,14.307,13.966,12.861,12.815,14.299,14.641,15.836,15.570,16.623,16.866,16.922,16.710,15.757,14.234,12.799,10.865,9.365,9.801,8.719,8.009,6.643,0.000