c1,c2,c3,c4,c5,c6,c7,c8,c9,c10,c11,c12,c13,c14,c15,c16,c17,c18,c19,c20,c21,c22,c23,c24,c25,c26
0.000,6.306,7.813,9.995,11.658,14.275,14.894,15.674,15.976,15.149,14.058,13.115,13.550,13.834,14.690,15.013,14.326,14.498,15.960,16.058,15.615,16.502,16.947,16.455,16.186,16.119
6.306,0.000,6.034,7.597,8.174,11.544,12.901,14.069,14.505,13.405,12.065,10.964,11.966,12.623,13.899,14.296,13.190,13.335,15.309,15.270,14.618,16.005,16.670,16.019,15.809,15.934
7.813,6.034,0.000,5.917,7.744,10.228,12.020,13.740,13.960,12.679,10.878,9.944,10.679,11.638,13.028,13.104,11.962,12.061,14.218,14.146,13.613,15.321,16.016,15.277,15.525,15.853
9.995,7.597,5.917,0.000,6.130,8.126,10.412,11.941,12.060,10.952,9.432,9.218,10.866,12.125,13.796,13.562,12.564,12.806,14.696,14.151,13.278,15.491,16.009,15.159,15.350,15.802
11.658,8.174,7.744,6.130,0.000,6.408,7.396,9.575,10.011,9.709,8.888,8.068,10.841,12.137,13.218,12.683,11.516,11.452,13.155,12.056,10.701,13.503,14.311,13.207,13.912,14.915
14.275,11.544,10.228,8.126,6.408,0.000,6.154,7.965,7.763,8.216,8.967,9.263,12.305,13.624,15.005,14.202,13.036,13.231,14.916,13.120,11.174,14.343,15.017,13.425,14.092,15.206
14.894,12.901,12.020,10.412,7.396,6.154,0.000,5.734,8.175,7.896,10.300,9.789,13.120,13.938,14.531,13.732,12.131,11.964,13.115,11.158,8.255,11.473,12.088,10.815,12.046,13.378
15.674,14.069,13.740,11.941,9.575,7.965,5.734,0.000,5.854,6.591,9.845,9.974,13.549,14.936,14.927,13.389,12.506,12.431,13.113,10.907,8.177,11.004,11.538,10.564,12.283,13.853
15.976,14.505,13.960,12.060,10.011,7.763,8.175,5.854,0.000,6.217,9.442,11.001,13.771,16.074,16.671,14.861,14.003,14.947,15.578,13.790,12.582,14.980,15.114,13.685,14.985,15.941
15.149,13.405,12.679,10.952,9.709,8.216,7.896,6.591,6.217,0.000,7.125,8.404,10.412,12.864,13.883,11.958,11.152,12.560,13.228,11.382,11.417,14.241,14.358,13.629,14.755,16.059
14.058,12.065,10.878,9.432,8.888,8.967,10.300,9.845,9.442,7.125,0.000,7.126,8.814,10.890,12.442,11.634,11.009,12.536,13.811,13.340,13.647,15.993,16.741,15.783,16.510,17.246
13.115,10.964,9.944,9.218,8.068,9.263,9.789,9.974,11.001,8.404,7.126,0.000,7.163,8.904,9.505,7.949,7.712,9.119,10.501,9.969,10.960,13.235,14.379,14.252,15.113,16.439
13.550,11.966,10.679,10.866,10.841,12.305,13.120,13.549,13.771,10.412,8.814,7.163,0.000,6.491,7.536,7.422,7.893,9.817,11.307,11.777,12.799,14.698,15.975,16.426,17.401,17.614
13.834,12.623,11.638,12.125,12.137,13.624,13.938,14.936,16.074,12.864,10.890,8.904,6.491,0.000,6.437,7.672,7.325,8.568,11.066,11.891,12.191,13.690,15.629,15.951,16.717,17.632
14.690,13.899,13.028,13.796,13.218,15.005,14.531,14.927,16.671,13.883,12.442,9.505,7.536,6.437,0.000,6.623,7.950,7.517,8.693,11.435,12.310,12.580,14.142,15.651,16.279,17.025
15.013,14.296,13.104,13.562,12.683,14.202,13.732,13.389,14.861,11.958,11.634,7.949,7.422,7.672,6.623,0.000,6.362,7.851,7.386,8.346,11.024,12.022,12.576,13.572,15.524,16.521
14.326,13.190,11.962,12.564,11.516,13.036,12.131,12.506,14.003,11.152,11.009,7.712,7.893,7.325,7.950,6.362,0.000,6.198,7.918,7.441,8.019,10.871,12.171,12.097,13.585,15.527
14.498,13.335,12.061,12.806,11.452,13.231,11.964,12.431,14.947,12.560,12.536,9.119,9.817,8.568,7.517,7.851,6.198,0.000,6.206,7.888,7.207,8.065,11.223,11.807,12.182,13.860
15.960,15.309,14.218,14.696,13.155,14.916,13.115,13.113,15.578,13.228,13.811,10.501,11.307,11.066,8.693,7.386,7.918,6.206,0.000,5.975,7.815,7.124,8.596,11.081,12.348,13.304
16.058,15.270,14.146,14.151,12.056,13.120,11.158,10.907,13.790,11.382,13.340,9.969,11.777,11.891,11.435,8.346,7.441,7.888,5.975,0.000,5.975,7.769,7.537,8.287,11.391,12.751
15.615,14.618,13.613,13.278,10.701,11.174,8.255,8.177,12.582,11.417,13.647,10.960,12.799,12.191,12.310,11.024,8.019,7.207,7.815,5.975,0.000,6.001,7.561,6.745,8.715,11.169
16.502,16.005,15.321,15.491,13.503,14.343,11.473,11.004,14.980,14.241,15.993,13.235,14.698,13.690,12.580,12.022,10.871,8.065,7.124,7.769,6.001,0.000,5.868,7.701,7.554,9.580
16.947,16.670,16.016,16.009,14.311,15.017,12.088,11.538,15.114,14.358,16.741,14.379,15.975,15.629,14.142,12.576,12.171,11.223,8.596,7.537,7.561,5.868,0.000,5.939,7.847,9.026
16.455,16.019,15.277,15.159,13.207,13.425,10.815,10.564,13.685,13.629,15.783,14.252,16.426,15.951,15.651,13.572,12.097,11.807,11.081,8.287,6.745,7.701,5.939,0.000,6.011,8.362
16.186,15.809,15.525,15.350,13.912,14.092,12.046,12.283,14.985,14.755,16.510,15.113,17.401,16.717,16.279,15.524,13.585,12.182,12.348,11.391,8.715,7.554,7.847,6.011,0.000,6.497
16.119,15.934,15.853,15.802,14.915,15.206,13.378,13.853,15.941,16.059,17.246,16.439,17.614,17.632,17.025,16.521,15.527,13.860,13.304,12.751,11.169,9.580,9.026,8.362,6.497,0.000