c1,c2,c3,c4,c5,c6,c7,c8,c9,c10,c11,c12,c13,c14,c15,c16,c17,c18,c19,c20,c21,c22,c23,c24,c25,c26
0.000,6.105,7.550,9.461,11.056,13.656,14.049,13.951,14.560,15.139,14.973,15.066,16.050,15.972,16.002,15.652,15.339,14.877,15.075,14.913,14.769,15.240,15.425,15.239,15.052,15.144
6.105,0.000,5.907,7.550,7.993,10.882,11.969,12.620,12.817,13.730,13.822,13.701,15.177,15.768,15.770,15.353,14.845,14.126,14.592,14.260,13.685,14.604,14.670,14.679,14.542,14.683
7.550,5.907,0.000,5.710,7.526,9.519,10.665,11.886,12.811,13.024,12.967,13.477,14.951,15.429,15.894,14.984,14.535,13.695,14.113,13.866,13.149,13.923,14.178,14.283,14.312,14.668
9.461,7.550,5.710,0.000,5.931,7.978,9.264,10.560,12.102,13.148,12.295,12.830,14.971,15.533,15.955,15.673,14.808,14.015,14.370,13.720,12.278,13.379,13.666,13.887,14.120,14.475
11.056,7.993,7.526,5.931,0.000,5.870,7.562,8.556,10.003,11.627,11.478,11.704,13.773,14.957,15.447,14.985,15.086,13.756,14.239,13.215,11.437,12.745,13.092,13.169,13.789,14.107
13.656,10.882,9.519,7.978,5.870,0.000,5.834,7.804,9.003,10.005,10.799,11.515,13.223,14.330,15.325,14.824,14.700,14.411,14.171,13.002,10.833,12.541,13.239,13.502,13.942,14.498
14.049,11.969,10.665,9.264,7.562,5.834,0.000,5.855,8.264,8.700,8.774,10.132,12.452,13.283,14.229,14.041,13.937,13.685,14.342,12.655,10.340,11.982,13.077,13.276,13.987,14.358
13.951,12.620,11.886,10.560,8.556,7.804,5.855,0.000,5.989,7.006,7.439,8.755,11.483,12.974,13.286,12.670,12.939,12.512,12.878,12.131,9.803,11.378,12.368,13.321,14.143,14.783
14.560,12.817,12.811,12.102,10.003,9.003,8.264,5.989,0.000,6.187,7.997,8.082,10.161,12.492,13.251,12.345,12.289,12.564,13.355,13.114,12.424,13.063,14.322,14.688,15.531,15.930
15.139,13.730,13.024,13.148,11.627,10.005,8.700,7.006,6.187,0.000,6.405,8.201,9.148,10.768,12.285,11.617,11.521,11.967,12.986,12.909,13.023,14.535,14.947,15.399,15.696,16.158
14.973,13.822,12.967,12.295,11.478,10.799,8.774,7.439,7.997,6.405,0.000,6.367,8.307,9.521,10.531,10.521,10.810,11.308,12.120,12.833,13.162,14.645,15.816,15.953,16.149,16.487
15.066,13.701,13.477,12.830,11.704,11.515,10.132,8.755,8.082,8.201,6.367,0.000,6.295,8.386,9.138,8.627,9.611,10.693,11.657,12.291,13.595,14.745,15.603,16.229,16.155,16.544
16.050,15.177,14.951,14.971,13.773,13.223,12.452,11.483,10.161,9.148,8.307,6.295,0.000,6.306,7.836,8.287,9.050,11.019,12.251,12.806,13.675,15.183,16.093,16.696,16.941,16.977
15.972,15.768,15.429,15.533,14.957,14.330,13.283,12.974,12.492,10.768,9.521,8.386,6.306,0.000,6.254,8.011,9.004,10.321,12.191,13.151,13.415,14.473,15.967,16.536,16.789,17.099
16.002,15.770,15.894,15.955,15.447,15.325,14.229,13.286,13.251,12.285,10.531,9.138,7.836,6.254,0.000,6.600,8.032,9.355,10.385,12.394,13.455,13.719,14.782,16.030,16.447,16.857
15.652,15.353,14.984,15.673,14.985,14.824,14.041,12.670,12.345,11.617,10.521,8.627,8.287,8.011,6.600,0.000,6.299,8.000,8.568,9.715,12.011,13.193,13.760,14.781,15.760,16.453
15.339,14.845,14.535,14.808,15.086,14.700,13.937,12.939,12.289,11.521,10.810,9.611,9.050,9.004,8.032,6.299,0.000,6.032,7.701,8.539,9.895,11.932,13.612,14.051,14.699,15.875
14.877,14.126,13.695,14.015,13.756,14.411,13.685,12.512,12.564,11.967,11.308,10.693,11.019,10.321,9.355,8.000,6.032,0.000,5.855,7.771,8.548,9.841,12.394,13.602,13.911,14.973
15.075,14.592,14.113,14.370,14.239,14.171,14.342,12.878,13.355,12.986,12.120,11.657,12.251,12.191,10.385,8.568,7.701,5.855,0.000,5.816,7.851,8.674,10.649,12.708,13.962,14.861
14.913,14.260,13.866,13.720,13.215,13.002,12.655,12.131,13.114,12.909,12.833,12.291,12.806,13.151,12.394,9.715,8.539,7.771,5.816,0.000,5.781,7.767,9.062,10.932,12.620,14.238
14.769,13.685,13.149,12.278,11.437,10.833,10.340,9.803,12.424,13.023,13.162,13.595,13.675,13.415,13.455,12.011,9.895,8.548,7.851,5.781,0.000,5.853,7.407,8.783,10.783,12.492
15.240,14.604,13.923,13.379,12.745,12.541,11.982,11.378,13.063,14.535,14.645,14.745,15.183,14.473,13.719,13.193,11.932,9.841,8.674,7.767,5.853,0.000,5.906,8.313,9.849,11.608
15.425,14.670,14.178,13.666,13.092,13.239,13.077,12.368,14.322,14.947,15.816,15.603,16.093,15.967,14.782,13.760,13.612,12.394,10.649,9.062,7.407,5.906,0.000,5.807,7.951,9.605
15.239,14.679,14.283,13.887,13.169,13.502,13.276,13.321,14.688,15.399,15.953,16.229,16.696,16.536,16.030,14.781,14.051,13.602,12.708,10.932,8.783,8.313,5.807,0.000,5.931,7.819
15.052,14.542,14.312,14.120,13.789,13.942,13.987,14.143,15.531,15.696,16.149,16.155,16.941,16.789,16.447,15.760,14.699,13.911,13.962,12.620,10.783,9.849,7.951,5.931,0.000,6.438
15.144,14.683,14.668,14.475,14.107,14.498,14.358,14.783,15.930,16.158,16.487,16.544,16.977,17.099,16.857,16.453,15.875,14.973,14.861,14.238,12.492,11.608,9.605,7.819,6.438,0.000