c1,c2,c3,c4,c5,c6,c7,c8,c9,c10,c11,c12,c13,c14,c15,c16,c17,c18,c19,c20,c21,c22,c23,c24,c25,c26
0.000,6.410,7.830,10.033,11.792,14.460,15.130,16.064,16.265,15.298,13.817,13.061,13.561,13.243,14.599,14.997,14.317,14.253,15.813,16.036,15.788,16.646,17.215,16.755,16.411,16.313
6.410,0.000,6.092,7.620,8.366,11.706,13.031,14.256,14.567,13.474,11.839,11.017,12.099,12.127,13.694,13.975,13.213,13.066,15.072,15.257,14.778,16.102,16.895,16.281,15.967,16.060
7.830,6.092,0.000,5.983,7.792,10.440,12.149,14.122,13.958,12.602,10.337,9.546,10.623,11.266,12.675,12.617,11.809,11.420,13.649,13.940,13.479,15.274,16.248,15.462,15.670,15.933
10.033,7.620,5.983,0.000,6.077,8.158,10.404,12.132,11.832,10.851,8.750,8.964,11.144,11.992,13.818,13.311,12.817,12.521,14.452,14.164,13.120,15.448,16.243,15.308,15.511,15.873
11.792,8.366,7.792,6.077,0.000,6.383,7.093,9.821,10.019,9.836,8.854,8.022,11.175,12.337,13.266,12.422,11.452,10.972,12.529,11.699,10.241,12.906,13.855,12.873,13.623,14.437
14.460,11.706,10.440,8.158,6.383,0.000,6.039,7.942,7.620,8.193,8.869,9.576,12.829,14.064,15.344,14.305,13.656,13.393,14.814,13.372,11.209,14.070,14.685,13.280,13.772,14.539
15.130,13.031,12.149,10.404,7.093,6.039,0.000,5.600,8.047,7.858,10.254,9.767,13.259,14.254,14.527,13.637,12.447,11.794,12.724,11.084,7.941,10.951,11.449,10.276,11.693,12.607
16.064,14.256,14.122,12.132,9.821,7.942,5.600,0.000,5.720,6.474,9.702,10.143,13.776,15.531,15.535,13.667,13.150,12.678,13.234,11.268,8.336,10.773,11.223,10.305,12.210,13.498
16.265,14.567,13.958,11.832,10.019,7.620,8.047,5.720,0.000,6.122,9.370,11.094,13.999,16.461,16.965,14.918,14.519,15.070,15.713,14.136,12.637,14.811,14.853,13.546,14.918,15.610
15.298,13.474,12.602,10.851,9.836,8.193,7.858,6.474,6.122,0.000,7.515,8.625,10.594,13.253,14.202,12.044,11.629,12.509,13.130,11.490,11.373,14.128,14.365,13.698,14.861,15.886
13.817,11.839,10.337,8.750,8.854,8.869,10.254,9.702,9.370,7.515,0.000,7.663,9.068,11.176,12.491,11.541,11.454,12.678,13.749,13.347,13.513,15.958,16.752,15.814,16.532,17.092
13.061,11.017,9.546,8.964,8.022,9.576,9.767,10.143,11.094,8.625,7.663,0.000,7.545,9.046,9.496,7.502,7.419,8.419,9.939,9.568,10.403,12.965,14.108,13.973,15.118,16.184
13.561,12.099,10.623,11.144,11.175,12.829,13.259,13.776,13.999,10.594,9.068,7.545,0.000,6.916,7.330,7.173,8.276,9.924,11.269,11.866,12.985,14.909,16.208,16.428,17.337,17.591
13.243,12.127,11.266,11.992,12.337,14.064,14.254,15.531,16.461,13.253,11.176,9.046,6.916,0.000,6.762,7.923,8.239,8.872,11.562,12.387,12.768,14.263,16.009,16.113,16.614,17.544
14.599,13.694,12.675,13.818,13.266,15.344,14.527,15.535,16.965,14.202,12.491,9.496,7.330,6.762,0.000,7.036,7.947,8.053,9.067,11.664,12.760,13.467,14.827,15.875,16.359,17.166
14.997,13.975,12.617,13.311,12.422,14.305,13.637,13.667,14.918,12.044,11.541,7.502,7.173,7.923,7.036,0.000,6.595,7.763,7.727,8.708,11.321,12.573,13.337,13.820,15.470,16.568
14.317,13.213,11.809,12.817,11.452,13.656,12.447,13.150,14.519,11.629,11.454,7.419,8.276,8.239,7.947,6.595,0.000,6.235,7.869,7.738,8.616,11.442,12.792,12.475,13.666,15.542
14.253,13.066,11.420,12.521,10.972,13.393,11.794,12.678,15.070,12.509,12.678,8.419,9.924,8.872,8.053,7.763,6.235,0.000,6.093,7.855,7.743,8.748,11.680,12.038,12.266,13.913
15.813,15.072,13.649,14.452,12.529,14.814,12.724,13.234,15.713,13.130,13.749,9.939,11.269,11.562,9.067,7.727,7.869,6.093,0.000,5.914,7.864,7.656,9.201,11.220,12.349,13.399
16.036,15.257,13.940,14.164,11.699,13.372,11.084,11.268,14.136,11.490,13.347,9.568,11.866,12.387,11.664,8.708,7.738,7.855,5.914,0.000,5.909,7.745,7.880,8.333,11.198,12.681
15.788,14.778,13.479,13.120,10.241,11.209,7.941,8.336,12.637,11.373,13.513,10.403,12.985,12.768,12.760,11.321,8.616,7.743,7.864,5.909,0.000,5.909,7.361,6.553,8.668,11.123
16.646,16.102,15.274,15.448,12.906,14.070,10.951,10.773,14.811,14.128,15.958,12.965,14.909,14.263,13.467,12.573,11.442,8.748,7.656,7.745,5.909,0.000,5.746,7.624,7.540,9.593
17.215,16.895,16.248,16.243,13.855,14.685,11.449,11.223,14.853,14.365,16.752,14.108,16.208,16.009,14.827,13.337,12.792,11.680,9.201,7.880,7.361,5.746,0.000,5.805,7.736,8.893
16.755,16.281,15.462,15.308,12.873,13.280,10.276,10.305,13.546,13.698,15.814,13.973,16.428,16.113,15.875,13.820,12.475,12.038,11.220,8.333,6.553,7.624,5.805,0.000,5.847,8.230
16.411,15.967,15.670,15.511,13.623,13.772,11.693,12.210,14.918,14.861,16.532,15.118,17.337,16.614,16.359,15.470,13.666,12.266,12.349,11.198,8.668,7.540,7.736,5.847,0.000,6.301
16.313,16.060,15.933,15.873,14.437,14.539,12.607,13.498,15.610,15.886,17.092,16.184,17.591,17.544,17.166,16.568,15.542,13.913,13.399,12.681,11.123,9.593,8.893,8.230,6.301,0.000