c1,c2,c3,c4,c5,c6,c7,c8,c9,c10,c11,c12,c13,c14,c15,c16,c17,c18,c19,c20,c21,c22,c23,c24,c25,c26
0.000,6.388,7.909,10.171,11.767,14.453,15.229,15.758,15.971,15.055,13.741,12.750,13.338,13.607,14.098,14.175,14.332,14.349,14.970,15.826,15.877,16.631,16.694,16.477,16.125,15.998
6.388,0.000,6.144,7.550,8.366,11.637,13.064,13.869,14.266,13.047,11.700,10.544,11.761,12.554,13.461,13.280,13.686,13.381,14.141,15.063,14.977,16.244,16.420,16.093,15.826,15.788
7.909,6.144,0.000,5.869,7.808,10.514,12.271,13.509,13.540,12.243,10.419,9.481,10.726,11.678,12.738,12.327,12.687,12.178,12.934,14.114,13.962,15.511,15.933,15.482,15.689,15.788
10.171,7.550,5.869,0.000,6.211,8.207,10.402,11.639,11.625,10.411,9.043,8.939,11.134,12.583,13.719,12.937,13.508,12.756,13.040,14.099,13.476,15.237,15.450,14.995,15.338,15.619
11.767,8.366,7.808,6.211,0.000,6.389,7.219,9.192,9.357,9.004,8.271,7.626,10.660,12.131,12.779,11.755,12.248,10.969,11.187,12.025,11.235,13.636,14.027,13.406,14.104,14.784
14.453,11.637,10.514,8.207,6.389,0.000,6.047,7.872,7.940,8.167,9.125,9.182,12.432,14.095,14.549,13.463,13.781,12.375,12.434,12.484,11.189,13.691,13.929,13.277,13.971,14.612
15.229,13.064,12.271,10.402,7.219,6.047,0.000,5.738,8.142,8.255,10.689,10.013,13.360,14.764,14.627,13.287,13.323,11.695,11.343,10.940,9.047,11.631,11.500,11.359,12.618,13.305
15.758,13.869,13.509,11.639,9.192,7.872,5.738,0.000,5.944,6.625,9.945,10.263,13.687,15.722,15.512,13.892,14.086,12.351,11.696,10.820,8.766,10.845,10.931,10.764,12.658,13.572
15.971,14.266,13.540,11.625,9.357,7.940,8.142,5.944,0.000,6.326,9.203,11.089,13.879,16.424,16.605,14.946,15.336,14.089,13.713,13.202,11.617,13.752,13.790,13.173,14.593,15.261
15.055,13.047,12.243,10.411,9.004,8.167,8.255,6.625,6.326,0.000,7.149,8.256,10.546,13.279,14.343,12.739,13.105,12.002,11.815,11.745,10.955,13.154,13.724,13.455,14.712,15.554
13.741,11.700,10.419,9.043,8.271,9.125,10.689,9.945,9.203,7.149,0.000,7.481,8.587,11.078,12.273,11.826,12.833,12.284,12.744,13.581,13.347,15.257,15.841,15.410,16.162,16.682
12.750,10.544,9.481,8.939,7.626,9.182,10.013,10.263,11.089,8.256,7.481,0.000,7.397,8.937,9.879,8.794,9.628,8.949,10.035,11.119,11.876,13.605,14.642,14.449,15.141,16.039
13.338,11.761,10.726,11.134,10.660,12.432,13.360,13.687,13.879,10.546,8.587,7.397,0.000,7.184,7.465,7.977,9.954,11.103,12.539,13.697,14.172,15.558,16.435,16.377,16.703,17.116
13.607,12.554,11.678,12.583,12.131,14.095,14.764,15.722,16.424,13.279,11.078,8.937,7.184,0.000,6.566,8.094,9.791,11.088,13.101,14.508,14.890,15.824,16.569,16.508,16.717,17.133
14.098,13.461,12.738,13.719,12.779,14.549,14.627,15.512,16.605,14.343,12.273,9.879,7.465,6.566,0.000,6.788,8.571,10.580,12.097,14.246,15.089,15.570,16.078,16.294,16.563,17.057
14.175,13.280,12.327,12.937,11.755,13.463,13.287,13.892,14.946,12.739,11.826,8.794,7.977,8.094,6.788,0.000,6.591,8.363,9.660,11.754,13.549,14.731,15.078,14.833,15.426,16.324
14.332,13.686,12.687,13.508,12.248,13.781,13.323,14.086,15.336,13.105,12.833,9.628,9.954,9.791,8.571,6.591,0.000,6.466,7.848,9.889,11.775,13.614,14.662,13.879,14.194,15.579
14.349,13.381,12.178,12.756,10.969,12.375,11.695,12.351,14.089,12.002,12.284,8.949,11.103,11.088,10.580,8.363,6.466,0.000,6.283,7.803,9.156,11.160,12.770,12.273,12.672,14.141
14.970,14.141,12.934,13.040,11.187,12.434,11.343,11.696,13.713,11.815,12.744,10.035,12.539,13.101,12.097,9.660,7.848,6.283,0.000,6.166,7.932,9.527,11.030,11.333,12.330,13.658
15.826,15.063,14.114,14.099,12.025,12.484,10.940,10.820,13.202,11.745,13.581,11.119,13.697,14.508,14.246,11.754,9.889,7.803,6.166,0.000,6.235,7.857,8.776,8.660,10.428,12.406
15.877,14.977,13.962,13.476,11.235,11.189,9.047,8.766,11.617,10.955,13.347,11.876,14.172,14.890,15.089,13.549,11.775,9.156,7.932,6.235,0.000,6.248,6.969,6.956,8.940,11.241
16.631,16.244,15.511,15.237,13.636,13.691,11.631,10.845,13.752,13.154,15.257,13.605,15.558,15.824,15.570,14.731,13.614,11.160,9.527,7.857,6.248,0.000,6.292,7.768,7.846,10.008
16.694,16.420,15.933,15.450,14.027,13.929,11.500,10.931,13.790,13.724,15.841,14.642,16.435,16.569,16.078,15.078,14.662,12.770,11.030,8.776,6.969,6.292,0.000,6.197,7.798,9.153
16.477,16.093,15.482,14.995,13.406,13.277,11.359,10.764,13.173,13.455,15.410,14.449,16.377,16.508,16.294,14.833,13.879,12.273,11.333,8.660,6.956,7.768,6.197,0.000,6.334,8.487
16.125,15.826,15.689,15.338,14.104,13.971,12.618,12.658,14.593,14.712,16.162,15.141,16.703,16.717,16.563,15.426,14.194,12.672,12.330,10.428,8.940,7.846,7.798,6.334,0.000,6.814
15.998,15.788,15.788,15.619,14.784,14.612,13.305,13.572,15.261,15.554,16.682,16.039,17.116,17.133,17.057,16.324,15.579,14.141,13.658,12.406,11.241,10.008,9.153,8.487,6.814,0.000