c1,c2,c3,c4,c5,c6,c7,c8,c9,c10,c11,c12,c13,c14,c15,c16,c17,c18,c19,c20,c21,c22,c23,c24,c25,c26
0.000,6.394,7.970,10.372,12.146,14.895,15.535,16.001,16.166,15.582,14.298,13.122,13.594,13.714,14.280,14.474,14.340,14.244,14.297,15.570,15.632,16.663,16.749,16.516,16.134,15.856
6.394,0.000,6.015,7.545,8.499,11.913,13.279,14.199,14.663,13.362,12.174,10.656,11.783,12.326,13.309,13.347,13.771,13.028,12.721,14.402,14.301,15.934,16.372,16.268,15.962,15.617
7.970,6.015,0.000,5.849,7.705,10.499,12.282,13.801,13.776,12.748,11.010,10.017,11.343,12.207,13.393,13.303,13.660,12.919,12.116,14.286,13.643,15.606,16.092,16.081,15.882,15.479
10.372,7.545,5.849,0.000,6.128,8.158,10.268,11.956,11.830,10.860,9.360,9.028,11.126,12.504,13.668,13.603,14.265,13.200,11.822,13.724,12.664,14.946,15.362,15.546,15.500,15.314
12.146,8.499,7.705,6.128,0.000,6.328,7.311,9.489,9.539,9.321,8.688,7.966,10.764,12.260,13.091,12.611,13.368,11.797,10.401,12.074,10.265,13.387,13.792,13.962,14.576,14.824
14.895,11.913,10.499,8.158,6.328,0.000,6.059,7.727,7.995,8.122,8.828,8.978,12.195,14.055,14.532,13.970,14.670,13.210,11.297,12.445,10.041,12.962,13.214,13.355,14.105,14.347
15.535,13.279,12.282,10.268,7.311,6.059,0.000,5.737,8.011,8.268,10.585,9.935,13.189,14.786,14.547,13.610,14.206,12.728,10.544,11.135,7.970,11.034,10.833,11.434,12.725,13.203
16.001,14.199,13.801,11.956,9.489,7.727,5.737,0.000,5.842,6.713,9.966,10.539,13.904,15.920,15.707,14.723,15.147,13.379,11.067,10.585,7.336,9.611,9.808,10.523,12.459,13.145
16.166,14.663,13.776,11.830,9.539,7.995,8.011,5.842,0.000,6.443,9.076,11.089,13.830,16.380,16.545,15.243,15.589,14.649,12.670,12.428,9.853,11.968,12.121,12.552,14.101,14.533
15.582,13.362,12.748,10.860,9.321,8.122,8.268,6.713,6.443,0.000,6.933,8.234,10.572,13.354,14.522,13.771,14.381,12.910,11.012,11.323,9.617,11.586,12.424,12.967,14.319,14.832
14.298,12.174,11.010,9.360,8.688,8.828,10.585,9.966,9.076,6.933,0.000,7.556,8.326,11.020,12.222,12.459,13.482,12.548,10.927,12.158,11.792,13.870,14.704,15.140,15.787,16.266
13.122,10.656,10.017,9.028,7.966,8.978,9.935,10.539,11.089,8.234,7.556,0.000,7.740,8.958,10.167,9.887,10.851,9.763,8.513,10.334,10.809,12.905,14.144,14.686,15.434,16.050
13.594,11.783,11.343,11.126,10.764,12.195,13.189,13.904,13.830,10.572,8.326,7.740,0.000,7.220,7.407,8.381,10.390,10.694,10.820,12.188,13.385,14.897,16.085,16.299,16.659,16.966
13.714,12.326,12.207,12.504,12.260,14.055,14.786,15.920,16.380,13.354,11.020,8.958,7.220,0.000,6.681,8.003,9.612,10.756,11.397,13.550,14.912,15.986,16.920,17.134,17.200,17.276
14.280,13.309,13.393,13.668,13.091,14.532,14.547,15.707,16.545,14.522,12.222,10.167,7.407,6.681,0.000,6.489,8.311,10.275,11.517,13.417,15.502,16.047,17.094,17.171,17.078,17.100
14.474,13.347,13.303,13.603,12.611,13.970,13.610,14.723,15.243,13.771,12.459,9.887,8.381,8.003,6.489,0.000,6.243,7.607,9.587,11.440,14.280,15.767,16.535,16.074,16.288,16.436
14.340,13.771,13.660,14.265,13.368,14.670,14.206,15.147,15.589,14.381,13.482,10.851,10.390,9.612,8.311,6.243,0.000,6.241,8.172,10.686,13.503,15.891,16.997,16.129,16.016,16.328
14.244,13.028,12.919,13.200,11.797,13.210,12.728,13.379,14.649,12.910,12.548,9.763,10.694,10.756,10.275,7.607,6.241,0.000,6.126,7.737,10.566,13.203,15.029,14.349,14.482,14.901
14.297,12.721,12.116,11.822,10.401,11.297,10.544,11.067,12.670,11.012,10.927,8.513,10.820,11.397,11.517,9.587,8.172,6.126,0.000,6.096,7.910,10.286,12.456,12.628,13.578,13.891
15.570,14.402,14.286,13.724,12.074,12.445,11.135,10.585,12.428,11.323,12.158,10.334,12.188,13.550,13.417,11.440,10.686,7.737,6.096,0.000,6.045,7.830,9.836,9.404,10.786,11.590
15.632,14.301,13.643,12.664,10.265,10.041,7.970,7.336,9.853,9.617,11.792,10.809,13.385,14.912,15.502,14.280,13.503,10.566,7.910,6.045,0.000,6.342,6.613,6.978,9.344,10.260
16.663,15.934,15.606,14.946,13.387,12.962,11.034,9.611,11.968,11.586,13.870,12.905,14.897,15.986,16.047,15.767,15.891,13.203,10.286,7.830,6.342,0.000,6.099,7.830,9.302,10.368
16.749,16.372,16.092,15.362,13.792,13.214,10.833,9.808,12.121,12.424,14.704,14.144,16.085,16.920,17.094,16.535,16.997,15.029,12.456,9.836,6.613,6.099,0.000,6.259,7.750,8.899
16.516,16.268,16.081,15.546,13.962,13.355,11.434,10.523,12.552,12.967,15.140,14.686,16.299,17.134,17.171,16.074,16.129,14.349,12.628,9.404,6.978,7.830,6.259,0.000,6.209,8.218
16.134,15.962,15.882,15.500,14.576,14.105,12.725,12.459,14.101,14.319,15.787,15.434,16.659,17.200,17.078,16.288,16.016,14.482,13.578,10.786,9.344,9.302,7.750,6.209,0.000,6.608
15.856,15.617,15.479,15.314,14.824,14.347,13.203,13.145,14.533,14.832,16.266,16.050,16.966,17.276,17.100,16.436,16.328,14.901,13.891,11.590,10.260,10.368,8.899,8.218,6.608,0.000