c1,c2,c3,c4,c5,c6,c7,c8,c9,c10,c11,c12,c13,c14,c15,c16,c17,c18,c19,c20,c21,c22,c23,c24,c25,c26
0.000,6.330,7.828,9.921,11.553,14.107,14.953,15.593,15.725,14.973,13.915,13.205,13.774,14.202,14.744,15.009,14.777,14.520,15.634,15.921,15.811,16.522,16.752,16.384,16.120,15.973
6.330,0.000,6.103,7.640,8.180,11.418,12.824,13.968,14.156,13.369,12.232,11.265,12.490,13.343,14.083,14.396,14.025,13.503,15.027,15.281,14.951,16.038,16.399,15.819,15.664,15.717
7.828,6.103,0.000,5.925,7.751,10.051,11.983,13.403,13.435,12.596,10.928,10.514,11.434,12.690,13.669,13.625,13.151,12.577,14.206,14.508,14.053,15.436,15.845,15.148,15.387,15.620
9.921,7.640,5.925,0.000,6.125,8.160,10.215,11.734,11.678,11.054,9.620,9.779,11.560,12.895,14.161,14.188,13.786,12.958,14.318,14.471,13.553,15.311,15.486,14.793,14.994,15.411
11.553,8.180,7.751,6.125,0.000,6.354,7.530,9.473,9.668,9.942,9.280,8.727,11.553,12.903,13.561,13.537,13.095,11.722,12.756,12.589,11.382,13.464,13.818,13.102,13.672,14.393
14.107,11.418,10.051,8.160,6.354,0.000,6.060,7.754,7.609,8.168,8.994,9.471,12.170,13.711,14.779,14.494,14.061,13.091,13.828,12.926,10.975,13.520,13.884,12.887,13.579,14.434
14.953,12.824,11.983,10.215,7.530,6.060,0.000,5.675,8.098,8.247,10.227,10.226,13.177,13.990,14.502,14.313,13.384,12.359,12.847,11.289,8.456,10.985,11.177,10.708,11.951,12.888
15.593,13.968,13.403,11.734,9.473,7.754,5.675,0.000,5.874,6.737,9.558,10.069,13.321,14.627,14.628,14.057,13.611,12.477,12.576,11.417,7.640,9.767,10.247,10.281,11.927,13.349
15.725,14.156,13.435,11.678,9.668,7.609,8.098,5.874,0.000,6.220,9.059,10.339,12.635,14.868,15.486,14.643,14.276,14.174,14.369,13.611,12.162,13.377,13.734,13.002,14.317,15.352
14.973,13.369,12.596,11.054,9.942,8.168,8.247,6.737,6.220,0.000,7.287,8.514,9.892,11.789,13.371,12.775,12.085,12.013,12.475,11.926,11.371,13.467,13.392,13.259,14.362,15.627
13.915,12.232,10.928,9.620,9.280,8.994,10.227,9.558,9.059,7.287,0.000,7.465,8.531,9.896,11.362,12.044,11.873,11.690,12.734,13.294,13.179,14.953,15.968,15.135,15.910,16.789
13.205,11.265,10.514,9.779,8.727,9.471,10.226,10.069,10.339,8.514,7.465,0.000,7.423,8.706,9.577,9.142,9.546,9.573,10.699,11.211,11.888,13.695,14.838,14.935,15.030,16.187
13.774,12.490,11.434,11.560,11.553,12.170,13.177,13.321,12.635,9.892,8.531,7.423,0.000,6.895,8.020,8.427,8.846,10.374,11.963,12.511,13.184,15.006,16.085,16.259,16.978,17.238
14.202,13.343,12.690,12.895,12.903,13.711,13.990,14.627,14.868,11.789,9.896,8.706,6.895,0.000,6.612,8.123,8.666,9.583,11.842,12.940,13.209,14.517,16.006,16.082,16.594,17.360
14.744,14.083,13.669,14.161,13.561,14.779,14.502,14.628,15.486,13.371,11.362,9.577,8.020,6.612,0.000,6.801,8.348,9.122,10.394,12.686,13.699,14.092,15.137,16.000,16.387,17.036
15.009,14.396,13.625,14.188,13.537,14.494,14.313,14.057,14.643,12.775,12.044,9.142,8.427,8.123,6.801,0.000,6.643,8.037,8.887,10.069,12.355,13.562,14.069,14.421,15.569,16.590
14.777,14.025,13.151,13.786,13.095,14.061,13.384,13.611,14.276,12.085,11.873,9.546,8.846,8.666,8.348,6.643,0.000,6.552,7.980,8.798,9.939,12.216,13.589,13.045,13.980,15.715
14.520,13.503,12.577,12.958,11.722,13.091,12.359,12.477,14.174,12.013,11.690,9.573,10.374,9.583,9.122,8.037,6.552,0.000,6.386,8.000,8.450,9.697,12.317,12.375,12.623,14.266
15.634,15.027,14.206,14.318,12.756,13.828,12.847,12.576,14.369,12.475,12.734,10.699,11.963,11.842,10.394,8.887,7.980,6.386,0.000,6.099,8.050,8.441,10.151,11.434,12.581,13.817
15.921,15.281,14.508,14.471,12.589,12.926,11.289,11.417,13.611,11.926,13.294,11.211,12.511,12.940,12.686,10.069,8.798,8.000,6.099,0.000,6.215,8.017,8.502,8.760,11.138,12.703
15.811,14.951,14.053,13.553,11.382,10.975,8.456,7.640,12.162,11.371,13.179,11.888,13.184,13.209,13.699,12.355,9.939,8.450,8.050,6.215,0.000,6.219,7.231,6.834,9.028,11.249
16.522,16.038,15.436,15.311,13.464,13.520,10.985,9.767,13.377,13.467,14.953,13.695,15.006,14.517,14.092,13.562,12.216,9.697,8.441,8.017,6.219,0.000,6.083,7.753,7.751,9.893
16.752,16.399,15.845,15.486,13.818,13.884,11.177,10.247,13.734,13.392,15.968,14.838,16.085,16.006,15.137,14.069,13.589,12.317,10.151,8.502,7.231,6.083,0.000,6.032,7.885,9.185
16.384,15.819,15.148,14.793,13.102,12.887,10.708,10.281,13.002,13.259,15.135,14.935,16.259,16.082,16.000,14.421,13.045,12.375,11.434,8.760,6.834,7.753,6.032,0.000,6.285,8.452
16.120,15.664,15.387,14.994,13.672,13.579,11.951,11.927,14.317,14.362,15.910,15.030,16.978,16.594,16.387,15.569,13.980,12.623,12.581,11.138,9.028,7.751,7.885,6.285,0.000,6.762
15.973,15.717,15.620,15.411,14.393,14.434,12.888,13.349,15.352,15.627,16.789,16.187,17.238,17.360,17.036,16.590,15.715,14.266,13.817,12.703,11.249,9.893,9.185,8.452,6.762,0.000