c1,c2,c3,c4,c5,c6,c7,c8,c9,c10,c11,c12,c13,c14,c15,c16,c17,c18,c19,c20,c21,c22,c23,c24,c25,c26
0.000,6.617,7.964,10.250,11.771,14.394,15.226,16.073,16.238,15.175,13.581,12.730,12.956,12.978,14.478,14.787,14.122,14.729,15.860,16.192,15.844,16.934,17.030,16.783,16.536,16.599
6.617,0.000,6.243,7.774,8.672,11.921,13.319,14.400,14.895,13.296,11.387,10.335,11.233,11.501,13.455,13.629,12.804,13.499,14.958,15.314,14.736,16.367,16.581,16.334,16.202,16.455
7.964,6.243,0.000,6.149,7.803,10.108,12.078,13.825,13.818,12.189,9.896,8.905,10.105,10.457,12.609,12.341,11.568,12.072,13.772,13.910,13.243,15.502,16.230,16.005,16.115,16.534
10.250,7.774,6.149,0.000,6.149,8.271,10.147,11.612,11.407,9.891,7.850,8.137,10.394,11.194,13.347,12.663,12.300,12.825,14.295,13.814,12.789,15.401,15.915,15.503,15.537,16.268
11.771,8.672,7.803,6.149,0.000,6.328,7.223,9.517,9.990,9.051,8.121,7.291,10.691,11.674,12.944,11.849,11.074,11.185,12.764,11.723,9.865,13.055,13.890,13.489,14.325,15.615
14.394,11.921,10.108,8.271,6.328,0.000,5.977,7.814,7.617,7.983,8.499,9.145,12.627,13.613,15.137,13.899,13.305,13.183,14.611,12.882,10.542,13.562,14.267,13.392,14.066,15.328
15.226,13.319,12.078,10.147,7.223,5.977,0.000,5.551,8.127,7.863,10.683,9.801,13.176,14.171,14.794,13.379,12.251,11.483,12.534,10.668,7.319,10.371,10.904,10.544,11.934,13.616
16.073,14.400,13.825,11.612,9.517,7.814,5.551,0.000,5.740,6.110,9.991,10.002,13.616,15.342,15.582,13.242,12.873,12.338,12.812,10.442,7.217,9.998,10.337,10.282,12.271,13.959
16.238,14.895,13.818,11.407,9.990,7.617,8.127,5.740,0.000,6.298,9.672,11.289,14.303,16.589,17.115,14.963,14.409,14.949,15.491,13.424,11.423,13.806,13.858,13.210,14.509,15.452
15.175,13.296,12.189,9.891,9.051,7.983,7.863,6.110,6.298,0.000,7.058,8.051,10.541,13.263,14.081,11.734,11.692,12.472,12.861,10.765,10.242,12.880,13.625,13.638,14.997,16.226
13.581,11.387,9.896,7.850,8.121,8.499,10.683,9.991,9.672,7.058,0.000,7.344,9.237,11.244,12.713,11.571,11.753,12.967,13.740,13.116,12.822,15.430,16.238,15.900,16.519,17.062
12.730,10.335,8.905,8.137,7.291,9.145,9.801,10.002,11.289,8.051,7.344,0.000,7.312,9.105,9.725,7.788,8.095,9.253,10.237,9.851,10.807,13.145,14.486,14.882,15.879,16.882
12.956,11.233,10.105,10.394,10.691,12.627,13.176,13.616,14.303,10.541,9.237,7.312,0.000,6.862,7.611,7.410,8.859,10.808,11.845,12.111,13.170,15.042,16.538,16.675,17.177,17.519
12.978,11.501,10.457,11.194,11.674,13.613,14.171,15.342,16.589,13.263,11.244,9.105,6.862,0.000,6.844,8.136,8.635,10.082,12.360,12.691,13.234,14.861,16.432,16.568,16.853,17.523
14.478,13.455,12.609,13.347,12.944,15.137,14.794,15.582,17.115,14.081,12.713,9.725,7.611,6.844,0.000,7.213,8.496,9.409,10.598,12.055,13.364,14.288,15.641,16.362,16.713,17.333
14.787,13.629,12.341,12.663,11.849,13.899,13.379,13.242,14.963,11.734,11.571,7.788,7.410,8.136,7.213,0.000,6.602,8.150,8.279,9.071,11.481,12.885,14.107,14.564,15.941,17.008
14.122,12.804,11.568,12.300,11.074,13.305,12.251,12.873,14.409,11.692,11.753,8.095,8.859,8.635,8.496,6.602,0.000,6.241,8.052,8.266,9.522,11.945,13.586,13.607,14.480,16.207
14.729,13.499,12.072,12.825,11.185,13.183,11.483,12.338,14.949,12.472,12.967,9.253,10.808,10.082,9.409,8.150,6.241,0.000,6.008,7.689,8.054,9.474,12.112,12.569,13.221,14.890
15.860,14.958,13.772,14.295,12.764,14.611,12.534,12.812,15.491,12.861,13.740,10.237,11.845,12.360,10.598,8.279,8.052,6.008,0.000,5.888,7.923,8.147,10.633,11.917,13.247,14.899
16.192,15.314,13.910,13.814,11.723,12.882,10.668,10.442,13.424,10.765,13.116,9.851,12.111,12.691,12.055,9.071,8.266,7.689,5.888,0.000,5.835,7.839,9.059,9.606,11.999,13.916
15.844,14.736,13.243,12.789,9.865,10.542,7.319,7.217,11.423,10.242,12.822,10.807,13.170,13.234,13.364,11.481,9.522,8.054,7.923,5.835,0.000,6.016,7.175,7.135,9.371,11.950
16.934,16.367,15.502,15.401,13.055,13.562,10.371,9.998,13.806,12.880,15.430,13.145,15.042,14.861,14.288,12.885,11.945,9.474,8.147,7.839,6.016,0.000,5.831,7.676,8.478,10.728
17.030,16.581,16.230,15.915,13.890,14.267,10.904,10.337,13.858,13.625,16.238,14.486,16.538,16.432,15.641,14.107,13.586,12.112,10.633,9.059,7.175,5.831,0.000,5.909,7.864,9.989
16.783,16.334,16.005,15.503,13.489,13.392,10.544,10.282,13.210,13.638,15.900,14.882,16.675,16.568,16.362,14.564,13.607,12.569,11.917,9.606,7.135,7.676,5.909,0.000,6.176,8.572
16.536,16.202,16.115,15.537,14.325,14.066,11.934,12.271,14.509,14.997,16.519,15.879,17.177,16.853,16.713,15.941,14.480,13.221,13.247,11.999,9.371,8.478,7.864,6.176,0.000,6.904
16.599,16.455,16.534,16.268,15.615,15.328,13.616,13.959,15.452,16.226,17.062,16.882,17.519,17.523,17.333,17.008,16.207,14.890,14.899,13.916,11.950,10.728,9.989,8.572,6.904,0.000