c1,c2,c3,c4,c5,c6,c7,c8,c9,c10,c11,c12,c13,c14,c15,c16,c17,c18,c19,c20,c21,c22,c23,c24,c25,c26
0.000,6.358,7.918,10.667,12.642,15.202,16.326,16.576,16.372,14.951,12.915,12.166,12.269,11.946,13.585,13.820,13.291,13.981,15.020,15.578,15.505,16.715,17.111,16.848,16.648,16.706
6.358,0.000,6.085,7.785,9.681,12.849,14.683,14.923,14.811,13.174,10.970,9.808,10.472,10.510,12.621,12.566,11.735,12.576,13.876,14.435,14.461,16.189,16.736,16.590,16.442,16.639
7.918,6.085,0.000,5.982,7.629,10.205,12.688,13.367,12.684,11.282,8.674,8.140,9.501,9.889,12.052,11.686,10.746,11.383,12.718,13.246,12.834,15.342,16.253,16.095,16.212,16.759
10.667,7.785,5.982,0.000,6.082,7.919,10.548,11.473,11.111,9.395,7.271,7.456,10.108,11.142,13.265,12.602,11.759,12.429,13.454,13.133,12.482,15.184,15.860,15.631,15.646,16.436
12.642,9.681,7.629,6.082,0.000,6.124,7.597,8.785,8.634,7.988,7.497,7.043,10.767,12.158,13.568,12.349,11.364,11.827,12.588,11.678,9.995,13.238,13.962,13.642,14.300,15.927
15.202,12.849,10.205,7.919,6.124,0.000,5.795,7.432,7.898,7.890,8.732,8.446,12.541,13.852,15.243,14.059,13.121,13.254,13.830,12.258,9.991,13.258,13.821,12.996,13.660,15.270
16.326,14.683,12.688,10.548,7.597,5.795,0.000,5.634,8.035,8.485,11.413,10.817,14.486,15.395,15.884,14.519,13.272,12.947,13.398,11.734,8.105,11.197,11.324,10.718,12.014,13.904
16.576,14.923,13.367,11.473,8.785,7.432,5.634,0.000,5.875,5.929,9.974,10.145,13.893,15.659,16.084,13.945,13.046,12.993,12.959,10.836,7.338,10.252,10.414,10.144,12.123,13.972
16.372,14.811,12.684,11.111,8.634,7.898,8.035,5.875,0.000,6.889,9.277,11.271,14.475,16.778,17.415,15.365,14.635,15.503,15.557,13.739,11.688,13.991,14.111,13.317,14.549,15.555
14.951,13.174,11.282,9.395,7.988,7.890,8.485,5.929,6.889,0.000,6.706,7.697,10.733,13.422,14.430,12.281,11.823,12.668,12.944,11.091,10.412,12.846,13.377,13.140,14.518,15.832
12.915,10.970,8.674,7.271,7.497,8.732,11.413,9.974,9.277,6.706,0.000,7.039,9.011,11.191,12.715,11.806,11.705,12.893,13.588,13.042,12.939,15.607,16.281,15.686,16.082,16.785
12.166,9.808,8.140,7.456,7.043,8.446,10.817,10.145,11.271,7.697,7.039,0.000,7.462,9.062,9.629,7.811,8.077,9.170,10.006,9.915,10.624,12.915,14.300,14.378,15.468,16.630
12.269,10.472,9.501,10.108,10.767,12.541,14.486,13.893,14.475,10.733,9.011,7.462,0.000,6.968,7.478,7.441,8.940,10.836,11.850,12.321,13.251,15.150,16.233,16.408,16.956,17.385
11.946,10.510,9.889,11.142,12.158,13.852,15.395,15.659,16.778,13.422,11.191,9.062,6.968,0.000,7.107,8.232,8.470,9.838,12.140,12.494,12.996,14.480,16.179,16.299,16.749,17.458
13.585,12.621,12.052,13.265,13.568,15.243,15.884,16.084,17.415,14.430,12.715,9.629,7.478,7.107,0.000,7.520,8.558,9.083,10.146,11.884,13.151,13.907,15.198,15.938,16.582,17.208
13.820,12.566,11.686,12.602,12.349,14.059,14.519,13.945,15.365,12.281,11.806,7.811,7.441,8.232,7.520,0.000,6.794,8.345,8.148,8.910,11.768,12.866,13.757,14.216,15.676,16.759
13.291,11.735,10.746,11.759,11.364,13.121,13.272,13.046,14.635,11.823,11.705,8.077,8.940,8.470,8.558,6.794,0.000,6.685,8.138,8.037,9.554,12.015,13.508,13.303,14.266,16.060
13.981,12.576,11.383,12.429,11.827,13.254,12.947,12.993,15.503,12.668,12.893,9.170,10.836,9.838,9.083,8.345,6.685,0.000,6.309,7.719,8.104,9.295,12.058,12.433,12.978,14.877
15.020,13.876,12.718,13.454,12.588,13.830,13.398,12.959,15.557,12.944,13.588,10.006,11.850,12.140,10.146,8.148,8.138,6.309,0.000,6.192,8.136,8.207,10.056,11.702,12.930,14.711
15.578,14.435,13.246,13.133,11.678,12.258,11.734,10.836,13.739,11.091,13.042,9.915,12.321,12.494,11.884,8.910,8.037,7.719,6.192,0.000,6.143,7.914,8.502,8.973,11.258,13.515
15.505,14.461,12.834,12.482,9.995,9.991,8.105,7.338,11.688,10.412,12.939,10.624,13.251,12.996,13.151,11.768,9.554,8.104,8.136,6.143,0.000,6.246,7.373,6.899,9.053,11.775
16.715,16.189,15.342,15.184,13.238,13.258,11.197,10.252,13.991,12.846,15.607,12.915,15.150,14.480,13.907,12.866,12.015,9.295,8.207,7.914,6.246,0.000,5.839,7.641,8.146,10.690
17.111,16.736,16.253,15.860,13.962,13.821,11.324,10.414,14.111,13.377,16.281,14.300,16.233,16.179,15.198,13.757,13.508,12.058,10.056,8.502,7.373,5.839,0.000,5.973,7.877,9.906
16.848,16.590,16.095,15.631,13.642,12.996,10.718,10.144,13.317,13.140,15.686,14.378,16.408,16.299,15.938,14.216,13.303,12.433,11.702,8.973,6.899,7.641,5.973,0.000,6.039,8.756
16.648,16.442,16.212,15.646,14.300,13.660,12.014,12.123,14.549,14.518,16.082,15.468,16.956,16.749,16.582,15.676,14.266,12.978,12.930,11.258,9.053,8.146,7.877,6.039,0.000,7.103
16.706,16.639,16.759,16.436,15.927,15.270,13.904,13.972,15.555,15.832,16.785,16.630,17.385,17.458,17.208,16.759,16.060,14.877,14.711,13.515,11.775,10.690,9.906,8.756,7.103,0.000