c1,c2,c3,c4,c5,c6,c7,c8,c9,c10,c11,c12,c13,c14,c15,c16,c17,c18,c19,c20,c21,c22,c23,c24,c25,c26
0.000,6.142,7.647,10.175,12.131,15.470,17.029,17.334,14.769,15.779,14.283,11.402,12.872,12.139,11.560,12.499,12.707,12.703,13.868,13.964,13.676,14.500,15.107,15.311,15.359,15.697
6.142,0.000,5.811,7.954,9.702,13.340,15.502,16.801,13.023,14.524,13.136,10.045,12.006,11.445,11.010,12.415,12.260,11.614,12.994,12.927,12.617,13.620,14.363,14.655,14.705,15.144
7.647,5.811,0.000,5.775,7.077,10.514,13.338,14.037,10.099,11.795,10.687,8.008,9.919,9.839,9.973,11.988,12.430,12.020,13.409,13.449,13.040,14.249,15.114,15.302,15.592,15.948
10.175,7.954,5.775,0.000,5.982,8.288,10.841,12.555,9.527,12.170,12.410,10.130,12.939,13.135,13.322,15.130,15.166,14.217,15.325,15.219,14.316,15.348,16.106,15.890,15.640,15.828
12.131,9.702,7.077,5.982,0.000,5.852,8.213,9.121,4.862,7.423,8.266,6.993,10.298,11.132,11.687,13.693,14.036,13.477,14.602,14.398,13.641,15.035,15.902,15.790,15.803,15.890
15.470,13.340,10.514,8.288,5.852,0.000,6.074,6.105,5.022,9.388,10.814,10.243,13.270,14.058,14.490,16.028,15.986,15.445,16.504,16.370,15.677,16.223,16.294,15.703,15.779,15.862
17.029,15.502,13.338,10.841,8.213,6.074,0.000,5.280,7.433,9.837,11.862,12.581,15.146,15.836,15.771,16.733,16.811,16.071,16.963,16.888,16.445,16.313,16.287,15.807,15.713,15.583
17.334,16.801,14.037,12.555,9.121,6.105,5.280,0.000,5.871,8.080,10.407,11.216,13.867,14.979,14.793,15.907,15.896,15.489,16.522,16.902,16.327,16.385,16.388,16.034,16.016,15.993
14.769,13.023,10.099,9.527,4.862,5.022,7.433,5.871,0.000,5.910,7.682,7.407,10.237,11.905,12.442,14.129,14.165,13.905,15.065,15.478,15.358,15.965,16.604,16.346,16.577,16.531
15.779,14.524,11.795,12.170,7.423,9.388,9.837,8.080,5.910,0.000,5.643,7.864,9.764,11.566,12.832,14.478,14.238,14.242,15.305,15.619,15.816,16.407,16.717,16.312,16.407,16.513
14.283,13.136,10.687,12.410,8.266,10.814,11.862,10.407,7.682,5.643,0.000,6.156,7.963,9.323,10.455,12.694,13.396,13.190,14.185,14.660,14.919,15.800,16.997,16.838,16.993,16.951
11.402,10.045,8.008,10.130,6.993,10.243,12.581,11.216,7.407,7.864,6.156,0.000,6.109,7.618,8.101,10.323,12.117,12.614,13.410,13.653,14.098,15.207,16.198,16.859,16.889,16.982
12.872,12.006,9.919,12.939,10.298,13.270,15.146,13.867,10.237,9.764,7.963,6.109,0.000,6.055,8.093,9.394,10.925,12.341,13.821,13.167,13.920,15.573,16.301,16.813,17.542,17.257
12.139,11.445,9.839,13.135,11.132,14.058,15.836,14.979,11.905,11.566,9.323,7.618,6.055,0.000,6.166,7.896,9.501,10.434,12.582,12.876,12.870,14.259,15.583,16.073,16.852,17.314
11.560,11.010,9.973,13.322,11.687,14.490,15.771,14.793,12.442,12.832,10.455,8.101,8.093,6.166,0.000,6.092,7.873,8.018,9.679,11.177,11.906,12.688,13.869,15.084,15.749,16.472
12.499,12.415,11.988,15.130,13.693,16.028,16.733,15.907,14.129,14.478,12.694,10.323,9.394,7.896,6.092,0.000,5.984,8.055,8.143,8.571,10.941,12.583,12.554,13.604,15.158,15.777
12.707,12.260,12.430,15.166,14.036,15.986,16.811,15.896,14.165,14.238,13.396,12.117,10.925,9.501,7.873,5.984,0.000,5.851,7.344,7.596,8.784,11.535,12.809,12.790,14.020,15.386
12.703,11.614,12.020,14.217,13.477,15.445,16.071,15.489,13.905,14.242,13.190,12.614,12.341,10.434,8.018,8.055,5.851,0.000,5.778,7.468,7.095,8.593,11.500,12.904,12.980,14.132
13.868,12.994,13.409,15.325,14.602,16.504,16.963,16.522,15.065,15.305,14.185,13.410,13.821,12.582,9.679,8.143,7.344,5.778,0.000,5.689,7.654,7.827,9.464,12.238,13.288,13.232
13.964,12.927,13.449,15.219,14.398,16.370,16.888,16.902,15.478,15.619,14.660,13.653,13.167,12.876,11.177,8.571,7.596,7.468,5.689,0.000,5.702,7.487,7.978,9.540,12.564,13.729
13.676,12.617,13.040,14.316,13.641,15.677,16.445,16.327,15.358,15.816,14.919,14.098,13.920,12.870,11.906,10.941,8.784,7.095,7.654,5.702,0.000,5.796,7.532,7.814,9.895,12.173
14.500,13.620,14.249,15.348,15.035,16.223,16.313,16.385,15.965,16.407,15.800,15.207,15.573,14.259,12.688,12.583,11.535,8.593,7.827,7.487,5.796,0.000,5.820,7.434,8.402,10.121
15.107,14.363,15.114,16.106,15.902,16.294,16.287,16.388,16.604,16.717,16.997,16.198,16.301,15.583,13.869,12.554,12.809,11.500,9.464,7.978,7.532,5.820,0.000,5.941,7.611,8.995
15.311,14.655,15.302,15.890,15.790,15.703,15.807,16.034,16.346,16.312,16.838,16.859,16.813,16.073,15.084,13.604,12.790,12.904,12.238,9.540,7.814,7.434,5.941,0.000,5.951,7.743
15.359,14.705,15.592,15.640,15.803,15.779,15.713,16.016,16.577,16.407,16.993,16.889,17.542,16.852,15.749,15.158,14.020,12.980,13.288,12.564,9.895,8.402,7.611,5.951,0.000,6.221
15.697,15.144,15.948,15.828,15.890,15.862,15.583,15.993,16.531,16.513,16.951,16.982,17.257,17.314,16.472,15.777,15.386,14.132,13.232,13.729,12.173,10.121,8.995,7.743,6.221,0.000