c1,c2,c3,c4,c5,c6,c7,c8,c9,c10,c11,c12,c13,c14,c15,c16,c17,c18,c19,c20,c21,c22,c23,c24,c25,c26
0.000,5.987,7.700,10.387,11.987,13.917,14.049,14.573,13.974,15.098,14.782,13.708,15.362,15.960,15.532,15.403,15.380,15.126,15.212,15.388,14.989,15.230,15.020,15.485,15.461,15.543
5.987,0.000,5.799,7.860,9.474,11.645,12.385,13.656,12.794,14.759,13.876,12.434,14.839,15.753,15.289,15.300,15.017,14.717,14.953,15.030,14.393,14.848,14.571,15.171,15.104,15.203
7.700,5.799,0.000,5.684,6.199,9.113,8.863,11.763,11.569,13.936,12.376,11.336,14.212,15.105,14.473,14.773,14.400,14.042,14.251,14.475,14.008,14.448,14.118,14.842,14.972,15.208
10.387,7.860,5.684,0.000,5.708,8.316,10.294,13.107,12.833,15.873,14.102,12.693,15.921,16.631,15.824,16.312,15.942,15.472,15.455,15.623,14.859,15.209,14.733,15.354,15.374,15.672
11.987,9.474,6.199,5.708,0.000,5.777,6.160,10.186,10.544,12.912,11.010,10.581,13.813,14.823,14.259,15.062,14.874,14.511,15.008,15.057,14.477,14.962,14.353,15.023,15.248,15.578
13.917,11.645,9.113,8.316,5.777,0.000,5.885,9.093,10.821,12.766,11.278,11.432,14.943,15.371,15.275,16.365,16.250,15.848,16.352,16.319,15.590,15.969,15.350,15.792,15.882,16.114
14.049,12.385,8.863,10.294,6.160,5.885,0.000,6.068,7.945,8.938,6.278,7.349,10.842,11.837,12.269,13.432,13.534,13.623,14.684,15.107,14.761,15.546,15.062,15.706,15.919,16.101
14.573,13.656,11.763,13.107,10.186,9.093,6.068,0.000,5.754,5.848,5.879,8.268,10.761,12.057,13.662,14.398,14.525,15.128,16.330,16.462,15.985,16.455,15.805,16.462,16.578,16.651
13.974,12.794,11.569,12.833,10.544,10.821,7.945,5.754,0.000,5.533,7.351,6.899,9.447,11.715,13.353,13.612,13.866,14.682,15.748,15.919,15.819,15.961,15.510,16.220,16.417,16.495
15.098,14.759,13.936,15.873,12.912,12.766,8.938,5.848,5.533,0.000,5.638,7.606,8.522,10.328,12.495,12.979,13.091,14.129,15.618,15.764,15.727,16.687,15.909,16.588,16.738,16.849
14.782,13.876,12.376,14.102,11.010,11.278,6.278,5.879,7.351,5.638,0.000,5.796,8.002,9.101,10.649,11.443,12.012,12.551,14.025,14.744,15.126,16.104,15.920,16.423,16.467,16.516
13.708,12.434,11.336,12.693,10.581,11.432,7.349,8.268,6.899,7.606,5.796,0.000,5.942,8.096,9.180,9.714,10.459,11.446,12.488,13.291,14.027,15.025,14.565,15.732,15.813,15.917
15.362,14.839,14.212,15.921,13.813,14.943,10.842,10.761,9.447,8.522,8.002,5.942,0.000,6.158,7.591,8.299,9.588,10.723,12.243,12.855,13.792,15.057,15.068,16.162,16.645,16.347
15.960,15.753,15.105,16.631,14.823,15.371,11.837,12.057,11.715,10.328,9.101,8.096,6.158,0.000,6.035,7.792,8.792,9.188,11.763,12.617,12.834,14.295,14.989,15.947,16.374,16.493
15.532,15.289,14.473,15.824,14.259,15.275,12.269,13.662,13.353,12.495,10.649,9.180,7.591,6.035,0.000,6.068,7.738,7.478,9.112,11.184,12.009,12.794,13.547,15.252,15.867,16.068
15.403,15.300,14.773,16.312,15.062,16.365,13.432,14.398,13.612,12.979,11.443,9.714,8.299,7.792,6.068,0.000,5.852,7.567,8.187,9.009,11.300,12.519,12.820,14.310,15.627,15.854
15.380,15.017,14.400,15.942,14.874,16.250,13.534,14.525,13.866,13.091,12.012,10.459,9.588,8.792,7.738,5.852,0.000,5.762,7.490,7.508,8.609,11.029,12.018,12.943,14.280,15.307
15.126,14.717,14.042,15.472,14.511,15.848,13.623,15.128,14.682,14.129,12.551,11.446,10.723,9.188,7.478,7.567,5.762,0.000,5.621,7.563,7.293,8.878,10.553,12.109,12.935,13.937
15.212,14.953,14.251,15.455,15.008,16.352,14.684,16.330,15.748,15.618,14.025,12.488,12.243,11.763,9.112,8.187,7.490,5.621,0.000,5.551,7.578,8.209,9.643,11.937,13.578,14.058
15.388,15.030,14.475,15.623,15.057,16.319,15.107,16.462,15.919,15.764,14.744,13.291,12.855,12.617,11.184,9.009,7.508,7.563,5.551,0.000,5.723,7.758,8.727,10.507,13.130,14.044
14.989,14.393,14.008,14.859,14.477,15.590,14.761,15.985,15.819,15.727,15.126,14.027,13.792,12.834,12.009,11.300,8.609,7.293,7.578,5.723,0.000,5.670,7.475,8.694,10.972,12.747
15.230,14.848,14.448,15.209,14.962,15.969,15.546,16.455,15.961,16.687,16.104,15.025,15.057,14.295,12.794,12.519,11.029,8.878,8.209,7.758,5.670,0.000,5.690,7.484,9.487,11.102
15.020,14.571,14.118,14.733,14.353,15.350,15.062,15.805,15.510,15.909,15.920,14.565,15.068,14.989,13.547,12.820,12.018,10.553,9.643,8.727,7.475,5.690,0.000,5.760,7.830,9.523
15.485,15.171,14.842,15.354,15.023,15.792,15.706,16.462,16.220,16.588,16.423,15.732,16.162,15.947,15.252,14.310,12.943,12.109,11.937,10.507,8.694,7.484,5.760,0.000,5.937,7.645
15.461,15.104,14.972,15.374,15.248,15.882,15.919,16.578,16.417,16.738,16.467,15.813,16.645,16.374,15.867,15.627,14.280,12.935,13.578,13.130,10.972,9.487,7.830,5.937,0.000,6.203
15.543,15.203,15.208,15.672,15.578,16.114,16.101,16.651,16.495,16.849,16.516,15.917,16.347,16.493,16.068,15.854,15.307,13.937,14.058,14.044,12.747,11.102,9.523,7.645,6.203,0.000