c1,c2,c3,c4,c5,c6,c7,c8,c9,c10,c11,c12,c13,c14,c15,c16,c17,c18,c19,c20,c21,c22,c23,c24,c25,c26
0.000,6.142,7.457,8.468,9.530,11.056,11.527,12.081,13.369,14.302,15.189,16.175,17.341,17.162,16.908,16.598,16.821,16.623,16.181,16.189,15.899,15.878,15.672,15.512,15.323,15.285
6.142,0.000,5.675,7.576,7.206,8.315,9.426,10.632,11.110,12.140,13.787,14.500,15.739,17.043,16.356,16.217,16.352,16.289,15.851,15.816,15.423,15.553,15.212,15.132,14.940,14.984
7.457,5.675,0.000,5.479,7.205,7.603,8.600,10.533,11.606,11.644,13.199,14.864,15.963,16.857,17.787,17.077,17.185,16.880,16.482,16.428,15.949,15.900,15.485,15.288,15.071,14.967
8.468,7.576,5.479,0.000,5.578,7.476,7.617,8.413,10.595,11.696,11.739,13.262,15.552,16.392,16.634,17.748,17.277,16.853,16.367,16.508,15.809,15.739,15.277,15.190,15.135,15.017
9.530,7.206,7.205,5.578,0.000,5.555,7.390,6.615,7.388,10.268,11.493,11.397,13.474,15.634,15.754,16.148,17.581,16.423,16.019,15.992,15.372,15.289,14.718,14.620,14.606,14.554
11.056,8.315,7.603,7.476,5.555,0.000,5.498,7.426,7.010,7.631,10.637,11.442,12.199,14.276,15.374,15.637,16.437,17.485,15.997,15.985,15.073,15.185,14.888,14.482,14.665,14.757
11.527,9.426,8.600,7.617,7.390,5.498,0.000,5.524,7.474,6.741,7.691,10.409,12.047,12.739,13.818,15.023,15.802,16.395,16.361,15.609,14.553,14.730,14.650,14.629,14.777,14.868
12.081,10.632,10.533,8.413,6.615,7.426,5.524,0.000,5.570,7.486,6.853,7.450,10.931,12.500,12.376,13.373,15.116,15.769,15.134,16.278,14.099,14.456,14.573,14.621,14.943,15.013
13.369,11.110,11.606,10.595,7.388,7.010,7.474,5.570,0.000,5.577,7.589,6.564,8.480,11.403,11.994,12.112,13.467,14.999,14.443,15.358,15.307,14.777,14.753,14.815,15.162,15.293
14.302,12.140,11.644,11.696,10.268,7.631,6.741,7.486,5.577,0.000,5.569,7.641,7.721,9.872,11.515,12.206,12.758,14.066,14.103,15.047,14.846,15.978,15.122,15.108,15.514,15.750
15.189,13.787,13.199,11.739,11.493,10.637,7.691,6.853,7.589,5.569,0.000,5.823,7.849,8.495,9.366,11.179,12.414,13.102,12.863,14.103,13.644,14.645,15.778,15.157,15.627,16.070
16.175,14.500,14.864,13.262,11.397,11.442,10.409,7.450,6.564,7.641,5.823,0.000,5.965,8.143,7.856,8.691,11.230,12.419,11.945,13.218,13.390,14.621,15.349,16.385,16.179,16.352
17.341,15.739,15.963,15.552,13.474,12.199,12.047,10.931,8.480,7.721,7.849,5.965,0.000,6.079,7.680,7.779,9.204,11.578,11.870,12.722,13.116,14.920,15.425,15.993,17.073,16.572
17.162,17.043,16.857,16.392,15.634,14.276,12.739,12.500,11.403,9.872,8.495,8.143,6.079,0.000,6.047,8.023,8.450,9.749,10.880,12.201,12.159,13.764,14.843,15.487,16.342,17.162
16.908,16.356,17.787,16.634,15.754,15.374,13.818,12.376,11.994,11.515,9.366,7.856,7.680,6.047,0.000,6.094,7.926,8.468,8.574,10.830,11.654,12.626,13.689,15.013,15.862,16.362
16.598,16.217,17.077,17.748,16.148,15.637,15.023,13.373,12.112,12.206,11.179,8.691,7.779,8.023,6.094,0.000,6.002,7.777,7.913,9.574,11.527,13.250,13.603,14.524,15.714,16.136
16.821,16.352,17.185,17.277,17.581,16.437,15.802,15.116,13.467,12.758,12.414,11.230,9.204,8.450,7.926,6.002,0.000,5.761,7.754,9.130,10.599,13.287,14.214,14.262,15.152,16.129
16.623,16.289,16.880,16.853,16.423,17.485,16.395,15.769,14.999,14.066,13.102,12.419,11.578,9.749,8.468,7.777,5.761,0.000,5.780,7.997,9.424,11.272,13.417,14.282,14.224,14.961
16.181,15.851,16.482,16.367,16.019,15.997,16.361,15.134,14.443,14.103,12.863,11.945,11.870,10.880,8.574,7.913,7.754,5.780,0.000,5.787,7.443,9.053,10.461,12.683,13.681,13.986
16.189,15.816,16.428,16.508,15.992,15.985,15.609,16.278,15.358,15.047,14.103,13.218,12.722,12.201,10.830,9.574,9.130,7.997,5.787,0.000,5.756,7.278,8.490,10.222,12.335,13.631
15.899,15.423,15.949,15.809,15.372,15.073,14.553,14.099,15.307,14.846,13.644,13.390,13.116,12.159,11.654,11.527,10.599,9.424,7.443,5.756,0.000,5.696,7.637,8.771,10.211,12.610
15.878,15.553,15.900,15.739,15.289,15.185,14.730,14.456,14.777,15.978,14.645,14.621,14.920,13.764,12.626,13.250,13.287,11.272,9.053,7.278,5.696,0.000,5.757,7.370,8.409,10.305
15.672,15.212,15.485,15.277,14.718,14.888,14.650,14.573,14.753,15.122,15.778,15.349,15.425,14.843,13.689,13.603,14.214,13.417,10.461,8.490,7.637,5.757,0.000,5.797,7.485,8.922
15.512,15.132,15.288,15.190,14.620,14.482,14.629,14.621,14.815,15.108,15.157,16.385,15.993,15.487,15.013,14.524,14.262,14.282,12.683,10.222,8.771,7.370,5.797,0.000,5.913,7.830
15.323,14.940,15.071,15.135,14.606,14.665,14.777,14.943,15.162,15.514,15.627,16.179,17.073,16.342,15.862,15.714,15.152,14.224,13.681,12.335,10.211,8.409,7.485,5.913,0.000,6.047
15.285,14.984,14.967,15.017,14.554,14.757,14.868,15.013,15.293,15.750,16.070,16.352,16.572,17.162,16.362,16.136,16.129,14.961,13.986,13.631,12.610,10.305,8.922,7.830,6.047,0.000