c1,c2,c3,c4,c5,c6,c7,c8,c9,c10,c11,c12,c13,c14,c15,c16,c17,c18,c19,c20,c21,c22,c23,c24,c25,c26
0.000,5.965,7.813,10.279,12.876,14.708,15.547,16.145,16.246,16.246,15.802,15.002,15.792,15.625,15.586,15.458,15.439,15.118,15.433,15.423,15.191,15.595,15.829,15.878,15.660,15.862
5.965,0.000,5.784,7.945,10.352,12.766,13.772,15.809,15.879,15.712,15.094,13.989,15.051,14.899,14.876,14.801,14.798,14.401,14.770,14.943,14.528,14.944,15.299,15.534,15.204,15.654
7.813,5.784,0.000,5.876,8.219,9.599,11.355,13.772,14.666,14.484,13.980,13.049,14.138,14.314,14.451,14.610,14.779,14.265,14.689,14.769,14.218,14.605,15.090,15.237,15.112,15.419
10.279,7.945,5.876,0.000,6.114,7.660,8.423,11.737,12.848,12.755,12.648,11.637,13.375,13.543,14.074,14.194,14.477,13.910,14.340,14.456,13.914,14.110,14.581,14.706,14.468,14.749
12.876,10.352,8.219,6.114,0.000,5.881,7.364,9.467,11.317,12.141,12.255,11.593,13.399,14.000,14.210,14.405,14.640,14.109,14.529,14.434,13.625,13.785,13.915,13.883,13.555,13.833
14.708,12.766,9.599,7.660,5.881,0.000,6.021,8.086,10.085,10.425,11.335,10.926,13.048,13.735,14.312,14.633,15.115,14.839,15.299,15.288,14.343,14.126,14.434,14.293,13.706,13.578
15.547,13.772,11.355,8.423,7.364,6.021,0.000,5.951,6.825,7.706,7.996,8.015,10.965,12.247,13.067,13.495,14.152,13.890,14.300,14.394,13.362,12.981,13.287,13.033,12.087,11.849
16.145,15.809,13.772,11.737,9.467,8.086,5.951,0.000,5.812,8.133,9.124,9.365,12.393,13.599,14.158,14.480,15.140,14.760,15.139,15.290,14.214,13.697,13.805,13.548,12.671,12.300
16.246,15.879,14.666,12.848,11.317,10.085,6.825,5.812,0.000,5.906,7.648,7.846,10.717,12.514,13.728,13.704,14.349,14.066,14.348,14.581,13.940,13.439,13.655,13.458,12.603,12.348
16.246,15.712,14.484,12.755,12.141,10.425,7.706,8.133,5.906,0.000,6.018,7.764,9.564,11.583,13.332,13.858,14.418,14.289,14.737,15.003,14.752,14.680,14.603,14.430,13.577,13.111
15.802,15.094,13.980,12.648,12.255,11.335,7.996,9.124,7.648,6.018,0.000,6.299,8.456,10.200,11.673,12.822,13.852,13.588,13.870,14.407,14.319,14.467,15.073,14.683,13.885,13.347
15.002,13.989,13.049,11.637,11.593,10.926,8.015,9.365,7.846,7.764,6.299,0.000,6.863,8.538,9.314,10.090,11.552,11.747,11.944,12.419,12.588,12.880,13.756,13.791,13.003,12.974
15.792,15.051,14.138,13.375,13.399,13.048,10.965,12.393,10.717,9.564,8.456,6.863,0.000,6.727,8.401,9.480,11.026,11.931,12.371,12.728,13.276,13.825,14.710,15.023,15.284,14.836
15.625,14.899,14.314,13.543,14.000,13.735,12.247,13.599,12.514,11.583,10.200,8.538,6.727,0.000,6.986,8.592,10.006,10.891,11.699,12.317,12.672,13.412,14.567,14.987,15.620,15.781
15.586,14.876,14.451,14.074,14.210,14.312,13.067,14.158,13.728,13.332,11.673,9.314,8.401,6.986,0.000,7.151,8.535,10.007,9.982,11.378,12.368,12.676,13.778,14.770,15.656,16.150
15.458,14.801,14.610,14.194,14.405,14.633,13.495,14.480,13.704,13.858,12.822,10.090,9.480,8.592,7.151,0.000,6.512,7.878,8.093,8.863,10.634,11.344,12.108,13.241,14.701,15.578
15.439,14.798,14.779,14.477,14.640,15.115,14.152,15.140,14.349,14.418,13.852,11.552,11.026,10.006,8.535,6.512,0.000,6.039,7.762,8.172,9.027,10.512,11.810,12.422,13.610,15.257
15.118,14.401,14.265,13.910,14.109,14.839,13.890,14.760,14.066,14.289,13.588,11.747,11.931,10.891,10.007,7.878,6.039,0.000,6.074,7.837,7.359,7.576,10.370,11.465,11.792,13.275
15.433,14.770,14.689,14.340,14.529,15.299,14.300,15.139,14.348,14.737,13.870,11.944,12.371,11.699,9.982,8.093,7.762,6.074,0.000,5.954,7.450,6.771,7.886,10.384,11.695,12.419
15.423,14.943,14.769,14.456,14.434,15.288,14.394,15.290,14.581,15.003,14.407,12.419,12.728,12.317,11.378,8.863,8.172,7.837,5.954,0.000,5.973,7.671,7.204,7.866,10.807,12.112
15.191,14.528,14.218,13.914,13.625,14.343,13.362,14.214,13.940,14.752,14.319,12.588,13.276,12.672,12.368,10.634,9.027,7.359,7.450,5.973,0.000,5.915,7.713,6.873,8.393,10.740
15.595,14.944,14.605,14.110,13.785,14.126,12.981,13.697,13.439,14.680,14.467,12.880,13.825,13.412,12.676,11.344,10.512,7.576,6.771,7.671,5.915,0.000,5.828,7.817,7.663,9.045
15.829,15.299,15.090,14.581,13.915,14.434,13.287,13.805,13.655,14.603,15.073,13.756,14.710,14.567,13.778,12.108,11.810,10.370,7.886,7.204,7.713,5.828,0.000,6.074,7.856,8.404
15.878,15.534,15.237,14.706,13.883,14.293,13.033,13.548,13.458,14.430,14.683,13.791,15.023,14.987,14.770,13.241,12.422,11.465,10.384,7.866,6.873,7.817,6.074,0.000,6.150,8.127
15.660,15.204,15.112,14.468,13.555,13.706,12.087,12.671,12.603,13.577,13.885,13.003,15.284,15.620,15.656,14.701,13.610,11.792,11.695,10.807,8.393,7.663,7.856,6.150,0.000,6.367
15.862,15.654,15.419,14.749,13.833,13.578,11.849,12.300,12.348,13.111,13.347,12.974,14.836,15.781,16.150,15.578,15.257,13.275,12.419,12.112,10.740,9.045,8.404,8.127,6.367,0.000