c1,c2,c3,c4,c5,c6,c7,c8,c9,c10,c11,c12,c13,c14,c15,c16,c17,c18,c19,c20,c21,c22,c23,c24,c25,c26
0.000,5.947,7.702,9.934,12.151,14.443,15.376,14.890,14.184,15.025,14.679,13.758,14.560,14.039,13.952,14.174,14.137,14.109,14.566,15.244,15.581,15.212,15.092,14.779,14.786,14.606
5.947,0.000,5.796,7.390,8.932,11.749,13.437,13.492,12.467,13.415,13.415,12.224,13.748,13.892,13.667,14.028,13.884,13.477,13.993,14.752,15.045,14.625,14.473,14.111,14.259,13.869
7.702,5.796,0.000,5.738,7.446,9.660,11.383,12.019,11.381,12.241,12.509,11.876,13.643,14.167,14.394,14.373,14.422,13.522,13.828,14.553,14.797,14.236,14.391,13.920,14.305,13.985
9.934,7.390,5.738,0.000,5.937,7.292,9.150,9.921,10.287,11.497,11.858,11.535,13.763,14.530,14.915,15.324,15.205,14.174,14.469,14.969,14.927,14.431,14.603,14.231,14.559,14.601
12.151,8.932,7.446,5.937,0.000,5.880,7.670,8.158,8.407,10.356,11.231,10.520,13.038,14.032,14.368,14.633,14.803,13.566,13.852,14.368,14.195,14.092,14.268,13.782,14.447,14.380
14.443,11.749,9.660,7.292,5.880,0.000,5.553,7.994,8.653,9.952,11.887,11.748,13.831,14.664,15.090,15.489,15.760,14.671,14.693,14.880,14.485,14.219,14.615,14.334,14.770,15.023
15.376,13.437,11.383,9.150,7.670,5.553,0.000,5.675,7.860,8.568,10.465,11.258,13.851,14.427,14.867,15.274,15.571,14.627,14.965,14.837,14.563,14.497,14.830,14.873,15.233,15.382
14.890,13.492,12.019,9.921,8.158,7.994,5.675,0.000,5.980,7.488,9.162,9.823,13.083,14.095,14.198,14.408,14.929,13.963,14.398,15.038,14.888,14.883,15.188,15.193,15.519,15.591
14.184,12.467,11.381,10.287,8.407,8.653,7.860,5.980,0.000,5.931,7.648,7.255,10.481,12.258,13.419,13.521,13.911,13.324,13.947,14.835,15.199,15.134,15.490,15.304,15.531,15.730
15.025,13.415,12.241,11.497,10.356,9.952,8.568,7.488,5.931,0.000,5.978,7.958,9.990,12.031,13.627,13.954,14.336,13.459,14.460,15.428,15.858,15.759,15.980,15.901,15.917,16.014
14.679,13.415,12.509,11.858,11.231,11.887,10.465,9.162,7.648,5.978,0.000,6.340,8.176,9.904,11.505,12.450,13.820,12.859,13.964,15.058,15.959,15.905,16.465,16.016,15.911,15.884
13.758,12.224,11.876,11.535,10.520,11.748,11.258,9.823,7.255,7.958,6.340,0.000,6.398,8.034,9.205,9.763,11.778,11.687,12.745,13.756,15.026,14.882,15.790,15.428,15.481,15.436
14.560,13.748,13.643,13.763,13.038,13.831,13.851,13.083,10.481,9.990,8.176,6.398,0.000,6.518,7.896,8.582,10.835,11.694,13.831,14.522,15.580,15.577,16.356,16.037,15.715,15.736
14.039,13.892,14.167,14.530,14.032,14.664,14.427,14.095,12.258,12.031,9.904,8.034,6.518,0.000,6.374,7.866,9.836,10.930,13.518,14.642,15.357,15.034,16.002,15.666,15.491,15.403
13.952,13.667,14.394,14.915,14.368,15.090,14.867,14.198,13.419,13.627,11.505,9.205,7.896,6.374,0.000,6.439,8.141,9.375,11.798,13.717,15.244,14.312,15.593,15.084,15.090,15.126
14.174,14.028,14.373,15.324,14.633,15.489,15.274,14.408,13.521,13.954,12.450,9.763,8.582,7.866,6.439,0.000,6.105,7.607,9.852,11.487,14.172,13.678,14.945,14.307,14.673,14.702
14.137,13.884,14.422,15.205,14.803,15.760,15.571,14.929,13.911,14.336,13.820,11.778,10.835,9.836,8.141,6.105,0.000,6.011,7.651,9.582,11.914,12.081,14.100,13.499,13.989,14.238
14.109,13.477,13.522,14.174,13.566,14.671,14.627,13.963,13.324,13.459,12.859,11.687,11.694,10.930,9.375,7.607,6.011,0.000,5.957,7.618,10.032,9.808,12.143,11.531,12.837,13.016
14.566,13.993,13.828,14.469,13.852,14.693,14.965,14.398,13.947,14.460,13.964,12.745,13.831,13.518,11.798,9.852,7.651,5.957,0.000,6.034,7.460,7.015,10.142,10.348,11.865,12.796
15.244,14.752,14.553,14.969,14.368,14.880,14.837,15.038,14.835,15.428,15.058,13.756,14.522,14.642,13.717,11.487,9.582,7.618,6.034,0.000,5.524,7.901,10.070,11.101,12.791,13.822
15.581,15.045,14.797,14.927,14.195,14.485,14.563,14.888,15.199,15.858,15.959,15.026,15.580,15.357,15.244,14.172,11.914,10.032,7.460,5.524,0.000,5.808,8.324,10.125,11.775,13.737
15.212,14.625,14.236,14.431,14.092,14.219,14.497,14.883,15.134,15.759,15.905,14.882,15.577,15.034,14.312,13.678,12.081,9.808,7.015,7.901,5.808,0.000,5.847,7.066,8.973,11.494
15.092,14.473,14.391,14.603,14.268,14.615,14.830,15.188,15.490,15.980,16.465,15.790,16.356,16.002,15.593,14.945,14.100,12.143,10.142,10.070,8.324,5.847,0.000,5.829,7.399,9.789
14.779,14.111,13.920,14.231,13.782,14.334,14.873,15.193,15.304,15.901,16.016,15.428,16.037,15.666,15.084,14.307,13.499,11.531,10.348,11.101,10.125,7.066,5.829,0.000,5.887,7.837
14.786,14.259,14.305,14.559,14.447,14.770,15.233,15.519,15.531,15.917,15.911,15.481,15.715,15.491,15.090,14.673,13.989,12.837,11.865,12.791,11.775,8.973,7.399,5.887,0.000,6.229
14.606,13.869,13.985,14.601,14.380,15.023,15.382,15.591,15.730,16.014,15.884,15.436,15.736,15.403,15.126,14.702,14.238,13.016,12.796,13.822,13.737,11.494,9.789,7.837,6.229,0.000