c1,c2,c3,c4,c5,c6,c7,c8,c9,c10,c11,c12,c13,c14,c15,c16,c17,c18,c19,c20,c21,c22,c23,c24,c25,c26
0.000,6.064,7.661,10.297,12.873,14.206,14.726,15.628,15.476,15.390,15.359,15.303,15.627,15.298,15.272,15.256,15.074,14.505,14.776,14.881,14.986,14.921,15.402,15.392,14.831,15.118
6.064,0.000,5.819,7.377,9.955,11.625,12.525,14.444,14.579,14.342,14.360,14.478,14.775,14.312,14.404,14.546,14.194,13.674,14.255,14.260,14.399,14.427,15.052,14.946,14.264,14.702
7.661,5.819,0.000,5.858,8.541,10.110,11.344,13.694,14.208,14.357,14.232,14.635,15.002,14.401,14.775,15.063,14.699,13.995,14.681,14.749,14.908,14.623,15.430,15.311,14.489,15.016
10.297,7.377,5.858,0.000,6.064,7.379,8.445,11.001,12.369,13.020,13.051,13.720,14.121,13.625,14.216,14.586,14.346,13.610,14.607,14.775,14.988,14.941,15.643,15.366,14.574,15.244
12.873,9.955,8.541,6.064,0.000,5.902,7.479,9.328,10.684,11.898,12.378,13.009,13.602,13.096,13.927,14.372,14.119,13.399,14.498,14.666,14.942,14.999,15.536,15.262,14.450,15.301
14.206,11.625,10.110,7.379,5.902,0.000,5.981,7.370,9.073,10.453,11.600,12.882,13.551,13.111,13.934,14.456,14.316,13.640,14.730,14.933,15.287,15.548,15.910,15.734,14.921,15.680
14.726,12.525,11.344,8.445,7.479,5.981,0.000,5.796,7.912,9.230,10.264,11.532,12.810,11.922,12.526,13.105,12.963,11.974,13.270,13.648,14.402,14.728,15.725,15.139,14.421,15.361
15.628,14.444,13.694,11.001,9.328,7.370,5.796,0.000,5.708,7.977,9.396,11.069,12.846,12.432,13.219,13.806,14.000,13.578,14.589,15.156,15.751,15.869,16.038,16.128,15.644,15.989
15.476,14.579,14.208,12.369,10.684,9.073,7.912,5.708,0.000,5.727,7.561,9.540,11.114,11.639,12.946,13.471,13.770,13.711,14.684,15.417,16.085,16.128,16.116,16.373,16.284,16.229
15.390,14.342,14.357,13.020,11.898,10.453,9.230,7.977,5.727,0.000,5.874,7.849,9.603,10.224,11.790,13.088,13.326,13.328,14.404,15.310,16.006,16.234,16.205,16.389,16.315,16.355
15.359,14.360,14.232,13.051,12.378,11.600,10.264,9.396,7.561,5.874,0.000,5.944,7.123,8.291,9.977,11.648,12.702,13.120,13.995,14.859,16.201,16.421,16.493,16.712,16.549,16.573
15.303,14.478,14.635,13.720,13.009,12.882,11.532,11.069,9.540,7.849,5.944,0.000,5.967,7.681,8.521,9.504,11.549,12.449,12.748,13.724,15.511,15.877,16.052,16.253,16.213,16.403
15.627,14.775,15.002,14.121,13.602,13.551,12.810,12.846,11.114,9.603,7.123,5.967,0.000,6.065,7.693,8.335,9.956,11.978,13.149,13.616,15.505,16.065,16.356,16.135,16.097,16.649
15.298,14.312,14.401,13.625,13.096,13.111,11.922,12.432,11.639,10.224,8.291,7.681,6.065,0.000,6.193,7.558,8.575,9.789,12.071,13.209,15.308,15.645,16.312,15.973,15.840,16.635
15.272,14.404,14.775,14.216,13.927,13.934,12.526,13.219,12.946,11.790,9.977,8.521,7.693,6.193,0.000,6.110,7.656,8.201,9.611,11.861,14.245,14.737,15.269,15.097,15.396,16.182
15.256,14.546,15.063,14.586,14.372,14.456,13.105,13.806,13.471,13.088,11.648,9.504,8.335,7.558,6.110,0.000,5.956,7.529,8.524,9.697,12.664,13.920,14.433,13.805,14.344,15.518
15.074,14.194,14.699,14.346,14.119,14.316,12.963,14.000,13.770,13.326,12.702,11.549,9.956,8.575,7.656,5.956,0.000,5.764,7.762,8.661,11.674,12.905,14.502,13.537,13.898,15.369
14.505,13.674,13.995,13.610,13.399,13.640,11.974,13.578,13.711,13.328,13.120,12.449,11.978,9.789,8.201,7.529,5.764,0.000,5.746,8.184,10.942,11.968,13.758,13.043,13.510,14.822
14.776,14.255,14.681,14.607,14.498,14.730,13.270,14.589,14.684,14.404,13.995,12.748,13.149,12.071,9.611,8.524,7.762,5.746,0.000,6.038,8.546,9.320,11.269,10.880,11.880,13.354
14.881,14.260,14.749,14.775,14.666,14.933,13.648,15.156,15.417,15.310,14.859,13.724,13.616,13.209,11.861,9.697,8.661,8.184,6.038,0.000,6.354,7.772,8.689,7.721,9.246,11.072
14.986,14.399,14.908,14.988,14.942,15.287,14.402,15.751,16.085,16.006,16.201,15.511,15.505,15.308,14.245,12.664,11.674,10.942,8.546,6.354,0.000,6.220,6.683,6.130,8.637,10.532
14.921,14.427,14.623,14.941,14.999,15.548,14.728,15.869,16.128,16.234,16.421,15.877,16.065,15.645,14.737,13.920,12.905,11.968,9.320,7.772,6.220,0.000,5.642,7.554,8.470,9.857
15.402,15.052,15.430,15.643,15.536,15.910,15.725,16.038,16.116,16.205,16.493,16.052,16.356,16.312,15.269,14.433,14.502,13.758,11.269,8.689,6.683,5.642,0.000,5.805,7.643,8.740
15.392,14.946,15.311,15.366,15.262,15.734,15.139,16.128,16.373,16.389,16.712,16.253,16.135,15.973,15.097,13.805,13.537,13.043,10.880,7.721,6.130,7.554,5.805,0.000,5.751,7.933
14.831,14.264,14.489,14.574,14.450,14.921,14.421,15.644,16.284,16.315,16.549,16.213,16.097,15.840,15.396,14.344,13.898,13.510,11.880,9.246,8.637,8.470,7.643,5.751,0.000,6.282
15.118,14.702,15.016,15.244,15.301,15.680,15.361,15.989,16.229,16.355,16.573,16.403,16.649,16.635,16.182,15.518,15.369,14.822,13.354,11.072,10.532,9.857,8.740,7.933,6.282,0.000