c1,c2,c3,c4,c5,c6,c7,c8,c9,c10,c11,c12,c13,c14,c15,c16,c17,c18,c19,c20,c21,c22,c23,c24,c25,c26
0.000,6.181,7.680,10.038,12.479,14.781,16.169,14.278,15.080,13.588,13.109,11.252,12.963,12.944,12.574,13.306,13.720,13.232,14.113,14.620,14.205,14.745,15.190,15.482,15.322,15.181
6.181,0.000,5.836,7.700,10.102,12.738,14.829,12.560,13.799,12.204,12.056,9.941,12.020,11.778,11.696,12.725,12.827,11.952,13.213,13.690,13.294,13.807,14.427,14.966,14.903,14.577
7.680,5.836,0.000,5.982,7.245,9.845,11.981,9.684,11.341,9.458,9.451,7.317,10.104,10.184,10.524,11.708,11.782,11.022,12.674,13.016,12.385,13.772,14.519,14.949,15.150,14.828
10.038,7.700,5.982,0.000,5.936,7.520,10.278,8.954,11.596,10.483,11.309,10.270,12.956,12.823,12.907,13.968,14.019,12.906,14.098,14.212,13.339,14.390,15.063,15.255,15.183,14.917
12.479,10.102,7.245,5.936,0.000,6.358,7.546,5.923,9.878,9.391,10.274,9.628,12.388,12.299,12.298,13.043,12.939,11.965,13.001,12.648,11.709,13.075,13.814,14.074,14.336,14.300
14.781,12.738,9.845,7.520,6.358,0.000,5.653,7.701,10.819,11.257,12.966,12.647,15.261,14.689,14.846,15.468,15.352,14.313,15.273,14.825,13.930,14.654,15.143,15.065,15.078,15.175
16.169,14.829,11.981,10.278,7.546,5.653,0.000,6.164,8.991,10.971,12.611,13.258,15.703,15.028,15.233,15.815,15.634,14.792,15.792,15.314,14.760,15.232,15.610,15.508,15.570,15.530
14.278,12.560,9.684,8.954,5.923,7.701,6.164,0.000,6.744,7.711,8.446,9.041,12.237,12.459,12.855,13.249,13.182,12.755,13.913,13.966,13.374,14.225,14.799,15.073,15.456,15.473
15.080,13.799,11.341,11.596,9.878,10.819,8.991,6.744,0.000,6.124,7.480,9.177,11.950,13.359,14.036,14.002,14.060,14.205,15.216,15.480,15.259,15.883,16.175,16.291,16.577,16.339
13.588,12.204,9.458,10.483,9.391,11.257,10.971,7.711,6.124,0.000,6.365,7.729,10.258,11.537,12.366,12.784,12.808,12.868,14.190,14.712,14.389,15.375,15.946,16.204,16.391,16.318
13.109,12.056,9.451,11.309,10.274,12.966,12.611,8.446,7.480,6.365,0.000,6.381,8.274,10.359,10.925,11.774,12.459,12.633,14.152,14.896,14.897,15.925,16.689,16.675,16.887,16.733
11.252,9.941,7.317,10.270,9.628,12.647,13.258,9.041,9.177,7.729,6.381,0.000,6.724,7.782,8.869,9.464,10.483,11.182,12.441,13.506,13.764,14.899,15.964,16.605,16.775,16.589
12.963,12.020,10.104,12.956,12.388,15.261,15.703,12.237,11.950,10.258,8.274,6.724,0.000,6.173,7.993,8.384,9.651,11.246,12.797,13.567,13.690,15.121,16.272,16.882,17.432,16.871
12.944,11.778,10.184,12.823,12.299,14.689,15.028,12.459,13.359,11.537,10.359,7.782,6.173,0.000,6.200,7.700,8.257,9.310,11.748,12.839,12.328,13.748,15.524,16.088,16.890,16.564
12.574,11.696,10.524,12.907,12.298,14.846,15.233,12.855,14.036,12.366,10.925,8.869,7.993,6.200,0.000,6.262,7.893,7.525,9.381,11.341,11.727,12.088,13.726,15.110,16.047,15.886
13.306,12.725,11.708,13.968,13.043,15.468,15.815,13.249,14.002,12.784,11.774,9.464,8.384,7.700,6.262,0.000,6.083,8.021,8.393,9.613,11.051,12.168,12.832,13.923,15.716,15.698
13.720,12.827,11.782,14.019,12.939,15.352,15.634,13.182,14.060,12.808,12.459,10.483,9.651,8.257,7.893,6.083,0.000,6.262,7.946,8.282,8.620,11.004,12.384,12.636,14.363,14.604
13.232,11.952,11.022,12.906,11.965,14.313,14.792,12.755,14.205,12.868,12.633,11.182,11.246,9.310,7.525,8.021,6.262,0.000,5.967,7.477,6.773,8.143,10.758,11.823,12.894,13.147
14.113,13.213,12.674,14.098,13.001,15.273,15.792,13.913,15.216,14.190,14.152,12.441,12.797,11.748,9.381,8.393,7.946,5.967,0.000,5.756,7.529,7.210,8.654,11.003,12.767,12.706
14.620,13.690,13.016,14.212,12.648,14.825,15.314,13.966,15.480,14.712,14.896,13.506,13.567,12.839,11.341,9.613,8.282,7.477,5.756,0.000,5.821,7.546,7.312,8.549,11.323,11.714
14.205,13.294,12.385,13.339,11.709,13.930,14.760,13.374,15.259,14.389,14.897,13.764,13.690,12.328,11.727,11.051,8.620,6.773,7.529,5.821,0.000,5.714,7.587,7.058,9.283,9.686
14.745,13.807,13.772,14.390,13.075,14.654,15.232,14.225,15.883,15.375,15.925,14.899,15.121,13.748,12.088,12.168,11.004,8.143,7.210,7.546,5.714,0.000,5.704,7.573,8.466,9.135
15.190,14.427,14.519,15.063,13.814,15.143,15.610,14.799,16.175,15.946,16.689,15.964,16.272,15.524,13.726,12.832,12.384,10.758,8.654,7.312,7.587,5.704,0.000,5.985,7.895,8.379
15.482,14.966,14.949,15.255,14.074,15.065,15.508,15.073,16.291,16.204,16.675,16.605,16.882,16.088,15.110,13.923,12.636,11.823,11.003,8.549,7.058,7.573,5.985,0.000,6.056,7.773
15.322,14.903,15.150,15.183,14.336,15.078,15.570,15.456,16.577,16.391,16.887,16.775,17.432,16.890,16.047,15.716,14.363,12.894,12.767,11.323,9.283,8.466,7.895,6.056,0.000,6.435
15.181,14.577,14.828,14.917,14.300,15.175,15.530,15.473,16.339,16.318,16.733,16.589,16.871,16.564,15.886,15.698,14.604,13.147,12.706,11.714,9.686,9.135,8.379,7.773,6.435,0.000