c1,c2,c3,c4,c5,c6,c7,c8,c9,c10,c11,c12,c13,c14,c15,c16,c17,c18,c19,c20,c21,c22,c23,c24,c25,c26
0.000,5.956,7.590,9.730,11.923,13.758,11.192,11.233,14.582,15.268,13.962,15.645,18.055,17.408,17.005,17.766,16.432,15.181,16.596,16.400,13.888,14.196,16.196,15.715,15.132,16.312
5.956,0.000,5.650,7.841,9.513,11.842,9.510,9.635,13.083,13.895,12.749,14.397,17.116,17.194,16.693,17.607,16.304,14.743,16.508,16.453,13.834,13.861,16.376,15.512,14.589,16.149
7.590,5.650,0.000,5.571,7.747,8.801,5.977,6.128,10.258,10.390,9.230,11.702,14.402,14.177,14.600,16.975,15.556,13.933,16.412,16.631,13.688,14.315,16.764,16.687,16.207,17.275
9.730,7.841,5.571,0.000,5.514,5.888,5.141,6.971,9.251,9.825,10.583,12.629,14.448,15.201,16.583,18.599,17.502,15.978,18.034,18.275,15.811,15.935,17.708,17.902,17.307,17.723
11.923,9.513,7.747,5.514,0.000,5.378,7.324,5.681,6.391,9.783,10.759,10.543,12.648,15.036,15.681,17.064,17.649,15.337,16.826,17.390,15.555,14.757,16.253,17.143,16.878,17.264
13.758,11.842,8.801,5.888,5.378,0.000,5.351,7.334,5.906,6.652,9.869,10.889,10.901,12.861,15.316,16.744,16.501,16.677,16.853,17.902,15.909,14.450,16.187,17.421,17.358,17.655
11.192,9.510,5.977,5.141,7.324,5.351,0.000,5.333,7.363,5.848,6.549,9.846,10.986,10.937,13.002,15.949,15.279,14.786,17.666,17.484,14.624,15.502,17.592,17.091,16.770,17.490
11.233,9.635,6.128,6.971,5.681,7.334,5.333,0.000,5.331,7.375,5.851,6.495,9.903,10.988,11.067,13.972,14.203,13.245,15.379,17.340,13.749,14.115,16.650,16.861,16.115,17.057
14.582,13.083,10.258,9.251,6.391,5.906,7.363,5.331,0.000,5.372,7.417,5.832,6.669,10.061,11.342,12.763,13.107,13.022,14.746,16.166,16.038,13.963,15.108,16.381,16.193,17.020
15.268,13.895,10.390,9.825,9.783,6.652,5.848,7.375,5.372,0.000,5.437,7.451,6.048,6.891,10.341,12.281,11.716,12.017,14.345,15.731,15.350,16.635,16.966,17.737,17.588,17.838
13.962,12.749,9.230,10.583,10.759,9.869,6.549,5.851,7.417,5.437,0.000,5.482,7.501,6.134,7.383,10.568,10.304,9.468,12.225,14.301,13.617,14.455,16.986,16.540,16.737,17.666
15.645,14.397,11.702,12.629,10.543,10.889,9.846,6.495,5.832,7.451,5.482,0.000,5.510,7.592,6.520,8.771,9.603,8.751,10.549,12.736,13.218,13.712,15.563,17.440,16.265,17.299
18.055,17.116,14.402,14.448,12.648,10.901,10.986,9.903,6.669,6.048,7.501,5.510,0.000,5.534,7.768,8.748,8.961,9.604,11.133,12.078,12.833,14.088,15.643,17.075,17.534,17.481
17.408,17.194,14.177,15.201,15.036,12.861,10.937,10.988,10.061,6.891,6.134,7.592,5.534,0.000,5.930,7.904,7.310,7.426,9.731,11.266,11.133,12.640,14.948,16.347,17.077,18.288
17.005,16.693,14.600,16.583,15.681,15.316,13.002,11.067,11.342,10.341,7.383,6.520,7.768,5.930,0.000,5.787,7.371,6.206,7.066,9.980,10.663,10.870,12.830,15.483,16.154,17.468
17.766,17.607,16.975,18.599,17.064,16.744,15.949,13.972,12.763,12.281,10.568,8.771,8.748,7.904,5.787,0.000,5.875,7.597,6.044,6.980,10.000,10.963,11.090,13.520,15.360,17.041
16.432,16.304,15.556,17.502,17.649,16.501,15.279,14.203,13.107,11.716,10.304,9.603,8.961,7.310,7.371,5.875,0.000,5.524,7.474,6.161,6.895,10.025,11.115,12.240,13.594,16.481
15.181,14.743,13.933,15.978,15.337,16.677,14.786,13.245,13.022,12.017,9.468,8.751,9.604,7.426,6.206,7.597,5.524,0.000,5.448,7.411,5.834,6.622,9.917,11.566,11.998,14.930
16.596,16.508,16.412,18.034,16.826,16.853,17.666,15.379,14.746,14.345,12.225,10.549,11.133,9.731,7.066,6.044,7.474,5.448,0.000,5.409,7.387,6.065,6.809,10.234,11.530,13.904
16.400,16.453,16.631,18.275,17.390,17.902,17.484,17.340,16.166,15.731,14.301,12.736,12.078,11.266,9.980,6.980,6.161,7.411,5.409,0.000,5.400,7.469,6.199,8.037,10.184,12.868
13.888,13.834,13.688,15.811,15.555,15.909,14.624,13.749,16.038,15.350,13.617,13.218,12.833,11.133,10.663,10.000,6.895,5.834,7.387,5.400,0.000,5.327,7.461,7.483,8.628,11.793
14.196,13.861,14.315,15.935,14.757,14.450,15.502,14.115,13.963,16.635,14.455,13.712,14.088,12.640,10.870,10.963,10.025,6.622,6.065,7.469,5.327,0.000,5.426,7.615,7.519,10.554
16.196,16.376,16.764,17.708,16.253,16.187,17.592,16.650,15.108,16.966,16.986,15.563,15.643,14.948,12.830,11.090,11.115,9.917,6.809,6.199,7.461,5.426,0.000,5.397,7.419,9.719
15.715,15.512,16.687,17.902,17.143,17.421,17.091,16.861,16.381,17.737,16.540,17.440,17.075,16.347,15.483,13.520,12.240,11.566,10.234,8.037,7.483,7.615,5.397,0.000,5.678,8.374
15.132,14.589,16.207,17.307,16.878,17.358,16.770,16.115,16.193,17.588,16.737,16.265,17.534,17.077,16.154,15.360,13.594,11.998,11.530,10.184,8.628,7.519,7.419,5.678,0.000,5.966
16.312,16.149,17.275,17.723,17.264,17.655,17.490,17.057,17.020,17.838,17.666,17.299,17.481,18.288,17.468,17.041,16.481,14.930,13.904,12.868,11.793,10.554,9.719,8.374,5.966,0.000