c1,c2,c3,c4,c5,c6,c7,c8,c9,c10,c11,c12,c13,c14,c15,c16,c17,c18,c19,c20,c21,c22,c23,c24,c25,c26
0.000,5.993,7.655,10.436,13.230,14.596,13.003,13.045,15.111,16.178,16.073,16.388,15.945,15.858,15.968,16.172,16.218,15.948,15.414,15.081,14.372,14.934,14.818,14.942,15.297,15.355
5.993,0.000,5.797,7.811,10.434,12.394,11.320,11.739,14.017,15.312,15.659,16.442,15.920,15.826,15.880,15.970,16.075,15.794,15.294,14.783,13.736,14.495,14.206,14.416,14.675,14.751
7.655,5.797,0.000,5.876,7.930,9.333,7.624,7.993,10.821,12.631,13.361,14.920,14.734,15.028,15.512,16.113,16.325,16.276,15.666,15.344,13.745,14.314,14.009,13.847,14.368,14.247
10.436,7.811,5.876,0.000,5.838,6.321,6.370,8.078,10.259,12.283,13.912,15.397,15.519,15.679,16.008,16.466,16.574,16.583,15.957,15.902,14.299,14.778,14.317,14.036,14.593,14.215
13.230,10.434,7.930,5.838,0.000,5.560,7.314,6.855,8.496,11.196,12.942,14.592,14.701,15.371,15.717,16.225,16.450,16.572,15.864,15.748,13.917,14.415,13.620,13.169,13.813,13.536
14.596,12.394,9.333,6.321,5.560,0.000,5.569,7.492,7.876,9.923,12.340,14.316,14.877,15.465,15.891,16.466,16.610,16.850,16.133,16.113,14.265,14.710,13.956,13.521,14.162,13.765
13.003,11.320,7.624,6.370,7.314,5.569,0.000,5.620,7.645,8.757,10.590,12.656,13.612,14.624,15.112,15.909,16.057,16.303,15.532,15.212,13.293,13.806,13.083,12.754,13.544,13.258
13.045,11.739,7.993,8.078,6.855,7.492,5.620,0.000,5.730,7.821,9.164,11.247,12.231,14.026,14.596,15.456,15.592,15.793,15.186,15.066,12.945,13.476,12.880,12.483,13.221,13.131
15.111,14.017,10.821,10.259,8.496,7.876,7.645,5.730,0.000,5.734,7.799,9.772,11.130,13.167,14.533,15.761,15.646,15.800,15.398,15.100,13.205,13.568,13.077,12.892,13.688,14.070
16.178,15.312,12.631,12.283,11.196,9.923,8.757,7.821,5.734,0.000,6.013,8.919,10.430,12.527,14.232,16.190,16.182,15.973,15.690,15.571,13.931,14.240,13.744,13.663,14.250,14.544
16.073,15.659,13.361,13.912,12.942,12.340,10.590,9.164,7.799,6.013,0.000,6.371,7.700,9.174,11.256,14.064,14.976,14.855,14.401,14.483,12.986,13.664,13.499,13.659,14.463,15.168
16.388,16.442,14.920,15.397,14.592,14.316,12.656,11.247,9.772,8.919,6.371,0.000,6.107,7.294,8.951,12.022,13.074,13.609,13.164,13.543,12.275,13.217,13.547,14.090,14.873,15.647
15.945,15.920,14.734,15.519,14.701,14.877,13.612,12.231,11.130,10.430,7.700,6.107,0.000,6.101,7.616,10.655,11.863,12.578,12.121,12.707,11.730,12.780,13.509,14.235,15.015,15.758
15.858,15.826,15.028,15.679,15.371,15.465,14.624,14.026,13.167,12.527,9.174,7.294,6.101,0.000,6.328,8.392,10.009,10.725,10.550,11.872,11.330,12.628,13.978,14.799,15.526,16.165
15.968,15.880,15.512,16.008,15.717,15.891,15.112,14.596,14.533,14.232,11.256,8.951,7.616,6.328,0.000,6.094,7.185,8.768,8.385,10.066,10.341,12.220,13.648,14.802,15.645,16.212
16.172,15.970,16.113,16.466,16.225,16.466,15.909,15.456,15.761,16.190,14.064,12.022,10.655,8.392,6.094,0.000,6.011,7.682,7.670,9.604,11.139,12.870,14.381,15.239,15.973,16.357
16.218,16.075,16.325,16.574,16.450,16.610,16.057,15.592,15.646,16.182,14.976,13.074,11.863,10.009,7.185,6.011,0.000,5.678,7.535,9.483,11.291,13.309,15.216,15.599,16.091,16.419
15.948,15.794,16.276,16.583,16.572,16.850,16.303,15.793,15.800,15.973,14.855,13.609,12.578,10.725,8.768,7.682,5.678,0.000,5.913,8.004,10.455,12.261,14.820,15.546,15.918,16.078
15.414,15.294,15.666,15.957,15.864,16.133,15.532,15.186,15.398,15.690,14.401,13.164,12.121,10.550,8.385,7.670,7.535,5.913,0.000,5.861,7.800,9.972,12.332,14.085,15.542,15.549
15.081,14.783,15.344,15.902,15.748,16.113,15.212,15.066,15.100,15.571,14.483,13.543,12.707,11.872,10.066,9.604,9.483,8.004,5.861,0.000,5.876,7.482,10.049,11.910,14.230,15.155
14.372,13.736,13.745,14.299,13.917,14.265,13.293,12.945,13.205,13.931,12.986,12.275,11.730,11.330,10.341,11.139,11.291,10.455,7.800,5.876,0.000,6.001,7.109,8.615,11.161,12.705
14.934,14.495,14.314,14.778,14.415,14.710,13.806,13.476,13.568,14.240,13.664,13.217,12.780,12.628,12.220,12.870,13.309,12.261,9.972,7.482,6.001,0.000,5.765,7.778,10.277,12.046
14.818,14.206,14.009,14.317,13.620,13.956,13.083,12.880,13.077,13.744,13.499,13.547,13.509,13.978,13.648,14.381,15.216,14.820,12.332,10.049,7.109,5.765,0.000,5.868,7.499,9.929
14.942,14.416,13.847,14.036,13.169,13.521,12.754,12.483,12.892,13.663,13.659,14.090,14.235,14.799,14.802,15.239,15.599,15.546,14.085,11.910,8.615,7.778,5.868,0.000,5.915,7.468
15.297,14.675,14.368,14.593,13.813,14.162,13.544,13.221,13.688,14.250,14.463,14.873,15.015,15.526,15.645,15.973,16.091,15.918,15.542,14.230,11.161,10.277,7.499,5.915,0.000,6.251
15.355,14.751,14.247,14.215,13.536,13.765,13.258,13.131,14.070,14.544,15.168,15.647,15.758,16.165,16.212,16.357,16.419,16.078,15.549,15.155,12.705,12.046,9.929,7.468,6.251,0.000