c1,c2,c3,c4,c5,c6,c7,c8,c9,c10,c11,c12,c13,c14,c15,c16,c17,c18,c19,c20,c21,c22,c23,c24,c25,c26
0.000,6.188,8.127,10.451,13.145,14.946,14.599,15.028,16.188,15.766,15.309,15.277,15.373,15.446,15.546,15.713,15.433,14.455,15.488,15.266,14.971,15.557,15.732,15.632,15.328,15.384
6.188,0.000,5.959,7.671,10.144,12.528,12.961,13.815,14.918,14.509,14.253,14.174,14.559,14.671,14.938,15.214,14.857,13.418,14.857,14.583,14.285,15.328,15.416,15.278,15.037,15.118
8.127,5.959,0.000,5.980,7.611,9.572,9.875,11.765,13.019,12.439,12.676,12.914,13.979,14.405,14.285,14.495,13.732,11.862,13.193,12.734,12.667,14.042,14.331,14.301,14.309,14.516
10.451,7.671,5.980,0.000,5.938,7.231,8.646,10.556,12.256,11.988,12.417,12.315,14.260,14.629,14.804,14.877,14.085,11.948,13.702,12.996,12.639,14.708,14.641,14.453,14.538,14.673
13.145,10.144,7.611,5.938,0.000,6.023,7.358,8.630,9.957,10.972,11.633,11.702,13.820,14.326,14.388,14.264,13.347,10.999,13.054,12.236,11.576,14.026,13.999,13.705,14.179,14.212
14.946,12.528,9.572,7.231,6.023,0.000,6.098,8.193,9.096,9.566,11.490,11.864,14.325,14.694,14.658,14.333,13.486,11.182,13.289,11.728,11.390,14.023,13.987,14.058,14.565,14.799
14.599,12.961,9.875,8.646,7.358,6.098,0.000,6.215,7.765,7.222,9.634,10.378,13.033,13.715,13.639,12.975,11.284,8.393,10.211,8.798,8.511,11.694,12.273,13.023,13.804,14.431
15.028,13.815,11.765,10.556,8.630,8.193,6.215,0.000,6.019,8.193,10.158,11.343,14.571,15.363,15.288,14.843,13.626,11.007,12.721,11.365,11.089,13.509,13.871,14.377,14.832,15.223
16.188,14.918,13.019,12.256,9.957,9.096,7.765,6.019,0.000,6.044,8.819,10.775,13.244,15.357,15.682,15.218,13.948,11.834,13.010,12.209,12.441,14.637,14.923,15.235,15.621,16.121
15.766,14.509,12.439,11.988,10.972,9.566,7.222,8.193,6.044,0.000,6.743,7.923,10.563,12.681,13.802,13.485,12.409,10.417,11.679,11.215,12.288,14.252,14.764,15.170,15.749,16.329
15.309,14.253,12.676,12.417,11.633,11.490,9.634,10.158,8.819,6.743,0.000,6.941,8.800,10.936,12.413,13.090,12.409,11.021,12.128,12.787,13.114,14.687,15.478,15.635,15.807,16.354
15.277,14.174,12.914,12.315,11.702,11.864,10.378,11.343,10.775,7.923,6.941,0.000,7.174,8.700,9.899,10.346,10.148,9.061,9.912,11.033,11.568,13.010,13.979,14.479,14.855,15.778
15.373,14.559,13.979,14.260,13.820,14.325,13.033,14.571,13.244,10.563,8.800,7.174,0.000,6.849,8.456,9.241,9.777,10.250,11.548,12.692,13.126,14.101,15.072,15.601,15.449,16.041
15.446,14.671,14.405,14.629,14.326,14.694,13.715,15.363,15.357,12.681,10.936,8.700,6.849,0.000,6.806,8.430,8.340,9.472,11.287,12.746,12.563,13.299,14.437,14.916,14.583,15.537
15.546,14.938,14.285,14.804,14.388,14.658,13.639,15.288,15.682,13.802,12.413,9.899,8.456,6.806,0.000,6.687,7.975,9.101,10.461,12.707,12.824,12.779,13.952,14.690,14.641,15.686
15.713,15.214,14.495,14.877,14.264,14.333,12.975,14.843,15.218,13.485,13.090,10.346,9.241,8.430,6.687,0.000,6.713,8.770,9.784,11.359,12.182,12.613,13.309,13.699,14.225,15.517
15.433,14.857,13.732,14.085,13.347,13.486,11.284,13.626,13.948,12.409,12.409,10.148,9.777,8.340,7.975,6.713,0.000,6.909,8.261,9.390,9.440,10.865,11.973,12.249,12.877,14.563
14.455,13.418,11.862,11.948,10.999,11.182,8.393,11.007,11.834,10.417,11.021,9.061,10.250,9.472,9.101,8.770,6.909,0.000,6.306,6.887,7.358,8.752,10.660,11.689,12.312,13.820
15.488,14.857,13.193,13.702,13.054,13.289,10.211,12.721,13.010,11.679,12.128,9.912,11.548,11.287,10.461,9.784,8.261,6.306,0.000,6.108,7.921,7.830,9.814,11.678,12.754,13.881
15.266,14.583,12.734,12.996,12.236,11.728,8.798,11.365,12.209,11.215,12.787,11.033,12.692,12.746,12.707,11.359,9.390,6.887,6.108,0.000,5.887,7.948,8.950,10.457,12.437,13.955
14.971,14.285,12.667,12.639,11.576,11.390,8.511,11.089,12.441,12.288,13.114,11.568,13.126,12.563,12.824,12.182,9.440,7.358,7.921,5.887,0.000,6.190,7.599,8.169,10.254,12.368
15.557,15.328,14.042,14.708,14.026,14.023,11.694,13.509,14.637,14.252,14.687,13.010,14.101,13.299,12.779,12.613,10.865,8.752,7.830,7.948,6.190,0.000,6.293,8.166,9.326,11.398
15.732,15.416,14.331,14.641,13.999,13.987,12.273,13.871,14.923,14.764,15.478,13.979,15.072,14.437,13.952,13.309,11.973,10.660,9.814,8.950,7.599,6.293,0.000,6.805,8.040,10.023
15.632,15.278,14.301,14.453,13.705,14.058,13.023,14.377,15.235,15.170,15.635,14.479,15.601,14.916,14.690,13.699,12.249,11.689,11.678,10.457,8.169,8.166,6.805,0.000,6.801,8.590
15.328,15.037,14.309,14.538,14.179,14.565,13.804,14.832,15.621,15.749,15.807,14.855,15.449,14.583,14.641,14.225,12.877,12.312,12.754,12.437,10.254,9.326,8.040,6.801,0.000,7.076
15.384,15.118,14.516,14.673,14.212,14.799,14.431,15.223,16.121,16.329,16.354,15.778,16.041,15.537,15.686,15.517,14.563,13.820,13.881,13.955,12.368,11.398,10.023,8.590,7.076,0.000