c1,c2,c3,c4,c5,c6,c7,c8,c9,c10,c11,c12,c13,c14,c15,c16,c17,c18,c19,c20,c21,c22,c23,c24,c25,c26
0.000,5.958,7.621,10.437,12.728,15.543,17.104,16.675,17.090,17.257,16.675,16.047,16.331,15.344,14.957,14.373,14.273,13.509,14.016,13.321,13.672,13.779,13.233,13.664,14.083,14.500
5.958,0.000,5.810,7.518,9.706,12.710,15.483,15.917,16.778,17.063,16.475,15.164,15.681,14.719,13.984,13.474,13.208,12.596,13.131,12.406,12.986,13.017,12.397,12.957,13.511,14.109
7.621,5.810,0.000,5.797,7.190,10.078,12.895,13.656,16.068,16.790,15.918,14.062,14.756,13.742,13.171,12.904,12.988,12.482,13.376,12.895,13.574,13.520,12.903,13.478,13.999,14.582
10.437,7.518,5.797,0.000,5.834,7.492,10.758,12.113,14.689,16.431,15.637,13.008,14.365,13.261,12.657,12.937,13.193,12.824,13.728,13.492,14.219,14.023,13.594,14.171,14.601,15.060
12.728,9.706,7.190,5.834,0.000,5.887,8.531,9.651,12.488,14.656,14.367,11.464,13.210,12.319,12.151,12.542,13.186,12.834,13.927,13.633,14.333,14.246,13.793,14.424,14.879,15.324
15.543,12.710,10.078,7.492,5.887,0.000,6.225,7.710,9.847,12.191,12.441,9.816,12.088,12.266,12.627,13.197,13.866,13.768,14.784,14.547,15.118,15.136,14.964,15.340,15.586,15.900
17.104,15.483,12.895,10.758,8.531,6.225,0.000,6.118,6.945,8.871,9.568,7.895,10.213,10.860,11.980,12.839,13.410,13.236,14.310,14.495,15.336,15.305,15.261,15.668,15.963,16.253
16.675,15.917,13.656,12.113,9.651,7.710,6.118,0.000,5.743,8.959,9.666,7.693,10.711,11.745,13.118,13.800,14.088,13.414,14.412,14.482,15.263,15.343,15.282,15.696,16.045,16.299
17.090,16.778,16.068,14.689,12.488,9.847,6.945,5.743,0.000,5.632,6.808,6.672,9.754,11.544,13.434,14.497,14.235,13.619,14.519,14.844,15.745,15.813,15.906,16.227,16.572,16.757
17.257,17.063,16.790,16.431,14.656,12.191,8.871,8.959,5.632,0.000,5.624,7.621,9.910,11.963,14.226,15.147,14.571,14.163,15.192,15.413,16.332,16.052,16.169,16.454,16.610,16.830
16.675,16.475,15.918,15.637,14.367,12.441,9.568,9.666,6.808,5.624,0.000,6.029,7.972,10.464,12.254,14.086,14.498,13.496,14.654,14.995,15.898,15.690,16.017,16.246,16.415,16.707
16.047,15.164,14.062,13.008,11.464,9.816,7.895,7.693,6.672,7.621,6.029,0.000,6.283,7.933,9.747,11.262,12.600,12.774,13.646,14.163,15.336,15.336,15.584,15.944,16.219,16.622
16.331,15.681,14.756,14.365,13.210,12.088,10.213,10.711,9.754,9.910,7.972,6.283,0.000,6.105,7.822,9.671,11.031,12.555,14.143,14.676,15.866,15.718,15.749,15.990,16.304,16.602
15.344,14.719,13.742,13.261,12.319,12.266,10.860,11.745,11.544,11.963,10.464,7.933,6.105,0.000,6.332,7.237,9.135,10.337,13.024,14.322,15.581,15.251,15.262,15.533,15.936,16.334
14.957,13.984,13.171,12.657,12.151,12.627,11.980,13.118,13.434,14.226,12.254,9.747,7.822,6.332,0.000,6.297,7.478,8.734,10.936,13.005,15.062,14.872,14.416,14.820,15.465,15.980
14.373,13.474,12.904,12.937,12.542,13.197,12.839,13.800,14.497,15.147,14.086,11.262,9.671,7.237,6.297,0.000,5.947,7.516,9.407,11.143,13.974,14.206,13.851,14.309,15.149,15.823
14.273,13.208,12.988,13.193,13.186,13.866,13.410,14.088,14.235,14.571,14.498,12.600,11.031,9.135,7.478,5.947,0.000,5.917,7.587,9.634,12.013,12.469,12.797,13.717,14.497,15.505
13.509,12.596,12.482,12.824,12.834,13.768,13.236,13.414,13.619,14.163,13.496,12.774,12.555,10.337,8.734,7.516,5.917,0.000,5.898,7.529,10.239,10.762,10.966,12.597,13.503,14.502
14.016,13.131,13.376,13.728,13.927,14.784,14.310,14.412,14.519,15.192,14.654,13.646,14.143,13.024,10.936,9.407,7.587,5.898,0.000,6.145,9.131,10.486,10.879,12.819,14.250,15.287
13.321,12.406,12.895,13.492,13.633,14.547,14.495,14.482,14.844,15.413,14.995,14.163,14.676,14.322,13.005,11.143,9.634,7.529,6.145,0.000,6.583,7.254,7.705,10.029,12.319,14.028
13.672,12.986,13.574,14.219,14.333,15.118,15.336,15.263,15.745,16.332,15.898,15.336,15.866,15.581,15.062,13.974,12.013,10.239,9.131,6.583,0.000,5.953,7.488,8.871,11.265,13.371
13.779,13.017,13.520,14.023,14.246,15.136,15.305,15.343,15.813,16.052,15.690,15.336,15.718,15.251,14.872,14.206,12.469,10.762,10.486,7.254,5.953,0.000,5.904,7.362,9.394,11.630
13.233,12.397,12.903,13.594,13.793,14.964,15.261,15.282,15.906,16.169,16.017,15.584,15.749,15.262,14.416,13.851,12.797,10.966,10.879,7.705,7.488,5.904,0.000,5.916,7.617,9.975
13.664,12.957,13.478,14.171,14.424,15.340,15.668,15.696,16.227,16.454,16.246,15.944,15.990,15.533,14.820,14.309,13.717,12.597,12.819,10.029,8.871,7.362,5.916,0.000,5.954,7.910
14.083,13.511,13.999,14.601,14.879,15.586,15.963,16.045,16.572,16.610,16.415,16.219,16.304,15.936,15.465,15.149,14.497,13.503,14.250,12.319,11.265,9.394,7.617,5.954,0.000,6.313
14.500,14.109,14.582,15.060,15.324,15.900,16.253,16.299,16.757,16.830,16.707,16.622,16.602,16.334,15.980,15.823,15.505,14.502,15.287,14.028,13.371,11.630,9.975,7.910,6.313,0.000