c1,c2,c3,c4,c5,c6,c7,c8,c9,c10,c11,c12,c13,c14,c15,c16,c17,c18,c19,c20,c21,c22,c23,c24,c25,c26
0.000,5.956,7.722,8.824,9.850,11.360,12.249,12.261,13.281,14.509,15.559,16.271,17.380,17.336,17.344,16.923,16.768,16.391,16.184,15.601,15.341,15.142,14.763,14.922,14.958,15.258
5.956,0.000,5.644,6.904,7.498,8.954,10.896,11.574,11.646,13.083,14.603,15.229,16.424,18.013,17.657,17.271,16.907,16.216,15.889,15.178,14.639,14.520,13.791,14.286,14.394,14.731
7.722,5.644,0.000,5.566,7.255,7.224,8.078,10.851,11.845,11.516,13.004,14.793,15.736,16.505,18.048,17.444,17.146,16.217,15.897,15.190,14.541,14.515,13.955,14.527,14.566,14.789
8.824,6.904,5.566,0.000,5.494,7.384,7.005,8.102,11.060,12.008,11.627,13.191,15.248,15.979,16.675,17.956,16.988,15.905,15.592,14.801,14.122,14.101,13.447,14.376,14.256,14.668
9.850,7.498,7.255,5.494,0.000,5.474,7.280,6.873,7.863,10.904,12.134,11.545,13.299,15.356,16.140,16.617,17.480,15.624,15.532,14.561,13.965,14.345,13.804,14.546,14.612,14.851
11.360,8.954,7.224,7.384,5.474,0.000,5.465,7.528,7.208,8.219,11.529,12.278,11.820,13.659,15.569,16.124,16.204,16.512,15.351,14.517,14.164,14.566,14.200,14.818,14.772,15.006
12.249,10.896,8.078,7.005,7.280,5.465,0.000,5.484,7.431,7.085,8.454,11.227,12.533,12.271,13.925,15.296,15.548,15.336,16.361,14.670,14.295,14.852,14.751,15.390,15.339,15.287
12.261,11.574,10.851,8.102,6.873,7.528,5.484,0.000,5.534,7.499,7.519,8.525,11.896,12.974,12.772,14.009,14.854,14.758,15.439,16.111,14.846,15.340,15.116,15.799,15.718,15.542
13.281,11.646,11.845,11.060,7.863,7.208,7.431,5.534,0.000,5.546,7.526,7.363,8.883,11.679,13.045,12.752,13.518,14.143,15.057,15.409,16.090,15.563,15.555,15.906,15.991,15.694
14.509,13.083,11.516,12.008,10.904,8.219,7.085,7.499,5.546,0.000,5.579,7.512,7.950,8.972,11.761,12.419,12.501,13.120,14.723,15.360,15.861,16.481,15.810,16.215,16.212,15.978
15.559,14.603,13.004,11.627,12.134,11.529,8.454,7.519,7.526,5.579,0.000,5.659,7.670,8.114,9.412,11.105,12.396,12.351,13.893,15.130,15.749,15.941,16.406,16.410,16.473,16.047
16.271,15.229,14.793,13.191,11.545,12.278,11.227,8.525,7.363,7.512,5.659,0.000,5.705,7.777,8.492,9.239,11.294,12.328,13.175,14.232,15.314,15.434,15.654,16.822,16.265,15.810
17.380,16.424,15.736,15.248,13.299,11.820,12.533,11.896,8.883,7.950,7.670,5.705,0.000,5.826,7.870,8.266,9.585,11.614,13.210,13.643,14.618,15.082,15.050,16.229,16.996,16.077
17.336,18.013,16.505,15.979,15.356,13.659,12.271,12.974,11.679,8.972,8.114,7.777,5.826,0.000,5.927,7.792,8.529,9.958,12.277,13.560,13.912,13.967,14.500,15.668,16.230,16.115
17.344,17.657,18.048,16.675,16.140,15.569,13.925,12.772,13.045,11.761,9.412,8.492,7.870,5.927,0.000,6.116,7.902,9.230,10.641,13.144,14.135,13.188,13.417,15.425,16.066,15.887
16.923,17.271,17.444,17.956,16.617,16.124,15.296,14.009,12.752,12.419,11.105,9.239,8.266,7.792,6.116,0.000,5.951,7.848,9.087,10.942,13.125,13.091,12.592,14.556,15.763,15.702
16.768,16.907,17.146,16.988,17.480,16.204,15.548,14.854,13.518,12.501,12.396,11.294,9.585,8.529,7.902,5.951,0.000,5.915,7.652,9.493,11.287,12.062,12.539,13.793,14.773,15.136
16.391,16.216,16.217,15.905,15.624,16.512,15.336,14.758,14.143,13.120,12.351,12.328,11.614,9.958,9.230,7.848,5.915,0.000,5.880,7.694,9.072,9.414,10.282,12.740,12.733,13.275
16.184,15.889,15.897,15.592,15.532,15.351,16.361,15.439,15.057,14.723,13.893,13.175,13.210,12.277,10.641,9.087,7.652,5.880,0.000,5.680,7.525,8.323,9.837,12.187,13.386,13.404
15.601,15.178,15.190,14.801,14.561,14.517,14.670,16.111,15.409,15.360,15.130,14.232,13.643,13.560,13.144,10.942,9.493,7.694,5.680,0.000,5.608,7.208,8.418,10.273,12.575,13.481
15.341,14.639,14.541,14.122,13.965,14.164,14.295,14.846,16.090,15.861,15.749,15.314,14.618,13.912,14.135,13.125,11.287,9.072,7.525,5.608,0.000,5.729,7.458,8.526,10.671,12.437
15.142,14.520,14.515,14.101,14.345,14.566,14.852,15.340,15.563,16.481,15.941,15.434,15.082,13.967,13.188,13.091,12.062,9.414,8.323,7.208,5.729,0.000,5.660,7.470,9.066,10.412
14.763,13.791,13.955,13.447,13.804,14.200,14.751,15.116,15.555,15.810,16.406,15.654,15.050,14.500,13.417,12.592,12.539,10.282,9.837,8.418,7.458,5.660,0.000,5.788,7.582,8.324
14.922,14.286,14.527,14.376,14.546,14.818,15.390,15.799,15.906,16.215,16.410,16.822,16.229,15.668,15.425,14.556,13.793,12.740,12.187,10.273,8.526,7.470,5.788,0.000,5.678,7.896
14.958,14.394,14.566,14.256,14.612,14.772,15.339,15.718,15.991,16.212,16.473,16.265,16.996,16.230,16.066,15.763,14.773,12.733,13.386,12.575,10.671,9.066,7.582,5.678,0.000,6.159
15.258,14.731,14.789,14.668,14.851,15.006,15.287,15.542,15.694,15.978,16.047,15.810,16.077,16.115,15.887,15.702,15.136,13.275,13.404,13.481,12.437,10.412,8.324,7.896,6.159,0.000