c1,c2,c3,c4,c5,c6,c7,c8,c9,c10,c11,c12,c13,c14,c15,c16,c17,c18,c19,c20,c21,c22,c23,c24,c25,c26
0.000,5.850,7.650,9.514,11.030,11.920,12.851,13.608,14.277,15.064,15.602,16.195,17.171,16.708,16.017,16.347,16.337,15.687,15.964,16.306,15.977,15.663,16.271,16.248,15.849,15.877
5.850,0.000,5.644,7.414,8.308,8.766,10.680,11.889,12.042,13.365,14.034,14.576,16.100,16.378,15.865,16.410,16.129,15.591,15.785,15.885,15.363,15.406,15.898,15.957,15.534,15.737
7.650,5.644,0.000,5.582,6.991,7.495,8.691,10.807,11.694,12.393,13.289,14.254,15.852,16.189,16.363,16.666,16.058,15.456,15.884,15.825,15.343,15.361,16.126,15.997,15.704,15.977
9.514,7.414,5.582,0.000,5.532,7.369,7.317,8.051,10.683,12.139,11.884,12.713,15.198,15.493,15.208,16.658,15.844,15.293,15.529,15.605,15.198,15.199,15.985,15.933,15.627,16.044
11.030,8.308,6.991,5.532,0.000,5.510,7.395,7.156,7.862,10.926,11.550,11.298,13.520,14.633,14.337,15.336,15.949,14.796,14.935,14.850,14.747,14.840,15.492,15.589,15.516,15.859
11.920,8.766,7.495,7.369,5.510,0.000,5.501,7.488,6.977,8.361,10.471,11.109,12.727,13.663,14.364,15.385,15.427,16.290,15.853,15.795,15.336,15.865,16.307,16.056,15.914,16.452
12.851,10.680,8.691,7.317,7.395,5.501,0.000,5.533,7.517,7.484,7.846,9.921,12.086,12.480,12.923,14.846,15.000,15.708,16.710,15.878,15.737,16.021,16.605,16.212,16.182,16.446
13.608,11.889,10.807,8.051,7.156,7.488,5.533,0.000,5.560,7.685,6.940,7.096,10.095,11.132,11.187,12.873,13.787,14.395,14.979,16.087,15.644,15.852,16.055,16.214,16.322,16.627
14.277,12.042,11.694,10.683,7.862,6.977,7.517,5.560,0.000,5.491,7.618,6.726,8.789,10.689,11.494,12.176,12.869,14.167,14.730,15.363,16.656,15.834,15.972,16.093,16.375,16.516
15.064,13.365,12.393,12.139,10.926,8.361,7.484,7.685,5.491,0.000,5.473,7.684,8.617,9.665,11.611,12.848,12.568,13.793,15.156,15.481,16.117,17.651,17.197,16.930,16.960,17.169
15.602,14.034,13.289,11.884,11.550,10.471,7.846,6.940,7.618,5.473,0.000,5.795,7.981,8.543,9.610,11.877,12.298,12.551,13.676,14.804,15.567,16.482,17.718,17.052,17.132,17.206
16.195,14.576,14.254,12.713,11.298,11.109,9.921,7.096,6.726,7.684,5.795,0.000,5.987,7.796,7.720,9.053,10.615,11.722,11.689,12.908,14.451,15.496,16.077,17.435,17.034,17.173
17.171,16.100,15.852,15.198,13.520,12.727,12.086,10.095,8.789,8.617,7.981,5.987,0.000,6.231,8.081,8.582,8.993,11.323,11.861,11.911,13.436,15.242,15.975,16.701,18.119,17.555
16.708,16.378,16.189,15.493,14.633,13.663,12.480,11.132,10.689,9.665,8.543,7.796,6.231,0.000,6.296,7.866,7.396,8.408,10.456,11.268,11.570,13.138,15.035,15.764,16.820,18.031
16.017,15.865,16.363,15.208,14.337,14.364,12.923,11.187,11.494,11.611,9.610,7.720,8.081,6.296,0.000,6.263,7.806,7.295,7.669,10.116,11.267,11.418,13.016,15.108,16.154,16.973
16.347,16.410,16.666,16.658,15.336,15.385,14.846,12.873,12.176,12.848,11.877,9.053,8.582,7.866,6.263,0.000,6.050,7.631,6.351,7.101,10.093,11.083,11.107,12.930,15.257,16.233
16.337,16.129,16.058,15.844,15.949,15.427,15.000,13.787,12.869,12.568,12.298,10.615,8.993,7.396,7.806,6.050,0.000,5.650,7.614,6.372,7.048,10.158,11.245,11.265,13.212,15.487
15.687,15.591,15.456,15.293,14.796,16.290,15.708,14.395,14.167,13.793,12.551,11.722,11.323,8.408,7.295,7.631,5.650,0.000,5.601,7.497,6.156,6.985,10.186,11.227,11.597,13.515
15.964,15.785,15.884,15.529,14.935,15.853,16.710,14.979,14.730,15.156,13.676,11.689,11.861,10.456,7.669,6.351,7.614,5.601,0.000,5.611,7.488,6.159,7.102,10.216,11.584,12.419
16.306,15.885,15.825,15.605,14.850,15.795,15.878,16.087,15.363,15.481,14.804,12.908,11.911,11.268,10.116,7.101,6.372,7.497,5.611,0.000,5.570,7.462,6.332,7.278,10.381,11.883
15.977,15.363,15.343,15.198,14.747,15.336,15.737,15.644,16.656,16.117,15.567,14.451,13.436,11.570,11.267,10.093,7.048,6.156,7.488,5.570,0.000,5.506,7.467,6.408,7.721,10.270
15.663,15.406,15.361,15.199,14.840,15.865,16.021,15.852,15.834,17.651,16.482,15.496,15.242,13.138,11.418,11.083,10.158,6.985,6.159,7.462,5.506,0.000,5.494,7.524,7.241,8.543
16.271,15.898,16.126,15.985,15.492,16.307,16.605,16.055,15.972,17.197,17.718,16.077,15.975,15.035,13.016,11.107,11.245,10.186,7.102,6.332,7.467,5.494,0.000,5.609,7.750,8.233
16.248,15.957,15.997,15.933,15.589,16.056,16.212,16.214,16.093,16.930,17.052,17.435,16.701,15.764,15.108,12.930,11.265,11.227,10.216,7.278,6.408,7.524,5.609,0.000,5.620,8.072
15.849,15.534,15.704,15.627,15.516,15.914,16.182,16.322,16.375,16.960,17.132,17.034,18.119,16.820,16.154,15.257,13.212,11.597,11.584,10.381,7.721,7.241,7.750,5.620,0.000,5.907
15.877,15.737,15.977,16.044,15.859,16.452,16.446,16.627,16.516,17.169,17.206,17.173,17.555,18.031,16.973,16.233,15.487,13.515,12.419,11.883,10.270,8.543,8.233,8.072,5.907,0.000