c1,c2,c3,c4,c5,c6,c7,c8,c9,c10,c11,c12,c13,c14,c15,c16,c17,c18,c19,c20,c21,c22,c23,c24,c25,c26
0.000,5.859,7.491,9.321,11.387,11.886,12.332,13.456,14.388,14.597,15.529,16.834,17.416,17.320,17.476,17.382,17.217,17.059,16.968,16.638,16.330,16.317,16.329,16.058,15.923,15.922
5.859,0.000,5.630,7.876,8.997,9.487,10.575,12.181,12.241,12.124,13.846,14.979,15.670,16.599,17.165,17.677,16.938,17.068,17.240,16.867,16.082,16.055,15.972,15.858,15.518,15.693
7.491,5.630,0.000,5.591,6.870,7.433,8.470,10.294,11.879,11.272,12.321,13.886,14.765,15.721,17.411,17.357,16.689,16.456,16.804,16.333,15.686,15.978,16.083,16.010,15.861,15.741
9.321,7.876,5.591,0.000,5.534,6.995,7.098,8.711,11.205,11.883,11.452,13.068,14.775,15.495,16.568,18.260,16.742,16.777,17.276,16.912,15.889,16.201,16.196,16.126,15.942,16.083
11.387,8.997,6.870,5.534,0.000,5.493,7.247,7.076,7.978,11.066,12.140,11.439,12.906,14.993,15.803,16.333,17.302,16.573,17.078,16.362,15.453,15.932,15.922,15.677,15.509,15.456
11.886,9.487,7.433,6.995,5.493,0.000,5.452,7.427,7.100,8.160,11.229,12.049,11.423,12.961,15.181,15.779,15.775,17.281,17.409,16.859,15.667,16.331,16.320,16.014,15.852,15.957
12.332,10.575,8.470,7.098,7.247,5.452,0.000,5.447,7.336,7.148,8.298,11.081,11.887,11.700,13.538,15.363,15.466,16.097,18.197,17.088,16.013,16.539,16.701,16.311,16.176,15.993
13.456,12.181,10.294,8.711,7.076,7.427,5.447,0.000,5.475,7.469,7.221,8.093,10.753,11.856,11.999,13.395,14.697,15.475,16.595,17.706,16.176,16.623,16.601,16.399,16.250,16.046
14.388,12.241,11.879,11.205,7.978,7.100,7.336,5.475,0.000,5.497,7.444,6.961,7.547,10.433,11.823,11.709,12.523,14.505,15.618,15.810,16.756,16.568,16.627,16.247,16.362,16.010
14.597,12.124,11.272,11.883,11.066,8.160,7.148,7.469,5.497,0.000,5.543,7.599,7.007,7.787,10.910,11.947,11.419,12.743,15.164,15.548,15.668,17.685,17.342,17.033,16.881,16.727
15.529,13.846,12.321,11.452,12.140,11.229,8.298,7.221,7.444,5.543,0.000,5.607,7.622,7.026,8.248,10.858,11.491,11.462,13.480,15.088,15.464,16.448,18.190,17.314,17.163,16.889
16.834,14.979,13.886,13.068,11.439,12.049,11.081,8.093,6.961,7.599,5.607,0.000,5.681,7.654,7.497,8.177,10.295,11.486,11.995,13.090,14.732,15.797,16.551,17.790,16.919,16.747
17.416,15.670,14.765,14.775,12.906,11.423,11.887,10.753,7.547,7.007,7.622,5.681,0.000,5.735,7.709,7.231,7.480,10.056,11.668,11.377,12.700,14.920,15.767,16.279,17.411,16.748
17.320,16.599,15.721,15.495,14.993,12.961,11.700,11.856,10.433,7.787,7.026,7.654,5.735,0.000,5.842,7.821,7.148,7.585,10.778,11.623,11.494,13.313,15.436,16.126,16.731,17.275
17.476,17.165,17.411,16.568,15.803,15.181,13.538,11.999,11.823,10.910,8.248,7.497,7.709,5.842,0.000,5.867,7.759,6.837,8.081,10.645,11.566,11.845,13.696,15.648,16.425,16.712
17.382,17.677,17.357,18.260,16.333,15.779,15.363,13.395,11.709,11.947,10.858,8.177,7.231,7.821,5.867,0.000,5.756,7.668,7.259,7.774,10.664,11.767,12.372,13.902,15.729,16.238
17.217,16.938,16.689,16.742,17.302,15.775,15.466,14.697,12.523,11.419,11.491,10.295,7.480,7.148,7.759,5.756,0.000,5.694,7.570,6.656,7.324,10.473,11.881,12.460,14.052,15.231
17.059,17.068,16.456,16.777,16.573,17.281,16.097,15.475,14.505,12.743,11.462,11.486,10.056,7.585,6.837,7.668,5.694,0.000,5.621,7.513,6.509,7.553,10.867,12.124,13.040,14.098
16.968,17.240,16.804,17.276,17.078,17.409,18.197,16.595,15.618,15.164,13.480,11.995,11.668,10.778,8.081,7.259,7.570,5.621,0.000,5.598,7.537,6.809,8.426,11.073,12.613,13.367
16.638,16.867,16.333,16.912,16.362,16.859,17.088,17.706,15.810,15.548,15.088,13.090,11.377,11.623,10.645,7.774,6.656,7.513,5.598,0.000,5.568,7.552,7.427,9.026,11.373,12.565
16.330,16.082,15.686,15.889,15.453,15.667,16.013,16.176,16.756,15.668,15.464,14.732,12.700,11.494,11.566,10.664,7.324,6.509,7.537,5.568,0.000,5.536,7.571,7.756,9.566,11.209
16.317,16.055,15.978,16.201,15.932,16.331,16.539,16.623,16.568,17.685,16.448,15.797,14.920,13.313,11.845,11.767,10.473,7.553,6.809,7.552,5.536,0.000,5.485,7.601,8.776,10.249
16.329,15.972,16.083,16.196,15.922,16.320,16.701,16.601,16.627,17.342,18.190,16.551,15.767,15.436,13.696,12.372,11.881,10.867,8.426,7.427,7.571,5.485,0.000,5.578,7.653,9.538
16.058,15.858,16.010,16.126,15.677,16.014,16.311,16.399,16.247,17.033,17.314,17.790,16.279,16.126,15.648,13.902,12.460,12.124,11.073,9.026,7.756,7.601,5.578,0.000,5.745,7.830
15.923,15.518,15.861,15.942,15.509,15.852,16.176,16.250,16.362,16.881,17.163,16.919,17.411,16.731,16.425,15.729,14.052,13.040,12.613,11.373,9.566,8.776,7.653,5.745,0.000,6.073
15.922,15.693,15.741,16.083,15.456,15.957,15.993,16.046,16.010,16.727,16.889,16.747,16.748,17.275,16.712,16.238,15.231,14.098,13.367,12.565,11.209,10.249,9.538,7.830,6.073,0.000