c1,c2,c3,c4,c5,c6,c7,c8,c9,c10,c11,c12,c13,c14,c15,c16,c17,c18,c19,c20,c21,c22,c23,c24,c25,c26
0.000,6.457,8.099,11.078,13.683,15.703,18.094,17.078,15.651,14.166,10.096,10.009,8.848,9.897,11.086,13.189,13.479,13.734,15.877,16.631,16.699,17.153,17.665,17.807,17.669,17.298
6.457,0.000,6.090,8.349,10.658,13.643,15.726,14.051,12.280,10.266,5.752,6.965,6.155,8.429,10.195,12.178,11.876,12.138,14.630,15.756,15.692,16.698,17.588,17.713,17.748,17.453
8.099,6.090,0.000,6.143,7.903,9.836,12.571,12.026,11.206,9.862,7.184,5.636,8.257,8.650,8.552,10.956,10.690,9.219,12.212,13.481,13.054,14.273,15.806,16.334,16.607,17.273
11.078,8.349,6.143,0.000,6.677,7.759,9.838,8.669,6.182,7.076,5.700,7.549,10.860,12.366,12.773,14.593,13.202,11.802,14.531,15.013,13.536,15.202,16.660,16.535,16.540,17.471
13.683,10.658,7.903,6.677,0.000,6.177,5.480,4.853,6.910,5.288,7.572,6.394,10.955,11.598,11.603,12.318,10.641,8.299,10.966,11.038,9.393,11.647,13.408,13.155,13.928,15.884
15.703,13.643,9.836,7.759,6.177,0.000,6.575,8.122,8.123,10.322,11.710,11.114,15.574,15.766,14.591,15.741,14.200,11.351,13.426,13.171,10.187,11.702,13.357,12.751,12.888,14.978
18.094,15.726,12.571,9.838,5.480,6.575,0.000,5.163,8.082,9.068,12.652,11.648,15.975,16.319,15.433,15.559,13.611,11.058,12.764,11.874,8.741,10.862,12.212,11.726,12.176,14.580
17.078,14.051,12.026,8.669,4.853,8.122,5.163,0.000,5.994,5.409,9.888,10.185,14.186,15.541,15.551,15.517,13.237,11.887,13.997,13.348,11.073,13.462,14.538,13.662,14.255,16.122
15.651,12.280,11.206,6.182,6.910,8.123,8.082,5.994,0.000,6.862,9.752,11.310,14.770,16.704,16.862,17.191,15.054,13.773,16.397,15.703,13.545,15.503,16.529,15.551,15.955,17.175
14.166,10.266,9.862,7.076,5.288,10.322,9.068,5.409,6.862,0.000,8.207,7.864,11.269,13.079,14.069,14.527,12.342,11.649,14.332,13.953,12.622,14.974,15.986,15.281,15.932,17.269
10.096,5.752,7.184,5.700,7.572,11.710,12.652,9.888,9.752,8.207,0.000,8.529,10.165,11.580,12.849,14.061,12.133,11.919,15.048,15.132,14.400,16.192,17.429,16.957,17.357,17.904
10.009,6.965,5.636,7.549,6.394,11.114,11.648,10.185,11.310,7.864,8.529,0.000,7.617,8.249,9.131,9.378,7.997,8.010,11.358,11.830,11.992,13.744,15.015,15.402,16.291,17.420
8.848,6.155,8.257,10.860,10.955,15.574,15.975,14.186,14.770,11.269,10.165,7.617,0.000,6.898,9.488,9.661,9.072,10.596,13.443,14.072,14.473,15.896,16.961,17.394,18.134,18.149
9.897,8.429,8.650,12.366,11.598,15.766,16.319,15.541,16.704,13.079,11.580,8.249,6.898,0.000,7.163,7.032,7.511,9.027,11.328,12.716,13.662,14.580,15.710,16.481,17.578,18.150
11.086,10.195,8.552,12.773,11.603,14.591,15.433,15.551,16.862,14.069,12.849,9.131,9.488,7.163,0.000,6.902,8.110,7.416,9.567,11.956,12.612,12.877,14.337,15.841,16.554,17.522
13.189,12.178,10.956,14.593,12.318,15.741,15.559,15.517,17.191,14.527,14.061,9.378,9.661,7.032,6.902,0.000,6.572,8.133,8.071,9.748,11.919,12.783,13.399,14.374,16.170,17.072
13.479,11.876,10.690,13.202,10.641,14.200,13.611,13.237,15.054,12.342,12.133,7.997,9.072,7.511,8.110,6.572,0.000,6.345,8.346,8.405,9.192,11.510,12.599,12.805,14.277,16.352
13.734,12.138,9.219,11.802,8.299,11.351,11.058,11.887,13.773,11.649,11.919,8.010,10.596,9.027,7.416,8.133,6.345,0.000,6.324,8.456,7.364,8.352,11.033,11.863,12.766,14.921
15.877,14.630,12.212,14.531,10.966,13.426,12.764,13.997,16.397,14.332,15.048,11.358,13.443,11.328,9.567,8.071,8.346,6.324,0.000,6.076,8.237,7.534,8.419,10.978,12.424,14.196
16.631,15.756,13.481,15.013,11.038,13.171,11.874,13.348,15.703,13.953,15.132,11.830,14.072,12.716,11.956,9.748,8.405,8.456,6.076,0.000,6.342,8.276,7.257,8.145,11.003,12.903
16.699,15.692,13.054,13.536,9.393,10.187,8.741,11.073,13.545,12.622,14.400,11.992,14.473,13.662,12.612,11.919,9.192,7.364,8.237,6.342,0.000,6.296,8.043,7.391,8.928,11.767
17.153,16.698,14.273,15.202,11.647,11.702,10.862,13.462,15.503,14.974,16.192,13.744,15.896,14.580,12.877,12.783,11.510,8.352,7.534,8.276,6.296,0.000,6.350,8.037,8.008,10.640
17.665,17.588,15.806,16.660,13.408,13.357,12.212,14.538,16.529,15.986,17.429,15.015,16.961,15.710,14.337,13.399,12.599,11.033,8.419,7.257,8.043,6.350,0.000,6.246,7.832,9.895
17.807,17.713,16.334,16.535,13.155,12.751,11.726,13.662,15.551,15.281,16.957,15.402,17.394,16.481,15.841,14.374,12.805,11.863,10.978,8.145,7.391,8.037,6.246,0.000,6.184,8.617
17.669,17.748,16.607,16.540,13.928,12.888,12.176,14.255,15.955,15.932,17.357,16.291,18.134,17.578,16.554,16.170,14.277,12.766,12.424,11.003,8.928,8.008,7.832,6.184,0.000,6.536
17.298,17.453,17.273,17.471,15.884,14.978,14.580,16.122,17.175,17.269,17.904,17.420,18.149,18.150,17.522,17.072,16.352,14.921,14.196,12.903,11.767,10.640,9.895,8.617,6.536,0.000