c1,c2,c3,c4,c5,c6,c7,c8,c9,c10,c11,c12,c13,c14,c15,c16,c17,c18,c19,c20,c21,c22,c23,c24,c25,c26
0.000,5.959,7.578,10.061,12.784,14.685,14.989,14.248,15.033,16.136,16.095,15.908,16.623,16.059,15.444,14.747,14.491,14.256,14.034,13.584,13.960,14.786,15.122,15.377,15.345,15.732
5.959,0.000,5.752,7.575,10.065,12.318,13.645,13.443,13.349,14.771,15.433,14.713,15.620,15.913,15.006,14.529,14.241,13.699,13.109,12.529,12.542,13.950,14.363,14.976,15.052,15.432
7.578,5.752,0.000,5.773,7.649,9.354,10.654,10.977,11.590,12.887,13.760,13.157,14.646,15.300,15.027,15.434,15.172,14.814,13.644,12.960,11.726,13.660,14.010,14.813,15.124,15.148
10.061,7.575,5.773,0.000,5.889,7.455,8.557,9.240,10.093,11.565,12.666,12.276,14.360,15.377,15.290,16.530,15.723,15.166,13.942,13.435,11.631,14.022,13.702,15.344,15.940,15.622
12.784,10.065,7.649,5.889,0.000,5.924,7.344,7.025,7.073,9.551,10.978,10.203,12.248,13.981,14.023,15.357,15.963,15.014,13.645,12.875,10.474,13.441,13.276,14.833,15.563,15.253
14.685,12.318,9.354,7.455,5.924,0.000,5.681,7.190,6.663,7.672,10.560,10.847,12.166,13.813,14.618,15.729,16.072,16.507,14.484,13.804,11.337,13.837,13.259,14.883,15.628,15.390
14.989,13.645,10.654,8.557,7.344,5.681,0.000,5.727,7.731,7.088,8.617,10.396,12.364,13.629,14.246,16.045,16.448,16.719,15.632,14.810,12.068,15.061,14.097,15.757,16.280,15.796
14.248,13.443,10.977,9.240,7.025,7.190,5.727,0.000,5.929,7.661,7.921,7.899,11.462,13.058,13.155,14.751,15.826,15.949,14.383,14.213,10.743,13.915,13.069,14.696,15.436,15.152
15.033,13.349,11.590,10.093,7.073,6.663,7.731,5.929,0.000,5.992,7.634,6.448,8.651,11.599,12.292,13.600,14.535,14.865,13.156,12.614,8.902,11.393,10.621,12.763,13.970,13.983
16.136,14.771,12.887,11.565,9.551,7.672,7.088,7.661,5.992,0.000,5.714,7.781,8.632,10.778,12.798,14.541,14.959,15.409,14.303,14.115,11.049,13.311,12.566,14.219,15.057,14.893
16.095,15.433,13.760,12.666,10.978,10.560,8.617,7.921,7.634,5.714,0.000,6.207,8.053,9.472,10.742,13.732,14.804,14.811,13.570,13.428,10.429,12.637,12.361,13.569,14.437,14.637
15.908,14.713,13.157,12.276,10.203,10.847,10.396,7.899,6.448,7.781,6.207,0.000,6.474,8.602,8.995,11.352,13.608,13.950,12.244,12.251,9.947,11.732,11.717,13.203,14.174,14.237
16.623,15.620,14.646,14.360,12.248,12.166,12.364,11.462,8.651,8.632,8.053,6.474,0.000,6.459,7.962,9.663,11.897,12.769,11.358,11.339,9.166,10.877,11.722,13.073,14.423,14.721
16.059,15.913,15.300,15.377,13.981,13.813,13.629,13.058,11.599,10.778,9.472,8.602,6.459,0.000,6.473,8.042,10.245,11.089,10.117,10.746,9.594,10.162,12.285,13.173,14.447,14.996
15.444,15.006,15.027,15.290,14.023,14.618,14.246,13.155,12.292,12.798,10.742,8.995,7.962,6.473,0.000,6.356,8.215,8.844,7.179,8.598,8.405,9.788,12.149,13.416,14.745,15.129
14.747,14.529,15.434,16.530,15.357,15.729,16.045,14.751,13.600,14.541,13.732,11.352,9.663,8.042,6.356,0.000,6.128,7.479,7.260,8.101,9.808,9.907,12.591,13.513,14.834,15.227
14.491,14.241,15.172,15.723,15.963,16.072,16.448,15.826,14.535,14.959,14.804,13.608,11.897,10.245,8.215,6.128,0.000,5.804,7.865,9.069,11.289,11.591,14.498,15.133,15.632,15.723
14.256,13.699,14.814,15.166,15.014,16.507,16.719,15.949,14.865,15.409,14.811,13.950,12.769,11.089,8.844,7.479,5.804,0.000,5.927,7.406,10.619,11.081,14.101,14.981,15.365,15.092
14.034,13.109,13.644,13.942,13.645,14.484,15.632,14.383,13.156,14.303,13.570,12.244,11.358,10.117,7.179,7.260,7.865,5.927,0.000,6.009,8.867,9.878,12.598,14.025,14.871,14.283
13.584,12.529,12.960,13.435,12.875,13.804,14.810,14.213,12.614,14.115,13.428,12.251,11.339,10.746,8.598,8.101,9.069,7.406,6.009,0.000,6.406,7.681,9.851,11.784,13.399,13.144
13.960,12.542,11.726,11.631,10.474,11.337,12.068,10.743,8.902,11.049,10.429,9.947,9.166,9.594,8.405,9.808,11.289,10.619,8.867,6.406,0.000,6.396,7.278,9.043,10.811,10.870
14.786,13.950,13.660,14.022,13.441,13.837,15.061,13.915,11.393,13.311,12.637,11.732,10.877,10.162,9.788,9.907,11.591,11.081,9.878,7.681,6.396,0.000,6.539,8.448,10.081,10.170
15.122,14.363,14.010,13.702,13.276,13.259,14.097,13.069,10.621,12.566,12.361,11.717,11.722,12.285,12.149,12.591,14.498,14.101,12.598,9.851,7.278,6.539,0.000,6.477,7.503,8.583
15.377,14.976,14.813,15.344,14.833,14.883,15.757,14.696,12.763,14.219,13.569,13.203,13.073,13.173,13.416,13.513,15.133,14.981,14.025,11.784,9.043,8.448,6.477,0.000,6.589,8.067
15.345,15.052,15.124,15.940,15.563,15.628,16.280,15.436,13.970,15.057,14.437,14.174,14.423,14.447,14.745,14.834,15.632,15.365,14.871,13.399,10.811,10.081,7.503,6.589,0.000,6.986
15.732,15.432,15.148,15.622,15.253,15.390,15.796,15.152,13.983,14.893,14.637,14.237,14.721,14.996,15.129,15.227,15.723,15.092,14.283,13.144,10.870,10.170,8.583,8.067,6.986,0.000