c1,c2,c3,c4,c5,c6,c7,c8,c9,c10,c11,c12,c13,c14,c15,c16,c17,c18,c19,c20,c21,c22,c23,c24,c25,c26
0.000,6.011,7.617,9.831,12.385,14.830,15.728,14.457,14.611,15.870,16.043,15.633,16.110,16.234,15.781,15.577,15.465,15.173,15.207,15.386,15.488,15.923,16.064,15.694,15.108,15.345
6.011,0.000,5.739,7.566,9.828,12.470,14.351,14.218,13.454,14.830,15.436,14.434,15.177,15.907,15.376,15.282,14.944,14.482,14.558,14.539,14.296,14.860,15.250,14.865,14.194,14.553
7.617,5.739,0.000,5.772,7.252,9.693,11.574,12.609,12.984,13.627,14.444,14.173,14.947,15.598,15.319,15.380,15.073,14.410,14.726,14.580,13.815,14.734,15.145,14.530,13.828,14.103
9.831,7.566,5.772,0.000,5.782,7.618,9.684,11.061,12.078,13.744,14.016,13.115,14.726,15.523,15.328,15.798,15.094,14.048,14.501,14.329,13.047,13.999,14.628,14.030,13.443,13.647
12.385,9.828,7.252,5.782,0.000,5.766,6.886,8.135,9.426,11.853,12.475,11.705,13.499,14.538,14.363,15.344,15.314,14.056,14.493,14.374,12.453,13.789,14.395,13.699,13.127,12.807
14.830,12.470,9.693,7.618,5.766,0.000,5.706,7.591,8.395,9.989,12.305,11.865,13.097,14.143,14.610,15.169,15.110,14.179,14.131,14.090,11.886,12.943,13.719,13.348,13.430,13.569
15.728,14.351,11.574,9.684,6.886,5.706,0.000,5.766,7.434,8.296,9.691,10.441,12.642,13.309,13.833,15.011,15.084,14.365,15.108,14.372,11.554,13.153,14.015,13.420,13.431,13.571
14.457,14.218,12.609,11.061,8.135,7.591,5.766,0.000,6.014,7.895,9.037,8.890,12.307,13.471,13.846,14.883,15.014,14.406,15.117,14.855,11.189,12.869,13.333,12.612,13.129,13.425
14.611,13.454,12.984,12.078,9.426,8.395,7.434,6.014,0.000,5.982,7.560,7.109,9.790,11.798,12.628,13.233,13.248,12.971,12.978,12.561,9.605,10.382,10.900,10.757,11.848,12.711
15.870,14.830,13.627,13.744,11.853,9.989,8.296,7.895,5.982,0.000,5.943,8.032,9.309,11.380,13.038,13.883,13.289,13.113,14.074,13.997,12.082,12.854,13.154,13.107,13.774,14.754
16.043,15.436,14.444,14.016,12.475,12.305,9.691,9.037,7.560,5.943,0.000,6.257,8.311,9.875,11.371,13.205,13.533,13.071,13.936,13.983,11.917,13.400,14.312,13.618,14.353,15.365
15.633,14.434,14.173,13.115,11.705,11.865,10.441,8.890,7.109,8.032,6.257,0.000,6.559,8.481,9.375,10.944,12.141,12.420,12.562,12.239,11.206,12.981,13.916,13.859,14.175,14.922
16.110,15.177,14.947,14.726,13.499,13.097,12.642,12.307,9.790,9.309,8.311,6.559,0.000,6.420,8.335,9.167,10.119,11.446,11.959,11.564,11.128,12.896,13.945,14.309,15.086,15.590
16.234,15.907,15.598,15.523,14.538,14.143,13.309,13.471,11.798,11.380,9.875,8.481,6.420,0.000,6.612,8.212,9.393,10.328,11.820,11.811,11.562,13.190,14.958,15.377,15.998,16.609
15.781,15.376,15.319,15.328,14.363,14.610,13.833,13.846,12.628,13.038,11.371,9.375,8.335,6.612,0.000,6.674,8.220,8.854,9.700,10.697,11.130,12.460,14.068,14.820,15.446,15.986
15.577,15.282,15.380,15.798,15.344,15.169,15.011,14.883,13.233,13.883,13.205,10.944,9.167,8.212,6.674,0.000,6.337,7.748,8.072,8.804,11.014,12.348,13.611,14.140,15.239,15.849
15.465,14.944,15.073,15.094,15.314,15.110,15.084,15.014,13.248,13.289,13.533,12.141,10.119,9.393,8.220,6.337,0.000,6.268,7.989,7.734,9.284,11.704,13.069,13.196,14.069,14.970
15.173,14.482,14.410,14.048,14.056,14.179,14.365,14.406,12.971,13.113,13.071,12.420,11.446,10.328,8.854,7.748,6.268,0.000,6.011,7.699,8.015,9.786,12.187,12.663,13.082,13.855
15.207,14.558,14.726,14.501,14.493,14.131,15.108,15.117,12.978,14.074,13.936,12.562,11.959,11.820,9.700,8.072,7.989,6.011,0.000,6.143,7.993,8.541,10.492,11.965,12.987,13.438
15.386,14.539,14.580,14.329,14.374,14.090,14.372,14.855,12.561,13.997,13.983,12.239,11.564,11.811,10.697,8.804,7.734,7.699,6.143,0.000,6.295,7.972,8.971,9.897,11.742,12.581
15.488,14.296,13.815,13.047,12.453,11.886,11.554,11.189,9.605,12.082,11.917,11.206,11.128,11.562,11.130,11.014,9.284,8.015,7.993,6.295,0.000,6.108,7.661,7.529,9.016,10.490
15.923,14.860,14.734,13.999,13.789,12.943,13.153,12.869,10.382,12.854,13.400,12.981,12.896,13.190,12.460,12.348,11.704,9.786,8.541,7.972,6.108,0.000,5.937,7.917,8.752,10.197
16.064,15.250,15.145,14.628,14.395,13.719,14.015,13.333,10.900,13.154,14.312,13.916,13.945,14.958,14.068,13.611,13.069,12.187,10.492,8.971,7.661,5.937,0.000,6.200,7.957,9.209
15.694,14.865,14.530,14.030,13.699,13.348,13.420,12.612,10.757,13.107,13.618,13.859,14.309,15.377,14.820,14.140,13.196,12.663,11.965,9.897,7.529,7.917,6.200,0.000,6.337,7.970
15.108,14.194,13.828,13.443,13.127,13.430,13.431,13.129,11.848,13.774,14.353,14.175,15.086,15.998,15.446,15.239,14.069,13.082,12.987,11.742,9.016,8.752,7.957,6.337,0.000,6.815
15.345,14.553,14.103,13.647,12.807,13.569,13.571,13.425,12.711,14.754,15.365,14.922,15.590,16.609,15.986,15.849,14.970,13.855,13.438,12.581,10.490,10.197,9.209,7.970,6.815,0.000