c1,c2,c3,c4,c5,c6,c7,c8,c9,c10,c11,c12,c13,c14,c15,c16,c17,c18,c19,c20,c21,c22,c23,c24,c25,c26
0.000,6.029,7.649,9.658,12.254,14.147,14.849,14.238,14.905,15.444,15.587,15.796,16.474,16.560,16.104,16.231,15.988,15.145,15.847,15.887,15.194,15.309,16.170,16.009,15.387,15.640
6.029,0.000,5.737,7.570,9.750,12.004,13.561,14.072,13.702,14.513,15.052,15.024,15.997,16.528,15.815,16.115,15.684,14.686,15.436,15.441,14.549,14.683,15.550,15.536,14.860,15.373
7.649,5.737,0.000,5.834,7.368,9.096,10.711,12.246,12.925,12.821,13.546,13.949,14.959,15.517,15.522,15.837,15.176,14.094,15.420,15.270,14.015,14.280,15.264,15.019,14.707,15.217
9.658,7.570,5.834,0.000,5.747,7.602,9.189,10.869,12.289,13.672,13.841,13.706,15.324,15.982,15.953,16.486,15.829,14.436,15.669,15.534,13.894,14.472,15.413,15.205,14.769,15.142
12.254,9.750,7.368,5.747,0.000,5.758,7.232,8.144,9.257,11.958,12.888,12.163,13.633,14.909,14.777,15.670,15.355,13.877,15.205,14.994,13.077,13.527,14.187,13.755,13.542,13.964
14.147,12.004,9.096,7.602,5.758,0.000,5.723,7.699,8.307,10.092,12.405,12.255,13.186,14.073,14.705,15.502,15.091,14.260,15.507,15.338,13.633,14.289,14.743,14.198,14.201,14.531
14.849,13.561,10.711,9.189,7.232,5.723,0.000,5.731,7.396,8.233,9.780,10.817,12.593,13.093,13.584,14.817,14.377,13.648,15.194,14.625,13.024,13.213,13.754,13.089,13.036,13.660
14.238,14.072,12.246,10.869,8.144,7.699,5.731,0.000,5.849,7.895,8.844,9.112,12.220,13.320,13.364,14.447,14.078,13.144,15.020,15.144,12.987,13.541,14.242,13.240,12.823,13.748
14.905,13.702,12.925,12.289,9.257,8.307,7.396,5.849,0.000,5.879,7.481,6.831,9.204,11.373,12.404,13.182,12.967,12.615,13.859,13.914,12.580,12.673,13.461,13.035,13.125,13.859
15.444,14.513,12.821,13.672,11.958,10.092,8.233,7.895,5.879,0.000,5.795,7.928,9.057,11.019,12.635,13.717,13.097,12.755,14.428,14.486,13.469,13.876,14.326,13.710,13.944,14.671
15.587,15.052,13.546,13.841,12.888,12.405,9.780,8.844,7.481,5.795,0.000,6.161,8.065,9.624,10.849,12.286,12.399,11.304,13.332,13.433,12.472,13.124,13.973,13.362,13.629,14.864
15.796,15.024,13.949,13.706,12.163,12.255,10.817,9.112,6.831,7.928,6.161,0.000,6.433,8.592,9.396,10.929,11.544,11.236,12.829,12.724,11.820,12.579,14.010,13.947,13.604,14.845
16.474,15.997,14.959,15.324,13.633,13.186,12.593,12.220,9.204,9.057,8.065,6.433,0.000,6.304,8.496,9.410,9.852,10.593,12.250,11.968,11.518,12.636,14.236,14.707,15.375,15.554
16.560,16.528,15.517,15.982,14.909,14.073,13.093,13.320,11.373,11.019,9.624,8.592,6.304,0.000,6.595,7.778,8.176,9.161,10.840,10.917,10.957,11.722,13.690,14.387,15.427,16.537
16.104,15.815,15.522,15.953,14.777,14.705,13.584,13.364,12.404,12.635,10.849,9.396,8.496,6.595,0.000,6.501,8.107,7.798,8.164,9.752,10.112,10.459,12.521,13.980,14.926,15.889
16.231,16.115,15.837,16.486,15.670,15.502,14.817,14.447,13.182,13.717,12.286,10.929,9.410,7.778,6.501,0.000,5.995,7.719,7.509,7.837,10.180,10.756,12.049,13.315,15.100,16.197
15.988,15.684,15.176,15.829,15.355,15.091,14.377,14.078,12.967,13.097,12.399,11.544,9.852,8.176,8.107,5.995,0.000,5.753,7.823,7.757,9.268,10.834,12.817,13.098,14.266,15.833
15.145,14.686,14.094,14.436,13.877,14.260,13.648,13.144,12.615,12.755,11.304,11.236,10.593,9.161,7.798,7.719,5.753,0.000,5.807,7.146,7.794,8.658,11.542,12.714,12.930,14.219
15.847,15.436,15.420,15.669,15.205,15.507,15.194,15.020,13.859,14.428,13.332,12.829,12.250,10.840,8.164,7.509,7.823,5.807,0.000,5.789,8.035,7.885,9.486,12.153,13.033,13.327
15.887,15.441,15.270,15.534,14.994,15.338,14.625,15.144,13.914,14.486,13.433,12.724,11.968,10.917,9.752,7.837,7.757,7.146,5.789,0.000,5.861,7.637,7.993,9.452,12.105,13.268
15.194,14.549,14.015,13.894,13.077,13.633,13.024,12.987,12.580,13.469,12.472,11.820,11.518,10.957,10.112,10.180,9.268,7.794,8.035,5.861,0.000,5.908,7.644,7.888,9.594,11.819
15.309,14.683,14.280,14.472,13.527,14.289,13.213,13.541,12.673,13.876,13.124,12.579,12.636,11.722,10.459,10.756,10.834,8.658,7.885,7.637,5.908,0.000,5.981,7.531,8.139,9.787
16.170,15.550,15.264,15.413,14.187,14.743,13.754,14.242,13.461,14.326,13.973,14.010,14.236,13.690,12.521,12.049,12.817,11.542,9.486,7.993,7.644,5.981,0.000,6.141,7.845,8.746
16.009,15.536,15.019,15.205,13.755,14.198,13.089,13.240,13.035,13.710,13.362,13.947,14.707,14.387,13.980,13.315,13.098,12.714,12.153,9.452,7.888,7.531,6.141,0.000,6.232,8.115
15.387,14.860,14.707,14.769,13.542,14.201,13.036,12.823,13.125,13.944,13.629,13.604,15.375,15.427,14.926,15.100,14.266,12.930,13.033,12.105,9.594,8.139,7.845,6.232,0.000,6.614
15.640,15.373,15.217,15.142,13.964,14.531,13.660,13.748,13.859,14.671,14.864,14.845,15.554,16.537,15.889,16.197,15.833,14.219,13.327,13.268,11.819,9.787,8.746,8.115,6.614,0.000