c1,c2,c3,c4,c5,c6,c7,c8,c9,c10,c11,c12,c13,c14,c15,c16,c17,c18,c19,c20,c21,c22,c23,c24,c25,c26
0.000,5.849,7.512,9.659,12.235,14.196,14.782,14.857,15.283,15.753,16.021,16.173,16.423,16.336,16.139,15.925,15.547,15.208,15.453,15.291,14.785,15.216,15.591,15.465,15.205,15.496
5.849,0.000,5.686,7.474,9.625,11.783,13.262,14.200,13.888,14.592,15.407,15.300,15.796,16.076,15.718,15.627,15.018,14.492,14.972,14.813,13.994,14.655,15.160,15.182,14.744,15.317
7.512,5.686,0.000,5.702,7.357,9.000,10.243,11.999,12.505,12.860,13.889,14.078,14.870,15.383,15.571,15.375,14.511,13.892,14.570,14.370,13.182,14.342,15.088,14.835,14.663,15.270
9.659,7.474,5.702,0.000,5.649,7.277,8.740,10.470,11.566,12.789,13.967,13.654,14.954,15.594,15.806,16.116,15.287,14.457,15.253,15.331,13.929,14.983,15.834,15.706,15.023,15.726
12.235,9.625,7.357,5.649,0.000,5.676,7.354,7.990,8.628,11.201,12.588,11.966,13.410,14.601,14.707,15.387,15.139,13.741,14.817,14.853,13.277,14.382,15.358,15.019,14.696,15.177
14.196,11.783,9.000,7.277,5.676,0.000,5.681,7.358,7.939,9.380,11.897,11.729,12.949,13.951,14.729,15.377,15.252,15.091,15.645,15.571,14.052,15.354,16.009,15.576,15.346,15.783
14.782,13.262,10.243,8.740,7.354,5.681,0.000,5.680,7.463,7.786,9.549,10.563,12.354,12.834,13.725,14.717,14.484,14.505,15.654,14.942,13.510,14.538,15.497,14.752,14.467,15.180
14.857,14.200,11.999,10.470,7.990,7.358,5.680,0.000,5.739,7.754,8.689,8.422,11.491,12.529,12.940,13.925,14.014,13.773,15.007,15.472,13.257,14.004,14.981,14.427,14.013,15.034
15.283,13.888,12.505,11.566,8.628,7.939,7.463,5.739,0.000,5.790,7.478,6.499,9.066,11.153,12.144,12.938,13.122,13.337,14.597,15.143,14.825,15.190,16.068,15.728,15.770,15.985
15.753,14.592,12.860,12.789,11.201,9.380,7.786,7.754,5.790,0.000,5.683,7.708,8.761,10.408,12.544,13.374,13.069,13.522,15.132,15.479,15.146,16.749,16.816,16.053,16.366,16.620
16.021,15.407,13.889,13.967,12.588,11.897,9.549,8.689,7.478,5.683,0.000,6.039,8.022,8.828,10.194,11.573,11.683,11.748,13.072,13.870,13.905,15.140,16.239,14.853,15.278,16.198
16.173,15.300,14.078,13.654,11.966,11.729,10.563,8.422,6.499,7.708,6.039,0.000,6.114,8.172,8.476,9.672,10.310,10.572,11.633,12.641,13.122,14.378,15.487,16.179,15.358,16.008
16.423,15.796,14.870,14.954,13.410,12.949,12.354,11.491,9.066,8.761,8.022,6.114,0.000,6.005,8.155,8.977,9.478,10.929,12.295,12.306,13.194,15.050,16.041,16.659,17.349,16.599
16.336,16.076,15.383,15.594,14.601,13.951,12.834,12.529,11.153,10.408,8.828,8.172,6.005,0.000,6.368,7.722,8.061,8.976,10.788,11.500,11.706,13.315,15.026,15.936,16.473,17.157
16.139,15.718,15.571,15.806,14.707,14.729,13.725,12.940,12.144,12.544,10.194,8.476,8.155,6.368,0.000,6.240,7.871,7.405,8.048,10.524,11.380,11.492,13.050,15.250,15.538,16.240
15.925,15.627,15.375,16.116,15.387,15.377,14.717,13.925,12.938,13.374,11.573,9.672,8.977,7.722,6.240,0.000,5.947,7.747,7.103,7.648,10.451,11.391,11.389,13.355,14.824,15.566
15.547,15.018,14.511,15.287,15.139,15.252,14.484,14.014,13.122,13.069,11.683,10.310,9.478,8.061,7.871,5.947,0.000,5.721,7.629,6.798,7.557,10.282,11.323,11.804,12.845,14.719
15.208,14.492,13.892,14.457,13.741,15.091,14.505,13.773,13.337,13.522,11.748,10.572,10.929,8.976,7.405,7.747,5.721,0.000,5.641,7.490,6.481,7.154,10.278,11.598,11.467,12.913
15.453,14.972,14.570,15.253,14.817,15.645,15.654,15.007,14.597,15.132,13.072,11.633,12.295,10.788,8.048,7.103,7.629,5.641,0.000,5.597,7.488,6.430,7.194,10.426,11.149,11.769
15.291,14.813,14.370,15.331,14.853,15.571,14.942,15.472,15.143,15.479,13.870,12.641,12.306,11.500,10.524,7.648,6.798,7.490,5.597,0.000,5.602,7.552,6.468,7.810,9.505,10.863
14.785,13.994,13.182,13.929,13.277,14.052,13.510,13.257,14.825,15.146,13.905,13.122,13.194,11.706,11.380,10.451,7.557,6.481,7.488,5.602,0.000,5.536,7.490,6.869,7.692,9.624
15.216,14.655,14.342,14.983,14.382,15.354,14.538,14.004,15.190,16.749,15.140,14.378,15.050,13.315,11.492,11.391,10.282,7.154,6.430,7.552,5.536,0.000,5.548,7.571,7.231,8.648
15.591,15.160,15.088,15.834,15.358,16.009,15.497,14.981,16.068,16.816,16.239,15.487,16.041,15.026,13.050,11.389,11.323,10.278,7.194,6.468,7.490,5.548,0.000,5.661,7.432,8.006
15.465,15.182,14.835,15.706,15.019,15.576,14.752,14.427,15.728,16.053,14.853,16.179,16.659,15.936,15.250,13.355,11.804,11.598,10.426,7.810,6.869,7.571,5.661,0.000,5.805,7.883
15.205,14.744,14.663,15.023,14.696,15.346,14.467,14.013,15.770,16.366,15.278,15.358,17.349,16.473,15.538,14.824,12.845,11.467,11.149,9.505,7.692,7.231,7.432,5.805,0.000,6.339
15.496,15.317,15.270,15.726,15.177,15.783,15.180,15.034,15.985,16.620,16.198,16.008,16.599,17.157,16.240,15.566,14.719,12.913,11.769,10.863,9.624,8.648,8.006,7.883,6.339,0.000