c1,c2,c3,c4,c5,c6,c7,c8,c9,c10,c11,c12,c13,c14,c15,c16,c17,c18,c19,c20,c21,c22,c23,c24,c25,c26
0.000,6.776,8.205,11.158,14.100,15.627,18.172,17.440,15.803,14.379,10.186,10.399,10.030,10.231,12.889,13.080,13.094,13.838,15.669,16.184,16.628,17.592,17.924,17.603,17.461,17.153
6.776,0.000,6.248,8.050,11.277,13.568,16.088,14.410,12.286,10.350,5.594,7.389,7.328,8.943,11.899,11.466,11.456,12.320,14.434,14.902,15.098,17.271,17.862,17.516,17.479,17.290
8.205,6.248,0.000,6.084,8.332,9.908,12.837,12.422,11.463,9.853,7.175,5.412,8.330,8.258,11.030,9.611,8.313,8.372,11.101,11.747,11.662,14.221,15.509,15.378,16.039,16.473
11.158,8.050,6.084,0.000,6.269,7.564,9.963,8.876,6.204,7.024,5.801,7.359,11.028,12.306,15.160,12.924,12.255,11.870,13.952,13.264,11.860,15.195,16.041,15.570,16.073,16.487
14.100,11.277,8.332,6.269,0.000,6.217,5.931,4.849,6.827,4.957,7.609,6.131,10.736,12.137,13.525,10.459,9.949,8.648,10.051,8.663,7.296,10.895,11.987,11.694,13.648,14.581
15.627,13.568,9.908,7.564,6.217,0.000,7.670,8.360,7.996,9.989,11.877,10.774,15.419,15.528,16.716,14.680,13.232,11.252,12.978,11.694,8.643,11.756,11.890,11.115,12.631,13.581
18.172,16.088,12.837,9.963,5.931,7.670,0.000,5.269,8.123,9.081,12.975,11.558,15.873,16.982,17.089,14.523,13.573,11.642,12.336,10.605,7.056,10.105,10.109,9.264,11.855,13.086
17.440,14.410,12.422,8.876,4.849,8.360,5.269,0.000,6.151,5.178,10.182,10.412,14.237,16.482,17.182,13.980,13.710,12.589,12.713,10.997,8.578,12.052,12.585,11.783,14.236,15.024
15.803,12.286,11.463,6.204,6.827,7.996,8.123,6.151,0.000,8.049,12.172,11.771,15.358,17.597,18.406,16.156,16.129,15.134,15.724,14.178,12.020,15.389,15.679,14.815,16.326,16.648
14.379,10.350,9.853,7.024,4.957,9.989,9.081,5.178,8.049,0.000,9.172,8.913,11.753,14.021,14.841,11.882,12.392,11.514,12.284,11.120,10.212,13.520,14.705,14.450,16.278,16.675
10.186,5.594,7.175,5.801,7.609,11.877,12.975,10.182,12.172,9.172,0.000,9.391,11.579,13.160,13.624,11.783,12.704,12.585,14.030,13.656,13.194,16.265,17.259,16.709,17.402,17.726
10.399,7.389,5.412,7.359,6.131,10.774,11.558,10.412,11.771,8.913,9.391,0.000,8.966,10.176,10.241,7.513,7.771,7.581,9.606,9.707,10.206,12.955,14.455,14.518,15.848,16.458
10.030,7.328,8.330,11.028,10.736,15.419,15.873,14.237,15.358,11.753,11.579,8.966,0.000,8.657,8.802,7.742,9.659,10.688,12.231,12.992,13.959,15.876,17.042,16.958,17.555,17.970
10.231,8.943,8.258,12.306,12.137,15.528,16.982,16.482,17.597,14.021,13.160,10.176,8.657,0.000,8.898,9.449,9.909,10.401,12.852,13.385,14.033,15.490,16.898,16.704,17.144,17.861
12.889,11.899,11.030,15.160,13.525,16.716,17.089,17.182,18.406,14.841,13.624,10.241,8.802,8.898,0.000,9.419,10.768,10.191,11.646,13.344,14.439,15.424,16.597,16.791,17.129,17.715
13.080,11.466,9.611,12.924,10.459,14.680,14.523,13.980,16.156,11.882,11.783,7.513,7.742,9.449,9.419,0.000,8.357,9.492,9.023,10.111,12.447,13.533,14.511,14.956,16.346,16.988
13.094,11.456,8.313,12.255,9.949,13.232,13.573,13.710,16.129,12.392,12.704,7.771,9.659,9.909,10.768,8.357,0.000,7.861,9.657,9.283,10.939,13.036,14.150,14.083,15.095,16.375
13.838,12.320,8.372,11.870,8.648,11.252,11.642,12.589,15.134,11.514,12.585,7.581,10.688,10.401,10.191,9.492,7.861,0.000,7.588,9.215,9.178,10.585,12.974,13.092,13.779,15.050
15.669,14.434,11.101,13.952,10.051,12.978,12.336,12.713,15.724,12.284,14.030,9.606,12.231,12.852,11.646,9.023,9.657,7.588,0.000,6.620,8.989,8.942,10.729,12.108,13.234,14.410
16.184,14.902,11.747,13.264,8.663,11.694,10.605,10.997,14.178,11.120,13.656,9.707,12.992,13.385,13.344,10.111,9.283,9.215,6.620,0.000,6.909,8.778,9.492,10.286,12.136,13.865
16.628,15.098,11.662,11.860,7.296,8.643,7.056,8.578,12.020,10.212,13.194,10.206,13.959,14.033,14.439,12.447,10.939,9.178,8.989,6.909,0.000,7.042,8.437,8.477,10.352,12.310
17.592,17.271,14.221,15.195,10.895,11.756,10.105,12.052,15.389,13.520,16.265,12.955,15.876,15.490,15.424,13.533,13.036,10.585,8.942,8.778,7.042,0.000,7.011,8.571,9.196,11.312
17.924,17.862,15.509,16.041,11.987,11.890,10.109,12.585,15.679,14.705,17.259,14.455,17.042,16.898,16.597,14.511,14.150,12.974,10.729,9.492,8.437,7.011,0.000,6.964,8.379,10.206
17.603,17.516,15.378,15.570,11.694,11.115,9.264,11.783,14.815,14.450,16.709,14.518,16.958,16.704,16.791,14.956,14.083,13.092,12.108,10.286,8.477,8.571,6.964,0.000,7.157,9.659
17.461,17.479,16.039,16.073,13.648,12.631,11.855,14.236,16.326,16.278,17.402,15.848,17.555,17.144,17.129,16.346,15.095,13.779,13.234,12.136,10.352,9.196,8.379,7.157,0.000,7.805
17.153,17.290,16.473,16.487,14.581,13.581,13.086,15.024,16.648,16.675,17.726,16.458,17.970,17.861,17.715,16.988,16.375,15.050,14.410,13.865,12.310,11.312,10.206,9.659,7.805,0.000