c1,c2,c3,c4,c5,c6,c7,c8,c9,c10,c11,c12,c13,c14,c15,c16,c17,c18,c19,c20,c21,c22,c23,c24,c25,c26
0.000,5.848,7.517,9.569,12.142,14.169,15.155,14.666,15.024,15.715,15.923,15.761,16.025,16.272,16.056,15.765,15.331,14.699,15.082,14.971,14.712,15.130,15.472,15.440,15.229,15.496
5.848,0.000,5.679,7.482,9.589,11.930,13.784,14.303,13.741,14.595,15.310,14.823,15.190,15.770,15.465,15.337,14.646,13.806,14.477,14.335,13.605,14.317,14.865,15.012,14.701,15.250
7.517,5.679,0.000,5.702,7.270,9.192,10.857,12.378,12.933,13.115,14.070,14.105,14.783,15.540,15.754,15.563,14.827,13.801,14.625,14.311,13.239,14.288,14.916,14.743,14.554,15.202
9.569,7.482,5.702,0.000,5.668,7.516,9.135,10.702,11.859,13.243,14.017,13.430,14.682,15.524,15.745,16.101,15.140,14.009,15.038,14.810,13.412,14.624,15.444,15.291,14.816,15.541
12.142,9.589,7.270,5.668,0.000,5.701,7.183,7.993,8.878,11.563,12.721,11.944,13.366,14.617,14.795,15.480,15.222,13.823,15.021,14.507,13.093,14.139,14.923,14.511,14.260,14.780
14.169,11.930,9.192,7.516,5.701,0.000,5.661,7.548,8.110,9.670,12.172,11.893,12.892,14.004,14.934,15.568,15.375,15.146,15.911,15.481,13.889,15.173,15.771,15.316,15.109,15.418
15.155,13.784,10.857,9.135,7.183,5.661,0.000,5.685,7.350,7.927,9.659,10.578,12.331,12.986,13.952,14.992,14.753,14.667,15.990,14.957,13.528,14.601,15.356,14.614,14.356,14.938
14.666,14.303,12.378,10.702,7.993,7.548,5.685,0.000,5.731,7.821,8.811,8.633,11.670,12.877,13.278,14.422,14.367,14.369,15.621,15.605,13.620,14.507,15.253,14.471,14.080,15.049
15.024,13.741,12.933,11.859,8.878,8.110,7.350,5.731,0.000,5.846,7.520,6.622,9.003,11.406,12.503,13.342,13.426,13.665,15.037,15.155,14.612,15.220,16.034,15.548,15.454,15.767
15.715,14.595,13.115,13.243,11.563,9.670,7.927,7.821,5.846,0.000,5.817,7.814,8.797,10.741,12.809,13.718,13.143,13.488,15.275,15.296,14.844,16.362,16.646,15.904,15.961,16.298
15.923,15.310,14.070,14.017,12.721,12.172,9.659,8.811,7.520,5.817,0.000,6.089,8.076,9.227,10.656,12.097,12.170,11.900,13.423,13.903,13.766,14.995,16.033,14.798,15.144,16.021
15.761,14.823,14.105,13.430,11.944,11.893,10.578,8.633,6.622,7.814,6.089,0.000,6.232,8.397,9.025,10.331,11.128,11.161,12.244,12.840,13.197,14.441,15.481,15.860,14.929,15.891
16.025,15.190,14.783,14.682,13.366,12.892,12.331,11.670,9.003,8.797,8.076,6.232,0.000,6.147,8.230,9.150,9.666,10.998,12.598,12.419,13.140,14.843,15.872,16.321,17.029,16.704
16.272,15.770,15.540,15.524,14.617,14.004,12.986,12.877,11.406,10.741,9.227,8.397,6.147,0.000,6.524,7.882,8.119,9.239,11.153,11.755,11.874,13.430,14.957,15.637,16.390,17.240
16.056,15.465,15.754,15.745,14.795,14.934,13.952,13.278,12.503,12.809,10.656,9.025,8.230,6.524,0.000,6.369,7.910,7.729,8.558,10.781,11.680,11.767,13.271,15.113,15.691,16.378
15.765,15.337,15.563,16.101,15.480,15.568,14.992,14.422,13.342,13.718,12.097,10.331,9.150,7.882,6.369,0.000,6.036,7.752,7.551,8.080,10.657,11.765,11.811,13.486,15.139,15.956
15.331,14.646,14.827,15.140,15.222,15.375,14.753,14.367,13.426,13.143,12.170,11.128,9.666,8.119,7.910,6.036,0.000,5.841,7.726,7.256,8.099,10.730,11.786,12.087,13.279,15.194
14.699,13.806,13.801,14.009,13.823,15.146,14.667,14.369,13.665,13.488,11.900,11.161,10.998,9.239,7.729,7.752,5.841,0.000,5.765,7.589,6.954,7.820,10.715,11.832,11.759,13.387
15.082,14.477,14.625,15.038,15.021,15.911,15.990,15.621,15.037,15.275,13.423,12.244,12.598,11.153,8.558,7.551,7.726,5.765,0.000,5.703,7.599,6.969,7.851,10.730,11.698,12.328
14.971,14.335,14.311,14.810,14.507,15.481,14.957,15.605,15.155,15.296,13.903,12.840,12.419,11.755,10.781,8.080,7.256,7.589,5.703,0.000,5.704,7.634,7.062,8.128,10.518,11.688
14.712,13.605,13.239,13.412,13.093,13.889,13.528,13.620,14.612,14.844,13.766,13.197,13.140,11.874,11.680,10.657,8.099,6.954,7.599,5.704,0.000,5.705,7.596,7.052,7.906,10.067
15.130,14.317,14.288,14.624,14.139,15.173,14.601,14.507,15.220,16.362,14.995,14.441,14.843,13.430,11.767,11.765,10.730,7.820,6.969,7.634,5.705,0.000,5.702,7.635,7.338,8.852
15.472,14.865,14.916,15.444,14.923,15.771,15.356,15.253,16.034,16.646,16.033,15.481,15.872,14.957,13.271,11.811,11.786,10.715,7.851,7.062,7.596,5.702,0.000,5.783,7.612,8.219
15.440,15.012,14.743,15.291,14.511,15.316,14.614,14.471,15.548,15.904,14.798,15.860,16.321,15.637,15.113,13.486,12.087,11.832,10.730,8.128,7.052,7.635,5.783,0.000,5.820,7.858
15.229,14.701,14.554,14.816,14.260,15.109,14.356,14.080,15.454,15.961,15.144,14.929,17.029,16.390,15.691,15.139,13.279,11.759,11.698,10.518,7.906,7.338,7.612,5.820,0.000,6.307
15.496,15.250,15.202,15.541,14.780,15.418,14.938,15.049,15.767,16.298,16.021,15.891,16.704,17.240,16.378,15.956,15.194,13.387,12.328,11.688,10.067,8.852,8.219,7.858,6.307,0.000