c1,c2,c3,c4,c5,c6,c7,c8,c9,c10,c11,c12,c13,c14,c15,c16,c17,c18,c19,c20,c21,c22,c23,c24,c25,c26
0.000,6.851,7.585,7.552,10.598,12.488,14.332,15.375,15.689,15.529,14.993,14.530,15.028,15.329,15.327,15.483,15.684,15.117,14.829,14.439,13.621,14.149,13.774,13.958,14.121,14.471
6.851,0.000,5.643,7.770,10.080,12.481,14.695,15.803,15.867,15.417,14.771,14.237,14.806,15.095,15.141,15.440,15.703,15.008,14.565,14.281,12.994,13.799,12.993,13.316,13.444,13.608
7.585,5.643,0.000,5.892,8.036,10.637,12.859,14.790,15.806,15.145,14.586,14.149,14.643,14.939,15.020,15.179,15.367,14.492,13.713,13.782,12.109,12.999,12.588,12.901,13.331,13.599
7.552,7.770,5.892,0.000,5.906,7.630,10.044,12.115,13.889,14.065,13.833,13.651,14.340,14.592,14.319,14.155,14.426,13.517,12.734,13.037,11.870,12.989,12.844,12.969,13.342,13.639
10.598,10.080,8.036,5.906,0.000,5.936,7.314,9.386,11.388,12.002,12.916,13.213,13.927,14.352,13.724,12.783,12.585,11.124,9.923,10.888,9.786,11.863,12.353,12.325,12.883,13.512
12.488,12.481,10.637,7.630,5.936,0.000,5.942,7.435,9.684,10.636,12.235,13.120,14.030,14.531,13.818,12.850,12.776,11.739,10.879,11.569,10.765,12.827,13.276,12.946,13.424,13.749
14.332,14.695,12.859,10.044,7.314,5.942,0.000,6.071,7.596,8.333,10.242,11.825,12.945,14.106,13.423,12.135,11.550,10.405,9.176,10.835,10.194,12.267,13.652,13.436,14.056,14.389
15.375,15.803,14.790,12.115,9.386,7.435,6.071,0.000,5.659,8.361,10.409,12.498,13.986,15.377,14.516,13.261,12.935,11.750,10.717,11.998,11.572,12.882,14.280,13.902,14.569,14.890
15.689,15.867,15.806,13.889,11.388,9.684,7.596,5.659,0.000,6.056,7.932,10.948,12.036,14.587,14.365,13.069,13.001,12.562,11.676,12.904,13.094,14.333,15.269,15.137,15.584,15.877
15.529,15.417,15.145,14.065,12.002,10.636,8.333,8.361,6.056,0.000,6.274,8.598,10.174,12.776,13.378,12.147,12.636,12.319,11.358,12.716,13.261,14.254,15.454,15.358,15.743,16.144
14.993,14.771,14.586,13.833,12.916,12.235,10.242,10.409,7.932,6.274,0.000,6.743,7.472,9.959,10.908,10.731,12.017,12.462,12.086,13.974,14.691,15.547,16.407,16.341,16.601,16.842
14.530,14.237,14.149,13.651,13.213,13.120,11.825,12.498,10.948,8.598,6.743,0.000,6.340,8.396,9.517,9.141,10.437,11.144,11.796,13.529,14.597,15.621,16.360,16.475,16.659,16.946
15.028,14.806,14.643,14.340,13.927,14.030,12.945,13.986,12.036,10.174,7.472,6.340,0.000,6.214,7.067,7.970,9.911,11.651,12.973,14.957,15.801,16.451,16.970,17.020,17.084,17.141
15.329,15.095,14.939,14.592,14.352,14.531,14.106,15.377,14.587,12.776,9.959,8.396,6.214,0.000,6.047,7.899,9.896,11.848,13.623,15.760,16.381,16.729,17.153,17.193,17.214,17.255
15.327,15.141,15.020,14.319,13.724,13.818,13.423,14.516,14.365,13.378,10.908,9.517,7.067,6.047,0.000,6.144,7.967,10.264,12.203,15.015,16.380,16.605,16.989,16.828,16.970,17.003
15.483,15.440,15.179,14.155,12.783,12.850,12.135,13.261,13.069,12.147,10.731,9.141,7.970,7.899,6.144,0.000,6.149,7.804,9.717,12.559,14.960,16.500,16.655,16.208,16.385,16.536
15.684,15.703,15.367,14.426,12.585,12.776,11.550,12.935,13.001,12.636,12.017,10.437,9.911,9.896,7.967,6.149,0.000,5.969,7.416,10.517,13.135,15.674,16.995,15.876,16.031,16.154
15.117,15.008,14.492,13.517,11.124,11.739,10.405,11.750,12.562,12.319,12.462,11.144,11.651,11.848,10.264,7.804,5.969,0.000,6.026,7.376,10.490,12.897,15.128,14.557,14.746,14.735
14.829,14.565,13.713,12.734,9.923,10.879,9.176,10.717,11.676,11.358,12.086,11.796,12.973,13.623,12.203,9.717,7.416,6.026,0.000,5.862,7.431,10.453,12.605,12.668,14.546,14.482
14.439,14.281,13.782,13.037,10.888,11.569,10.835,11.998,12.904,12.716,13.974,13.529,14.957,15.760,15.015,12.559,10.517,7.376,5.862,0.000,5.857,7.475,10.313,10.394,12.795,13.614
13.621,12.994,12.109,11.870,9.786,10.765,10.194,11.572,13.094,13.261,14.691,14.597,15.801,16.381,16.380,14.960,13.135,10.490,7.431,5.857,0.000,6.034,6.950,7.112,9.849,11.140
14.149,13.799,12.999,12.989,11.863,12.827,12.267,12.882,14.333,14.254,15.547,15.621,16.451,16.729,16.605,16.500,15.674,12.897,10.453,7.475,6.034,0.000,5.691,7.754,10.018,11.425
13.774,12.993,12.588,12.844,12.353,13.276,13.652,14.280,15.269,15.454,16.407,16.360,16.970,17.153,16.989,16.655,16.995,15.128,12.605,10.313,6.950,5.691,0.000,5.935,7.384,9.287
13.958,13.316,12.901,12.969,12.325,12.946,13.436,13.902,15.137,15.358,16.341,16.475,17.020,17.193,16.828,16.208,15.876,14.557,12.668,10.394,7.112,7.754,5.935,0.000,5.948,7.694
14.121,13.444,13.331,13.342,12.883,13.424,14.056,14.569,15.584,15.743,16.601,16.659,17.084,17.214,16.970,16.385,16.031,14.746,14.546,12.795,9.849,10.018,7.384,5.948,0.000,6.436
14.471,13.608,13.599,13.639,13.512,13.749,14.389,14.890,15.877,16.144,16.842,16.946,17.141,17.255,17.003,16.536,16.154,14.735,14.482,13.614,11.140,11.425,9.287,7.694,6.436,0.000