c1,c2,c3,c4,c5,c6,c7,c8,c9,c10,c11,c12,c13,c14,c15,c16,c17,c18,c19,c20,c21,c22,c23,c24,c25,c26
0.000,5.892,8.244,9.566,10.641,12.396,12.913,12.332,13.665,14.955,15.366,15.953,17.104,17.260,17.065,16.837,16.456,15.570,16.470,16.354,15.391,15.582,16.265,16.124,15.495,15.990
5.892,0.000,5.721,7.150,7.675,10.114,10.839,10.528,11.767,13.580,14.141,14.580,16.292,17.535,17.277,16.995,16.479,15.393,16.393,16.274,14.701,14.895,15.888,15.660,14.732,15.851
8.244,5.721,0.000,5.596,7.520,7.755,8.389,9.249,10.984,11.503,12.548,13.959,15.249,16.282,17.128,17.108,16.406,15.449,16.778,16.563,15.201,15.471,16.386,16.154,15.498,16.506
9.566,7.150,5.596,0.000,5.536,7.108,7.209,8.084,10.316,11.627,12.072,13.211,15.099,16.378,17.095,17.982,16.983,15.426,16.711,16.732,15.006,15.110,16.130,16.120,15.180,16.093
10.641,7.675,7.520,5.536,0.000,5.528,7.347,6.390,7.303,10.496,11.498,11.310,13.031,15.294,15.944,16.776,16.661,14.710,16.126,15.900,14.127,13.997,15.395,15.269,14.345,15.378
12.396,10.114,7.755,7.108,5.528,0.000,5.447,7.413,6.673,7.683,10.875,11.637,11.674,13.668,15.634,16.760,16.159,15.454,16.555,16.800,14.784,14.770,16.058,16.168,15.484,16.084
12.913,10.839,8.389,7.209,7.347,5.447,0.000,5.458,7.400,6.799,7.877,10.663,11.824,12.584,14.192,16.236,15.382,14.487,17.014,16.683,14.221,14.458,16.403,16.125,15.187,16.052
12.332,10.528,9.249,8.084,6.390,7.413,5.458,0.000,5.505,7.459,6.975,7.686,10.779,12.201,12.789,14.601,13.833,12.777,15.249,15.877,12.265,12.920,15.424,14.923,13.699,15.270
13.665,11.767,10.984,10.316,7.303,6.673,7.400,5.505,0.000,5.521,7.517,6.659,7.738,10.632,12.101,13.268,12.670,12.009,14.301,15.120,13.594,13.401,15.549,15.506,14.894,15.721
14.955,13.580,11.503,11.627,10.496,7.683,6.799,7.459,5.521,0.000,5.589,7.648,7.237,8.929,11.327,13.262,12.463,11.778,14.376,15.602,14.393,15.316,16.762,16.899,16.304,16.894
15.366,14.141,12.548,12.072,11.498,10.875,7.877,6.975,7.517,5.589,0.000,5.660,7.686,7.867,9.233,11.701,11.176,10.357,12.837,14.210,13.110,14.225,16.592,15.782,15.517,16.635
15.953,14.580,13.959,13.211,11.310,11.637,10.663,7.686,6.659,7.648,5.660,0.000,5.769,7.774,8.136,9.677,9.500,8.624,11.072,12.260,11.813,12.786,14.972,15.537,14.565,15.968
17.104,16.292,15.249,15.099,13.031,11.674,11.824,10.779,7.738,7.237,7.686,5.769,0.000,5.844,8.005,9.263,9.117,9.120,11.348,12.269,12.283,13.514,15.445,16.274,16.772,16.958
17.260,17.535,16.282,16.378,15.294,13.668,12.584,12.201,10.632,8.929,7.867,7.774,5.844,0.000,6.057,8.195,8.174,8.096,10.219,11.767,11.638,12.782,14.842,15.978,16.691,17.643
17.065,17.277,17.128,17.095,15.944,15.634,14.192,12.789,12.101,11.327,9.233,8.136,8.005,6.057,0.000,6.022,7.414,6.802,8.088,10.456,10.982,11.282,13.021,15.103,15.941,16.884
16.837,16.995,17.108,17.982,16.776,16.760,16.236,14.601,13.268,13.262,11.701,9.677,9.263,8.195,6.022,0.000,5.850,7.642,7.078,7.954,10.468,11.260,11.588,13.255,15.565,16.594
16.456,16.479,16.406,16.983,16.661,16.159,15.382,13.833,12.670,12.463,11.176,9.500,9.117,8.174,7.414,5.850,0.000,5.707,7.589,6.651,7.290,10.073,11.136,11.460,13.409,15.455
15.570,15.393,15.449,15.426,14.710,15.454,14.487,12.777,12.009,11.778,10.357,8.624,9.120,8.096,6.802,7.642,5.707,0.000,5.616,7.519,6.162,6.824,10.010,11.200,11.792,13.587
16.470,16.393,16.778,16.711,16.126,16.555,17.014,15.249,14.301,14.376,12.837,11.072,11.348,10.219,8.088,7.078,7.589,5.616,0.000,5.534,7.493,6.174,6.935,10.159,11.678,12.563
16.354,16.274,16.563,16.732,15.900,16.800,16.683,15.877,15.120,15.602,14.210,12.260,12.269,11.767,10.456,7.954,6.651,7.519,5.534,0.000,5.589,7.483,6.242,7.285,10.387,11.996
15.391,14.701,15.201,15.006,14.127,14.784,14.221,12.265,13.594,14.393,13.110,11.813,12.283,11.638,10.982,10.468,7.290,6.162,7.493,5.589,0.000,5.469,7.436,6.552,7.953,10.391
15.582,14.895,15.471,15.110,13.997,14.770,14.458,12.920,13.401,15.316,14.225,12.786,13.514,12.782,11.282,11.260,10.073,6.824,6.174,7.483,5.469,0.000,5.415,7.528,7.404,8.768
16.265,15.888,16.386,16.130,15.395,16.058,16.403,15.424,15.549,16.762,16.592,14.972,15.445,14.842,13.021,11.588,11.136,10.010,6.935,6.242,7.436,5.415,0.000,5.472,7.700,8.410
16.124,15.660,16.154,16.120,15.269,16.168,16.125,14.923,15.506,16.899,15.782,15.537,16.274,15.978,15.103,13.255,11.460,11.200,10.159,7.285,6.552,7.528,5.472,0.000,5.575,7.923
15.495,14.732,15.498,15.180,14.345,15.484,15.187,13.699,14.894,16.304,15.517,14.565,16.772,16.691,15.941,15.565,13.409,11.792,11.678,10.387,7.953,7.404,7.700,5.575,0.000,5.841
15.990,15.851,16.506,16.093,15.378,16.084,16.052,15.270,15.721,16.894,16.635,15.968,16.958,17.643,16.884,16.594,15.455,13.587,12.563,11.996,10.391,8.768,8.410,7.923,5.841,0.000