c1,c2,c3,c4,c5,c6,c7,c8,c9,c10,c11,c12,c13,c14,c15,c16,c17,c18,c19,c20,c21,c22,c23,c24,c25,c26
0.000,5.836,7.528,10.132,12.724,15.433,16.049,15.759,15.767,15.677,15.238,15.507,15.146,16.143,16.757,16.683,16.488,16.268,16.414,16.388,16.112,15.726,15.456,15.408,15.238,15.146
5.836,0.000,5.738,7.349,9.521,12.615,14.060,14.806,14.488,14.588,14.514,14.716,14.257,15.036,15.835,16.109,15.681,15.276,15.799,15.918,15.385,14.995,14.414,14.502,14.476,14.590
7.528,5.738,0.000,5.730,7.099,10.109,11.791,13.387,12.993,13.905,13.529,14.342,13.644,13.840,14.708,15.418,14.762,14.088,15.400,15.730,15.188,14.868,14.653,14.465,14.613,14.537
10.132,7.349,5.730,0.000,5.795,7.198,9.358,11.041,11.338,13.524,13.998,15.146,14.680,13.521,14.422,15.758,14.926,13.517,15.073,15.478,14.835,14.532,14.582,14.607,14.922,14.777
12.724,9.521,7.099,5.795,0.000,5.689,7.137,8.973,9.171,12.214,12.802,14.571,14.003,12.528,13.130,14.507,13.501,11.932,13.839,14.586,13.980,14.095,14.187,14.047,14.592,14.410
15.433,12.615,10.109,7.198,5.689,0.000,5.741,7.444,7.673,10.713,11.873,13.856,14.131,12.388,12.994,14.372,13.500,11.867,13.735,14.250,13.812,14.122,14.832,14.813,15.167,14.840
16.049,14.060,11.791,9.358,7.137,5.741,0.000,5.449,7.472,10.407,11.740,14.063,14.285,11.769,12.465,13.938,12.576,10.733,12.808,13.586,13.136,13.498,14.198,14.536,14.890,14.538
15.759,14.806,13.387,11.041,8.973,7.444,5.449,0.000,5.883,8.239,10.435,12.690,13.137,10.192,10.844,12.748,11.688,9.909,12.261,13.544,13.573,13.971,15.085,15.266,15.591,15.115
15.767,14.488,12.993,11.338,9.171,7.673,7.472,5.883,0.000,5.945,7.316,9.658,10.594,7.808,8.655,11.116,10.735,9.930,11.815,13.310,13.721,14.366,15.749,15.795,16.149,15.763
15.677,14.588,13.905,13.524,12.214,10.713,10.407,8.239,5.945,0.000,5.941,8.731,9.732,7.790,8.273,10.819,11.373,11.515,13.853,15.373,15.727,15.999,16.882,16.739,17.041,16.463
15.238,14.514,13.529,13.998,12.802,11.873,11.740,10.435,7.316,5.941,0.000,5.968,5.863,5.770,7.635,9.537,10.681,11.707,13.145,14.377,15.144,15.895,17.291,16.901,17.124,16.677
15.507,14.716,14.342,15.146,14.571,13.856,14.063,12.690,9.658,8.731,5.968,0.000,5.616,7.575,7.285,9.286,11.411,12.540,13.113,14.453,15.797,16.143,17.038,17.214,17.022,16.533
15.146,14.257,13.644,14.680,14.003,14.131,14.285,13.137,10.594,9.732,5.863,5.616,0.000,5.639,7.572,8.421,9.902,11.929,13.361,13.496,14.657,15.580,16.825,16.840,17.190,16.474
16.143,15.036,13.840,13.521,12.528,12.388,11.769,10.192,7.808,7.790,5.770,7.575,5.639,0.000,5.884,7.688,8.549,9.582,12.547,13.524,13.492,14.230,15.937,16.084,16.433,16.200
16.757,15.835,14.708,14.422,13.130,12.994,12.465,10.844,8.655,8.273,7.635,7.285,7.572,5.884,0.000,5.883,7.730,8.353,9.966,12.820,13.840,13.512,14.884,15.262,15.945,15.816
16.683,16.109,15.418,15.758,14.507,14.372,13.938,12.748,11.116,10.819,9.537,9.286,8.421,7.688,5.883,0.000,6.006,7.585,8.591,10.214,13.082,13.734,14.442,14.660,15.619,15.631
16.488,15.681,14.762,14.926,13.501,13.500,12.576,11.688,10.735,11.373,10.681,11.411,9.902,8.549,7.730,6.006,0.000,5.929,7.631,8.661,10.605,12.529,14.086,14.157,14.895,15.047
16.268,15.276,14.088,13.517,11.932,11.867,10.733,9.909,9.930,11.515,11.707,12.540,11.929,9.582,8.353,7.585,5.929,0.000,5.895,7.576,8.952,10.126,12.453,13.202,14.074,14.123
16.414,15.799,15.400,15.073,13.839,13.735,12.808,12.261,11.815,13.853,13.145,13.113,13.361,12.547,9.966,8.591,7.631,5.895,0.000,5.961,7.453,8.120,10.334,11.658,13.396,13.706
16.388,15.918,15.730,15.478,14.586,14.250,13.586,13.544,13.310,15.373,14.377,14.453,13.496,13.524,12.820,10.214,8.661,7.576,5.961,0.000,5.728,7.931,9.513,11.005,13.356,13.977
16.112,15.385,15.188,14.835,13.980,13.812,13.136,13.573,13.721,15.727,15.144,15.797,14.657,13.492,13.840,13.082,10.605,8.952,7.453,5.728,0.000,5.969,7.980,9.568,11.850,13.159
15.726,14.995,14.868,14.532,14.095,14.122,13.498,13.971,14.366,15.999,15.895,16.143,15.580,14.230,13.512,13.734,12.529,10.126,8.120,7.931,5.969,0.000,5.945,7.340,9.671,11.250
15.456,14.414,14.653,14.582,14.187,14.832,14.198,15.085,15.749,16.882,17.291,17.038,16.825,15.937,14.884,14.442,14.086,12.453,10.334,9.513,7.980,5.945,0.000,5.995,7.543,9.713
15.408,14.502,14.465,14.607,14.047,14.813,14.536,15.266,15.795,16.739,16.901,17.214,16.840,16.084,15.262,14.660,14.157,13.202,11.658,11.005,9.568,7.340,5.995,0.000,6.076,7.941
15.238,14.476,14.613,14.922,14.592,15.167,14.890,15.591,16.149,17.041,17.124,17.022,17.190,16.433,15.945,15.619,14.895,14.074,13.396,13.356,11.850,9.671,7.543,6.076,0.000,6.523
15.146,14.590,14.537,14.777,14.410,14.840,14.538,15.115,15.763,16.463,16.677,16.533,16.474,16.200,15.816,15.631,15.047,14.123,13.706,13.977,13.159,11.250,9.713,7.941,6.523,0.000