c1,c2,c3,c4,c5,c6,c7,c8,c9,c10,c11,c12,c13,c14,c15,c16,c17,c18,c19,c20,c21,c22,c23,c24,c25,c26
0.000,5.883,7.479,9.477,11.895,13.737,14.499,15.607,16.309,16.500,16.547,16.457,16.407,16.399,15.949,16.000,15.812,15.295,15.093,15.138,14.654,14.684,14.962,14.378,14.633,14.351
5.883,0.000,5.686,7.385,9.645,11.786,13.179,14.901,15.974,16.090,16.131,16.084,15.938,15.866,15.392,15.678,15.333,14.612,14.734,14.755,13.875,14.307,14.687,13.985,14.255,13.988
7.479,5.686,0.000,5.693,7.366,9.378,10.752,13.245,15.137,15.293,15.395,15.578,15.517,15.354,14.795,15.083,14.451,13.760,14.073,13.776,12.751,13.417,14.131,13.387,14.102,13.336
9.477,7.385,5.693,0.000,5.643,7.414,9.274,11.680,14.297,15.033,15.252,15.392,15.416,15.229,14.805,15.108,14.490,13.929,14.617,14.182,13.536,14.642,15.094,14.235,15.072,14.401
11.895,9.645,7.366,5.643,0.000,5.683,7.352,9.433,11.974,13.287,14.316,14.570,14.414,14.362,13.861,14.180,13.452,13.000,13.683,13.021,12.271,13.787,14.211,13.275,14.478,13.630
13.737,11.786,9.378,7.414,5.683,0.000,5.703,7.581,10.327,11.663,13.411,14.085,13.877,13.884,13.574,13.914,13.397,13.715,14.545,13.858,13.409,15.059,15.351,14.524,15.732,15.135
14.499,13.179,10.752,9.274,7.352,5.703,0.000,5.792,8.482,10.176,11.683,12.802,12.999,12.861,12.868,12.903,12.075,12.662,13.738,12.914,12.391,13.862,14.523,13.943,15.173,14.539
15.607,14.901,13.245,11.680,9.433,7.581,5.792,0.000,6.052,7.639,8.897,10.703,11.858,12.327,12.827,12.701,12.216,13.297,14.517,14.008,13.975,15.395,15.407,14.844,16.057,15.873
16.309,15.974,15.137,14.297,11.974,10.327,8.482,6.052,0.000,5.939,7.594,8.878,9.874,11.263,12.176,11.755,11.366,13.216,14.334,13.948,14.734,15.951,15.834,15.466,16.697,16.671
16.500,16.090,15.293,15.033,13.287,11.663,10.176,7.639,5.939,0.000,5.912,7.627,9.428,10.606,12.071,11.370,11.337,13.182,14.194,13.835,15.075,16.619,15.914,15.500,16.644,16.706
16.547,16.131,15.395,15.252,14.316,13.411,11.683,8.897,7.594,5.912,0.000,6.068,8.176,9.244,10.360,10.262,9.943,11.653,12.732,13.100,14.140,15.451,16.022,15.424,16.700,16.729
16.457,16.084,15.578,15.392,14.570,14.085,12.802,10.703,8.878,7.627,6.068,0.000,6.052,8.248,9.311,8.917,10.217,11.734,12.275,12.862,14.569,15.818,16.383,17.230,17.901,17.485
16.407,15.938,15.517,15.416,14.414,13.877,12.999,11.858,9.874,9.428,8.176,6.052,0.000,6.293,7.323,7.324,8.170,10.180,10.995,11.595,13.153,14.721,15.644,16.714,18.209,17.355
16.399,15.866,15.354,15.229,14.362,13.884,12.861,12.327,11.263,10.606,9.244,8.248,6.293,0.000,6.206,7.612,6.919,7.563,10.323,11.217,11.174,12.936,15.099,15.887,17.434,16.899
15.949,15.392,14.795,14.805,13.861,13.574,12.868,12.827,12.176,12.071,10.360,9.311,7.323,6.206,0.000,6.201,7.627,6.527,7.211,10.166,11.097,11.099,12.929,15.187,16.753,16.213
16.000,15.678,15.083,15.108,14.180,13.914,12.903,12.701,11.755,11.370,10.262,8.917,7.324,7.612,6.201,0.000,5.914,7.591,6.549,7.426,10.371,11.315,11.272,13.091,15.912,15.618
15.812,15.333,14.451,14.490,13.452,13.397,12.075,12.216,11.366,11.337,9.943,10.217,8.170,6.919,7.627,5.914,0.000,5.672,7.537,6.395,7.245,10.214,11.310,11.499,14.197,14.212
15.295,14.612,13.760,13.929,13.000,13.715,12.662,13.297,13.216,13.182,11.653,11.734,10.180,7.563,6.527,7.591,5.672,0.000,5.717,7.493,6.104,7.009,10.132,11.373,12.894,12.853
15.093,14.734,14.073,14.617,13.683,14.545,13.738,14.517,14.334,14.194,12.732,12.275,10.995,10.323,7.211,6.549,7.537,5.717,0.000,5.556,7.440,6.249,7.100,10.327,12.354,12.187
15.138,14.755,13.776,14.182,13.021,13.858,12.914,14.008,13.948,13.835,13.100,12.862,11.595,11.217,10.166,7.426,6.395,7.493,5.556,0.000,5.561,7.460,6.440,7.496,10.905,11.339
14.654,13.875,12.751,13.536,12.271,13.409,12.391,13.975,14.734,15.075,14.140,14.569,13.153,11.174,11.097,10.371,7.245,6.104,7.440,5.561,0.000,5.543,7.493,6.617,9.023,8.851
14.684,14.307,13.417,14.642,13.787,15.059,13.862,15.395,15.951,16.619,15.451,15.818,14.721,12.936,11.099,11.315,10.214,7.009,6.249,7.460,5.543,0.000,5.456,7.498,8.249,8.824
14.962,14.687,14.131,15.094,14.211,15.351,14.523,15.407,15.834,15.914,16.022,16.383,15.644,15.099,12.929,11.272,11.310,10.132,7.100,6.440,7.493,5.456,0.000,5.542,7.790,8.789
14.378,13.985,13.387,14.235,13.275,14.524,13.943,14.844,15.466,15.500,15.424,17.230,16.714,15.887,15.187,13.091,11.499,11.373,10.327,7.496,6.617,7.498,5.542,0.000,5.625,7.567
14.633,14.255,14.102,15.072,14.478,15.732,15.173,16.057,16.697,16.644,16.700,17.901,18.209,17.434,16.753,15.912,14.197,12.894,12.354,10.905,9.023,8.249,7.790,5.625,0.000,6.206
14.351,13.988,13.336,14.401,13.630,15.135,14.539,15.873,16.671,16.706,16.729,17.485,17.355,16.899,16.213,15.618,14.212,12.853,12.187,11.339,8.851,8.824,8.789,7.567,6.206,0.000