c1,c2,c3,c4,c5,c6,c7,c8,c9,c10,c11,c12,c13,c14,c15,c16,c17,c18,c19,c20,c21,c22,c23,c24,c25,c26
0.000,6.202,7.820,10.440,12.370,12.789,11.324,11.019,12.084,12.528,12.575,12.678,14.401,15.040,14.535,14.995,15.458,14.873,13.249,13.727,12.583,13.458,13.350,14.640,14.755,14.941
6.202,0.000,5.859,7.755,9.745,9.952,8.638,8.809,10.591,11.723,12.106,12.202,14.385,15.125,14.830,15.332,15.925,15.203,13.551,13.846,12.233,13.262,12.968,14.409,14.345,14.444
7.820,5.859,0.000,6.028,7.190,7.705,7.224,8.146,9.991,11.374,12.066,12.651,14.707,15.666,15.446,16.154,16.580,15.619,13.588,14.049,11.909,13.059,12.161,13.735,13.727,13.949
10.440,7.755,6.028,0.000,5.402,8.512,9.468,10.870,13.292,14.731,15.150,15.111,16.843,17.102,16.764,16.914,17.164,16.524,15.387,15.816,14.119,15.015,14.165,15.034,14.396,14.454
12.370,9.745,7.190,5.402,0.000,5.519,7.941,10.135,12.558,14.259,14.998,15.119,16.809,17.158,16.994,16.982,17.201,16.854,15.951,16.365,14.520,15.447,13.955,14.891,14.312,14.345
12.789,9.952,7.705,8.512,5.519,0.000,6.060,7.771,10.530,12.349,13.858,14.313,16.464,16.715,16.729,16.782,17.195,16.991,15.723,16.191,13.849,14.563,12.996,13.756,13.704,13.586
11.324,8.638,7.224,9.468,7.941,6.060,0.000,6.048,7.737,9.524,10.576,11.731,14.812,15.377,15.347,15.670,16.089,15.880,14.039,14.441,11.603,12.670,11.409,12.705,13.317,12.930
11.019,8.809,8.146,10.870,10.135,7.771,6.048,0.000,6.280,7.106,9.435,10.729,13.591,15.747,15.706,15.964,16.650,16.452,14.360,14.476,11.619,12.197,10.619,11.582,12.190,12.156
12.084,10.591,9.991,13.292,12.558,10.530,7.737,6.280,0.000,6.277,8.274,8.772,11.800,14.277,14.621,15.307,15.559,15.152,12.971,13.002,10.229,10.792,9.616,10.316,11.222,11.127
12.528,11.723,11.374,14.731,14.259,12.349,9.524,7.106,6.277,0.000,6.079,8.179,10.290,13.003,14.110,16.084,16.488,15.634,12.852,12.547,9.664,9.880,9.316,10.365,11.778,12.345
12.575,12.106,12.066,15.150,14.998,13.858,10.576,9.435,8.274,6.079,0.000,6.717,7.852,11.112,12.344,15.062,16.133,14.965,11.990,11.580,9.951,9.289,10.242,10.622,12.514,12.983
12.678,12.202,12.651,15.111,15.119,14.313,11.731,10.729,8.772,8.179,6.717,0.000,6.552,8.477,8.985,11.634,12.700,11.828,8.716,9.486,8.194,9.759,11.338,12.935,14.640,14.739
14.401,14.385,14.707,16.843,16.809,16.464,14.812,13.591,11.800,10.290,7.852,6.552,0.000,6.645,8.444,10.842,12.578,12.599,10.252,9.562,10.134,9.965,12.123,13.049,14.804,15.344
15.040,15.125,15.666,17.102,17.158,16.715,15.377,15.747,14.277,13.003,11.112,8.477,6.645,0.000,6.868,8.130,10.208,10.074,9.219,9.898,11.187,12.056,14.250,15.408,16.279,16.415
14.535,14.830,15.446,16.764,16.994,16.729,15.347,15.706,14.621,14.110,12.344,8.985,8.444,6.868,0.000,6.358,7.945,8.270,7.595,8.079,10.085,11.476,13.266,15.074,15.877,15.967
14.995,15.332,16.154,16.914,16.982,16.782,15.670,15.964,15.307,16.084,15.062,11.634,10.842,8.130,6.358,0.000,5.891,7.557,8.650,9.057,12.001,13.248,14.984,15.742,16.080,16.230
15.458,15.925,16.580,17.164,17.201,17.195,16.089,16.650,15.559,16.488,16.133,12.700,12.578,10.208,7.945,5.891,0.000,5.550,8.495,9.615,12.357,14.391,15.885,16.367,16.494,16.642
14.873,15.203,15.619,16.524,16.854,16.991,15.880,16.452,15.152,15.634,14.965,11.828,12.599,10.074,8.270,7.557,5.550,0.000,5.804,7.610,10.386,12.627,14.918,16.422,16.153,16.123
13.249,13.551,13.588,15.387,15.951,15.723,14.039,14.360,12.971,12.852,11.990,8.716,10.252,9.219,7.595,8.650,8.495,5.804,0.000,6.010,7.244,9.910,12.092,14.619,15.597,15.498
13.727,13.846,14.049,15.816,16.365,16.191,14.441,14.476,13.002,12.547,11.580,9.486,9.562,9.898,8.079,9.057,9.615,7.610,6.010,0.000,5.948,7.520,10.295,12.549,14.313,14.756
12.583,12.233,11.909,14.119,14.520,13.849,11.603,11.619,10.229,9.664,9.951,8.194,10.134,11.187,10.085,12.001,12.357,10.386,7.244,5.948,0.000,6.086,7.549,10.230,11.821,12.753
13.458,13.262,13.059,15.015,15.447,14.563,12.670,12.197,10.792,9.880,9.289,9.759,9.965,12.056,11.476,13.248,14.391,12.627,9.910,7.520,6.086,0.000,6.201,7.558,9.625,11.018
13.350,12.968,12.161,14.165,13.955,12.996,11.409,10.619,9.616,9.316,10.242,11.338,12.123,14.250,13.266,14.984,15.885,14.918,12.092,10.295,7.549,6.201,0.000,6.266,7.710,8.544
14.640,14.409,13.735,15.034,14.891,13.756,12.705,11.582,10.316,10.365,10.622,12.935,13.049,15.408,15.074,15.742,16.367,16.422,14.619,12.549,10.230,7.558,6.266,0.000,6.423,8.021
14.755,14.345,13.727,14.396,14.312,13.704,13.317,12.190,11.222,11.778,12.514,14.640,14.804,16.279,15.877,16.080,16.494,16.153,15.597,14.313,11.821,9.625,7.710,6.423,0.000,6.807
14.941,14.444,13.949,14.454,14.345,13.586,12.930,12.156,11.127,12.345,12.983,14.739,15.344,16.415,15.967,16.230,16.642,16.123,15.498,14.756,12.753,11.018,8.544,8.021,6.807,0.000