c1,c2,c3,c4,c5,c6,c7,c8,c9,c10,c11,c12,c13,c14,c15,c16,c17,c18,c19,c20,c21,c22,c23,c24,c25,c26
0.000,5.998,7.694,9.863,11.930,14.480,15.089,15.091,15.202,15.673,15.512,15.601,15.830,15.856,16.189,16.247,16.323,16.149,16.348,15.494,15.015,14.709,13.983,14.240,14.186,14.806
5.998,0.000,5.827,7.644,9.103,12.004,13.220,14.615,14.222,14.798,14.803,14.733,15.305,15.892,15.998,16.030,16.202,15.680,15.649,14.635,13.980,13.835,13.189,13.692,13.982,14.852
7.694,5.827,0.000,5.942,7.009,9.773,11.118,12.929,13.989,13.812,13.720,13.950,14.195,14.964,15.513,15.220,15.452,14.730,14.763,13.922,13.381,13.109,12.329,13.301,13.666,14.675
9.863,7.644,5.942,0.000,5.847,8.139,9.836,11.935,13.565,14.955,13.910,14.036,14.793,15.553,16.008,16.224,15.807,14.599,14.601,13.470,13.218,13.460,12.962,14.212,14.541,15.366
11.930,9.103,7.009,5.847,0.000,5.822,7.217,9.150,10.600,12.903,13.524,12.755,13.202,14.519,15.024,15.247,15.098,13.640,13.792,12.680,12.222,13.077,12.731,13.898,14.483,15.395
14.480,12.004,9.773,8.139,5.822,0.000,5.798,7.509,9.361,11.438,13.135,13.450,13.231,14.271,14.779,14.401,14.418,12.951,12.752,12.345,12.579,13.863,13.766,14.980,15.520,16.038
15.089,13.220,11.118,9.836,7.217,5.798,0.000,5.737,7.517,9.552,10.997,12.407,13.376,13.722,14.055,14.088,14.114,12.373,12.944,12.603,12.375,13.574,13.435,14.727,15.128,15.665
15.091,14.615,12.929,11.935,9.150,7.509,5.737,0.000,5.885,7.390,8.923,10.027,12.063,13.290,13.068,12.595,12.806,11.535,12.333,13.443,13.355,14.621,14.625,15.654,16.084,16.296
15.202,14.222,13.989,13.565,10.600,9.361,7.517,5.885,0.000,5.897,7.738,8.962,10.404,12.869,13.598,13.250,13.168,12.189,12.654,13.932,14.244,14.980,15.070,16.002,16.357,16.506
15.673,14.798,13.812,14.955,12.903,11.438,9.552,7.390,5.897,0.000,6.201,7.902,9.365,11.213,12.990,13.001,13.345,12.467,13.298,14.569,14.989,15.704,15.584,16.363,16.553,16.619
15.512,14.803,13.720,13.910,13.524,13.135,10.997,8.923,7.738,6.201,0.000,6.395,7.697,9.220,10.747,11.793,12.892,12.061,12.751,14.075,14.524,15.175,15.533,16.096,16.400,16.557
15.601,14.733,13.950,14.036,12.755,13.450,12.407,10.027,8.962,7.902,6.395,0.000,6.424,8.123,9.604,10.345,12.018,11.699,12.161,13.256,13.744,14.430,14.846,15.689,15.894,16.309
15.830,15.305,14.195,14.793,13.202,13.231,13.376,12.063,10.404,9.365,7.697,6.424,0.000,6.555,7.997,8.828,10.411,10.869,11.808,12.559,13.103,13.927,14.429,15.448,16.060,16.234
15.856,15.892,14.964,15.553,14.519,14.271,13.722,13.290,12.869,11.213,9.220,8.123,6.555,0.000,6.604,8.432,10.058,10.593,11.819,13.036,13.097,13.802,14.636,15.478,16.168,16.535
16.189,15.998,15.513,16.008,15.024,14.779,14.055,13.068,13.598,12.990,10.747,9.604,7.997,6.604,0.000,6.872,8.264,9.405,10.534,11.992,12.550,12.824,13.827,14.928,15.757,16.455
16.247,16.030,15.220,16.224,15.247,14.401,14.088,12.595,13.250,13.001,11.793,10.345,8.828,8.432,6.872,0.000,6.503,7.802,8.934,9.763,11.013,12.129,12.636,13.646,14.946,15.814
16.323,16.202,15.452,15.807,15.098,14.418,14.114,12.806,13.168,13.345,12.892,12.018,10.411,10.058,8.264,6.503,0.000,6.283,8.027,8.914,9.703,11.560,12.770,13.257,14.353,15.841
16.149,15.680,14.730,14.599,13.640,12.951,12.373,11.535,12.189,12.467,12.061,11.699,10.869,10.593,9.405,7.802,6.283,0.000,6.101,7.241,7.814,9.520,11.325,12.886,13.435,14.771
16.348,15.649,14.763,14.601,13.792,12.752,12.944,12.333,12.654,13.298,12.751,12.161,11.808,11.819,10.534,8.934,8.027,6.101,0.000,5.860,7.690,8.683,9.979,12.439,13.751,14.453
15.494,14.635,13.922,13.470,12.680,12.345,12.603,13.443,13.932,14.569,14.075,13.256,12.559,13.036,11.992,9.763,8.914,7.241,5.860,0.000,5.899,7.706,8.452,10.394,12.530,13.892
15.015,13.980,13.381,13.218,12.222,12.579,12.375,13.355,14.244,14.989,14.524,13.744,13.103,13.097,12.550,11.013,9.703,7.814,7.690,5.899,0.000,5.911,7.624,8.594,10.477,12.841
14.709,13.835,13.109,13.460,13.077,13.863,13.574,14.621,14.980,15.704,15.175,14.430,13.927,13.802,12.824,12.129,11.560,9.520,8.683,7.706,5.911,0.000,5.853,7.607,9.042,10.835
13.983,13.189,12.329,12.962,12.731,13.766,13.435,14.625,15.070,15.584,15.533,14.846,14.429,14.636,13.827,12.636,12.770,11.325,9.979,8.452,7.624,5.853,0.000,6.064,7.583,8.889
14.240,13.692,13.301,14.212,13.898,14.980,14.727,15.654,16.002,16.363,16.096,15.689,15.448,15.478,14.928,13.646,13.257,12.886,12.439,10.394,8.594,7.607,6.064,0.000,5.955,8.242
14.186,13.982,13.666,14.541,14.483,15.520,15.128,16.084,16.357,16.553,16.400,15.894,16.060,16.168,15.757,14.946,14.353,13.435,13.751,12.530,10.477,9.042,7.583,5.955,0.000,6.371
14.806,14.852,14.675,15.366,15.395,16.038,15.665,16.296,16.506,16.619,16.557,16.309,16.234,16.535,16.455,15.814,15.841,14.771,14.453,13.892,12.841,10.835,8.889,8.242,6.371,0.000