c1,c2,c3,c4,c5,c6,c7,c8,c9,c10,c11,c12,c13,c14,c15,c16,c17,c18,c19,c20,c21,c22,c23,c24,c25,c26
0.000,6.384,8.083,10.788,14.309,14.831,13.476,11.800,9.095,9.350,8.639,9.350,11.464,12.938,14.049,13.814,14.373,14.676,14.710,14.376,13.825,15.360,15.533,14.734,15.260,15.045
6.384,0.000,5.969,7.676,10.952,12.499,11.927,10.075,8.077,7.096,8.044,7.378,10.811,12.115,13.413,13.085,13.287,13.141,13.396,12.849,12.055,14.053,14.493,13.618,14.523,14.451
8.083,5.969,0.000,6.124,8.463,9.346,8.280,7.492,6.425,8.117,10.175,11.069,13.907,15.172,16.083,15.484,15.570,15.173,15.008,14.384,12.957,14.825,14.782,13.770,14.473,14.283
10.788,7.676,6.124,0.000,5.704,5.947,7.207,5.754,6.787,6.777,9.967,10.559,13.754,14.880,15.598,15.024,15.005,14.387,14.309,13.957,12.790,14.568,14.491,13.630,14.556,14.430
14.309,10.952,8.463,5.704,0.000,5.672,7.654,8.309,10.431,11.171,13.980,14.254,16.241,16.568,16.544,16.436,16.188,15.379,14.967,14.604,13.151,14.507,14.028,13.464,14.090,14.254
14.831,12.499,9.346,5.947,5.672,0.000,5.505,7.069,10.060,11.421,14.202,15.321,16.807,16.790,16.699,16.783,16.558,16.128,15.743,15.683,14.380,15.304,14.920,14.429,14.846,14.826
13.476,11.927,8.280,7.207,7.654,5.505,0.000,6.411,8.254,10.924,13.227,15.068,17.061,17.078,17.046,17.012,16.875,16.596,16.302,16.219,15.069,15.876,15.495,14.652,15.030,14.736
11.800,10.075,7.492,5.754,8.309,7.069,6.411,0.000,6.195,7.923,10.694,12.654,15.562,16.812,16.854,16.287,16.276,15.932,15.694,15.512,14.353,15.324,15.048,14.264,14.712,14.478
9.095,8.077,6.425,6.787,10.431,10.060,8.254,6.195,0.000,6.648,7.953,10.107,12.951,15.135,16.107,14.981,14.947,14.723,14.681,14.318,13.237,14.521,14.412,13.468,14.292,13.950
9.350,7.096,8.117,6.777,11.171,11.421,10.924,7.923,6.648,0.000,6.520,7.622,10.595,12.886,14.208,12.982,13.417,13.539,13.958,13.716,13.176,14.693,15.071,14.213,15.105,14.896
8.639,8.044,10.175,9.967,13.980,14.202,13.227,10.694,7.953,6.520,0.000,6.667,7.826,10.692,12.006,11.860,13.021,13.741,14.240,14.065,13.375,15.033,15.374,14.533,15.203,15.246
9.350,7.378,11.069,10.559,14.254,15.321,15.068,12.654,10.107,7.622,6.667,0.000,6.647,8.226,9.681,9.184,10.181,11.022,11.788,11.562,11.208,13.012,13.901,13.416,14.551,14.800
11.464,10.811,13.907,13.754,16.241,16.807,17.061,15.562,12.951,10.595,7.826,6.647,0.000,6.571,7.381,8.258,9.859,11.977,13.013,13.083,13.370,14.862,15.612,15.079,15.769,16.000
12.938,12.115,15.172,14.880,16.568,16.790,17.078,16.812,15.135,12.886,10.692,8.226,6.571,0.000,6.432,7.767,9.376,10.724,12.301,12.796,13.194,14.351,15.536,15.106,15.740,16.080
14.049,13.413,16.083,15.598,16.544,16.699,17.046,16.854,16.107,14.208,12.006,9.681,7.381,6.432,0.000,6.469,8.387,10.441,11.670,12.595,14.173,15.125,16.019,15.864,16.492,16.628
13.814,13.085,15.484,15.024,16.436,16.783,17.012,16.287,14.981,12.982,11.860,9.184,8.258,7.767,6.469,0.000,6.249,8.884,10.179,10.457,12.881,14.018,15.330,15.059,16.129,16.422
14.373,13.287,15.570,15.005,16.188,16.558,16.875,16.276,14.947,13.417,13.021,10.181,9.859,9.376,8.387,6.249,0.000,6.296,7.446,7.642,10.015,11.778,14.070,13.898,15.401,15.895
14.676,13.141,15.173,14.387,15.379,16.128,16.596,15.932,14.723,13.539,13.741,11.022,11.977,10.724,10.441,8.884,6.296,0.000,5.978,7.312,8.864,10.363,13.130,12.934,14.677,14.977
14.710,13.396,15.008,14.309,14.967,15.743,16.302,15.694,14.681,13.958,14.240,11.788,13.013,12.301,11.670,10.179,7.446,5.978,0.000,5.935,7.649,8.553,11.285,11.566,14.255,14.592
14.376,12.849,14.384,13.957,14.604,15.683,16.219,15.512,14.318,13.716,14.065,11.562,13.083,12.796,12.595,10.457,7.642,7.312,5.935,0.000,5.999,7.684,9.812,9.510,12.720,13.086
13.825,12.055,12.957,12.790,13.151,14.380,15.069,14.353,13.237,13.176,13.375,11.208,13.370,13.194,14.173,12.881,10.015,8.864,7.649,5.999,0.000,6.141,7.412,6.202,9.945,10.574
15.360,14.053,14.825,14.568,14.507,15.304,15.876,15.324,14.521,14.693,15.033,13.012,14.862,14.351,15.125,14.018,11.778,10.363,8.553,7.684,6.141,0.000,5.598,7.556,9.781,11.345
15.533,14.493,14.782,14.491,14.028,14.920,15.495,15.048,14.412,15.071,15.374,13.901,15.612,15.536,16.019,15.330,14.070,13.130,11.285,9.812,7.412,5.598,0.000,6.019,7.979,10.368
14.734,13.618,13.770,13.630,13.464,14.429,14.652,14.264,13.468,14.213,14.533,13.416,15.079,15.106,15.864,15.059,13.898,12.934,11.566,9.510,6.202,7.556,6.019,0.000,6.115,7.730
15.260,14.523,14.473,14.556,14.090,14.846,15.030,14.712,14.292,15.105,15.203,14.551,15.769,15.740,16.492,16.129,15.401,14.677,14.255,12.720,9.945,9.781,7.979,6.115,0.000,6.578
15.045,14.451,14.283,14.430,14.254,14.826,14.736,14.478,13.950,14.896,15.246,14.800,16.000,16.080,16.628,16.422,15.895,14.977,14.592,13.086,10.574,11.345,10.368,7.730,6.578,0.000