c1,c2,c3,c4,c5,c6,c7,c8,c9,c10,c11,c12,c13,c14,c15,c16,c17,c18,c19,c20,c21,c22,c23,c24,c25,c26
0.000,6.632,7.942,10.125,12.127,13.397,12.603,12.901,13.915,14.028,13.757,13.706,14.035,14.596,14.929,14.896,15.087,14.626,14.594,13.885,14.517,15.122,15.626,15.864,15.848,15.849
6.632,0.000,6.149,7.813,9.481,10.926,10.128,11.377,12.318,12.443,12.832,12.640,12.862,13.423,13.840,14.158,14.656,14.347,14.164,13.362,13.532,14.508,14.919,15.353,15.624,15.552
7.942,6.149,0.000,5.716,8.484,9.814,9.915,11.748,13.513,13.663,14.185,14.388,14.232,14.639,14.487,14.853,15.249,14.927,14.586,13.885,14.124,14.769,15.277,15.697,15.972,15.843
10.125,7.813,5.716,0.000,5.954,6.662,7.662,10.620,12.769,14.334,14.891,15.207,14.485,14.921,14.093,14.792,14.995,14.779,14.444,13.403,13.487,14.388,14.757,15.247,15.791,15.758
12.127,9.481,8.484,5.954,0.000,5.670,7.499,9.059,11.763,14.054,15.289,15.205,14.160,14.638,13.748,14.365,14.601,14.615,14.269,13.316,12.822,13.663,13.920,14.410,15.185,15.318
13.397,10.926,9.814,6.662,5.670,0.000,5.996,7.690,10.322,12.587,14.574,14.909,13.663,14.425,13.579,14.828,14.925,15.246,14.736,13.721,12.746,13.662,13.883,14.321,15.028,15.171
12.603,10.128,9.915,7.662,7.499,5.996,0.000,6.096,7.381,10.105,11.668,12.569,11.780,13.127,12.359,14.087,14.639,15.000,14.253,13.394,11.736,12.898,13.003,13.490,14.321,14.529
12.901,11.377,11.748,10.620,9.059,7.690,6.096,0.000,6.442,8.063,10.363,11.114,10.838,12.400,11.986,13.857,14.462,14.942,14.646,14.008,12.321,13.411,13.181,13.460,14.175,14.200
13.915,12.318,13.513,12.769,11.763,10.322,7.381,6.442,0.000,6.424,7.605,8.693,8.379,10.672,11.035,13.516,14.472,15.217,14.424,13.737,11.928,12.996,12.626,12.703,13.474,13.880
14.028,12.443,13.663,14.334,14.054,12.587,10.105,8.063,6.424,0.000,6.215,8.151,9.019,11.669,12.859,15.442,15.971,16.093,15.702,15.218,13.395,14.001,13.350,12.978,13.240,13.595
13.757,12.832,14.185,14.891,15.289,14.574,11.668,10.363,7.605,6.215,0.000,6.266,7.380,10.137,11.781,14.680,16.141,16.368,15.298,14.769,13.008,13.397,13.053,12.574,12.983,13.527
13.706,12.640,14.388,15.207,15.205,14.909,12.569,11.114,8.693,8.151,6.266,0.000,6.549,8.567,11.045,13.599,15.940,16.839,15.152,14.673,12.906,13.398,13.005,12.908,13.658,14.174
14.035,12.862,14.232,14.485,14.160,13.663,11.780,10.838,8.379,9.019,7.380,6.549,0.000,6.456,7.618,10.571,13.093,14.453,12.757,12.554,10.692,11.760,11.883,12.441,13.881,14.659
14.596,13.423,14.639,14.921,14.638,14.425,13.127,12.400,10.672,11.669,10.137,8.567,6.456,0.000,6.418,7.821,10.700,12.485,11.424,12.518,11.414,12.203,13.090,13.418,15.219,15.695
14.929,13.840,14.487,14.093,13.748,13.579,12.359,11.986,11.035,12.859,11.781,11.045,7.618,6.418,0.000,6.410,7.957,9.637,8.705,9.995,9.676,11.568,12.340,13.363,15.359,16.052
14.896,14.158,14.853,14.792,14.365,14.828,14.087,13.857,13.516,15.442,14.680,13.599,10.571,7.821,6.410,0.000,6.307,7.336,6.608,9.527,10.487,11.828,12.723,13.591,15.381,15.782
15.087,14.656,15.249,14.995,14.601,14.925,14.639,14.462,14.472,15.971,16.141,15.940,13.093,10.700,7.957,6.307,0.000,5.676,7.418,9.849,11.459,13.527,14.357,14.614,15.597,16.127
14.626,14.347,14.927,14.779,14.615,15.246,15.000,14.942,15.217,16.093,16.368,16.839,14.453,12.485,9.637,7.336,5.676,0.000,5.836,8.383,10.790,12.377,13.667,14.294,15.019,15.308
14.594,14.164,14.586,14.444,14.269,14.736,14.253,14.646,14.424,15.702,15.298,15.152,12.757,11.424,8.705,6.608,7.418,5.836,0.000,5.940,7.839,9.373,10.886,12.363,14.351,14.412
13.885,13.362,13.885,13.403,13.316,13.721,13.394,14.008,13.737,15.218,14.769,14.673,12.554,12.518,9.995,9.527,9.849,8.383,5.940,0.000,5.931,6.920,8.448,10.733,13.010,13.830
14.517,13.532,14.124,13.487,12.822,12.746,11.736,12.321,11.928,13.395,13.008,12.906,10.692,11.414,9.676,10.487,11.459,10.790,7.839,5.931,0.000,5.883,7.436,8.427,10.835,12.698
15.122,14.508,14.769,14.388,13.663,13.662,12.898,13.411,12.996,14.001,13.397,13.398,11.760,12.203,11.568,11.828,13.527,12.377,9.373,6.920,5.883,0.000,5.847,7.587,9.002,10.641
15.626,14.919,15.277,14.757,13.920,13.883,13.003,13.181,12.626,13.350,13.053,13.005,11.883,13.090,12.340,12.723,14.357,13.667,10.886,8.448,7.436,5.847,0.000,5.747,7.425,8.800
15.864,15.353,15.697,15.247,14.410,14.321,13.490,13.460,12.703,12.978,12.574,12.908,12.441,13.418,13.363,13.591,14.614,14.294,12.363,10.733,8.427,7.587,5.747,0.000,5.837,7.694
15.848,15.624,15.972,15.791,15.185,15.028,14.321,14.175,13.474,13.240,12.983,13.658,13.881,15.219,15.359,15.381,15.597,15.019,14.351,13.010,10.835,9.002,7.425,5.837,0.000,6.306
15.849,15.552,15.843,15.758,15.318,15.171,14.529,14.200,13.880,13.595,13.527,14.174,14.659,15.695,16.052,15.782,16.127,15.308,14.412,13.830,12.698,10.641,8.800,7.694,6.306,0.000