c1,c2,c3,c4,c5,c6,c7,c8,c9,c10,c11,c12,c13,c14,c15,c16,c17,c18,c19,c20,c21,c22,c23,c24,c25,c26
0.000,6.121,7.370,8.332,10.015,11.455,11.929,12.473,13.440,14.411,15.048,15.929,16.894,16.603,16.709,16.588,16.742,16.339,16.168,16.423,16.302,15.969,16.056,16.169,15.894,15.692
6.121,0.000,5.682,7.533,7.770,8.844,10.372,11.352,11.226,12.261,13.848,14.358,15.106,16.420,15.993,16.059,16.544,16.030,15.792,16.301,16.159,15.725,15.734,16.083,15.708,15.606
7.370,5.682,0.000,5.554,7.423,7.822,8.648,10.747,11.395,11.564,13.077,14.475,15.331,16.231,17.420,16.955,17.076,16.266,16.389,16.594,16.490,16.002,16.136,16.457,16.105,15.957
8.332,7.533,5.554,0.000,5.610,7.252,7.376,8.526,10.304,11.191,11.565,13.021,14.841,15.754,16.438,17.630,17.173,16.320,16.394,16.938,16.755,16.108,16.281,16.649,16.174,15.883
10.015,7.770,7.423,5.610,0.000,5.591,7.411,6.899,7.135,9.873,11.092,10.892,12.659,14.805,15.476,16.120,17.175,15.601,15.859,16.623,16.631,15.800,15.829,16.300,16.067,15.539
11.455,8.844,7.822,7.252,5.591,0.000,5.473,7.761,6.847,7.383,10.323,11.259,11.465,13.249,15.202,15.974,16.720,16.268,16.078,17.099,17.012,16.391,16.221,16.495,16.350,15.849
11.929,10.372,8.648,7.376,7.411,5.473,0.000,5.479,7.396,6.584,7.337,10.138,11.409,11.718,13.311,15.417,16.412,15.752,16.409,17.054,17.146,16.333,16.178,16.734,16.584,15.918
12.473,11.352,10.747,8.526,6.899,7.761,5.479,0.000,5.530,7.456,6.750,7.114,10.466,11.775,11.779,13.377,15.135,14.439,15.066,16.816,16.781,15.940,15.870,16.539,16.242,15.555
13.440,11.226,11.395,10.304,7.135,6.847,7.396,5.530,0.000,5.577,7.525,6.226,7.127,10.422,11.579,12.024,13.571,13.106,13.699,15.497,16.353,15.380,15.564,15.967,16.027,15.529
14.411,12.261,11.564,11.191,9.873,7.383,6.584,7.456,5.577,0.000,5.636,7.561,6.733,7.708,10.714,11.997,13.256,12.740,13.589,15.428,16.475,16.081,15.491,16.136,16.457,15.885
15.048,13.848,13.077,11.565,11.092,10.323,7.337,6.750,7.525,5.636,0.000,5.772,7.727,6.973,7.952,10.619,12.309,11.841,12.498,14.666,16.067,15.672,15.955,16.358,16.659,16.078
15.929,14.358,14.475,13.021,10.892,11.259,10.138,7.114,6.226,7.561,5.772,0.000,5.741,7.773,7.150,8.008,10.141,9.586,10.285,12.507,14.218,13.999,14.647,15.275,15.579,15.448
16.894,15.106,15.331,14.841,12.659,11.465,11.409,10.466,7.127,6.733,7.727,5.741,0.000,5.749,7.851,7.688,9.271,9.457,9.968,11.760,13.346,13.583,14.052,14.700,15.595,15.320
16.603,16.420,16.231,15.754,14.805,13.249,11.718,11.775,10.422,7.708,6.973,7.773,5.749,0.000,5.947,8.081,9.235,9.532,10.395,12.183,13.500,13.454,13.922,14.903,15.875,15.787
16.709,15.993,17.420,16.438,15.476,15.202,13.311,11.779,11.579,10.714,7.952,7.150,7.851,5.947,0.000,5.961,7.973,8.576,8.804,10.811,12.757,12.565,13.064,14.360,15.573,15.730
16.588,16.059,16.955,17.630,16.120,15.974,15.417,13.377,12.024,11.997,10.619,8.008,7.688,8.081,5.961,0.000,5.998,7.095,7.488,8.560,11.140,11.274,11.603,12.782,14.548,14.999
16.742,16.544,17.076,17.173,17.175,16.720,16.412,15.135,13.571,13.256,12.309,10.141,9.271,9.235,7.973,5.998,0.000,5.859,7.745,7.849,9.702,10.678,11.309,11.908,13.504,14.382
16.339,16.030,16.266,16.320,15.601,16.268,15.752,14.439,13.106,12.740,11.841,9.586,9.457,9.532,8.576,7.095,5.859,0.000,5.663,7.709,8.659,8.766,10.156,11.624,12.546,13.385
16.168,15.792,16.389,16.394,15.859,16.078,16.409,15.066,13.699,13.589,12.498,10.285,9.968,10.395,8.804,7.488,7.745,5.663,0.000,5.709,7.537,7.115,8.891,10.410,12.269,12.664
16.423,16.301,16.594,16.938,16.623,17.099,17.054,16.816,15.497,15.428,14.666,12.507,11.760,12.183,10.811,8.560,7.849,7.709,5.709,0.000,5.513,7.278,8.524,9.403,12.197,13.162
16.302,16.159,16.490,16.755,16.631,17.012,17.146,16.781,16.353,16.475,16.067,14.218,13.346,13.500,12.757,11.140,9.702,8.659,7.537,5.513,0.000,5.768,7.845,8.653,10.571,12.356
15.969,15.725,16.002,16.108,15.800,16.391,16.333,15.940,15.380,16.081,15.672,13.999,13.583,13.454,12.565,11.274,10.678,8.766,7.115,7.278,5.768,0.000,5.770,7.544,8.848,10.018
16.056,15.734,16.136,16.281,15.829,16.221,16.178,15.870,15.564,15.491,15.955,14.647,14.052,13.922,13.064,11.603,11.309,10.156,8.891,8.524,7.845,5.770,0.000,5.866,7.566,8.446
16.169,16.083,16.457,16.649,16.300,16.495,16.734,16.539,15.967,16.136,16.358,15.275,14.700,14.903,14.360,12.782,11.908,11.624,10.410,9.403,8.653,7.544,5.866,0.000,5.857,8.018
15.894,15.708,16.105,16.174,16.067,16.350,16.584,16.242,16.027,16.457,16.659,15.579,15.595,15.875,15.573,14.548,13.504,12.546,12.269,12.197,10.571,8.848,7.566,5.857,0.000,6.170
15.692,15.606,15.957,15.883,15.539,15.849,15.918,15.555,15.529,15.885,16.078,15.448,15.320,15.787,15.730,14.999,14.382,13.385,12.664,13.162,12.356,10.018,8.446,8.018,6.170,0.000