c1,c2,c3,c4,c5,c6,c7,c8,c9,c10,c11,c12,c13,c14,c15,c16,c17,c18,c19,c20,c21,c22,c23,c24,c25,c26
0.000,5.892,7.724,9.863,12.053,12.154,12.606,12.635,13.861,14.187,14.114,14.835,15.908,15.977,16.018,16.196,15.970,15.763,16.301,16.129,15.443,15.661,16.225,15.857,15.206,15.569
5.892,0.000,5.708,7.656,9.233,9.385,10.341,11.402,12.290,13.046,13.144,14.016,15.275,15.773,15.874,16.318,15.905,15.400,16.079,15.912,15.030,15.272,15.850,15.427,14.626,15.123
7.724,5.708,0.000,5.818,7.267,6.890,8.550,9.702,11.303,11.906,12.064,13.249,14.601,15.337,15.836,16.129,15.804,15.210,16.038,15.861,14.897,15.123,15.895,15.372,14.546,15.086
9.863,7.656,5.818,0.000,5.356,7.567,9.201,10.117,12.327,13.390,12.805,13.661,15.303,16.032,16.456,17.076,16.441,15.897,16.341,16.123,15.406,15.487,15.900,15.550,14.804,15.155
12.053,9.233,7.267,5.356,0.000,5.524,8.132,9.320,11.035,12.461,12.814,12.861,14.492,15.665,16.064,16.728,16.985,16.040,16.659,16.448,15.617,15.594,16.132,15.419,14.415,15.038
12.154,9.385,6.890,7.567,5.524,0.000,5.723,7.368,8.512,9.884,10.999,11.937,12.829,14.127,15.176,16.048,16.223,16.008,16.437,16.471,15.319,15.423,15.865,15.256,14.296,15.238
12.606,10.341,8.550,9.201,8.132,5.723,0.000,5.716,7.629,8.177,8.618,10.483,12.126,12.527,13.554,15.189,15.276,15.078,16.495,16.046,14.861,14.798,15.600,14.869,13.864,14.789
12.635,11.402,9.702,10.117,9.320,7.368,5.716,0.000,5.794,7.356,7.304,8.501,11.162,12.360,12.860,14.416,15.059,14.689,16.058,16.934,15.445,15.245,16.120,15.951,15.022,15.683
13.861,12.290,11.303,12.327,11.035,8.512,7.629,5.794,0.000,5.730,7.682,7.239,8.921,11.433,12.512,13.472,13.905,14.151,15.432,16.308,16.171,15.382,16.443,16.377,15.755,16.035
14.187,13.046,11.906,13.390,12.461,9.884,8.177,7.356,5.730,0.000,5.795,7.817,7.987,9.676,11.761,13.200,12.868,12.893,14.957,15.928,15.665,16.352,16.869,16.673,16.015,16.405
14.114,13.144,12.064,12.805,12.814,10.999,8.618,7.304,7.682,5.795,0.000,5.957,7.979,8.306,9.666,11.979,12.164,11.255,13.240,14.853,14.546,15.117,16.856,16.115,15.536,16.177
14.835,14.016,13.249,13.661,12.861,11.937,10.483,8.501,7.239,7.817,5.957,0.000,6.098,8.211,8.501,10.368,11.403,10.980,12.103,13.825,14.544,14.636,16.157,17.000,15.933,16.470
15.908,15.275,14.601,15.303,14.492,12.829,12.126,11.162,8.921,7.987,7.979,6.098,0.000,6.280,8.344,9.196,9.942,10.432,11.772,12.888,13.394,14.361,15.913,16.657,16.949,16.936
15.977,15.773,15.337,16.032,15.665,14.127,12.527,12.360,11.433,9.676,8.306,8.211,6.280,0.000,6.349,8.159,8.136,8.084,10.113,11.720,11.550,12.548,14.756,15.545,15.983,17.006
16.018,15.874,15.836,16.456,16.064,15.176,13.554,12.860,12.512,11.761,9.666,8.501,8.344,6.349,0.000,6.266,7.610,7.181,8.179,10.704,11.200,11.368,13.414,15.068,15.652,16.637
16.196,16.318,16.129,17.076,16.728,16.048,15.189,14.416,13.472,13.200,11.979,10.368,9.196,8.159,6.266,0.000,6.023,7.725,6.973,8.267,10.583,11.446,11.912,13.492,15.385,16.363
15.970,15.905,15.804,16.441,16.985,16.223,15.276,15.059,13.905,12.868,12.164,11.403,9.942,8.136,7.610,6.023,0.000,5.706,7.587,7.563,7.942,10.454,11.788,11.987,13.523,15.653
15.763,15.400,15.210,15.897,16.040,16.008,15.078,14.689,14.151,12.893,11.255,10.980,10.432,8.084,7.181,7.725,5.706,0.000,5.718,7.513,6.521,7.325,10.431,11.426,11.702,13.622
16.301,16.079,16.038,16.341,16.659,16.437,16.495,16.058,15.432,14.957,13.240,12.103,11.772,10.113,8.179,6.973,7.587,5.718,0.000,5.625,7.471,6.525,7.655,10.527,11.838,12.768
16.129,15.912,15.861,16.123,16.448,16.471,16.046,16.934,16.308,15.928,14.853,13.825,12.888,11.720,10.704,8.267,7.563,7.513,5.625,0.000,5.588,7.455,6.869,7.879,10.735,12.298
15.443,15.030,14.897,15.406,15.617,15.319,14.861,15.445,16.171,15.665,14.546,14.544,13.394,11.550,11.200,10.583,7.942,6.521,7.471,5.588,0.000,5.618,7.514,6.637,8.005,10.488
15.661,15.272,15.123,15.487,15.594,15.423,14.798,15.245,15.382,16.352,15.117,14.636,14.361,12.548,11.368,11.446,10.454,7.325,6.525,7.455,5.618,0.000,5.585,7.571,7.503,9.141
16.225,15.850,15.895,15.900,16.132,15.865,15.600,16.120,16.443,16.869,16.856,16.157,15.913,14.756,13.414,11.912,11.788,10.431,7.655,6.869,7.514,5.585,0.000,5.721,7.689,8.640
15.857,15.427,15.372,15.550,15.419,15.256,14.869,15.951,16.377,16.673,16.115,17.000,16.657,15.545,15.068,13.492,11.987,11.426,10.527,7.879,6.637,7.571,5.721,0.000,5.697,7.918
15.206,14.626,14.546,14.804,14.415,14.296,13.864,15.022,15.755,16.015,15.536,15.933,16.949,15.983,15.652,15.385,13.523,11.702,11.838,10.735,8.005,7.503,7.689,5.697,0.000,5.988
15.569,15.123,15.086,15.155,15.038,15.238,14.789,15.683,16.035,16.405,16.177,16.470,16.936,17.006,16.637,16.363,15.653,13.622,12.768,12.298,10.488,9.141,8.640,7.918,5.988,0.000