c1,c2,c3,c4,c5,c6,c7,c8,c9,c10,c11,c12,c13,c14,c15,c16,c17,c18,c19,c20,c21,c22,c23,c24,c25,c26
0.000,5.909,7.624,9.944,11.915,13.750,14.673,14.212,15.083,15.175,14.651,15.039,15.404,15.879,16.309,16.472,15.982,15.331,16.426,16.141,15.567,16.256,16.484,15.781,15.652,15.936
5.909,0.000,5.789,7.369,8.899,10.955,12.654,12.676,14.061,14.304,14.041,14.325,14.677,15.079,15.671,15.888,15.086,14.630,15.829,15.395,14.731,15.775,16.119,15.255,14.948,15.561
7.624,5.789,0.000,5.619,7.673,9.361,11.278,11.909,13.872,14.312,14.674,15.306,15.811,16.280,16.739,16.751,16.206,15.753,16.773,16.141,15.540,16.146,16.384,15.630,15.346,15.794
9.944,7.369,5.619,0.000,5.676,7.290,10.093,10.896,13.272,14.448,15.296,15.715,16.508,16.841,17.046,17.045,16.685,16.246,17.068,16.424,15.768,16.480,16.420,15.703,15.467,15.951
11.915,8.899,7.673,5.676,0.000,5.616,8.386,9.120,11.630,13.219,14.739,15.477,16.178,16.601,17.003,16.527,16.537,16.575,16.982,16.100,15.696,16.496,16.151,15.421,15.421,16.003
13.750,10.955,9.361,7.290,5.616,0.000,5.794,7.503,9.112,10.663,12.903,14.179,15.368,15.928,16.439,16.144,15.736,16.005,16.918,15.966,15.201,16.449,16.125,15.221,15.173,15.946
14.673,12.654,11.278,10.093,8.386,5.794,0.000,5.755,7.061,8.063,10.530,12.279,14.529,15.433,16.082,15.360,14.882,15.677,16.743,15.837,14.846,16.066,16.207,15.125,15.006,15.690
14.212,12.676,11.909,10.896,9.120,7.503,5.755,0.000,5.663,7.754,9.745,11.217,14.278,15.447,15.839,14.540,14.127,15.281,16.282,15.399,14.638,16.074,16.002,15.225,15.309,15.947
15.083,14.061,13.872,13.272,11.630,9.112,7.061,5.663,0.000,5.839,7.449,8.807,11.621,13.381,14.420,12.674,12.096,13.667,14.976,14.259,14.318,15.450,15.709,15.091,15.318,15.870
15.175,14.304,14.312,14.448,13.219,10.663,8.063,7.754,5.839,0.000,5.801,7.611,10.280,12.279,13.579,11.736,11.572,13.694,14.931,14.187,15.117,16.896,16.812,16.284,16.498,16.926
14.651,14.041,14.674,15.296,14.739,12.903,10.530,9.745,7.449,5.801,0.000,5.948,8.399,10.804,11.923,10.409,10.163,12.717,13.844,13.588,14.671,16.541,16.994,16.320,16.629,17.105
15.039,14.325,15.306,15.715,15.477,14.179,12.279,11.217,8.807,7.611,5.948,0.000,6.006,8.276,9.028,6.936,6.789,9.461,10.714,10.472,12.010,13.979,14.942,15.055,16.142,16.884
15.404,14.677,15.811,16.508,16.178,15.368,14.529,14.278,11.621,10.280,8.399,6.006,0.000,5.808,6.541,6.730,7.646,9.391,10.570,11.613,12.898,14.396,15.815,16.633,17.604,17.785
15.879,15.079,16.280,16.841,16.601,15.928,15.433,15.447,13.381,12.279,10.804,8.276,5.808,0.000,5.781,7.194,6.246,7.238,10.003,11.058,11.165,12.854,15.274,15.718,16.421,17.479
16.309,15.671,16.739,17.046,17.003,16.439,16.082,15.839,14.420,13.579,11.923,9.028,6.541,5.781,0.000,5.687,7.452,6.630,7.340,10.284,11.310,11.261,13.354,15.352,16.097,16.827
16.472,15.888,16.751,17.045,16.527,16.144,15.360,14.540,12.674,11.736,10.409,6.936,6.730,7.194,5.687,0.000,5.570,7.499,6.498,7.325,10.240,11.319,11.943,13.393,15.583,16.614
15.982,15.086,16.206,16.685,16.537,15.736,14.882,14.127,12.096,11.572,10.163,6.789,7.646,6.246,7.452,5.570,0.000,5.471,7.409,6.400,6.991,10.106,11.530,11.551,13.447,15.516
15.331,14.630,15.753,16.246,16.575,16.005,15.677,15.281,13.667,13.694,12.717,9.461,9.391,7.238,6.630,7.499,5.471,0.000,5.494,7.409,6.302,6.956,10.255,11.269,11.785,13.486
16.426,15.829,16.773,17.068,16.982,16.918,16.743,16.282,14.976,14.931,13.844,10.714,10.570,10.003,7.340,6.498,7.409,5.494,0.000,5.482,7.454,6.227,7.596,10.453,11.913,12.868
16.141,15.395,16.141,16.424,16.100,15.966,15.837,15.399,14.259,14.187,13.588,10.472,11.613,11.058,10.284,7.325,6.400,7.409,5.482,0.000,5.449,7.413,7.099,7.876,10.974,12.536
15.567,14.731,15.540,15.768,15.696,15.201,14.846,14.638,14.318,15.117,14.671,12.010,12.898,11.165,11.310,10.240,6.991,6.302,7.454,5.449,0.000,5.582,7.450,6.416,8.021,10.169
16.256,15.775,16.146,16.480,16.496,16.449,16.066,16.074,15.450,16.896,16.541,13.979,14.396,12.854,11.261,11.319,10.106,6.956,6.227,7.413,5.582,0.000,5.466,7.494,7.531,9.074
16.484,16.119,16.384,16.420,16.151,16.125,16.207,16.002,15.709,16.812,16.994,14.942,15.815,15.274,13.354,11.943,11.530,10.255,7.596,7.099,7.450,5.466,0.000,5.576,7.672,8.614
15.781,15.255,15.630,15.703,15.421,15.221,15.125,15.225,15.091,16.284,16.320,15.055,16.633,15.718,15.352,13.393,11.551,11.269,10.453,7.876,6.416,7.494,5.576,0.000,5.669,7.782
15.652,14.948,15.346,15.467,15.421,15.173,15.006,15.309,15.318,16.498,16.629,16.142,17.604,16.421,16.097,15.583,13.447,11.785,11.913,10.974,8.021,7.531,7.672,5.669,0.000,5.911
15.936,15.561,15.794,15.951,16.003,15.946,15.690,15.947,15.870,16.926,17.105,16.884,17.785,17.479,16.827,16.614,15.516,13.486,12.868,12.536,10.169,9.074,8.614,7.782,5.911,0.000