c1,c2,c3,c4,c5,c6,c7,c8,c9,c10,c11,c12,c13,c14,c15,c16,c17,c18,c19,c20,c21,c22,c23,c24,c25,c26
0.000,5.915,7.346,9.445,11.432,13.410,13.629,12.859,13.806,14.751,14.337,14.475,15.903,15.897,15.908,16.342,15.801,15.150,16.110,16.041,15.273,15.484,16.337,16.152,15.749,15.933
5.915,0.000,5.774,7.462,8.610,10.670,11.995,11.837,12.261,13.374,13.648,13.306,15.061,15.803,15.574,16.184,15.374,14.270,15.683,15.718,14.710,14.846,16.015,15.802,15.373,15.923
7.346,5.774,0.000,5.635,7.650,8.793,9.730,10.678,12.122,12.728,12.831,13.497,15.047,15.969,16.458,16.587,15.608,14.764,16.257,15.764,14.590,15.078,16.208,15.851,15.493,16.017
9.445,7.462,5.635,0.000,5.640,7.240,8.285,9.034,11.110,12.377,12.362,12.776,14.859,15.786,16.191,16.936,15.746,15.003,16.296,15.739,14.452,15.055,16.051,15.823,15.509,16.152
11.432,8.610,7.650,5.640,0.000,5.687,6.996,7.005,8.135,10.887,11.875,11.789,13.364,14.795,15.111,15.653,15.175,14.061,15.380,14.741,13.609,14.116,15.263,15.064,14.985,15.894
13.410,10.670,8.793,7.240,5.687,0.000,5.599,7.694,7.675,9.407,11.952,12.329,13.038,14.380,15.482,15.999,15.437,15.187,16.313,15.797,14.378,14.898,16.033,15.869,15.545,16.212
13.629,11.995,9.730,8.285,6.996,5.599,0.000,5.657,7.687,8.023,9.534,11.318,13.322,13.848,14.638,15.615,15.074,14.744,16.409,15.600,14.333,15.054,16.206,15.963,15.751,16.288
12.859,11.837,10.678,9.034,7.005,7.694,5.657,0.000,5.869,7.565,8.094,8.831,12.061,13.363,13.295,13.888,13.983,13.434,14.890,14.752,13.239,14.016,15.000,15.015,15.281,16.131
13.806,12.261,12.122,11.110,8.135,7.675,7.687,5.869,0.000,5.822,8.120,8.033,10.296,12.623,13.254,13.452,13.330,12.821,14.506,14.718,14.171,14.130,15.291,15.215,15.136,16.135
14.751,13.374,12.728,12.377,10.887,9.407,8.023,7.565,5.822,0.000,6.025,7.960,9.152,11.132,12.772,13.864,13.154,12.633,14.683,15.308,14.723,15.677,16.504,16.690,16.622,16.948
14.337,13.648,12.831,12.362,11.875,11.952,9.534,8.094,8.120,6.025,0.000,6.243,8.012,9.654,10.613,12.504,12.372,11.277,13.073,14.399,13.991,15.056,16.541,16.292,16.619,16.947
14.475,13.306,13.497,12.776,11.789,12.329,11.318,8.831,8.033,7.960,6.243,0.000,6.323,8.242,8.452,9.710,9.913,8.907,10.516,11.807,12.182,13.155,14.509,15.447,15.616,16.577
15.903,15.061,15.047,14.859,13.364,13.038,13.322,12.061,10.296,9.152,8.012,6.323,0.000,6.058,7.680,9.324,9.530,9.343,10.968,12.287,12.764,14.164,15.341,16.428,17.165,17.114
15.897,15.803,15.969,15.786,14.795,14.380,13.848,13.363,12.623,11.132,9.654,8.242,6.058,0.000,6.178,8.369,8.974,7.953,9.424,11.389,11.783,13.019,14.581,15.869,16.726,17.246
15.908,15.574,16.458,16.191,15.111,15.482,14.638,13.295,13.254,12.772,10.613,8.452,7.680,6.178,0.000,6.355,6.935,6.295,7.468,10.117,11.035,11.766,13.106,15.059,16.087,17.160
16.342,16.184,16.587,16.936,15.653,15.999,15.615,13.888,13.452,13.864,12.504,9.710,9.324,8.369,6.355,0.000,5.815,7.590,6.549,7.650,10.376,11.668,11.701,13.334,15.383,16.733
15.801,15.374,15.608,15.746,15.175,15.437,15.074,13.983,13.330,13.154,12.372,9.913,9.530,8.974,6.935,5.815,0.000,5.681,7.567,6.883,7.704,10.625,11.438,11.936,13.618,15.857
15.150,14.270,14.764,15.003,14.061,15.187,14.744,13.434,12.821,12.633,11.277,8.907,9.343,7.953,6.295,7.590,5.681,0.000,5.576,7.603,6.759,7.837,10.243,11.571,12.440,14.703
16.110,15.683,16.257,16.296,15.380,16.313,16.409,14.890,14.506,14.683,13.073,10.516,10.968,9.424,7.468,6.549,7.567,5.576,0.000,5.576,7.542,6.990,7.455,10.474,11.855,14.105
16.041,15.718,15.764,15.739,14.741,15.797,15.600,14.752,14.718,15.308,14.399,11.807,12.287,11.389,10.117,7.650,6.883,7.603,5.576,0.000,5.614,7.339,6.244,7.963,10.474,12.851
15.273,14.710,14.590,14.452,13.609,14.378,14.333,13.239,14.171,14.723,13.991,12.182,12.764,11.783,11.035,10.376,7.704,6.759,7.542,5.614,0.000,5.454,7.451,7.159,9.243,11.715
15.484,14.846,15.078,15.055,14.116,14.898,15.054,14.016,14.130,15.677,15.056,13.155,14.164,13.019,11.766,11.668,10.625,7.837,6.990,7.339,5.454,0.000,5.473,7.619,8.263,10.992
16.337,16.015,16.208,16.051,15.263,16.033,16.206,15.000,15.291,16.504,16.541,14.509,15.341,14.581,13.106,11.701,11.438,10.243,7.455,6.244,7.451,5.473,0.000,5.607,7.759,10.087
16.152,15.802,15.851,15.823,15.064,15.869,15.963,15.015,15.215,16.690,16.292,15.447,16.428,15.869,15.059,13.334,11.936,11.571,10.474,7.963,7.159,7.619,5.607,0.000,5.793,8.290
15.749,15.373,15.493,15.509,14.985,15.545,15.751,15.281,15.136,16.622,16.619,15.616,17.165,16.726,16.087,15.383,13.618,12.440,11.855,10.474,9.243,8.263,7.759,5.793,0.000,6.447
15.933,15.923,16.017,16.152,15.894,16.212,16.288,16.131,16.135,16.948,16.947,16.577,17.114,17.246,17.160,16.733,15.857,14.703,14.105,12.851,11.715,10.992,10.087,8.290,6.447,0.000