c1,c2,c3,c4,c5,c6,c7,c8,c9,c10,c11,c12,c13,c14,c15,c16,c17,c18,c19,c20,c21,c22,c23,c24,c25,c26
0.000,5.907,8.337,10.113,12.502,14.325,12.441,13.580,14.673,14.121,13.440,14.912,15.682,15.371,15.647,15.894,15.966,15.938,15.801,15.546,15.438,15.580,15.919,15.911,15.903,15.911
5.907,0.000,5.878,7.638,8.696,11.218,9.603,11.060,12.262,11.754,11.468,12.724,14.395,14.623,15.168,15.908,16.072,15.780,15.609,15.265,14.661,15.006,15.397,15.565,15.545,15.523
8.337,5.878,0.000,5.645,7.956,9.605,8.480,10.559,11.923,11.096,10.927,12.849,14.435,14.745,15.237,15.854,16.176,16.034,16.043,15.884,15.549,15.424,15.764,15.696,15.749,15.654
10.113,7.638,5.645,0.000,5.778,6.144,6.030,9.621,10.847,10.149,11.407,12.849,14.464,14.928,15.675,16.432,16.595,16.253,16.221,15.908,15.503,15.334,15.592,15.709,15.610,15.603
12.502,8.696,7.956,5.778,0.000,5.506,7.377,8.367,10.598,10.562,11.486,12.256,14.323,15.032,15.524,16.411,16.664,16.500,16.561,16.226,15.746,15.509,15.460,15.318,15.155,15.119
14.325,11.218,9.605,6.144,5.506,0.000,5.601,8.033,9.786,9.278,11.101,12.046,13.920,14.644,15.423,16.291,16.518,16.561,16.652,16.392,15.725,15.478,15.366,15.125,14.915,14.860
12.441,9.603,8.480,6.030,7.377,5.601,0.000,5.806,6.689,6.629,8.355,9.829,12.082,13.067,14.234,15.342,15.783,16.190,16.263,16.144,15.333,15.000,14.829,14.527,14.280,14.017
13.580,11.060,10.559,9.621,8.367,8.033,5.806,0.000,5.607,7.543,8.029,8.195,11.640,12.851,13.395,14.610,15.470,15.672,15.730,15.855,14.824,14.716,14.393,14.217,13.708,13.618
14.673,12.262,11.923,10.847,10.598,9.786,6.689,5.607,0.000,5.738,7.534,6.720,9.461,11.363,12.955,13.797,14.586,15.225,15.062,15.256,14.473,14.164,14.029,13.660,13.597,13.561
14.121,11.754,11.096,10.149,10.562,9.278,6.629,7.543,5.738,0.000,5.771,7.604,9.148,10.823,12.976,14.425,14.556,15.199,15.289,15.642,15.035,14.994,14.924,14.762,14.611,14.603
13.440,11.468,10.927,11.407,11.486,11.101,8.355,8.029,7.534,5.771,0.000,5.977,8.055,9.724,11.571,13.849,14.726,14.753,14.586,15.225,14.441,14.619,15.071,14.847,14.900,14.856
14.912,12.724,12.849,12.849,12.256,12.046,9.829,8.195,6.720,7.604,5.977,0.000,6.118,7.805,9.427,11.453,13.396,14.270,13.492,14.252,13.635,13.835,14.383,14.749,14.735,14.937
15.682,14.395,14.435,14.464,14.323,13.920,12.082,11.640,9.461,9.148,8.055,6.118,0.000,6.300,7.760,9.852,11.449,13.150,12.699,13.725,13.217,13.689,14.292,14.812,15.405,15.442
15.371,14.623,14.745,14.928,15.032,14.644,13.067,12.851,11.363,10.823,9.724,7.805,6.300,0.000,6.312,7.876,9.626,11.332,11.515,13.268,12.816,13.458,14.397,15.152,15.853,16.063
15.647,15.168,15.237,15.675,15.524,15.423,14.234,13.395,12.955,12.976,11.571,9.427,7.760,6.312,0.000,6.260,7.845,9.449,9.324,11.677,11.658,12.367,13.441,14.572,15.413,15.902
15.894,15.908,15.854,16.432,16.411,16.291,15.342,14.610,13.797,14.425,13.849,11.453,9.852,7.876,6.260,0.000,6.286,7.495,7.660,10.243,11.171,11.923,12.950,14.074,15.084,15.581
15.966,16.072,16.176,16.595,16.664,16.518,15.783,15.470,14.586,14.556,14.726,13.396,11.449,9.626,7.845,6.286,0.000,5.915,7.788,9.891,10.766,12.072,13.084,13.707,14.539,15.287
15.938,15.780,16.034,16.253,16.500,16.561,16.190,15.672,15.225,15.199,14.753,14.270,13.150,11.332,9.449,7.495,5.915,0.000,6.012,8.368,9.706,10.586,12.149,13.353,14.026,14.843
15.801,15.609,16.043,16.221,16.561,16.652,16.263,15.730,15.062,15.289,14.586,13.492,12.699,11.515,9.324,7.660,7.788,6.012,0.000,5.993,7.327,8.731,10.014,12.023,13.269,14.204
15.546,15.265,15.884,15.908,16.226,16.392,16.144,15.855,15.256,15.642,15.225,14.252,13.725,13.268,11.677,10.243,9.891,8.368,5.993,0.000,5.909,7.496,8.095,10.030,12.071,13.455
15.438,14.661,15.549,15.503,15.746,15.725,15.333,14.824,14.473,15.035,14.441,13.635,13.217,12.816,11.658,11.171,10.766,9.706,7.327,5.909,0.000,5.792,7.611,8.516,10.125,12.038
15.580,15.006,15.424,15.334,15.509,15.478,15.000,14.716,14.164,14.994,14.619,13.835,13.689,13.458,12.367,11.923,12.072,10.586,8.731,7.496,5.792,0.000,5.973,7.683,8.881,10.601
15.919,15.397,15.764,15.592,15.460,15.366,14.829,14.393,14.029,14.924,15.071,14.383,14.292,14.397,13.441,12.950,13.084,12.149,10.014,8.095,7.611,5.973,0.000,5.978,7.894,9.377
15.911,15.565,15.696,15.709,15.318,15.125,14.527,14.217,13.660,14.762,14.847,14.749,14.812,15.152,14.572,14.074,13.707,13.353,12.023,10.030,8.516,7.683,5.978,0.000,6.160,7.852
15.903,15.545,15.749,15.610,15.155,14.915,14.280,13.708,13.597,14.611,14.900,14.735,15.405,15.853,15.413,15.084,14.539,14.026,13.269,12.071,10.125,8.881,7.894,6.160,0.000,6.421
15.911,15.523,15.654,15.603,15.119,14.860,14.017,13.618,13.561,14.603,14.856,14.937,15.442,16.063,15.902,15.581,15.287,14.843,14.204,13.455,12.038,10.601,9.377,7.852,6.421,0.000