c1,c2,c3,c4,c5,c6,c7,c8,c9,c10,c11,c12,c13,c14,c15,c16,c17,c18,c19,c20,c21,c22,c23,c24,c25,c26
0.000,6.078,7.359,8.211,9.591,11.352,12.124,12.224,13.546,14.863,15.586,16.531,17.926,17.564,17.406,17.185,17.129,16.737,16.865,16.535,16.333,16.278,15.865,15.806,15.491,15.530
6.078,0.000,5.626,7.328,7.476,8.746,10.735,11.623,11.522,13.092,14.822,15.489,16.571,17.998,17.421,17.297,16.993,16.527,16.609,16.195,15.757,15.843,15.275,15.417,15.050,15.091
7.359,5.626,0.000,5.562,7.308,7.298,8.237,10.589,11.521,11.326,12.964,14.826,15.739,16.485,18.015,17.478,17.237,16.429,16.665,16.135,15.736,15.946,15.501,15.482,15.218,15.147
8.211,7.328,5.562,0.000,5.511,7.416,7.152,7.885,10.549,11.520,11.282,12.961,15.225,15.835,16.539,18.084,16.953,16.123,16.144,15.670,15.249,15.409,15.062,14.977,14.894,14.947
9.591,7.476,7.308,5.511,0.000,5.476,7.406,6.640,7.447,10.371,11.358,11.215,13.125,15.249,15.921,16.610,17.755,15.767,16.075,15.443,14.980,15.177,14.714,14.643,14.667,14.639
11.352,8.746,7.298,7.416,5.476,0.000,5.464,7.381,6.735,7.511,10.507,11.403,11.511,13.301,15.440,16.128,16.487,17.052,16.100,15.564,14.817,15.088,15.034,14.670,14.833,14.798
12.124,10.735,8.237,7.152,7.406,5.464,0.000,5.457,7.424,6.712,7.465,10.379,11.624,11.618,13.530,15.386,15.827,15.701,16.946,15.143,14.392,14.538,14.418,14.169,14.585,14.502
12.224,11.623,10.589,7.885,6.640,7.381,5.457,0.000,5.478,7.407,6.725,7.367,10.566,11.609,12.020,13.636,15.105,15.082,15.726,16.386,14.593,14.564,14.576,14.305,14.773,14.940
13.546,11.522,11.521,10.549,7.447,6.735,7.424,5.478,0.000,5.488,7.526,6.635,7.831,10.650,12.081,12.414,13.759,14.746,15.510,15.713,16.204,15.017,15.082,14.711,15.292,15.498
14.863,13.092,11.326,11.520,10.371,7.511,6.712,7.407,5.488,0.000,5.615,7.556,7.288,8.154,11.073,12.230,12.714,13.602,15.234,15.494,15.570,16.651,15.664,15.340,15.731,15.991
15.586,14.822,12.964,11.282,11.358,10.507,7.465,6.725,7.526,5.615,0.000,5.722,7.680,7.021,8.544,10.801,12.013,12.127,13.590,14.842,14.905,15.566,16.321,15.478,15.773,16.073
16.531,15.489,14.826,12.961,11.215,11.403,10.379,7.367,6.635,7.556,5.722,0.000,5.834,7.792,7.840,8.959,11.258,12.198,12.828,13.917,14.945,15.565,16.039,16.509,16.183,16.457
17.926,16.571,15.739,15.225,13.125,11.511,11.624,10.566,7.831,7.288,7.680,5.834,0.000,5.997,8.033,8.138,9.580,11.666,13.169,13.331,14.255,15.528,15.917,16.348,17.061,16.746
17.564,17.998,16.485,15.835,15.249,13.301,11.618,11.609,10.650,8.154,7.021,7.792,5.997,0.000,5.939,7.922,8.617,10.110,12.339,13.667,13.522,14.617,15.582,15.930,16.400,16.852
17.406,17.421,18.015,16.539,15.921,15.440,13.530,12.020,12.081,11.073,8.544,7.840,8.033,5.939,0.000,6.067,7.929,8.892,10.378,12.829,13.541,13.700,14.550,15.549,16.077,16.411
17.185,17.297,17.478,18.084,16.610,16.128,15.386,13.636,12.414,12.230,10.801,8.959,8.138,7.922,6.067,0.000,5.951,7.953,8.880,10.758,12.585,13.860,13.877,14.677,15.701,16.111
17.129,16.993,17.237,16.953,17.755,16.487,15.827,15.105,13.759,12.714,12.013,11.258,9.580,8.617,7.929,5.951,0.000,5.836,7.467,9.067,10.203,12.551,13.697,13.909,14.639,15.692
16.737,16.527,16.429,16.123,15.767,17.052,15.701,15.082,14.746,13.602,12.127,12.198,11.666,10.110,8.892,7.953,5.836,0.000,5.775,7.472,7.745,9.861,11.559,12.952,13.140,14.315
16.865,16.609,16.665,16.144,16.075,16.100,16.946,15.726,15.510,15.234,13.590,12.828,13.169,12.339,10.378,8.880,7.467,5.775,0.000,5.618,7.554,8.931,10.358,12.277,13.283,14.072
16.535,16.195,16.135,15.670,15.443,15.564,15.143,16.386,15.713,15.494,14.842,13.917,13.331,13.667,12.829,10.758,9.067,7.472,5.618,0.000,5.703,7.769,8.804,10.101,11.992,13.567
16.333,15.757,15.736,15.249,14.980,14.817,14.392,14.593,16.204,15.570,14.905,14.945,14.255,13.522,13.541,12.585,10.203,7.745,7.554,5.703,0.000,5.737,7.480,8.338,9.419,11.858
16.278,15.843,15.946,15.409,15.177,15.088,14.538,14.564,15.017,16.651,15.566,15.565,15.528,14.617,13.700,13.860,12.551,9.861,8.931,7.769,5.737,0.000,5.714,7.386,8.214,10.416
15.865,15.275,15.501,15.062,14.714,15.034,14.418,14.576,15.082,15.664,16.321,16.039,15.917,15.582,14.550,13.877,13.697,11.559,10.358,8.804,7.480,5.714,0.000,5.654,7.505,9.033
15.806,15.417,15.482,14.977,14.643,14.670,14.169,14.305,14.711,15.340,15.478,16.509,16.348,15.930,15.549,14.677,13.909,12.952,12.277,10.101,8.338,7.386,5.654,0.000,5.729,7.972
15.491,15.050,15.218,14.894,14.667,14.833,14.585,14.773,15.292,15.731,15.773,16.183,17.061,16.400,16.077,15.701,14.639,13.140,13.283,11.992,9.419,8.214,7.505,5.729,0.000,6.021
15.530,15.091,15.147,14.947,14.639,14.798,14.502,14.940,15.498,15.991,16.073,16.457,16.746,16.852,16.411,16.111,15.692,14.315,14.072,13.567,11.858,10.416,9.033,7.972,6.021,0.000