c1,c2,c3,c4,c5,c6,c7,c8,c9,c10,c11,c12,c13,c14,c15,c16,c17,c18,c19,c20,c21,c22,c23,c24,c25,c26
0.000,6.140,7.759,10.351,12.722,13.958,11.031,11.980,13.280,13.308,12.881,12.928,14.263,14.715,15.155,15.166,15.374,15.500,15.977,15.791,15.750,15.284,14.867,15.049,14.983,14.981
6.140,0.000,5.849,7.650,9.732,11.570,8.666,9.876,11.693,11.894,12.069,12.151,14.100,14.663,15.285,15.313,15.474,15.245,15.870,15.465,15.147,14.593,14.130,14.305,14.336,14.536
7.759,5.849,0.000,5.721,8.203,9.458,6.681,7.903,9.888,10.714,11.494,12.141,14.052,14.918,15.557,15.640,15.857,15.598,15.931,15.538,15.261,14.622,14.152,14.311,14.212,14.391
10.351,7.650,5.721,0.000,5.776,5.844,5.494,8.586,11.284,11.991,13.268,14.037,15.877,16.517,16.745,16.567,16.660,16.167,16.237,15.692,15.409,14.883,14.423,14.751,14.528,14.695
12.722,9.732,8.203,5.776,0.000,5.439,7.533,8.404,11.028,12.278,13.968,14.629,16.137,16.732,16.860,16.598,16.618,16.153,16.160,15.479,15.520,14.923,14.470,14.642,14.607,14.808
13.958,11.570,9.458,5.844,5.439,0.000,5.582,8.087,10.907,11.870,13.761,14.768,16.280,16.722,16.902,16.628,16.696,16.209,16.180,15.476,15.253,14.883,14.508,14.724,14.564,14.891
11.031,8.666,6.681,5.494,7.533,5.582,0.000,5.898,8.491,9.520,11.264,12.832,14.940,15.973,16.296,15.979,16.247,15.837,16.061,15.486,15.274,14.690,14.390,14.840,14.825,15.055
11.980,9.876,7.903,8.586,8.404,8.087,5.898,0.000,6.127,7.318,8.707,10.675,13.230,15.107,15.617,15.161,15.568,15.333,15.741,15.318,15.259,14.660,14.351,14.882,15.132,15.332
13.280,11.693,9.888,11.284,11.028,10.907,8.491,6.127,0.000,5.909,7.409,9.408,11.926,14.301,15.643,15.127,15.547,15.468,15.939,15.553,15.629,15.114,14.823,15.377,15.683,15.781
13.308,11.894,10.714,11.991,12.278,11.870,9.520,7.318,5.909,0.000,5.943,7.481,10.099,12.514,14.289,14.691,15.207,15.185,15.736,15.487,15.619,15.063,14.864,15.491,15.711,15.908
12.881,12.069,11.494,13.268,13.968,13.761,11.264,8.707,7.409,5.943,0.000,5.969,7.703,10.646,12.263,13.574,15.136,15.012,15.561,15.477,15.879,15.182,15.113,15.780,15.964,16.089
12.928,12.151,12.141,14.037,14.629,14.768,12.832,10.675,9.408,7.481,5.969,0.000,6.033,7.762,9.742,10.885,13.148,13.983,14.696,14.705,15.088,14.531,14.289,15.035,15.369,15.579
14.263,14.100,14.052,15.877,16.137,16.280,14.940,13.230,11.926,10.099,7.703,6.033,0.000,5.949,7.237,8.903,11.399,13.360,15.214,15.452,15.925,15.322,15.046,15.517,15.929,16.000
14.715,14.663,14.918,16.517,16.732,16.722,15.973,15.107,14.301,12.514,10.646,7.762,5.949,0.000,6.065,7.566,10.241,12.143,14.836,15.882,16.130,15.373,15.124,15.503,15.745,15.667
15.155,15.285,15.557,16.745,16.860,16.902,16.296,15.617,15.643,14.289,12.263,9.742,7.237,6.065,0.000,6.161,7.706,10.422,12.647,15.061,16.237,15.260,14.874,15.406,15.983,15.883
15.166,15.313,15.640,16.567,16.598,16.628,15.979,15.161,15.127,14.691,13.574,10.885,8.903,7.566,6.161,0.000,6.001,7.407,10.356,12.149,14.628,14.163,13.990,14.473,15.503,15.583
15.374,15.474,15.857,16.660,16.618,16.696,16.247,15.568,15.547,15.207,15.136,13.148,11.399,10.241,7.706,6.001,0.000,5.909,7.388,10.346,12.585,12.766,13.471,13.973,14.884,15.213
15.500,15.245,15.598,16.167,16.153,16.209,15.837,15.333,15.468,15.185,15.012,13.983,13.360,12.143,10.422,7.407,5.909,0.000,5.880,7.021,9.561,9.560,10.422,12.114,13.725,14.292
15.977,15.870,15.931,16.237,16.160,16.180,16.061,15.741,15.939,15.736,15.561,14.696,15.214,14.836,12.647,10.356,7.388,5.880,0.000,5.701,8.909,9.803,10.869,12.342,14.304,14.774
15.791,15.465,15.538,15.692,15.479,15.476,15.486,15.318,15.553,15.487,15.477,14.705,15.452,15.882,15.061,12.149,10.346,7.021,5.701,0.000,6.354,6.993,8.184,10.177,12.300,13.917
15.750,15.147,15.261,15.409,15.520,15.253,15.274,15.259,15.629,15.619,15.879,15.088,15.925,16.130,16.237,14.628,12.585,9.561,8.909,6.354,0.000,5.916,7.234,7.645,10.303,12.412
15.284,14.593,14.622,14.883,14.923,14.883,14.690,14.660,15.114,15.063,15.182,14.531,15.322,15.373,15.260,14.163,12.766,9.560,9.803,6.993,5.916,0.000,5.759,7.360,8.681,10.876
14.867,14.130,14.152,14.423,14.470,14.508,14.390,14.351,14.823,14.864,15.113,14.289,15.046,15.124,14.874,13.990,13.471,10.422,10.869,8.184,7.234,5.759,0.000,5.731,7.441,8.961
15.049,14.305,14.311,14.751,14.642,14.724,14.840,14.882,15.377,15.491,15.780,15.035,15.517,15.503,15.406,14.473,13.973,12.114,12.342,10.177,7.645,7.360,5.731,0.000,5.715,7.640
14.983,14.336,14.212,14.528,14.607,14.564,14.825,15.132,15.683,15.711,15.964,15.369,15.929,15.745,15.983,15.503,14.884,13.725,14.304,12.300,10.303,8.681,7.441,5.715,0.000,6.081
14.981,14.536,14.391,14.695,14.808,14.891,15.055,15.332,15.781,15.908,16.089,15.579,16.000,15.667,15.883,15.583,15.213,14.292,14.774,13.917,12.412,10.876,8.961,7.640,6.081,0.000