c1,c2,c3,c4,c5,c6,c7,c8,c9,c10,c11,c12,c13,c14,c15,c16,c17,c18,c19,c20,c21,c22,c23,c24,c25,c26
0.000,6.642,8.205,10.651,12.413,14.512,15.607,13.567,14.882,14.201,14.111,13.075,13.566,14.169,14.147,13.423,13.236,12.309,12.308,12.953,12.067,13.761,14.790,15.162,14.751,15.130
6.642,0.000,6.088,7.906,9.969,12.245,13.738,11.528,13.551,13.171,13.456,11.817,12.634,13.910,14.027,13.388,13.059,11.564,11.642,11.800,9.796,12.260,13.409,13.973,13.873,14.641
8.205,6.088,0.000,6.570,6.958,9.644,11.151,9.023,12.234,11.842,12.313,10.579,11.382,13.096,13.071,12.383,11.803,9.671,9.274,8.923,6.591,9.478,10.612,11.921,12.301,13.602
10.651,7.906,6.570,0.000,6.294,8.384,10.461,8.873,12.382,12.223,13.295,11.513,12.797,14.684,15.100,14.742,14.318,12.267,12.239,11.349,8.084,10.777,11.033,11.858,12.385,13.609
12.413,9.969,6.958,6.294,0.000,6.846,7.208,5.629,10.075,11.266,12.530,10.841,12.399,14.445,14.738,14.431,13.890,11.817,11.617,10.402,6.768,9.641,9.871,11.027,12.137,13.591
14.512,12.245,9.644,8.384,6.846,0.000,5.958,8.023,11.003,12.105,14.508,13.178,14.671,16.600,16.763,16.806,16.389,14.640,14.849,13.652,10.224,12.410,12.372,12.994,13.577,14.650
15.607,13.738,11.151,10.461,7.208,5.958,0.000,6.158,9.118,11.300,12.891,12.204,14.280,16.076,16.431,16.615,16.296,14.912,15.326,14.342,11.312,13.475,13.285,13.918,14.564,15.308
13.567,11.528,9.023,8.873,5.629,8.023,6.158,0.000,6.543,8.144,9.024,7.161,10.359,12.576,13.361,13.668,13.418,11.750,12.520,12.297,10.201,12.270,13.095,13.809,14.419,15.403
14.882,13.551,12.234,12.382,10.075,11.003,9.118,6.543,0.000,6.120,6.257,6.857,9.854,12.491,13.610,14.351,13.870,13.143,13.952,14.467,13.023,14.381,15.299,15.563,15.723,16.488
14.201,13.171,11.842,12.223,11.266,12.105,11.300,8.144,6.120,0.000,6.271,7.714,8.598,11.213,13.119,14.045,13.662,12.806,14.149,15.048,13.942,15.122,16.089,16.232,16.000,16.726
14.111,13.456,12.313,13.295,12.530,14.508,12.891,9.024,6.257,6.271,0.000,6.286,7.992,9.717,11.093,12.422,12.512,11.588,13.119,14.347,14.023,14.926,16.129,16.176,15.947,16.692
13.075,11.817,10.579,11.513,10.841,13.178,12.204,7.161,6.857,7.714,6.286,0.000,6.306,8.747,9.797,10.801,11.108,10.567,11.758,12.899,12.694,13.317,14.851,15.413,15.402,16.367
13.566,12.634,11.382,12.797,12.399,14.671,14.280,10.359,9.854,8.598,7.992,6.306,0.000,6.282,8.323,9.398,9.958,10.631,12.049,13.271,13.380,14.260,15.650,16.122,16.193,16.853
14.169,13.910,13.096,14.684,14.445,16.600,16.076,12.576,12.491,11.213,9.717,8.747,6.282,0.000,6.618,8.470,9.011,10.238,11.824,13.728,14.181,14.630,16.319,16.602,16.585,17.218
14.147,14.027,13.071,15.100,14.738,16.763,16.431,13.361,13.610,13.119,11.093,9.797,8.323,6.618,0.000,6.664,7.868,9.122,10.392,12.858,13.882,14.003,15.658,16.133,16.047,16.884
13.423,13.388,12.383,14.742,14.431,16.806,16.615,13.668,14.351,14.045,12.422,10.801,9.398,8.470,6.664,0.000,6.720,8.117,8.836,10.783,12.881,13.601,14.915,15.166,15.434,16.587
13.236,13.059,11.803,14.318,13.890,16.389,16.296,13.418,13.870,13.662,12.512,11.108,9.958,9.011,7.868,6.720,0.000,6.169,7.874,9.404,11.272,12.811,14.773,14.438,14.470,16.106
12.309,11.564,9.671,12.267,11.817,14.640,14.912,11.750,13.143,12.806,11.588,10.567,10.631,10.238,9.122,8.117,6.169,0.000,6.169,7.773,8.851,10.192,12.672,13.113,12.856,14.650
12.308,11.642,9.274,12.239,11.617,14.849,15.326,12.520,13.952,14.149,13.119,11.758,12.049,11.824,10.392,8.836,7.874,6.169,0.000,6.009,8.334,9.628,11.608,12.822,13.268,14.731
12.953,11.800,8.923,11.349,10.402,13.652,14.342,12.297,14.467,15.048,14.347,12.899,13.271,13.728,12.858,10.783,9.404,7.773,6.009,0.000,6.326,8.030,9.560,10.211,11.348,13.259
12.067,9.796,6.591,8.084,6.768,10.224,11.312,10.201,13.023,13.942,14.023,12.694,13.380,14.181,13.882,12.881,11.272,8.851,8.334,6.326,0.000,6.162,7.059,7.727,9.500,11.774
13.761,12.260,9.478,10.777,9.641,12.410,13.475,12.270,14.381,15.122,14.926,13.317,14.260,14.630,14.003,13.601,12.811,10.192,9.628,8.030,6.162,0.000,6.261,8.069,8.707,10.922
14.790,13.409,10.612,11.033,9.871,12.372,13.285,13.095,15.299,16.089,16.129,14.851,15.650,16.319,15.658,14.915,14.773,12.672,11.608,9.560,7.059,6.261,0.000,6.229,7.894,9.900
15.162,13.973,11.921,11.858,11.027,12.994,13.918,13.809,15.563,16.232,16.176,15.413,16.122,16.602,16.133,15.166,14.438,13.113,12.822,10.211,7.727,8.069,6.229,0.000,6.425,8.270
14.751,13.873,12.301,12.385,12.137,13.577,14.564,14.419,15.723,16.000,15.947,15.402,16.193,16.585,16.047,15.434,14.470,12.856,13.268,11.348,9.500,8.707,7.894,6.425,0.000,6.650
15.130,14.641,13.602,13.609,13.591,14.650,15.308,15.403,16.488,16.726,16.692,16.367,16.853,17.218,16.884,16.587,16.106,14.650,14.731,13.259,11.774,10.922,9.900,8.270,6.650,0.000