c1,c2,c3,c4,c5,c6,c7,c8,c9,c10,c11,c12,c13,c14,c15,c16,c17,c18,c19,c20,c21,c22,c23,c24,c25,c26
0.000,6.389,7.929,9.801,11.218,10.612,10.844,11.609,13.031,13.592,13.631,14.184,14.590,14.795,14.558,14.789,14.901,14.619,15.079,15.401,15.629,15.176,14.913,14.906,15.080,15.420
6.389,0.000,5.761,7.621,8.606,7.953,8.045,9.189,11.336,12.248,12.402,12.927,13.617,13.760,13.613,14.042,14.074,13.852,14.477,14.993,15.400,14.905,14.361,14.407,14.645,15.089
7.929,5.761,0.000,5.583,7.351,7.457,9.430,10.316,12.801,13.830,13.973,14.295,15.048,15.455,15.033,15.328,15.341,14.662,14.790,15.082,15.296,14.848,14.579,14.729,15.101,15.459
9.801,7.621,5.583,0.000,5.465,7.271,9.607,10.747,13.611,14.549,14.549,14.565,15.664,15.890,15.384,16.137,15.513,14.987,14.954,14.890,15.386,15.081,14.812,15.095,15.253,15.656
11.218,8.606,7.351,5.465,0.000,5.710,8.209,9.972,12.437,13.788,14.647,13.976,15.281,15.647,15.014,15.762,15.924,15.149,15.271,15.369,15.917,15.573,15.378,15.270,15.474,15.696
10.612,7.953,7.457,7.271,5.710,0.000,5.780,7.426,9.929,11.509,12.916,12.917,14.022,14.348,13.998,14.836,15.428,15.549,15.499,15.801,16.265,15.988,15.800,15.464,15.582,15.683
10.844,8.045,9.430,9.607,8.209,5.780,0.000,5.866,7.476,8.187,9.357,10.113,12.086,12.244,12.116,13.450,14.219,14.510,15.596,15.845,16.557,16.042,16.002,15.473,15.630,15.344
11.609,9.189,10.316,10.747,9.972,7.426,5.866,0.000,5.908,8.114,9.133,9.309,12.044,12.427,12.136,13.358,14.535,14.653,15.556,16.483,16.843,16.460,16.116,15.739,15.799,15.484
13.031,11.336,12.801,13.611,12.437,9.929,7.476,5.908,0.000,6.121,7.185,7.001,9.133,10.686,11.324,12.100,13.325,13.876,14.845,15.841,17.002,16.321,16.327,15.533,15.727,15.194
13.592,12.248,13.830,14.549,13.788,11.509,8.187,8.114,6.121,0.000,5.823,7.686,8.632,9.397,10.929,12.516,13.223,13.827,15.126,15.924,16.962,16.860,16.690,15.866,15.933,15.393
13.631,12.402,13.973,14.549,14.647,12.916,9.357,9.133,7.185,5.823,0.000,5.843,7.462,7.610,8.477,11.099,12.462,12.768,13.729,15.004,16.260,16.157,16.793,15.701,15.861,15.259
14.184,12.927,14.295,14.565,13.976,12.917,10.113,9.309,7.001,7.686,5.843,0.000,5.844,7.703,7.690,9.204,11.473,12.450,12.803,13.750,15.392,15.401,16.212,15.536,15.641,15.138
14.590,13.617,15.048,15.664,15.281,14.022,12.086,12.044,9.133,8.632,7.462,5.844,0.000,5.865,7.908,8.542,9.967,11.885,12.814,12.826,14.254,14.807,15.634,14.895,15.470,14.823
14.795,13.760,15.455,15.890,15.647,14.348,12.244,12.427,10.686,9.397,7.610,7.703,5.865,0.000,6.049,7.883,8.728,9.992,12.212,13.297,14.198,14.085,15.290,14.212,14.912,14.768
14.558,13.613,15.033,15.384,15.014,13.998,12.116,12.136,11.324,10.929,8.477,7.690,7.908,6.049,0.000,5.935,7.665,8.440,9.690,12.343,13.837,12.858,14.278,13.439,14.550,14.473
14.789,14.042,15.328,16.137,15.762,14.836,13.450,13.358,12.100,12.516,11.099,9.204,8.542,7.883,5.935,0.000,6.084,7.510,8.244,9.914,12.186,11.420,12.903,12.160,13.756,14.017
14.901,14.074,15.341,15.513,15.924,15.428,14.219,14.535,13.325,13.223,12.462,11.473,9.967,8.728,7.665,6.084,0.000,5.909,7.631,8.758,10.589,10.429,12.639,11.940,14.057,14.554
14.619,13.852,14.662,14.987,15.149,15.549,14.510,14.653,13.876,13.827,12.768,12.450,11.885,9.992,8.440,7.510,5.909,0.000,5.849,7.871,9.054,8.056,10.672,10.657,12.828,13.525
15.079,14.477,14.790,14.954,15.271,15.499,15.596,15.556,14.845,15.126,13.729,12.803,12.814,12.212,9.690,8.244,7.631,5.849,0.000,5.899,7.440,6.632,9.807,10.657,13.181,14.055
15.401,14.993,15.082,14.890,15.369,15.801,15.845,16.483,15.841,15.924,15.004,13.750,12.826,13.297,12.343,9.914,8.758,7.871,5.899,0.000,5.497,7.433,9.618,11.052,13.632,14.793
15.629,15.400,15.296,15.386,15.917,16.265,16.557,16.843,17.002,16.962,16.260,15.392,14.254,14.198,13.837,12.186,10.589,9.054,7.440,5.497,0.000,5.976,8.260,10.234,12.465,14.115
15.176,14.905,14.848,15.081,15.573,15.988,16.042,16.460,16.321,16.860,16.157,15.401,14.807,14.085,12.858,11.420,10.429,8.056,6.632,7.433,5.976,0.000,5.854,7.455,9.809,11.627
14.913,14.361,14.579,14.812,15.378,15.800,16.002,16.116,16.327,16.690,16.793,16.212,15.634,15.290,14.278,12.903,12.639,10.672,9.807,9.618,8.260,5.854,0.000,5.911,7.281,9.294
14.906,14.407,14.729,15.095,15.270,15.464,15.473,15.739,15.533,15.866,15.701,15.536,14.895,14.212,13.439,12.160,11.940,10.657,10.657,11.052,10.234,7.455,5.911,0.000,5.927,7.713
15.080,14.645,15.101,15.253,15.474,15.582,15.630,15.799,15.727,15.933,15.861,15.641,15.470,14.912,14.550,13.756,14.057,12.828,13.181,13.632,12.465,9.809,7.281,5.927,0.000,6.320
15.420,15.089,15.459,15.656,15.696,15.683,15.344,15.484,15.194,15.393,15.259,15.138,14.823,14.768,14.473,14.017,14.554,13.525,14.055,14.793,14.115,11.627,9.294,7.713,6.320,0.000