c1,c2,c3,c4,c5,c6,c7,c8,c9,c10,c11,c12,c13,c14,c15,c16,c17,c18,c19,c20,c21,c22,c23,c24,c25,c26
0.000,6.058,7.414,9.516,11.530,13.033,13.225,14.147,15.365,15.530,15.024,14.695,16.097,16.161,16.297,15.839,15.611,15.215,15.319,15.170,15.099,15.022,15.091,15.277,15.299,15.118
6.058,0.000,5.740,7.403,8.880,10.644,11.253,12.776,14.444,14.563,14.264,13.994,15.588,15.924,16.129,15.643,15.625,14.988,15.042,14.744,14.736,14.890,14.996,15.166,15.095,14.942
7.414,5.740,0.000,5.729,7.211,8.232,8.491,10.311,12.636,12.817,12.534,12.622,14.287,14.853,15.153,14.583,14.937,14.184,14.512,14.300,14.625,14.808,14.826,15.118,15.090,14.737
9.516,7.403,5.729,0.000,5.663,7.601,8.413,9.762,11.838,12.720,12.945,12.739,14.458,15.100,15.391,14.922,15.454,14.735,15.161,14.640,14.759,15.018,15.190,15.557,15.551,15.243
11.530,8.880,7.211,5.663,0.000,5.628,7.650,9.106,10.947,12.315,13.305,13.518,15.137,15.965,16.159,15.366,15.843,15.085,15.446,14.778,14.842,15.227,15.319,15.716,15.745,15.468
13.033,10.644,8.232,7.601,5.628,0.000,5.764,8.056,10.435,11.313,12.514,13.438,15.068,15.870,15.929,15.168,15.667,14.945,15.268,14.760,14.803,15.297,15.477,15.933,15.831,15.608
13.225,11.253,8.491,8.413,7.650,5.764,0.000,6.038,8.589,9.200,10.063,11.489,13.419,14.369,14.591,14.041,14.869,14.427,15.011,14.705,14.922,15.298,15.430,15.857,15.864,15.401
14.147,12.776,10.311,9.762,9.106,8.056,6.038,0.000,6.416,7.300,8.349,10.182,12.891,14.765,14.996,13.961,14.836,13.940,14.763,14.282,14.701,15.308,15.559,16.013,16.275,15.862
15.365,14.444,12.636,11.838,10.947,10.435,8.589,6.416,0.000,6.017,7.548,9.028,11.444,13.958,14.745,13.336,14.253,13.576,14.507,14.270,14.777,15.298,15.487,15.804,16.160,15.866
15.530,14.563,12.817,12.720,12.315,11.313,9.200,7.300,6.017,0.000,6.028,7.797,9.764,12.416,13.385,12.132,13.181,12.416,13.568,13.605,14.194,14.516,14.517,14.810,15.357,15.297
15.024,14.264,12.534,12.945,13.305,12.514,10.063,8.349,7.548,6.028,0.000,6.068,7.997,10.671,11.671,11.040,12.452,12.101,13.157,13.919,14.717,14.896,14.723,14.988,15.577,15.283
14.695,13.994,12.622,12.739,13.518,13.438,11.489,10.182,9.028,7.797,6.068,0.000,6.395,8.709,9.750,8.835,10.583,10.540,12.474,13.285,14.261,14.143,13.768,14.002,14.529,14.492
16.097,15.588,14.287,14.458,15.137,15.068,13.419,12.891,11.444,9.764,7.997,6.395,0.000,6.317,7.093,7.732,9.552,11.006,13.169,14.511,15.105,14.945,14.084,14.095,14.499,14.572
16.161,15.924,14.853,15.100,15.965,15.870,14.369,14.765,13.958,12.416,10.671,8.709,6.317,0.000,6.248,7.792,9.615,11.367,13.712,15.437,15.651,15.060,14.102,14.038,14.360,14.398
16.297,16.129,15.153,15.391,16.159,15.929,14.591,14.996,14.745,13.385,11.671,9.750,7.093,6.248,0.000,6.122,7.693,10.029,12.097,14.684,15.205,14.498,13.188,13.230,13.383,13.771
15.839,15.643,14.583,14.922,15.366,15.168,14.041,13.961,13.336,12.132,11.040,8.835,7.732,7.792,6.122,0.000,5.982,7.880,10.338,12.616,13.799,13.359,12.079,11.758,12.578,13.027
15.611,15.625,14.937,15.454,15.843,15.667,14.869,14.836,14.253,13.181,12.452,10.583,9.552,9.615,7.693,5.982,0.000,5.953,7.440,10.316,11.695,11.942,11.184,10.973,11.945,12.631
15.215,14.988,14.184,14.735,15.085,14.945,14.427,13.940,13.576,12.416,12.101,10.540,11.006,11.367,10.029,7.880,5.953,0.000,5.955,7.341,8.775,9.094,9.118,9.831,10.874,11.397
15.319,15.042,14.512,15.161,15.446,15.268,15.011,14.763,14.507,13.568,13.157,12.474,13.169,13.712,12.097,10.338,7.440,5.955,0.000,5.647,7.853,8.832,10.119,11.158,12.421,12.861
15.170,14.744,14.300,14.640,14.778,14.760,14.705,14.282,14.270,13.605,13.919,13.285,14.511,15.437,14.684,12.616,10.316,7.341,5.647,0.000,5.553,7.389,9.460,10.811,12.656,13.258
15.099,14.736,14.625,14.759,14.842,14.803,14.922,14.701,14.777,14.194,14.717,14.261,15.105,15.651,15.205,13.799,11.695,8.775,7.853,5.553,0.000,5.855,8.086,10.162,11.928,13.126
15.022,14.890,14.808,15.018,15.227,15.297,15.298,15.308,15.298,14.516,14.896,14.143,14.945,15.060,14.498,13.359,11.942,9.094,8.832,7.389,5.855,0.000,5.948,7.994,9.955,11.067
15.091,14.996,14.826,15.190,15.319,15.477,15.430,15.559,15.487,14.517,14.723,13.768,14.084,14.102,13.188,12.079,11.184,9.118,10.119,9.460,8.086,5.948,0.000,6.061,7.214,8.422
15.277,15.166,15.118,15.557,15.716,15.933,15.857,16.013,15.804,14.810,14.988,14.002,14.095,14.038,13.230,11.758,10.973,9.831,11.158,10.811,10.162,7.994,6.061,0.000,5.993,7.918
15.299,15.095,15.090,15.551,15.745,15.831,15.864,16.275,16.160,15.357,15.577,14.529,14.499,14.360,13.383,12.578,11.945,10.874,12.421,12.656,11.928,9.955,7.214,5.993,0.000,6.520
15.118,14.942,14.737,15.243,15.468,15.608,15.401,15.862,15.866,15.297,15.283,14.492,14.572,14.398,13.771,13.027,12.631,11.397,12.861,13.258,13.126,11.067,8.422,7.918,6.520,0.000