c1,c2,c3,c4,c5,c6,c7,c8,c9,c10,c11,c12,c13,c14,c15,c16,c17,c18,c19,c20,c21,c22,c23,c24,c25,c26
0.000,5.955,7.594,10.347,12.875,14.705,15.184,14.334,14.144,14.719,14.936,14.999,14.950,14.981,14.676,15.561,15.712,15.259,15.892,16.097,15.621,15.485,15.492,15.452,15.385,15.441
5.955,0.000,5.817,7.395,9.738,11.577,13.517,14.260,13.876,14.010,14.618,14.994,14.769,14.439,14.222,15.155,15.060,14.254,15.071,15.461,14.707,14.751,14.778,14.786,14.607,14.711
7.594,5.817,0.000,5.740,7.122,9.799,10.941,13.807,13.885,13.872,14.205,14.637,14.163,13.835,13.414,14.630,14.375,13.315,14.630,14.977,13.925,14.362,14.623,14.527,14.576,14.375
10.347,7.395,5.740,0.000,5.703,7.314,9.951,12.416,14.132,15.774,15.848,16.194,15.680,15.037,14.339,15.478,15.068,13.639,14.981,15.321,14.137,14.540,14.752,14.802,14.843,14.583
12.875,9.738,7.122,5.703,0.000,5.767,6.637,10.242,11.396,14.377,15.318,15.818,15.330,14.079,13.416,14.579,13.903,12.302,14.069,14.253,12.608,13.557,13.995,14.024,14.197,13.790
14.705,11.577,9.799,7.314,5.767,0.000,5.817,7.926,10.588,13.203,15.188,16.198,15.921,14.035,13.626,15.036,14.228,12.706,14.672,15.093,13.468,14.199,14.693,14.732,14.588,14.005
15.184,13.517,10.941,9.951,6.637,5.817,0.000,5.900,7.070,10.052,11.857,14.003,14.020,11.928,12.010,13.459,12.441,11.336,13.442,13.760,12.264,13.450,14.079,14.198,14.143,13.451
14.334,14.260,13.807,12.416,10.242,7.926,5.900,0.000,5.929,7.926,10.665,12.872,13.617,11.579,12.238,13.852,13.010,12.070,14.240,14.711,13.338,14.393,14.743,14.628,14.221,13.208
14.144,13.876,13.885,14.132,11.396,10.588,7.070,5.929,0.000,6.206,7.099,9.665,10.194,8.330,10.086,11.635,10.777,10.609,12.651,13.298,12.605,13.835,14.352,14.344,14.336,13.689
14.719,14.010,13.872,15.774,14.377,13.203,10.052,7.926,6.206,0.000,6.153,9.278,10.350,9.423,11.591,13.306,12.782,12.708,14.698,15.416,14.775,15.689,15.977,15.994,15.705,14.825
14.936,14.618,14.205,15.848,15.318,15.188,11.857,10.665,7.099,6.153,0.000,6.503,6.834,6.800,9.875,11.474,11.300,12.186,13.974,14.592,14.621,15.901,16.645,16.502,16.418,15.641
14.999,14.994,14.637,16.194,15.818,16.198,14.003,12.872,9.665,9.278,6.503,0.000,6.190,7.639,9.295,11.019,11.905,12.756,13.709,14.398,15.182,16.113,16.782,17.180,16.785,16.351
14.950,14.769,14.163,15.680,15.330,15.921,14.020,13.617,10.194,10.350,6.834,6.190,0.000,5.997,7.962,9.032,9.567,11.581,12.694,12.903,13.729,15.387,16.182,16.598,16.994,16.506
14.981,14.439,13.835,15.037,14.079,14.035,11.928,11.579,8.330,9.423,6.800,7.639,5.997,0.000,6.142,7.748,7.801,8.880,11.075,11.827,12.124,13.942,15.307,15.811,16.625,16.603
14.676,14.222,13.414,14.339,13.416,13.626,12.010,12.238,10.086,11.591,9.875,9.295,7.962,6.142,0.000,6.133,7.531,7.654,8.873,10.831,11.741,12.992,14.296,15.531,16.468,16.638
15.561,15.155,14.630,15.478,14.579,15.036,13.459,13.852,11.635,13.306,11.474,11.019,9.032,7.748,6.133,0.000,6.279,7.623,7.731,8.327,10.747,12.507,13.360,14.526,16.055,16.452
15.712,15.060,14.375,15.068,13.903,14.228,12.441,13.010,10.777,12.782,11.300,11.905,9.567,7.801,7.531,6.279,0.000,5.837,7.467,7.078,7.902,10.959,12.513,13.193,14.790,15.671
15.259,14.254,13.315,13.639,12.302,12.706,11.336,12.070,10.609,12.708,12.186,12.756,11.581,8.880,7.654,7.623,5.837,0.000,5.649,7.448,6.749,8.628,11.280,12.532,13.710,14.505
15.892,15.071,14.630,14.981,14.069,14.672,13.442,14.240,12.651,14.698,13.974,13.709,12.694,11.075,8.873,7.731,7.467,5.649,0.000,5.652,7.501,7.905,9.743,12.000,13.736,14.405
16.097,15.461,14.977,15.321,14.253,15.093,13.760,14.711,13.298,15.416,14.592,14.398,12.903,11.827,10.831,8.327,7.078,7.448,5.652,0.000,5.703,7.735,8.673,10.402,13.143,14.002
15.621,14.707,13.925,14.137,12.608,13.468,12.264,13.338,12.605,14.775,14.621,15.182,13.729,12.124,11.741,10.747,7.902,6.749,7.501,5.703,0.000,5.745,7.537,8.046,10.740,12.090
15.485,14.751,14.362,14.540,13.557,14.199,13.450,14.393,13.835,15.689,15.901,16.113,15.387,13.942,12.992,12.507,10.959,8.628,7.905,7.735,5.745,0.000,5.668,7.698,9.562,11.041
15.492,14.778,14.623,14.752,13.995,14.693,14.079,14.743,14.352,15.977,16.645,16.782,16.182,15.307,14.296,13.360,12.513,11.280,9.743,8.673,7.537,5.668,0.000,5.797,7.935,9.687
15.452,14.786,14.527,14.802,14.024,14.732,14.198,14.628,14.344,15.994,16.502,17.180,16.598,15.811,15.531,14.526,13.193,12.532,12.000,10.402,8.046,7.698,5.797,0.000,5.935,7.910
15.385,14.607,14.576,14.843,14.197,14.588,14.143,14.221,14.336,15.705,16.418,16.785,16.994,16.625,16.468,16.055,14.790,13.710,13.736,13.143,10.740,9.562,7.935,5.935,0.000,6.482
15.441,14.711,14.375,14.583,13.790,14.005,13.451,13.208,13.689,14.825,15.641,16.351,16.506,16.603,16.638,16.452,15.671,14.505,14.405,14.002,12.090,11.041,9.687,7.910,6.482,0.000