c1,c2,c3,c4,c5,c6,c7,c8,c9,c10,c11,c12,c13,c14,c15,c16,c17,c18,c19,c20,c21,c22,c23,c24,c25,c26
0.000,6.084,7.495,10.235,12.957,14.477,13.637,12.154,12.334,12.627,11.176,11.492,13.211,13.256,14.549,14.208,13.244,14.655,15.780,14.931,14.560,16.243,16.846,16.166,16.253,16.652
6.084,0.000,5.813,7.686,10.104,12.109,11.868,10.250,9.921,10.531,9.423,10.411,12.831,13.668,14.629,13.893,12.653,14.307,15.319,13.862,13.558,15.776,16.304,15.390,15.538,16.356
7.495,5.813,0.000,5.781,7.675,9.005,8.604,7.555,8.285,8.745,8.954,9.660,12.696,13.496,14.492,14.237,12.909,13.969,14.903,12.985,11.876,14.435,15.029,13.618,14.296,16.114
10.235,7.686,5.781,0.000,5.530,6.599,7.362,7.125,8.130,9.375,11.121,11.778,14.680,15.270,16.288,16.132,14.459,15.247,16.212,14.378,13.309,15.644,15.847,14.275,15.036,16.451
12.957,10.104,7.675,5.530,0.000,5.435,7.695,7.352,8.808,10.175,12.185,12.013,14.680,15.854,16.296,15.445,15.180,15.103,15.631,13.597,12.529,14.661,14.437,12.701,13.495,15.323
14.477,12.109,9.005,6.599,5.435,0.000,5.270,6.700,9.071,10.010,12.840,13.399,14.993,15.665,16.548,16.533,15.786,16.750,17.137,15.222,13.625,15.809,15.361,13.500,13.955,15.677
13.637,11.868,8.604,7.362,7.695,5.270,0.000,5.629,8.044,9.497,11.542,13.454,15.013,14.753,15.555,16.405,15.634,16.230,17.699,15.662,14.177,16.178,16.178,14.288,14.290,15.709
12.154,10.250,7.555,7.125,7.352,6.700,5.629,0.000,5.938,7.230,9.116,10.369,13.746,14.895,15.053,14.578,14.203,15.364,16.314,14.944,13.650,15.643,15.440,14.019,14.482,15.819
12.334,9.921,8.285,8.130,8.808,9.071,8.044,5.938,0.000,6.011,8.137,8.950,11.521,13.794,14.726,13.289,12.865,14.749,15.690,14.174,14.217,15.684,15.788,14.299,14.703,15.666
12.627,10.531,8.745,9.375,10.175,10.010,9.497,7.230,6.011,0.000,5.981,7.573,9.732,11.644,13.394,12.133,11.579,13.413,14.718,13.261,13.854,16.524,15.984,15.032,15.898,16.833
11.176,9.423,8.954,11.121,12.185,12.840,11.542,9.116,8.137,5.981,0.000,6.128,8.203,10.036,11.299,11.549,11.248,12.846,14.352,13.927,14.231,16.372,17.383,16.254,16.517,17.261
11.492,10.411,9.660,11.778,12.013,13.399,13.454,10.369,8.950,7.573,6.128,0.000,6.234,8.302,8.791,7.819,8.203,10.168,10.946,10.381,11.277,13.604,14.269,14.326,15.349,16.627
13.211,12.831,12.696,14.680,14.680,14.993,15.013,13.746,11.521,9.732,8.203,6.234,0.000,6.252,7.177,7.540,7.975,10.186,11.322,11.331,12.508,14.533,15.632,16.081,17.401,17.703
13.256,13.668,13.496,15.270,15.854,15.665,14.753,14.895,13.794,11.644,10.036,8.302,6.252,0.000,6.144,7.894,7.464,8.036,10.576,11.087,11.205,13.058,15.103,15.526,16.666,17.686
14.549,14.629,14.492,16.288,16.296,16.548,15.555,15.053,14.726,13.394,11.299,8.791,7.177,6.144,0.000,6.309,7.671,7.438,8.237,10.415,11.355,11.953,13.572,15.321,16.595,17.532
14.208,13.893,14.237,16.132,15.445,16.533,16.405,14.578,13.289,12.133,11.549,7.819,7.540,7.894,6.309,0.000,5.917,7.678,7.094,7.247,10.136,11.389,11.791,13.091,15.710,16.997
13.244,12.653,12.909,14.459,15.180,15.786,15.634,14.203,12.865,11.579,11.248,8.203,7.975,7.464,7.671,5.917,0.000,5.695,7.500,6.129,6.782,10.007,11.203,11.187,13.428,15.746
14.655,14.307,13.969,15.247,15.103,16.750,16.230,15.364,14.749,13.413,12.846,10.168,10.186,8.036,7.438,7.678,5.695,0.000,5.539,7.432,6.137,6.888,10.174,11.241,12.071,14.112
15.780,15.319,14.903,16.212,15.631,17.137,17.699,16.314,15.690,14.718,14.352,10.946,11.322,10.576,8.237,7.094,7.500,5.539,0.000,5.578,7.520,6.291,7.458,10.538,12.268,14.045
14.931,13.862,12.985,14.378,13.597,15.222,15.662,14.944,14.174,13.261,13.927,10.381,11.331,11.087,10.415,7.247,6.129,7.432,5.578,0.000,5.645,7.444,6.613,7.527,11.044,13.201
14.560,13.558,11.876,13.309,12.529,13.625,14.177,13.650,14.217,13.854,14.231,11.277,12.508,11.205,11.355,10.136,6.782,6.137,7.520,5.645,0.000,5.601,7.419,6.451,8.252,10.967
16.243,15.776,14.435,15.644,14.661,15.809,16.178,15.643,15.684,16.524,16.372,13.604,14.533,13.058,11.953,11.389,10.007,6.888,6.291,7.444,5.601,0.000,5.499,7.558,7.673,9.825
16.846,16.304,15.029,15.847,14.437,15.361,16.178,15.440,15.788,15.984,17.383,14.269,15.632,15.103,13.572,11.791,11.203,10.174,7.458,6.613,7.419,5.499,0.000,5.636,7.868,9.935
16.166,15.390,13.618,14.275,12.701,13.500,14.288,14.019,14.299,15.032,16.254,14.326,16.081,15.526,15.321,13.091,11.187,11.241,10.538,7.527,6.451,7.558,5.636,0.000,5.735,8.339
16.253,15.538,14.296,15.036,13.495,13.955,14.290,14.482,14.703,15.898,16.517,15.349,17.401,16.666,16.595,15.710,13.428,12.071,12.268,11.044,8.252,7.673,7.868,5.735,0.000,6.311
16.652,16.356,16.114,16.451,15.323,15.677,15.709,15.819,15.666,16.833,17.261,16.627,17.703,17.686,17.532,16.997,15.746,14.112,14.045,13.201,10.967,9.825,9.935,8.339,6.311,0.000