c1,c2,c3,c4,c5,c6,c7,c8,c9,c10,c11,c12,c13,c14,c15,c16,c17,c18,c19,c20,c21,c22,c23,c24,c25,c26
0.000,6.057,8.430,10.165,11.726,12.271,13.078,14.331,14.671,15.165,15.625,15.626,15.151,15.640,15.226,15.263,14.861,14.573,14.942,14.763,14.704,15.007,15.380,15.396,15.316,15.707
6.057,0.000,5.877,7.164,8.501,8.730,10.164,11.585,12.338,13.286,13.861,13.920,13.403,14.258,13.900,14.402,13.793,13.145,14.028,13.895,13.217,14.108,14.645,14.863,14.814,15.376
8.430,5.877,0.000,5.767,7.112,8.384,10.013,11.873,12.935,14.154,14.528,14.661,13.905,14.883,14.249,14.966,14.439,13.515,14.479,14.601,13.787,14.380,15.198,15.233,15.177,15.673
10.165,7.164,5.767,0.000,5.677,7.862,8.527,10.431,12.139,13.762,13.986,13.747,13.064,14.024,13.304,14.118,13.470,12.618,13.727,13.762,13.033,13.838,14.561,14.712,14.726,15.482
11.726,8.501,7.112,5.677,0.000,5.755,7.778,8.952,10.417,12.865,13.368,12.942,12.093,13.195,12.638,13.717,13.228,12.479,13.918,14.128,13.047,14.074,14.899,15.009,15.103,15.610
12.271,8.730,8.384,7.862,5.755,0.000,5.893,7.673,9.148,11.190,12.309,12.435,11.720,13.157,12.876,14.111,13.796,13.094,14.745,15.062,13.771,14.780,15.616,15.620,15.528,15.989
13.078,10.164,10.013,8.527,7.778,5.893,0.000,5.929,7.649,9.601,10.513,11.086,10.211,12.000,11.968,13.433,13.092,12.501,14.175,14.443,13.334,14.082,15.047,15.091,15.056,15.633
14.331,11.585,11.873,10.431,8.952,7.673,5.929,0.000,6.155,8.566,9.406,9.456,9.277,11.216,11.547,13.089,13.058,12.313,13.912,14.385,13.427,14.135,14.925,14.977,15.023,15.615
14.671,12.338,12.935,12.139,10.417,9.148,7.649,6.155,0.000,5.818,7.585,8.333,8.530,10.948,12.089,13.783,13.905,13.266,14.628,15.385,14.453,15.048,15.851,15.905,15.799,15.954
15.165,13.286,14.154,13.762,12.865,11.190,9.601,8.566,5.818,0.000,5.832,7.921,8.950,11.288,13.062,15.021,14.959,14.000,15.316,16.005,15.219,15.815,16.080,16.240,16.039,16.073
15.625,13.861,14.528,13.986,13.368,12.309,10.513,9.406,7.585,5.832,0.000,6.145,7.548,9.895,11.978,14.175,14.471,13.326,14.590,15.246,14.520,15.161,15.997,15.878,15.629,15.716
15.626,13.920,14.661,13.747,12.942,12.435,11.086,9.456,8.333,7.921,6.145,0.000,6.373,8.370,11.081,12.872,13.897,13.183,14.203,14.824,14.367,15.012,16.132,16.412,15.897,16.091
15.151,13.403,13.905,13.064,12.093,11.720,10.211,9.277,8.530,8.950,7.548,6.373,0.000,6.369,7.709,10.018,10.577,10.691,12.159,12.474,12.246,13.440,14.580,14.919,15.385,16.035
15.640,14.258,14.883,14.024,13.195,13.157,12.000,11.216,10.948,11.288,9.895,8.370,6.369,0.000,6.512,7.926,9.581,9.910,11.976,12.625,12.672,13.763,15.076,15.618,16.510,17.203
15.226,13.900,14.249,13.304,12.638,12.876,11.968,11.547,12.089,13.062,11.978,11.081,7.709,6.512,0.000,6.510,7.291,7.787,9.408,11.142,11.443,12.207,13.639,14.729,15.582,16.630
15.263,14.402,14.966,14.118,13.717,14.111,13.433,13.089,13.783,15.021,14.175,12.872,10.018,7.926,6.510,0.000,6.187,7.749,8.148,8.558,10.903,12.290,12.658,13.641,15.415,16.469
14.861,13.793,14.439,13.470,13.228,13.796,13.092,13.058,13.905,14.959,14.471,13.897,10.577,9.581,7.291,6.187,0.000,6.094,7.463,7.397,8.295,11.060,12.226,12.369,13.858,15.678
14.573,13.145,13.515,12.618,12.479,13.094,12.501,12.313,13.266,14.000,13.326,13.183,10.691,9.910,7.787,7.749,6.094,0.000,5.947,7.457,6.964,8.224,10.978,11.942,12.401,14.151
14.942,14.028,14.479,13.727,13.918,14.745,14.175,13.912,14.628,15.316,14.590,14.203,12.159,11.976,9.408,8.148,7.463,5.947,0.000,5.910,7.689,7.352,8.745,11.319,12.538,13.349
14.763,13.895,14.601,13.762,14.128,15.062,14.443,14.385,15.385,16.005,15.246,14.824,12.474,12.625,11.142,8.558,7.397,7.457,5.910,0.000,6.036,7.699,7.667,8.755,11.598,13.065
14.704,13.217,13.787,13.033,13.047,13.771,13.334,13.427,14.453,15.219,14.520,14.367,12.246,12.672,11.443,10.903,8.295,6.964,7.689,6.036,0.000,6.011,7.662,7.137,9.043,11.666
15.007,14.108,14.380,13.838,14.074,14.780,14.082,14.135,15.048,15.815,15.161,15.012,13.440,13.763,12.207,12.290,11.060,8.224,7.352,7.699,6.011,0.000,5.989,7.720,7.850,10.012
15.380,14.645,15.198,14.561,14.899,15.616,15.047,14.925,15.851,16.080,15.997,16.132,14.580,15.076,13.639,12.658,12.226,10.978,8.745,7.667,7.662,5.989,0.000,5.917,7.550,8.766
15.396,14.863,15.233,14.712,15.009,15.620,15.091,14.977,15.905,16.240,15.878,16.412,14.919,15.618,14.729,13.641,12.369,11.942,11.319,8.755,7.137,7.720,5.917,0.000,5.896,8.032
15.316,14.814,15.177,14.726,15.103,15.528,15.056,15.023,15.799,16.039,15.629,15.897,15.385,16.510,15.582,15.415,13.858,12.401,12.538,11.598,9.043,7.850,7.550,5.896,0.000,6.436
15.707,15.376,15.673,15.482,15.610,15.989,15.633,15.615,15.954,16.073,15.716,16.091,16.035,17.203,16.630,16.469,15.678,14.151,13.349,13.065,11.666,10.012,8.766,8.032,6.436,0.000