c1,c2,c3,c4,c5,c6,c7,c8,c9,c10,c11,c12,c13,c14,c15,c16,c17,c18,c19,c20,c21,c22,c23,c24,c25,c26
0.000,6.008,8.456,10.199,11.745,13.054,13.905,14.920,14.939,14.513,15.108,15.776,15.968,15.721,15.912,15.859,15.668,14.971,15.528,15.568,15.518,15.623,15.604,15.651,15.888,15.833
6.008,0.000,5.928,7.312,8.354,9.869,10.915,12.724,12.798,12.622,13.250,14.034,14.820,14.834,15.296,15.288,14.812,13.700,14.555,14.527,14.673,14.905,14.962,15.144,15.527,15.525
8.456,5.928,0.000,5.748,7.343,8.676,10.033,12.006,12.511,12.595,12.942,13.845,14.485,14.965,15.549,15.069,14.712,13.332,14.640,14.612,14.752,15.152,15.207,15.298,15.808,15.869
10.199,7.312,5.748,0.000,5.805,7.480,8.014,9.324,10.978,12.145,12.407,13.174,14.412,14.624,14.816,15.228,14.151,12.560,13.944,13.784,14.003,14.589,14.706,14.986,15.637,15.772
11.745,8.354,7.343,5.805,0.000,5.741,7.447,8.393,9.260,11.528,12.599,12.901,13.925,14.784,14.988,15.293,15.131,13.030,14.713,14.451,14.679,15.309,15.375,15.559,16.165,16.195
13.054,9.869,8.676,7.480,5.741,0.000,5.722,8.087,8.965,10.432,12.543,13.574,13.696,14.334,14.867,15.053,14.806,13.295,14.716,14.006,14.180,15.060,15.164,15.487,16.052,16.252
13.905,10.915,10.033,8.014,7.447,5.722,0.000,5.817,7.319,8.414,9.757,12.257,13.388,13.039,13.242,13.939,13.274,11.620,13.422,12.315,12.934,14.170,14.496,15.143,15.742,16.078
14.920,12.724,12.006,9.324,8.393,8.087,5.817,0.000,5.830,7.832,8.925,10.479,13.193,14.077,13.508,14.108,14.442,12.225,13.653,13.445,13.540,14.826,15.123,15.747,16.302,16.509
14.939,12.798,12.511,10.978,9.260,8.965,7.319,5.830,0.000,5.958,7.780,8.948,11.034,13.264,13.963,14.002,13.666,11.480,12.719,12.727,13.387,14.261,14.883,15.546,16.131,16.514
14.513,12.622,12.595,12.145,11.528,10.432,8.414,7.832,5.958,0.000,6.127,7.854,9.555,11.203,12.999,13.452,12.807,10.813,11.898,12.348,13.155,13.811,14.337,14.903,15.611,16.229
15.108,13.250,12.942,12.407,12.599,12.543,9.757,8.925,7.780,6.127,0.000,6.444,7.751,9.547,10.642,11.821,11.476,9.292,10.408,11.614,12.934,13.343,14.289,14.637,15.169,15.864
15.776,14.034,13.845,13.174,12.901,13.574,12.257,10.479,8.948,7.854,6.444,0.000,6.449,8.236,9.522,10.563,10.994,9.995,10.095,12.186,13.230,13.300,14.105,14.653,14.956,15.730
15.968,14.820,14.485,14.412,13.925,13.696,13.388,13.193,11.034,9.555,7.751,6.449,0.000,6.376,7.795,8.705,9.307,9.615,10.549,12.663,13.973,13.832,14.659,15.127,15.377,16.041
15.721,14.834,14.965,14.624,14.784,14.334,13.039,14.077,13.264,11.203,9.547,8.236,6.376,0.000,6.038,8.296,8.230,9.461,9.953,12.588,13.852,13.279,14.228,14.641,14.824,15.424
15.912,15.296,15.549,14.816,14.988,14.867,13.242,13.508,13.963,12.999,10.642,9.522,7.795,6.038,0.000,6.126,6.756,8.748,9.385,12.240,13.855,13.043,13.816,14.387,14.498,15.442
15.859,15.288,15.069,15.228,15.293,15.053,13.939,14.108,14.002,13.452,11.821,10.563,8.705,8.296,6.126,0.000,6.256,8.438,9.443,11.437,13.702,12.953,13.809,13.919,14.536,15.491
15.668,14.812,14.712,14.151,15.131,14.806,13.274,14.442,13.666,12.807,11.476,10.994,9.307,8.230,6.756,6.256,0.000,6.016,7.617,9.302,11.497,11.220,12.670,12.979,13.543,14.976
14.971,13.700,13.332,12.560,13.030,13.295,11.620,12.225,11.480,10.813,9.292,9.995,9.615,9.461,8.748,8.438,6.016,0.000,6.007,7.902,9.967,9.632,11.435,12.050,12.777,14.483
15.528,14.555,14.640,13.944,14.713,14.716,13.422,13.653,12.719,11.898,10.408,10.095,10.549,9.953,9.385,9.443,7.617,6.007,0.000,6.321,7.505,7.331,9.714,10.642,11.969,14.181
15.568,14.527,14.612,13.784,14.451,14.006,12.315,13.445,12.727,12.348,11.614,12.186,12.663,12.588,12.240,11.437,9.302,7.902,6.321,0.000,5.755,8.035,9.727,10.733,12.485,14.535
15.518,14.673,14.752,14.003,14.679,14.180,12.934,13.540,13.387,13.155,12.934,13.230,13.973,13.852,13.855,13.702,11.497,9.967,7.505,5.755,0.000,6.167,8.270,9.807,11.471,14.057
15.623,14.905,15.152,14.589,15.309,15.060,14.170,14.826,14.261,13.811,13.343,13.300,13.832,13.279,13.043,12.953,11.220,9.632,7.331,8.035,6.167,0.000,6.042,7.622,8.938,11.939
15.604,14.962,15.207,14.706,15.375,15.164,14.496,15.123,14.883,14.337,14.289,14.105,14.659,14.228,13.816,13.809,12.670,11.435,9.714,9.727,8.270,6.042,0.000,5.949,7.543,10.515
15.651,15.144,15.298,14.986,15.559,15.487,15.143,15.747,15.546,14.903,14.637,14.653,15.127,14.641,14.387,13.919,12.979,12.050,10.642,10.733,9.807,7.622,5.949,0.000,6.171,8.731
15.888,15.527,15.808,15.637,16.165,16.052,15.742,16.302,16.131,15.611,15.169,14.956,15.377,14.824,14.498,14.536,13.543,12.777,11.969,12.485,11.471,8.938,7.543,6.171,0.000,6.923
15.833,15.525,15.869,15.772,16.195,16.252,16.078,16.509,16.514,16.229,15.864,15.730,16.041,15.424,15.442,15.491,14.976,14.483,14.181,14.535,14.057,11.939,10.515,8.731,6.923,0.000