c1,c2,c3,c4,c5,c6,c7,c8,c9,c10,c11,c12,c13,c14,c15,c16,c17,c18,c19,c20,c21,c22,c23,c24,c25,c26
0.000,5.876,7.584,9.619,11.128,13.349,14.353,15.149,16.042,16.260,15.535,15.475,16.155,15.777,14.465,15.390,15.806,14.715,14.459,15.474,15.182,14.479,15.296,15.850,15.469,15.135
5.876,0.000,5.691,7.006,8.321,10.597,12.664,14.230,15.288,15.480,14.885,14.755,15.441,15.234,13.964,14.975,15.407,14.240,13.976,15.297,14.989,14.321,15.117,15.866,15.464,15.201
7.584,5.691,0.000,5.566,7.403,9.434,11.196,13.811,15.436,15.461,14.876,14.878,15.509,15.255,14.071,15.106,15.580,13.781,13.757,15.289,14.988,14.028,15.176,16.025,15.498,15.120
9.619,7.006,5.566,0.000,5.671,7.331,9.179,11.131,13.721,14.697,14.482,13.977,14.810,14.841,14.059,15.147,15.386,13.887,14.111,15.542,15.196,14.569,15.641,16.344,15.785,15.576
11.128,8.321,7.403,5.671,0.000,5.652,7.273,9.308,11.846,12.911,13.868,12.911,13.721,14.333,13.349,14.353,14.669,13.647,13.596,14.657,14.471,14.008,15.050,15.771,15.422,15.204
13.349,10.597,9.434,7.331,5.652,0.000,5.660,7.832,10.449,11.714,12.924,12.096,13.118,14.058,13.662,14.695,15.177,14.423,14.596,15.699,15.417,15.055,15.750,16.269,15.939,15.646
14.353,12.664,11.196,9.179,7.273,5.660,0.000,5.714,8.569,9.894,11.147,10.717,12.284,13.403,13.136,14.370,15.000,14.310,14.802,15.934,15.696,15.363,16.080,16.513,16.163,15.716
15.149,14.230,13.811,11.131,9.308,7.832,5.714,0.000,6.118,7.562,8.225,7.532,9.888,11.274,11.700,13.022,14.062,13.780,14.489,15.957,15.973,15.710,15.765,16.047,15.886,15.540
16.042,15.288,15.436,13.721,11.846,10.449,8.569,6.118,0.000,5.756,6.710,7.131,9.612,11.375,12.068,13.299,14.363,14.622,15.030,16.348,17.036,16.419,16.150,16.462,16.292,15.946
16.260,15.480,15.461,14.697,12.911,11.714,9.894,7.562,5.756,0.000,5.633,7.554,8.273,9.831,11.589,12.975,13.417,13.638,14.606,15.811,16.386,16.925,16.144,16.556,16.399,16.074
15.535,14.885,14.876,14.482,13.868,12.924,11.147,8.225,6.710,5.633,0.000,5.807,7.730,8.201,9.455,11.720,12.702,12.156,13.141,14.945,15.612,15.972,17.188,17.146,16.854,16.470
15.475,14.755,14.878,13.977,12.911,12.096,10.717,7.532,7.131,7.554,5.807,0.000,5.844,7.891,8.318,9.616,11.546,11.759,11.589,13.470,15.055,15.364,16.254,17.604,16.863,16.624
16.155,15.441,15.509,14.810,13.721,13.118,12.284,9.888,9.612,8.273,7.730,5.844,0.000,5.964,7.838,8.543,9.629,10.803,11.373,12.213,13.647,14.920,15.796,16.673,17.746,16.905
15.777,15.234,15.255,14.841,14.333,14.058,13.403,11.274,11.375,9.831,8.201,7.891,5.964,0.000,6.120,7.924,8.575,8.599,10.218,11.761,11.941,13.252,14.981,16.013,16.828,17.460
14.465,13.964,14.071,14.059,13.349,13.662,13.136,11.700,12.068,11.589,9.455,8.318,7.838,6.120,0.000,6.104,7.583,7.043,7.602,10.212,11.287,11.354,13.083,15.006,15.946,16.668
15.390,14.975,15.106,15.147,14.353,14.695,14.370,13.022,13.299,12.975,11.720,9.616,8.543,7.924,6.104,0.000,5.829,7.665,6.890,7.496,10.485,11.406,11.439,13.168,15.411,16.136
15.806,15.407,15.580,15.386,14.669,15.177,15.000,14.062,14.363,13.417,12.702,11.546,9.629,8.575,7.583,5.829,0.000,5.684,7.581,6.671,7.686,10.411,11.465,11.694,13.545,15.447
14.715,14.240,13.781,13.887,13.647,14.423,14.310,13.780,14.622,13.638,12.156,11.759,10.803,8.599,7.043,7.665,5.684,0.000,5.559,7.473,6.577,7.429,10.401,11.605,12.077,13.675
14.459,13.976,13.757,14.111,13.596,14.596,14.802,14.489,15.030,14.606,13.141,11.589,11.373,10.218,7.602,6.890,7.581,5.559,0.000,5.522,7.472,6.517,7.547,10.661,11.925,12.534
15.474,15.297,15.289,15.542,14.657,15.699,15.934,15.957,16.348,15.811,14.945,13.470,12.213,11.761,10.212,7.496,6.671,7.473,5.522,0.000,5.518,7.477,6.729,7.956,10.880,12.239
15.182,14.989,14.988,15.196,14.471,15.417,15.696,15.973,17.036,16.386,15.612,15.055,13.647,11.941,11.287,10.485,7.686,6.577,7.472,5.518,0.000,5.532,7.493,6.818,8.509,10.651
14.479,14.321,14.028,14.569,14.008,15.055,15.363,15.710,16.419,16.925,15.972,15.364,14.920,13.252,11.354,11.406,10.411,7.429,6.517,7.477,5.532,0.000,5.513,7.488,7.630,9.247
15.296,15.117,15.176,15.641,15.050,15.750,16.080,15.765,16.150,16.144,17.188,16.254,15.796,14.981,13.083,11.439,11.465,10.401,7.547,6.729,7.493,5.513,0.000,5.548,7.685,8.402
15.850,15.866,16.025,16.344,15.771,16.269,16.513,16.047,16.462,16.556,17.146,17.604,16.673,16.013,15.006,13.168,11.694,11.605,10.661,7.956,6.818,7.488,5.548,0.000,5.658,7.833
15.469,15.464,15.498,15.785,15.422,15.939,16.163,15.886,16.292,16.399,16.854,16.863,17.746,16.828,15.946,15.411,13.545,12.077,11.925,10.880,8.509,7.630,7.685,5.658,0.000,5.986
15.135,15.201,15.120,15.576,15.204,15.646,15.716,15.540,15.946,16.074,16.470,16.624,16.905,17.460,16.668,16.136,15.447,13.675,12.534,12.239,10.651,9.247,8.402,7.833,5.986,0.000