c1,c2,c3,c4,c5,c6,c7,c8,c9,c10,c11,c12,c13,c14,c15,c16,c17,c18,c19,c20,c21,c22,c23,c24,c25,c26
0.000,6.628,8.057,10.300,12.057,13.372,13.860,13.605,13.369,13.872,14.779,14.832,15.419,15.130,14.539,15.216,15.561,15.457,15.191,14.368,14.108,13.607,13.533,14.166,14.450,14.463
6.628,0.000,6.123,7.932,9.402,10.722,12.202,13.036,13.009,14.099,14.965,14.952,15.736,15.206,14.568,15.443,15.743,15.561,14.698,13.489,13.033,12.454,12.503,12.973,13.255,13.369
8.057,6.123,0.000,5.834,6.385,8.577,9.335,11.748,12.122,13.767,14.601,14.433,15.371,14.469,13.472,14.732,14.923,14.490,13.730,12.437,11.871,11.402,11.174,12.339,12.843,12.937
10.300,7.932,5.834,0.000,5.781,7.847,9.924,12.267,13.514,15.411,15.890,15.010,16.302,15.391,13.897,15.285,15.108,14.282,13.225,11.673,11.949,11.268,11.770,12.894,13.647,13.847
12.057,9.402,6.385,5.781,0.000,5.971,6.750,9.162,10.909,13.749,14.655,14.212,15.400,14.393,13.138,14.845,15.030,14.299,13.302,12.040,11.267,11.468,10.984,12.504,13.385,13.407
13.372,10.722,8.577,7.847,5.971,0.000,6.057,7.892,9.546,12.217,13.808,13.534,15.237,13.776,12.566,14.338,14.290,13.907,13.066,11.974,11.597,12.103,12.026,13.325,13.869,14.102
13.860,12.202,9.335,9.924,6.750,6.057,0.000,6.149,7.307,9.530,11.206,11.932,13.837,12.483,11.308,13.531,13.764,13.405,12.227,12.092,10.770,11.916,12.132,13.303,13.771,14.159
13.605,13.036,11.748,12.267,9.162,7.892,6.149,0.000,6.205,8.126,9.943,10.328,12.991,12.061,11.150,13.324,14.055,13.899,12.873,13.276,12.082,13.171,13.018,14.080,14.516,14.935
13.369,13.009,12.122,13.514,10.909,9.546,7.307,6.205,0.000,6.195,7.313,7.822,10.002,9.422,9.426,12.222,13.209,13.242,12.378,13.227,12.312,13.407,13.683,14.671,15.179,15.504
13.872,14.099,13.767,15.411,13.749,12.217,9.530,8.126,6.195,0.000,5.797,8.627,10.301,10.157,11.590,14.320,14.962,15.028,14.188,15.246,14.019,14.942,14.858,15.287,15.437,16.027
14.779,14.965,14.601,15.890,14.655,13.808,11.206,9.943,7.313,5.797,0.000,6.458,6.568,6.650,9.250,12.011,13.889,14.504,13.410,14.695,13.746,14.943,15.393,15.715,16.098,16.497
14.832,14.952,14.433,15.010,14.212,13.534,11.932,10.328,7.822,8.627,6.458,0.000,6.151,7.771,8.311,11.364,13.561,14.858,13.306,14.183,13.203,14.480,15.029,15.815,16.222,16.635
15.419,15.736,15.371,16.302,15.400,15.237,13.837,12.991,10.002,10.301,6.568,6.151,0.000,6.094,7.869,10.218,12.362,13.932,12.844,14.014,13.296,14.884,15.355,16.028,16.519,16.691
15.130,15.206,14.469,15.391,14.393,13.776,12.483,12.061,9.422,10.157,6.650,7.771,6.094,0.000,6.647,8.327,10.611,11.916,11.154,13.057,12.462,14.400,15.286,16.064,16.683,16.875
14.539,14.568,13.472,13.897,13.138,12.566,11.308,11.150,9.426,11.590,9.250,8.311,7.869,6.647,0.000,6.427,8.421,9.335,8.399,10.038,9.837,12.011,13.321,14.635,15.742,16.182
15.216,15.443,14.732,15.285,14.845,14.338,13.531,13.324,12.222,14.320,12.011,11.364,10.218,8.327,6.427,0.000,6.777,7.511,7.422,9.867,11.071,12.925,14.245,14.968,15.874,16.246
15.561,15.743,14.923,15.108,15.030,14.290,13.764,14.055,13.209,14.962,13.889,13.561,12.362,10.611,8.421,6.777,0.000,6.092,8.201,9.785,11.010,13.109,14.536,14.625,15.505,16.119
15.457,15.561,14.490,14.282,14.299,13.907,13.405,13.899,13.242,15.028,14.504,14.858,13.932,11.916,9.335,7.511,6.092,0.000,6.456,8.067,9.745,11.489,13.578,14.321,14.716,15.609
15.191,14.698,13.730,13.225,13.302,13.066,12.227,12.873,12.378,14.188,13.410,13.306,12.844,11.154,8.399,7.422,8.201,6.456,0.000,6.214,7.742,9.122,11.080,12.998,14.778,15.134
14.368,13.489,12.437,11.673,12.040,11.974,12.092,13.276,13.227,15.246,14.695,14.183,14.014,13.057,10.038,9.867,9.785,8.067,6.214,0.000,6.104,7.388,8.982,10.798,13.346,14.105
14.108,13.033,11.871,11.949,11.267,11.597,10.770,12.082,12.312,14.019,13.746,13.203,13.296,12.462,9.837,11.071,11.010,9.745,7.742,6.104,0.000,6.029,7.605,8.511,11.299,12.579
13.607,12.454,11.402,11.268,11.468,12.103,11.916,13.171,13.407,14.942,14.943,14.480,14.884,14.400,12.011,12.925,13.109,11.489,9.122,7.388,6.029,0.000,5.979,7.692,9.694,11.124
13.533,12.503,11.174,11.770,10.984,12.026,12.132,13.018,13.683,14.858,15.393,15.029,15.355,15.286,13.321,14.245,14.536,13.578,11.080,8.982,7.605,5.979,0.000,6.044,7.670,9.162
14.166,12.973,12.339,12.894,12.504,13.325,13.303,14.080,14.671,15.287,15.715,15.815,16.028,16.064,14.635,14.968,14.625,14.321,12.998,10.798,8.511,7.692,6.044,0.000,6.064,7.792
14.450,13.255,12.843,13.647,13.385,13.869,13.771,14.516,15.179,15.437,16.098,16.222,16.519,16.683,15.742,15.874,15.505,14.716,14.778,13.346,11.299,9.694,7.670,6.064,0.000,6.466
14.463,13.369,12.937,13.847,13.407,14.102,14.159,14.935,15.504,16.027,16.497,16.635,16.691,16.875,16.182,16.246,16.119,15.609,15.134,14.105,12.579,11.124,9.162,7.792,6.466,0.000