c1,c2,c3,c4,c5,c6,c7,c8,c9,c10,c11,c12,c13,c14,c15,c16,c17,c18,c19,c20,c21,c22,c23,c24,c25,c26
0.000,6.323,7.654,9.871,11.935,13.240,12.804,13.255,14.682,14.627,14.532,15.581,16.716,17.079,17.172,16.769,16.455,15.701,15.616,14.945,15.062,15.055,14.949,14.658,14.683,15.281
6.323,0.000,5.888,7.810,9.789,11.507,11.796,12.828,13.885,13.925,14.127,15.215,16.759,17.425,17.333,17.000,16.880,15.553,15.622,14.815,14.712,14.678,14.448,13.978,13.825,14.640
7.654,5.888,0.000,5.772,7.259,8.403,8.370,10.708,12.724,11.750,12.311,13.739,15.161,16.056,16.379,15.999,16.165,14.738,14.800,13.907,13.498,13.610,13.340,12.968,13.267,14.345
9.871,7.810,5.772,0.000,5.653,7.066,8.300,10.747,12.877,13.285,13.543,14.465,15.806,16.731,17.283,17.039,16.922,15.491,15.664,14.266,13.205,13.265,12.566,12.492,12.655,13.941
11.935,9.789,7.259,5.653,0.000,5.621,7.324,8.225,10.298,12.226,13.737,13.708,14.928,16.483,16.834,16.532,16.531,14.584,14.656,13.314,11.933,12.457,12.249,12.124,12.722,14.138
13.240,11.507,8.403,7.066,5.621,0.000,5.644,7.413,9.028,10.627,13.213,14.332,14.748,16.018,16.796,16.496,16.433,14.358,14.146,12.703,11.197,11.925,11.744,11.961,12.878,14.455
12.804,11.796,8.370,8.300,7.324,5.644,0.000,5.679,7.157,7.751,9.942,12.058,14.235,15.469,16.309,15.620,15.048,12.373,12.368,11.029,9.654,11.417,11.723,12.420,13.585,14.924
13.255,12.828,10.708,10.747,8.225,7.413,5.679,0.000,5.594,7.942,9.291,11.226,14.360,15.543,16.102,15.556,15.000,11.949,11.868,10.802,8.914,11.107,11.819,12.408,13.596,15.097
14.682,13.885,12.724,12.877,10.298,9.028,7.157,5.594,0.000,5.815,7.377,8.874,11.676,14.694,15.525,13.882,13.281,10.395,10.069,10.376,8.901,11.408,12.620,13.466,14.570,15.690
14.627,13.925,11.750,13.285,12.226,10.627,7.751,7.942,5.815,0.000,5.907,7.562,9.996,12.983,14.087,11.889,11.425,8.504,8.702,9.606,9.772,12.337,13.644,14.806,15.602,16.451
14.532,14.127,12.311,13.543,13.737,13.213,9.942,9.291,7.377,5.907,0.000,6.002,7.833,10.750,12.050,10.635,10.709,8.324,7.406,9.717,10.020,12.432,14.183,14.961,15.606,16.386
15.581,15.215,13.739,14.465,13.708,14.332,12.058,11.226,8.874,7.562,6.002,0.000,5.931,8.371,9.736,7.955,8.713,7.615,8.415,11.123,11.357,13.614,15.185,15.452,15.531,16.312
16.716,16.759,15.161,15.806,14.928,14.748,14.235,14.360,11.676,9.996,7.833,5.931,0.000,5.842,6.579,6.325,7.605,9.470,9.015,12.134,12.939,14.583,15.786,16.017,16.189,16.823
17.079,17.425,16.056,16.731,16.483,16.018,15.469,15.543,14.694,12.983,10.750,8.371,5.842,0.000,5.578,7.669,9.146,11.531,11.665,14.972,15.402,15.550,16.527,16.642,16.465,16.871
17.172,17.333,16.379,17.283,16.834,16.796,16.309,16.102,15.525,14.087,12.050,9.736,6.579,5.578,0.000,5.671,7.545,11.082,11.375,14.710,15.583,15.759,16.585,16.919,16.764,17.088
16.769,17.000,15.999,17.039,16.532,16.496,15.620,15.556,13.882,11.889,10.635,7.955,6.325,7.669,5.671,0.000,5.962,9.168,10.302,13.122,14.622,15.534,16.190,16.260,16.226,16.927
16.455,16.880,16.165,16.922,16.531,16.433,15.048,15.000,13.281,11.425,10.709,8.713,7.605,9.146,7.545,5.962,0.000,6.198,7.717,9.789,11.786,13.198,14.844,14.895,14.830,16.128
15.701,15.553,14.738,15.491,14.584,14.358,12.373,11.949,10.395,8.504,8.324,7.615,9.470,11.531,11.082,9.168,6.198,0.000,6.032,6.991,8.390,10.779,12.648,13.824,14.032,15.104
15.616,15.622,14.800,15.664,14.656,14.146,12.368,11.868,10.069,8.702,7.406,8.415,9.015,11.665,11.375,10.302,7.717,6.032,0.000,5.785,7.978,9.952,11.923,13.658,14.502,15.433
14.945,14.815,13.907,14.266,13.314,12.703,11.029,10.802,10.376,9.606,9.717,11.123,12.134,14.972,14.710,13.122,9.789,6.991,5.785,0.000,5.874,7.505,9.879,11.520,13.329,14.836
15.062,14.712,13.498,13.205,11.933,11.197,9.654,8.914,8.901,9.772,10.020,11.357,12.939,15.402,15.583,14.622,11.786,8.390,7.978,5.874,0.000,5.812,7.557,9.134,10.809,13.553
15.055,14.678,13.610,13.265,12.457,11.925,11.417,11.107,11.408,12.337,12.432,13.614,14.583,15.550,15.759,15.534,13.198,10.779,9.952,7.505,5.812,0.000,5.783,7.659,9.160,11.698
14.949,14.448,13.340,12.566,12.249,11.744,11.723,11.819,12.620,13.644,14.183,15.185,15.786,16.527,16.585,16.190,14.844,12.648,11.923,9.879,7.557,5.783,0.000,5.738,7.257,9.658
14.658,13.978,12.968,12.492,12.124,11.961,12.420,12.408,13.466,14.806,14.961,15.452,16.017,16.642,16.919,16.260,14.895,13.824,13.658,11.520,9.134,7.659,5.738,0.000,5.864,7.914
14.683,13.825,13.267,12.655,12.722,12.878,13.585,13.596,14.570,15.602,15.606,15.531,16.189,16.465,16.764,16.226,14.830,14.032,14.502,13.329,10.809,9.160,7.257,5.864,0.000,6.192
15.281,14.640,14.345,13.941,14.138,14.455,14.924,15.097,15.690,16.451,16.386,16.312,16.823,16.871,17.088,16.927,16.128,15.104,15.433,14.836,13.553,11.698,9.658,7.914,6.192,0.000