c1,c2,c3,c4,c5,c6,c7,c8,c9,c10,c11,c12,c13,c14,c15,c16,c17,c18,c19,c20,c21,c22,c23,c24,c25,c26
0.000,5.993,7.679,9.837,11.940,13.906,14.290,14.400,14.886,15.371,15.624,15.832,16.048,15.624,15.725,15.514,15.281,14.527,14.775,14.565,13.989,14.019,14.580,14.793,14.238,14.936
5.993,0.000,5.792,7.586,9.756,11.781,12.753,13.643,13.924,14.456,14.911,15.207,15.531,15.073,15.186,15.093,14.726,13.614,14.205,14.138,13.315,13.472,14.239,14.511,13.661,14.592
7.679,5.792,0.000,5.946,7.282,9.236,10.229,12.092,13.075,13.475,14.125,14.739,14.880,14.294,14.510,14.608,14.092,13.135,13.749,13.798,12.946,12.918,14.168,14.364,13.763,14.744
9.837,7.586,5.946,0.000,5.729,8.338,9.605,11.102,12.883,14.216,14.442,14.708,14.907,14.070,14.383,14.778,14.137,13.294,13.887,14.297,13.618,13.386,14.474,14.820,14.179,15.221
11.940,9.756,7.282,5.729,0.000,5.765,7.674,9.068,10.386,12.917,13.823,13.768,13.546,12.794,13.113,13.652,13.232,12.441,13.604,14.127,13.302,13.257,14.440,14.628,14.301,15.273
13.906,11.781,9.236,8.338,5.765,0.000,5.938,7.439,9.131,11.294,12.547,12.967,12.611,11.626,12.250,13.083,12.920,12.919,14.126,14.769,13.941,13.573,14.739,15.062,14.750,15.573
14.290,12.753,10.229,9.605,7.674,5.938,0.000,6.060,7.613,9.539,10.460,11.620,11.407,10.461,10.932,12.342,11.981,12.118,13.919,14.340,13.383,13.038,14.627,14.796,14.429,15.292
14.400,13.643,12.092,11.102,9.068,7.439,6.060,0.000,6.042,8.568,9.228,9.585,10.433,10.146,10.763,12.407,13.098,13.086,14.579,15.731,14.811,14.529,15.609,15.883,15.434,15.929
14.886,13.924,13.075,12.883,10.386,9.131,7.613,6.042,0.000,5.747,7.609,8.052,8.369,9.569,10.734,12.072,12.741,13.387,14.761,15.707,15.777,15.432,15.976,16.037,16.043,16.284
15.371,14.456,13.475,14.216,12.917,11.294,9.539,8.568,5.747,0.000,5.916,7.999,8.480,9.942,11.558,13.448,13.261,13.692,15.183,15.819,15.931,16.756,16.821,16.712,16.396,16.580
15.624,14.911,14.125,14.442,13.823,12.547,10.460,9.228,7.609,5.916,0.000,5.984,7.501,8.579,10.180,12.518,13.006,12.538,13.870,15.134,15.294,15.994,17.435,17.179,16.821,16.849
15.832,15.207,14.739,14.708,13.768,12.967,11.620,9.585,8.052,7.999,5.984,0.000,6.205,8.296,9.476,11.111,12.773,13.100,12.879,14.088,15.397,15.864,16.722,17.855,16.907,16.965
16.048,15.531,14.880,14.907,13.546,12.611,11.407,10.433,8.369,8.480,7.501,6.205,0.000,6.193,8.002,9.171,10.187,12.117,13.001,12.765,13.886,15.255,15.950,16.683,17.632,16.894
15.624,15.073,14.294,14.070,12.794,11.626,10.461,10.146,9.569,9.942,8.579,8.296,6.193,0.000,6.296,7.873,8.309,9.328,11.680,12.597,12.265,13.512,15.228,15.794,16.432,17.479
15.725,15.186,14.510,14.383,13.113,12.250,10.932,10.763,10.734,11.558,10.180,9.476,8.002,6.296,0.000,6.197,7.757,7.968,8.948,11.600,12.431,11.836,13.510,15.279,15.807,16.511
15.514,15.093,14.608,14.778,13.652,13.083,12.342,12.407,12.072,13.448,12.518,11.111,9.171,7.873,6.197,0.000,6.048,7.771,7.795,8.806,11.318,11.723,11.923,13.635,15.277,16.130
15.281,14.726,14.092,14.137,13.232,12.920,11.981,13.098,12.741,13.261,13.006,12.773,10.187,8.309,7.757,6.048,0.000,5.848,7.687,7.745,8.590,10.537,11.744,12.077,13.472,15.289
14.527,13.614,13.135,13.294,12.441,12.919,12.118,13.086,13.387,13.692,12.538,13.100,12.117,9.328,7.968,7.771,5.848,0.000,5.825,7.781,7.208,7.599,10.194,11.615,11.629,13.363
14.775,14.205,13.749,13.887,13.604,14.126,13.919,14.579,14.761,15.183,13.870,12.879,13.001,11.680,8.948,7.795,7.687,5.825,0.000,5.664,7.384,6.938,7.968,10.824,12.018,12.612
14.565,14.138,13.798,14.297,14.127,14.769,14.340,15.731,15.707,15.819,15.134,14.088,12.765,12.597,11.600,8.806,7.745,7.781,5.664,0.000,5.782,7.576,7.012,8.557,11.048,12.480
13.989,13.315,12.946,13.618,13.302,13.941,13.383,14.811,15.777,15.931,15.294,15.397,13.886,12.265,12.431,11.318,8.590,7.208,7.384,5.782,0.000,5.735,7.653,7.513,8.842,11.289
14.019,13.472,12.918,13.386,13.257,13.573,13.038,14.529,15.432,16.756,15.994,15.864,15.255,13.512,11.836,11.723,10.537,7.599,6.938,7.576,5.735,0.000,5.887,7.834,7.881,9.326
14.580,14.239,14.168,14.474,14.440,14.739,14.627,15.609,15.976,16.821,17.435,16.722,15.950,15.228,13.510,11.923,11.744,10.194,7.968,7.012,7.653,5.887,0.000,5.837,7.768,8.288
14.793,14.511,14.364,14.820,14.628,15.062,14.796,15.883,16.037,16.712,17.179,17.855,16.683,15.794,15.279,13.635,12.077,11.615,10.824,8.557,7.513,7.834,5.837,0.000,5.910,8.011
14.238,13.661,13.763,14.179,14.301,14.750,14.429,15.434,16.043,16.396,16.821,16.907,17.632,16.432,15.807,15.277,13.472,11.629,12.018,11.048,8.842,7.881,7.768,5.910,0.000,6.500
14.936,14.592,14.744,15.221,15.273,15.573,15.292,15.929,16.284,16.580,16.849,16.965,16.894,17.479,16.511,16.130,15.289,13.363,12.612,12.480,11.289,9.326,8.288,8.011,6.500,0.000