c1,c2,c3,c4,c5,c6,c7,c8,c9,c10,c11,c12,c13,c14,c15,c16,c17,c18,c19,c20,c21,c22,c23,c24,c25,c26
0.000,6.199,7.328,7.849,9.794,11.236,12.318,12.708,13.685,14.692,15.304,16.138,17.087,16.815,16.593,16.615,16.698,16.034,16.469,15.374,15.310,16.012,15.963,15.934,15.885,15.966
6.199,0.000,5.551,7.556,8.123,9.437,11.612,12.458,12.330,13.257,14.637,15.173,16.354,17.022,16.348,16.576,16.455,15.862,16.326,15.326,15.249,15.866,15.897,15.748,15.578,15.784
7.328,5.551,0.000,5.569,7.389,8.229,9.666,11.637,12.505,12.472,13.560,15.009,16.231,16.769,17.240,16.975,16.943,16.097,16.529,15.529,15.669,16.159,16.312,16.048,15.818,15.951
7.849,7.556,5.569,0.000,5.585,7.470,8.004,9.265,11.461,12.675,12.500,13.616,15.603,16.206,16.461,17.153,16.615,15.592,16.150,15.253,15.393,15.962,16.149,15.850,15.631,15.985
9.794,8.123,7.389,5.585,0.000,5.678,7.164,7.460,8.542,11.282,12.471,12.506,14.264,15.438,15.881,16.336,16.492,15.039,15.712,14.851,15.203,15.831,15.992,15.756,15.555,15.821
11.236,9.437,8.229,7.470,5.678,0.000,5.601,7.473,7.792,8.953,11.832,12.560,13.532,14.577,15.645,16.095,16.295,15.487,15.823,15.335,15.386,16.170,16.280,15.911,15.704,16.038
12.318,11.612,9.666,8.004,7.164,5.601,0.000,5.588,7.379,7.545,9.139,11.126,13.447,13.795,14.814,15.309,15.731,14.909,15.854,15.085,15.373,16.113,16.344,16.224,15.967,16.075
12.708,12.458,11.637,9.265,7.460,7.473,5.588,0.000,5.639,7.526,8.022,9.020,12.480,13.655,14.076,14.348,15.243,14.401,15.286,15.395,15.466,15.910,16.182,16.083,15.974,16.177
13.685,12.330,12.505,11.461,8.542,7.792,7.379,5.639,0.000,5.713,7.552,7.196,10.344,12.241,13.444,12.987,14.008,13.477,14.560,14.718,15.108,15.766,15.898,16.112,16.005,16.346
14.692,13.257,12.472,12.675,11.282,8.953,7.545,7.526,5.713,0.000,5.702,7.685,9.436,11.468,13.046,12.996,13.708,13.582,14.658,15.226,15.361,16.138,16.095,16.123,15.897,16.369
15.304,14.637,13.560,12.500,12.471,11.832,9.139,8.022,7.552,5.702,0.000,6.041,7.977,9.689,10.996,11.545,13.019,12.796,14.001,15.012,15.115,15.686,15.979,15.692,15.360,16.113
16.138,15.173,15.009,13.616,12.506,12.560,11.126,9.020,7.196,7.685,6.041,0.000,6.178,8.127,9.085,9.326,11.065,11.518,12.616,13.380,13.704,14.432,14.560,14.345,13.939,14.972
17.087,16.354,16.231,15.603,14.264,13.532,13.447,12.480,10.344,9.436,7.977,6.178,0.000,6.252,7.807,8.403,10.121,11.641,13.289,14.189,14.022,14.683,14.899,14.329,13.840,14.645
16.815,17.022,16.769,16.206,15.438,14.577,13.795,13.655,12.241,11.468,9.689,8.127,6.252,0.000,6.260,7.923,9.175,10.610,12.480,13.845,13.174,13.647,13.919,13.271,12.690,13.626
16.593,16.348,17.240,16.461,15.881,15.645,14.814,14.076,13.444,13.046,10.996,9.085,7.807,6.260,0.000,6.239,7.886,9.405,10.836,12.694,12.489,12.556,13.067,12.684,12.461,13.669
16.615,16.576,16.975,17.153,16.336,16.095,15.309,14.348,12.987,12.996,11.545,9.326,8.403,7.923,6.239,0.000,6.122,8.164,9.343,10.985,11.341,11.975,12.347,12.220,12.423,14.072
16.698,16.455,16.943,16.615,16.492,16.295,15.731,15.243,14.008,13.708,13.019,11.065,10.121,9.175,7.886,6.122,0.000,6.084,7.659,9.465,8.908,10.170,11.253,11.097,11.564,13.659
16.034,15.862,16.097,15.592,15.039,15.487,14.909,14.401,13.477,13.582,12.796,11.518,11.641,10.610,9.405,8.164,6.084,0.000,5.901,6.551,6.207,7.976,9.159,10.092,10.458,12.926
16.469,16.326,16.529,16.150,15.712,15.823,15.854,15.286,14.560,14.658,14.001,12.616,13.289,12.480,10.836,9.343,7.659,5.901,0.000,5.562,7.828,7.967,9.563,11.348,11.791,14.036
15.374,15.326,15.529,15.253,14.851,15.335,15.085,15.395,14.718,15.226,15.012,13.380,14.189,13.845,12.694,10.985,9.465,6.551,5.562,0.000,5.435,7.616,8.149,9.818,11.182,13.530
15.310,15.249,15.669,15.393,15.203,15.386,15.373,15.466,15.108,15.361,15.115,13.704,14.022,13.174,12.489,11.341,8.908,6.207,7.828,5.435,0.000,5.655,6.647,7.916,9.288,11.937
16.012,15.866,16.159,15.962,15.831,16.170,16.113,15.910,15.766,16.138,15.686,14.432,14.683,13.647,12.556,11.975,10.170,7.976,7.967,7.616,5.655,0.000,5.673,7.821,8.762,11.348
15.963,15.897,16.312,16.149,15.992,16.280,16.344,16.182,15.898,16.095,15.979,14.560,14.899,13.919,13.067,12.347,11.253,9.159,9.563,8.149,6.647,5.673,0.000,5.757,7.587,9.846
15.934,15.748,16.048,15.850,15.756,15.911,16.224,16.083,16.112,16.123,15.692,14.345,14.329,13.271,12.684,12.220,11.097,10.092,11.348,9.818,7.916,7.821,5.757,0.000,5.851,8.346
15.885,15.578,15.818,15.631,15.555,15.704,15.967,15.974,16.005,15.897,15.360,13.939,13.840,12.690,12.461,12.423,11.564,10.458,11.791,11.182,9.288,8.762,7.587,5.851,0.000,6.365
15.966,15.784,15.951,15.985,15.821,16.038,16.075,16.177,16.346,16.369,16.113,14.972,14.645,13.626,13.669,14.072,13.659,12.926,14.036,13.530,11.937,11.348,9.846,8.346,6.365,0.000