c1,c2,c3,c4,c5,c6,c7,c8,c9,c10,c11,c12,c13,c14,c15,c16,c17,c18,c19,c20,c21,c22,c23,c24,c25,c26
0.000,6.407,7.539,7.716,10.805,11.310,12.986,14.341,13.955,13.674,15.303,15.753,14.867,15.253,16.379,16.091,15.738,16.467,16.824,16.462,16.421,16.734,16.840,16.271,16.383,16.427
6.407,0.000,5.536,7.584,10.403,11.027,12.804,14.527,13.654,13.445,15.259,15.800,14.595,15.011,16.239,16.117,15.317,16.094,16.581,16.292,16.093,16.639,16.678,16.286,16.147,16.331
7.539,5.536,0.000,5.720,8.691,10.342,12.291,14.304,13.326,13.198,15.661,16.231,15.263,16.131,17.458,17.290,16.788,17.199,17.420,17.019,16.909,16.992,17.090,16.742,16.725,16.697
7.716,7.584,5.720,0.000,5.808,7.492,8.932,11.553,10.640,11.412,13.763,14.474,13.796,15.052,17.128,17.411,16.874,17.424,17.560,17.171,16.746,17.027,17.048,16.755,16.717,16.913
10.805,10.403,8.691,5.808,0.000,5.682,7.897,9.357,8.676,9.336,12.146,12.632,12.001,13.295,15.593,16.262,16.321,17.196,17.734,17.141,16.650,16.803,16.803,16.252,16.297,16.496
11.310,11.027,10.342,7.492,5.682,0.000,5.773,6.390,5.728,8.172,10.364,11.225,11.418,12.899,14.294,15.072,15.978,17.303,17.972,17.029,15.960,16.817,16.790,16.089,16.166,16.606
12.986,12.804,12.291,8.932,7.897,5.773,0.000,5.462,7.298,6.830,8.253,11.065,12.149,11.887,13.336,15.372,15.600,16.042,17.999,16.708,15.491,16.179,16.483,15.386,15.739,15.971
14.341,14.527,14.304,11.553,9.357,6.390,5.462,0.000,5.483,7.383,7.377,8.436,11.351,12.354,12.112,13.669,15.016,15.312,16.427,17.415,15.170,15.927,15.918,15.013,15.155,15.750
13.955,13.654,13.326,10.640,8.676,5.728,7.298,5.483,0.000,5.523,7.486,7.226,8.411,11.252,12.308,12.418,13.230,14.567,15.890,16.233,16.808,16.359,16.625,15.848,15.921,16.250
13.674,13.445,13.198,11.412,9.336,8.172,6.830,7.383,5.523,0.000,5.585,7.417,7.306,8.375,11.176,12.002,11.498,12.658,14.986,15.154,15.346,17.353,16.672,15.811,16.299,16.530
15.303,15.259,15.661,13.763,12.146,10.364,8.253,7.377,7.486,5.585,0.000,5.666,7.636,7.468,8.383,10.923,11.182,10.974,13.044,14.436,14.267,15.534,17.493,16.191,16.149,16.582
15.753,15.800,16.231,14.474,12.632,11.225,11.065,8.436,7.226,7.417,5.666,0.000,5.708,7.643,7.320,7.918,9.508,10.179,11.114,12.471,13.756,14.708,15.879,17.043,16.203,16.557
14.867,14.595,15.263,13.796,12.001,11.418,12.149,11.351,8.411,7.306,7.636,5.708,0.000,5.777,7.966,7.661,7.808,10.087,11.849,11.795,12.908,14.976,16.002,16.636,18.087,17.389
15.253,15.011,16.131,15.052,13.295,12.899,11.887,12.354,11.252,8.375,7.468,7.643,5.777,0.000,5.812,7.355,6.687,7.433,10.232,10.985,11.108,12.912,14.981,15.658,16.694,17.825
16.379,16.239,17.458,17.128,15.593,14.294,13.336,12.112,12.308,11.176,8.383,7.320,7.966,5.812,0.000,5.711,7.556,6.295,7.340,10.135,10.988,11.068,12.900,15.112,15.983,16.560
16.091,16.117,17.290,17.411,16.262,15.072,15.372,13.669,12.418,12.002,10.923,7.918,7.661,7.355,5.711,0.000,5.565,7.561,6.738,7.382,10.240,11.210,11.298,13.082,15.467,16.189
15.738,15.317,16.788,16.874,16.321,15.978,15.600,15.016,13.230,11.498,11.182,9.508,7.808,6.687,7.556,5.565,0.000,5.551,7.542,6.490,7.237,10.013,11.115,11.312,13.484,15.292
16.467,16.094,17.199,17.424,17.196,17.303,16.042,15.312,14.567,12.658,10.974,10.179,10.087,7.433,6.295,7.561,5.551,0.000,5.500,7.461,6.269,6.859,9.970,11.134,11.811,13.316
16.824,16.581,17.420,17.560,17.734,17.972,17.999,16.427,15.890,14.986,13.044,11.114,11.849,10.232,7.340,6.738,7.542,5.500,0.000,5.481,7.457,6.172,6.968,10.096,11.662,12.217
16.462,16.292,17.019,17.171,17.141,17.029,16.708,17.415,16.233,15.154,14.436,12.471,11.795,10.985,10.135,7.382,6.490,7.461,5.481,0.000,5.454,7.440,6.270,7.236,10.451,11.868
16.421,16.093,16.909,16.746,16.650,15.960,15.491,15.170,16.808,15.346,14.267,13.756,12.908,11.108,10.988,10.240,7.237,6.269,7.457,5.454,0.000,5.421,7.442,6.403,8.027,10.419
16.734,16.639,16.992,17.027,16.803,16.817,16.179,15.927,16.359,17.353,15.534,14.708,14.976,12.912,11.068,11.210,10.013,6.859,6.172,7.440,5.421,0.000,5.430,7.496,7.371,8.634
16.840,16.678,17.090,17.048,16.803,16.790,16.483,15.918,16.625,16.672,17.493,15.879,16.002,14.981,12.900,11.298,11.115,9.970,6.968,6.270,7.442,5.430,0.000,5.526,7.646,8.209
16.271,16.286,16.742,16.755,16.252,16.089,15.386,15.013,15.848,15.811,16.191,17.043,16.636,15.658,15.112,13.082,11.312,11.134,10.096,7.236,6.403,7.496,5.526,0.000,5.596,7.750
16.383,16.147,16.725,16.717,16.297,16.166,15.739,15.155,15.921,16.299,16.149,16.203,18.087,16.694,15.983,15.467,13.484,11.811,11.662,10.451,8.027,7.371,7.646,5.596,0.000,5.837
16.427,16.331,16.697,16.913,16.496,16.606,15.971,15.750,16.250,16.530,16.582,16.557,17.389,17.825,16.560,16.189,15.292,13.316,12.217,11.868,10.419,8.634,8.209,7.750,5.837,0.000