c1,c2,c3,c4,c5,c6,c7,c8,c9,c10,c11,c12,c13,c14,c15,c16,c17,c18,c19,c20,c21,c22,c23,c24,c25,c26
0.000,5.887,7.582,9.825,13.241,13.752,10.677,11.744,15.308,14.852,13.542,16.025,17.751,17.288,17.224,17.640,17.654,17.268,17.385,17.226,16.954,16.788,16.725,16.587,16.330,16.261
5.887,0.000,5.663,7.661,10.650,11.796,9.125,10.032,13.758,13.673,12.470,14.946,17.286,17.382,17.270,17.854,17.702,17.469,17.505,17.101,16.613,16.702,16.474,16.313,15.956,16.122
7.582,5.663,0.000,5.686,8.117,8.785,5.193,5.835,10.093,10.023,8.447,11.359,14.007,14.023,14.686,16.645,17.221,16.895,17.363,17.396,16.745,16.813,16.719,16.627,16.372,16.578
9.825,7.661,5.686,0.000,5.357,5.322,5.041,7.167,9.301,9.772,10.704,12.749,14.489,15.362,16.716,18.208,18.199,17.579,17.482,17.254,16.420,16.252,16.319,16.180,15.782,16.178
13.241,10.650,8.117,5.357,0.000,5.372,7.343,5.811,6.826,9.972,10.936,10.867,12.984,15.336,15.881,16.485,18.187,17.429,17.201,16.532,15.507,15.365,15.189,15.046,14.739,15.510
13.752,11.796,8.785,5.322,5.372,0.000,5.343,7.333,6.210,6.925,10.088,11.093,11.448,13.354,15.365,15.974,16.593,17.951,17.140,16.934,15.791,16.028,15.738,15.466,15.230,15.908
10.677,9.125,5.193,5.041,7.343,5.343,0.000,5.378,7.384,6.013,6.831,9.947,11.281,11.496,13.234,15.310,15.899,16.270,17.885,17.432,16.582,16.284,16.352,16.286,16.065,16.231
11.744,10.032,5.835,7.167,5.811,7.333,5.378,0.000,5.368,7.425,6.229,6.872,10.177,11.402,11.501,13.070,15.138,15.441,16.032,17.882,16.304,16.088,15.970,16.205,15.756,16.481
15.308,13.758,10.093,9.301,6.826,6.210,7.384,5.368,0.000,5.450,7.525,6.101,7.384,10.357,11.445,11.415,13.047,14.686,15.104,16.059,17.646,16.126,16.032,16.076,16.271,16.582
14.852,13.673,10.023,9.772,9.972,6.925,6.013,7.425,5.450,0.000,5.535,7.605,6.937,8.076,10.797,11.821,11.823,12.914,14.829,15.688,16.368,17.870,16.809,17.095,16.907,17.147
13.542,12.470,8.447,10.704,10.936,10.088,6.831,6.229,7.525,5.535,0.000,5.695,7.784,7.220,8.358,10.828,11.909,11.362,12.825,15.033,15.665,16.288,18.040,17.574,17.441,17.348
16.025,14.946,11.359,12.749,10.867,11.093,9.947,6.872,6.101,7.605,5.695,0.000,5.831,7.880,7.294,8.176,10.670,11.218,11.100,12.922,14.907,15.496,16.302,18.042,17.696,17.773
17.751,17.286,14.007,14.489,12.984,11.448,11.281,10.177,7.384,6.937,7.784,5.831,0.000,5.920,7.954,7.282,8.398,10.374,11.158,11.312,13.103,15.040,15.688,16.652,18.408,18.082
17.288,17.382,14.023,15.362,15.336,13.354,11.496,11.402,10.357,8.076,7.220,7.880,5.920,0.000,6.051,7.942,7.404,7.963,10.261,11.403,11.384,13.050,15.147,15.916,17.017,18.281
17.224,17.270,14.686,16.716,15.881,15.365,13.234,11.501,11.445,10.797,8.358,7.294,7.954,6.051,0.000,6.155,7.881,6.703,7.397,10.248,11.238,11.074,12.960,15.170,16.168,17.420
17.640,17.854,16.645,18.208,16.485,15.974,15.310,13.070,11.415,11.821,10.828,8.176,7.282,7.942,6.155,0.000,5.852,7.645,6.391,7.170,10.195,11.226,11.124,12.980,15.494,16.960
17.654,17.702,17.221,18.199,18.187,16.593,15.899,15.138,13.047,11.823,11.909,10.670,8.398,7.404,7.881,5.852,0.000,5.633,7.519,6.350,7.030,10.196,11.294,11.256,13.410,16.094
17.268,17.469,16.895,17.579,17.429,17.951,16.270,15.441,14.686,12.914,11.362,11.218,10.374,7.963,6.703,7.645,5.633,0.000,5.499,7.427,6.218,7.005,10.227,11.357,11.845,14.574
17.385,17.505,17.363,17.482,17.201,17.140,17.885,16.032,15.104,14.829,12.825,11.100,11.158,10.261,7.397,6.391,7.519,5.499,0.000,5.482,7.405,6.282,7.170,10.339,11.878,13.829
17.226,17.101,17.396,17.254,16.532,16.934,17.432,17.882,16.059,15.688,15.033,12.922,11.312,11.403,10.248,7.170,6.350,7.427,5.482,0.000,5.477,7.391,6.469,7.418,10.755,13.035
16.954,16.613,16.745,16.420,15.507,15.791,16.582,16.304,17.646,16.368,15.665,14.907,13.103,11.384,11.238,10.195,7.030,6.218,7.405,5.477,0.000,5.460,7.413,6.477,8.188,11.239
16.788,16.702,16.813,16.252,15.365,16.028,16.284,16.088,16.126,17.870,16.288,15.496,15.040,13.050,11.074,11.226,10.196,7.005,6.282,7.391,5.460,0.000,5.456,7.480,7.283,9.959
16.725,16.474,16.719,16.319,15.189,15.738,16.352,15.970,16.032,16.809,18.040,16.302,15.688,15.147,12.960,11.124,11.294,10.227,7.170,6.469,7.413,5.456,0.000,5.588,7.651,9.648
16.587,16.313,16.627,16.180,15.046,15.466,16.286,16.205,16.076,17.095,17.574,18.042,16.652,15.916,15.170,12.980,11.256,11.357,10.339,7.418,6.477,7.480,5.588,0.000,5.689,8.346
16.330,15.956,16.372,15.782,14.739,15.230,16.065,15.756,16.271,16.907,17.441,17.696,18.408,17.017,16.168,15.494,13.410,11.845,11.878,10.755,8.188,7.283,7.651,5.689,0.000,6.116
16.261,16.122,16.578,16.178,15.510,15.908,16.231,16.481,16.582,17.147,17.348,17.773,18.082,18.281,17.420,16.960,16.094,14.574,13.829,13.035,11.239,9.959,9.648,8.346,6.116,0.000