c1,c2,c3,c4,c5,c6,c7,c8,c9,c10,c11,c12,c13,c14,c15,c16,c17,c18,c19,c20,c21,c22,c23,c24,c25,c26
0.000,5.922,7.521,9.753,12.087,14.368,15.503,14.173,13.536,14.612,14.024,13.946,14.245,14.332,14.582,14.785,15.009,14.833,15.224,15.454,15.562,15.803,15.340,15.652,15.535,15.297
5.922,0.000,5.755,7.256,9.678,11.820,13.898,13.018,12.187,13.336,13.450,13.919,14.381,14.425,14.769,15.112,15.102,14.937,15.259,15.413,15.315,15.668,15.130,15.567,15.358,14.989
7.521,5.755,0.000,5.747,7.220,9.564,11.501,11.537,10.559,12.459,12.506,13.918,14.297,14.376,14.557,14.756,14.548,14.325,14.667,14.729,14.748,14.958,14.615,15.027,15.085,14.706
9.753,7.256,5.747,0.000,5.721,7.351,9.384,9.409,9.400,11.602,12.311,13.984,14.654,14.844,15.054,15.397,15.292,15.128,15.347,15.370,15.152,15.314,14.828,15.262,15.189,14.832
12.087,9.678,7.220,5.721,0.000,5.784,7.524,8.298,8.804,11.428,12.892,14.842,15.381,15.578,15.755,15.774,15.493,15.242,15.541,15.217,14.848,15.010,14.401,14.730,14.719,14.331
14.368,11.820,9.564,7.351,5.784,0.000,5.525,7.531,8.939,11.452,13.348,15.577,16.087,16.079,16.292,16.378,16.059,15.785,16.164,15.932,15.245,15.277,14.746,14.846,14.707,14.430
15.503,13.898,11.501,9.384,7.524,5.525,0.000,5.646,7.660,9.872,12.136,14.888,15.977,16.209,16.358,16.486,16.286,16.025,16.397,16.124,15.479,15.316,14.802,14.900,14.925,14.564
14.173,13.018,11.537,9.409,8.298,7.531,5.646,0.000,5.749,8.089,10.671,13.184,14.802,15.952,16.099,15.934,15.858,15.727,16.028,15.635,15.068,15.019,14.462,14.673,14.965,14.693
13.536,12.187,10.559,9.400,8.804,8.939,7.660,5.749,0.000,6.134,7.683,10.483,12.344,14.137,15.168,14.951,14.706,15.128,15.145,14.675,14.807,14.849,14.360,14.506,15.256,15.101
14.612,13.336,12.459,11.602,11.428,11.452,9.872,8.089,6.134,0.000,6.239,8.708,9.926,12.279,13.840,13.886,14.013,14.908,14.927,14.433,15.161,15.445,14.998,15.168,15.764,15.785
14.024,13.450,12.506,12.311,12.892,13.348,12.136,10.671,7.683,6.239,0.000,6.551,7.850,9.136,11.175,11.692,11.983,13.197,13.349,13.140,14.451,15.244,15.278,15.547,16.348,16.284
13.946,13.919,13.918,13.984,14.842,15.577,14.888,13.184,10.483,8.708,6.551,0.000,6.135,7.770,9.065,9.606,10.374,11.883,11.718,11.458,13.383,14.286,14.565,15.410,16.325,16.465
14.245,14.381,14.297,14.654,15.381,16.087,15.977,14.802,12.344,9.926,7.850,6.135,0.000,6.070,7.269,8.789,9.839,11.668,11.760,12.111,13.853,14.983,15.510,16.356,17.343,17.133
14.332,14.425,14.376,14.844,15.578,16.079,16.209,15.952,14.137,12.279,9.136,7.770,6.070,0.000,6.207,7.803,8.505,9.865,10.861,11.267,12.503,13.925,14.948,15.746,16.869,16.923
14.582,14.769,14.557,15.054,15.755,16.292,16.358,16.099,15.168,13.840,11.175,9.065,7.269,6.207,0.000,6.144,7.822,8.588,8.842,10.214,11.939,12.674,13.632,14.931,16.377,16.745
14.785,15.112,14.756,15.397,15.774,16.378,16.486,15.934,14.951,13.886,11.692,9.606,8.789,7.803,6.144,0.000,6.121,7.525,7.186,7.720,10.424,11.748,11.934,13.346,15.454,15.904
15.009,15.102,14.548,15.292,15.493,16.059,16.286,15.858,14.706,14.013,11.983,10.374,9.839,8.505,7.822,6.121,0.000,5.754,7.495,6.804,7.847,10.693,11.765,11.996,13.957,15.246
14.833,14.937,14.325,15.128,15.242,15.785,16.025,15.727,15.128,14.908,13.197,11.883,11.668,9.865,8.588,7.525,5.754,0.000,5.625,7.477,6.805,8.161,10.829,12.015,12.904,13.978
15.224,15.259,14.667,15.347,15.541,16.164,16.397,16.028,15.145,14.927,13.349,11.718,11.760,10.861,8.842,7.186,7.495,5.625,0.000,5.572,7.490,7.454,8.550,11.124,12.750,13.046
15.454,15.413,14.729,15.370,15.217,15.932,16.124,15.635,14.675,14.433,13.140,11.458,12.111,11.267,10.214,7.720,6.804,7.477,5.572,0.000,5.582,7.478,7.425,8.593,11.471,12.314
15.562,15.315,14.748,15.152,14.848,15.245,15.479,15.068,14.807,15.161,14.451,13.383,13.853,12.503,11.939,10.424,7.847,6.805,7.490,5.582,0.000,5.589,7.438,7.228,9.391,10.880
15.803,15.668,14.958,15.314,15.010,15.277,15.316,15.019,14.849,15.445,15.244,14.286,14.983,13.925,12.674,11.748,10.693,8.161,7.454,7.478,5.589,0.000,5.626,7.556,8.479,9.541
15.340,15.130,14.615,14.828,14.401,14.746,14.802,14.462,14.360,14.998,15.278,14.565,15.510,14.948,13.632,11.934,11.765,10.829,8.550,7.425,7.438,5.626,0.000,5.752,7.544,7.866
15.652,15.567,15.027,15.262,14.730,14.846,14.900,14.673,14.506,15.168,15.547,15.410,16.356,15.746,14.931,13.346,11.996,12.015,11.124,8.593,7.228,7.556,5.752,0.000,5.698,7.734
15.535,15.358,15.085,15.189,14.719,14.707,14.925,14.965,15.256,15.764,16.348,16.325,17.343,16.869,16.377,15.454,13.957,12.904,12.750,11.471,9.391,8.479,7.544,5.698,0.000,6.060
15.297,14.989,14.706,14.832,14.331,14.430,14.564,14.693,15.101,15.785,16.284,16.465,17.133,16.923,16.745,15.904,15.246,13.978,13.046,12.314,10.880,9.541,7.866,7.734,6.060,0.000