c1,c2,c3,c4,c5,c6,c7,c8,c9,c10,c11,c12,c13,c14,c15,c16,c17,c18,c19,c20,c21,c22,c23,c24,c25,c26
0.000,5.916,8.224,9.879,10.559,12.461,12.884,12.110,13.486,15.000,15.278,15.299,16.288,16.799,16.694,16.224,16.398,16.466,16.406,15.870,16.009,16.371,16.309,16.032,16.051,15.970
5.916,0.000,5.847,7.014,7.009,10.013,10.579,9.805,11.120,13.251,13.641,13.809,15.594,16.734,16.658,16.237,16.296,16.583,16.660,16.067,15.973,16.566,16.445,16.097,16.059,16.001
8.224,5.847,0.000,5.477,7.600,8.477,8.981,9.443,11.166,12.259,13.059,14.002,15.564,16.373,16.848,16.452,16.509,16.911,17.078,16.372,16.488,17.048,16.992,16.564,16.558,16.440
9.879,7.014,5.477,0.000,5.591,6.677,7.471,8.166,9.847,11.156,12.296,13.069,14.917,16.247,17.061,17.054,16.579,17.179,17.348,16.595,16.279,16.975,16.886,16.419,16.471,16.500
10.559,7.009,7.600,5.591,0.000,5.607,7.339,5.789,6.913,9.874,10.933,10.890,12.863,15.058,15.683,15.625,15.823,16.529,16.909,15.755,15.461,16.232,16.245,15.493,15.813,15.836
12.461,10.013,8.477,6.677,5.607,0.000,5.358,7.414,6.758,7.633,10.478,11.279,12.159,13.841,15.481,15.486,15.509,16.836,16.970,16.178,15.886,16.582,16.650,16.106,16.155,16.192
12.884,10.579,8.981,7.471,7.339,5.358,0.000,5.467,7.544,6.899,8.465,10.554,12.140,13.079,14.554,15.057,15.251,16.201,17.335,16.165,16.181,16.851,16.955,16.351,16.589,16.397
12.110,9.805,9.443,8.166,5.789,7.414,5.467,0.000,5.460,7.515,7.219,7.776,10.828,12.430,13.113,13.257,13.695,14.956,15.847,15.493,14.905,16.176,16.170,15.560,15.982,16.034
13.486,11.120,11.166,9.847,6.913,6.758,7.544,5.460,0.000,5.581,7.541,6.725,8.581,11.199,12.357,12.066,12.389,14.002,14.902,14.788,15.643,15.926,16.119,15.509,16.125,16.025
15.000,13.251,12.259,11.156,9.874,7.633,6.899,7.515,5.581,0.000,5.623,7.714,8.094,10.036,11.923,12.072,11.944,13.300,14.909,14.989,15.681,17.175,17.091,16.720,16.960,16.729
15.278,13.641,13.059,12.296,10.933,10.478,8.465,7.219,7.541,5.623,0.000,5.772,7.935,8.777,9.995,10.493,10.798,11.816,13.074,13.852,14.639,15.915,16.888,16.355,16.756,16.613
15.299,13.809,14.002,13.069,10.890,11.279,10.554,7.776,6.725,7.714,5.772,0.000,5.900,8.058,8.505,8.417,9.246,10.925,11.472,12.061,13.283,14.820,15.558,15.891,16.250,16.273
16.288,15.594,15.564,14.917,12.863,12.159,12.140,10.828,8.581,8.094,7.935,5.900,0.000,5.913,7.785,7.927,8.127,10.315,11.423,11.692,12.969,14.651,15.761,16.620,17.342,16.672
16.799,16.734,16.373,16.247,15.058,13.841,13.079,12.430,11.199,10.036,8.777,8.058,5.913,0.000,6.048,7.636,7.398,8.055,10.418,11.485,11.456,12.908,15.134,16.085,16.590,16.795
16.694,16.658,16.848,17.061,15.683,15.481,14.554,13.113,12.357,11.923,9.995,8.505,7.785,6.048,0.000,6.025,7.658,6.978,7.630,10.369,11.134,11.191,12.976,15.401,16.124,16.477
16.224,16.237,16.452,17.054,15.625,15.486,15.057,13.257,12.066,12.072,10.493,8.417,7.927,7.636,6.025,0.000,5.889,7.674,6.513,7.499,10.181,11.107,11.412,13.351,15.142,15.690
16.398,16.296,16.509,16.579,15.823,15.509,15.251,13.695,12.389,11.944,10.798,9.246,8.127,7.398,7.658,5.889,0.000,5.691,7.557,6.500,7.122,10.080,11.235,11.856,13.269,14.389
16.466,16.583,16.911,17.179,16.529,16.836,16.201,14.956,14.002,13.300,11.816,10.925,10.315,8.055,6.978,7.674,5.691,0.000,5.635,7.470,5.963,6.835,10.033,11.288,12.022,12.947
16.406,16.660,17.078,17.348,16.909,16.970,17.335,15.847,14.902,14.909,13.074,11.472,11.423,10.418,7.630,6.513,7.557,5.635,0.000,5.597,7.444,6.138,7.147,10.330,11.719,12.395
15.870,16.067,16.372,16.595,15.755,16.178,16.165,15.493,14.788,14.989,13.852,12.061,11.692,11.485,10.369,7.499,6.500,7.470,5.597,0.000,5.584,7.436,6.229,7.685,9.668,11.044
16.009,15.973,16.488,16.279,15.461,15.886,16.181,14.905,15.643,15.681,14.639,13.283,12.969,11.456,11.134,10.181,7.122,5.963,7.444,5.584,0.000,5.420,7.418,6.675,8.205,9.391
16.371,16.566,17.048,16.975,16.232,16.582,16.851,16.176,15.926,17.175,15.915,14.820,14.651,12.908,11.191,11.107,10.080,6.835,6.138,7.436,5.420,0.000,5.375,7.501,7.866,9.080
16.309,16.445,16.992,16.886,16.245,16.650,16.955,16.170,16.119,17.091,16.888,15.558,15.761,15.134,12.976,11.412,11.235,10.033,7.147,6.229,7.418,5.375,0.000,5.440,7.523,8.689
16.032,16.097,16.564,16.419,15.493,16.106,16.351,15.560,15.509,16.720,16.355,15.891,16.620,16.085,15.401,13.351,11.856,11.288,10.330,7.685,6.675,7.501,5.440,0.000,5.596,7.571
16.051,16.059,16.558,16.471,15.813,16.155,16.589,15.982,16.125,16.960,16.756,16.250,17.342,16.590,16.124,15.142,13.269,12.022,11.719,9.668,8.205,7.866,7.523,5.596,0.000,5.977
15.970,16.001,16.440,16.500,15.836,16.192,16.397,16.034,16.025,16.729,16.613,16.273,16.672,16.795,16.477,15.690,14.389,12.947,12.395,11.044,9.391,9.080,8.689,7.571,5.977,0.000