c1,c2,c3,c4,c5,c6,c7,c8,c9,c10,c11,c12,c13,c14,c15,c16,c17,c18,c19,c20,c21,c22,c23,c24,c25,c26
0.000,5.934,7.507,10.353,12.992,15.801,17.048,17.064,14.955,15.941,14.835,13.124,13.474,12.942,13.033,13.509,14.002,14.079,14.109,15.064,15.198,15.248,15.491,15.648,15.364,15.210
5.934,0.000,5.777,7.336,10.295,13.213,15.210,16.370,13.661,15.343,14.027,12.197,12.960,13.203,12.806,13.567,13.598,13.486,13.119,14.301,14.296,14.588,14.808,15.145,14.903,14.767
7.507,5.777,0.000,5.808,7.162,10.523,12.216,13.853,11.209,13.116,12.239,10.177,11.769,12.427,12.630,13.898,14.051,14.020,13.533,14.639,14.406,14.780,15.029,15.397,15.270,15.150
10.353,7.336,5.808,0.000,5.874,7.241,10.226,12.631,10.953,13.419,12.989,11.867,13.030,14.138,13.579,14.653,14.854,14.669,14.203,14.933,14.363,14.772,14.868,15.260,15.183,15.172
12.992,10.295,7.162,5.874,0.000,5.913,6.907,9.179,7.408,10.117,10.586,10.022,12.444,14.005,13.983,15.376,15.556,15.053,14.567,14.913,14.366,14.788,14.987,15.268,15.269,15.244
15.801,13.213,10.523,7.241,5.913,0.000,5.583,9.122,9.963,11.504,12.498,13.208,14.295,15.490,15.210,15.991,16.078,15.510,15.298,15.178,14.564,14.930,14.831,15.049,15.052,15.092
17.048,15.210,12.216,10.226,6.907,5.583,0.000,5.702,7.742,8.635,9.360,11.764,13.589,14.721,14.781,16.169,16.540,16.073,15.669,15.331,14.662,14.981,14.838,15.164,15.427,15.500
17.064,16.370,13.853,12.631,9.179,9.122,5.702,0.000,5.743,6.702,8.755,11.415,13.689,15.743,15.862,16.745,16.698,15.811,15.409,14.896,14.181,14.590,14.545,14.916,15.511,15.685
14.955,13.661,11.209,10.953,7.408,9.963,7.742,5.743,0.000,5.770,7.398,8.809,11.344,13.938,15.036,16.076,15.912,15.078,14.710,14.587,14.066,14.593,14.832,15.084,15.735,15.995
15.941,15.343,13.116,13.419,10.117,11.504,8.635,6.702,5.770,0.000,5.900,7.828,10.010,12.652,14.296,15.811,15.448,14.790,14.171,14.199,13.624,14.370,15.092,15.327,15.720,16.139
14.835,14.027,12.239,12.989,10.586,12.498,9.360,8.755,7.398,5.900,0.000,6.307,7.568,10.314,11.873,14.287,14.616,14.733,13.866,14.527,14.327,15.109,15.783,16.171,16.661,16.742
13.124,12.197,10.177,11.867,10.022,13.208,11.764,11.415,8.809,7.828,6.307,0.000,6.332,8.091,9.862,12.297,12.929,13.622,12.771,13.903,13.844,14.644,15.500,16.061,16.360,16.429
13.474,12.960,11.769,13.030,12.444,14.295,13.589,13.689,11.344,10.010,7.568,6.332,0.000,6.194,7.674,10.105,11.010,12.943,13.150,14.937,14.916,15.404,16.232,16.794,16.910,16.774
12.942,13.203,12.427,14.138,14.005,15.490,14.721,15.743,13.938,12.652,10.314,8.091,6.194,0.000,6.218,8.066,9.608,11.589,12.107,14.832,15.047,15.031,16.082,16.886,16.827,16.650
13.033,12.806,12.630,13.579,13.983,15.210,14.781,15.862,15.036,14.296,11.873,9.862,7.674,6.218,0.000,5.959,7.206,10.189,10.622,13.641,14.556,14.316,14.988,16.273,16.318,16.187
13.509,13.567,13.898,14.653,15.376,15.991,16.169,16.745,16.076,15.811,14.287,12.297,10.105,8.066,5.959,0.000,5.943,9.229,10.465,13.252,14.729,13.998,14.409,16.062,16.249,16.163
14.002,13.598,14.051,14.854,15.556,16.078,16.540,16.698,15.912,15.448,14.616,12.929,11.010,9.608,7.206,5.943,0.000,6.214,7.764,9.638,11.633,11.476,12.116,13.970,14.489,14.874
14.079,13.486,14.020,14.669,15.053,15.510,16.073,15.811,15.078,14.790,14.733,13.622,12.943,11.589,10.189,9.229,6.214,0.000,6.037,7.564,8.741,8.667,10.038,12.065,12.389,13.056
14.109,13.119,13.533,14.203,14.567,15.298,15.669,15.409,14.710,14.171,13.866,12.771,13.150,12.107,10.622,10.465,7.764,6.037,0.000,5.722,6.868,7.827,9.432,11.792,12.613,13.181
15.064,14.301,14.639,14.933,14.913,15.178,15.331,14.896,14.587,14.199,14.527,13.903,14.937,14.832,13.641,13.252,9.638,7.564,5.722,0.000,5.671,7.330,7.951,10.390,12.005,12.826
15.198,14.296,14.406,14.363,14.366,14.564,14.662,14.181,14.066,13.624,14.327,13.844,14.916,15.047,14.556,14.729,11.633,8.741,6.868,5.671,0.000,5.641,7.470,8.829,10.252,11.625
15.248,14.588,14.780,14.772,14.788,14.930,14.981,14.590,14.593,14.370,15.109,14.644,15.404,15.031,14.316,13.998,11.476,8.667,7.827,7.330,5.641,0.000,5.718,7.362,8.597,10.008
15.491,14.808,15.029,14.868,14.987,14.831,14.838,14.545,14.832,15.092,15.783,15.500,16.232,16.082,14.988,14.409,12.116,10.038,9.432,7.951,7.470,5.718,0.000,5.668,7.563,9.035
15.648,15.145,15.397,15.260,15.268,15.049,15.164,14.916,15.084,15.327,16.171,16.061,16.794,16.886,16.273,16.062,13.970,12.065,11.792,10.390,8.829,7.362,5.668,0.000,5.862,7.869
15.364,14.903,15.270,15.183,15.269,15.052,15.427,15.511,15.735,15.720,16.661,16.360,16.910,16.827,16.318,16.249,14.489,12.389,12.613,12.005,10.252,8.597,7.563,5.862,0.000,6.299
15.210,14.767,15.150,15.172,15.244,15.092,15.500,15.685,15.995,16.139,16.742,16.429,16.774,16.650,16.187,16.163,14.874,13.056,13.181,12.826,11.625,10.008,9.035,7.869,6.299,0.000