c1,c2,c3,c4,c5,c6,c7,c8,c9,c10,c11,c12,c13,c14,c15,c16,c17,c18,c19,c20,c21,c22,c23,c24,c25,c26
0.000,5.830,7.514,10.396,12.889,15.863,17.226,17.247,15.197,16.473,15.532,13.733,14.280,13.972,13.822,13.593,13.935,13.768,14.299,14.855,14.931,15.062,15.310,15.570,15.373,15.280
5.830,0.000,5.730,7.335,10.205,13.315,15.403,16.535,13.921,15.813,15.135,13.045,13.822,14.004,13.613,13.529,13.737,13.424,14.105,14.774,14.623,14.923,15.264,15.535,15.183,15.176
7.514,5.730,0.000,5.739,7.077,10.549,12.308,14.178,11.950,14.156,13.687,11.617,12.929,13.256,13.076,13.062,13.255,12.855,13.772,14.370,13.922,14.314,14.987,15.184,14.853,15.111
10.396,7.335,5.739,0.000,5.810,7.359,10.417,12.956,11.544,14.449,14.457,12.960,14.239,14.956,14.469,14.635,14.950,14.292,15.135,15.322,14.484,15.062,15.629,15.486,15.016,15.432
12.889,10.205,7.077,5.810,0.000,5.915,6.769,9.192,7.752,10.576,11.356,10.891,13.295,14.427,14.306,14.633,14.684,13.997,14.881,14.877,13.726,14.309,14.897,14.588,14.343,14.878
15.863,13.315,10.549,7.359,5.915,0.000,5.539,9.192,10.132,12.096,13.316,13.870,15.402,16.301,16.196,16.334,16.370,15.602,16.249,16.142,14.760,15.300,15.859,15.177,14.629,15.375
17.226,15.403,12.308,10.417,6.769,5.539,0.000,5.779,7.883,8.835,9.951,12.133,14.181,15.387,15.401,15.942,15.869,15.493,16.229,15.977,14.547,15.265,15.604,14.971,14.523,15.227
17.247,16.535,14.178,12.956,9.192,9.192,5.779,0.000,5.828,6.816,8.758,11.072,13.644,15.465,15.707,15.912,15.706,15.048,15.733,15.680,14.350,14.800,15.371,14.883,14.605,15.300
15.197,13.921,11.950,11.544,7.752,10.132,7.883,5.828,0.000,5.769,7.424,8.484,11.292,13.609,14.561,14.801,14.702,14.225,15.171,15.481,14.364,15.011,15.747,15.548,15.446,15.883
16.473,15.813,14.156,14.449,10.576,12.096,8.835,6.816,5.769,0.000,5.829,7.896,10.205,12.605,13.875,14.815,14.521,13.904,14.729,15.061,13.827,14.651,15.330,15.184,15.026,15.601
15.532,15.135,13.687,14.457,11.356,13.316,9.951,8.758,7.424,5.829,0.000,6.114,7.984,10.612,11.807,13.488,13.915,13.378,14.525,15.089,14.441,15.028,16.036,15.996,15.977,16.208
13.733,13.045,11.617,12.960,10.891,13.870,12.133,11.072,8.484,7.896,6.114,0.000,6.323,8.281,9.409,10.828,11.764,11.674,12.940,13.647,13.620,13.716,14.806,15.530,15.566,15.786
14.280,13.822,12.929,14.239,13.295,15.402,14.181,13.644,11.292,10.205,7.984,6.323,0.000,6.237,7.787,9.264,10.438,11.529,13.348,14.114,14.365,14.497,15.498,16.425,16.557,16.378
13.972,14.004,13.256,14.956,14.427,16.301,15.387,15.465,13.609,12.605,10.612,8.281,6.237,0.000,6.373,8.003,9.353,10.511,12.518,13.849,14.171,13.856,14.911,16.039,16.322,16.068
13.822,13.613,13.076,14.469,14.306,16.196,15.401,15.707,14.561,13.875,11.807,9.409,7.787,6.373,0.000,6.260,7.812,9.093,10.720,12.921,13.830,12.745,13.744,15.590,16.006,15.838
13.593,13.529,13.062,14.635,14.633,16.334,15.942,15.912,14.801,14.815,13.488,10.828,9.264,8.003,6.260,0.000,6.134,7.760,9.141,10.939,12.462,11.854,12.584,14.606,15.602,15.519
13.935,13.737,13.255,14.950,14.684,16.370,15.869,15.706,14.702,14.521,13.915,11.764,10.438,9.353,7.812,6.134,0.000,5.974,7.901,9.634,10.644,10.792,12.103,13.866,14.534,14.991
13.768,13.424,12.855,14.292,13.997,15.602,15.493,15.048,14.225,13.904,13.378,11.674,11.529,10.511,9.093,7.760,5.974,0.000,5.860,7.908,8.254,7.273,9.701,11.772,12.132,12.821
14.299,14.105,13.772,15.135,14.881,16.249,16.229,15.733,15.171,14.729,14.525,12.940,13.348,12.518,10.720,9.141,7.901,5.860,0.000,5.629,6.902,7.078,8.448,11.027,12.346,12.933
14.855,14.774,14.370,15.322,14.877,16.142,15.977,15.680,15.481,15.061,15.089,13.647,14.114,13.849,12.921,10.939,9.634,7.908,5.629,0.000,5.607,7.476,7.355,9.243,11.704,12.760
14.931,14.623,13.922,14.484,13.726,14.760,14.547,14.350,14.364,13.827,14.441,13.620,14.365,14.171,13.830,12.462,10.644,8.254,6.902,5.607,0.000,5.635,7.412,7.788,9.603,11.662
15.062,14.923,14.314,15.062,14.309,15.300,15.265,14.800,15.011,14.651,15.028,13.716,14.497,13.856,12.745,11.854,10.792,7.273,7.078,7.476,5.635,0.000,5.731,7.478,8.381,9.827
15.310,15.264,14.987,15.629,14.897,15.859,15.604,15.371,15.747,15.330,16.036,14.806,15.498,14.911,13.744,12.584,12.103,9.701,8.448,7.355,7.412,5.731,0.000,5.746,7.492,8.753
15.570,15.535,15.184,15.486,14.588,15.177,14.971,14.883,15.548,15.184,15.996,15.530,16.425,16.039,15.590,14.606,13.866,11.772,11.027,9.243,7.788,7.478,5.746,0.000,5.836,7.864
15.373,15.183,14.853,15.016,14.343,14.629,14.523,14.605,15.446,15.026,15.977,15.566,16.557,16.322,16.006,15.602,14.534,12.132,12.346,11.704,9.603,8.381,7.492,5.836,0.000,6.202
15.280,15.176,15.111,15.432,14.878,15.375,15.227,15.300,15.883,15.601,16.208,15.786,16.378,16.068,15.838,15.519,14.991,12.821,12.933,12.760,11.662,9.827,8.753,7.864,6.202,0.000