c1,c2,c3,c4,c5,c6,c7,c8,c9,c10,c11,c12,c13,c14,c15,c16,c17,c18,c19,c20,c21,c22,c23,c24,c25,c26
0.000,6.136,7.817,9.655,11.785,14.358,15.565,15.768,15.898,16.109,16.375,17.034,17.376,17.374,16.978,16.657,15.294,14.327,13.678,12.675,12.367,12.411,12.984,13.551,14.074,14.584
6.136,0.000,5.763,7.707,9.209,12.280,14.135,15.824,15.456,15.178,15.854,16.274,16.888,17.277,16.441,15.756,14.402,13.185,12.409,11.152,10.399,10.807,11.546,12.391,13.366,14.057
7.817,5.763,0.000,5.691,7.250,9.979,12.101,14.668,16.102,14.841,15.128,16.252,16.713,16.800,15.986,15.191,13.334,12.045,11.627,10.482,9.908,10.566,11.546,12.227,13.593,14.018
9.655,7.707,5.691,0.000,5.744,7.873,9.964,12.530,14.934,16.093,15.081,15.686,16.451,15.648,14.644,14.298,11.138,10.331,9.975,9.859,9.884,11.020,12.179,12.933,14.511,14.831
11.785,9.209,7.250,5.744,0.000,5.674,7.328,9.513,12.006,14.822,16.073,15.278,15.156,14.685,13.163,12.946,11.157,8.701,9.592,9.606,9.622,10.827,11.941,12.061,13.806,13.982
14.358,12.280,9.979,7.873,5.674,0.000,5.724,7.192,9.650,12.368,14.375,14.123,13.381,12.325,10.553,10.838,9.459,9.869,10.463,11.542,12.099,13.418,14.272,13.993,15.330,14.971
15.565,14.135,12.101,9.964,7.328,5.724,0.000,5.754,7.325,10.055,12.013,13.248,12.774,11.418,9.933,9.952,9.723,8.822,11.477,11.452,11.837,12.790,13.398,13.024,14.197,13.772
15.768,15.824,14.668,12.530,9.513,7.192,5.754,0.000,5.869,7.605,9.653,10.685,10.614,9.675,8.244,9.943,10.787,11.221,14.097,15.124,14.956,15.679,16.018,15.223,15.951,15.125
15.898,15.456,16.102,14.934,12.006,9.650,7.325,5.869,0.000,5.739,7.147,8.475,8.314,8.155,8.441,8.852,10.931,11.388,13.867,14.902,15.232,15.505,15.814,15.223,15.599,15.029
16.109,15.178,14.841,16.093,14.822,12.368,10.055,7.605,5.739,0.000,5.626,7.928,8.338,9.183,9.917,11.424,13.223,13.589,15.597,16.181,16.567,17.017,16.861,16.530,16.384,15.759
16.375,15.854,15.128,15.081,16.073,14.375,12.013,9.653,7.147,5.626,0.000,5.480,7.101,8.617,9.961,11.624,13.998,14.179,15.368,16.116,16.434,16.868,17.212,16.888,16.788,16.246
17.034,16.274,16.252,15.686,15.278,14.123,13.248,10.685,8.475,7.928,5.480,0.000,5.898,8.055,9.976,11.537,14.328,15.103,15.110,15.478,16.312,16.632,16.980,17.387,16.960,16.568
17.376,16.888,16.713,16.451,15.156,13.381,12.774,10.614,8.314,8.338,7.101,5.898,0.000,5.997,7.923,9.573,11.911,13.905,15.177,14.975,15.395,16.214,16.475,16.837,17.308,16.544
17.374,17.277,16.800,15.648,14.685,12.325,11.418,9.675,8.155,9.183,8.617,8.055,5.997,0.000,6.581,7.772,9.914,11.592,14.003,15.360,14.854,15.397,16.110,16.229,16.671,16.708
16.978,16.441,15.986,14.644,13.163,10.553,9.933,8.244,8.441,9.917,9.961,9.976,7.923,6.581,0.000,6.349,8.009,9.743,11.503,14.064,14.575,14.711,14.988,15.503,16.208,16.259
16.657,15.756,15.191,14.298,12.946,10.838,9.952,9.943,8.852,11.424,11.624,11.537,9.573,7.772,6.349,0.000,6.228,7.975,9.557,11.854,13.571,14.756,14.159,14.348,15.644,15.833
15.294,14.402,13.334,11.138,11.157,9.459,9.723,10.787,10.931,13.223,13.998,14.328,11.911,9.914,8.009,6.228,0.000,6.063,7.464,9.842,11.249,13.371,13.643,13.440,14.678,15.378
14.327,13.185,12.045,10.331,8.701,9.869,8.822,11.221,11.388,13.589,14.179,15.103,13.905,11.592,9.743,7.975,6.063,0.000,6.031,7.739,8.496,10.385,11.719,12.365,13.420,14.129
13.678,12.409,11.627,9.975,9.592,10.463,11.477,14.097,13.867,15.597,15.368,15.110,15.177,14.003,11.503,9.557,7.464,6.031,0.000,5.812,8.208,9.398,10.232,11.956,13.656,14.087
12.675,11.152,10.482,9.859,9.606,11.542,11.452,15.124,14.902,16.181,16.116,15.478,14.975,15.360,14.064,11.854,9.842,7.739,5.812,0.000,5.903,7.252,8.141,9.811,12.360,13.270
12.367,10.399,9.908,9.884,9.622,12.099,11.837,14.956,15.232,16.567,16.434,16.312,15.395,14.854,14.575,13.571,11.249,8.496,8.208,5.903,0.000,5.772,7.587,7.974,10.887,12.265
12.411,10.807,10.566,11.020,10.827,13.418,12.790,15.679,15.505,17.017,16.868,16.632,16.214,15.397,14.711,14.756,13.371,10.385,9.398,7.252,5.772,0.000,5.695,7.549,9.435,10.952
12.984,11.546,11.546,12.179,11.941,14.272,13.398,16.018,15.814,16.861,17.212,16.980,16.475,16.110,14.988,14.159,13.643,11.719,10.232,8.141,7.587,5.695,0.000,5.706,7.769,9.465
13.551,12.391,12.227,12.933,12.061,13.993,13.024,15.223,15.223,16.530,16.888,17.387,16.837,16.229,15.503,14.348,13.440,12.365,11.956,9.811,7.974,7.549,5.706,0.000,5.748,7.837
14.074,13.366,13.593,14.511,13.806,15.330,14.197,15.951,15.599,16.384,16.788,16.960,17.308,16.671,16.208,15.644,14.678,13.420,13.656,12.360,10.887,9.435,7.769,5.748,0.000,6.347
14.584,14.057,14.018,14.831,13.982,14.971,13.772,15.125,15.029,15.759,16.246,16.568,16.544,16.708,16.259,15.833,15.378,14.129,14.087,13.270,12.265,10.952,9.465,7.837,6.347,0.000