c1,c2,c3,c4,c5,c6,c7,c8,c9,c10,c11,c12,c13,c14,c15,c16,c17,c18,c19,c20,c21,c22,c23,c24,c25,c26
0.000,6.134,7.795,10.156,13.154,13.901,11.022,11.712,15.195,14.889,13.609,15.896,17.746,16.886,16.668,17.759,17.848,17.679,17.660,17.631,17.485,17.373,17.103,16.720,16.408,16.268
6.134,0.000,5.726,7.674,10.531,11.965,9.440,10.028,13.797,13.969,12.690,14.986,17.428,17.229,16.964,18.240,18.385,18.278,18.100,17.977,17.621,17.561,17.158,16.747,16.047,16.097
7.795,5.726,0.000,5.694,8.006,9.090,5.840,5.834,10.214,10.171,8.669,11.172,13.993,13.754,14.285,16.361,17.399,17.910,17.763,18.033,17.784,17.634,17.251,16.941,16.460,16.496
10.156,7.674,5.694,0.000,5.484,5.434,4.787,7.020,9.142,9.539,10.534,12.650,14.219,14.973,16.356,18.101,18.347,18.621,18.307,18.185,17.756,17.474,17.048,16.837,16.355,16.372
13.154,10.531,8.006,5.484,0.000,5.385,7.346,5.685,6.460,9.807,10.779,10.576,12.658,15.083,15.648,16.601,18.139,18.342,17.927,17.443,16.842,16.808,15.788,15.621,15.423,15.690
13.901,11.965,9.090,5.434,5.385,0.000,5.343,7.309,5.932,6.679,9.882,10.919,10.992,12.992,15.278,16.214,16.889,18.242,17.766,17.304,16.806,16.949,15.946,15.980,15.665,15.975
11.022,9.440,5.840,4.787,7.346,5.343,0.000,5.347,7.328,5.785,6.533,9.800,10.928,11.016,12.993,15.306,16.285,17.563,17.764,17.655,17.424,17.242,16.910,16.632,16.352,16.455
11.712,10.028,5.834,7.020,5.685,7.309,5.347,0.000,5.324,7.337,5.915,6.549,9.871,11.048,11.321,13.496,15.545,17.104,16.833,17.279,16.803,16.738,16.362,16.535,16.176,16.303
15.195,13.797,10.214,9.142,6.460,5.932,7.328,5.324,0.000,5.361,7.359,5.880,6.710,9.986,11.221,11.978,13.636,16.156,16.077,16.032,15.987,15.683,15.410,15.571,15.742,15.731
14.889,13.969,10.171,9.539,9.807,6.679,5.785,7.337,5.361,0.000,5.364,7.378,6.145,7.189,10.225,11.733,12.620,15.261,15.721,16.413,16.723,16.783,16.348,16.302,16.283,16.579
13.609,12.690,8.669,10.534,10.779,9.882,6.533,5.915,7.359,5.364,0.000,5.373,7.408,6.356,7.717,10.596,12.288,14.986,15.261,16.706,17.140,17.128,16.650,16.374,16.366,16.521
15.896,14.986,11.172,12.650,10.576,10.919,9.800,6.549,5.880,7.378,5.373,0.000,5.393,7.475,7.008,8.607,10.920,13.550,14.180,15.513,16.042,16.128,15.850,16.064,16.203,16.554
17.746,17.428,13.993,14.219,12.658,10.992,10.928,9.871,6.710,6.145,7.408,5.393,0.000,5.453,7.473,7.831,9.097,11.884,12.934,14.618,15.659,15.998,15.356,15.677,16.114,16.524
16.886,17.229,13.754,14.973,15.083,12.992,11.016,11.048,9.986,7.189,6.356,7.475,5.453,0.000,5.556,7.667,8.402,11.290,12.218,14.570,16.109,16.251,15.342,15.492,15.512,16.006
16.668,16.964,14.285,16.356,15.648,15.278,12.993,11.321,11.221,10.225,7.717,7.008,7.473,5.556,0.000,5.679,7.836,10.596,11.403,14.063,16.049,16.160,15.011,15.467,15.725,16.083
17.759,18.240,16.361,18.101,16.601,16.214,15.306,13.496,11.978,11.733,10.596,8.607,7.831,7.667,5.679,0.000,5.876,8.543,9.482,11.780,14.523,15.204,14.222,14.604,15.479,16.180
17.848,18.385,17.399,18.347,18.139,16.889,16.285,15.545,13.636,12.620,12.288,10.920,9.097,8.402,7.836,5.876,0.000,5.803,7.448,9.540,12.375,13.461,12.725,13.433,14.496,16.032
17.679,18.278,17.910,18.621,18.342,18.242,17.563,17.104,16.156,15.261,14.986,13.550,11.884,11.290,10.596,8.543,5.803,0.000,5.800,7.493,10.046,11.219,10.847,11.830,13.284,14.980
17.660,18.100,17.763,18.307,17.927,17.766,17.764,16.833,16.077,15.721,15.261,14.180,12.934,12.218,11.403,9.482,7.448,5.800,0.000,5.643,8.564,9.788,9.435,10.735,12.470,14.635
17.631,17.977,18.033,18.185,17.443,17.304,17.655,17.279,16.032,16.413,16.706,15.513,14.618,14.570,14.063,11.780,9.540,7.493,5.643,0.000,5.827,7.141,7.316,9.069,11.003,13.614
17.485,17.621,17.784,17.756,16.842,16.806,17.424,16.803,15.987,16.723,17.140,16.042,15.659,16.109,16.049,14.523,12.375,10.046,8.564,5.827,0.000,5.604,6.959,7.859,9.913,12.760
17.373,17.561,17.634,17.474,16.808,16.949,17.242,16.738,15.683,16.783,17.128,16.128,15.998,16.251,16.160,15.204,13.461,11.219,9.788,7.141,5.604,0.000,5.654,7.426,8.479,11.554
17.103,17.158,17.251,17.048,15.788,15.946,16.910,16.362,15.410,16.348,16.650,15.850,15.356,15.342,15.011,14.222,12.725,10.847,9.435,7.316,6.959,5.654,0.000,5.587,7.400,10.248
16.720,16.747,16.941,16.837,15.621,15.980,16.632,16.535,15.571,16.302,16.374,16.064,15.677,15.492,15.467,14.604,13.433,11.830,10.735,9.069,7.859,7.426,5.587,0.000,5.721,8.246
16.408,16.047,16.460,16.355,15.423,15.665,16.352,16.176,15.742,16.283,16.366,16.203,16.114,15.512,15.725,15.479,14.496,13.284,12.470,11.003,9.913,8.479,7.400,5.721,0.000,6.146
16.268,16.097,16.496,16.372,15.690,15.975,16.455,16.303,15.731,16.579,16.521,16.554,16.524,16.006,16.083,16.180,16.032,14.980,14.635,13.614,12.760,11.554,10.248,8.246,6.146,0.000