c1,c2,c3,c4,c5,c6,c7,c8,c9,c10,c11,c12,c13,c14,c15,c16,c17,c18,c19,c20,c21,c22,c23,c24,c25,c26
0.000,6.056,7.736,9.906,12.038,14.300,15.021,15.108,15.128,15.667,15.785,16.380,16.785,16.722,16.462,16.165,16.230,15.894,15.814,15.396,15.241,15.505,15.441,15.293,14.986,14.952
6.056,0.000,5.802,7.249,9.080,11.477,13.414,14.771,14.182,14.786,15.135,15.613,16.428,16.740,16.324,15.968,15.821,15.607,15.451,14.914,14.579,14.993,15.025,14.865,14.539,14.476
7.736,5.802,0.000,5.813,7.300,9.638,11.126,13.936,14.207,13.787,14.130,14.992,15.744,16.326,16.204,15.754,15.657,15.419,15.430,14.859,14.361,14.818,14.780,14.541,14.354,14.337
9.906,7.249,5.813,0.000,5.831,7.458,9.604,11.516,13.442,14.381,13.717,14.635,15.621,16.220,16.026,15.767,15.482,15.408,15.240,14.672,13.971,14.441,14.443,14.240,14.284,14.458
12.038,9.080,7.300,5.831,0.000,5.819,7.259,9.470,11.039,13.193,13.859,13.918,14.829,15.576,15.432,15.118,15.175,14.875,14.762,14.096,13.164,13.750,13.861,13.561,13.757,14.043
14.300,11.477,9.638,7.458,5.819,0.000,5.890,7.446,9.073,10.804,12.650,13.802,14.152,14.938,14.958,14.458,14.752,14.871,14.499,13.982,12.863,13.333,13.638,13.382,13.719,14.408
15.021,13.414,11.126,9.604,7.259,5.890,0.000,5.776,7.795,9.150,10.628,12.659,13.711,14.268,14.392,13.927,14.313,14.671,14.381,13.738,12.606,12.988,13.345,13.335,13.850,14.395
15.108,14.771,13.936,11.516,9.470,7.446,5.776,0.000,5.896,7.567,8.782,10.495,12.152,13.480,13.345,12.614,13.350,13.929,13.759,13.419,12.425,12.907,13.354,13.325,14.169,14.841
15.128,14.182,14.207,13.442,11.039,9.073,7.795,5.896,0.000,5.924,7.706,9.162,10.493,12.310,13.023,12.131,12.788,13.691,13.488,13.318,12.710,13.085,13.520,13.636,14.374,15.100
15.667,14.786,13.787,14.381,13.193,10.804,9.150,7.567,5.924,0.000,6.005,7.616,9.088,11.125,12.186,11.982,12.729,13.740,13.715,13.744,13.555,13.973,14.455,14.591,15.227,15.922
15.785,15.135,14.130,13.717,13.859,12.650,10.628,8.782,7.706,6.005,0.000,5.971,8.277,10.344,11.537,11.373,12.698,13.602,13.465,13.710,13.936,14.335,14.844,14.903,15.675,16.223
16.380,15.613,14.992,14.635,13.918,13.802,12.659,10.495,9.162,7.616,5.971,0.000,6.195,8.482,9.615,9.389,10.904,12.366,12.470,13.009,13.596,14.071,14.584,14.835,15.558,16.267
16.785,16.428,15.744,15.621,14.829,14.152,13.711,12.152,10.493,9.088,8.277,6.195,0.000,6.249,7.178,8.382,10.062,12.094,12.387,13.466,13.887,14.461,14.884,15.461,16.230,16.620
16.722,16.740,16.326,16.220,15.576,14.938,14.268,13.480,12.310,11.125,10.344,8.482,6.249,0.000,6.140,7.796,8.839,10.877,11.950,13.498,13.550,14.114,14.746,15.312,16.161,16.487
16.462,16.324,16.204,16.026,15.432,14.958,14.392,13.345,13.023,12.186,11.537,9.615,7.178,6.140,0.000,6.346,7.853,9.576,9.933,12.131,12.817,13.213,13.815,14.732,15.836,16.316
16.165,15.968,15.754,15.767,15.118,14.458,13.927,12.614,12.131,11.982,11.373,9.389,8.382,7.796,6.346,0.000,6.259,7.750,8.152,10.181,11.454,12.337,12.930,13.728,15.089,15.690
16.230,15.821,15.657,15.482,15.175,14.752,14.313,13.350,12.788,12.729,12.698,10.904,10.062,8.839,7.853,6.259,0.000,6.028,8.019,9.787,10.830,12.062,12.846,13.456,14.571,15.602
15.894,15.607,15.419,15.408,14.875,14.871,14.671,13.929,13.691,13.740,13.602,12.366,12.094,10.877,9.576,7.750,6.028,0.000,6.103,8.218,9.578,10.437,11.882,13.041,13.861,14.815
15.814,15.451,15.430,15.240,14.762,14.499,14.381,13.759,13.488,13.715,13.465,12.470,12.387,11.950,9.933,8.152,8.019,6.103,0.000,5.970,7.758,8.480,9.719,11.753,13.381,14.132
15.396,14.914,14.859,14.672,14.096,13.982,13.738,13.419,13.318,13.744,13.710,13.009,13.466,13.498,12.131,10.181,9.787,8.218,5.970,0.000,5.894,7.315,8.161,9.960,12.444,13.722
15.241,14.579,14.361,13.971,13.164,12.863,12.606,12.425,12.710,13.555,13.936,13.596,13.887,13.550,12.817,11.454,10.830,9.578,7.758,5.894,0.000,5.843,7.550,8.054,10.439,12.528
15.505,14.993,14.818,14.441,13.750,13.333,12.988,12.907,13.085,13.973,14.335,14.071,14.461,14.114,13.213,12.337,12.062,10.437,8.480,7.315,5.843,0.000,5.733,7.448,9.047,10.984
15.441,15.025,14.780,14.443,13.861,13.638,13.345,13.354,13.520,14.455,14.844,14.584,14.884,14.746,13.815,12.930,12.846,11.882,9.719,8.161,7.550,5.733,0.000,5.757,7.678,9.525
15.293,14.865,14.541,14.240,13.561,13.382,13.335,13.325,13.636,14.591,14.903,14.835,15.461,15.312,14.732,13.728,13.456,13.041,11.753,9.960,8.054,7.448,5.757,0.000,5.827,7.766
14.986,14.539,14.354,14.284,13.757,13.719,13.850,14.169,14.374,15.227,15.675,15.558,16.230,16.161,15.836,15.089,14.571,13.861,13.381,12.444,10.439,9.047,7.678,5.827,0.000,6.224
14.952,14.476,14.337,14.458,14.043,14.408,14.395,14.841,15.100,15.922,16.223,16.267,16.620,16.487,16.316,15.690,15.602,14.815,14.132,13.722,12.528,10.984,9.525,7.766,6.224,0.000