c1,c2,c3,c4,c5,c6,c7,c8,c9,c10,c11,c12,c13,c14,c15,c16,c17,c18,c19,c20,c21,c22,c23,c24,c25,c26
0.000,6.000,8.134,9.941,11.595,12.314,11.378,13.030,12.770,13.520,14.634,15.421,16.222,16.161,16.318,16.493,16.370,15.541,16.316,16.441,15.664,15.810,16.767,16.639,16.042,16.358
6.000,0.000,5.868,7.090,7.435,8.226,7.699,10.050,9.861,10.693,12.039,12.951,14.665,14.598,15.024,15.961,15.151,14.016,15.356,15.818,14.670,14.960,16.161,16.309,15.779,16.164
8.134,5.868,0.000,5.436,7.904,9.049,9.523,12.254,12.609,12.780,13.754,14.935,15.934,15.798,16.115,16.384,15.752,14.468,15.972,16.036,14.852,15.179,16.475,16.469,15.869,16.307
9.941,7.090,5.436,0.000,5.586,7.116,8.531,11.087,11.920,12.324,13.358,14.322,15.838,15.473,15.827,16.876,15.668,14.304,15.823,16.287,14.733,15.184,16.496,16.663,16.007,16.484
11.595,7.435,7.904,5.586,0.000,5.593,7.434,9.353,10.226,11.151,12.344,12.844,14.441,14.332,14.613,15.797,15.082,13.015,14.309,14.801,13.410,13.701,14.999,15.002,14.589,14.981
12.314,8.226,9.049,7.116,5.593,0.000,5.723,7.895,8.897,8.890,10.863,11.699,13.669,13.619,14.373,15.660,14.989,13.814,15.221,15.848,14.145,14.672,16.168,16.254,15.997,16.241
11.378,7.699,9.523,8.531,7.434,5.723,0.000,5.663,6.560,7.065,8.935,10.194,12.492,12.836,13.691,15.160,14.228,13.249,15.325,15.055,13.321,13.943,15.807,15.489,15.564,15.850
13.030,10.050,12.254,11.087,9.353,7.895,5.663,0.000,5.591,7.680,8.461,9.189,12.236,12.674,13.250,14.941,14.342,12.914,14.918,15.997,13.705,13.726,15.403,15.627,15.251,15.677
12.770,9.861,12.609,11.920,10.226,8.897,6.560,5.591,0.000,5.699,7.599,7.168,9.987,10.927,11.766,13.003,12.596,11.209,13.296,14.340,13.624,12.905,14.543,14.943,15.303,15.608
13.520,10.693,12.780,12.324,11.151,8.890,7.065,7.680,5.699,0.000,5.737,7.703,9.453,10.406,12.155,13.948,13.097,12.077,14.618,15.611,14.821,15.725,16.767,16.672,16.783,16.755
14.634,12.039,13.754,13.358,12.344,10.863,8.935,8.461,7.599,5.737,0.000,5.970,8.370,9.332,10.649,13.267,12.793,11.724,14.103,15.494,14.922,15.731,17.649,17.117,17.132,17.007
15.421,12.951,14.935,14.322,12.844,11.699,10.194,9.189,7.168,7.703,5.970,0.000,6.150,7.635,8.162,10.009,10.475,9.962,11.737,13.068,13.725,14.352,15.893,16.908,16.620,16.876
16.222,14.665,15.934,15.838,14.441,13.669,12.492,12.236,9.987,9.453,8.370,6.150,0.000,5.990,8.148,9.526,9.353,10.401,12.373,12.988,13.509,14.914,16.473,17.190,18.118,17.584
16.161,14.598,15.798,15.473,14.332,13.619,12.836,12.674,10.927,10.406,9.332,7.635,5.990,0.000,6.334,7.680,7.196,7.579,10.358,11.332,11.331,12.835,14.859,15.543,16.768,17.662
16.318,15.024,16.115,15.827,14.613,14.373,13.691,13.250,11.766,12.155,10.649,8.162,8.148,6.334,0.000,5.994,7.442,6.640,7.657,10.669,11.461,11.325,13.258,15.225,16.418,16.979
16.493,15.961,16.384,16.876,15.797,15.660,15.160,14.941,13.003,13.948,13.267,10.009,9.526,7.680,5.994,0.000,5.785,7.472,6.806,7.583,10.547,11.431,11.653,13.281,15.654,16.390
16.370,15.151,15.752,15.668,15.082,14.989,14.228,14.342,12.596,13.097,12.793,10.475,9.353,7.196,7.442,5.785,0.000,5.596,7.495,6.710,7.492,10.334,11.689,11.812,14.028,15.669
15.541,14.016,14.468,14.304,13.015,13.814,13.249,12.914,11.209,12.077,11.724,9.962,10.401,7.579,6.640,7.472,5.596,0.000,5.569,7.439,6.590,7.296,10.631,11.627,12.831,14.174
16.316,15.356,15.972,15.823,14.309,15.221,15.325,14.918,13.296,14.618,14.103,11.737,12.373,10.358,7.657,6.806,7.495,5.569,0.000,5.712,7.461,6.377,7.681,10.406,12.387,13.050
16.441,15.818,16.036,16.287,14.801,15.848,15.055,15.997,14.340,15.611,15.494,13.068,12.988,11.332,10.669,7.583,6.710,7.439,5.712,0.000,5.628,7.490,7.087,8.031,11.390,12.568
15.664,14.670,14.852,14.733,13.410,14.145,13.321,13.705,13.624,14.821,14.922,13.725,13.509,11.331,11.461,10.547,7.492,6.590,7.461,5.628,0.000,5.580,7.559,6.862,9.392,10.969
15.810,14.960,15.179,15.184,13.701,14.672,13.943,13.726,12.905,15.725,15.731,14.352,14.914,12.835,11.325,11.431,10.334,7.296,6.377,7.490,5.580,0.000,5.563,7.455,8.392,9.717
16.767,16.161,16.475,16.496,14.999,16.168,15.807,15.403,14.543,16.767,17.649,15.893,16.473,14.859,13.258,11.653,11.689,10.631,7.681,7.087,7.559,5.563,0.000,5.930,7.912,9.115
16.639,16.309,16.469,16.663,15.002,16.254,15.489,15.627,14.943,16.672,17.117,16.908,17.190,15.543,15.225,13.281,11.812,11.627,10.406,8.031,6.862,7.455,5.930,0.000,5.854,7.782
16.042,15.779,15.869,16.007,14.589,15.997,15.564,15.251,15.303,16.783,17.132,16.620,18.118,16.768,16.418,15.654,14.028,12.831,12.387,11.390,9.392,8.392,7.912,5.854,0.000,6.138
16.358,16.164,16.307,16.484,14.981,16.241,15.850,15.677,15.608,16.755,17.007,16.876,17.584,17.662,16.979,16.390,15.669,14.174,13.050,12.568,10.969,9.717,9.115,7.782,6.138,0.000