c1,c2,c3,c4,c5,c6,c7,c8,c9,c10,c11,c12,c13,c14,c15,c16,c17,c18,c19,c20,c21,c22,c23,c24,c25,c26
0.000,5.979,7.917,9.439,8.731,9.699,11.266,11.414,10.629,12.833,14.194,14.101,15.288,15.665,15.828,15.667,15.859,15.275,15.751,16.119,15.659,15.728,16.405,16.203,15.789,16.144
5.979,0.000,5.764,6.217,5.761,7.704,9.384,9.533,8.723,10.824,12.585,12.483,13.678,15.421,15.152,14.893,14.958,14.593,15.216,15.605,14.817,15.124,15.978,15.904,15.588,16.288
7.917,5.764,0.000,5.468,7.635,8.050,9.588,11.117,10.553,11.630,13.255,13.782,14.873,15.656,16.327,15.455,15.188,14.202,14.969,15.264,14.178,14.490,15.546,15.214,14.612,15.767
9.439,6.217,5.468,0.000,5.469,7.747,8.187,9.227,9.684,11.367,11.938,12.415,14.292,15.050,15.375,16.291,15.175,14.063,14.957,15.472,13.966,14.556,15.717,15.674,15.261,16.387
8.731,5.761,7.635,5.469,0.000,5.602,7.036,7.026,6.968,9.671,11.105,11.081,12.950,14.372,14.762,15.530,16.444,15.033,15.876,16.087,15.281,15.616,16.309,16.094,15.856,16.590
9.699,7.704,8.050,7.747,5.602,0.000,5.537,7.892,7.648,8.593,11.459,11.970,13.007,14.088,15.345,15.930,16.249,16.810,16.753,16.890,15.883,16.431,16.679,16.376,16.022,16.774
11.266,9.384,9.588,8.187,7.036,5.537,0.000,5.587,7.270,7.470,8.835,10.901,12.664,12.979,14.032,15.445,15.731,15.862,17.502,16.832,15.957,16.162,16.609,16.429,16.162,16.622
11.414,9.533,11.117,9.227,7.026,7.892,5.587,0.000,5.738,7.617,7.928,8.884,11.863,12.881,12.894,14.110,15.183,15.250,16.190,17.483,15.865,16.142,16.435,16.471,16.099,16.617
10.629,8.723,10.553,9.684,6.968,7.648,7.270,5.738,0.000,5.701,7.694,7.411,9.159,11.421,12.270,12.534,13.310,14.233,15.318,15.989,16.794,16.285,16.743,16.550,16.681,17.037
12.833,10.824,11.630,11.367,9.671,8.593,7.470,7.617,5.701,0.000,5.914,7.970,8.485,9.844,11.981,12.869,12.511,13.274,15.221,15.890,16.073,17.691,17.433,17.238,17.004,17.366
14.194,12.585,13.255,11.938,11.105,11.459,8.835,7.928,7.694,5.914,0.000,6.085,8.042,8.850,9.681,11.660,11.965,11.938,13.529,15.065,15.411,16.340,17.960,17.324,17.195,17.492
14.101,12.483,13.782,12.415,11.081,11.970,10.901,8.884,7.411,7.970,6.085,0.000,6.294,7.886,7.766,8.949,10.239,10.994,11.542,12.984,14.392,15.241,16.257,17.738,17.159,17.541
15.288,13.678,14.873,14.292,12.950,13.007,12.664,11.863,9.159,8.485,8.042,6.294,0.000,6.079,7.995,8.032,8.464,10.452,11.537,11.796,13.091,14.950,15.924,16.719,18.246,18.046
15.665,15.421,15.656,15.050,14.372,14.088,12.979,12.881,11.421,9.844,8.850,7.886,6.079,0.000,6.201,7.681,7.054,7.698,10.231,11.167,11.187,12.878,15.030,15.666,16.645,18.297
15.828,15.152,16.327,15.375,14.762,15.345,14.032,12.894,12.270,11.981,9.681,7.766,7.995,6.201,0.000,5.898,7.633,6.517,7.255,10.135,11.056,10.976,12.815,15.027,15.818,17.072
15.667,14.893,15.455,16.291,15.530,15.930,15.445,14.110,12.534,12.869,11.660,8.949,8.032,7.681,5.898,0.000,5.729,7.648,6.452,7.159,10.148,11.083,11.042,12.848,15.244,16.606
15.859,14.958,15.188,15.175,16.444,16.249,15.731,15.183,13.310,12.511,11.965,10.239,8.464,7.054,7.633,5.729,0.000,5.638,7.566,6.261,6.986,10.037,11.051,11.059,12.967,15.791
15.275,14.593,14.202,14.063,15.033,16.810,15.862,15.250,14.233,13.274,11.938,10.994,10.452,7.698,6.517,7.648,5.638,0.000,5.569,7.467,6.069,6.766,10.004,11.042,11.169,13.730
15.751,15.216,14.969,14.957,15.876,16.753,17.502,16.190,15.318,15.221,13.529,11.542,11.537,10.231,7.255,6.452,7.566,5.569,0.000,5.528,7.442,6.044,6.902,10.018,11.246,12.446
16.119,15.605,15.264,15.472,16.087,16.890,16.832,17.483,15.989,15.890,15.065,12.984,11.796,11.167,10.135,7.159,6.261,7.467,5.528,0.000,5.544,7.442,6.147,6.956,10.174,12.048
15.659,14.817,14.178,13.966,15.281,15.883,15.957,15.865,16.794,16.073,15.411,14.392,13.091,11.187,11.056,10.148,6.986,6.069,7.442,5.544,0.000,5.529,7.448,6.162,7.133,10.616
15.728,15.124,14.490,14.556,15.616,16.431,16.162,16.142,16.285,17.691,16.340,15.241,14.950,12.878,10.976,11.083,10.037,6.766,6.044,7.442,5.529,0.000,5.504,7.437,6.585,8.590
16.405,15.978,15.546,15.717,16.309,16.679,16.609,16.435,16.743,17.433,17.960,16.257,15.924,15.030,12.815,11.042,11.051,10.004,6.902,6.147,7.448,5.504,0.000,5.557,7.588,7.862
16.203,15.904,15.214,15.674,16.094,16.376,16.429,16.471,16.550,17.238,17.324,17.738,16.719,15.666,15.027,12.848,11.059,11.042,10.018,6.956,6.162,7.437,5.557,0.000,5.471,7.983
15.789,15.588,14.612,15.261,15.856,16.022,16.162,16.099,16.681,17.004,17.195,17.159,18.246,16.645,15.818,15.244,12.967,11.169,11.246,10.174,7.133,6.585,7.588,5.471,0.000,5.766
16.144,16.288,15.767,16.387,16.590,16.774,16.622,16.617,17.037,17.366,17.492,17.541,18.046,18.297,17.072,16.606,15.791,13.730,12.446,12.048,10.616,8.590,7.862,7.983,5.766,0.000