c1,c2,c3,c4,c5,c6,c7,c8,c9,c10,c11,c12,c13,c14,c15,c16,c17,c18,c19,c20,c21,c22,c23,c24,c25,c26
0.000,6.064,7.918,9.791,8.856,10.302,9.492,9.727,10.530,11.902,12.678,14.566,15.032,15.565,15.812,16.344,15.949,14.752,15.770,16.250,15.232,15.034,16.338,16.317,15.530,16.178
6.064,0.000,5.957,6.150,5.228,7.978,7.336,8.440,8.698,10.299,11.345,13.287,13.821,14.397,14.660,15.253,14.844,13.583,14.547,15.280,14.090,13.798,15.396,15.539,14.627,15.752
7.918,5.957,0.000,5.486,7.735,8.657,10.037,11.229,11.541,12.739,13.205,15.067,15.006,15.256,15.467,15.842,15.201,13.612,14.849,15.267,14.038,13.783,15.324,15.187,14.180,15.288
9.791,6.150,5.486,0.000,5.413,7.963,9.054,11.466,11.631,13.000,13.332,14.879,14.849,15.065,14.971,15.574,15.013,13.298,14.380,14.974,13.069,13.315,15.016,14.713,13.646,15.190
8.856,5.228,7.735,5.413,0.000,5.787,5.814,8.530,9.087,10.987,11.921,14.124,14.291,14.830,14.926,15.819,15.449,14.121,15.198,15.298,13.659,13.873,15.117,14.958,14.283,15.514
10.302,7.978,8.657,7.963,5.787,0.000,5.785,8.148,9.576,11.264,12.717,15.128,14.941,15.370,15.668,16.458,15.876,15.014,16.354,16.554,14.337,14.805,16.193,15.603,14.664,15.945
9.492,7.336,10.037,9.054,5.814,5.785,0.000,5.859,7.146,8.807,10.022,13.193,13.733,14.184,14.526,15.517,14.832,14.117,15.519,15.596,13.845,14.096,15.410,15.187,14.498,15.460
9.727,8.440,11.229,11.466,8.530,8.148,5.859,0.000,5.930,7.663,8.982,11.662,12.667,14.088,14.400,15.369,15.275,14.372,15.591,16.487,14.646,14.787,15.888,16.084,15.248,16.220
10.530,8.698,11.541,11.631,9.087,9.576,7.146,5.930,0.000,5.981,7.613,10.144,11.238,12.903,13.949,14.608,14.405,13.912,14.909,15.654,14.925,14.805,15.743,15.567,15.465,16.220
11.902,10.299,12.739,13.000,10.987,11.264,8.807,7.663,5.981,0.000,6.180,8.781,10.186,11.661,13.466,14.763,14.214,13.730,15.000,16.054,15.555,16.269,16.615,16.731,16.331,16.925
12.678,11.345,13.205,13.332,11.921,12.717,10.022,8.982,7.613,6.180,0.000,6.431,7.940,8.642,10.270,12.478,12.612,11.852,12.985,14.328,14.249,14.951,16.375,16.187,16.237,16.727
14.566,13.287,15.067,14.879,14.124,15.128,13.193,11.662,10.144,8.781,6.431,0.000,6.356,7.481,8.955,10.904,11.997,11.820,12.406,14.100,14.910,15.303,16.424,17.582,17.217,17.383
15.032,13.821,15.006,14.849,14.291,14.941,13.733,12.667,11.238,10.186,7.940,6.356,0.000,6.058,8.007,9.616,10.243,10.811,11.784,12.840,13.662,14.606,15.785,16.714,17.550,17.402
15.565,14.397,15.256,15.065,14.830,15.370,14.184,14.088,12.903,11.661,8.642,7.481,6.058,0.000,6.308,7.982,8.132,7.921,9.812,11.392,11.706,12.777,14.535,15.516,16.387,17.673
15.812,14.660,15.467,14.971,14.926,15.668,14.526,14.400,13.949,13.466,10.270,8.955,8.007,6.308,0.000,6.136,7.462,7.025,7.843,10.410,11.378,11.566,13.196,14.926,15.818,17.165
16.344,15.253,15.842,15.574,15.819,16.458,15.517,15.369,14.608,14.763,12.478,10.904,9.616,7.982,6.136,0.000,5.998,7.563,6.946,7.539,10.505,11.457,11.450,13.031,15.219,16.658
15.949,14.844,15.201,15.013,15.449,15.876,14.832,15.275,14.405,14.214,12.612,11.997,10.243,8.132,7.462,5.998,0.000,5.793,7.550,6.573,7.377,10.271,11.388,11.368,13.152,15.846
14.752,13.583,13.612,13.298,14.121,15.014,14.117,14.372,13.912,13.730,11.852,11.820,10.811,7.921,7.025,7.563,5.793,0.000,5.638,7.494,6.730,7.578,10.680,11.482,11.673,14.195
15.770,14.547,14.849,14.380,15.198,16.354,15.519,15.591,14.909,15.000,12.985,12.406,11.784,9.812,7.843,6.946,7.550,5.638,0.000,5.583,7.448,6.664,7.531,10.378,11.554,13.106
16.250,15.280,15.267,14.974,15.298,16.554,15.596,16.487,15.654,16.054,14.328,14.100,12.840,11.392,10.410,7.539,6.573,7.494,5.583,0.000,5.628,7.459,6.638,7.395,10.429,12.535
15.232,14.090,14.038,13.069,13.659,14.337,13.845,14.646,14.925,15.555,14.249,14.910,13.662,11.706,11.378,10.505,7.377,6.730,7.448,5.628,0.000,5.607,7.447,6.503,7.554,11.022
15.034,13.798,13.783,13.315,13.873,14.805,14.096,14.787,14.805,16.269,14.951,15.303,14.606,12.777,11.566,11.457,10.271,7.578,6.664,7.459,5.607,0.000,5.538,7.419,6.914,9.270
16.338,15.396,15.324,15.016,15.117,16.193,15.410,15.888,15.743,16.615,16.375,16.424,15.785,14.535,13.196,11.450,11.388,10.680,7.531,6.638,7.447,5.538,0.000,5.575,7.511,8.295
16.317,15.539,15.187,14.713,14.958,15.603,15.187,16.084,15.567,16.731,16.187,17.582,16.714,15.516,14.926,13.031,11.368,11.482,10.378,7.395,6.503,7.419,5.575,0.000,5.602,8.004
15.530,14.627,14.180,13.646,14.283,14.664,14.498,15.248,15.465,16.331,16.237,17.217,17.550,16.387,15.818,15.219,13.152,11.673,11.554,10.429,7.554,6.914,7.511,5.602,0.000,5.879
16.178,15.752,15.288,15.190,15.514,15.945,15.460,16.220,16.220,16.925,16.727,17.383,17.402,17.673,17.165,16.658,15.846,14.195,13.106,12.535,11.022,9.270,8.295,8.004,5.879,0.000