c1,c2,c3,c4,c5,c6,c7,c8,c9,c10,c11,c12,c13,c14,c15,c16,c17,c18,c19,c20,c21,c22,c23,c24,c25,c26
0.000,5.938,7.700,9.960,12.280,13.854,15.521,16.123,16.318,16.615,16.453,16.235,16.471,16.247,15.836,15.739,15.882,15.283,15.435,15.177,15.237,15.136,15.175,14.783,14.940,15.159
5.938,0.000,5.753,7.978,10.304,12.347,14.273,15.663,15.947,16.173,15.838,15.499,15.900,15.586,15.154,15.486,15.383,14.769,14.999,14.685,14.503,14.520,14.506,14.288,14.449,14.914
7.700,5.753,0.000,5.793,8.307,9.333,11.970,14.103,15.042,15.596,15.317,15.151,15.893,15.821,15.400,15.806,15.695,14.943,15.203,14.561,14.253,14.355,14.463,14.244,14.561,14.900
9.960,7.978,5.793,0.000,5.866,7.620,9.155,11.863,13.655,15.165,14.868,14.593,15.708,15.607,15.305,15.861,15.598,14.862,15.232,14.347,13.979,14.144,14.437,14.250,14.526,15.043
12.280,10.304,8.307,5.866,0.000,5.760,7.262,9.042,11.350,13.308,13.805,13.569,14.879,14.938,14.562,15.365,15.088,14.438,14.838,13.714,13.086,13.885,14.083,13.619,14.236,14.661
13.854,12.347,9.333,7.620,5.760,0.000,5.757,7.848,10.238,12.243,13.398,12.979,14.988,15.005,14.717,15.266,14.873,14.428,14.979,13.905,13.291,14.089,14.592,14.225,14.617,15.072
15.521,14.273,11.970,9.155,7.262,5.757,0.000,5.845,7.317,9.686,10.664,10.841,13.440,13.891,13.622,14.092,13.669,13.495,14.224,13.113,12.419,13.704,14.105,14.097,14.697,14.827
16.123,15.663,14.103,11.863,9.042,7.848,5.845,0.000,5.904,7.459,9.467,9.764,13.002,13.753,13.747,14.079,13.591,13.675,14.792,14.281,13.539,14.862,15.148,15.085,15.516,15.547
16.318,15.947,15.042,13.655,11.350,10.238,7.317,5.904,0.000,5.880,7.580,7.104,10.495,11.822,12.251,12.584,12.092,12.464,13.377,13.180,12.917,14.165,14.751,14.888,15.498,15.467
16.615,16.173,15.596,15.165,13.308,12.243,9.686,7.459,5.880,0.000,5.812,7.835,10.062,11.660,12.749,13.378,12.864,13.315,14.597,14.608,14.566,15.923,16.268,16.235,16.390,16.343
16.453,15.838,15.317,14.868,13.805,13.398,10.664,9.467,7.580,5.812,0.000,6.222,8.013,9.918,10.994,12.114,12.129,12.669,13.772,14.361,14.512,15.817,16.621,16.455,16.583,16.590
16.235,15.499,15.151,14.593,13.569,12.979,10.841,9.764,7.104,7.835,6.222,0.000,6.313,8.155,8.916,9.825,10.131,10.908,11.969,12.567,13.158,14.447,15.471,15.980,16.330,16.251
16.471,15.900,15.893,15.708,14.879,14.988,13.440,13.002,10.495,10.062,8.013,6.313,0.000,6.160,7.975,8.997,9.752,10.982,12.210,12.918,13.526,14.727,15.922,16.652,17.263,16.837
16.247,15.586,15.821,15.607,14.938,15.005,13.891,13.753,11.822,11.660,9.918,8.155,6.160,0.000,6.572,7.771,8.501,9.112,11.037,12.235,12.192,13.464,15.189,15.905,16.872,16.821
15.836,15.154,15.400,15.305,14.562,14.717,13.622,13.747,12.251,12.749,10.994,8.916,7.975,6.572,0.000,6.398,7.795,7.283,8.502,10.930,11.492,11.644,13.280,15.033,16.059,16.287
15.739,15.486,15.806,15.861,15.365,15.266,14.092,14.079,12.584,13.378,12.114,9.825,8.997,7.771,6.398,0.000,6.009,7.783,7.465,8.791,10.869,11.805,12.036,13.554,15.674,15.892
15.882,15.383,15.695,15.598,15.088,14.873,13.669,13.591,12.092,12.864,12.129,10.131,9.752,8.501,7.795,6.009,0.000,5.836,7.679,7.527,8.197,10.751,11.894,12.136,14.022,14.953
15.283,14.769,14.943,14.862,14.438,14.428,13.495,13.675,12.464,13.315,12.669,10.908,10.982,9.112,7.283,7.783,5.836,0.000,5.856,7.524,6.619,7.494,10.590,11.696,12.428,13.264
15.435,14.999,15.203,15.232,14.838,14.979,14.224,14.792,13.377,14.597,13.772,11.969,12.210,11.037,8.502,7.465,7.679,5.856,0.000,5.683,7.435,6.801,7.919,10.868,12.363,12.501
15.177,14.685,14.561,14.347,13.714,13.905,13.113,14.281,13.180,14.608,14.361,12.567,12.918,12.235,10.930,8.791,7.527,7.524,5.683,0.000,5.618,7.428,6.926,8.186,11.146,11.852
15.237,14.503,14.253,13.979,13.086,13.291,12.419,13.539,12.917,14.566,14.512,13.158,13.526,12.192,11.492,10.869,8.197,6.619,7.435,5.618,0.000,5.568,7.464,6.986,8.838,9.905
15.136,14.520,14.355,14.144,13.885,14.089,13.704,14.862,14.165,15.923,15.817,14.447,14.727,13.464,11.644,11.805,10.751,7.494,6.801,7.428,5.568,0.000,5.629,7.481,7.979,8.598
15.175,14.506,14.463,14.437,14.083,14.592,14.105,15.148,14.751,16.268,16.621,15.471,15.922,15.189,13.280,12.036,11.894,10.590,7.919,6.926,7.464,5.629,0.000,5.770,7.699,8.098
14.783,14.288,14.244,14.250,13.619,14.225,14.097,15.085,14.888,16.235,16.455,15.980,16.652,15.905,15.033,13.554,12.136,11.696,10.868,8.186,6.986,7.481,5.770,0.000,5.801,7.773
14.940,14.449,14.561,14.526,14.236,14.617,14.697,15.516,15.498,16.390,16.583,16.330,17.263,16.872,16.059,15.674,14.022,12.428,12.363,11.146,8.838,7.979,7.699,5.801,0.000,6.249
15.159,14.914,14.900,15.043,14.661,15.072,14.827,15.547,15.467,16.343,16.590,16.251,16.837,16.821,16.287,15.892,14.953,13.264,12.501,11.852,9.905,8.598,8.098,7.773,6.249,0.000