c1,c2,c3,c4,c5,c6,c7,c8,c9,c10,c11,c12,c13,c14,c15,c16,c17,c18,c19,c20,c21,c22,c23,c24,c25,c26
0.000,6.195,7.874,10.225,12.774,14.264,14.051,15.032,14.613,15.394,15.576,14.885,15.448,15.015,14.263,13.798,13.297,11.376,12.572,13.258,13.656,14.366,15.259,15.686,15.648,15.892
6.195,0.000,5.892,8.068,10.596,12.494,12.656,14.384,14.034,15.090,15.310,14.516,15.423,14.949,14.027,13.731,12.789,10.307,11.486,12.046,12.297,13.398,14.351,15.014,15.097,15.535
7.874,5.892,0.000,5.980,8.520,9.282,9.540,12.031,12.156,13.548,13.910,13.319,14.486,14.171,13.144,12.892,11.734,8.778,10.073,10.566,10.906,12.239,13.447,14.324,14.826,15.490
10.225,8.068,5.980,0.000,6.113,7.411,7.890,10.976,12.684,14.236,14.782,14.254,15.566,15.354,14.538,14.863,13.821,11.131,12.702,12.464,12.279,13.419,14.498,15.153,15.436,16.085
12.774,10.596,8.520,6.113,0.000,5.771,7.279,9.437,11.360,13.537,14.539,13.998,15.152,15.184,14.478,15.220,14.146,12.104,13.412,13.036,12.663,13.728,14.462,15.041,15.548,16.057
14.264,12.494,9.282,7.411,5.771,0.000,5.935,8.041,10.371,12.135,13.968,13.707,15.197,15.100,14.513,15.420,14.458,12.884,14.073,13.673,12.625,13.472,14.342,14.849,15.330,16.069
14.051,12.656,9.540,7.890,7.279,5.935,0.000,5.984,7.678,9.718,11.281,11.740,14.080,14.301,13.818,14.615,13.923,12.247,13.347,13.186,11.971,13.106,13.894,14.541,15.069,15.833
15.032,14.384,12.031,10.976,9.437,8.041,5.984,0.000,6.096,7.594,9.850,10.227,13.317,14.111,13.964,14.602,14.017,12.813,13.804,13.822,12.519,13.662,14.504,14.859,15.467,15.991
14.613,14.034,12.156,12.684,11.360,10.371,7.678,6.096,0.000,6.113,7.709,7.778,10.827,12.304,12.771,13.595,13.089,11.909,12.998,13.215,12.046,13.316,14.230,14.451,15.123,15.862
15.394,15.090,13.548,14.236,13.537,12.135,9.718,7.594,6.113,0.000,6.009,7.921,10.356,12.179,13.207,14.438,14.073,13.174,14.251,14.560,13.539,14.785,15.467,15.507,15.772,16.051
15.576,15.310,13.910,14.782,14.539,13.968,11.281,9.850,7.709,6.009,0.000,6.624,8.230,10.642,11.765,13.558,13.562,12.944,13.879,14.393,13.505,14.870,15.807,15.775,15.899,16.195
14.885,14.516,13.319,14.254,13.998,13.707,11.740,10.227,7.778,7.921,6.624,0.000,6.793,8.298,9.421,11.091,11.575,11.232,12.402,12.779,12.371,13.539,14.773,15.123,15.356,16.108
15.448,15.423,14.486,15.566,15.152,15.197,14.080,13.317,10.827,10.356,8.230,6.793,0.000,6.543,8.264,10.185,10.974,11.645,12.908,13.369,12.969,14.135,15.369,15.803,15.988,16.390
15.015,14.949,14.171,15.354,15.184,15.100,14.301,14.111,12.304,12.179,10.642,8.298,6.543,0.000,6.854,8.095,9.583,10.228,11.813,12.675,12.464,13.640,15.006,15.579,16.088,16.749
14.263,14.027,13.144,14.538,14.478,14.513,13.818,13.964,12.771,13.207,11.765,9.421,8.264,6.854,0.000,6.420,7.734,8.266,9.455,11.056,11.583,12.274,13.742,14.541,15.161,16.054
13.798,13.731,12.892,14.863,15.220,15.420,14.615,14.602,13.595,14.438,13.558,11.091,10.185,8.095,6.420,0.000,6.063,8.127,9.015,10.064,11.584,12.735,13.247,14.246,15.295,16.066
13.297,12.789,11.734,13.821,14.146,14.458,13.923,14.017,13.089,14.073,13.562,11.575,10.974,9.583,7.734,6.063,0.000,5.924,7.809,8.830,9.712,11.596,12.972,13.194,14.023,15.342
11.376,10.307,8.778,11.131,12.104,12.884,12.247,12.813,11.909,13.174,12.944,11.232,11.645,10.228,8.266,8.127,5.924,0.000,5.955,7.525,7.762,9.235,11.901,12.726,12.730,13.951
12.572,11.486,10.073,12.702,13.412,14.073,13.347,13.804,12.998,14.251,13.879,12.402,12.908,11.813,9.455,9.015,7.809,5.955,0.000,5.912,7.651,7.916,9.418,12.065,13.045,13.125
13.258,12.046,10.566,12.464,13.036,13.673,13.186,13.822,13.215,14.560,14.393,12.779,13.369,12.675,11.056,10.064,8.830,7.525,5.912,0.000,5.798,7.558,8.087,9.628,12.258,13.159
13.656,12.297,10.906,12.279,12.663,12.625,11.971,12.519,12.046,13.539,13.505,12.371,12.969,12.464,11.583,11.584,9.712,7.762,7.651,5.798,0.000,5.754,7.499,7.963,9.756,11.911
14.366,13.398,12.239,13.419,13.728,13.472,13.106,13.662,13.316,14.785,14.870,13.539,14.135,13.640,12.274,12.735,11.596,9.235,7.916,7.558,5.754,0.000,5.680,7.651,8.425,9.988
15.259,14.351,13.447,14.498,14.462,14.342,13.894,14.504,14.230,15.467,15.807,14.773,15.369,15.006,13.742,13.247,12.972,11.901,9.418,8.087,7.499,5.680,0.000,5.671,7.695,8.522
15.686,15.014,14.324,15.153,15.041,14.849,14.541,14.859,14.451,15.507,15.775,15.123,15.803,15.579,14.541,14.246,13.194,12.726,12.065,9.628,7.963,7.651,5.671,0.000,5.798,7.875
15.648,15.097,14.826,15.436,15.548,15.330,15.069,15.467,15.123,15.772,15.899,15.356,15.988,16.088,15.161,15.295,14.023,12.730,13.045,12.258,9.756,8.425,7.695,5.798,0.000,6.370
15.892,15.535,15.490,16.085,16.057,16.069,15.833,15.991,15.862,16.051,16.195,16.108,16.390,16.749,16.054,16.066,15.342,13.951,13.125,13.159,11.911,9.988,8.522,7.875,6.370,0.000