c1,c2,c3,c4,c5,c6,c7,c8,c9,c10,c11,c12,c13,c14,c15,c16,c17,c18,c19,c20,c21,c22,c23,c24,c25,c26
0.000,6.242,7.936,10.392,13.046,14.508,16.110,16.195,16.136,16.659,16.587,15.459,16.028,15.063,15.020,13.739,13.983,12.904,12.431,12.955,12.744,14.429,15.365,15.906,16.281,16.303
6.242,0.000,6.023,8.036,10.644,12.765,14.795,15.562,15.834,16.471,16.211,14.759,15.722,14.589,15.011,14.079,14.319,13.056,12.084,12.577,11.983,13.958,14.674,15.562,16.037,16.096
7.936,6.023,0.000,6.089,8.292,9.225,11.783,13.102,14.521,14.982,14.632,12.863,14.225,13.185,13.957,13.716,14.144,12.593,11.139,11.271,10.091,12.706,13.507,14.679,15.399,15.575
10.392,8.036,6.089,0.000,6.345,7.874,9.250,11.478,13.740,14.899,14.635,12.663,15.142,13.931,15.128,15.094,15.476,14.056,12.749,12.824,10.933,13.960,14.283,15.452,16.037,15.965
13.046,10.644,8.292,6.345,0.000,6.040,7.215,9.063,11.381,12.921,12.921,11.218,13.900,13.294,14.817,14.943,15.398,14.318,12.707,12.461,10.458,13.404,13.615,14.819,15.670,15.454
14.508,12.765,9.225,7.874,6.040,0.000,6.048,8.188,10.563,11.951,12.889,11.312,14.326,13.572,14.844,15.344,15.711,14.589,12.914,12.737,9.896,13.394,13.158,14.260,15.318,15.147
16.110,14.795,11.783,9.250,7.215,6.048,0.000,6.570,8.155,10.119,10.692,9.940,13.479,13.584,14.965,15.383,16.024,15.340,13.831,13.626,10.400,13.287,12.519,13.520,14.828,14.654
16.195,15.562,13.102,11.478,9.063,8.188,6.570,0.000,6.340,7.207,8.358,7.956,11.473,12.547,14.379,14.792,15.546,14.780,13.128,12.186,8.475,11.004,9.963,11.600,13.231,13.464
16.136,15.834,14.521,13.740,11.381,10.563,8.155,6.340,0.000,6.298,8.267,8.428,11.903,13.893,15.434,15.245,16.163,15.913,14.881,14.024,9.958,12.431,10.706,11.494,12.834,13.136
16.659,16.471,14.982,14.899,12.921,11.951,10.119,7.207,6.298,0.000,6.040,7.875,10.702,12.818,15.174,15.535,16.575,16.322,15.202,14.222,10.256,11.428,9.805,10.401,12.183,12.832
16.587,16.211,14.632,14.635,12.921,12.889,10.692,8.358,8.267,6.040,0.000,7.081,8.543,11.258,13.200,15.306,16.610,16.078,14.554,13.844,9.966,10.436,9.809,10.610,12.319,13.217
15.459,14.759,12.863,12.663,11.218,11.312,9.940,7.956,8.428,7.875,7.081,0.000,6.919,8.286,10.541,12.182,13.965,13.148,11.593,10.677,6.687,8.629,8.803,10.525,12.769,13.876
16.028,15.722,14.225,15.142,13.900,14.326,13.479,11.473,11.903,10.702,8.543,6.919,0.000,6.734,8.085,10.232,12.362,12.586,11.375,10.485,8.469,7.844,10.161,11.104,13.395,14.752
15.063,14.589,13.185,13.931,13.294,13.572,13.584,12.547,13.893,12.818,11.258,8.286,6.734,0.000,6.617,8.127,9.834,9.078,8.546,8.995,8.299,8.863,11.701,12.932,15.078,16.097
15.020,15.011,13.957,15.128,14.817,14.844,14.965,14.379,15.434,15.174,13.200,10.541,8.085,6.617,0.000,6.127,7.122,8.397,8.137,7.875,8.887,8.508,11.755,13.262,14.910,16.256
13.739,14.079,13.716,15.094,14.943,15.344,15.383,14.792,15.245,15.535,15.306,12.182,10.232,8.127,6.127,0.000,5.860,7.699,8.266,8.960,11.171,10.440,13.740,14.665,15.582,16.197
13.983,14.319,14.144,15.476,15.398,15.711,16.024,15.546,16.163,16.575,16.610,13.965,12.362,9.834,7.122,5.860,0.000,5.607,7.820,9.192,11.854,11.746,15.088,15.688,15.994,16.824
12.904,13.056,12.593,14.056,14.318,14.589,15.340,14.780,15.913,16.322,16.078,13.148,12.586,9.078,8.397,7.699,5.607,0.000,6.063,7.625,10.996,11.784,14.852,15.566,15.634,16.019
12.431,12.084,11.139,12.749,12.707,12.914,13.831,13.128,14.881,15.202,14.554,11.593,11.375,8.546,8.137,8.266,7.820,6.063,0.000,5.981,9.029,10.336,13.166,14.625,15.748,16.158
12.955,12.577,11.271,12.824,12.461,12.737,13.626,12.186,14.024,14.222,13.844,10.677,10.485,8.995,7.875,8.960,9.192,7.625,5.981,0.000,6.554,7.604,10.161,11.828,13.652,14.833
12.744,11.983,10.091,10.933,10.458,9.896,10.400,8.475,9.958,10.256,9.966,6.687,8.469,8.299,8.887,11.171,11.854,10.996,9.029,6.554,0.000,6.385,7.281,8.955,11.370,12.735
14.429,13.958,12.706,13.960,13.404,13.394,13.287,11.004,12.431,11.428,10.436,8.629,7.844,8.863,8.508,10.440,11.746,11.784,10.336,7.604,6.385,0.000,6.715,8.209,10.100,11.672
15.365,14.674,13.507,14.283,13.615,13.158,12.519,9.963,10.706,9.805,9.809,8.803,10.161,11.701,11.755,13.740,15.088,14.852,13.166,10.161,7.281,6.715,0.000,6.612,7.811,9.549
15.906,15.562,14.679,15.452,14.819,14.260,13.520,11.600,11.494,10.401,10.610,10.525,11.104,12.932,13.262,14.665,15.688,15.566,14.625,11.828,8.955,8.209,6.612,0.000,6.977,8.382
16.281,16.037,15.399,16.037,15.670,15.318,14.828,13.231,12.834,12.183,12.319,12.769,13.395,15.078,14.910,15.582,15.994,15.634,15.748,13.652,11.370,10.100,7.811,6.977,0.000,7.207
16.303,16.096,15.575,15.965,15.454,15.147,14.654,13.464,13.136,12.832,13.217,13.876,14.752,16.097,16.256,16.197,16.824,16.019,16.158,14.833,12.735,11.672,9.549,8.382,7.207,0.000