c1,c2,c3,c4,c5,c6,c7,c8,c9,c10,c11,c12,c13,c14,c15,c16,c17,c18,c19,c20,c21,c22,c23,c24,c25,c26
0.000,6.130,7.864,10.317,12.859,14.399,14.236,15.252,14.593,15.500,15.648,14.661,15.272,14.845,14.088,13.544,13.121,11.153,12.312,13.092,13.447,14.476,15.334,15.803,15.844,15.834
6.130,0.000,5.901,8.076,10.537,12.545,12.801,14.666,14.163,15.379,15.541,14.409,15.512,14.928,14.137,13.780,12.942,10.362,11.382,11.999,12.052,13.605,14.517,15.367,15.458,15.513
7.864,5.901,0.000,5.971,8.493,9.239,9.720,12.194,12.241,13.685,14.046,13.211,14.551,14.242,13.427,13.059,12.053,8.904,10.015,10.445,10.641,12.394,13.565,14.639,15.292,15.451
10.317,8.076,5.971,0.000,6.068,7.416,7.915,11.129,12.771,14.463,15.003,14.250,15.733,15.534,14.747,15.082,14.138,11.365,12.753,12.581,12.220,13.718,14.458,15.406,15.764,15.918
12.859,10.537,8.493,6.068,0.000,5.738,7.273,9.417,11.425,13.611,14.699,13.980,15.289,15.305,14.572,15.379,14.357,12.208,13.466,13.222,12.673,13.997,14.483,15.264,15.771,15.937
14.399,12.545,9.239,7.416,5.738,0.000,5.902,8.021,10.480,12.274,14.198,13.708,15.274,15.196,14.544,15.522,14.540,12.910,14.102,13.910,12.599,13.753,14.252,14.976,15.492,15.825
14.236,12.801,9.720,7.915,7.273,5.902,0.000,5.963,7.632,9.775,11.365,11.647,14.133,14.466,14.001,14.784,14.054,12.335,13.433,13.410,11.778,13.221,13.734,14.601,15.219,15.563
15.252,14.666,12.194,11.129,9.417,8.021,5.963,0.000,6.045,7.542,9.902,10.167,13.416,14.276,14.232,14.896,14.245,12.960,14.094,14.161,12.402,13.754,14.198,14.731,15.364,15.690
14.593,14.163,12.241,12.771,11.425,10.480,7.632,6.045,0.000,6.098,7.687,7.541,10.779,12.284,12.918,13.732,13.322,11.800,12.958,13.111,11.395,12.895,13.573,14.179,14.967,15.482
15.500,15.379,13.685,14.463,13.611,12.274,9.775,7.542,6.098,0.000,5.912,7.909,10.469,12.494,13.659,14.882,14.531,13.505,14.578,14.787,13.286,14.495,15.026,15.155,15.472,15.688
15.648,15.541,14.046,15.003,14.699,14.198,11.365,9.902,7.687,5.912,0.000,6.588,8.148,10.862,12.088,13.873,13.879,13.211,14.116,14.455,13.158,14.578,15.353,15.488,15.796,15.984
14.661,14.409,13.211,14.250,13.980,13.708,11.647,10.167,7.541,7.909,6.588,0.000,6.624,8.225,9.302,10.993,11.515,11.000,12.158,12.374,11.494,12.798,14.163,14.850,15.356,15.813
15.272,15.512,14.551,15.733,15.289,15.274,14.133,13.416,10.779,10.469,8.148,6.624,0.000,6.460,8.217,10.207,11.022,11.610,12.863,13.148,12.498,13.793,15.042,15.646,16.036,16.263
14.845,14.928,14.242,15.534,15.305,15.196,14.466,14.276,12.284,12.494,10.862,8.225,6.460,0.000,6.852,7.999,9.449,10.062,11.416,12.234,12.134,13.372,14.712,15.434,16.269,16.572
14.088,14.137,13.427,14.747,14.572,14.544,14.001,14.232,12.918,13.659,12.088,9.302,8.217,6.852,0.000,6.400,7.643,8.127,9.177,10.695,11.466,12.206,13.560,14.401,15.482,15.999
13.544,13.780,13.059,15.082,15.379,15.522,14.784,14.896,13.732,14.882,13.873,10.993,10.207,7.999,6.400,0.000,6.029,8.100,8.899,9.939,11.427,12.697,13.325,14.244,15.640,16.144
13.121,12.942,12.053,14.138,14.357,14.540,14.054,14.245,13.322,14.531,13.879,11.515,11.022,9.449,7.643,6.029,0.000,5.887,7.790,8.840,9.887,11.803,13.332,13.646,14.712,15.637
11.153,10.362,8.904,11.365,12.208,12.910,12.335,12.960,11.800,13.505,13.211,11.000,11.610,10.062,8.127,8.100,5.887,0.000,5.842,7.499,8.025,9.501,12.245,13.304,13.696,14.229
12.312,11.382,10.015,12.753,13.466,14.102,13.433,14.094,12.958,14.578,14.116,12.158,12.863,11.416,9.177,8.899,7.790,5.842,0.000,5.849,7.706,8.146,10.172,12.729,13.969,13.767
13.092,11.999,10.445,12.581,13.222,13.910,13.410,14.161,13.111,14.787,14.455,12.374,13.148,12.234,10.695,9.939,8.840,7.499,5.849,0.000,5.826,7.515,8.660,10.702,13.136,13.548
13.447,12.052,10.641,12.220,12.673,12.599,11.778,12.402,11.395,13.286,13.158,11.494,12.498,12.134,11.466,11.427,9.887,8.025,7.706,5.826,0.000,5.787,7.526,8.772,10.922,12.224
14.476,13.605,12.394,13.718,13.997,13.753,13.221,13.754,12.895,14.495,14.578,12.798,13.793,13.372,12.206,12.697,11.803,9.501,8.146,7.515,5.787,0.000,5.707,7.644,9.133,10.182
15.334,14.517,13.565,14.458,14.483,14.252,13.734,14.198,13.573,15.026,15.353,14.163,15.042,14.712,13.560,13.325,13.332,12.245,10.172,8.660,7.526,5.707,0.000,5.721,7.662,8.491
15.803,15.367,14.639,15.406,15.264,14.976,14.601,14.731,14.179,15.155,15.488,14.850,15.646,15.434,14.401,14.244,13.646,13.304,12.729,10.702,8.772,7.644,5.721,0.000,5.820,8.029
15.844,15.458,15.292,15.764,15.771,15.492,15.219,15.364,14.967,15.472,15.796,15.356,16.036,16.269,15.482,15.640,14.712,13.696,13.969,13.136,10.922,9.133,7.662,5.820,0.000,6.394
15.834,15.513,15.451,15.918,15.937,15.825,15.563,15.690,15.482,15.688,15.984,15.813,16.263,16.572,15.999,16.144,15.637,14.229,13.767,13.548,12.224,10.182,8.491,8.029,6.394,0.000