c1,c2,c3,c4,c5,c6,c7,c8,c9,c10,c11,c12,c13,c14,c15,c16,c17,c18,c19,c20,c21,c22,c23,c24,c25,c26
0.000,5.961,7.709,9.871,12.222,13.740,14.655,15.358,15.371,15.896,15.907,15.896,16.157,15.935,15.852,15.584,15.262,14.875,14.999,15.057,14.804,15.095,15.362,15.113,15.296,15.410
5.961,0.000,5.724,7.942,10.378,12.306,13.384,14.808,14.628,15.093,15.335,15.283,15.747,15.456,15.491,15.486,14.884,14.417,14.606,14.710,14.151,14.576,14.856,14.730,14.854,15.143
7.709,5.724,0.000,5.809,8.259,9.285,10.866,12.860,13.244,13.816,14.340,14.473,15.381,15.399,15.438,15.210,14.787,14.340,14.335,14.150,13.735,14.319,14.713,14.656,15.038,15.330
9.871,7.942,5.809,0.000,5.806,7.491,8.576,11.206,12.673,13.682,14.439,14.418,15.639,15.615,15.774,15.848,15.207,15.005,15.148,14.558,14.020,14.617,14.896,14.817,15.124,15.555
12.222,10.378,8.259,5.806,0.000,5.688,7.272,8.794,10.450,11.928,13.232,13.227,14.706,15.118,15.242,15.299,14.608,14.536,14.774,14.057,13.280,14.074,14.141,13.982,14.594,15.067
13.740,12.306,9.285,7.491,5.688,0.000,5.747,7.757,9.945,11.429,13.386,13.197,15.230,15.470,15.649,15.488,14.723,14.758,15.078,14.151,13.154,14.007,14.481,14.464,14.891,15.419
14.655,13.384,10.866,8.576,7.272,5.747,0.000,5.817,7.336,9.257,10.979,11.602,14.197,14.643,14.877,14.593,13.989,14.218,14.618,13.493,12.702,13.962,14.253,14.454,14.985,15.277
15.358,14.808,12.860,11.206,8.794,7.757,5.817,0.000,5.896,7.553,9.685,9.694,13.063,13.799,14.279,13.805,13.287,13.736,14.331,13.824,13.082,14.602,14.892,14.913,15.422,15.731
15.371,14.628,13.244,12.673,10.450,9.945,7.336,5.896,0.000,5.915,7.554,6.907,10.610,11.672,12.494,12.086,11.585,12.098,12.747,12.806,12.809,13.869,14.393,14.585,15.145,15.527
15.896,15.093,13.816,13.682,11.928,11.429,9.257,7.553,5.915,0.000,5.789,7.784,10.221,11.775,13.181,13.072,12.606,13.346,14.369,14.348,14.620,16.054,16.234,16.178,16.383,16.477
15.907,15.335,14.340,14.439,13.232,13.386,10.979,9.685,7.554,5.789,0.000,6.149,8.369,10.266,11.440,11.843,12.205,12.748,13.448,13.983,14.588,15.949,16.536,16.398,16.616,16.737
15.896,15.283,14.473,14.418,13.227,13.197,11.602,9.694,6.907,7.784,6.149,0.000,6.438,8.207,8.867,9.021,9.866,10.739,11.202,11.740,12.822,14.186,14.865,15.658,16.058,16.361
16.157,15.747,15.381,15.639,14.706,15.230,14.197,13.063,10.610,10.221,8.369,6.438,0.000,6.176,7.691,8.560,9.641,10.833,11.749,12.225,13.263,14.674,15.533,16.497,17.428,17.117
15.935,15.456,15.399,15.615,15.118,15.470,14.643,13.799,11.672,11.775,10.266,8.207,6.176,0.000,6.564,7.929,8.434,9.148,10.989,11.874,11.943,13.289,14.977,15.828,16.720,17.304
15.852,15.491,15.438,15.774,15.242,15.649,14.877,14.279,12.494,13.181,11.440,8.867,7.691,6.564,0.000,6.469,7.876,7.734,8.322,10.787,11.719,11.671,13.125,15.083,15.988,16.715
15.584,15.486,15.210,15.848,15.299,15.488,14.593,13.805,12.086,13.072,11.843,9.021,8.560,7.929,6.469,0.000,6.046,7.774,7.279,7.963,10.563,11.522,11.437,13.088,15.258,15.968
15.262,14.884,14.787,15.207,14.608,14.723,13.989,13.287,11.585,12.606,12.205,9.866,9.641,8.434,7.876,6.046,0.000,5.764,7.667,6.876,7.621,10.465,11.449,11.481,13.389,15.293
14.875,14.417,14.340,15.005,14.536,14.758,14.218,13.736,12.098,13.346,12.748,10.739,10.833,9.148,7.734,7.774,5.764,0.000,5.707,7.519,6.480,7.320,10.271,11.424,11.797,13.406
14.999,14.606,14.335,15.148,14.774,15.078,14.618,14.331,12.747,14.369,13.448,11.202,11.749,10.989,8.322,7.279,7.667,5.707,0.000,5.635,7.488,6.592,7.383,10.375,11.723,12.127
15.057,14.710,14.150,14.558,14.057,14.151,13.493,13.824,12.806,14.348,13.983,11.740,12.225,11.874,10.787,7.963,6.876,7.519,5.635,0.000,5.603,7.528,6.665,7.632,10.629,11.791
14.804,14.151,13.735,14.020,13.280,13.154,12.702,13.082,12.809,14.620,14.588,12.822,13.263,11.943,11.719,10.563,7.621,6.480,7.488,5.603,0.000,5.571,7.492,6.689,8.211,10.335
15.095,14.576,14.319,14.617,14.074,14.007,13.962,14.602,13.869,16.054,15.949,14.186,14.674,13.289,11.671,11.522,10.465,7.320,6.592,7.528,5.571,0.000,5.637,7.555,7.449,8.673
15.362,14.856,14.713,14.896,14.141,14.481,14.253,14.892,14.393,16.234,16.536,14.865,15.533,14.977,13.125,11.437,11.449,10.271,7.383,6.665,7.492,5.637,0.000,5.764,7.592,7.938
15.113,14.730,14.656,14.817,13.982,14.464,14.454,14.913,14.585,16.178,16.398,15.658,16.497,15.828,15.083,13.088,11.481,11.424,10.375,7.632,6.689,7.555,5.764,0.000,5.812,7.767
15.296,14.854,15.038,15.124,14.594,14.891,14.985,15.422,15.145,16.383,16.616,16.058,17.428,16.720,15.988,15.258,13.389,11.797,11.723,10.629,8.211,7.449,7.592,5.812,0.000,6.064
15.410,15.143,15.330,15.555,15.067,15.419,15.277,15.731,15.527,16.477,16.737,16.361,17.117,17.304,16.715,15.968,15.293,13.406,12.127,11.791,10.335,8.673,7.938,7.767,6.064,0.000