c1,c2,c3,c4,c5,c6,c7,c8,c9,c10,c11,c12,c13,c14,c15,c16,c17,c18,c19,c20,c21,c22,c23,c24,c25,c26
0.000,5.890,7.269,7.402,8.291,9.884,10.983,11.653,12.730,14.169,15.422,16.399,17.563,17.557,17.470,17.468,17.264,17.070,17.327,17.318,17.264,17.110,16.676,16.594,16.279,15.557
5.890,0.000,5.557,7.400,6.619,7.127,9.825,10.955,10.676,12.273,14.594,15.197,15.781,17.626,17.441,17.390,17.290,17.076,17.178,17.212,17.090,16.893,16.245,16.172,15.766,14.686
7.269,5.557,0.000,5.465,7.325,6.246,7.230,9.941,10.730,10.760,12.797,14.820,15.277,16.311,18.168,17.859,17.441,17.378,17.543,17.522,17.450,17.335,16.815,16.790,16.420,15.198
7.402,7.400,5.465,0.000,5.429,7.433,6.322,7.168,9.864,10.867,11.022,12.828,14.928,15.755,16.647,18.465,17.346,17.054,17.835,17.797,17.543,17.337,16.727,16.475,16.388,15.152
8.291,6.619,7.325,5.429,0.000,5.416,7.446,6.180,6.637,9.775,10.987,10.846,12.612,14.986,15.763,16.808,17.884,16.818,17.914,17.767,16.962,16.855,15.741,15.071,14.989,14.098
9.884,7.127,6.246,7.433,5.416,0.000,5.391,7.336,5.824,6.542,9.817,10.829,10.756,12.702,14.938,16.051,16.129,17.518,17.718,17.744,16.879,17.144,16.266,15.610,15.189,14.703
10.983,9.825,7.230,6.322,7.446,5.391,0.000,5.346,7.362,5.875,6.617,9.862,10.946,10.998,12.937,15.396,15.429,15.900,17.911,17.533,17.551,17.348,16.824,16.547,16.358,15.622
11.653,10.955,9.941,7.168,6.180,7.336,5.346,0.000,5.361,7.366,5.967,6.623,9.878,11.087,11.218,13.560,14.610,14.981,16.255,17.602,16.975,16.931,16.050,16.030,15.872,15.566
12.730,10.676,10.730,9.864,6.637,5.824,7.362,5.361,0.000,5.365,7.379,5.926,6.631,9.909,11.222,12.147,12.921,14.442,15.843,16.543,17.057,16.465,15.716,15.284,15.122,15.188
14.169,12.273,10.760,10.867,9.775,6.542,5.875,7.366,5.365,0.000,5.387,7.422,6.141,6.994,10.165,11.772,11.384,12.842,15.131,16.067,17.176,17.166,16.057,16.290,16.303,16.178
15.422,14.594,12.797,11.022,10.987,9.817,6.617,5.967,7.379,5.387,0.000,5.449,7.482,6.502,7.508,10.509,11.022,11.144,13.054,15.045,16.970,16.524,15.494,16.176,16.574,16.100
16.399,15.197,14.820,12.828,10.846,10.829,9.862,6.623,5.926,7.422,5.449,0.000,5.459,7.573,6.779,8.784,10.275,10.936,11.903,13.437,16.017,15.633,14.953,15.998,16.150,15.894
17.563,15.781,15.277,14.928,12.612,10.756,10.946,9.878,6.631,6.141,7.482,5.459,0.000,5.519,7.572,7.870,8.201,10.380,11.817,12.512,15.211,15.325,14.752,15.810,16.342,15.985
17.557,17.626,16.311,15.755,14.986,12.702,10.998,11.087,9.909,6.994,6.502,7.573,5.519,0.000,5.743,7.436,6.804,8.002,10.423,11.790,14.879,14.483,14.157,15.508,16.342,16.042
17.470,17.441,18.168,16.647,15.763,14.938,12.937,11.218,11.222,10.165,7.508,6.779,7.572,5.743,0.000,5.634,7.435,6.629,7.765,10.453,13.508,13.997,13.403,14.803,15.936,15.757
17.468,17.390,17.859,18.465,16.808,16.051,15.396,13.560,12.147,11.772,10.509,8.784,7.870,7.436,5.634,0.000,5.576,7.439,7.169,8.032,11.569,12.437,12.395,14.203,15.493,15.844
17.264,17.290,17.441,17.346,17.884,16.129,15.429,14.610,12.921,11.384,11.022,10.275,8.201,6.804,7.435,5.576,0.000,5.500,7.599,7.574,10.894,10.912,11.638,13.526,14.720,15.234
17.070,17.076,17.378,17.054,16.818,17.518,15.900,14.981,14.442,12.842,11.144,10.936,10.380,8.002,6.629,7.439,5.500,0.000,5.526,7.720,10.524,10.932,11.089,13.111,14.187,14.454
17.327,17.178,17.543,17.835,17.914,17.718,17.911,16.255,15.843,15.131,13.054,11.903,11.817,10.423,7.765,7.169,7.599,5.526,0.000,5.711,8.733,10.361,10.575,12.314,14.029,15.014
17.318,17.212,17.522,17.797,17.767,17.744,17.533,17.602,16.543,16.067,15.045,13.437,12.512,11.790,10.453,8.032,7.574,7.720,5.711,0.000,5.811,7.225,8.056,10.150,12.310,13.652
17.264,17.090,17.450,17.543,16.962,16.879,17.551,16.975,17.057,17.176,16.970,16.017,15.211,14.879,13.508,11.569,10.894,10.524,8.733,5.811,0.000,5.710,7.128,8.233,10.571,12.493
17.110,16.893,17.335,17.337,16.855,17.144,17.348,16.931,16.465,17.166,16.524,15.633,15.325,14.483,13.997,12.437,10.912,10.932,10.361,7.225,5.710,0.000,5.685,7.768,9.884,11.863
16.676,16.245,16.815,16.727,15.741,16.266,16.824,16.050,15.716,16.057,15.494,14.953,14.752,14.157,13.403,12.395,11.638,11.089,10.575,8.056,7.128,5.685,0.000,5.727,7.603,9.379
16.594,16.172,16.790,16.475,15.071,15.610,16.547,16.030,15.284,16.290,16.176,15.998,15.810,15.508,14.803,14.203,13.526,13.111,12.314,10.150,8.233,7.768,5.727,0.000,5.677,7.898
16.279,15.766,16.420,16.388,14.989,15.189,16.358,15.872,15.122,16.303,16.574,16.150,16.342,16.342,15.936,15.493,14.720,14.187,14.029,12.310,10.571,9.884,7.603,5.677,0.000,6.076
15.557,14.686,15.198,15.152,14.098,14.703,15.622,15.566,15.188,16.178,16.100,15.894,15.985,16.042,15.757,15.844,15.234,14.454,15.014,13.652,12.493,11.863,9.379,7.898,6.076,0.000