c1,c2,c3,c4,c5,c6,c7,c8,c9,c10,c11,c12,c13,c14,c15,c16,c17,c18,c19,c20,c21,c22,c23,c24,c25,c26
0.000,5.804,7.365,8.380,9.544,11.332,12.220,11.889,12.966,14.797,15.508,15.815,17.278,16.937,16.311,15.773,16.488,16.397,16.620,16.460,15.844,16.529,16.701,15.753,15.410,15.742
5.804,0.000,5.601,7.327,7.563,8.786,10.821,11.280,11.187,13.022,14.750,14.947,16.240,17.627,16.646,16.261,16.184,16.232,16.573,16.181,15.170,16.118,16.482,15.507,14.989,15.491
7.365,5.601,0.000,5.525,7.345,7.311,8.116,9.889,10.725,11.248,12.753,14.383,15.544,16.492,17.458,16.441,16.281,16.142,16.890,16.303,15.415,16.307,16.681,15.769,15.612,15.953
8.380,7.327,5.525,0.000,5.463,7.533,7.002,7.325,9.804,11.249,11.260,12.402,15.166,16.086,16.484,17.508,16.509,16.263,17.018,16.174,14.700,15.983,16.509,15.544,15.407,16.024
9.544,7.563,7.345,5.463,0.000,5.454,7.128,6.416,7.199,10.012,11.073,11.191,13.274,15.424,15.895,16.292,17.098,16.094,16.516,15.389,13.984,15.129,15.761,14.897,14.732,15.666
11.332,8.786,7.311,7.533,5.454,0.000,5.418,7.442,6.318,7.103,10.159,11.192,11.792,13.655,15.464,15.666,15.798,17.016,16.775,15.917,14.519,15.472,16.245,15.584,15.394,16.061
12.220,10.821,8.116,7.002,7.128,5.418,0.000,5.410,7.441,6.319,7.161,10.157,11.769,12.297,13.811,15.285,15.226,15.841,17.783,16.328,15.236,16.259,16.964,16.269,16.210,16.366
11.889,11.280,9.889,7.325,6.416,7.442,5.410,0.000,5.441,7.449,6.466,7.147,10.548,11.963,12.217,13.132,14.158,14.762,15.860,16.665,14.917,15.722,16.373,15.886,15.900,16.242
12.966,11.187,10.725,9.804,7.199,6.318,7.441,5.441,0.000,5.473,7.556,6.443,8.115,10.816,11.845,11.630,12.427,14.093,15.082,15.340,16.354,15.148,16.229,15.736,15.822,16.251
14.797,13.022,11.248,11.249,10.012,7.103,6.319,7.449,5.473,0.000,5.567,7.633,7.643,9.008,11.188,11.713,11.341,12.699,14.852,15.242,15.766,17.493,17.311,16.985,16.911,16.845
15.508,14.750,12.753,11.260,11.073,10.159,7.161,6.466,7.556,5.567,0.000,5.714,7.819,7.976,8.892,10.747,11.036,11.136,13.085,14.590,15.196,16.288,17.944,17.303,17.199,17.146
15.815,14.947,14.383,12.402,11.191,11.192,10.157,7.147,6.443,7.633,5.714,0.000,5.803,7.839,7.720,8.339,9.846,10.523,11.282,12.638,14.326,15.370,16.406,17.441,16.998,17.193
17.278,16.240,15.544,15.166,13.274,11.792,11.769,10.548,8.115,7.643,7.819,5.803,0.000,5.852,7.504,7.482,7.699,9.697,10.953,11.365,12.845,14.635,15.811,16.758,17.926,17.264
16.937,17.627,16.492,16.086,15.424,13.655,12.297,11.963,10.816,9.008,7.976,7.839,5.852,0.000,5.967,8.016,7.029,7.136,10.035,11.161,11.164,12.739,15.125,15.992,16.655,17.451
16.311,16.646,17.458,16.484,15.895,15.464,13.811,12.217,11.845,11.188,8.892,7.720,7.504,5.967,0.000,5.858,7.492,6.253,7.076,10.071,11.017,11.109,13.162,15.301,16.094,16.728
15.773,16.261,16.441,17.508,16.292,15.666,15.285,13.132,11.630,11.713,10.747,8.339,7.482,8.016,5.858,0.000,5.713,7.553,6.253,6.950,10.054,11.068,11.484,13.332,15.448,16.182
16.488,16.184,16.281,16.509,17.098,15.798,15.226,14.158,12.427,11.341,11.036,9.846,7.699,7.029,7.492,5.713,0.000,5.547,7.533,6.107,6.909,10.024,11.358,11.690,13.326,15.065
16.397,16.232,16.142,16.263,16.094,17.016,15.841,14.762,14.093,12.699,11.136,10.523,9.697,7.136,6.253,7.553,5.547,0.000,5.450,7.422,6.067,6.880,10.220,11.438,11.867,13.374
16.620,16.573,16.890,17.018,16.516,16.775,17.783,15.860,15.082,14.852,13.085,11.282,10.953,10.035,7.076,6.253,7.533,5.450,0.000,5.443,7.452,6.090,7.461,10.427,11.819,12.639
16.460,16.181,16.303,16.174,15.389,15.917,16.328,16.665,15.340,15.242,14.590,12.638,11.365,11.161,10.071,6.950,6.107,7.422,5.443,0.000,5.427,7.450,6.785,8.062,10.498,11.887
15.844,15.170,15.415,14.700,13.984,14.519,15.236,14.917,16.354,15.766,15.196,14.326,12.845,11.164,11.017,10.054,6.909,6.067,7.452,5.427,0.000,5.464,7.448,6.716,7.990,9.898
16.529,16.118,16.307,15.983,15.129,15.472,16.259,15.722,15.148,17.493,16.288,15.370,14.635,12.739,11.109,11.068,10.024,6.880,6.090,7.450,5.464,0.000,5.391,7.539,7.595,8.908
16.701,16.482,16.681,16.509,15.761,16.245,16.964,16.373,16.229,17.311,17.944,16.406,15.811,15.125,13.162,11.484,11.358,10.220,7.461,6.785,7.448,5.391,0.000,5.438,7.493,8.436
15.753,15.507,15.769,15.544,14.897,15.584,16.269,15.886,15.736,16.985,17.303,17.441,16.758,15.992,15.301,13.332,11.690,11.438,10.427,8.062,6.716,7.539,5.438,0.000,5.551,7.834
15.410,14.989,15.612,15.407,14.732,15.394,16.210,15.900,15.822,16.911,17.199,16.998,17.926,16.655,16.094,15.448,13.326,11.867,11.819,10.498,7.990,7.595,7.493,5.551,0.000,5.783
15.742,15.491,15.953,16.024,15.666,16.061,16.366,16.242,16.251,16.845,17.146,17.193,17.264,17.451,16.728,16.182,15.065,13.374,12.639,11.887,9.898,8.908,8.436,7.834,5.783,0.000