c1,c2,c3,c4,c5,c6,c7,c8,c9,c10,c11,c12,c13,c14,c15,c16,c17,c18,c19,c20,c21,c22,c23,c24,c25,c26
0.000,5.982,7.640,10.767,13.332,16.225,16.994,16.168,14.948,14.387,13.151,11.186,11.227,10.934,11.404,11.500,12.471,12.111,13.785,14.230,15.181,15.587,15.748,15.056,15.187,14.797
5.982,0.000,5.860,7.521,10.529,13.572,14.784,14.250,13.140,12.542,11.681,9.899,10.386,11.115,12.024,12.135,12.891,12.010,13.832,14.005,15.039,15.533,15.668,14.803,14.759,13.960
7.640,5.860,0.000,5.903,7.542,10.533,12.052,12.497,11.303,10.533,9.664,7.804,9.487,10.561,12.008,12.241,13.063,11.578,13.515,13.405,14.534,14.924,14.858,13.819,13.705,12.572
10.767,7.521,5.903,0.000,5.977,8.013,9.659,10.056,9.851,9.563,9.406,8.957,10.572,12.350,13.577,13.720,14.348,12.872,14.399,13.871,14.648,14.955,14.492,13.404,13.284,11.593
13.332,10.529,7.542,5.977,0.000,5.784,6.228,8.031,7.507,7.627,8.573,8.770,11.019,13.086,14.443,14.615,15.074,13.249,14.240,13.023,13.394,13.717,12.816,11.741,11.373,10.489
16.225,13.572,10.533,8.013,5.784,0.000,5.656,8.092,9.208,9.851,10.748,11.659,13.341,14.991,15.644,16.005,16.383,14.788,15.743,14.297,14.225,14.431,13.609,13.080,12.319,11.638
16.994,14.784,12.052,9.659,6.228,5.656,0.000,5.658,7.196,8.668,9.849,11.465,13.364,15.232,15.788,15.885,16.016,14.816,15.557,14.705,14.645,15.063,14.551,14.000,13.415,12.399
16.168,14.250,12.497,10.056,8.031,8.092,5.658,0.000,6.067,7.381,9.393,11.692,13.829,15.837,16.090,15.856,16.120,15.095,15.932,15.106,15.142,15.743,14.932,14.608,14.754,14.127
14.948,13.140,11.303,9.851,7.507,9.208,7.196,6.067,0.000,6.136,8.002,9.872,12.024,14.636,15.855,15.329,15.516,14.614,15.480,14.694,15.023,15.396,15.170,14.806,15.142,14.509
14.387,12.542,10.533,9.563,7.627,9.851,8.668,7.381,6.136,0.000,6.744,8.235,10.183,12.776,14.862,14.756,15.079,13.955,15.140,14.614,14.977,15.397,15.310,14.746,15.151,14.830
13.151,11.681,9.664,9.406,8.573,10.748,9.849,9.393,8.002,6.744,0.000,6.885,7.861,10.337,12.438,12.993,14.235,12.983,14.332,14.333,15.067,15.489,15.838,15.223,15.864,15.224
11.186,9.899,7.804,8.957,8.770,11.659,11.465,11.692,9.872,8.235,6.885,0.000,6.822,8.169,10.646,10.927,12.639,11.825,14.037,14.278,15.223,15.689,15.786,15.138,15.706,15.301
11.227,10.386,9.487,10.572,11.019,13.341,13.364,13.829,12.024,10.183,7.861,6.822,0.000,6.715,7.981,8.378,10.484,10.747,13.541,14.424,15.562,16.267,16.113,15.493,16.106,15.696
10.934,11.115,10.561,12.350,13.086,14.991,15.232,15.837,14.636,12.776,10.337,8.169,6.715,0.000,6.491,7.657,9.965,10.789,13.887,15.316,16.169,16.561,16.240,15.741,16.308,15.956
11.404,12.024,12.008,13.577,14.443,15.644,15.788,16.090,15.855,14.862,12.438,10.646,7.981,6.491,0.000,6.512,8.368,9.654,12.414,14.461,16.019,16.409,15.390,15.388,16.102,15.874
11.500,12.135,12.241,13.720,14.615,16.005,15.885,15.856,15.329,14.756,12.993,10.927,8.378,7.657,6.512,0.000,6.407,7.673,10.245,12.393,14.775,15.757,14.763,14.231,15.478,15.414
12.471,12.891,13.063,14.348,15.074,16.383,16.016,16.120,15.516,15.079,14.235,12.639,10.484,9.965,8.368,6.407,0.000,6.166,7.768,10.505,12.709,14.143,14.104,13.143,14.743,15.102
12.111,12.010,11.578,12.872,13.249,14.788,14.816,15.095,14.614,13.955,12.983,11.825,10.747,10.789,9.654,7.673,6.166,0.000,6.180,7.477,10.087,11.517,11.506,11.000,13.041,13.418
13.785,13.832,13.515,14.399,14.240,15.743,15.557,15.932,15.480,15.140,14.332,14.037,13.541,13.887,12.414,10.245,7.768,6.180,0.000,5.995,9.084,10.240,10.802,11.094,13.190,13.949
14.230,14.005,13.405,13.871,13.023,14.297,14.705,15.106,14.694,14.614,14.333,14.278,14.424,15.316,14.461,12.393,10.505,7.477,5.995,0.000,6.722,7.337,7.463,7.610,10.428,11.484
15.181,15.039,14.534,14.648,13.394,14.225,14.645,15.142,15.023,14.977,15.067,15.223,15.562,16.169,16.019,14.775,12.709,10.087,9.084,6.722,0.000,6.424,7.161,7.407,10.125,11.670
15.587,15.533,14.924,14.955,13.717,14.431,15.063,15.743,15.396,15.397,15.489,15.689,16.267,16.561,16.409,15.757,14.143,11.517,10.240,7.337,6.424,0.000,5.770,7.481,9.356,11.222
15.748,15.668,14.858,14.492,12.816,13.609,14.551,14.932,15.170,15.310,15.838,15.786,16.113,16.240,15.390,14.763,14.104,11.506,10.802,7.463,7.161,5.770,0.000,5.965,7.636,10.009
15.056,14.803,13.819,13.404,11.741,13.080,14.000,14.608,14.806,14.746,15.223,15.138,15.493,15.741,15.388,14.231,13.143,11.000,11.094,7.610,7.407,7.481,5.965,0.000,5.986,8.035
15.187,14.759,13.705,13.284,11.373,12.319,13.415,14.754,15.142,15.151,15.864,15.706,16.106,16.308,16.102,15.478,14.743,13.041,13.190,10.428,10.125,9.356,7.636,5.986,0.000,6.537
14.797,13.960,12.572,11.593,10.489,11.638,12.399,14.127,14.509,14.830,15.224,15.301,15.696,15.956,15.874,15.414,15.102,13.418,13.949,11.484,11.670,11.222,10.009,8.035,6.537,0.000