c1,c2,c3,c4,c5,c6,c7,c8,c9,c10,c11,c12,c13,c14,c15,c16,c17,c18,c19,c20,c21,c22,c23,c24,c25,c26
0.000,6.158,7.653,9.300,10.790,12.672,13.820,13.656,14.080,15.126,15.898,16.211,17.310,16.923,16.825,16.308,16.495,16.207,16.033,15.579,15.415,15.244,15.075,15.216,14.950,15.336
6.158,0.000,5.736,7.722,8.151,10.129,12.178,13.348,12.776,13.539,14.943,14.964,16.214,17.141,16.682,15.909,16.110,15.822,15.597,14.895,14.511,14.398,14.329,14.637,14.462,15.026
7.653,5.736,0.000,5.620,7.303,8.724,10.701,13.176,13.604,13.431,14.458,15.156,16.230,16.712,17.575,16.308,16.530,16.211,15.741,15.445,14.981,15.030,14.796,15.124,14.832,15.246
9.300,7.722,5.620,0.000,5.671,7.445,9.002,10.865,12.889,14.255,13.759,14.357,15.916,16.335,16.615,16.902,16.241,15.827,15.270,14.855,14.267,14.531,14.184,14.879,14.671,15.248
10.790,8.151,7.303,5.671,0.000,5.731,7.112,8.190,9.155,12.430,13.707,13.155,14.704,15.985,16.085,15.788,16.517,15.240,14.293,13.877,12.236,13.262,12.631,13.740,13.646,14.550
12.672,10.129,8.724,7.445,5.731,0.000,5.679,7.824,8.763,10.643,13.445,13.360,14.260,15.094,15.780,15.148,15.567,16.141,14.657,14.383,13.098,13.866,13.371,14.266,14.419,15.222
13.820,12.178,10.701,9.002,7.112,5.679,0.000,5.752,7.312,8.594,10.273,11.450,13.782,14.549,14.898,14.793,15.254,15.335,14.935,13.388,11.604,12.917,12.650,13.628,14.009,14.873
13.656,13.348,13.176,10.865,8.190,7.824,5.752,0.000,5.823,7.614,9.097,9.579,12.797,14.291,14.051,13.697,14.640,14.658,14.164,14.361,11.956,13.067,13.315,13.475,13.745,14.582
14.080,12.776,13.604,12.889,9.155,8.763,7.312,5.823,0.000,5.824,7.532,7.100,9.719,12.129,12.962,12.902,13.381,13.493,12.628,12.968,12.189,12.645,12.719,13.467,14.234,14.806
15.126,13.539,13.431,14.255,12.430,10.643,8.594,7.614,5.824,0.000,5.598,7.951,9.447,11.670,13.183,13.543,13.622,13.979,13.726,13.938,13.600,15.133,13.944,13.751,13.800,14.591
15.898,14.943,14.458,13.759,13.707,13.445,10.273,9.097,7.532,5.598,0.000,6.048,7.654,9.698,10.549,12.243,13.135,13.011,12.538,13.057,13.121,14.210,14.705,13.864,14.667,15.430
16.211,14.964,15.156,14.357,13.155,13.360,11.450,9.579,7.100,7.951,6.048,0.000,6.183,8.318,8.924,9.641,11.334,11.735,10.775,11.414,11.938,13.584,13.522,14.809,15.099,15.770
17.310,16.214,16.230,15.916,14.704,14.260,13.782,12.797,9.719,9.447,7.654,6.183,0.000,6.075,7.426,8.672,9.819,11.501,11.669,11.630,12.949,14.601,14.491,15.032,16.746,16.751
16.923,17.141,16.712,16.335,15.985,15.094,14.549,14.291,12.129,11.670,9.698,8.318,6.075,0.000,6.216,8.087,8.917,9.851,11.258,12.164,13.124,14.489,14.857,15.569,16.727,17.430
16.825,16.682,17.575,16.615,16.085,15.780,14.898,14.051,12.962,13.183,10.549,8.924,7.426,6.216,0.000,6.066,7.458,8.643,9.566,10.992,12.962,13.599,13.660,14.666,15.996,16.460
16.308,15.909,16.308,16.902,15.788,15.148,14.793,13.697,12.902,13.543,12.243,9.641,8.672,8.087,6.066,0.000,6.045,7.724,8.587,9.692,12.294,13.919,13.182,13.974,15.780,16.244
16.495,16.110,16.530,16.241,16.517,15.567,15.254,14.640,13.381,13.622,13.135,11.334,9.819,8.917,7.458,6.045,0.000,5.801,8.217,9.315,11.362,13.797,13.230,13.024,14.907,16.050
16.207,15.822,16.211,15.827,15.240,16.141,15.335,14.658,13.493,13.979,13.011,11.735,11.501,9.851,8.643,7.724,5.801,0.000,5.936,7.809,9.300,11.484,11.949,13.186,13.748,14.712
16.033,15.597,15.741,15.270,14.293,14.657,14.935,14.164,12.628,13.726,12.538,10.775,11.669,11.258,9.566,8.587,8.217,5.936,0.000,5.815,7.559,9.338,9.264,11.512,13.179,13.168
15.579,14.895,15.445,14.855,13.877,14.383,13.388,14.361,12.968,13.938,13.057,11.414,11.630,12.164,10.992,9.692,9.315,7.809,5.815,0.000,5.793,6.965,7.264,9.785,12.185,12.970
15.415,14.511,14.981,14.267,12.236,13.098,11.604,11.956,12.189,13.600,13.121,11.938,12.949,13.124,12.962,12.294,11.362,9.300,7.559,5.793,0.000,5.623,7.277,7.980,9.931,12.337
15.244,14.398,15.030,14.531,13.262,13.866,12.917,13.067,12.645,15.133,14.210,13.584,14.601,14.489,13.599,13.919,13.797,11.484,9.338,6.965,5.623,0.000,5.655,7.448,8.318,10.111
15.075,14.329,14.796,14.184,12.631,13.371,12.650,13.315,12.719,13.944,14.705,13.522,14.491,14.857,13.660,13.182,13.230,11.949,9.264,7.264,7.277,5.655,0.000,5.647,7.527,8.623
15.216,14.637,15.124,14.879,13.740,14.266,13.628,13.475,13.467,13.751,13.864,14.809,15.032,15.569,14.666,13.974,13.024,13.186,11.512,9.785,7.980,7.448,5.647,0.000,5.750,7.641
14.950,14.462,14.832,14.671,13.646,14.419,14.009,13.745,14.234,13.800,14.667,15.099,16.746,16.727,15.996,15.780,14.907,13.748,13.179,12.185,9.931,8.318,7.527,5.750,0.000,6.087
15.336,15.026,15.246,15.248,14.550,15.222,14.873,14.582,14.806,14.591,15.430,15.770,16.751,17.430,16.460,16.244,16.050,14.712,13.168,12.970,12.337,10.111,8.623,7.641,6.087,0.000