c1,c2,c3,c4,c5,c6,c7,c8,c9,c10,c11,c12,c13,c14,c15,c16,c17,c18,c19,c20,c21,c22,c23,c24,c25,c26
0.000,6.035,8.127,10.485,12.822,13.749,10.524,10.738,14.526,14.548,12.741,14.951,17.325,16.754,16.167,17.504,16.992,16.560,17.431,17.725,16.988,17.349,18.099,17.739,17.001,17.110
6.035,0.000,5.921,7.554,8.834,10.841,8.065,7.414,11.637,12.324,10.946,12.607,15.524,15.783,15.396,17.200,16.697,16.040,17.610,17.994,16.913,17.264,18.168,17.698,17.059,17.192
8.127,5.921,0.000,5.515,8.378,8.893,5.494,6.526,10.510,10.489,9.224,12.115,14.527,14.219,14.585,17.276,17.456,16.365,17.639,18.413,17.951,17.831,18.331,18.267,17.744,17.559
10.485,7.554,5.515,0.000,5.400,5.387,4.965,7.041,9.158,9.659,10.676,12.735,14.357,15.225,16.534,18.794,18.152,16.928,18.476,18.820,18.116,18.089,18.476,18.211,17.519,17.236
12.822,8.834,8.378,5.400,0.000,5.370,7.328,5.630,6.349,9.772,10.806,10.568,12.538,15.008,15.590,17.596,17.179,15.043,17.580,18.192,16.980,16.780,17.623,17.366,16.544,16.211
13.749,10.841,8.893,5.387,5.370,0.000,5.341,7.306,5.863,6.546,9.849,10.877,10.771,12.795,15.147,17.228,16.674,15.362,16.997,18.090,16.877,16.358,17.066,16.959,16.345,15.905
10.524,8.065,5.494,4.965,7.328,5.341,0.000,5.333,7.359,5.798,6.580,9.865,10.948,10.910,12.783,16.353,15.795,14.730,17.348,18.171,17.295,17.148,17.826,17.820,17.360,17.282
10.738,7.414,6.526,7.041,5.630,7.306,5.333,0.000,5.331,7.374,5.926,6.585,9.905,11.081,11.089,14.639,13.858,12.657,15.548,17.202,15.661,16.052,17.529,17.711,16.918,16.956
14.526,11.637,10.510,9.158,6.349,5.863,7.359,5.331,0.000,5.408,7.437,5.862,6.572,9.958,11.003,13.261,12.584,10.755,13.649,15.293,14.748,13.555,16.051,16.378,15.660,15.610
14.548,12.324,10.489,9.659,9.772,6.546,5.798,7.374,5.408,0.000,5.467,7.522,6.107,6.982,10.014,12.858,12.800,11.211,13.495,15.613,15.489,15.352,16.704,17.569,17.023,16.947
12.741,10.946,9.224,10.676,10.806,9.849,6.580,5.926,7.437,5.467,0.000,5.575,7.598,6.350,7.193,11.302,11.252,10.389,12.803,14.899,15.069,15.571,17.635,17.952,17.749,17.627
14.951,12.607,12.115,12.735,10.568,10.877,9.865,6.585,5.862,7.522,5.575,0.000,5.522,7.535,6.223,9.221,8.723,7.246,10.293,11.955,11.980,12.928,14.986,16.343,15.890,16.607
17.325,15.524,14.527,14.357,12.538,10.771,10.948,9.905,6.572,6.107,7.598,5.522,0.000,5.493,7.556,9.042,8.878,7.181,9.461,11.113,11.412,11.448,13.505,15.047,15.454,15.629
16.754,15.783,14.219,15.225,15.008,12.795,10.910,11.081,9.958,6.982,6.350,7.535,5.493,0.000,5.697,8.548,9.287,8.053,9.564,11.764,12.340,12.606,14.438,16.166,16.862,17.578
16.167,15.396,14.585,16.534,15.590,15.147,12.783,11.089,11.003,10.014,7.193,6.223,7.556,5.697,0.000,5.725,6.489,6.658,7.800,9.864,10.786,11.369,12.844,14.831,15.931,16.919
17.504,17.200,17.276,18.794,17.596,17.228,16.353,14.639,13.261,12.858,11.302,9.221,9.042,8.548,5.725,0.000,5.827,7.612,6.249,6.969,10.046,10.834,10.749,12.723,15.131,16.024
16.992,16.697,17.456,18.152,17.179,16.674,15.795,13.858,12.584,12.800,11.252,8.723,8.878,9.287,6.489,5.827,0.000,5.601,7.553,6.418,7.887,10.097,11.010,11.326,13.327,15.420
16.560,16.040,16.365,16.928,15.043,15.362,14.730,12.657,10.755,11.211,10.389,7.246,7.181,8.053,6.658,7.612,5.601,0.000,5.597,7.511,6.487,7.089,9.969,11.243,11.760,13.553
17.431,17.610,17.639,18.476,17.580,16.997,17.348,15.548,13.649,13.495,12.803,10.293,9.461,9.564,7.800,6.249,7.553,5.597,0.000,5.609,7.483,5.940,6.753,9.980,11.411,12.109
17.725,17.994,18.413,18.820,18.192,18.090,18.171,17.202,15.293,15.613,14.899,11.955,11.113,11.764,9.864,6.969,6.418,7.511,5.609,0.000,5.584,7.484,6.011,6.888,10.208,11.734
16.988,16.913,17.951,18.116,16.980,16.877,17.295,15.661,14.748,15.489,15.069,11.980,11.412,12.340,10.786,10.046,7.887,6.487,7.483,5.584,0.000,5.490,7.448,6.194,7.493,10.292
17.349,17.264,17.831,18.089,16.780,16.358,17.148,16.052,13.555,15.352,15.571,12.928,11.448,12.606,11.369,10.834,10.097,7.089,5.940,7.484,5.490,0.000,5.451,7.479,6.839,8.461
18.099,18.168,18.331,18.476,17.623,17.066,17.826,17.529,16.051,16.704,17.635,14.986,13.505,14.438,12.844,10.749,11.010,9.969,6.753,6.011,7.448,5.451,0.000,5.425,7.590,8.211
17.739,17.698,18.267,18.211,17.366,16.959,17.820,17.711,16.378,17.569,17.952,16.343,15.047,16.166,14.831,12.723,11.326,11.243,9.980,6.888,6.194,7.479,5.425,0.000,5.549,7.947
17.001,17.059,17.744,17.519,16.544,16.345,17.360,16.918,15.660,17.023,17.749,15.890,15.454,16.862,15.931,15.131,13.327,11.760,11.411,10.208,7.493,6.839,7.590,5.549,0.000,5.821
17.110,17.192,17.559,17.236,16.211,15.905,17.282,16.956,15.610,16.947,17.627,16.607,15.629,17.578,16.919,16.024,15.420,13.553,12.109,11.734,10.292,8.461,8.211,7.947,5.821,0.000