c1,c2,c3,c4,c5,c6,c7,c8,c9,c10,c11,c12,c13,c14,c15,c16,c17,c18,c19,c20,c21,c22,c23,c24,c25,c26
0.000,5.937,7.522,9.585,10.808,13.137,13.113,11.640,13.044,14.951,14.906,14.373,15.624,15.707,15.465,15.905,15.352,14.461,15.302,15.180,13.994,14.374,15.166,14.786,14.851,15.192
5.937,0.000,5.820,7.249,7.613,10.137,10.697,9.409,10.816,12.795,13.188,12.413,14.493,14.792,14.715,15.102,14.043,13.204,14.323,13.936,12.582,13.221,14.237,14.014,13.998,14.799
7.522,5.820,0.000,5.545,7.753,9.579,10.526,9.918,10.871,12.857,13.514,13.287,15.224,15.693,15.952,16.422,15.414,14.640,15.827,15.042,13.650,14.499,15.072,14.541,14.731,15.104
9.585,7.249,5.545,0.000,5.669,7.861,9.017,8.985,10.662,12.823,13.525,13.320,15.811,16.160,16.516,17.213,15.902,15.135,16.251,15.178,13.524,14.502,15.105,14.750,14.820,15.413
10.808,7.613,7.753,5.669,0.000,5.640,6.462,6.702,8.292,10.920,12.028,12.014,14.596,14.861,15.413,16.030,15.447,14.586,15.452,14.300,12.623,13.714,14.516,14.386,14.702,15.120
13.137,10.137,9.579,7.861,5.640,0.000,5.602,7.641,7.524,8.948,11.800,12.091,14.135,14.267,15.862,16.343,15.521,15.718,16.597,15.484,13.619,14.782,15.505,15.242,15.265,15.555
13.113,10.697,10.526,9.017,6.462,5.602,0.000,5.607,7.419,7.422,8.941,10.770,13.229,13.154,14.418,15.293,14.353,14.581,16.435,14.820,13.028,14.567,15.535,15.405,15.463,15.366
11.640,9.409,9.918,8.985,6.702,7.641,5.607,0.000,5.681,7.576,8.044,8.525,12.116,12.534,13.317,13.776,13.319,13.413,15.197,14.912,12.641,13.982,15.282,15.278,15.209,15.533
13.044,10.816,10.871,10.662,8.292,7.524,7.419,5.681,0.000,5.655,7.633,6.925,9.749,10.866,12.067,12.336,11.684,12.500,14.244,14.470,13.799,14.118,15.614,15.632,15.849,15.751
14.951,12.795,12.857,12.823,10.920,8.948,7.422,7.576,5.655,0.000,5.701,7.850,9.544,10.005,12.480,12.809,11.852,12.842,15.260,15.555,14.886,16.483,16.963,16.828,16.745,16.732
14.906,13.188,13.514,13.525,12.028,11.800,8.941,8.044,7.633,5.701,0.000,6.331,8.006,8.286,9.811,10.693,10.422,11.211,13.358,14.159,14.050,15.619,17.185,17.015,17.086,16.962
14.373,12.413,13.287,13.320,12.014,12.091,10.770,8.525,6.925,7.850,6.331,0.000,6.057,7.782,8.382,8.674,9.093,10.014,11.416,12.514,13.402,14.673,15.727,16.836,16.297,16.522
15.624,14.493,15.224,15.811,14.596,14.135,13.229,12.116,9.749,9.544,8.006,6.057,0.000,5.933,7.546,7.657,7.884,9.984,11.424,12.058,13.015,15.032,16.071,17.160,17.699,17.198
15.707,14.792,15.693,16.160,14.861,14.267,13.154,12.534,10.866,10.005,8.286,7.782,5.933,0.000,5.857,7.467,6.508,7.186,10.136,11.289,11.274,13.105,15.171,16.154,16.802,17.217
15.465,14.715,15.952,16.516,15.413,15.862,14.418,13.317,12.067,12.480,9.811,8.382,7.546,5.857,0.000,5.754,7.570,6.297,7.279,10.362,11.215,11.552,13.098,15.470,16.108,16.495
15.905,15.102,16.422,17.213,16.030,16.343,15.293,13.776,12.336,12.809,10.693,8.674,7.657,7.467,5.754,0.000,5.714,7.625,6.648,7.746,10.392,11.626,11.922,13.857,15.507,16.152
15.352,14.043,15.414,15.902,15.447,15.521,14.353,13.319,11.684,11.852,10.422,9.093,7.884,6.508,7.570,5.714,0.000,5.612,7.590,6.913,7.446,10.557,11.628,12.635,13.947,15.203
14.461,13.204,14.640,15.135,14.586,15.718,14.581,13.413,12.500,12.842,11.211,10.014,9.984,7.186,6.297,7.625,5.612,0.000,5.625,7.539,6.339,7.397,10.251,11.908,12.740,13.893
15.302,14.323,15.827,16.251,15.452,16.597,16.435,15.197,14.244,15.260,13.358,11.416,11.424,10.136,7.279,6.648,7.590,5.625,0.000,5.580,7.462,6.805,7.615,10.738,12.178,13.059
15.180,13.936,15.042,15.178,14.300,15.484,14.820,14.912,14.470,15.555,14.159,12.514,12.058,11.289,10.362,7.746,6.913,7.539,5.580,0.000,5.534,7.556,6.779,8.709,10.937,12.467
13.994,12.582,13.650,13.524,12.623,13.619,13.028,12.641,13.799,14.886,14.050,13.402,13.015,11.274,11.215,10.392,7.446,6.339,7.462,5.534,0.000,5.483,7.575,7.767,9.625,10.909
14.374,13.221,14.499,14.502,13.714,14.782,14.567,13.982,14.118,16.483,15.619,14.673,15.032,13.105,11.552,11.626,10.557,7.397,6.805,7.556,5.483,0.000,5.495,7.757,8.950,10.357
15.166,14.237,15.072,15.105,14.516,15.505,15.535,15.282,15.614,16.963,17.185,15.727,16.071,15.171,13.098,11.922,11.628,10.251,7.615,6.779,7.575,5.495,0.000,5.618,7.726,9.224
14.786,14.014,14.541,14.750,14.386,15.242,15.405,15.278,15.632,16.828,17.015,16.836,17.160,16.154,15.470,13.857,12.635,11.908,10.738,8.709,7.767,7.757,5.618,0.000,5.738,7.726
14.851,13.998,14.731,14.820,14.702,15.265,15.463,15.209,15.849,16.745,17.086,16.297,17.699,16.802,16.108,15.507,13.947,12.740,12.178,10.937,9.625,8.950,7.726,5.738,0.000,6.178
15.192,14.799,15.104,15.413,15.120,15.555,15.366,15.533,15.751,16.732,16.962,16.522,17.198,17.217,16.495,16.152,15.203,13.893,13.059,12.467,10.909,10.357,9.224,7.726,6.178,0.000