c1,c2,c3,c4,c5,c6,c7,c8,c9,c10,c11,c12,c13,c14,c15,c16,c17,c18,c19,c20,c21,c22,c23,c24,c25,c26
0.000,6.164,7.877,10.492,12.982,15.657,16.683,16.602,15.177,15.291,14.895,13.459,13.484,12.948,13.088,13.045,13.639,13.522,13.558,13.836,13.807,14.283,14.876,14.959,14.921,14.938
6.164,0.000,5.828,7.903,10.488,13.475,15.326,15.728,14.219,14.382,14.196,12.760,13.084,12.970,13.005,13.470,13.781,13.298,13.346,13.583,13.172,13.693,14.445,14.544,14.625,14.558
7.877,5.828,0.000,5.928,7.464,10.275,12.109,13.103,11.742,11.864,11.943,10.674,11.573,12.011,12.538,13.563,13.714,12.882,13.065,12.920,11.839,12.586,13.291,13.389,13.791,14.180
10.492,7.903,5.928,0.000,6.072,7.997,10.236,11.848,11.523,12.224,12.528,11.729,12.936,13.811,14.081,14.845,14.860,14.018,14.489,14.215,13.038,13.328,13.906,13.784,14.040,14.169
12.982,10.488,7.464,6.072,0.000,6.147,7.145,8.562,7.938,9.012,9.960,9.856,11.992,13.304,13.892,15.089,15.030,14.213,14.404,13.961,12.397,12.594,12.816,12.578,13.021,13.209
15.657,13.475,10.275,7.997,6.147,0.000,5.973,8.354,9.795,10.580,11.877,12.446,13.966,15.001,15.194,16.082,15.751,14.732,15.277,14.834,13.540,13.564,13.700,13.545,13.594,13.772
16.683,15.326,12.109,10.236,7.145,5.973,0.000,5.973,7.711,9.276,10.559,12.127,14.230,15.533,15.674,16.294,15.955,15.329,15.713,15.206,13.595,13.743,13.216,13.065,12.989,13.126
16.602,15.728,13.103,11.848,8.562,8.354,5.973,0.000,6.507,7.508,9.470,11.405,13.930,15.633,15.930,15.940,15.671,15.093,15.639,15.201,13.672,13.824,13.201,12.881,12.729,13.027
15.177,14.219,11.742,11.523,7.938,9.795,7.711,6.507,0.000,6.218,7.845,9.309,12.141,14.294,15.292,15.523,15.126,14.746,14.830,14.073,12.271,12.483,11.916,11.897,11.734,12.497
15.291,14.382,11.864,12.224,9.012,10.580,9.276,7.508,6.218,0.000,6.370,7.865,10.472,12.951,14.785,15.778,15.348,14.922,14.974,13.843,12.280,12.542,12.056,12.257,12.567,13.349
14.895,14.196,11.943,12.528,9.960,11.877,10.559,9.470,7.845,6.370,0.000,6.468,7.839,10.764,12.474,14.858,14.965,14.264,14.147,13.182,11.797,12.197,12.099,12.567,12.926,13.940
13.459,12.760,10.674,11.729,9.856,12.446,12.127,11.405,9.309,7.865,6.468,0.000,6.411,8.033,9.992,12.200,13.036,12.374,11.866,10.898,9.891,11.019,11.771,12.698,13.519,14.791
13.484,13.084,11.573,12.936,11.992,13.966,14.230,13.930,12.141,10.472,7.839,6.411,0.000,6.371,7.415,10.186,11.518,11.415,11.669,10.967,10.505,11.905,12.721,13.881,14.736,15.653
12.948,12.970,12.011,13.811,13.304,15.001,15.533,15.633,14.294,12.951,10.764,8.033,6.371,0.000,6.218,8.052,9.899,9.689,10.170,10.653,10.396,12.391,13.560,14.801,15.625,16.377
13.088,13.005,12.538,14.081,13.892,15.194,15.674,15.930,15.292,14.785,12.474,9.992,7.415,6.218,0.000,6.076,7.402,8.229,8.541,9.848,10.509,12.515,13.806,15.132,15.982,16.631
13.045,13.470,13.563,14.845,15.089,16.082,16.294,15.940,15.523,15.778,14.858,12.200,10.186,8.052,6.076,0.000,5.980,7.903,8.298,10.110,11.442,13.568,14.642,15.275,16.066,16.520
13.639,13.781,13.714,14.860,15.030,15.751,15.955,15.671,15.126,15.348,14.965,13.036,11.518,9.899,7.402,5.980,0.000,6.054,7.317,9.389,11.007,13.459,15.003,15.298,15.474,16.254
13.522,13.298,12.882,14.018,14.213,14.732,15.329,15.093,14.746,14.922,14.264,12.374,11.415,9.689,8.229,7.903,6.054,0.000,6.169,8.413,10.451,12.470,15.025,15.570,15.420,15.626
13.558,13.346,13.065,14.489,14.404,15.277,15.713,15.639,14.830,14.974,14.147,11.866,11.669,10.170,8.541,8.298,7.317,6.169,0.000,6.034,8.032,9.800,12.335,14.104,15.110,15.496
13.836,13.583,12.920,14.215,13.961,14.834,15.206,15.201,14.073,13.843,13.182,10.898,10.967,10.653,9.848,10.110,9.389,8.413,6.034,0.000,6.125,7.396,9.652,11.720,13.762,14.838
13.807,13.172,11.839,13.038,12.397,13.540,13.595,13.672,12.271,12.280,11.797,9.891,10.505,10.396,10.509,11.442,11.007,10.451,8.032,6.125,0.000,5.997,7.633,9.443,11.533,13.271
14.283,13.693,12.586,13.328,12.594,13.564,13.743,13.824,12.483,12.542,12.197,11.019,11.905,12.391,12.515,13.568,13.459,12.470,9.800,7.396,5.997,0.000,5.814,7.565,9.792,11.696
14.876,14.445,13.291,13.906,12.816,13.700,13.216,13.201,11.916,12.056,12.099,11.771,12.721,13.560,13.806,14.642,15.003,15.025,12.335,9.652,7.633,5.814,0.000,5.794,7.801,9.952
14.959,14.544,13.389,13.784,12.578,13.545,13.065,12.881,11.897,12.257,12.567,12.698,13.881,14.801,15.132,15.275,15.298,15.570,14.104,11.720,9.443,7.565,5.794,0.000,5.906,7.742
14.921,14.625,13.791,14.040,13.021,13.594,12.989,12.729,11.734,12.567,12.926,13.519,14.736,15.625,15.982,16.066,15.474,15.420,15.110,13.762,11.533,9.792,7.801,5.906,0.000,6.390
14.938,14.558,14.180,14.169,13.209,13.772,13.126,13.027,12.497,13.349,13.940,14.791,15.653,16.377,16.631,16.520,16.254,15.626,15.496,14.838,13.271,11.696,9.952,7.742,6.390,0.000