c1,c2,c3,c4,c5,c6,c7,c8,c9,c10,c11,c12,c13,c14,c15,c16,c17,c18,c19,c20,c21,c22,c23,c24,c25,c26
0.000,6.010,7.741,8.662,8.725,9.517,10.939,11.576,12.082,13.283,14.798,15.425,15.928,16.638,17.024,16.949,16.833,16.524,16.828,16.193,16.201,16.470,16.380,16.073,15.997,15.909
6.010,0.000,5.549,7.185,7.465,8.014,9.722,10.843,11.239,12.478,14.349,15.126,15.868,17.445,17.658,17.611,17.372,17.068,17.300,16.716,16.351,16.610,16.464,16.101,15.903,15.870
7.741,5.549,0.000,5.517,7.357,6.793,7.763,9.846,10.873,11.216,13.078,14.772,15.500,16.615,18.198,18.047,17.519,17.041,17.586,16.978,16.583,16.749,16.613,16.219,16.084,16.028
8.662,7.185,5.517,0.000,5.509,7.349,6.588,7.212,9.856,10.986,11.260,12.841,14.890,15.897,16.703,18.287,17.559,17.026,17.568,17.148,16.489,16.641,16.490,16.068,15.970,15.934
8.725,7.465,7.357,5.509,0.000,5.453,7.468,6.118,6.606,9.819,10.970,10.810,12.428,14.877,15.632,16.355,17.344,16.079,17.089,16.525,15.834,15.931,15.787,15.316,15.293,15.187
9.517,8.014,6.793,7.349,5.453,0.000,5.389,7.389,6.128,6.751,9.960,10.934,10.868,12.923,15.126,15.971,16.269,16.778,16.901,16.373,15.662,15.784,15.640,14.956,15.018,15.003
10.939,9.722,7.763,6.588,7.468,5.389,0.000,5.391,7.435,6.054,6.874,9.995,11.060,11.311,13.067,15.446,15.792,15.860,17.707,16.912,16.357,16.465,16.591,16.126,16.019,15.612
11.576,10.843,9.846,7.212,6.118,7.389,5.391,0.000,5.430,7.448,6.331,6.818,10.012,11.283,11.450,13.452,14.730,14.886,16.218,17.327,16.083,16.383,16.383,16.029,16.059,15.644
12.082,11.239,10.873,9.856,6.606,6.128,7.435,5.430,0.000,5.468,7.478,6.017,6.777,10.103,11.248,11.777,12.703,13.384,14.920,15.365,16.130,15.438,15.801,15.212,15.526,15.167
13.283,12.478,11.216,10.986,9.819,6.751,6.054,7.448,5.468,0.000,5.474,7.488,6.288,7.364,10.361,11.800,11.867,12.369,14.481,15.316,15.667,16.841,16.403,16.036,16.216,15.946
14.798,14.349,13.078,11.260,10.970,9.960,6.874,6.331,7.478,5.474,0.000,5.528,7.596,6.802,7.791,10.794,11.532,11.348,13.146,14.880,15.431,16.249,17.520,16.741,16.897,16.539
15.425,15.126,14.772,12.841,10.810,10.934,9.995,6.818,6.017,7.488,5.528,0.000,5.575,7.626,6.879,8.155,9.699,10.257,11.358,12.560,13.959,15.036,16.096,16.672,16.413,16.340
15.928,15.868,15.500,14.890,12.428,10.868,11.060,10.012,6.777,6.288,7.596,5.575,0.000,5.605,7.687,7.533,8.091,9.279,10.931,11.353,12.527,14.224,15.298,15.650,16.491,15.954
16.638,17.445,16.615,15.897,14.877,12.923,11.311,11.283,10.103,7.364,6.802,7.626,5.605,0.000,5.752,8.020,8.181,8.388,10.639,11.965,12.258,13.713,15.602,15.922,16.411,16.757
17.024,17.658,18.198,16.703,15.632,15.126,13.067,11.450,11.248,10.361,7.791,6.879,7.687,5.752,0.000,5.797,7.463,7.580,8.527,10.870,11.983,12.544,14.390,15.488,16.148,16.493
16.949,17.611,18.047,18.287,16.355,15.971,15.446,13.452,11.777,11.800,10.794,8.155,7.533,8.020,5.797,0.000,5.846,7.676,7.400,8.405,10.957,12.092,13.177,14.090,15.568,16.194
16.833,17.372,17.519,17.559,17.344,16.269,15.792,14.730,12.703,11.867,11.532,9.699,8.091,8.181,7.463,5.846,0.000,5.696,7.647,7.636,8.656,11.116,12.760,13.147,14.211,15.452
16.524,17.068,17.041,17.026,16.079,16.778,15.860,14.886,13.384,12.369,11.348,10.257,9.279,8.388,7.580,7.676,5.696,0.000,5.691,7.521,7.308,8.569,11.237,12.432,13.037,14.099
16.828,17.300,17.586,17.568,17.089,16.901,17.707,16.218,14.920,14.481,13.146,11.358,10.931,10.639,8.527,7.400,7.647,5.691,0.000,5.612,7.597,7.623,9.788,11.330,12.966,13.870
16.193,16.716,16.978,17.148,16.525,16.373,16.912,17.327,15.365,15.316,14.880,12.560,11.353,11.965,10.870,8.405,7.636,7.521,5.612,0.000,5.519,7.648,8.923,10.000,12.154,13.569
16.201,16.351,16.583,16.489,15.834,15.662,16.357,16.083,16.130,15.667,15.431,13.959,12.527,12.258,11.983,10.957,8.656,7.308,7.597,5.519,0.000,5.703,7.673,8.246,10.003,11.914
16.470,16.610,16.749,16.641,15.931,15.784,16.465,16.383,15.438,16.841,16.249,15.036,14.224,13.713,12.544,12.092,11.116,8.569,7.623,7.648,5.703,0.000,5.672,7.760,8.798,10.844
16.380,16.464,16.613,16.490,15.787,15.640,16.591,16.383,15.801,16.403,17.520,16.096,15.298,15.602,14.390,13.177,12.760,11.237,9.788,8.923,7.673,5.672,0.000,5.767,7.421,9.452
16.073,16.101,16.219,16.068,15.316,14.956,16.126,16.029,15.212,16.036,16.741,16.672,15.650,15.922,15.488,14.090,13.147,12.432,11.330,10.000,8.246,7.760,5.767,0.000,5.800,7.839
15.997,15.903,16.084,15.970,15.293,15.018,16.019,16.059,15.526,16.216,16.897,16.413,16.491,16.411,16.148,15.568,14.211,13.037,12.966,12.154,10.003,8.798,7.421,5.800,0.000,6.068
15.909,15.870,16.028,15.934,15.187,15.003,15.612,15.644,15.167,15.946,16.539,16.340,15.954,16.757,16.493,16.194,15.452,14.099,13.870,13.569,11.914,10.844,9.452,7.839,6.068,0.000