c1,c2,c3,c4,c5,c6,c7,c8,c9,c10,c11,c12,c13,c14,c15,c16,c17,c18,c19,c20,c21,c22,c23,c24,c25,c26
0.000,6.149,7.911,9.562,11.439,13.571,15.213,16.101,16.403,16.892,16.897,16.927,16.747,16.418,16.057,15.687,15.701,15.371,15.409,15.168,15.170,14.521,15.264,15.257,14.751,15.024
6.149,0.000,5.703,7.675,9.294,11.780,13.998,15.970,16.326,16.843,16.729,16.815,16.589,16.158,15.539,15.350,15.214,14.777,14.891,14.640,14.373,13.915,14.655,14.794,14.120,14.735
7.911,5.703,0.000,5.632,7.744,10.012,12.567,15.205,16.581,16.940,16.799,16.787,16.657,16.155,15.450,15.509,15.292,14.614,14.862,14.612,14.058,13.539,14.486,14.366,13.631,14.471
9.562,7.675,5.632,0.000,5.701,7.542,9.772,12.718,14.822,16.718,16.156,16.304,15.941,15.427,14.563,14.883,14.551,13.834,14.450,14.270,13.366,13.454,14.549,14.196,13.411,14.667
11.439,9.294,7.744,5.701,0.000,5.713,7.134,10.238,12.379,15.337,16.131,15.979,15.363,15.184,14.134,14.589,14.175,13.240,14.205,13.780,12.408,12.961,14.052,13.560,13.137,14.516
13.571,11.780,10.012,7.542,5.713,0.000,5.771,7.264,10.296,12.938,14.585,16.016,14.686,14.958,13.654,14.548,13.951,13.363,14.768,14.452,12.801,13.896,15.245,14.559,14.220,15.724
15.213,13.998,12.567,9.772,7.134,5.771,0.000,5.818,7.035,10.597,12.182,14.094,12.582,13.717,12.267,13.046,12.417,11.616,13.379,12.961,11.009,12.730,14.102,13.568,13.567,15.104
16.101,15.970,15.205,12.718,10.238,7.264,5.818,0.000,5.973,8.088,10.488,12.197,11.561,13.665,12.416,13.786,13.351,13.020,14.823,14.680,13.037,14.555,15.949,15.325,15.189,16.382
16.403,16.326,16.581,14.822,12.379,10.296,7.035,5.973,0.000,5.949,7.611,9.752,8.646,10.956,10.339,11.804,11.593,11.556,13.265,13.291,12.071,13.532,14.953,14.706,15.079,16.196
16.892,16.843,16.940,16.718,15.337,12.938,10.597,8.088,5.949,0.000,6.039,6.959,6.652,9.986,10.753,12.395,12.705,13.002,14.534,14.668,13.924,15.321,16.318,16.180,16.318,16.849
16.897,16.729,16.799,16.156,16.131,14.585,12.182,10.488,7.611,6.039,0.000,5.792,7.704,10.240,11.220,13.014,13.517,13.481,14.708,15.053,14.373,15.206,16.353,16.141,16.177,16.657
16.927,16.815,16.787,16.304,15.979,16.016,14.094,12.197,9.752,6.959,5.792,0.000,6.042,8.462,10.452,11.691,12.991,13.847,14.654,14.864,14.582,15.484,16.405,16.453,16.332,16.804
16.747,16.589,16.657,15.941,15.363,14.686,12.582,11.561,8.646,6.652,7.704,6.042,0.000,6.237,7.788,9.585,10.718,12.234,13.620,13.613,13.437,14.475,15.858,16.139,16.318,16.756
16.418,16.158,16.155,15.427,15.184,14.958,13.717,13.665,10.956,9.986,10.240,8.462,6.237,0.000,6.362,7.796,9.406,10.567,12.564,13.108,12.665,13.568,15.157,15.589,15.950,16.703
16.057,15.539,15.450,14.563,14.134,13.654,12.267,12.416,10.339,10.753,11.220,10.452,7.788,6.362,0.000,6.632,7.935,8.795,10.143,11.445,11.501,12.088,13.803,14.647,15.251,16.386
15.687,15.350,15.509,14.883,14.589,14.548,13.046,13.786,11.804,12.395,13.014,11.691,9.585,7.796,6.632,0.000,6.255,7.880,8.664,9.555,10.645,11.620,12.679,13.762,14.946,16.151
15.701,15.214,15.292,14.551,14.175,13.951,12.417,13.351,11.593,12.705,13.517,12.991,10.718,9.406,7.935,6.255,0.000,5.907,7.909,8.903,9.064,10.778,12.442,13.105,14.090,15.967
15.371,14.777,14.614,13.834,13.240,13.363,11.616,13.020,11.556,13.002,13.481,13.847,12.234,10.567,8.795,7.880,5.907,0.000,6.038,7.035,6.886,8.199,10.742,11.756,12.581,14.579
15.409,14.891,14.862,14.450,14.205,14.768,13.379,14.823,13.265,14.534,14.708,14.654,13.620,12.564,10.143,8.664,7.909,6.038,0.000,5.769,7.562,7.131,8.597,11.049,12.337,13.816
15.168,14.640,14.612,14.270,13.780,14.452,12.961,14.680,13.291,14.668,15.053,14.864,13.613,13.108,11.445,9.555,8.903,7.035,5.769,0.000,5.695,7.561,7.543,8.914,11.370,13.210
15.170,14.373,14.058,13.366,12.408,12.801,11.009,13.037,12.071,13.924,14.373,14.582,13.437,12.665,11.501,10.645,9.064,6.886,7.562,5.695,0.000,5.753,7.568,7.119,9.180,11.721
14.521,13.915,13.539,13.454,12.961,13.896,12.730,14.555,13.532,15.321,15.206,15.484,14.475,13.568,12.088,11.620,10.778,8.199,7.131,7.561,5.753,0.000,5.733,7.603,8.083,10.315
15.264,14.655,14.486,14.549,14.052,15.245,14.102,15.949,14.953,16.318,16.353,16.405,15.858,15.157,13.803,12.679,12.442,10.742,8.597,7.543,7.568,5.733,0.000,5.706,7.547,8.736
15.257,14.794,14.366,14.196,13.560,14.559,13.568,15.325,14.706,16.180,16.141,16.453,16.139,15.589,14.647,13.762,13.105,11.756,11.049,8.914,7.119,7.603,5.706,0.000,5.703,8.166
14.751,14.120,13.631,13.411,13.137,14.220,13.567,15.189,15.079,16.318,16.177,16.332,16.318,15.950,15.251,14.946,14.090,12.581,12.337,11.370,9.180,8.083,7.547,5.703,0.000,6.169
15.024,14.735,14.471,14.667,14.516,15.724,15.104,16.382,16.196,16.849,16.657,16.804,16.756,16.703,16.386,16.151,15.967,14.579,13.816,13.210,11.721,10.315,8.736,8.166,6.169,0.000