c1,c2,c3,c4,c5,c6,c7,c8,c9,c10,c11,c12,c13,c14,c15,c16,c17,c18,c19,c20,c21,c22,c23,c24,c25,c26
0.000,5.973,7.790,10.336,13.230,14.070,10.729,11.361,15.188,15.146,13.635,15.736,18.046,17.522,16.976,17.968,17.415,17.340,17.914,17.788,17.448,17.677,17.761,17.215,17.132,16.908
5.973,0.000,5.662,8.023,10.929,12.345,9.230,9.865,14.096,14.026,12.907,15.176,17.963,17.967,17.488,18.619,18.135,17.837,18.473,18.248,17.868,18.061,18.004,17.577,17.381,17.154
7.790,5.662,0.000,5.675,8.029,8.887,4.820,5.403,9.937,9.873,8.390,10.962,13.944,13.893,14.423,17.352,16.954,16.139,17.922,18.197,17.352,17.954,18.270,17.838,17.611,17.379
10.336,8.023,5.675,0.000,5.405,5.216,4.798,6.992,9.119,9.528,10.670,12.707,14.337,15.372,16.693,18.605,17.671,16.464,18.502,18.477,17.330,17.935,18.179,17.680,17.506,17.076
13.230,10.929,8.029,5.405,0.000,5.339,7.319,5.676,6.388,9.822,10.883,10.637,12.741,15.324,16.021,17.495,17.058,15.555,17.971,17.760,15.746,16.708,17.501,16.810,16.693,16.167
14.070,12.345,8.887,5.216,5.339,0.000,5.337,7.293,5.878,6.617,9.926,10.945,11.139,13.254,15.377,17.086,16.202,15.517,17.189,17.517,15.388,15.942,17.269,16.677,16.548,16.369
10.729,9.230,4.820,4.798,7.319,5.337,0.000,5.326,7.356,5.842,6.718,9.895,11.189,11.688,13.419,16.370,15.512,14.949,17.596,17.948,16.387,17.152,18.191,17.906,17.558,17.308
11.361,9.865,5.403,6.992,5.676,7.293,5.326,0.000,5.331,7.412,6.117,6.722,10.125,11.575,12.086,14.832,13.992,13.619,16.150,17.227,14.935,16.459,17.789,17.388,17.258,17.079
15.188,14.096,9.937,9.119,6.388,5.878,7.356,5.331,0.000,5.438,7.501,5.923,6.985,10.235,11.419,13.244,12.099,11.585,14.331,15.186,14.035,14.060,16.376,16.040,16.184,15.836
15.146,14.026,9.873,9.528,9.822,6.617,5.842,7.412,5.438,0.000,5.474,7.549,6.667,7.891,10.565,13.042,12.235,11.466,14.089,15.589,14.896,15.754,17.290,17.567,17.392,17.079
13.635,12.907,8.390,10.670,10.883,9.926,6.718,6.117,7.501,5.474,0.000,5.667,7.731,7.276,8.362,11.678,11.204,10.740,13.136,15.013,14.787,15.812,17.998,17.859,17.835,17.674
15.736,15.176,10.962,12.707,10.637,10.945,9.895,6.722,5.923,7.549,5.667,0.000,5.633,7.708,7.445,9.679,9.108,8.945,11.265,12.432,12.617,14.132,15.792,16.705,16.506,16.560
18.046,17.963,13.944,14.337,12.741,11.139,11.189,10.125,6.985,6.667,7.731,5.633,0.000,5.655,7.814,9.210,8.132,8.020,10.436,11.421,11.480,12.724,14.726,15.434,16.403,15.745
17.522,17.967,13.893,15.372,15.324,13.254,11.688,11.575,10.235,7.891,7.276,7.708,5.655,0.000,5.909,8.242,8.150,7.683,9.751,11.614,11.703,12.599,14.733,15.999,17.038,17.205
16.976,17.488,14.423,16.693,16.021,15.377,13.419,12.086,11.419,10.565,8.362,7.445,7.814,5.909,0.000,5.852,7.195,6.888,7.585,10.170,10.981,11.251,12.881,15.072,16.386,16.701
17.968,18.619,17.352,18.605,17.495,17.086,16.370,14.832,13.244,13.042,11.678,9.679,9.210,8.242,5.852,0.000,5.815,7.665,6.400,7.434,10.204,11.024,11.050,12.925,15.489,15.986
17.415,18.135,16.954,17.671,17.058,16.202,15.512,13.992,12.099,12.235,11.204,9.108,8.132,8.150,7.195,5.815,0.000,5.588,7.580,6.860,7.674,10.160,11.243,11.596,13.559,14.901
17.340,17.837,16.139,16.464,15.555,15.517,14.949,13.619,11.585,11.466,10.740,8.945,8.020,7.683,6.888,7.665,5.588,0.000,5.558,7.538,6.156,6.917,10.109,11.289,12.169,13.097
17.914,18.473,17.922,18.502,17.971,17.189,17.596,16.150,14.331,14.089,13.136,11.265,10.436,9.751,7.585,6.400,7.580,5.558,0.000,5.534,7.511,6.148,6.940,10.160,11.919,12.206
17.788,18.248,18.197,18.477,17.760,17.517,17.948,17.227,15.186,15.589,15.013,12.432,11.421,11.614,10.170,7.434,6.860,7.538,5.534,0.000,5.497,7.456,6.211,7.218,10.503,11.457
17.448,17.868,17.352,17.330,15.746,15.388,16.387,14.935,14.035,14.896,14.787,12.617,11.480,11.703,10.981,10.204,7.674,6.156,7.511,5.497,0.000,5.417,7.436,6.406,7.939,9.384
17.677,18.061,17.954,17.935,16.708,15.942,17.152,16.459,14.060,15.754,15.812,14.132,12.724,12.599,11.251,11.024,10.160,6.917,6.148,7.456,5.417,0.000,5.399,7.490,7.484,8.429
17.761,18.004,18.270,18.179,17.501,17.269,18.191,17.789,16.376,17.290,17.998,15.792,14.726,14.733,12.881,11.050,11.243,10.109,6.940,6.211,7.436,5.399,0.000,5.432,7.624,8.457
17.215,17.577,17.838,17.680,16.810,16.677,17.906,17.388,16.040,17.567,17.859,16.705,15.434,15.999,15.072,12.925,11.596,11.289,10.160,7.218,6.406,7.490,5.432,0.000,5.521,7.639
17.132,17.381,17.611,17.506,16.693,16.548,17.558,17.258,16.184,17.392,17.835,16.506,16.403,17.038,16.386,15.489,13.559,12.169,11.919,10.503,7.939,7.484,7.624,5.521,0.000,5.841
16.908,17.154,17.379,17.076,16.167,16.369,17.308,17.079,15.836,17.079,17.674,16.560,15.745,17.205,16.701,15.986,14.901,13.097,12.206,11.457,9.384,8.429,8.457,7.639,5.841,0.000