c1,c2,c3,c4,c5,c6,c7,c8,c9,c10,c11,c12,c13,c14,c15,c16,c17,c18,c19,c20,c21,c22,c23,c24,c25,c26
0.000,6.064,7.841,9.629,11.627,13.521,14.104,14.178,14.225,15.020,14.456,14.001,14.887,14.962,14.885,15.217,15.133,15.175,14.831,14.759,14.448,14.573,14.168,14.586,14.551,14.310
6.064,0.000,5.788,7.287,9.799,11.803,13.150,13.607,13.331,14.397,14.176,13.393,14.772,15.322,15.191,15.734,15.650,15.620,15.259,15.209,14.762,14.786,14.072,14.438,14.131,13.530
7.841,5.788,0.000,5.781,7.670,9.308,10.534,11.648,12.119,13.079,12.770,12.715,14.114,14.887,15.108,15.626,15.670,15.544,15.027,14.890,14.344,14.058,13.316,13.738,13.212,12.774
9.629,7.287,5.781,0.000,5.840,7.789,9.380,10.333,11.288,12.944,12.671,12.611,14.641,15.485,15.929,16.799,16.533,16.407,16.071,15.810,15.023,14.786,13.968,14.090,13.208,12.438
11.627,9.799,7.670,5.840,0.000,5.835,7.085,8.329,9.007,11.363,11.799,11.847,13.527,14.875,15.376,16.559,16.387,16.065,15.779,15.418,14.110,13.784,12.514,12.677,11.291,10.724
13.521,11.803,9.308,7.789,5.835,0.000,5.748,7.873,9.000,10.669,12.425,12.735,14.134,15.074,15.854,17.006,16.695,16.046,16.150,16.207,15.255,14.938,13.896,14.247,12.789,12.158
14.104,13.150,10.534,9.380,7.085,5.748,0.000,5.782,7.643,9.147,10.500,12.009,14.129,14.655,15.236,16.909,16.649,15.864,16.405,16.400,15.260,14.957,13.699,14.327,12.693,12.338
14.178,13.607,11.648,10.333,8.329,7.873,5.782,0.000,6.283,7.657,9.103,10.216,13.226,14.437,14.573,16.128,15.767,14.894,15.662,15.920,14.650,14.342,13.089,13.553,12.131,12.138
14.225,13.331,12.119,11.288,9.007,9.000,7.643,6.283,0.000,6.040,7.798,7.940,10.631,13.167,14.196,15.816,15.361,14.649,15.008,15.217,13.952,13.502,12.144,12.807,11.721,12.182
15.020,14.397,13.079,12.944,11.363,10.669,9.147,7.657,6.040,0.000,6.148,7.881,9.590,11.819,13.951,15.865,15.555,14.640,15.216,15.461,14.314,14.220,12.414,13.355,12.507,12.994
14.456,14.176,12.770,12.671,11.799,12.425,10.500,9.103,7.798,6.148,0.000,6.383,7.890,10.004,11.625,14.915,14.784,14.012,14.200,14.181,12.821,12.914,11.791,12.682,12.468,12.979
14.001,13.393,12.715,12.611,11.847,12.735,12.009,10.216,7.940,7.881,6.383,0.000,6.786,8.272,9.659,12.829,13.053,12.750,12.673,12.398,10.710,10.757,9.346,11.008,11.332,12.732
14.887,14.772,14.114,14.641,13.527,14.134,14.129,13.226,10.631,9.590,7.890,6.786,0.000,6.878,7.825,10.974,11.704,11.995,12.269,12.191,11.203,11.398,11.137,12.170,13.181,13.895
14.962,15.322,14.887,15.485,14.875,15.074,14.655,14.437,13.167,11.819,10.004,8.272,6.878,0.000,6.696,8.738,10.202,10.079,10.634,10.625,9.843,10.724,11.473,13.219,14.382,15.285
14.885,15.191,15.108,15.929,15.376,15.854,15.236,14.573,14.196,13.951,11.625,9.659,7.825,6.696,0.000,6.578,6.752,8.295,8.713,9.189,9.417,10.096,11.493,12.831,14.556,15.423
15.217,15.734,15.626,16.799,16.559,17.006,16.909,16.128,15.816,15.865,14.915,12.829,10.974,8.738,6.578,0.000,6.325,8.153,8.688,9.300,10.471,11.428,12.959,14.006,15.834,16.507
15.133,15.650,15.670,16.533,16.387,16.695,16.649,15.767,15.361,15.555,14.784,13.053,11.704,10.202,6.752,6.325,0.000,5.922,7.544,7.946,9.517,10.888,12.993,13.957,15.379,16.272
15.175,15.620,15.544,16.407,16.065,16.046,15.864,14.894,14.649,14.640,14.012,12.750,11.995,10.079,8.295,8.153,5.922,0.000,5.853,7.724,9.344,10.638,13.337,14.576,15.274,15.633
14.831,15.259,15.027,16.071,15.779,16.150,16.405,15.662,15.008,15.216,14.200,12.673,12.269,10.634,8.713,8.688,7.544,5.853,0.000,5.791,8.153,9.222,11.494,13.684,15.051,15.378
14.759,15.209,14.890,15.810,15.418,16.207,16.400,15.920,15.217,15.461,14.181,12.398,12.191,10.625,9.189,9.300,7.946,7.724,5.791,0.000,5.974,7.485,9.275,11.550,14.104,15.279
14.448,14.762,14.344,15.023,14.110,15.255,15.260,14.650,13.952,14.314,12.821,10.710,11.203,9.843,9.417,10.471,9.517,9.344,8.153,5.974,0.000,5.827,7.503,9.360,12.019,14.006
14.573,14.786,14.058,14.786,13.784,14.938,14.957,14.342,13.502,14.220,12.914,10.757,11.398,10.724,10.096,11.428,10.888,10.638,9.222,7.485,5.827,0.000,5.815,7.572,10.190,12.099
14.168,14.072,13.316,13.968,12.514,13.896,13.699,13.089,12.144,12.414,11.791,9.346,11.137,11.473,11.493,12.959,12.993,13.337,11.494,9.275,7.503,5.815,0.000,5.846,7.654,9.710
14.586,14.438,13.738,14.090,12.677,14.247,14.327,13.553,12.807,13.355,12.682,11.008,12.170,13.219,12.831,14.006,13.957,14.576,13.684,11.550,9.360,7.572,5.846,0.000,5.931,7.667
14.551,14.131,13.212,13.208,11.291,12.789,12.693,12.131,11.721,12.507,12.468,11.332,13.181,14.382,14.556,15.834,15.379,15.274,15.051,14.104,12.019,10.190,7.654,5.931,0.000,6.325
14.310,13.530,12.774,12.438,10.724,12.158,12.338,12.138,12.182,12.994,12.979,12.732,13.895,15.285,15.423,16.507,16.272,15.633,15.378,15.279,14.006,12.099,9.710,7.667,6.325,0.000