c1,c2,c3,c4,c5,c6,c7,c8,c9,c10,c11,c12,c13,c14,c15,c16,c17,c18,c19,c20,c21,c22,c23,c24,c25,c26
0.000,6.103,7.746,10.134,13.017,14.248,12.065,11.965,15.058,15.039,14.376,15.839,17.243,16.903,16.832,17.181,17.178,17.123,16.947,16.654,16.421,16.152,16.193,15.972,16.253,15.971
6.103,0.000,5.702,7.910,10.525,12.422,10.804,11.456,14.174,14.094,13.675,15.365,17.418,17.434,17.176,17.710,17.621,17.511,17.118,16.819,16.203,16.085,16.019,15.836,16.061,15.718
7.746,5.702,0.000,5.688,7.748,8.950,6.639,8.225,11.454,10.608,10.377,12.243,14.421,14.887,15.613,16.710,17.167,17.198,17.330,16.683,16.293,16.169,15.765,15.602,16.029,15.691
10.134,7.910,5.688,0.000,5.462,5.835,6.158,8.408,10.718,11.123,11.444,13.102,14.788,15.860,16.860,17.863,17.776,17.676,17.289,16.788,16.180,15.740,15.134,15.292,15.752,15.280
13.017,10.525,7.748,5.462,0.000,5.439,7.199,6.733,7.829,11.174,12.117,11.671,13.282,15.597,16.168,16.756,17.515,17.248,16.942,16.319,15.809,15.212,14.132,14.254,14.940,14.309
14.248,12.422,8.950,5.835,5.439,0.000,5.468,7.318,7.025,8.449,11.255,12.270,12.254,14.175,15.725,16.339,16.640,17.295,16.818,16.157,15.535,15.314,14.222,14.496,14.750,14.582
12.065,10.804,6.639,6.158,7.199,5.468,0.000,5.478,7.284,7.160,8.629,10.998,12.825,13.246,14.500,15.778,16.357,16.807,17.063,16.157,15.668,15.176,14.080,14.659,14.730,14.458
11.965,11.456,8.225,8.408,6.733,7.318,5.478,0.000,5.534,7.598,7.891,8.887,12.137,13.499,13.705,14.855,15.887,16.529,16.736,16.184,15.520,15.244,14.252,15.004,14.977,14.605
15.058,14.174,11.454,10.718,7.829,7.025,7.284,5.534,0.000,5.611,7.611,7.222,9.522,12.020,13.502,14.031,14.776,15.763,16.141,15.344,15.207,14.789,13.906,14.932,14.821,14.695
15.039,14.094,10.608,11.123,11.174,8.449,7.160,7.598,5.611,0.000,5.649,7.464,8.378,10.534,12.775,14.122,14.537,15.260,15.914,15.042,14.977,14.881,14.218,15.253,14.975,15.088
14.376,13.675,10.377,11.444,12.117,11.255,8.629,7.891,7.611,5.649,0.000,5.804,7.703,9.325,11.095,13.445,14.302,14.872,15.641,14.781,14.894,14.907,14.596,15.515,15.189,15.329
15.839,15.365,12.243,13.102,11.671,12.270,10.998,8.887,7.222,7.464,5.804,0.000,5.887,7.654,9.050,11.132,12.746,14.232,14.883,13.613,13.993,13.996,13.738,14.856,14.676,15.042
17.243,17.418,14.421,14.788,13.282,12.254,12.825,12.137,9.522,8.378,7.703,5.887,0.000,5.964,7.664,9.418,10.957,13.251,14.515,12.853,13.529,13.763,13.859,14.605,14.735,15.218
16.903,17.434,14.887,15.860,15.597,14.175,13.246,13.499,12.020,10.534,9.325,7.654,5.964,0.000,6.031,7.714,9.548,10.899,12.846,11.522,12.375,12.927,13.365,14.497,14.823,15.663
16.832,17.176,15.613,16.860,16.168,15.725,14.500,13.705,13.502,12.775,11.095,9.050,7.664,6.031,0.000,6.004,7.944,9.487,11.453,10.782,12.506,13.229,13.735,14.858,15.281,16.042
17.181,17.710,16.710,17.863,16.756,16.339,15.778,14.855,14.031,14.122,13.445,11.132,9.418,7.714,6.004,0.000,5.990,8.513,10.221,9.037,11.322,12.172,13.137,14.152,14.685,15.858
17.178,17.621,17.167,17.776,17.515,16.640,16.357,15.887,14.776,14.537,14.302,12.746,10.957,9.548,7.944,5.990,0.000,6.336,6.800,6.076,9.082,10.913,12.192,13.400,13.951,15.424
17.123,17.511,17.198,17.676,17.248,17.295,16.807,16.529,15.763,15.260,14.872,14.232,13.251,10.899,9.487,8.513,6.336,0.000,5.701,7.553,9.288,10.809,12.058,12.985,13.322,14.747
16.947,17.118,17.330,17.289,16.942,16.818,17.063,16.736,16.141,15.914,15.641,14.883,14.515,12.846,11.453,10.221,6.800,5.701,0.000,5.766,7.961,9.758,11.246,12.190,13.217,14.742
16.654,16.819,16.683,16.788,16.319,16.157,16.157,16.184,15.344,15.042,14.781,13.613,12.853,11.522,10.782,9.037,6.076,7.553,5.766,0.000,5.814,7.754,9.411,10.867,12.145,13.968
16.421,16.203,16.293,16.180,15.809,15.535,15.668,15.520,15.207,14.977,14.894,13.993,13.529,12.375,12.506,11.322,9.082,9.288,7.961,5.814,0.000,5.662,7.264,8.732,9.925,12.219
16.152,16.085,16.169,15.740,15.212,15.314,15.176,15.244,14.789,14.881,14.907,13.996,13.763,12.927,13.229,12.172,10.913,10.809,9.758,7.754,5.662,0.000,5.677,7.715,9.383,11.510
16.193,16.019,15.765,15.134,14.132,14.222,14.080,14.252,13.906,14.218,14.596,13.738,13.859,13.365,13.735,13.137,12.192,12.058,11.246,9.411,7.264,5.677,0.000,5.699,7.488,9.272
15.972,15.836,15.602,15.292,14.254,14.496,14.659,15.004,14.932,15.253,15.515,14.856,14.605,14.497,14.858,14.152,13.400,12.985,12.190,10.867,8.732,7.715,5.699,0.000,5.790,7.684
16.253,16.061,16.029,15.752,14.940,14.750,14.730,14.977,14.821,14.975,15.189,14.676,14.735,14.823,15.281,14.685,13.951,13.322,13.217,12.145,9.925,9.383,7.488,5.790,0.000,6.076
15.971,15.718,15.691,15.280,14.309,14.582,14.458,14.605,14.695,15.088,15.329,15.042,15.218,15.663,16.042,15.858,15.424,14.747,14.742,13.968,12.219,11.510,9.272,7.684,6.076,0.000