c1,c2,c3,c4,c5,c6,c7,c8,c9,c10,c11,c12,c13,c14,c15,c16,c17,c18,c19,c20,c21,c22,c23,c24,c25,c26
0.000,6.192,7.681,9.888,12.443,14.639,16.292,16.320,17.034,17.143,17.063,15.827,15.098,15.404,15.805,15.540,15.913,15.679,15.616,15.123,15.021,14.559,14.728,14.412,14.608,14.734
6.192,0.000,5.748,7.555,10.427,12.797,15.354,15.784,16.931,16.803,17.035,15.493,14.638,15.030,15.375,15.455,16.037,15.721,15.475,14.847,14.518,14.034,13.922,13.643,13.871,14.006
7.681,5.748,0.000,5.792,7.394,9.878,12.343,13.370,15.621,16.107,16.110,14.470,13.932,15.227,15.388,15.656,15.862,15.255,15.103,14.478,13.735,13.164,12.987,12.658,13.198,13.281
9.888,7.555,5.792,0.000,5.760,7.314,10.284,11.794,14.861,15.754,16.771,14.367,14.255,16.160,16.269,16.521,16.553,15.671,15.478,14.737,13.702,13.254,12.830,12.666,12.977,13.020
12.443,10.427,7.394,5.760,0.000,5.874,7.246,8.124,11.393,12.683,14.470,11.606,11.862,15.049,15.431,15.989,15.728,14.625,14.417,13.834,12.885,12.493,12.307,11.793,12.224,12.172
14.639,12.797,9.878,7.314,5.874,0.000,5.616,8.163,11.134,12.696,14.855,11.973,12.651,16.021,16.661,17.179,16.735,15.417,15.126,14.566,13.239,12.791,12.779,12.340,12.221,12.565
16.292,15.354,12.343,10.284,7.246,5.616,0.000,5.975,8.587,10.219,12.591,10.394,11.352,15.063,15.887,16.943,16.620,15.212,15.086,14.676,13.369,12.872,12.879,12.531,12.736,12.673
16.320,15.784,13.370,11.794,8.124,8.163,5.975,0.000,6.106,7.941,9.101,5.652,7.163,10.965,12.035,13.785,13.876,12.881,12.637,13.232,12.401,12.388,12.725,13.200,13.979,14.106
17.034,16.931,15.621,14.861,11.393,11.134,8.587,6.106,0.000,5.683,5.814,5.392,8.376,10.803,12.318,14.759,14.633,13.619,13.206,13.735,13.193,13.321,13.864,14.153,14.734,15.082
17.143,16.803,16.107,15.754,12.683,12.696,10.219,7.941,5.683,0.000,5.570,7.388,7.521,9.097,11.538,13.704,14.073,13.455,13.614,14.429,14.221,14.381,15.073,15.538,15.829,16.055
17.063,17.035,16.110,16.771,14.470,14.855,12.591,9.101,5.814,5.570,0.000,5.850,7.703,7.944,9.698,12.114,12.722,12.482,12.349,13.395,13.540,13.877,14.827,15.491,16.062,16.380
15.827,15.493,14.470,14.367,11.606,11.973,10.394,5.652,5.392,7.388,5.850,0.000,5.805,8.058,9.481,11.819,11.892,11.739,11.381,12.315,12.511,13.065,14.051,14.922,15.558,15.890
15.098,14.638,13.932,14.255,11.862,12.651,11.352,7.163,8.376,7.521,7.703,5.805,0.000,5.941,7.616,9.946,10.355,11.047,11.026,12.658,12.999,13.596,14.646,15.452,15.973,16.156
15.404,15.030,15.227,16.160,15.049,16.021,15.063,10.965,10.803,9.097,7.944,8.058,5.941,0.000,6.151,8.367,9.782,11.164,11.561,13.855,14.351,14.688,15.729,16.400,16.733,16.693
15.805,15.375,15.388,16.269,15.431,16.661,15.887,12.035,12.318,11.538,9.698,9.481,7.616,6.151,0.000,5.986,6.953,9.411,9.584,12.483,13.588,13.795,14.585,15.635,16.109,16.360
15.540,15.455,15.656,16.521,15.989,17.179,16.943,13.785,14.759,13.704,12.114,11.819,9.946,8.367,5.986,0.000,6.006,9.209,10.359,12.725,14.522,14.439,15.016,15.940,16.392,16.534
15.913,16.037,15.862,16.553,15.728,16.735,16.620,13.876,14.633,14.073,12.722,11.892,10.355,9.782,6.953,6.006,0.000,6.305,7.655,9.613,11.723,12.270,13.229,14.671,15.276,15.917
15.679,15.721,15.255,15.671,14.625,15.417,15.212,12.881,13.619,13.455,12.482,11.739,11.047,11.164,9.411,9.209,6.305,0.000,6.031,7.465,8.802,9.166,10.696,12.347,13.450,14.306
15.616,15.475,15.103,15.478,14.417,15.126,15.086,12.637,13.206,13.614,12.349,11.381,11.026,11.561,9.584,10.359,7.655,6.031,0.000,5.821,7.103,8.345,9.806,12.100,13.406,14.658
15.123,14.847,14.478,14.737,13.834,14.566,14.676,13.232,13.735,14.429,13.395,12.315,12.658,13.855,12.483,12.725,9.613,7.465,5.821,0.000,5.760,7.419,8.020,10.278,12.031,13.719
15.021,14.518,13.735,13.702,12.885,13.239,13.369,12.401,13.193,14.221,13.540,12.511,12.999,14.351,13.588,14.522,11.723,8.802,7.103,5.760,0.000,5.671,7.632,8.847,10.676,12.762
14.559,14.034,13.164,13.254,12.493,12.791,12.872,12.388,13.321,14.381,13.877,13.065,13.596,14.688,13.795,14.439,12.270,9.166,8.345,7.419,5.671,0.000,5.848,7.792,9.361,11.157
14.728,13.922,12.987,12.830,12.307,12.779,12.879,12.725,13.864,15.073,14.827,14.051,14.646,15.729,14.585,15.016,13.229,10.696,9.806,8.020,7.632,5.848,0.000,5.834,7.615,9.551
14.412,13.643,12.658,12.666,11.793,12.340,12.531,13.200,14.153,15.538,15.491,14.922,15.452,16.400,15.635,15.940,14.671,12.347,12.100,10.278,8.847,7.792,5.834,0.000,6.096,7.833
14.608,13.871,13.198,12.977,12.224,12.221,12.736,13.979,14.734,15.829,16.062,15.558,15.973,16.733,16.109,16.392,15.276,13.450,13.406,12.031,10.676,9.361,7.615,6.096,0.000,6.381
14.734,14.006,13.281,13.020,12.172,12.565,12.673,14.106,15.082,16.055,16.380,15.890,16.156,16.693,16.360,16.534,15.917,14.306,14.658,13.719,12.762,11.157,9.551,7.833,6.381,0.000