c1,c2,c3,c4,c5,c6,c7,c8,c9,c10,c11,c12,c13,c14,c15,c16,c17,c18,c19,c20,c21,c22,c23,c24,c25,c26
0.000,6.229,7.763,10.385,13.531,13.874,10.619,11.742,14.355,14.495,13.359,15.834,15.526,13.925,13.894,15.322,15.318,14.789,13.860,14.001,13.945,14.498,14.948,15.466,15.563,15.477
6.229,0.000,5.875,7.876,10.766,11.889,9.006,10.079,13.230,13.671,12.854,15.388,15.354,13.289,13.423,14.892,15.079,14.633,13.611,13.941,13.292,13.757,14.093,14.757,14.883,14.807
7.763,5.875,0.000,5.762,8.485,8.937,5.687,6.972,10.281,11.149,10.758,13.993,14.105,12.015,12.255,14.304,14.742,14.500,13.262,13.975,12.956,13.458,13.670,14.390,14.774,14.711
10.385,7.876,5.762,0.000,5.569,5.695,5.751,8.280,10.382,11.922,13.251,15.925,16.163,14.269,14.453,16.455,16.511,16.050,15.065,15.489,14.361,14.360,14.261,14.789,15.002,14.812
13.531,10.766,8.485,5.569,0.000,5.521,7.439,7.252,9.035,11.939,13.295,15.689,15.996,14.269,13.823,15.581,15.731,15.463,14.810,15.284,14.155,14.303,13.911,14.337,14.667,14.728
13.874,11.889,8.937,5.695,5.521,0.000,5.956,7.583,7.911,9.899,12.306,15.054,15.970,14.280,14.455,16.471,16.571,16.375,15.459,15.852,14.532,14.731,14.158,14.537,14.760,14.637
10.619,9.006,5.687,5.751,7.439,5.956,0.000,5.879,7.671,8.624,9.801,13.245,14.305,12.289,12.709,14.847,15.111,15.255,14.274,14.886,13.486,14.210,13.860,14.405,14.587,14.484
11.742,10.079,6.972,8.280,7.252,7.583,5.879,0.000,5.828,7.931,8.905,11.518,12.675,11.210,10.836,13.022,13.500,13.709,12.721,13.830,12.310,13.468,13.231,13.780,14.029,13.974
14.355,13.230,10.281,10.382,9.035,7.911,7.671,5.828,0.000,5.806,7.881,10.157,11.936,11.303,11.983,14.048,14.525,14.915,13.367,14.258,12.579,13.618,13.515,14.097,14.287,14.468
14.495,13.671,11.149,11.922,11.939,9.899,8.624,7.931,5.806,0.000,6.165,8.899,11.014,10.625,12.208,14.253,14.889,15.544,13.964,15.252,13.592,14.768,14.714,15.184,15.156,15.382
13.359,12.854,10.758,13.251,13.295,12.306,9.801,8.905,7.881,6.165,0.000,6.712,7.268,6.503,9.224,11.514,12.785,13.919,12.111,13.857,12.320,13.884,14.510,15.132,15.265,15.627
15.834,15.388,13.993,15.925,15.689,15.054,13.245,11.518,10.157,8.899,6.712,0.000,5.958,7.571,9.070,10.852,12.809,14.354,12.582,14.239,13.149,14.591,15.034,15.643,15.840,16.223
15.526,15.354,14.105,16.163,15.996,15.970,14.305,12.675,11.936,11.014,7.268,5.958,0.000,6.237,7.966,9.509,10.995,13.035,11.473,13.513,12.644,14.222,14.771,15.420,15.566,16.075
13.925,13.289,12.015,14.269,14.269,14.280,12.289,11.210,11.303,10.625,6.503,7.571,6.237,0.000,6.436,7.987,9.397,10.931,9.851,11.935,11.273,13.099,14.001,14.828,14.883,15.579
13.894,13.423,12.255,14.453,13.823,14.455,12.709,10.836,11.983,12.208,9.224,9.070,7.966,6.436,0.000,6.273,7.959,9.272,7.742,9.963,9.666,12.033,13.028,14.117,14.181,15.089
15.322,14.892,14.304,16.455,15.581,16.471,14.847,13.022,14.048,14.253,11.514,10.852,9.509,7.987,6.273,0.000,6.317,7.887,7.667,10.388,11.355,13.492,14.577,14.942,14.885,15.428
15.318,15.079,14.742,16.511,15.731,16.571,15.111,13.500,14.525,14.889,12.785,12.809,10.995,9.397,7.959,6.317,0.000,5.776,7.693,10.259,11.721,14.100,15.395,15.409,15.169,15.590
14.789,14.633,14.500,16.050,15.463,16.375,15.255,13.709,14.915,15.544,13.919,14.354,13.035,10.931,9.272,7.887,5.776,0.000,6.212,8.460,10.802,12.587,14.677,14.970,14.609,15.035
13.860,13.611,13.262,15.065,14.810,15.459,14.274,12.721,13.367,13.964,12.111,12.582,11.473,9.851,7.742,7.667,7.693,6.212,0.000,6.188,7.522,9.698,11.616,13.041,13.080,13.597
14.001,13.941,13.975,15.489,15.284,15.852,14.886,13.830,14.258,15.252,13.857,14.239,13.513,11.935,9.963,10.388,10.259,8.460,6.188,0.000,6.190,7.553,9.776,11.305,12.476,13.382
13.945,13.292,12.956,14.361,14.155,14.532,13.486,12.310,12.579,13.592,12.320,13.149,12.644,11.273,9.666,11.355,11.721,10.802,7.522,6.190,0.000,6.399,7.569,9.133,10.185,11.727
14.498,13.757,13.458,14.360,14.303,14.731,14.210,13.468,13.618,14.768,13.884,14.591,14.222,13.099,12.033,13.492,14.100,12.587,9.698,7.553,6.399,0.000,6.090,7.999,9.646,11.240
14.948,14.093,13.670,14.261,13.911,14.158,13.860,13.231,13.515,14.714,14.510,15.034,14.771,14.001,13.028,14.577,15.395,14.677,11.616,9.776,7.569,6.090,0.000,5.884,7.558,9.682
15.466,14.757,14.390,14.789,14.337,14.537,14.405,13.780,14.097,15.184,15.132,15.643,15.420,14.828,14.117,14.942,15.409,14.970,13.041,11.305,9.133,7.999,5.884,0.000,6.150,7.719
15.563,14.883,14.774,15.002,14.667,14.760,14.587,14.029,14.287,15.156,15.265,15.840,15.566,14.883,14.181,14.885,15.169,14.609,13.080,12.476,10.185,9.646,7.558,6.150,0.000,6.529
15.477,14.807,14.711,14.812,14.728,14.637,14.484,13.974,14.468,15.382,15.627,16.223,16.075,15.579,15.089,15.428,15.590,15.035,13.597,13.382,11.727,11.240,9.682,7.719,6.529,0.000