c1,c2,c3,c4,c5,c6,c7,c8,c9,c10,c11,c12,c13,c14,c15,c16,c17,c18,c19,c20,c21,c22,c23,c24,c25,c26
0.000,6.334,7.645,10.410,11.891,14.283,14.034,13.038,14.282,13.940,13.470,13.841,13.431,14.344,14.605,15.028,14.932,14.484,15.340,15.469,14.976,15.406,15.907,15.796,15.350,15.719
6.334,0.000,6.119,7.738,9.507,11.968,12.410,11.752,13.294,12.915,12.713,12.966,12.467,13.585,14.020,14.707,14.384,13.705,14.868,14.899,14.129,14.788,15.383,15.307,14.781,15.423
7.645,6.119,0.000,6.033,6.677,9.331,10.130,9.893,12.378,12.522,12.490,13.245,12.534,13.710,14.064,14.699,14.337,13.431,14.595,14.560,13.640,14.334,14.987,14.897,14.482,15.174
10.410,7.738,6.033,0.000,5.962,8.307,10.201,10.542,13.089,13.254,13.136,13.740,12.937,14.024,14.295,14.847,14.412,13.433,14.672,14.455,13.499,14.301,14.876,14.801,14.211,15.019
11.891,9.507,6.677,5.962,0.000,6.170,6.425,7.577,10.693,11.716,12.652,13.633,13.040,14.235,14.551,14.796,14.355,13.521,14.641,14.409,13.315,14.188,14.676,14.600,14.232,14.939
14.283,11.968,9.331,8.307,6.170,0.000,6.173,8.019,10.514,11.969,13.393,14.679,13.932,14.777,15.089,15.364,14.841,14.147,15.255,14.948,13.700,14.480,14.792,14.800,14.354,15.150
14.034,12.410,10.130,10.201,6.425,6.173,0.000,5.897,8.530,10.211,11.625,13.597,13.155,14.316,14.542,14.913,14.416,13.758,14.907,14.929,13.637,14.327,14.903,14.824,14.237,14.762
13.038,11.752,9.893,10.542,7.577,8.019,5.897,0.000,6.930,7.299,8.253,10.611,11.559,13.150,13.661,14.334,14.100,13.496,14.649,14.978,14.011,14.545,15.188,15.149,14.607,15.060
14.282,13.294,12.378,13.089,10.693,10.514,8.530,6.930,0.000,5.962,7.501,9.293,10.399,12.538,13.698,14.512,14.290,13.817,14.802,15.520,14.782,15.057,15.664,15.775,15.303,15.475
13.940,12.915,12.522,13.254,11.716,11.969,10.211,7.299,5.962,0.000,6.359,7.723,9.185,11.309,12.911,14.387,14.102,13.628,14.725,15.557,15.068,15.392,15.953,16.199,15.866,15.953
13.470,12.713,12.490,13.136,12.652,13.393,11.625,8.253,7.501,6.359,0.000,6.558,8.115,10.178,11.759,13.643,13.796,12.977,14.210,15.108,14.572,14.885,16.003,16.093,15.750,15.881
13.841,12.966,13.245,13.740,13.633,14.679,13.597,10.611,9.293,7.723,6.558,0.000,6.453,8.489,10.478,12.110,12.837,12.405,13.398,14.472,14.189,14.653,16.110,16.428,15.932,16.141
13.431,12.467,12.534,12.937,13.040,13.932,13.155,11.559,10.399,9.185,8.115,6.453,0.000,6.644,7.911,9.603,9.825,9.629,11.145,12.007,11.881,12.895,14.492,14.897,15.079,15.772
14.344,13.585,13.710,14.024,14.235,14.777,14.316,13.150,12.538,11.309,10.178,8.489,6.644,0.000,6.566,8.284,9.048,9.406,10.906,11.879,12.105,13.264,14.680,15.525,16.233,16.954
14.605,14.020,14.064,14.295,14.551,15.089,14.542,13.661,13.698,12.911,11.759,10.478,7.911,6.566,0.000,6.636,7.334,7.766,8.961,10.607,11.232,11.865,13.507,14.729,15.673,16.644
15.028,14.707,14.699,14.847,14.796,15.364,14.913,14.334,14.512,14.387,13.643,12.110,9.603,8.284,6.636,0.000,6.259,7.790,7.514,8.050,10.362,11.517,11.868,13.305,15.074,16.107
14.932,14.384,14.337,14.412,14.355,14.841,14.416,14.100,14.290,14.102,13.796,12.837,9.825,9.048,7.334,6.259,0.000,5.955,7.545,7.080,7.734,10.411,11.558,11.837,13.357,15.249
14.484,13.705,13.431,13.433,13.521,14.147,13.758,13.496,13.817,13.628,12.977,12.405,9.629,9.406,7.766,7.790,5.955,0.000,6.008,7.493,6.535,7.551,10.505,11.579,11.707,13.443
15.340,14.868,14.595,14.672,14.641,15.255,14.907,14.649,14.802,14.725,14.210,13.398,11.145,10.906,8.961,7.514,7.545,6.008,0.000,5.826,7.618,6.917,8.004,10.838,11.981,12.618
15.469,14.899,14.560,14.455,14.409,14.948,14.929,14.978,15.520,15.557,15.108,14.472,12.007,11.879,10.607,8.050,7.080,7.493,5.826,0.000,6.014,7.628,7.058,8.159,10.823,12.429
14.976,14.129,13.640,13.499,13.315,13.700,13.637,14.011,14.782,15.068,14.572,14.189,11.881,12.105,11.232,10.362,7.734,6.535,7.618,6.014,0.000,6.058,7.710,7.115,8.122,10.880
15.406,14.788,14.334,14.301,14.188,14.480,14.327,14.545,15.057,15.392,14.885,14.653,12.895,13.264,11.865,11.517,10.411,7.551,6.917,7.628,6.058,0.000,6.082,7.691,7.514,9.046
15.907,15.383,14.987,14.876,14.676,14.792,14.903,15.188,15.664,15.953,16.003,16.110,14.492,14.680,13.507,11.868,11.558,10.505,8.004,7.058,7.710,6.082,0.000,5.990,7.618,8.175
15.796,15.307,14.897,14.801,14.600,14.800,14.824,15.149,15.775,16.199,16.093,16.428,14.897,15.525,14.729,13.305,11.837,11.579,10.838,8.159,7.115,7.691,5.990,0.000,5.998,7.897
15.350,14.781,14.482,14.211,14.232,14.354,14.237,14.607,15.303,15.866,15.750,15.932,15.079,16.233,15.673,15.074,13.357,11.707,11.981,10.823,8.122,7.514,7.618,5.998,0.000,6.330
15.719,15.423,15.174,15.019,14.939,15.150,14.762,15.060,15.475,15.953,15.881,16.141,15.772,16.954,16.644,16.107,15.249,13.443,12.618,12.429,10.880,9.046,8.175,7.897,6.330,0.000