c1,c2,c3,c4,c5,c6,c7,c8,c9,c10,c11,c12,c13,c14,c15,c16,c17,c18,c19,c20,c21,c22,c23,c24,c25,c26
0.000,6.173,7.679,9.387,11.081,12.169,12.830,13.462,13.974,14.798,14.874,15.277,16.443,16.245,16.196,16.146,15.962,15.407,15.768,15.317,14.946,15.277,15.184,15.458,15.159,15.211
6.173,0.000,5.741,7.751,8.442,9.647,10.790,12.004,11.946,13.084,13.459,13.712,15.220,16.073,15.928,15.890,15.552,14.884,15.382,14.830,14.346,14.870,14.772,15.286,14.999,14.876
7.679,5.741,0.000,5.531,6.975,8.319,9.669,11.496,12.365,12.637,12.860,13.779,15.288,15.925,16.415,15.952,15.825,15.075,15.568,15.066,14.523,15.117,14.906,15.177,14.947,14.819
9.387,7.751,5.531,0.000,5.590,7.609,8.541,10.325,12.216,13.156,12.335,13.130,15.588,16.114,16.335,16.640,16.053,15.285,15.713,15.118,14.400,14.924,14.755,15.226,14.895,14.802
11.081,8.442,6.975,5.590,0.000,5.693,7.157,8.180,9.513,11.344,11.451,11.368,13.585,14.910,15.166,15.717,15.693,14.427,15.212,14.480,13.666,14.304,14.100,14.755,14.452,14.533
12.169,9.647,8.319,7.609,5.693,0.000,5.651,7.787,8.623,9.812,10.967,11.889,13.290,14.428,15.423,16.000,15.789,15.187,15.973,15.501,14.380,14.977,14.911,15.482,15.177,14.851
12.830,10.790,9.669,8.541,7.157,5.651,0.000,5.719,7.722,8.034,8.234,10.257,12.462,12.828,13.728,15.007,14.674,13.904,15.219,14.521,13.682,14.267,14.229,14.952,14.942,14.832
13.462,12.004,11.496,10.325,8.180,7.787,5.719,0.000,5.732,7.252,7.439,8.940,11.825,13.282,13.706,14.720,14.578,13.988,15.422,15.434,14.032,14.673,14.568,15.075,15.092,15.051
13.974,11.946,12.365,12.216,9.513,8.623,7.722,5.732,0.000,5.725,7.580,7.609,10.180,12.449,13.632,14.297,13.890,13.637,14.954,15.216,13.890,14.196,14.424,14.867,14.903,14.963
14.798,13.084,12.637,13.156,11.344,9.812,8.034,7.252,5.725,0.000,5.906,7.785,8.753,10.930,12.587,13.883,13.411,13.024,14.693,15.185,14.201,14.905,15.138,15.524,15.526,15.315
14.874,13.459,12.860,12.335,11.451,10.967,8.234,7.439,7.580,5.906,0.000,6.215,8.154,9.732,10.983,12.721,12.818,11.968,13.465,14.282,13.433,14.344,15.126,15.649,15.618,15.560
15.277,13.712,13.779,13.130,11.368,11.889,10.257,8.940,7.609,7.785,6.215,0.000,6.585,8.616,9.379,11.117,11.211,10.641,12.125,12.808,12.697,13.298,14.259,15.273,15.205,15.207
16.443,15.220,15.288,15.588,13.585,13.290,12.462,11.825,10.180,8.753,8.154,6.585,0.000,6.745,8.101,9.830,10.136,10.247,12.038,12.971,12.891,14.053,14.978,15.997,16.176,15.984
16.245,16.073,15.925,16.114,14.910,14.428,12.828,13.282,12.449,10.930,9.732,8.616,6.745,0.000,6.661,8.607,9.167,9.280,11.292,12.774,12.783,13.747,14.878,15.885,16.205,16.292
16.196,15.928,16.415,16.335,15.166,15.423,13.728,13.706,13.632,12.587,10.983,9.379,8.101,6.661,0.000,6.583,7.533,7.995,9.771,11.809,12.750,13.329,14.437,15.553,15.950,16.349
16.146,15.890,15.952,16.640,15.717,16.000,15.007,14.720,14.297,13.883,12.721,11.117,9.830,8.607,6.583,0.000,6.172,7.870,8.949,10.610,12.739,13.718,14.099,14.930,15.847,16.212
15.962,15.552,15.825,16.053,15.693,15.789,14.674,14.578,13.890,13.411,12.818,11.211,10.136,9.167,7.533,6.172,0.000,5.983,7.930,9.249,11.171,13.298,14.568,14.727,15.019,15.927
15.407,14.884,15.075,15.285,14.427,15.187,13.904,13.988,13.637,13.024,11.968,10.641,10.247,9.280,7.995,7.870,5.983,0.000,5.842,7.306,8.495,10.487,13.169,14.394,13.980,14.475
15.768,15.382,15.568,15.713,15.212,15.973,15.219,15.422,14.954,14.693,13.465,12.125,12.038,11.292,9.771,8.949,7.930,5.842,0.000,5.673,7.819,9.205,11.636,14.066,14.530,14.253
15.317,14.830,15.066,15.118,14.480,15.501,14.521,15.434,15.216,15.185,14.282,12.808,12.971,12.774,11.809,10.610,9.249,7.306,5.673,0.000,5.664,7.277,9.295,11.457,13.311,14.097
14.946,14.346,14.523,14.400,13.666,14.380,13.682,14.032,13.890,14.201,13.433,12.697,12.891,12.783,12.750,12.739,11.171,8.495,7.819,5.664,0.000,5.733,7.276,9.338,10.907,12.417
15.277,14.870,15.117,14.924,14.304,14.977,14.267,14.673,14.196,14.905,14.344,13.298,14.053,13.747,13.329,13.718,13.298,10.487,9.205,7.277,5.733,0.000,5.671,7.185,8.646,10.536
15.184,14.772,14.906,14.755,14.100,14.911,14.229,14.568,14.424,15.138,15.126,14.259,14.978,14.878,14.437,14.099,14.568,13.169,11.636,9.295,7.276,5.671,0.000,5.631,7.410,8.532
15.458,15.286,15.177,15.226,14.755,15.482,14.952,15.075,14.867,15.524,15.649,15.273,15.997,15.885,15.553,14.930,14.727,14.394,14.066,11.457,9.338,7.185,5.631,0.000,5.618,7.693
15.159,14.999,14.947,14.895,14.452,15.177,14.942,15.092,14.903,15.526,15.618,15.205,16.176,16.205,15.950,15.847,15.019,13.980,14.530,13.311,10.907,8.646,7.410,5.618,0.000,5.998
15.211,14.876,14.819,14.802,14.533,14.851,14.832,15.051,14.963,15.315,15.560,15.207,15.984,16.292,16.349,16.212,15.927,14.475,14.253,14.097,12.417,10.536,8.532,7.693,5.998,0.000