c1,c2,c3,c4,c5,c6,c7,c8,c9,c10,c11,c12,c13,c14,c15,c16,c17,c18,c19,c20,c21,c22,c23,c24,c25,c26
0.000,6.106,7.597,9.923,11.081,13.290,13.099,12.870,13.285,14.663,14.914,14.555,15.452,15.173,14.813,14.891,14.954,14.034,14.980,15.013,14.244,15.081,14.453,14.701,13.935,14.982
6.106,0.000,5.941,7.392,7.727,9.908,10.740,11.052,11.270,12.889,13.649,13.073,14.533,14.512,14.027,14.221,13.952,12.737,14.048,13.701,12.727,13.917,13.203,13.753,13.045,14.404
7.597,5.941,0.000,5.657,7.668,9.296,9.466,10.943,11.420,12.483,13.473,13.664,14.935,14.935,14.739,14.883,14.645,13.013,14.659,14.328,13.278,14.325,13.724,14.196,13.806,14.892
9.923,7.392,5.657,0.000,5.926,7.703,8.556,9.584,10.954,12.666,13.234,13.415,15.291,15.535,15.370,15.679,15.159,13.050,14.476,13.901,12.516,13.999,13.346,14.218,13.877,15.238
11.081,7.727,7.668,5.926,0.000,5.861,7.453,7.462,7.828,10.856,12.111,11.812,13.478,14.039,13.870,14.359,13.711,11.443,13.089,12.001,10.869,12.978,12.544,13.577,13.394,15.022
13.290,9.908,9.296,7.703,5.861,0.000,5.835,7.873,7.794,9.495,12.005,12.246,13.489,13.951,14.348,14.862,14.548,12.524,14.213,13.396,12.067,14.103,13.798,14.504,14.403,15.841
13.099,10.740,9.466,8.556,7.453,5.835,0.000,5.906,7.777,7.936,9.986,11.316,13.397,13.564,13.825,14.984,14.788,12.660,14.804,14.184,12.826,14.815,14.322,15.006,14.889,16.150
12.870,11.052,10.943,9.584,7.462,7.873,5.906,0.000,6.433,8.032,8.820,9.362,12.245,12.938,13.283,14.016,13.980,12.597,14.442,14.228,12.990,14.857,14.538,15.011,15.048,16.130
13.285,11.270,11.420,10.954,7.828,7.794,7.777,6.433,0.000,6.308,8.117,7.706,9.899,11.157,11.947,12.439,12.149,10.899,12.513,12.616,12.075,13.869,13.869,14.410,14.375,15.788
14.663,12.889,12.483,12.666,10.856,9.495,7.936,8.032,6.308,0.000,6.986,8.467,9.956,11.102,12.663,13.846,13.508,12.560,14.472,14.302,13.761,15.602,15.326,15.624,15.341,16.429
14.914,13.649,13.473,13.234,12.111,12.005,9.986,8.820,8.117,6.986,0.000,7.084,8.634,10.046,11.572,13.395,13.430,12.679,14.355,14.614,14.278,15.985,15.761,15.736,15.330,16.509
14.555,13.073,13.664,13.415,11.812,12.246,11.316,9.362,7.706,8.467,7.084,0.000,7.396,8.699,10.216,12.012,12.570,12.497,14.176,14.282,14.117,15.800,15.491,15.453,14.873,16.243
15.452,14.533,14.935,15.291,13.478,13.489,13.397,12.245,9.899,9.956,8.634,7.396,0.000,7.346,9.248,10.574,11.450,12.174,13.914,14.245,14.015,15.818,15.429,15.332,14.833,15.980
15.173,14.512,14.935,15.535,14.039,13.951,13.564,12.938,11.157,11.102,10.046,8.699,7.346,0.000,7.644,8.948,9.194,10.395,12.389,13.096,12.869,14.323,14.419,14.066,13.604,15.314
14.813,14.027,14.739,15.370,13.870,14.348,13.825,13.283,11.947,12.663,11.572,10.216,9.248,7.644,0.000,7.433,8.694,8.890,10.877,12.212,12.328,13.313,13.251,13.275,12.598,14.578
14.891,14.221,14.883,15.679,14.359,14.862,14.984,14.016,12.439,13.846,13.395,12.012,10.574,8.948,7.433,0.000,6.593,8.232,9.466,10.947,11.459,12.735,13.356,13.343,12.950,14.837
14.954,13.952,14.645,15.159,13.711,14.548,14.788,13.980,12.149,13.508,13.430,12.570,11.450,9.194,8.694,6.593,0.000,6.603,8.154,9.507,9.115,10.836,11.651,11.924,11.605,13.864
14.034,12.737,13.013,13.050,11.443,12.524,12.660,12.597,10.899,12.560,12.679,12.497,12.174,10.395,8.890,8.232,6.603,0.000,6.238,6.615,7.160,8.918,9.869,10.732,10.846,13.174
14.980,14.048,14.659,14.476,13.089,14.213,14.804,14.442,12.513,14.472,14.355,14.176,13.914,12.389,10.877,9.466,8.154,6.238,0.000,5.734,7.814,7.986,10.113,11.746,11.999,14.238
15.013,13.701,14.328,13.901,12.001,13.396,14.184,14.228,12.616,14.302,14.614,14.282,14.245,13.096,12.212,10.947,9.507,6.615,5.734,0.000,5.604,8.030,9.205,11.118,12.028,14.531
14.244,12.727,13.278,12.516,10.869,12.067,12.826,12.990,12.075,13.761,14.278,14.117,14.015,12.869,12.328,11.459,9.115,7.160,7.814,5.604,0.000,6.233,6.522,8.475,9.945,12.535
15.081,13.917,14.325,13.999,12.978,14.103,14.815,14.857,13.869,15.602,15.985,15.800,15.818,14.323,13.313,12.735,10.836,8.918,7.986,8.030,6.233,0.000,6.002,8.265,9.673,12.209
14.453,13.203,13.724,13.346,12.544,13.798,14.322,14.538,13.869,15.326,15.761,15.491,15.429,14.419,13.251,13.356,11.651,9.869,10.113,9.205,6.522,6.002,0.000,5.988,7.645,9.802
14.701,13.753,14.196,14.218,13.577,14.504,15.006,15.011,14.410,15.624,15.736,15.453,15.332,14.066,13.275,13.343,11.924,10.732,11.746,11.118,8.475,8.265,5.988,0.000,6.218,8.518
13.935,13.045,13.806,13.877,13.394,14.403,14.889,15.048,14.375,15.341,15.330,14.873,14.833,13.604,12.598,12.950,11.605,10.846,11.999,12.028,9.945,9.673,7.645,6.218,0.000,6.877
14.982,14.404,14.892,15.238,15.022,15.841,16.150,16.130,15.788,16.429,16.509,16.243,15.980,15.314,14.578,14.837,13.864,13.174,14.238,14.531,12.535,12.209,9.802,8.518,6.877,0.000