c1,c2,c3,c4,c5,c6,c7,c8,c9,c10,c11,c12,c13,c14,c15,c16,c17,c18,c19,c20,c21,c22,c23,c24,c25,c26
0.000,5.990,7.478,10.559,11.530,13.632,12.672,11.671,12.112,12.653,12.868,13.226,13.731,14.432,14.315,14.422,14.460,13.993,15.315,15.089,14.277,15.180,14.569,14.913,14.538,15.327
5.990,0.000,5.973,7.534,7.486,9.987,10.098,9.548,11.227,12.485,13.656,14.225,14.582,15.049,14.770,14.719,14.210,13.179,14.887,14.219,13.161,14.500,14.065,14.752,14.402,15.227
7.478,5.973,0.000,5.440,7.620,9.481,9.215,9.696,11.142,12.741,13.411,14.048,14.228,14.634,14.233,14.266,13.891,12.536,14.307,13.956,12.841,14.125,13.783,14.636,14.614,15.491
10.559,7.534,5.440,0.000,5.923,7.573,9.417,10.504,12.686,14.751,15.314,15.487,15.306,15.396,14.991,14.872,14.255,12.687,14.214,13.573,12.488,13.947,13.744,14.819,14.546,15.473
11.530,7.486,7.620,5.923,0.000,5.622,6.970,9.144,11.049,13.620,14.913,15.448,15.205,15.321,14.659,14.246,13.470,11.520,12.887,12.009,10.845,12.904,12.320,13.753,13.950,15.045
13.632,9.987,9.481,7.573,5.622,0.000,5.954,7.787,10.530,12.892,14.987,15.872,15.359,15.383,15.168,15.043,14.445,12.692,14.237,13.236,12.288,14.042,13.699,14.813,14.843,15.883
12.672,10.098,9.215,9.417,6.970,5.954,0.000,6.210,7.637,10.113,12.013,13.835,14.104,14.789,14.404,14.524,13.940,12.421,13.804,13.408,12.362,13.909,13.349,14.308,14.512,15.595
11.671,9.548,9.696,10.504,9.144,7.787,6.210,0.000,6.476,8.085,10.558,12.580,13.674,14.866,14.968,15.122,14.867,13.516,14.790,14.525,13.626,14.955,14.223,15.157,15.032,15.939
12.112,11.227,11.142,12.686,11.049,10.530,7.637,6.476,0.000,6.547,7.780,10.031,10.927,12.888,13.779,14.570,14.535,13.710,14.786,14.851,14.161,15.093,14.464,14.924,14.939,15.792
12.653,12.485,12.741,14.751,13.620,12.892,10.113,8.085,6.547,0.000,6.618,9.395,10.616,12.744,14.600,15.752,15.796,14.983,15.901,15.613,15.114,16.337,15.693,15.798,15.635,16.165
12.868,13.656,13.411,15.314,14.913,14.987,12.013,10.558,7.780,6.618,0.000,6.985,8.116,9.704,11.932,14.219,15.174,14.959,15.648,15.904,15.717,16.393,15.740,15.288,14.851,15.503
13.226,14.225,14.048,15.487,15.448,15.872,13.835,12.580,10.031,9.395,6.985,0.000,7.215,8.249,10.378,12.832,14.483,15.086,15.743,16.052,15.996,16.416,15.417,14.783,14.173,14.977
13.731,14.582,14.228,15.306,15.205,15.359,14.104,13.674,10.927,10.616,8.116,7.215,0.000,7.310,8.409,10.649,12.293,13.491,14.992,15.617,15.601,15.900,14.645,13.679,13.259,14.348
14.432,15.049,14.634,15.396,15.321,15.383,14.789,14.866,12.888,12.744,9.704,8.249,7.310,0.000,7.839,8.840,10.715,12.270,13.958,15.653,15.105,14.820,13.751,12.687,12.044,13.380
14.315,14.770,14.233,14.991,14.659,15.168,14.404,14.968,13.779,14.600,11.932,10.378,8.409,7.839,0.000,7.428,8.512,10.116,11.750,13.888,13.204,13.012,12.145,11.378,10.964,12.797
14.422,14.719,14.266,14.872,14.246,15.043,14.524,15.122,14.570,15.752,14.219,12.832,10.649,8.840,7.428,0.000,7.098,8.304,9.850,11.984,12.026,12.138,11.865,10.968,10.201,12.643
14.460,14.210,13.891,14.255,13.470,14.445,13.940,14.867,14.535,15.796,15.174,14.483,12.293,10.715,8.512,7.098,0.000,6.774,7.545,9.855,9.184,9.386,9.534,8.990,9.322,12.289
13.993,13.179,12.536,12.687,11.520,12.692,12.421,13.516,13.710,14.983,14.959,15.086,13.491,12.270,10.116,8.304,6.774,0.000,6.378,6.018,6.341,8.088,7.837,8.590,8.715,11.789
15.315,14.887,14.307,14.214,12.887,14.237,13.804,14.790,14.786,15.901,15.648,15.743,14.992,13.958,11.750,9.850,7.545,6.378,0.000,5.863,7.954,8.100,9.885,11.180,11.238,14.261
15.089,14.219,13.956,13.573,12.009,13.236,13.408,14.525,14.851,15.613,15.904,16.052,15.617,15.653,13.888,11.984,9.855,6.018,5.863,0.000,5.397,8.024,8.930,11.305,11.674,14.628
14.277,13.161,12.841,12.488,10.845,12.288,12.362,13.626,14.161,15.114,15.717,15.996,15.601,15.105,13.204,12.026,9.184,6.341,7.954,5.397,0.000,6.197,5.678,8.919,10.318,13.087
15.180,14.500,14.125,13.947,12.904,14.042,13.909,14.955,15.093,16.337,16.393,16.416,15.900,14.820,13.012,12.138,9.386,8.088,8.100,8.024,6.197,0.000,6.028,8.421,10.107,12.924
14.569,14.065,13.783,13.744,12.320,13.699,13.349,14.223,14.464,15.693,15.740,15.417,14.645,13.751,12.145,11.865,9.534,7.837,9.885,8.930,5.678,6.028,0.000,6.003,7.478,10.183
14.913,14.752,14.636,14.819,13.753,14.813,14.308,15.157,14.924,15.798,15.288,14.783,13.679,12.687,11.378,10.968,8.990,8.590,11.180,11.305,8.919,8.421,6.003,0.000,6.329,8.561
14.538,14.402,14.614,14.546,13.950,14.843,14.512,15.032,14.939,15.635,14.851,14.173,13.259,12.044,10.964,10.201,9.322,8.715,11.238,11.674,10.318,10.107,7.478,6.329,0.000,6.920
15.327,15.227,15.491,15.473,15.045,15.883,15.595,15.939,15.792,16.165,15.503,14.977,14.348,13.380,12.797,12.643,12.289,11.789,14.261,14.628,13.087,12.924,10.183,8.561,6.920,0.000