c1,c2,c3,c4,c5,c6,c7,c8,c9,c10,c11,c12,c13,c14,c15,c16,c17,c18,c19,c20,c21,c22,c23,c24,c25,c26
0.000,5.837,7.293,8.497,9.884,12.032,12.382,11.892,13.237,14.826,14.959,15.676,17.277,16.769,16.371,16.670,16.471,15.799,16.706,16.668,15.678,16.165,16.975,16.459,15.616,16.199
5.837,0.000,5.642,7.292,7.702,8.835,10.642,10.657,11.033,12.853,13.909,14.314,15.654,17.049,16.140,16.538,15.956,15.520,16.470,16.278,14.793,15.451,16.719,16.171,15.046,16.105
7.293,5.642,0.000,5.547,7.462,7.881,8.446,9.653,10.894,11.525,12.737,14.215,15.521,16.441,17.667,17.467,16.991,16.472,17.691,17.199,15.811,16.479,17.332,16.787,15.860,16.648
8.497,7.292,5.547,0.000,5.511,7.185,6.761,7.294,9.614,10.835,11.095,12.599,14.635,15.510,16.421,18.141,16.955,16.303,17.582,17.207,15.037,16.025,17.042,16.250,15.265,16.228
9.884,7.702,7.462,5.511,0.000,5.454,7.357,6.274,6.750,9.865,10.907,10.881,12.825,14.934,15.678,16.771,17.545,16.091,17.519,17.056,15.098,15.549,16.687,15.884,14.923,15.877
12.032,8.835,7.881,7.185,5.454,0.000,5.409,7.325,6.022,6.844,9.959,10.963,11.114,12.965,15.175,16.346,16.279,17.062,17.977,17.648,15.628,16.396,17.503,16.754,15.944,16.831
12.382,10.642,8.446,6.761,7.357,5.409,0.000,5.375,7.376,6.061,6.872,9.997,11.159,11.188,12.959,15.680,15.525,15.708,18.233,17.668,15.621,16.383,17.753,16.936,16.174,16.932
11.892,10.657,9.653,7.294,6.274,7.325,5.375,0.000,5.394,7.416,6.133,6.881,10.146,11.189,11.277,13.429,14.435,14.424,16.114,17.610,14.827,15.413,16.572,16.050,15.381,16.356
13.237,11.033,10.894,9.614,6.750,6.022,7.376,5.394,0.000,5.411,7.474,6.188,7.273,10.281,11.372,12.186,12.861,13.947,15.541,16.324,16.815,15.378,17.076,16.533,15.870,16.683
14.826,12.853,11.525,10.835,9.865,6.844,6.061,7.416,5.411,0.000,5.564,7.514,6.565,7.587,10.504,12.324,11.476,12.459,15.143,15.860,15.967,17.695,18.267,17.766,17.223,17.563
14.959,13.909,12.737,11.095,10.907,9.959,6.872,6.133,7.474,5.564,0.000,5.675,7.648,6.657,7.647,10.683,10.995,10.613,12.920,14.909,14.839,15.914,18.290,17.687,17.251,17.663
15.676,14.314,14.215,12.599,10.881,10.963,9.997,6.881,6.188,7.514,5.675,0.000,5.715,7.671,6.852,8.387,9.852,9.621,10.918,12.701,13.979,14.627,16.176,17.446,16.216,16.901
17.277,15.654,15.521,14.635,12.825,11.114,11.159,10.146,7.273,6.565,7.648,5.715,0.000,5.815,7.813,7.843,7.747,9.664,11.224,11.532,12.721,14.632,15.954,16.730,17.899,17.244
16.769,17.049,16.441,15.510,14.934,12.965,11.188,11.189,10.281,7.587,6.657,7.671,5.815,0.000,5.891,7.884,6.926,7.062,10.017,11.246,11.046,12.802,15.137,15.972,16.825,18.081
16.371,16.140,17.667,16.421,15.678,15.175,12.959,11.277,11.372,10.504,7.647,6.852,7.813,5.891,0.000,5.905,7.530,5.985,6.929,9.968,10.792,10.779,12.816,15.168,15.899,16.792
16.670,16.538,17.467,18.141,16.771,16.346,15.680,13.429,12.186,12.324,10.683,8.387,7.843,7.884,5.905,0.000,5.716,7.513,6.191,6.994,10.024,10.966,11.106,13.076,15.263,16.289
16.471,15.956,16.991,16.955,17.545,16.279,15.525,14.435,12.861,11.476,10.995,9.852,7.747,6.926,7.530,5.716,0.000,5.528,7.482,5.993,6.768,9.906,11.032,11.221,12.961,15.081
15.799,15.520,16.472,16.303,16.091,17.062,15.708,14.424,13.947,12.459,10.613,9.621,9.664,7.062,5.985,7.513,5.528,0.000,5.445,7.418,5.926,6.604,9.970,11.154,11.378,13.140
16.706,16.470,17.691,17.582,17.519,17.977,18.233,16.114,15.541,15.143,12.920,10.918,11.224,10.017,6.929,6.191,7.482,5.445,0.000,5.471,7.448,5.936,6.838,10.084,11.397,11.978
16.668,16.278,17.199,17.207,17.056,17.648,17.668,17.610,16.324,15.860,14.909,12.701,11.532,11.246,9.968,6.994,5.993,7.418,5.471,0.000,5.430,7.428,6.181,7.231,9.984,11.574
15.678,14.793,15.811,15.037,15.098,15.628,15.621,14.827,16.815,15.967,14.839,13.979,12.721,11.046,10.792,10.024,6.768,5.926,7.448,5.430,0.000,5.415,7.444,6.437,7.298,9.890
16.165,15.451,16.479,16.025,15.549,16.396,16.383,15.413,15.378,17.695,15.914,14.627,14.632,12.802,10.779,10.966,9.906,6.604,5.936,7.428,5.415,0.000,5.372,7.481,6.940,8.039
16.975,16.719,17.332,17.042,16.687,17.503,17.753,16.572,17.076,18.267,18.290,16.176,15.954,15.137,12.816,11.106,11.032,9.970,6.838,6.181,7.444,5.372,0.000,5.398,7.585,7.998
16.459,16.171,16.787,16.250,15.884,16.754,16.936,16.050,16.533,17.766,17.687,17.446,16.730,15.972,15.168,13.076,11.221,11.154,10.084,7.231,6.437,7.481,5.398,0.000,5.445,7.799
15.616,15.046,15.860,15.265,14.923,15.944,16.174,15.381,15.870,17.223,17.251,16.216,17.899,16.825,15.899,15.263,12.961,11.378,11.397,9.984,7.298,6.940,7.585,5.445,0.000,5.682
16.199,16.105,16.648,16.228,15.877,16.831,16.932,16.356,16.683,17.563,17.663,16.901,17.244,18.081,16.792,16.289,15.081,13.140,11.978,11.574,9.890,8.039,7.998,7.799,5.682,0.000