c1,c2,c3,c4,c5,c6,c7,c8,c9,c10,c11,c12,c13,c14,c15,c16,c17,c18,c19,c20,c21,c22,c23,c24,c25,c26
0.000,5.929,7.383,8.229,9.138,10.307,11.146,11.920,13.293,14.725,15.636,16.783,18.348,18.264,18.215,18.160,18.081,17.535,17.511,17.436,17.080,16.520,16.562,16.601,16.325,15.895
5.929,0.000,5.574,7.393,6.865,7.231,9.512,10.719,10.787,12.360,14.389,15.354,16.338,18.001,17.898,17.987,17.844,17.678,17.420,17.301,16.642,16.269,16.208,16.494,16.012,15.541
7.383,5.574,0.000,5.459,7.148,6.040,6.907,9.713,10.667,10.744,12.713,14.831,15.635,16.542,18.541,18.662,18.374,17.497,17.661,17.459,16.839,16.035,16.039,16.423,16.108,15.584
8.229,7.393,5.459,0.000,5.391,7.371,5.919,6.588,9.810,10.875,10.702,12.650,15.123,15.725,16.469,18.648,18.502,17.691,17.095,17.496,16.458,15.094,15.386,15.644,15.423,15.070
9.138,6.865,7.148,5.391,0.000,5.382,7.380,5.891,6.585,9.847,10.895,10.759,12.839,15.186,15.818,16.685,18.670,17.807,17.375,17.066,16.795,15.428,15.299,15.723,15.413,14.783
10.307,7.231,6.040,7.371,5.382,0.000,5.370,7.384,5.886,6.599,9.871,10.932,10.963,12.893,15.276,15.965,16.638,18.451,17.786,17.583,16.822,15.920,15.730,16.014,15.787,15.298
11.146,9.512,6.907,5.919,7.380,5.370,0.000,5.364,7.376,5.880,6.572,9.856,11.052,10.960,12.868,15.253,15.763,16.235,18.298,17.505,16.816,15.393,15.613,15.718,15.387,15.132
11.920,10.719,9.713,6.588,5.891,7.384,5.364,0.000,5.387,7.398,5.866,6.561,9.972,11.090,11.069,12.979,15.231,15.558,16.248,18.376,16.984,15.393,14.302,14.999,14.873,15.077
13.293,10.787,10.667,9.810,6.585,5.886,7.376,5.387,0.000,5.403,7.441,5.986,6.903,10.119,11.301,11.349,13.176,15.122,15.704,16.626,18.447,16.693,16.056,15.918,15.766,15.364
14.725,12.360,10.744,10.875,9.847,6.599,5.880,7.398,5.403,0.000,5.481,7.478,6.315,7.071,10.302,11.390,11.204,12.771,15.044,15.764,16.360,18.153,16.747,16.726,16.074,16.259
15.636,14.389,12.713,10.702,10.895,9.871,6.572,5.866,7.441,5.481,0.000,5.530,7.530,6.348,7.218,10.263,11.253,10.857,12.588,14.957,15.484,15.916,17.987,16.794,16.481,16.298
16.783,15.354,14.831,12.650,10.759,10.932,9.856,6.561,5.986,7.478,5.530,0.000,5.607,7.648,6.785,7.644,10.508,11.085,11.057,13.012,15.126,15.578,16.369,18.344,16.984,16.862
18.348,16.338,15.635,15.123,12.839,10.963,11.052,9.972,6.903,6.315,7.530,5.607,0.000,5.700,7.709,6.763,7.703,10.220,11.197,11.309,13.034,15.120,15.837,16.870,18.496,17.718
18.264,18.001,16.542,15.725,15.186,12.893,10.960,11.090,10.119,7.071,6.348,7.648,5.700,0.000,5.805,7.687,6.611,7.169,10.077,11.160,11.019,12.742,15.025,15.982,16.811,18.081
18.215,17.898,18.541,16.469,15.818,15.276,12.868,11.069,11.301,10.302,7.218,6.785,7.709,5.805,0.000,5.832,7.741,6.505,7.080,10.177,11.110,11.027,12.855,15.353,16.152,16.769
18.160,17.987,18.662,18.648,16.685,15.965,15.253,12.979,11.349,11.390,10.263,7.644,6.763,7.687,5.832,0.000,5.752,7.604,6.305,7.226,10.180,11.166,11.198,13.402,15.587,16.431
18.081,17.844,18.374,18.502,18.670,16.638,15.763,15.231,13.176,11.204,11.253,10.508,7.703,6.611,7.741,5.752,0.000,5.557,7.492,6.322,7.062,10.090,11.232,11.711,13.704,15.670
17.535,17.678,17.497,17.691,17.807,18.451,16.235,15.558,15.122,12.771,10.857,11.085,10.220,7.169,6.505,7.604,5.557,0.000,5.483,7.426,6.116,6.817,10.087,11.524,12.052,13.799
17.511,17.420,17.661,17.095,17.375,17.786,18.298,16.248,15.704,15.044,12.588,11.057,11.197,10.077,7.080,6.305,7.492,5.483,0.000,5.441,7.409,6.215,7.000,10.395,11.845,12.661
17.436,17.301,17.459,17.496,17.066,17.583,17.505,18.376,16.626,15.764,14.957,13.012,11.309,11.160,10.177,7.226,6.322,7.426,5.441,0.000,5.430,7.440,6.335,7.939,10.790,12.469
17.080,16.642,16.839,16.458,16.795,16.822,16.816,16.984,18.447,16.360,15.484,15.126,13.034,11.019,11.110,10.180,7.062,6.116,7.409,5.430,0.000,5.407,7.425,6.939,8.674,11.078
16.520,16.269,16.035,15.094,15.428,15.920,15.393,15.393,16.693,18.153,15.916,15.578,15.120,12.742,11.027,11.166,10.090,6.817,6.215,7.440,5.407,0.000,5.462,7.571,7.732,9.183
16.562,16.208,16.039,15.386,15.299,15.730,15.613,14.302,16.056,16.747,17.987,16.369,15.837,15.025,12.855,11.198,11.232,10.087,7.000,6.335,7.425,5.462,0.000,5.478,7.571,8.467
16.601,16.494,16.423,15.644,15.723,16.014,15.718,14.999,15.918,16.726,16.794,18.344,16.870,15.982,15.353,13.402,11.711,11.524,10.395,7.939,6.939,7.571,5.478,0.000,5.527,7.762
16.325,16.012,16.108,15.423,15.413,15.787,15.387,14.873,15.766,16.074,16.481,16.984,18.496,16.811,16.152,15.587,13.704,12.052,11.845,10.790,8.674,7.732,7.571,5.527,0.000,5.771
15.895,15.541,15.584,15.070,14.783,15.298,15.132,15.077,15.364,16.259,16.298,16.862,17.718,18.081,16.769,16.431,15.670,13.799,12.661,12.469,11.078,9.183,8.467,7.762,5.771,0.000