c1,c2,c3,c4,c5,c6,c7,c8,c9,c10,c11,c12,c13,c14,c15,c16,c17,c18,c19,c20,c21,c22,c23,c24,c25,c26
0.000,6.028,7.394,9.242,10.991,13.816,14.086,13.172,13.860,14.958,14.864,15.366,16.601,16.285,16.216,15.997,16.047,15.776,16.097,15.961,15.882,15.828,15.654,15.648,15.527,15.543
6.028,0.000,5.712,7.387,8.305,10.647,12.322,13.142,12.566,13.678,14.452,14.594,15.825,17.001,16.487,16.244,16.178,15.711,16.051,15.642,15.399,15.404,15.243,15.313,15.173,15.342
7.394,5.712,0.000,5.631,7.522,9.096,10.211,12.205,12.721,12.235,12.840,14.026,15.014,15.856,17.146,16.030,16.150,15.584,16.079,15.758,15.698,15.640,15.535,15.572,15.469,15.450
9.242,7.387,5.631,0.000,5.734,7.489,8.267,9.525,11.922,13.130,12.307,13.153,14.988,15.541,16.432,17.101,16.391,15.787,16.094,15.526,15.406,15.313,15.341,15.493,15.468,15.505
10.991,8.305,7.522,5.734,0.000,5.605,7.278,8.271,9.392,12.563,12.904,12.403,13.935,15.275,16.157,16.312,17.065,15.596,16.034,15.248,15.205,15.280,15.340,15.452,15.562,15.642
13.816,10.647,9.096,7.489,5.605,0.000,5.614,7.500,8.364,10.134,13.168,13.497,12.888,14.060,15.667,15.897,16.166,16.194,15.801,14.912,14.775,15.064,15.320,15.470,15.565,15.723
14.086,12.322,10.211,8.267,7.278,5.614,0.000,5.649,7.350,8.622,10.360,12.881,14.020,13.182,14.551,15.303,15.497,14.850,16.022,14.523,14.838,15.174,15.462,15.767,15.810,15.836
13.172,13.142,12.205,9.525,8.271,7.500,5.649,0.000,5.771,7.375,8.820,10.154,13.435,14.221,14.177,14.446,14.979,14.014,14.936,14.828,14.507,14.886,15.289,15.649,15.955,15.904
13.860,12.566,12.721,11.922,9.392,8.364,7.350,5.771,0.000,5.830,7.560,8.643,10.714,13.320,14.340,13.193,13.820,13.243,14.426,14.758,15.713,15.535,15.900,16.065,16.339,16.141
14.958,13.678,12.235,13.130,12.563,10.134,8.622,7.375,5.830,0.000,6.005,7.463,8.948,10.727,12.742,11.818,12.418,11.918,13.505,14.020,15.292,15.877,15.769,15.993,16.267,16.132
14.864,14.452,12.840,12.307,12.904,13.168,10.360,8.820,7.560,6.005,0.000,5.989,7.796,9.089,10.407,10.436,11.794,11.264,12.950,14.197,15.324,15.773,16.224,16.144,16.274,16.111
15.366,14.594,14.026,13.153,12.403,13.497,12.881,10.154,8.643,7.463,5.989,0.000,5.979,7.965,8.948,8.168,9.937,10.179,11.746,12.950,14.697,15.287,15.717,16.132,16.249,16.116
16.601,15.825,15.014,14.988,13.935,12.888,14.020,13.435,10.714,8.948,7.796,5.979,0.000,5.981,7.234,7.066,8.985,10.644,12.200,13.421,14.644,15.302,15.617,15.988,16.476,16.337
16.285,17.001,15.856,15.541,15.275,14.060,13.182,14.221,13.320,10.727,9.089,7.965,5.981,0.000,5.833,7.640,8.798,10.185,12.358,13.558,14.198,14.651,15.308,15.687,16.207,16.301
16.216,16.487,17.146,16.432,16.157,15.667,14.551,14.177,14.340,12.742,10.407,8.948,7.234,5.833,0.000,6.112,7.899,9.265,10.658,12.783,14.047,14.071,14.563,15.156,15.692,16.019
15.997,16.244,16.030,17.101,16.312,15.897,15.303,14.446,13.193,11.818,10.436,8.168,7.066,7.640,6.112,0.000,6.009,7.732,8.984,10.390,13.218,13.878,14.039,14.458,15.289,15.580
16.047,16.178,16.150,16.391,17.065,16.166,15.497,14.979,13.820,12.418,11.794,9.937,8.985,8.798,7.899,6.009,0.000,5.808,7.422,8.404,10.821,12.577,13.554,13.902,14.501,15.069
15.776,15.711,15.584,15.787,15.596,16.194,14.850,14.014,13.243,11.918,11.264,10.179,10.644,10.185,9.265,7.732,5.808,0.000,5.775,7.625,9.854,11.193,12.609,13.764,13.946,14.329
16.097,16.051,16.079,16.094,16.034,15.801,16.022,14.936,14.426,13.505,12.950,11.746,12.200,12.358,10.658,8.984,7.422,5.775,0.000,6.013,7.736,8.844,10.226,11.992,13.095,13.759
15.961,15.642,15.758,15.526,15.248,14.912,14.523,14.828,14.758,14.020,14.197,12.950,13.421,13.558,12.783,10.390,8.404,7.625,6.013,0.000,5.681,8.016,9.120,10.695,12.587,13.781
15.882,15.399,15.698,15.406,15.205,14.775,14.838,14.507,15.713,15.292,15.324,14.697,14.644,14.198,14.047,13.218,10.821,9.854,7.736,5.681,0.000,5.840,7.487,8.981,10.876,12.630
15.828,15.404,15.640,15.313,15.280,15.064,15.174,14.886,15.535,15.877,15.773,15.287,15.302,14.651,14.071,13.878,12.577,11.193,8.844,8.016,5.840,0.000,5.815,7.627,9.457,10.978
15.654,15.243,15.535,15.341,15.340,15.320,15.462,15.289,15.900,15.769,16.224,15.717,15.617,15.308,14.563,14.039,13.554,12.609,10.226,9.120,7.487,5.815,0.000,5.773,7.432,9.056
15.648,15.313,15.572,15.493,15.452,15.470,15.767,15.649,16.065,15.993,16.144,16.132,15.988,15.687,15.156,14.458,13.902,13.764,11.992,10.695,8.981,7.627,5.773,0.000,5.756,7.657
15.527,15.173,15.469,15.468,15.562,15.565,15.810,15.955,16.339,16.267,16.274,16.249,16.476,16.207,15.692,15.289,14.501,13.946,13.095,12.587,10.876,9.457,7.432,5.756,0.000,6.087
15.543,15.342,15.450,15.505,15.642,15.723,15.836,15.904,16.141,16.132,16.111,16.116,16.337,16.301,16.019,15.580,15.069,14.329,13.759,13.781,12.630,10.978,9.056,7.657,6.087,0.000