c1,c2,c3,c4,c5,c6,c7,c8,c9,c10,c11,c12,c13,c14,c15,c16,c17,c18,c19,c20,c21,c22,c23,c24,c25,c26
0.000,6.248,7.916,10.592,12.630,15.531,16.275,15.458,13.084,13.003,11.614,11.450,12.466,13.094,13.898,13.474,13.765,13.200,15.007,14.934,14.443,15.482,15.761,15.091,15.281,16.019
6.248,0.000,6.085,7.670,9.510,12.569,13.867,13.175,11.049,10.595,9.779,9.480,11.702,13.093,14.061,13.500,13.503,12.056,13.956,13.670,13.355,15.051,15.412,14.861,15.148,16.147
7.916,6.085,0.000,5.932,7.875,10.688,12.091,12.018,9.580,9.830,9.226,9.982,12.056,13.275,14.012,13.327,13.003,10.946,12.979,12.344,12.005,14.076,14.437,14.204,14.838,16.015
10.592,7.670,5.932,0.000,6.024,7.964,9.907,9.812,8.863,9.321,10.840,11.741,14.122,15.445,15.849,14.791,14.497,12.139,13.884,12.738,12.578,14.704,14.893,14.812,15.394,16.359
12.630,9.510,7.875,6.024,0.000,6.044,7.298,7.837,6.883,8.718,10.321,11.863,14.043,15.552,15.624,14.708,14.185,11.412,12.905,11.378,11.664,13.880,13.893,14.099,15.032,16.017
15.531,12.569,10.688,7.964,6.044,0.000,5.693,8.305,9.011,10.848,13.231,14.632,16.511,17.130,16.991,16.369,15.879,13.371,14.326,12.459,13.037,14.854,14.872,15.099,15.769,16.361
16.275,13.867,12.091,9.907,7.298,5.693,0.000,5.597,8.096,9.796,12.542,14.481,16.598,17.201,17.062,16.427,15.881,13.305,14.246,12.288,12.916,14.981,14.812,15.228,15.846,16.259
15.458,13.175,12.018,9.812,7.837,8.305,5.597,0.000,6.509,8.164,11.385,13.029,15.914,17.023,16.807,15.887,15.434,12.544,13.537,11.749,12.515,14.803,14.696,15.103,15.610,16.219
13.084,11.049,9.580,8.863,6.883,9.011,8.096,6.509,0.000,6.441,8.135,10.188,12.890,15.308,15.558,14.190,13.434,10.350,11.341,10.168,10.519,13.112,13.385,13.696,14.583,15.717
13.003,10.595,9.830,9.321,8.718,10.848,9.796,8.164,6.441,0.000,6.763,7.812,10.824,13.313,14.325,13.277,13.136,10.170,12.054,11.191,11.726,14.162,14.872,14.654,15.217,16.497
11.614,9.779,9.226,10.840,10.321,13.231,12.542,11.385,8.135,6.763,0.000,7.088,8.156,10.852,11.474,10.961,11.365,9.201,11.138,11.637,11.423,13.712,14.642,14.331,14.627,15.987
11.450,9.480,9.982,11.741,11.863,14.632,14.481,13.029,10.188,7.812,7.088,0.000,7.561,9.218,10.019,9.584,10.729,9.095,11.428,12.298,11.976,13.657,15.021,14.793,14.818,16.331
12.466,11.702,12.056,14.122,14.043,16.511,16.598,15.914,12.890,10.824,8.156,7.561,0.000,6.962,7.033,7.736,9.318,9.988,11.844,13.636,13.208,14.255,15.598,15.336,15.179,16.102
13.094,13.093,13.275,15.445,15.552,17.130,17.201,17.023,15.308,13.313,10.852,9.218,6.962,0.000,6.701,8.021,9.622,10.671,12.908,14.783,13.612,14.054,15.573,15.101,14.601,15.743
13.898,14.061,14.012,15.849,15.624,16.991,17.062,16.807,15.558,14.325,11.474,10.019,7.033,6.701,0.000,6.611,8.264,10.087,11.745,14.056,13.189,13.042,14.705,14.794,14.254,15.442
13.474,13.500,13.327,14.791,14.708,16.369,16.427,15.887,14.190,13.277,10.961,9.584,7.736,8.021,6.611,0.000,6.851,9.038,10.411,12.312,11.689,12.129,14.010,13.829,13.477,15.262
13.765,13.503,13.003,14.497,14.185,15.879,15.881,15.434,13.434,13.136,11.365,10.729,9.318,9.622,8.264,6.851,0.000,6.705,8.079,9.791,8.708,8.847,11.166,11.229,11.301,13.727
13.200,12.056,10.946,12.139,11.412,13.371,13.305,12.544,10.350,10.170,9.201,9.095,9.988,10.671,10.087,9.038,6.705,0.000,6.385,6.195,6.014,8.054,10.073,10.480,11.143,13.012
15.007,13.956,12.979,13.884,12.905,14.326,14.246,13.537,11.341,12.054,11.138,11.428,11.844,12.908,11.745,10.411,8.079,6.385,0.000,6.162,7.787,7.676,10.060,11.538,12.230,14.270
14.934,13.670,12.344,12.738,11.378,12.459,12.288,11.749,10.168,11.191,11.637,12.298,13.636,14.783,14.056,12.312,9.791,6.195,6.162,0.000,5.708,7.744,8.820,10.277,11.838,13.801
14.443,13.355,12.005,12.578,11.664,13.037,12.916,12.515,10.519,11.726,11.423,11.976,13.208,13.612,13.189,11.689,8.708,6.014,7.787,5.708,0.000,6.187,7.303,7.397,9.234,11.614
15.482,15.051,14.076,14.704,13.880,14.854,14.981,14.803,13.112,14.162,13.712,13.657,14.255,14.054,13.042,12.129,8.847,8.054,7.676,7.744,6.187,0.000,6.240,7.968,8.929,10.923
15.761,15.412,14.437,14.893,13.893,14.872,14.812,14.696,13.385,14.872,14.642,15.021,15.598,15.573,14.705,14.010,11.166,10.073,10.060,8.820,7.303,6.240,0.000,6.382,7.723,9.600
15.091,14.861,14.204,14.812,14.099,15.099,15.228,15.103,13.696,14.654,14.331,14.793,15.336,15.101,14.794,13.829,11.229,10.480,11.538,10.277,7.397,7.968,6.382,0.000,6.426,8.640
15.281,15.148,14.838,15.394,15.032,15.769,15.846,15.610,14.583,15.217,14.627,14.818,15.179,14.601,14.254,13.477,11.301,11.143,12.230,11.838,9.234,8.929,7.723,6.426,0.000,6.685
16.019,16.147,16.015,16.359,16.017,16.361,16.259,16.219,15.717,16.497,15.987,16.331,16.102,15.743,15.442,15.262,13.727,13.012,14.270,13.801,11.614,10.923,9.600,8.640,6.685,0.000