c1,c2,c3,c4,c5,c6,c7,c8,c9,c10,c11,c12,c13,c14,c15,c16,c17,c18,c19,c20,c21,c22,c23,c24,c25,c26
0.000,5.969,8.181,10.099,11.181,13.356,14.167,14.782,14.773,15.336,15.787,16.423,16.499,16.626,16.468,16.763,16.299,16.208,15.794,15.039,14.458,14.330,14.167,14.472,14.309,14.773
5.969,0.000,6.098,7.347,7.070,9.557,10.810,12.521,12.879,13.623,14.486,15.535,15.839,16.014,15.539,16.167,15.506,15.148,14.611,13.525,12.670,13.106,12.973,13.653,13.834,14.363
8.181,6.098,0.000,5.480,7.153,9.415,11.751,13.855,14.921,15.342,15.895,16.798,16.886,16.817,16.332,16.757,16.030,15.411,15.292,14.066,13.642,13.620,13.079,13.834,13.554,14.217
10.099,7.347,5.480,0.000,5.727,7.533,10.194,12.279,14.319,15.599,15.875,16.671,16.637,16.547,15.792,16.513,15.246,14.538,14.611,13.355,12.831,13.146,12.739,13.641,13.552,14.362
11.181,7.070,7.153,5.727,0.000,5.725,7.380,9.562,11.560,14.109,15.360,15.994,16.304,16.275,15.468,16.016,15.076,14.269,14.314,12.893,11.942,12.680,11.661,12.784,12.963,13.842
13.356,9.557,9.415,7.533,5.725,0.000,5.776,7.392,10.250,12.661,14.761,16.050,15.942,15.710,15.010,14.816,13.864,13.142,13.798,12.767,12.374,13.273,12.524,13.561,13.765,14.173
14.167,10.810,11.751,10.194,7.380,5.776,0.000,5.848,7.159,10.310,11.940,14.169,15.316,15.374,14.489,14.738,13.806,13.098,13.227,12.677,10.986,12.048,11.249,12.559,13.267,13.960
14.782,12.521,13.855,12.279,9.562,7.392,5.848,0.000,6.007,8.031,10.587,12.710,14.280,15.091,14.024,14.320,13.844,13.154,13.771,13.325,11.808,12.523,12.213,12.419,13.440,13.882
14.773,12.879,14.921,14.319,11.560,10.250,7.159,6.007,0.000,6.069,7.516,9.852,11.625,13.225,13.662,15.150,14.409,13.890,13.387,13.138,11.066,12.136,11.914,13.076,13.665,14.426
15.336,13.623,15.342,15.599,14.109,12.661,10.310,8.031,6.069,0.000,6.140,8.603,10.255,12.301,13.202,15.267,14.557,13.970,13.757,13.605,11.902,12.414,12.784,13.276,14.131,14.656
15.787,14.486,15.895,15.875,15.360,14.761,11.940,10.587,7.516,6.140,0.000,6.479,7.304,8.913,10.323,13.513,14.273,14.043,13.198,13.225,11.533,12.572,13.241,13.799,14.681,15.488
16.423,15.535,16.798,16.671,15.994,16.050,14.169,12.710,9.852,8.603,6.479,0.000,6.181,7.987,9.252,12.513,14.054,14.554,13.436,13.306,12.114,12.927,13.671,14.113,15.178,15.940
16.499,15.839,16.886,16.637,16.304,15.942,15.316,14.280,11.625,10.255,7.304,6.181,0.000,6.232,7.493,10.711,12.290,13.766,13.454,13.579,12.299,13.762,14.622,15.265,15.920,16.380
16.626,16.014,16.817,16.547,16.275,15.710,15.374,15.091,13.225,12.301,8.913,7.987,6.232,0.000,6.341,8.192,10.590,11.699,12.129,13.307,12.346,13.791,14.847,15.709,16.315,16.703
16.468,15.539,16.332,15.792,15.468,15.010,14.489,14.024,13.662,13.202,10.323,9.252,7.493,6.341,0.000,6.119,7.412,8.937,9.071,10.639,10.810,12.525,13.733,14.990,15.886,16.501
16.763,16.167,16.757,16.513,16.016,14.816,14.738,14.320,15.150,15.267,13.513,12.513,10.711,8.192,6.119,0.000,5.874,7.776,8.672,10.626,11.562,13.857,15.243,15.992,16.476,16.856
16.299,15.506,16.030,15.246,15.076,13.864,13.806,13.844,14.409,14.557,14.273,14.054,12.290,10.590,7.412,5.874,0.000,5.690,7.550,9.767,10.827,13.657,15.177,15.971,16.132,16.681
16.208,15.148,15.411,14.538,14.269,13.142,13.098,13.154,13.890,13.970,14.043,14.554,13.766,11.699,8.937,7.776,5.690,0.000,5.884,8.061,9.744,12.254,14.526,15.670,15.882,16.255
15.794,14.611,15.292,14.611,14.314,13.798,13.227,13.771,13.387,13.757,13.198,13.436,13.454,12.129,9.071,8.672,7.550,5.884,0.000,5.749,7.373,9.875,12.365,14.438,15.910,16.341
15.039,13.525,14.066,13.355,12.893,12.767,12.677,13.325,13.138,13.605,13.225,13.306,13.579,13.307,10.639,10.626,9.767,8.061,5.749,0.000,5.821,7.285,9.737,12.132,14.269,15.685
14.458,12.670,13.642,12.831,11.942,12.374,10.986,11.808,11.066,11.902,11.533,12.114,12.299,12.346,10.810,11.562,10.827,9.744,7.373,5.821,0.000,5.735,7.180,9.599,12.027,14.019
14.330,13.106,13.620,13.146,12.680,13.273,12.048,12.523,12.136,12.414,12.572,12.927,13.762,13.791,12.525,13.857,13.657,12.254,9.875,7.285,5.735,0.000,5.768,7.567,10.031,12.239
14.167,12.973,13.079,12.739,11.661,12.524,11.249,12.213,11.914,12.784,13.241,13.671,14.622,14.847,13.733,15.243,15.177,14.526,12.365,9.737,7.180,5.768,0.000,5.729,7.387,9.593
14.472,13.653,13.834,13.641,12.784,13.561,12.559,12.419,13.076,13.276,13.799,14.113,15.265,15.709,14.990,15.992,15.971,15.670,14.438,12.132,9.599,7.567,5.729,0.000,5.892,7.512
14.309,13.834,13.554,13.552,12.963,13.765,13.267,13.440,13.665,14.131,14.681,15.178,15.920,16.315,15.886,16.476,16.132,15.882,15.910,14.269,12.027,10.031,7.387,5.892,0.000,6.094
14.773,14.363,14.217,14.362,13.842,14.173,13.960,13.882,14.426,14.656,15.488,15.940,16.380,16.703,16.501,16.856,16.681,16.255,16.341,15.685,14.019,12.239,9.593,7.512,6.094,0.000