c1,c2,c3,c4,c5,c6,c7,c8,c9,c10,c11,c12,c13,c14,c15,c16,c17,c18,c19,c20,c21,c22,c23,c24,c25,c26
0.000,5.935,8.218,9.957,10.306,12.530,14.073,12.985,13.859,14.816,15.083,14.564,15.589,15.697,16.014,15.952,15.698,15.221,15.675,15.692,14.907,15.511,15.649,15.671,15.346,15.283
5.935,0.000,6.034,6.789,6.554,9.878,11.614,10.405,11.616,12.709,12.982,12.670,14.345,14.769,15.103,15.060,14.703,14.030,14.704,14.681,13.721,14.623,14.889,15.174,14.885,14.661
8.218,6.034,0.000,5.489,7.507,9.041,11.258,11.025,12.465,13.339,13.800,13.940,15.254,15.424,15.960,15.918,15.458,14.806,15.096,15.212,13.849,15.096,15.089,15.325,15.045,14.959
9.957,6.789,5.489,0.000,5.751,7.711,9.550,9.118,10.992,12.246,12.738,12.957,14.725,14.755,15.558,15.874,15.142,14.493,14.949,14.722,13.150,14.554,14.613,14.990,14.743,14.695
10.306,6.554,7.507,5.751,0.000,5.893,7.278,6.223,8.149,10.015,11.057,11.648,13.447,14.159,15.095,15.580,15.092,14.296,14.777,14.339,12.705,13.955,14.223,14.575,14.561,14.610
12.530,9.878,9.041,7.711,5.893,0.000,5.354,7.610,8.804,10.155,12.229,13.123,14.307,14.738,15.711,16.246,15.690,15.295,15.719,15.376,13.423,14.601,14.659,15.000,14.887,14.960
14.073,11.614,11.258,9.550,7.278,5.354,0.000,5.586,7.737,8.753,10.405,12.568,14.301,14.204,15.240,15.923,15.433,15.210,16.022,15.355,13.594,14.680,14.719,15.049,15.035,15.153
12.985,10.405,11.025,9.118,6.223,7.610,5.586,0.000,5.768,7.511,8.251,9.932,12.616,13.622,14.027,14.607,14.269,14.022,14.708,14.611,12.830,13.963,14.484,14.797,15.056,15.150
13.859,11.616,12.465,10.992,8.149,8.804,7.737,5.768,0.000,5.737,7.907,8.988,11.125,12.782,14.034,13.626,13.177,13.006,13.686,13.589,12.564,13.182,13.792,14.470,14.686,14.849
14.816,12.709,13.339,12.246,10.015,10.155,8.753,7.511,5.737,0.000,5.876,7.874,9.564,11.087,12.846,13.302,12.437,12.415,13.721,14.183,13.173,14.797,15.108,15.544,15.682,15.728
15.083,12.982,13.800,12.738,11.057,12.229,10.405,8.251,7.907,5.876,0.000,6.013,8.124,9.842,11.314,12.403,12.163,12.040,13.069,14.074,13.716,15.083,15.857,15.922,16.207,16.221
14.564,12.670,13.940,12.957,11.648,13.123,12.568,9.932,8.988,7.874,6.013,0.000,6.201,8.043,9.283,10.024,10.528,11.079,11.840,12.801,13.275,14.699,15.586,16.423,16.494,16.543
15.589,14.345,15.254,14.725,13.447,14.307,14.301,12.616,11.125,9.564,8.124,6.201,0.000,6.296,7.903,8.883,9.026,10.632,11.872,12.472,13.258,14.889,15.848,16.687,17.258,16.915
15.697,14.769,15.424,14.755,14.159,14.738,14.204,13.622,12.782,11.087,9.842,8.043,6.296,0.000,6.204,8.088,7.956,9.003,10.981,12.349,12.376,13.710,15.309,16.142,16.753,17.086
16.014,15.103,15.960,15.558,15.095,15.711,15.240,14.027,14.034,12.846,11.314,9.283,7.903,6.204,0.000,6.180,7.847,8.062,9.164,11.841,12.670,12.722,14.042,15.761,16.382,16.669
15.952,15.060,15.918,15.874,15.580,16.246,15.923,14.607,13.626,13.302,12.403,10.024,8.883,8.088,6.180,0.000,5.968,7.986,8.115,9.707,12.168,12.959,13.101,14.498,15.911,16.385
15.698,14.703,15.458,15.142,15.092,15.690,15.433,14.269,13.177,12.437,12.163,10.528,9.026,7.956,7.847,5.968,0.000,5.898,7.672,8.320,9.719,12.169,13.305,13.437,14.601,15.755
15.221,14.030,14.806,14.493,14.296,15.295,15.210,14.022,13.006,12.415,12.040,11.079,10.632,9.003,8.062,7.986,5.898,0.000,5.806,7.471,7.930,9.495,12.466,13.606,13.699,14.503
15.675,14.704,15.096,14.949,14.777,15.719,16.022,14.708,13.686,13.721,13.069,11.840,11.872,10.981,9.164,8.115,7.672,5.806,0.000,5.666,7.554,8.393,10.403,13.040,13.925,13.803
15.692,14.681,15.212,14.722,14.339,15.376,15.355,14.611,13.589,14.183,14.074,12.801,12.472,12.349,11.841,9.707,8.320,7.471,5.666,0.000,5.652,7.383,8.884,10.832,13.062,13.710
14.907,13.721,13.849,13.150,12.705,13.423,13.594,12.830,12.564,13.173,13.716,13.275,13.258,12.376,12.670,12.168,9.719,7.930,7.554,5.652,0.000,5.723,7.396,8.877,10.805,12.101
15.511,14.623,15.096,14.554,13.955,14.601,14.680,13.963,13.182,14.797,15.083,14.699,14.889,13.710,12.722,12.959,12.169,9.495,8.393,7.383,5.723,0.000,5.718,7.599,9.070,10.470
15.649,14.889,15.089,14.613,14.223,14.659,14.719,14.484,13.792,15.108,15.857,15.586,15.848,15.309,14.042,13.101,13.305,12.466,10.403,8.884,7.396,5.718,0.000,5.724,7.430,8.426
15.671,15.174,15.325,14.990,14.575,15.000,15.049,14.797,14.470,15.544,15.922,16.423,16.687,16.142,15.761,14.498,13.437,13.606,13.040,10.832,8.877,7.599,5.724,0.000,5.777,7.831
15.346,14.885,15.045,14.743,14.561,14.887,15.035,15.056,14.686,15.682,16.207,16.494,17.258,16.753,16.382,15.911,14.601,13.699,13.925,13.062,10.805,9.070,7.430,5.777,0.000,6.201
15.283,14.661,14.959,14.695,14.610,14.960,15.153,15.150,14.849,15.728,16.221,16.543,16.915,17.086,16.669,16.385,15.755,14.503,13.803,13.710,12.101,10.470,8.426,7.831,6.201,0.000