c1,c2,c3,c4,c5,c6,c7,c8,c9,c10,c11,c12,c13,c14,c15,c16,c17,c18,c19,c20,c21,c22,c23,c24,c25,c26
0.000,6.483,8.138,10.357,12.082,14.365,13.707,13.534,13.167,13.827,13.517,13.758,14.693,15.279,15.525,15.030,15.061,14.522,14.044,14.553,14.186,15.049,15.079,15.058,15.354,15.366
6.483,0.000,6.106,7.879,9.506,11.914,11.934,11.835,11.951,12.846,13.268,13.270,14.596,15.261,15.531,14.851,14.880,13.989,13.319,13.669,12.992,14.234,14.353,14.455,14.904,14.938
8.138,6.106,0.000,6.143,6.925,9.404,9.132,10.260,10.409,11.969,12.989,13.410,14.893,15.686,15.748,14.815,14.993,13.682,12.409,12.813,11.654,12.997,13.087,13.308,14.157,14.324
10.357,7.879,6.143,0.000,5.926,8.514,9.730,11.240,11.921,13.791,14.849,14.775,16.326,16.953,16.976,16.187,16.437,15.204,13.859,14.048,12.453,13.272,13.101,13.166,13.989,14.196
12.082,9.506,6.925,5.926,0.000,5.837,6.496,8.586,9.661,11.904,13.859,14.137,15.768,16.644,16.746,15.613,15.932,14.173,12.749,12.780,10.590,12.092,12.406,12.540,13.617,14.014
14.365,11.914,9.404,8.514,5.837,0.000,5.879,8.557,10.232,12.398,14.887,14.947,16.440,16.927,17.009,16.171,16.399,14.983,13.372,13.055,11.070,11.431,11.970,12.189,13.258,13.765
13.707,11.934,9.132,9.730,6.496,5.879,0.000,5.937,7.458,9.488,12.011,12.872,15.411,16.082,16.205,14.790,14.873,13.040,11.365,11.484,10.029,11.419,12.389,12.796,14.088,14.239
13.534,11.835,10.260,11.240,8.586,8.557,5.937,0.000,6.260,7.830,10.339,11.298,14.566,15.944,15.952,13.624,14.076,12.011,10.548,10.717,10.177,11.582,12.706,13.259,14.435,14.637
13.167,11.951,10.409,11.921,9.661,10.232,7.458,6.260,0.000,6.418,8.226,8.936,12.105,14.181,14.451,11.673,12.209,10.537,8.834,10.490,10.833,12.402,13.939,14.458,15.391,15.269
13.827,12.846,11.969,13.791,11.904,12.398,9.488,7.830,6.418,0.000,6.632,7.871,10.605,12.905,13.792,11.218,12.354,11.016,10.028,11.388,12.250,13.626,14.661,15.005,15.939,15.816
13.517,13.268,12.989,14.849,13.859,14.887,12.011,10.339,8.226,6.632,0.000,6.510,8.029,10.395,10.961,9.246,11.041,10.512,10.197,11.807,13.438,14.685,15.708,16.069,16.625,16.464
13.758,13.270,13.410,14.775,14.137,14.947,12.872,11.298,8.936,7.871,6.510,0.000,6.297,8.815,9.598,7.310,9.404,8.155,8.785,10.863,12.450,13.602,15.003,15.624,16.263,16.263
14.693,14.596,14.893,16.326,15.768,16.440,15.411,14.566,12.105,10.605,8.029,6.297,0.000,6.161,6.931,6.548,9.389,10.125,11.218,12.988,14.473,15.445,16.104,16.836,17.363,17.202
15.279,15.261,15.686,16.953,16.644,16.927,16.082,15.944,14.181,12.905,10.395,8.815,6.161,0.000,5.909,7.687,9.704,11.188,12.126,13.793,14.644,15.158,15.967,16.651,17.186,17.192
15.525,15.531,15.748,16.976,16.746,17.009,16.205,15.952,14.451,13.792,10.961,9.598,6.931,5.909,0.000,6.305,8.425,10.228,11.006,13.273,14.468,14.617,15.288,16.145,16.855,17.081
15.030,14.851,14.815,16.187,15.613,16.171,14.790,13.624,11.673,11.218,9.246,7.310,6.548,7.687,6.305,0.000,6.279,7.259,8.401,10.187,12.761,13.995,14.312,15.094,16.092,16.505
15.061,14.880,14.993,16.437,15.932,16.399,14.873,14.076,12.209,12.354,11.041,9.404,9.389,9.704,8.425,6.279,0.000,5.856,7.655,8.992,11.159,13.276,14.805,14.855,15.534,16.262
14.522,13.989,13.682,15.204,14.173,14.983,13.040,12.011,10.537,11.016,10.512,8.155,10.125,11.188,10.228,7.259,5.856,0.000,5.905,7.599,8.996,11.226,13.912,14.771,15.050,15.519
14.044,13.319,12.409,13.859,12.749,13.372,11.365,10.548,8.834,10.028,10.197,8.785,11.218,12.126,11.006,8.401,7.655,5.905,0.000,5.837,7.528,9.275,11.805,13.421,15.184,15.040
14.553,13.669,12.813,14.048,12.780,13.055,11.484,10.717,10.490,11.388,11.807,10.863,12.988,13.793,13.273,10.187,8.992,7.599,5.837,0.000,5.927,7.437,9.709,11.657,13.925,14.810
14.186,12.992,11.654,12.453,10.590,11.070,10.029,10.177,10.833,12.250,13.438,12.450,14.473,14.644,14.468,12.761,11.159,8.996,7.528,5.927,0.000,5.898,7.820,9.495,11.890,13.270
15.049,14.234,12.997,13.272,12.092,11.431,11.419,11.582,12.402,13.626,14.685,13.602,15.445,15.158,14.617,13.995,13.276,11.226,9.275,7.437,5.898,0.000,5.945,7.479,9.570,11.409
15.079,14.353,13.087,13.101,12.406,11.970,12.389,12.706,13.939,14.661,15.708,15.003,16.104,15.967,15.288,14.312,14.805,13.912,11.805,9.709,7.820,5.945,0.000,5.889,7.417,9.459
15.058,14.455,13.308,13.166,12.540,12.189,12.796,13.259,14.458,15.005,16.069,15.624,16.836,16.651,16.145,15.094,14.855,14.771,13.421,11.657,9.495,7.479,5.889,0.000,5.937,7.742
15.354,14.904,14.157,13.989,13.617,13.258,14.088,14.435,15.391,15.939,16.625,16.263,17.363,17.186,16.855,16.092,15.534,15.050,15.184,13.925,11.890,9.570,7.417,5.937,0.000,6.305
15.366,14.938,14.324,14.196,14.014,13.765,14.239,14.637,15.269,15.816,16.464,16.263,17.202,17.192,17.081,16.505,16.262,15.519,15.040,14.810,13.270,11.409,9.459,7.742,6.305,0.000