c1,c2,c3,c4,c5,c6,c7,c8,c9,c10,c11,c12,c13,c14,c15,c16,c17,c18,c19,c20,c21,c22,c23,c24,c25,c26
0.000,6.272,7.653,9.968,12.199,12.972,13.341,12.717,13.746,14.537,14.689,14.449,15.060,15.698,15.789,15.995,14.981,13.932,15.450,15.106,13.222,14.203,15.506,14.999,14.871,15.327
6.272,0.000,5.901,7.616,9.931,11.150,12.233,11.735,13.306,14.205,14.644,14.211,15.011,15.685,15.793,16.116,14.725,13.667,15.387,14.809,12.886,14.019,15.233,14.688,14.437,15.143
7.653,5.901,0.000,5.881,7.485,8.306,10.169,10.078,12.146,13.381,14.144,13.621,14.425,14.976,15.080,15.395,13.848,12.460,14.374,13.846,11.728,13.125,14.682,14.243,14.220,15.077
9.968,7.616,5.881,0.000,5.473,7.816,10.370,11.021,13.583,14.908,15.456,14.859,15.652,16.036,15.905,16.414,15.298,14.033,15.634,15.167,13.418,14.325,15.520,15.133,14.760,15.532
12.199,9.931,7.485,5.473,0.000,5.658,8.822,10.292,12.788,14.742,16.113,15.325,16.068,16.484,16.482,16.681,15.548,14.651,16.115,15.389,13.813,14.836,15.854,15.343,15.063,15.574
12.972,11.150,8.306,7.816,5.658,0.000,6.016,7.591,9.465,11.865,13.680,13.314,14.437,15.049,15.132,15.468,14.031,12.869,14.755,14.309,12.226,13.474,15.049,14.621,14.471,15.367
13.341,12.233,10.169,10.370,8.822,6.016,0.000,5.923,7.532,9.218,11.454,11.978,13.456,14.131,14.290,14.970,13.273,12.046,14.484,14.287,11.813,13.190,14.935,14.580,14.481,15.252
12.717,11.735,10.078,11.021,10.292,7.591,5.923,0.000,6.186,7.814,9.845,10.037,12.132,13.080,13.492,14.036,12.436,10.765,13.696,13.876,11.698,12.821,15.079,14.966,14.707,15.648
13.746,13.306,12.146,13.583,12.788,9.465,7.532,6.186,0.000,6.051,7.171,7.575,9.633,11.235,11.801,12.284,10.637,8.741,11.622,12.190,10.771,11.843,13.935,14.166,14.593,15.476
14.537,14.205,13.381,14.908,14.742,11.865,9.218,7.814,6.051,0.000,6.099,7.911,9.491,10.939,12.314,13.783,12.209,10.383,13.588,14.526,12.946,13.891,16.117,16.230,15.891,16.482
14.689,14.644,14.144,15.456,16.113,13.680,11.454,9.845,7.171,6.099,0.000,6.165,8.170,9.667,10.655,12.509,11.404,9.880,12.978,14.071,12.743,14.188,16.500,16.438,16.267,16.811
14.449,14.211,13.621,14.859,15.325,13.314,11.978,10.037,7.575,7.911,6.165,0.000,6.363,8.076,8.700,10.381,9.285,7.959,11.309,12.280,11.414,12.768,15.036,15.385,15.571,16.332
15.060,15.011,14.425,15.652,16.068,14.437,13.456,12.132,9.633,9.491,8.170,6.363,0.000,6.275,7.277,9.386,9.380,8.287,10.806,12.290,12.306,13.177,15.387,16.306,16.533,16.802
15.698,15.685,14.976,16.036,16.484,15.049,14.131,13.080,11.235,10.939,9.667,8.076,6.275,0.000,6.337,8.731,9.052,8.023,9.844,11.758,11.670,12.521,14.715,15.970,16.842,16.935
15.789,15.793,15.080,15.905,16.482,15.132,14.290,13.492,11.801,12.314,10.655,8.700,7.277,6.337,0.000,6.278,6.833,6.710,8.234,10.381,10.915,11.341,13.238,14.880,16.066,16.781
15.995,16.116,15.395,16.414,16.681,15.468,14.970,14.036,12.284,13.783,12.509,10.381,9.386,8.731,6.278,0.000,6.013,7.630,7.201,8.034,10.470,11.298,11.881,13.422,15.790,16.474
14.981,14.725,13.848,15.298,15.548,14.031,13.273,12.436,10.637,12.209,11.404,9.285,9.380,9.052,6.833,6.013,0.000,5.809,7.672,6.753,7.395,10.180,11.407,11.734,13.830,15.380
13.932,13.667,12.460,14.033,14.651,12.869,12.046,10.765,8.741,10.383,9.880,7.959,8.287,8.023,6.710,7.630,5.809,0.000,5.706,7.502,6.313,7.169,10.223,11.329,12.413,13.588
15.450,15.387,14.374,15.634,16.115,14.755,14.484,13.696,11.622,13.588,12.978,11.309,10.806,9.844,8.234,7.201,7.672,5.706,0.000,5.594,7.499,6.427,7.559,10.533,12.279,12.990
15.106,14.809,13.846,15.167,15.389,14.309,14.287,13.876,12.190,14.526,14.071,12.280,12.290,11.758,10.381,8.034,6.753,7.502,5.594,0.000,5.682,7.515,6.835,8.015,11.170,12.239
13.222,12.886,11.728,13.418,13.813,12.226,11.813,11.698,10.771,12.946,12.743,11.414,12.306,11.670,10.915,10.470,7.395,6.313,7.499,5.682,0.000,5.703,7.513,6.736,8.981,10.436
14.203,14.019,13.125,14.325,14.836,13.474,13.190,12.821,11.843,13.891,14.188,12.768,13.177,12.521,11.341,11.298,10.180,7.169,6.427,7.515,5.703,0.000,5.617,7.548,8.098,9.205
15.506,15.233,14.682,15.520,15.854,15.049,14.935,15.079,13.935,16.117,16.500,15.036,15.387,14.715,13.238,11.881,11.407,10.223,7.559,6.835,7.513,5.617,0.000,5.816,7.858,8.665
14.999,14.688,14.243,15.133,15.343,14.621,14.580,14.966,14.166,16.230,16.438,15.385,16.306,15.970,14.880,13.422,11.734,11.329,10.533,8.015,6.736,7.548,5.816,0.000,5.802,7.800
14.871,14.437,14.220,14.760,15.063,14.471,14.481,14.707,14.593,15.891,16.267,15.571,16.533,16.842,16.066,15.790,13.830,12.413,12.279,11.170,8.981,8.098,7.858,5.802,0.000,6.198
15.327,15.143,15.077,15.532,15.574,15.367,15.252,15.648,15.476,16.482,16.811,16.332,16.802,16.935,16.781,16.474,15.380,13.588,12.990,12.239,10.436,9.205,8.665,7.800,6.198,0.000