c1,c2,c3,c4,c5,c6,c7,c8,c9,c10,c11,c12,c13,c14,c15,c16,c17,c18,c19,c20,c21,c22,c23,c24,c25,c26
0.000,5.931,7.792,10.428,13.077,14.342,10.898,11.587,14.417,14.585,13.442,14.914,16.630,16.593,16.537,16.845,16.794,16.573,16.787,16.483,16.514,16.594,16.693,16.474,16.259,16.038
5.931,0.000,5.710,8.103,10.082,12.298,9.322,10.045,13.370,14.030,12.894,14.491,16.714,16.731,16.526,17.353,17.362,16.915,17.095,16.484,16.419,16.409,16.454,16.313,15.917,15.650
7.792,5.710,0.000,5.683,8.113,8.842,4.812,5.866,9.203,9.986,9.406,11.779,13.845,13.804,14.388,15.903,16.591,16.041,16.913,16.481,16.444,16.382,16.470,16.294,16.093,15.761
10.428,8.103,5.683,0.000,5.458,5.335,4.931,7.774,9.879,11.032,12.243,13.667,14.831,15.474,16.545,17.662,17.744,16.944,16.896,16.053,16.031,15.710,15.651,15.482,15.290,15.027
13.077,10.082,8.113,5.458,0.000,5.344,7.361,6.760,8.763,11.406,12.631,12.447,13.965,15.693,16.140,16.699,17.665,16.406,16.449,15.217,15.099,14.635,14.749,14.676,14.724,14.616
14.342,12.298,8.842,5.335,5.344,0.000,5.509,7.516,8.022,9.557,11.893,12.794,12.774,14.217,15.602,16.122,16.502,16.473,15.994,15.045,14.949,14.500,14.560,14.565,14.565,14.691
10.898,9.322,4.812,4.931,7.361,5.509,0.000,5.586,7.490,7.598,8.891,11.568,12.827,12.695,13.903,15.308,15.838,15.739,16.750,15.713,15.694,15.264,15.302,15.108,15.186,15.007
11.587,10.045,5.866,7.774,6.760,7.516,5.586,0.000,5.586,7.529,8.070,9.151,12.324,13.353,12.987,14.070,15.348,15.062,15.904,16.042,15.413,14.971,15.042,14.931,15.090,14.954
14.417,13.370,9.203,9.879,8.763,8.022,7.490,5.586,0.000,5.692,7.551,7.739,9.584,12.053,13.229,13.011,13.802,13.972,14.873,14.909,15.642,14.597,14.782,14.664,14.983,14.806
14.585,14.030,9.986,11.032,11.406,9.557,7.598,7.529,5.692,0.000,5.755,7.588,8.390,10.036,12.537,13.420,13.245,13.256,14.707,14.977,15.602,15.968,15.546,15.539,15.576,15.362
13.442,12.894,9.406,12.243,12.631,11.893,8.891,8.070,7.551,5.755,0.000,5.823,7.686,8.494,10.172,12.176,13.200,12.637,14.106,14.955,15.647,15.993,16.523,16.068,16.059,15.645
14.914,14.491,11.779,13.667,12.447,12.794,11.568,9.151,7.739,7.588,5.823,0.000,5.887,7.722,8.551,9.740,11.704,12.242,12.797,13.680,14.789,15.304,15.905,16.190,15.956,15.765
16.630,16.714,13.845,14.831,13.965,12.774,12.827,12.324,9.584,8.390,7.686,5.887,0.000,5.891,7.831,8.498,10.032,11.786,13.217,13.272,14.106,15.060,15.731,16.079,16.563,16.113
16.593,16.731,13.804,15.474,15.693,14.217,12.695,13.353,12.053,10.036,8.494,7.722,5.891,0.000,6.011,7.902,8.736,10.116,12.475,13.577,13.619,14.447,15.577,15.834,16.376,16.454
16.537,16.526,14.388,16.545,16.140,15.602,13.903,12.987,13.229,12.537,10.172,8.551,7.831,6.011,0.000,6.067,8.073,9.156,10.904,13.309,13.902,14.118,15.022,15.611,16.109,16.276
16.845,17.353,15.903,17.662,16.699,16.122,15.308,14.070,13.011,13.420,12.176,9.740,8.498,7.902,6.067,0.000,5.979,7.684,9.021,11.013,13.004,14.129,14.450,14.835,15.667,15.937
16.794,17.362,16.591,17.744,17.665,16.502,15.838,15.348,13.802,13.245,13.200,11.704,10.032,8.736,8.073,5.979,0.000,5.891,7.599,9.191,10.525,13.177,14.215,14.259,14.852,15.434
16.573,16.915,16.041,16.944,16.406,16.473,15.739,15.062,13.972,13.256,12.637,12.242,11.786,10.116,9.156,7.684,5.891,0.000,5.866,7.519,8.394,10.277,12.354,13.355,13.705,14.390
16.787,17.095,16.913,16.896,16.449,15.994,16.750,15.904,14.873,14.707,14.106,12.797,13.217,12.475,10.904,9.021,7.599,5.866,0.000,5.700,7.695,8.904,10.541,12.438,13.363,14.020
16.483,16.484,16.481,16.053,15.217,15.045,15.713,16.042,14.909,14.977,14.955,13.680,13.272,13.577,13.309,11.013,9.191,7.519,5.700,0.000,5.837,7.725,9.088,10.518,12.182,13.600
16.514,16.419,16.444,16.031,15.099,14.949,15.694,15.413,15.642,15.602,15.647,14.789,14.106,13.619,13.902,13.004,10.525,8.394,7.695,5.837,0.000,5.824,7.492,8.463,10.000,11.967
16.594,16.409,16.382,15.710,14.635,14.500,15.264,14.971,14.597,15.968,15.993,15.304,15.060,14.447,14.118,14.129,13.177,10.277,8.904,7.725,5.824,0.000,5.743,7.918,9.199,10.867
16.693,16.454,16.470,15.651,14.749,14.560,15.302,15.042,14.782,15.546,16.523,15.905,15.731,15.577,15.022,14.450,14.215,12.354,10.541,9.088,7.492,5.743,0.000,5.756,7.677,9.323
16.474,16.313,16.294,15.482,14.676,14.565,15.108,14.931,14.664,15.539,16.068,16.190,16.079,15.834,15.611,14.835,14.259,13.355,12.438,10.518,8.463,7.918,5.756,0.000,5.949,7.849
16.259,15.917,16.093,15.290,14.724,14.565,15.186,15.090,14.983,15.576,16.059,15.956,16.563,16.376,16.109,15.667,14.852,13.705,13.363,12.182,10.000,9.199,7.677,5.949,0.000,6.301
16.038,15.650,15.761,15.027,14.616,14.691,15.007,14.954,14.806,15.362,15.645,15.765,16.113,16.454,16.276,15.937,15.434,14.390,14.020,13.600,11.967,10.867,9.323,7.849,6.301,0.000