c1,c2,c3,c4,c5,c6,c7,c8,c9,c10,c11,c12,c13,c14,c15,c16,c17,c18,c19,c20,c21,c22,c23,c24,c25,c26
0.000,6.005,7.635,10.080,12.201,14.815,15.762,15.677,15.035,15.355,14.932,14.516,14.985,14.184,14.319,14.412,15.104,14.674,14.662,14.828,14.483,15.052,15.442,15.744,15.542,15.573
6.005,0.000,5.860,7.713,9.270,12.171,13.998,15.297,13.627,14.201,14.256,13.501,13.695,14.338,13.994,14.230,14.778,14.054,13.932,13.976,13.232,14.338,14.533,15.151,14.800,15.006
7.635,5.860,0.000,5.840,7.383,9.700,11.667,13.820,12.669,13.109,13.256,12.542,13.306,13.928,15.057,14.899,15.290,14.456,14.316,14.056,12.780,14.345,14.353,14.984,14.679,14.835
10.080,7.713,5.840,0.000,5.934,7.838,9.205,11.318,11.239,12.297,12.395,11.928,13.358,14.183,15.055,15.968,15.634,14.882,14.330,14.241,12.795,14.343,14.260,14.786,14.683,14.869
12.201,9.270,7.383,5.934,0.000,6.067,7.489,9.120,8.578,10.702,11.359,10.698,12.436,13.845,14.900,15.863,16.291,15.174,14.542,13.978,12.241,13.990,13.570,14.144,13.973,14.210
14.815,12.171,9.700,7.838,6.067,0.000,6.143,7.247,6.935,9.083,10.746,10.843,12.409,13.784,15.142,16.062,16.334,15.963,14.841,14.410,12.344,14.081,13.592,14.028,14.153,14.364
15.762,13.998,11.667,9.205,7.489,6.143,0.000,5.689,7.843,9.047,10.455,11.267,13.187,13.544,14.854,16.005,16.329,16.098,15.403,14.756,12.441,14.572,13.758,14.344,14.574,14.550
15.677,15.297,13.820,11.318,9.120,7.247,5.689,0.000,5.889,7.955,9.351,9.715,12.641,13.893,14.488,15.370,16.075,15.933,15.168,14.604,11.966,13.966,13.351,13.764,14.436,14.501
15.035,13.627,12.669,11.239,8.578,6.935,7.843,5.889,0.000,6.039,7.415,7.927,9.997,12.741,14.023,14.814,15.137,15.106,14.288,13.288,10.769,12.177,11.950,12.952,13.873,14.132
15.355,14.201,13.109,12.297,10.702,9.083,9.047,7.955,6.039,0.000,6.137,7.882,9.609,11.685,14.019,14.989,15.232,14.952,14.609,13.746,11.528,13.015,12.805,13.739,14.500,14.679
14.932,14.256,13.256,12.395,11.359,10.746,10.455,9.351,7.415,6.137,0.000,6.563,8.049,9.822,11.574,13.834,14.521,13.604,13.319,12.704,10.858,12.405,12.535,13.944,14.702,15.011
14.516,13.501,12.542,11.928,10.698,10.843,11.267,9.715,7.927,7.882,6.563,0.000,6.413,8.076,9.957,11.997,12.962,12.041,11.589,11.164,9.797,11.596,12.057,13.719,14.661,15.044
14.985,13.695,13.306,13.358,12.436,12.409,13.187,12.641,9.997,9.609,8.049,6.413,0.000,6.518,8.160,9.907,10.624,10.204,10.051,9.818,9.161,10.478,11.778,13.314,14.372,14.859
14.184,14.338,13.928,14.183,13.845,13.784,13.544,13.893,12.741,11.685,9.822,8.076,6.518,0.000,6.595,8.580,9.389,8.491,9.297,9.737,9.639,11.205,13.014,14.089,15.190,15.864
14.319,13.994,15.057,15.055,14.900,15.142,14.854,14.488,14.023,14.019,11.574,9.957,8.160,6.595,0.000,6.296,7.082,7.452,7.752,9.522,9.866,10.629,12.864,13.958,14.766,15.651
14.412,14.230,14.899,15.968,15.863,16.062,16.005,15.370,14.814,14.989,13.834,11.997,9.907,8.580,6.296,0.000,5.984,8.038,8.442,10.551,11.635,12.237,14.441,14.961,15.386,16.004
15.104,14.778,15.290,15.634,16.291,16.334,16.329,16.075,15.137,15.232,14.521,12.962,10.624,9.389,7.082,5.984,0.000,5.800,7.852,9.610,11.535,12.361,14.434,14.911,15.191,15.857
14.674,14.054,14.456,14.882,15.174,15.963,16.098,15.933,15.106,14.952,13.604,12.041,10.204,8.491,7.452,8.038,5.800,0.000,6.365,7.733,10.461,11.358,13.900,14.816,14.759,15.191
14.662,13.932,14.316,14.330,14.542,14.841,15.403,15.168,14.288,14.609,13.319,11.589,10.051,9.297,7.752,8.442,7.852,6.365,0.000,5.947,8.505,9.824,12.382,14.109,14.621,15.045
14.828,13.976,14.056,14.241,13.978,14.410,14.756,14.604,13.288,13.746,12.704,11.164,9.818,9.737,9.522,10.551,9.610,7.733,5.947,0.000,6.600,7.688,10.016,11.734,13.018,13.951
14.483,13.232,12.780,12.795,12.241,12.344,12.441,11.966,10.769,11.528,10.858,9.797,9.161,9.639,9.866,11.635,11.535,10.461,8.505,6.600,0.000,6.581,7.315,9.095,10.390,11.624
15.052,14.338,14.345,14.343,13.990,14.081,14.572,13.966,12.177,13.015,12.405,11.596,10.478,11.205,10.629,12.237,12.361,11.358,9.824,7.688,6.581,0.000,6.662,8.659,10.007,11.158
15.442,14.533,14.353,14.260,13.570,13.592,13.758,13.351,11.950,12.805,12.535,12.057,11.778,13.014,12.864,14.441,14.434,13.900,12.382,10.016,7.315,6.662,0.000,6.720,7.529,8.969
15.744,15.151,14.984,14.786,14.144,14.028,14.344,13.764,12.952,13.739,13.944,13.719,13.314,14.089,13.958,14.961,14.911,14.816,14.109,11.734,9.095,8.659,6.720,0.000,6.778,8.213
15.542,14.800,14.679,14.683,13.973,14.153,14.574,14.436,13.873,14.500,14.702,14.661,14.372,15.190,14.766,15.386,15.191,14.759,14.621,13.018,10.390,10.007,7.529,6.778,0.000,7.142
15.573,15.006,14.835,14.869,14.210,14.364,14.550,14.501,14.132,14.679,15.011,15.044,14.859,15.864,15.651,16.004,15.857,15.191,15.045,13.951,11.624,11.158,8.969,8.213,7.142,0.000