c1,c2,c3,c4,c5,c6,c7,c8,c9,c10,c11,c12,c13,c14,c15,c16,c17,c18,c19,c20,c21,c22,c23,c24,c25,c26
0.000,6.033,7.858,10.415,12.926,15.276,16.389,17.124,15.330,16.063,14.692,13.577,13.954,13.193,13.990,14.028,13.673,12.912,13.382,14.198,14.094,14.563,15.264,15.333,15.137,15.297
6.033,0.000,5.879,7.612,10.063,12.752,14.614,16.351,14.314,14.980,13.297,11.770,12.725,12.349,13.563,13.409,13.090,11.815,12.624,13.646,13.283,14.207,15.068,15.218,15.097,15.311
7.858,5.879,0.000,5.819,7.522,10.194,12.372,14.734,12.673,13.903,12.096,10.252,11.571,11.549,12.675,12.381,12.070,10.451,11.251,12.347,12.021,13.408,14.427,14.732,14.789,15.059
10.415,7.612,5.819,0.000,5.869,7.570,9.887,12.057,10.364,11.834,10.398,9.416,11.235,12.307,13.508,12.965,13.153,11.373,12.308,13.218,12.789,14.155,15.262,15.371,15.466,15.672
12.926,10.063,7.522,5.869,0.000,5.948,7.403,9.869,9.007,10.450,9.759,8.490,11.057,12.265,13.316,12.592,12.549,10.839,11.803,12.400,11.722,13.357,14.577,14.848,15.205,15.494
15.276,12.752,10.194,7.570,5.948,0.000,5.999,7.476,7.510,10.097,10.808,10.471,12.938,14.446,15.034,14.807,14.580,12.775,13.624,13.712,12.679,13.653,14.846,15.080,15.469,15.776
16.389,14.614,12.372,9.887,7.403,5.999,0.000,5.511,7.566,9.494,11.067,11.004,13.843,15.512,15.887,14.902,14.817,13.022,13.515,13.646,12.479,13.572,14.503,15.031,15.304,15.665
17.124,16.351,14.734,12.057,9.869,7.476,5.511,0.000,5.920,7.923,10.832,11.944,14.726,16.727,16.697,15.565,15.718,14.081,14.477,14.515,13.419,14.162,14.783,15.183,15.525,15.944
15.330,14.314,12.673,10.364,9.007,7.510,7.566,5.920,0.000,6.036,8.021,8.970,11.722,14.601,15.170,13.453,13.722,12.414,12.777,13.062,12.743,13.937,14.749,15.449,15.840,16.080
16.063,14.980,13.903,11.834,10.450,10.097,9.494,7.923,6.036,0.000,6.210,8.377,10.796,13.797,15.027,14.049,13.900,12.723,13.935,14.031,14.132,14.791,15.372,15.863,16.124,16.405
14.692,13.297,12.096,10.398,9.759,10.808,11.067,10.832,8.021,6.210,0.000,6.800,7.846,11.134,12.504,12.042,12.374,11.133,12.601,13.524,14.048,15.094,16.038,16.276,16.632,16.818
13.577,11.770,10.252,9.416,8.490,10.471,11.004,11.944,8.970,8.377,6.800,0.000,6.850,8.659,10.162,9.621,9.888,8.870,10.021,11.447,12.463,13.944,15.374,15.786,16.259,16.519
13.954,12.725,11.571,11.235,11.057,12.938,13.843,14.726,11.722,10.796,7.846,6.850,0.000,6.492,7.362,7.733,8.803,9.253,11.154,12.682,13.620,14.997,16.137,16.429,16.825,16.968
13.193,12.349,11.549,12.307,12.265,14.446,15.512,16.727,14.601,13.797,11.134,8.659,6.492,0.000,6.134,7.643,8.282,9.195,10.816,12.570,13.153,14.455,15.749,16.033,16.491,16.644
13.990,13.563,12.675,13.508,13.316,15.034,15.887,16.697,15.170,15.027,12.504,10.162,7.362,6.134,0.000,6.054,7.913,9.001,10.799,12.839,13.880,14.030,14.878,15.695,16.425,16.695
14.028,13.409,12.381,12.965,12.592,14.807,14.902,15.565,13.453,14.049,12.042,9.621,7.733,7.643,6.054,0.000,6.087,8.204,9.505,11.463,13.367,14.288,14.324,14.841,16.036,16.438
13.673,13.090,12.070,13.153,12.549,14.580,14.817,15.718,13.722,13.900,12.374,9.888,8.803,8.282,7.913,6.087,0.000,6.017,7.861,9.529,11.063,13.446,14.644,14.319,15.235,16.022
12.912,11.815,10.451,11.373,10.839,12.775,13.022,14.081,12.414,12.723,11.133,8.870,9.253,9.195,9.001,8.204,6.017,0.000,5.930,7.501,8.494,10.573,13.175,13.725,14.162,14.781
13.382,12.624,11.251,12.308,11.803,13.624,13.515,14.477,12.777,13.935,12.601,10.021,11.154,10.816,10.799,9.505,7.861,5.930,0.000,5.755,7.466,8.946,11.105,12.860,13.936,14.494
14.198,13.646,12.347,13.218,12.400,13.712,13.646,14.515,13.062,14.031,13.524,11.447,12.682,12.570,12.839,11.463,9.529,7.501,5.755,0.000,5.772,7.342,9.138,10.509,12.535,13.676
14.094,13.283,12.021,12.789,11.722,12.679,12.479,13.419,12.743,14.132,14.048,12.463,13.620,13.153,13.880,13.367,11.063,8.494,7.466,5.772,0.000,5.846,7.687,8.650,10.710,12.235
14.563,14.207,13.408,14.155,13.357,13.653,13.572,14.162,13.937,14.791,15.094,13.944,14.997,14.455,14.030,14.288,13.446,10.573,8.946,7.342,5.846,0.000,5.881,7.384,9.213,10.979
15.264,15.068,14.427,15.262,14.577,14.846,14.503,14.783,14.749,15.372,16.038,15.374,16.137,15.749,14.878,14.324,14.644,13.175,11.105,9.138,7.687,5.881,0.000,6.035,7.840,9.718
15.333,15.218,14.732,15.371,14.848,15.080,15.031,15.183,15.449,15.863,16.276,15.786,16.429,16.033,15.695,14.841,14.319,13.725,12.860,10.509,8.650,7.384,6.035,0.000,6.018,8.294
15.137,15.097,14.789,15.466,15.205,15.469,15.304,15.525,15.840,16.124,16.632,16.259,16.825,16.491,16.425,16.036,15.235,14.162,13.936,12.535,10.710,9.213,7.840,6.018,0.000,6.932
15.297,15.311,15.059,15.672,15.494,15.776,15.665,15.944,16.080,16.405,16.818,16.519,16.968,16.644,16.695,16.438,16.022,14.781,14.494,13.676,12.235,10.979,9.718,8.294,6.932,0.000