c1,c2,c3,c4,c5,c6,c7,c8,c9,c10,c11,c12,c13,c14,c15,c16,c17,c18,c19,c20,c21,c22,c23,c24,c25,c26
0.000,6.004,7.832,10.154,12.524,14.963,16.070,16.384,15.478,15.811,15.538,14.923,14.853,14.894,14.655,14.663,14.814,14.639,14.884,14.726,14.813,14.901,15.326,15.467,15.284,15.411
6.004,0.000,5.856,7.725,9.627,12.449,14.274,15.481,14.400,14.780,14.485,13.691,13.818,14.058,14.021,14.274,14.470,14.063,14.445,14.331,14.223,14.498,15.095,15.456,15.223,15.305
7.832,5.856,0.000,5.855,7.499,10.189,12.274,14.103,13.243,13.673,13.254,12.602,12.746,13.369,13.451,13.931,14.056,13.494,13.944,14.002,13.799,14.085,14.889,15.310,15.259,15.425
10.154,7.725,5.855,0.000,5.950,7.985,9.997,12.135,12.196,13.001,12.482,11.981,12.850,13.551,13.935,14.503,14.732,14.122,14.718,14.643,14.246,14.521,15.199,15.598,15.513,15.764
12.524,9.627,7.499,5.950,0.000,6.022,7.644,10.000,9.713,11.076,11.088,10.601,11.715,13.036,13.268,14.109,14.378,13.742,14.351,14.301,13.783,14.322,14.859,15.314,15.359,15.682
14.963,12.449,10.189,7.985,6.022,0.000,6.134,7.185,7.978,9.688,10.424,10.392,11.903,13.280,13.973,14.734,14.945,14.200,14.927,14.958,14.171,14.524,15.120,15.558,15.530,15.867
16.070,14.274,12.274,9.997,7.644,6.134,0.000,5.764,8.209,8.989,9.894,10.816,12.380,13.678,14.132,15.029,15.116,14.323,15.106,15.284,14.588,14.902,15.358,15.855,15.801,15.956
16.384,15.481,14.103,12.135,10.000,7.185,5.764,0.000,5.807,7.539,9.305,10.090,12.417,13.960,14.422,15.144,14.999,14.406,15.176,15.570,14.684,15.094,15.223,15.757,15.831,16.062
15.478,14.400,13.243,12.196,9.713,7.978,8.209,5.807,0.000,5.999,7.796,8.318,10.176,12.584,13.512,14.057,14.070,13.650,14.262,14.643,14.037,14.351,14.602,14.962,15.444,15.706
15.811,14.780,13.673,13.001,11.076,9.688,8.989,7.539,5.999,0.000,6.164,8.035,9.728,11.762,13.297,14.410,14.232,13.549,14.761,15.294,14.635,15.087,14.887,15.112,15.478,15.591
15.538,14.485,13.254,12.482,11.088,10.424,9.894,9.305,7.796,6.164,0.000,6.519,8.112,10.031,11.631,13.424,13.762,12.940,14.163,14.524,13.786,14.391,14.513,14.598,15.042,15.312
14.923,13.691,12.602,11.981,10.601,10.392,10.816,10.090,8.318,8.035,6.519,0.000,6.623,8.479,10.115,11.711,12.754,12.426,13.288,13.621,13.401,13.855,14.222,14.403,14.583,14.751
14.853,13.818,12.746,12.850,11.715,11.903,12.380,12.417,10.176,9.728,8.112,6.623,0.000,6.680,7.837,9.677,10.782,11.211,12.111,12.177,11.863,12.866,13.613,14.475,15.280,15.286
14.894,14.058,13.369,13.551,13.036,13.280,13.678,13.960,12.584,11.762,10.031,8.479,6.680,0.000,6.737,8.203,9.757,10.068,11.455,12.113,11.855,12.241,13.756,14.300,15.314,15.499
14.655,14.021,13.451,13.935,13.268,13.973,14.132,14.422,13.512,13.297,11.631,10.115,7.837,6.737,0.000,6.729,8.078,8.377,9.074,10.892,11.030,11.695,13.296,14.478,15.528,15.863
14.663,14.274,13.931,14.503,14.109,14.734,15.029,15.144,14.057,14.410,13.424,11.711,9.677,8.203,6.729,0.000,6.314,7.415,8.376,8.934,10.969,11.491,12.857,13.825,15.272,15.668
14.814,14.470,14.056,14.732,14.378,14.945,15.116,14.999,14.070,14.232,13.762,12.754,10.782,9.757,8.078,6.314,0.000,5.996,7.833,8.659,10.135,11.584,13.546,14.212,14.875,15.552
14.639,14.063,13.494,14.122,13.742,14.200,14.323,14.406,13.650,13.549,12.940,12.426,11.211,10.068,8.377,7.415,5.996,0.000,5.963,7.212,8.273,9.303,12.326,13.408,13.822,14.145
14.884,14.445,13.944,14.718,14.351,14.927,15.106,15.176,14.262,14.761,14.163,13.288,12.111,11.455,9.074,8.376,7.833,5.963,0.000,5.896,8.057,8.474,10.553,12.775,13.675,13.434
14.726,14.331,14.002,14.643,14.301,14.958,15.284,15.570,14.643,15.294,14.524,13.621,12.177,12.113,10.892,8.934,8.659,7.212,5.896,0.000,6.003,7.733,9.121,11.193,12.955,13.330
14.813,14.223,13.799,14.246,13.783,14.171,14.588,14.684,14.037,14.635,13.786,13.401,11.863,11.855,11.030,10.969,10.135,8.273,8.057,6.003,0.000,6.218,8.099,9.380,11.094,12.233
14.901,14.498,14.085,14.521,14.322,14.524,14.902,15.094,14.351,15.087,14.391,13.855,12.866,12.241,11.695,11.491,11.584,9.303,8.474,7.733,6.218,0.000,6.301,7.994,9.309,10.283
15.326,15.095,14.889,15.199,14.859,15.120,15.358,15.223,14.602,14.887,14.513,14.222,13.613,13.756,13.296,12.857,13.546,12.326,10.553,9.121,8.099,6.301,0.000,6.340,7.624,8.367
15.467,15.456,15.310,15.598,15.314,15.558,15.855,15.757,14.962,15.112,14.598,14.403,14.475,14.300,14.478,13.825,14.212,13.408,12.775,11.193,9.380,7.994,6.340,0.000,6.629,8.354
15.284,15.223,15.259,15.513,15.359,15.530,15.801,15.831,15.444,15.478,15.042,14.583,15.280,15.314,15.528,15.272,14.875,13.822,13.675,12.955,11.094,9.309,7.624,6.629,0.000,6.902
15.411,15.305,15.425,15.764,15.682,15.867,15.956,16.062,15.706,15.591,15.312,14.751,15.286,15.499,15.863,15.668,15.552,14.145,13.434,13.330,12.233,10.283,8.367,8.354,6.902,0.000