c1,c2,c3,c4,c5,c6,c7,c8,c9,c10,c11,c12,c13,c14,c15,c16,c17,c18,c19,c20,c21,c22,c23,c24,c25,c26
0.000,5.939,7.802,10.276,12.628,15.112,16.205,16.281,15.238,15.483,15.717,15.015,14.894,15.089,15.281,15.204,14.941,14.607,15.193,15.189,15.062,14.945,15.101,15.064,14.727,14.819
5.939,0.000,5.752,7.715,9.675,12.554,14.429,15.504,14.056,14.230,14.645,13.837,13.817,14.578,14.878,14.966,14.741,14.110,14.936,15.030,14.709,14.630,14.774,14.859,14.509,14.604
7.802,5.752,0.000,5.766,7.319,10.106,12.441,14.181,13.023,13.049,13.699,12.889,12.590,13.857,14.464,14.472,14.235,13.631,14.424,14.601,14.312,14.291,14.501,14.561,14.262,14.290
10.276,7.715,5.766,0.000,5.816,7.704,9.941,12.038,11.793,12.429,13.139,12.474,12.897,13.997,14.930,15.214,14.932,14.239,15.142,15.122,14.636,14.462,14.796,14.557,14.468,14.559
12.628,9.675,7.319,5.816,0.000,5.880,7.724,9.809,9.292,10.508,11.752,10.936,11.358,12.902,13.796,14.335,14.501,13.681,14.665,14.628,14.001,14.068,14.152,14.202,14.068,13.942
15.112,12.554,10.106,7.704,5.880,0.000,5.989,6.896,7.408,9.310,11.122,10.868,11.960,13.644,14.675,15.080,15.247,14.773,15.425,15.385,14.609,14.278,14.375,14.208,14.347,14.365
16.205,14.429,12.441,9.941,7.724,5.989,0.000,5.709,7.925,8.634,10.396,11.467,12.564,13.508,14.457,15.259,15.498,14.965,15.754,15.559,14.730,14.323,14.388,14.408,14.587,14.388
16.281,15.504,14.181,12.038,9.809,6.896,5.709,0.000,5.731,7.713,9.168,10.126,12.273,13.884,14.183,14.779,15.345,14.939,15.650,15.948,14.779,14.566,14.643,14.645,15.060,14.971
15.238,14.056,13.023,11.793,9.292,7.408,7.925,5.731,0.000,5.878,7.635,8.300,10.173,12.606,13.649,13.733,14.346,14.143,14.763,15.194,14.841,14.375,14.712,14.661,15.170,15.186
15.483,14.230,13.049,12.429,10.508,9.310,8.634,7.713,5.878,0.000,6.162,7.910,9.327,11.138,13.041,13.636,13.886,13.346,14.304,14.874,14.664,14.724,14.800,14.847,15.274,15.372
15.717,14.645,13.699,13.139,11.752,11.122,10.396,9.168,7.635,6.162,0.000,6.519,8.100,9.531,10.993,12.259,13.205,12.482,13.350,14.322,14.365,14.555,15.368,15.232,15.600,15.679
15.015,13.837,12.889,12.474,10.936,10.868,11.467,10.126,8.300,7.910,6.519,0.000,6.510,8.326,9.546,10.402,11.954,11.648,12.347,13.371,13.936,14.165,15.065,15.633,15.465,15.621
14.894,13.817,12.590,12.897,11.358,11.960,12.564,12.273,10.173,9.327,8.100,6.510,0.000,6.580,7.985,8.497,9.532,9.957,11.332,12.173,12.942,13.584,14.627,15.385,15.662,15.632
15.089,14.578,13.857,13.997,12.902,13.644,13.508,13.884,12.606,11.138,9.531,8.326,6.580,0.000,6.284,8.021,9.115,9.257,10.995,12.365,12.935,13.421,14.601,15.500,15.760,15.820
15.281,14.878,14.464,14.930,13.796,14.675,14.457,14.183,13.649,13.041,10.993,9.546,7.985,6.284,0.000,6.547,8.419,8.916,9.866,11.990,13.316,13.226,14.194,15.543,15.737,15.960
15.204,14.966,14.472,15.214,14.335,15.080,15.259,14.779,13.733,13.636,12.259,10.402,8.497,8.021,6.547,0.000,6.394,7.727,8.734,10.029,12.398,12.881,13.443,14.698,15.361,15.674
14.941,14.741,14.235,14.932,14.501,15.247,15.498,15.345,14.346,13.886,13.205,11.954,9.532,9.115,8.419,6.394,0.000,6.321,8.050,8.899,10.724,12.025,13.214,14.113,14.328,14.979
14.607,14.110,13.631,14.239,13.681,14.773,14.965,14.939,14.143,13.346,12.482,11.648,9.957,9.257,8.916,7.727,6.321,0.000,6.143,7.821,8.868,9.793,11.737,13.169,13.173,13.568
15.193,14.936,14.424,15.142,14.665,15.425,15.754,15.650,14.763,14.304,13.350,12.347,11.332,10.995,9.866,8.734,8.050,6.143,0.000,6.099,7.754,8.651,10.123,12.370,12.944,13.263
15.189,15.030,14.601,15.122,14.628,15.385,15.559,15.948,15.194,14.874,14.322,13.371,12.173,12.365,11.990,10.029,8.899,7.821,6.099,0.000,5.969,7.636,8.567,10.778,11.883,12.777
15.062,14.709,14.312,14.636,14.001,14.609,14.730,14.779,14.841,14.664,14.365,13.936,12.942,12.935,13.316,12.398,10.724,8.868,7.754,5.969,0.000,5.861,7.644,9.225,10.233,11.624
14.945,14.630,14.291,14.462,14.068,14.278,14.323,14.566,14.375,14.724,14.555,14.165,13.584,13.421,13.226,12.881,12.025,9.793,8.651,7.636,5.861,0.000,5.911,7.486,8.767,10.285
15.101,14.774,14.501,14.796,14.152,14.375,14.388,14.643,14.712,14.800,15.368,15.065,14.627,14.601,14.194,13.443,13.214,11.737,10.123,8.567,7.644,5.911,0.000,5.895,7.578,9.024
15.064,14.859,14.561,14.557,14.202,14.208,14.408,14.645,14.661,14.847,15.232,15.633,15.385,15.500,15.543,14.698,14.113,13.169,12.370,10.778,9.225,7.486,5.895,0.000,6.046,7.989
14.727,14.509,14.262,14.468,14.068,14.347,14.587,15.060,15.170,15.274,15.600,15.465,15.662,15.760,15.737,15.361,14.328,13.173,12.944,11.883,10.233,8.767,7.578,6.046,0.000,6.642
14.819,14.604,14.290,14.559,13.942,14.365,14.388,14.971,15.186,15.372,15.679,15.621,15.632,15.820,15.960,15.674,14.979,13.568,13.263,12.777,11.624,10.285,9.024,7.989,6.642,0.000