c1,c2,c3,c4,c5,c6,c7,c8,c9,c10,c11,c12,c13,c14,c15,c16,c17,c18,c19,c20,c21,c22,c23,c24,c25,c26
0.000,5.958,7.863,10.355,12.580,15.197,16.165,16.210,15.197,15.368,15.545,14.626,14.201,14.334,14.706,14.531,14.256,14.186,14.553,14.474,14.389,14.589,14.917,14.972,14.814,14.944
5.958,0.000,5.802,7.763,9.699,12.640,14.376,15.574,14.060,14.254,14.387,13.408,12.996,13.462,14.144,14.048,13.976,13.510,14.172,14.171,14.102,14.510,14.888,15.136,14.934,14.935
7.863,5.802,0.000,5.812,7.377,10.286,12.382,14.104,12.896,13.086,13.404,12.238,11.717,12.749,13.311,13.121,13.264,12.971,13.343,13.394,13.369,14.034,14.465,14.703,14.679,14.646
10.355,7.763,5.812,0.000,5.835,7.928,10.017,12.071,11.446,12.266,12.715,11.606,11.810,12.825,14.003,14.111,14.321,13.809,14.547,14.343,14.073,14.738,15.055,15.174,15.117,15.094
12.580,9.699,7.377,5.835,0.000,5.868,7.725,9.717,8.959,10.271,11.223,10.155,10.459,11.981,13.109,13.152,13.643,13.245,13.846,13.643,13.200,14.121,14.402,14.467,14.638,14.647
15.197,12.640,10.286,7.928,5.868,0.000,5.972,6.902,6.946,9.120,10.777,10.266,11.460,13.139,14.375,14.546,15.062,14.698,15.373,15.009,14.413,15.022,15.225,14.984,15.083,15.058
16.165,14.376,12.382,10.017,7.725,5.972,0.000,5.605,7.855,8.737,10.521,11.397,12.443,13.573,14.743,15.148,15.528,15.079,15.676,15.303,14.538,15.033,15.004,14.952,15.089,15.062
16.210,15.574,14.104,12.071,9.717,6.902,5.605,0.000,5.690,7.856,9.377,10.150,12.288,13.894,14.575,14.838,15.562,15.260,15.839,15.721,14.939,15.306,15.327,15.192,15.391,15.381
15.197,14.060,12.896,11.446,8.959,6.946,7.855,5.690,0.000,5.870,7.457,8.098,10.034,12.377,13.620,13.668,14.546,14.336,14.930,15.109,14.971,15.274,15.443,15.346,15.629,15.652
15.368,14.254,13.086,12.266,10.271,9.120,8.737,7.856,5.870,0.000,6.145,7.834,9.124,10.924,12.951,13.280,14.195,13.653,14.454,14.766,14.868,15.514,15.601,15.587,15.759,15.790
15.545,14.387,13.404,12.715,11.223,10.777,10.521,9.377,7.457,6.145,0.000,6.444,8.046,9.199,10.966,11.890,13.355,12.711,13.432,14.064,14.468,15.225,15.866,15.766,15.927,16.042
14.626,13.408,12.238,11.606,10.155,10.266,11.397,10.150,8.098,7.834,6.444,0.000,6.357,8.164,9.741,10.173,12.181,11.913,12.508,13.086,13.874,14.754,15.542,15.879,15.692,15.865
14.201,12.996,11.717,11.810,10.459,11.460,12.443,12.288,10.034,9.124,8.046,6.357,0.000,6.467,8.022,8.205,10.033,10.284,11.119,11.736,12.533,13.887,14.943,15.536,15.672,15.793
14.334,13.462,12.749,12.825,11.981,13.139,13.573,13.894,12.377,10.924,9.199,8.164,6.467,0.000,6.049,7.990,9.800,9.858,10.932,12.156,12.825,13.910,15.123,15.888,16.057,16.247
14.706,14.144,13.311,14.003,13.109,14.375,14.743,14.575,13.620,12.951,10.966,9.741,8.022,6.049,0.000,6.521,8.601,9.275,9.604,11.174,12.644,13.426,14.566,15.523,15.834,16.276
14.531,14.048,13.121,14.111,13.152,14.546,15.148,14.838,13.668,13.280,11.890,10.173,8.205,7.990,6.521,0.000,6.319,7.454,8.023,8.782,11.348,12.689,13.516,14.422,14.999,15.669
14.256,13.976,13.264,14.321,13.643,15.062,15.528,15.562,14.546,14.195,13.355,12.181,10.033,9.800,8.601,6.319,0.000,6.220,7.886,8.038,9.455,11.876,13.185,13.510,13.770,14.868
14.186,13.510,12.971,13.809,13.245,14.698,15.079,15.260,14.336,13.653,12.711,11.913,10.284,9.858,9.275,7.454,6.220,0.000,5.957,7.574,7.971,9.900,12.267,13.274,13.022,13.815
14.553,14.172,13.343,14.547,13.846,15.373,15.676,15.839,14.930,14.454,13.432,12.508,11.119,10.932,9.604,8.023,7.886,5.957,0.000,5.843,7.966,8.994,10.895,12.776,13.019,13.542
14.474,14.171,13.394,14.343,13.643,15.009,15.303,15.721,15.109,14.766,14.064,13.086,11.736,12.156,11.174,8.782,8.038,7.574,5.843,0.000,5.900,7.683,9.171,10.544,11.790,12.809
14.389,14.102,13.369,14.073,13.200,14.413,14.538,14.939,14.971,14.868,14.468,13.874,12.533,12.825,12.644,11.348,9.455,7.971,7.966,5.900,0.000,5.884,7.784,8.535,9.502,10.833
14.589,14.510,14.034,14.738,14.121,15.022,15.033,15.306,15.274,15.514,15.225,14.754,13.887,13.910,13.426,12.689,11.876,9.900,8.994,7.683,5.884,0.000,5.833,7.204,8.187,10.022
14.917,14.888,14.465,15.055,14.402,15.225,15.004,15.327,15.443,15.601,15.866,15.542,14.943,15.123,14.566,13.516,13.185,12.267,10.895,9.171,7.784,5.833,0.000,5.873,7.669,9.015
14.972,15.136,14.703,15.174,14.467,14.984,14.952,15.192,15.346,15.587,15.766,15.879,15.536,15.888,15.523,14.422,13.510,13.274,12.776,10.544,8.535,7.204,5.873,0.000,6.070,7.947
14.814,14.934,14.679,15.117,14.638,15.083,15.089,15.391,15.629,15.759,15.927,15.692,15.672,16.057,15.834,14.999,13.770,13.022,13.019,11.790,9.502,8.187,7.669,6.070,0.000,6.538
14.944,14.935,14.646,15.094,14.647,15.058,15.062,15.381,15.652,15.790,16.042,15.865,15.793,16.247,16.276,15.669,14.868,13.815,13.542,12.809,10.833,10.022,9.015,7.947,6.538,0.000