c1,c2,c3,c4,c5,c6,c7,c8,c9,c10,c11,c12,c13,c14,c15,c16,c17,c18,c19,c20,c21,c22,c23,c24,c25,c26
0.000,6.087,8.011,10.620,12.932,15.811,16.980,16.942,15.867,16.181,16.023,15.217,14.601,14.390,14.411,14.508,14.051,13.950,14.648,14.636,14.795,15.125,15.631,15.422,14.950,14.934
6.087,0.000,5.864,7.837,9.938,13.199,15.095,16.672,14.562,14.868,14.793,13.786,13.489,13.358,13.678,13.982,13.325,12.691,13.800,13.773,13.760,14.330,15.028,14.987,14.498,14.477
8.011,5.864,0.000,5.835,7.387,10.499,12.898,14.820,12.976,13.569,13.622,12.591,12.103,12.712,13.092,13.706,12.710,11.998,13.013,13.057,12.598,13.568,14.234,14.129,13.719,13.676
10.620,7.837,5.835,0.000,5.939,7.922,10.191,12.374,11.461,12.521,12.575,11.969,12.357,13.475,14.069,14.934,13.860,12.749,14.082,13.870,12.580,13.827,14.657,14.305,14.079,14.035
12.932,9.938,7.387,5.939,0.000,6.005,7.801,9.900,8.736,10.032,10.783,10.123,10.722,12.593,13.427,14.539,13.250,12.382,13.580,12.887,11.262,12.635,13.235,12.913,12.950,13.079
15.811,13.199,10.499,7.922,6.005,0.000,6.054,6.898,6.887,9.097,10.633,10.696,11.948,13.753,14.730,16.036,14.385,13.480,14.980,14.224,11.858,13.008,13.736,13.147,13.266,13.503
16.980,15.095,12.898,10.191,7.801,6.054,0.000,5.697,8.034,8.744,10.207,11.888,13.006,14.676,15.570,16.678,15.225,14.262,15.868,15.081,12.399,13.740,14.273,13.584,13.804,13.807
16.942,16.672,14.820,12.374,9.900,6.898,5.697,0.000,5.802,7.903,9.349,10.787,12.956,14.628,15.360,16.269,14.673,14.084,15.376,14.409,11.691,13.048,13.620,13.112,13.798,14.015
15.867,14.562,12.976,11.461,8.736,6.887,8.034,5.802,0.000,6.010,7.663,8.403,10.225,12.893,13.881,14.602,12.983,12.540,13.271,12.730,10.475,11.495,12.380,12.521,13.297,13.530
16.181,14.868,13.569,12.521,10.032,9.097,8.744,7.903,6.010,0.000,6.268,8.131,9.380,11.918,13.623,14.827,13.107,12.348,14.130,13.913,11.929,13.528,14.463,14.338,14.790,14.890
16.023,14.793,13.622,12.575,10.783,10.633,10.207,9.349,7.663,6.268,0.000,6.715,8.210,10.283,11.742,13.769,12.167,11.464,13.377,13.588,12.190,14.041,15.219,14.953,15.444,15.523
15.217,13.786,12.591,11.969,10.123,10.696,11.888,10.787,8.403,8.131,6.715,0.000,6.611,8.426,10.017,11.522,10.577,10.129,11.891,12.389,11.878,13.714,14.720,14.898,15.255,15.258
14.601,13.489,12.103,12.357,10.722,11.948,13.006,12.956,10.225,9.380,8.210,6.611,0.000,6.411,8.067,9.492,8.287,8.337,10.933,11.478,11.277,13.261,14.598,14.890,15.535,15.480
14.390,13.358,12.712,13.475,12.593,13.753,14.676,14.628,12.893,11.918,10.283,8.426,6.411,0.000,6.263,8.299,8.401,8.698,11.150,12.230,12.596,14.192,15.587,16.029,16.733,16.577
14.411,13.678,13.092,14.069,13.427,14.730,15.570,15.360,13.881,13.623,11.742,10.017,8.067,6.263,0.000,6.247,7.369,8.086,9.507,11.516,12.622,13.749,14.839,15.711,16.479,16.452
14.508,13.982,13.706,14.934,14.539,16.036,16.678,16.269,14.602,14.827,13.769,11.522,9.492,8.299,6.247,0.000,6.450,8.032,8.478,9.664,12.276,13.667,14.273,14.834,16.046,16.245
14.051,13.325,12.710,13.860,13.250,14.385,15.225,14.673,12.983,13.107,12.167,10.577,8.287,8.401,7.369,6.450,0.000,6.523,8.109,8.204,9.839,12.251,13.773,13.974,14.690,15.246
13.950,12.691,11.998,12.749,12.382,13.480,14.262,14.084,12.540,12.348,11.464,10.129,8.337,8.698,8.086,8.032,6.523,0.000,6.362,7.876,8.281,10.356,12.654,13.192,13.671,14.039
14.648,13.800,13.013,14.082,13.580,14.980,15.868,15.376,13.271,14.130,13.377,11.891,10.933,11.150,9.507,8.478,8.109,6.362,0.000,6.191,8.064,8.796,10.793,12.538,13.775,13.892
14.636,13.773,13.057,13.870,12.887,14.224,15.081,14.409,12.730,13.913,13.588,12.389,11.478,12.230,11.516,9.664,8.204,7.876,6.191,0.000,6.265,7.997,9.222,10.486,12.534,13.140
14.795,13.760,12.598,12.580,11.262,11.858,12.399,11.691,10.475,11.929,12.190,11.878,11.277,12.596,12.622,12.276,9.839,8.281,8.064,6.265,0.000,6.213,7.549,8.061,9.891,11.337
15.125,14.330,13.568,13.827,12.635,13.008,13.740,13.048,11.495,13.528,14.041,13.714,13.261,14.192,13.749,13.667,12.251,10.356,8.796,7.997,6.213,0.000,6.174,7.984,9.457,10.648
15.631,15.028,14.234,14.657,13.235,13.736,14.273,13.620,12.380,14.463,15.219,14.720,14.598,15.587,14.839,14.273,13.773,12.654,10.793,9.222,7.549,6.174,0.000,6.224,7.936,9.521
15.422,14.987,14.129,14.305,12.913,13.147,13.584,13.112,12.521,14.338,14.953,14.898,14.890,16.029,15.711,14.834,13.974,13.192,12.538,10.486,8.061,7.984,6.224,0.000,6.294,8.199
14.950,14.498,13.719,14.079,12.950,13.266,13.804,13.798,13.297,14.790,15.444,15.255,15.535,16.733,16.479,16.046,14.690,13.671,13.775,12.534,9.891,9.457,7.936,6.294,0.000,6.830
14.934,14.477,13.676,14.035,13.079,13.503,13.807,14.015,13.530,14.890,15.523,15.258,15.480,16.577,16.452,16.245,15.246,14.039,13.892,13.140,11.337,10.648,9.521,8.199,6.830,0.000