c1,c2,c3,c4,c5,c6,c7,c8,c9,c10,c11,c12,c13,c14,c15,c16,c17,c18,c19,c20,c21,c22,c23,c24,c25,c26
0.000,6.117,8.071,10.602,12.844,15.641,16.867,16.990,15.642,16.016,16.346,15.578,14.744,15.182,15.274,15.210,14.801,14.447,14.983,14.913,14.833,14.900,15.257,15.160,14.729,14.869
6.117,0.000,5.868,7.929,9.872,13.150,15.106,16.620,14.198,14.572,15.307,14.366,13.608,14.356,14.962,15.025,14.422,13.631,14.424,14.323,14.008,14.254,14.583,14.543,14.125,14.259
8.071,5.868,0.000,5.816,7.465,10.476,13.050,14.676,12.432,13.117,14.131,12.992,12.253,13.777,14.313,14.559,13.777,13.034,13.839,13.793,13.282,13.740,13.972,13.803,13.489,13.575
10.602,7.929,5.816,0.000,5.948,8.029,10.370,12.407,11.207,12.254,13.431,12.659,12.544,14.392,15.267,15.899,15.013,13.981,15.095,14.775,13.446,14.128,14.301,13.920,13.792,13.852
12.844,9.872,7.465,5.948,0.000,6.030,7.975,9.638,7.757,9.028,10.694,9.924,9.747,12.178,13.404,14.442,13.715,12.824,14.131,13.511,11.938,13.103,13.086,12.612,12.717,12.783
15.641,13.150,10.476,8.029,6.030,0.000,5.967,6.651,6.527,8.927,10.654,10.552,11.439,13.506,14.522,16.020,15.074,14.078,15.523,14.753,12.514,13.534,13.573,12.993,13.337,13.503
16.867,15.106,13.050,10.370,7.975,5.967,0.000,5.682,7.850,8.313,10.028,11.653,12.158,13.694,14.701,16.513,15.645,14.704,16.238,15.459,13.095,14.310,14.249,13.800,14.165,13.985
16.990,16.620,14.676,12.407,9.638,6.651,5.682,0.000,5.764,7.763,8.986,9.973,11.938,13.479,14.250,15.691,14.801,14.109,15.396,14.583,12.040,13.280,13.395,13.190,13.892,14.085
15.642,14.198,12.432,11.207,7.757,6.527,7.850,5.764,0.000,5.888,7.615,7.689,9.092,11.797,12.986,14.105,13.140,12.303,13.430,12.974,10.725,11.605,12.139,12.345,13.231,13.418
16.016,14.572,13.117,12.254,9.028,8.927,8.313,7.763,5.888,0.000,6.017,7.894,8.151,10.441,12.468,14.082,13.117,12.239,14.171,14.049,12.371,13.615,14.261,14.261,14.673,14.730
16.346,15.307,14.131,13.431,10.694,10.654,10.028,8.986,7.615,6.017,0.000,6.262,7.925,8.861,10.206,12.790,12.152,11.541,13.410,13.611,12.612,14.295,15.087,14.965,15.523,15.537
15.578,14.366,12.992,12.659,9.924,10.552,11.653,9.973,7.689,7.894,6.262,0.000,6.331,8.188,9.024,10.689,10.204,9.364,11.457,11.809,11.061,13.116,14.117,14.418,14.899,14.953
14.744,13.608,12.253,12.544,9.747,11.439,12.158,11.938,9.092,8.151,7.925,6.331,0.000,6.186,8.123,9.381,8.660,8.224,10.727,11.277,10.904,13.008,14.295,14.736,15.173,15.053
15.182,14.356,13.777,14.392,12.178,13.506,13.694,13.479,11.797,10.441,8.861,8.188,6.186,0.000,6.087,8.228,8.681,8.711,11.112,12.168,12.515,14.180,15.692,15.938,16.490,16.208
15.274,14.962,14.313,15.267,13.404,14.522,14.701,14.250,12.986,12.468,10.206,9.024,8.123,6.087,0.000,6.232,6.914,7.998,9.368,11.234,12.472,13.939,15.004,15.621,16.291,16.222
15.210,15.025,14.559,15.899,14.442,16.020,16.513,15.691,14.105,14.082,12.790,10.689,9.381,8.228,6.232,0.000,6.336,7.903,8.452,9.542,12.051,13.631,14.508,14.949,15.897,15.941
14.801,14.422,13.777,15.013,13.715,15.074,15.645,14.801,13.140,13.117,12.152,10.204,8.660,8.681,6.914,6.336,0.000,6.367,8.044,8.489,10.328,12.581,14.148,14.353,14.742,15.072
14.447,13.631,13.034,13.981,12.824,14.078,14.704,14.109,12.303,12.239,11.541,9.364,8.224,8.711,7.998,7.903,6.367,0.000,6.242,7.953,8.425,10.612,12.789,13.389,13.723,13.964
14.983,14.424,13.839,15.095,14.131,15.523,16.238,15.396,13.430,14.171,13.410,11.457,10.727,11.112,9.368,8.452,8.044,6.242,0.000,5.982,8.216,9.163,11.219,12.686,13.791,13.955
14.913,14.323,13.793,14.775,13.511,14.753,15.459,14.583,12.974,14.049,13.611,11.809,11.277,12.168,11.234,9.542,8.489,7.953,5.982,0.000,6.255,8.081,9.606,10.578,12.423,13.088
14.833,14.008,13.282,13.446,11.938,12.514,13.095,12.040,10.725,12.371,12.612,11.061,10.904,12.515,12.472,12.051,10.328,8.425,8.216,6.255,0.000,6.247,7.556,8.162,9.894,11.262
14.900,14.254,13.740,14.128,13.103,13.534,14.310,13.280,11.605,13.615,14.295,13.116,13.008,14.180,13.939,13.631,12.581,10.612,9.163,8.081,6.247,0.000,6.156,7.958,9.541,10.803
15.257,14.583,13.972,14.301,13.086,13.573,14.249,13.395,12.139,14.261,15.087,14.117,14.295,15.692,15.004,14.508,14.148,12.789,11.219,9.606,7.556,6.156,0.000,6.264,7.953,9.624
15.160,14.543,13.803,13.920,12.612,12.993,13.800,13.190,12.345,14.261,14.965,14.418,14.736,15.938,15.621,14.949,14.353,13.389,12.686,10.578,8.162,7.958,6.264,0.000,6.331,8.166
14.729,14.125,13.489,13.792,12.717,13.337,14.165,13.892,13.231,14.673,15.523,14.899,15.173,16.490,16.291,15.897,14.742,13.723,13.791,12.423,9.894,9.541,7.953,6.331,0.000,6.854
14.869,14.259,13.575,13.852,12.783,13.503,13.985,14.085,13.418,14.730,15.537,14.953,15.053,16.208,16.222,15.941,15.072,13.964,13.955,13.088,11.262,10.803,9.624,8.166,6.854,0.000