c1,c2,c3,c4,c5,c6,c7,c8,c9,c10,c11,c12,c13,c14,c15,c16,c17,c18,c19,c20,c21,c22,c23,c24,c25,c26
0.000,5.828,7.281,8.788,10.335,12.214,11.683,11.810,13.854,14.938,15.118,16.300,18.105,17.850,17.463,17.714,18.136,17.588,17.373,17.603,17.687,16.966,16.867,16.966,16.688,16.079
5.828,0.000,5.621,7.323,7.621,9.447,9.988,10.578,11.831,13.163,14.142,15.060,16.604,18.018,17.374,17.723,18.033,17.849,17.271,17.358,17.509,16.794,16.225,16.800,16.289,15.879
7.281,5.621,0.000,5.506,7.484,7.893,7.668,9.477,11.319,11.316,11.967,14.177,15.641,16.187,17.245,17.678,18.318,17.792,17.834,17.515,17.462,16.654,16.240,16.709,16.646,16.097
8.788,7.323,5.506,0.000,5.504,6.839,6.519,7.499,10.133,11.070,10.968,12.774,15.008,15.636,16.399,18.466,18.974,18.115,17.181,17.542,17.309,16.047,16.219,16.814,16.261,15.963
10.335,7.621,7.484,5.504,0.000,5.428,7.371,6.299,7.180,10.191,11.121,10.851,12.853,15.161,15.569,16.336,18.660,18.171,16.894,16.658,17.215,15.982,15.410,16.244,16.044,15.833
12.214,9.447,7.893,6.839,5.428,0.000,5.422,7.374,6.395,7.313,10.181,11.049,11.083,13.009,15.108,15.785,16.728,18.604,17.614,17.163,17.149,16.630,15.805,16.507,16.453,16.466
11.683,9.988,7.668,6.519,7.371,5.422,0.000,5.432,7.431,6.424,7.132,9.998,11.141,11.060,12.782,15.118,15.943,16.471,18.367,18.178,17.829,16.303,16.323,17.050,16.525,16.154
11.810,10.578,9.477,7.499,6.299,7.374,5.432,0.000,5.465,7.482,6.304,6.828,10.074,11.028,10.797,12.747,15.219,15.578,16.082,18.535,18.331,16.968,16.523,17.354,16.556,16.233
13.854,11.831,11.319,10.133,7.180,6.395,7.431,5.465,0.000,5.487,7.486,6.135,7.028,10.051,10.901,10.891,13.106,15.118,15.553,16.482,18.690,17.995,17.231,17.316,17.418,17.056
14.938,13.163,11.316,11.070,10.191,7.313,6.424,7.482,5.487,0.000,5.554,7.495,6.436,7.113,9.999,11.068,11.233,12.931,15.069,15.862,16.738,18.671,18.373,18.336,17.924,17.753
15.118,14.142,11.967,10.968,11.121,10.181,7.132,6.304,7.486,5.554,0.000,5.604,7.553,6.216,6.685,9.915,11.067,10.748,12.574,15.095,15.707,16.287,18.504,18.737,18.191,17.729
16.300,15.060,14.177,12.774,10.851,11.049,9.998,6.828,6.135,7.495,5.604,0.000,5.590,7.501,5.993,6.722,10.053,10.778,10.539,12.728,15.106,15.525,16.292,18.695,18.484,18.050
18.105,16.604,15.641,15.008,12.853,11.083,11.141,10.074,7.028,6.436,7.553,5.590,0.000,5.609,7.582,6.152,7.434,10.016,10.859,10.865,13.008,15.186,15.776,16.761,18.857,18.467
17.850,18.018,16.187,15.636,15.161,13.009,11.060,11.028,10.051,7.113,6.216,7.501,5.609,0.000,5.625,7.550,6.316,6.829,9.866,10.993,10.948,12.856,15.197,16.070,17.141,18.634
17.463,17.374,17.245,16.399,15.569,15.108,12.782,10.797,10.901,9.999,6.685,5.993,7.582,5.625,0.000,5.631,7.512,5.789,6.453,9.815,10.792,10.650,12.691,15.146,16.016,16.874
17.714,17.723,17.678,18.466,16.336,15.785,15.118,12.747,10.891,11.068,9.915,6.722,6.152,7.550,5.631,0.000,5.557,7.475,5.792,6.521,9.845,10.849,10.716,12.849,15.402,16.391
18.136,18.033,18.318,18.974,18.660,16.728,15.943,15.219,13.106,11.233,11.067,10.053,7.434,6.316,7.512,5.557,0.000,5.469,7.417,5.846,6.580,9.862,10.909,10.952,13.265,15.548
17.588,17.849,17.792,18.115,18.171,18.604,16.471,15.578,15.118,12.931,10.748,10.778,10.016,6.829,5.789,7.475,5.469,0.000,5.400,7.372,5.794,6.523,9.850,11.002,11.413,13.502
17.373,17.271,17.834,17.181,16.894,17.614,18.367,16.082,15.553,15.069,12.574,10.539,10.859,9.866,6.453,5.792,7.417,5.400,0.000,5.404,7.363,5.815,6.575,9.956,11.360,11.967
17.603,17.358,17.515,17.542,16.658,17.163,18.178,18.535,16.482,15.862,15.095,12.728,10.865,10.993,9.815,6.521,5.846,7.372,5.404,0.000,5.415,7.404,5.903,6.879,10.232,11.787
17.687,17.509,17.462,17.309,17.215,17.149,17.829,18.331,18.690,16.738,15.707,15.106,13.008,10.948,10.792,9.845,6.580,5.794,7.363,5.415,0.000,5.373,7.388,6.095,7.581,10.340
16.966,16.794,16.654,16.047,15.982,16.630,16.303,16.968,17.995,18.671,16.287,15.525,15.186,12.856,10.650,10.849,9.862,6.523,5.815,7.404,5.373,0.000,5.376,7.436,6.776,8.268
16.867,16.225,16.240,16.219,15.410,15.805,16.323,16.523,17.231,18.373,18.504,16.292,15.776,15.197,12.691,10.716,10.909,9.850,6.575,5.903,7.388,5.376,0.000,5.386,7.573,8.042
16.966,16.800,16.709,16.814,16.244,16.507,17.050,17.354,17.316,18.336,18.737,18.695,16.761,16.070,15.146,12.849,10.952,11.002,9.956,6.879,6.095,7.436,5.386,0.000,5.456,7.903
16.688,16.289,16.646,16.261,16.044,16.453,16.525,16.556,17.418,17.924,18.191,18.484,18.857,17.141,16.016,15.402,13.265,11.413,11.360,10.232,7.581,6.776,7.573,5.456,0.000,5.672
16.079,15.879,16.097,15.963,15.833,16.466,16.154,16.233,17.056,17.753,17.729,18.050,18.467,18.634,16.874,16.391,15.548,13.502,11.967,11.787,10.340,8.268,8.042,7.903,5.672,0.000