c1,c2,c3,c4,c5,c6,c7,c8,c9,c10,c11,c12,c13,c14,c15,c16,c17,c18,c19,c20,c21,c22,c23,c24,c25,c26
0.000,5.984,7.483,10.342,13.010,14.877,16.870,16.110,16.140,15.915,15.105,14.224,14.856,14.256,14.713,14.702,14.513,14.454,15.148,15.509,15.499,15.035,15.421,15.393,15.090,15.404
5.984,0.000,5.856,7.153,10.408,12.165,15.649,15.664,15.867,15.439,14.490,13.209,14.121,13.669,14.217,13.929,13.574,13.565,14.435,14.798,14.855,14.388,14.791,14.931,14.639,15.213
7.483,5.856,0.000,5.843,7.455,10.173,13.438,14.132,15.804,15.405,14.174,13.113,13.831,13.478,14.197,13.615,13.416,13.745,14.582,14.811,14.915,14.271,14.898,14.886,14.600,15.270
10.342,7.153,5.843,0.000,5.855,6.811,10.757,11.748,13.996,14.614,13.531,12.828,13.856,13.904,14.259,13.416,13.303,13.757,14.376,14.516,14.622,14.273,14.713,14.745,14.574,15.361
13.010,10.408,7.455,5.855,0.000,5.852,8.526,10.285,12.918,13.851,13.103,13.090,14.392,14.503,14.985,13.995,14.116,14.438,14.961,14.813,14.783,14.109,14.788,14.670,14.514,15.401
14.877,12.165,10.173,6.811,5.852,0.000,5.926,7.242,9.415,10.752,10.626,11.761,13.597,14.418,14.515,13.137,13.680,14.218,14.740,14.702,14.861,14.490,14.973,14.991,14.843,15.585
16.870,15.649,13.438,10.757,8.526,5.926,0.000,5.854,8.477,9.633,9.816,11.649,13.824,14.955,15.146,13.694,14.350,14.983,15.331,15.101,15.268,14.985,15.273,15.389,15.241,15.819
16.110,15.664,14.132,11.748,10.285,7.242,5.854,0.000,6.001,6.763,7.378,9.376,11.959,14.117,14.561,13.239,14.045,14.760,15.280,15.229,15.410,15.251,15.500,15.585,15.543,16.059
16.140,15.867,15.804,13.996,12.918,9.415,8.477,6.001,0.000,5.693,7.875,9.737,12.413,15.051,15.624,13.552,14.463,15.415,15.616,15.350,15.399,15.453,15.690,15.827,15.779,16.211
15.915,15.439,15.405,14.614,13.851,10.752,9.633,6.763,5.693,0.000,5.851,7.621,9.943,12.496,13.562,12.231,13.258,14.299,14.819,14.800,15.327,15.396,15.698,15.807,15.949,16.338
15.105,14.490,14.174,13.531,13.103,10.626,9.816,7.378,7.875,5.851,0.000,5.895,7.832,10.645,11.609,10.860,12.483,13.801,14.463,14.768,15.735,15.633,16.023,16.110,16.058,16.444
14.224,13.209,13.113,12.828,13.090,11.761,11.649,9.376,9.737,7.621,5.895,0.000,6.024,8.236,9.231,7.568,9.439,11.469,12.205,12.906,14.361,14.403,15.061,15.209,15.420,15.957
14.856,14.121,13.831,13.856,14.392,13.597,13.824,11.959,12.413,9.943,7.832,6.024,0.000,5.953,6.659,6.987,9.161,11.271,12.743,13.984,15.176,15.296,15.798,15.850,15.804,16.296
14.256,13.669,13.478,13.904,14.503,14.418,14.955,14.117,15.051,12.496,10.645,8.236,5.953,0.000,5.926,7.515,8.141,10.151,12.579,14.091,15.176,14.965,15.557,15.580,15.489,16.013
14.713,14.217,14.197,14.259,14.985,14.515,15.146,14.561,15.624,13.562,11.609,9.231,6.659,5.926,0.000,6.051,7.520,8.904,10.728,13.145,14.912,14.786,15.061,15.231,15.244,15.851
14.702,13.929,13.615,13.416,13.995,13.137,13.694,13.239,13.552,12.231,10.860,7.568,6.987,7.515,6.051,0.000,5.969,7.615,9.041,11.066,13.690,14.082,14.405,14.543,14.596,15.503
14.513,13.574,13.416,13.303,14.116,13.680,14.350,14.045,14.463,13.258,12.483,9.439,9.161,8.141,7.520,5.969,0.000,5.866,7.627,9.651,12.018,12.688,13.590,14.029,13.840,15.061
14.454,13.565,13.745,13.757,14.438,14.218,14.983,14.760,15.415,14.299,13.801,11.469,11.271,10.151,8.904,7.615,5.866,0.000,5.898,7.677,10.258,10.904,12.038,13.166,13.182,14.536
15.148,14.435,14.582,14.376,14.961,14.740,15.331,15.280,15.616,14.819,14.463,12.205,12.743,12.579,10.728,9.041,7.627,5.898,0.000,6.008,8.891,10.079,11.003,12.484,12.847,14.644
15.509,14.798,14.811,14.516,14.813,14.702,15.101,15.229,15.350,14.800,14.768,12.906,13.984,14.091,13.145,11.066,9.651,7.677,6.008,0.000,6.450,7.539,8.273,10.008,11.167,13.097
15.499,14.855,14.915,14.622,14.783,14.861,15.268,15.410,15.399,15.327,15.735,14.361,15.176,15.176,14.912,13.690,12.018,10.258,8.891,6.450,0.000,6.088,7.358,8.542,10.071,12.366
15.035,14.388,14.271,14.273,14.109,14.490,14.985,15.251,15.453,15.396,15.633,14.403,15.296,14.965,14.786,14.082,12.688,10.904,10.079,7.539,6.088,0.000,5.960,7.557,9.049,11.353
15.421,14.791,14.898,14.713,14.788,14.973,15.273,15.500,15.690,15.698,16.023,15.061,15.798,15.557,15.061,14.405,13.590,12.038,11.003,8.273,7.358,5.960,0.000,5.923,7.691,9.733
15.393,14.931,14.886,14.745,14.670,14.991,15.389,15.585,15.827,15.807,16.110,15.209,15.850,15.580,15.231,14.543,14.029,13.166,12.484,10.008,8.542,7.557,5.923,0.000,5.898,8.289
15.090,14.639,14.600,14.574,14.514,14.843,15.241,15.543,15.779,15.949,16.058,15.420,15.804,15.489,15.244,14.596,13.840,13.182,12.847,11.167,10.071,9.049,7.691,5.898,0.000,6.630
15.404,15.213,15.270,15.361,15.401,15.585,15.819,16.059,16.211,16.338,16.444,15.957,16.296,16.013,15.851,15.503,15.061,14.536,14.644,13.097,12.366,11.353,9.733,8.289,6.630,0.000