c1,c2,c3,c4,c5,c6,c7,c8,c9,c10,c11,c12,c13,c14,c15,c16,c17,c18,c19,c20,c21,c22,c23,c24,c25,c26
0.000,5.821,7.424,9.334,11.173,13.255,14.402,13.592,14.205,15.130,15.835,16.090,17.067,16.013,15.098,15.109,15.625,15.642,15.596,15.378,15.403,15.854,15.859,15.547,15.545,15.393
5.821,0.000,5.661,7.377,8.730,10.455,12.869,13.876,12.607,13.471,14.932,15.116,15.898,16.571,14.545,14.818,15.120,15.194,15.399,14.963,14.846,15.499,15.515,15.195,15.173,15.036
7.424,5.661,0.000,5.649,7.258,8.570,10.166,12.419,12.386,12.013,13.408,14.317,15.361,15.482,15.775,14.942,15.266,15.644,15.848,15.420,15.106,15.745,15.663,15.125,15.147,14.906
9.334,7.377,5.649,0.000,5.652,7.577,8.541,9.943,11.366,12.320,12.310,13.273,15.049,15.343,15.085,16.810,15.990,16.407,16.455,15.920,15.426,15.598,15.419,14.842,14.928,14.719
11.173,8.730,7.258,5.652,0.000,5.670,7.454,8.061,7.927,10.440,11.831,11.414,12.953,14.027,13.918,15.242,16.364,15.807,16.060,15.341,14.810,15.417,15.041,14.167,14.368,14.225
13.255,10.455,8.570,7.577,5.670,0.000,5.629,7.144,7.140,8.639,11.235,11.911,12.477,13.422,14.362,15.520,16.057,17.161,16.403,15.606,14.798,15.149,14.776,13.874,13.935,13.881
14.402,12.869,10.166,8.541,7.454,5.629,0.000,5.536,7.397,7.338,8.710,10.915,12.689,12.889,13.698,15.415,16.023,16.774,17.305,15.991,15.062,15.518,14.920,14.190,14.380,14.094
13.592,13.876,12.419,9.943,8.061,7.144,5.536,0.000,5.593,7.489,7.854,8.428,11.566,12.803,12.657,14.021,15.267,16.069,16.140,16.242,14.688,15.283,14.885,14.181,14.445,14.184
14.205,12.607,12.386,11.366,7.927,7.140,7.397,5.593,0.000,5.651,7.562,6.906,8.925,11.371,12.290,12.851,13.782,15.242,15.177,15.077,14.852,14.754,14.601,14.018,14.425,14.300
15.130,13.471,12.013,12.320,10.440,8.639,7.338,7.489,5.651,0.000,5.611,7.637,8.676,10.223,12.207,13.521,13.620,14.937,15.474,15.386,15.008,16.021,15.284,14.581,14.790,14.802
15.835,14.932,13.408,12.310,11.831,11.235,8.710,7.854,7.562,5.611,0.000,5.837,7.788,8.796,10.225,12.753,13.562,14.186,14.418,14.853,14.639,15.605,16.190,15.016,15.303,15.378
16.090,15.116,14.317,13.273,11.414,11.911,10.915,8.428,6.906,7.637,5.837,0.000,5.932,7.770,8.449,10.335,12.523,13.787,13.086,13.563,13.755,14.901,15.513,15.537,15.519,15.750
17.067,15.898,15.361,15.049,12.953,12.477,12.689,11.566,8.925,8.676,7.788,5.932,0.000,5.922,7.643,8.995,10.212,12.430,11.993,12.414,12.712,14.453,15.103,15.316,16.206,16.140
16.013,16.571,15.482,15.343,14.027,13.422,12.889,12.803,11.371,10.223,8.796,7.770,5.922,0.000,5.985,8.019,8.942,10.758,11.031,12.249,12.220,13.890,15.283,15.348,16.303,16.577
15.098,14.545,15.775,15.085,13.918,14.362,13.698,12.657,12.290,12.207,10.225,8.449,7.643,5.985,0.000,5.889,7.867,9.132,8.186,10.014,10.251,11.957,13.226,13.900,15.253,15.946
15.109,14.818,14.942,16.810,15.242,15.520,15.415,14.021,12.851,13.521,12.753,10.335,8.995,8.019,5.889,0.000,6.109,7.504,6.688,8.805,10.191,11.807,13.141,13.623,15.334,15.807
15.625,15.120,15.266,15.990,16.364,16.057,16.023,15.267,13.782,13.620,13.562,12.523,10.212,8.942,7.867,6.109,0.000,5.642,7.539,9.272,10.514,12.763,14.275,13.853,15.433,16.127
15.642,15.194,15.644,16.407,15.807,17.161,16.774,16.069,15.242,14.937,14.186,13.787,12.430,10.758,9.132,7.504,5.642,0.000,5.901,8.274,9.754,11.139,13.728,13.776,15.066,15.789
15.596,15.399,15.848,16.455,16.060,16.403,17.305,16.140,15.177,15.474,14.418,13.086,11.993,11.031,8.186,6.688,7.539,5.901,0.000,5.844,7.532,8.410,10.701,11.971,13.815,14.716
15.378,14.963,15.420,15.920,15.341,15.606,15.991,16.242,15.077,15.386,14.853,13.563,12.414,12.249,10.014,8.805,9.272,8.274,5.844,0.000,5.772,7.358,8.975,9.893,12.633,13.695
15.403,14.846,15.106,15.426,14.810,14.798,15.062,14.688,14.852,15.008,14.639,13.755,12.712,12.220,10.251,10.191,10.514,9.754,7.532,5.772,0.000,5.796,7.551,7.527,10.135,11.461
15.854,15.499,15.745,15.598,15.417,15.149,15.518,15.283,14.754,16.021,15.605,14.901,14.453,13.890,11.957,11.807,12.763,11.139,8.410,7.358,5.796,0.000,5.610,7.625,9.438,11.162
15.859,15.515,15.663,15.419,15.041,14.776,14.920,14.885,14.601,15.284,16.190,15.513,15.103,15.283,13.226,13.141,14.275,13.728,10.701,8.975,7.551,5.610,0.000,5.762,7.631,9.881
15.547,15.195,15.125,14.842,14.167,13.874,14.190,14.181,14.018,14.581,15.016,15.537,15.316,15.348,13.900,13.623,13.853,13.776,11.971,9.893,7.527,7.625,5.762,0.000,5.785,7.915
15.545,15.173,15.147,14.928,14.368,13.935,14.380,14.445,14.425,14.790,15.303,15.519,16.206,16.303,15.253,15.334,15.433,15.066,13.815,12.633,10.135,9.438,7.631,5.785,0.000,6.231
15.393,15.036,14.906,14.719,14.225,13.881,14.094,14.184,14.300,14.802,15.378,15.750,16.140,16.577,15.946,15.807,16.127,15.789,14.716,13.695,11.461,11.162,9.881,7.915,6.231,0.000