c1,c2,c3,c4,c5,c6,c7,c8,c9,c10,c11,c12,c13,c14,c15,c16,c17,c18,c19,c20,c21,c22,c23,c24,c25,c26
0.000,5.883,7.735,10.530,13.103,15.730,16.686,16.840,15.653,14.841,15.247,14.962,15.187,15.034,15.459,15.822,15.740,14.853,16.034,14.965,13.047,12.540,10.674,10.518,10.988,11.858
5.883,0.000,5.746,7.278,10.061,12.724,14.423,15.968,14.581,13.762,14.572,14.662,14.857,14.391,15.391,15.931,15.445,14.088,15.381,14.045,11.879,11.134,9.754,9.084,10.411,10.661
7.735,5.746,0.000,5.837,7.143,10.156,11.855,14.417,13.564,13.545,13.745,13.842,14.090,13.236,13.949,14.539,14.133,11.723,12.954,11.568,8.884,9.126,8.691,9.461,11.476,11.851
10.530,7.278,5.837,0.000,6.029,7.500,9.637,11.590,11.855,12.805,13.601,14.218,14.507,13.365,14.494,14.987,13.840,11.225,12.468,10.699,8.772,8.311,9.565,9.492,12.070,12.269
13.103,10.061,7.143,6.029,0.000,5.902,7.001,9.460,9.585,11.749,13.273,14.532,14.350,13.424,14.176,14.354,12.833,9.955,11.529,10.692,8.999,10.190,11.654,12.172,14.436,14.606
15.730,12.724,10.156,7.500,5.902,0.000,5.874,7.764,9.460,11.674,13.596,15.486,15.329,14.141,14.963,14.769,13.130,10.586,11.198,10.445,9.946,10.864,12.727,13.434,15.270,15.357
16.686,14.423,11.855,9.637,7.001,5.874,0.000,5.810,7.300,10.283,11.796,14.344,14.311,13.332,14.160,13.946,11.960,10.153,11.244,11.016,11.043,12.267,14.212,14.963,16.030,15.937
16.840,15.968,14.417,11.590,9.460,7.764,5.810,0.000,6.305,7.874,10.524,13.199,13.752,13.475,14.510,14.461,12.542,11.308,12.590,12.710,12.813,14.078,15.758,15.828,16.468,16.317
15.653,14.581,13.564,11.855,9.585,9.460,7.300,6.305,0.000,6.071,7.585,10.458,11.281,11.039,12.642,12.826,10.622,9.801,11.524,12.248,12.840,14.281,15.515,15.839,16.656,16.459
14.841,13.762,13.545,12.805,11.749,11.674,10.283,7.874,6.071,0.000,6.254,9.537,10.512,10.931,12.778,13.530,11.906,11.778,13.894,14.563,14.528,15.817,16.548,16.560,16.941,16.857
15.247,14.572,13.745,13.601,13.273,13.596,11.796,10.524,7.585,6.254,0.000,6.677,7.260,8.179,10.582,11.758,10.638,11.557,14.014,15.195,15.196,16.639,17.188,17.078,17.415,17.227
14.962,14.662,13.842,14.218,14.532,15.486,14.344,13.199,10.458,9.537,6.677,0.000,6.229,8.142,9.742,11.156,11.119,12.144,14.606,15.613,15.411,16.712,16.916,17.018,17.274,17.315
15.187,14.857,14.090,14.507,14.350,15.329,14.311,13.752,11.281,10.512,7.260,6.229,0.000,6.233,7.916,9.443,9.528,11.230,13.833,15.183,15.079,16.637,16.917,17.049,17.481,17.421
15.034,14.391,13.236,13.365,13.424,14.141,13.332,13.475,11.039,10.931,8.179,8.142,6.233,0.000,6.377,7.711,7.562,8.898,11.933,13.711,13.664,15.547,16.448,16.671,17.230,17.285
15.459,15.391,13.949,14.494,14.176,14.963,14.160,14.510,12.642,12.778,10.582,9.742,7.916,6.377,0.000,6.208,7.717,7.965,10.614,12.548,12.803,14.876,15.650,16.485,17.000,17.038
15.822,15.931,14.539,14.987,14.354,14.769,13.946,14.461,12.826,13.530,11.758,11.156,9.443,7.711,6.208,0.000,6.154,7.954,9.579,11.723,12.546,15.253,15.892,16.471,16.927,17.197
15.740,15.445,14.133,13.840,12.833,13.130,11.960,12.542,10.622,11.906,10.638,11.119,9.528,7.562,7.717,6.154,0.000,6.119,8.166,10.252,10.934,14.432,15.809,16.026,16.621,16.803
14.853,14.088,11.723,11.225,9.955,10.586,10.153,11.308,9.801,11.778,11.557,12.144,11.230,8.898,7.965,7.954,6.119,0.000,6.045,7.603,7.225,10.814,12.920,14.893,16.000,15.964
16.034,15.381,12.954,12.468,11.529,11.198,11.244,12.590,11.524,13.894,14.014,14.606,13.833,11.933,10.614,9.579,8.166,6.045,0.000,5.538,7.892,10.532,13.063,15.494,17.052,16.486
14.965,14.045,11.568,10.699,10.692,10.445,11.016,12.710,12.248,14.563,15.195,15.613,15.183,13.711,12.548,11.723,10.252,7.603,5.538,0.000,6.025,7.552,10.410,12.811,15.451,16.074
13.047,11.879,8.884,8.772,8.999,9.946,11.043,12.813,12.840,14.528,15.196,15.411,15.079,13.664,12.803,12.546,10.934,7.225,7.892,6.025,0.000,6.051,7.327,9.953,12.579,13.846
12.540,11.134,9.126,8.311,10.190,10.864,12.267,14.078,14.281,15.817,16.639,16.712,16.637,15.547,14.876,15.253,14.432,10.814,10.532,7.552,6.051,0.000,5.962,7.450,10.318,11.996
10.674,9.754,8.691,9.565,11.654,12.727,14.212,15.758,15.515,16.548,17.188,16.916,16.917,16.448,15.650,15.892,15.809,12.920,13.063,10.410,7.327,5.962,0.000,5.905,7.624,9.635
10.518,9.084,9.461,9.492,12.172,13.434,14.963,15.828,15.839,16.560,17.078,17.018,17.049,16.671,16.485,16.471,16.026,14.893,15.494,12.811,9.953,7.450,5.905,0.000,5.922,7.853
10.988,10.411,11.476,12.070,14.436,15.270,16.030,16.468,16.656,16.941,17.415,17.274,17.481,17.230,17.000,16.927,16.621,16.000,17.052,15.451,12.579,10.318,7.624,5.922,0.000,6.511
11.858,10.661,11.851,12.269,14.606,15.357,15.937,16.317,16.459,16.857,17.227,17.315,17.421,17.285,17.038,17.197,16.803,15.964,16.486,16.074,13.846,11.996,9.635,7.853,6.511,0.000