c1,c2,c3,c4,c5,c6,c7,c8,c9,c10,c11,c12,c13,c14,c15,c16,c17,c18,c19,c20,c21,c22,c23,c24,c25,c26
0.000,5.890,7.528,9.501,12.007,14.261,15.806,15.569,16.537,16.771,16.603,15.908,15.687,15.252,15.669,15.380,15.270,15.208,15.256,14.741,14.690,14.669,15.276,15.162,15.026,14.938
5.890,0.000,5.691,7.134,9.641,12.051,14.775,15.337,16.101,16.313,16.403,15.347,15.113,14.644,15.087,14.695,14.466,14.602,14.633,14.112,13.922,14.004,14.539,14.739,14.553,14.435
7.528,5.691,0.000,5.656,7.406,9.743,12.354,14.075,16.017,15.698,15.837,14.939,14.700,14.141,14.797,14.391,14.258,14.546,14.716,14.065,13.771,13.885,14.643,14.671,14.547,14.304
9.501,7.134,5.656,0.000,5.672,6.992,10.314,11.827,15.329,16.079,16.289,14.984,15.043,14.783,15.300,14.999,14.737,15.260,15.321,14.547,14.187,14.163,14.809,14.831,14.742,14.484
12.007,9.641,7.406,5.672,0.000,5.730,7.223,9.015,12.423,13.646,15.374,13.645,14.236,14.931,15.425,14.871,14.738,15.078,15.081,14.388,13.897,14.159,14.654,14.631,14.683,14.409
14.261,12.051,9.743,6.992,5.730,0.000,5.570,7.600,10.885,12.418,14.431,12.838,14.255,15.438,16.190,15.877,15.572,16.082,16.011,15.374,14.683,14.817,15.294,15.226,15.149,15.139
15.806,14.775,12.354,10.314,7.223,5.570,0.000,5.846,8.496,9.958,12.339,11.040,13.115,14.931,15.803,15.740,15.588,15.756,15.755,15.231,14.441,14.872,15.411,15.488,15.372,15.062
15.569,15.337,14.075,11.827,9.015,7.600,5.846,0.000,6.148,7.912,8.853,6.261,9.240,11.308,12.977,13.577,14.332,14.587,14.554,13.986,13.705,14.443,15.116,15.253,15.396,15.308
16.537,16.101,16.017,15.329,12.423,10.885,8.496,6.148,0.000,5.683,6.347,6.242,9.694,11.771,13.756,14.623,14.917,15.375,15.557,15.152,14.822,15.635,16.020,15.903,15.849,16.004
16.771,16.313,15.698,16.079,13.646,12.418,9.958,7.912,5.683,0.000,5.693,7.498,9.199,11.334,13.599,14.644,14.992,15.615,15.881,15.547,15.015,15.856,15.760,15.625,15.512,16.029
16.603,16.403,15.837,16.289,15.374,14.431,12.339,8.853,6.347,5.693,0.000,5.949,7.794,9.330,11.504,13.360,14.853,15.427,15.529,15.346,14.992,15.758,15.818,15.750,15.774,16.363
15.908,15.347,14.939,14.984,13.645,12.838,11.040,6.261,6.242,7.498,5.949,0.000,5.997,7.914,9.918,11.377,13.660,14.723,14.538,14.204,13.728,14.563,15.287,15.559,15.686,15.896
15.687,15.113,14.700,15.043,14.236,14.255,13.115,9.240,9.694,9.199,7.794,5.997,0.000,6.053,7.386,9.390,11.676,14.060,15.024,14.320,14.132,15.005,15.658,15.637,15.791,16.122
15.252,14.644,14.141,14.783,14.931,15.438,14.931,11.308,11.771,11.334,9.330,7.914,6.053,0.000,6.043,7.565,10.156,12.234,13.871,13.555,14.062,14.523,15.311,15.430,15.436,15.747
15.669,15.087,14.797,15.300,15.425,16.190,15.803,12.977,13.756,13.599,11.504,9.918,7.386,6.043,0.000,6.025,7.882,10.719,12.067,12.384,14.319,14.894,15.541,15.722,15.940,16.257
15.380,14.695,14.391,14.999,14.871,15.877,15.740,13.577,14.623,14.644,13.360,11.377,9.390,7.565,6.025,0.000,5.974,8.447,10.003,10.048,12.643,13.978,15.100,15.424,15.798,16.083
15.270,14.466,14.258,14.737,14.738,15.572,15.588,14.332,14.917,14.992,14.853,13.660,11.676,10.156,7.882,5.974,0.000,6.124,7.007,7.277,10.359,12.390,14.617,15.281,15.216,15.380
15.208,14.602,14.546,15.260,15.078,16.082,15.756,14.587,15.375,15.615,15.427,14.723,14.060,12.234,10.719,8.447,6.124,0.000,5.721,7.411,9.449,11.765,14.296,15.233,14.788,14.706
15.256,14.633,14.716,15.321,15.081,16.011,15.755,14.554,15.557,15.881,15.529,14.538,15.024,13.871,12.067,10.003,7.007,5.721,0.000,5.760,7.680,10.023,12.576,14.239,14.352,14.011
14.741,14.112,14.065,14.547,14.388,15.374,15.231,13.986,15.152,15.547,15.346,14.204,14.320,13.555,12.384,10.048,7.277,7.411,5.760,0.000,5.824,7.394,10.257,12.141,13.328,13.699
14.690,13.922,13.771,14.187,13.897,14.683,14.441,13.705,14.822,15.015,14.992,13.728,14.132,14.062,14.319,12.643,10.359,9.449,7.680,5.824,0.000,5.798,7.544,9.414,10.858,11.623
14.669,14.004,13.885,14.163,14.159,14.817,14.872,14.443,15.635,15.856,15.758,14.563,15.005,14.523,14.894,13.978,12.390,11.765,10.023,7.394,5.798,0.000,5.700,7.003,9.035,10.368
15.276,14.539,14.643,14.809,14.654,15.294,15.411,15.116,16.020,15.760,15.818,15.287,15.658,15.311,15.541,15.100,14.617,14.296,12.576,10.257,7.544,5.700,0.000,5.658,7.601,9.196
15.162,14.739,14.671,14.831,14.631,15.226,15.488,15.253,15.903,15.625,15.750,15.559,15.637,15.430,15.722,15.424,15.281,15.233,14.239,12.141,9.414,7.003,5.658,0.000,5.774,7.702
15.026,14.553,14.547,14.742,14.683,15.149,15.372,15.396,15.849,15.512,15.774,15.686,15.791,15.436,15.940,15.798,15.216,14.788,14.352,13.328,10.858,9.035,7.601,5.774,0.000,6.239
14.938,14.435,14.304,14.484,14.409,15.139,15.062,15.308,16.004,16.029,16.363,15.896,16.122,15.747,16.257,16.083,15.380,14.706,14.011,13.699,11.623,10.368,9.196,7.702,6.239,0.000