c1,c2,c3,c4,c5,c6,c7,c8,c9,c10,c11,c12,c13,c14,c15,c16,c17,c18,c19,c20,c21,c22,c23,c24,c25,c26
0.000,6.599,7.396,8.421,10.624,12.167,13.927,14.476,15.194,14.532,12.844,13.116,13.805,14.618,15.056,15.074,15.008,14.907,15.253,15.730,15.698,16.344,16.310,15.906,15.748,15.988
6.599,0.000,5.696,7.592,9.280,10.936,13.618,13.997,14.354,13.697,11.768,11.942,12.925,13.822,14.569,14.539,14.318,14.462,14.763,15.238,14.785,15.964,15.994,15.657,15.496,15.934
7.396,5.696,0.000,5.846,7.743,9.046,11.199,12.668,13.132,12.560,10.768,11.579,12.810,14.050,14.883,14.732,14.466,14.487,14.780,14.985,14.251,15.724,15.883,15.368,15.455,16.044
8.421,7.592,5.846,0.000,5.925,7.698,9.190,10.194,11.655,10.608,8.899,9.964,11.888,13.519,14.305,13.855,13.807,13.861,13.907,13.829,12.897,14.522,14.769,14.436,14.876,15.869
10.624,9.280,7.743,5.925,0.000,6.166,7.597,7.882,8.369,9.005,7.697,8.484,11.291,12.753,13.561,12.749,13.087,12.986,12.792,12.266,10.487,12.935,13.287,13.188,13.779,14.981
12.167,10.936,9.046,7.698,6.166,0.000,5.927,7.911,8.029,8.787,9.318,10.130,12.648,14.592,15.183,14.544,14.580,14.630,14.606,13.660,11.087,13.670,14.074,13.414,14.207,15.442
13.927,13.618,11.199,9.190,7.597,5.927,0.000,5.849,7.894,8.528,10.191,10.931,13.642,15.096,15.123,14.348,14.145,14.044,14.012,12.488,8.865,11.506,11.644,11.627,13.071,14.369
14.476,13.997,12.668,10.194,7.882,7.911,5.849,0.000,5.787,6.409,8.665,9.613,12.794,14.693,14.659,13.245,13.178,13.108,12.966,11.465,7.692,10.106,10.506,10.728,12.694,14.477
15.194,14.354,13.132,11.655,8.369,8.029,7.894,5.787,0.000,6.231,8.720,10.130,12.598,15.278,15.532,13.877,13.996,14.683,14.736,13.544,12.034,13.530,13.973,13.406,14.919,16.151
14.532,13.697,12.560,10.608,9.005,8.787,8.528,6.409,6.231,0.000,7.371,8.108,10.116,12.555,13.540,11.758,11.902,12.633,12.938,11.498,11.186,13.363,13.351,13.237,14.802,16.140
12.844,11.768,10.768,8.899,7.697,9.318,10.191,8.665,8.720,7.371,0.000,7.083,8.467,10.854,11.547,10.781,11.143,12.003,12.563,12.492,12.557,14.776,15.520,14.795,16.003,16.719
13.116,11.942,11.579,9.964,8.484,10.130,10.931,9.613,10.130,8.108,7.083,0.000,6.922,8.958,9.334,8.094,8.625,10.319,10.707,10.665,11.843,13.781,14.776,14.545,15.607,16.484
13.805,12.925,12.810,11.888,11.291,12.648,13.642,12.794,12.598,10.116,8.467,6.922,0.000,6.651,7.267,7.506,8.685,10.972,11.869,12.043,13.208,15.203,16.194,16.135,17.176,17.270
14.618,13.822,14.050,13.519,12.753,14.592,15.096,14.693,15.278,12.555,10.854,8.958,6.651,0.000,6.502,7.963,8.280,9.971,12.033,12.594,13.186,14.744,16.188,16.061,16.864,17.286
15.056,14.569,14.883,14.305,13.561,15.183,15.123,14.659,15.532,13.540,11.547,9.334,7.267,6.502,0.000,6.736,8.279,9.204,10.156,11.986,13.306,14.178,15.116,15.613,16.537,17.167
15.074,14.539,14.732,13.855,12.749,14.544,14.348,13.245,13.877,11.758,10.781,8.094,7.506,7.963,6.736,0.000,6.682,7.892,7.904,8.971,11.591,13.025,13.562,13.652,15.366,16.304
15.008,14.318,14.466,13.807,13.087,14.580,14.145,13.178,13.996,11.902,11.143,8.625,8.685,8.280,8.279,6.682,0.000,6.389,7.908,8.115,9.480,12.170,13.221,12.751,13.930,15.517
14.907,14.462,14.487,13.861,12.986,14.630,14.044,13.108,14.683,12.633,12.003,10.319,10.972,9.971,9.204,7.892,6.389,0.000,6.283,7.783,8.307,9.651,12.009,12.312,12.846,14.316
15.253,14.763,14.780,13.907,12.792,14.606,14.012,12.966,14.736,12.938,12.563,10.707,11.869,12.033,10.156,7.904,7.908,6.283,0.000,6.075,8.069,8.447,10.040,11.344,12.883,14.028
15.730,15.238,14.985,13.829,12.266,13.660,12.488,11.465,13.544,11.498,12.492,10.665,12.043,12.594,11.986,8.971,8.115,7.783,6.075,0.000,6.082,7.793,8.539,8.852,11.483,13.164
15.698,14.785,14.251,12.897,10.487,11.087,8.865,7.692,12.034,11.186,12.557,11.843,13.208,13.186,13.306,11.591,9.480,8.307,8.069,6.082,0.000,6.103,7.300,6.865,9.398,11.707
16.344,15.964,15.724,14.522,12.935,13.670,11.506,10.106,13.530,13.363,14.776,13.781,15.203,14.744,14.178,13.025,12.170,9.651,8.447,7.793,6.103,0.000,5.930,7.645,8.487,10.641
16.310,15.994,15.883,14.769,13.287,14.074,11.644,10.506,13.973,13.351,15.520,14.776,16.194,16.188,15.116,13.562,13.221,12.009,10.040,8.539,7.300,5.930,0.000,6.182,7.854,9.809
15.906,15.657,15.368,14.436,13.188,13.414,11.627,10.728,13.406,13.237,14.795,14.545,16.135,16.061,15.613,13.652,12.751,12.312,11.344,8.852,6.865,7.645,6.182,0.000,6.115,8.587
15.748,15.496,15.455,14.876,13.779,14.207,13.071,12.694,14.919,14.802,16.003,15.607,17.176,16.864,16.537,15.366,13.930,12.846,12.883,11.483,9.398,8.487,7.854,6.115,0.000,6.650
15.988,15.934,16.044,15.869,14.981,15.442,14.369,14.477,16.151,16.140,16.719,16.484,17.270,17.286,17.167,16.304,15.517,14.316,14.028,13.164,11.707,10.641,9.809,8.587,6.650,0.000