c1,c2,c3,c4,c5,c6,c7,c8,c9,c10,c11,c12,c13,c14,c15,c16,c17,c18,c19,c20,c21,c22,c23,c24,c25,c26
0.000,6.242,7.450,9.223,11.583,13.754,15.699,16.582,16.353,15.634,13.759,13.906,13.349,13.631,14.290,14.804,14.897,15.266,15.226,15.429,15.467,15.795,15.763,15.497,15.641,15.758
6.242,0.000,5.728,7.891,9.995,12.661,15.075,16.506,16.050,14.846,12.967,12.950,12.301,12.655,13.644,14.171,14.287,14.711,14.846,14.924,14.958,15.498,15.605,15.331,15.620,15.786
7.450,5.728,0.000,5.766,7.778,10.048,12.898,14.812,14.962,13.735,11.448,11.491,11.046,11.679,12.832,13.417,13.694,14.305,14.492,14.627,14.593,15.290,15.557,15.230,15.749,15.880
9.223,7.891,5.766,0.000,5.810,7.483,10.431,12.682,13.546,12.679,10.694,10.466,10.988,11.576,12.779,13.041,13.543,13.894,14.213,14.075,13.919,15.044,15.450,15.133,15.752,16.080
11.583,9.995,7.778,5.810,0.000,5.856,7.458,9.786,10.766,10.981,9.455,10.058,11.487,12.425,13.416,13.488,13.858,14.075,14.508,14.025,13.624,14.876,15.224,14.892,15.658,16.052
13.754,12.661,10.048,7.483,5.856,0.000,5.892,7.427,9.073,8.953,9.156,9.941,12.053,13.106,14.077,13.489,13.807,14.049,14.575,13.741,13.447,14.638,14.985,14.697,15.431,15.952
15.699,15.075,12.898,10.431,7.458,5.892,0.000,5.753,7.739,8.095,9.417,10.020,12.976,14.390,14.998,14.194,14.255,14.345,14.788,13.799,13.217,14.214,14.626,14.553,15.263,15.578
16.582,16.506,14.812,12.682,9.786,7.427,5.753,0.000,5.600,7.541,9.810,10.934,14.255,15.705,15.913,14.552,14.663,14.711,15.099,14.146,13.549,14.553,14.787,14.806,15.560,15.887
16.353,16.050,14.962,13.546,10.766,9.073,7.739,5.600,0.000,5.706,8.501,10.456,13.331,15.502,16.345,14.566,14.729,15.270,15.543,14.336,14.342,15.306,15.406,15.446,16.125,16.350
15.634,14.846,13.735,12.679,10.981,8.953,8.095,7.541,5.706,0.000,6.187,7.585,10.561,12.926,14.209,12.836,13.375,14.270,14.379,13.460,14.171,15.339,15.443,15.449,16.095,16.411
13.759,12.967,11.448,10.694,9.455,9.156,9.417,9.810,8.501,6.187,0.000,6.372,8.207,10.485,12.007,11.559,12.559,13.844,13.875,13.418,14.310,15.782,16.114,15.840,16.463,16.777
13.906,12.950,11.491,10.466,10.058,9.941,10.020,10.934,10.456,7.585,6.372,0.000,6.538,8.586,9.853,8.823,10.073,11.767,11.712,11.317,12.648,14.287,15.009,15.067,16.032,16.412
13.349,12.301,11.046,10.988,11.487,12.053,12.976,14.255,13.331,10.561,8.207,6.538,0.000,6.626,7.110,7.599,9.512,11.324,11.676,11.981,13.389,15.089,15.906,16.177,17.026,17.024
13.631,12.655,11.679,11.576,12.425,13.106,14.390,15.705,15.502,12.926,10.485,8.586,6.626,0.000,6.412,7.848,8.819,10.039,11.637,12.209,12.678,14.362,15.657,15.805,16.596,16.784
14.290,13.644,12.832,12.779,13.416,14.077,14.998,15.913,16.345,14.209,12.007,9.853,7.110,6.412,0.000,6.357,8.046,8.822,9.437,11.188,12.698,13.290,14.511,15.297,16.316,16.610
14.804,14.171,13.417,13.041,13.488,13.489,14.194,14.552,14.566,12.836,11.559,8.823,7.599,7.848,6.357,0.000,6.257,7.402,7.407,8.619,11.132,12.638,13.206,13.798,15.399,15.916
14.897,14.287,13.694,13.543,13.858,13.807,14.255,14.663,14.729,13.375,12.559,10.073,9.512,8.819,8.046,6.257,0.000,6.040,7.693,7.642,8.966,11.549,12.674,12.616,14.030,15.064
15.266,14.711,14.305,13.894,14.075,14.049,14.345,14.711,15.270,14.270,13.844,11.767,11.324,10.039,8.822,7.402,6.040,0.000,5.891,7.574,7.740,9.197,11.316,11.957,12.822,13.862
15.226,14.846,14.492,14.213,14.508,14.575,14.788,15.099,15.543,14.379,13.875,11.712,11.676,11.637,9.437,7.407,7.693,5.891,0.000,5.829,7.724,8.142,9.977,11.131,12.848,13.704
15.429,14.924,14.627,14.075,14.025,13.741,13.799,14.146,14.336,13.460,13.418,11.317,11.981,12.209,11.188,8.619,7.642,7.574,5.829,0.000,5.724,7.801,8.930,9.337,11.808,13.179
15.467,14.958,14.593,13.919,13.624,13.447,13.217,13.549,14.342,14.171,14.310,12.648,13.389,12.678,12.698,11.132,8.966,7.740,7.724,5.724,0.000,5.997,7.312,7.159,9.488,11.314
15.795,15.498,15.290,15.044,14.876,14.638,14.214,14.553,15.306,15.339,15.782,14.287,15.089,14.362,13.290,12.638,11.549,9.197,8.142,7.801,5.997,0.000,5.763,7.608,8.918,10.766
15.763,15.605,15.557,15.450,15.224,14.985,14.626,14.787,15.406,15.443,16.114,15.009,15.906,15.657,14.511,13.206,12.674,11.316,9.977,8.930,7.312,5.763,0.000,6.064,7.770,9.719
15.497,15.331,15.230,15.133,14.892,14.697,14.553,14.806,15.446,15.449,15.840,15.067,16.177,15.805,15.297,13.798,12.616,11.957,11.131,9.337,7.159,7.608,6.064,0.000,6.034,8.187
15.641,15.620,15.749,15.752,15.658,15.431,15.263,15.560,16.125,16.095,16.463,16.032,17.026,16.596,16.316,15.399,14.030,12.822,12.848,11.808,9.488,8.918,7.770,6.034,0.000,6.517
15.758,15.786,15.880,16.080,16.052,15.952,15.578,15.887,16.350,16.411,16.777,16.412,17.024,16.784,16.610,15.916,15.064,13.862,13.704,13.179,11.314,10.766,9.719,8.187,6.517,0.000