c1,c2,c3,c4,c5,c6,c7,c8,c9,c10,c11,c12,c13,c14,c15,c16,c17,c18,c19,c20,c21,c22,c23,c24,c25,c26
0.000,6.529,7.346,8.190,11.334,13.575,15.923,16.654,16.670,15.758,14.217,13.900,13.280,12.436,13.270,13.506,14.172,14.361,14.379,15.060,15.530,15.958,15.867,16.054,15.946,15.977
6.529,0.000,5.659,7.868,10.474,13.079,16.015,16.963,16.199,15.190,13.799,13.170,12.252,11.045,12.253,12.783,13.689,13.904,13.743,14.696,15.049,15.516,15.453,15.762,15.788,15.863
7.346,5.659,0.000,5.796,7.914,10.592,13.679,15.357,15.954,14.895,12.505,11.642,11.127,10.199,11.629,12.004,13.166,13.333,12.933,14.465,14.498,15.430,15.507,15.900,15.886,15.727
8.190,7.868,5.796,0.000,5.788,7.286,10.625,12.658,14.410,13.928,11.669,10.484,11.023,10.930,11.861,12.229,13.292,13.180,12.700,14.131,13.738,15.090,15.409,16.018,15.869,15.515
11.334,10.474,7.914,5.788,0.000,5.919,7.633,9.577,11.081,11.189,9.482,9.105,10.807,11.308,12.899,12.925,13.904,13.540,12.545,13.789,12.460,14.132,14.407,15.127,15.236,14.852
13.575,13.079,10.592,7.286,5.919,0.000,5.887,7.333,9.435,9.559,9.124,9.219,10.860,12.465,13.200,13.369,14.076,13.331,12.090,13.051,11.450,13.246,13.609,14.521,14.809,14.328
15.923,16.015,13.679,10.625,7.633,5.887,0.000,5.969,7.777,8.499,9.540,9.947,12.865,14.581,15.033,15.500,15.842,14.594,13.519,13.826,11.113,12.876,12.769,13.642,14.186,13.641
16.654,16.963,15.357,12.658,9.577,7.333,5.969,0.000,5.532,7.522,9.003,10.482,13.051,15.563,15.130,15.492,15.644,13.783,12.590,12.235,9.636,11.390,11.496,12.819,13.719,13.174
16.670,16.199,15.954,14.410,11.081,9.435,7.777,5.532,0.000,5.707,8.188,10.594,12.885,16.237,16.747,16.265,16.210,14.331,13.061,12.532,10.353,11.674,11.615,13.069,13.875,13.918
15.758,15.190,14.895,13.928,11.189,9.559,8.499,7.522,5.707,0.000,5.897,7.629,10.671,13.824,15.054,14.326,14.121,12.517,11.011,11.086,9.650,11.622,12.542,13.865,14.563,14.499
14.217,13.799,12.505,11.669,9.482,9.124,9.540,9.003,8.188,5.897,0.000,6.334,7.601,10.901,12.174,12.534,13.267,12.266,10.940,12.463,11.241,13.588,14.185,15.401,15.841,15.672
13.900,13.170,11.642,10.484,9.105,9.219,9.947,10.482,10.594,7.629,6.334,0.000,6.310,8.452,10.263,10.295,11.398,10.645,9.347,11.600,11.116,13.648,14.463,15.440,15.782,15.835
13.280,12.252,11.127,11.023,10.807,10.860,12.865,13.051,12.885,10.671,7.601,6.310,0.000,6.312,6.873,7.960,9.638,11.109,10.409,13.507,13.486,15.262,16.272,17.089,17.129,16.928
12.436,11.045,10.199,10.930,11.308,12.465,14.581,15.563,16.237,13.824,10.901,8.452,6.312,0.000,6.036,7.699,9.397,10.961,11.416,14.486,14.739,16.352,17.184,17.541,17.395,17.131
13.270,12.253,11.629,11.861,12.899,13.200,15.033,15.130,16.747,15.054,12.174,10.263,6.873,6.036,0.000,6.159,7.960,10.608,10.801,14.407,15.506,16.786,17.145,17.531,17.663,17.416
13.506,12.783,12.004,12.229,12.925,13.369,15.500,15.492,16.265,14.326,12.534,10.295,7.960,7.699,6.159,0.000,5.960,8.762,9.421,12.700,14.944,16.585,17.236,17.387,16.944,16.953
14.172,13.689,13.166,13.292,13.904,14.076,15.842,15.644,16.210,14.121,13.267,11.398,9.638,9.397,7.960,5.960,0.000,6.174,7.563,10.001,12.932,15.275,17.487,17.548,17.154,16.944
14.361,13.904,13.333,13.180,13.540,13.331,14.594,13.783,14.331,12.517,12.266,10.645,11.109,10.961,10.608,8.762,6.174,0.000,5.943,7.140,9.797,12.574,15.357,16.855,16.470,16.059
14.379,13.743,12.933,12.700,12.545,12.090,13.519,12.590,13.061,11.011,10.940,9.347,10.409,11.416,10.801,9.421,7.563,5.943,0.000,5.832,7.659,10.496,13.455,15.769,16.813,16.101
15.060,14.696,14.465,14.131,13.789,13.051,13.826,12.235,12.532,11.086,12.463,11.600,13.507,14.486,14.407,12.700,10.001,7.140,5.832,0.000,5.865,6.936,10.549,12.987,15.073,15.506
15.530,15.049,14.498,13.738,12.460,11.450,11.113,9.636,10.353,9.650,11.241,11.116,13.486,14.739,15.506,14.944,12.932,9.797,7.659,5.865,0.000,5.934,7.152,10.455,12.348,13.337
15.958,15.516,15.430,15.090,14.132,13.246,12.876,11.390,11.674,11.622,13.588,13.648,15.262,16.352,16.786,16.585,15.275,12.574,10.496,6.936,5.934,0.000,5.868,7.520,9.979,11.458
15.867,15.453,15.507,15.409,14.407,13.609,12.769,11.496,11.615,12.542,14.185,14.463,16.272,17.184,17.145,17.236,17.487,15.357,13.455,10.549,7.152,5.868,0.000,5.805,7.562,9.022
16.054,15.762,15.900,16.018,15.127,14.521,13.642,12.819,13.069,13.865,15.401,15.440,17.089,17.541,17.531,17.387,17.548,16.855,15.769,12.987,10.455,7.520,5.805,0.000,5.981,7.659
15.946,15.788,15.886,15.869,15.236,14.809,14.186,13.719,13.875,14.563,15.841,15.782,17.129,17.395,17.663,16.944,17.154,16.470,16.813,15.073,12.348,9.979,7.562,5.981,0.000,6.449
15.977,15.863,15.727,15.515,14.852,14.328,13.641,13.174,13.918,14.499,15.672,15.835,16.928,17.131,17.416,16.953,16.944,16.059,16.101,15.506,13.337,11.458,9.022,7.659,6.449,0.000