c1,c2,c3,c4,c5,c6,c7,c8,c9,c10,c11,c12,c13,c14,c15,c16,c17,c18,c19,c20,c21,c22,c23,c24,c25,c26
0.000,6.508,7.366,8.347,11.228,13.287,15.641,16.520,16.506,15.568,13.614,13.591,12.583,13.216,14.119,14.502,14.773,14.552,14.755,15.025,15.273,15.473,15.267,15.409,15.628,15.868
6.508,0.000,5.661,8.032,10.490,12.844,15.718,16.814,16.092,15.040,12.688,12.609,11.233,11.849,13.095,13.691,14.012,13.929,14.243,14.586,14.587,14.875,14.601,14.872,15.137,15.592
7.366,5.661,0.000,5.808,8.115,10.413,13.535,15.303,15.685,14.330,11.944,11.539,10.663,11.346,12.631,13.332,13.413,13.337,13.740,14.128,13.900,14.544,14.524,15.093,15.480,15.688
8.347,8.032,5.808,0.000,5.789,7.309,10.482,12.631,13.768,13.110,10.911,10.719,10.856,11.552,13.131,13.403,13.476,12.692,13.607,13.503,13.086,14.232,14.711,15.544,15.790,15.760
11.228,10.490,8.115,5.789,0.000,5.890,7.666,9.700,10.776,10.750,9.191,9.757,11.318,12.184,13.357,13.315,12.952,11.903,12.599,12.352,11.191,12.788,13.346,14.598,15.101,14.878
13.287,12.844,10.413,7.309,5.890,0.000,5.832,7.320,9.224,9.401,8.914,9.849,11.628,12.818,14.038,13.496,13.187,11.857,12.877,11.973,11.300,12.745,13.822,14.818,15.227,14.841
15.641,15.718,13.535,10.482,7.666,5.832,0.000,5.974,7.797,8.723,9.479,10.037,12.959,14.285,14.805,13.841,13.538,12.050,13.332,12.233,10.604,12.285,13.096,14.309,14.656,14.294
16.520,16.814,15.303,12.631,9.700,7.320,5.974,0.000,5.490,7.856,9.546,10.829,13.693,15.338,15.853,14.213,13.892,12.591,13.586,12.472,11.036,12.217,12.875,13.787,14.264,14.118
16.506,16.092,15.685,13.768,10.776,9.224,7.797,5.490,0.000,5.646,8.387,10.532,13.264,15.738,16.627,14.693,14.538,13.814,14.462,13.474,12.257,12.609,13.230,13.972,14.382,14.541
15.568,15.040,14.330,13.110,10.750,9.401,8.723,7.856,5.646,0.000,6.052,7.660,10.654,13.276,14.631,12.764,12.810,12.514,13.420,12.565,12.138,13.064,13.638,14.334,14.775,14.939
13.614,12.688,11.944,10.911,9.191,8.914,9.479,9.546,8.387,6.052,0.000,6.554,7.869,10.581,11.981,10.821,11.289,11.401,12.299,12.752,12.681,14.449,14.987,15.526,15.874,15.928
13.591,12.609,11.539,10.719,9.757,9.849,10.037,10.829,10.532,7.660,6.554,0.000,6.421,8.428,9.958,8.643,9.187,9.436,10.693,11.287,11.517,12.984,14.248,15.227,15.627,15.828
12.583,11.233,10.663,10.856,11.318,11.628,12.959,13.693,13.264,10.654,7.869,6.421,0.000,6.568,6.861,7.041,8.562,9.603,11.116,13.022,13.487,15.059,16.335,16.902,17.308,17.169
13.216,11.849,11.346,11.552,12.184,12.818,14.285,15.338,15.738,13.276,10.581,8.428,6.568,0.000,6.030,7.371,7.680,8.956,11.319,13.220,13.419,15.066,16.384,16.707,17.193,17.084
14.119,13.095,12.631,13.131,13.357,14.038,14.805,15.853,16.627,14.631,11.981,9.958,6.861,6.030,0.000,6.023,7.721,8.835,10.766,13.185,14.364,15.360,16.163,16.799,17.289,17.145
14.502,13.691,13.332,13.403,13.315,13.496,13.841,14.213,14.693,12.764,10.821,8.643,7.041,7.371,6.023,0.000,5.943,7.847,9.255,11.519,13.580,14.983,15.277,15.831,16.686,16.663
14.773,14.012,13.413,13.476,12.952,13.187,13.538,13.892,14.538,12.810,11.289,9.187,8.562,7.680,7.721,5.943,0.000,6.090,7.789,10.139,11.975,14.857,15.996,15.867,16.539,16.515
14.552,13.929,13.337,12.692,11.903,11.857,12.050,12.591,13.814,12.514,11.401,9.436,9.603,8.956,8.835,7.847,6.090,0.000,6.033,7.743,9.091,11.901,14.317,15.649,15.880,15.703
14.755,14.243,13.740,13.607,12.599,12.877,13.332,13.586,14.462,13.420,12.299,10.693,11.116,11.319,10.766,9.255,7.789,6.033,0.000,5.856,7.739,10.248,12.625,15.252,16.428,15.771
15.025,14.586,14.128,13.503,12.352,11.973,12.233,12.472,13.474,12.565,12.752,11.287,13.022,13.220,13.185,11.519,10.139,7.743,5.856,0.000,5.965,7.371,10.141,12.637,14.921,15.242
15.273,14.587,13.900,13.086,11.191,11.300,10.604,11.036,12.257,12.138,12.681,11.517,13.487,13.419,14.364,13.580,11.975,9.091,7.739,5.965,0.000,6.024,7.307,10.106,12.277,13.282
15.473,14.875,14.544,14.232,12.788,12.745,12.285,12.217,12.609,13.064,14.449,12.984,15.059,15.066,15.360,14.983,14.857,11.901,10.248,7.371,6.024,0.000,6.100,7.700,10.061,11.501
15.267,14.601,14.524,14.711,13.346,13.822,13.096,12.875,13.230,13.638,14.987,14.248,16.335,16.384,16.163,15.277,15.996,14.317,12.625,10.141,7.307,6.100,0.000,5.989,7.448,8.824
15.409,14.872,15.093,15.544,14.598,14.818,14.309,13.787,13.972,14.334,15.526,15.227,16.902,16.707,16.799,15.831,15.867,15.649,15.252,12.637,10.106,7.700,5.989,0.000,6.040,7.695
15.628,15.137,15.480,15.790,15.101,15.227,14.656,14.264,14.382,14.775,15.874,15.627,17.308,17.193,17.289,16.686,16.539,15.880,16.428,14.921,12.277,10.061,7.448,6.040,0.000,6.368
15.868,15.592,15.688,15.760,14.878,14.841,14.294,14.118,14.541,14.939,15.928,15.828,17.169,17.084,17.145,16.663,16.515,15.703,15.771,15.242,13.282,11.501,8.824,7.695,6.368,0.000