c1,c2,c3,c4,c5,c6,c7,c8,c9,c10,c11,c12,c13,c14,c15,c16,c17,c18,c19,c20,c21,c22,c23,c24,c25,c26
0.000,6.511,7.367,8.334,11.404,13.628,15.967,16.727,16.804,15.979,14.134,13.965,13.196,12.635,13.496,13.998,14.223,14.244,14.299,14.941,15.501,16.021,15.899,16.158,16.073,16.134
6.511,0.000,5.708,7.843,10.422,13.021,15.934,16.975,16.408,15.464,13.529,13.065,12.059,11.157,12.537,13.407,13.923,13.920,13.933,14.825,15.105,15.687,15.664,16.010,16.025,16.106
7.367,5.708,0.000,5.780,7.911,10.546,13.646,15.358,16.051,14.934,12.348,11.624,10.825,10.313,11.806,12.721,13.359,13.380,13.118,14.543,14.467,15.519,15.526,15.991,16.079,15.960
8.334,7.843,5.780,0.000,5.778,7.287,10.630,12.666,14.460,14.084,11.550,10.640,10.903,11.063,12.286,12.714,13.533,13.161,13.069,14.351,13.972,15.328,15.597,16.150,16.229,15.877
11.404,10.422,7.911,5.778,0.000,5.906,7.644,9.546,11.015,10.999,9.297,9.127,10.715,11.340,12.986,12.987,13.785,13.164,12.664,13.589,12.362,14.102,14.410,15.099,15.350,15.033
13.628,13.021,10.546,7.287,5.906,0.000,5.860,7.349,9.547,9.760,9.320,9.266,10.900,12.393,13.479,13.522,14.074,13.055,12.600,13.024,11.622,13.381,13.970,14.665,15.074,14.673
15.967,15.934,13.646,10.630,7.644,5.860,0.000,6.011,7.738,8.457,9.422,9.774,12.809,14.539,15.213,15.197,15.419,13.957,13.617,13.488,11.068,12.828,13.081,13.671,14.400,14.003
16.727,16.975,15.358,12.666,9.546,7.349,6.011,0.000,5.471,7.724,9.212,10.538,13.318,15.676,15.587,15.552,15.717,13.663,13.220,12.425,9.963,11.458,11.504,12.646,13.700,13.396
16.804,16.408,16.051,14.460,11.015,9.547,7.738,5.471,0.000,5.606,8.112,10.491,12.914,16.108,16.910,16.180,16.054,14.070,13.309,12.509,10.268,11.233,11.198,12.528,13.507,13.728
15.979,15.464,14.934,14.084,10.999,9.760,8.457,7.724,5.606,0.000,5.933,7.617,10.711,13.781,15.239,14.444,13.996,12.306,11.170,10.895,9.345,11.105,12.016,13.325,14.227,14.310
14.134,13.529,12.348,11.550,9.297,9.320,9.422,9.212,8.112,5.933,0.000,6.441,7.619,10.822,12.328,12.544,13.063,11.769,10.807,12.113,10.942,13.094,13.900,15.042,15.722,15.567
13.965,13.065,11.624,10.640,9.127,9.266,9.774,10.538,10.491,7.617,6.441,0.000,6.487,8.325,10.339,10.324,11.038,9.912,8.677,10.943,10.474,13.022,14.097,15.115,15.553,15.712
13.196,12.059,10.825,10.903,10.715,10.900,12.809,13.318,12.914,10.711,7.619,6.487,0.000,6.532,6.984,7.983,9.369,10.418,9.976,13.057,13.173,15.097,16.310,17.117,17.195,16.963
12.635,11.157,10.313,11.063,11.340,12.393,14.539,15.676,16.108,13.781,10.822,8.325,6.532,0.000,6.014,7.627,9.025,10.465,11.020,14.002,14.372,16.031,17.087,17.504,17.422,17.162
13.496,12.537,11.806,12.286,12.986,13.479,15.213,15.587,16.910,15.239,12.328,10.339,6.984,6.014,0.000,6.011,7.936,10.705,10.988,14.516,15.766,17.069,17.531,17.703,17.812,17.581
13.998,13.407,12.721,12.714,12.987,13.522,15.197,15.552,16.180,14.444,12.544,10.324,7.983,7.627,6.011,0.000,5.968,8.789,9.537,12.725,15.067,16.654,17.532,17.698,16.993,16.831
14.223,13.923,13.359,13.533,13.785,14.074,15.419,15.717,16.054,13.996,13.063,11.038,9.369,9.025,7.936,5.968,0.000,6.221,7.576,10.050,12.986,15.262,17.680,17.780,17.210,16.954
14.244,13.920,13.380,13.161,13.164,13.055,13.957,13.663,14.070,12.306,11.769,9.912,10.418,10.465,10.705,8.789,6.221,0.000,5.972,7.116,9.771,12.513,15.422,17.017,16.461,16.032
14.299,13.933,13.118,13.069,12.664,12.600,13.617,13.220,13.309,11.170,10.807,8.677,9.976,11.020,10.988,9.537,7.576,5.972,0.000,5.803,7.836,10.555,13.706,15.824,16.939,16.246
14.941,14.825,14.543,14.351,13.589,13.024,13.488,12.425,12.509,10.895,12.113,10.943,13.057,14.002,14.516,12.725,10.050,7.116,5.803,0.000,5.897,6.949,10.628,12.861,15.098,15.763
15.501,15.105,14.467,13.972,12.362,11.622,11.068,9.963,10.268,9.345,10.942,10.474,13.173,14.372,15.766,15.067,12.986,9.771,7.836,5.897,0.000,5.875,7.197,10.462,12.636,13.911
16.021,15.687,15.519,15.328,14.102,13.381,12.828,11.458,11.233,11.105,13.094,13.022,15.097,16.031,17.069,16.654,15.262,12.513,10.555,6.949,5.875,0.000,5.856,6.885,9.698,11.447
15.899,15.664,15.526,15.597,14.410,13.970,13.081,11.504,11.198,12.016,13.900,14.097,16.310,17.087,17.531,17.532,17.680,15.422,13.706,10.628,7.197,5.856,0.000,5.766,7.649,9.708
16.158,16.010,15.991,16.150,15.099,14.665,13.671,12.646,12.528,13.325,15.042,15.115,17.117,17.504,17.703,17.698,17.780,17.017,15.824,12.861,10.462,6.885,5.766,0.000,6.027,7.489
16.073,16.025,16.079,16.229,15.350,15.074,14.400,13.700,13.507,14.227,15.722,15.553,17.195,17.422,17.812,16.993,17.210,16.461,16.939,15.098,12.636,9.698,7.649,6.027,0.000,6.355
16.134,16.106,15.960,15.877,15.033,14.673,14.003,13.396,13.728,14.310,15.567,15.712,16.963,17.162,17.581,16.831,16.954,16.032,16.246,15.763,13.911,11.447,9.708,7.489,6.355,0.000