c1,c2,c3,c4,c5,c6,c7,c8,c9,c10,c11,c12,c13,c14,c15,c16,c17,c18,c19,c20,c21,c22,c23,c24,c25,c26
0.000,6.565,7.365,7.918,11.048,13.103,15.328,16.537,16.581,15.693,13.681,13.563,12.727,12.746,13.740,14.253,14.635,14.784,14.839,15.239,15.379,15.995,16.060,16.324,16.371,16.264
6.565,0.000,5.624,7.917,10.441,12.771,15.446,16.882,16.372,15.156,12.841,12.444,11.366,11.512,12.929,13.588,13.770,14.081,14.291,14.790,14.777,15.486,15.473,16.035,16.104,16.126
7.365,5.624,0.000,5.863,8.110,10.550,13.367,15.441,15.758,14.279,11.747,11.237,10.786,11.068,12.493,13.298,13.363,13.883,14.243,14.695,14.574,15.541,15.586,16.163,16.370,16.145
7.918,7.917,5.863,0.000,5.845,7.427,10.393,12.737,13.734,12.819,10.550,10.219,10.688,10.975,12.597,12.985,13.312,13.478,14.135,14.163,14.056,15.131,15.347,15.802,16.230,15.943
11.048,10.441,8.110,5.845,0.000,5.859,7.451,9.768,10.713,10.771,8.983,9.433,10.967,11.839,12.971,13.356,13.542,13.633,14.058,13.778,13.244,14.534,14.505,15.007,15.277,14.909
13.103,12.771,10.550,7.427,5.859,0.000,5.832,7.381,9.043,8.956,8.832,9.775,11.713,12.804,14.020,13.828,13.840,13.703,14.714,13.920,13.528,14.152,14.318,14.677,14.829,14.609
15.328,15.446,13.367,10.393,7.451,5.832,0.000,5.901,7.672,8.335,9.392,9.770,13.049,14.456,14.956,14.560,14.419,14.095,15.022,14.204,13.396,14.066,13.804,14.296,14.270,13.811
16.537,16.882,15.441,12.737,9.768,7.381,5.901,0.000,5.525,7.194,9.772,10.604,13.798,15.367,15.701,14.661,14.375,14.061,14.933,13.817,13.224,13.875,13.402,13.934,13.825,13.803
16.581,16.372,15.758,13.734,10.713,9.043,7.672,5.525,0.000,5.831,8.579,10.659,13.465,15.991,16.751,15.287,15.036,15.250,15.920,14.874,14.312,14.733,14.229,14.237,14.199,14.132
15.693,15.156,14.279,12.819,10.771,8.956,8.335,7.194,5.831,0.000,6.009,7.501,10.544,13.153,14.536,13.402,13.570,14.065,14.654,13.872,13.416,14.327,13.656,14.168,14.707,14.617
13.681,12.841,11.747,10.550,8.983,8.832,9.392,9.772,8.579,6.009,0.000,6.512,8.108,10.602,12.073,11.917,12.633,13.606,14.325,14.121,14.124,14.797,14.619,15.090,15.273,15.150
13.563,12.444,11.237,10.219,9.433,9.775,9.770,10.604,10.659,7.501,6.512,0.000,6.671,8.581,9.856,9.171,10.302,11.611,12.165,11.908,12.123,13.198,13.695,14.809,15.480,15.696
12.727,11.366,10.786,10.688,10.967,11.713,13.049,13.798,13.465,10.544,8.108,6.671,0.000,6.609,7.108,7.787,9.373,11.065,12.060,12.660,13.235,14.542,15.014,16.096,16.957,16.689
12.746,11.512,11.068,10.975,11.839,12.804,14.456,15.367,15.991,13.153,10.602,8.581,6.609,0.000,6.264,7.767,8.205,9.218,11.544,12.571,12.865,13.889,15.167,15.850,16.844,17.013
13.740,12.929,12.493,12.597,12.971,14.020,14.956,15.701,16.751,14.536,12.073,9.856,7.108,6.264,0.000,6.276,7.887,8.211,9.506,11.760,12.977,13.164,14.151,15.430,16.475,16.756
14.253,13.588,13.298,12.985,13.356,13.828,14.560,14.661,15.287,13.402,11.917,9.171,7.787,7.767,6.276,0.000,6.234,7.645,8.283,9.652,11.892,13.018,13.252,14.312,15.906,16.301
14.635,13.770,13.363,13.312,13.542,13.840,14.419,14.375,15.036,13.570,12.633,10.302,9.373,8.205,7.887,6.234,0.000,5.992,7.857,8.716,10.331,12.620,13.800,13.744,15.018,15.892
14.784,14.081,13.883,13.478,13.633,13.703,14.095,14.061,15.250,14.065,13.606,11.611,11.065,9.218,8.211,7.645,5.992,0.000,6.051,7.602,8.296,9.931,12.468,13.750,14.058,14.698
14.839,14.291,14.243,14.135,14.058,14.714,15.022,14.933,15.920,14.654,14.325,12.165,12.060,11.544,9.506,8.283,7.857,6.051,0.000,5.799,7.625,8.620,10.508,12.968,14.433,14.302
15.239,14.790,14.695,14.163,13.778,13.920,14.204,13.817,14.874,13.872,14.121,11.908,12.660,12.571,11.760,9.652,8.716,7.602,5.799,0.000,5.734,7.470,8.873,10.812,13.405,14.005
15.379,14.777,14.574,14.056,13.244,13.528,13.396,13.224,14.312,13.416,14.124,12.123,13.235,12.865,12.977,11.892,10.331,8.296,7.625,5.734,0.000,5.774,7.481,8.816,11.051,12.458
15.995,15.486,15.541,15.131,14.534,14.152,14.066,13.875,14.733,14.327,14.797,13.198,14.542,13.889,13.164,13.018,12.620,9.931,8.620,7.470,5.774,0.000,5.778,7.591,9.316,10.538
16.060,15.473,15.586,15.347,14.505,14.318,13.804,13.402,14.229,13.656,14.619,13.695,15.014,15.167,14.151,13.252,13.800,12.468,10.508,8.873,7.481,5.778,0.000,5.829,7.324,8.175
16.324,16.035,16.163,15.802,15.007,14.677,14.296,13.934,14.237,14.168,15.090,14.809,16.096,15.850,15.430,14.312,13.744,13.750,12.968,10.812,8.816,7.591,5.829,0.000,5.858,7.703
16.371,16.104,16.370,16.230,15.277,14.829,14.270,13.825,14.199,14.707,15.273,15.480,16.957,16.844,16.475,15.906,15.018,14.058,14.433,13.405,11.051,9.316,7.324,5.858,0.000,6.270
16.264,16.126,16.145,15.943,14.909,14.609,13.811,13.803,14.132,14.617,15.150,15.696,16.689,17.013,16.756,16.301,15.892,14.698,14.302,14.005,12.458,10.538,8.175,7.703,6.270,0.000