c1,c2,c3,c4,c5,c6,c7,c8,c9,c10,c11,c12,c13,c14,c15,c16,c17,c18,c19,c20,c21,c22,c23,c24,c25,c26
0.000,6.377,7.331,8.554,11.306,13.437,15.589,16.602,16.619,15.656,13.380,13.185,12.668,12.485,13.732,14.397,14.822,15.324,15.694,16.002,16.126,16.387,16.403,16.428,16.326,16.211
6.377,0.000,5.636,8.142,10.507,12.976,15.576,16.862,16.454,15.125,12.537,12.284,11.148,11.004,12.721,13.355,13.532,14.434,15.178,15.707,15.839,16.270,16.228,16.411,16.374,16.252
7.331,5.636,0.000,5.750,8.041,10.344,13.362,15.144,15.404,13.883,11.557,10.873,10.067,10.265,11.812,12.443,12.523,13.614,14.718,15.235,15.441,16.058,16.121,16.258,16.441,16.145
8.554,8.142,5.750,0.000,5.826,7.449,10.363,12.635,13.588,12.830,10.295,9.601,9.972,10.160,12.056,12.111,12.138,12.964,14.339,14.479,14.658,15.665,15.870,16.094,16.240,15.943
11.306,10.507,8.041,5.826,0.000,5.942,7.610,9.693,10.555,10.639,9.087,9.090,10.574,11.190,12.327,12.358,12.234,12.965,14.106,13.976,13.855,14.772,14.928,15.260,15.504,15.058
13.437,12.976,10.344,7.449,5.942,0.000,5.959,7.426,8.969,9.058,9.015,9.247,11.252,11.911,13.266,12.496,12.132,12.582,14.119,13.584,13.320,14.104,14.514,14.696,15.008,14.690
15.589,15.576,13.362,10.363,7.610,5.959,0.000,5.960,7.713,8.458,9.577,9.719,12.743,14.039,14.709,13.865,13.342,13.157,14.632,13.915,13.001,13.720,13.893,14.322,14.601,14.362
16.602,16.862,15.144,12.635,9.693,7.426,5.960,0.000,5.489,7.340,9.371,10.007,12.996,14.468,15.056,13.730,13.187,13.024,14.304,13.411,12.749,13.246,13.621,14.046,14.396,14.374
16.619,16.454,15.404,13.588,10.555,8.969,7.713,5.489,0.000,5.719,8.281,10.399,13.155,15.416,16.400,14.711,14.333,14.837,15.853,14.913,14.702,15.034,15.063,15.120,15.524,15.235
15.656,15.125,13.883,12.830,10.639,9.058,8.458,7.340,5.719,0.000,6.310,7.664,10.832,13.203,14.399,12.723,12.650,13.568,14.443,13.911,14.349,15.132,15.050,15.245,15.620,15.519
13.380,12.537,11.557,10.295,9.087,9.015,9.577,9.371,8.281,6.310,0.000,6.674,8.509,10.676,12.060,11.261,11.625,12.966,13.995,14.144,14.865,15.867,15.941,16.011,16.328,16.084
13.185,12.284,10.873,9.601,9.090,9.247,9.719,10.007,10.399,7.664,6.674,0.000,6.863,8.711,9.765,8.654,9.053,10.602,11.706,12.140,13.073,14.460,14.912,15.634,16.147,16.078
12.668,11.148,10.067,9.972,10.574,11.252,12.743,12.996,13.155,10.832,8.509,6.863,0.000,6.780,6.955,7.395,8.805,10.393,11.617,12.493,13.542,14.915,15.616,16.610,17.284,16.867
12.485,11.004,10.265,10.160,11.190,11.911,14.039,14.468,15.416,13.203,10.676,8.711,6.780,0.000,6.665,7.665,7.534,8.461,11.065,12.223,12.485,13.969,15.325,16.121,16.950,16.656
13.732,12.721,11.812,12.056,12.327,13.266,14.709,15.056,16.400,14.399,12.060,9.765,6.955,6.665,0.000,6.652,7.808,7.896,9.377,11.624,12.627,12.993,13.979,15.692,16.493,16.400
14.397,13.355,12.443,12.111,12.358,12.496,13.865,13.730,14.711,12.723,11.261,8.654,7.395,7.665,6.652,0.000,6.274,7.829,8.165,9.493,11.727,12.774,12.886,14.373,15.909,15.858
14.822,13.532,12.523,12.138,12.234,12.132,13.342,13.187,14.333,12.650,11.625,9.053,8.805,7.534,7.808,6.274,0.000,6.051,7.959,8.379,9.617,11.834,12.665,13.446,14.798,15.162
15.324,14.434,13.614,12.964,12.965,12.582,13.157,13.024,14.837,13.568,12.966,10.602,10.393,8.461,7.896,7.829,6.051,0.000,6.066,7.641,7.563,8.858,11.046,12.614,13.314,13.587
15.694,15.178,14.718,14.339,14.106,14.119,14.632,14.304,15.853,14.443,13.995,11.706,11.617,11.065,9.377,8.165,7.959,6.066,0.000,5.856,7.645,8.237,9.092,11.942,13.282,13.132
16.002,15.707,15.235,14.479,13.976,13.584,13.915,13.411,14.913,13.911,14.144,12.140,12.493,12.223,11.624,9.493,8.379,7.641,5.856,0.000,5.773,7.713,7.829,9.890,12.163,12.566
16.126,15.839,15.441,14.658,13.855,13.320,13.001,12.749,14.702,14.349,14.865,13.073,13.542,12.485,12.627,11.727,9.617,7.563,7.645,5.773,0.000,5.822,7.576,8.529,10.351,10.983
16.387,16.270,16.058,15.665,14.772,14.104,13.720,13.246,15.034,15.132,15.867,14.460,14.915,13.969,12.993,12.774,11.834,8.858,8.237,7.713,5.822,0.000,6.059,7.489,8.834,9.388
16.403,16.228,16.121,15.870,14.928,14.514,13.893,13.621,15.063,15.050,15.941,14.912,15.616,15.325,13.979,12.886,12.665,11.046,9.092,7.829,7.576,6.059,0.000,5.998,7.639,8.519
16.428,16.411,16.258,16.094,15.260,14.696,14.322,14.046,15.120,15.245,16.011,15.634,16.610,16.121,15.692,14.373,13.446,12.614,11.942,9.890,8.529,7.489,5.998,0.000,5.863,7.753
16.326,16.374,16.441,16.240,15.504,15.008,14.601,14.396,15.524,15.620,16.328,16.147,17.284,16.950,16.493,15.909,14.798,13.314,13.282,12.163,10.351,8.834,7.639,5.863,0.000,6.183
16.211,16.252,16.145,15.943,15.058,14.690,14.362,14.374,15.235,15.519,16.084,16.078,16.867,16.656,16.400,15.858,15.162,13.587,13.132,12.566,10.983,9.388,8.519,7.753,6.183,0.000