c1,c2,c3,c4,c5,c6,c7,c8,c9,c10,c11,c12,c13,c14,c15,c16,c17,c18,c19,c20,c21,c22,c23,c24,c25,c26
0.000,6.529,7.460,8.508,11.417,13.788,16.026,16.978,16.839,15.479,13.340,12.924,12.177,11.209,12.628,13.620,14.621,15.084,15.061,14.788,15.352,15.420,15.444,15.571,15.776,16.055
6.529,0.000,5.702,7.977,10.456,13.182,15.907,17.156,16.393,14.939,12.613,11.691,10.475,9.319,11.152,12.549,14.020,14.493,14.637,14.547,14.915,15.065,15.100,15.240,15.465,15.882
7.460,5.702,0.000,5.783,7.933,10.498,13.593,15.314,15.586,13.903,11.336,9.897,9.252,8.807,10.947,11.868,13.187,13.694,13.677,13.903,14.257,14.713,14.844,15.018,15.479,15.647
8.508,7.977,5.783,0.000,5.802,7.374,10.560,12.865,13.963,13.152,10.966,9.106,10.008,9.936,11.371,12.074,13.109,13.264,13.483,13.564,13.559,14.673,15.058,14.994,15.583,15.526
11.417,10.456,7.933,5.802,0.000,5.887,7.604,9.524,10.321,10.802,9.078,9.007,10.891,11.228,13.072,13.039,13.991,13.846,13.642,13.280,12.618,14.053,14.266,14.095,14.761,14.835
13.788,13.182,10.498,7.374,5.887,0.000,5.925,7.415,8.994,8.877,9.314,9.010,10.630,11.785,13.147,12.776,13.392,13.014,12.813,12.330,11.439,13.159,13.595,13.644,14.611,14.702
16.026,15.907,13.593,10.560,7.604,5.925,0.000,5.868,7.502,8.184,9.789,10.099,13.387,14.945,15.522,15.056,15.170,14.286,14.232,13.628,11.564,13.371,13.325,13.149,14.115,14.102
16.978,17.156,15.314,12.865,9.524,7.415,5.868,0.000,5.417,7.303,9.483,10.622,13.545,15.509,15.861,14.870,15.030,13.687,13.463,12.476,10.473,12.217,12.360,12.332,13.454,13.760
16.839,16.393,15.586,13.963,10.321,8.994,7.502,5.417,0.000,5.707,8.001,10.634,13.160,16.041,16.789,15.511,15.808,14.625,14.208,13.582,12.051,13.362,13.267,13.154,14.304,14.467
15.479,14.939,13.903,13.152,10.802,8.877,8.184,7.303,5.707,0.000,6.141,7.674,10.946,13.757,15.145,13.747,14.013,12.635,12.273,12.237,11.238,12.938,13.364,13.524,14.539,14.906
13.340,12.613,11.336,10.966,9.078,9.314,9.789,9.483,8.001,6.141,0.000,7.127,8.347,10.918,12.257,12.014,13.224,12.783,12.636,13.092,12.684,14.436,14.816,14.979,15.703,15.667
12.924,11.691,9.897,9.106,9.007,9.010,10.099,10.622,10.634,7.674,7.127,0.000,6.840,8.801,10.136,9.469,10.762,10.768,10.918,11.500,11.546,13.756,14.575,15.059,15.786,15.858
12.177,10.475,9.252,10.008,10.891,10.630,13.387,13.545,13.160,10.946,8.347,6.840,0.000,6.935,6.854,7.778,9.771,11.649,11.907,12.719,13.529,15.199,16.169,16.315,17.032,17.005
11.209,9.319,8.807,9.936,11.228,11.785,14.945,15.509,16.041,13.757,10.918,8.801,6.935,0.000,6.580,7.942,9.737,11.515,12.459,13.502,14.219,15.753,16.843,16.846,17.337,17.272
12.628,11.152,10.947,11.371,13.072,13.147,15.522,15.861,16.789,15.145,12.257,10.136,6.854,6.580,0.000,6.395,8.366,11.011,11.626,12.614,14.433,15.630,16.457,16.633,17.423,17.507
13.620,12.549,11.868,12.074,13.039,12.776,15.056,14.870,15.511,13.747,12.014,9.469,7.778,7.942,6.395,0.000,6.268,8.752,9.302,9.661,12.038,13.662,14.712,14.982,16.141,16.345
14.621,14.020,13.187,13.109,13.991,13.392,15.170,15.030,15.808,14.013,13.224,10.762,9.771,9.737,8.366,6.268,0.000,6.286,7.403,8.521,10.922,12.937,14.939,15.329,16.165,16.409
15.084,14.493,13.694,13.264,13.846,13.014,14.286,13.687,14.625,12.635,12.783,10.768,11.649,11.515,11.011,8.752,6.286,0.000,6.077,7.228,8.417,10.602,12.780,14.217,15.141,15.500
15.061,14.637,13.677,13.483,13.642,12.813,14.232,13.463,14.208,12.273,12.636,10.918,11.907,12.459,11.626,9.302,7.403,6.077,0.000,5.896,7.772,9.522,11.957,13.828,15.585,15.938
14.788,14.547,13.903,13.564,13.280,12.330,13.628,12.476,13.582,12.237,13.092,11.500,12.719,13.502,12.614,9.661,8.521,7.228,5.896,0.000,5.856,7.797,10.181,12.139,14.521,15.610
15.352,14.915,14.257,13.559,12.618,11.439,11.564,10.473,12.051,11.238,12.684,11.546,13.529,14.219,14.433,12.038,10.922,8.417,7.772,5.856,0.000,5.875,7.375,9.118,11.846,13.746
15.420,15.065,14.713,14.673,14.053,13.159,13.371,12.217,13.362,12.938,14.436,13.756,15.199,15.753,15.630,13.662,12.937,10.602,9.522,7.797,5.875,0.000,5.734,7.584,9.999,12.252
15.444,15.100,14.844,15.058,14.266,13.595,13.325,12.360,13.267,13.364,14.816,14.575,16.169,16.843,16.457,14.712,14.939,12.780,11.957,10.181,7.375,5.734,0.000,5.754,7.433,10.012
15.571,15.240,15.018,14.994,14.095,13.644,13.149,12.332,13.154,13.524,14.979,15.059,16.315,16.846,16.633,14.982,15.329,14.217,13.828,12.139,9.118,7.584,5.754,0.000,5.921,7.598
15.776,15.465,15.479,15.583,14.761,14.611,14.115,13.454,14.304,14.539,15.703,15.786,17.032,17.337,17.423,16.141,16.165,15.141,15.585,14.521,11.846,9.999,7.433,5.921,0.000,6.234
16.055,15.882,15.647,15.526,14.835,14.702,14.102,13.760,14.467,14.906,15.667,15.858,17.005,17.272,17.507,16.345,16.409,15.500,15.938,15.610,13.746,12.252,10.012,7.598,6.234,0.000