c1,c2,c3,c4,c5,c6,c7,c8,c9,c10,c11,c12,c13,c14,c15,c16,c17,c18,c19,c20,c21,c22,c23,c24,c25,c26
0.000,6.560,7.289,7.808,10.543,11.534,13.170,13.995,13.415,13.153,14.549,15.184,14.468,14.574,15.537,15.081,14.942,15.529,16.443,16.221,16.425,17.107,17.274,16.988,17.050,16.998
6.560,0.000,5.584,7.596,9.607,10.951,12.465,13.575,12.699,12.248,13.767,14.705,13.657,14.208,15.097,14.493,13.820,14.931,16.034,15.918,16.227,17.233,17.249,17.104,17.078,17.111
7.289,5.584,0.000,5.667,7.850,9.389,10.986,12.578,12.147,11.452,13.330,14.653,14.104,14.906,16.474,16.021,15.656,16.486,17.472,17.266,17.416,17.808,17.745,17.618,17.503,17.336
7.808,7.596,5.667,0.000,5.660,7.061,9.310,10.485,10.046,9.489,11.804,13.177,13.281,14.320,15.994,16.301,16.137,16.948,17.593,17.585,17.755,17.830,17.475,17.461,17.309,17.417
10.543,9.607,7.850,5.660,0.000,5.579,8.214,8.948,8.058,9.148,11.175,11.921,12.413,14.134,15.706,16.397,17.494,17.985,17.753,17.403,17.664,17.465,16.906,16.819,16.720,16.929
11.534,10.951,9.389,7.061,5.579,0.000,5.636,6.583,5.877,6.982,9.276,10.263,10.810,12.730,14.247,15.041,16.298,18.034,18.255,17.994,18.046,17.944,17.236,17.168,17.087,17.082
13.170,12.465,10.986,9.310,8.214,5.636,0.000,5.434,7.248,5.773,6.816,9.832,10.819,10.959,12.777,15.008,15.640,16.323,18.447,18.797,18.329,17.849,17.667,17.505,17.352,17.088
13.995,13.575,12.578,10.485,8.948,6.583,5.434,0.000,5.397,7.339,5.975,6.702,9.936,11.059,10.919,12.836,15.218,15.617,16.313,18.615,18.623,17.880,17.280,17.660,17.333,17.270
13.415,12.699,12.147,10.046,8.058,5.877,7.248,5.397,0.000,5.393,7.404,5.933,6.711,9.966,10.972,10.882,12.946,15.092,15.629,16.452,18.627,18.414,17.618,17.454,17.781,17.515
13.153,12.248,11.452,9.489,9.148,6.982,5.773,7.339,5.393,0.000,5.408,7.468,6.168,7.074,10.102,11.055,11.065,12.868,15.107,15.793,16.587,18.668,18.508,18.235,18.045,17.886
14.549,13.767,13.330,11.804,11.175,9.276,6.816,5.975,7.404,5.408,0.000,5.492,7.476,6.304,6.923,9.996,11.015,10.822,12.687,15.101,15.729,16.424,18.593,18.577,18.408,18.115
15.184,14.705,14.653,13.177,11.921,10.263,9.832,6.702,5.933,7.468,5.492,0.000,5.548,7.528,6.140,6.913,10.067,10.911,10.761,12.778,15.124,15.661,16.472,18.636,18.641,18.309
14.468,13.657,14.104,13.281,12.413,10.810,10.819,9.936,6.711,6.168,7.476,5.548,0.000,5.578,7.513,6.233,7.136,10.030,10.975,10.923,12.918,15.162,15.789,16.635,18.742,18.172
14.574,14.208,14.906,14.320,14.134,12.730,10.959,11.059,9.966,7.074,6.304,7.528,5.578,0.000,5.620,7.481,6.225,6.792,9.943,10.953,10.866,12.822,15.140,15.845,16.926,18.334
15.537,15.097,16.474,15.994,15.706,14.247,12.777,10.919,10.972,10.102,6.923,6.140,7.513,5.620,0.000,5.547,7.446,5.891,6.554,9.856,10.863,10.756,12.726,15.116,16.052,16.763
15.081,14.493,16.021,16.301,16.397,15.041,15.008,12.836,10.882,11.055,9.996,6.913,6.233,7.481,5.547,0.000,5.502,7.434,5.898,6.591,9.880,10.910,10.794,12.784,15.394,16.157
14.942,13.820,15.656,16.137,17.494,16.298,15.640,15.218,12.946,11.065,11.015,10.067,7.136,6.225,7.446,5.502,0.000,5.473,7.423,5.896,6.603,9.893,10.941,10.894,13.177,15.084
15.529,14.931,16.486,16.948,17.985,18.034,16.323,15.617,15.092,12.868,10.822,10.911,10.030,6.792,5.891,7.434,5.473,0.000,5.414,7.375,5.852,6.595,9.897,11.014,11.537,13.150
16.443,16.034,17.472,17.593,17.753,18.255,18.447,16.313,15.629,15.107,12.687,10.761,10.975,9.943,6.554,5.898,7.423,5.414,0.000,5.409,7.363,5.884,6.606,9.941,11.467,11.930
16.221,15.918,17.266,17.585,17.403,17.994,18.797,18.615,16.452,15.793,15.101,12.778,10.923,10.953,9.856,6.591,5.896,7.375,5.409,0.000,5.415,7.390,5.978,6.758,10.197,11.563
16.425,16.227,17.416,17.755,17.664,18.046,18.329,18.623,18.627,16.587,15.729,15.124,12.918,10.866,10.863,9.880,6.603,5.852,7.363,5.415,0.000,5.397,7.400,6.143,7.534,9.797
17.107,17.233,17.808,17.830,17.465,17.944,17.849,17.880,18.414,18.668,16.424,15.661,15.162,12.822,10.756,10.910,9.893,6.595,5.884,7.390,5.397,0.000,5.386,7.469,7.070,8.191
17.274,17.249,17.745,17.475,16.906,17.236,17.667,17.280,17.618,18.508,18.593,16.472,15.789,15.140,12.726,10.794,10.941,9.897,6.606,5.978,7.400,5.386,0.000,5.423,7.619,7.968
16.988,17.104,17.618,17.461,16.819,17.168,17.505,17.660,17.454,18.235,18.577,18.636,16.635,15.845,15.116,12.784,10.894,11.014,9.941,6.758,6.143,7.469,5.423,0.000,5.526,7.824
17.050,17.078,17.503,17.309,16.720,17.087,17.352,17.333,17.781,18.045,18.408,18.641,18.742,16.926,16.052,15.394,13.177,11.537,11.467,10.197,7.534,7.070,7.619,5.526,0.000,5.828
16.998,17.111,17.336,17.417,16.929,17.082,17.088,17.270,17.515,17.886,18.115,18.309,18.172,18.334,16.763,16.157,15.084,13.150,11.930,11.563,9.797,8.191,7.968,7.824,5.828,0.000