c1,c2,c3,c4,c5,c6,c7,c8,c9,c10,c11,c12,c13,c14,c15,c16,c17,c18,c19,c20,c21,c22,c23,c24,c25,c26
0.000,5.962,7.602,8.974,10.671,12.628,12.674,12.006,13.268,14.545,14.333,15.085,16.457,16.425,16.278,16.021,16.003,15.832,15.985,15.750,15.362,15.791,15.263,15.615,15.299,15.398
5.962,0.000,5.690,7.281,8.329,10.324,11.118,11.057,11.873,13.370,13.629,14.433,15.777,17.035,16.356,15.969,15.772,15.696,15.818,15.421,14.953,15.594,14.974,15.377,15.234,15.133
7.602,5.690,0.000,5.630,7.460,8.245,8.619,9.347,10.679,11.351,11.875,13.350,14.716,15.622,16.357,15.623,15.500,15.409,15.856,15.408,15.111,15.757,15.199,15.503,15.336,15.110
8.974,7.281,5.630,0.000,5.530,7.371,7.917,8.209,10.290,11.721,12.055,13.198,15.261,16.223,16.686,17.270,16.573,16.208,16.281,15.766,15.075,15.483,14.829,15.229,15.152,14.883
10.671,8.329,7.460,5.530,0.000,5.592,7.094,6.292,7.342,10.215,11.260,11.445,13.297,15.375,15.935,15.989,16.810,16.146,16.060,15.489,14.804,15.339,14.436,14.835,14.675,14.438
12.628,10.324,8.245,7.371,5.592,0.000,5.481,7.477,6.963,7.792,10.700,11.657,12.289,13.953,15.577,15.569,15.903,16.815,16.046,15.524,14.649,15.097,14.680,14.795,14.856,14.635
12.674,11.118,8.619,7.917,7.094,5.481,0.000,5.513,7.537,7.034,8.004,10.637,12.206,12.790,14.206,15.007,15.208,15.641,16.671,15.414,14.577,15.134,14.776,14.984,14.897,14.449
12.006,11.057,9.347,8.209,6.292,7.477,5.513,0.000,5.655,7.594,7.414,8.274,11.638,13.097,13.188,13.701,14.594,14.983,15.776,16.144,14.429,15.302,14.400,14.769,14.205,14.208
13.268,11.873,10.679,10.290,7.342,6.963,7.537,5.655,0.000,5.655,7.533,7.121,8.760,11.742,12.760,12.364,13.270,14.154,14.890,15.279,15.643,14.639,14.059,14.003,14.351,14.467
14.545,13.370,11.351,11.721,10.215,7.792,7.034,7.594,5.655,0.000,5.723,7.678,8.154,9.750,11.729,11.865,12.038,13.030,14.390,14.710,14.883,16.245,14.415,14.798,14.942,14.917
14.333,13.629,11.875,12.055,11.260,10.700,8.004,7.414,7.533,5.723,0.000,5.865,7.876,8.473,9.569,10.582,11.292,11.456,12.871,13.902,14.092,15.010,16.218,15.586,15.847,15.646
15.085,14.433,13.350,13.198,11.445,11.657,10.637,8.274,7.121,7.678,5.865,0.000,6.235,8.347,8.841,9.092,10.600,11.662,12.130,12.992,13.942,14.514,15.446,16.544,16.119,16.025
16.457,15.777,14.716,15.261,13.297,12.289,12.206,11.638,8.760,8.154,7.876,6.235,0.000,6.250,8.052,8.086,8.999,10.930,12.036,12.315,13.284,14.676,15.391,16.203,17.401,16.528
16.425,17.035,15.622,16.223,15.375,13.953,12.790,13.097,11.742,9.750,8.473,8.347,6.250,0.000,6.278,7.851,7.945,8.828,11.174,12.106,12.320,13.470,15.044,15.766,16.575,17.140
16.278,16.356,16.357,16.686,15.935,15.577,14.206,13.188,12.760,11.729,9.569,8.841,8.052,6.278,0.000,6.203,8.033,7.972,8.918,11.571,12.638,12.520,13.821,15.355,16.162,16.472
16.021,15.969,15.623,17.270,15.989,15.569,15.007,13.701,12.364,11.865,10.582,9.092,8.086,7.851,6.203,0.000,6.070,7.867,8.086,9.251,11.869,12.694,12.767,14.120,15.608,16.065
16.003,15.772,15.500,16.573,16.810,15.903,15.208,14.594,13.270,12.038,11.292,10.600,8.999,7.945,8.033,6.070,0.000,5.842,7.718,8.234,9.724,11.924,13.222,13.298,14.538,15.551
15.832,15.696,15.409,16.208,16.146,16.815,15.641,14.983,14.154,13.030,11.456,11.662,10.930,8.828,7.972,7.867,5.842,0.000,5.829,7.639,8.173,9.304,12.188,13.347,13.595,14.415
15.985,15.818,15.856,16.281,16.060,16.046,16.671,15.776,14.890,14.390,12.871,12.130,12.036,11.174,8.918,8.086,7.718,5.829,0.000,5.729,7.643,8.147,9.750,12.257,13.503,13.452
15.750,15.421,15.408,15.766,15.489,15.524,15.414,16.144,15.279,14.710,13.902,12.992,12.315,12.106,11.571,9.251,8.234,7.639,5.729,0.000,5.672,7.451,8.517,10.365,12.544,13.207
15.362,14.953,15.111,15.075,14.804,14.649,14.577,14.429,15.643,14.883,14.092,13.942,13.284,12.320,12.638,11.869,9.724,8.173,7.643,5.672,0.000,5.726,7.662,8.990,10.727,12.196
15.791,15.594,15.757,15.483,15.339,15.097,15.134,15.302,14.639,16.245,15.010,14.514,14.676,13.470,12.520,12.694,11.924,9.304,8.147,7.451,5.726,0.000,5.755,7.764,9.147,10.259
15.263,14.974,15.199,14.829,14.436,14.680,14.776,14.400,14.059,14.415,16.218,15.446,15.391,15.044,13.821,12.767,13.222,12.188,9.750,8.517,7.662,5.755,0.000,5.810,7.255,8.467
15.615,15.377,15.503,15.229,14.835,14.795,14.984,14.769,14.003,14.798,15.586,16.544,16.203,15.766,15.355,14.120,13.298,13.347,12.257,10.365,8.990,7.764,5.810,0.000,5.821,7.880
15.299,15.234,15.336,15.152,14.675,14.856,14.897,14.205,14.351,14.942,15.847,16.119,17.401,16.575,16.162,15.608,14.538,13.595,13.503,12.544,10.727,9.147,7.255,5.821,0.000,6.195
15.398,15.133,15.110,14.883,14.438,14.635,14.449,14.208,14.467,14.917,15.646,16.025,16.528,17.140,16.472,16.065,15.551,14.415,13.452,13.207,12.196,10.259,8.467,7.880,6.195,0.000