c1,c2,c3,c4,c5,c6,c7,c8,c9,c10,c11,c12,c13,c14,c15,c16,c17,c18,c19,c20,c21,c22,c23,c24,c25,c26
0.000,5.943,7.696,8.566,9.576,11.276,12.370,12.997,14.142,15.741,15.234,14.795,16.931,17.115,16.136,15.881,16.867,16.786,16.314,15.804,15.417,15.123,14.812,14.978,15.080,15.191
5.943,0.000,5.669,7.022,7.519,8.759,10.780,12.047,12.280,14.217,14.048,13.485,15.672,17.234,16.047,16.007,16.826,16.949,16.235,15.731,14.785,14.689,14.159,14.464,14.690,14.880
7.696,5.669,0.000,5.640,7.325,7.208,8.389,11.022,12.156,13.026,12.831,13.102,15.459,16.223,16.671,16.076,17.034,17.168,16.199,15.527,14.338,14.173,13.453,13.860,14.394,14.682
8.566,7.022,5.640,0.000,5.553,7.540,7.283,8.187,10.988,12.394,10.911,10.956,14.230,14.813,14.613,16.173,16.045,16.459,15.679,15.173,13.839,13.722,12.850,13.490,14.105,14.650
9.576,7.519,7.325,5.553,0.000,5.603,7.628,7.665,8.361,11.019,10.582,9.325,12.315,13.973,14.020,14.801,16.805,16.571,15.451,15.016,13.404,13.666,12.369,13.274,13.903,14.540
11.276,8.759,7.208,7.540,5.603,0.000,5.615,7.830,7.512,9.438,10.084,10.058,11.919,13.557,14.596,15.412,16.596,18.055,15.859,15.575,13.291,13.952,12.595,13.582,14.232,14.933
12.370,10.780,8.389,7.283,7.628,5.615,0.000,5.577,7.881,8.497,7.734,9.194,11.620,11.906,12.878,14.723,15.788,16.992,16.339,15.174,12.711,13.462,12.400,13.472,14.124,14.889
12.997,12.047,11.022,8.187,7.665,7.830,5.577,0.000,5.748,6.936,5.633,6.602,9.724,10.539,10.967,12.712,14.471,15.831,15.090,16.346,13.435,14.205,13.111,14.369,14.997,15.541
14.142,12.280,12.156,10.988,8.361,7.512,7.881,5.748,0.000,5.620,7.465,6.217,6.984,10.293,11.332,11.385,13.033,15.730,14.939,15.967,15.594,15.212,14.326,15.566,15.883,16.197
15.741,14.217,13.026,12.394,11.019,9.438,8.497,6.936,5.620,0.000,5.553,7.459,6.456,7.530,10.562,11.533,11.532,13.808,13.490,14.581,13.661,15.473,13.534,14.694,15.535,16.093
15.234,14.048,12.831,10.911,10.582,10.084,7.734,5.633,7.465,5.553,0.000,5.706,7.663,6.605,7.671,10.532,11.495,12.387,12.040,13.210,12.646,13.919,14.778,14.293,15.198,16.107
14.795,13.485,13.102,10.956,9.325,10.058,9.194,6.602,6.217,7.459,5.706,0.000,5.853,7.703,6.810,7.670,10.602,12.138,11.504,12.873,13.454,14.873,15.129,16.915,16.493,16.883
16.931,15.672,15.459,14.230,12.315,11.919,11.620,9.724,6.984,6.456,7.663,5.853,0.000,6.154,7.760,6.615,7.498,10.877,10.409,11.766,12.177,14.533,14.925,16.198,17.500,17.037
17.115,17.234,16.223,14.813,13.973,13.557,11.906,10.539,10.293,7.530,6.605,7.703,6.154,0.000,6.079,7.731,6.858,8.135,8.495,10.171,9.940,12.194,13.783,15.186,16.396,17.375
16.136,16.047,16.671,14.613,14.020,14.596,12.878,10.967,11.332,10.562,7.671,6.810,7.760,6.079,0.000,5.859,7.774,7.608,7.839,9.661,10.583,11.788,13.038,15.086,16.076,16.642
15.881,16.007,16.076,16.173,14.801,15.412,14.723,12.712,11.385,11.533,10.532,7.670,6.615,7.731,5.859,0.000,5.691,7.939,8.059,9.805,11.492,13.292,13.569,14.470,15.701,16.351
16.867,16.826,17.034,16.045,16.805,16.596,15.788,14.471,13.033,11.532,11.495,10.602,7.498,6.858,7.774,5.691,0.000,5.757,6.643,8.561,9.392,12.264,13.476,13.437,14.234,15.649
16.786,16.949,17.168,16.459,16.571,18.055,16.992,15.831,15.730,13.808,12.387,12.138,10.877,8.135,7.608,7.939,5.757,0.000,5.865,8.058,9.098,10.773,13.231,13.714,13.428,14.658
16.314,16.235,16.199,15.679,15.451,15.859,16.339,15.090,14.939,13.490,12.040,11.504,10.409,8.495,7.839,8.059,6.643,5.865,0.000,5.823,7.183,8.454,10.053,12.574,13.682,13.651
15.804,15.731,15.527,15.173,15.016,15.575,15.174,16.346,15.967,14.581,13.210,12.873,11.766,10.171,9.661,9.805,8.561,8.058,5.823,0.000,5.692,7.622,8.752,10.391,13.095,14.083
15.417,14.785,14.338,13.839,13.404,13.291,12.711,13.435,15.594,13.661,12.646,13.454,12.177,9.940,10.583,11.492,9.392,9.098,7.183,5.692,0.000,5.740,7.370,8.330,10.418,12.760
15.123,14.689,14.173,13.722,13.666,13.952,13.462,14.205,15.212,15.473,13.919,14.873,14.533,12.194,11.788,13.292,12.264,10.773,8.454,7.622,5.740,0.000,5.754,7.501,8.825,10.670
14.812,14.159,13.453,12.850,12.369,12.595,12.400,13.111,14.326,13.534,14.778,15.129,14.925,13.783,13.038,13.569,13.476,13.231,10.053,8.752,7.370,5.754,0.000,5.739,7.456,9.041
14.978,14.464,13.860,13.490,13.274,13.582,13.472,14.369,15.566,14.694,14.293,16.915,16.198,15.186,15.086,14.470,13.437,13.714,12.574,10.391,8.330,7.501,5.739,0.000,5.796,7.894
15.080,14.690,14.394,14.105,13.903,14.232,14.124,14.997,15.883,15.535,15.198,16.493,17.500,16.396,16.076,15.701,14.234,13.428,13.682,13.095,10.418,8.825,7.456,5.796,0.000,6.235
15.191,14.880,14.682,14.650,14.540,14.933,14.889,15.541,16.197,16.093,16.107,16.883,17.037,17.375,16.642,16.351,15.649,14.658,13.651,14.083,12.760,10.670,9.041,7.894,6.235,0.000