c1,c2,c3,c4,c5,c6,c7,c8,c9,c10,c11,c12,c13,c14,c15,c16,c17,c18,c19,c20,c21,c22,c23,c24,c25,c26
0.000,6.094,7.556,9.782,12.564,14.964,14.908,14.546,15.752,16.115,15.915,17.011,16.800,15.663,15.382,15.870,15.570,15.139,15.380,14.710,14.753,13.801,13.514,13.807,13.254,14.106
6.094,0.000,5.761,7.588,10.041,12.775,13.891,14.749,15.150,15.396,15.205,16.213,16.536,15.345,14.595,15.205,14.904,14.346,14.241,13.154,13.086,11.971,11.568,12.199,11.734,12.989
7.556,5.761,0.000,5.827,7.322,9.909,10.820,13.045,14.353,13.585,13.449,14.757,14.916,13.915,13.386,14.472,14.444,13.644,14.171,12.959,12.869,12.395,11.244,12.450,12.258,12.981
9.782,7.588,5.827,0.000,5.670,7.142,9.448,11.784,14.009,14.662,14.626,15.528,15.994,15.227,14.918,15.752,15.213,13.501,13.800,12.283,12.368,11.830,11.259,13.009,13.476,14.108
12.564,10.041,7.322,5.670,0.000,5.656,7.150,9.157,10.854,13.392,14.664,15.042,15.965,15.369,14.915,15.414,14.541,12.491,12.948,11.521,10.755,10.871,9.978,11.956,12.576,13.381
14.964,12.775,9.909,7.142,5.656,0.000,5.736,7.246,9.036,11.056,13.433,14.450,15.625,15.048,14.836,14.825,13.838,11.971,12.784,11.912,11.719,12.621,12.409,14.251,14.958,15.033
14.908,13.891,10.820,9.448,7.150,5.736,0.000,5.729,7.410,8.998,11.099,12.680,14.330,13.778,13.580,13.310,12.229,10.048,11.176,10.817,10.589,11.990,12.019,14.280,15.037,15.102
14.546,14.749,13.045,11.784,9.157,7.246,5.729,0.000,5.781,7.743,9.715,11.199,13.197,13.126,12.503,12.241,11.254,9.549,10.885,11.496,11.693,13.685,13.951,15.542,16.233,16.058
15.752,15.150,14.353,14.009,10.854,9.036,7.410,5.781,0.000,5.873,8.324,9.662,11.833,12.344,12.742,12.560,11.585,10.623,11.534,12.246,12.467,14.215,14.461,15.698,16.088,16.020
16.115,15.396,13.585,14.662,13.392,11.056,8.998,7.743,5.873,0.000,5.986,8.380,10.504,10.945,12.072,12.360,11.813,11.322,12.633,13.568,13.943,15.357,15.639,16.373,16.565,16.357
15.915,15.205,13.449,14.626,14.664,13.433,11.099,9.715,8.324,5.986,0.000,6.798,7.077,8.012,9.872,10.525,10.983,11.298,12.557,13.773,14.348,15.625,16.110,16.480,16.604,16.548
17.011,16.213,14.757,15.528,15.042,14.450,12.680,11.199,9.662,8.380,6.798,0.000,6.137,8.003,9.359,10.581,11.632,12.480,13.685,14.553,15.168,15.874,16.076,16.405,16.464,16.504
16.800,16.536,14.916,15.994,15.965,15.625,14.330,13.197,11.833,10.504,7.077,6.137,0.000,5.839,8.129,9.291,10.658,12.475,14.063,14.894,15.451,15.976,16.233,16.495,16.692,16.552
15.663,15.345,13.915,15.227,15.369,15.048,13.778,13.126,12.344,10.945,8.012,8.003,5.839,0.000,6.239,7.323,9.200,11.003,13.072,14.456,15.066,15.923,16.304,16.524,16.803,16.680
15.382,14.595,13.386,14.918,14.915,14.836,13.580,12.503,12.742,12.072,9.872,9.359,8.129,6.239,0.000,6.080,8.009,10.076,11.889,13.714,15.096,15.699,15.799,16.220,16.662,16.800
15.870,15.205,14.472,15.752,15.414,14.825,13.310,12.241,12.560,12.360,10.525,10.581,9.291,7.323,6.080,0.000,6.092,7.950,9.998,11.778,14.000,15.340,15.381,15.659,16.334,16.509
15.570,14.904,14.444,15.213,14.541,13.838,12.229,11.254,11.585,11.813,10.983,11.632,10.658,9.200,8.009,6.092,0.000,6.089,7.568,9.299,11.697,14.033,15.178,15.646,16.068,16.431
15.139,14.346,13.644,13.501,12.491,11.971,10.048,9.549,10.623,11.322,11.298,12.480,12.475,11.003,10.076,7.950,6.089,0.000,5.866,7.653,9.401,12.118,13.824,15.549,15.454,15.677
15.380,14.241,14.171,13.800,12.948,12.784,11.176,10.885,11.534,12.633,12.557,13.685,14.063,13.072,11.889,9.998,7.568,5.866,0.000,5.800,7.448,10.313,12.191,14.982,16.389,16.239
14.710,13.154,12.959,12.283,11.521,11.912,10.817,11.496,12.246,13.568,13.773,14.553,14.894,14.456,13.714,11.778,9.299,7.653,5.800,0.000,5.857,7.619,9.850,12.653,15.207,16.315
14.753,13.086,12.869,12.368,10.755,11.719,10.589,11.693,12.467,13.943,14.348,15.168,15.451,15.066,15.096,14.000,11.697,9.401,7.448,5.857,0.000,5.826,7.158,10.146,12.893,14.686
13.801,11.971,12.395,11.830,10.871,12.621,11.990,13.685,14.215,15.357,15.625,15.874,15.976,15.923,15.699,15.340,14.033,12.118,10.313,7.619,5.826,0.000,5.829,7.379,10.637,12.626
13.514,11.568,11.244,11.259,9.978,12.409,12.019,13.951,14.461,15.639,16.110,16.076,16.233,16.304,15.799,15.381,15.178,13.824,12.191,9.850,7.158,5.829,0.000,5.805,7.755,10.111
13.807,12.199,12.450,13.009,11.956,14.251,14.280,15.542,15.698,16.373,16.480,16.405,16.495,16.524,16.220,15.659,15.646,15.549,14.982,12.653,10.146,7.379,5.805,0.000,5.863,7.341
13.254,11.734,12.258,13.476,12.576,14.958,15.037,16.233,16.088,16.565,16.604,16.464,16.692,16.803,16.662,16.334,16.068,15.454,16.389,15.207,12.893,10.637,7.755,5.863,0.000,6.120
14.106,12.989,12.981,14.108,13.381,15.033,15.102,16.058,16.020,16.357,16.548,16.504,16.552,16.680,16.800,16.509,16.431,15.677,16.239,16.315,14.686,12.626,10.111,7.341,6.120,0.000