c1,c2,c3,c4,c5,c6,c7,c8,c9,c10,c11,c12,c13,c14,c15,c16,c17,c18,c19,c20,c21,c22,c23,c24,c25,c26
0.000,5.842,7.203,7.574,9.055,10.953,11.804,11.997,13.183,14.759,15.522,16.398,17.833,17.724,17.461,17.279,17.162,16.896,16.698,16.790,16.675,16.236,16.062,16.423,16.189,15.528
5.842,0.000,5.550,7.301,6.959,8.177,10.669,11.312,11.228,12.936,14.910,15.448,16.298,18.163,17.670,17.394,17.080,17.018,16.525,16.500,16.310,16.138,15.725,16.177,15.968,15.343
7.203,5.550,0.000,5.469,7.337,7.057,8.072,10.419,11.201,11.235,12.993,15.040,15.838,16.646,18.308,17.826,17.305,17.063,16.780,16.591,16.443,16.253,16.020,16.458,16.336,15.576
7.574,7.301,5.469,0.000,5.482,7.447,6.920,7.580,10.075,11.093,11.160,12.863,15.150,15.912,16.679,18.322,17.535,16.914,16.234,16.603,16.361,15.237,15.243,16.128,15.594,14.866
9.055,6.959,7.337,5.482,0.000,5.460,7.408,6.384,6.949,9.905,10.927,10.915,12.861,15.085,15.766,16.582,18.173,16.753,15.874,16.287,16.057,14.664,14.810,15.844,15.267,14.539
10.953,8.177,7.057,7.447,5.460,0.000,5.424,7.425,6.345,6.999,9.982,11.029,11.270,13.122,15.252,16.050,16.585,17.824,16.565,16.898,16.452,15.634,15.578,16.402,16.149,15.460
11.804,10.669,8.072,6.920,7.408,5.424,0.000,5.415,7.398,6.278,7.017,9.983,11.258,11.537,13.349,15.582,16.034,16.080,17.674,17.417,16.815,15.355,15.646,16.518,15.971,15.122
11.997,11.312,10.419,7.580,6.384,7.425,5.415,0.000,5.429,7.431,6.278,6.926,10.146,11.291,11.518,13.432,15.242,15.125,15.521,17.851,16.248,14.740,14.605,15.917,15.113,14.603
13.183,11.228,11.201,10.075,6.949,6.345,7.398,5.429,0.000,5.439,7.482,6.226,7.200,10.163,11.391,11.904,13.438,14.725,14.949,16.236,17.630,15.615,15.401,16.318,16.136,15.525
14.759,12.936,11.235,11.093,9.905,6.999,6.278,7.431,5.439,0.000,5.473,7.552,6.773,7.687,10.538,12.049,12.192,13.141,14.808,15.940,16.427,17.688,16.829,17.364,16.912,16.492
15.522,14.910,12.993,11.160,10.927,9.982,7.017,6.278,7.482,5.473,0.000,5.531,7.621,6.967,8.123,11.044,11.956,11.387,12.868,15.227,15.533,15.721,17.689,17.491,16.899,16.393
16.398,15.448,15.040,12.863,10.915,11.029,9.983,6.926,6.226,7.552,5.531,0.000,5.590,7.623,7.173,8.662,10.850,11.448,11.221,13.225,14.970,15.148,15.971,18.058,17.045,16.638
17.833,16.298,15.838,15.150,12.861,11.270,11.258,10.146,7.200,6.773,7.621,5.590,0.000,5.755,7.643,7.711,8.811,10.648,11.453,12.021,13.414,15.026,15.719,16.900,18.303,17.407
17.724,18.163,16.646,15.912,15.085,13.122,11.537,11.291,10.163,7.687,6.967,7.623,5.755,0.000,5.814,7.754,7.683,7.971,10.568,11.930,11.679,13.019,15.055,16.026,16.843,17.882
17.461,17.670,18.308,16.679,15.766,15.252,13.349,11.518,11.391,10.538,8.123,7.173,7.643,5.814,0.000,5.760,7.504,6.771,7.665,10.806,11.637,11.317,12.894,15.158,15.849,16.536
17.279,17.394,17.826,18.322,16.582,16.050,15.582,13.432,11.904,12.049,11.044,8.662,7.711,7.754,5.760,0.000,5.659,7.605,6.783,7.889,11.009,11.804,11.371,13.137,15.375,16.116
17.162,17.080,17.305,17.535,18.173,16.585,16.034,15.242,13.438,12.192,11.956,10.850,8.811,7.683,7.504,5.659,0.000,5.565,7.467,7.058,8.071,10.924,11.896,11.778,13.344,15.473
16.896,17.018,17.063,16.914,16.753,17.824,16.080,15.125,14.725,13.141,11.387,11.448,10.648,7.971,6.771,7.605,5.565,0.000,5.491,7.455,7.066,7.829,11.044,12.108,11.988,13.603
16.698,16.525,16.780,16.234,15.874,16.565,17.674,15.521,14.949,14.808,12.868,11.221,11.453,10.568,7.665,6.783,7.467,5.491,0.000,5.494,7.548,6.874,7.992,11.033,12.264,12.335
16.790,16.500,16.591,16.603,16.287,16.898,17.417,17.851,16.236,15.940,15.227,13.225,12.021,11.930,10.806,7.889,7.058,7.455,5.494,0.000,5.501,7.356,7.079,8.299,11.197,12.505
16.675,16.310,16.443,16.361,16.057,16.452,16.815,16.248,17.630,16.427,15.533,14.970,13.414,11.679,11.637,11.009,8.071,7.066,7.548,5.501,0.000,5.470,7.444,7.451,8.647,11.180
16.236,16.138,16.253,15.237,14.664,15.634,15.355,14.740,15.615,17.688,15.721,15.148,15.026,13.019,11.317,11.804,10.924,7.829,6.874,7.356,5.470,0.000,5.477,7.555,7.826,9.091
16.062,15.725,16.020,15.243,14.810,15.578,15.646,14.605,15.401,16.829,17.689,15.971,15.719,15.055,12.894,11.371,11.896,11.044,7.992,7.079,7.444,5.477,0.000,5.531,7.431,8.002
16.423,16.177,16.458,16.128,15.844,16.402,16.518,15.917,16.318,17.364,17.491,18.058,16.900,16.026,15.158,13.137,11.778,12.108,11.033,8.299,7.451,7.555,5.531,0.000,5.621,7.930
16.189,15.968,16.336,15.594,15.267,16.149,15.971,15.113,16.136,16.912,16.899,17.045,18.303,16.843,15.849,15.375,13.344,11.988,12.264,11.197,8.647,7.826,7.431,5.621,0.000,5.879
15.528,15.343,15.576,14.866,14.539,15.460,15.122,14.603,15.525,16.492,16.393,16.638,17.407,17.882,16.536,16.116,15.473,13.603,12.335,12.505,11.180,9.091,8.002,7.930,5.879,0.000