c1,c2,c3,c4,c5,c6,c7,c8,c9,c10,c11,c12,c13,c14,c15,c16,c17,c18,c19,c20,c21,c22,c23,c24,c25,c26
0.000,5.954,7.510,10.089,12.088,13.544,12.393,11.831,11.795,13.159,12.832,13.501,15.081,15.313,15.552,14.939,15.210,14.644,15.162,15.401,15.428,15.450,15.495,15.571,15.763,15.656
5.954,0.000,5.828,7.561,9.222,10.741,10.577,10.404,10.602,12.556,13.241,13.543,15.248,15.866,15.708,15.519,15.541,15.005,15.416,15.400,15.123,15.152,15.062,15.267,15.382,15.435
7.510,5.828,0.000,5.856,7.487,8.583,7.714,8.895,8.818,10.818,11.526,12.408,14.381,15.086,15.654,15.180,15.185,14.155,14.633,14.738,14.600,14.772,14.886,15.178,15.441,15.383
10.089,7.561,5.856,0.000,5.580,7.966,8.241,9.544,10.658,12.956,13.480,13.584,15.197,15.673,16.160,16.482,15.998,15.312,15.290,15.190,14.681,14.864,14.802,15.211,15.437,15.470
12.088,9.222,7.487,5.580,0.000,5.470,7.170,8.475,9.803,12.391,13.670,13.131,14.448,15.589,15.866,15.774,16.470,15.336,15.411,15.153,14.704,14.925,14.941,15.287,15.571,15.555
13.544,10.741,8.583,7.966,5.470,0.000,5.686,7.813,9.467,11.210,13.714,14.046,13.900,14.857,15.675,15.581,15.972,15.805,15.236,14.847,14.184,14.456,14.611,15.048,15.329,15.374
12.393,10.577,7.714,8.241,7.170,5.686,0.000,5.718,7.512,8.966,10.736,12.461,14.341,13.651,14.502,14.925,15.367,14.511,15.302,14.438,14.130,14.429,14.608,15.162,15.345,15.276
11.831,10.404,8.895,9.544,8.475,7.813,5.718,0.000,5.811,7.211,9.069,10.366,13.569,14.546,14.295,13.838,14.976,13.763,14.493,14.802,14.133,14.532,14.683,15.224,15.541,15.401
11.795,10.602,8.818,10.658,9.803,9.467,7.512,5.811,0.000,5.815,7.569,8.726,11.178,13.701,14.441,12.627,13.906,13.177,14.529,15.127,15.758,15.522,15.703,15.748,15.879,15.612
13.159,12.556,10.818,12.956,12.391,11.210,8.966,7.211,5.815,0.000,5.942,7.354,9.564,11.628,13.021,11.528,12.684,12.303,13.939,14.657,15.489,15.914,15.638,15.628,15.699,15.586
12.832,13.241,11.526,13.480,13.670,13.714,10.736,9.069,7.569,5.942,0.000,5.963,7.804,9.974,10.927,10.639,12.527,12.150,14.122,15.344,16.034,16.071,16.375,15.994,16.082,15.710
13.501,13.543,12.408,13.584,13.131,14.046,12.461,10.366,8.726,7.354,5.963,0.000,6.183,8.147,8.581,7.475,9.854,10.042,12.027,13.249,14.844,15.006,15.381,15.780,15.828,15.669
15.081,15.248,14.381,15.197,14.448,13.900,14.341,13.569,11.178,9.564,7.804,6.183,0.000,6.130,7.251,7.220,9.524,11.189,13.311,14.466,15.199,15.350,15.812,16.063,16.701,16.150
15.313,15.866,15.086,15.673,15.589,14.857,13.651,14.546,13.701,11.628,9.974,8.147,6.130,0.000,5.987,7.659,9.074,10.358,13.180,14.295,14.372,14.427,15.400,15.811,16.521,16.399
15.552,15.708,15.654,16.160,15.866,15.675,14.502,14.295,14.441,13.021,10.927,8.581,7.251,5.987,0.000,6.130,7.772,9.030,11.090,13.353,14.306,13.602,14.396,15.261,15.850,15.868
14.939,15.519,15.180,16.482,15.774,15.581,14.925,13.838,12.627,11.528,10.639,7.475,7.220,7.659,6.130,0.000,5.913,7.519,9.224,10.804,13.395,13.507,13.786,14.423,15.366,15.471
15.210,15.541,15.185,15.998,16.470,15.972,15.367,14.976,13.906,12.684,12.527,9.854,9.524,9.074,7.772,5.913,0.000,5.773,7.788,9.285,11.371,12.481,13.632,14.142,15.023,15.366
14.644,15.005,14.155,15.312,15.336,15.805,14.511,13.763,13.177,12.303,12.150,10.042,11.189,10.358,9.030,7.519,5.773,0.000,5.784,7.661,9.305,9.806,11.715,12.941,13.681,14.255
15.162,15.416,14.633,15.290,15.411,15.236,15.302,14.493,14.529,13.939,14.122,12.027,13.311,13.180,11.090,9.224,7.788,5.784,0.000,5.873,7.237,8.015,9.621,11.327,13.082,13.556
15.401,15.400,14.738,15.190,15.153,14.847,14.438,14.802,15.127,14.657,15.344,13.249,14.466,14.295,13.353,10.804,9.285,7.661,5.873,0.000,5.716,7.868,8.718,10.015,12.476,13.243
15.428,15.123,14.600,14.681,14.704,14.184,14.130,14.133,15.758,15.489,16.034,14.844,15.199,14.372,14.306,13.395,11.371,9.305,7.237,5.716,0.000,5.765,7.625,8.287,10.905,12.022
15.450,15.152,14.772,14.864,14.925,14.456,14.429,14.532,15.522,15.914,16.071,15.006,15.350,14.427,13.602,13.507,12.481,9.806,8.015,7.868,5.765,0.000,5.758,7.419,9.303,10.250
15.495,15.062,14.886,14.802,14.941,14.611,14.608,14.683,15.703,15.638,16.375,15.381,15.812,15.400,14.396,13.786,13.632,11.715,9.621,8.718,7.625,5.758,0.000,5.882,7.576,8.554
15.571,15.267,15.178,15.211,15.287,15.048,15.162,15.224,15.748,15.628,15.994,15.780,16.063,15.811,15.261,14.423,14.142,12.941,11.327,10.015,8.287,7.419,5.882,0.000,5.829,7.710
15.763,15.382,15.441,15.437,15.571,15.329,15.345,15.541,15.879,15.699,16.082,15.828,16.701,16.521,15.850,15.366,15.023,13.681,13.082,12.476,10.905,9.303,7.576,5.829,0.000,6.219
15.656,15.435,15.383,15.470,15.555,15.374,15.276,15.401,15.612,15.586,15.710,15.669,16.150,16.399,15.868,15.471,15.366,14.255,13.556,13.243,12.022,10.250,8.554,7.710,6.219,0.000