c1,c2,c3,c4,c5,c6,c7,c8,c9,c10,c11,c12,c13,c14,c15,c16,c17,c18,c19,c20,c21,c22,c23,c24,c25,c26
0.000,6.844,8.012,9.654,10.110,9.931,9.396,10.410,12.163,13.439,14.346,14.475,15.664,16.019,16.073,15.319,15.209,14.221,14.976,13.928,13.365,14.200,14.729,14.887,15.010,15.460
6.844,0.000,5.797,7.918,8.567,7.779,7.926,8.383,10.613,11.988,13.076,13.240,14.633,15.106,15.289,14.697,14.618,13.484,14.575,13.483,12.744,13.786,14.337,14.632,14.816,14.751
8.012,5.797,0.000,5.649,7.689,7.860,9.735,10.709,12.893,14.375,15.182,15.073,16.241,16.463,16.550,15.701,15.671,14.465,15.289,14.308,14.243,15.224,15.509,15.667,15.619,15.520
9.654,7.918,5.649,0.000,5.585,6.988,9.700,11.247,13.785,15.350,16.137,15.619,16.791,16.816,16.914,16.189,16.118,14.716,15.416,14.167,14.342,15.409,15.637,15.773,15.558,15.456
10.110,8.567,7.689,5.585,0.000,6.088,8.384,10.706,13.057,15.027,16.191,15.331,16.646,16.670,16.735,16.037,15.803,14.236,15.094,14.001,13.998,15.298,15.431,15.803,15.731,15.441
9.931,7.779,7.860,6.988,6.088,0.000,6.213,7.651,10.220,12.393,14.101,13.748,15.690,15.680,15.986,14.712,14.542,12.685,13.934,12.616,12.231,13.864,14.187,14.941,15.175,15.273
9.396,7.926,9.735,9.700,8.384,6.213,0.000,6.177,7.570,9.540,11.358,11.808,13.884,14.658,14.538,13.102,12.593,10.595,12.157,10.985,9.963,12.201,12.588,13.443,14.121,14.744
10.410,8.383,10.709,11.247,10.706,7.651,6.177,0.000,7.591,8.627,10.605,10.729,13.696,14.425,14.760,12.882,12.725,9.998,12.321,10.853,9.623,11.999,12.052,13.158,13.782,14.422
12.163,10.613,12.893,13.785,13.057,10.220,7.570,7.591,0.000,6.703,7.783,8.297,10.693,12.325,12.569,10.860,10.184,7.654,9.834,8.787,7.563,10.418,10.615,12.000,12.848,13.944
13.439,11.988,14.375,15.350,15.027,12.393,9.540,8.627,6.703,0.000,7.545,8.471,10.910,12.840,13.831,12.471,12.809,10.418,12.773,11.871,10.550,13.002,13.126,13.899,14.196,15.196
14.346,13.076,15.182,16.137,16.191,14.101,11.358,10.605,7.783,7.545,0.000,7.004,8.450,10.864,11.434,10.996,11.982,10.630,12.783,12.571,11.282,13.523,13.608,14.105,14.129,15.163
14.475,13.240,15.073,15.619,15.331,13.748,11.808,10.729,8.297,8.471,7.004,0.000,8.254,9.539,10.398,10.047,11.481,10.828,13.169,13.108,11.581,13.587,13.629,13.945,13.767,14.761
15.664,14.633,16.241,16.791,16.646,15.690,13.884,13.696,10.693,10.910,8.450,8.254,0.000,7.882,8.307,8.628,10.827,11.421,13.799,14.388,13.162,14.437,14.709,14.678,14.195,15.038
16.019,15.106,16.463,16.816,16.670,15.680,14.658,14.425,12.325,12.840,10.864,9.539,7.882,0.000,8.088,8.870,10.609,11.572,14.030,15.045,13.481,14.301,14.563,14.376,13.571,14.304
16.073,15.289,16.550,16.914,16.735,15.986,14.538,14.760,12.569,13.831,11.434,10.398,8.307,8.088,0.000,7.535,9.122,10.543,12.503,13.753,13.033,13.251,13.687,13.446,13.164,14.315
15.319,14.697,15.701,16.189,16.037,14.712,13.102,12.882,10.860,12.471,10.996,10.047,8.628,8.870,7.535,0.000,7.221,8.492,10.072,11.476,11.145,12.162,12.587,12.467,12.412,14.185
15.209,14.618,15.671,16.118,15.803,14.542,12.593,12.725,10.184,12.809,11.982,11.481,10.827,10.609,9.122,7.221,0.000,7.182,8.489,9.979,8.913,9.972,11.312,11.490,11.909,13.813
14.221,13.484,14.465,14.716,14.236,12.685,10.595,9.998,7.654,10.418,10.630,10.828,11.421,11.572,10.543,8.492,7.182,0.000,7.050,6.327,6.509,8.223,9.571,10.805,11.125,13.107
14.976,14.575,15.289,15.416,15.094,13.934,12.157,12.321,9.834,12.773,12.783,13.169,13.799,14.030,12.503,10.072,8.489,7.050,0.000,6.131,7.932,8.579,10.208,12.186,12.740,14.221
13.928,13.483,14.308,14.167,14.001,12.616,10.985,10.853,8.787,11.871,12.571,13.108,14.388,15.045,13.753,11.476,9.979,6.327,6.131,0.000,5.826,7.596,8.503,10.247,11.866,13.746
13.365,12.744,14.243,14.342,13.998,12.231,9.963,9.623,7.563,10.550,11.282,11.581,13.162,13.481,13.033,11.145,8.913,6.509,7.932,5.826,0.000,5.926,7.062,8.284,9.725,12.139
14.200,13.786,15.224,15.409,15.298,13.864,12.201,11.999,10.418,13.002,13.523,13.587,14.437,14.301,13.251,12.162,9.972,8.223,8.579,7.596,5.926,0.000,6.202,7.976,9.206,11.131
14.729,14.337,15.509,15.637,15.431,14.187,12.588,12.052,10.615,13.126,13.608,13.629,14.709,14.563,13.687,12.587,11.312,9.571,10.208,8.503,7.062,6.202,0.000,6.044,7.665,9.239
14.887,14.632,15.667,15.773,15.803,14.941,13.443,13.158,12.000,13.899,14.105,13.945,14.678,14.376,13.446,12.467,11.490,10.805,12.186,10.247,8.284,7.976,6.044,0.000,6.176,7.966
15.010,14.816,15.619,15.558,15.731,15.175,14.121,13.782,12.848,14.196,14.129,13.767,14.195,13.571,13.164,12.412,11.909,11.125,12.740,11.866,9.725,9.206,7.665,6.176,0.000,6.523
15.460,14.751,15.520,15.456,15.441,15.273,14.744,14.422,13.944,15.196,15.163,14.761,15.038,14.304,14.315,14.185,13.813,13.107,14.221,13.746,12.139,11.131,9.239,7.966,6.523,0.000