c1,c2,c3,c4,c5,c6,c7,c8,c9,c10,c11,c12,c13,c14,c15,c16,c17,c18,c19,c20,c21,c22,c23,c24,c25,c26
0.000,6.408,7.526,8.453,11.449,12.024,13.032,13.496,14.713,15.125,14.956,15.426,15.897,15.836,15.497,15.584,15.057,14.833,14.731,14.678,15.254,15.347,15.509,15.719,15.784,15.795
6.408,0.000,5.754,7.769,10.318,10.796,11.732,12.625,13.822,14.262,14.347,14.592,15.202,15.289,14.998,14.948,14.356,14.082,14.302,14.062,14.707,14.850,15.023,15.293,15.359,15.440
7.526,5.754,0.000,5.692,8.777,9.861,11.374,12.687,14.688,14.936,14.898,15.285,15.975,16.238,15.994,15.795,14.747,14.653,14.465,13.664,14.602,14.790,15.184,15.424,15.722,15.888
8.453,7.769,5.692,0.000,5.745,7.130,8.433,10.458,12.487,14.186,14.027,14.387,15.155,15.588,15.653,15.925,14.965,14.582,14.381,13.945,14.776,14.796,14.999,15.391,15.664,15.885
11.449,10.318,8.777,5.745,0.000,5.635,7.203,8.228,10.948,13.230,13.907,13.276,14.275,14.857,14.464,15.218,14.988,13.990,13.677,13.754,14.690,14.575,14.750,15.127,15.426,15.651
12.024,10.796,9.861,7.130,5.635,0.000,5.659,7.346,9.069,11.076,12.953,13.528,13.289,13.676,13.986,14.663,14.479,14.200,13.987,13.926,14.819,14.677,14.871,15.208,15.415,15.543
13.032,11.732,11.374,8.433,7.203,5.659,0.000,5.722,7.288,9.275,10.434,12.161,13.442,12.888,13.388,14.728,14.537,13.959,15.371,14.608,15.758,15.508,15.676,15.807,15.937,15.632
13.496,12.625,12.687,10.458,8.228,7.346,5.722,0.000,5.800,7.846,9.063,10.156,12.384,13.114,12.356,13.634,14.143,13.475,14.870,15.353,15.852,15.596,15.616,15.776,15.973,15.589
14.713,13.822,14.688,12.487,10.948,9.069,7.288,5.800,0.000,5.924,7.261,8.036,9.795,12.214,12.902,13.252,13.590,13.550,15.253,15.786,16.713,16.088,16.107,16.058,16.139,15.734
15.125,14.262,14.936,14.186,13.230,11.076,9.275,7.846,5.924,0.000,5.915,7.591,8.495,10.480,12.166,13.811,13.309,13.249,15.216,15.883,16.637,16.303,16.182,16.102,16.135,15.752
14.956,14.347,14.898,14.027,13.907,12.953,10.434,9.063,7.261,5.915,0.000,5.963,7.669,9.139,10.158,12.775,13.321,12.392,14.024,15.028,15.920,15.835,16.034,15.938,16.030,15.572
15.426,14.592,15.285,14.387,13.276,13.528,12.161,10.156,8.036,7.591,5.963,0.000,6.073,7.909,8.664,10.847,12.535,12.519,13.285,14.198,15.323,15.459,15.733,15.855,15.912,15.570
15.897,15.202,15.975,15.155,14.275,13.289,13.442,12.384,9.795,8.495,7.669,6.073,0.000,6.050,7.875,9.435,10.901,12.251,14.032,14.274,15.086,15.331,15.589,15.598,15.866,15.543
15.836,15.289,16.238,15.588,14.857,13.676,12.888,13.114,12.214,10.480,9.139,7.909,6.050,0.000,6.402,7.579,9.121,10.335,12.779,13.895,14.186,14.455,14.897,14.863,15.357,15.351
15.497,14.998,15.994,15.653,14.464,13.986,13.388,12.356,12.902,12.166,10.158,8.664,7.875,6.402,0.000,6.216,7.734,8.162,10.269,12.657,13.840,13.721,13.979,14.140,14.627,14.700
15.584,14.948,15.795,15.925,15.218,14.663,14.728,13.634,13.252,13.811,12.775,10.847,9.435,7.579,6.216,0.000,6.087,7.694,8.888,10.673,12.842,13.156,13.208,13.312,14.113,14.468
15.057,14.356,14.747,14.965,14.988,14.479,14.537,14.143,13.590,13.309,13.321,12.535,10.901,9.121,7.734,6.087,0.000,5.858,7.558,8.863,10.742,12.069,12.265,12.681,13.420,13.845
14.833,14.082,14.653,14.582,13.990,14.200,13.959,13.475,13.550,13.249,12.392,12.519,12.251,10.335,8.162,7.694,5.858,0.000,5.745,7.624,9.334,10.246,10.946,11.832,12.832,13.289
14.731,14.302,14.465,14.381,13.677,13.987,15.371,14.870,15.253,15.216,14.024,13.285,14.032,12.779,10.269,8.888,7.558,5.745,0.000,5.766,7.609,9.085,10.151,11.169,12.654,13.359
14.678,14.062,13.664,13.945,13.754,13.926,14.608,15.353,15.786,15.883,15.028,14.198,14.274,13.895,12.657,10.673,8.863,7.624,5.766,0.000,5.852,7.600,9.058,9.915,11.859,12.855
15.254,14.707,14.602,14.776,14.690,14.819,15.758,15.852,16.713,16.637,15.920,15.323,15.086,14.186,13.840,12.842,10.742,9.334,7.609,5.852,0.000,5.843,7.662,8.738,10.865,12.316
15.347,14.850,14.790,14.796,14.575,14.677,15.508,15.596,16.088,16.303,15.835,15.459,15.331,14.455,13.721,13.156,12.069,10.246,9.085,7.600,5.843,0.000,5.831,7.550,9.377,10.797
15.509,15.023,15.184,14.999,14.750,14.871,15.676,15.616,16.107,16.182,16.034,15.733,15.589,14.897,13.979,13.208,12.265,10.946,10.151,9.058,7.662,5.831,0.000,5.895,7.534,9.160
15.719,15.293,15.424,15.391,15.127,15.208,15.807,15.776,16.058,16.102,15.938,15.855,15.598,14.863,14.140,13.312,12.681,11.832,11.169,9.915,8.738,7.550,5.895,0.000,5.897,7.855
15.784,15.359,15.722,15.664,15.426,15.415,15.937,15.973,16.139,16.135,16.030,15.912,15.866,15.357,14.627,14.113,13.420,12.832,12.654,11.859,10.865,9.377,7.534,5.897,0.000,6.231
15.795,15.440,15.888,15.885,15.651,15.543,15.632,15.589,15.734,15.752,15.572,15.570,15.543,15.351,14.700,14.468,13.845,13.289,13.359,12.855,12.316,10.797,9.160,7.855,6.231,0.000