c1,c2,c3,c4,c5,c6,c7,c8,c9,c10,c11,c12,c13,c14,c15,c16,c17,c18,c19,c20,c21,c22,c23,c24,c25,c26
0.000,5.965,7.588,10.448,12.512,14.770,14.161,14.049,15.364,15.715,15.675,16.404,16.550,16.676,16.964,16.997,17.075,16.962,16.037,15.515,13.948,13.356,12.662,12.460,12.657,12.795
5.965,0.000,5.835,7.405,8.740,11.470,11.638,13.395,14.718,15.279,15.590,16.812,17.033,16.896,17.206,17.335,17.005,16.326,14.427,13.750,11.919,11.764,11.391,11.589,12.160,12.257
7.588,5.835,0.000,5.557,7.819,9.819,9.913,12.048,13.872,13.704,14.176,15.056,15.669,16.186,16.648,16.997,17.004,15.936,14.673,13.396,11.945,11.643,10.847,11.656,11.979,12.021
10.448,7.405,5.557,0.000,5.678,6.817,8.578,10.918,13.170,14.826,15.224,16.720,16.787,16.244,16.306,16.849,15.508,13.997,13.103,11.801,11.308,10.676,11.528,12.573,13.215,13.243
12.512,8.740,7.819,5.678,0.000,5.608,7.196,8.606,10.636,13.514,14.793,16.269,16.281,15.692,15.837,16.113,15.307,13.621,13.311,12.087,10.746,11.698,11.849,13.313,13.832,13.371
14.770,11.470,9.819,6.817,5.608,0.000,5.674,7.450,9.240,11.766,13.714,15.747,15.394,14.725,14.663,14.221,13.410,11.872,12.114,11.624,11.675,13.096,13.548,14.967,15.498,14.807
14.161,11.638,9.913,8.578,7.196,5.674,0.000,5.731,7.180,9.543,11.426,14.453,15.124,14.220,14.574,14.745,13.558,12.752,11.363,12.087,11.574,12.828,13.505,14.843,15.185,14.471
14.049,13.395,12.048,10.918,8.606,7.450,5.731,0.000,5.726,7.756,9.993,12.793,14.101,14.111,14.188,13.975,13.218,12.139,12.103,12.907,12.416,13.927,14.528,15.276,15.201,14.964
15.364,14.718,13.872,13.170,10.636,9.240,7.180,5.726,0.000,5.815,7.608,10.704,12.254,13.222,14.521,14.340,13.437,13.057,12.385,13.454,12.916,14.375,14.881,15.351,15.206,15.183
15.715,15.279,13.704,14.826,13.514,11.766,9.543,7.756,5.815,0.000,6.137,8.471,10.070,11.237,13.032,13.959,13.560,13.642,13.082,14.506,13.980,15.323,15.298,15.503,15.416,15.618
15.675,15.590,14.176,15.224,14.793,13.714,11.426,9.993,7.608,6.137,0.000,6.121,7.498,8.192,10.905,12.356,12.956,13.612,12.668,14.093,13.855,15.118,15.149,15.557,15.507,15.694
16.404,16.812,15.056,16.720,16.269,15.747,14.453,12.793,10.704,8.471,6.121,0.000,5.910,7.615,9.488,11.150,12.268,13.527,12.840,13.885,13.977,14.447,14.732,15.461,15.548,15.655
16.550,17.033,15.669,16.787,16.281,15.394,15.124,14.101,12.254,10.070,7.498,5.910,0.000,6.093,7.650,9.670,11.023,13.009,12.748,13.883,14.220,14.648,14.859,15.454,15.486,15.635
16.676,16.896,16.186,16.244,15.692,14.725,14.220,14.111,13.222,11.237,8.192,7.615,6.093,0.000,6.137,7.997,9.212,10.777,11.402,12.666,13.658,14.490,14.864,15.358,15.382,15.568
16.964,17.206,16.648,16.306,15.837,14.663,14.574,14.188,14.521,13.032,10.905,9.488,7.650,6.137,0.000,6.101,7.889,9.638,10.510,12.330,14.193,15.000,15.250,15.732,15.781,15.922
16.997,17.335,16.997,16.849,16.113,14.221,14.745,13.975,14.340,13.959,12.356,11.150,9.670,7.997,6.101,0.000,6.157,7.768,8.947,10.934,13.249,15.126,15.412,15.631,15.656,15.782
17.075,17.005,17.004,15.508,15.307,13.410,13.558,13.218,13.437,13.560,12.956,12.268,11.023,9.212,7.889,6.157,0.000,5.803,8.211,9.970,12.560,14.900,16.235,16.188,15.896,15.842
16.962,16.326,15.936,13.997,13.621,11.872,12.752,12.139,13.057,13.642,13.612,13.527,13.009,10.777,9.638,7.768,5.803,0.000,5.812,7.936,10.559,13.003,15.415,16.246,15.490,15.308
16.037,14.427,14.673,13.103,13.311,12.114,11.363,12.103,12.385,13.082,12.668,12.840,12.748,11.402,10.510,8.947,8.211,5.812,0.000,5.880,7.162,10.193,12.668,14.330,14.984,13.941
15.515,13.750,13.396,11.801,12.087,11.624,12.087,12.907,13.454,14.506,14.093,13.885,13.883,12.666,12.330,10.934,9.970,7.936,5.880,0.000,5.885,6.940,9.989,12.079,13.904,13.545
13.948,11.919,11.945,11.308,10.746,11.675,11.574,12.416,12.916,13.980,13.855,13.977,14.220,13.658,14.193,13.249,12.560,10.559,7.162,5.885,0.000,5.829,7.518,9.717,11.744,11.799
13.356,11.764,11.643,10.676,11.698,13.096,12.828,13.927,14.375,15.323,15.118,14.447,14.648,14.490,15.000,15.126,14.900,13.003,10.193,6.940,5.829,0.000,5.673,7.672,9.874,10.471
12.662,11.391,10.847,11.528,11.849,13.548,13.505,14.528,14.881,15.298,15.149,14.732,14.859,14.864,15.250,15.412,16.235,15.415,12.668,9.989,7.518,5.673,0.000,5.805,7.467,8.648
12.460,11.589,11.656,12.573,13.313,14.967,14.843,15.276,15.351,15.503,15.557,15.461,15.454,15.358,15.732,15.631,16.188,16.246,14.330,12.079,9.717,7.672,5.805,0.000,5.893,7.719
12.657,12.160,11.979,13.215,13.832,15.498,15.185,15.201,15.206,15.416,15.507,15.548,15.486,15.382,15.781,15.656,15.896,15.490,14.984,13.904,11.744,9.874,7.467,5.893,0.000,6.402
12.795,12.257,12.021,13.243,13.371,14.807,14.471,14.964,15.183,15.618,15.694,15.655,15.635,15.568,15.922,15.782,15.842,15.308,13.941,13.545,11.799,10.471,8.648,7.719,6.402,0.000