c1,c2,c3,c4,c5,c6,c7,c8,c9,c10,c11,c12,c13,c14,c15,c16,c17,c18,c19,c20,c21,c22,c23,c24,c25,c26
0.000,6.014,8.341,9.835,12.586,13.322,11.468,12.211,15.019,15.034,14.435,16.209,17.855,17.290,16.769,17.250,16.864,16.273,16.428,16.187,16.177,16.169,16.186,16.053,15.971,15.871
6.014,0.000,5.750,7.551,8.788,10.931,9.564,9.832,12.782,13.559,13.144,14.708,16.889,17.243,16.893,17.613,17.327,16.527,16.669,16.403,16.130,16.156,16.174,16.103,15.862,15.767
8.341,5.750,0.000,5.642,7.811,8.119,5.675,7.086,10.434,10.318,9.940,12.269,14.411,14.527,15.610,16.489,16.963,16.023,16.518,16.401,16.136,16.209,16.199,16.294,16.016,15.917
9.835,7.551,5.642,0.000,5.427,5.832,5.484,7.065,9.583,10.211,10.863,12.749,14.500,15.407,16.577,18.160,18.046,16.910,16.952,16.667,16.172,16.165,16.056,16.094,15.942,15.839
12.586,8.788,7.811,5.427,0.000,5.422,7.351,5.882,6.834,10.018,11.005,10.804,12.761,15.130,15.810,16.494,18.099,16.100,16.343,15.968,15.424,15.474,15.597,15.821,15.821,15.744
13.322,10.931,8.119,5.832,5.422,0.000,5.393,7.378,6.300,7.153,10.308,11.161,11.188,13.182,15.405,16.103,16.811,17.466,16.390,16.309,15.551,15.649,15.677,15.777,15.745,15.817
11.468,9.564,5.675,5.484,7.351,5.393,0.000,5.429,7.437,6.225,7.149,10.151,11.336,11.425,13.352,15.448,16.035,15.957,17.380,16.309,15.690,15.778,15.821,16.001,15.842,15.768
12.211,9.832,7.086,7.065,5.882,7.378,5.429,0.000,5.466,7.454,6.378,7.036,10.300,11.525,11.684,13.448,15.233,14.860,15.585,16.919,14.978,15.001,15.497,15.817,15.929,15.908
15.019,12.782,10.434,9.583,6.834,6.300,7.437,5.466,0.000,5.524,7.550,6.305,7.250,10.498,11.753,12.012,13.837,14.301,14.935,15.861,16.814,15.275,15.626,16.067,16.267,16.239
15.034,13.559,10.318,10.211,10.018,7.153,6.225,7.454,5.524,0.000,5.627,7.528,6.671,7.839,10.886,11.987,12.656,13.173,14.602,15.622,15.911,17.346,16.251,16.495,16.550,16.582
14.435,13.144,9.940,10.863,11.005,10.308,7.149,6.378,7.550,5.627,0.000,5.713,7.702,7.046,8.349,10.849,12.010,11.490,12.894,14.617,14.907,15.817,17.322,16.457,16.702,16.784
16.209,14.708,12.269,12.749,10.804,11.161,10.151,7.036,6.305,7.528,5.713,0.000,5.808,7.878,7.554,8.539,10.910,10.905,11.329,12.949,14.152,14.961,15.822,17.191,16.432,16.624
17.855,16.889,14.411,14.500,12.761,11.188,11.336,10.300,7.250,6.671,7.702,5.808,0.000,5.942,8.065,7.707,9.298,10.714,11.795,12.370,13.523,15.162,15.810,16.708,17.689,16.983
17.290,17.243,14.527,15.407,15.130,13.182,11.425,11.525,10.498,7.839,7.046,7.878,5.942,0.000,5.889,8.013,8.392,8.923,10.914,12.460,12.617,14.052,15.523,16.221,16.817,17.462
16.769,16.893,15.610,16.577,15.810,15.405,13.352,11.684,11.753,10.886,8.349,7.554,8.065,5.889,0.000,6.100,7.884,7.726,8.542,11.443,12.212,12.825,13.941,15.560,16.162,16.550
17.250,17.613,16.489,18.160,16.494,16.103,15.448,13.448,12.012,11.987,10.849,8.539,7.707,8.013,6.100,0.000,5.949,7.797,7.561,9.148,11.238,12.514,12.840,14.210,15.671,16.220
16.864,17.327,16.963,18.046,18.099,16.811,16.035,15.233,13.837,12.656,12.010,10.910,9.298,8.392,7.884,5.949,0.000,5.859,7.622,8.121,8.846,11.409,12.405,12.945,14.040,15.336
16.273,16.527,16.023,16.910,16.100,17.466,15.957,14.860,14.301,13.173,11.490,10.905,10.714,8.923,7.726,7.797,5.859,0.000,5.756,7.689,7.274,8.654,11.067,12.340,12.725,13.827
16.428,16.669,16.518,16.952,16.343,16.390,17.380,15.585,14.935,14.602,12.894,11.329,11.795,10.914,8.542,7.561,7.622,5.756,0.000,5.675,7.566,7.935,8.900,11.555,12.495,13.039
16.187,16.403,16.401,16.667,15.968,16.309,16.309,16.919,15.861,15.622,14.617,12.949,12.370,12.460,11.443,9.148,8.121,7.689,5.675,0.000,5.768,7.748,7.619,9.427,11.342,12.521
16.177,16.130,16.136,16.172,15.424,15.551,15.690,14.978,16.814,15.911,14.907,14.152,13.523,12.617,12.212,11.238,8.846,7.274,7.566,5.768,0.000,5.706,7.628,8.099,9.059,10.919
16.169,16.156,16.209,16.165,15.474,15.649,15.778,15.001,15.275,17.346,15.817,14.961,15.162,14.052,12.825,12.514,11.409,8.654,7.935,7.748,5.706,0.000,5.785,7.489,7.953,9.326
16.186,16.174,16.199,16.056,15.597,15.677,15.821,15.497,15.626,16.251,17.322,15.822,15.810,15.523,13.941,12.840,12.405,11.067,8.900,7.619,7.628,5.785,0.000,5.762,7.714,8.561
16.053,16.103,16.294,16.094,15.821,15.777,16.001,15.817,16.067,16.495,16.457,17.191,16.708,16.221,15.560,14.210,12.945,12.340,11.555,9.427,8.099,7.489,5.762,0.000,5.879,8.060
15.971,15.862,16.016,15.942,15.821,15.745,15.842,15.929,16.267,16.550,16.702,16.432,17.689,16.817,16.162,15.671,14.040,12.725,12.495,11.342,9.059,7.953,7.714,5.879,0.000,6.245
15.871,15.767,15.917,15.839,15.744,15.817,15.768,15.908,16.239,16.582,16.784,16.624,16.983,17.462,16.550,16.220,15.336,13.827,13.039,12.521,10.919,9.326,8.561,8.060,6.245,0.000