c1,c2,c3,c4,c5,c6,c7,c8,c9,c10,c11,c12,c13,c14,c15,c16,c17,c18,c19,c20,c21,c22,c23,c24,c25,c26
0.000,6.041,7.604,9.663,11.469,13.570,13.652,13.004,13.861,15.130,15.386,15.664,16.891,16.964,16.542,16.924,16.751,16.628,16.027,15.933,15.141,15.526,15.314,14.690,14.428,15.209
6.041,0.000,5.770,7.588,8.489,10.701,11.971,11.906,12.061,13.378,14.388,14.471,15.724,17.069,16.422,17.033,16.755,16.583,15.633,15.582,14.219,15.042,14.883,13.937,13.770,14.999
7.604,5.770,0.000,5.658,7.498,8.807,9.378,9.995,10.828,11.336,12.554,13.565,14.779,15.693,16.320,16.249,16.346,16.780,15.966,15.959,14.519,15.436,15.317,14.087,14.191,15.345
9.663,7.588,5.658,0.000,5.683,6.933,7.458,8.252,9.544,10.601,11.525,12.786,14.287,15.487,16.589,17.723,17.039,17.234,16.136,16.270,14.532,15.619,15.580,14.184,14.285,15.390
11.469,8.489,7.498,5.683,0.000,5.542,7.799,6.857,6.595,9.512,10.923,10.713,12.158,14.604,15.448,16.574,16.509,16.317,15.012,15.174,13.053,14.666,14.626,13.243,13.481,15.090
13.570,10.701,8.807,6.933,5.542,0.000,5.420,7.187,6.175,7.073,9.977,10.969,11.108,12.977,15.149,16.618,16.410,17.049,15.698,16.105,14.057,15.632,15.690,14.151,14.611,16.003
13.652,11.971,9.378,7.458,7.799,5.420,0.000,5.432,7.400,6.264,7.126,10.133,11.170,11.407,13.172,15.685,15.812,16.739,15.553,15.821,14.248,15.710,15.686,14.301,14.794,15.981
13.004,11.906,9.995,8.252,6.857,7.187,5.432,0.000,5.460,7.420,6.338,6.992,10.148,11.293,11.747,13.823,14.228,15.253,13.903,14.156,12.326,13.962,13.859,12.736,13.488,14.807
13.861,12.061,10.828,9.544,6.595,6.175,7.400,5.460,0.000,5.450,7.454,6.098,6.950,10.109,11.488,12.960,13.099,14.422,13.187,13.799,12.289,14.053,14.458,13.493,14.356,15.673
15.130,13.378,11.336,10.601,9.512,7.073,6.264,7.420,5.450,0.000,5.469,7.452,6.347,7.409,10.448,12.420,12.743,14.486,13.546,14.900,13.742,15.589,15.884,14.832,15.674,16.722
15.386,14.388,12.554,11.525,10.923,9.977,7.126,6.338,7.454,5.469,0.000,5.525,7.483,6.624,7.845,10.818,11.466,13.458,12.311,13.706,13.296,14.898,15.193,14.452,15.392,16.353
15.664,14.471,13.565,12.786,10.713,10.969,10.133,6.992,6.098,7.452,5.525,0.000,5.532,7.583,7.318,9.430,9.555,11.284,10.286,11.388,11.118,12.987,13.655,13.385,14.429,15.806
16.891,15.724,14.779,14.287,12.158,11.108,11.170,10.148,6.950,6.347,7.483,5.532,0.000,5.556,7.738,8.795,9.192,11.325,10.928,12.672,12.194,14.246,14.899,14.604,15.592,16.542
16.964,17.069,15.693,15.487,14.604,12.977,11.407,11.293,10.109,7.409,6.624,7.583,5.556,0.000,5.725,8.099,8.951,11.581,11.559,13.739,13.758,15.221,15.826,15.463,16.345,17.094
16.542,16.422,16.320,16.589,15.448,15.149,13.172,11.747,11.488,10.448,7.845,7.318,7.738,5.725,0.000,5.988,7.745,10.333,10.334,12.284,13.292,14.306,14.859,15.166,16.038,16.851
16.924,17.033,16.249,17.723,16.574,16.618,15.685,13.823,12.960,12.420,10.818,9.430,8.795,8.099,5.988,0.000,6.240,9.191,10.065,11.428,13.279,14.324,14.808,15.024,16.073,16.948
16.751,16.755,16.346,17.039,16.509,16.410,15.812,14.228,13.099,12.743,11.466,9.555,9.192,8.951,7.745,6.240,0.000,6.161,7.515,8.768,10.336,12.501,13.293,13.392,14.821,16.240
16.628,16.583,16.780,17.234,16.317,17.049,16.739,15.253,14.422,14.486,13.458,11.284,11.325,11.581,10.333,9.191,6.161,0.000,5.907,7.529,8.825,10.694,12.431,12.714,13.701,15.403
16.027,15.633,15.966,16.136,15.012,15.698,15.553,13.903,13.187,13.546,12.311,10.286,10.928,11.559,10.334,10.065,7.515,5.907,0.000,5.758,7.425,8.304,9.880,10.863,12.577,14.054
15.933,15.582,15.959,16.270,15.174,16.105,15.821,14.156,13.799,14.900,13.706,11.388,12.672,13.739,12.284,11.428,8.768,7.529,5.758,0.000,5.742,7.272,8.281,9.424,11.469,13.641
15.141,14.219,14.519,14.532,13.053,14.057,14.248,12.326,12.289,13.742,13.296,11.118,12.194,13.758,13.292,13.279,10.336,8.825,7.425,5.742,0.000,5.755,7.582,7.202,8.654,11.640
15.526,15.042,15.436,15.619,14.666,15.632,15.710,13.962,14.053,15.589,14.898,12.987,14.246,15.221,14.306,14.324,12.501,10.694,8.304,7.272,5.755,0.000,5.570,7.526,7.991,10.153
15.314,14.883,15.317,15.580,14.626,15.690,15.686,13.859,14.458,15.884,15.193,13.655,14.899,15.826,14.859,14.808,13.293,12.431,9.880,8.281,7.582,5.570,0.000,5.603,7.592,9.208
14.690,13.937,14.087,14.184,13.243,14.151,14.301,12.736,13.493,14.832,14.452,13.385,14.604,15.463,15.166,15.024,13.392,12.714,10.863,9.424,7.202,7.526,5.603,0.000,5.646,8.061
14.428,13.770,14.191,14.285,13.481,14.611,14.794,13.488,14.356,15.674,15.392,14.429,15.592,16.345,16.038,16.073,14.821,13.701,12.577,11.469,8.654,7.991,7.592,5.646,0.000,5.925
15.209,14.999,15.345,15.390,15.090,16.003,15.981,14.807,15.673,16.722,16.353,15.806,16.542,17.094,16.851,16.948,16.240,15.403,14.054,13.641,11.640,10.153,9.208,8.061,5.925,0.000