c1,c2,c3,c4,c5,c6,c7,c8,c9,c10,c11,c12,c13,c14,c15,c16,c17,c18,c19,c20,c21,c22,c23,c24,c25,c26
0.000,5.970,7.536,9.931,11.753,13.120,12.617,12.579,13.477,13.850,13.493,14.413,15.539,15.544,15.277,15.799,15.933,15.442,16.100,16.137,15.532,15.571,15.842,15.463,15.352,15.494
5.970,0.000,5.781,7.499,9.036,10.437,10.504,10.923,11.734,12.596,12.408,13.292,14.746,15.060,14.854,15.491,15.486,14.899,15.848,16.050,15.365,15.357,15.648,15.410,15.198,15.376
7.536,5.781,0.000,5.701,7.635,9.178,9.132,10.047,11.141,11.323,11.633,13.093,14.398,15.009,15.259,15.828,15.792,15.268,16.078,16.258,15.533,15.521,15.738,15.521,15.455,15.498
9.931,7.499,5.701,0.000,5.607,7.506,8.284,9.522,11.027,11.449,11.897,13.364,14.763,15.429,16.037,16.990,16.706,16.120,16.468,16.402,15.598,15.418,15.581,15.508,15.351,15.376
11.753,9.036,7.635,5.607,0.000,5.544,7.384,8.446,9.580,10.482,11.335,12.398,13.796,14.849,15.508,16.495,16.969,16.255,16.524,16.144,15.209,15.056,15.266,15.305,15.183,15.183
13.120,10.437,9.178,7.506,5.544,0.000,5.634,7.952,8.802,8.613,10.176,11.791,12.722,13.688,14.945,15.941,16.204,16.429,17.019,16.747,15.634,15.408,15.629,15.404,15.223,15.253
12.617,10.504,9.132,8.284,7.384,5.634,0.000,5.662,6.847,6.763,8.185,10.155,11.544,12.251,13.601,15.183,15.463,15.669,17.353,16.695,15.037,14.796,15.435,15.223,15.137,15.104
12.579,10.923,10.047,9.522,8.446,7.952,5.662,0.000,5.584,7.406,6.803,7.507,10.578,11.692,11.819,13.377,14.778,14.710,15.967,17.330,14.867,14.638,14.909,14.891,15.063,15.372
13.477,11.734,11.141,11.027,9.580,8.802,6.847,5.584,0.000,5.563,7.475,6.273,7.848,10.438,11.253,11.598,12.588,13.682,14.970,15.634,16.667,15.296,15.584,15.658,15.906,15.887
13.850,12.596,11.323,11.449,10.482,8.613,6.763,7.406,5.563,0.000,5.545,7.511,7.304,8.500,10.901,12.101,11.625,12.641,15.015,15.545,15.865,17.559,16.728,16.436,16.535,16.573
13.493,12.408,11.633,11.897,11.335,10.176,8.185,6.803,7.475,5.545,0.000,5.720,7.798,7.630,8.423,11.113,11.465,11.167,13.191,14.970,15.189,16.049,17.926,16.651,16.829,16.719
14.413,13.292,13.093,13.364,12.398,11.791,10.155,7.507,6.273,7.511,5.720,0.000,5.804,7.571,7.068,8.050,9.841,10.479,11.159,12.703,14.423,15.028,16.130,17.709,16.929,16.856
15.539,14.746,14.398,14.763,13.796,12.722,11.544,10.578,7.848,7.304,7.798,5.804,0.000,5.789,8.079,7.535,7.757,10.199,11.526,11.617,13.033,15.025,15.987,16.800,18.197,17.228
15.544,15.060,15.009,15.429,14.849,13.688,12.251,11.692,10.438,8.500,7.630,7.571,5.789,0.000,6.071,7.547,6.785,7.430,10.371,11.240,11.308,13.035,15.302,16.069,16.978,17.845
15.277,14.854,15.259,16.037,15.508,14.945,13.601,11.819,11.253,10.901,8.423,7.068,8.079,6.071,0.000,5.799,7.585,6.435,7.364,10.275,11.207,11.162,13.126,15.441,16.282,16.676
15.799,15.491,15.828,16.990,16.495,15.941,15.183,13.377,11.598,12.101,11.113,8.050,7.535,7.547,5.799,0.000,5.702,7.596,6.711,7.491,10.404,11.359,11.553,13.511,15.554,16.188
15.933,15.486,15.792,16.706,16.969,16.204,15.463,14.778,12.588,11.625,11.465,9.841,7.757,6.785,7.585,5.702,0.000,5.607,7.563,6.472,7.476,10.247,11.577,11.980,13.783,15.383
15.442,14.899,15.268,16.120,16.255,16.429,15.669,14.710,13.682,12.641,11.167,10.479,10.199,7.430,6.435,7.596,5.607,0.000,5.572,7.465,6.524,7.237,10.551,11.798,12.391,13.718
16.100,15.848,16.078,16.468,16.524,17.019,17.353,15.967,14.970,15.015,13.191,11.159,11.526,10.371,7.364,6.711,7.563,5.572,0.000,5.694,7.489,6.461,7.712,10.678,12.106,12.467
16.137,16.050,16.258,16.402,16.144,16.747,16.695,17.330,15.634,15.545,14.970,12.703,11.617,11.240,10.275,7.491,6.472,7.465,5.694,0.000,5.570,7.468,6.941,8.373,10.960,12.324
15.532,15.365,15.533,15.598,15.209,15.634,15.037,14.867,16.667,15.865,15.189,14.423,13.033,11.308,11.207,10.404,7.476,6.524,7.489,5.570,0.000,5.609,7.641,7.319,8.914,10.835
15.571,15.357,15.521,15.418,15.056,15.408,14.796,14.638,15.296,17.559,16.049,15.028,15.025,13.035,11.162,11.359,10.247,7.237,6.461,7.468,5.609,0.000,5.718,7.693,8.143,9.178
15.842,15.648,15.738,15.581,15.266,15.629,15.435,14.909,15.584,16.728,17.926,16.130,15.987,15.302,13.126,11.553,11.577,10.551,7.712,6.941,7.641,5.718,0.000,5.926,7.594,8.250
15.463,15.410,15.521,15.508,15.305,15.404,15.223,14.891,15.658,16.436,16.651,17.709,16.800,16.069,15.441,13.511,11.980,11.798,10.678,8.373,7.319,7.693,5.926,0.000,5.845,7.887
15.352,15.198,15.455,15.351,15.183,15.223,15.137,15.063,15.906,16.535,16.829,16.929,18.197,16.978,16.282,15.554,13.783,12.391,12.106,10.960,8.914,8.143,7.594,5.845,0.000,6.214
15.494,15.376,15.498,15.376,15.183,15.253,15.104,15.372,15.887,16.573,16.719,16.856,17.228,17.845,16.676,16.188,15.383,13.718,12.467,12.324,10.835,9.178,8.250,7.887,6.214,0.000