c1,c2,c3,c4,c5,c6,c7,c8,c9,c10,c11,c12,c13,c14,c15,c16,c17,c18,c19,c20,c21,c22,c23,c24,c25,c26
0.000,5.945,7.615,10.134,12.211,14.535,13.810,12.450,14.208,15.340,14.551,15.271,16.413,16.433,16.206,16.123,16.586,16.296,16.428,16.432,16.051,15.876,15.865,15.440,15.415,15.605
5.945,0.000,5.765,7.475,9.511,11.808,12.264,11.782,12.803,14.126,13.943,14.512,16.315,16.620,16.224,16.335,16.605,16.481,16.462,16.311,15.711,15.693,15.633,15.273,15.097,15.461
7.615,5.765,0.000,5.785,7.423,9.098,9.216,9.575,11.459,11.644,11.338,12.452,14.490,15.116,15.329,15.925,16.665,16.459,16.564,16.446,15.783,15.731,15.703,15.323,15.267,15.492
10.134,7.475,5.785,0.000,5.707,7.138,8.429,8.970,11.055,12.297,12.222,13.198,15.177,16.011,16.630,17.161,17.174,16.738,16.652,16.466,15.609,15.652,15.708,15.387,15.293,15.579
12.211,9.511,7.423,5.707,0.000,5.657,7.138,7.126,8.512,11.290,12.198,11.930,13.712,15.248,15.629,16.085,17.136,16.399,16.300,15.912,15.359,15.534,15.482,15.128,15.015,15.322
14.535,11.808,9.098,7.138,5.657,0.000,5.547,7.333,7.489,8.708,11.581,12.461,12.821,14.118,15.373,15.623,16.171,16.963,16.064,15.838,15.227,15.564,15.607,15.337,15.275,15.458
13.810,12.264,9.216,8.429,7.138,5.547,0.000,5.619,7.509,7.632,9.084,11.578,13.089,13.333,14.335,15.299,15.737,16.218,17.035,16.096,15.424,15.646,15.874,15.433,15.150,15.231
12.450,11.782,9.575,8.970,7.126,7.333,5.619,0.000,5.681,7.462,7.770,8.857,12.208,13.244,13.315,13.673,14.894,15.488,15.940,16.379,15.306,15.674,15.760,15.552,15.513,15.559
14.208,12.803,11.459,11.055,8.512,7.489,7.509,5.681,0.000,5.729,7.632,7.760,9.897,12.078,12.978,12.256,13.163,14.545,14.880,15.193,15.927,15.635,15.835,15.840,15.934,15.906
15.340,14.126,11.644,12.297,11.290,8.708,7.632,7.462,5.729,0.000,5.793,7.461,8.797,10.223,11.969,11.794,12.186,13.613,14.614,14.908,15.664,16.553,15.873,15.830,15.852,15.944
14.551,13.943,11.338,12.222,12.198,11.581,9.084,7.770,7.632,5.793,0.000,5.923,8.204,9.343,10.227,10.962,12.150,12.782,13.674,14.769,15.657,16.387,16.965,16.315,16.243,16.275
15.271,14.512,12.452,13.198,11.930,12.461,11.578,8.857,7.760,7.461,5.923,0.000,6.088,8.100,8.163,8.092,9.991,11.412,11.561,12.527,14.106,14.969,15.603,16.526,16.111,16.202
16.413,16.315,14.490,15.177,13.712,12.821,13.089,12.208,9.897,8.797,8.204,6.088,0.000,6.090,7.612,7.645,8.867,10.886,11.595,12.138,13.503,14.900,15.617,16.515,17.313,16.844
16.433,16.620,15.116,16.011,15.248,14.118,13.333,13.244,12.078,10.223,9.343,8.100,6.090,0.000,6.137,7.911,7.792,8.789,10.938,11.863,12.107,13.366,15.066,15.778,16.383,17.030
16.206,16.224,15.329,16.630,15.629,15.373,14.335,13.315,12.978,11.969,10.227,8.163,7.612,6.137,0.000,6.136,7.839,7.602,8.402,10.939,11.993,12.070,13.456,15.292,15.931,16.497
16.123,16.335,15.925,17.161,16.085,15.623,15.299,13.673,12.256,11.794,10.962,8.092,7.645,7.911,6.136,0.000,5.853,7.603,7.165,8.055,10.780,11.638,11.899,13.560,15.172,15.892
16.586,16.605,16.665,17.174,17.136,16.171,15.737,14.894,13.163,12.186,12.150,9.991,8.867,7.792,7.839,5.853,0.000,5.659,7.587,7.008,8.201,10.649,11.754,12.342,13.648,15.214
16.296,16.481,16.459,16.738,16.399,16.963,16.218,15.488,14.545,13.613,12.782,11.412,10.886,8.789,7.602,7.603,5.659,0.000,5.618,7.545,7.035,7.894,10.539,11.943,12.445,13.834
16.428,16.462,16.564,16.652,16.300,16.064,17.035,15.940,14.880,14.614,13.674,11.561,11.595,10.938,8.402,7.165,7.587,5.618,0.000,5.625,7.436,6.944,8.219,10.884,12.229,13.178
16.432,16.311,16.446,16.466,15.912,15.838,16.096,16.379,15.193,14.908,14.769,12.527,12.138,11.863,10.939,8.055,7.008,7.545,5.625,0.000,5.565,7.554,7.201,8.891,11.020,12.544
16.051,15.711,15.783,15.609,15.359,15.227,15.424,15.306,15.927,15.664,15.657,14.106,13.503,12.107,11.993,10.780,8.201,7.035,7.436,5.565,0.000,5.627,7.523,7.469,8.805,10.946
15.876,15.693,15.731,15.652,15.534,15.564,15.646,15.674,15.635,16.553,16.387,14.969,14.900,13.366,12.070,11.638,10.649,7.894,6.944,7.554,5.627,0.000,5.752,7.777,8.102,9.358
15.865,15.633,15.703,15.708,15.482,15.607,15.874,15.760,15.835,15.873,16.965,15.603,15.617,15.066,13.456,11.899,11.754,10.539,8.219,7.201,7.523,5.752,0.000,5.698,7.793,8.678
15.440,15.273,15.323,15.387,15.128,15.337,15.433,15.552,15.840,15.830,16.315,16.526,16.515,15.778,15.292,13.560,12.342,11.943,10.884,8.891,7.469,7.777,5.698,0.000,5.856,7.866
15.415,15.097,15.267,15.293,15.015,15.275,15.150,15.513,15.934,15.852,16.243,16.111,17.313,16.383,15.931,15.172,13.648,12.445,12.229,11.020,8.805,8.102,7.793,5.856,0.000,6.194
15.605,15.461,15.492,15.579,15.322,15.458,15.231,15.559,15.906,15.944,16.275,16.202,16.844,17.030,16.497,15.892,15.214,13.834,13.178,12.544,10.946,9.358,8.678,7.866,6.194,0.000