c1,c2,c3,c4,c5,c6,c7,c8,c9,c10,c11,c12,c13,c14,c15,c16,c17,c18,c19,c20,c21,c22,c23,c24,c25,c26
0.000,6.198,7.772,10.091,12.719,14.242,13.885,12.393,11.718,12.315,11.928,11.925,13.414,14.279,14.635,13.667,13.748,13.570,13.770,13.814,13.859,14.684,15.131,15.231,15.429,15.404
6.198,0.000,5.970,7.324,10.385,12.401,12.600,11.267,10.147,11.274,11.067,11.068,13.042,14.101,14.412,13.299,13.227,12.805,12.896,12.918,12.904,14.038,14.614,14.876,15.150,15.146
7.772,5.970,0.000,6.167,7.634,9.463,9.796,9.161,8.866,10.261,10.875,11.632,13.691,14.870,15.093,13.858,13.858,12.801,12.885,12.987,12.640,13.595,14.408,14.691,15.026,15.066
10.091,7.324,6.167,0.000,5.618,8.318,9.403,9.504,9.141,11.082,12.147,12.768,14.764,15.659,15.828,14.855,14.782,13.801,13.647,13.446,12.893,13.818,14.449,14.703,14.954,15.136
12.719,10.385,7.634,5.618,0.000,5.705,7.450,8.577,9.351,11.202,12.938,13.657,15.288,16.040,16.162,15.439,15.491,14.167,14.173,13.936,12.983,13.614,14.309,14.543,14.778,15.154
14.242,12.401,9.463,8.318,5.705,0.000,5.639,8.466,9.559,11.279,13.493,14.428,15.776,15.938,16.050,15.629,15.571,14.381,14.481,14.265,13.182,13.666,14.338,14.431,14.663,15.052
13.885,12.600,9.796,9.403,7.450,5.639,0.000,5.899,7.853,9.594,11.675,13.488,15.372,15.464,15.590,14.999,15.054,13.842,14.390,14.147,13.056,13.585,14.089,14.311,14.676,14.935
12.393,11.267,9.161,9.504,8.577,8.466,5.899,0.000,6.150,7.911,9.878,11.479,14.173,15.356,15.385,14.039,14.353,13.119,13.676,13.655,12.786,13.409,14.018,14.126,14.675,14.925
11.718,10.147,8.866,9.141,9.351,9.559,7.853,6.150,0.000,6.204,7.845,9.141,11.862,13.923,14.454,12.615,13.007,11.983,12.432,12.577,12.480,13.271,14.008,14.316,14.912,15.065
12.315,11.274,10.261,11.082,11.202,11.279,9.594,7.911,6.204,0.000,6.174,8.234,10.576,12.593,13.691,12.442,12.946,12.055,13.209,13.400,13.661,14.800,15.178,15.253,15.518,15.663
11.928,11.067,10.875,12.147,12.938,13.493,11.675,9.878,7.845,6.174,0.000,6.399,8.319,10.559,11.550,11.156,12.458,11.851,13.076,13.614,14.332,15.466,16.014,15.879,16.243,16.166
11.925,11.068,11.632,12.768,13.657,14.428,13.488,11.479,9.141,8.234,6.399,0.000,6.633,8.659,9.668,8.802,10.298,10.482,11.429,12.126,13.342,14.553,15.039,15.358,16.003,16.033
13.414,13.042,13.691,14.764,15.288,15.776,15.372,14.173,11.862,10.576,8.319,6.633,0.000,6.394,7.588,7.754,9.644,11.035,12.435,12.921,14.183,15.340,15.631,16.081,17.051,16.896
14.279,14.101,14.870,15.659,16.040,15.938,15.464,15.356,13.923,12.593,10.559,8.659,6.394,0.000,6.415,8.048,9.419,10.810,12.470,13.125,13.653,14.690,15.511,15.977,16.848,16.943
14.635,14.412,15.093,15.828,16.162,16.050,15.590,15.385,14.454,13.691,11.550,9.668,7.588,6.415,0.000,6.403,8.365,9.963,10.907,12.294,13.568,13.893,14.356,15.504,16.466,16.761
13.667,13.299,13.858,14.855,15.439,15.629,14.999,14.039,12.615,12.442,11.156,8.802,7.754,8.048,6.403,0.000,6.271,8.031,8.655,9.824,12.134,13.133,12.867,14.017,15.442,15.835
13.748,13.227,13.858,14.782,15.491,15.571,15.054,14.353,13.007,12.946,12.458,10.298,9.644,9.419,8.365,6.271,0.000,6.018,7.844,8.723,10.094,12.487,13.396,13.133,14.235,15.282
13.570,12.805,12.801,13.801,14.167,14.381,13.842,13.119,11.983,12.055,11.851,10.482,11.035,10.810,9.963,8.031,6.018,0.000,5.892,7.654,8.131,9.756,12.241,13.066,13.127,13.989
13.770,12.896,12.885,13.647,14.173,14.481,14.390,13.676,12.432,13.209,13.076,11.429,12.435,12.470,10.907,8.655,7.844,5.892,0.000,5.803,7.779,8.491,10.076,12.301,13.335,13.332
13.814,12.918,12.987,13.446,13.936,14.265,14.147,13.655,12.577,13.400,13.614,12.126,12.921,13.125,12.294,9.824,8.723,7.654,5.803,0.000,5.825,7.543,8.478,9.754,12.324,13.022
13.859,12.904,12.640,12.893,12.983,13.182,13.056,12.786,12.480,13.661,14.332,13.342,14.183,13.653,13.568,12.134,10.094,8.131,7.779,5.825,0.000,5.929,7.800,7.975,9.875,11.496
14.684,14.038,13.595,13.818,13.614,13.666,13.585,13.409,13.271,14.800,15.466,14.553,15.340,14.690,13.893,13.133,12.487,9.756,8.491,7.543,5.929,0.000,5.850,7.418,8.554,9.695
15.131,14.614,14.408,14.449,14.309,14.338,14.089,14.018,14.008,15.178,16.014,15.039,15.631,15.511,14.356,12.867,13.396,12.241,10.076,8.478,7.800,5.850,0.000,5.926,7.856,8.688
15.231,14.876,14.691,14.703,14.543,14.431,14.311,14.126,14.316,15.253,15.879,15.358,16.081,15.977,15.504,14.017,13.133,13.066,12.301,9.754,7.975,7.418,5.926,0.000,6.057,7.983
15.429,15.150,15.026,14.954,14.778,14.663,14.676,14.675,14.912,15.518,16.243,16.003,17.051,16.848,16.466,15.442,14.235,13.127,13.335,12.324,9.875,8.554,7.856,6.057,0.000,6.458
15.404,15.146,15.066,15.136,15.154,15.052,14.935,14.925,15.065,15.663,16.166,16.033,16.896,16.943,16.761,15.835,15.282,13.989,13.332,13.022,11.496,9.695,8.688,7.983,6.458,0.000