c1,c2,c3,c4,c5,c6,c7,c8,c9,c10,c11,c12,c13,c14,c15,c16,c17,c18,c19,c20,c21,c22,c23,c24,c25,c26
0.000,6.220,7.729,10.338,12.826,14.591,14.369,13.177,11.997,11.913,10.964,11.178,12.408,13.235,14.059,13.181,12.847,13.241,14.110,13.883,13.717,14.839,15.788,15.600,15.573,15.605
6.220,0.000,6.038,7.477,10.493,12.517,12.819,11.627,10.241,10.337,10.049,10.037,12.314,13.132,13.900,13.184,12.096,12.227,13.278,12.686,12.272,13.774,14.825,14.881,14.878,15.086
7.729,6.038,0.000,6.303,7.640,9.738,10.229,9.923,9.251,9.831,10.705,11.083,13.433,14.227,14.903,13.768,12.485,12.488,13.286,12.125,11.393,13.527,14.437,14.128,14.339,14.572
10.338,7.477,6.303,0.000,5.862,8.147,9.369,9.575,9.418,10.407,12.051,12.586,15.096,15.728,16.226,15.306,14.089,14.114,14.687,13.337,12.254,14.061,14.791,14.208,14.587,14.786
12.826,10.493,7.640,5.862,0.000,5.727,7.467,8.387,9.401,10.568,12.839,13.175,15.434,16.093,16.528,15.577,14.603,14.402,15.143,13.585,12.375,14.012,14.513,13.824,14.383,14.748
14.591,12.517,9.738,8.147,5.727,0.000,5.703,8.359,9.695,10.845,13.589,14.085,15.993,16.397,16.743,16.394,15.295,14.909,15.948,14.309,12.437,14.150,14.594,13.553,14.102,14.551
14.369,12.819,10.229,9.369,7.467,5.703,0.000,5.903,7.858,9.513,11.863,13.278,15.523,15.599,16.231,15.648,14.410,14.155,15.395,13.604,11.209,13.350,14.059,12.860,13.459,13.928
13.177,11.627,9.923,9.575,8.387,8.359,5.903,0.000,6.433,7.913,9.657,10.922,14.147,14.866,15.277,14.134,12.854,12.820,14.225,12.503,10.279,12.906,13.739,12.626,13.790,14.066
11.997,10.241,9.251,9.418,9.401,9.695,7.858,6.433,0.000,6.553,8.228,9.002,12.039,13.149,13.810,12.451,11.110,10.936,12.020,10.543,8.599,11.049,12.112,11.956,13.287,13.436
11.913,10.337,9.831,10.407,10.568,10.845,9.513,7.913,6.553,0.000,6.427,8.275,10.970,12.623,14.170,13.311,11.796,12.292,14.339,13.303,11.934,14.607,15.628,14.832,15.539,15.272
10.964,10.049,10.705,12.051,12.839,13.589,11.863,9.657,8.228,6.427,0.000,6.614,8.831,11.008,12.414,12.088,10.981,11.766,13.811,13.241,12.806,15.352,16.522,15.653,16.620,16.066
11.178,10.037,11.083,12.586,13.175,14.085,13.278,10.922,9.002,8.275,6.614,0.000,6.771,8.188,9.215,8.500,7.373,8.561,10.732,10.431,11.092,13.213,14.640,14.495,15.954,15.569
12.408,12.314,13.433,15.096,15.434,15.993,15.523,14.147,12.039,10.970,8.831,6.771,0.000,6.173,7.908,8.036,8.003,9.853,11.502,11.895,12.737,14.644,16.144,16.535,17.722,16.749
13.235,13.132,14.227,15.728,16.093,16.397,15.599,14.866,13.149,12.623,11.008,8.188,6.173,0.000,6.532,7.461,6.904,7.963,10.704,11.398,11.586,13.181,15.343,15.823,16.993,16.760
14.059,13.900,14.903,16.226,16.528,16.743,16.231,15.277,13.810,14.170,12.414,9.215,7.908,6.532,0.000,6.381,7.758,7.232,8.259,10.818,11.710,11.798,13.698,15.467,16.576,16.319
13.181,13.184,13.768,15.306,15.577,16.394,15.648,14.134,12.451,13.311,12.088,8.500,8.036,7.461,6.381,0.000,6.051,7.896,7.330,8.014,10.848,11.767,12.350,13.412,15.828,15.844
12.847,12.096,12.485,14.089,14.603,15.295,14.410,12.854,11.110,11.796,10.981,7.373,8.003,6.904,7.758,6.051,0.000,5.855,7.874,6.972,7.767,10.552,11.925,11.970,13.976,14.684
13.241,12.227,12.488,14.114,14.402,14.909,14.155,12.820,10.936,12.292,11.766,8.561,9.853,7.963,7.232,7.896,5.855,0.000,5.941,7.705,6.996,7.625,10.713,11.623,12.691,12.953
14.110,13.278,13.286,14.687,15.143,15.948,15.395,14.225,12.020,14.339,13.811,10.732,11.502,10.704,8.259,7.330,7.874,5.941,0.000,6.025,7.830,6.702,8.326,10.748,12.675,12.511
13.883,12.686,12.125,13.337,13.585,14.309,13.604,12.503,10.543,13.303,13.241,10.431,11.895,11.398,10.818,8.014,6.972,7.705,6.025,0.000,5.945,7.707,7.497,8.262,11.503,11.958
13.717,12.272,11.393,12.254,12.375,12.437,11.209,10.279,8.599,11.934,12.806,11.092,12.737,11.586,11.710,10.848,7.767,6.996,7.830,5.945,0.000,5.821,7.651,6.816,9.010,9.884
14.839,13.774,13.527,14.061,14.012,14.150,13.350,12.906,11.049,14.607,15.352,13.213,14.644,13.181,11.798,11.767,10.552,7.625,6.702,7.707,5.821,0.000,5.738,7.730,8.376,9.299
15.788,14.825,14.437,14.791,14.513,14.594,14.059,13.739,12.112,15.628,16.522,14.640,16.144,15.343,13.698,12.350,11.925,10.713,8.326,7.497,7.651,5.738,0.000,6.019,7.970,9.112
15.600,14.881,14.128,14.208,13.824,13.553,12.860,12.626,11.956,14.832,15.653,14.495,16.535,15.823,15.467,13.412,11.970,11.623,10.748,8.262,6.816,7.730,6.019,0.000,6.079,7.822
15.573,14.878,14.339,14.587,14.383,14.102,13.459,13.790,13.287,15.539,16.620,15.954,17.722,16.993,16.576,15.828,13.976,12.691,12.675,11.503,9.010,8.376,7.970,6.079,0.000,6.443
15.605,15.086,14.572,14.786,14.748,14.551,13.928,14.066,13.436,15.272,16.066,15.569,16.749,16.760,16.319,15.844,14.684,12.953,12.511,11.958,9.884,9.299,9.112,7.822,6.443,0.000