c1,c2,c3,c4,c5,c6,c7,c8,c9,c10,c11,c12,c13,c14,c15,c16,c17,c18,c19,c20,c21,c22,c23,c24,c25,c26
0.000,5.946,7.548,10.049,12.480,13.925,13.465,12.568,12.428,12.561,11.622,12.365,13.623,14.398,14.701,14.317,14.551,14.713,15.424,15.172,14.833,15.519,16.039,15.853,15.676,15.814
5.946,0.000,5.807,7.417,10.203,11.833,11.928,11.441,10.961,10.977,11.062,11.460,13.344,14.170,14.564,14.453,14.251,14.194,15.098,14.903,14.432,15.102,15.797,15.701,15.557,15.840
7.548,5.807,0.000,5.869,7.557,9.200,9.203,9.627,9.459,9.928,10.479,11.695,13.444,14.562,15.164,14.836,14.616,14.672,15.467,14.997,14.418,15.325,16.035,15.718,15.664,15.923
10.049,7.417,5.869,0.000,5.523,7.442,8.766,9.163,9.768,10.120,11.674,12.688,14.446,15.482,16.071,15.779,15.572,15.465,16.111,15.499,14.840,15.442,15.925,15.713,15.620,15.906
12.480,10.203,7.557,5.523,0.000,5.590,7.479,8.197,9.127,9.986,12.009,12.798,14.202,15.339,15.982,15.979,15.705,15.453,16.257,15.426,14.657,15.194,15.725,15.414,15.315,15.516
13.925,11.833,9.200,7.442,5.590,0.000,5.468,8.022,8.707,9.146,11.700,12.943,13.733,14.462,15.531,16.046,15.628,15.668,16.474,15.958,14.939,15.521,16.039,15.762,15.567,15.786
13.465,11.928,9.203,8.766,7.479,5.468,0.000,5.622,7.287,8.227,10.158,12.027,13.460,13.928,15.030,15.684,15.245,15.363,16.848,16.181,14.991,15.554,16.398,15.895,15.735,15.768
12.568,11.441,9.627,9.163,8.197,8.022,5.622,0.000,5.802,7.627,8.373,9.571,12.224,13.461,13.967,14.135,13.951,14.101,15.550,15.378,13.889,14.665,15.569,15.190,15.325,15.745
12.428,10.961,9.459,9.768,9.127,8.707,7.287,5.802,0.000,5.880,7.853,8.022,10.075,12.125,13.272,12.794,12.594,12.907,14.566,14.603,14.509,14.486,15.309,15.181,15.547,15.848
12.561,10.977,9.928,10.120,9.986,9.146,8.227,7.627,5.880,0.000,5.889,8.033,9.221,11.000,12.787,12.898,12.210,12.798,14.835,14.966,15.012,16.309,16.662,16.386,16.414,16.548
11.622,11.062,10.479,11.674,12.009,11.700,10.158,8.373,7.853,5.889,0.000,6.056,8.154,9.673,11.250,11.876,11.463,11.833,13.769,14.464,14.440,15.774,17.231,16.422,16.743,16.823
12.365,11.460,11.695,12.688,12.798,12.943,12.027,9.571,8.022,8.033,6.056,0.000,6.216,8.074,9.062,9.189,9.200,10.104,11.435,12.053,12.859,14.290,15.407,15.751,16.144,16.508
13.623,13.344,13.444,14.446,14.202,13.733,13.460,12.224,10.075,9.221,8.154,6.216,0.000,6.121,8.037,8.306,8.386,9.925,11.633,11.952,12.853,14.669,15.801,16.706,17.590,17.028
14.398,14.170,14.562,15.482,15.339,14.462,13.928,13.461,12.125,11.000,9.673,8.074,6.121,0.000,6.216,7.679,7.340,7.944,10.499,11.341,11.332,12.941,15.036,15.847,16.765,17.264
14.701,14.564,15.164,16.071,15.982,15.531,15.030,13.967,13.272,12.787,11.250,9.062,8.037,6.216,0.000,6.145,7.738,6.972,7.950,10.522,11.304,11.294,13.029,15.338,16.226,16.724
14.317,14.453,14.836,15.779,15.979,16.046,15.684,14.135,12.794,12.898,11.876,9.189,8.306,7.679,6.145,0.000,5.922,7.718,6.869,7.700,10.255,11.288,11.419,13.262,15.316,15.924
14.551,14.251,14.616,15.572,15.705,15.628,15.245,13.951,12.594,12.210,11.463,9.200,8.386,7.340,7.738,5.922,0.000,5.694,7.634,6.574,7.267,10.112,11.276,11.683,13.281,14.791
14.713,14.194,14.672,15.465,15.453,15.668,15.363,14.101,12.907,12.798,11.833,10.104,9.925,7.944,6.972,7.718,5.694,0.000,5.652,7.522,6.220,7.018,10.127,11.416,12.102,13.288
15.424,15.098,15.467,16.111,16.257,16.474,16.848,15.550,14.566,14.835,13.769,11.435,11.633,10.499,7.950,6.869,7.634,5.652,0.000,5.776,7.524,6.270,7.219,10.406,11.850,12.400
15.172,14.903,14.997,15.499,15.426,15.958,16.181,15.378,14.603,14.966,14.464,12.053,11.952,11.341,10.522,7.700,6.574,7.522,5.776,0.000,5.739,7.496,6.344,7.678,10.226,11.429
14.833,14.432,14.418,14.840,14.657,14.939,14.991,13.889,14.509,15.012,14.440,12.859,12.853,11.332,11.304,10.255,7.267,6.220,7.524,5.739,0.000,5.501,7.498,6.762,8.347,10.053
15.519,15.102,15.325,15.442,15.194,15.521,15.554,14.665,14.486,16.309,15.774,14.290,14.669,12.941,11.294,11.288,10.112,7.018,6.270,7.496,5.501,0.000,5.505,7.558,7.728,9.036
16.039,15.797,16.035,15.925,15.725,16.039,16.398,15.569,15.309,16.662,17.231,15.407,15.801,15.036,13.029,11.419,11.276,10.127,7.219,6.344,7.498,5.505,0.000,5.605,7.767,8.451
15.853,15.701,15.718,15.713,15.414,15.762,15.895,15.190,15.181,16.386,16.422,15.751,16.706,15.847,15.338,13.262,11.683,11.416,10.406,7.678,6.762,7.558,5.605,0.000,5.647,7.653
15.676,15.557,15.664,15.620,15.315,15.567,15.735,15.325,15.547,16.414,16.743,16.144,17.590,16.765,16.226,15.316,13.281,12.102,11.850,10.226,8.347,7.728,7.767,5.647,0.000,6.009
15.814,15.840,15.923,15.906,15.516,15.786,15.768,15.745,15.848,16.548,16.823,16.508,17.028,17.264,16.724,15.924,14.791,13.288,12.400,11.429,10.053,9.036,8.451,7.653,6.009,0.000