c1,c2,c3,c4,c5,c6,c7,c8,c9,c10,c11,c12,c13,c14,c15,c16,c17,c18,c19,c20,c21,c22,c23,c24,c25,c26
0.000,6.025,7.567,10.104,12.629,14.003,13.650,12.287,11.462,11.770,10.957,11.419,13.049,14.023,14.638,13.243,13.289,14.484,14.631,13.473,14.088,15.586,15.569,15.223,15.336,15.298
6.025,0.000,5.824,7.451,10.363,12.055,12.334,11.339,10.082,10.277,10.504,10.319,12.608,13.523,14.256,12.921,12.376,13.751,14.077,12.561,13.235,15.114,15.108,14.636,15.051,15.092
7.567,5.824,0.000,5.940,7.583,9.178,9.399,9.171,8.424,9.630,10.645,11.315,13.515,14.634,15.419,13.840,13.352,14.692,14.847,13.043,13.579,15.481,15.456,14.736,14.981,14.808
10.104,7.451,5.940,0.000,5.532,7.651,9.029,9.180,8.982,9.846,11.682,12.050,14.530,15.398,16.134,14.722,14.165,15.250,15.419,13.645,13.924,15.625,15.473,14.885,15.131,15.167
12.629,10.363,7.583,5.532,0.000,5.685,7.403,8.327,9.201,10.423,12.560,12.874,14.940,15.847,16.481,15.601,15.021,15.774,16.130,14.214,14.455,15.989,15.813,15.038,15.298,15.181
14.003,12.055,9.178,7.651,5.685,0.000,5.522,8.176,9.182,10.166,12.668,13.305,15.042,15.617,16.379,15.763,15.143,16.010,16.380,14.706,14.712,16.140,16.093,15.316,15.502,15.350
13.650,12.334,9.399,9.029,7.403,5.522,0.000,5.704,7.583,8.994,11.005,12.538,14.670,15.118,16.244,15.286,14.767,15.937,16.678,14.757,14.895,16.322,16.189,15.266,15.813,15.372
12.287,11.339,9.171,9.180,8.327,8.176,5.704,0.000,6.052,7.712,9.044,10.295,13.375,14.394,15.198,13.892,13.585,14.943,15.603,13.964,14.116,15.642,15.466,14.707,15.393,15.192
11.462,10.082,8.424,8.982,9.201,9.182,7.583,6.052,0.000,6.081,8.005,8.479,11.319,12.951,14.342,12.607,12.250,13.893,14.724,13.495,14.079,15.211,15.273,14.727,15.211,14.887
11.770,10.277,9.630,9.846,10.423,10.166,8.994,7.712,6.081,0.000,6.081,8.178,10.212,11.839,13.801,12.631,12.219,13.959,15.100,13.956,14.988,16.674,16.522,15.920,16.480,15.931
10.957,10.504,10.645,11.682,12.560,12.668,11.005,9.044,8.005,6.081,0.000,6.229,8.569,10.623,12.086,11.302,11.421,13.065,13.917,13.361,14.561,16.288,16.516,15.932,16.555,15.933
11.419,10.319,11.315,12.050,12.874,13.305,12.538,10.295,8.479,8.178,6.229,0.000,6.425,8.351,9.270,8.230,8.429,10.401,10.986,10.370,12.070,13.890,14.318,14.843,15.228,14.905
13.049,12.608,13.515,14.530,14.940,15.042,14.670,13.375,11.319,10.212,8.569,6.425,0.000,6.143,7.599,7.780,8.449,10.384,11.298,11.602,12.999,14.572,15.472,16.642,16.984,16.221
14.023,13.523,14.634,15.398,15.847,15.617,15.118,14.394,12.951,11.839,10.623,8.351,6.143,0.000,6.294,7.600,7.247,8.219,10.839,11.281,11.466,13.054,15.069,16.126,16.602,16.473
14.638,14.256,15.419,16.134,16.481,16.379,16.244,15.198,14.342,13.801,12.086,9.270,7.599,6.294,0.000,6.180,7.731,7.215,8.026,10.482,11.365,11.453,13.049,15.540,16.038,16.305
13.243,12.921,13.840,14.722,15.601,15.763,15.286,13.892,12.607,12.631,11.302,8.230,7.780,7.600,6.180,0.000,5.902,7.711,6.664,7.494,10.173,11.100,11.288,13.365,14.611,15.051
13.289,12.376,13.352,14.165,15.021,15.143,14.767,13.585,12.250,12.219,11.421,8.429,8.449,7.247,7.731,5.902,0.000,5.695,7.669,6.450,7.209,10.104,11.202,11.921,12.993,13.596
14.484,13.751,14.692,15.250,15.774,16.010,15.937,14.943,13.893,13.959,13.065,10.401,10.384,8.219,7.215,7.711,5.695,0.000,5.673,7.505,6.115,6.923,10.076,11.502,12.167,12.867
14.631,14.077,14.847,15.419,16.130,16.380,16.678,15.603,14.724,15.100,13.917,10.986,11.298,10.839,8.026,6.664,7.669,5.673,0.000,5.815,7.506,6.133,7.038,10.356,11.263,12.183
13.473,12.561,13.043,13.645,14.214,14.706,14.757,13.964,13.495,13.956,13.361,10.370,11.602,11.281,10.482,7.494,6.450,7.505,5.815,0.000,5.692,7.473,6.264,7.668,9.327,10.597
14.088,13.235,13.579,13.924,14.455,14.712,14.895,14.116,14.079,14.988,14.561,12.070,12.999,11.466,11.365,10.173,7.209,6.115,7.506,5.692,0.000,5.451,7.481,6.833,8.356,9.296
15.586,15.114,15.481,15.625,15.989,16.140,16.322,15.642,15.211,16.674,16.288,13.890,14.572,13.054,11.453,11.100,10.104,6.923,6.133,7.473,5.451,0.000,5.406,7.587,8.026,9.419
15.569,15.108,15.456,15.473,15.813,16.093,16.189,15.466,15.273,16.522,16.516,14.318,15.472,15.069,13.049,11.288,11.202,10.076,7.038,6.264,7.481,5.406,0.000,5.516,7.344,8.950
15.223,14.636,14.736,14.885,15.038,15.316,15.266,14.707,14.727,15.920,15.932,14.843,16.642,16.126,15.540,13.365,11.921,11.502,10.356,7.668,6.833,7.587,5.516,0.000,5.694,7.736
15.336,15.051,14.981,15.131,15.298,15.502,15.813,15.393,15.211,16.480,16.555,15.228,16.984,16.602,16.038,14.611,12.993,12.167,11.263,9.327,8.356,8.026,7.344,5.694,0.000,6.492
15.298,15.092,14.808,15.167,15.181,15.350,15.372,15.192,14.887,15.931,15.933,14.905,16.221,16.473,16.305,15.051,13.596,12.867,12.183,10.597,9.296,9.419,8.950,7.736,6.492,0.000