c1,c2,c3,c4,c5,c6,c7,c8,c9,c10,c11,c12,c13,c14,c15,c16,c17,c18,c19,c20,c21,c22,c23,c24,c25,c26
0.000,6.145,7.763,9.988,12.470,13.965,13.695,12.210,11.466,12.374,11.884,12.007,13.476,14.419,14.717,13.816,13.852,13.758,14.058,14.104,13.982,14.875,15.293,15.352,15.246,15.217
6.145,0.000,5.933,7.360,10.260,12.187,12.341,11.018,9.773,11.130,10.999,10.947,12.944,13.949,14.281,13.386,13.066,12.819,13.271,13.235,13.047,14.187,14.769,15.063,14.948,14.958
7.763,5.933,0.000,6.094,7.470,9.200,9.468,8.886,8.438,10.210,10.768,11.489,13.586,14.736,14.972,13.925,13.731,12.899,13.180,13.375,12.790,13.843,14.528,14.788,14.800,14.822
9.988,7.360,6.094,0.000,5.576,8.371,9.442,9.752,9.135,11.142,12.317,12.787,14.861,15.688,15.872,15.016,14.782,14.005,14.177,13.999,13.454,14.200,14.821,15.128,15.001,15.259
12.470,10.260,7.470,5.576,0.000,5.700,7.414,8.667,9.250,11.223,12.955,13.580,15.353,15.974,16.095,15.465,15.300,14.259,14.547,14.444,13.392,14.124,14.686,14.881,14.918,15.215
13.965,12.187,9.200,8.371,5.700,0.000,5.733,8.513,9.443,11.221,13.421,14.095,15.737,15.807,15.877,15.510,15.313,14.279,14.652,14.727,13.477,13.992,14.664,14.798,14.821,15.132
13.695,12.341,9.468,9.442,7.414,5.733,0.000,5.969,7.818,9.457,11.572,13.217,15.216,15.432,15.579,14.944,14.692,13.821,14.410,14.356,13.005,13.682,14.186,14.427,14.623,14.768
12.210,11.018,8.886,9.752,8.667,8.513,5.969,0.000,6.270,7.945,9.810,11.207,13.973,14.935,15.127,13.895,13.769,12.727,13.636,13.543,12.382,13.245,13.886,13.995,14.320,14.412
11.466,9.773,8.438,9.135,9.250,9.443,7.818,6.270,0.000,6.208,7.968,8.843,11.530,13.314,13.857,12.214,12.187,11.625,12.345,12.490,12.250,13.217,13.845,14.158,14.524,14.641
12.374,11.130,10.210,11.142,11.223,11.221,9.457,7.945,6.208,0.000,6.207,8.315,10.556,12.393,13.501,12.480,12.714,11.960,13.359,13.610,13.600,14.794,15.128,15.367,15.310,15.265
11.884,10.999,10.768,12.317,12.955,13.421,11.572,9.810,7.968,6.207,0.000,6.412,8.663,10.640,11.672,11.380,12.188,11.863,13.206,13.631,13.990,15.303,15.887,15.953,15.956,15.807
12.007,10.947,11.489,12.787,13.580,14.095,13.217,11.207,8.843,8.315,6.412,0.000,6.783,8.632,9.725,8.941,9.823,10.404,11.462,11.975,12.914,14.270,14.834,15.281,15.543,15.528
13.476,12.944,13.586,14.861,15.353,15.737,15.216,13.973,11.530,10.556,8.663,6.783,0.000,6.364,7.670,7.952,9.375,10.838,12.345,12.738,13.687,15.127,15.709,16.362,16.741,16.552
14.419,13.949,14.736,15.688,15.974,15.807,15.432,14.935,13.314,12.393,10.640,8.632,6.364,0.000,6.565,7.951,9.094,10.332,12.162,12.633,13.065,14.276,15.373,16.144,16.608,16.592
14.717,14.281,14.972,15.872,16.095,15.877,15.579,15.127,13.857,13.501,11.672,9.725,7.670,6.565,0.000,6.459,8.302,9.540,10.437,11.803,12.879,13.377,14.106,15.652,16.329,16.550
13.816,13.386,13.925,15.016,15.465,15.510,14.944,13.895,12.214,12.480,11.380,8.941,7.952,7.951,6.459,0.000,6.343,7.998,8.398,9.200,11.484,12.523,12.518,13.847,15.119,15.477
13.852,13.066,13.731,14.782,15.300,15.313,14.692,13.769,12.187,12.714,12.188,9.823,9.375,9.094,8.302,6.343,0.000,6.023,8.123,8.087,9.158,11.707,12.459,12.902,13.628,14.597
13.758,12.819,12.899,14.005,14.259,14.279,13.821,12.727,11.625,11.960,11.863,10.404,10.838,10.332,9.540,7.998,6.023,0.000,6.045,7.901,7.669,8.975,11.236,12.382,12.665,13.315
14.058,13.271,13.180,14.177,14.547,14.652,14.410,13.636,12.345,13.359,13.206,11.462,12.345,12.162,10.437,8.398,8.123,6.045,0.000,6.083,7.673,7.664,8.588,11.247,11.898,12.496
14.104,13.235,13.375,13.999,14.444,14.727,14.356,13.543,12.490,13.610,13.631,11.975,12.738,12.633,11.803,9.200,8.087,7.901,6.083,0.000,5.918,7.609,7.225,8.912,10.318,11.501
13.982,13.047,12.790,13.454,13.392,13.477,13.005,12.382,12.250,13.600,13.990,12.914,13.687,13.065,12.879,11.484,9.158,7.669,7.673,5.918,0.000,5.659,7.674,7.684,9.143,10.269
14.875,14.187,13.843,14.200,14.124,13.992,13.682,13.245,13.217,14.794,15.303,14.270,15.127,14.276,13.377,12.523,11.707,8.975,7.664,7.609,5.659,0.000,5.572,7.715,8.472,9.837
15.293,14.769,14.528,14.821,14.686,14.664,14.186,13.886,13.845,15.128,15.887,14.834,15.709,15.373,14.106,12.518,12.459,11.236,8.588,7.225,7.674,5.572,0.000,5.729,7.651,8.933
15.352,15.063,14.788,15.128,14.881,14.798,14.427,13.995,14.158,15.367,15.953,15.281,16.362,16.144,15.652,13.847,12.902,12.382,11.247,8.912,7.684,7.715,5.729,0.000,5.803,7.782
15.246,14.948,14.800,15.001,14.918,14.821,14.623,14.320,14.524,15.310,15.956,15.543,16.741,16.608,16.329,15.119,13.628,12.665,11.898,10.318,9.143,8.472,7.651,5.803,0.000,6.528
15.217,14.958,14.822,15.259,15.215,15.132,14.768,14.412,14.641,15.265,15.807,15.528,16.552,16.592,16.550,15.477,14.597,13.315,12.496,11.501,10.269,9.837,8.933,7.782,6.528,0.000