c1,c2,c3,c4,c5,c6,c7,c8,c9,c10,c11,c12,c13,c14,c15,c16,c17,c18,c19,c20,c21,c22,c23,c24,c25,c26
0.000,6.261,7.829,10.229,12.706,14.840,15.287,14.508,14.320,13.799,13.159,12.904,13.398,13.846,14.017,13.923,14.239,14.048,14.427,14.608,14.640,15.120,15.239,15.047,15.206,15.191
6.261,0.000,6.058,7.300,10.280,12.502,13.627,13.294,13.095,12.527,11.950,11.327,12.471,13.193,13.491,13.503,13.721,13.598,14.090,14.252,14.241,14.999,15.161,15.039,15.097,14.973
7.829,6.058,0.000,6.280,7.337,9.795,10.588,11.147,11.437,10.557,10.642,10.983,12.036,12.613,13.224,13.467,13.729,13.495,13.972,14.121,14.075,14.902,15.207,15.088,15.227,15.077
10.229,7.300,6.280,0.000,5.844,8.604,10.161,10.796,11.519,11.033,11.586,11.819,13.208,13.769,14.401,14.658,14.760,14.579,14.880,14.792,14.348,15.098,15.259,15.184,15.262,15.121
12.706,10.280,7.337,5.844,0.000,5.936,7.409,8.795,9.508,9.614,10.810,11.552,12.744,13.589,14.362,14.705,14.999,14.724,15.008,14.895,14.337,15.063,15.161,15.089,15.170,15.091
14.840,12.502,9.795,8.604,5.936,0.000,5.844,8.427,9.237,9.272,10.863,12.082,13.143,13.643,14.505,14.849,15.333,15.130,15.306,15.117,14.363,15.075,15.172,15.065,15.004,15.015
15.287,13.627,10.588,10.161,7.409,5.844,0.000,5.969,7.132,8.034,9.984,11.374,12.773,13.703,14.371,14.744,15.379,15.274,15.525,15.281,14.491,15.080,15.158,15.117,15.042,14.986
14.508,13.294,11.147,10.796,8.795,8.427,5.969,0.000,5.924,7.808,8.895,9.927,12.268,13.360,13.620,13.945,14.870,14.910,14.980,15.121,14.447,14.920,14.912,14.879,14.933,15.019
14.320,13.095,11.437,11.519,9.508,9.237,7.132,5.924,0.000,6.022,8.166,8.915,10.457,12.680,13.576,13.526,14.223,14.522,14.881,15.142,15.192,15.295,15.464,15.445,15.471,15.461
13.799,12.527,10.557,11.033,9.614,9.272,8.034,7.808,6.022,0.000,6.160,7.859,8.926,10.461,12.350,12.933,13.579,13.902,14.294,14.737,15.137,15.783,15.775,15.709,15.766,15.820
13.159,11.950,10.642,11.586,10.810,10.863,9.984,8.895,8.166,6.160,0.000,6.330,7.799,8.882,10.318,11.669,12.888,13.087,13.481,14.111,14.960,15.707,16.194,15.865,16.035,16.046
12.904,11.327,10.983,11.819,11.552,12.082,11.374,9.927,8.915,7.859,6.330,0.000,6.261,8.100,8.989,9.678,11.387,12.407,12.323,13.121,14.313,15.136,15.787,15.974,16.068,16.097
13.398,12.471,12.036,13.208,12.744,13.143,12.773,12.268,10.457,8.926,7.799,6.261,0.000,6.200,8.209,8.699,10.219,11.559,12.135,12.614,13.717,14.804,15.727,15.851,16.453,16.146
13.846,13.193,12.613,13.769,13.589,13.643,13.703,13.360,12.680,10.461,8.882,8.100,6.200,0.000,6.278,7.995,9.307,10.488,11.468,12.491,13.208,14.198,15.430,15.661,16.443,16.188
14.017,13.491,13.224,14.401,14.362,14.505,14.371,13.620,13.576,12.350,10.318,8.989,8.209,6.278,0.000,6.359,8.445,9.372,9.883,11.403,12.972,13.437,14.546,15.224,16.261,16.071
13.923,13.503,13.467,14.658,14.705,14.849,14.744,13.945,13.526,12.933,11.669,9.678,8.699,7.995,6.359,0.000,6.332,7.433,7.926,9.336,11.531,12.767,13.495,14.000,15.577,15.502
14.239,13.721,13.729,14.760,14.999,15.333,15.379,14.870,14.223,13.579,12.888,11.387,10.219,9.307,8.445,6.332,0.000,5.969,7.758,8.230,9.844,11.935,13.347,13.157,14.480,14.769
14.048,13.598,13.495,14.579,14.724,15.130,15.274,14.910,14.522,13.902,13.087,12.407,11.559,10.488,9.372,7.433,5.969,0.000,5.905,7.710,8.332,9.966,12.026,12.548,13.442,13.657
14.427,14.090,13.972,14.880,15.008,15.306,15.525,14.980,14.881,14.294,13.481,12.323,12.135,11.468,9.883,7.926,7.758,5.905,0.000,5.861,7.882,8.839,10.697,11.744,13.479,13.388
14.608,14.252,14.121,14.792,14.895,15.117,15.281,15.121,15.142,14.737,14.111,13.121,12.614,12.491,11.403,9.336,8.230,7.710,5.861,0.000,5.893,7.648,8.905,9.432,12.080,12.389
14.640,14.241,14.075,14.348,14.337,14.363,14.491,14.447,15.192,15.137,14.960,14.313,13.717,13.208,12.972,11.531,9.844,8.332,7.882,5.893,0.000,6.101,7.463,7.326,9.802,10.498
15.120,14.999,14.902,15.098,15.063,15.075,15.080,14.920,15.295,15.783,15.707,15.136,14.804,14.198,13.437,12.767,11.935,9.966,8.839,7.648,6.101,0.000,5.849,7.680,9.187,10.280
15.239,15.161,15.207,15.259,15.161,15.172,15.158,14.912,15.464,15.775,16.194,15.787,15.727,15.430,14.546,13.495,13.347,12.026,10.697,8.905,7.463,5.849,0.000,6.020,7.749,9.126
15.047,15.039,15.088,15.184,15.089,15.065,15.117,14.879,15.445,15.709,15.865,15.974,15.851,15.661,15.224,14.000,13.157,12.548,11.744,9.432,7.326,7.680,6.020,0.000,6.078,7.720
15.206,15.097,15.227,15.262,15.170,15.004,15.042,14.933,15.471,15.766,16.035,16.068,16.453,16.443,16.261,15.577,14.480,13.442,13.479,12.080,9.802,9.187,7.749,6.078,0.000,6.239
15.191,14.973,15.077,15.121,15.091,15.015,14.986,15.019,15.461,15.820,16.046,16.097,16.146,16.188,16.071,15.502,14.769,13.657,13.388,12.389,10.498,10.280,9.126,7.720,6.239,0.000