c1,c2,c3,c4,c5,c6,c7,c8,c9,c10,c11,c12,c13,c14,c15,c16,c17,c18,c19,c20,c21,c22,c23,c24,c25,c26
0.000,6.049,7.477,9.344,9.004,12.228,13.740,13.384,13.171,14.990,15.307,14.080,14.938,15.746,15.740,15.657,15.926,15.802,15.820,15.511,15.293,15.439,15.778,15.744,15.572,15.647
6.049,0.000,5.889,7.223,6.276,9.882,11.706,11.307,11.362,13.153,13.759,12.399,13.506,14.953,15.168,15.455,15.676,15.607,15.576,15.205,14.957,15.114,15.594,15.627,15.410,15.420
7.477,5.889,0.000,5.470,7.382,9.607,11.825,12.424,12.745,13.947,14.862,14.069,14.658,15.596,15.628,15.652,15.930,15.849,16.122,15.861,15.563,15.731,16.050,15.959,15.779,15.734
9.344,7.223,5.470,0.000,5.698,8.187,10.927,11.372,12.530,14.335,14.884,14.197,15.280,16.247,16.518,16.490,16.607,16.497,16.544,16.385,15.911,16.101,16.258,16.131,15.946,15.869
9.004,6.276,7.382,5.698,0.000,5.889,8.006,7.362,8.980,11.594,12.370,11.959,13.638,14.983,15.486,16.467,16.713,16.606,16.596,16.193,15.514,15.785,15.898,15.574,15.335,15.483
12.228,9.882,9.607,8.187,5.889,0.000,5.702,7.430,7.871,9.630,11.736,12.053,13.595,14.918,15.955,16.733,16.791,16.875,16.846,16.495,15.822,16.120,16.196,15.794,15.524,15.714
13.740,11.706,11.825,10.927,8.006,5.702,0.000,5.713,7.492,7.907,9.371,10.919,13.235,14.341,15.486,16.647,16.788,16.860,16.911,16.504,15.782,15.928,16.136,15.703,15.322,15.685
13.384,11.307,12.424,11.372,7.362,7.430,5.713,0.000,5.711,7.799,8.189,8.732,12.089,13.606,14.444,15.924,16.347,16.568,16.514,16.207,15.177,15.568,15.661,15.220,14.694,15.197
13.171,11.362,12.745,12.530,8.980,7.871,7.492,5.711,0.000,5.855,7.631,7.217,9.923,12.513,13.787,15.446,15.892,16.299,16.234,16.133,15.122,15.229,15.623,15.051,14.412,15.155
14.990,13.153,13.947,14.335,11.594,9.630,7.907,7.799,5.855,0.000,5.890,7.767,9.162,11.316,13.484,15.410,15.886,16.244,16.172,16.109,15.002,15.276,15.660,15.135,14.085,15.008
15.307,13.759,14.862,14.884,12.370,11.736,9.371,8.189,7.631,5.890,0.000,6.095,7.831,9.380,11.355,14.068,15.267,15.633,15.200,15.291,14.137,14.299,15.258,14.728,13.813,14.651
14.080,12.399,14.069,14.197,11.959,12.053,10.919,8.732,7.217,7.767,6.095,0.000,6.005,7.922,9.257,12.051,13.991,15.368,14.311,14.646,13.191,12.993,14.188,13.800,12.609,13.565
14.938,13.506,14.658,15.280,13.638,13.595,13.235,12.089,9.923,9.162,7.831,6.005,0.000,6.040,7.861,10.496,12.458,14.392,13.400,14.331,13.271,13.331,14.485,14.495,14.013,14.472
15.746,14.953,15.596,16.247,14.983,14.918,14.341,13.606,12.513,11.316,9.380,7.922,6.040,0.000,6.176,7.780,10.311,12.053,11.697,13.520,12.783,12.509,13.982,14.484,14.137,14.836
15.740,15.168,15.628,16.518,15.486,15.955,15.486,14.444,13.787,13.484,11.355,9.257,7.861,6.176,0.000,6.163,7.706,9.863,9.052,10.998,10.508,10.484,11.945,13.002,13.291,14.133
15.657,15.455,15.652,16.490,16.467,16.733,16.647,15.924,15.446,15.410,14.068,12.051,10.496,7.780,6.163,0.000,6.201,7.064,6.811,9.755,10.127,9.895,11.545,13.137,13.820,14.826
15.926,15.676,15.930,16.607,16.713,16.791,16.788,16.347,15.892,15.886,15.267,13.991,12.458,10.311,7.706,6.201,0.000,5.635,7.660,9.848,10.566,10.444,11.703,13.201,13.694,14.742
15.802,15.607,15.849,16.497,16.606,16.875,16.860,16.568,16.299,16.244,15.633,15.368,14.392,12.053,9.863,7.064,5.635,0.000,5.855,8.005,9.227,9.082,10.716,12.623,13.367,14.587
15.820,15.576,16.122,16.544,16.596,16.846,16.911,16.514,16.234,16.172,15.200,14.311,13.400,11.697,9.052,6.811,7.660,5.855,0.000,5.802,6.860,7.364,8.756,10.998,12.413,13.634
15.511,15.205,15.861,16.385,16.193,16.495,16.504,16.207,16.133,16.109,15.291,14.646,14.331,13.520,10.998,9.755,9.848,8.005,5.802,0.000,5.747,7.544,7.719,9.687,11.555,13.156
15.293,14.957,15.563,15.911,15.514,15.822,15.782,15.177,15.122,15.002,14.137,13.191,13.271,12.783,10.508,10.127,10.566,9.227,6.860,5.747,0.000,5.743,7.576,8.405,10.025,12.214
15.439,15.114,15.731,16.101,15.785,16.120,15.928,15.568,15.229,15.276,14.299,12.993,13.331,12.509,10.484,9.895,10.444,9.082,7.364,7.544,5.743,0.000,5.897,7.629,8.724,10.651
15.778,15.594,16.050,16.258,15.898,16.196,16.136,15.661,15.623,15.660,15.258,14.188,14.485,13.982,11.945,11.545,11.703,10.716,8.756,7.719,7.576,5.897,0.000,5.861,7.666,9.270
15.744,15.627,15.959,16.131,15.574,15.794,15.703,15.220,15.051,15.135,14.728,13.800,14.495,14.484,13.002,13.137,13.201,12.623,10.998,9.687,8.405,7.629,5.861,0.000,5.984,7.795
15.572,15.410,15.779,15.946,15.335,15.524,15.322,14.694,14.412,14.085,13.813,12.609,14.013,14.137,13.291,13.820,13.694,13.367,12.413,11.555,10.025,8.724,7.666,5.984,0.000,6.208
15.647,15.420,15.734,15.869,15.483,15.714,15.685,15.197,15.155,15.008,14.651,13.565,14.472,14.836,14.133,14.826,14.742,14.587,13.634,13.156,12.214,10.651,9.270,7.795,6.208,0.000