c1,c2,c3,c4,c5,c6,c7,c8,c9,c10,c11,c12,c13,c14,c15,c16,c17,c18,c19,c20,c21,c22,c23,c24,c25,c26
0.000,6.179,7.745,10.457,12.487,14.844,14.819,13.361,14.072,14.426,14.029,14.305,14.632,15.083,15.443,15.795,15.554,15.255,15.218,14.826,14.329,14.382,14.371,14.567,14.581,14.940
6.179,0.000,5.908,7.703,9.996,12.534,13.437,12.627,13.252,13.521,13.800,14.108,14.426,14.993,15.159,15.736,15.297,14.620,14.409,13.949,13.203,13.219,13.198,13.520,13.605,14.218
7.745,5.908,0.000,5.954,6.585,9.168,9.400,9.399,11.190,12.187,12.033,13.720,13.878,14.052,14.027,14.456,13.904,12.911,12.540,12.419,11.611,12.466,12.807,13.462,14.099,14.653
10.457,7.703,5.954,0.000,5.797,8.410,10.315,10.288,12.817,14.157,14.320,15.136,15.331,15.384,15.177,15.689,15.090,14.183,13.682,13.384,12.161,12.849,12.766,13.425,14.038,14.685
12.487,9.996,6.585,5.797,0.000,5.860,6.546,7.463,9.875,12.436,13.392,15.010,15.106,15.191,14.883,15.061,14.196,12.979,12.298,12.406,10.958,12.399,12.826,13.574,14.489,15.029
14.844,12.534,9.168,8.410,5.860,0.000,5.710,7.755,9.830,12.577,14.102,15.747,15.626,14.745,13.991,14.536,14.046,12.872,12.597,12.875,11.902,13.399,13.743,14.417,15.107,15.384
14.819,13.437,9.400,10.315,6.546,5.710,0.000,5.784,7.408,10.428,12.070,15.128,15.779,15.134,14.671,14.691,13.799,12.396,11.881,12.632,11.560,13.265,13.892,14.780,15.349,15.507
13.361,12.627,9.399,10.288,7.463,7.755,5.784,0.000,5.965,7.880,9.800,12.739,14.167,14.690,14.392,13.797,12.960,11.256,11.250,12.108,11.752,13.271,14.341,14.768,15.494,15.756
14.072,13.252,11.190,12.817,9.875,9.830,7.408,5.965,0.000,6.000,7.679,10.793,12.524,14.006,14.549,13.853,12.782,11.518,10.844,12.332,12.047,13.746,14.567,15.162,15.633,15.923
14.426,13.521,12.187,14.157,12.436,12.577,10.428,7.880,6.000,0.000,6.565,8.667,10.448,12.053,13.191,12.993,12.766,12.099,12.289,13.502,13.794,14.864,15.343,15.603,16.041,16.201
14.029,13.800,12.033,14.320,13.392,14.102,12.070,9.800,7.679,6.565,0.000,6.783,7.753,8.817,10.681,11.132,11.385,11.594,11.837,13.214,13.731,14.976,15.510,15.905,16.220,16.363
14.305,14.108,13.720,15.136,15.010,15.747,15.128,12.739,10.793,8.667,6.783,0.000,6.354,8.202,9.426,10.187,11.204,12.277,13.134,14.174,14.936,15.444,15.876,16.345,16.518,16.607
14.632,14.426,13.878,15.331,15.106,15.626,15.779,14.167,12.524,10.448,7.753,6.354,0.000,6.261,7.724,9.045,10.145,11.886,13.514,14.546,15.364,15.841,16.392,16.714,16.723,16.701
15.083,14.993,14.052,15.384,15.191,14.745,15.134,14.690,14.006,12.053,8.817,8.202,6.261,0.000,6.389,8.011,9.259,11.024,13.010,14.457,15.497,15.909,16.638,16.894,16.885,16.891
15.443,15.159,14.027,15.177,14.883,13.991,14.671,14.392,14.549,13.191,10.681,9.426,7.724,6.389,0.000,6.420,8.096,9.918,12.083,13.997,15.581,15.827,16.347,16.777,16.816,16.887
15.795,15.736,14.456,15.689,15.061,14.536,14.691,13.797,13.853,12.993,11.132,10.187,9.045,8.011,6.420,0.000,6.332,8.075,10.226,12.201,15.053,16.063,16.275,16.574,16.559,16.685
15.554,15.297,13.904,15.090,14.196,14.046,13.799,12.960,12.782,12.766,11.385,11.204,10.145,9.259,8.096,6.332,0.000,6.072,7.775,9.566,12.626,14.743,16.404,16.539,16.454,16.413
15.255,14.620,12.911,14.183,12.979,12.872,12.396,11.256,11.518,12.099,11.594,12.277,11.886,11.024,9.918,8.075,6.072,0.000,5.854,7.380,10.280,12.725,15.643,16.773,16.359,16.138
15.218,14.409,12.540,13.682,12.298,12.597,11.881,11.250,10.844,12.289,11.837,13.134,13.514,13.010,12.083,10.226,7.775,5.854,0.000,5.831,7.357,10.453,13.292,15.394,16.399,15.863
14.826,13.949,12.419,13.384,12.406,12.875,12.632,12.108,12.332,13.502,13.214,14.174,14.546,14.457,13.997,12.201,9.566,7.380,5.831,0.000,5.799,7.014,10.584,12.604,14.732,15.690
14.329,13.203,11.611,12.161,10.958,11.902,11.560,11.752,12.047,13.794,13.731,14.936,15.364,15.497,15.581,15.053,12.626,10.280,7.357,5.799,0.000,5.808,7.435,10.280,12.449,13.988
14.382,13.219,12.466,12.849,12.399,13.399,13.265,13.271,13.746,14.864,14.976,15.444,15.841,15.909,15.827,16.063,14.743,12.725,10.453,7.014,5.808,0.000,5.734,7.093,9.630,11.696
14.371,13.198,12.807,12.766,12.826,13.743,13.892,14.341,14.567,15.343,15.510,15.876,16.392,16.638,16.347,16.275,16.404,15.643,13.292,10.584,7.435,5.734,0.000,5.722,7.480,9.765
14.567,13.520,13.462,13.425,13.574,14.417,14.780,14.768,15.162,15.603,15.905,16.345,16.714,16.894,16.777,16.574,16.539,16.773,15.394,12.604,10.280,7.093,5.722,0.000,5.887,7.715
14.581,13.605,14.099,14.038,14.489,15.107,15.349,15.494,15.633,16.041,16.220,16.518,16.723,16.885,16.816,16.559,16.454,16.359,16.399,14.732,12.449,9.630,7.480,5.887,0.000,6.365
14.940,14.218,14.653,14.685,15.029,15.384,15.507,15.756,15.923,16.201,16.363,16.607,16.701,16.891,16.887,16.685,16.413,16.138,15.863,15.690,13.988,11.696,9.765,7.715,6.365,0.000