c1,c2,c3,c4,c5,c6,c7,c8,c9,c10,c11,c12,c13,c14,c15,c16,c17,c18,c19,c20,c21,c22,c23,c24,c25,c26
0.000,6.017,7.672,10.422,12.617,14.849,15.982,14.969,15.382,15.377,14.355,15.045,14.794,14.258,15.087,15.531,15.412,15.208,16.113,15.506,14.680,14.486,14.445,14.727,14.877,14.617
6.017,0.000,5.844,7.469,9.265,11.974,14.154,13.871,14.951,14.836,14.046,14.742,14.503,14.028,14.975,15.333,14.918,14.666,15.191,14.499,13.478,13.397,13.356,14.209,14.438,14.445
7.672,5.844,0.000,5.715,7.450,9.863,12.434,12.420,14.466,14.868,13.850,14.690,13.481,12.816,13.816,14.097,13.890,13.763,14.362,13.935,13.301,12.819,12.880,13.937,14.239,14.282
10.422,7.469,5.715,0.000,5.828,7.114,10.569,11.652,13.958,15.196,14.929,15.897,15.123,14.187,14.954,15.128,14.347,13.965,14.355,13.498,12.980,12.918,12.735,14.481,14.911,15.081
12.617,9.265,7.450,5.828,0.000,5.833,8.730,9.780,12.506,14.464,15.426,17.033,16.396,14.881,15.756,15.627,14.176,13.479,14.151,13.137,12.751,12.753,12.254,14.035,14.523,15.126
14.849,11.974,9.863,7.114,5.833,0.000,6.235,7.671,9.448,11.808,13.317,15.875,15.541,13.822,14.728,14.470,13.164,12.706,13.507,13.145,13.028,13.105,12.315,14.288,14.713,15.384
15.982,14.154,12.434,10.569,8.730,6.235,0.000,5.991,7.056,9.241,11.344,14.360,14.691,12.686,13.559,13.569,12.284,12.051,13.332,13.359,13.754,13.602,12.414,14.275,14.269,15.038
14.969,13.871,12.420,11.652,9.780,7.671,5.991,0.000,6.118,7.836,9.530,12.670,12.998,11.511,12.643,12.643,11.572,11.556,13.360,14.057,14.677,14.070,12.653,13.857,13.841,14.170
15.382,14.951,14.466,13.958,12.506,9.448,7.056,6.118,0.000,6.090,7.914,11.064,11.705,10.510,12.174,12.328,11.438,11.679,13.731,14.233,14.907,14.494,13.126,13.987,13.585,14.160
15.377,14.836,14.868,15.196,14.464,11.808,9.241,7.836,6.090,0.000,6.258,9.014,10.094,9.304,11.273,12.444,12.143,12.718,14.438,15.096,15.869,15.468,14.008,14.963,14.179,14.642
14.355,14.046,13.850,14.929,15.426,13.317,11.344,9.530,7.914,6.258,0.000,6.760,6.976,7.362,9.675,11.476,12.263,13.329,14.821,15.719,16.564,15.928,14.525,15.296,14.313,14.473
15.045,14.742,14.690,15.897,17.033,15.875,14.360,12.670,11.064,9.014,6.760,0.000,6.157,7.889,9.534,11.707,13.340,14.643,15.547,16.213,16.799,16.480,15.568,15.840,14.874,14.852
14.794,14.503,13.481,15.123,16.396,15.541,14.691,12.998,11.705,10.094,6.976,6.157,0.000,6.218,7.975,9.871,11.666,13.873,15.442,15.899,16.521,16.053,14.837,14.997,14.168,14.435
14.258,14.028,12.816,14.187,14.881,13.822,12.686,11.511,10.510,9.304,7.362,7.889,6.218,0.000,6.424,7.933,9.498,11.565,14.163,15.445,15.968,14.742,13.452,13.579,13.267,13.404
15.087,14.975,13.816,14.954,15.756,14.728,13.559,12.643,12.174,11.273,9.675,9.534,7.975,6.424,0.000,6.290,7.862,9.742,12.188,14.338,14.957,13.833,12.567,13.300,12.949,13.112
15.531,15.333,14.097,15.128,15.627,14.470,13.569,12.643,12.328,12.444,11.476,11.707,9.871,7.933,6.290,0.000,6.317,7.746,9.981,12.279,13.809,12.718,11.718,12.048,12.653,12.987
15.412,14.918,13.890,14.347,14.176,13.164,12.284,11.572,11.438,12.143,12.263,13.340,11.666,9.498,7.862,6.317,0.000,6.128,7.559,9.955,11.484,11.233,10.404,11.504,12.474,12.648
15.208,14.666,13.763,13.965,13.479,12.706,12.051,11.556,11.679,12.718,13.329,14.643,13.873,11.565,9.742,7.746,6.128,0.000,5.929,7.437,8.845,8.379,8.439,10.003,11.913,12.453
16.113,15.191,14.362,14.355,14.151,13.507,13.332,13.360,13.731,14.438,14.821,15.547,15.442,14.163,12.188,9.981,7.559,5.929,0.000,5.874,7.717,8.196,9.642,10.330,13.248,13.822
15.506,14.499,13.935,13.498,13.137,13.145,13.359,14.057,14.233,15.096,15.719,16.213,15.899,15.445,14.338,12.279,9.955,7.437,5.874,0.000,5.763,6.855,9.103,9.948,13.136,14.164
14.680,13.478,13.301,12.980,12.751,13.028,13.754,14.677,14.907,15.869,16.564,16.799,16.521,15.968,14.957,13.809,11.484,8.845,7.717,5.763,0.000,6.066,8.242,9.541,12.540,14.108
14.486,13.397,12.819,12.918,12.753,13.105,13.602,14.070,14.494,15.468,15.928,16.480,16.053,14.742,13.833,12.718,11.233,8.379,8.196,6.855,6.066,0.000,5.804,7.333,10.232,12.030
14.445,13.356,12.880,12.735,12.254,12.315,12.414,12.653,13.126,14.008,14.525,15.568,14.837,13.452,12.567,11.718,10.404,8.439,9.642,9.103,8.242,5.804,0.000,5.926,7.772,9.481
14.727,14.209,13.937,14.481,14.035,14.288,14.275,13.857,13.987,14.963,15.296,15.840,14.997,13.579,13.300,12.048,11.504,10.003,10.330,9.948,9.541,7.333,5.926,0.000,6.183,7.580
14.877,14.438,14.239,14.911,14.523,14.713,14.269,13.841,13.585,14.179,14.313,14.874,14.168,13.267,12.949,12.653,12.474,11.913,13.248,13.136,12.540,10.232,7.772,6.183,0.000,6.451
14.617,14.445,14.282,15.081,15.126,15.384,15.038,14.170,14.160,14.642,14.473,14.852,14.435,13.404,13.112,12.987,12.648,12.453,13.822,14.164,14.108,12.030,9.481,7.580,6.451,0.000