c1,c2,c3,c4,c5,c6,c7,c8,c9,c10,c11,c12,c13,c14,c15,c16,c17,c18,c19,c20,c21,c22,c23,c24,c25,c26
0.000,6.208,7.873,10.717,13.656,14.854,12.079,14.187,14.605,14.624,14.242,13.090,14.202,13.682,14.063,13.706,13.398,12.651,12.547,13.155,13.110,14.436,14.855,14.914,14.969,15.391
6.208,0.000,5.928,7.858,10.354,12.364,10.342,12.909,13.744,13.570,13.511,12.186,13.798,13.359,13.956,13.579,13.060,12.226,11.732,12.555,12.202,13.951,14.695,14.870,14.893,15.222
7.873,5.928,0.000,5.952,8.177,9.531,6.923,9.329,10.036,10.383,10.793,9.559,12.155,12.296,13.321,12.884,12.377,11.429,10.562,11.645,11.172,13.301,14.039,14.979,15.401,15.702
10.717,7.858,5.952,0.000,6.189,6.033,5.242,9.262,11.261,11.632,11.682,10.906,13.488,13.874,14.880,14.455,13.971,13.254,12.375,13.086,12.020,13.996,14.627,15.384,15.883,16.126
13.656,10.354,8.177,6.189,0.000,5.714,7.581,9.584,11.263,11.705,12.209,11.516,13.901,14.307,15.286,14.595,14.241,13.726,12.811,13.667,12.511,13.965,14.708,15.392,16.071,16.448
14.854,12.364,9.531,6.033,5.714,0.000,6.421,8.286,10.680,10.815,11.944,11.671,14.319,14.734,15.694,15.077,14.588,14.549,13.549,14.328,13.043,14.088,14.644,15.259,15.793,16.344
12.079,10.342,6.923,5.242,7.581,6.421,0.000,6.224,8.914,9.300,9.710,10.309,13.210,14.072,15.026,14.447,13.891,13.689,12.903,13.353,12.289,13.487,14.116,14.967,15.742,16.278
14.187,12.909,9.329,9.262,9.584,8.286,6.224,0.000,5.938,6.937,8.630,9.645,13.133,14.646,15.596,14.813,14.625,15.000,13.991,14.662,13.101,13.986,14.150,14.705,15.480,16.122
14.605,13.744,10.036,11.261,11.263,10.680,8.914,5.938,0.000,5.852,7.677,8.699,11.977,13.991,15.638,14.928,14.594,14.924,13.958,14.121,12.921,13.541,13.792,14.170,14.926,15.682
14.624,13.570,10.383,11.632,11.705,10.815,9.300,6.937,5.852,0.000,6.005,7.915,10.492,12.947,14.743,14.550,14.354,14.386,13.107,13.228,12.306,13.113,13.191,13.611,14.270,15.422
14.242,13.511,10.793,11.682,12.209,11.944,9.710,8.630,7.677,6.005,0.000,6.446,8.512,11.164,12.684,13.710,14.130,14.059,12.938,12.990,12.762,13.325,13.904,14.287,15.069,15.994
13.090,12.186,9.559,10.906,11.516,11.671,10.309,9.645,8.699,7.915,6.446,0.000,6.747,8.307,9.760,10.051,10.560,11.130,9.948,10.391,10.794,12.347,13.525,14.444,15.518,16.365
14.202,13.798,12.155,13.488,13.901,14.319,13.210,13.133,11.977,10.492,8.512,6.747,0.000,6.496,7.047,8.718,10.264,11.182,11.882,12.090,12.731,13.599,14.924,15.685,16.549,17.023
13.682,13.359,12.296,13.874,14.307,14.734,14.072,14.646,13.991,12.947,11.164,8.307,6.496,0.000,6.345,7.859,8.790,9.781,11.609,12.922,13.450,14.418,15.993,16.466,16.822,17.154
14.063,13.956,13.321,14.880,15.286,15.694,15.026,15.596,15.638,14.743,12.684,9.760,7.047,6.345,0.000,6.382,7.849,8.780,10.669,12.618,14.315,14.332,15.789,16.130,16.611,16.957
13.706,13.579,12.884,14.455,14.595,15.077,14.447,14.813,14.928,14.550,13.710,10.051,8.718,7.859,6.382,0.000,6.125,7.560,9.664,11.006,14.025,14.777,15.290,15.195,16.012,16.596
13.398,13.060,12.377,13.971,14.241,14.588,13.891,14.625,14.594,14.354,14.130,10.560,10.264,8.790,7.849,6.125,0.000,5.933,7.921,9.841,12.109,14.475,15.345,14.633,15.244,16.096
12.651,12.226,11.429,13.254,13.726,14.549,13.689,15.000,14.924,14.386,14.059,11.130,11.182,9.781,8.780,7.560,5.933,0.000,6.013,7.399,9.773,11.951,14.005,14.546,14.632,15.462
12.547,11.732,10.562,12.375,12.811,13.549,12.903,13.991,13.958,13.107,12.938,9.948,11.882,11.609,10.669,9.664,7.921,6.013,0.000,5.898,7.508,9.550,11.687,13.144,14.261,15.064
13.155,12.555,11.645,13.086,13.667,14.328,13.353,14.662,14.121,13.228,12.990,10.391,12.090,12.922,12.618,11.006,9.841,7.399,5.898,0.000,5.919,7.709,9.743,10.884,12.677,14.417
13.110,12.202,11.172,12.020,12.511,13.043,12.289,13.101,12.921,12.306,12.762,10.794,12.731,13.450,14.315,14.025,12.109,9.773,7.508,5.919,0.000,6.096,6.919,8.238,10.229,12.768
14.436,13.951,13.301,13.996,13.965,14.088,13.487,13.986,13.541,13.113,13.325,12.347,13.599,14.418,14.332,14.777,14.475,11.951,9.550,7.709,6.096,0.000,5.877,7.758,8.946,11.252
14.855,14.695,14.039,14.627,14.708,14.644,14.116,14.150,13.792,13.191,13.904,13.525,14.924,15.993,15.789,15.290,15.345,14.005,11.687,9.743,6.919,5.877,0.000,6.049,7.505,9.660
14.914,14.870,14.979,15.384,15.392,15.259,14.967,14.705,14.170,13.611,14.287,14.444,15.685,16.466,16.130,15.195,14.633,14.546,13.144,10.884,8.238,7.758,6.049,0.000,6.188,8.250
14.969,14.893,15.401,15.883,16.071,15.793,15.742,15.480,14.926,14.270,15.069,15.518,16.549,16.822,16.611,16.012,15.244,14.632,14.261,12.677,10.229,8.946,7.505,6.188,0.000,6.687
15.391,15.222,15.702,16.126,16.448,16.344,16.278,16.122,15.682,15.422,15.994,16.365,17.023,17.154,16.957,16.596,16.096,15.462,15.064,14.417,12.768,11.252,9.660,8.250,6.687,0.000