c1,c2,c3,c4,c5,c6,c7,c8,c9,c10,c11,c12,c13,c14,c15,c16,c17,c18,c19,c20,c21,c22,c23,c24,c25,c26
0.000,6.047,7.633,10.201,12.530,15.093,15.585,14.217,13.932,15.152,15.108,14.922,15.945,15.523,15.734,15.412,15.573,15.520,15.239,15.185,14.600,15.072,14.755,15.136,14.697,14.730
6.047,0.000,5.835,7.389,9.614,12.273,13.767,13.461,12.409,13.647,14.358,13.691,15.118,15.688,15.402,15.107,15.423,15.287,15.092,14.855,13.948,14.597,14.149,14.383,14.298,14.068
7.633,5.835,0.000,5.851,7.296,9.686,11.055,12.447,12.419,12.645,13.280,13.583,14.922,15.592,16.264,15.514,15.841,15.722,15.342,14.998,13.702,14.368,13.387,13.814,14.041,13.843
10.201,7.389,5.851,0.000,5.826,7.704,8.867,9.716,10.792,12.517,12.304,12.585,14.673,15.325,15.980,16.047,15.875,15.973,15.581,15.157,13.772,14.431,13.470,13.763,14.238,13.658
12.530,9.614,7.296,5.826,0.000,5.754,7.002,8.170,8.690,11.249,12.228,12.047,13.901,15.041,15.655,15.722,16.235,16.033,15.614,14.922,13.310,14.060,12.776,13.271,13.854,13.619
15.093,12.273,9.686,7.704,5.754,0.000,5.700,7.772,7.960,9.502,12.028,12.645,13.814,14.823,15.862,15.938,16.342,16.715,16.048,15.471,13.816,14.389,13.208,13.569,14.118,13.704
15.585,13.767,11.055,8.867,7.002,5.700,0.000,5.775,7.571,8.232,9.654,11.753,13.751,14.182,15.067,15.481,16.033,16.358,15.989,15.135,13.515,14.336,12.918,13.758,14.434,14.160
14.217,13.461,12.447,9.716,8.170,7.772,5.775,0.000,5.942,7.751,8.373,9.627,12.583,13.751,13.848,14.125,15.011,15.324,14.782,14.265,12.517,13.312,12.265,13.228,14.333,14.426
13.932,12.409,12.419,10.792,8.690,7.960,7.571,5.942,0.000,5.989,7.872,8.303,10.866,12.762,13.689,13.332,14.004,14.714,13.978,13.627,11.945,12.615,11.791,13.036,13.940,14.348
15.152,13.647,12.645,12.517,11.249,9.502,8.232,7.751,5.989,0.000,6.065,8.044,9.602,11.430,12.919,13.336,13.837,14.561,14.096,13.839,12.363,13.723,12.937,14.223,14.846,15.011
15.108,14.358,13.280,12.304,12.228,12.028,9.654,8.373,7.872,6.065,0.000,6.424,8.238,10.129,11.225,12.034,13.178,13.633,12.981,13.177,11.933,13.694,13.717,14.938,15.572,15.792
14.922,13.691,13.583,12.585,12.047,12.645,11.753,9.627,8.303,8.044,6.424,0.000,6.819,8.531,9.055,9.879,11.335,12.269,11.564,11.492,10.404,12.269,12.653,14.210,15.057,15.604
15.945,15.118,14.922,14.673,13.901,13.814,13.751,12.583,10.866,9.602,8.238,6.819,0.000,6.655,7.730,8.994,10.411,11.856,11.808,12.045,11.694,13.407,13.919,15.291,15.828,16.044
15.523,15.688,15.592,15.325,15.041,14.823,14.182,13.751,12.762,11.430,10.129,8.531,6.655,0.000,6.600,8.445,9.428,10.724,11.055,11.872,11.288,12.936,13.742,15.207,15.594,16.070
15.734,15.402,16.264,15.980,15.655,15.862,15.067,13.848,13.689,12.919,11.225,9.055,7.730,6.600,0.000,6.472,8.058,9.369,9.530,10.795,11.493,12.528,13.658,15.181,15.924,16.523
15.412,15.107,15.514,16.047,15.722,15.938,15.481,14.125,13.332,13.336,12.034,9.879,8.994,8.445,6.472,0.000,6.348,7.956,8.225,9.370,10.740,12.225,13.195,14.417,15.479,16.115
15.573,15.423,15.841,15.875,16.235,16.342,16.033,15.011,14.004,13.837,13.178,11.335,10.411,9.428,8.058,6.348,0.000,5.878,8.086,8.967,10.610,12.660,14.184,14.790,15.284,16.122
15.520,15.287,15.722,15.973,16.033,16.715,16.358,15.324,14.714,14.561,13.633,12.269,11.856,10.724,9.369,7.956,5.878,0.000,5.930,7.742,9.864,11.448,13.805,15.189,15.250,15.724
15.239,15.092,15.342,15.581,15.614,16.048,15.989,14.782,13.978,14.096,12.981,11.564,11.808,11.055,9.530,8.225,8.086,5.930,0.000,5.870,8.135,9.615,11.832,14.085,15.356,15.411
15.185,14.855,14.998,15.157,14.922,15.471,15.135,14.265,13.627,13.839,13.177,11.492,12.045,11.872,10.795,9.370,8.967,7.742,5.870,0.000,5.796,7.500,9.398,11.742,14.186,15.516
14.600,13.948,13.702,13.772,13.310,13.816,13.515,12.517,11.945,12.363,11.933,10.404,11.694,11.288,11.493,10.740,10.610,9.864,8.135,5.796,0.000,5.789,7.230,9.226,11.907,13.863
15.072,14.597,14.368,14.431,14.060,14.389,14.336,13.312,12.615,13.723,13.694,12.269,13.407,12.936,12.528,12.225,12.660,11.448,9.615,7.500,5.789,0.000,5.679,7.484,10.187,12.265
14.755,14.149,13.387,13.470,12.776,13.208,12.918,12.265,11.791,12.937,13.717,12.653,13.919,13.742,13.658,13.195,14.184,13.805,11.832,9.398,7.230,5.679,0.000,5.739,7.487,9.918
15.136,14.383,13.814,13.763,13.271,13.569,13.758,13.228,13.036,14.223,14.938,14.210,15.291,15.207,15.181,14.417,14.790,15.189,14.085,11.742,9.226,7.484,5.739,0.000,5.756,7.529
14.697,14.298,14.041,14.238,13.854,14.118,14.434,14.333,13.940,14.846,15.572,15.057,15.828,15.594,15.924,15.479,15.284,15.250,15.356,14.186,11.907,10.187,7.487,5.756,0.000,6.048
14.730,14.068,13.843,13.658,13.619,13.704,14.160,14.426,14.348,15.011,15.792,15.604,16.044,16.070,16.523,16.115,16.122,15.724,15.411,15.516,13.863,12.265,9.918,7.529,6.048,0.000