c1,c2,c3,c4,c5,c6,c7,c8,c9,c10,c11,c12,c13,c14,c15,c16,c17,c18,c19,c20,c21,c22,c23,c24,c25,c26
0.000,5.987,7.629,10.406,12.184,14.930,16.146,16.663,16.527,17.374,17.316,17.639,17.673,17.415,17.353,16.967,16.543,15.884,15.585,14.510,13.514,13.895,13.712,13.713,13.725,14.049
5.987,0.000,5.795,7.649,8.966,12.282,14.019,15.844,15.910,17.075,16.978,17.675,17.813,17.538,17.349,16.947,16.514,14.895,14.300,12.398,11.029,11.565,11.399,11.915,12.241,12.831
7.629,5.795,0.000,5.722,7.026,10.036,12.047,14.516,15.918,17.167,17.251,17.724,17.793,17.499,17.269,16.533,15.937,13.368,13.010,11.156,9.697,11.182,11.134,11.469,12.356,12.595
10.406,7.649,5.722,0.000,5.855,7.738,10.712,13.234,15.724,18.126,18.169,18.435,18.181,18.039,17.715,17.431,16.373,12.807,12.093,9.549,8.435,9.550,9.924,10.795,12.183,12.712
12.184,8.966,7.026,5.855,0.000,5.749,7.209,10.036,12.453,15.770,17.253,18.153,18.280,17.748,17.246,15.652,14.509,11.033,10.079,8.614,7.051,9.634,10.022,10.445,11.854,11.943
14.930,12.282,10.036,7.738,5.749,0.000,5.687,7.557,10.656,13.755,16.093,18.081,17.742,16.865,15.818,13.135,12.207,8.012,8.642,6.976,7.986,10.968,11.702,11.799,13.164,12.892
16.146,14.019,12.047,10.712,7.209,5.687,0.000,5.791,7.008,10.848,13.404,16.454,17.693,15.974,14.867,12.260,11.100,8.382,6.808,8.431,7.573,11.160,11.800,11.943,12.839,12.490
16.663,15.844,14.516,13.234,10.036,7.557,5.791,0.000,5.952,7.490,10.682,13.883,14.921,13.114,11.903,8.888,9.024,6.766,8.338,10.742,11.472,14.847,15.313,14.933,15.518,14.669
16.527,15.910,15.918,15.724,12.453,10.656,7.008,5.952,0.000,5.822,7.491,10.795,12.364,11.672,11.361,9.479,8.400,8.662,7.743,11.412,11.775,14.462,15.286,15.267,15.244,14.881
17.374,17.075,17.167,18.126,15.770,13.755,10.848,7.490,5.822,0.000,5.900,8.287,9.852,8.835,8.911,8.221,9.708,11.392,11.578,15.089,15.480,17.139,17.647,17.438,17.059,16.539
17.316,16.978,17.251,18.169,17.253,16.093,13.404,10.682,7.491,5.900,0.000,5.776,6.366,6.816,7.836,8.816,8.785,11.801,12.097,15.171,16.178,17.255,17.751,17.514,17.024,16.896
17.639,17.675,17.724,18.435,18.153,18.081,16.454,13.883,10.795,8.287,5.776,0.000,5.519,7.795,9.277,11.035,11.847,15.069,15.044,16.986,17.196,17.435,17.461,17.464,16.994,16.947
17.673,17.813,17.793,18.181,18.280,17.742,17.693,14.921,12.364,9.852,6.366,5.519,0.000,5.592,8.015,10.197,11.071,14.475,15.371,17.242,17.657,17.565,17.716,17.688,17.453,17.347
17.415,17.538,17.499,18.039,17.748,16.865,15.974,13.114,11.672,8.835,6.816,7.795,5.592,0.000,6.020,7.866,9.450,12.533,14.323,16.804,17.336,17.566,17.705,17.741,17.415,17.347
17.353,17.349,17.269,17.715,17.246,15.818,14.867,11.903,11.361,8.911,7.836,9.277,8.015,6.020,0.000,6.235,7.802,10.929,12.924,16.142,17.510,17.715,18.011,17.829,17.504,17.366
16.967,16.947,16.533,17.431,15.652,13.135,12.260,8.888,9.479,8.221,8.816,11.035,10.197,7.866,6.235,0.000,6.261,8.229,10.642,13.584,16.043,17.521,17.657,17.051,17.086,17.003
16.543,16.514,15.937,16.373,14.509,12.207,11.100,9.024,8.400,9.708,8.785,11.847,11.071,9.450,7.802,6.261,0.000,5.984,7.344,10.815,13.303,15.879,17.343,16.225,16.343,16.426
15.884,14.895,13.368,12.807,11.033,8.012,8.382,6.766,8.662,11.392,11.801,15.069,14.475,12.533,10.929,8.229,5.984,0.000,5.903,7.538,10.631,13.389,15.343,14.571,15.127,15.298
15.585,14.300,13.010,12.093,10.079,8.642,6.808,8.338,7.743,11.578,12.097,15.044,15.371,14.323,12.924,10.642,7.344,5.903,0.000,5.847,7.330,10.166,12.143,12.585,13.893,14.290
14.510,12.398,11.156,9.549,8.614,6.976,8.431,10.742,11.412,15.089,15.171,16.986,17.242,16.804,16.142,13.584,10.815,7.538,5.847,0.000,5.915,7.821,10.235,10.580,12.527,13.660
13.514,11.029,9.697,8.435,7.051,7.986,7.573,11.472,11.775,15.480,16.178,17.196,17.657,17.336,17.510,16.043,13.303,10.631,7.330,5.915,0.000,6.020,6.662,7.333,9.356,11.085
13.895,11.565,11.182,9.550,9.634,10.968,11.160,14.847,14.462,17.139,17.255,17.435,17.565,17.566,17.715,17.521,15.879,13.389,10.166,7.821,6.020,0.000,5.790,8.043,10.045,12.238
13.712,11.399,11.134,9.924,10.022,11.702,11.800,15.313,15.286,17.647,17.751,17.461,17.716,17.705,18.011,17.657,17.343,15.343,12.143,10.235,6.662,5.790,0.000,5.913,7.424,9.983
13.713,11.915,11.469,10.795,10.445,11.799,11.943,14.933,15.267,17.438,17.514,17.464,17.688,17.741,17.829,17.051,16.225,14.571,12.585,10.580,7.333,8.043,5.913,0.000,5.993,7.966
13.725,12.241,12.356,12.183,11.854,13.164,12.839,15.518,15.244,17.059,17.024,16.994,17.453,17.415,17.504,17.086,16.343,15.127,13.893,12.527,9.356,10.045,7.424,5.993,0.000,6.397
14.049,12.831,12.595,12.712,11.943,12.892,12.490,14.669,14.881,16.539,16.896,16.947,17.347,17.347,17.366,17.003,16.426,15.298,14.290,13.660,11.085,12.238,9.983,7.966,6.397,0.000