c1,c2,c3,c4,c5,c6,c7,c8,c9,c10,c11,c12,c13,c14,c15,c16,c17,c18,c19,c20,c21,c22,c23,c24,c25,c26
0.000,5.909,7.558,10.706,13.010,16.461,17.239,17.846,17.904,17.880,17.014,16.616,17.024,16.831,16.633,16.666,16.401,15.648,15.274,14.034,12.867,11.854,10.803,11.549,11.900,13.219
5.909,0.000,5.788,7.403,10.270,13.707,15.233,17.777,17.578,17.646,16.382,15.477,16.400,16.265,16.065,15.961,15.303,13.784,13.597,11.791,10.596,9.569,9.580,10.788,11.928,12.984
7.558,5.788,0.000,5.771,6.613,10.768,12.273,15.937,17.060,17.196,15.262,14.669,15.943,15.935,15.614,15.275,14.486,12.829,12.658,11.126,8.874,9.501,8.618,11.185,11.969,13.232
10.706,7.403,5.771,0.000,5.744,7.915,10.470,14.026,15.261,16.455,14.812,13.830,16.079,15.768,15.434,14.929,14.117,12.163,12.190,10.283,9.574,10.488,11.144,13.137,14.017,14.658
13.010,10.270,6.613,5.744,0.000,5.779,6.937,10.662,12.534,13.649,12.107,11.717,14.297,14.417,14.160,13.321,12.222,10.373,10.639,9.621,8.325,10.950,11.096,13.541,14.456,15.041
16.461,13.707,10.768,7.915,5.779,0.000,5.904,8.472,10.149,12.181,11.702,11.441,14.550,14.694,15.025,14.086,13.162,11.951,12.621,12.074,11.709,13.783,14.107,15.630,16.186,16.276
17.239,15.233,12.273,10.470,6.937,5.904,0.000,6.141,7.560,8.305,6.890,7.469,10.767,11.490,12.282,11.657,10.513,10.108,11.673,12.422,11.631,14.288,14.791,16.349,16.535,16.500
17.846,17.777,15.937,14.026,10.662,8.472,6.141,0.000,5.614,7.315,7.700,9.293,12.373,13.438,14.746,13.807,13.266,13.530,14.474,15.258,14.546,16.229,16.381,17.049,16.969,17.000
17.904,17.578,17.060,15.261,12.534,10.149,7.560,5.614,0.000,5.760,7.365,7.723,10.717,12.374,14.221,13.682,13.083,13.797,14.805,15.662,15.208,16.541,16.629,16.918,16.913,16.943
17.880,17.646,17.196,16.455,13.649,12.181,8.305,7.315,5.760,0.000,5.818,7.719,9.591,11.379,13.419,13.194,12.758,13.913,15.017,15.756,15.647,16.898,16.729,17.055,16.936,17.171
17.014,16.382,15.262,14.812,12.107,11.702,6.890,7.700,7.365,5.818,0.000,6.081,8.337,10.028,11.302,11.566,11.641,12.516,13.579,14.490,14.563,16.089,16.458,16.943,17.011,17.110
16.616,15.477,14.669,13.830,11.717,11.441,7.469,9.293,7.723,7.719,6.081,0.000,6.200,8.214,9.608,9.701,9.965,11.259,12.472,13.483,13.698,15.354,15.973,16.681,16.826,16.906
17.024,16.400,15.943,16.079,14.297,14.550,10.767,12.373,10.717,9.591,8.337,6.200,0.000,6.135,7.551,8.491,9.450,11.339,12.870,14.018,14.312,16.087,16.646,17.217,17.404,17.354
16.831,16.265,15.935,15.768,14.417,14.694,11.490,13.438,12.374,11.379,10.028,8.214,6.135,0.000,6.125,7.621,8.076,9.643,12.012,13.595,13.511,15.325,16.186,16.631,16.971,17.103
16.633,16.065,15.614,15.434,14.160,15.025,12.282,14.746,14.221,13.419,11.302,9.608,7.551,6.125,0.000,6.106,7.778,8.732,10.417,13.162,13.888,15.115,15.832,16.525,16.815,17.052
16.666,15.961,15.275,14.929,13.321,14.086,11.657,13.807,13.682,13.194,11.566,9.701,8.491,7.621,6.106,0.000,6.020,7.769,8.897,11.253,13.175,15.066,15.721,16.216,16.578,16.833
16.401,15.303,14.486,14.117,12.222,13.162,10.513,13.266,13.083,12.758,11.641,9.965,9.450,8.076,7.778,6.020,0.000,5.878,7.649,9.519,11.085,14.155,15.538,15.968,16.179,16.347
15.648,13.784,12.829,12.163,10.373,11.951,10.108,13.530,13.797,13.913,12.516,11.259,11.339,9.643,8.732,7.769,5.878,0.000,5.828,7.399,8.204,11.466,13.806,15.267,15.381,15.591
15.274,13.597,12.658,12.190,10.639,12.621,11.673,14.474,14.805,15.017,13.579,12.472,12.870,12.012,10.417,8.897,7.649,5.828,0.000,5.653,7.827,10.683,13.313,15.593,16.289,16.024
14.034,11.791,11.126,10.283,9.621,12.074,12.422,15.258,15.662,15.756,14.490,13.483,14.018,13.595,13.162,11.253,9.519,7.399,5.653,0.000,5.893,7.474,10.593,12.648,14.847,15.499
12.867,10.596,8.874,9.574,8.325,11.709,11.631,14.546,15.208,15.647,14.563,13.698,14.312,13.511,13.888,13.175,11.085,8.204,7.827,5.893,0.000,5.854,7.331,10.079,12.211,13.690
11.854,9.569,9.501,10.488,10.950,13.783,14.288,16.229,16.541,16.898,16.089,15.354,16.087,15.325,15.115,15.066,14.155,11.466,10.683,7.474,5.854,0.000,5.877,6.761,9.396,11.399
10.803,9.580,8.618,11.144,11.096,14.107,14.791,16.381,16.629,16.729,16.458,15.973,16.646,16.186,15.832,15.721,15.538,13.806,13.313,10.593,7.331,5.877,0.000,5.789,7.715,9.725
11.549,10.788,11.185,13.137,13.541,15.630,16.349,17.049,16.918,17.055,16.943,16.681,17.217,16.631,16.525,16.216,15.968,15.267,15.593,12.648,10.079,6.761,5.789,0.000,6.015,7.759
11.900,11.928,11.969,14.017,14.456,16.186,16.535,16.969,16.913,16.936,17.011,16.826,17.404,16.971,16.815,16.578,16.179,15.381,16.289,14.847,12.211,9.396,7.715,6.015,0.000,6.412
13.219,12.984,13.232,14.658,15.041,16.276,16.500,17.000,16.943,17.171,17.110,16.906,17.354,17.103,17.052,16.833,16.347,15.591,16.024,15.499,13.690,11.399,9.725,7.759,6.412,0.000