c1,c2,c3,c4,c5,c6,c7,c8,c9,c10,c11,c12,c13,c14,c15,c16,c17,c18,c19,c20,c21,c22,c23,c24,c25,c26
0.000,6.011,7.605,10.116,12.640,14.135,14.251,13.753,14.376,15.054,14.877,15.149,15.881,15.610,15.604,15.541,15.296,15.303,15.143,14.707,14.356,14.747,14.895,14.781,14.917,15.320
6.011,0.000,5.777,7.441,9.814,11.663,12.509,12.523,13.187,13.992,14.486,14.533,15.550,15.920,15.659,15.515,15.063,15.059,14.597,14.095,13.245,13.892,14.180,14.232,14.378,14.993
7.605,5.777,0.000,5.825,8.059,9.247,10.035,10.841,12.617,13.178,13.656,14.355,15.178,15.454,15.992,15.374,14.924,14.939,14.530,14.287,13.366,14.021,14.213,14.194,14.502,15.045
10.116,7.441,5.825,0.000,5.920,7.057,7.400,8.180,10.505,12.433,12.944,13.604,14.862,15.230,15.691,15.841,14.791,14.836,14.039,13.663,12.990,14.099,14.428,14.681,14.842,15.341
12.640,9.814,8.059,5.920,0.000,5.609,7.466,7.995,10.368,12.821,13.814,13.704,14.753,15.538,15.926,15.926,15.870,15.327,14.601,14.410,13.640,14.394,14.754,14.748,15.195,15.507
14.135,11.663,9.247,7.057,5.609,0.000,5.706,7.519,9.039,11.177,13.356,14.157,14.142,14.769,15.573,15.587,15.293,15.437,14.404,14.469,13.844,14.692,15.032,15.162,15.357,15.795
14.251,12.509,10.035,7.400,7.466,5.706,0.000,5.832,7.508,9.102,10.955,13.002,13.947,13.811,14.460,14.843,14.459,14.842,14.362,14.270,13.736,14.833,14.977,15.022,15.329,15.808
13.753,12.523,10.841,8.180,7.995,7.519,5.832,0.000,5.789,7.608,9.340,10.884,13.147,13.608,13.756,14.302,14.187,14.944,14.362,14.861,14.085,15.081,15.164,15.179,15.583,16.035
14.376,13.187,12.617,10.505,10.368,9.039,7.508,5.789,0.000,5.869,7.611,9.146,10.979,12.455,13.324,13.731,13.700,14.849,14.586,14.986,14.732,15.345,15.501,15.472,15.684,16.155
15.054,13.992,13.178,12.433,12.821,11.177,9.102,7.608,5.869,0.000,5.987,7.736,9.066,10.212,11.837,13.039,12.960,14.388,14.359,14.813,14.525,15.477,15.512,15.330,15.638,16.113
14.877,14.486,13.656,12.944,13.814,13.356,10.955,9.340,7.611,5.987,0.000,6.080,7.927,9.118,10.395,12.385,13.207,14.587,14.671,15.137,14.966,15.822,15.828,15.595,15.978,16.343
15.149,14.533,14.355,13.604,13.704,14.157,13.002,10.884,9.146,7.736,6.080,0.000,5.978,7.945,8.995,10.887,12.340,14.533,14.362,14.774,14.683,15.713,15.689,15.256,15.887,16.353
15.881,15.550,15.178,14.862,14.753,14.142,13.947,13.147,10.979,9.066,7.927,5.978,0.000,6.229,7.744,9.747,10.941,13.976,14.513,14.752,14.692,15.877,15.873,15.246,15.908,16.400
15.610,15.920,15.454,15.230,15.538,14.769,13.811,13.608,12.455,10.212,9.118,7.945,6.229,0.000,6.383,8.375,9.460,12.287,13.351,14.211,14.077,15.204,15.265,14.452,15.165,15.866
15.604,15.659,15.992,15.691,15.926,15.573,14.460,13.756,13.324,11.837,10.395,8.995,7.744,6.383,0.000,6.526,7.929,10.778,11.923,13.663,14.525,15.483,15.641,14.849,15.421,16.102
15.541,15.515,15.374,15.841,15.926,15.587,14.843,14.302,13.731,13.039,12.385,10.887,9.747,8.375,6.526,0.000,6.491,8.802,10.231,11.671,13.698,14.964,15.514,14.628,15.056,15.914
15.296,15.063,14.924,14.791,15.870,15.293,14.459,14.187,13.700,12.960,13.207,12.340,10.941,9.460,7.929,6.491,0.000,6.363,6.986,8.972,10.746,12.971,14.586,13.707,13.955,15.142
15.303,15.059,14.939,14.836,15.327,15.437,14.842,14.944,14.849,14.388,14.587,14.533,13.976,12.287,10.778,8.802,6.363,0.000,5.965,7.849,10.082,12.100,14.096,13.585,13.557,14.852
15.143,14.597,14.530,14.039,14.601,14.404,14.362,14.362,14.586,14.359,14.671,14.362,14.513,13.351,11.923,10.231,6.986,5.965,0.000,5.838,7.462,9.421,11.589,11.775,12.127,14.045
14.707,14.095,14.287,13.663,14.410,14.469,14.270,14.861,14.986,14.813,15.137,14.774,14.752,14.211,13.663,11.671,8.972,7.849,5.838,0.000,5.822,7.788,9.975,9.920,10.474,12.880
14.356,13.245,13.366,12.990,13.640,13.844,13.736,14.085,14.732,14.525,14.966,14.683,14.692,14.077,14.525,13.698,10.746,10.082,7.462,5.822,0.000,5.933,6.684,7.377,8.761,11.707
14.747,13.892,14.021,14.099,14.394,14.692,14.833,15.081,15.345,15.477,15.822,15.713,15.877,15.204,15.483,14.964,12.971,12.100,9.421,7.788,5.933,0.000,5.720,7.551,7.815,10.585
14.895,14.180,14.213,14.428,14.754,15.032,14.977,15.164,15.501,15.512,15.828,15.689,15.873,15.265,15.641,15.514,14.586,14.096,11.589,9.975,6.684,5.720,0.000,5.654,7.564,10.116
14.781,14.232,14.194,14.681,14.748,15.162,15.022,15.179,15.472,15.330,15.595,15.256,15.246,14.452,14.849,14.628,13.707,13.585,11.775,9.920,7.377,7.551,5.654,0.000,5.911,8.339
14.917,14.378,14.502,14.842,15.195,15.357,15.329,15.583,15.684,15.638,15.978,15.887,15.908,15.165,15.421,15.056,13.955,13.557,12.127,10.474,8.761,7.815,7.564,5.911,0.000,6.325
15.320,14.993,15.045,15.341,15.507,15.795,15.808,16.035,16.155,16.113,16.343,16.353,16.400,15.866,16.102,15.914,15.142,14.852,14.045,12.880,11.707,10.585,10.116,8.339,6.325,0.000