c1,c2,c3,c4,c5,c6,c7,c8,c9,c10,c11,c12,c13,c14,c15,c16,c17,c18,c19,c20,c21,c22,c23,c24,c25,c26
0.000,7.821,8.478,10.621,13.275,14.960,17.407,16.550,15.097,13.611,10.031,10.097,10.697,11.338,13.979,13.563,12.504,14.052,15.739,15.470,15.477,17.286,17.967,17.178,17.286,17.675
7.821,0.000,6.774,8.495,11.589,13.641,16.385,14.656,12.865,10.896,6.738,7.671,8.367,9.369,12.514,12.052,10.528,12.231,14.443,14.220,13.952,16.653,17.859,17.151,17.310,17.864
8.478,6.774,0.000,6.449,8.754,10.289,13.020,12.645,11.547,9.859,7.243,5.446,8.436,8.403,11.171,9.878,7.478,8.598,11.516,11.233,10.445,13.476,15.223,14.770,15.960,17.302
10.621,8.495,6.449,0.000,6.433,7.706,10.035,8.949,6.442,7.030,5.837,7.409,11.022,12.258,15.043,12.923,10.962,11.999,14.461,12.600,10.981,14.895,16.187,14.920,16.007,17.308
13.275,11.589,8.754,6.433,0.000,6.432,6.478,5.015,6.880,4.973,7.631,6.346,10.916,11.915,13.202,10.240,8.398,8.655,10.550,8.096,5.941,10.330,11.452,10.189,12.252,14.603
14.960,13.641,10.289,7.706,6.432,0.000,7.252,8.467,8.003,9.926,12.008,11.123,15.660,15.453,16.677,14.925,12.087,11.539,14.184,11.995,8.532,12.300,13.233,11.027,11.979,14.367
17.407,16.385,13.020,10.035,6.478,7.252,0.000,5.419,8.218,9.124,13.030,12.023,16.341,16.913,17.048,14.744,12.671,11.971,13.432,10.857,6.827,10.736,10.744,8.355,10.527,13.015
16.550,14.656,12.645,8.949,5.015,8.467,5.419,0.000,6.328,5.488,10.470,10.628,14.465,16.531,17.077,13.740,12.304,12.856,13.338,10.411,8.029,12.322,12.392,10.106,12.997,14.694
15.097,12.865,11.547,6.442,6.880,8.003,8.218,6.328,0.000,8.388,13.301,12.377,15.945,17.792,18.517,16.243,14.714,15.783,16.483,13.717,11.990,16.043,15.963,13.790,15.953,16.915
13.611,10.896,9.859,7.030,4.973,9.926,9.124,5.488,8.388,0.000,10.024,9.671,12.294,14.119,14.707,11.505,10.860,12.187,12.791,10.124,9.679,13.738,14.173,12.973,15.386,16.845
10.031,6.738,7.243,5.837,7.631,12.008,13.030,10.470,13.301,10.024,0.000,9.955,12.179,13.239,13.801,11.697,10.961,13.010,14.475,12.935,12.717,16.339,17.442,16.402,17.403,18.193
10.097,7.671,5.446,7.409,6.346,11.123,12.023,10.628,12.377,9.671,9.955,0.000,9.021,10.138,9.770,6.561,5.862,7.716,9.555,8.349,9.128,12.272,13.530,13.353,15.177,16.745
10.697,8.367,8.436,11.022,10.916,15.660,16.341,14.465,15.945,12.294,12.179,9.021,0.000,7.829,9.076,7.466,8.340,10.347,11.697,11.706,12.972,15.046,16.432,16.784,17.730,18.285
11.338,9.369,8.403,12.258,11.915,15.453,16.913,16.531,17.792,14.119,13.239,10.138,7.829,0.000,8.450,8.881,7.883,9.059,11.775,12.157,12.381,13.788,15.999,16.189,16.736,17.994
13.979,12.514,11.171,15.043,13.202,16.677,17.048,17.077,18.517,14.707,13.801,9.770,9.076,8.450,0.000,8.893,9.981,8.089,9.423,11.511,12.676,12.796,14.771,15.945,16.462,17.502
13.563,12.052,9.878,12.923,10.240,14.925,14.744,13.740,16.243,11.505,11.697,6.561,7.466,8.881,8.893,0.000,7.222,8.946,7.416,7.897,10.768,11.757,12.626,13.459,15.607,16.777
12.504,10.528,7.478,10.962,8.398,12.087,12.671,12.304,14.714,10.860,10.961,5.862,8.340,7.883,9.981,7.222,0.000,6.587,9.141,7.157,7.999,10.783,12.087,11.884,13.501,15.787
14.052,12.231,8.598,11.999,8.655,11.539,11.971,12.856,15.783,12.187,13.010,7.716,10.347,9.059,8.089,8.946,6.587,0.000,6.529,8.520,7.343,7.865,11.339,11.767,11.998,13.941
15.739,14.443,11.516,14.461,10.550,14.184,13.432,13.338,16.483,12.791,14.475,9.555,11.697,11.775,9.423,7.416,9.141,6.529,0.000,6.018,8.449,6.962,8.605,11.163,12.239,13.181
15.470,14.220,11.233,12.600,8.096,11.995,10.857,10.411,13.717,10.124,12.935,8.349,11.706,12.157,11.511,7.897,7.157,8.520,6.018,0.000,6.175,8.146,7.749,8.300,11.536,12.965
15.477,13.952,10.445,10.981,5.941,8.532,6.827,8.029,11.990,9.679,12.717,9.128,12.972,12.381,12.676,10.768,7.999,7.343,8.449,6.175,0.000,6.103,7.948,6.959,9.059,11.435
17.286,16.653,13.476,14.895,10.330,12.300,10.736,12.322,16.043,13.738,16.339,12.272,15.046,13.788,12.796,11.757,10.783,7.865,6.962,8.146,6.103,0.000,5.866,7.882,7.908,9.950
17.967,17.859,15.223,16.187,11.452,13.233,10.744,12.392,15.963,14.173,17.442,13.530,16.432,15.999,14.771,12.626,12.087,11.339,8.605,7.749,7.948,5.866,0.000,6.015,8.055,9.255
17.178,17.151,14.770,14.920,10.189,11.027,8.355,10.106,13.790,12.973,16.402,13.353,16.784,16.189,15.945,13.459,11.884,11.767,11.163,8.300,6.959,7.882,6.015,0.000,6.337,9.218
17.286,17.310,15.960,16.007,12.252,11.979,10.527,12.997,15.953,15.386,17.403,15.177,17.730,16.736,16.462,15.607,13.501,11.998,12.239,11.536,9.059,7.908,8.055,6.337,0.000,6.981
17.675,17.864,17.302,17.308,14.603,14.367,13.015,14.694,16.915,16.845,18.193,16.745,18.285,17.994,17.502,16.777,15.787,13.941,13.181,12.965,11.435,9.950,9.255,9.218,6.981,0.000