c1,c2,c3,c4,c5,c6,c7,c8,c9,c10,c11,c12,c13,c14,c15,c16,c17,c18,c19,c20,c21,c22,c23,c24,c25,c26
0.000,7.608,8.496,10.807,13.713,15.227,17.723,17.020,15.404,13.893,9.913,10.192,10.305,10.979,13.590,13.597,12.690,14.010,15.842,15.719,15.766,17.407,18.061,17.499,17.478,17.652
7.608,0.000,6.513,8.411,11.664,13.665,16.396,14.716,12.748,10.682,6.209,7.560,7.737,9.072,12.183,11.958,10.665,12.120,14.530,14.290,14.124,16.834,17.932,17.420,17.536,17.882
8.496,6.513,0.000,6.237,8.605,10.114,12.978,12.654,11.534,9.833,7.227,5.432,8.386,8.360,10.988,9.934,7.638,8.348,11.393,11.355,10.633,13.498,15.279,14.934,16.013,17.225
10.807,8.411,6.237,0.000,6.393,7.706,9.979,8.915,6.307,7.032,5.824,7.394,11.017,12.281,15.067,13.032,11.114,11.891,14.437,12.700,11.149,14.963,16.271,15.162,16.088,17.184
13.713,11.664,8.605,6.393,0.000,6.371,6.385,4.936,6.843,4.961,7.629,6.255,10.839,11.972,13.199,10.362,8.594,8.525,10.328,8.135,6.250,10.393,11.495,10.495,12.614,14.736
15.227,13.665,10.114,7.706,6.371,0.000,7.878,8.457,7.981,9.952,11.961,11.000,15.571,15.390,16.447,14.785,12.069,11.211,13.766,11.858,8.466,12.022,12.797,10.974,11.980,14.121
17.723,16.396,12.978,9.979,6.385,7.878,0.000,5.441,8.276,9.133,13.031,11.858,16.196,16.950,16.958,14.617,12.656,11.667,12.924,10.602,6.700,10.408,10.445,8.407,10.684,12.976
17.020,14.716,12.654,8.915,4.936,8.457,5.441,0.000,6.526,5.498,10.383,10.627,14.456,16.512,17.109,13.849,12.516,12.708,13.144,10.455,8.218,12.263,12.382,10.457,13.261,14.827
15.404,12.748,11.534,6.307,6.843,7.981,8.276,6.526,0.000,8.734,13.434,12.296,15.828,17.739,18.445,16.337,14.949,15.504,16.244,13.713,11.938,15.925,15.936,14.076,16.068,16.881
13.893,10.682,9.833,7.032,4.961,9.952,9.133,5.498,8.734,0.000,10.221,9.616,12.340,14.116,14.741,11.813,11.064,11.901,12.641,10.279,9.758,13.572,14.228,13.232,15.665,16.834
9.913,6.209,7.227,5.824,7.629,11.961,13.031,10.383,13.434,10.221,0.000,10.213,12.448,13.438,13.889,12.149,11.318,12.805,14.419,13.076,12.775,16.249,17.385,16.548,17.482,18.099
10.192,7.560,5.432,7.394,6.255,11.000,11.858,10.627,12.296,9.616,10.213,0.000,9.353,10.319,10.159,7.224,6.398,7.663,9.668,8.745,9.332,12.371,13.756,13.645,15.466,16.775
10.305,7.737,8.386,11.017,10.839,15.571,16.196,14.456,15.828,12.340,12.448,9.353,0.000,8.375,9.659,8.208,8.844,10.579,11.952,11.929,13.153,15.197,16.605,16.852,17.779,18.248
10.979,9.072,8.360,12.281,11.972,15.390,16.950,16.512,17.739,14.116,13.438,10.319,8.375,0.000,8.991,9.421,8.616,9.599,12.098,12.336,12.728,14.115,16.213,16.361,17.002,18.065
13.590,12.183,10.988,15.067,13.199,16.447,16.958,17.109,18.445,14.741,13.889,10.159,9.659,8.991,0.000,9.442,10.540,8.768,10.009,11.795,13.009,13.224,15.254,16.130,16.682,17.639
13.597,11.958,9.934,13.032,10.362,14.785,14.617,13.849,16.337,11.813,12.149,7.224,8.208,9.421,9.442,0.000,7.827,9.303,7.847,8.399,11.102,11.979,12.863,13.697,15.874,16.919
12.690,10.665,7.638,11.114,8.594,12.069,12.656,12.516,14.949,11.064,11.318,6.398,8.844,8.616,10.540,7.827,0.000,7.056,9.565,7.507,8.573,11.215,12.360,12.224,13.932,16.007
14.010,12.120,8.348,11.891,8.525,11.211,11.667,12.708,15.504,11.901,12.805,7.663,10.579,9.599,8.768,9.303,7.056,0.000,6.874,8.895,7.601,8.268,11.459,11.925,12.495,14.204
15.842,14.530,11.393,14.437,10.328,13.766,12.924,13.144,16.244,12.641,14.419,9.668,11.952,12.098,10.009,7.847,9.565,6.874,0.000,6.265,8.830,7.394,8.969,11.435,12.625,13.509
15.719,14.290,11.355,12.700,8.135,11.858,10.602,10.455,13.713,10.279,13.076,8.745,11.929,12.336,11.795,8.399,7.507,8.895,6.265,0.000,6.569,8.587,8.076,8.655,11.908,13.230
15.766,14.124,10.633,11.149,6.250,8.466,6.700,8.218,11.938,9.758,12.775,9.332,13.153,12.728,13.009,11.102,8.573,7.601,8.830,6.569,0.000,6.536,8.373,7.436,9.676,11.759
17.407,16.834,13.498,14.963,10.393,12.022,10.408,12.263,15.925,13.572,16.249,12.371,15.197,14.115,13.224,11.979,11.215,8.268,7.394,8.587,6.536,0.000,6.402,8.177,8.427,10.384
18.061,17.932,15.279,16.271,11.495,12.797,10.445,12.382,15.936,14.228,17.385,13.756,16.605,16.213,15.254,12.863,12.360,11.459,8.969,8.076,8.373,6.402,0.000,6.390,8.264,9.593
17.499,17.420,14.934,15.162,10.495,10.974,8.407,10.457,14.076,13.232,16.548,13.645,16.852,16.361,16.130,13.697,12.224,11.925,11.435,8.655,7.436,8.177,6.390,0.000,6.636,9.493
17.478,17.536,16.013,16.088,12.614,11.980,10.684,13.261,16.068,15.665,17.482,15.466,17.779,17.002,16.682,15.874,13.932,12.495,12.625,11.908,9.676,8.427,8.264,6.636,0.000,7.332
17.652,17.882,17.225,17.184,14.736,14.121,12.976,14.827,16.881,16.834,18.099,16.775,18.248,18.065,17.639,16.919,16.007,14.204,13.509,13.230,11.759,10.384,9.593,9.493,7.332,0.000