c1,c2,c3,c4,c5,c6,c7,c8,c9,c10,c11,c12,c13,c14,c15,c16,c17,c18,c19,c20,c21,c22,c23,c24,c25,c26
0.000,6.637,7.866,10.133,12.878,15.195,16.948,17.495,16.265,14.152,11.357,10.671,10.908,10.191,12.796,13.082,12.058,13.248,14.804,14.893,14.928,16.573,17.104,16.348,16.573,16.635
6.637,0.000,6.208,7.931,10.898,13.528,15.616,16.033,14.112,11.349,8.060,8.096,8.380,8.555,11.452,11.142,9.832,11.707,13.289,13.013,13.166,15.725,16.568,15.844,16.496,16.821
7.866,6.208,0.000,6.266,7.810,10.579,12.729,14.566,13.045,9.921,8.310,6.028,8.834,8.354,11.066,9.651,7.474,8.513,10.713,10.461,9.833,12.708,13.831,13.139,14.621,16.060
10.133,7.931,6.266,0.000,6.048,7.511,10.272,11.454,10.901,8.108,7.108,7.762,11.256,12.011,14.726,12.565,10.908,12.076,13.764,12.048,10.286,13.941,14.580,13.432,14.901,16.245
12.878,10.898,7.810,6.048,0.000,6.391,6.662,9.063,7.987,4.784,7.414,6.375,10.929,12.077,13.261,10.435,8.971,9.588,10.474,8.169,5.910,9.820,10.408,9.263,12.053,13.699
15.195,13.528,10.579,7.511,6.391,0.000,6.474,9.394,9.874,8.297,11.454,10.746,15.187,15.372,16.695,14.405,12.454,12.713,14.281,11.855,8.874,12.221,12.226,10.819,12.468,14.523
16.948,15.616,12.729,10.272,6.662,6.474,0.000,6.099,7.449,5.703,10.858,11.163,15.254,16.777,17.346,14.421,13.357,13.601,13.966,11.308,8.336,11.766,11.641,10.439,12.613,13.919
17.495,16.033,14.566,11.454,9.063,9.394,6.099,0.000,5.949,7.755,10.966,12.970,16.642,18.251,18.524,16.759,15.725,16.133,16.491,14.338,11.904,14.847,14.798,13.458,15.050,15.822
16.265,14.112,13.045,10.901,7.987,9.874,7.449,5.949,0.000,6.592,9.857,12.244,15.138,17.632,18.318,15.925,15.233,16.271,16.488,14.555,12.990,15.879,15.911,14.877,16.322,16.803
14.152,11.349,9.921,8.108,4.784,8.297,5.703,7.755,6.592,0.000,7.108,8.147,11.613,13.944,14.834,11.835,11.248,12.796,13.162,10.922,10.450,13.804,14.084,13.315,15.169,15.974
11.357,8.060,8.310,7.108,7.414,11.454,10.858,10.966,9.857,7.108,0.000,8.077,10.101,12.011,13.231,11.116,11.037,13.284,13.919,12.754,12.876,16.096,16.721,15.842,16.862,17.233
10.671,8.096,6.028,7.762,6.375,10.746,11.163,12.970,12.244,8.147,8.077,0.000,7.590,8.999,9.569,6.649,6.193,8.527,9.502,8.363,9.469,12.243,13.395,13.161,15.176,16.244
10.908,8.380,8.834,11.256,10.929,15.187,15.254,16.642,15.138,11.613,10.101,7.590,0.000,6.905,7.369,6.358,7.891,9.970,10.595,11.247,12.816,14.739,16.101,16.242,17.377,17.728
10.191,8.555,8.354,12.011,12.077,15.372,16.777,18.251,17.632,13.944,12.011,8.999,6.905,0.000,7.479,7.886,7.295,8.680,11.147,11.856,12.352,13.812,15.914,15.965,16.648,17.380
12.796,11.452,11.066,14.726,13.261,16.695,17.346,18.524,18.318,14.834,13.231,9.569,7.369,7.479,0.000,7.578,8.400,7.990,8.741,11.288,12.516,13.118,14.800,15.691,16.586,17.155
13.082,11.142,9.651,12.565,10.435,14.405,14.421,16.759,15.925,11.835,11.116,6.649,6.358,7.886,7.578,0.000,6.466,8.059,6.986,7.756,10.763,11.873,12.662,13.214,15.568,16.440
12.058,9.832,7.474,10.908,8.971,12.454,13.357,15.725,15.233,11.248,11.037,6.193,7.891,7.295,8.400,6.466,0.000,6.112,8.235,7.124,8.241,11.030,12.226,12.029,13.732,15.395
13.248,11.707,8.513,12.076,9.588,12.713,13.601,16.133,16.271,12.796,13.284,8.527,9.970,8.680,7.990,8.059,6.112,0.000,6.205,7.867,7.569,8.201,11.161,11.603,12.283,13.685
14.804,13.289,10.713,13.764,10.474,14.281,13.966,16.491,16.488,13.162,13.919,9.502,10.595,11.147,8.741,6.986,8.235,6.205,0.000,5.905,8.082,7.444,8.831,10.792,12.415,13.307
14.893,13.013,10.461,12.048,8.169,11.855,11.308,14.338,14.555,10.922,12.754,8.363,11.247,11.856,11.288,7.756,7.124,7.867,5.905,0.000,6.052,7.833,7.791,7.965,11.228,12.557
14.928,13.166,9.833,10.286,5.910,8.874,8.336,11.904,12.990,10.450,12.876,9.469,12.816,12.352,12.516,10.763,8.241,7.569,8.082,6.052,0.000,6.016,7.564,6.681,8.956,10.795
16.573,15.725,12.708,13.941,9.820,12.221,11.766,14.847,15.879,13.804,16.096,12.243,14.739,13.812,13.118,11.873,11.030,8.201,7.444,7.833,6.016,0.000,6.182,7.670,7.841,9.389
17.104,16.568,13.831,14.580,10.408,12.226,11.641,14.798,15.911,14.084,16.721,13.395,16.101,15.914,14.800,12.662,12.226,11.161,8.831,7.791,7.564,6.182,0.000,6.275,7.829,9.045
16.348,15.844,13.139,13.432,9.263,10.819,10.439,13.458,14.877,13.315,15.842,13.161,16.242,15.965,15.691,13.214,12.029,11.603,10.792,7.965,6.681,7.670,6.275,0.000,6.203,8.346
16.573,16.496,14.621,14.901,12.053,12.468,12.613,15.050,16.322,15.169,16.862,15.176,17.377,16.648,16.586,15.568,13.732,12.283,12.415,11.228,8.956,7.841,7.829,6.203,0.000,6.633
16.635,16.821,16.060,16.245,13.699,14.523,13.919,15.822,16.803,15.974,17.233,16.244,17.728,17.380,17.155,16.440,15.395,13.685,13.307,12.557,10.795,9.389,9.045,8.346,6.633,0.000