c1,c2,c3,c4,c5,c6,c7,c8,c9,c10,c11,c12,c13,c14,c15,c16,c17,c18,c19,c20,c21,c22,c23,c24,c25,c26
0.000,7.223,8.189,10.484,13.410,14.895,17.417,16.667,15.033,13.670,9.639,9.895,9.931,11.003,13.126,12.981,13.830,14.153,15.569,15.921,16.174,17.469,17.822,17.587,17.385,17.213
7.223,0.000,6.403,8.268,11.521,13.561,16.252,14.583,12.629,10.597,6.070,7.517,7.670,9.323,12.026,11.535,12.208,12.456,14.292,14.869,14.799,17.067,17.792,17.676,17.657,17.486
8.189,6.403,0.000,6.186,8.481,10.062,12.947,12.519,11.457,9.810,7.180,5.296,8.326,8.883,11.165,9.437,9.601,8.826,11.258,12.044,11.643,14.145,15.486,15.673,16.492,17.068
10.484,8.268,6.186,0.000,6.209,7.517,9.975,8.901,6.256,6.986,5.777,7.329,10.916,12.572,15.077,12.753,13.044,11.854,13.492,13.205,11.508,14.703,15.782,15.475,16.278,16.977
13.410,11.521,8.481,6.209,0.000,6.326,6.047,4.888,6.862,4.977,7.612,6.231,10.743,12.348,13.596,10.384,10.560,8.667,9.743,8.949,6.903,10.547,11.735,11.705,13.455,14.866
14.895,13.561,10.062,7.517,6.326,0.000,7.234,8.331,7.975,9.958,11.890,10.804,15.361,15.917,16.842,14.452,13.642,11.308,12.845,11.903,8.539,11.427,11.981,11.199,12.441,13.930
17.417,16.252,12.947,9.975,6.047,7.234,0.000,5.355,8.086,9.079,12.947,11.678,15.816,17.128,17.090,14.364,13.697,11.349,11.923,10.737,6.598,9.357,9.995,9.150,11.375,13.150
16.667,14.583,12.519,8.901,4.888,8.331,5.355,0.000,6.318,5.220,10.181,10.514,14.164,16.554,17.136,13.684,13.817,12.111,12.068,10.754,7.963,11.157,12.012,11.372,13.711,14.829
15.033,12.629,11.457,6.256,6.862,7.975,8.086,6.318,0.000,8.076,11.671,11.830,15.244,17.655,18.314,15.789,16.295,14.692,15.201,13.860,11.556,14.823,15.241,14.238,16.000,16.567
13.670,10.597,9.810,6.986,4.977,9.958,9.079,5.220,8.076,0.000,9.089,8.581,11.449,13.931,14.753,11.442,12.577,11.134,11.755,10.848,9.677,13.033,14.019,13.884,15.931,16.660
9.639,6.070,7.180,5.777,7.612,11.890,12.947,10.181,11.671,9.089,0.000,8.862,10.915,12.643,13.415,11.367,13.006,12.155,13.737,13.385,12.908,15.997,16.843,16.643,17.640,17.920
9.895,7.517,5.296,7.329,6.231,10.804,11.678,10.514,11.830,8.581,8.862,0.000,8.711,9.486,9.837,6.881,8.121,7.197,9.471,9.666,10.187,12.779,14.021,14.337,15.895,16.797
9.931,7.670,8.326,10.916,10.743,15.361,15.816,14.164,15.244,11.449,10.915,8.711,0.000,8.290,8.736,7.534,10.137,10.902,12.643,12.951,13.961,15.875,16.716,16.888,17.839,18.113
11.003,9.323,8.883,12.572,12.348,15.917,17.128,16.554,17.655,13.931,12.643,9.486,8.290,0.000,8.412,8.767,10.372,10.953,13.388,13.741,14.332,15.690,16.857,16.880,17.496,18.063
13.126,12.026,11.165,15.077,13.596,16.842,17.090,17.136,18.314,14.753,13.415,9.837,8.736,8.412,0.000,8.970,10.531,10.835,12.311,13.612,14.699,15.481,16.348,16.843,17.341,17.799
12.981,11.535,9.437,12.753,10.384,14.452,14.364,13.684,15.789,11.442,11.367,6.881,7.534,8.767,8.970,0.000,8.068,8.646,9.037,10.022,12.426,13.192,13.807,14.489,16.184,16.859
13.830,12.208,9.601,13.044,10.560,13.642,13.697,13.817,16.295,12.577,13.006,8.121,10.137,10.372,10.531,8.068,0.000,7.338,9.149,9.041,10.410,12.588,13.390,13.609,14.830,16.169
14.153,12.456,8.826,11.854,8.667,11.308,11.349,12.111,14.692,11.134,12.155,7.197,10.902,10.953,10.835,8.646,7.338,0.000,7.216,8.774,8.694,9.452,11.933,12.840,13.457,14.694
15.569,14.292,11.258,13.492,9.743,12.845,11.923,12.068,15.201,11.755,13.737,9.471,12.643,13.388,12.311,9.037,9.149,7.216,0.000,6.483,8.794,8.171,9.423,11.903,13.178,14.039
15.921,14.869,12.044,13.205,8.949,11.903,10.737,10.754,13.860,10.848,13.385,9.666,12.951,13.741,13.612,10.022,9.041,8.774,6.483,0.000,6.981,8.804,8.526,9.726,12.543,13.683
16.174,14.799,11.643,11.508,6.903,8.539,6.598,7.963,11.556,9.677,12.908,10.187,13.961,14.332,14.699,12.426,10.410,8.694,8.794,6.981,0.000,6.673,8.225,8.166,10.360,12.394
17.469,17.067,14.145,14.703,10.547,11.427,9.357,11.157,14.823,13.033,15.997,12.779,15.875,15.690,15.481,13.192,12.588,9.452,8.171,8.804,6.673,0.000,6.520,8.025,8.868,10.828
17.822,17.792,15.486,15.782,11.735,11.981,9.995,12.012,15.241,14.019,16.843,14.021,16.716,16.857,16.348,13.807,13.390,11.933,9.423,8.526,8.225,6.520,0.000,6.209,8.158,9.544
17.587,17.676,15.673,15.475,11.705,11.199,9.150,11.372,14.238,13.884,16.643,14.337,16.888,16.880,16.843,14.489,13.609,12.840,11.903,9.726,8.166,8.025,6.209,0.000,6.397,8.829
17.385,17.657,16.492,16.278,13.455,12.441,11.375,13.711,16.000,15.931,17.640,15.895,17.839,17.496,17.341,16.184,14.830,13.457,13.178,12.543,10.360,8.868,8.158,6.397,0.000,7.257
17.213,17.486,17.068,16.977,14.866,13.930,13.150,14.829,16.567,16.660,17.920,16.797,18.113,18.063,17.799,16.859,16.169,14.694,14.039,13.683,12.394,10.828,9.544,8.829,7.257,0.000