c1,c2,c3,c4,c5,c6,c7,c8,c9,c10,c11,c12,c13,c14,c15,c16,c17,c18,c19,c20,c21,c22,c23,c24,c25,c26
0.000,7.517,8.367,10.733,13.453,15.113,17.565,16.865,15.200,13.698,9.749,9.987,10.276,11.428,13.706,13.804,13.805,14.512,15.896,15.682,15.569,17.309,17.827,17.476,17.329,17.417
7.517,0.000,6.631,8.419,11.449,13.636,16.316,14.624,12.736,10.719,6.282,7.571,8.139,9.900,12.541,12.284,12.265,12.857,14.909,14.528,14.216,16.778,17.741,17.460,17.497,17.667
8.367,6.631,0.000,6.311,8.301,10.071,12.958,12.486,11.473,9.946,7.238,5.511,8.738,9.394,11.592,10.321,9.526,9.039,11.614,11.617,10.691,13.544,15.220,15.191,16.000,17.246
10.733,8.419,6.311,0.000,6.337,7.507,10.044,8.911,6.387,7.032,5.886,7.250,10.997,12.765,15.154,13.129,12.915,12.142,13.941,12.788,11.088,14.569,15.873,15.365,15.981,17.320
13.453,11.449,8.301,6.337,0.000,6.364,6.121,4.843,6.846,5.020,7.591,5.830,10.380,12.150,13.303,10.375,10.248,8.623,9.937,8.400,6.462,10.399,11.746,11.221,12.794,15.178
15.113,13.636,10.071,7.507,6.364,0.000,7.056,8.306,7.948,9.960,11.875,10.503,15.168,15.860,16.704,14.488,13.443,11.478,13.283,11.791,8.475,11.552,12.367,11.201,11.762,14.362
17.565,16.316,12.958,10.044,6.121,7.056,0.000,5.401,8.139,9.131,12.967,11.350,15.619,17.035,17.045,14.283,13.555,11.259,12.076,10.456,6.535,9.495,10.163,9.043,10.580,13.326
16.865,14.624,12.486,8.911,4.843,8.306,5.401,0.000,6.280,5.241,10.165,10.246,13.898,16.309,16.870,13.397,13.416,11.913,12.291,10.333,7.534,11.227,11.805,10.899,13.060,14.748
15.200,12.736,11.473,6.387,6.846,7.948,8.139,6.280,0.000,8.103,12.347,11.751,15.199,17.847,18.362,15.926,16.155,14.978,15.581,13.639,11.559,15.024,15.213,13.962,15.721,16.660
13.698,10.719,9.946,7.032,5.020,9.960,9.131,5.241,8.103,0.000,9.241,9.026,11.267,13.994,14.640,11.762,12.252,11.260,12.170,10.647,9.350,12.938,13.838,13.219,15.277,16.656
9.749,6.282,7.238,5.886,7.591,11.875,12.967,10.165,12.347,9.241,0.000,9.241,11.034,12.968,13.456,12.093,12.816,12.503,14.044,13.124,12.142,15.596,16.567,16.072,16.921,17.813
9.987,7.571,5.511,7.250,5.830,10.503,11.350,10.246,11.751,9.026,9.241,0.000,9.089,9.868,9.962,7.473,7.629,7.188,9.363,8.670,8.367,11.748,13.110,13.262,14.810,16.282
10.276,8.139,8.738,10.997,10.380,15.168,15.619,13.898,15.199,11.267,11.034,9.089,0.000,8.883,8.983,7.975,9.749,10.955,12.819,12.366,12.827,15.113,16.167,16.367,17.240,18.021
11.428,9.900,9.394,12.765,12.150,15.860,17.035,16.309,17.847,13.994,12.968,9.868,8.883,0.000,9.172,8.925,9.992,10.733,13.176,13.033,13.055,14.750,16.163,16.422,17.036,18.026
13.706,12.541,11.592,15.154,13.303,16.704,17.045,16.870,18.362,14.640,13.456,9.962,8.983,9.172,0.000,9.425,10.410,10.427,11.863,13.063,13.738,14.368,15.651,16.412,16.939,17.633
13.804,12.284,10.321,13.129,10.375,14.488,14.283,13.397,15.926,11.762,12.093,7.473,7.975,8.925,9.425,0.000,8.120,8.876,9.091,9.546,11.550,12.492,12.995,13.976,15.722,16.790
13.805,12.265,9.526,12.915,10.248,13.443,13.555,13.416,16.155,12.252,12.816,7.629,9.749,9.992,10.410,8.120,0.000,7.450,9.356,8.360,9.215,11.421,12.455,12.649,14.075,15.853
14.512,12.857,9.039,12.142,8.623,11.478,11.259,11.913,14.978,11.260,12.503,7.188,10.955,10.733,10.427,8.876,7.450,0.000,7.229,8.506,7.727,8.230,11.012,11.963,12.534,14.187
15.896,14.909,11.614,13.941,9.937,13.283,12.076,12.291,15.581,12.170,14.044,9.363,12.819,13.176,11.863,9.091,9.356,7.229,0.000,6.357,8.377,7.216,8.111,11.106,12.459,13.271
15.682,14.528,11.617,12.788,8.400,11.791,10.456,10.333,13.639,10.647,13.124,8.670,12.366,13.033,13.063,9.546,8.360,8.506,6.357,0.000,6.721,8.487,7.466,8.587,11.903,13.040
15.569,14.216,10.691,11.088,6.462,8.475,6.535,7.534,11.559,9.350,12.142,8.367,12.827,13.055,13.738,11.550,9.215,7.727,8.377,6.721,0.000,6.464,8.023,7.450,9.449,11.854
17.309,16.778,13.544,14.569,10.399,11.552,9.495,11.227,15.024,12.938,15.596,11.748,15.113,14.750,14.368,12.492,11.421,8.230,7.216,8.487,6.464,0.000,6.538,7.968,8.136,10.166
17.827,17.741,15.220,15.873,11.746,12.367,10.163,11.805,15.213,13.838,16.567,13.110,16.167,16.163,15.651,12.995,12.455,11.012,8.111,7.466,8.023,6.538,0.000,6.076,8.044,9.001
17.476,17.460,15.191,15.365,11.221,11.201,9.043,10.899,13.962,13.219,16.072,13.262,16.367,16.422,16.412,13.976,12.649,11.963,11.106,8.587,7.450,7.968,6.076,0.000,6.348,8.718
17.329,17.497,16.000,15.981,12.794,11.762,10.580,13.060,15.721,15.277,16.921,14.810,17.240,17.036,16.939,15.722,14.075,12.534,12.459,11.903,9.449,8.136,8.044,6.348,0.000,7.106
17.417,17.667,17.246,17.320,15.178,14.362,13.326,14.748,16.660,16.656,17.813,16.282,18.021,18.026,17.633,16.790,15.853,14.187,13.271,13.040,11.854,10.166,9.001,8.718,7.106,0.000