c1,c2,c3,c4,c5,c6,c7,c8,c9,c10,c11,c12,c13,c14,c15,c16,c17,c18,c19,c20,c21,c22,c23,c24,c25,c26
0.000,7.512,8.439,10.798,13.687,15.220,17.742,16.941,15.414,13.862,9.880,10.206,10.153,10.985,13.612,13.488,12.796,13.862,15.892,15.851,15.686,17.278,17.988,17.719,17.590,17.741
7.512,0.000,6.484,8.323,11.577,13.655,16.327,14.612,12.757,10.668,6.283,7.595,7.697,9.123,12.180,11.919,10.789,12.040,14.535,14.526,14.107,16.737,17.873,17.678,17.705,18.048
8.439,6.484,0.000,6.248,8.458,10.102,12.971,12.519,11.553,9.878,7.247,5.435,8.305,8.466,11.130,10.009,7.877,8.469,11.573,11.738,10.704,13.495,15.291,15.368,16.186,17.547
10.798,8.323,6.248,0.000,6.435,7.651,9.984,8.895,6.343,7.046,5.836,7.382,11.003,12.319,15.080,12.925,11.295,11.749,14.370,12.982,11.056,14.795,16.362,15.718,16.185,17.453
13.687,11.577,8.458,6.435,0.000,6.306,6.231,4.865,6.853,4.977,7.635,6.178,10.736,11.999,13.250,10.277,8.594,8.213,10.216,8.469,6.031,10.238,11.663,11.175,12.699,15.104
15.220,13.655,10.102,7.651,6.306,0.000,7.764,8.379,7.982,9.989,11.929,10.895,15.517,15.478,16.561,14.667,12.365,11.208,13.737,12.221,8.539,12.008,13.113,11.605,12.111,14.754
17.742,16.327,12.971,9.984,6.231,7.764,0.000,5.405,8.175,9.160,13.030,11.784,16.104,16.941,16.899,14.465,12.626,11.308,12.713,10.674,6.692,10.070,10.734,9.269,10.698,13.480
16.941,14.612,12.519,8.895,4.865,8.379,5.405,0.000,6.506,5.331,10.291,10.477,14.331,16.548,17.066,13.684,12.565,12.354,13.041,10.690,8.228,11.992,12.494,11.100,13.222,15.020
15.414,12.757,11.553,6.343,6.853,7.982,8.175,6.506,0.000,8.346,12.968,12.211,15.757,17.812,18.455,16.169,15.124,15.180,16.165,13.988,11.984,15.785,16.043,14.466,16.095,17.082
13.862,10.668,9.878,7.046,4.977,9.989,9.160,5.331,8.346,0.000,9.902,9.413,12.193,14.180,14.741,11.727,11.149,11.540,12.536,10.670,9.825,13.566,14.243,13.394,15.561,16.918
9.880,6.283,7.247,5.836,7.635,11.929,13.030,10.291,12.968,9.902,0.000,9.778,12.073,13.515,13.846,11.899,11.411,12.507,14.274,13.300,12.872,16.203,17.347,16.679,17.346,18.113
10.206,7.595,5.435,7.382,6.178,10.895,11.784,10.477,12.211,9.413,9.778,0.000,9.418,10.505,10.314,7.329,6.579,7.408,9.665,9.014,9.329,12.333,13.620,13.637,15.482,16.815
10.153,7.697,8.305,11.003,10.736,15.517,16.104,14.331,15.757,12.193,12.073,9.418,0.000,8.399,9.352,7.972,8.782,10.375,12.028,12.077,13.085,15.075,16.279,16.734,17.917,18.372
10.985,9.123,8.466,12.319,11.999,15.478,16.941,16.548,17.812,14.180,13.515,10.505,8.399,0.000,9.075,9.376,8.815,9.450,12.085,12.372,12.549,13.873,15.826,16.233,17.112,18.244
13.612,12.180,11.130,15.080,13.250,16.561,16.899,17.066,18.455,14.741,13.846,10.314,9.352,9.075,0.000,9.449,10.276,8.769,10.202,11.862,12.873,12.856,14.564,15.903,16.808,17.699
13.488,11.919,10.009,12.925,10.277,14.667,14.465,13.684,16.169,11.727,11.899,7.329,7.972,9.376,9.449,0.000,8.036,9.211,8.020,8.513,11.017,11.744,12.141,13.443,15.686,16.776
12.796,10.789,7.877,11.295,8.594,12.365,12.626,12.565,15.124,11.149,11.411,6.579,8.782,8.815,10.276,8.036,0.000,7.185,9.722,7.479,8.202,10.843,11.743,11.789,13.673,15.888
13.862,12.040,8.469,11.749,8.213,11.208,11.308,12.354,15.180,11.540,12.507,7.408,10.375,9.450,8.769,9.211,7.185,0.000,6.848,8.949,7.168,7.700,10.877,11.690,12.094,14.058
15.892,14.535,11.573,14.370,10.216,13.737,12.713,13.041,16.165,12.536,14.274,9.665,12.028,12.085,10.202,8.020,9.722,6.848,0.000,6.220,8.827,6.943,7.976,11.067,12.295,13.042
15.851,14.526,11.738,12.982,8.469,12.221,10.674,10.690,13.988,10.670,13.300,9.014,12.077,12.372,11.862,8.513,7.479,8.949,6.220,0.000,6.470,8.459,7.313,8.317,11.750,12.878
15.686,14.107,10.704,11.056,6.031,8.539,6.692,8.228,11.984,9.825,12.872,9.329,13.085,12.549,12.873,11.017,8.202,7.168,8.827,6.470,0.000,6.382,8.266,7.436,9.389,11.770
17.278,16.737,13.495,14.795,10.238,12.008,10.070,11.992,15.785,13.566,16.203,12.333,15.075,13.873,12.856,11.744,10.843,7.700,6.943,8.459,6.382,0.000,6.284,8.127,8.278,10.094
17.988,17.873,15.291,16.362,11.663,13.113,10.734,12.494,16.043,14.243,17.347,13.620,16.279,15.826,14.564,12.141,11.743,10.877,7.976,7.313,8.266,6.284,0.000,6.243,8.214,9.160
17.719,17.678,15.368,15.718,11.175,11.605,9.269,11.100,14.466,13.394,16.679,13.637,16.734,16.233,15.903,13.443,11.789,11.690,11.067,8.317,7.436,8.127,6.243,0.000,6.537,9.297
17.590,17.705,16.186,16.185,12.699,12.111,10.698,13.222,16.095,15.561,17.346,15.482,17.917,17.112,16.808,15.686,13.673,12.094,12.295,11.750,9.389,8.278,8.214,6.537,0.000,7.221
17.741,18.048,17.547,17.453,15.104,14.754,13.480,15.020,17.082,16.918,18.113,16.815,18.372,18.244,17.699,16.776,15.888,14.058,13.042,12.878,11.770,10.094,9.160,9.297,7.221,0.000