c1,c2,c3,c4,c5,c6,c7,c8,c9,c10,c11,c12,c13,c14,c15,c16,c17,c18,c19,c20,c21,c22,c23,c24,c25,c26
0.000,7.420,8.380,10.720,13.622,15.140,17.677,16.882,15.330,13.804,9.810,10.158,10.138,11.004,13.570,13.498,12.811,13.896,15.857,15.873,15.714,17.341,17.979,17.703,17.568,17.691
7.420,0.000,6.440,8.315,11.554,13.639,16.330,14.621,12.763,10.670,6.271,7.597,7.715,9.081,12.093,11.929,10.770,12.019,14.481,14.592,14.134,16.777,17.873,17.738,17.685,18.011
8.380,6.440,0.000,6.219,8.457,10.075,12.970,12.523,11.546,9.873,7.240,5.432,8.322,8.460,11.079,10.040,7.898,8.443,11.511,11.824,10.754,13.507,15.334,15.514,16.276,17.512
10.720,8.315,6.219,0.000,6.388,7.606,9.986,8.895,6.333,7.040,5.833,7.372,11.008,12.291,15.030,12.996,11.325,11.672,14.308,13.111,11.085,14.706,16.313,15.830,16.234,17.424
13.622,11.554,8.457,6.388,0.000,6.317,6.255,4.865,6.848,4.974,7.633,6.187,10.736,12.007,13.194,10.329,8.627,8.073,10.130,8.619,6.047,10.175,11.688,11.239,12.773,15.091
15.140,13.639,10.075,7.606,6.317,0.000,7.623,8.378,7.979,9.994,11.925,10.886,15.513,15.480,16.487,14.704,12.390,11.118,13.702,12.382,8.565,11.860,13.076,11.731,12.182,14.664
17.677,16.330,12.970,9.986,6.255,7.623,0.000,5.411,8.184,9.154,13.023,11.788,16.094,16.950,16.832,14.498,12.583,11.153,12.610,10.752,6.642,9.856,10.668,9.283,10.746,13.402
16.882,14.621,12.523,8.895,4.865,8.378,5.411,0.000,6.503,5.330,10.279,10.497,14.332,16.537,17.019,13.760,12.528,12.241,12.914,10.771,8.096,11.743,12.484,11.185,13.374,15.035
15.330,12.763,11.546,6.333,6.848,7.979,8.184,6.503,0.000,8.357,12.915,12.240,15.723,17.809,18.424,16.271,15.060,14.996,16.063,14.081,11.854,15.497,15.940,14.492,16.100,17.009
13.804,10.670,9.873,7.040,4.974,9.994,9.154,5.330,8.357,0.000,9.948,9.381,12.189,14.161,14.757,11.872,11.147,11.387,12.482,10.865,9.686,13.350,14.264,13.582,15.669,16.929
9.810,6.271,7.240,5.833,7.633,11.925,13.023,10.279,12.915,9.948,0.000,9.823,12.079,13.478,13.854,12.096,11.420,12.359,14.233,13.393,12.677,16.026,17.235,16.735,17.326,18.063
10.158,7.597,5.432,7.372,6.187,10.886,11.788,10.497,12.240,9.381,9.823,0.000,9.421,10.471,10.338,7.527,6.605,7.221,9.683,9.226,9.274,12.241,13.651,13.841,15.526,16.803
10.138,7.715,8.322,11.008,10.736,15.513,16.094,14.332,15.723,12.189,12.079,9.421,0.000,8.431,9.447,8.083,8.833,10.305,12.076,12.128,13.049,15.064,16.317,16.804,17.835,18.291
11.004,9.081,8.460,12.291,12.007,15.480,16.950,16.537,17.809,14.161,13.478,10.471,8.431,0.000,9.038,9.482,8.999,9.468,12.118,12.420,12.653,13.985,15.925,16.396,17.214,18.213
13.570,12.093,11.079,15.030,13.194,16.487,16.832,17.019,18.424,14.757,13.854,10.338,9.447,9.038,0.000,9.425,10.244,8.779,10.180,11.796,12.853,12.968,14.673,16.041,16.919,17.701
13.498,11.929,10.040,12.996,10.329,14.704,14.498,13.760,16.271,11.872,12.096,7.527,8.083,9.482,9.425,0.000,8.116,9.212,8.080,8.561,11.076,11.860,12.331,13.640,15.844,16.859
12.811,10.770,7.898,11.325,8.627,12.390,12.583,12.528,15.060,11.147,11.420,6.605,8.833,8.999,10.244,8.116,0.000,7.254,9.676,7.557,8.319,10.932,11.907,12.106,13.982,15.993
13.896,12.019,8.443,11.672,8.073,11.118,11.153,12.241,14.996,11.387,12.359,7.221,10.305,9.468,8.779,9.212,7.254,0.000,6.939,8.915,7.274,7.793,10.911,11.867,12.402,14.264
15.857,14.481,11.511,14.308,10.130,13.702,12.610,12.914,16.063,12.482,14.233,9.683,12.076,12.118,10.180,8.080,9.676,6.939,0.000,6.285,8.760,7.063,8.101,11.208,12.566,13.289
15.873,14.592,11.824,13.111,8.619,12.382,10.752,10.771,14.081,10.865,13.393,9.226,12.128,12.420,11.796,8.561,7.557,8.915,6.285,0.000,6.568,8.536,7.481,8.714,12.119,13.168
15.714,14.134,10.754,11.085,6.047,8.565,6.642,8.096,11.854,9.686,12.677,9.274,13.049,12.653,12.853,11.076,8.319,7.274,8.760,6.568,0.000,6.489,8.228,7.578,9.867,11.960
17.341,16.777,13.507,14.706,10.175,11.860,9.856,11.743,15.497,13.350,16.026,12.241,15.064,13.985,12.968,11.860,10.932,7.793,7.063,8.536,6.489,0.000,6.388,8.114,8.551,10.362
17.979,17.873,15.334,16.313,11.688,13.076,10.668,12.484,15.940,14.264,17.235,13.651,16.317,15.925,14.673,12.331,11.907,10.911,8.101,7.481,8.228,6.388,0.000,6.230,8.295,9.374
17.703,17.738,15.514,15.830,11.239,11.731,9.283,11.185,14.492,13.582,16.735,13.841,16.804,16.396,16.041,13.640,12.106,11.867,11.208,8.714,7.578,8.114,6.230,0.000,6.408,9.147
17.568,17.685,16.276,16.234,12.773,12.182,10.746,13.374,16.100,15.669,17.326,15.526,17.835,17.214,16.919,15.844,13.982,12.402,12.566,12.119,9.867,8.551,8.295,6.408,0.000,7.252
17.691,18.011,17.512,17.424,15.091,14.664,13.402,15.035,17.009,16.929,18.063,16.803,18.291,18.213,17.701,16.859,15.993,14.264,13.289,13.168,11.960,10.362,9.374,9.147,7.252,0.000