c1,c2,c3,c4,c5,c6,c7,c8,c9,c10,c11,c12,c13,c14,c15,c16,c17,c18,c19,c20,c21,c22,c23,c24,c25,c26
0.000,7.559,8.489,10.826,13.578,15.087,17.508,16.862,15.322,13.804,9.988,10.140,10.180,11.028,13.460,13.390,12.644,13.910,15.670,15.449,15.572,17.212,18.006,17.463,17.454,17.591
7.559,0.000,6.628,8.707,11.677,13.663,16.288,14.725,12.784,10.783,6.536,7.668,7.864,9.382,12.180,11.926,10.848,12.297,14.463,14.171,14.139,16.663,17.853,17.386,17.513,17.796
8.489,6.628,0.000,6.327,8.697,10.087,12.879,12.604,11.515,9.888,7.269,5.593,8.448,8.621,11.022,9.980,7.912,8.700,11.513,11.302,10.720,13.472,15.263,15.029,16.015,17.028
10.826,8.707,6.327,0.000,6.528,7.846,9.953,8.943,6.378,7.060,5.858,7.349,10.935,12.298,14.881,12.923,11.207,12.148,14.561,12.757,11.305,15.009,16.407,15.313,16.154,16.999
13.578,11.677,8.697,6.528,0.000,6.530,6.173,4.971,6.789,4.942,7.595,6.182,10.674,11.857,13.025,10.315,8.609,8.903,10.666,8.329,6.661,10.546,11.799,10.757,12.820,14.581
15.087,13.663,10.087,7.846,6.530,0.000,7.827,8.376,7.838,9.797,11.821,10.860,15.357,15.206,16.176,14.641,11.932,11.310,13.901,11.952,8.584,12.194,13.139,11.405,12.251,13.975
17.508,16.288,12.879,9.953,6.173,7.827,0.000,5.298,8.239,9.028,12.880,11.655,15.852,16.633,16.599,14.315,12.238,11.641,12.962,10.612,6.572,10.305,10.581,8.388,10.722,12.654
16.862,14.725,12.604,8.943,4.971,8.376,5.298,0.000,6.439,5.522,10.342,10.627,14.386,16.348,16.848,13.689,12.366,12.872,13.318,10.517,8.319,12.252,12.411,10.402,13.185,14.569
15.322,12.784,11.515,6.378,6.789,7.838,8.239,6.439,0.000,8.938,13.174,12.305,15.748,17.642,18.334,16.181,14.832,15.684,16.362,13.792,12.133,15.997,15.988,14.060,16.067,16.733
13.804,10.783,9.888,7.060,4.942,9.797,9.028,5.522,8.938,0.000,9.874,9.669,12.371,14.026,14.671,11.779,11.133,12.300,12.920,10.463,10.098,13.738,14.452,13.330,15.765,16.709
9.988,6.536,7.269,5.858,7.595,11.821,12.880,10.342,13.174,9.874,0.000,10.214,12.181,13.389,13.902,12.035,11.367,13.035,14.589,13.216,13.121,16.352,17.508,16.602,17.553,17.998
10.140,7.668,5.593,7.349,6.182,10.860,11.655,10.627,12.305,9.669,10.214,0.000,9.516,10.425,10.245,7.233,6.515,8.235,9.937,9.000,9.720,12.635,14.029,13.840,15.673,16.820
10.180,7.864,8.448,10.935,10.674,15.357,15.852,14.386,15.748,12.371,12.181,9.516,0.000,8.615,10.064,8.423,8.865,10.812,11.992,11.888,13.129,15.181,16.580,16.845,17.841,18.236
11.028,9.382,8.621,12.298,11.857,15.206,16.633,16.348,17.642,14.026,13.389,10.425,8.615,0.000,9.315,9.579,8.430,9.608,12.064,12.249,12.522,14.049,16.058,16.307,17.012,18.085
13.460,12.180,11.022,14.881,13.025,16.176,16.599,16.848,18.334,14.671,13.902,10.245,10.064,9.315,0.000,9.740,10.330,8.641,9.810,11.674,12.755,12.973,14.958,15.981,16.646,17.551
13.390,11.926,9.980,12.923,10.315,14.641,14.315,13.689,16.181,11.779,12.035,7.233,8.423,9.579,9.740,0.000,7.830,9.320,7.742,8.205,10.935,11.806,12.646,13.641,15.889,16.824
12.644,10.848,7.912,11.207,8.609,11.932,12.238,12.366,14.832,11.133,11.367,6.515,8.865,8.430,10.330,7.830,0.000,7.082,9.458,7.391,8.278,11.047,12.190,12.145,13.991,15.948
13.910,12.297,8.700,12.148,8.903,11.310,11.641,12.872,15.684,12.300,13.035,8.235,10.812,9.608,8.641,9.320,7.082,0.000,6.874,8.795,7.411,8.027,11.254,11.889,12.504,14.276
15.670,14.463,11.513,14.561,10.666,13.901,12.962,13.318,16.362,12.920,14.589,9.937,11.992,12.064,9.810,7.742,9.458,6.874,0.000,6.272,8.748,7.274,8.735,11.320,12.617,13.490
15.449,14.171,11.302,12.757,8.329,11.952,10.612,10.517,13.792,10.463,13.216,9.000,11.888,12.249,11.674,8.205,7.391,8.795,6.272,0.000,6.541,8.467,7.987,8.665,11.930,13.310
15.572,14.139,10.720,11.305,6.661,8.584,6.572,8.319,12.133,10.098,13.121,9.720,13.129,12.522,12.755,10.935,8.278,7.411,8.748,6.541,0.000,6.451,8.306,7.543,9.710,11.782
17.212,16.663,13.472,15.009,10.546,12.194,10.305,12.252,15.997,13.738,16.352,12.635,15.181,14.049,12.973,11.806,11.047,8.027,7.274,8.467,6.451,0.000,6.372,8.171,8.446,10.308
18.006,17.853,15.263,16.407,11.799,13.139,10.581,12.411,15.988,14.452,17.508,14.029,16.580,16.058,14.958,12.646,12.190,11.254,8.735,7.987,8.306,6.372,0.000,6.389,8.245,9.600
17.463,17.386,15.029,15.313,10.757,11.405,8.388,10.402,14.060,13.330,16.602,13.840,16.845,16.307,15.981,13.641,12.145,11.889,11.320,8.665,7.543,8.171,6.389,0.000,6.640,9.478
17.454,17.513,16.015,16.154,12.820,12.251,10.722,13.185,16.067,15.765,17.553,15.673,17.841,17.012,16.646,15.889,13.991,12.504,12.617,11.930,9.710,8.446,8.245,6.640,0.000,7.357
17.591,17.796,17.028,16.999,14.581,13.975,12.654,14.569,16.733,16.709,17.998,16.820,18.236,18.085,17.551,16.824,15.948,14.276,13.490,13.310,11.782,10.308,9.600,9.478,7.357,0.000