c1,c2,c3,c4,c5,c6,c7,c8,c9,c10,c11,c12,c13,c14,c15,c16,c17,c18,c19,c20,c21,c22,c23,c24,c25,c26
0.000,7.563,8.414,10.651,13.582,15.115,17.632,16.874,15.223,13.781,9.840,10.131,10.272,11.237,13.668,13.708,12.829,13.992,15.906,15.832,15.630,17.312,17.998,17.657,17.498,17.677
7.563,0.000,6.489,8.306,11.611,13.654,16.380,14.700,12.751,10.718,6.269,7.595,7.798,9.347,12.243,12.218,10.842,12.176,14.676,14.562,14.057,16.751,17.875,17.647,17.625,17.975
8.414,6.489,0.000,6.237,8.514,10.140,13.008,12.626,11.515,9.835,7.225,5.394,8.311,8.459,10.878,10.080,7.800,8.309,11.500,11.699,10.604,13.392,15.261,15.310,16.216,17.503
10.651,8.306,6.237,0.000,6.388,7.654,9.994,8.910,6.326,7.019,5.832,7.379,10.965,12.351,14.966,13.189,11.137,11.722,14.397,12.925,10.948,14.642,16.269,15.566,16.142,17.389
13.582,11.611,8.514,6.388,0.000,6.309,6.353,4.906,6.856,4.972,7.645,6.266,10.782,11.936,13.107,10.510,8.492,8.270,10.304,8.532,5.945,10.100,11.569,10.983,12.586,14.993
15.115,13.654,10.140,7.654,6.309,0.000,7.681,8.400,7.991,9.972,11.941,10.997,15.549,15.458,16.344,14.881,12.156,11.144,13.752,12.258,8.431,11.709,13.001,11.479,12.002,14.504
17.632,16.380,13.008,9.994,6.353,7.681,0.000,5.428,8.201,9.132,13.023,11.863,16.129,16.866,16.779,14.609,12.495,11.347,12.777,10.827,6.554,9.901,10.722,9.104,10.612,13.324
16.874,14.700,12.626,8.910,4.906,8.400,5.428,0.000,6.529,5.399,10.319,10.583,14.382,16.469,16.984,13.881,12.398,12.483,13.062,10.657,8.028,11.808,12.467,10.910,13.269,14.974
15.223,12.751,11.515,6.326,6.856,7.991,8.201,6.529,0.000,8.501,13.038,12.274,15.718,17.750,18.370,16.413,14.877,15.256,16.157,13.899,11.796,15.580,15.955,14.333,16.113,17.053
13.781,10.718,9.835,7.019,4.972,9.972,9.132,5.399,8.501,0.000,10.079,9.433,12.197,14.062,14.669,11.935,11.001,11.609,12.552,10.589,9.584,13.349,14.187,13.382,15.526,16.887
9.840,6.269,7.225,5.832,7.645,11.941,13.023,10.319,13.038,10.079,0.000,9.965,12.075,13.338,13.805,12.309,11.268,12.519,14.306,13.275,12.691,16.075,17.279,16.686,17.426,18.092
10.131,7.595,5.394,7.379,6.266,10.997,11.863,10.583,12.274,9.433,9.965,0.000,9.214,10.277,10.173,7.517,6.492,7.464,9.750,9.066,9.331,12.280,13.595,13.736,15.489,16.856
10.272,7.798,8.311,10.965,10.782,15.549,16.129,14.382,15.718,12.197,12.075,9.214,0.000,8.326,9.726,8.242,8.798,10.459,12.031,11.952,13.011,15.029,16.266,16.792,17.925,18.319
11.237,9.347,8.459,12.351,11.936,15.458,16.866,16.469,17.750,14.062,13.338,10.277,8.326,0.000,8.937,9.336,8.623,9.525,11.974,12.158,12.493,13.864,15.793,16.277,17.235,18.285
13.668,12.243,10.878,14.966,13.107,16.344,16.779,16.984,18.370,14.669,13.805,10.173,9.726,8.937,0.000,9.324,10.410,8.648,9.973,11.594,12.770,12.779,14.461,15.904,16.807,17.622
13.708,12.218,10.080,13.189,10.510,14.881,14.609,13.881,16.413,11.935,12.309,7.517,8.242,9.336,9.324,0.000,7.926,9.097,7.817,8.314,11.012,11.770,12.128,13.488,15.794,16.790
12.829,10.842,7.800,11.137,8.492,12.156,12.495,12.398,14.877,11.001,11.268,6.492,8.798,8.623,10.410,7.926,0.000,7.163,9.648,7.340,8.166,10.868,11.748,11.903,13.830,15.898
13.992,12.176,8.309,11.722,8.270,11.144,11.347,12.483,15.256,11.609,12.519,7.464,10.459,9.525,8.648,9.097,7.163,0.000,6.819,8.850,7.185,7.718,10.797,11.751,12.260,14.134
15.906,14.676,11.500,14.397,10.304,13.752,12.777,13.062,16.157,12.552,14.306,9.750,12.031,11.974,9.973,7.817,9.648,6.819,0.000,6.262,8.758,7.021,7.941,11.147,12.497,13.162
15.832,14.562,11.699,12.925,8.532,12.258,10.827,10.657,13.899,10.589,13.275,9.066,11.952,12.158,11.594,8.314,7.340,8.850,6.262,0.000,6.496,8.521,7.350,8.539,12.002,13.063
15.630,14.057,10.604,10.948,5.945,8.431,6.554,8.028,11.796,9.584,12.691,9.331,13.011,12.493,12.770,11.012,8.166,7.185,8.758,6.496,0.000,6.416,8.202,7.463,9.691,11.870
17.312,16.751,13.392,14.642,10.100,11.709,9.901,11.808,15.580,13.349,16.075,12.280,15.029,13.864,12.779,11.770,10.868,7.718,7.021,8.521,6.416,0.000,6.313,8.074,8.467,10.240
17.998,17.875,15.261,16.269,11.569,13.001,10.722,12.467,15.955,14.187,17.279,13.595,16.266,15.793,14.461,12.128,11.748,10.797,7.941,7.350,8.202,6.313,0.000,6.187,8.269,9.327
17.657,17.647,15.310,15.566,10.983,11.479,9.104,10.910,14.333,13.382,16.686,13.736,16.792,16.277,15.904,13.488,11.903,11.751,11.147,8.539,7.463,8.074,6.187,0.000,6.429,9.175
17.498,17.625,16.216,16.142,12.586,12.002,10.612,13.269,16.113,15.526,17.426,15.489,17.925,17.235,16.807,15.794,13.830,12.260,12.497,12.002,9.691,8.467,8.269,6.429,0.000,7.217
17.677,17.975,17.503,17.389,14.993,14.504,13.324,14.974,17.053,16.887,18.092,16.856,18.319,18.285,17.622,16.790,15.898,14.134,13.162,13.063,11.870,10.240,9.327,9.175,7.217,0.000