c1,c2,c3,c4,c5,c6,c7,c8,c9,c10,c11,c12,c13,c14,c15,c16,c17,c18,c19,c20,c21,c22,c23,c24,c25,c26
0.000,7.034,8.078,10.526,13.432,14.896,17.653,16.810,15.356,13.662,9.733,10.052,9.712,10.305,12.898,12.781,11.974,13.982,15.612,15.047,15.537,17.141,17.745,17.692,17.614,17.308
7.034,0.000,6.140,8.049,11.353,13.469,16.167,14.418,12.620,10.520,6.053,7.502,7.405,9.039,11.846,11.490,10.441,13.022,14.953,13.982,14.686,16.932,17.737,17.800,17.741,17.422
8.078,6.140,0.000,6.048,8.140,10.021,12.867,12.359,11.417,9.779,7.196,5.325,8.247,8.457,10.951,9.622,7.574,10.151,12.269,10.791,11.246,14.139,15.207,15.479,16.205,16.853
10.526,8.049,6.048,0.000,6.095,7.370,9.961,8.863,6.364,7.031,5.777,7.410,10.929,12.215,14.956,12.565,11.204,13.814,15.493,13.055,13.496,16.524,17.223,16.789,17.210,17.554
13.432,11.353,8.140,6.095,0.000,6.032,5.824,4.834,6.858,4.946,7.616,6.203,10.623,11.948,13.257,9.708,8.699,11.323,12.130,9.066,10.098,13.564,13.867,13.477,14.693,16.103
14.896,13.469,10.021,7.370,6.032,0.000,7.004,8.236,7.960,9.902,11.762,10.788,15.264,15.368,16.562,14.075,11.568,13.586,15.097,12.060,11.380,14.624,14.795,13.564,14.520,15.856
17.653,16.167,12.867,9.961,5.824,7.004,0.000,5.245,8.111,9.013,12.877,11.487,15.834,16.758,16.893,13.737,12.131,14.242,14.825,11.407,11.286,14.191,13.767,12.453,14.037,15.534
16.810,14.418,12.359,8.863,4.834,8.236,5.245,0.000,5.914,5.187,10.128,10.226,14.128,16.382,16.855,12.938,12.154,14.744,14.874,11.544,12.570,15.474,14.951,14.039,15.571,16.454
15.356,12.620,11.417,6.364,6.858,7.960,8.111,5.914,0.000,7.663,12.019,11.878,15.520,17.703,18.317,15.255,14.307,17.289,17.454,14.685,15.591,18.026,17.344,16.617,17.592,17.751
13.662,10.520,9.779,7.031,4.946,9.902,9.013,5.187,7.663,0.000,8.827,8.610,11.568,13.938,14.436,10.672,10.780,13.907,13.922,11.040,13.130,16.165,15.660,15.627,16.718,17.114
9.733,6.053,7.196,5.777,7.616,11.762,12.877,10.128,12.019,8.827,0.000,9.033,11.449,12.881,13.292,10.676,10.751,13.804,14.766,13.375,15.006,17.406,17.765,17.813,17.809,17.654
10.052,7.502,5.325,7.410,6.203,10.788,11.487,10.226,11.878,8.610,9.033,0.000,8.165,10.068,9.681,6.172,6.073,9.380,10.140,8.570,10.664,13.390,13.515,14.337,15.402,16.165
9.712,7.405,8.247,10.929,10.623,15.264,15.834,14.128,15.520,11.568,11.449,8.165,0.000,7.154,8.094,6.852,7.979,9.956,10.908,11.260,12.988,14.653,15.647,17.103,17.598,17.340
10.305,9.039,8.457,12.215,11.948,15.368,16.758,16.382,17.703,13.938,12.881,10.068,7.154,0.000,7.749,8.391,6.844,7.889,10.671,11.163,11.202,12.984,15.193,16.244,16.520,17.233
12.898,11.846,10.951,14.956,13.257,16.562,16.893,16.855,18.317,14.436,13.292,9.681,8.094,7.749,0.000,7.264,8.712,6.775,8.000,10.424,11.319,11.204,13.111,15.606,15.898,16.652
12.781,11.490,9.622,12.565,9.708,14.075,13.737,12.938,15.255,10.672,10.676,6.172,6.852,8.391,7.264,0.000,6.447,8.377,6.618,7.218,10.201,11.151,11.208,13.412,14.861,15.665
11.974,10.441,7.574,11.204,8.699,11.568,12.131,12.154,14.307,10.780,10.751,6.073,7.979,6.844,8.712,6.447,0.000,6.124,8.491,6.243,7.071,10.211,11.216,11.952,12.897,14.490
13.982,13.022,10.151,13.814,11.323,13.586,14.242,14.744,17.289,13.907,13.804,9.380,9.956,7.889,6.775,8.377,6.124,0.000,5.888,7.960,6.113,6.920,10.231,11.652,11.702,13.072
15.612,14.953,12.269,15.493,12.130,15.097,14.825,14.874,17.454,13.922,14.766,10.140,10.908,10.671,8.000,6.618,8.491,5.888,0.000,5.766,7.958,6.277,7.208,10.749,11.593,12.117
15.047,13.982,10.791,13.055,9.066,12.060,11.407,11.544,14.685,11.040,13.375,8.570,11.260,11.163,10.424,7.218,6.243,7.960,5.766,0.000,5.767,7.969,6.534,8.200,9.959,11.187
15.537,14.686,11.246,13.496,10.098,11.380,11.286,12.570,15.591,13.130,15.006,10.664,12.988,11.202,11.319,10.201,7.071,6.113,7.958,5.767,0.000,5.710,7.726,7.275,8.017,9.776
17.141,16.932,14.139,16.524,13.564,14.624,14.191,15.474,18.026,16.165,17.406,13.390,14.653,12.984,11.204,11.151,10.211,6.920,6.277,7.969,5.710,0.000,5.731,7.874,7.930,9.597
17.745,17.737,15.207,17.223,13.867,14.795,13.767,14.951,17.344,15.660,17.765,13.515,15.647,15.193,13.111,11.208,11.216,10.231,7.208,6.534,7.726,5.731,0.000,5.757,7.577,8.821
17.692,17.800,15.479,16.789,13.477,13.564,12.453,14.039,16.617,15.627,17.813,14.337,17.103,16.244,15.606,13.412,11.952,11.652,10.749,8.200,7.275,7.874,5.757,0.000,6.163,8.514
17.614,17.741,16.205,17.210,14.693,14.520,14.037,15.571,17.592,16.718,17.809,15.402,17.598,16.520,15.898,14.861,12.897,11.702,11.593,9.959,8.017,7.930,7.577,6.163,0.000,6.774
17.308,17.422,16.853,17.554,16.103,15.856,15.534,16.454,17.751,17.114,17.654,16.165,17.340,17.233,16.652,15.665,14.490,13.072,12.117,11.187,9.776,9.597,8.821,8.514,6.774,0.000