c1,c2,c3,c4,c5,c6,c7,c8,c9,c10,c11,c12,c13,c14,c15,c16,c17,c18,c19,c20,c21,c22,c23,c24,c25,c26
0.000,7.463,8.447,10.857,13.729,15.234,17.771,17.019,15.500,13.897,9.889,10.230,10.190,10.801,13.508,13.470,12.625,13.907,15.873,15.784,15.763,17.424,18.078,17.601,17.573,17.725
7.463,0.000,6.455,8.405,11.600,13.653,16.348,14.641,12.756,10.647,6.253,7.577,7.636,8.888,12.036,11.799,10.538,11.955,14.434,14.334,14.113,16.825,17.940,17.530,17.617,17.982
8.447,6.455,0.000,6.212,8.521,10.068,12.952,12.557,11.574,9.875,7.249,5.488,8.385,8.384,11.096,10.045,7.658,8.498,11.574,11.569,10.667,13.596,15.383,15.187,16.086,17.304
10.857,8.405,6.212,0.000,6.402,7.662,9.971,8.898,6.322,7.056,5.834,7.395,11.048,12.243,15.084,12.977,11.148,11.829,14.505,12.912,11.176,15.025,16.409,15.519,16.137,17.255
13.729,11.600,8.521,6.402,0.000,6.343,6.272,4.889,6.846,4.966,7.626,6.197,10.803,12.005,13.209,10.298,8.503,8.316,10.361,8.294,6.185,10.444,11.700,10.820,12.704,14.837
15.234,13.653,10.068,7.662,6.343,0.000,7.765,8.419,7.973,9.991,11.956,10.908,15.552,15.398,16.491,14.708,12.179,11.191,13.837,12.059,8.542,12.144,13.046,11.310,12.103,14.354
17.771,16.348,12.952,9.971,6.272,7.765,0.000,5.407,8.219,9.161,13.042,11.810,16.185,16.959,16.917,14.597,12.559,11.453,12.868,10.581,6.720,10.365,10.614,8.695,10.741,13.115
17.019,14.641,12.557,8.898,4.889,8.419,5.407,0.000,6.483,5.376,10.327,10.533,14.396,16.545,17.092,13.814,12.444,12.489,13.136,10.556,8.210,12.183,12.497,10.773,13.345,14.884
15.500,12.756,11.574,6.322,6.846,7.973,8.219,6.483,0.000,8.593,13.286,12.277,15.834,17.798,18.470,16.266,14.955,15.276,16.248,13.870,11.958,15.879,15.986,14.254,16.086,16.881
13.897,10.647,9.875,7.056,4.966,9.991,9.161,5.376,8.593,0.000,10.050,9.535,12.340,14.190,14.787,11.814,10.979,11.706,12.640,10.536,9.838,13.593,14.319,13.425,15.744,16.879
9.889,6.253,7.249,5.834,7.626,11.956,13.042,10.327,13.286,10.050,0.000,10.033,12.379,13.532,13.918,12.000,11.191,12.594,14.378,13.233,12.777,16.232,17.420,16.660,17.374,18.117
10.230,7.577,5.488,7.395,6.197,10.908,11.810,10.533,12.277,9.535,10.033,0.000,9.424,10.468,10.272,7.293,6.308,7.431,9.685,8.953,9.360,12.394,13.826,13.762,15.537,16.784
10.190,7.636,8.385,11.048,10.803,15.552,16.185,14.396,15.834,12.340,12.379,9.424,0.000,8.340,9.415,8.015,8.630,10.366,12.008,12.085,13.170,15.201,16.587,16.884,17.807,18.325
10.801,8.888,8.384,12.243,12.005,15.398,16.959,16.545,17.798,14.190,13.532,10.468,8.340,0.000,8.959,9.509,8.723,9.435,12.147,12.487,12.782,14.077,16.163,16.427,17.091,18.136
13.508,12.036,11.096,15.084,13.209,16.491,16.917,17.092,18.470,14.787,13.918,10.272,9.415,8.959,0.000,9.461,10.304,8.698,10.071,11.890,12.983,13.132,15.112,16.140,16.861,17.754
13.470,11.799,10.045,12.977,10.298,14.708,14.597,13.814,16.266,11.814,12.000,7.293,8.015,9.509,9.461,0.000,7.950,9.331,8.078,8.581,11.158,11.952,12.746,13.711,15.930,16.983
12.625,10.538,7.658,11.148,8.503,12.179,12.559,12.444,14.955,10.979,11.191,6.308,8.630,8.723,10.304,7.950,0.000,7.110,9.644,7.595,8.520,11.152,12.287,12.236,14.032,16.067
13.907,11.955,8.498,11.829,8.316,11.191,11.453,12.489,15.276,11.706,12.594,7.431,10.366,9.435,8.698,9.331,7.110,0.000,6.853,8.937,7.410,8.057,11.340,11.876,12.526,14.262
15.873,14.434,11.574,14.505,10.361,13.837,12.868,13.136,16.248,12.640,14.378,9.685,12.008,12.147,10.071,8.078,9.644,6.853,0.000,6.172,8.741,7.164,8.715,11.312,12.598,13.488
15.784,14.334,11.569,12.912,8.294,12.059,10.581,10.556,13.870,10.536,13.233,8.953,12.085,12.487,11.890,8.581,7.595,8.937,6.172,0.000,6.475,8.490,7.918,8.665,12.016,13.237
15.763,14.113,10.667,11.176,6.185,8.542,6.720,8.210,11.958,9.838,12.777,9.360,13.170,12.782,12.983,11.158,8.520,7.410,8.741,6.475,0.000,6.427,8.296,7.429,9.743,11.792
17.424,16.825,13.596,15.025,10.444,12.144,10.365,12.183,15.879,13.593,16.232,12.394,15.201,14.077,13.132,11.952,11.152,8.057,7.164,8.490,6.427,0.000,6.352,8.168,8.489,10.447
18.078,17.940,15.383,16.409,11.700,13.046,10.614,12.497,15.986,14.319,17.420,13.826,16.587,16.163,15.112,12.746,12.287,11.340,8.715,7.918,8.296,6.352,0.000,6.358,8.280,9.589
17.601,17.530,15.187,15.519,10.820,11.310,8.695,10.773,14.254,13.425,16.660,13.762,16.884,16.427,16.140,13.711,12.236,11.876,11.312,8.665,7.429,8.168,6.358,0.000,6.577,9.428
17.573,17.617,16.086,16.137,12.704,12.103,10.741,13.345,16.086,15.744,17.374,15.537,17.807,17.091,16.861,15.930,14.032,12.526,12.598,12.016,9.743,8.489,8.280,6.577,0.000,7.303
17.725,17.982,17.304,17.255,14.837,14.354,13.115,14.884,16.881,16.879,18.117,16.784,18.325,18.136,17.754,16.983,16.067,14.262,13.488,13.237,11.792,10.447,9.589,9.428,7.303,0.000