c1,c2,c3,c4,c5,c6,c7,c8,c9,c10,c11,c12,c13,c14,c15,c16,c17,c18,c19,c20,c21,c22,c23,c24,c25,c26
0.000,7.457,8.398,10.697,13.671,15.186,17.735,17.012,15.290,13.887,9.852,10.175,10.166,11.077,13.527,13.678,12.773,13.934,15.863,15.846,15.692,17.284,18.016,17.714,17.561,17.697
7.457,0.000,6.448,8.209,11.544,13.605,16.340,14.682,12.658,10.657,6.112,7.579,7.725,9.228,12.166,12.289,10.795,12.191,14.716,14.658,14.163,16.760,17.912,17.720,17.707,17.979
8.398,6.448,0.000,6.208,8.479,10.099,12.994,12.601,11.482,9.826,7.214,5.393,8.318,8.319,10.745,10.087,7.624,8.206,11.359,11.637,10.625,13.293,15.183,15.278,16.228,17.454
10.697,8.209,6.208,0.000,6.350,7.573,10.001,8.910,6.307,7.031,5.843,7.407,10.993,12.282,14.946,13.332,11.081,11.659,14.332,12.955,10.985,14.555,16.232,15.575,16.179,17.356
13.671,11.544,8.479,6.350,0.000,6.267,6.312,4.886,6.845,4.981,7.665,6.301,10.825,11.886,13.058,10.649,8.400,8.237,10.255,8.558,6.096,10.151,11.635,11.117,12.792,15.011
15.186,13.605,10.099,7.573,6.267,0.000,7.618,8.377,7.992,9.955,11.930,11.001,15.560,15.349,16.195,14.891,11.982,11.031,13.539,12.127,8.372,11.509,12.764,11.361,11.972,14.321
17.735,16.340,12.994,10.001,6.312,7.618,0.000,5.431,8.187,9.136,13.028,11.832,16.092,16.783,16.678,14.637,12.329,11.296,12.658,10.734,6.547,9.842,10.630,9.060,10.689,13.229
17.012,14.682,12.601,8.910,4.886,8.377,5.431,0.000,6.581,5.405,10.360,10.603,14.451,16.459,16.985,14.129,12.367,12.598,13.099,10.733,8.192,11.957,12.559,11.071,13.495,14.999
15.290,12.658,11.482,6.307,6.845,7.992,8.187,6.581,0.000,8.821,13.121,12.302,15.774,17.679,18.372,16.622,14.735,15.249,16.238,14.008,11.866,15.649,16.033,14.458,16.217,17.078
13.887,10.657,9.826,7.031,4.981,9.955,9.136,5.405,8.821,0.000,10.469,9.441,12.372,14.054,14.752,12.213,10.965,11.759,12.733,10.772,9.840,13.512,14.346,13.624,15.793,16.957
9.852,6.112,7.214,5.843,7.665,11.930,13.028,10.360,13.121,10.469,0.000,10.155,12.334,13.200,13.834,12.461,11.195,12.575,14.394,13.377,12.870,16.184,17.321,16.768,17.597,18.102
10.175,7.579,5.393,7.407,6.301,11.001,11.832,10.603,12.302,9.441,10.155,0.000,9.249,10.237,10.210,7.733,6.464,7.523,9.801,9.159,9.487,12.366,13.651,13.841,15.637,16.913
10.166,7.725,8.318,10.993,10.825,15.560,16.092,14.451,15.774,12.372,12.334,9.249,0.000,8.200,9.686,8.269,8.755,10.414,12.051,12.051,13.187,15.078,16.312,16.853,18.024,18.332
11.077,9.228,8.319,12.282,11.886,15.349,16.783,16.459,17.679,14.054,13.200,10.237,8.200,0.000,8.798,9.476,8.613,9.406,12.025,12.284,12.565,13.871,15.787,16.299,17.298,18.277
13.527,12.166,10.745,14.946,13.058,16.195,16.678,16.985,18.372,14.752,13.834,10.210,9.686,8.798,0.000,9.177,10.413,8.443,9.922,11.699,12.774,12.755,14.428,15.910,16.855,17.632
13.678,12.289,10.087,13.332,10.649,14.891,14.637,14.129,16.622,12.213,12.461,7.733,8.269,9.476,9.177,0.000,7.928,9.166,7.900,8.488,11.237,11.936,12.325,13.629,15.861,16.801
12.773,10.795,7.624,11.081,8.400,11.982,12.329,12.367,14.735,10.965,11.195,6.464,8.755,8.613,10.413,7.928,0.000,7.166,9.595,7.567,8.403,10.969,11.859,12.049,13.934,15.923
13.934,12.191,8.206,11.659,8.237,11.031,11.296,12.598,15.249,11.759,12.575,7.523,10.414,9.406,8.443,9.166,7.166,0.000,6.774,8.883,7.304,7.824,10.817,11.781,12.399,14.233
15.863,14.716,11.359,14.332,10.255,13.539,12.658,13.099,16.238,12.733,14.394,9.801,12.051,12.025,9.922,7.900,9.595,6.774,0.000,6.223,8.725,7.105,8.046,11.152,12.529,13.249
15.846,14.658,11.637,12.955,8.558,12.127,10.734,10.733,14.008,10.772,13.377,9.159,12.051,12.284,11.699,8.488,7.567,8.883,6.223,0.000,6.460,8.533,7.462,8.642,12.057,13.087
15.692,14.163,10.625,10.985,6.096,8.372,6.547,8.192,11.866,9.840,12.870,9.487,13.187,12.565,12.774,11.237,8.403,7.304,8.725,6.460,0.000,6.377,8.171,7.519,9.805,11.879
17.284,16.760,13.293,14.555,10.151,11.509,9.842,11.957,15.649,13.512,16.184,12.366,15.078,13.871,12.755,11.936,10.969,7.824,7.105,8.533,6.377,0.000,6.293,8.068,8.531,10.304
18.016,17.912,15.183,16.232,11.635,12.764,10.630,12.559,16.033,14.346,17.321,13.651,16.312,15.787,14.428,12.325,11.859,10.817,8.046,7.462,8.171,6.293,0.000,6.131,8.232,9.387
17.714,17.720,15.278,15.575,11.117,11.361,9.060,11.071,14.458,13.624,16.768,13.841,16.853,16.299,15.910,13.629,12.049,11.781,11.152,8.642,7.519,8.068,6.131,0.000,6.358,9.123
17.561,17.707,16.228,16.179,12.792,11.972,10.689,13.495,16.217,15.793,17.597,15.637,18.024,17.298,16.855,15.861,13.934,12.399,12.529,12.057,9.805,8.531,8.232,6.358,0.000,7.167
17.697,17.979,17.454,17.356,15.011,14.321,13.229,14.999,17.078,16.957,18.102,16.913,18.332,18.277,17.632,16.801,15.923,14.233,13.249,13.087,11.879,10.304,9.387,9.123,7.167,0.000