c1,c2,c3,c4,c5,c6,c7,c8,c9,c10,c11,c12,c13,c14,c15,c16,c17,c18,c19,c20,c21,c22,c23,c24,c25,c26
0.000,7.473,8.409,10.690,13.699,15.037,17.638,17.027,15.300,13.898,9.889,10.222,10.305,11.110,13.613,13.665,13.014,14.180,15.985,15.810,15.727,17.407,17.979,17.567,17.505,17.650
7.473,0.000,6.423,8.306,11.632,13.563,16.366,14.752,12.724,10.698,6.261,7.584,7.785,9.246,12.196,11.989,10.975,12.272,14.698,14.355,14.066,16.778,17.725,17.434,17.556,17.852
8.409,6.423,0.000,6.212,8.662,10.039,13.001,12.715,11.536,9.838,7.220,5.417,8.336,8.389,10.930,9.929,8.001,8.417,11.433,11.504,10.621,13.491,15.242,15.079,16.100,17.291
10.690,8.306,6.212,0.000,6.357,7.553,9.970,8.917,6.301,7.010,5.832,7.349,10.980,12.285,14.965,12.991,11.454,11.852,14.320,12.776,11.002,14.791,16.106,15.163,15.999,17.129
13.699,11.632,8.662,6.357,0.000,6.354,6.331,4.913,6.824,4.933,7.638,6.245,10.774,12.051,13.217,10.439,8.948,8.440,10.179,8.205,6.083,10.147,11.328,10.486,12.536,14.721
15.037,13.563,10.039,7.553,6.354,0.000,7.833,8.437,7.935,9.898,11.878,10.903,15.451,15.391,16.341,14.587,12.320,11.129,13.593,11.917,8.474,11.862,12.664,11.076,11.769,14.019
17.638,16.366,13.001,9.970,6.331,7.833,0.000,5.467,8.254,9.112,13.003,11.798,16.102,16.987,16.880,14.449,12.814,11.453,12.645,10.526,6.548,10.083,10.232,8.275,10.345,12.725
17.027,14.752,12.715,8.917,4.913,8.437,5.467,0.000,6.441,5.468,10.295,10.612,14.420,16.558,17.122,13.853,12.770,12.516,12.939,10.486,8.102,11.968,12.081,10.267,12.996,14.692
15.300,12.724,11.536,6.301,6.824,7.935,8.254,6.441,0.000,8.804,13.165,12.239,15.703,17.726,18.386,16.294,15.195,15.271,16.088,13.713,11.884,15.747,15.744,13.891,15.882,16.809
13.898,10.698,9.838,7.010,4.933,9.898,9.112,5.468,8.804,0.000,10.430,9.967,12.304,14.102,14.767,11.893,11.391,11.737,12.512,10.371,9.709,13.332,13.986,12.931,15.396,16.704
9.889,6.261,7.220,5.832,7.638,11.878,13.003,10.295,13.165,10.430,0.000,10.595,12.523,13.357,13.917,12.305,11.714,12.781,14.425,13.184,12.677,16.111,17.193,16.327,17.277,18.021
10.222,7.584,5.417,7.349,6.245,10.903,11.798,10.612,12.239,9.967,10.595,0.000,9.774,10.475,10.362,7.603,6.905,7.668,9.797,9.160,9.358,12.421,13.702,13.561,15.492,16.746
10.305,7.785,8.336,10.980,10.774,15.451,16.102,14.420,15.703,12.304,12.523,9.774,0.000,8.849,10.017,8.662,9.381,10.853,12.328,12.201,13.111,15.295,16.562,16.778,17.780,18.239
11.110,9.246,8.389,12.285,12.051,15.391,16.987,16.558,17.726,14.102,13.357,10.475,8.849,0.000,9.297,9.634,9.275,9.907,12.371,12.563,12.756,14.258,16.230,16.327,17.153,18.155
13.613,12.196,10.930,14.965,13.217,16.341,16.880,17.122,18.386,14.767,13.917,10.362,10.017,9.297,0.000,9.767,10.713,9.310,10.668,12.302,13.183,13.480,15.356,16.176,16.859,17.761
13.665,11.989,9.929,12.991,10.439,14.587,14.449,13.853,16.294,11.893,12.305,7.603,8.662,9.634,9.767,0.000,8.303,9.513,8.513,9.167,11.306,12.184,12.827,13.765,15.961,17.001
13.014,10.975,8.001,11.454,8.948,12.320,12.814,12.770,15.195,11.391,11.714,6.905,9.381,9.275,10.713,8.303,0.000,7.357,9.595,7.619,8.555,11.213,12.209,12.171,14.050,16.038
14.180,12.272,8.417,11.852,8.440,11.129,11.453,12.516,15.271,11.737,12.781,7.668,10.853,9.907,9.310,9.513,7.357,0.000,7.126,9.042,7.416,8.173,11.234,11.840,12.563,14.285
15.985,14.698,11.433,14.320,10.179,13.593,12.645,12.939,16.088,12.512,14.425,9.797,12.328,12.371,10.668,8.513,9.595,7.126,0.000,6.405,8.867,7.300,8.596,11.339,12.698,13.537
15.810,14.355,11.504,12.776,8.205,11.917,10.526,10.486,13.713,10.371,13.184,9.160,12.201,12.563,12.302,9.167,7.619,9.042,6.405,0.000,6.882,8.915,7.839,8.709,12.106,13.333
15.727,14.066,10.621,11.002,6.083,8.474,6.548,8.102,11.884,9.709,12.677,9.358,13.111,12.756,13.183,11.306,8.555,7.416,8.867,6.882,0.000,6.952,8.551,7.561,9.856,11.977
17.407,16.778,13.491,14.791,10.147,11.862,10.083,11.968,15.747,13.332,16.111,12.421,15.295,14.258,13.480,12.184,11.213,8.173,7.300,8.915,6.952,0.000,6.929,8.383,8.618,10.540
17.979,17.725,15.242,16.106,11.328,12.664,10.232,12.081,15.744,13.986,17.193,13.702,16.562,16.230,15.356,12.827,12.209,11.234,8.596,7.839,8.551,6.929,0.000,6.636,8.419,9.768
17.567,17.434,15.079,15.163,10.486,11.076,8.275,10.267,13.891,12.931,16.327,13.561,16.778,16.327,16.176,13.765,12.171,11.840,11.339,8.709,7.561,8.383,6.636,0.000,6.823,9.635
17.505,17.556,16.100,15.999,12.536,11.769,10.345,12.996,15.882,15.396,17.277,15.492,17.780,17.153,16.859,15.961,14.050,12.563,12.698,12.106,9.856,8.618,8.419,6.823,0.000,7.546
17.650,17.852,17.291,17.129,14.721,14.019,12.725,14.692,16.809,16.704,18.021,16.746,18.239,18.155,17.761,17.001,16.038,14.285,13.537,13.333,11.977,10.540,9.768,9.635,7.546,0.000