c1,c2,c3,c4,c5,c6,c7,c8,c9,c10,c11,c12,c13,c14,c15,c16,c17,c18,c19,c20,c21,c22,c23,c24,c25,c26
0.000,7.100,8.258,10.762,13.755,15.202,17.717,17.005,15.261,13.948,9.836,10.076,10.004,10.751,13.118,13.241,13.170,13.909,15.709,16.036,16.340,17.540,17.918,17.525,17.371,17.196
7.100,0.000,6.277,8.261,11.520,13.610,16.249,14.578,12.506,10.544,5.950,7.439,7.444,9.006,11.899,11.590,11.325,12.080,14.333,14.859,14.915,17.254,17.893,17.533,17.479,17.415
8.258,6.277,0.000,6.152,8.519,10.031,12.927,12.574,11.463,9.820,7.183,5.328,8.296,8.429,11.023,9.708,8.464,8.378,11.255,11.809,11.564,14.244,15.617,15.447,16.174,16.747
10.762,8.261,6.152,0.000,6.295,7.580,9.963,8.870,6.189,6.989,5.780,7.326,10.964,12.369,15.108,12.924,12.117,11.751,14.030,13.236,11.610,15.137,16.108,15.446,16.052,16.585
13.755,11.520,8.519,6.295,0.000,6.273,6.081,4.867,6.831,4.960,7.618,6.181,10.747,12.194,13.498,10.433,9.698,8.529,10.049,8.610,6.914,10.729,11.860,11.406,13.442,14.644
15.202,13.610,10.031,7.580,6.273,0.000,7.591,8.363,7.993,9.970,11.891,10.841,15.456,15.670,16.745,14.717,13.090,11.117,13.156,11.856,8.527,11.822,12.077,11.117,12.593,13.695
17.717,16.249,12.927,9.963,6.081,7.591,0.000,5.317,8.096,9.058,12.956,11.630,15.929,17.092,17.155,14.510,13.397,11.503,12.369,10.580,6.784,10.068,10.049,8.980,11.682,13.119
17.005,14.578,12.574,8.870,4.867,8.363,5.317,0.000,6.176,5.204,10.192,10.520,14.297,16.563,17.239,13.990,13.506,12.532,12.734,10.852,8.317,11.951,12.445,11.491,14.069,15.020
15.261,12.506,11.463,6.189,6.831,7.993,8.096,6.176,0.000,7.927,12.375,11.896,15.362,17.661,18.446,16.256,16.009,15.123,15.794,14.079,11.956,15.453,15.725,14.680,16.265,16.661
13.948,10.544,9.820,6.989,4.960,9.970,9.058,5.204,7.927,0.000,9.423,9.138,11.903,14.054,14.861,11.886,12.134,11.445,12.289,10.879,9.939,13.424,14.597,14.209,16.140,16.674
9.836,5.950,7.183,5.780,7.618,11.891,12.956,10.192,12.375,9.423,0.000,9.518,11.624,13.119,13.722,11.917,12.575,12.530,14.077,13.558,13.071,16.225,17.289,16.667,17.378,17.775
10.076,7.439,5.328,7.326,6.181,10.841,11.630,10.520,11.896,9.138,9.518,0.000,9.063,10.138,10.317,7.487,7.662,7.498,9.615,9.557,9.953,12.872,14.441,14.413,15.807,16.510
10.004,7.444,8.296,10.964,10.747,15.456,15.929,14.297,15.362,11.903,11.624,9.063,0.000,8.469,9.254,7.948,9.639,10.796,12.348,12.829,13.821,15.841,16.992,16.942,17.593,18.035
10.751,9.006,8.429,12.369,12.194,15.670,17.092,16.563,17.661,14.054,13.119,10.138,8.469,0.000,8.782,9.358,9.969,10.500,12.935,13.298,13.841,15.384,16.775,16.669,17.191,17.935
13.118,11.899,11.023,15.108,13.498,16.745,17.155,17.239,18.446,14.861,13.722,10.317,9.254,8.782,0.000,9.380,10.778,10.288,11.621,13.167,14.191,15.188,16.359,16.658,17.108,17.731
13.241,11.590,9.708,12.924,10.433,14.717,14.510,13.990,16.256,11.886,11.917,7.487,7.948,9.358,9.380,0.000,8.176,9.414,8.931,9.796,12.153,13.317,14.304,14.783,16.273,16.971
13.170,11.325,8.464,12.117,9.698,13.090,13.397,13.506,16.009,12.134,12.575,7.662,9.639,9.969,10.778,8.176,0.000,7.765,9.684,9.040,10.526,12.714,13.867,13.817,14.881,16.311
13.909,12.080,8.378,11.751,8.529,11.117,11.503,12.532,15.123,11.445,12.530,7.498,10.796,10.500,10.288,9.414,7.765,0.000,7.536,9.192,8.930,10.181,12.690,12.882,13.571,14.902
15.709,14.333,11.255,14.030,10.049,13.156,12.369,12.734,15.794,12.289,14.077,9.615,12.348,12.935,11.621,8.931,9.684,7.536,0.000,6.697,9.067,8.770,10.457,11.970,13.068,14.217
16.036,14.859,11.809,13.236,8.610,11.856,10.580,10.852,14.079,10.879,13.558,9.557,12.829,13.298,13.167,9.796,9.040,9.192,6.697,0.000,6.930,8.802,9.352,10.036,12.059,13.783
16.340,14.915,11.564,11.610,6.914,8.527,6.784,8.317,11.956,9.939,13.071,9.953,13.821,13.841,14.191,12.153,10.526,8.930,9.067,6.930,0.000,7.001,8.325,8.196,10.260,12.186
17.540,17.254,14.244,15.137,10.729,11.822,10.068,11.951,15.453,13.424,16.225,12.872,15.841,15.384,15.188,13.317,12.714,10.181,8.770,8.802,7.001,0.000,6.903,8.431,9.099,11.183
17.918,17.893,15.617,16.108,11.860,12.077,10.049,12.445,15.725,14.597,17.289,14.441,16.992,16.775,16.359,14.304,13.867,12.690,10.457,9.352,8.325,6.903,0.000,6.758,8.355,10.132
17.525,17.533,15.447,15.446,11.406,11.117,8.980,11.491,14.680,14.209,16.667,14.413,16.942,16.669,16.658,14.783,13.817,12.882,11.970,10.036,8.196,8.431,6.758,0.000,6.954,9.567
17.371,17.479,16.174,16.052,13.442,12.593,11.682,14.069,16.265,16.140,17.378,15.807,17.593,17.191,17.108,16.273,14.881,13.571,13.068,12.059,10.260,9.099,8.355,6.954,0.000,7.612
17.196,17.415,16.747,16.585,14.644,13.695,13.119,15.020,16.661,16.674,17.775,16.510,18.035,17.935,17.731,16.971,16.311,14.902,14.217,13.783,12.186,11.183,10.132,9.567,7.612,0.000