c1,c2,c3,c4,c5,c6,c7,c8,c9,c10,c11,c12,c13,c14,c15,c16,c17,c18,c19,c20,c21,c22,c23,c24,c25,c26
0.000,6.963,7.963,10.364,13.210,14.863,17.408,16.514,14.971,13.438,9.613,9.828,9.960,11.057,13.204,13.164,12.462,13.917,15.601,15.321,15.629,17.002,17.614,17.345,17.619,17.541
6.963,0.000,6.140,8.167,11.417,13.594,16.232,14.493,12.637,10.670,6.285,7.585,7.771,9.533,11.986,11.848,10.814,12.655,14.627,14.188,14.637,16.617,17.415,17.202,17.581,17.708
7.963,6.140,0.000,6.069,8.192,10.101,12.896,12.388,11.347,9.813,7.195,5.261,8.306,8.958,10.839,9.896,8.247,9.606,11.976,11.219,11.440,13.947,15.274,15.208,16.533,17.317
10.364,8.167,6.069,0.000,6.116,7.451,9.951,8.863,6.240,6.989,5.809,7.299,10.821,12.508,14.770,12.725,11.655,13.292,15.189,13.373,13.505,16.305,17.148,16.550,17.101,17.503
13.210,11.417,8.192,6.116,0.000,6.086,5.902,4.852,6.848,4.936,7.628,6.063,10.419,12.026,13.101,10.114,9.487,10.739,11.901,9.766,10.045,13.110,13.773,13.107,14.687,16.072
14.863,13.594,10.101,7.451,6.086,0.000,6.959,8.239,7.925,9.817,11.802,10.668,15.070,15.695,16.347,14.187,12.499,13.358,14.812,12.445,11.463,14.201,14.579,13.134,14.195,15.621
17.408,16.232,12.896,9.951,5.902,6.959,0.000,5.177,8.019,8.972,12.851,11.367,15.537,16.809,16.750,13.848,12.878,13.787,14.512,12.062,10.949,13.453,13.371,11.754,13.097,14.613
16.514,14.493,12.388,8.863,4.852,8.239,5.177,0.000,5.850,5.035,10.079,10.162,13.852,16.269,16.612,13.084,12.603,14.112,14.520,12.109,11.948,14.486,14.577,13.200,14.653,15.550
14.971,12.637,11.347,6.240,6.848,7.925,8.019,5.850,0.000,7.036,11.325,11.650,15.128,17.678,18.164,15.488,14.823,16.546,17.092,14.993,14.729,17.168,16.964,15.575,16.846,17.034
13.438,10.670,9.813,6.989,4.936,9.817,8.972,5.035,7.036,0.000,8.222,8.455,11.115,13.770,14.315,10.919,11.156,13.125,13.589,11.587,12.787,15.575,15.620,15.230,16.729,17.412
9.613,6.285,7.195,5.809,7.628,11.802,12.851,10.079,11.325,8.222,0.000,8.761,10.650,12.644,13.088,10.932,11.007,13.156,14.342,13.497,14.694,16.971,17.694,17.461,18.023,18.108
9.828,7.585,5.261,7.299,6.063,10.668,11.367,10.162,11.650,8.455,8.761,0.000,8.210,10.051,9.892,6.893,6.812,8.999,10.384,9.389,10.940,13.395,14.071,14.588,16.362,17.267
9.960,7.771,8.306,10.821,10.419,15.070,15.537,13.852,15.128,11.115,10.650,8.210,0.000,7.409,8.632,7.120,8.428,10.167,11.278,11.698,13.104,14.715,15.886,16.913,18.281,18.317
11.057,9.533,8.958,12.508,12.026,15.695,16.809,16.269,17.678,13.770,12.644,10.051,7.409,0.000,7.870,8.486,7.491,8.487,10.763,11.440,11.657,13.070,15.270,15.997,16.981,18.129
13.204,11.986,10.839,14.770,13.101,16.347,16.750,16.612,18.164,14.315,13.088,9.892,8.632,7.870,0.000,7.676,9.085,7.281,8.202,10.552,11.582,11.371,13.242,15.424,16.306,17.078
13.164,11.848,9.896,12.725,10.114,14.187,13.848,13.084,15.488,10.919,10.932,6.893,7.120,8.486,7.676,0.000,6.765,8.524,6.884,7.401,10.400,11.207,11.381,13.166,15.531,16.421
12.462,10.814,8.247,11.655,9.487,12.499,12.878,12.603,14.823,11.156,11.007,6.812,8.428,7.491,9.085,6.765,0.000,6.373,8.643,6.488,7.358,10.264,11.333,11.596,13.514,15.646
13.917,12.655,9.606,13.292,10.739,13.358,13.787,14.112,16.546,13.125,13.156,8.999,10.167,8.487,7.281,8.524,6.373,0.000,6.068,8.120,6.346,6.998,10.248,11.469,11.870,13.728
15.601,14.627,11.976,15.189,11.901,14.812,14.512,14.520,17.092,13.589,14.342,10.384,11.278,10.763,8.202,6.884,8.643,6.068,0.000,5.851,8.131,6.401,7.250,10.535,11.915,12.459
15.321,14.188,11.219,13.373,9.766,12.445,12.062,12.109,14.993,11.587,13.497,9.389,11.698,11.440,10.552,7.401,6.488,8.120,5.851,0.000,5.882,7.931,6.705,7.895,11.162,12.377
15.629,14.637,11.440,13.505,10.045,11.463,10.949,11.948,14.729,12.787,14.694,10.940,13.104,11.657,11.582,10.400,7.358,6.346,8.131,5.882,0.000,5.878,7.733,6.889,8.537,10.881
17.002,16.617,13.947,16.305,13.110,14.201,13.453,14.486,17.168,15.575,16.971,13.395,14.715,13.070,11.371,11.207,10.264,6.998,6.401,7.931,5.878,0.000,5.777,7.700,7.654,9.324
17.614,17.415,15.274,17.148,13.773,14.579,13.371,14.577,16.964,15.620,17.694,14.071,15.886,15.270,13.242,11.381,11.333,10.248,7.250,6.705,7.733,5.777,0.000,5.865,7.778,8.644
17.345,17.202,15.208,16.550,13.107,13.134,11.754,13.200,15.575,15.230,17.461,14.588,16.913,15.997,15.424,13.166,11.596,11.469,10.535,7.895,6.889,7.700,5.865,0.000,6.017,8.354
17.619,17.581,16.533,17.101,14.687,14.195,13.097,14.653,16.846,16.729,18.023,16.362,18.281,16.981,16.306,15.531,13.514,11.870,11.915,11.162,8.537,7.654,7.778,6.017,0.000,6.517
17.541,17.708,17.317,17.503,16.072,15.621,14.613,15.550,17.034,17.412,18.108,17.267,18.317,18.129,17.078,16.421,15.646,13.728,12.459,12.377,10.881,9.324,8.644,8.354,6.517,0.000