c1,c2,c3,c4,c5,c6,c7,c8,c9,c10,c11,c12,c13,c14,c15,c16,c17,c18,c19,c20,c21,c22,c23,c24,c25,c26
0.000,7.358,8.228,10.451,13.391,14.911,17.385,16.672,14.878,13.632,9.672,9.960,10.322,11.619,13.906,13.783,13.328,14.141,15.834,15.940,15.856,17.276,17.867,17.515,17.369,17.473
7.358,0.000,6.389,8.201,11.530,13.616,16.321,14.627,12.593,10.710,6.270,7.585,8.007,9.885,12.470,12.179,11.329,12.311,14.396,14.663,14.279,16.706,17.775,17.607,17.540,17.748
8.228,6.389,0.000,6.233,8.545,10.179,13.021,12.629,11.410,9.851,7.195,5.299,8.302,8.967,11.101,9.913,8.558,8.456,11.342,11.838,11.058,13.614,15.391,15.524,16.362,17.391
10.451,8.201,6.233,0.000,6.332,7.608,9.993,8.892,6.203,6.966,5.866,7.275,10.908,12.669,14.984,12.943,11.816,11.705,13.872,12.966,11.222,14.695,16.130,15.703,16.243,17.317
13.391,11.530,8.545,6.332,0.000,6.291,6.323,4.908,6.844,4.989,7.645,6.183,10.644,12.218,13.249,10.447,9.370,8.406,9.950,8.618,6.495,10.400,11.656,11.302,12.946,15.122
14.911,13.616,10.179,7.608,6.291,0.000,7.456,8.385,7.999,9.964,11.974,10.838,15.386,15.866,16.503,14.594,12.801,11.180,13.324,11.980,8.470,11.702,12.724,11.461,12.249,14.507
17.385,16.321,13.021,9.993,6.323,7.456,0.000,5.377,8.147,9.082,13.012,11.707,15.878,17.119,16.892,14.369,13.126,11.412,12.546,10.776,6.849,10.028,10.693,9.362,11.059,13.525
16.672,14.627,12.629,8.892,4.908,8.385,5.377,0.000,6.409,5.285,10.245,10.526,14.208,16.626,17.015,13.668,13.061,12.442,12.802,10.874,8.364,12.003,12.720,11.494,13.770,15.184
14.878,12.593,11.410,6.203,6.844,7.999,8.147,6.409,0.000,8.008,12.323,11.966,15.374,17.787,18.305,16.114,15.470,15.002,15.738,14.003,11.857,15.468,15.911,14.570,16.229,17.030
13.632,10.710,9.851,6.966,4.989,9.964,9.082,5.285,8.008,0.000,9.697,9.328,11.849,14.091,14.660,11.827,11.678,11.376,12.233,10.929,9.923,13.519,14.458,13.864,15.868,16.972
9.672,6.270,7.195,5.866,7.645,11.974,13.012,10.245,12.323,9.697,0.000,9.646,11.344,13.145,13.608,12.109,11.935,12.286,13.985,13.463,12.751,15.971,17.150,16.622,17.325,17.931
9.960,7.585,5.299,7.275,6.183,10.838,11.707,10.526,11.966,9.328,9.646,0.000,9.138,10.234,10.286,7.678,7.180,7.288,9.622,9.392,9.544,12.326,13.735,13.874,15.443,16.741
10.322,8.007,8.302,10.908,10.644,15.386,15.878,14.208,15.374,11.849,11.344,9.138,0.000,8.449,9.495,8.209,9.240,10.610,12.181,12.405,13.227,15.161,16.393,16.749,17.669,18.060
11.619,9.885,8.967,12.669,12.218,15.866,17.119,16.626,17.787,14.091,13.145,10.234,8.449,0.000,8.866,9.143,9.209,9.964,12.084,12.560,12.952,14.239,16.013,16.360,17.116,18.111
13.906,12.470,11.101,14.984,13.249,16.503,16.892,17.015,18.305,14.660,13.608,10.286,9.495,8.866,0.000,9.173,10.264,9.259,10.389,12.031,13.161,13.313,14.921,16.025,16.712,17.508
13.783,12.179,9.913,12.943,10.447,14.594,14.369,13.668,16.114,11.827,12.109,7.678,8.209,9.143,9.173,0.000,8.060,9.191,8.236,8.825,11.313,12.107,12.570,13.664,15.753,16.769
13.328,11.329,8.558,11.816,9.370,12.801,13.126,13.061,15.470,11.678,11.935,7.180,9.240,9.209,10.264,8.060,0.000,7.262,9.530,7.869,8.664,11.136,12.091,12.160,13.883,15.906
14.141,12.311,8.456,11.705,8.406,11.180,11.412,12.442,15.002,11.376,12.286,7.288,10.610,9.964,9.259,9.191,7.262,0.000,7.074,8.972,7.641,8.114,11.055,11.931,12.379,14.229
15.834,14.396,11.342,13.872,9.950,13.324,12.546,12.802,15.738,12.233,13.985,9.622,12.181,12.084,10.389,8.236,9.530,7.074,0.000,6.472,8.928,7.371,8.266,11.248,12.562,13.291
15.940,14.663,11.838,12.966,8.618,11.980,10.776,10.874,14.003,10.929,13.463,9.392,12.405,12.560,12.031,8.825,7.869,8.972,6.472,0.000,6.896,8.840,7.802,8.785,12.125,13.246
15.856,14.279,11.058,11.222,6.495,8.470,6.849,8.364,11.857,9.923,12.751,9.544,13.227,12.952,13.161,11.313,8.664,7.641,8.928,6.896,0.000,6.934,8.476,7.668,9.759,12.004
17.276,16.706,13.614,14.695,10.400,11.702,10.028,12.003,15.468,13.519,15.971,12.326,15.161,14.239,13.313,12.107,11.136,8.114,7.371,8.840,6.934,0.000,6.816,8.206,8.573,10.363
17.867,17.775,15.391,16.130,11.656,12.724,10.693,12.720,15.911,14.458,17.150,13.735,16.393,16.013,14.921,12.570,12.091,11.055,8.266,7.802,8.476,6.816,0.000,6.499,8.372,9.401
17.515,17.607,15.524,15.703,11.302,11.461,9.362,11.494,14.570,13.864,16.622,13.874,16.749,16.360,16.025,13.664,12.160,11.931,11.248,8.785,7.668,8.206,6.499,0.000,6.595,9.277
17.369,17.540,16.362,16.243,12.946,12.249,11.059,13.770,16.229,15.868,17.325,15.443,17.669,17.116,16.712,15.753,13.883,12.379,12.562,12.125,9.759,8.573,8.372,6.595,0.000,7.358
17.473,17.748,17.391,17.317,15.122,14.507,13.525,15.184,17.030,16.972,17.931,16.741,18.060,18.111,17.508,16.769,15.906,14.229,13.291,13.246,12.004,10.363,9.401,9.277,7.358,0.000