c1,c2,c3,c4,c5,c6,c7,c8,c9,c10,c11,c12,c13,c14,c15,c16,c17,c18,c19,c20,c21,c22,c23,c24,c25,c26
0.000,6.636,7.717,9.936,12.808,14.934,17.188,16.435,15.724,13.979,10.862,10.776,10.890,11.259,13.593,13.655,13.028,13.880,15.820,15.750,15.209,16.764,17.357,16.923,16.935,17.049
6.636,0.000,6.115,8.020,11.026,13.475,16.177,14.619,13.549,11.512,7.636,8.297,8.526,9.910,12.621,12.482,11.533,12.675,14.932,14.824,14.025,16.236,17.197,16.685,16.744,17.231
7.717,6.115,0.000,6.128,7.782,10.305,12.863,12.359,11.998,10.129,7.772,6.324,8.782,9.586,11.896,11.041,9.468,10.059,12.754,12.487,11.097,13.839,15.397,15.023,15.640,16.895
9.936,8.020,6.128,0.000,6.099,7.344,10.250,9.521,8.377,7.869,6.458,8.062,11.197,12.825,15.161,13.599,12.202,12.815,15.161,13.766,11.737,15.078,16.395,15.310,15.613,16.883
12.808,11.026,7.782,6.099,0.000,6.160,6.804,5.306,7.399,5.553,7.674,6.754,10.950,12.338,13.692,11.349,9.762,10.068,12.062,10.152,7.105,11.197,12.753,11.755,12.892,14.911
14.934,13.475,10.305,7.344,6.160,0.000,5.975,8.188,8.700,9.872,11.341,11.442,15.325,15.956,16.905,15.681,13.782,13.558,15.810,13.949,10.271,13.487,14.744,13.033,13.187,15.141
17.188,16.177,12.863,10.250,6.804,5.975,0.000,5.503,8.176,9.302,12.398,12.143,16.020,16.707,16.842,15.029,13.377,12.840,14.384,12.256,7.928,11.370,12.041,10.440,11.356,13.503
16.435,14.619,12.359,9.521,5.306,8.188,5.503,0.000,5.976,6.012,9.823,10.198,13.902,15.836,16.148,13.331,12.026,12.596,13.352,10.872,7.165,11.189,11.746,10.643,12.367,14.210
15.724,13.549,11.998,8.377,7.399,8.700,8.176,5.976,0.000,6.670,10.958,11.805,14.979,17.350,17.759,15.358,14.089,15.251,16.278,14.018,12.021,15.421,15.277,13.709,15.434,16.255
13.979,11.512,10.129,7.869,5.553,9.872,9.302,6.012,6.670,0.000,7.832,8.520,11.349,13.802,14.395,11.381,10.548,12.076,13.117,10.707,10.178,13.933,14.009,12.955,14.848,16.226
10.862,7.636,7.772,6.458,7.674,11.341,12.398,9.823,10.958,7.832,0.000,7.935,10.008,12.139,13.127,11.315,10.614,12.392,14.297,13.256,12.640,16.037,16.952,15.899,16.758,17.606
10.776,8.297,6.324,8.062,6.754,11.442,12.143,10.198,11.805,8.520,7.935,0.000,7.676,9.395,9.454,6.810,6.011,7.922,9.825,8.821,9.292,12.379,13.385,13.257,15.165,16.465
10.890,8.526,8.782,11.197,10.950,15.325,16.020,13.902,14.979,11.349,10.008,7.676,0.000,6.708,7.795,6.721,7.719,9.853,11.526,11.429,12.503,14.599,15.783,16.371,17.760,18.190
11.259,9.910,9.586,12.825,12.338,15.956,16.707,15.836,17.350,13.802,12.139,9.395,6.708,0.000,7.089,7.791,7.458,8.237,11.600,11.789,11.754,13.352,15.486,15.899,16.858,18.101
13.593,12.621,11.896,15.161,13.692,16.905,16.842,16.148,17.759,14.395,13.127,9.454,7.795,7.089,0.000,7.860,8.421,7.785,9.036,11.235,12.077,12.146,13.731,15.576,16.546,17.249
13.655,12.482,11.041,13.599,11.349,15.681,15.029,13.331,15.358,11.381,11.315,6.810,6.721,7.791,7.860,0.000,6.641,7.946,7.291,7.695,10.488,11.441,11.736,13.125,15.572,16.401
13.028,11.533,9.468,12.202,9.762,13.782,13.377,12.026,14.089,10.548,10.614,6.011,7.719,7.458,8.421,6.641,0.000,6.216,8.245,6.873,7.430,10.395,11.429,11.544,13.461,15.533
13.880,12.675,10.059,12.815,10.068,13.558,12.840,12.596,15.251,12.076,12.392,7.922,9.853,8.237,7.785,7.946,6.216,0.000,6.023,7.878,6.599,7.285,10.493,11.422,11.835,13.508
15.820,14.932,12.754,15.161,12.062,15.810,14.384,13.352,16.278,13.117,14.297,9.825,11.526,11.600,9.036,7.291,8.245,6.023,0.000,5.904,7.879,6.596,7.626,10.705,11.995,12.568
15.750,14.824,12.487,13.766,10.152,13.949,12.256,10.872,14.018,10.707,13.256,8.821,11.429,11.789,11.235,7.695,6.873,7.878,5.904,0.000,5.885,7.719,6.751,7.632,11.376,12.375
15.209,14.025,11.097,11.737,7.105,10.271,7.928,7.165,12.021,10.178,12.640,9.292,12.503,11.754,12.077,10.488,7.430,6.599,7.879,5.885,0.000,5.821,7.673,6.630,8.435,10.970
16.764,16.236,13.839,15.078,11.197,13.487,11.370,11.189,15.421,13.933,16.037,12.379,14.599,13.352,12.146,11.441,10.395,7.285,6.596,7.719,5.821,0.000,5.818,7.641,7.462,9.110
17.357,17.197,15.397,16.395,12.753,14.744,12.041,11.746,15.277,14.009,16.952,13.385,15.783,15.486,13.731,11.736,11.429,10.493,7.626,6.751,7.673,5.818,0.000,5.856,7.863,8.489
16.923,16.685,15.023,15.310,11.755,13.033,10.440,10.643,13.709,12.955,15.899,13.257,16.371,15.899,15.576,13.125,11.544,11.422,10.705,7.632,6.630,7.641,5.856,0.000,5.935,8.323
16.935,16.744,15.640,15.613,12.892,13.187,11.356,12.367,15.434,14.848,16.758,15.165,17.760,16.858,16.546,15.572,13.461,11.835,11.995,11.376,8.435,7.462,7.863,5.935,0.000,6.486
17.049,17.231,16.895,16.883,14.911,15.141,13.503,14.210,16.255,16.226,17.606,16.465,18.190,18.101,17.249,16.401,15.533,13.508,12.568,12.375,10.970,9.110,8.489,8.323,6.486,0.000