c1,c2,c3,c4,c5,c6,c7,c8,c9,c10,c11,c12,c13,c14,c15,c16,c17,c18,c19,c20,c21,c22,c23,c24,c25,c26
0.000,7.444,8.460,10.910,13.624,15.158,17.582,16.928,15.413,13.845,10.042,10.178,10.197,10.812,13.343,13.233,12.642,13.933,15.713,15.512,15.668,17.243,18.010,17.486,17.465,17.538
7.444,0.000,6.579,8.697,11.644,13.668,16.276,14.708,12.763,10.757,6.541,7.681,7.859,9.163,12.108,11.704,10.814,12.330,14.461,14.193,14.247,16.729,17.878,17.448,17.527,17.757
8.460,6.579,0.000,6.299,8.616,10.065,12.866,12.574,11.536,9.892,7.281,5.629,8.480,8.511,11.135,9.887,7.845,8.814,11.618,11.337,10.807,13.577,15.319,15.103,16.026,16.966
10.910,8.697,6.299,0.000,6.494,7.808,9.955,8.950,6.405,7.075,5.861,7.365,11.003,12.175,14.982,12.782,11.194,12.238,14.687,12.851,11.473,15.192,16.542,15.490,16.233,16.979
13.624,11.644,8.616,6.494,0.000,6.494,6.158,4.977,6.793,4.933,7.586,6.158,10.680,11.805,13.076,10.099,8.498,8.931,10.722,8.309,6.868,10.767,11.991,10.928,12.991,14.685
15.158,13.668,10.065,7.808,6.494,0.000,7.814,8.379,7.839,9.804,11.821,10.835,15.397,15.126,16.282,14.533,11.933,11.402,13.964,11.981,8.695,12.323,13.214,11.508,12.385,14.049
17.582,16.276,12.866,9.955,6.158,7.814,0.000,5.290,8.202,9.024,12.889,11.639,15.891,16.604,16.674,14.238,12.193,11.674,13.022,10.506,6.699,10.467,10.736,8.612,10.977,12.813
16.928,14.708,12.574,8.950,4.977,8.379,5.290,0.000,6.398,5.460,10.313,10.571,14.388,16.353,16.908,13.616,12.326,12.889,13.382,10.514,8.544,12.413,12.571,10.650,13.420,14.698
15.413,12.763,11.536,6.405,6.793,7.839,8.202,6.398,0.000,8.768,13.126,12.273,15.818,17.628,18.399,16.085,14.812,15.724,16.469,13.825,12.263,16.113,16.102,14.265,16.224,16.788
13.845,10.757,9.892,7.075,4.933,9.804,9.024,5.460,8.768,0.000,9.886,9.583,12.442,14.084,14.742,11.739,11.159,12.377,12.997,10.538,10.313,13.882,14.546,13.518,15.964,16.753
10.042,6.541,7.281,5.861,7.586,11.821,12.889,10.313,13.126,9.886,0.000,10.172,12.283,13.520,13.933,11.949,11.394,13.140,14.627,13.230,13.199,16.436,17.523,16.700,17.584,17.966
10.178,7.681,5.629,7.365,6.158,10.835,11.639,10.571,12.273,9.583,10.172,0.000,9.378,10.413,10.361,7.181,6.550,8.239,9.951,8.999,9.748,12.658,13.963,13.840,15.688,16.791
10.197,7.859,8.480,11.003,10.680,15.397,15.891,14.388,15.818,12.442,12.283,9.378,0.000,8.493,9.657,8.241,8.825,10.720,11.921,11.872,13.159,15.158,16.534,16.856,17.829,18.217
10.812,9.163,8.511,12.175,11.805,15.126,16.604,16.353,17.628,14.084,13.520,10.413,8.493,0.000,9.285,9.787,8.499,9.543,12.109,12.269,12.567,14.030,16.071,16.327,16.999,18.038
13.343,12.108,11.135,14.982,13.076,16.282,16.674,16.908,18.399,14.742,13.933,10.361,9.657,9.285,0.000,9.780,10.350,8.661,9.834,11.719,12.766,12.976,14.999,16.025,16.706,17.578
13.233,11.704,9.887,12.782,10.099,14.533,14.238,13.616,16.085,11.739,11.949,7.181,8.241,9.787,9.780,0.000,7.965,9.363,7.742,8.239,10.937,11.794,12.644,13.650,15.877,16.818
12.642,10.814,7.845,11.194,8.498,11.933,12.193,12.326,14.812,11.159,11.394,6.550,8.825,8.499,10.350,7.965,0.000,7.100,9.443,7.386,8.339,11.053,12.202,12.203,14.024,15.961
13.933,12.330,8.814,12.238,8.931,11.402,11.674,12.889,15.724,12.377,13.140,8.239,10.720,9.543,8.661,9.363,7.100,0.000,6.791,8.787,7.423,8.034,11.272,11.902,12.533,14.303
15.713,14.461,11.618,14.687,10.722,13.964,13.022,13.382,16.469,12.997,14.627,9.951,11.921,12.109,9.834,7.742,9.443,6.791,0.000,6.180,8.659,7.189,8.664,11.261,12.549,13.428
15.512,14.193,11.337,12.851,8.309,11.981,10.506,10.514,13.825,10.538,13.230,8.999,11.872,12.269,11.719,8.239,7.386,8.787,6.180,0.000,6.430,8.411,7.951,8.691,11.918,13.281
15.668,14.247,10.807,11.473,6.868,8.695,6.699,8.544,12.263,10.313,13.199,9.748,13.159,12.567,12.766,10.937,8.339,7.423,8.659,6.430,0.000,6.379,8.236,7.505,9.738,11.761
17.243,16.729,13.577,15.192,10.767,12.323,10.467,12.413,16.113,13.882,16.436,12.658,15.158,14.030,12.976,11.794,11.053,8.034,7.189,8.411,6.379,0.000,6.319,8.168,8.469,10.353
18.010,17.878,15.319,16.542,11.991,13.214,10.736,12.571,16.102,14.546,17.523,13.963,16.534,16.071,14.999,12.644,12.202,11.272,8.664,7.951,8.236,6.319,0.000,6.336,8.201,9.546
17.486,17.448,15.103,15.490,10.928,11.508,8.612,10.650,14.265,13.518,16.700,13.840,16.856,16.327,16.025,13.650,12.203,11.902,11.261,8.691,7.505,8.168,6.336,0.000,6.575,9.407
17.465,17.527,16.026,16.233,12.991,12.385,10.977,13.420,16.224,15.964,17.584,15.688,17.829,16.999,16.706,15.877,14.024,12.533,12.549,11.918,9.738,8.469,8.201,6.575,0.000,7.254
17.538,17.757,16.966,16.979,14.685,14.049,12.813,14.698,16.788,16.753,17.966,16.791,18.217,18.038,17.578,16.818,15.961,14.303,13.428,13.281,11.761,10.353,9.546,9.407,7.254,0.000