c1,c2,c3,c4,c5,c6,c7,c8,c9,c10,c11,c12,c13,c14,c15,c16,c17,c18,c19,c20,c21,c22,c23,c24,c25,c26
0.000,7.216,8.426,10.920,13.876,15.410,17.861,17.146,15.487,14.001,9.909,10.209,10.304,10.715,13.271,13.270,12.913,13.970,15.425,15.950,16.428,17.435,17.923,17.537,17.411,17.283
7.216,0.000,6.397,8.332,11.568,13.676,16.307,14.604,12.578,10.541,5.941,7.507,7.700,8.864,11.973,11.516,10.987,12.188,14.004,14.804,15.003,17.163,17.885,17.462,17.506,17.511
8.426,6.397,0.000,6.174,8.530,10.038,12.931,12.559,11.506,9.845,7.203,5.434,8.424,8.309,11.144,9.687,8.034,8.590,10.831,11.589,11.531,14.212,15.530,15.255,16.177,16.759
10.920,8.332,6.174,0.000,6.315,7.741,9.975,8.879,6.233,7.022,5.803,7.375,11.075,12.243,15.149,12.793,11.793,12.107,13.952,13.183,11.897,15.398,15.962,15.324,16.267,16.720
13.876,11.568,8.530,6.315,0.000,6.418,6.213,4.923,6.825,4.956,7.589,6.170,10.800,12.109,13.468,10.294,9.486,8.759,9.892,8.489,7.173,11.081,11.770,11.246,13.536,14.669
15.410,13.676,10.038,7.741,6.418,0.000,7.694,8.457,8.005,9.978,11.950,10.878,15.554,15.498,16.792,14.683,12.744,11.391,13.183,11.804,8.699,12.283,12.110,11.196,12.845,13.741
17.861,16.307,12.931,9.975,6.213,7.694,0.000,5.379,8.189,9.101,13.009,11.661,16.015,17.059,17.176,14.557,13.285,11.850,12.506,10.719,7.139,10.608,9.898,9.089,11.934,13.171
17.146,14.604,12.559,8.879,4.923,8.457,5.379,0.000,6.349,5.332,10.285,10.542,14.375,16.593,17.277,13.920,13.327,12.852,12.863,10.790,8.720,12.463,12.445,11.555,14.226,14.957
15.487,12.578,11.506,6.233,6.825,8.005,8.189,6.349,0.000,8.237,13.082,11.968,15.600,17.660,18.483,16.113,15.641,15.536,15.857,13.950,12.107,15.591,15.540,14.727,16.406,16.713
14.001,10.541,9.845,7.022,4.956,9.978,9.101,5.332,8.237,0.000,9.588,9.208,12.099,14.105,14.856,11.741,11.996,11.913,12.401,10.950,10.357,13.677,14.608,14.162,16.226,16.685
9.909,5.941,7.203,5.803,7.589,11.950,13.009,10.285,13.082,9.588,0.000,9.550,12.168,13.314,13.750,11.723,12.266,12.901,14.060,13.440,13.225,16.374,17.024,16.470,17.262,17.776
10.209,7.507,5.434,7.375,6.170,10.878,11.661,10.542,11.968,9.208,9.550,0.000,8.893,10.019,10.105,7.154,7.229,7.574,9.427,9.200,9.995,12.767,14.291,14.077,15.543,16.552
10.304,7.700,8.424,11.075,10.800,15.554,16.015,14.375,15.600,12.099,12.168,8.893,0.000,8.254,8.721,7.681,9.352,10.585,11.871,12.668,14.132,15.883,17.111,16.820,17.211,17.903
10.715,8.864,8.309,12.243,12.109,15.498,17.059,16.593,17.660,14.105,13.314,10.019,8.254,0.000,8.729,9.282,9.296,10.025,12.361,13.005,14.010,15.287,16.740,16.563,16.569,17.571
13.271,11.973,11.144,15.149,13.468,16.792,17.176,17.277,18.483,14.856,13.750,10.105,8.721,8.729,0.000,9.163,10.488,9.535,10.959,12.863,14.405,15.342,16.803,16.777,16.716,17.648
13.270,11.516,9.687,12.793,10.294,14.683,14.557,13.920,16.113,11.741,11.723,7.154,7.681,9.282,9.163,0.000,7.894,9.254,8.611,9.616,12.248,13.350,15.027,14.678,15.807,17.116
12.913,10.987,8.034,11.793,9.486,12.744,13.285,13.327,15.641,11.996,12.266,7.229,9.352,9.296,10.488,7.894,0.000,7.315,9.392,9.130,11.269,12.805,14.521,13.785,14.416,16.406
13.970,12.188,8.590,12.107,8.759,11.391,11.850,12.852,15.536,11.913,12.901,7.574,10.585,10.025,9.535,9.254,7.315,0.000,7.307,8.850,9.401,10.836,13.081,12.644,13.027,14.774
15.425,14.004,10.831,13.952,9.892,13.183,12.506,12.863,15.857,12.401,14.060,9.427,11.871,12.361,10.959,8.611,9.392,7.307,0.000,6.502,8.974,9.884,11.808,12.103,13.034,14.734
15.950,14.804,11.589,13.183,8.489,11.804,10.719,10.790,13.950,10.950,13.440,9.200,12.668,13.005,12.863,9.616,9.130,8.850,6.502,0.000,6.638,8.977,9.986,9.878,11.693,13.726
16.428,15.003,11.531,11.897,7.173,8.699,7.139,8.720,12.107,10.357,13.225,9.995,14.132,14.010,14.405,12.248,11.269,9.401,8.974,6.638,0.000,6.667,7.632,7.528,10.097,11.854
17.435,17.163,14.212,15.398,11.081,12.283,10.608,12.463,15.591,13.677,16.374,12.767,15.883,15.287,15.342,13.350,12.805,10.836,9.884,8.977,6.667,0.000,6.769,8.220,8.860,11.195
17.923,17.885,15.530,15.962,11.770,12.110,9.898,12.445,15.540,14.608,17.024,14.291,17.111,16.740,16.803,15.027,14.521,13.081,11.808,9.986,7.632,6.769,0.000,6.637,8.151,9.858
17.537,17.462,15.255,15.324,11.246,11.196,9.089,11.555,14.727,14.162,16.470,14.077,16.820,16.563,16.777,14.678,13.785,12.644,12.103,9.878,7.528,8.220,6.637,0.000,6.833,9.476
17.411,17.506,16.177,16.267,13.536,12.845,11.934,14.226,16.406,16.226,17.262,15.543,17.211,16.569,16.716,15.807,14.416,13.027,13.034,11.693,10.097,8.860,8.151,6.833,0.000,7.431
17.283,17.511,16.759,16.720,14.669,13.741,13.171,14.957,16.713,16.685,17.776,16.552,17.903,17.571,17.648,17.116,16.406,14.774,14.734,13.726,11.854,11.195,9.858,9.476,7.431,0.000