c1,c2,c3,c4,c5,c6,c7,c8,c9,c10,c11,c12,c13,c14,c15,c16,c17,c18,c19,c20,c21,c22,c23,c24,c25,c26
0.000,7.523,8.433,10.723,13.663,15.071,17.657,17.010,15.334,13.891,9.879,10.194,10.411,11.131,13.703,13.624,12.916,14.177,15.914,15.829,15.894,17.474,18.061,17.532,17.498,17.578
7.523,0.000,6.464,8.405,11.656,13.587,16.383,14.747,12.742,10.715,6.279,7.590,7.880,9.252,12.303,11.928,10.886,12.292,14.576,14.422,14.247,16.934,17.941,17.448,17.575,17.793
8.433,6.464,0.000,6.210,8.620,10.060,12.996,12.702,11.534,9.845,7.223,5.428,8.390,8.444,11.089,9.845,7.957,8.517,11.449,11.534,10.801,13.681,15.413,15.065,16.143,17.215
10.723,8.405,6.210,0.000,6.369,7.598,9.971,8.906,6.289,7.012,5.829,7.348,11.004,12.280,15.042,12.844,11.275,11.854,14.356,12.753,11.161,14.968,16.273,15.149,16.097,17.081
13.663,11.656,8.620,6.369,0.000,6.370,6.379,4.930,6.827,4.944,7.630,6.231,10.789,12.013,13.224,10.165,8.762,8.379,10.164,8.096,6.180,10.322,11.488,10.521,12.763,14.743
15.071,13.587,10.060,7.598,6.370,0.000,7.855,8.453,7.950,9.916,11.936,10.935,15.486,15.367,16.411,14.568,12.171,11.034,13.555,11.833,8.414,11.904,12.626,10.913,11.975,13.972
17.657,16.383,12.996,9.971,6.379,7.855,0.000,5.475,8.253,9.120,13.016,11.829,16.123,16.984,16.936,14.381,12.745,11.467,12.656,10.445,6.483,10.220,10.269,8.306,10.733,12.918
17.010,14.747,12.702,8.906,4.930,8.453,5.475,0.000,6.537,5.475,10.357,10.654,14.440,16.577,17.147,13.704,12.685,12.535,12.960,10.445,8.063,12.115,12.270,10.453,13.282,14.839
15.334,12.742,11.534,6.289,6.827,7.950,8.253,6.537,0.000,8.809,13.394,12.310,15.781,17.745,18.445,16.239,15.147,15.351,16.121,13.738,11.905,15.874,15.895,14.092,16.060,16.872
13.891,10.715,9.845,7.012,4.944,9.916,9.120,5.475,8.809,0.000,10.355,9.811,12.315,14.116,14.750,11.687,11.229,11.791,12.550,10.357,9.768,13.531,14.232,13.263,15.687,16.843
9.879,6.279,7.223,5.829,7.630,11.936,13.016,10.357,13.394,10.355,0.000,10.304,12.501,13.413,13.854,12.010,11.504,12.751,14.377,13.133,12.803,16.245,17.362,16.513,17.417,18.055
10.194,7.590,5.428,7.348,6.231,10.935,11.829,10.654,12.310,9.811,10.304,0.000,9.471,10.353,10.179,7.159,6.560,7.619,9.652,8.853,9.388,12.428,13.825,13.666,15.453,16.695
10.411,7.880,8.390,11.004,10.789,15.486,16.123,14.440,15.781,12.315,12.501,9.471,0.000,8.502,9.688,8.180,9.043,10.719,12.094,12.048,13.226,15.314,16.640,16.833,17.758,18.227
11.131,9.252,8.444,12.280,12.013,15.367,16.984,16.577,17.745,14.116,13.413,10.353,8.502,0.000,9.094,9.464,8.935,9.798,12.328,12.526,12.926,14.335,16.390,16.422,17.048,18.074
13.703,12.303,11.089,15.042,13.224,16.411,16.936,17.147,18.445,14.750,13.854,10.179,9.688,9.094,0.000,9.474,10.517,9.120,10.301,11.999,13.241,13.567,15.458,16.245,16.761,17.693
13.624,11.928,9.845,12.844,10.165,14.568,14.381,13.704,16.239,11.687,12.010,7.159,8.180,9.464,9.474,0.000,7.962,9.397,8.073,8.605,11.265,12.149,13.047,13.771,15.881,16.920
12.916,10.886,7.957,11.275,8.762,12.171,12.745,12.685,15.147,11.229,11.504,6.560,9.043,8.935,10.517,7.962,0.000,7.110,9.581,7.680,8.840,11.395,12.563,12.366,14.020,16.041
14.177,12.292,8.517,11.854,8.379,11.034,11.467,12.535,15.351,11.791,12.751,7.619,10.719,9.798,9.120,9.397,7.110,0.000,6.953,8.875,7.782,8.446,11.603,11.973,12.584,14.240
15.914,14.576,11.449,14.356,10.164,13.555,12.656,12.960,16.121,12.550,14.377,9.652,12.094,12.328,10.301,8.073,9.581,6.953,0.000,6.330,8.828,7.513,9.119,11.452,12.654,13.575
15.829,14.422,11.534,12.753,8.096,11.833,10.445,10.445,13.738,10.357,13.133,8.853,12.048,12.526,11.999,8.605,7.680,8.875,6.330,0.000,6.632,8.619,8.229,8.750,11.970,13.279
15.894,14.247,10.801,11.161,6.180,8.414,6.483,8.063,11.905,9.768,12.803,9.388,13.226,12.926,13.241,11.265,8.840,7.782,8.828,6.632,0.000,6.610,8.388,7.480,9.755,11.801
17.474,16.934,13.681,14.968,10.322,11.904,10.220,12.115,15.874,13.531,16.245,12.428,15.314,14.335,13.567,12.149,11.395,8.446,7.513,8.619,6.610,0.000,6.503,8.184,8.488,10.445
18.061,17.941,15.413,16.273,11.488,12.626,10.269,12.270,15.895,14.232,17.362,13.825,16.640,16.390,15.458,13.047,12.563,11.603,9.119,8.229,8.388,6.503,0.000,6.448,8.290,9.622
17.532,17.448,15.065,15.149,10.521,10.913,8.306,10.453,14.092,13.263,16.513,13.666,16.833,16.422,16.245,13.771,12.366,11.973,11.452,8.750,7.480,8.184,6.448,0.000,6.681,9.501
17.498,17.575,16.143,16.097,12.763,11.975,10.733,13.282,16.060,15.687,17.417,15.453,17.758,17.048,16.761,15.881,14.020,12.584,12.654,11.970,9.755,8.488,8.290,6.681,0.000,7.378
17.578,17.793,17.215,17.081,14.743,13.972,12.918,14.839,16.872,16.843,18.055,16.695,18.227,18.074,17.693,16.920,16.041,14.240,13.575,13.279,11.801,10.445,9.622,9.501,7.378,0.000