c1,c2,c3,c4,c5,c6,c7,c8,c9,c10,c11,c12,c13,c14,c15,c16,c17,c18,c19,c20,c21,c22,c23,c24,c25,c26
0.000,7.337,8.267,10.574,13.534,15.011,17.449,16.798,14.941,13.686,9.678,9.953,10.393,11.462,13.889,13.757,13.275,14.158,15.758,15.837,16.009,17.289,17.850,17.247,17.399,17.400
7.337,0.000,6.403,8.262,11.581,13.629,16.330,14.664,12.570,10.690,6.253,7.558,8.018,9.636,12.392,11.956,11.185,12.115,14.144,14.385,14.372,16.666,17.704,17.240,17.567,17.627
8.267,6.403,0.000,6.239,8.628,10.153,12.995,12.697,11.421,9.849,7.193,5.299,8.400,8.895,11.180,9.797,8.507,8.466,11.173,11.510,11.099,13.717,15.337,14.993,16.244,17.065
10.574,8.262,6.239,0.000,6.346,7.674,9.973,8.892,6.162,6.966,5.867,7.271,10.963,12.628,15.062,12.796,11.854,11.847,13.924,12.806,11.504,15.113,16.134,15.146,16.255,17.034
13.534,11.581,8.628,6.346,0.000,6.406,6.353,4.953,6.829,4.969,7.631,6.160,10.693,12.288,13.315,10.366,9.630,8.678,9.958,8.308,6.853,10.811,11.623,10.754,13.052,14.803
15.011,13.629,10.153,7.674,6.406,0.000,7.583,8.441,7.978,9.924,11.998,10.807,15.414,15.862,16.589,14.474,12.875,11.304,13.301,11.667,8.634,12.268,12.622,11.055,12.557,14.249
17.449,16.330,12.995,9.973,6.353,7.583,0.000,5.367,8.184,9.069,13.026,11.706,15.944,17.264,17.110,14.420,13.348,11.826,12.680,10.706,7.198,10.805,10.578,8.755,11.271,13.116
16.798,14.664,12.697,8.892,4.953,8.441,5.367,0.000,6.318,5.366,10.299,10.617,14.304,16.750,17.215,13.760,13.318,12.734,13.016,10.800,8.797,12.646,12.775,10.973,13.733,14.891
14.941,12.570,11.421,6.162,6.829,7.978,8.184,6.318,0.000,8.113,12.636,11.994,15.427,17.787,18.370,16.054,15.635,15.231,15.852,13.872,12.161,15.942,15.989,14.207,16.155,16.714
13.686,10.690,9.849,6.966,4.969,9.924,9.069,5.366,8.113,0.000,9.659,9.571,11.969,14.162,14.731,11.730,11.800,11.646,12.319,10.675,10.214,13.849,14.648,13.600,15.922,16.662
9.678,6.253,7.193,5.867,7.631,11.998,13.026,10.299,12.636,9.659,0.000,9.930,11.707,13.178,13.699,11.991,11.977,12.554,14.038,13.250,12.860,16.185,17.285,16.324,17.338,17.765
9.953,7.558,5.299,7.271,6.160,10.807,11.706,10.617,11.994,9.571,9.930,0.000,9.334,10.366,10.413,7.630,7.317,7.566,9.606,9.142,9.640,12.561,14.091,13.756,15.358,16.558
10.393,8.018,8.400,10.963,10.693,15.414,15.944,14.304,15.427,11.969,11.707,9.334,0.000,8.609,9.497,8.289,9.355,10.700,12.033,12.345,13.449,15.359,16.739,16.706,17.480,17.925
11.462,9.636,8.895,12.628,12.288,15.862,17.264,16.750,17.787,14.162,13.178,10.366,8.609,0.000,8.912,9.342,9.367,10.169,12.183,12.732,13.241,14.501,16.439,16.420,16.721,17.718
13.889,12.392,11.180,15.062,13.315,16.589,17.110,17.215,18.370,14.731,13.699,10.413,9.497,8.912,0.000,9.282,10.340,9.656,10.461,12.245,13.447,13.822,15.739,16.242,16.465,17.424
13.757,11.956,9.797,12.796,10.366,14.474,14.420,13.760,16.054,11.730,11.991,7.630,8.289,9.342,9.282,0.000,7.946,9.420,8.266,8.892,11.504,12.363,13.481,13.885,15.714,16.840
13.275,11.185,8.507,11.854,9.630,12.875,13.348,13.318,15.635,11.800,11.977,7.317,9.355,9.367,10.340,7.946,0.000,7.193,9.467,8.107,9.258,11.512,12.926,12.558,13.884,15.963
14.158,12.115,8.466,11.847,8.678,11.304,11.826,12.734,15.231,11.646,12.554,7.566,10.700,10.169,9.656,9.420,7.193,0.000,7.233,9.044,8.207,8.814,11.898,12.034,12.450,14.201
15.758,14.144,11.173,13.924,9.958,13.301,12.680,13.016,15.852,12.319,14.038,9.606,12.033,12.183,10.461,8.266,9.467,7.233,0.000,6.540,8.961,7.858,9.408,11.431,12.507,13.551
15.837,14.385,11.510,12.806,8.308,11.667,10.706,10.800,13.872,10.675,13.250,9.142,12.345,12.732,12.245,8.892,8.107,9.044,6.540,0.000,6.885,8.871,8.612,8.883,11.782,13.332
16.009,14.372,11.099,11.504,6.853,8.634,7.198,8.797,12.161,10.214,12.860,9.640,13.449,13.241,13.447,11.504,9.258,8.207,8.961,6.885,0.000,7.043,8.495,7.434,9.602,11.750
17.289,16.666,13.717,15.113,10.811,12.268,10.805,12.646,15.942,13.849,16.185,12.561,15.359,14.501,13.822,12.363,11.512,8.814,7.858,8.871,7.043,0.000,7.001,8.340,8.529,10.417
17.850,17.704,15.337,16.134,11.623,12.622,10.578,12.775,15.989,14.648,17.285,14.091,16.739,16.439,15.739,13.481,12.926,11.898,9.408,8.612,8.495,7.001,0.000,6.819,8.314,9.592
17.247,17.240,14.993,15.146,10.754,11.055,8.755,10.973,14.207,13.600,16.324,13.756,16.706,16.420,16.242,13.885,12.558,12.034,11.431,8.883,7.434,8.340,6.819,0.000,6.823,9.504
17.399,17.567,16.244,16.255,13.052,12.557,11.271,13.733,16.155,15.922,17.338,15.358,17.480,16.721,16.465,15.714,13.884,12.450,12.507,11.782,9.602,8.529,8.314,6.823,0.000,7.383
17.400,17.627,17.065,17.034,14.803,14.249,13.116,14.891,16.714,16.662,17.765,16.558,17.925,17.718,17.424,16.840,15.963,14.201,13.551,13.332,11.750,10.417,9.592,9.504,7.383,0.000