c1,c2,c3,c4,c5,c6,c7,c8,c9,c10,c11,c12,c13,c14,c15,c16,c17,c18,c19,c20,c21,c22,c23,c24,c25,c26
0.000,7.457,8.476,10.926,13.783,15.324,17.826,17.115,15.564,13.982,10.011,10.268,10.292,10.728,13.397,13.432,12.636,14.023,15.882,15.757,15.902,17.457,18.077,17.529,17.496,17.591
7.457,0.000,6.473,8.385,11.587,13.650,16.350,14.673,12.715,10.621,6.159,7.576,7.683,8.864,12.053,11.757,10.641,12.220,14.546,14.355,14.306,16.947,17.975,17.486,17.546,17.828
8.476,6.473,0.000,6.206,8.505,10.066,12.950,12.603,11.555,9.851,7.238,5.487,8.411,8.261,11.041,9.916,7.593,8.579,11.524,11.426,10.769,13.663,15.365,15.037,16.014,17.150
10.926,8.385,6.206,0.000,6.368,7.679,9.976,8.915,6.326,7.051,5.837,7.408,11.059,12.172,15.094,12.907,11.105,12.041,14.537,12.805,11.386,15.195,16.442,15.388,16.143,17.135
13.783,11.587,8.505,6.368,0.000,6.343,6.335,4.928,6.844,4.956,7.626,6.207,10.819,11.887,13.154,10.162,8.470,8.604,10.355,8.120,6.546,10.676,11.775,10.780,12.861,14.863
15.324,13.650,10.066,7.679,6.343,0.000,7.872,8.455,7.981,9.951,11.963,10.949,15.573,15.270,16.454,14.678,12.018,11.342,13.792,11.847,8.607,12.212,12.928,11.093,12.142,14.227
17.826,16.350,12.950,9.976,6.335,7.872,0.000,5.411,8.250,9.135,13.045,11.807,16.197,16.864,16.899,14.519,12.540,11.708,12.930,10.533,6.878,10.567,10.631,8.664,10.945,13.136
17.115,14.673,12.603,8.915,4.928,8.455,5.411,0.000,6.478,5.423,10.363,10.550,14.445,16.462,17.077,13.739,12.440,12.782,13.173,10.491,8.486,12.477,12.606,10.781,13.511,14.938
15.564,12.715,11.555,6.326,6.844,7.981,8.250,6.478,0.000,8.531,13.359,12.221,15.877,17.714,18.464,16.202,14.858,15.638,16.328,13.772,12.136,16.079,16.041,14.288,16.210,16.948
13.982,10.621,9.851,7.051,4.956,9.951,9.135,5.423,8.531,0.000,10.081,9.437,12.362,14.135,14.737,11.697,11.053,12.080,12.714,10.415,10.134,13.822,14.403,13.515,15.919,16.912
10.011,6.159,7.238,5.837,7.626,11.963,13.045,10.363,13.359,10.081,0.000,9.967,12.457,13.526,13.882,11.940,11.296,13.007,14.486,13.152,13.040,16.440,17.468,16.691,17.571,18.106
10.268,7.576,5.487,7.408,6.207,10.949,11.807,10.550,12.221,9.437,9.967,0.000,9.097,10.294,10.156,7.082,6.358,7.820,9.722,8.804,9.538,12.542,13.798,13.735,15.566,16.804
10.292,7.683,8.411,11.059,10.819,15.573,16.197,14.445,15.877,12.362,12.457,9.097,0.000,8.245,9.264,7.981,8.759,10.559,11.912,11.991,13.310,15.249,16.573,16.895,17.814,18.263
10.728,8.864,8.261,12.172,11.887,15.270,16.864,16.462,17.714,14.135,13.526,10.294,8.245,0.000,8.960,9.535,8.557,9.556,12.128,12.358,12.813,14.136,16.194,16.382,16.985,18.046
13.397,12.053,11.041,15.094,13.154,16.454,16.899,17.077,18.464,14.737,13.882,10.156,9.264,8.960,0.000,9.480,10.513,8.757,10.049,11.834,13.094,13.302,15.256,16.165,16.725,17.642
13.432,11.757,9.916,12.907,10.162,14.678,14.519,13.739,16.202,11.697,11.940,7.082,7.981,9.535,9.480,0.000,7.935,9.381,7.902,8.462,11.211,12.064,12.892,13.732,15.852,16.897
12.636,10.641,7.593,11.105,8.470,12.018,12.540,12.440,14.858,11.053,11.296,6.358,8.759,8.557,10.513,7.935,0.000,7.046,9.565,7.564,8.695,11.295,12.405,12.317,13.949,16.002
14.023,12.220,8.579,12.041,8.604,11.342,11.708,12.782,15.638,12.080,13.007,7.820,10.559,9.556,8.757,9.381,7.046,0.000,6.814,8.892,7.690,8.307,11.492,11.962,12.504,14.224
15.882,14.546,11.524,14.537,10.355,13.792,12.930,13.173,16.328,12.714,14.486,9.722,11.912,12.128,10.049,7.902,9.565,6.814,0.000,6.217,8.777,7.355,8.909,11.360,12.521,13.402
15.757,14.355,11.426,12.805,8.120,11.847,10.533,10.491,13.772,10.415,13.152,8.804,11.991,12.358,11.834,8.462,7.564,8.892,6.217,0.000,6.479,8.518,8.067,8.689,11.838,13.169
15.902,14.306,10.769,11.386,6.546,8.607,6.878,8.486,12.136,10.134,13.040,9.538,13.310,12.813,13.094,11.211,8.695,7.690,8.777,6.479,0.000,6.475,8.304,7.435,9.647,11.715
17.457,16.947,13.663,15.195,10.676,12.212,10.567,12.477,16.079,13.822,16.440,12.542,15.249,14.136,13.302,12.064,11.295,8.307,7.355,8.518,6.475,0.000,6.399,8.224,8.444,10.398
18.077,17.975,15.365,16.442,11.775,12.928,10.631,12.606,16.041,14.403,17.468,13.798,16.573,16.194,15.256,12.892,12.405,11.492,8.909,8.067,8.304,6.399,0.000,6.404,8.252,9.521
17.529,17.486,15.037,15.388,10.780,11.093,8.664,10.781,14.288,13.515,16.691,13.735,16.895,16.382,16.165,13.732,12.317,11.962,11.360,8.689,7.435,8.224,6.404,0.000,6.631,9.476
17.496,17.546,16.014,16.143,12.861,12.142,10.945,13.511,16.210,15.919,17.571,15.566,17.814,16.985,16.725,15.852,13.949,12.504,12.521,11.838,9.647,8.444,8.252,6.631,0.000,7.289
17.591,17.828,17.150,17.135,14.863,14.227,13.136,14.938,16.948,16.912,18.106,16.804,18.263,18.046,17.642,16.897,16.002,14.224,13.402,13.169,11.715,10.398,9.521,9.476,7.289,0.000