c1,c2,c3,c4,c5,c6,c7,c8,c9,c10,c11,c12,c13,c14,c15,c16,c17,c18,c19,c20,c21,c22,c23,c24,c25,c26
0.000,6.573,7.489,9.347,11.664,13.931,15.475,13.948,13.609,13.608,12.160,11.589,12.698,12.845,14.441,13.893,12.987,13.960,15.503,15.009,14.467,16.190,17.107,16.349,16.611,16.883
6.573,0.000,6.103,8.087,10.694,12.956,15.225,13.302,12.195,12.237,10.593,9.814,10.950,11.385,13.377,12.979,11.214,12.377,14.551,13.928,13.031,15.376,16.782,15.929,16.378,17.008
7.489,6.103,0.000,6.016,7.784,9.687,11.836,10.939,10.137,10.365,9.316,8.118,10.692,11.444,12.986,11.841,9.417,10.261,12.706,11.358,9.783,13.018,14.615,13.682,14.758,16.147
9.347,8.087,6.016,0.000,5.898,7.967,10.064,8.988,8.138,9.921,9.895,9.921,13.061,14.214,15.714,14.162,11.955,12.883,14.655,12.390,10.214,13.673,14.843,13.273,14.004,15.575
11.664,10.694,7.784,5.898,0.000,6.074,6.135,5.272,7.334,7.552,9.003,8.759,12.009,13.253,14.026,12.400,10.479,10.803,11.734,8.510,5.478,9.689,10.813,9.318,11.243,13.040
13.931,12.956,9.687,7.967,6.074,0.000,5.987,7.875,7.244,8.823,11.450,11.412,14.835,15.327,16.422,15.438,13.132,13.736,15.282,12.678,9.107,12.860,14.017,11.649,12.653,14.424
15.475,15.225,11.836,10.064,6.135,5.987,0.000,5.460,7.788,8.217,11.112,11.729,15.177,15.665,15.947,14.748,13.022,13.551,14.719,11.350,7.665,11.907,12.379,10.145,11.927,13.612
13.948,13.302,10.939,8.988,5.272,7.875,5.460,0.000,5.961,7.012,9.112,9.674,13.347,14.727,14.756,13.134,12.044,13.153,13.820,11.288,8.443,12.678,12.694,10.996,13.411,14.638
13.609,12.195,10.137,8.138,7.334,7.244,7.788,5.961,0.000,6.682,10.004,9.969,12.830,14.280,15.005,13.625,12.233,14.065,15.191,13.104,12.311,15.383,15.287,13.511,15.468,16.197
13.608,12.237,10.365,9.921,7.552,8.823,8.217,7.012,6.682,0.000,9.048,9.094,11.403,13.038,14.283,12.469,11.195,13.219,14.453,12.231,12.208,15.527,15.261,13.878,15.651,16.611
12.160,10.593,9.316,9.895,9.003,11.450,11.112,9.112,10.004,9.048,0.000,8.225,10.527,12.320,12.671,11.743,10.900,12.829,14.116,13.142,13.474,16.393,17.104,15.844,17.035,17.749
11.589,9.814,8.118,9.921,8.759,11.412,11.729,9.674,9.969,9.094,8.225,0.000,7.812,9.269,9.044,7.124,6.825,9.033,10.213,9.287,10.775,13.247,13.968,13.924,15.734,16.801
12.698,10.950,10.692,13.061,12.009,14.835,15.177,13.347,12.830,11.403,10.527,7.812,0.000,7.143,8.216,7.677,7.943,10.266,11.340,11.439,12.816,14.757,15.828,16.586,17.923,18.191
12.845,11.385,11.444,14.214,13.253,15.327,15.665,14.727,14.280,13.038,12.320,9.269,7.143,0.000,7.467,8.135,7.205,8.380,11.040,11.516,11.777,13.260,15.469,15.888,16.883,18.045
14.441,13.377,12.986,15.714,14.026,16.422,15.947,14.756,15.005,14.283,12.671,9.044,8.216,7.467,0.000,8.026,8.184,7.320,8.305,10.820,12.024,11.880,13.514,15.514,16.431,17.170
13.893,12.979,11.841,14.162,12.400,15.438,14.748,13.134,13.625,12.469,11.743,7.124,7.677,8.135,8.026,0.000,6.719,8.085,6.870,7.397,10.534,11.436,11.667,13.115,15.581,16.471
12.987,11.214,9.417,11.955,10.479,13.132,13.022,12.044,12.233,11.195,10.900,6.825,7.943,7.205,8.184,6.719,0.000,6.159,8.234,6.635,7.322,10.353,11.407,11.417,13.467,15.534
13.960,12.377,10.261,12.883,10.803,13.736,13.551,13.153,14.065,13.219,12.829,9.033,10.266,8.380,7.320,8.085,6.159,0.000,6.135,7.953,6.745,7.306,10.612,11.459,11.847,13.594
15.503,14.551,12.706,14.655,11.734,15.282,14.719,13.820,15.191,14.453,14.116,10.213,11.340,11.040,8.305,6.870,8.234,6.135,0.000,5.964,7.944,6.420,7.695,10.642,11.963,12.771
15.009,13.928,11.358,12.390,8.510,12.678,11.350,11.288,13.104,12.231,13.142,9.287,11.439,11.516,10.820,7.397,6.635,7.953,5.964,0.000,5.994,7.715,6.653,7.591,11.019,12.333
14.467,13.031,9.783,10.214,5.478,9.107,7.665,8.443,12.311,12.208,13.474,10.775,12.816,11.777,12.024,10.534,7.322,6.745,7.944,5.994,0.000,5.835,7.577,6.507,8.301,10.781
16.190,15.376,13.018,13.673,9.689,12.860,11.907,12.678,15.383,15.527,16.393,13.247,14.757,13.260,11.880,11.436,10.353,7.306,6.420,7.715,5.835,0.000,5.594,7.587,7.269,9.050
17.107,16.782,14.615,14.843,10.813,14.017,12.379,12.694,15.287,15.261,17.104,13.968,15.828,15.469,13.514,11.667,11.407,10.612,7.695,6.653,7.577,5.594,0.000,5.645,7.734,8.701
16.349,15.929,13.682,13.273,9.318,11.649,10.145,10.996,13.511,13.878,15.844,13.924,16.586,15.888,15.514,13.115,11.417,11.459,10.642,7.591,6.507,7.587,5.645,0.000,5.773,8.288
16.611,16.378,14.758,14.004,11.243,12.653,11.927,13.411,15.468,15.651,17.035,15.734,17.923,16.883,16.431,15.581,13.467,11.847,11.963,11.019,8.301,7.269,7.734,5.773,0.000,6.153
16.883,17.008,16.147,15.575,13.040,14.424,13.612,14.638,16.197,16.611,17.749,16.801,18.191,18.045,17.170,16.471,15.534,13.594,12.771,12.333,10.781,9.050,8.701,8.288,6.153,0.000