c1,c2,c3,c4,c5,c6,c7,c8,c9,c10,c11,c12,c13,c14,c15,c16,c17,c18,c19,c20,c21,c22,c23,c24,c25,c26
0.000,7.171,8.183,10.556,13.584,14.926,17.488,16.915,15.108,13.823,9.699,9.940,9.737,10.857,12.970,13.540,13.319,13.641,15.231,15.861,16.097,17.400,17.909,17.597,17.554,17.521
7.171,0.000,6.347,8.361,11.560,13.529,16.284,14.675,12.634,10.629,6.102,7.436,7.266,9.067,11.648,12.352,11.482,11.745,13.956,14.777,14.523,16.893,17.711,17.496,17.640,17.692
8.183,6.347,0.000,6.179,8.563,10.021,12.964,12.631,11.493,9.810,7.205,5.346,8.212,8.416,10.410,10.396,8.901,8.308,10.937,11.893,11.299,13.971,15.398,15.353,16.379,17.216
10.556,8.361,6.179,0.000,6.323,7.565,9.976,8.898,6.242,7.006,5.790,7.333,10.873,12.270,14.603,14.109,12.472,11.601,13.668,13.336,11.130,14.729,15.677,15.094,16.011,16.931
13.584,11.560,8.563,6.323,0.000,6.371,5.958,4.887,6.849,4.943,7.622,6.225,10.734,11.909,13.181,11.758,10.193,8.484,9.889,8.971,6.380,10.365,11.331,10.943,13.072,14.693
14.926,13.529,10.021,7.565,6.371,0.000,7.513,8.366,7.945,9.909,11.750,10.796,15.290,15.427,15.931,15.104,13.162,11.022,12.865,12.001,8.307,11.696,11.811,10.983,12.227,13.737
17.488,16.284,12.964,9.976,5.958,7.513,0.000,5.390,8.022,9.029,12.880,11.581,15.851,16.763,16.683,15.268,13.479,11.452,12.281,10.941,6.476,10.023,9.785,8.457,11.011,12.719
16.915,14.675,12.631,8.898,4.887,8.366,5.390,0.000,6.254,5.266,10.184,10.593,14.373,16.335,17.118,15.195,13.649,12.361,12.836,11.282,7.915,11.660,11.997,10.607,13.315,14.648
15.108,12.634,11.493,6.242,6.849,7.945,8.022,6.254,0.000,8.347,12.035,11.895,15.364,17.466,18.216,17.306,15.994,14.763,15.574,14.200,11.609,15.112,15.389,13.972,15.787,16.466
13.823,10.629,9.810,7.006,4.943,9.909,9.029,5.266,8.347,0.000,10.638,9.575,12.228,13.893,15.057,13.709,12.479,11.571,12.341,11.230,9.428,13.021,14.100,13.432,15.501,16.546
9.699,6.102,7.205,5.790,7.622,11.750,12.880,10.184,12.035,10.638,0.000,10.318,11.935,12.898,13.980,13.969,13.078,12.261,13.867,13.722,12.349,15.705,16.933,16.149,17.016,17.741
9.940,7.436,5.346,7.333,6.225,10.796,11.581,10.593,11.895,9.575,10.318,0.000,10.156,10.568,10.927,9.588,8.734,7.789,9.725,9.998,9.678,12.651,14.347,14.084,15.597,16.647
9.737,7.266,8.212,10.873,10.734,15.290,15.851,14.373,15.364,12.228,11.935,10.156,0.000,9.445,10.877,9.895,10.266,10.838,12.486,13.095,13.506,15.654,16.909,16.753,17.457,17.959
10.857,9.067,8.416,12.270,11.909,15.427,16.763,16.335,17.466,13.893,12.898,10.568,9.445,0.000,8.871,9.734,10.100,10.005,12.200,12.978,13.417,14.684,16.373,16.448,17.293,18.099
12.970,11.648,10.410,14.603,13.181,15.931,16.683,17.118,18.216,15.057,13.980,10.927,10.877,8.871,0.000,9.510,10.449,9.556,10.897,12.850,13.819,14.349,15.776,16.360,17.012,17.812
13.540,12.352,10.396,14.109,11.758,15.104,15.268,15.195,17.306,13.709,13.969,9.588,9.895,9.734,9.510,0.000,8.677,9.643,9.054,10.214,12.653,13.444,14.074,14.545,16.208,17.183
13.319,11.482,8.901,12.472,10.193,13.162,13.479,13.649,15.994,12.479,13.078,8.734,10.266,10.100,10.449,8.677,0.000,7.803,9.693,8.927,10.629,12.622,13.825,13.401,14.585,16.407
13.641,11.745,8.308,11.601,8.484,11.022,11.452,12.361,14.763,11.571,12.261,7.789,10.838,10.005,9.556,9.643,7.803,0.000,7.773,9.357,8.785,9.817,12.599,12.508,13.045,14.740
15.231,13.956,10.937,13.668,9.889,12.865,12.281,12.836,15.574,12.341,13.867,9.725,12.486,12.200,10.897,9.054,9.693,7.773,0.000,6.825,8.989,8.537,9.963,11.658,12.680,14.073
15.861,14.777,11.893,13.336,8.971,12.001,10.941,11.282,14.200,11.230,13.722,9.998,13.095,12.978,12.850,10.214,8.927,9.357,6.825,0.000,6.939,8.848,8.790,9.160,11.695,13.295
16.097,14.523,11.299,11.130,6.380,8.307,6.476,7.915,11.609,9.428,12.349,9.678,13.506,13.417,13.819,12.653,10.629,8.785,8.989,6.939,0.000,6.816,8.210,7.516,9.731,11.898
17.400,16.893,13.971,14.729,10.365,11.696,10.023,11.660,15.112,13.021,15.705,12.651,15.654,14.684,14.349,13.444,12.622,9.817,8.537,8.848,6.816,0.000,7.036,8.314,8.458,10.662
17.909,17.711,15.398,15.677,11.331,11.811,9.785,11.997,15.389,14.100,16.933,14.347,16.909,16.373,15.776,14.074,13.825,12.599,9.963,8.790,8.210,7.036,0.000,6.795,8.133,9.782
17.597,17.496,15.353,15.094,10.943,10.983,8.457,10.607,13.972,13.432,16.149,14.084,16.753,16.448,16.360,14.545,13.401,12.508,11.658,9.160,7.516,8.314,6.795,0.000,6.749,9.423
17.554,17.640,16.379,16.011,13.072,12.227,11.011,13.315,15.787,15.501,17.016,15.597,17.457,17.293,17.012,16.208,14.585,13.045,12.680,11.695,9.731,8.458,8.133,6.749,0.000,7.255
17.521,17.692,17.216,16.931,14.693,13.737,12.719,14.648,16.466,16.546,17.741,16.647,17.959,18.099,17.812,17.183,16.407,14.740,14.073,13.295,11.898,10.662,9.782,9.423,7.255,0.000