c1,c2,c3,c4,c5,c6,c7,c8,c9,c10,c11,c12,c13,c14,c15,c16,c17,c18,c19,c20,c21,c22,c23,c24,c25,c26
0.000,7.510,8.490,10.854,13.787,15.296,17.822,17.143,15.455,13.976,9.903,10.218,10.159,10.811,13.474,13.548,12.637,13.969,15.796,15.738,15.835,17.399,18.065,17.572,17.542,17.637
7.510,0.000,6.479,8.319,11.610,13.622,16.357,14.692,12.654,10.620,6.052,7.539,7.636,8.961,12.127,12.016,10.649,12.165,14.590,14.396,14.250,16.874,17.981,17.506,17.625,17.849
8.490,6.479,0.000,6.220,8.559,10.073,12.960,12.618,11.491,9.821,7.210,5.423,8.360,8.190,10.857,9.908,7.495,8.288,11.299,11.309,10.680,13.457,15.225,14.949,16.080,17.164
10.854,8.319,6.220,0.000,6.356,7.620,9.986,8.919,6.285,7.044,5.826,7.423,11.037,12.186,15.052,13.142,11.071,11.838,14.394,12.739,11.240,14.937,16.267,15.229,16.165,17.121
13.787,11.610,8.559,6.356,0.000,6.305,6.323,4.909,6.832,4.976,7.646,6.278,10.869,11.896,13.124,10.435,8.506,8.475,10.310,8.174,6.458,10.480,11.609,10.719,12.878,14.783
15.296,13.622,10.073,7.620,6.305,0.000,7.806,8.420,7.984,9.942,11.952,10.998,15.575,15.273,16.293,14.769,11.902,11.099,13.578,11.746,8.421,11.841,12.571,10.954,12.043,14.000
17.822,16.357,12.960,9.986,6.323,7.806,0.000,5.437,8.246,9.136,13.035,11.821,16.161,16.847,16.840,14.608,12.517,11.590,12.845,10.543,6.743,10.384,10.392,8.503,10.853,12.947
17.143,14.692,12.618,8.919,4.909,8.420,5.437,0.000,6.577,5.507,10.426,10.635,14.519,16.484,17.097,14.041,12.480,12.786,13.205,10.517,8.431,12.373,12.478,10.696,13.517,14.902
15.455,12.654,11.491,6.285,6.832,7.984,8.246,6.577,0.000,9.086,13.477,12.328,15.879,17.670,18.445,16.496,14.785,15.526,16.371,13.808,12.031,15.996,16.019,14.272,16.233,16.924
13.976,10.620,9.821,7.044,4.976,9.942,9.136,5.507,9.086,0.000,10.606,9.570,12.471,14.111,14.807,12.004,11.002,12.035,12.858,10.457,10.045,13.737,14.396,13.543,15.981,16.913
9.903,6.052,7.210,5.826,7.646,11.952,13.035,10.426,13.477,10.606,0.000,10.362,12.678,13.300,13.914,12.242,11.242,12.872,14.535,13.194,12.986,16.369,17.438,16.676,17.630,18.084
10.218,7.539,5.423,7.423,6.278,10.998,11.821,10.635,12.328,9.570,10.362,0.000,9.385,10.234,10.184,7.376,6.355,7.733,9.738,8.815,9.513,12.477,13.803,13.766,15.611,16.826
10.159,7.636,8.360,11.037,10.869,15.575,16.161,14.519,15.879,12.471,12.678,9.385,0.000,8.207,9.590,8.153,8.779,10.537,11.985,12.020,13.329,15.251,16.623,16.919,17.846,18.242
10.811,8.961,8.190,12.186,11.896,15.273,16.847,16.484,17.670,14.111,13.300,10.234,8.207,0.000,8.844,9.501,8.580,9.473,12.153,12.392,12.838,14.105,16.161,16.383,17.072,18.054
13.474,12.127,10.857,15.052,13.124,16.293,16.840,17.097,18.445,14.807,13.914,10.184,9.590,8.844,0.000,9.260,10.536,8.573,10.006,11.847,13.047,13.257,15.187,16.138,16.747,17.648
13.548,12.016,9.908,13.142,10.435,14.769,14.608,14.041,16.496,12.004,12.242,7.376,8.153,9.501,9.260,0.000,7.793,9.292,7.945,8.587,11.355,12.154,13.010,13.802,15.911,16.906
12.637,10.649,7.495,11.071,8.506,11.902,12.517,12.480,14.785,11.002,11.242,6.355,8.779,8.580,10.536,7.793,0.000,6.988,9.516,7.704,8.789,11.374,12.518,12.360,13.978,16.004
13.969,12.165,8.288,11.838,8.475,11.099,11.590,12.786,15.526,12.035,12.872,7.733,10.537,9.473,8.573,9.292,6.988,0.000,6.774,8.906,7.685,8.381,11.565,11.958,12.556,14.227
15.796,14.590,11.299,14.394,10.310,13.578,12.845,13.205,16.371,12.858,14.535,9.738,11.985,12.153,10.006,7.945,9.516,6.774,0.000,6.201,8.804,7.449,9.085,11.421,12.656,13.556
15.738,14.396,11.309,12.739,8.174,11.746,10.543,10.517,13.808,10.457,13.194,8.815,12.020,12.392,11.847,8.587,7.704,8.906,6.201,0.000,6.476,8.568,8.169,8.706,11.926,13.206
15.835,14.250,10.680,11.240,6.458,8.421,6.743,8.431,12.031,10.045,12.986,9.513,13.329,12.838,13.047,11.355,8.789,7.685,8.804,6.476,0.000,6.424,8.294,7.431,9.748,11.738
17.399,16.874,13.457,14.937,10.480,11.841,10.384,12.373,15.996,13.737,16.369,12.477,15.251,14.105,13.257,12.154,11.374,8.381,7.449,8.568,6.424,0.000,6.339,8.180,8.466,10.405
18.065,17.981,15.225,16.267,11.609,12.571,10.392,12.478,16.019,14.396,17.438,13.803,16.623,16.161,15.187,13.010,12.518,11.565,9.085,8.169,8.294,6.339,0.000,6.352,8.231,9.625
17.572,17.506,14.949,15.229,10.719,10.954,8.503,10.696,14.272,13.543,16.676,13.766,16.919,16.383,16.138,13.802,12.360,11.958,11.421,8.706,7.431,8.180,6.352,0.000,6.588,9.433
17.542,17.625,16.080,16.165,12.878,12.043,10.853,13.517,16.233,15.981,17.630,15.611,17.846,17.072,16.747,15.911,13.978,12.556,12.656,11.926,9.748,8.466,8.231,6.588,0.000,7.278
17.637,17.849,17.164,17.121,14.783,14.000,12.947,14.902,16.924,16.913,18.084,16.826,18.242,18.054,17.648,16.906,16.004,14.227,13.556,13.206,11.738,10.405,9.625,9.433,7.278,0.000