c1,c2,c3,c4,c5,c6,c7,c8,c9,c10,c11,c12,c13,c14,c15,c16,c17,c18,c19,c20,c21,c22,c23,c24,c25,c26
0.000,7.457,8.596,11.078,13.859,15.551,17.970,17.334,15.899,14.164,10.138,10.506,9.769,10.246,12.841,13.580,12.586,13.423,15.516,15.652,15.575,17.250,18.107,17.680,17.639,17.828
7.457,0.000,6.564,8.215,11.362,13.629,16.377,14.660,12.909,10.624,6.126,7.556,7.104,8.537,11.614,12.381,10.633,11.651,14.484,14.378,13.965,16.761,17.949,17.499,17.566,18.004
8.596,6.564,0.000,6.271,8.355,10.119,12.957,12.491,11.664,9.856,7.230,5.582,8.099,7.535,10.480,10.389,7.528,7.899,11.154,11.279,10.322,13.158,15.070,14.928,15.957,17.174
11.078,8.215,6.271,0.000,6.395,7.578,10.018,9.033,6.633,7.163,5.785,7.516,11.011,11.915,14.907,13.998,11.269,11.666,14.594,13.074,10.850,14.699,16.314,15.201,15.884,17.105
13.859,11.362,8.355,6.395,0.000,6.256,6.240,4.871,6.881,4.956,7.632,6.235,10.853,11.544,13.140,11.575,8.757,8.380,10.611,8.603,5.817,10.235,11.550,10.423,12.416,14.488
15.551,13.629,10.119,7.578,6.256,0.000,7.262,8.392,7.965,9.859,11.658,11.073,15.578,15.072,16.356,15.488,12.330,11.314,14.116,12.569,8.646,12.153,13.173,11.391,11.991,14.166
17.970,16.377,12.957,10.018,6.240,7.262,0.000,5.413,8.227,9.139,12.950,11.854,16.308,16.490,16.890,15.500,12.671,11.673,13.381,11.279,7.006,10.633,10.850,8.721,10.456,12.785
17.334,14.660,12.491,9.033,4.871,8.392,5.413,0.000,6.563,5.601,10.318,10.400,14.465,16.046,17.050,14.814,12.481,12.609,13.389,10.904,8.145,12.054,12.286,10.278,12.742,14.350
15.899,12.909,11.664,6.633,6.881,7.965,8.227,6.563,0.000,8.687,12.873,12.170,15.900,17.558,18.433,17.048,14.931,15.350,16.499,14.197,11.891,15.820,15.885,13.952,15.715,16.544
14.164,10.624,9.856,7.163,4.956,9.859,9.139,5.601,8.687,0.000,10.323,9.505,12.441,13.814,14.932,12.916,10.969,11.844,12.980,10.885,9.643,13.505,14.279,13.002,15.197,16.457
10.138,6.126,7.230,5.785,7.632,11.658,12.950,10.318,12.873,10.323,0.000,10.005,12.277,13.048,14.055,13.181,11.317,12.378,14.475,13.485,12.567,16.027,17.358,16.347,17.116,17.967
10.506,7.556,5.582,7.516,6.235,11.073,11.854,10.400,12.170,9.505,10.005,0.000,9.220,9.844,10.428,8.574,6.639,7.666,9.827,9.244,9.191,12.245,13.892,13.595,15.406,16.724
9.769,7.104,8.099,11.011,10.853,15.578,16.308,14.465,15.900,12.441,12.277,9.220,0.000,8.435,9.993,8.901,8.623,10.110,11.941,12.225,12.893,15.003,16.654,16.889,17.896,18.306
10.246,8.537,7.535,11.915,11.544,15.072,16.490,16.046,17.558,13.814,13.048,9.844,8.435,0.000,8.796,9.316,7.773,8.547,11.225,11.925,11.929,13.538,15.657,16.021,17.041,18.097
12.841,11.614,10.480,14.907,13.140,16.356,16.890,17.050,18.433,14.932,14.055,10.428,9.993,8.796,0.000,8.835,10.210,7.891,9.030,11.727,12.529,12.630,14.753,15.940,16.715,17.548
13.580,12.381,10.389,13.998,11.575,15.488,15.500,14.814,17.048,12.916,13.181,8.574,8.901,9.316,8.835,0.000,7.635,9.294,7.756,8.646,11.325,12.057,12.898,13.933,16.047,17.002
12.586,10.633,7.528,11.269,8.757,12.330,12.671,12.481,14.931,10.969,11.317,6.639,8.623,7.773,10.210,7.635,0.000,6.819,9.501,7.360,8.467,11.028,12.318,12.232,14.127,16.057
13.423,11.651,7.899,11.666,8.380,11.314,11.673,12.609,15.350,11.844,12.378,7.666,10.110,8.547,7.891,9.294,6.819,0.000,6.628,8.923,7.310,7.973,11.338,11.838,12.539,14.206
15.516,14.484,11.154,14.594,10.611,14.116,13.381,13.389,16.499,12.980,14.475,9.827,11.941,11.225,9.030,7.756,9.501,6.628,0.000,6.196,8.615,7.097,8.776,11.307,12.677,13.481
15.652,14.378,11.279,13.074,8.603,12.569,11.279,10.904,14.197,10.885,13.485,9.244,12.225,11.925,11.727,8.646,7.360,8.923,6.196,0.000,6.492,8.384,7.832,8.572,12.049,13.141
15.575,13.965,10.322,10.850,5.817,8.646,7.006,8.145,11.891,9.643,12.567,9.191,12.893,11.929,12.529,11.325,8.467,7.310,8.615,6.492,0.000,6.227,8.193,7.283,9.626,11.740
17.250,16.761,13.158,14.699,10.235,12.153,10.633,12.054,15.820,13.505,16.027,12.245,15.003,13.538,12.630,12.057,11.028,7.973,7.097,8.384,6.227,0.000,6.280,8.084,8.349,10.296
18.107,17.949,15.070,16.314,11.550,13.173,10.850,12.286,15.885,14.279,17.358,13.892,16.654,15.657,14.753,12.898,12.318,11.338,8.776,7.832,8.193,6.280,0.000,6.321,8.176,9.544
17.680,17.499,14.928,15.201,10.423,11.391,8.721,10.278,13.952,13.002,16.347,13.595,16.889,16.021,15.940,13.933,12.232,11.838,11.307,8.572,7.283,8.084,6.321,0.000,6.588,9.464
17.639,17.566,15.957,15.884,12.416,11.991,10.456,12.742,15.715,15.197,17.116,15.406,17.896,17.041,16.715,16.047,14.127,12.539,12.677,12.049,9.626,8.349,8.176,6.588,0.000,7.318
17.828,18.004,17.174,17.105,14.488,14.166,12.785,14.350,16.544,16.457,17.967,16.724,18.306,18.097,17.548,17.002,16.057,14.206,13.481,13.141,11.740,10.296,9.544,9.464,7.318,0.000