c1,c2,c3,c4,c5,c6,c7,c8,c9,c10,c11,c12,c13,c14,c15,c16,c17,c18,c19,c20,c21,c22,c23,c24,c25,c26
0.000,6.965,8.367,10.902,13.850,15.233,17.866,17.076,15.231,13.924,9.930,9.959,10.344,11.537,13.439,13.706,13.146,13.656,15.365,15.957,16.117,17.236,17.817,17.634,17.501,17.336
6.965,0.000,6.298,8.007,11.364,13.483,16.149,14.557,12.519,10.640,6.150,7.305,7.804,9.200,11.534,11.999,10.962,11.439,13.725,14.507,14.444,16.577,17.465,17.562,17.671,17.547
8.367,6.298,0.000,6.273,8.684,9.960,12.902,12.560,11.424,9.848,7.202,5.326,8.409,8.653,10.377,10.263,8.413,7.984,10.889,11.768,11.269,13.782,15.078,15.420,16.524,16.976
10.902,8.007,6.273,0.000,6.534,7.433,9.946,8.828,6.243,6.968,5.822,7.253,10.835,12.348,14.284,13.460,11.774,11.524,13.852,13.289,11.657,14.866,15.854,15.563,16.568,16.928
13.850,11.364,8.684,6.534,0.000,6.427,6.336,4.927,6.847,4.914,7.611,6.251,10.601,11.937,12.889,11.234,9.510,8.551,10.193,9.146,7.263,10.859,11.660,11.698,13.859,15.073
15.233,13.483,9.960,7.433,6.427,0.000,7.565,8.401,7.976,9.861,11.853,10.859,15.264,15.513,15.808,15.139,12.960,11.307,13.449,12.381,8.957,12.021,12.307,11.807,13.435,14.348
17.866,16.149,12.902,9.946,6.336,7.565,0.000,5.324,8.102,9.024,12.933,11.739,15.809,16.767,16.470,15.086,13.278,11.709,12.807,11.451,7.387,10.472,10.429,10.041,12.601,13.969
17.076,14.557,12.560,8.828,4.927,8.401,5.324,0.000,6.513,5.271,10.204,10.626,14.152,16.229,16.691,14.629,12.996,12.551,13.061,11.250,8.544,12.000,12.266,11.782,14.425,15.276
15.231,12.519,11.424,6.243,6.847,7.976,8.102,6.513,0.000,8.098,12.338,12.131,15.269,17.558,18.020,16.644,15.257,14.986,15.837,14.099,11.981,15.366,15.474,14.691,16.488,16.827
13.924,10.640,9.848,6.968,4.914,9.861,9.024,5.271,8.098,0.000,9.786,9.529,11.735,13.765,14.357,12.433,11.264,11.243,12.226,11.041,9.899,13.449,14.376,14.110,16.349,16.852
9.930,6.150,7.202,5.822,7.611,11.853,12.933,10.204,12.338,9.786,0.000,9.656,11.368,12.707,13.355,12.497,11.496,11.958,13.764,13.397,12.852,15.978,16.958,16.801,17.609,17.837
9.959,7.305,5.326,7.253,6.251,10.859,11.739,10.626,12.131,9.529,9.656,0.000,9.344,10.447,10.125,8.352,7.290,7.605,9.807,9.711,10.068,12.753,14.266,14.534,16.142,16.979
10.344,7.804,8.409,10.835,10.601,15.264,15.809,14.152,15.269,11.735,11.368,9.344,0.000,8.360,9.780,8.671,8.862,10.263,11.877,12.461,13.491,15.355,16.760,17.035,17.725,18.035
11.537,9.200,8.653,12.348,11.937,15.513,16.767,16.229,17.558,13.765,12.707,10.447,8.360,0.000,8.615,9.267,8.232,9.547,11.681,12.454,13.204,14.218,16.159,16.483,17.154,18.025
13.439,11.534,10.377,14.284,12.889,15.808,16.470,16.691,18.020,14.357,13.355,10.125,9.780,8.615,0.000,9.024,9.987,8.577,9.876,12.058,13.175,13.529,15.363,16.253,16.742,17.477
13.706,11.999,10.263,13.460,11.234,15.139,15.086,14.629,16.644,12.433,12.497,8.352,8.671,9.267,9.024,0.000,7.813,9.137,8.094,9.068,11.961,12.622,13.600,14.402,16.137,16.952
13.146,10.962,8.413,11.774,9.510,12.960,13.278,12.996,15.257,11.264,11.496,7.290,8.862,8.232,9.987,7.813,0.000,7.140,9.218,8.213,9.733,11.956,13.153,13.155,14.600,16.211
13.656,11.439,7.984,11.524,8.551,11.307,11.709,12.551,14.986,11.243,11.958,7.605,10.263,9.547,8.577,9.137,7.140,0.000,6.953,8.774,8.353,9.137,12.068,12.457,13.225,14.647
15.365,13.725,10.889,13.852,10.193,13.449,12.807,13.061,15.837,12.226,13.764,9.807,11.877,11.681,9.876,8.094,9.218,6.953,0.000,6.396,8.831,8.212,9.993,11.882,13.163,14.112
15.957,14.507,11.768,13.289,9.146,12.381,11.451,11.250,14.099,11.041,13.397,9.711,12.461,12.454,12.058,9.068,8.213,8.774,6.396,0.000,6.813,8.288,8.749,9.504,12.285,13.562
16.117,14.444,11.269,11.657,7.263,8.957,7.387,8.544,11.981,9.899,12.852,10.068,13.491,13.204,13.175,11.961,9.733,8.353,8.831,6.813,0.000,6.643,8.181,8.000,10.312,12.228
17.236,16.577,13.782,14.866,10.859,12.021,10.472,12.000,15.366,13.449,15.978,12.753,15.355,14.218,13.529,12.622,11.956,9.137,8.212,8.288,6.643,0.000,6.318,7.917,8.717,10.743
17.817,17.465,15.078,15.854,11.660,12.307,10.429,12.266,15.474,14.376,16.958,14.266,16.760,16.159,15.363,13.600,13.153,12.068,9.993,8.749,8.181,6.318,0.000,6.182,8.154,9.705
17.634,17.562,15.420,15.563,11.698,11.807,10.041,11.782,14.691,14.110,16.801,14.534,17.035,16.483,16.253,14.402,13.155,12.457,11.882,9.504,8.000,7.917,6.182,0.000,6.341,8.849
17.501,17.671,16.524,16.568,13.859,13.435,12.601,14.425,16.488,16.349,17.609,16.142,17.725,17.154,16.742,16.137,14.600,13.225,13.163,12.285,10.312,8.717,8.154,6.341,0.000,7.211
17.336,17.547,16.976,16.928,15.073,14.348,13.969,15.276,16.827,16.852,17.837,16.979,18.035,18.025,17.477,16.952,16.211,14.647,14.112,13.562,12.228,10.743,9.705,8.849,7.211,0.000