c1,c2,c3,c4,c5,c6,c7,c8,c9,c10,c11,c12,c13,c14,c15,c16,c17,c18,c19
0.0000,0.0029,0.0003,0.0098,0.0521,0.0359,0.0299,0.0654,0.1814,0.0312,0.0116,0.0306,0.0084,0.0086,0.0043,0.0057,0.0038,0.0021,0.0017
0.0029,0.0005,0.1200,0.0013,0.0880,0.0377,0.0031,0.0135,0.0215,0.0149,0.0079,0.0209,0.0065,0.0050,0.0051,0.0059,0.0020,0.0021,0.0018
0.0003,0.1200,0.0952,0.0140,0.0002,0.0084,0.0132,0.0184,0.0090,0.0088,0.0040,0.0457,0.0049,0.0121,0.0060,0.0060,0.0033,0.0032,0.0030
0.0098,0.0013,0.0140,0.0015,0.0007,0.0011,0.0114,0.0327,0.0204,0.0337,0.0083,0.0618,0.0137,0.0073,0.0097,0.0095,0.0051,0.0030,0.0039
0.0521,0.0880,0.0002,0.0007,0.0057,0.0313,0.0001,0.0039,0.0813,0.0055,0.0174,0.0528,0.0174,0.0044,0.0070,0.0148,0.0056,0.0033,0.0047
0.0359,0.0377,0.0084,0.0011,0.0313,0.0150,0.0052,0.0001,0.0103,0.0648,0.0027,0.0250,0.0071,0.0064,0.0058,0.0067,0.0041,0.0036,0.0034
0.0299,0.0031,0.0132,0.0114,0.0001,0.0052,0.0291,0.0041,0.0002,0.0099,0.0874,0.0249,0.0134,0.0104,0.0359,0.0070,0.0036,0.0042,0.0044
0.0654,0.0135,0.0184,0.0327,0.0039,0.0001,0.0041,0.0040,0.0023,0.0001,0.0084,0.1076,0.0089,0.0134,0.0650,0.0133,0.0064,0.0055,0.0051
0.1814,0.0215,0.0090,0.0204,0.0813,0.0103,0.0002,0.0023,0.0284,0.0045,0.0002,0.0015,0.0267,0.0013,0.0137,0.0253,0.0038,0.0034,0.0058
0.0312,0.0149,0.0088,0.0337,0.0055,0.0648,0.0099,0.0001,0.0045,0.0199,0.0043,0.0000,0.0019,0.0625,0.0078,0.0189,0.0151,0.0076,0.0125
0.0116,0.0079,0.0040,0.0083,0.0174,0.0027,0.0874,0.0084,0.0002,0.0043,0.0422,0.0004,0.0004,0.0085,0.1995,0.0140,0.0110,0.0110,0.0073
0.0306,0.0209,0.0457,0.0618,0.0528,0.0250,0.0249,0.1076,0.0015,0.0000,0.0004,0.0025,0.0048,0.0001,0.0016,0.0175,0.0060,0.0215,0.0208
0.0084,0.0065,0.0049,0.0137,0.0174,0.0071,0.0134,0.0089,0.0267,0.0019,0.0004,0.0048,0.0121,0.0046,0.0001,0.0307,0.0525,0.0119,0.0417
0.0086,0.0050,0.0121,0.0073,0.0044,0.0064,0.0104,0.0134,0.0013,0.0625,0.0085,0.0001,0.0046,0.0280,0.0107,0.0001,0.0261,0.0934,0.0278
0.0043,0.0051,0.0060,0.0097,0.0070,0.0058,0.0359,0.0650,0.0137,0.0078,0.1995,0.0016,0.0001,0.0107,0.0376,0.0006,0.0003,0.0122,0.0458
0.0057,0.0059,0.0060,0.0095,0.0148,0.0067,0.0070,0.0133,0.0253,0.0189,0.0140,0.0175,0.0307,0.0001,0.0006,0.0116,0.0534,0.0004,0.0125
0.0038,0.0020,0.0033,0.0051,0.0056,0.0041,0.0036,0.0064,0.0038,0.0151,0.0110,0.0060,0.0525,0.0261,0.0003,0.0534,0.1128,0.0423,0.0004
0.0021,0.0021,0.0032,0.0030,0.0033,0.0036,0.0042,0.0055,0.0034,0.0076,0.0110,0.0215,0.0119,0.0934,0.0122,0.0004,0.0423,0.0809,0.0104
0.0017,0.0018,0.0030,0.0039,0.0047,0.0034,0.0044,0.0051,0.0058,0.0125,0.0073,0.0208,0.0417,0.0278,0.0458,0.0125,0.0004,0.0104,0.0351