c1,c2,c3,c4,c5,c6,c7,c8,c9,c10,c11,c12,c13,c14,c15,c16,c17,c18,c19,c20,c21,c22,c23,c24,c25,c26,c27,c28,c29
0.1377,0.0159,0.0004,0.0000,0.0020,0.0008,0.0259,0.0033,0.0062,0.0402,0.0077,0.1819,0.0095,0.1820,0.0789,0.0407,0.0125,0.0023,0.0076,0.0046,0.0024,0.0024,0.0049,0.0025,0.0033,0.0039,0.0080,0.0065,0.0106
0.0159,0.0330,0.0075,0.0000,0.0022,0.0001,0.0027,0.0013,0.0062,0.0121,0.0230,0.9951,0.1756,0.4046,0.0441,0.0150,0.0060,0.0023,0.0042,0.0030,0.0026,0.0031,0.0022,0.0026,0.0076,0.0027,0.0052,0.0080,0.0221
0.0004,0.0075,0.0374,0.0001,0.0000,0.0000,0.0006,0.0003,0.0146,0.0294,0.0148,0.9984,0.0318,0.6630,0.0868,0.0218,0.0068,0.0042,0.0078,0.0028,0.0033,0.0035,0.0034,0.0038,0.0148,0.0066,0.0061,0.0068,0.0356
0.0000,0.0000,0.0001,0.0000,0.0005,0.0000,0.0000,0.0000,0.0017,0.0082,0.0478,0.1442,0.9987,0.8151,0.9920,1.0000,0.0444,0.5309,0.8309,0.0059,0.0042,0.0224,0.0027,0.0015,0.0138,0.0011,0.0009,0.0022,0.0068
0.0020,0.0022,0.0000,0.0005,0.3025,0.0001,0.0006,0.0003,0.0013,0.9758,0.0134,1.0000,0.0230,0.0140,0.0049,0.0034,0.0024,0.0032,0.0133,0.0017,0.0046,0.0169,0.0050,0.0025,0.0061,0.0037,0.0019,0.0041,0.0063
0.0008,0.0001,0.0000,0.0000,0.0001,0.0552,0.0036,0.0000,0.0315,0.0098,0.1080,0.2641,0.0721,0.0307,0.0779,0.0214,0.0147,0.0851,0.1311,0.0040,0.2685,0.1126,0.0112,0.0046,0.7877,0.0170,0.0155,0.0041,0.0052
0.0259,0.0027,0.0006,0.0000,0.0006,0.0036,0.9063,0.0015,0.0000,0.0044,0.0003,0.0020,0.0018,0.0043,0.0019,0.0089,0.0053,0.0104,0.1247,0.0102,0.0147,0.9846,0.0275,0.0031,0.0830,0.0968,0.0175,0.0342,0.0105
0.0033,0.0013,0.0003,0.0000,0.0003,0.0000,0.0015,0.3369,0.0012,0.0002,0.0010,0.0005,0.0009,0.0027,0.0028,0.0015,0.0048,0.0259,0.0251,0.0101,0.1999,0.8547,0.1273,0.0164,0.9742,0.1866,0.4603,0.0359,0.0076
0.0062,0.0062,0.0146,0.0017,0.0013,0.0315,0.0000,0.0012,0.0012,0.0017,0.0001,0.0004,0.0047,0.0078,0.0492,0.0038,0.0062,0.1156,0.0440,0.0059,0.5714,0.0414,0.0177,0.0038,0.9820,0.0223,0.0051,0.0088,0.0070
0.0402,0.0121,0.0294,0.0082,0.9758,0.0098,0.0044,0.0002,0.0017,0.8129,0.0005,0.0000,0.0000,0.0006,0.0010,0.0055,0.0076,0.0037,0.0283,0.0056,0.0302,0.0184,0.0138,0.0090,0.0357,0.0093,0.0084,0.0182,0.0146
0.0077,0.0230,0.0148,0.0478,0.0134,0.1080,0.0003,0.0010,0.0001,0.0005,0.2957,0.0033,0.0000,0.0018,0.0025,0.0022,0.0521,0.0693,0.0117,0.0109,0.0423,0.0049,0.0080,0.0587,0.0722,0.0179,0.0202,0.0120,0.0069
0.1819,0.9951,0.9984,0.1442,1.0000,0.2641,0.0020,0.0005,0.0004,0.0000,0.0033,0.2278,0.0000,0.0000,0.0001,0.0003,0.0007,0.0006,0.0027,0.0007,0.0029,0.0005,0.0029,0.0031,0.0048,0.0037,0.0008,0.0027,0.0027
0.0095,0.1756,0.0318,0.9987,0.0230,0.0721,0.0018,0.0009,0.0047,0.0000,0.0000,0.0000,0.0001,0.0005,0.0000,0.0000,0.0022,0.9964,0.5607,0.0049,0.0959,0.0387,0.0035,0.0680,0.0413,0.0071,0.0128,0.0042,0.0031
0.1820,0.4046,0.6630,0.8151,0.0140,0.0307,0.0043,0.0027,0.0078,0.0006,0.0018,0.0000,0.0005,0.0392,0.0111,0.0001,0.0248,0.0005,0.0012,0.0113,0.0019,0.0025,0.0072,0.0124,0.0010,0.0054,0.0852,0.0021,0.0031
0.0789,0.0441,0.0868,0.9920,0.0049,0.0779,0.0019,0.0028,0.0492,0.0010,0.0025,0.0001,0.0000,0.0111,0.1528,0.0370,0.0032,0.0043,0.0012,0.0026,0.0059,0.0004,0.0043,0.0069,0.0043,0.0038,0.0062,0.0018,0.0026
0.0407,0.0150,0.0218,1.0000,0.0034,0.0214,0.0089,0.0015,0.0038,0.0055,0.0022,0.0003,0.0000,0.0001,0.0370,0.3874,0.0442,0.0000,0.0034,0.0270,0.0024,0.0031,0.0089,0.0030,0.0009,0.0060,0.0023,0.0065,0.0136
0.0125,0.0060,0.0068,0.0444,0.0024,0.0147,0.0053,0.0048,0.0062,0.0076,0.0521,0.0007,0.0022,0.0248,0.0032,0.0442,0.5233,0.0096,0.0001,0.2133,0.0194,0.0007,0.0067,0.0093,0.0015,0.0035,0.0032,0.0005,0.0168
0.0023,0.0023,0.0042,0.5309,0.0032,0.0851,0.0104,0.0259,0.1156,0.0037,0.0693,0.0006,0.9964,0.0005,0.0043,0.0000,0.0096,0.0971,0.0010,0.0006,0.0031,0.0063,0.0036,0.0239,0.0018,0.0040,0.0009,0.0006,0.0033
0.0076,0.0042,0.0078,0.8309,0.0133,0.1311,0.1247,0.0251,0.0440,0.0283,0.0117,0.0027,0.5607,0.0012,0.0012,0.0034,0.0001,0.0010,0.0279,0.0094,0.0000,0.0004,0.0016,0.0029,0.0142,0.0150,0.0026,0.0044,0.0100
0.0046,0.0030,0.0028,0.0059,0.0017,0.0040,0.0102,0.0101,0.0059,0.0056,0.0109,0.0007,0.0049,0.0113,0.0026,0.0270,0.2133,0.0006,0.0094,0.5041,0.0008,0.0002,0.0567,0.0356,0.0026,0.0285,0.0113,0.0055,0.0122
0.0024,0.0026,0.0033,0.0042,0.0046,0.2685,0.0147,0.1999,0.5714,0.0302,0.0423,0.0029,0.0959,0.0019,0.0059,0.0024,0.0194,0.0031,0.0000,0.0008,0.9618,0.0002,0.0000,0.0028,0.0078,0.0065,0.0200,0.0033,0.0041
0.0024,0.0031,0.0035,0.0224,0.0169,0.1126,0.9846,0.8547,0.0414,0.0184,0.0049,0.0005,0.0387,0.0025,0.0004,0.0031,0.0007,0.0063,0.0004,0.0002,0.0002,0.0657,0.0011,0.0002,0.0001,0.0101,0.0061,0.3053,0.0234
0.0049,0.0022,0.0034,0.0027,0.0050,0.0112,0.0275,0.1273,0.0177,0.0138,0.0080,0.0029,0.0035,0.0072,0.0043,0.0089,0.0067,0.0036,0.0016,0.0567,0.0000,0.0011,0.2936,0.0229,0.0000,0.0058,0.0198,0.1677,0.2261
0.0025,0.0026,0.0038,0.0015,0.0025,0.0046,0.0031,0.0164,0.0038,0.0090,0.0587,0.0031,0.0680,0.0124,0.0069,0.0030,0.0093,0.0239,0.0029,0.0356,0.0028,0.0002,0.0229,0.8477,0.0005,0.0003,0.0473,0.0052,0.0236
0.0033,0.0076,0.0148,0.0138,0.0061,0.7877,0.0830,0.9742,0.9820,0.0357,0.0722,0.0048,0.0413,0.0010,0.0043,0.0009,0.0015,0.0018,0.0142,0.0026,0.0078,0.0001,0.0000,0.0005,0.5144,0.0002,0.0000,0.0002,0.0002
0.0039,0.0027,0.0066,0.0011,0.0037,0.0170,0.0968,0.1866,0.0223,0.0093,0.0179,0.0037,0.0071,0.0054,0.0038,0.0060,0.0035,0.0040,0.0150,0.0285,0.0065,0.0101,0.0058,0.0003,0.0002,0.6660,0.0728,0.0005,0.0003
0.0080,0.0052,0.0061,0.0009,0.0019,0.0155,0.0175,0.4603,0.0051,0.0084,0.0202,0.0008,0.0128,0.0852,0.0062,0.0023,0.0032,0.0009,0.0026,0.0113,0.0200,0.0061,0.0198,0.0473,0.0000,0.0728,0.0344,0.0260,0.0001
0.0065,0.0080,0.0068,0.0022,0.0041,0.0041,0.0342,0.0359,0.0088,0.0182,0.0120,0.0027,0.0042,0.0021,0.0018,0.0065,0.0005,0.0006,0.0044,0.0055,0.0033,0.3053,0.1677,0.0052,0.0002,0.0005,0.0260,0.1208,0.1247
0.0106,0.0221,0.0356,0.0068,0.0063,0.0052,0.0105,0.0076,0.0070,0.0146,0.0069,0.0027,0.0031,0.0031,0.0026,0.0136,0.0168,0.0033,0.0100,0.0122,0.0041,0.0234,0.2261,0.0236,0.0002,0.0003,0.0001,0.1247,0.0124