c1,c2,c3,c4,c5,c6,c7,c8,c9,c10,c11,c12,c13,c14,c15,c16,c17,c18,c19,c20
0.0015,0.0028,0.0002,0.0179,0.0257,0.0105,0.0300,0.0406,0.0202,0.0129,0.0175,0.0154,0.0060,0.0045,0.0059,0.0032,0.0047,0.0056,0.0033,0.0061
0.0028,0.0130,0.0129,0.0003,0.0140,0.0166,0.0056,0.0317,0.0644,0.0129,0.0057,0.0102,0.0784,0.0038,0.0029,0.0034,0.0059,0.0025,0.0014,0.0064
0.0002,0.0129,0.0417,0.0267,0.0003,0.0053,0.0665,0.0060,0.0130,0.0877,0.0088,0.0044,0.0340,0.0073,0.0031,0.0016,0.0096,0.0047,0.0015,0.0114
0.0179,0.0003,0.0267,0.0274,0.0154,0.0001,0.0097,0.0367,0.0058,0.0217,0.0296,0.0076,0.0025,0.0088,0.0118,0.0049,0.0102,0.0072,0.0042,0.0058
0.0257,0.0140,0.0003,0.0154,0.0143,0.0048,0.0001,0.0140,0.0386,0.0096,0.0154,0.0128,0.0213,0.0049,0.0081,0.0102,0.0081,0.0046,0.0039,0.0046
0.0105,0.0166,0.0053,0.0001,0.0048,0.0049,0.0078,0.0006,0.0027,0.0496,0.0024,0.0138,0.1422,0.0064,0.0029,0.0072,0.0659,0.0044,0.0045,0.0897
0.0300,0.0056,0.0665,0.0097,0.0001,0.0078,0.0178,0.0066,0.0002,0.0037,0.0559,0.0042,0.0114,0.0166,0.0071,0.0045,0.0138,0.0096,0.0060,0.0082
0.0406,0.0317,0.0060,0.0367,0.0140,0.0006,0.0066,0.0203,0.0080,0.0001,0.0057,0.0141,0.0020,0.0137,0.0256,0.0062,0.0037,0.0049,0.0083,0.0057
0.0202,0.0644,0.0130,0.0058,0.0386,0.0027,0.0002,0.0080,0.0156,0.0020,0.0008,0.0056,0.0234,0.0065,0.0127,0.0284,0.0051,0.0043,0.0038,0.0103
0.0129,0.0129,0.0877,0.0217,0.0096,0.0496,0.0037,0.0001,0.0020,0.0510,0.0159,0.0004,0.0005,0.0220,0.0013,0.0094,0.0750,0.0060,0.0018,0.0165
0.0175,0.0057,0.0088,0.0296,0.0154,0.0024,0.0559,0.0057,0.0008,0.0159,0.0083,0.0121,0.0000,0.0073,0.0775,0.0039,0.0077,0.0127,0.0118,0.0022
0.0154,0.0102,0.0044,0.0076,0.0128,0.0138,0.0042,0.0141,0.0056,0.0004,0.0121,0.0256,0.0022,0.0003,0.0144,0.0282,0.0046,0.0156,0.0244,0.0054
0.0060,0.0784,0.0340,0.0025,0.0213,0.1422,0.0114,0.0020,0.0234,0.0005,0.0000,0.0022,0.0056,0.0020,0.0002,0.0204,0.0877,0.0044,0.0557,0.0220
0.0045,0.0038,0.0073,0.0088,0.0049,0.0064,0.0166,0.0137,0.0065,0.0220,0.0073,0.0003,0.0020,0.0266,0.0073,0.0004,0.0048,0.1283,0.0130,0.0252
0.0059,0.0029,0.0031,0.0118,0.0081,0.0029,0.0071,0.0256,0.0127,0.0013,0.0775,0.0144,0.0002,0.0073,0.0259,0.0101,0.0001,0.0212,0.1628,0.0125
0.0032,0.0034,0.0016,0.0049,0.0102,0.0072,0.0045,0.0062,0.0284,0.0094,0.0039,0.0282,0.0204,0.0004,0.0101,0.1081,0.0031,0.0017,0.0178,0.0218
0.0047,0.0059,0.0096,0.0102,0.0081,0.0659,0.0138,0.0037,0.0051,0.0750,0.0077,0.0046,0.0877,0.0048,0.0001,0.0031,0.0706,0.0198,0.0005,0.0010
0.0056,0.0025,0.0047,0.0072,0.0046,0.0044,0.0096,0.0049,0.0043,0.0060,0.0127,0.0156,0.0044,0.1283,0.0212,0.0017,0.0198,0.0777,0.0294,0.0000
0.0033,0.0014,0.0015,0.0042,0.0039,0.0045,0.0060,0.0083,0.0038,0.0018,0.0118,0.0244,0.0557,0.0130,0.1628,0.0178,0.0005,0.0294,0.0185,0.0031
0.0061,0.0064,0.0114,0.0058,0.0046,0.0897,0.0082,0.0057,0.0103,0.0165,0.0022,0.0054,0.0220,0.0252,0.0125,0.0218,0.0010,0.0000,0.0031,0.0483