c1,c2,c3,c4,c5,c6,c7,c8,c9,c10,c11,c12,c13,c14,c15,c16,c17,c18,c19,c20
0.0001,0.0006,0.0000,0.0041,0.0182,0.0482,0.0406,0.0499,0.0375,0.0192,0.0274,0.0177,0.0141,0.0213,0.0104,0.0062,0.0075,0.0084,0.0033,0.0036
0.0006,0.0298,0.0056,0.0005,0.0170,0.0090,0.0028,0.0127,0.0353,0.0118,0.0073,0.0089,0.0593,0.0141,0.0066,0.0075,0.0062,0.0058,0.0027,0.0038
0.0000,0.0056,0.0179,0.0227,0.0002,0.0071,0.0172,0.0067,0.0349,0.0902,0.0146,0.0084,0.0219,0.0136,0.0057,0.0058,0.0138,0.0074,0.0039,0.0037
0.0041,0.0005,0.0227,0.0257,0.0155,0.0001,0.0036,0.0107,0.0084,0.0313,0.0267,0.0081,0.0113,0.0171,0.0092,0.0107,0.0203,0.0080,0.0032,0.0047
0.0182,0.0170,0.0002,0.0155,0.0017,0.0084,0.0003,0.0253,0.0257,0.0086,0.0154,0.0172,0.0270,0.0067,0.0094,0.0137,0.0138,0.0062,0.0021,0.0033
0.0482,0.0090,0.0071,0.0001,0.0084,0.0016,0.0078,0.0006,0.0039,0.0369,0.0059,0.0126,0.0157,0.0134,0.0080,0.0133,0.0372,0.0105,0.0045,0.0202
0.0406,0.0028,0.0172,0.0036,0.0003,0.0078,0.0283,0.0088,0.0001,0.0019,0.0431,0.0062,0.0106,0.0269,0.0173,0.0063,0.0180,0.0131,0.0066,0.0104
0.0499,0.0127,0.0067,0.0107,0.0253,0.0006,0.0088,0.0407,0.0051,0.0000,0.0041,0.0212,0.0064,0.0132,0.0185,0.0065,0.0055,0.0050,0.0103,0.0068
0.0375,0.0353,0.0349,0.0084,0.0257,0.0039,0.0001,0.0051,0.0467,0.0021,0.0004,0.0051,0.0173,0.0030,0.0133,0.0248,0.0152,0.0031,0.0041,0.0089
0.0192,0.0118,0.0902,0.0313,0.0086,0.0369,0.0019,0.0000,0.0021,0.0133,0.0130,0.0005,0.0007,0.0324,0.0048,0.0133,0.0465,0.0117,0.0051,0.0067
0.0274,0.0073,0.0146,0.0267,0.0154,0.0059,0.0431,0.0041,0.0004,0.0130,0.0287,0.0120,0.0001,0.0026,0.0314,0.0037,0.0103,0.0067,0.0064,0.0057
0.0177,0.0089,0.0084,0.0081,0.0172,0.0126,0.0062,0.0212,0.0051,0.0005,0.0120,0.0407,0.0029,0.0003,0.0063,0.0202,0.0043,0.0118,0.0077,0.0076
0.0141,0.0593,0.0219,0.0113,0.0270,0.0157,0.0106,0.0064,0.0173,0.0007,0.0001,0.0029,0.0026,0.0051,0.0005,0.0228,0.0155,0.0092,0.0256,0.0123
0.0213,0.0141,0.0136,0.0171,0.0067,0.0134,0.0269,0.0132,0.0030,0.0324,0.0026,0.0003,0.0051,0.0116,0.0152,0.0001,0.0016,0.0195,0.0055,0.0376
0.0104,0.0066,0.0057,0.0092,0.0094,0.0080,0.0173,0.0185,0.0133,0.0048,0.0314,0.0063,0.0005,0.0152,0.0106,0.0058,0.0000,0.0045,0.0585,0.0179
0.0062,0.0075,0.0058,0.0107,0.0137,0.0133,0.0063,0.0065,0.0248,0.0133,0.0037,0.0202,0.0228,0.0001,0.0058,0.0543,0.0036,0.0003,0.0070,0.0275
0.0075,0.0062,0.0138,0.0203,0.0138,0.0372,0.0180,0.0055,0.0152,0.0465,0.0103,0.0043,0.0155,0.0016,0.0000,0.0036,0.0125,0.0184,0.0016,0.0035
0.0084,0.0058,0.0074,0.0080,0.0062,0.0105,0.0131,0.0050,0.0031,0.0117,0.0067,0.0118,0.0092,0.0195,0.0045,0.0003,0.0184,0.0546,0.0532,0.0002
0.0033,0.0027,0.0039,0.0032,0.0021,0.0045,0.0066,0.0103,0.0041,0.0051,0.0064,0.0077,0.0256,0.0055,0.0585,0.0070,0.0016,0.0532,0.0240,0.0117
0.0036,0.0038,0.0037,0.0047,0.0033,0.0202,0.0104,0.0068,0.0089,0.0067,0.0057,0.0076,0.0123,0.0376,0.0179,0.0275,0.0035,0.0002,0.0117,0.0196