c1,c2,c3,c4,c5,c6,c7,c8,c9,c10,c11,c12,c13,c14,c15,c16,c17,c18,c19,c20,c21,c22,c23,c24,c25,c26,c27,c28,c29
0.0331,0.0104,0.0002,0.0000,0.0023,0.0006,0.0047,0.0024,0.0062,0.0330,0.0060,0.2389,0.0350,0.6569,0.2458,0.3270,0.0376,0.0059,0.0143,0.0123,0.0038,0.0012,0.0020,0.0027,0.0014,0.0011,0.0014,0.0037,0.0043
0.0104,0.0223,0.0077,0.0000,0.0010,0.0000,0.0015,0.0007,0.0021,0.0179,0.0049,0.9431,0.4130,0.2275,0.9932,0.0880,0.0152,0.0231,0.0106,0.0061,0.0027,0.0014,0.0009,0.0014,0.0027,0.0007,0.0010,0.0017,0.0034
0.0002,0.0077,0.0375,0.0000,0.0000,0.0001,0.0003,0.0003,0.0046,0.0218,0.0135,1.0000,0.1412,0.8308,0.1540,0.0200,0.0069,0.0084,0.0075,0.0038,0.0060,0.0032,0.0010,0.0019,0.0060,0.0013,0.0006,0.0031,0.0061
0.0000,0.0000,0.0000,0.0002,0.0009,0.0000,0.0000,0.0000,0.0001,0.0101,0.0055,0.2223,0.9999,0.6241,1.0000,0.3562,0.0050,1.0000,0.0191,0.0020,0.0019,0.0204,0.0003,0.0005,0.0060,0.0003,0.0001,0.0005,0.0008
0.0023,0.0010,0.0000,0.0009,0.3891,0.0001,0.0022,0.0004,0.0001,0.9992,0.0414,0.9998,0.0255,0.0025,0.0172,0.0025,0.0028,0.0119,0.0061,0.0026,0.0059,0.0218,0.0020,0.0024,0.0032,0.0016,0.0019,0.0021,0.0031
0.0006,0.0000,0.0001,0.0000,0.0001,0.1328,0.0015,0.0000,0.0154,0.0096,0.0736,0.0367,0.0937,0.0085,0.0315,0.0152,0.0112,0.0712,0.0092,0.0074,0.9662,0.0422,0.0031,0.0078,0.9998,0.0069,0.0013,0.0062,0.0125
0.0047,0.0015,0.0003,0.0000,0.0022,0.0015,0.9915,0.0148,0.0000,0.0162,0.0007,0.0034,0.0026,0.0024,0.0053,0.0053,0.0024,0.0193,0.0272,0.0046,0.0279,0.9997,0.0016,0.0036,0.0380,0.1733,0.0147,0.0084,0.0075
0.0024,0.0007,0.0003,0.0000,0.0004,0.0000,0.0148,0.1836,0.0000,0.0002,0.0005,0.0005,0.0031,0.0053,0.0018,0.0016,0.0025,0.0121,0.0048,0.0043,0.1332,0.9512,0.0081,0.0203,0.9996,0.3756,0.2550,0.0514,0.2018
0.0062,0.0021,0.0046,0.0001,0.0001,0.0154,0.0000,0.0000,0.0004,0.0007,0.0000,0.0001,0.0066,0.0074,0.0158,0.0083,0.0127,0.0153,0.0110,0.0061,1.0000,0.0330,0.0030,0.0077,1.0000,0.0351,0.0150,0.0112,0.0156
0.0330,0.0179,0.0218,0.0101,0.9992,0.0096,0.0162,0.0002,0.0007,0.9789,0.0004,0.0000,0.0000,0.0006,0.0009,0.0099,0.0094,0.0024,0.0081,0.0058,0.0428,0.0145,0.0040,0.0065,0.0748,0.0028,0.0033,0.0063,0.0065
0.0060,0.0049,0.0135,0.0055,0.0414,0.0736,0.0007,0.0005,0.0000,0.0004,0.0800,0.0267,0.0000,0.0062,0.0007,0.0028,0.3403,0.0050,0.0046,0.0153,0.1147,0.0032,0.0016,0.2686,0.7368,0.0076,0.0068,0.0126,0.0202
0.2389,0.9431,1.0000,0.2223,0.9998,0.0367,0.0034,0.0005,0.0001,0.0000,0.0267,0.2748,0.0001,0.0000,0.0002,0.0006,0.0011,0.0034,0.0035,0.0031,0.0036,0.0002,0.0004,0.0036,0.0031,0.0008,0.0005,0.0010,0.0008
0.0350,0.4130,0.1412,0.9999,0.0255,0.0937,0.0026,0.0031,0.0066,0.0000,0.0000,0.0001,0.0000,0.0018,0.0000,0.0004,0.0117,0.5240,0.0124,0.0188,0.0165,0.0032,0.0026,0.0509,0.0442,0.0015,0.0162,0.0030,0.0063
0.6569,0.2275,0.8308,0.6241,0.0025,0.0085,0.0024,0.0053,0.0074,0.0006,0.0062,0.0000,0.0018,0.0246,0.0032,0.0116,0.5243,0.0000,0.0006,0.0074,0.0014,0.0008,0.0036,0.0138,0.0018,0.0008,0.0416,0.0030,0.0032
0.2458,0.9932,0.1540,1.0000,0.0172,0.0315,0.0053,0.0018,0.0158,0.0009,0.0007,0.0002,0.0000,0.0032,0.0158,0.0493,0.0001,0.0017,0.0045,0.0018,0.0006,0.0004,0.0013,0.0038,0.0002,0.0017,0.0056,0.0025,0.0022
0.3270,0.0880,0.0200,0.3562,0.0025,0.0152,0.0053,0.0016,0.0083,0.0099,0.0028,0.0006,0.0004,0.0116,0.0493,0.0705,0.0575,0.0000,0.0063,0.0108,0.0019,0.0012,0.0028,0.0079,0.0011,0.0034,0.0329,0.0030,0.0147
0.0376,0.0152,0.0069,0.0050,0.0028,0.0112,0.0024,0.0025,0.0127,0.0094,0.3403,0.0011,0.0117,0.5243,0.0001,0.0575,0.1446,0.0001,0.0001,0.4261,0.0025,0.0003,0.0044,0.0439,0.0020,0.0022,0.0327,0.0029,0.0093
0.0059,0.0231,0.0084,1.0000,0.0119,0.0712,0.0193,0.0121,0.0153,0.0024,0.0050,0.0034,0.5240,0.0000,0.0017,0.0000,0.0001,0.0234,0.0174,0.0001,0.0000,0.0306,0.0025,0.0060,0.0005,0.0015,0.0015,0.0013,0.0079
0.0143,0.0106,0.0075,0.0191,0.0061,0.0092,0.0272,0.0048,0.0110,0.0081,0.0046,0.0035,0.0124,0.0006,0.0045,0.0063,0.0001,0.0174,0.0890,0.0353,0.0000,0.0012,0.2033,0.0075,0.0021,0.0583,0.0518,0.0208,0.0527
0.0123,0.0061,0.0038,0.0020,0.0026,0.0074,0.0046,0.0043,0.0061,0.0058,0.0153,0.0031,0.0188,0.0074,0.0018,0.0108,0.4261,0.0001,0.0353,0.3888,0.0000,0.0000,0.1128,0.0271,0.0014,0.0335,0.0259,0.0134,0.0215
0.0038,0.0027,0.0060,0.0019,0.0059,0.9662,0.0279,0.1332,1.0000,0.0428,0.1147,0.0036,0.0165,0.0014,0.0006,0.0019,0.0025,0.0000,0.0000,0.0000,0.7816,0.0001,0.0000,0.0009,0.0028,0.0085,0.0094,0.0012,0.0063
0.0012,0.0014,0.0032,0.0204,0.0218,0.0422,0.9997,0.9512,0.0330,0.0145,0.0032,0.0002,0.0032,0.0008,0.0004,0.0012,0.0003,0.0306,0.0012,0.0000,0.0001,0.2119,0.0130,0.0001,0.0000,0.2218,0.0086,0.0420,0.0735
0.0020,0.0009,0.0010,0.0003,0.0020,0.0031,0.0016,0.0081,0.0030,0.0040,0.0016,0.0004,0.0026,0.0036,0.0013,0.0028,0.0044,0.0025,0.2033,0.1128,0.0000,0.0130,0.1088,0.1880,0.0000,0.8710,0.1961,0.6772,0.9106
0.0027,0.0014,0.0019,0.0005,0.0024,0.0078,0.0036,0.0203,0.0077,0.0065,0.2686,0.0036,0.0509,0.0138,0.0038,0.0079,0.0439,0.0060,0.0075,0.0271,0.0009,0.0001,0.1880,0.7710,0.0001,0.0004,0.0316,0.0145,0.0151
0.0014,0.0027,0.0060,0.0060,0.0032,0.9998,0.0380,0.9996,1.0000,0.0748,0.7368,0.0031,0.0442,0.0018,0.0002,0.0011,0.0020,0.0005,0.0021,0.0014,0.0028,0.0000,0.0000,0.0001,0.0043,0.0001,0.0000,0.0003,0.0002
0.0011,0.0007,0.0013,0.0003,0.0016,0.0069,0.1733,0.3756,0.0351,0.0028,0.0076,0.0008,0.0015,0.0008,0.0017,0.0034,0.0022,0.0015,0.0583,0.0335,0.0085,0.2218,0.8710,0.0004,0.0001,0.3619,0.2894,0.0061,0.0006
0.0014,0.0010,0.0006,0.0001,0.0019,0.0013,0.0147,0.2550,0.0150,0.0033,0.0068,0.0005,0.0162,0.0416,0.0056,0.0329,0.0327,0.0015,0.0518,0.0259,0.0094,0.0086,0.1961,0.0316,0.0000,0.2894,0.0043,0.2231,0.0004
0.0037,0.0017,0.0031,0.0005,0.0021,0.0062,0.0084,0.0514,0.0112,0.0063,0.0126,0.0010,0.0030,0.0030,0.0025,0.0030,0.0029,0.0013,0.0208,0.0134,0.0012,0.0420,0.6772,0.0145,0.0003,0.0061,0.2231,0.4500,0.0022
0.0043,0.0034,0.0061,0.0008,0.0031,0.0125,0.0075,0.2018,0.0156,0.0065,0.0202,0.0008,0.0063,0.0032,0.0022,0.0147,0.0093,0.0079,0.0527,0.0215,0.0063,0.0735,0.9106,0.0151,0.0002,0.0006,0.0004,0.0022,0.0016