c1,c2,c3,c4,c5,c6,c7,c8,c9,c10,c11,c12,c13,c14,c15,c16,c17,c18,c19,c20
0.0000,0.0083,0.0114,0.0298,0.0721,0.0105,0.0068,0.0180,0.0177,0.0084,0.0173,0.0125,0.0079,0.0058,0.0023,0.0056,0.0053,0.0064,0.0099,0.0056
0.0083,0.0567,0.4748,0.0015,0.0847,0.0964,0.0045,0.0048,0.0020,0.0014,0.0033,0.0024,0.0037,0.0029,0.0046,0.0015,0.0030,0.0042,0.0067,0.0062
0.0114,0.4748,0.0057,0.1518,0.0017,0.0894,0.1244,0.0099,0.0070,0.0013,0.0032,0.0019,0.0024,0.0023,0.0019,0.0036,0.0033,0.0021,0.0024,0.0013
0.0298,0.0015,0.1518,0.0175,0.0082,0.0008,0.1200,0.1237,0.0149,0.0056,0.0021,0.0032,0.0072,0.0056,0.0024,0.0029,0.0036,0.0035,0.0012,0.0030
0.0721,0.0847,0.0017,0.0082,0.0037,0.0032,0.0020,0.0668,0.2405,0.0120,0.0067,0.0010,0.0067,0.0019,0.0032,0.0017,0.0058,0.0037,0.0015,0.0130
0.0105,0.0964,0.0894,0.0008,0.0032,0.0187,0.0097,0.0007,0.0196,0.0728,0.0046,0.0051,0.0051,0.0077,0.0034,0.0028,0.0050,0.0035,0.0029,0.0050
0.0068,0.0045,0.1244,0.1200,0.0020,0.0097,0.0049,0.0159,0.0011,0.0823,0.2536,0.0058,0.0103,0.0024,0.0019,0.0009,0.0016,0.0014,0.0016,0.0050
0.0180,0.0048,0.0099,0.1237,0.0668,0.0007,0.0159,0.0180,0.0057,0.0017,0.0295,0.0252,0.0050,0.0126,0.0031,0.0018,0.0025,0.0022,0.0013,0.0037
0.0177,0.0020,0.0070,0.0149,0.2405,0.0196,0.0011,0.0057,0.0268,0.0064,0.0024,0.0247,0.1384,0.0036,0.0084,0.0014,0.0019,0.0021,0.0010,0.0028
0.0084,0.0014,0.0013,0.0056,0.0120,0.0728,0.0823,0.0017,0.0064,0.0034,0.0026,0.0017,0.0822,0.2083,0.0088,0.0066,0.0033,0.0065,0.0016,0.0023
0.0173,0.0033,0.0032,0.0021,0.0067,0.0046,0.2536,0.0295,0.0024,0.0026,0.0141,0.0044,0.0005,0.0234,0.0597,0.0053,0.0070,0.0075,0.0026,0.0041
0.0125,0.0024,0.0019,0.0032,0.0010,0.0051,0.0058,0.0252,0.0247,0.0017,0.0044,0.0056,0.0026,0.0051,0.0354,0.0818,0.0071,0.0162,0.0108,0.0159
0.0079,0.0037,0.0024,0.0072,0.0067,0.0051,0.0103,0.0050,0.1384,0.0822,0.0005,0.0026,0.0038,0.0013,0.0009,0.0234,0.0479,0.0087,0.0146,0.0098
0.0058,0.0029,0.0023,0.0056,0.0019,0.0077,0.0024,0.0126,0.0036,0.2083,0.0234,0.0051,0.0013,0.0019,0.0031,0.0039,0.0672,0.0984,0.0035,0.0129
0.0023,0.0046,0.0019,0.0024,0.0032,0.0034,0.0019,0.0031,0.0084,0.0088,0.0597,0.0354,0.0009,0.0031,0.0090,0.0136,0.0024,0.0600,0.1040,0.0338
0.0056,0.0015,0.0036,0.0029,0.0017,0.0028,0.0009,0.0018,0.0014,0.0066,0.0053,0.0818,0.0234,0.0039,0.0136,0.0266,0.0338,0.0020,0.0388,0.2940
0.0053,0.0030,0.0033,0.0036,0.0058,0.0050,0.0016,0.0025,0.0019,0.0033,0.0070,0.0071,0.0479,0.0672,0.0024,0.0338,0.0558,0.0091,0.0035,0.0298
0.0064,0.0042,0.0021,0.0035,0.0037,0.0035,0.0014,0.0022,0.0021,0.0065,0.0075,0.0162,0.0087,0.0984,0.0600,0.0020,0.0091,0.0312,0.0561,0.0043
0.0099,0.0067,0.0024,0.0012,0.0015,0.0029,0.0016,0.0013,0.0010,0.0016,0.0026,0.0108,0.0146,0.0035,0.1040,0.0388,0.0035,0.0561,0.3711,0.0530
0.0056,0.0062,0.0013,0.0030,0.0130,0.0050,0.0050,0.0037,0.0028,0.0023,0.0041,0.0159,0.0098,0.0129,0.0338,0.2940,0.0298,0.0043,0.0530,0.0001
