c1,c2,c3,c4,c5,c6,c7,c8,c9,c10,c11,c12,c13,c14,c15,c16,c17,c18,c19,c20
0.0000,0.0298,0.0189,0.0219,0.0804,0.0103,0.0112,0.0138,0.0191,0.0031,0.0146,0.0123,0.0102,0.0018,0.0031,0.0030,0.0053,0.0080,0.0078,0.0051
0.0298,0.1714,0.7350,0.0047,0.3601,0.0800,0.0039,0.0025,0.0013,0.0008,0.0027,0.0021,0.0027,0.0008,0.0037,0.0006,0.0018,0.0032,0.0037,0.0045
0.0189,0.7350,0.0110,0.1199,0.0028,0.1240,0.1585,0.0056,0.0068,0.0004,0.0024,0.0020,0.0024,0.0014,0.0016,0.0022,0.0030,0.0014,0.0025,0.0024
0.0219,0.0047,0.1199,0.0269,0.0075,0.0009,0.0253,0.0319,0.0080,0.0049,0.0018,0.0039,0.0047,0.0039,0.0046,0.0049,0.0068,0.0040,0.0023,0.0070
0.0804,0.3601,0.0028,0.0075,0.0055,0.0038,0.0010,0.0764,0.3875,0.0039,0.0042,0.0016,0.0052,0.0019,0.0044,0.0018,0.0028,0.0024,0.0018,0.0047
0.0103,0.0800,0.1240,0.0009,0.0038,0.0372,0.0132,0.0004,0.0125,0.0503,0.0060,0.0073,0.0073,0.0035,0.0047,0.0016,0.0077,0.0034,0.0030,0.0028
0.0112,0.0039,0.1585,0.0253,0.0010,0.0132,0.0106,0.0050,0.0013,0.2399,0.2182,0.0046,0.0223,0.0033,0.0033,0.0009,0.0015,0.0011,0.0018,0.0025
0.0138,0.0025,0.0056,0.0319,0.0764,0.0004,0.0050,0.0153,0.0036,0.0036,0.0295,0.0535,0.0182,0.0129,0.0038,0.0023,0.0057,0.0023,0.0026,0.0043
0.0191,0.0013,0.0068,0.0080,0.3875,0.0125,0.0013,0.0036,0.0198,0.0066,0.0018,0.0409,0.3121,0.0046,0.0084,0.0014,0.0035,0.0014,0.0014,0.0014
0.0031,0.0008,0.0004,0.0049,0.0039,0.0503,0.2399,0.0036,0.0066,0.0120,0.0054,0.0056,0.0826,0.4810,0.0083,0.0048,0.0039,0.0041,0.0010,0.0009
0.0146,0.0027,0.0024,0.0018,0.0042,0.0060,0.2182,0.0295,0.0018,0.0054,0.0081,0.0022,0.0019,0.0918,0.0919,0.0038,0.0122,0.0026,0.0021,0.0039
0.0123,0.0021,0.0020,0.0039,0.0016,0.0073,0.0046,0.0535,0.0409,0.0056,0.0022,0.0069,0.0007,0.0081,0.0278,0.1517,0.0066,0.0125,0.0064,0.0037
0.0102,0.0027,0.0024,0.0047,0.0052,0.0073,0.0223,0.0182,0.3121,0.0826,0.0019,0.0007,0.0068,0.0010,0.0008,0.0166,0.0750,0.0041,0.0071,0.0020
0.0018,0.0008,0.0014,0.0039,0.0019,0.0035,0.0033,0.0129,0.0046,0.4810,0.0918,0.0081,0.0010,0.0058,0.0055,0.0021,0.0502,0.1670,0.0047,0.0044
0.0031,0.0037,0.0016,0.0046,0.0044,0.0047,0.0033,0.0038,0.0084,0.0083,0.0919,0.0278,0.0008,0.0055,0.0083,0.0080,0.0010,0.0383,0.1333,0.0155
0.0030,0.0006,0.0022,0.0049,0.0018,0.0016,0.0009,0.0023,0.0014,0.0048,0.0038,0.1517,0.0166,0.0021,0.0080,0.0307,0.0283,0.0132,0.0534,0.5451
0.0053,0.0018,0.0030,0.0068,0.0028,0.0077,0.0015,0.0057,0.0035,0.0039,0.0122,0.0066,0.0750,0.0502,0.0010,0.0283,0.0235,0.0235,0.0016,0.0254
0.0080,0.0032,0.0014,0.0040,0.0024,0.0034,0.0011,0.0023,0.0014,0.0041,0.0026,0.0125,0.0041,0.1670,0.0383,0.0132,0.0235,0.0490,0.0580,0.0072
0.0078,0.0037,0.0025,0.0023,0.0018,0.0030,0.0018,0.0026,0.0014,0.0010,0.0021,0.0064,0.0071,0.0047,0.1333,0.0534,0.0016,0.0580,0.3934,0.0792
0.0051,0.0045,0.0024,0.0070,0.0047,0.0028,0.0025,0.0043,0.0014,0.0009,0.0039,0.0037,0.0020,0.0044,0.0155,0.5451,0.0254,0.0072,0.0792,0.0451
