c1,c2,c3,c4,c5,c6,c7,c8,c9,c10,c11,c12,c13,c14,c15,c16,c17,c18,c19,c20
0.0000,0.0229,0.0207,0.0107,0.0776,0.0129,0.0123,0.0120,0.0188,0.0036,0.0179,0.0135,0.0079,0.0022,0.0027,0.0031,0.0048,0.0074,0.0073,0.0057
0.0229,0.1233,0.6613,0.0024,0.2386,0.1001,0.0073,0.0037,0.0021,0.0010,0.0027,0.0023,0.0028,0.0011,0.0040,0.0009,0.0018,0.0025,0.0031,0.0043
0.0207,0.6613,0.0031,0.2009,0.0021,0.1254,0.1755,0.0073,0.0060,0.0004,0.0022,0.0031,0.0022,0.0013,0.0019,0.0035,0.0033,0.0021,0.0025,0.0017
0.0107,0.0024,0.2009,0.0867,0.0087,0.0010,0.0399,0.0745,0.0090,0.0048,0.0014,0.0033,0.0036,0.0033,0.0034,0.0041,0.0064,0.0047,0.0022,0.0030
0.0776,0.2386,0.0021,0.0087,0.0072,0.0041,0.0009,0.0511,0.2920,0.0051,0.0038,0.0012,0.0062,0.0017,0.0041,0.0018,0.0038,0.0026,0.0032,0.0073
0.0129,0.1001,0.1254,0.0010,0.0041,0.0234,0.0086,0.0005,0.0153,0.0330,0.0041,0.0091,0.0077,0.0045,0.0057,0.0026,0.0062,0.0029,0.0031,0.0025
0.0123,0.0073,0.1755,0.0399,0.0009,0.0086,0.0181,0.0044,0.0007,0.0485,0.0368,0.0034,0.0098,0.0037,0.0046,0.0024,0.0029,0.0022,0.0044,0.0048
0.0120,0.0037,0.0073,0.0745,0.0511,0.0005,0.0044,0.0116,0.0033,0.0038,0.0465,0.0378,0.0093,0.0194,0.0043,0.0030,0.0036,0.0023,0.0021,0.0037
0.0188,0.0021,0.0060,0.0090,0.2920,0.0153,0.0007,0.0033,0.0120,0.0062,0.0026,0.0259,0.1563,0.0054,0.0143,0.0019,0.0033,0.0024,0.0017,0.0020
0.0036,0.0010,0.0004,0.0048,0.0051,0.0330,0.0485,0.0038,0.0062,0.0110,0.0077,0.0110,0.1158,0.3138,0.0128,0.0081,0.0033,0.0064,0.0009,0.0009
0.0179,0.0027,0.0022,0.0014,0.0038,0.0041,0.0368,0.0465,0.0026,0.0077,0.0048,0.0022,0.0026,0.1690,0.2561,0.0030,0.0090,0.0045,0.0021,0.0027
0.0135,0.0023,0.0031,0.0033,0.0012,0.0091,0.0034,0.0378,0.0259,0.0110,0.0022,0.0038,0.0009,0.0082,0.0257,0.1534,0.0062,0.0153,0.0074,0.0044
0.0079,0.0028,0.0022,0.0036,0.0062,0.0077,0.0098,0.0093,0.1563,0.1158,0.0026,0.0009,0.0025,0.0015,0.0012,0.0154,0.0819,0.0110,0.0130,0.0034
0.0022,0.0011,0.0013,0.0033,0.0017,0.0045,0.0037,0.0194,0.0054,0.3138,0.1690,0.0082,0.0015,0.0030,0.0029,0.0019,0.0531,0.1780,0.0037,0.0046
0.0027,0.0040,0.0019,0.0034,0.0041,0.0057,0.0046,0.0043,0.0143,0.0128,0.2561,0.0257,0.0012,0.0029,0.0051,0.0048,0.0009,0.0350,0.0640,0.0120
0.0031,0.0009,0.0035,0.0041,0.0018,0.0026,0.0024,0.0030,0.0019,0.0081,0.0030,0.1534,0.0154,0.0019,0.0048,0.0158,0.0325,0.0040,0.0488,0.4128
0.0048,0.0018,0.0033,0.0064,0.0038,0.0062,0.0029,0.0036,0.0033,0.0033,0.0090,0.0062,0.0819,0.0531,0.0009,0.0325,0.0347,0.0100,0.0028,0.0287
0.0074,0.0025,0.0021,0.0047,0.0026,0.0029,0.0022,0.0023,0.0024,0.0064,0.0045,0.0153,0.0110,0.1780,0.0350,0.0040,0.0100,0.0153,0.0323,0.0087
0.0073,0.0031,0.0025,0.0022,0.0032,0.0031,0.0044,0.0021,0.0017,0.0009,0.0021,0.0074,0.0130,0.0037,0.0640,0.0488,0.0028,0.0323,0.1935,0.1069
0.0057,0.0043,0.0017,0.0030,0.0073,0.0025,0.0048,0.0037,0.0020,0.0009,0.0027,0.0044,0.0034,0.0046,0.0120,0.4128,0.0287,0.0087,0.1069,0.0369
