c1,c2,c3,c4,c5,c6,c7,c8,c9,c10,c11,c12,c13,c14,c15,c16,c17,c18,c19,c20
0.0000,0.0049,0.0064,0.0106,0.0508,0.0111,0.0222,0.0164,0.0106,0.0150,0.0221,0.0234,0.0104,0.0049,0.0071,0.0059,0.0085,0.0093,0.0076,0.0087
0.0049,0.0644,0.6263,0.0016,0.0523,0.0363,0.0132,0.0057,0.0007,0.0045,0.0038,0.0040,0.0017,0.0045,0.0039,0.0024,0.0028,0.0051,0.0040,0.0044
0.0064,0.6263,0.0115,0.1323,0.0018,0.0414,0.1016,0.0071,0.0081,0.0046,0.0057,0.0037,0.0013,0.0009,0.0027,0.0042,0.0019,0.0015,0.0028,0.0013
0.0106,0.0016,0.1323,0.0387,0.0112,0.0010,0.0261,0.0730,0.0080,0.0136,0.0034,0.0062,0.0043,0.0028,0.0035,0.0043,0.0056,0.0031,0.0022,0.0030
0.0508,0.0523,0.0018,0.0112,0.0074,0.0028,0.0012,0.0575,0.2684,0.0136,0.0109,0.0024,0.0048,0.0018,0.0036,0.0027,0.0055,0.0043,0.0017,0.0031
0.0111,0.0363,0.0414,0.0010,0.0028,0.0181,0.0059,0.0006,0.0245,0.0975,0.0115,0.0145,0.0153,0.0080,0.0042,0.0028,0.0039,0.0028,0.0024,0.0021
0.0222,0.0132,0.1016,0.0261,0.0012,0.0059,0.0112,0.0033,0.0012,0.0199,0.0294,0.0051,0.0223,0.0050,0.0043,0.0036,0.0016,0.0022,0.0047,0.0051
0.0164,0.0057,0.0071,0.0730,0.0575,0.0006,0.0033,0.0154,0.0047,0.0008,0.0370,0.1034,0.0070,0.0143,0.0050,0.0044,0.0022,0.0029,0.0027,0.0020
0.0106,0.0007,0.0081,0.0080,0.2684,0.0245,0.0012,0.0047,0.0036,0.0046,0.0067,0.1139,0.3148,0.0128,0.0147,0.0027,0.0019,0.0024,0.0005,0.0007
0.0150,0.0045,0.0046,0.0136,0.0136,0.0975,0.0199,0.0008,0.0046,0.0063,0.0043,0.0011,0.0994,0.0875,0.0050,0.0094,0.0029,0.0038,0.0015,0.0011
0.0221,0.0038,0.0057,0.0034,0.0109,0.0115,0.0294,0.0370,0.0067,0.0043,0.0061,0.0012,0.0013,0.0231,0.0420,0.0056,0.0201,0.0035,0.0019,0.0024
0.0234,0.0040,0.0037,0.0062,0.0024,0.0145,0.0051,0.1034,0.1139,0.0011,0.0012,0.0076,0.0011,0.0007,0.0357,0.0399,0.0080,0.0208,0.0035,0.0031
0.0104,0.0017,0.0013,0.0043,0.0048,0.0153,0.0223,0.0070,0.3148,0.0994,0.0013,0.0011,0.0081,0.0033,0.0006,0.0224,0.0304,0.0043,0.0069,0.0046
0.0049,0.0045,0.0009,0.0028,0.0018,0.0080,0.0050,0.0143,0.0128,0.0875,0.0231,0.0007,0.0033,0.0046,0.0044,0.0045,0.0444,0.0502,0.0092,0.0154
0.0071,0.0039,0.0027,0.0035,0.0036,0.0042,0.0043,0.0050,0.0147,0.0050,0.0420,0.0357,0.0006,0.0044,0.0072,0.0045,0.0011,0.0282,0.1307,0.0303
0.0059,0.0024,0.0042,0.0043,0.0027,0.0028,0.0036,0.0044,0.0027,0.0094,0.0056,0.0399,0.0224,0.0045,0.0045,0.0098,0.0142,0.0022,0.0255,0.1581
0.0085,0.0028,0.0019,0.0056,0.0055,0.0039,0.0016,0.0022,0.0019,0.0029,0.0201,0.0080,0.0304,0.0444,0.0011,0.0142,0.0529,0.0286,0.0014,0.1229
0.0093,0.0051,0.0015,0.0031,0.0043,0.0028,0.0022,0.0029,0.0024,0.0038,0.0035,0.0208,0.0043,0.0502,0.0282,0.0022,0.0286,0.0402,0.0802,0.0073
0.0076,0.0040,0.0028,0.0022,0.0017,0.0024,0.0047,0.0027,0.0005,0.0015,0.0019,0.0035,0.0069,0.0092,0.1307,0.0255,0.0014,0.0802,0.4085,0.1123
0.0087,0.0044,0.0013,0.0030,0.0031,0.0021,0.0051,0.0020,0.0007,0.0011,0.0024,0.0031,0.0046,0.0154,0.0303,0.1581,0.1229,0.0073,0.1123,0.0397
