c1,c2,c3,c4,c5,c6,c7,c8,c9,c10,c11,c12,c13,c14,c15,c16,c17,c18,c19,c20
0.0000,0.0129,0.0257,0.0061,0.0360,0.0164,0.0331,0.0190,0.0284,0.0055,0.0197,0.0120,0.0096,0.0028,0.0042,0.0024,0.0046,0.0053,0.0069,0.0044
0.0129,0.1178,0.8109,0.0018,0.1175,0.0720,0.0126,0.0039,0.0028,0.0015,0.0025,0.0032,0.0027,0.0016,0.0040,0.0004,0.0020,0.0029,0.0030,0.0041
0.0257,0.8109,0.0025,0.2634,0.0012,0.2593,0.1375,0.0076,0.0063,0.0003,0.0026,0.0026,0.0022,0.0010,0.0024,0.0031,0.0033,0.0020,0.0019,0.0009
0.0061,0.0018,0.2634,0.0338,0.0099,0.0012,0.0445,0.0806,0.0156,0.0054,0.0017,0.0049,0.0038,0.0040,0.0045,0.0034,0.0067,0.0046,0.0012,0.0032
0.0360,0.1175,0.0012,0.0099,0.0280,0.0130,0.0006,0.0192,0.1270,0.0063,0.0071,0.0016,0.0054,0.0027,0.0044,0.0023,0.0055,0.0054,0.0012,0.0081
0.0164,0.0720,0.2593,0.0012,0.0130,0.0338,0.0037,0.0005,0.0093,0.0297,0.0035,0.0073,0.0048,0.0043,0.0048,0.0018,0.0042,0.0049,0.0031,0.0034
0.0331,0.0126,0.1375,0.0445,0.0006,0.0037,0.0122,0.0043,0.0008,0.0325,0.0322,0.0035,0.0124,0.0059,0.0036,0.0033,0.0017,0.0015,0.0032,0.0143
0.0190,0.0039,0.0076,0.0806,0.0192,0.0005,0.0043,0.0107,0.0054,0.0026,0.0331,0.0273,0.0108,0.0195,0.0038,0.0024,0.0047,0.0034,0.0020,0.0066
0.0284,0.0028,0.0063,0.0156,0.1270,0.0093,0.0008,0.0054,0.0179,0.0049,0.0017,0.0252,0.1929,0.0058,0.0181,0.0022,0.0029,0.0025,0.0010,0.0017
0.0055,0.0015,0.0003,0.0054,0.0063,0.0297,0.0325,0.0026,0.0049,0.0050,0.0050,0.0097,0.2521,0.3593,0.0127,0.0064,0.0034,0.0061,0.0006,0.0024
0.0197,0.0025,0.0026,0.0017,0.0071,0.0035,0.0322,0.0331,0.0017,0.0050,0.0104,0.0062,0.0014,0.0775,0.1232,0.0067,0.0129,0.0073,0.0012,0.0029
0.0120,0.0032,0.0026,0.0049,0.0016,0.0073,0.0035,0.0273,0.0252,0.0097,0.0062,0.0085,0.0010,0.0022,0.0170,0.0901,0.0046,0.0157,0.0078,0.0074
0.0096,0.0027,0.0022,0.0038,0.0054,0.0048,0.0124,0.0108,0.1929,0.2521,0.0014,0.0010,0.0034,0.0009,0.0009,0.0176,0.0420,0.0074,0.0130,0.0058
0.0028,0.0016,0.0010,0.0040,0.0027,0.0043,0.0059,0.0195,0.0058,0.3593,0.0775,0.0022,0.0009,0.0019,0.0017,0.0028,0.0646,0.1552,0.0048,0.0160
0.0042,0.0040,0.0024,0.0045,0.0044,0.0048,0.0036,0.0038,0.0181,0.0127,0.1232,0.0170,0.0009,0.0017,0.0068,0.0095,0.0006,0.0229,0.1105,0.0200
0.0024,0.0004,0.0031,0.0034,0.0023,0.0018,0.0033,0.0024,0.0022,0.0064,0.0067,0.0901,0.0176,0.0028,0.0095,0.0160,0.0362,0.0031,0.0837,0.3187
0.0046,0.0020,0.0033,0.0067,0.0055,0.0042,0.0017,0.0047,0.0029,0.0034,0.0129,0.0046,0.0420,0.0646,0.0006,0.0362,0.0340,0.0059,0.0070,0.0496
0.0053,0.0029,0.0020,0.0046,0.0054,0.0049,0.0015,0.0034,0.0025,0.0061,0.0073,0.0157,0.0074,0.1552,0.0229,0.0031,0.0059,0.0260,0.0407,0.0055
0.0069,0.0030,0.0019,0.0012,0.0012,0.0031,0.0032,0.0020,0.0010,0.0006,0.0012,0.0078,0.0130,0.0048,0.1105,0.0837,0.0070,0.0407,0.5141,0.0826
0.0044,0.0041,0.0009,0.0032,0.0081,0.0034,0.0143,0.0066,0.0017,0.0024,0.0029,0.0074,0.0058,0.0160,0.0200,0.3187,0.0496,0.0055,0.0826,0.0005
