c1,c2,c3,c4,c5,c6,c7,c8,c9,c10,c11,c12,c13,c14,c15,c16,c17,c18,c19,c20
0.0002,0.0225,0.0328,0.0162,0.1857,0.0061,0.0014,0.0196,0.0179,0.0016,0.0128,0.0123,0.0070,0.0025,0.0027,0.0033,0.0058,0.0038,0.0105,0.0062
0.0225,0.0478,0.4580,0.0027,0.2275,0.0875,0.0032,0.0058,0.0036,0.0012,0.0028,0.0050,0.0039,0.0010,0.0041,0.0013,0.0021,0.0017,0.0036,0.0054
0.0328,0.4580,0.0111,0.0902,0.0005,0.0617,0.3661,0.0059,0.0066,0.0011,0.0041,0.0020,0.0031,0.0033,0.0019,0.0027,0.0034,0.0015,0.0016,0.0014
0.0162,0.0027,0.0902,0.0532,0.0049,0.0009,0.0683,0.0443,0.0079,0.0044,0.0041,0.0055,0.0041,0.0057,0.0039,0.0062,0.0045,0.0042,0.0014,0.0028
0.1857,0.2275,0.0005,0.0049,0.0049,0.0008,0.0013,0.0937,0.5891,0.0049,0.0046,0.0033,0.0039,0.0008,0.0079,0.0036,0.0033,0.0023,0.0022,0.0083
0.0061,0.0875,0.0617,0.0009,0.0008,0.0181,0.0265,0.0002,0.0131,0.3137,0.0111,0.0061,0.0071,0.0109,0.0040,0.0039,0.0049,0.0034,0.0030,0.0020
0.0014,0.0032,0.3661,0.0683,0.0013,0.0265,0.0003,0.0075,0.0002,0.0431,0.2270,0.0021,0.0142,0.0758,0.0070,0.0013,0.0060,0.0055,0.0019,0.0025
0.0196,0.0058,0.0059,0.0443,0.0937,0.0002,0.0075,0.0082,0.0015,0.0008,0.0224,0.0571,0.0055,0.0122,0.0161,0.0024,0.0029,0.0074,0.0039,0.0095
0.0179,0.0036,0.0066,0.0079,0.5891,0.0131,0.0002,0.0015,0.0569,0.0052,0.0008,0.0893,0.1021,0.0019,0.0133,0.0030,0.0025,0.0016,0.0018,0.0040
0.0016,0.0012,0.0011,0.0044,0.0049,0.3137,0.0431,0.0008,0.0052,0.0011,0.0098,0.0005,0.2413,0.8902,0.0059,0.0032,0.0225,0.0092,0.0005,0.0011
0.0128,0.0028,0.0041,0.0041,0.0046,0.0111,0.2270,0.0224,0.0008,0.0098,0.0079,0.0013,0.0005,0.0696,0.2185,0.0019,0.0066,0.0198,0.0012,0.0023
0.0123,0.0050,0.0020,0.0055,0.0033,0.0061,0.0021,0.0571,0.0893,0.0005,0.0013,0.0194,0.0012,0.0008,0.0560,0.1419,0.0033,0.0228,0.0109,0.0070
0.0070,0.0039,0.0031,0.0041,0.0039,0.0071,0.0142,0.0055,0.1021,0.2413,0.0005,0.0012,0.0033,0.0014,0.0006,0.0329,0.1009,0.0142,0.0103,0.0048
0.0025,0.0010,0.0033,0.0057,0.0008,0.0109,0.0758,0.0122,0.0019,0.8902,0.0696,0.0008,0.0014,0.0054,0.0008,0.0005,0.0552,0.1661,0.0014,0.0070
0.0027,0.0041,0.0019,0.0039,0.0079,0.0040,0.0070,0.0161,0.0133,0.0059,0.2185,0.0560,0.0006,0.0008,0.0107,0.0038,0.0005,0.0260,0.0851,0.0136
0.0033,0.0013,0.0027,0.0062,0.0036,0.0039,0.0013,0.0024,0.0030,0.0032,0.0019,0.1419,0.0329,0.0005,0.0038,0.1268,0.0226,0.0021,0.0672,0.3007
0.0058,0.0021,0.0034,0.0045,0.0033,0.0049,0.0060,0.0029,0.0025,0.0225,0.0066,0.0033,0.1009,0.0552,0.0005,0.0226,0.0547,0.0035,0.0040,0.0266
0.0038,0.0017,0.0015,0.0042,0.0023,0.0034,0.0055,0.0074,0.0016,0.0092,0.0198,0.0228,0.0142,0.1661,0.0260,0.0021,0.0035,0.0123,0.0200,0.0094
0.0105,0.0036,0.0016,0.0014,0.0022,0.0030,0.0019,0.0039,0.0018,0.0005,0.0012,0.0109,0.0103,0.0014,0.0851,0.0672,0.0040,0.0200,0.6272,0.1613
0.0062,0.0054,0.0014,0.0028,0.0083,0.0020,0.0025,0.0095,0.0040,0.0011,0.0023,0.0070,0.0048,0.0070,0.0136,0.3007,0.0266,0.0094,0.1613,0.0035
