c1,c2,c3,c4,c5,c6,c7,c8,c9,c10,c11,c12,c13,c14,c15,c16,c17,c18,c19,c20
0.0000,0.0203,0.0094,0.0085,0.0487,0.0175,0.0155,0.0172,0.0208,0.0104,0.0123,0.0098,0.0107,0.0044,0.0011,0.0039,0.0052,0.0065,0.0084,0.0050
0.0203,0.0928,0.6595,0.0006,0.0913,0.1350,0.0063,0.0027,0.0022,0.0031,0.0018,0.0027,0.0031,0.0022,0.0040,0.0009,0.0022,0.0041,0.0038,0.0069
0.0094,0.6595,0.0015,0.1303,0.0045,0.2156,0.1438,0.0068,0.0056,0.0015,0.0031,0.0023,0.0027,0.0014,0.0018,0.0028,0.0032,0.0019,0.0020,0.0015
0.0085,0.0006,0.1303,0.0635,0.0083,0.0011,0.0645,0.1108,0.0138,0.0105,0.0027,0.0029,0.0035,0.0045,0.0026,0.0047,0.0074,0.0042,0.0014,0.0031
0.0487,0.0913,0.0045,0.0083,0.0035,0.0057,0.0014,0.0289,0.3253,0.0240,0.0053,0.0009,0.0044,0.0016,0.0023,0.0014,0.0074,0.0048,0.0013,0.0133
0.0175,0.1350,0.2156,0.0011,0.0057,0.0102,0.0144,0.0003,0.0288,0.1818,0.0035,0.0043,0.0051,0.0077,0.0028,0.0017,0.0029,0.0031,0.0016,0.0026
0.0155,0.0063,0.1438,0.0645,0.0014,0.0144,0.0168,0.0044,0.0005,0.0235,0.0334,0.0046,0.0130,0.0046,0.0026,0.0027,0.0018,0.0021,0.0025,0.0094
0.0172,0.0027,0.0068,0.1108,0.0289,0.0003,0.0044,0.0114,0.0046,0.0048,0.0407,0.0452,0.0092,0.0537,0.0032,0.0025,0.0034,0.0025,0.0014,0.0037
0.0208,0.0022,0.0056,0.0138,0.3253,0.0288,0.0005,0.0046,0.0067,0.0058,0.0028,0.0187,0.1143,0.0117,0.0096,0.0020,0.0027,0.0023,0.0011,0.0023
0.0104,0.0031,0.0015,0.0105,0.0240,0.1818,0.0235,0.0048,0.0058,0.0048,0.0018,0.0013,0.0366,0.1282,0.0066,0.0087,0.0020,0.0042,0.0015,0.0015
0.0123,0.0018,0.0031,0.0027,0.0053,0.0035,0.0334,0.0407,0.0028,0.0018,0.0071,0.0041,0.0013,0.0779,0.1143,0.0074,0.0104,0.0073,0.0031,0.0065
0.0098,0.0027,0.0023,0.0029,0.0009,0.0043,0.0046,0.0452,0.0187,0.0013,0.0041,0.0044,0.0016,0.0062,0.0521,0.0858,0.0088,0.0291,0.0111,0.0125
0.0107,0.0031,0.0027,0.0035,0.0044,0.0051,0.0130,0.0092,0.1143,0.0366,0.0013,0.0016,0.0038,0.0012,0.0016,0.0365,0.0465,0.0051,0.0158,0.0114
0.0044,0.0022,0.0014,0.0045,0.0016,0.0077,0.0046,0.0537,0.0117,0.1282,0.0779,0.0062,0.0012,0.0016,0.0027,0.0013,0.0333,0.1015,0.0034,0.0077
0.0011,0.0040,0.0018,0.0026,0.0023,0.0028,0.0026,0.0032,0.0096,0.0066,0.1143,0.0521,0.0016,0.0027,0.0074,0.0142,0.0041,0.0542,0.0924,0.0216
0.0039,0.0009,0.0028,0.0047,0.0014,0.0017,0.0027,0.0025,0.0020,0.0087,0.0074,0.0858,0.0365,0.0013,0.0142,0.0209,0.0323,0.0028,0.0403,0.1963
0.0052,0.0022,0.0032,0.0074,0.0074,0.0029,0.0018,0.0034,0.0027,0.0020,0.0104,0.0088,0.0465,0.0333,0.0041,0.0323,0.0513,0.0065,0.0034,0.0253
0.0065,0.0041,0.0019,0.0042,0.0048,0.0031,0.0021,0.0025,0.0023,0.0042,0.0073,0.0291,0.0051,0.1015,0.0542,0.0028,0.0065,0.0429,0.0406,0.0030
0.0084,0.0038,0.0020,0.0014,0.0013,0.0016,0.0025,0.0014,0.0011,0.0015,0.0031,0.0111,0.0158,0.0034,0.0924,0.0403,0.0034,0.0406,0.4551,0.1092
0.0050,0.0069,0.0015,0.0031,0.0133,0.0026,0.0094,0.0037,0.0023,0.0015,0.0065,0.0125,0.0114,0.0077,0.0216,0.1963,0.0253,0.0030,0.1092,0.0005
