c1,c2,c3,c4,c5,c6,c7,c8,c9,c10,c11,c12,c13,c14,c15,c16,c17,c18,c19,c20
0.0000,0.0140,0.0145,0.0084,0.1694,0.0102,0.0127,0.0253,0.0030,0.0104,0.0233,0.0131,0.0145,0.0046,0.0036,0.0056,0.0058,0.0073,0.0081,0.0066
0.0140,0.0765,0.5511,0.0018,0.2205,0.0964,0.0050,0.0053,0.0012,0.0015,0.0021,0.0033,0.0033,0.0014,0.0047,0.0010,0.0025,0.0033,0.0055,0.0050
0.0145,0.5511,0.0027,0.0933,0.0011,0.1196,0.1203,0.0111,0.0025,0.0012,0.0033,0.0031,0.0039,0.0012,0.0023,0.0046,0.0047,0.0027,0.0030,0.0021
0.0084,0.0018,0.0933,0.0885,0.0076,0.0004,0.0552,0.1406,0.0116,0.0046,0.0018,0.0038,0.0064,0.0036,0.0061,0.0044,0.0061,0.0046,0.0011,0.0038
0.1694,0.2205,0.0011,0.0076,0.0054,0.0022,0.0005,0.0365,0.4614,0.0065,0.0044,0.0018,0.0081,0.0013,0.0077,0.0023,0.0053,0.0029,0.0017,0.0055
0.0102,0.0964,0.1196,0.0004,0.0022,0.0192,0.0041,0.0006,0.0243,0.0506,0.0067,0.0097,0.0096,0.0058,0.0064,0.0031,0.0059,0.0027,0.0031,0.0037
0.0127,0.0050,0.1203,0.0552,0.0005,0.0041,0.0078,0.0048,0.0032,0.0471,0.1346,0.0047,0.0161,0.0029,0.0056,0.0022,0.0019,0.0013,0.0047,0.0041
0.0253,0.0053,0.0111,0.1406,0.0365,0.0006,0.0048,0.0124,0.0086,0.0010,0.0420,0.0384,0.0092,0.0132,0.0034,0.0019,0.0033,0.0020,0.0019,0.0025
0.0030,0.0012,0.0025,0.0116,0.4614,0.0243,0.0032,0.0086,0.0011,0.0112,0.0072,0.0503,0.3661,0.0043,0.0137,0.0026,0.0050,0.0013,0.0007,0.0011
0.0104,0.0015,0.0012,0.0046,0.0065,0.0506,0.0471,0.0010,0.0112,0.0029,0.0065,0.0016,0.1503,0.2646,0.0128,0.0067,0.0028,0.0032,0.0026,0.0021
0.0233,0.0021,0.0033,0.0018,0.0044,0.0067,0.1346,0.0420,0.0072,0.0065,0.0303,0.0025,0.0011,0.0881,0.0467,0.0028,0.0064,0.0025,0.0011,0.0024
0.0131,0.0033,0.0031,0.0038,0.0018,0.0097,0.0047,0.0384,0.0503,0.0016,0.0025,0.0063,0.0007,0.0061,0.0357,0.0639,0.0067,0.0130,0.0126,0.0045
0.0145,0.0033,0.0039,0.0064,0.0081,0.0096,0.0161,0.0092,0.3661,0.1503,0.0011,0.0007,0.0042,0.0012,0.0004,0.0156,0.0264,0.0040,0.0094,0.0035
0.0046,0.0014,0.0012,0.0036,0.0013,0.0058,0.0029,0.0132,0.0043,0.2646,0.0881,0.0061,0.0012,0.0062,0.0028,0.0065,0.0290,0.0706,0.0072,0.0079
0.0036,0.0047,0.0023,0.0061,0.0077,0.0064,0.0056,0.0034,0.0137,0.0128,0.0467,0.0357,0.0004,0.0028,0.0077,0.0037,0.0010,0.0256,0.1234,0.0150
0.0056,0.0010,0.0046,0.0044,0.0023,0.0031,0.0022,0.0019,0.0026,0.0067,0.0028,0.0639,0.0156,0.0065,0.0037,0.0046,0.0228,0.0050,0.0520,0.4909
0.0058,0.0025,0.0047,0.0061,0.0053,0.0059,0.0019,0.0033,0.0050,0.0028,0.0064,0.0067,0.0264,0.0290,0.0010,0.0228,0.0256,0.0316,0.0037,0.0392
0.0073,0.0033,0.0027,0.0046,0.0029,0.0027,0.0013,0.0020,0.0013,0.0032,0.0025,0.0130,0.0040,0.0706,0.0256,0.0050,0.0316,0.1246,0.1249,0.0062
0.0081,0.0055,0.0030,0.0011,0.0017,0.0031,0.0047,0.0019,0.0007,0.0026,0.0011,0.0126,0.0094,0.0072,0.1234,0.0520,0.0037,0.1249,0.0774,0.0306
0.0066,0.0050,0.0021,0.0038,0.0055,0.0037,0.0041,0.0025,0.0011,0.0021,0.0024,0.0045,0.0035,0.0079,0.0150,0.4909,0.0392,0.0062,0.0306,0.0272
