c1,c2,c3,c4,c5,c6,c7,c8,c9,c10,c11,c12,c13,c14,c15,c16,c17,c18,c19,c20
0.0000,0.0127,0.0013,0.0037,0.0425,0.0131,0.0179,0.0193,0.0188,0.0152,0.0199,0.0242,0.0067,0.0052,0.0087,0.0057,0.0108,0.0072,0.0119,0.0230
0.0127,0.1568,0.2141,0.0008,0.0395,0.0147,0.0035,0.0030,0.0015,0.0043,0.0062,0.0049,0.0022,0.0034,0.0064,0.0041,0.0034,0.0072,0.0044,0.0093
0.0013,0.2141,0.0034,0.0611,0.0013,0.0290,0.0442,0.0114,0.0092,0.0036,0.0077,0.0082,0.0015,0.0015,0.0081,0.0098,0.0040,0.0040,0.0035,0.0035
0.0037,0.0008,0.0611,0.0365,0.0169,0.0004,0.0106,0.0360,0.0089,0.0128,0.0036,0.0064,0.0054,0.0052,0.0079,0.0073,0.0081,0.0040,0.0043,0.0108
0.0425,0.0395,0.0013,0.0169,0.0062,0.0028,0.0008,0.0237,0.0741,0.0055,0.0087,0.0029,0.0026,0.0047,0.0111,0.0058,0.0086,0.0066,0.0027,0.0061
0.0131,0.0147,0.0290,0.0004,0.0028,0.0189,0.0045,0.0012,0.0170,0.0631,0.0128,0.0220,0.0081,0.0110,0.0095,0.0046,0.0042,0.0037,0.0027,0.0033
0.0179,0.0035,0.0442,0.0106,0.0008,0.0045,0.0098,0.0052,0.0003,0.0136,0.0703,0.0112,0.0259,0.0148,0.0065,0.0060,0.0028,0.0034,0.0074,0.0052
0.0193,0.0030,0.0114,0.0360,0.0237,0.0012,0.0052,0.0121,0.0035,0.0013,0.0211,0.0797,0.0089,0.0272,0.0053,0.0055,0.0028,0.0023,0.0027,0.0027
0.0188,0.0015,0.0092,0.0089,0.0741,0.0170,0.0003,0.0035,0.0171,0.0052,0.0010,0.0960,0.2019,0.0069,0.0202,0.0061,0.0031,0.0033,0.0017,0.0010
0.0152,0.0043,0.0036,0.0128,0.0055,0.0631,0.0136,0.0013,0.0052,0.0091,0.0050,0.0003,0.0480,0.1757,0.0095,0.0087,0.0062,0.0043,0.0027,0.0012
0.0199,0.0062,0.0077,0.0036,0.0087,0.0128,0.0703,0.0211,0.0010,0.0050,0.0162,0.0020,0.0007,0.0257,0.0562,0.0031,0.0140,0.0043,0.0027,0.0021
0.0242,0.0049,0.0082,0.0064,0.0029,0.0220,0.0112,0.0797,0.0960,0.0003,0.0020,0.0216,0.0026,0.0004,0.0226,0.0107,0.0030,0.0245,0.0030,0.0037
0.0067,0.0022,0.0015,0.0054,0.0026,0.0081,0.0259,0.0089,0.2019,0.0480,0.0007,0.0026,0.0171,0.0007,0.0013,0.0181,0.0260,0.0116,0.0198,0.0057
0.0052,0.0034,0.0015,0.0052,0.0047,0.0110,0.0148,0.0272,0.0069,0.1757,0.0257,0.0004,0.0007,0.0011,0.0019,0.0010,0.0379,0.1067,0.0141,0.0334
0.0087,0.0064,0.0081,0.0079,0.0111,0.0095,0.0065,0.0053,0.0202,0.0095,0.0562,0.0226,0.0013,0.0019,0.0070,0.0025,0.0007,0.0058,0.0191,0.0096
0.0057,0.0041,0.0098,0.0073,0.0058,0.0046,0.0060,0.0055,0.0061,0.0087,0.0031,0.0107,0.0181,0.0010,0.0025,0.0124,0.0184,0.0021,0.0197,0.0933
0.0108,0.0034,0.0040,0.0081,0.0086,0.0042,0.0028,0.0028,0.0031,0.0062,0.0140,0.0030,0.0260,0.0379,0.0007,0.0184,0.0492,0.0194,0.0011,0.0276
0.0072,0.0072,0.0040,0.0040,0.0066,0.0037,0.0034,0.0023,0.0033,0.0043,0.0043,0.0245,0.0116,0.1067,0.0058,0.0021,0.0194,0.0335,0.0575,0.0007
0.0119,0.0044,0.0035,0.0043,0.0027,0.0027,0.0074,0.0027,0.0017,0.0027,0.0027,0.0030,0.0198,0.0141,0.0191,0.0197,0.0011,0.0575,0.1043,0.0323
0.0230,0.0093,0.0035,0.0108,0.0061,0.0033,0.0052,0.0027,0.0010,0.0012,0.0021,0.0037,0.0057,0.0334,0.0096,0.0933,0.0276,0.0007,0.0323,0.0433
