c1,c2,c3,c4,c5,c6,c7,c8,c9,c10,c11,c12,c13,c14,c15,c16,c17,c18,c19,c20
0.0000,0.0169,0.0040,0.0038,0.0710,0.0096,0.0184,0.0168,0.0260,0.0136,0.0211,0.0115,0.0098,0.0037,0.0035,0.0028,0.0051,0.0127,0.0079,0.0046
0.0169,0.1677,0.5309,0.0013,0.1337,0.0589,0.0074,0.0028,0.0017,0.0021,0.0036,0.0022,0.0024,0.0022,0.0054,0.0006,0.0021,0.0063,0.0045,0.0041
0.0040,0.5309,0.0041,0.1321,0.0018,0.1094,0.0850,0.0102,0.0053,0.0020,0.0036,0.0034,0.0026,0.0011,0.0038,0.0041,0.0039,0.0021,0.0041,0.0012
0.0038,0.0013,0.1321,0.0722,0.0160,0.0008,0.0510,0.0774,0.0105,0.0102,0.0019,0.0039,0.0038,0.0040,0.0030,0.0040,0.0067,0.0034,0.0030,0.0038
0.0710,0.1337,0.0018,0.0160,0.0084,0.0068,0.0014,0.0578,0.1813,0.0072,0.0053,0.0011,0.0037,0.0018,0.0045,0.0014,0.0036,0.0034,0.0023,0.0075
0.0096,0.0589,0.1094,0.0008,0.0068,0.0280,0.0045,0.0007,0.0120,0.0326,0.0067,0.0071,0.0071,0.0039,0.0064,0.0031,0.0038,0.0041,0.0035,0.0061
0.0184,0.0074,0.0850,0.0510,0.0014,0.0045,0.0148,0.0095,0.0013,0.0304,0.1259,0.0045,0.0124,0.0030,0.0035,0.0023,0.0013,0.0016,0.0019,0.0062
0.0168,0.0028,0.0102,0.0774,0.0578,0.0007,0.0095,0.0170,0.0030,0.0032,0.0353,0.0340,0.0101,0.0199,0.0034,0.0014,0.0029,0.0022,0.0020,0.0029
0.0260,0.0017,0.0053,0.0105,0.1813,0.0120,0.0013,0.0030,0.0096,0.0153,0.0041,0.0343,0.1468,0.0053,0.0103,0.0015,0.0017,0.0022,0.0017,0.0023
0.0136,0.0021,0.0020,0.0102,0.0072,0.0326,0.0304,0.0032,0.0153,0.0084,0.0047,0.0024,0.1071,0.1221,0.0116,0.0043,0.0011,0.0024,0.0021,0.0013
0.0211,0.0036,0.0036,0.0019,0.0053,0.0067,0.1259,0.0353,0.0041,0.0047,0.0082,0.0048,0.0012,0.0651,0.0471,0.0052,0.0058,0.0022,0.0013,0.0048
0.0115,0.0022,0.0034,0.0039,0.0011,0.0071,0.0045,0.0340,0.0343,0.0024,0.0048,0.0060,0.0018,0.0054,0.0229,0.0893,0.0060,0.0140,0.0090,0.0066
0.0098,0.0024,0.0026,0.0038,0.0037,0.0071,0.0124,0.0101,0.1468,0.1071,0.0012,0.0018,0.0063,0.0014,0.0006,0.0280,0.0366,0.0080,0.0130,0.0058
0.0037,0.0022,0.0011,0.0040,0.0018,0.0039,0.0030,0.0199,0.0053,0.1221,0.0651,0.0054,0.0014,0.0025,0.0025,0.0059,0.0636,0.0693,0.0113,0.0094
0.0035,0.0054,0.0038,0.0030,0.0045,0.0064,0.0035,0.0034,0.0103,0.0116,0.0471,0.0229,0.0006,0.0025,0.0081,0.0074,0.0013,0.0248,0.1576,0.0220
0.0028,0.0006,0.0041,0.0040,0.0014,0.0031,0.0023,0.0014,0.0015,0.0043,0.0052,0.0893,0.0280,0.0059,0.0074,0.0077,0.0648,0.0035,0.0481,0.4413
0.0051,0.0021,0.0039,0.0067,0.0036,0.0038,0.0013,0.0029,0.0017,0.0011,0.0058,0.0060,0.0366,0.0636,0.0013,0.0648,0.0669,0.0508,0.0019,0.0783
0.0127,0.0063,0.0021,0.0034,0.0034,0.0041,0.0016,0.0022,0.0022,0.0024,0.0022,0.0140,0.0080,0.0693,0.0248,0.0035,0.0508,0.0962,0.0332,0.0026
0.0079,0.0045,0.0041,0.0030,0.0023,0.0035,0.0019,0.0020,0.0017,0.0021,0.0013,0.0090,0.0130,0.0113,0.1576,0.0481,0.0019,0.0332,0.0675,0.0332
0.0046,0.0041,0.0012,0.0038,0.0075,0.0061,0.0062,0.0029,0.0023,0.0013,0.0048,0.0066,0.0058,0.0094,0.0220,0.4413,0.0783,0.0026,0.0332,0.0027
