c1,c2,c3,c4,c5,c6,c7,c8,c9,c10,c11,c12,c13,c14,c15,c16,c17,c18,c19,c20
0.0000,0.0110,0.0270,0.0099,0.0487,0.0125,0.0091,0.0133,0.0202,0.0065,0.0172,0.0153,0.0087,0.0038,0.0042,0.0057,0.0048,0.0074,0.0102,0.0067
0.0110,0.1129,0.6441,0.0036,0.1645,0.0450,0.0071,0.0049,0.0021,0.0014,0.0023,0.0021,0.0023,0.0023,0.0035,0.0015,0.0024,0.0030,0.0035,0.0044
0.0270,0.6441,0.0069,0.1929,0.0015,0.1538,0.1944,0.0044,0.0069,0.0009,0.0026,0.0021,0.0020,0.0018,0.0016,0.0021,0.0025,0.0013,0.0026,0.0018
0.0099,0.0036,0.1929,0.0341,0.0063,0.0007,0.0373,0.1552,0.0107,0.0067,0.0018,0.0052,0.0034,0.0039,0.0037,0.0040,0.0040,0.0026,0.0029,0.0034
0.0487,0.1645,0.0015,0.0063,0.0068,0.0022,0.0009,0.1182,0.2573,0.0060,0.0057,0.0019,0.0047,0.0023,0.0048,0.0028,0.0031,0.0031,0.0037,0.0066
0.0125,0.0450,0.1538,0.0007,0.0022,0.0167,0.0151,0.0002,0.0225,0.0662,0.0118,0.0099,0.0078,0.0054,0.0058,0.0022,0.0066,0.0022,0.0028,0.0030
0.0091,0.0071,0.1944,0.0373,0.0009,0.0151,0.0121,0.0013,0.0011,0.1637,0.0818,0.0034,0.0187,0.0037,0.0042,0.0020,0.0025,0.0013,0.0025,0.0031
0.0133,0.0049,0.0044,0.1552,0.1182,0.0002,0.0013,0.0049,0.0027,0.0016,0.0724,0.2332,0.0079,0.0135,0.0065,0.0035,0.0018,0.0018,0.0033,0.0041
0.0202,0.0021,0.0069,0.0107,0.2573,0.0225,0.0011,0.0027,0.0074,0.0044,0.0016,0.0355,0.0900,0.0059,0.0125,0.0025,0.0039,0.0022,0.0016,0.0032
0.0065,0.0014,0.0009,0.0067,0.0060,0.0662,0.1637,0.0016,0.0044,0.0082,0.0042,0.0041,0.1080,0.4717,0.0073,0.0053,0.0034,0.0024,0.0007,0.0012
0.0172,0.0023,0.0026,0.0018,0.0057,0.0118,0.0818,0.0724,0.0016,0.0042,0.0076,0.0022,0.0025,0.0581,0.1088,0.0041,0.0138,0.0029,0.0018,0.0023
0.0153,0.0021,0.0021,0.0052,0.0019,0.0099,0.0034,0.2332,0.0355,0.0041,0.0022,0.0061,0.0007,0.0008,0.0166,0.1340,0.0077,0.0240,0.0082,0.0038
0.0087,0.0023,0.0020,0.0034,0.0047,0.0078,0.0187,0.0079,0.0900,0.1080,0.0025,0.0007,0.0032,0.0023,0.0019,0.0175,0.0730,0.0078,0.0070,0.0071
0.0038,0.0023,0.0018,0.0039,0.0023,0.0054,0.0037,0.0135,0.0059,0.4717,0.0581,0.0008,0.0023,0.0054,0.0040,0.0019,0.0545,0.1007,0.0033,0.0057
0.0042,0.0035,0.0016,0.0037,0.0048,0.0058,0.0042,0.0065,0.0125,0.0073,0.1088,0.0166,0.0019,0.0040,0.0037,0.0039,0.0017,0.0277,0.0855,0.0210
0.0057,0.0015,0.0021,0.0040,0.0028,0.0022,0.0020,0.0035,0.0025,0.0053,0.0041,0.1340,0.0175,0.0019,0.0039,0.0089,0.0172,0.0065,0.0422,0.4461
0.0048,0.0024,0.0025,0.0040,0.0031,0.0066,0.0025,0.0018,0.0039,0.0034,0.0138,0.0077,0.0730,0.0545,0.0017,0.0172,0.0863,0.0617,0.0007,0.0141
0.0074,0.0030,0.0013,0.0026,0.0031,0.0022,0.0013,0.0018,0.0022,0.0024,0.0029,0.0240,0.0078,0.1007,0.0277,0.0065,0.0617,0.0520,0.0976,0.0048
0.0102,0.0035,0.0026,0.0029,0.0037,0.0028,0.0025,0.0033,0.0016,0.0007,0.0018,0.0082,0.0070,0.0033,0.0855,0.0422,0.0007,0.0976,0.4515,0.0492
0.0067,0.0044,0.0018,0.0034,0.0066,0.0030,0.0031,0.0041,0.0032,0.0012,0.0023,0.0038,0.0071,0.0057,0.0210,0.4461,0.0141,0.0048,0.0492,0.0324
