c1,c2,c3,c4,c5,c6,c7,c8,c9,c10,c11,c12,c13,c14,c15,c16,c17,c18,c19,c20
0.0000,0.0161,0.0216,0.0102,0.0629,0.0110,0.0089,0.0140,0.0166,0.0044,0.0153,0.0157,0.0105,0.0028,0.0036,0.0033,0.0059,0.0089,0.0076,0.0070
0.0161,0.1311,0.6248,0.0024,0.1911,0.0659,0.0058,0.0033,0.0020,0.0011,0.0022,0.0022,0.0030,0.0012,0.0044,0.0010,0.0025,0.0038,0.0036,0.0061
0.0216,0.6248,0.0030,0.2204,0.0015,0.1285,0.1404,0.0056,0.0066,0.0004,0.0027,0.0026,0.0030,0.0012,0.0020,0.0032,0.0043,0.0016,0.0030,0.0021
0.0102,0.0024,0.2204,0.0599,0.0050,0.0010,0.0602,0.1945,0.0098,0.0056,0.0014,0.0040,0.0032,0.0031,0.0034,0.0033,0.0047,0.0031,0.0023,0.0034
0.0629,0.1911,0.0015,0.0050,0.0073,0.0039,0.0010,0.0837,0.3464,0.0062,0.0036,0.0014,0.0082,0.0019,0.0040,0.0019,0.0031,0.0026,0.0030,0.0076
0.0110,0.0659,0.1285,0.0010,0.0039,0.0209,0.0091,0.0002,0.0196,0.0419,0.0052,0.0100,0.0073,0.0050,0.0064,0.0026,0.0064,0.0033,0.0035,0.0029
0.0089,0.0058,0.1404,0.0602,0.0010,0.0091,0.0162,0.0028,0.0008,0.0746,0.0844,0.0049,0.0102,0.0033,0.0044,0.0020,0.0028,0.0020,0.0034,0.0032
0.0140,0.0033,0.0056,0.1945,0.0837,0.0002,0.0028,0.0078,0.0048,0.0020,0.0835,0.1235,0.0135,0.0122,0.0038,0.0015,0.0031,0.0016,0.0021,0.0033
0.0166,0.0020,0.0066,0.0098,0.3464,0.0196,0.0008,0.0048,0.0163,0.0065,0.0017,0.0298,0.1331,0.0041,0.0088,0.0019,0.0039,0.0021,0.0015,0.0020
0.0044,0.0011,0.0004,0.0056,0.0062,0.0419,0.0746,0.0020,0.0065,0.0061,0.0048,0.0108,0.1517,0.2991,0.0153,0.0066,0.0036,0.0030,0.0012,0.0012
0.0153,0.0022,0.0027,0.0014,0.0036,0.0052,0.0844,0.0835,0.0017,0.0048,0.0082,0.0031,0.0018,0.1159,0.1987,0.0035,0.0100,0.0028,0.0020,0.0027
0.0157,0.0022,0.0026,0.0040,0.0014,0.0100,0.0049,0.1235,0.0298,0.0108,0.0031,0.0068,0.0006,0.0040,0.0215,0.0991,0.0044,0.0153,0.0046,0.0028
0.0105,0.0030,0.0030,0.0032,0.0082,0.0073,0.0102,0.0135,0.1331,0.1517,0.0018,0.0006,0.0032,0.0012,0.0013,0.0165,0.0607,0.0087,0.0099,0.0034
0.0028,0.0012,0.0012,0.0031,0.0019,0.0050,0.0033,0.0122,0.0041,0.2991,0.1159,0.0040,0.0012,0.0038,0.0042,0.0039,0.0657,0.1562,0.0052,0.0050
0.0036,0.0044,0.0020,0.0034,0.0040,0.0064,0.0044,0.0038,0.0088,0.0153,0.1987,0.0215,0.0013,0.0042,0.0051,0.0054,0.0014,0.0252,0.0696,0.0090
0.0033,0.0010,0.0032,0.0033,0.0019,0.0026,0.0020,0.0015,0.0019,0.0066,0.0035,0.0991,0.0165,0.0039,0.0054,0.0127,0.0287,0.0076,0.0488,0.4793
0.0059,0.0025,0.0043,0.0047,0.0031,0.0064,0.0028,0.0031,0.0039,0.0036,0.0100,0.0044,0.0607,0.0657,0.0014,0.0287,0.0197,0.0236,0.0017,0.0261
0.0089,0.0038,0.0016,0.0031,0.0026,0.0033,0.0020,0.0016,0.0021,0.0030,0.0028,0.0153,0.0087,0.1562,0.0252,0.0076,0.0236,0.0403,0.0496,0.0058
0.0076,0.0036,0.0030,0.0023,0.0030,0.0035,0.0034,0.0021,0.0015,0.0012,0.0020,0.0046,0.0099,0.0052,0.0696,0.0488,0.0017,0.0496,0.2693,0.0799
0.0070,0.0061,0.0021,0.0034,0.0076,0.0029,0.0032,0.0033,0.0020,0.0012,0.0027,0.0028,0.0034,0.0050,0.0090,0.4793,0.0261,0.0058,0.0799,0.0505
