c1,c2,c3,c4,c5,c6,c7,c8,c9,c10,c11,c12,c13,c14,c15,c16,c17,c18,c19,c20
0.0019,0.0072,0.0041,0.0221,0.0648,0.0083,0.0082,0.0069,0.0153,0.0091,0.0134,0.0102,0.0064,0.0053,0.0007,0.0024,0.0063,0.0112,0.0099,0.0037
0.0072,0.0533,0.2212,0.0010,0.1903,0.1243,0.0035,0.0019,0.0021,0.0024,0.0032,0.0041,0.0046,0.0038,0.0045,0.0013,0.0042,0.0101,0.0050,0.0032
0.0041,0.2212,0.0347,0.0139,0.0011,0.0432,0.0515,0.0020,0.0088,0.0016,0.0025,0.0041,0.0093,0.0090,0.0035,0.0031,0.0050,0.0032,0.0069,0.0026
0.0221,0.0010,0.0139,0.0805,0.0230,0.0008,0.0276,0.1085,0.0083,0.0067,0.0050,0.0063,0.0038,0.0091,0.0035,0.0034,0.0047,0.0034,0.0030,0.0020
0.0648,0.1903,0.0011,0.0230,0.0047,0.0035,0.0005,0.0373,0.1038,0.0063,0.0080,0.0017,0.0049,0.0058,0.0066,0.0029,0.0042,0.0046,0.0023,0.0036
0.0083,0.1243,0.0432,0.0008,0.0035,0.0156,0.0022,0.0008,0.0177,0.1237,0.0050,0.0062,0.0062,0.0120,0.0031,0.0028,0.0052,0.0069,0.0043,0.0037
0.0082,0.0035,0.0515,0.0276,0.0005,0.0022,0.0097,0.0055,0.0015,0.0282,0.1124,0.0112,0.0168,0.0062,0.0058,0.0038,0.0026,0.0047,0.0034,0.0072
0.0069,0.0019,0.0020,0.1085,0.0373,0.0008,0.0055,0.0237,0.0059,0.0019,0.0933,0.1636,0.0070,0.0180,0.0043,0.0036,0.0024,0.0017,0.0021,0.0025
0.0153,0.0021,0.0088,0.0083,0.1038,0.0177,0.0015,0.0059,0.0098,0.0099,0.0008,0.0192,0.0590,0.0053,0.0115,0.0055,0.0041,0.0025,0.0026,0.0030
0.0091,0.0024,0.0016,0.0067,0.0063,0.1237,0.0282,0.0019,0.0099,0.0075,0.0008,0.0007,0.0639,0.1408,0.0091,0.0191,0.0041,0.0033,0.0029,0.0032
0.0134,0.0032,0.0025,0.0050,0.0080,0.0050,0.1124,0.0933,0.0008,0.0008,0.0066,0.0051,0.0005,0.0248,0.1412,0.0087,0.0070,0.0049,0.0058,0.0054
0.0102,0.0041,0.0041,0.0063,0.0017,0.0062,0.0112,0.1636,0.0192,0.0007,0.0051,0.0104,0.0010,0.0007,0.0302,0.0854,0.0049,0.0140,0.0046,0.0090
0.0064,0.0046,0.0093,0.0038,0.0049,0.0062,0.0168,0.0070,0.0590,0.0639,0.0005,0.0010,0.0082,0.0005,0.0010,0.0251,0.0493,0.0057,0.0152,0.0299
0.0053,0.0038,0.0090,0.0091,0.0058,0.0120,0.0062,0.0180,0.0053,0.1408,0.0248,0.0007,0.0005,0.0023,0.0023,0.0015,0.0125,0.0554,0.0098,0.0198
0.0007,0.0045,0.0035,0.0035,0.0066,0.0031,0.0058,0.0043,0.0115,0.0091,0.1412,0.0302,0.0010,0.0023,0.0040,0.0086,0.0030,0.0253,0.0894,0.0179
0.0024,0.0013,0.0031,0.0034,0.0029,0.0028,0.0038,0.0036,0.0055,0.0191,0.0087,0.0854,0.0251,0.0015,0.0086,0.0054,0.0179,0.0020,0.0242,0.1989
0.0063,0.0042,0.0050,0.0047,0.0042,0.0052,0.0026,0.0024,0.0041,0.0041,0.0070,0.0049,0.0493,0.0125,0.0030,0.0179,0.0500,0.0190,0.0010,0.0653
0.0112,0.0101,0.0032,0.0034,0.0046,0.0069,0.0047,0.0017,0.0025,0.0033,0.0049,0.0140,0.0057,0.0554,0.0253,0.0020,0.0190,0.0624,0.0141,0.0021
0.0099,0.0050,0.0069,0.0030,0.0023,0.0043,0.0034,0.0021,0.0026,0.0029,0.0058,0.0046,0.0152,0.0098,0.0894,0.0242,0.0010,0.0141,0.0406,0.0347
0.0037,0.0032,0.0026,0.0020,0.0036,0.0037,0.0072,0.0025,0.0030,0.0032,0.0054,0.0090,0.0299,0.0198,0.0179,0.1989,0.0653,0.0021,0.0347,0.0013
