c1,c2,c3,c4,c5,c6,c7,c8,c9,c10,c11,c12,c13,c14,c15,c16,c17,c18,c19,c20,c21,c22,c23,c24,c25,c26,c27,c28
0.0002,0.0113,0.0026,0.0016,0.4089,0.0240,0.0724,0.0307,0.2161,0.0112,0.0040,0.0060,0.0078,0.0043,0.0033,0.0034,0.0040,0.0024,0.0032,0.0055,0.0042,0.0036,0.0075,0.0041,0.0068,0.0065,0.0053,0.0037
0.0113,0.3391,0.1223,0.0000,0.5244,0.2717,0.0066,0.0242,0.1610,0.0150,0.0013,0.0047,0.0039,0.0030,0.0040,0.0028,0.0024,0.0028,0.0032,0.0036,0.0036,0.0046,0.0037,0.0041,0.0070,0.0071,0.0045,0.0040
0.0026,0.1223,0.1387,0.0020,0.0024,0.4345,0.0092,0.0162,0.0382,0.0191,0.0008,0.0117,0.0025,0.0016,0.0015,0.0029,0.0026,0.0016,0.0031,0.0044,0.0046,0.0082,0.0043,0.0072,0.0106,0.0120,0.0036,0.0066
0.0016,0.0000,0.0020,0.6806,0.0087,0.0004,0.0072,0.0944,0.0046,0.0249,0.0029,0.0022,0.0050,0.0217,0.0068,0.0044,0.0085,0.0042,0.0078,0.0239,0.0119,0.0145,0.0088,0.0155,0.0137,0.0399,0.0160,0.0326
0.4089,0.5244,0.0024,0.0087,0.0545,0.0381,0.0000,0.0045,0.1021,0.0041,0.0027,0.0028,0.0108,0.0036,0.0041,0.0041,0.0099,0.0041,0.0027,0.0019,0.0079,0.0087,0.0031,0.0050,0.0076,0.0062,0.0044,0.0077
0.0240,0.2717,0.4345,0.0004,0.0381,0.1442,0.0061,0.0001,0.0063,0.0749,0.0007,0.0055,0.0052,0.0044,0.0025,0.0031,0.0029,0.0022,0.0033,0.0061,0.0049,0.0074,0.0065,0.0141,0.0076,0.0053,0.0023,0.0051
0.0724,0.0066,0.0092,0.0072,0.0000,0.0061,0.0199,0.0009,0.0001,0.0013,0.0000,0.0013,0.0675,0.0093,0.0130,0.0696,0.0412,0.0123,0.0368,0.1004,0.0262,0.0158,0.0333,0.0071,0.0127,0.0353,0.0067,0.0082
0.0307,0.0242,0.0162,0.0944,0.0045,0.0001,0.0009,0.2288,0.0547,0.0001,0.0010,0.0054,0.0141,0.0061,0.0055,0.0192,0.0071,0.0030,0.0062,0.0127,0.0137,0.0065,0.0042,0.0091,0.0089,0.0163,0.0051,0.0041
0.2161,0.1610,0.0382,0.0046,0.1021,0.0063,0.0001,0.0547,0.1096,0.0099,0.0001,0.0024,0.0303,0.0044,0.0069,0.0043,0.0046,0.0030,0.0044,0.0035,0.0052,0.0059,0.0027,0.0021,0.0046,0.0059,0.0039,0.0033
0.0112,0.0150,0.0191,0.0249,0.0041,0.0749,0.0013,0.0001,0.0099,0.0034,0.0009,0.0001,0.0022,0.0072,0.0069,0.0212,0.0105,0.0134,0.0252,0.0180,0.0479,0.0684,0.0415,0.0053,0.0087,0.0075,0.0047,0.0039
0.0040,0.0013,0.0008,0.0029,0.0027,0.0007,0.0000,0.0010,0.0001,0.0009,0.0008,0.0334,0.0014,0.0010,0.3147,0.7605,0.5566,0.1904,0.0744,0.0611,0.0611,0.0276,0.0168,0.0046,0.0074,0.0067,0.0033,0.0063
0.0060,0.0047,0.0117,0.0022,0.0028,0.0055,0.0013,0.0054,0.0024,0.0001,0.0334,0.0114,0.0527,0.0003,0.0795,0.0111,0.0178,0.1141,0.0469,0.0063,0.0138,0.0151,0.0075,0.0061,0.0077,0.0075,0.0045,0.0072
0.0078,0.0039,0.0025,0.0050,0.0108,0.0052,0.0675,0.0141,0.0303,0.0022,0.0014,0.0527,0.0024,0.0198,0.0008,0.0179,0.0066,0.0186,0.0177,0.0058,0.0020,0.0072,0.0058,0.0061,0.0070,0.0088,0.0046,0.0050
0.0043,0.0030,0.0016,0.0217,0.0036,0.0044,0.0093,0.0061,0.0044,0.0072,0.0010,0.0003,0.0198,0.0069,0.0230,0.0002,0.0061,0.0356,0.0580,0.0883,0.0127,0.0115,0.0292,0.0089,0.0109,0.0111,0.0076,0.0066
0.0033,0.0040,0.0015,0.0068,0.0041,0.0025,0.0130,0.0055,0.0069,0.0069,0.3147,0.0795,0.0008,0.0230,0.0170,0.0101,0.0002,0.0243,0.0043,0.0090,0.0075,0.0046,0.0054,0.0067,0.0068,0.0070,0.0153,0.0062
0.0034,0.0028,0.0029,0.0044,0.0041,0.0031,0.0696,0.0192,0.0043,0.0212,0.7605,0.0111,0.0179,0.0002,0.0101,0.0394,0.0033,0.0005,0.0090,0.0752,0.0029,0.0058,0.0021,0.0040,0.0034,0.0058,0.0041,0.0049
0.0040,0.0024,0.0026,0.0085,0.0099,0.0029,0.0412,0.0071,0.0046,0.0105,0.5566,0.0178,0.0066,0.0061,0.0002,0.0033,0.0219,0.0230,0.0002,0.0069,0.0315,0.0069,0.0104,0.0058,0.0047,0.0045,0.0078,0.0083
0.0024,0.0028,0.0016,0.0042,0.0041,0.0022,0.0123,0.0030,0.0030,0.0134,0.1904,0.1141,0.0186,0.0356,0.0243,0.0005,0.0230,0.0396,0.0185,0.0001,0.0040,0.0103,0.0117,0.0113,0.0050,0.0014,0.0127,0.0088
0.0032,0.0032,0.0031,0.0078,0.0027,0.0033,0.0368,0.0062,0.0044,0.0252,0.0744,0.0469,0.0177,0.0580,0.0043,0.0090,0.0002,0.0185,0.0265,0.0057,0.0004,0.0024,0.0136,0.0039,0.0181,0.0027,0.0068,0.0089
0.0055,0.0036,0.0044,0.0239,0.0019,0.0061,0.1004,0.0127,0.0035,0.0180,0.0611,0.0063,0.0058,0.0883,0.0090,0.0752,0.0069,0.0001,0.0057,0.0013,0.0468,0.0002,0.0003,0.0040,0.0078,0.0452,0.0123,0.0108
0.0042,0.0036,0.0046,0.0119,0.0079,0.0049,0.0262,0.0137,0.0052,0.0479,0.0611,0.0138,0.0020,0.0127,0.0075,0.0029,0.0315,0.0040,0.0004,0.0468,0.0177,0.0105,0.0003,0.0026,0.0043,0.0048,0.0130,0.0054
0.0036,0.0046,0.0082,0.0145,0.0087,0.0074,0.0158,0.0065,0.0059,0.0684,0.0276,0.0151,0.0072,0.0115,0.0046,0.0058,0.0069,0.0103,0.0024,0.0002,0.0105,0.0098,0.0114,0.0004,0.0046,0.0084,0.0106,0.0202
0.0075,0.0037,0.0043,0.0088,0.0031,0.0065,0.0333,0.0042,0.0027,0.0415,0.0168,0.0075,0.0058,0.0292,0.0054,0.0021,0.0104,0.0117,0.0136,0.0003,0.0003,0.0114,0.0347,0.0279,0.0008,0.0050,0.0208,0.0608
0.0041,0.0041,0.0072,0.0155,0.0050,0.0141,0.0071,0.0091,0.0021,0.0053,0.0046,0.0061,0.0061,0.0089,0.0067,0.0040,0.0058,0.0113,0.0039,0.0040,0.0026,0.0004,0.0279,0.1835,0.0609,0.0010,0.0135,0.0350
0.0068,0.0070,0.0106,0.0137,0.0076,0.0076,0.0127,0.0089,0.0046,0.0087,0.0074,0.0077,0.0070,0.0109,0.0068,0.0034,0.0047,0.0050,0.0181,0.0078,0.0043,0.0046,0.0008,0.0609,0.0279,0.0158,0.0005,0.0056
0.0065,0.0071,0.0120,0.0399,0.0062,0.0053,0.0353,0.0163,0.0059,0.0075,0.0067,0.0075,0.0088,0.0111,0.0070,0.0058,0.0045,0.0014,0.0027,0.0452,0.0048,0.0084,0.0050,0.0010,0.0158,0.0210,0.0140,0.0002
0.0053,0.0045,0.0036,0.0160,0.0044,0.0023,0.0067,0.0051,0.0039,0.0047,0.0033,0.0045,0.0046,0.0076,0.0153,0.0041,0.0078,0.0127,0.0068,0.0123,0.0130,0.0106,0.0208,0.0135,0.0005,0.0140,0.0976,0.0115
0.0037,0.0040,0.0066,0.0326,0.0077,0.0051,0.0082,0.0041,0.0033,0.0039,0.0063,0.0072,0.0050,0.0066,0.0062,0.0049,0.0083,0.0088,0.0089,0.0108,0.0054,0.0202,0.0608,0.0350,0.0056,0.0002,0.0115,0.0110
