c1,c2,c3,c4,c5,c6,c7,c8,c9,c10,c11,c12,c13,c14,c15,c16,c17,c18,c19,c20,c21,c22,c23,c24,c25,c26,c27,c28
0.0004,0.0023,0.0098,0.0028,0.0626,0.0080,0.0197,0.0087,0.0120,0.0057,0.0047,0.0051,0.0124,0.0054,0.0107,0.0190,0.0055,0.0070,0.0179,0.0142,0.0044,0.0031,0.0101,0.0031,0.0082,0.0066,0.0058,0.0099
0.0023,0.0007,0.0151,0.0000,0.0006,0.0026,0.0068,0.0143,0.0140,0.0116,0.0040,0.0506,0.0220,0.3304,0.0049,0.0237,0.0054,0.0059,0.0183,0.0107,0.0197,0.0016,0.0273,0.0033,0.0536,0.0020,0.0263,0.0061
0.0098,0.0151,0.0260,0.0023,0.0002,0.0018,0.0078,0.0048,0.0106,0.0064,0.0185,0.0134,0.0198,0.0107,0.0084,0.0202,0.0051,0.0053,0.0088,0.0087,0.0038,0.0026,0.0076,0.0038,0.0072,0.0110,0.0075,0.0241
0.0028,0.0000,0.0023,0.0006,0.0044,0.0000,0.0011,0.0168,0.0129,0.0150,0.0913,0.9277,0.0589,0.0879,0.0037,0.0134,0.0031,0.0044,0.0125,0.0056,0.0078,0.0018,0.0444,0.0039,0.1364,0.0032,0.0116,0.0044
0.0626,0.0006,0.0002,0.0044,0.0113,0.0047,0.0001,0.0027,0.0184,0.0582,0.0651,0.4916,0.0155,0.0209,0.0047,0.0081,0.0039,0.0043,0.0048,0.0054,0.0050,0.0035,0.0127,0.0043,0.0132,0.0033,0.0139,0.0096
0.0080,0.0026,0.0018,0.0000,0.0047,0.0078,0.0027,0.0013,0.0105,0.1332,0.2332,0.2043,0.0138,0.0087,0.0021,0.0063,0.0022,0.0040,0.0065,0.0054,0.0056,0.0033,0.0105,0.0041,0.0241,0.0047,0.0278,0.0249
0.0197,0.0068,0.0078,0.0011,0.0001,0.0027,0.0080,0.3968,0.0037,0.0866,0.0026,0.0051,0.0087,0.0043,0.0023,0.0036,0.0026,0.0029,0.0102,0.0052,0.0049,0.0018,0.0130,0.0041,0.0592,0.0049,0.0981,0.0907
0.0087,0.0143,0.0048,0.0168,0.0027,0.0013,0.3968,0.0100,0.3134,0.0008,0.0003,0.0040,0.0006,0.0019,0.0012,0.0053,0.0020,0.0018,0.0035,0.0057,0.0039,0.0013,0.0082,0.0021,0.0295,0.0122,0.4654,0.3350
0.0120,0.0140,0.0106,0.0129,0.0184,0.0105,0.0037,0.3134,0.0010,0.0091,0.0000,0.0000,0.0003,0.0002,0.0019,0.0031,0.0036,0.0022,0.0005,0.0038,0.0041,0.0018,0.0200,0.0054,0.1495,0.2531,0.9002,0.8261
0.0057,0.0116,0.0064,0.0150,0.0582,0.1332,0.0866,0.0008,0.0091,0.0001,0.0004,0.0000,0.0000,0.0000,0.0002,0.0023,0.0012,0.0014,0.0100,0.0021,0.0033,0.0010,0.0471,0.0066,0.9993,0.6024,0.9999,0.0566
0.0047,0.0040,0.0185,0.0913,0.0651,0.2332,0.0026,0.0003,0.0000,0.0004,0.0007,0.0001,0.0001,0.0001,0.0008,0.0012,0.0035,0.0012,0.0032,0.0014,0.0012,0.0008,0.0057,0.0269,0.2962,1.0000,0.0296,0.8929
0.0051,0.0506,0.0134,0.9277,0.4916,0.2043,0.0051,0.0040,0.0000,0.0000,0.0001,0.0000,0.0002,0.0000,0.0000,0.0001,0.0004,0.0026,0.0075,0.0046,0.0678,0.0037,0.9999,0.1238,1.0000,0.0991,0.1477,0.0070
0.0124,0.0220,0.0198,0.0589,0.0155,0.0138,0.0087,0.0006,0.0003,0.0000,0.0001,0.0002,0.0039,0.0001,0.0001,0.0002,0.0036,0.0029,0.0101,0.0087,0.0036,0.0134,0.2427,0.9999,0.0406,0.8618,0.0037,0.0408
0.0054,0.3304,0.0107,0.0879,0.0209,0.0087,0.0043,0.0019,0.0002,0.0000,0.0001,0.0000,0.0001,0.0001,0.0001,0.0000,0.0000,0.0004,0.0377,0.0145,1.0000,0.0283,1.0000,0.0640,0.1588,0.0027,0.0013,0.0013
0.0107,0.0049,0.0084,0.0037,0.0047,0.0021,0.0023,0.0012,0.0019,0.0002,0.0008,0.0000,0.0001,0.0001,0.0009,0.0010,0.0004,0.0023,0.0208,0.0607,0.0835,1.0000,0.3560,0.9842,0.0070,0.0280,0.0008,0.0022
0.0190,0.0237,0.0202,0.0134,0.0081,0.0063,0.0036,0.0053,0.0031,0.0023,0.0012,0.0001,0.0002,0.0000,0.0010,0.0129,0.0020,0.0009,0.8136,0.0210,0.9998,0.3209,0.0541,0.0058,0.0018,0.0014,0.0014,0.0020
0.0055,0.0054,0.0051,0.0031,0.0039,0.0022,0.0026,0.0020,0.0036,0.0012,0.0035,0.0004,0.0036,0.0000,0.0004,0.0020,0.0130,0.9269,0.0021,0.2106,0.0030,0.9999,0.0097,0.0849,0.0016,0.0059,0.0019,0.0029
0.0070,0.0059,0.0053,0.0044,0.0043,0.0040,0.0029,0.0018,0.0022,0.0014,0.0012,0.0026,0.0029,0.0004,0.0023,0.0009,0.9269,0.2386,0.6009,0.0192,0.0017,0.2518,0.0022,0.0171,0.0016,0.0040,0.0050,0.0060
0.0179,0.0183,0.0088,0.0125,0.0048,0.0065,0.0102,0.0035,0.0005,0.0100,0.0032,0.0075,0.0101,0.0377,0.0208,0.8136,0.0021,0.6009,0.0050,0.3184,0.0000,0.0002,0.0003,0.0011,0.0018,0.0034,0.0085,0.0039
0.0142,0.0107,0.0087,0.0056,0.0054,0.0054,0.0052,0.0057,0.0038,0.0021,0.0014,0.0046,0.0087,0.0145,0.0607,0.0210,0.2106,0.0192,0.3184,0.0676,0.0006,0.0001,0.0002,0.0061,0.0011,0.0104,0.0113,0.0121
0.0044,0.0197,0.0038,0.0078,0.0050,0.0056,0.0049,0.0039,0.0041,0.0033,0.0012,0.0678,0.0036,1.0000,0.0835,0.9998,0.0030,0.0017,0.0000,0.0006,0.0021,0.0006,0.0000,0.0000,0.0001,0.0002,0.0037,0.0015
0.0031,0.0016,0.0026,0.0018,0.0035,0.0033,0.0018,0.0013,0.0018,0.0010,0.0008,0.0037,0.0134,0.0283,1.0000,0.3209,0.9999,0.2518,0.0002,0.0001,0.0006,0.0065,0.0000,0.0001,0.0001,0.0024,0.0008,0.0035
0.0101,0.0273,0.0076,0.0444,0.0127,0.0105,0.0130,0.0082,0.0200,0.0471,0.0057,0.9999,0.2427,1.0000,0.3560,0.0541,0.0097,0.0022,0.0003,0.0002,0.0000,0.0000,0.0004,0.0003,0.0000,0.0000,0.0000,0.0006
0.0031,0.0033,0.0038,0.0039,0.0043,0.0041,0.0041,0.0021,0.0054,0.0066,0.0269,0.1238,0.9999,0.0640,0.9842,0.0058,0.0849,0.0171,0.0011,0.0061,0.0000,0.0001,0.0003,0.0106,0.0001,0.0000,0.0003,0.0020
0.0082,0.0536,0.0072,0.1364,0.0132,0.0241,0.0592,0.0295,0.1495,0.9993,0.2962,1.0000,0.0406,0.1588,0.0070,0.0018,0.0016,0.0016,0.0018,0.0011,0.0001,0.0001,0.0000,0.0001,0.0006,0.0001,0.0000,0.0000
0.0066,0.0020,0.0110,0.0032,0.0033,0.0047,0.0049,0.0122,0.2531,0.6024,1.0000,0.0991,0.8618,0.0027,0.0280,0.0014,0.0059,0.0040,0.0034,0.0104,0.0002,0.0024,0.0000,0.0000,0.0001,0.0006,0.0001,0.0000
0.0058,0.0263,0.0075,0.0116,0.0139,0.0278,0.0981,0.4654,0.9002,0.9999,0.0296,0.1477,0.0037,0.0013,0.0008,0.0014,0.0019,0.0050,0.0085,0.0113,0.0037,0.0008,0.0000,0.0003,0.0000,0.0001,0.0016,0.0008
0.0099,0.0061,0.0241,0.0044,0.0096,0.0249,0.0907,0.3350,0.8261,0.0566,0.8929,0.0070,0.0408,0.0013,0.0022,0.0020,0.0029,0.0060,0.0039,0.0121,0.0015,0.0035,0.0006,0.0020,0.0000,0.0000,0.0008,0.0008