c1,c2,c3,c4,c5,c6,c7,c8,c9,c10,c11,c12,c13,c14,c15,c16,c17,c18,c19,c20,c21,c22,c23,c24,c25,c26,c27,c28
0.0001,0.0037,0.0071,0.0060,0.0950,0.0126,0.0454,0.0165,0.0118,0.0044,0.0034,0.0031,0.0070,0.0049,0.0144,0.0186,0.0086,0.0128,0.0252,0.0572,0.0046,0.0023,0.0045,0.0020,0.0058,0.0044,0.0045,0.0068
0.0037,0.0023,0.0221,0.0000,0.0003,0.0014,0.0069,0.0120,0.0111,0.0025,0.0040,0.0343,0.0138,0.7144,0.0061,0.0339,0.0080,0.0136,0.0391,0.0134,0.0302,0.0015,0.0274,0.0020,0.0336,0.0021,0.0098,0.0068
0.0071,0.0221,0.0166,0.0029,0.0001,0.0018,0.0105,0.0051,0.0106,0.0044,0.0096,0.0120,0.0113,0.0374,0.0090,0.0235,0.0066,0.0070,0.0170,0.0082,0.0041,0.0019,0.0101,0.0035,0.0131,0.0102,0.0052,0.0143
0.0060,0.0000,0.0029,0.0001,0.0018,0.0000,0.0003,0.0086,0.0156,0.0027,0.0679,0.9598,0.1387,0.2578,0.0157,0.0117,0.0062,0.0087,0.0233,0.0103,0.0106,0.0024,0.0839,0.0051,0.0641,0.0038,0.0067,0.0033
0.0950,0.0003,0.0001,0.0018,0.0059,0.0039,0.0000,0.0024,0.0252,0.0366,0.0404,0.9816,0.0107,0.0559,0.0069,0.0111,0.0044,0.0041,0.0070,0.0039,0.0077,0.0026,0.0387,0.0041,0.0208,0.0020,0.0041,0.0049
0.0126,0.0014,0.0018,0.0000,0.0039,0.0075,0.0008,0.0008,0.0283,0.0917,0.5205,0.2240,0.0153,0.0042,0.0020,0.0069,0.0031,0.0058,0.0081,0.0087,0.0052,0.0043,0.0089,0.0067,0.0177,0.0071,0.0107,0.0250
0.0454,0.0069,0.0105,0.0003,0.0000,0.0008,0.0046,0.0999,0.0064,0.1745,0.0041,0.0289,0.0098,0.0078,0.0034,0.0048,0.0053,0.0046,0.0121,0.0066,0.0085,0.0018,0.0237,0.0033,0.0774,0.0057,0.0143,0.0336
0.0165,0.0120,0.0051,0.0086,0.0024,0.0008,0.0999,0.0164,0.3215,0.0005,0.0007,0.0067,0.0014,0.0033,0.0018,0.0067,0.0043,0.0053,0.0077,0.0076,0.0056,0.0011,0.0093,0.0037,0.0316,0.0139,0.0312,0.0878
0.0118,0.0111,0.0106,0.0156,0.0252,0.0283,0.0064,0.3215,0.0018,0.0305,0.0001,0.0000,0.0007,0.0003,0.0025,0.0043,0.0069,0.0061,0.0020,0.0042,0.0049,0.0019,0.0151,0.0053,0.1453,0.0862,0.0305,0.3337
0.0044,0.0025,0.0044,0.0027,0.0366,0.0917,0.1745,0.0005,0.0305,0.0001,0.0011,0.0000,0.0000,0.0000,0.0002,0.0034,0.0027,0.0032,0.0219,0.0032,0.0056,0.0013,0.0827,0.0168,0.9999,0.2177,0.9717,0.1269
0.0034,0.0040,0.0096,0.0679,0.0404,0.5205,0.0041,0.0007,0.0001,0.0011,0.0025,0.0001,0.0000,0.0001,0.0006,0.0018,0.0049,0.0019,0.0047,0.0014,0.0013,0.0007,0.0068,0.0420,0.2877,1.0000,0.0584,0.1402
0.0031,0.0343,0.0120,0.9598,0.9816,0.2240,0.0289,0.0067,0.0000,0.0000,0.0001,0.0000,0.0002,0.0000,0.0000,0.0001,0.0007,0.0027,0.0087,0.0047,0.0902,0.0062,0.9998,0.0666,0.9998,0.0990,0.0595,0.0057
0.0070,0.0138,0.0113,0.1387,0.0107,0.0153,0.0098,0.0014,0.0007,0.0000,0.0000,0.0002,0.0043,0.0000,0.0001,0.0003,0.0046,0.0038,0.0115,0.0083,0.0032,0.0345,0.1285,1.0000,0.0219,0.7698,0.0061,0.0122
0.0049,0.7144,0.0374,0.2578,0.0559,0.0042,0.0078,0.0033,0.0003,0.0000,0.0001,0.0000,0.0000,0.0000,0.0001,0.0000,0.0000,0.0006,0.0560,0.0275,1.0000,0.1554,1.0000,0.0370,0.0510,0.0016,0.0013,0.0012
0.0144,0.0061,0.0090,0.0157,0.0069,0.0020,0.0034,0.0018,0.0025,0.0002,0.0006,0.0000,0.0001,0.0001,0.0004,0.0007,0.0002,0.0025,0.0218,0.0332,0.0643,1.0000,0.2003,0.9671,0.0045,0.0411,0.0017,0.0019
0.0186,0.0339,0.0235,0.0117,0.0111,0.0069,0.0048,0.0067,0.0043,0.0034,0.0018,0.0001,0.0003,0.0000,0.0007,0.0098,0.0009,0.0004,0.6903,0.0278,0.9999,0.4346,0.0517,0.0053,0.0012,0.0010,0.0014,0.0020
0.0086,0.0080,0.0066,0.0062,0.0044,0.0031,0.0053,0.0043,0.0069,0.0027,0.0049,0.0007,0.0046,0.0000,0.0002,0.0009,0.0080,0.7127,0.0013,0.2854,0.0028,0.9975,0.0190,0.0674,0.0020,0.0042,0.0019,0.0034
0.0128,0.0136,0.0070,0.0087,0.0041,0.0058,0.0046,0.0053,0.0061,0.0032,0.0019,0.0027,0.0038,0.0006,0.0025,0.0004,0.7127,0.1381,0.2697,0.0112,0.0013,0.0232,0.0023,0.0196,0.0015,0.0057,0.0037,0.0077
0.0252,0.0391,0.0170,0.0233,0.0070,0.0081,0.0121,0.0077,0.0020,0.0219,0.0047,0.0087,0.0115,0.0560,0.0218,0.6903,0.0013,0.2697,0.0110,0.2737,0.0000,0.0002,0.0002,0.0007,0.0010,0.0018,0.0006,0.0060
0.0572,0.0134,0.0082,0.0103,0.0039,0.0087,0.0066,0.0076,0.0042,0.0032,0.0014,0.0047,0.0083,0.0275,0.0332,0.0278,0.2854,0.0112,0.2737,0.0306,0.0002,0.0001,0.0002,0.0047,0.0009,0.0080,0.0085,0.0082
0.0046,0.0302,0.0041,0.0106,0.0077,0.0052,0.0085,0.0056,0.0049,0.0056,0.0013,0.0902,0.0032,1.0000,0.0643,0.9999,0.0028,0.0013,0.0000,0.0002,0.0020,0.0008,0.0000,0.0000,0.0001,0.0001,0.0020,0.0015
0.0023,0.0015,0.0019,0.0024,0.0026,0.0043,0.0018,0.0011,0.0019,0.0013,0.0007,0.0062,0.0345,0.1554,1.0000,0.4346,0.9975,0.0232,0.0002,0.0001,0.0008,0.0031,0.0001,0.0001,0.0002,0.0031,0.0017,0.0068
0.0045,0.0274,0.0101,0.0839,0.0387,0.0089,0.0237,0.0093,0.0151,0.0827,0.0068,0.9998,0.1285,1.0000,0.2003,0.0517,0.0190,0.0023,0.0002,0.0002,0.0000,0.0001,0.0002,0.0003,0.0000,0.0000,0.0001,0.0017
0.0020,0.0020,0.0035,0.0051,0.0041,0.0067,0.0033,0.0037,0.0053,0.0168,0.0420,0.0666,1.0000,0.0370,0.9671,0.0053,0.0674,0.0196,0.0007,0.0047,0.0000,0.0001,0.0003,0.0061,0.0001,0.0001,0.0017,0.0016
0.0058,0.0336,0.0131,0.0641,0.0208,0.0177,0.0774,0.0316,0.1453,0.9999,0.2877,0.9998,0.0219,0.0510,0.0045,0.0012,0.0020,0.0015,0.0010,0.0009,0.0001,0.0002,0.0000,0.0001,0.0001,0.0001,0.0000,0.0002
0.0044,0.0021,0.0102,0.0038,0.0020,0.0071,0.0057,0.0139,0.0862,0.2177,1.0000,0.0990,0.7698,0.0016,0.0411,0.0010,0.0042,0.0057,0.0018,0.0080,0.0001,0.0031,0.0000,0.0001,0.0001,0.0004,0.1087,0.0000
0.0045,0.0098,0.0052,0.0067,0.0041,0.0107,0.0143,0.0312,0.0305,0.9717,0.0584,0.0595,0.0061,0.0013,0.0017,0.0014,0.0019,0.0037,0.0006,0.0085,0.0020,0.0017,0.0001,0.0017,0.0000,0.1087,0.0187,0.2597
0.0068,0.0068,0.0143,0.0033,0.0049,0.0250,0.0336,0.0878,0.3337,0.1269,0.1402,0.0057,0.0122,0.0012,0.0019,0.0020,0.0034,0.0077,0.0060,0.0082,0.0015,0.0068,0.0017,0.0016,0.0002,0.0000,0.2597,0.0039