c1,c2,c3,c4,c5,c6,c7,c8,c9,c10,c11,c12,c13,c14,c15,c16,c17,c18,c19,c20,c21,c22,c23,c24,c25,c26,c27,c28
0.0003,0.0024,0.0055,0.0064,0.0554,0.0222,0.0320,0.0161,0.0129,0.0068,0.0040,0.0049,0.0066,0.0060,0.0091,0.0183,0.0061,0.0104,0.0239,0.0391,0.0049,0.0026,0.0060,0.0018,0.0051,0.0035,0.0040,0.0070
0.0024,0.0019,0.0208,0.0000,0.0004,0.0072,0.0075,0.0174,0.0168,0.0064,0.0026,0.0373,0.0180,0.2305,0.0043,0.0359,0.0064,0.0099,0.0302,0.0113,0.0228,0.0014,0.0187,0.0020,0.0200,0.0021,0.0103,0.0083
0.0055,0.0208,0.0323,0.0023,0.0002,0.0180,0.0179,0.0069,0.0156,0.0055,0.0104,0.0118,0.0082,0.0092,0.0066,0.0189,0.0050,0.0059,0.0114,0.0081,0.0032,0.0025,0.0056,0.0028,0.0075,0.0106,0.0050,0.0126
0.0064,0.0000,0.0023,0.0019,0.0039,0.0000,0.0011,0.0127,0.0123,0.0096,0.0245,0.7801,0.0237,0.1553,0.0048,0.0177,0.0046,0.0070,0.0185,0.0074,0.0103,0.0021,0.0680,0.0032,0.0957,0.0042,0.0100,0.0049
0.0554,0.0004,0.0002,0.0039,0.0093,0.0173,0.0002,0.0030,0.0187,0.0227,0.0474,0.4797,0.0130,0.0284,0.0062,0.0090,0.0042,0.0051,0.0058,0.0048,0.0047,0.0029,0.0164,0.0047,0.0101,0.0026,0.0055,0.0078
0.0222,0.0072,0.0180,0.0000,0.0173,0.0027,0.0026,0.0065,0.0354,0.0148,0.1392,0.2952,0.0222,0.0073,0.0016,0.0049,0.0017,0.0032,0.0094,0.0034,0.0042,0.0032,0.0067,0.0031,0.0112,0.0049,0.0130,0.0177
0.0320,0.0075,0.0179,0.0011,0.0002,0.0026,0.0105,0.6720,0.0463,0.0280,0.0051,0.0112,0.0061,0.0023,0.0012,0.0034,0.0018,0.0032,0.0159,0.0036,0.0027,0.0013,0.0107,0.0025,0.0263,0.0044,0.0188,0.0364
0.0161,0.0174,0.0069,0.0127,0.0030,0.0065,0.6720,0.0194,0.3765,0.0006,0.0016,0.0073,0.0009,0.0019,0.0011,0.0049,0.0025,0.0019,0.0047,0.0036,0.0033,0.0012,0.0068,0.0018,0.0117,0.0098,0.0327,0.0687
0.0129,0.0168,0.0156,0.0123,0.0187,0.0354,0.0463,0.3765,0.0015,0.0151,0.0001,0.0001,0.0008,0.0005,0.0021,0.0041,0.0039,0.0028,0.0010,0.0031,0.0042,0.0020,0.0136,0.0036,0.0977,0.0705,0.0335,0.2577
0.0068,0.0064,0.0055,0.0096,0.0227,0.0148,0.0280,0.0006,0.0151,0.0004,0.0015,0.0000,0.0000,0.0000,0.0004,0.0051,0.0025,0.0029,0.0214,0.0024,0.0053,0.0014,0.0963,0.0082,0.9993,0.2921,0.9826,0.1160
0.0040,0.0026,0.0104,0.0245,0.0474,0.1392,0.0051,0.0016,0.0001,0.0015,0.0021,0.0001,0.0000,0.0001,0.0008,0.0020,0.0057,0.0015,0.0046,0.0015,0.0016,0.0012,0.0084,0.0401,0.4437,1.0000,0.0669,0.1267
0.0049,0.0373,0.0118,0.7801,0.4797,0.2952,0.0112,0.0073,0.0001,0.0000,0.0001,0.0001,0.0002,0.0000,0.0000,0.0001,0.0005,0.0022,0.0073,0.0037,0.0808,0.0033,0.9998,0.0825,0.9999,0.2027,0.1191,0.0084
0.0066,0.0180,0.0082,0.0237,0.0130,0.0222,0.0061,0.0009,0.0008,0.0000,0.0000,0.0002,0.0047,0.0000,0.0001,0.0003,0.0035,0.0034,0.0116,0.0065,0.0048,0.0157,0.2625,1.0000,0.0612,0.6590,0.0059,0.0133
0.0060,0.2305,0.0092,0.1553,0.0284,0.0073,0.0023,0.0019,0.0005,0.0000,0.0001,0.0000,0.0000,0.0000,0.0001,0.0000,0.0000,0.0005,0.0451,0.0236,1.0000,0.0521,1.0000,0.1223,0.0902,0.0035,0.0017,0.0014
0.0091,0.0043,0.0066,0.0048,0.0062,0.0016,0.0012,0.0011,0.0021,0.0004,0.0008,0.0000,0.0001,0.0001,0.0010,0.0010,0.0003,0.0019,0.0203,0.0744,0.1433,1.0000,0.2689,0.9721,0.0057,0.0346,0.0021,0.0023
0.0183,0.0359,0.0189,0.0177,0.0090,0.0049,0.0034,0.0049,0.0041,0.0051,0.0020,0.0001,0.0003,0.0000,0.0010,0.0125,0.0012,0.0009,0.6812,0.0274,0.9994,0.3054,0.0311,0.0070,0.0017,0.0013,0.0015,0.0021
0.0061,0.0064,0.0050,0.0046,0.0042,0.0017,0.0018,0.0025,0.0039,0.0025,0.0057,0.0005,0.0035,0.0000,0.0003,0.0012,0.0119,0.8602,0.0018,0.6050,0.0041,0.9997,0.0144,0.0559,0.0021,0.0037,0.0016,0.0027
0.0104,0.0099,0.0059,0.0070,0.0051,0.0032,0.0032,0.0019,0.0028,0.0029,0.0015,0.0022,0.0034,0.0005,0.0019,0.0009,0.8602,0.1893,0.4477,0.0312,0.0011,0.1058,0.0028,0.0142,0.0016,0.0047,0.0028,0.0061
0.0239,0.0302,0.0114,0.0185,0.0058,0.0094,0.0159,0.0047,0.0010,0.0214,0.0046,0.0073,0.0116,0.0451,0.0203,0.6812,0.0018,0.4477,0.0085,0.3610,0.0000,0.0002,0.0003,0.0008,0.0013,0.0027,0.0004,0.0043
0.0391,0.0113,0.0081,0.0074,0.0048,0.0034,0.0036,0.0036,0.0031,0.0024,0.0015,0.0037,0.0065,0.0236,0.0744,0.0274,0.6050,0.0312,0.3610,0.0480,0.0002,0.0001,0.0002,0.0040,0.0012,0.0085,0.0055,0.0102
0.0049,0.0228,0.0032,0.0103,0.0047,0.0042,0.0027,0.0033,0.0042,0.0053,0.0016,0.0808,0.0048,1.0000,0.1433,0.9994,0.0041,0.0011,0.0000,0.0002,0.0021,0.0007,0.0000,0.0000,0.0001,0.0002,0.0019,0.0018
0.0026,0.0014,0.0025,0.0021,0.0029,0.0032,0.0013,0.0012,0.0020,0.0014,0.0012,0.0033,0.0157,0.0521,1.0000,0.3054,0.9997,0.1058,0.0002,0.0001,0.0007,0.0063,0.0000,0.0001,0.0002,0.0032,0.0014,0.0064
0.0060,0.0187,0.0056,0.0680,0.0164,0.0067,0.0107,0.0068,0.0136,0.0963,0.0084,0.9998,0.2625,1.0000,0.2689,0.0311,0.0144,0.0028,0.0003,0.0002,0.0000,0.0000,0.0002,0.0003,0.0000,0.0000,0.0001,0.0034
0.0018,0.0020,0.0028,0.0032,0.0047,0.0031,0.0025,0.0018,0.0036,0.0082,0.0401,0.0825,1.0000,0.1223,0.9721,0.0070,0.0559,0.0142,0.0008,0.0040,0.0000,0.0001,0.0003,0.0078,0.0003,0.0001,0.0015,0.0022
0.0051,0.0200,0.0075,0.0957,0.0101,0.0112,0.0263,0.0117,0.0977,0.9993,0.4437,0.9999,0.0612,0.0902,0.0057,0.0017,0.0021,0.0016,0.0013,0.0012,0.0001,0.0002,0.0000,0.0003,0.0003,0.0001,0.0000,0.0003
0.0035,0.0021,0.0106,0.0042,0.0026,0.0049,0.0044,0.0098,0.0705,0.2921,1.0000,0.2027,0.6590,0.0035,0.0346,0.0013,0.0037,0.0047,0.0027,0.0085,0.0002,0.0032,0.0000,0.0001,0.0001,0.0006,0.0611,0.0000
0.0040,0.0103,0.0050,0.0100,0.0055,0.0130,0.0188,0.0327,0.0335,0.9826,0.0669,0.1191,0.0059,0.0017,0.0021,0.0015,0.0016,0.0028,0.0004,0.0055,0.0019,0.0014,0.0001,0.0015,0.0000,0.0611,0.0126,0.1100
0.0070,0.0083,0.0126,0.0049,0.0078,0.0177,0.0364,0.0687,0.2577,0.1160,0.1267,0.0084,0.0133,0.0014,0.0023,0.0021,0.0027,0.0061,0.0043,0.0102,0.0018,0.0064,0.0034,0.0022,0.0003,0.0000,0.1100,0.0036