c1,c2,c3,c4,c5,c6,c7,c8,c9,c10,c11,c12,c13,c14,c15,c16,c17,c18,c19,c20,c21,c22,c23,c24,c25,c26,c27,c28
0.0013,0.0022,0.0074,0.0023,0.0489,0.0078,0.0139,0.0053,0.0049,0.0080,0.0033,0.0017,0.0036,0.0020,0.0070,0.0105,0.0048,0.0107,0.0290,0.1285,0.0077,0.0060,0.0105,0.0026,0.0114,0.0089,0.0121,0.0128
0.0022,0.0006,0.0190,0.0000,0.0008,0.0020,0.0013,0.0049,0.0037,0.0062,0.0051,0.0102,0.0030,0.0311,0.0045,0.0332,0.0078,0.0226,0.0367,0.0251,0.0258,0.0025,0.0425,0.0048,0.2330,0.0073,0.0758,0.0234
0.0074,0.0190,0.0261,0.0014,0.0002,0.0023,0.0064,0.0050,0.0044,0.0049,0.0042,0.0043,0.0035,0.0047,0.0059,0.0272,0.0078,0.0106,0.0210,0.0202,0.0038,0.0038,0.0122,0.0055,0.0173,0.0320,0.0200,0.0262
0.0023,0.0000,0.0014,0.0000,0.0035,0.0001,0.0001,0.0034,0.0050,0.0156,0.0123,0.0861,0.0094,0.1401,0.0055,0.1148,0.0050,0.0109,0.0507,0.0089,0.0298,0.0025,0.1313,0.0064,0.7558,0.0132,0.0587,0.0093
0.0489,0.0008,0.0002,0.0035,0.0091,0.0079,0.0000,0.0027,0.0037,0.0081,0.0164,0.0359,0.0147,0.0908,0.0101,0.0354,0.0070,0.0057,0.0074,0.0057,0.0074,0.0047,0.0287,0.0099,0.0338,0.0093,0.0259,0.0092
0.0078,0.0020,0.0023,0.0001,0.0079,0.0115,0.0015,0.0001,0.0038,0.0049,0.0153,0.0591,0.0146,0.0293,0.0039,0.0169,0.0033,0.0051,0.0106,0.0082,0.0090,0.0068,0.0268,0.0091,0.0511,0.0276,0.0421,0.0335
0.0139,0.0013,0.0064,0.0001,0.0000,0.0015,0.0007,0.0258,0.0026,0.0123,0.0061,0.1813,0.0450,0.0658,0.0040,0.0100,0.0051,0.0035,0.0151,0.0058,0.0112,0.0029,0.0526,0.0065,0.1306,0.0125,0.0322,0.0238
0.0053,0.0049,0.0050,0.0034,0.0027,0.0001,0.0258,0.0040,0.1634,0.0016,0.0052,0.0559,0.0060,0.0181,0.0030,0.0076,0.0036,0.0025,0.0050,0.0061,0.0056,0.0020,0.0160,0.0029,0.0223,0.0350,0.0474,0.0467
0.0049,0.0037,0.0044,0.0050,0.0037,0.0038,0.0026,0.1634,0.0002,0.1716,0.0031,0.0438,0.0019,0.0022,0.0024,0.0034,0.0031,0.0020,0.0003,0.0030,0.0095,0.0015,0.0393,0.0095,0.3174,0.0312,0.1130,0.0224
0.0080,0.0062,0.0049,0.0156,0.0081,0.0049,0.0123,0.0016,0.1716,0.0142,0.0124,0.0000,0.0003,0.0001,0.0006,0.0039,0.0030,0.0028,0.0087,0.0037,0.0052,0.0021,0.0379,0.0242,0.4622,0.2804,0.2979,0.0519
0.0033,0.0051,0.0042,0.0123,0.0164,0.0153,0.0061,0.0052,0.0031,0.0124,0.0054,0.0002,0.0000,0.0001,0.0006,0.0022,0.0037,0.0018,0.0057,0.0018,0.0024,0.0011,0.0206,0.0241,0.3476,0.9939,0.4346,0.1566
0.0017,0.0102,0.0043,0.0861,0.0359,0.0591,0.1813,0.0559,0.0438,0.0000,0.0002,0.0002,0.0005,0.0000,0.0000,0.0002,0.0006,0.0019,0.0028,0.0028,0.0376,0.0022,0.9993,0.0900,0.9988,0.1613,0.2623,0.0089
0.0036,0.0030,0.0035,0.0094,0.0147,0.0146,0.0450,0.0060,0.0019,0.0003,0.0000,0.0005,0.0040,0.0000,0.0001,0.0004,0.0048,0.0039,0.0171,0.0063,0.0047,0.0078,0.0628,0.9999,0.0271,0.7492,0.0104,0.0328
0.0020,0.0311,0.0047,0.1401,0.0908,0.0293,0.0658,0.0181,0.0022,0.0001,0.0001,0.0000,0.0000,0.0000,0.0001,0.0000,0.0000,0.0006,0.0507,0.0161,1.0000,0.0304,1.0000,0.1199,0.0643,0.0023,0.0017,0.0016
0.0070,0.0045,0.0059,0.0055,0.0101,0.0039,0.0040,0.0030,0.0024,0.0006,0.0006,0.0000,0.0001,0.0001,0.0008,0.0010,0.0003,0.0017,0.0208,0.0228,0.0631,1.0000,0.1646,0.9494,0.0046,0.0134,0.0013,0.0044
0.0105,0.0332,0.0272,0.1148,0.0354,0.0169,0.0100,0.0076,0.0034,0.0039,0.0022,0.0002,0.0004,0.0000,0.0010,0.0060,0.0006,0.0005,0.2898,0.0091,0.9988,0.2419,0.0417,0.0042,0.0013,0.0011,0.0020,0.0027
0.0048,0.0078,0.0078,0.0050,0.0070,0.0033,0.0051,0.0036,0.0031,0.0030,0.0037,0.0006,0.0048,0.0000,0.0003,0.0006,0.0083,0.5897,0.0013,0.2706,0.0021,0.9999,0.0128,0.0678,0.0017,0.0047,0.0019,0.0033
0.0107,0.0226,0.0106,0.0109,0.0057,0.0051,0.0035,0.0025,0.0020,0.0028,0.0018,0.0019,0.0039,0.0006,0.0017,0.0005,0.5897,0.0747,0.2646,0.0206,0.0011,0.1264,0.0022,0.0130,0.0019,0.0073,0.0076,0.0074
0.0290,0.0367,0.0210,0.0507,0.0074,0.0106,0.0151,0.0050,0.0003,0.0087,0.0057,0.0028,0.0171,0.0507,0.0208,0.2898,0.0013,0.2646,0.0016,0.1993,0.0000,0.0003,0.0002,0.0009,0.0018,0.0078,0.0157,0.0049
0.1285,0.0251,0.0202,0.0089,0.0057,0.0082,0.0058,0.0061,0.0030,0.0037,0.0018,0.0028,0.0063,0.0161,0.0228,0.0091,0.2706,0.0206,0.1993,0.0309,0.0002,0.0001,0.0002,0.0031,0.0012,0.0151,0.0072,0.0078
0.0077,0.0258,0.0038,0.0298,0.0074,0.0090,0.0112,0.0056,0.0095,0.0052,0.0024,0.0376,0.0047,1.0000,0.0631,0.9988,0.0021,0.0011,0.0000,0.0002,0.0009,0.0004,0.0000,0.0000,0.0001,0.0002,0.0052,0.0021
0.0060,0.0025,0.0038,0.0025,0.0047,0.0068,0.0029,0.0020,0.0015,0.0021,0.0011,0.0022,0.0078,0.0304,1.0000,0.2419,0.9999,0.1264,0.0003,0.0001,0.0004,0.0027,0.0000,0.0001,0.0001,0.0028,0.0013,0.0047
0.0105,0.0425,0.0122,0.1313,0.0287,0.0268,0.0526,0.0160,0.0393,0.0379,0.0206,0.9993,0.0628,1.0000,0.1646,0.0417,0.0128,0.0022,0.0002,0.0002,0.0000,0.0000,0.0001,0.0003,0.0000,0.0000,0.0000,0.0018
0.0026,0.0048,0.0055,0.0064,0.0099,0.0091,0.0065,0.0029,0.0095,0.0242,0.0241,0.0900,0.9999,0.1199,0.9494,0.0042,0.0678,0.0130,0.0009,0.0031,0.0000,0.0001,0.0003,0.0019,0.0002,0.0000,0.0003,0.0042
0.0114,0.2330,0.0173,0.7558,0.0338,0.0511,0.1306,0.0223,0.3174,0.4622,0.3476,0.9988,0.0271,0.0643,0.0046,0.0013,0.0017,0.0019,0.0018,0.0012,0.0001,0.0001,0.0000,0.0002,0.0004,0.0002,0.0000,0.0001
0.0089,0.0073,0.0320,0.0132,0.0093,0.0276,0.0125,0.0350,0.0312,0.2804,0.9939,0.1613,0.7492,0.0023,0.0134,0.0011,0.0047,0.0073,0.0078,0.0151,0.0002,0.0028,0.0000,0.0000,0.0002,0.0006,0.0004,0.0001
0.0121,0.0758,0.0200,0.0587,0.0259,0.0421,0.0322,0.0474,0.1130,0.2979,0.4346,0.2623,0.0104,0.0017,0.0013,0.0020,0.0019,0.0076,0.0157,0.0072,0.0052,0.0013,0.0000,0.0003,0.0000,0.0004,0.0028,0.0023
0.0128,0.0234,0.0262,0.0093,0.0092,0.0335,0.0238,0.0467,0.0224,0.0519,0.1566,0.0089,0.0328,0.0016,0.0044,0.0027,0.0033,0.0074,0.0049,0.0078,0.0021,0.0047,0.0018,0.0042,0.0001,0.0001,0.0023,0.0116