c1,c2,c3,c4,c5,c6,c7,c8,c9,c10,c11,c12,c13,c14,c15,c16,c17,c18,c19,c20,c21,c22,c23,c24,c25,c26,c27,c28
0.0000,0.0013,0.0015,0.0032,0.0584,0.0106,0.0580,0.0183,0.0234,0.0090,0.0118,0.0087,0.0434,0.0217,0.0372,0.0757,0.0102,0.0153,0.0286,0.0486,0.0054,0.0034,0.0072,0.0021,0.0075,0.0035,0.0045,0.0040
0.0013,0.0004,0.0114,0.0000,0.0003,0.0009,0.0024,0.0076,0.0082,0.0073,0.0048,0.2493,0.0577,0.9680,0.0068,0.0453,0.0060,0.0090,0.0229,0.0074,0.0234,0.0019,0.0439,0.0030,0.0480,0.0024,0.0087,0.0033
0.0015,0.0114,0.0151,0.0011,0.0003,0.0017,0.0076,0.0041,0.0148,0.0053,0.0735,0.0260,0.1582,0.0227,0.0134,0.0153,0.0061,0.0056,0.0068,0.0060,0.0035,0.0026,0.0084,0.0032,0.0068,0.0099,0.0039,0.0130
0.0032,0.0000,0.0011,0.0004,0.0033,0.0001,0.0005,0.0202,0.0129,0.0089,0.1695,0.9997,0.0800,0.0781,0.0036,0.0103,0.0032,0.0046,0.0090,0.0045,0.0043,0.0021,0.0527,0.0040,0.0716,0.0039,0.0050,0.0027
0.0584,0.0003,0.0003,0.0033,0.0065,0.0056,0.0000,0.0038,0.0304,0.0227,0.3322,0.8593,0.0190,0.0106,0.0052,0.0066,0.0043,0.0045,0.0044,0.0048,0.0053,0.0028,0.0157,0.0042,0.0080,0.0037,0.0068,0.0073
0.0106,0.0009,0.0017,0.0001,0.0056,0.0089,0.0062,0.0156,0.0191,0.6807,0.1202,0.2398,0.0060,0.0030,0.0019,0.0057,0.0020,0.0031,0.0056,0.0049,0.0037,0.0027,0.0084,0.0033,0.0131,0.0042,0.0180,0.0122
0.0580,0.0024,0.0076,0.0005,0.0000,0.0062,0.0200,0.6160,0.0056,0.0546,0.0029,0.0020,0.0072,0.0021,0.0035,0.0038,0.0046,0.0050,0.0174,0.0080,0.0043,0.0025,0.0107,0.0040,0.0242,0.0056,0.0415,0.0537
0.0183,0.0076,0.0041,0.0202,0.0038,0.0156,0.6160,0.0077,0.3484,0.0034,0.0005,0.0058,0.0007,0.0013,0.0012,0.0035,0.0020,0.0021,0.0038,0.0063,0.0010,0.0011,0.0067,0.0016,0.0223,0.0074,0.2971,0.0596
0.0234,0.0082,0.0148,0.0129,0.0304,0.0191,0.0056,0.3484,0.0017,0.0140,0.0001,0.0000,0.0002,0.0003,0.0014,0.0029,0.0032,0.0031,0.0006,0.0048,0.0023,0.0016,0.0128,0.0046,0.0590,0.0718,0.9327,0.9032
0.0090,0.0073,0.0053,0.0089,0.0227,0.6807,0.0546,0.0034,0.0140,0.0002,0.0008,0.0000,0.0000,0.0000,0.0002,0.0044,0.0019,0.0024,0.0107,0.0020,0.0030,0.0018,0.0240,0.0126,0.9743,0.1454,0.9994,0.1031
0.0118,0.0048,0.0735,0.1695,0.3322,0.1202,0.0029,0.0005,0.0001,0.0008,0.0025,0.0000,0.0000,0.0000,0.0007,0.0008,0.0057,0.0023,0.0040,0.0014,0.0013,0.0007,0.0083,0.0171,0.0641,0.9998,0.0354,0.9830
0.0087,0.2493,0.0260,0.9997,0.8593,0.2398,0.0020,0.0058,0.0000,0.0000,0.0000,0.0000,0.0004,0.0000,0.0000,0.0000,0.0003,0.0023,0.0052,0.0016,0.0694,0.0027,0.9981,0.1146,0.9999,0.1701,0.1172,0.0068
0.0434,0.0577,0.1582,0.0800,0.0190,0.0060,0.0072,0.0007,0.0002,0.0000,0.0000,0.0004,0.0043,0.0000,0.0001,0.0002,0.0020,0.0027,0.0081,0.0058,0.0039,0.0125,0.1155,0.9999,0.0294,0.5039,0.0039,0.0319
0.0217,0.9680,0.0227,0.0781,0.0106,0.0030,0.0021,0.0013,0.0003,0.0000,0.0000,0.0000,0.0000,0.0013,0.0002,0.0000,0.0000,0.0001,0.0174,0.0136,1.0000,0.0201,1.0000,0.1134,0.3024,0.0075,0.0043,0.0023
0.0372,0.0068,0.0134,0.0036,0.0052,0.0019,0.0035,0.0012,0.0014,0.0002,0.0007,0.0000,0.0001,0.0002,0.0008,0.0011,0.0002,0.0033,0.0156,0.0571,0.1034,1.0000,0.4690,0.9160,0.0073,0.0174,0.0010,0.0026
0.0757,0.0453,0.0153,0.0103,0.0066,0.0057,0.0038,0.0035,0.0029,0.0044,0.0008,0.0000,0.0002,0.0000,0.0011,0.0141,0.0014,0.0003,0.6197,0.0224,0.9997,0.1491,0.1260,0.0048,0.0036,0.0025,0.0022,0.0022
0.0102,0.0060,0.0061,0.0032,0.0043,0.0020,0.0046,0.0020,0.0032,0.0019,0.0057,0.0003,0.0020,0.0000,0.0002,0.0014,0.0124,0.6817,0.0028,0.6018,0.0103,0.9988,0.0156,0.0809,0.0026,0.0070,0.0023,0.0026
0.0153,0.0090,0.0056,0.0046,0.0045,0.0031,0.0050,0.0021,0.0031,0.0024,0.0023,0.0023,0.0027,0.0001,0.0033,0.0003,0.6817,0.1076,0.5065,0.0232,0.0017,0.1682,0.0050,0.0153,0.0029,0.0074,0.0074,0.0061
0.0286,0.0229,0.0068,0.0090,0.0044,0.0056,0.0174,0.0038,0.0006,0.0107,0.0040,0.0052,0.0081,0.0174,0.0156,0.6197,0.0028,0.5065,0.0015,0.2451,0.0001,0.0004,0.0007,0.0009,0.0024,0.0076,0.0140,0.0040
0.0486,0.0074,0.0060,0.0045,0.0048,0.0049,0.0080,0.0063,0.0048,0.0020,0.0014,0.0016,0.0058,0.0136,0.0571,0.0224,0.6018,0.0232,0.2451,0.0304,0.0006,0.0001,0.0002,0.0034,0.0012,0.0141,0.0097,0.0079
0.0054,0.0234,0.0035,0.0043,0.0053,0.0037,0.0043,0.0010,0.0023,0.0030,0.0013,0.0694,0.0039,1.0000,0.1034,0.9997,0.0103,0.0017,0.0001,0.0006,0.0025,0.0087,0.0000,0.0001,0.0002,0.0006,0.0034,0.0014
0.0034,0.0019,0.0026,0.0021,0.0028,0.0027,0.0025,0.0011,0.0016,0.0018,0.0007,0.0027,0.0125,0.0201,1.0000,0.1491,0.9988,0.1682,0.0004,0.0001,0.0087,0.0033,0.0000,0.0002,0.0004,0.0041,0.0012,0.0030
0.0072,0.0439,0.0084,0.0527,0.0157,0.0084,0.0107,0.0067,0.0128,0.0240,0.0083,0.9981,0.1155,1.0000,0.4690,0.1260,0.0156,0.0050,0.0007,0.0002,0.0000,0.0000,0.0002,0.0008,0.0000,0.0000,0.0000,0.0009
0.0021,0.0030,0.0032,0.0040,0.0042,0.0033,0.0040,0.0016,0.0046,0.0126,0.0171,0.1146,0.9999,0.1134,0.9160,0.0048,0.0809,0.0153,0.0009,0.0034,0.0001,0.0002,0.0008,0.0201,0.0005,0.0001,0.0003,0.0013
0.0075,0.0480,0.0068,0.0716,0.0080,0.0131,0.0242,0.0223,0.0590,0.9743,0.0641,0.9999,0.0294,0.3024,0.0073,0.0036,0.0026,0.0029,0.0024,0.0012,0.0002,0.0004,0.0000,0.0005,0.0018,0.0007,0.0000,0.0001
0.0035,0.0024,0.0099,0.0039,0.0037,0.0042,0.0056,0.0074,0.0718,0.1454,0.9998,0.1701,0.5039,0.0075,0.0174,0.0025,0.0070,0.0074,0.0076,0.0141,0.0006,0.0041,0.0000,0.0001,0.0007,0.0022,0.0003,0.0001
0.0045,0.0087,0.0039,0.0050,0.0068,0.0180,0.0415,0.2971,0.9327,0.9994,0.0354,0.1172,0.0039,0.0043,0.0010,0.0022,0.0023,0.0074,0.0140,0.0097,0.0034,0.0012,0.0000,0.0003,0.0000,0.0003,0.0031,0.0018
0.0040,0.0033,0.0130,0.0027,0.0073,0.0122,0.0537,0.0596,0.9032,0.1031,0.9830,0.0068,0.0319,0.0023,0.0026,0.0022,0.0026,0.0061,0.0040,0.0079,0.0014,0.0030,0.0009,0.0013,0.0001,0.0001,0.0018,0.0010