c1,c2,c3,c4,c5,c6,c7,c8,c9,c10,c11,c12,c13,c14,c15,c16,c17,c18,c19,c20,c21,c22,c23,c24,c25,c26,c27,c28
0.0012,0.0001,0.0096,0.1189,0.0398,0.0064,0.0508,0.0108,0.0046,0.0074,0.0010,0.0116,0.0032,0.0137,0.0088,0.0101,0.0044,0.0081,0.0127,0.0373,0.0057,0.0021,0.0332,0.0025,0.0247,0.0027,0.0036,0.0044
0.0001,0.0000,0.0038,0.0000,0.0000,0.0008,0.0016,0.0067,0.0018,0.0027,0.0027,0.7062,0.0143,0.9481,0.0066,0.0222,0.0057,0.0086,0.0236,0.0098,0.0583,0.0016,0.6871,0.0024,0.9933,0.0021,0.0048,0.0031
0.0096,0.0038,0.0156,0.0252,0.0001,0.0019,0.0552,0.0080,0.0072,0.0047,0.0043,0.0473,0.0047,0.0572,0.0062,0.0102,0.0036,0.0047,0.0096,0.0086,0.0051,0.0022,0.0300,0.0030,0.0235,0.0044,0.0037,0.0067
0.1189,0.0000,0.0252,0.0004,0.0038,0.0001,0.0084,0.0820,0.0125,0.0061,0.0149,0.8705,0.0156,0.1007,0.0021,0.0061,0.0020,0.0030,0.0071,0.0038,0.0045,0.0010,0.1658,0.0022,0.2106,0.0018,0.0083,0.0031
0.0398,0.0000,0.0001,0.0038,0.0099,0.0007,0.0001,0.0036,0.0154,0.5036,0.0195,0.9198,0.0082,0.0159,0.0063,0.0059,0.0034,0.0036,0.0050,0.0057,0.0049,0.0023,0.0739,0.0045,0.1620,0.0022,0.0052,0.0053
0.0064,0.0008,0.0019,0.0001,0.0007,0.0045,0.0040,0.0006,0.0080,0.0055,0.1862,0.9741,0.0098,0.0187,0.0015,0.0062,0.0018,0.0029,0.0064,0.0033,0.0072,0.0021,0.0766,0.0028,0.4824,0.0033,0.0098,0.0139
0.0508,0.0016,0.0552,0.0084,0.0001,0.0040,0.0240,0.2140,0.0074,0.0053,0.0019,0.0062,0.0062,0.0051,0.0018,0.0044,0.0033,0.0044,0.0105,0.0046,0.0034,0.0014,0.0255,0.0025,0.0434,0.0044,0.0159,0.0598
0.0108,0.0067,0.0080,0.0820,0.0036,0.0006,0.2140,0.0417,0.5403,0.0003,0.0004,0.0028,0.0007,0.0025,0.0016,0.0079,0.0025,0.0036,0.0051,0.0060,0.0030,0.0012,0.0078,0.0021,0.0499,0.0161,0.0390,0.1361
0.0046,0.0018,0.0072,0.0125,0.0154,0.0080,0.0074,0.5403,0.0039,0.0070,0.0001,0.0000,0.0003,0.0004,0.0022,0.0054,0.0046,0.0031,0.0019,0.0041,0.0042,0.0025,0.0292,0.0051,0.8482,0.0953,0.1327,0.4231
0.0074,0.0027,0.0047,0.0061,0.5036,0.0055,0.0053,0.0003,0.0070,0.0002,0.0022,0.0000,0.0000,0.0000,0.0002,0.0025,0.0021,0.0026,0.0162,0.0034,0.0027,0.0014,0.0462,0.0082,1.0000,0.3599,0.9677,0.2064
0.0010,0.0027,0.0043,0.0149,0.0195,0.1862,0.0019,0.0004,0.0001,0.0022,0.0021,0.0001,0.0001,0.0001,0.0007,0.0024,0.0031,0.0014,0.0038,0.0014,0.0007,0.0009,0.0069,0.1342,0.7394,1.0000,0.0942,0.1391
0.0116,0.7062,0.0473,0.8705,0.9198,0.9741,0.0062,0.0028,0.0000,0.0000,0.0001,0.0000,0.0002,0.0000,0.0000,0.0000,0.0003,0.0016,0.0040,0.0019,0.0281,0.0045,1.0000,0.0872,0.9994,0.0729,0.0188,0.0041
0.0032,0.0143,0.0047,0.0156,0.0082,0.0098,0.0062,0.0007,0.0003,0.0000,0.0001,0.0002,0.0119,0.0001,0.0002,0.0003,0.0027,0.0032,0.0125,0.0055,0.0038,0.0308,0.2422,1.0000,0.0139,0.9526,0.0060,0.0141
0.0137,0.9481,0.0572,0.1007,0.0159,0.0187,0.0051,0.0025,0.0004,0.0000,0.0001,0.0000,0.0001,0.0001,0.0001,0.0000,0.0000,0.0006,0.0391,0.0171,1.0000,0.0982,1.0000,0.0342,0.0050,0.0015,0.0009,0.0011
0.0088,0.0066,0.0062,0.0021,0.0063,0.0015,0.0018,0.0016,0.0022,0.0002,0.0007,0.0000,0.0002,0.0001,0.0013,0.0008,0.0002,0.0031,0.0292,0.1016,0.0972,1.0000,0.0924,0.9832,0.0012,0.0217,0.0016,0.0021
0.0101,0.0222,0.0102,0.0061,0.0059,0.0062,0.0044,0.0079,0.0054,0.0025,0.0024,0.0000,0.0003,0.0000,0.0008,0.0292,0.0007,0.0006,0.8498,0.0426,1.0000,0.1947,0.0264,0.0055,0.0006,0.0013,0.0013,0.0025
0.0044,0.0057,0.0036,0.0020,0.0034,0.0018,0.0033,0.0025,0.0046,0.0021,0.0031,0.0003,0.0027,0.0000,0.0002,0.0007,0.0185,0.9541,0.0058,0.9253,0.0032,0.9998,0.0080,0.0499,0.0005,0.0034,0.0016,0.0035
0.0081,0.0086,0.0047,0.0030,0.0036,0.0029,0.0044,0.0036,0.0031,0.0026,0.0014,0.0016,0.0032,0.0006,0.0031,0.0006,0.9541,0.2610,0.7916,0.0661,0.0011,0.0662,0.0011,0.0104,0.0005,0.0047,0.0027,0.0079
0.0127,0.0236,0.0096,0.0071,0.0050,0.0064,0.0105,0.0051,0.0019,0.0162,0.0038,0.0040,0.0125,0.0391,0.0292,0.8498,0.0058,0.7916,0.0257,0.4193,0.0001,0.0002,0.0001,0.0004,0.0002,0.0023,0.0005,0.0074
0.0373,0.0098,0.0086,0.0038,0.0057,0.0033,0.0046,0.0060,0.0041,0.0034,0.0014,0.0019,0.0055,0.0171,0.1016,0.0426,0.9253,0.0661,0.4193,0.0557,0.0001,0.0001,0.0001,0.0028,0.0003,0.0060,0.0065,0.0095
0.0057,0.0583,0.0051,0.0045,0.0049,0.0072,0.0034,0.0030,0.0042,0.0027,0.0007,0.0281,0.0038,1.0000,0.0972,1.0000,0.0032,0.0011,0.0001,0.0001,0.0158,0.0006,0.0000,0.0000,0.0000,0.0002,0.0015,0.0025
0.0021,0.0016,0.0022,0.0010,0.0023,0.0021,0.0014,0.0012,0.0025,0.0014,0.0009,0.0045,0.0308,0.0982,1.0000,0.1947,0.9998,0.0662,0.0002,0.0001,0.0006,0.0124,0.0000,0.0007,0.0000,0.0030,0.0009,0.0040
0.0332,0.6871,0.0300,0.1658,0.0739,0.0766,0.0255,0.0078,0.0292,0.0462,0.0069,1.0000,0.2422,1.0000,0.0924,0.0264,0.0080,0.0011,0.0001,0.0001,0.0000,0.0000,0.0002,0.0003,0.0000,0.0000,0.0000,0.0018
0.0025,0.0024,0.0030,0.0022,0.0045,0.0028,0.0025,0.0021,0.0051,0.0082,0.1342,0.0872,1.0000,0.0342,0.9832,0.0055,0.0499,0.0104,0.0004,0.0028,0.0000,0.0007,0.0003,0.0145,0.0000,0.0001,0.0013,0.0023
0.0247,0.9933,0.0235,0.2106,0.1620,0.4824,0.0434,0.0499,0.8482,1.0000,0.7394,0.9994,0.0139,0.0050,0.0012,0.0006,0.0005,0.0005,0.0002,0.0003,0.0000,0.0000,0.0000,0.0000,0.0000,0.0001,0.0000,0.0001
0.0027,0.0021,0.0044,0.0018,0.0022,0.0033,0.0044,0.0161,0.0953,0.3599,1.0000,0.0729,0.9526,0.0015,0.0217,0.0013,0.0034,0.0047,0.0023,0.0060,0.0002,0.0030,0.0000,0.0001,0.0001,0.0004,0.1071,0.0000
0.0036,0.0048,0.0037,0.0083,0.0052,0.0098,0.0159,0.0390,0.1327,0.9677,0.0942,0.0188,0.0060,0.0009,0.0016,0.0013,0.0016,0.0027,0.0005,0.0065,0.0015,0.0009,0.0000,0.0013,0.0000,0.1071,0.1326,0.5332
0.0044,0.0031,0.0067,0.0031,0.0053,0.0139,0.0598,0.1361,0.4231,0.2064,0.1391,0.0041,0.0141,0.0011,0.0021,0.0025,0.0035,0.0079,0.0074,0.0095,0.0025,0.0040,0.0018,0.0023,0.0001,0.0000,0.5332,0.0024