c1,c2,c3,c4,c5,c6,c7,c8,c9,c10,c11,c12,c13,c14,c15,c16,c17,c18,c19,c20,c21,c22,c23,c24,c25,c26,c27,c28
0.0000,0.0017,0.0031,0.0018,0.0586,0.0109,0.0434,0.0078,0.0144,0.0034,0.0072,0.0063,0.0400,0.0253,0.1742,0.0360,0.0129,0.0091,0.0195,0.0165,0.0053,0.0029,0.0046,0.0024,0.0053,0.0052,0.0028,0.0054
0.0017,0.0009,0.0103,0.0000,0.0003,0.0011,0.0041,0.0106,0.0112,0.0043,0.0029,0.0862,0.0278,0.9967,0.0089,0.0614,0.0059,0.0066,0.0187,0.0076,0.0234,0.0017,0.0426,0.0019,0.0270,0.0014,0.0080,0.0050
0.0031,0.0103,0.0231,0.0004,0.0004,0.0015,0.0157,0.0031,0.0144,0.0028,0.0970,0.0177,0.3832,0.0167,0.0241,0.0105,0.0072,0.0049,0.0077,0.0069,0.0030,0.0026,0.0062,0.0036,0.0040,0.0124,0.0031,0.0075
0.0018,0.0000,0.0004,0.0007,0.0038,0.0000,0.0003,0.0081,0.0092,0.0101,0.1069,0.9999,0.0180,0.5430,0.0037,0.0132,0.0034,0.0053,0.0126,0.0075,0.0104,0.0028,0.1593,0.0029,0.0655,0.0031,0.0056,0.0024
0.0586,0.0003,0.0004,0.0038,0.0090,0.0032,0.0003,0.0028,0.0450,0.0075,0.7399,0.3684,0.0191,0.0107,0.0057,0.0042,0.0049,0.0055,0.0046,0.0069,0.0044,0.0030,0.0101,0.0051,0.0046,0.0043,0.0035,0.0084
0.0109,0.0011,0.0015,0.0000,0.0032,0.0013,0.0071,0.0446,0.0177,0.7486,0.4299,0.8140,0.0097,0.0082,0.0016,0.0038,0.0009,0.0020,0.0060,0.0027,0.0060,0.0025,0.0085,0.0036,0.0114,0.0031,0.0175,0.0105
0.0434,0.0041,0.0157,0.0003,0.0003,0.0071,0.0569,0.7857,0.0210,0.0216,0.0051,0.0032,0.0090,0.0017,0.0023,0.0033,0.0032,0.0036,0.0085,0.0054,0.0038,0.0022,0.0074,0.0031,0.0059,0.0034,0.0181,0.0452
0.0078,0.0106,0.0031,0.0081,0.0028,0.0446,0.7857,0.0117,0.4025,0.0079,0.0003,0.0020,0.0005,0.0014,0.0010,0.0070,0.0024,0.0016,0.0031,0.0035,0.0026,0.0012,0.0058,0.0013,0.0247,0.0059,0.1821,0.1533
0.0144,0.0112,0.0144,0.0092,0.0450,0.0177,0.0210,0.4025,0.0022,0.0130,0.0000,0.0000,0.0003,0.0002,0.0015,0.0052,0.0042,0.0033,0.0005,0.0039,0.0040,0.0022,0.0095,0.0040,0.0955,0.0907,0.2639,0.9343
0.0034,0.0043,0.0028,0.0101,0.0075,0.7486,0.0216,0.0079,0.0130,0.0005,0.0004,0.0000,0.0000,0.0000,0.0003,0.0088,0.0019,0.0022,0.0058,0.0020,0.0039,0.0014,0.0216,0.0046,0.9993,0.1992,0.9989,0.2587
0.0072,0.0029,0.0970,0.1069,0.7399,0.4299,0.0051,0.0003,0.0000,0.0004,0.0015,0.0000,0.0000,0.0000,0.0008,0.0009,0.0068,0.0019,0.0028,0.0011,0.0013,0.0007,0.0068,0.0272,0.1648,1.0000,0.0647,0.1846
0.0063,0.0862,0.0177,0.9999,0.3684,0.8140,0.0032,0.0020,0.0000,0.0000,0.0000,0.0001,0.0002,0.0000,0.0000,0.0001,0.0004,0.0022,0.0047,0.0029,0.0304,0.0030,0.9995,0.0434,0.9998,0.1087,0.0454,0.0045
0.0400,0.0278,0.3832,0.0180,0.0191,0.0097,0.0090,0.0005,0.0003,0.0000,0.0000,0.0002,0.0027,0.0000,0.0001,0.0002,0.0023,0.0030,0.0087,0.0058,0.0043,0.0089,0.1324,1.0000,0.0409,0.9457,0.0036,0.0075
0.0253,0.9967,0.0167,0.5430,0.0107,0.0082,0.0017,0.0014,0.0002,0.0000,0.0000,0.0000,0.0000,0.0000,0.0001,0.0000,0.0000,0.0001,0.0275,0.0150,1.0000,0.0340,1.0000,0.1196,0.2418,0.0036,0.0017,0.0007
0.1742,0.0089,0.0241,0.0037,0.0057,0.0016,0.0023,0.0010,0.0015,0.0003,0.0008,0.0000,0.0001,0.0001,0.0022,0.0008,0.0001,0.0020,0.0470,0.0595,0.1070,1.0000,0.1399,0.8703,0.0049,0.0363,0.0011,0.0016
0.0360,0.0614,0.0105,0.0132,0.0042,0.0038,0.0033,0.0070,0.0052,0.0088,0.0009,0.0001,0.0002,0.0000,0.0008,0.0075,0.0006,0.0009,0.8654,0.0161,0.9999,0.1685,0.0846,0.0070,0.0042,0.0017,0.0018,0.0019
0.0129,0.0059,0.0072,0.0034,0.0049,0.0009,0.0032,0.0024,0.0042,0.0019,0.0068,0.0004,0.0023,0.0000,0.0001,0.0006,0.0110,0.8689,0.0051,0.8609,0.0060,0.9993,0.0291,0.0689,0.0020,0.0032,0.0016,0.0021
0.0091,0.0066,0.0049,0.0053,0.0055,0.0020,0.0036,0.0016,0.0033,0.0022,0.0019,0.0022,0.0030,0.0001,0.0020,0.0009,0.8689,0.1826,0.7756,0.0434,0.0034,0.0929,0.0046,0.0100,0.0023,0.0033,0.0030,0.0053
0.0195,0.0187,0.0077,0.0126,0.0046,0.0060,0.0085,0.0031,0.0005,0.0058,0.0028,0.0047,0.0087,0.0275,0.0470,0.8654,0.0051,0.7756,0.0029,0.4701,0.0001,0.0003,0.0004,0.0011,0.0020,0.0026,0.0012,0.0049
0.0165,0.0076,0.0069,0.0075,0.0069,0.0027,0.0054,0.0035,0.0039,0.0020,0.0011,0.0029,0.0058,0.0150,0.0595,0.0161,0.8609,0.0434,0.4701,0.0565,0.0002,0.0002,0.0002,0.0056,0.0010,0.0057,0.0051,0.0093
0.0053,0.0234,0.0030,0.0104,0.0044,0.0060,0.0038,0.0026,0.0040,0.0039,0.0013,0.0304,0.0043,1.0000,0.1070,0.9999,0.0060,0.0034,0.0001,0.0002,0.0028,0.0013,0.0000,0.0001,0.0002,0.0003,0.0012,0.0020
0.0029,0.0017,0.0026,0.0028,0.0030,0.0025,0.0022,0.0012,0.0022,0.0014,0.0007,0.0030,0.0089,0.0340,1.0000,0.1685,0.9993,0.0929,0.0003,0.0002,0.0013,0.0132,0.0001,0.0002,0.0004,0.0035,0.0009,0.0056
0.0046,0.0426,0.0062,0.1593,0.0101,0.0085,0.0074,0.0058,0.0095,0.0216,0.0068,0.9995,0.1324,1.0000,0.1399,0.0846,0.0291,0.0046,0.0004,0.0002,0.0000,0.0001,0.0007,0.0006,0.0000,0.0000,0.0000,0.0017
0.0024,0.0019,0.0036,0.0029,0.0051,0.0036,0.0031,0.0013,0.0040,0.0046,0.0272,0.0434,1.0000,0.1196,0.8703,0.0070,0.0689,0.0100,0.0011,0.0056,0.0001,0.0002,0.0006,0.0095,0.0008,0.0000,0.0016,0.0039
0.0053,0.0270,0.0040,0.0655,0.0046,0.0114,0.0059,0.0247,0.0955,0.9993,0.1648,0.9998,0.0409,0.2418,0.0049,0.0042,0.0020,0.0023,0.0020,0.0010,0.0002,0.0004,0.0000,0.0008,0.0001,0.0002,0.0000,0.0005
0.0052,0.0014,0.0124,0.0031,0.0043,0.0031,0.0034,0.0059,0.0907,0.1992,1.0000,0.1087,0.9457,0.0036,0.0363,0.0017,0.0032,0.0033,0.0026,0.0057,0.0003,0.0035,0.0000,0.0000,0.0002,0.0005,0.0109,0.0000
0.0028,0.0080,0.0031,0.0056,0.0035,0.0175,0.0181,0.1821,0.2639,0.9989,0.0647,0.0454,0.0036,0.0017,0.0011,0.0018,0.0016,0.0030,0.0012,0.0051,0.0012,0.0009,0.0000,0.0016,0.0000,0.0109,0.0180,0.0372
0.0054,0.0050,0.0075,0.0024,0.0084,0.0105,0.0452,0.1533,0.9343,0.2587,0.1846,0.0045,0.0075,0.0007,0.0016,0.0019,0.0021,0.0053,0.0049,0.0093,0.0020,0.0056,0.0017,0.0039,0.0005,0.0000,0.0372,0.0019