c1,c2,c3,c4,c5,c6,c7,c8,c9,c10,c11,c12,c13,c14,c15,c16,c17,c18,c19,c20,c21,c22,c23,c24,c25,c26,c27,c28
0.0005,0.0026,0.0015,0.0145,0.0395,0.0274,0.0396,0.0164,0.0061,0.0050,0.0035,0.0170,0.0065,0.0116,0.0125,0.0115,0.0058,0.0075,0.0138,0.0117,0.0052,0.0024,0.0100,0.0018,0.0170,0.0034,0.0034,0.0051
0.0026,0.0004,0.0176,0.0000,0.0007,0.0223,0.0076,0.0203,0.0068,0.0060,0.0030,0.1078,0.0364,0.0742,0.0053,0.0275,0.0058,0.0092,0.0187,0.0057,0.0278,0.0018,0.0534,0.0024,0.0310,0.0019,0.0055,0.0042
0.0015,0.0176,0.0297,0.0048,0.0003,0.0250,0.0285,0.0088,0.0110,0.0046,0.0079,0.0287,0.0078,0.0077,0.0081,0.0117,0.0047,0.0066,0.0078,0.0051,0.0036,0.0027,0.0096,0.0033,0.0122,0.0087,0.0042,0.0097
0.0145,0.0000,0.0048,0.0014,0.0047,0.0000,0.0052,0.0314,0.0153,0.0095,0.0336,0.5397,0.0176,0.0814,0.0037,0.0092,0.0029,0.0055,0.0079,0.0064,0.0061,0.0021,0.0655,0.0031,0.0628,0.0041,0.0105,0.0048
0.0395,0.0007,0.0003,0.0047,0.0066,0.0104,0.0002,0.0029,0.0165,0.0529,0.0426,0.4825,0.0084,0.0143,0.0054,0.0066,0.0039,0.0049,0.0044,0.0057,0.0037,0.0029,0.0192,0.0043,0.0349,0.0037,0.0068,0.0075
0.0274,0.0223,0.0250,0.0000,0.0104,0.0018,0.0033,0.0057,0.0327,0.0065,0.1201,0.4593,0.0154,0.0091,0.0016,0.0047,0.0013,0.0031,0.0044,0.0025,0.0038,0.0025,0.0107,0.0034,0.0060,0.0043,0.0177,0.0286
0.0396,0.0076,0.0285,0.0052,0.0002,0.0033,0.0106,0.4230,0.0348,0.0022,0.0021,0.0063,0.0047,0.0021,0.0012,0.0031,0.0021,0.0037,0.0115,0.0040,0.0032,0.0015,0.0107,0.0034,0.0245,0.0074,0.0388,0.1442
0.0164,0.0203,0.0088,0.0314,0.0029,0.0057,0.4230,0.0285,0.5982,0.0002,0.0007,0.0027,0.0008,0.0017,0.0013,0.0027,0.0021,0.0020,0.0027,0.0015,0.0028,0.0012,0.0054,0.0018,0.0252,0.0181,0.0983,0.2223
0.0061,0.0068,0.0110,0.0153,0.0165,0.0327,0.0348,0.5982,0.0003,0.0088,0.0001,0.0000,0.0004,0.0005,0.0015,0.0024,0.0029,0.0022,0.0002,0.0022,0.0034,0.0021,0.0170,0.0046,0.4774,0.2752,0.2202,0.7572
0.0050,0.0060,0.0046,0.0095,0.0529,0.0065,0.0022,0.0002,0.0088,0.0003,0.0013,0.0000,0.0000,0.0000,0.0003,0.0049,0.0044,0.0038,0.0192,0.0034,0.0057,0.0023,0.0374,0.0099,1.0000,0.3923,0.9970,0.1880
0.0035,0.0030,0.0079,0.0336,0.0426,0.1201,0.0021,0.0007,0.0001,0.0013,0.0024,0.0001,0.0001,0.0002,0.0008,0.0021,0.0071,0.0020,0.0048,0.0010,0.0019,0.0016,0.0117,0.1617,0.4159,1.0000,0.0362,0.1390
0.0170,0.1078,0.0287,0.5397,0.4825,0.4593,0.0063,0.0027,0.0000,0.0000,0.0001,0.0002,0.0005,0.0000,0.0000,0.0001,0.0004,0.0033,0.0108,0.0044,0.0864,0.0058,0.9995,0.1562,0.9970,0.1107,0.0732,0.0082
0.0065,0.0364,0.0078,0.0176,0.0084,0.0154,0.0047,0.0008,0.0004,0.0000,0.0001,0.0005,0.0113,0.0003,0.0001,0.0005,0.0029,0.0032,0.0114,0.0038,0.0060,0.0240,0.2714,1.0000,0.0447,0.6358,0.0044,0.0071
0.0116,0.0742,0.0077,0.0814,0.0143,0.0091,0.0021,0.0017,0.0005,0.0000,0.0002,0.0000,0.0003,0.0008,0.0002,0.0000,0.0000,0.0013,0.0485,0.0201,1.0000,0.2425,0.9998,0.0893,0.0669,0.0046,0.0027,0.0019
0.0125,0.0053,0.0081,0.0037,0.0054,0.0016,0.0012,0.0013,0.0015,0.0003,0.0008,0.0000,0.0001,0.0002,0.0020,0.0010,0.0002,0.0020,0.0217,0.1052,0.2041,1.0000,0.3311,0.7871,0.0104,0.0197,0.0016,0.0019
0.0115,0.0275,0.0117,0.0092,0.0066,0.0047,0.0031,0.0027,0.0024,0.0049,0.0021,0.0001,0.0005,0.0000,0.0010,0.0094,0.0012,0.0006,0.5101,0.0334,0.9983,0.4773,0.1257,0.0129,0.0030,0.0015,0.0015,0.0022
0.0058,0.0058,0.0047,0.0029,0.0039,0.0013,0.0021,0.0021,0.0029,0.0044,0.0071,0.0004,0.0029,0.0000,0.0002,0.0012,0.0201,0.8146,0.0027,0.9134,0.0088,0.9900,0.0234,0.0483,0.0012,0.0056,0.0016,0.0024
0.0075,0.0092,0.0066,0.0055,0.0049,0.0031,0.0037,0.0020,0.0022,0.0038,0.0020,0.0033,0.0032,0.0013,0.0020,0.0006,0.8146,0.2403,0.3683,0.0444,0.0009,0.0568,0.0038,0.0107,0.0019,0.0043,0.0030,0.0060
0.0138,0.0187,0.0078,0.0079,0.0044,0.0044,0.0115,0.0027,0.0002,0.0192,0.0048,0.0108,0.0114,0.0485,0.0217,0.5101,0.0027,0.3683,0.0031,0.5209,0.0001,0.0006,0.0013,0.0010,0.0020,0.0033,0.0012,0.0066
0.0117,0.0057,0.0051,0.0064,0.0057,0.0025,0.0040,0.0015,0.0022,0.0034,0.0010,0.0044,0.0038,0.0201,0.1052,0.0334,0.9134,0.0444,0.5209,0.0575,0.0028,0.0003,0.0002,0.0011,0.0006,0.0089,0.0030,0.0061
0.0052,0.0278,0.0036,0.0061,0.0037,0.0038,0.0032,0.0028,0.0034,0.0057,0.0019,0.0864,0.0060,1.0000,0.2041,0.9983,0.0088,0.0009,0.0001,0.0028,0.0032,0.0005,0.0000,0.0001,0.0007,0.0004,0.0025,0.0019
0.0024,0.0018,0.0027,0.0021,0.0029,0.0025,0.0015,0.0012,0.0021,0.0023,0.0016,0.0058,0.0240,0.2425,1.0000,0.4773,0.9900,0.0568,0.0006,0.0003,0.0005,0.0037,0.0000,0.0001,0.0001,0.0044,0.0007,0.0034
0.0100,0.0534,0.0096,0.0655,0.0192,0.0107,0.0107,0.0054,0.0170,0.0374,0.0117,0.9995,0.2714,0.9998,0.3311,0.1257,0.0234,0.0038,0.0013,0.0002,0.0000,0.0000,0.0009,0.0012,0.0000,0.0000,0.0001,0.0009
0.0018,0.0024,0.0033,0.0031,0.0043,0.0034,0.0034,0.0018,0.0046,0.0099,0.1617,0.1562,1.0000,0.0893,0.7871,0.0129,0.0483,0.0107,0.0010,0.0011,0.0001,0.0001,0.0012,0.0051,0.0003,0.0000,0.0011,0.0028
0.0170,0.0310,0.0122,0.0628,0.0349,0.0060,0.0245,0.0252,0.4774,1.0000,0.4159,0.9970,0.0447,0.0669,0.0104,0.0030,0.0012,0.0019,0.0020,0.0006,0.0007,0.0001,0.0000,0.0003,0.0000,0.0001,0.0000,0.0001
0.0034,0.0019,0.0087,0.0041,0.0037,0.0043,0.0074,0.0181,0.2752,0.3923,1.0000,0.1107,0.6358,0.0046,0.0197,0.0015,0.0056,0.0043,0.0033,0.0089,0.0004,0.0044,0.0000,0.0000,0.0001,0.0006,0.0092,0.0000
0.0034,0.0055,0.0042,0.0105,0.0068,0.0177,0.0388,0.0983,0.2202,0.9970,0.0362,0.0732,0.0044,0.0027,0.0016,0.0015,0.0016,0.0030,0.0012,0.0030,0.0025,0.0007,0.0001,0.0011,0.0000,0.0092,0.0205,0.0499
0.0051,0.0042,0.0097,0.0048,0.0075,0.0286,0.1442,0.2223,0.7572,0.1880,0.1390,0.0082,0.0071,0.0019,0.0019,0.0022,0.0024,0.0060,0.0066,0.0061,0.0019,0.0034,0.0009,0.0028,0.0001,0.0000,0.0499,0.0016