c1,c2,c3,c4,c5,c6,c7,c8,c9,c10,c11,c12,c13,c14,c15,c16,c17,c18,c19,c20,c21,c22,c23,c24,c25,c26,c27,c28
0.0000,0.0034,0.0033,0.0135,0.1556,0.0230,0.1266,0.0263,0.0440,0.0112,0.0130,0.0059,0.0254,0.0211,0.0311,0.0435,0.0131,0.0165,0.0290,0.0450,0.0066,0.0038,0.0076,0.0023,0.0029,0.0027,0.0049,0.0043
0.0034,0.0010,0.0184,0.0000,0.0004,0.0012,0.0041,0.0103,0.0140,0.0078,0.0075,0.0359,0.0199,0.4217,0.0075,0.0307,0.0052,0.0089,0.0152,0.0099,0.0175,0.0021,0.0228,0.0030,0.0351,0.0031,0.0304,0.0142
0.0033,0.0184,0.0160,0.0035,0.0004,0.0031,0.0073,0.0041,0.0166,0.0063,0.0172,0.0126,0.0304,0.0131,0.0101,0.0155,0.0042,0.0056,0.0077,0.0057,0.0030,0.0028,0.0067,0.0034,0.0069,0.0101,0.0069,0.0411
0.0135,0.0000,0.0035,0.0004,0.0104,0.0001,0.0004,0.0284,0.0226,0.0174,0.0551,0.8972,0.0528,0.0874,0.0033,0.0081,0.0027,0.0039,0.0083,0.0050,0.0044,0.0023,0.0290,0.0043,0.1148,0.0062,0.0128,0.0047
0.1556,0.0004,0.0004,0.0104,0.0097,0.0086,0.0001,0.0038,0.0322,0.0253,0.0431,0.4099,0.0111,0.0077,0.0035,0.0075,0.0035,0.0043,0.0045,0.0045,0.0046,0.0040,0.0120,0.0038,0.0111,0.0041,0.0140,0.0147
0.0230,0.0012,0.0031,0.0001,0.0086,0.0095,0.0035,0.0036,0.0215,0.1841,0.0678,0.1269,0.0098,0.0056,0.0019,0.0039,0.0019,0.0033,0.0048,0.0051,0.0048,0.0039,0.0063,0.0030,0.0135,0.0051,0.0283,0.0571
0.1266,0.0041,0.0073,0.0004,0.0001,0.0035,0.0088,0.5077,0.0031,0.0204,0.0013,0.0028,0.0083,0.0053,0.0029,0.0033,0.0031,0.0038,0.0120,0.0053,0.0050,0.0026,0.0137,0.0043,0.0424,0.0069,0.0857,0.1386
0.0263,0.0103,0.0041,0.0284,0.0038,0.0036,0.5077,0.0042,0.4097,0.0011,0.0003,0.0024,0.0006,0.0015,0.0010,0.0033,0.0021,0.0017,0.0029,0.0051,0.0026,0.0012,0.0077,0.0012,0.0262,0.0081,0.5540,0.3872
0.0440,0.0140,0.0166,0.0226,0.0322,0.0215,0.0031,0.4097,0.0004,0.0095,0.0001,0.0000,0.0003,0.0004,0.0018,0.0024,0.0032,0.0027,0.0002,0.0032,0.0032,0.0021,0.0089,0.0064,0.0554,0.0625,0.7054,0.9836
0.0112,0.0078,0.0063,0.0174,0.0253,0.1841,0.0204,0.0011,0.0095,0.0003,0.0009,0.0000,0.0000,0.0001,0.0003,0.0033,0.0016,0.0030,0.0090,0.0023,0.0054,0.0023,0.0396,0.0116,0.9912,0.0975,0.9997,0.0561
0.0130,0.0075,0.0172,0.0551,0.0431,0.0678,0.0013,0.0003,0.0001,0.0009,0.0024,0.0000,0.0001,0.0001,0.0016,0.0019,0.0083,0.0023,0.0052,0.0019,0.0021,0.0021,0.0096,0.0993,0.2395,0.9994,0.0393,0.5123
0.0059,0.0359,0.0126,0.8972,0.4099,0.1269,0.0028,0.0024,0.0000,0.0000,0.0000,0.0000,0.0003,0.0000,0.0000,0.0000,0.0003,0.0027,0.0088,0.0036,0.0678,0.0059,0.9998,0.1944,1.0000,0.3833,0.1350,0.0052
0.0254,0.0199,0.0304,0.0528,0.0111,0.0098,0.0083,0.0006,0.0003,0.0000,0.0001,0.0003,0.0027,0.0001,0.0001,0.0004,0.0022,0.0022,0.0122,0.0069,0.0055,0.0115,0.2350,0.9999,0.0903,0.6013,0.0030,0.0205
0.0211,0.4217,0.0131,0.0874,0.0077,0.0056,0.0053,0.0015,0.0004,0.0001,0.0001,0.0000,0.0001,0.0016,0.0002,0.0000,0.0000,0.0002,0.0310,0.0109,1.0000,0.0060,0.9999,0.0812,0.2533,0.0080,0.0035,0.0015
0.0311,0.0075,0.0101,0.0033,0.0035,0.0019,0.0029,0.0010,0.0018,0.0003,0.0016,0.0000,0.0001,0.0002,0.0013,0.0022,0.0001,0.0020,0.0280,0.0356,0.1282,1.0000,0.5629,0.9646,0.0077,0.0150,0.0008,0.0013
0.0435,0.0307,0.0155,0.0081,0.0075,0.0039,0.0033,0.0033,0.0024,0.0033,0.0019,0.0000,0.0004,0.0000,0.0022,0.0105,0.0012,0.0007,0.7937,0.0226,0.9991,0.1403,0.0806,0.0075,0.0023,0.0020,0.0019,0.0018
0.0131,0.0052,0.0042,0.0027,0.0035,0.0019,0.0031,0.0021,0.0032,0.0016,0.0083,0.0003,0.0022,0.0000,0.0001,0.0012,0.0169,0.9098,0.0020,0.4326,0.0097,0.9985,0.0202,0.1007,0.0022,0.0062,0.0020,0.0026
0.0165,0.0089,0.0056,0.0039,0.0043,0.0033,0.0038,0.0017,0.0027,0.0030,0.0023,0.0027,0.0022,0.0002,0.0020,0.0007,0.9098,0.0994,0.4979,0.0348,0.0015,0.0944,0.0053,0.0127,0.0020,0.0049,0.0047,0.0057
0.0290,0.0152,0.0077,0.0083,0.0045,0.0048,0.0120,0.0029,0.0002,0.0090,0.0052,0.0088,0.0122,0.0310,0.0280,0.7937,0.0020,0.4979,0.0010,0.3382,0.0001,0.0002,0.0006,0.0011,0.0026,0.0049,0.0090,0.0065
0.0450,0.0099,0.0057,0.0050,0.0045,0.0051,0.0053,0.0051,0.0032,0.0023,0.0019,0.0036,0.0069,0.0109,0.0356,0.0226,0.4326,0.0348,0.3382,0.0471,0.0005,0.0001,0.0002,0.0048,0.0010,0.0135,0.0070,0.0114
0.0066,0.0175,0.0030,0.0044,0.0046,0.0048,0.0050,0.0026,0.0032,0.0054,0.0021,0.0678,0.0055,1.0000,0.1282,0.9991,0.0097,0.0015,0.0001,0.0005,0.0024,0.0025,0.0000,0.0001,0.0002,0.0005,0.0050,0.0018
0.0038,0.0021,0.0028,0.0023,0.0040,0.0039,0.0026,0.0012,0.0021,0.0023,0.0021,0.0059,0.0115,0.0060,1.0000,0.1403,0.9985,0.0944,0.0002,0.0001,0.0025,0.0051,0.0001,0.0001,0.0002,0.0067,0.0018,0.0058
0.0076,0.0228,0.0067,0.0290,0.0120,0.0063,0.0137,0.0077,0.0089,0.0396,0.0096,0.9998,0.2350,0.9999,0.5629,0.0806,0.0202,0.0053,0.0006,0.0002,0.0000,0.0001,0.0003,0.0006,0.0000,0.0000,0.0000,0.0004
0.0023,0.0030,0.0034,0.0043,0.0038,0.0030,0.0043,0.0012,0.0064,0.0116,0.0993,0.1944,0.9999,0.0812,0.9646,0.0075,0.1007,0.0127,0.0011,0.0048,0.0001,0.0001,0.0006,0.0026,0.0001,0.0001,0.0002,0.0011
0.0029,0.0351,0.0069,0.1148,0.0111,0.0135,0.0424,0.0262,0.0554,0.9912,0.2395,1.0000,0.0903,0.2533,0.0077,0.0023,0.0022,0.0020,0.0026,0.0010,0.0002,0.0002,0.0000,0.0001,0.0004,0.0004,0.0000,0.0000
0.0027,0.0031,0.0101,0.0062,0.0041,0.0051,0.0069,0.0081,0.0625,0.0975,0.9994,0.3833,0.6013,0.0080,0.0150,0.0020,0.0062,0.0049,0.0049,0.0135,0.0005,0.0067,0.0000,0.0001,0.0004,0.0058,0.0003,0.0001
0.0049,0.0304,0.0069,0.0128,0.0140,0.0283,0.0857,0.5540,0.7054,0.9997,0.0393,0.1350,0.0030,0.0035,0.0008,0.0019,0.0020,0.0047,0.0090,0.0070,0.0050,0.0018,0.0000,0.0002,0.0000,0.0003,0.0014,0.0002
0.0043,0.0142,0.0411,0.0047,0.0147,0.0571,0.1386,0.3872,0.9836,0.0561,0.5123,0.0052,0.0205,0.0015,0.0013,0.0018,0.0026,0.0057,0.0065,0.0114,0.0018,0.0058,0.0004,0.0011,0.0000,0.0001,0.0002,0.0004