c1,c2,c3,c4,c5,c6,c7,c8,c9,c10,c11,c12,c13,c14,c15,c16,c17,c18,c19,c20,c21,c22,c23,c24,c25,c26,c27,c28
0.0000,0.0047,0.0063,0.0195,0.0869,0.0204,0.0618,0.0558,0.0294,0.0093,0.0054,0.0029,0.0086,0.0047,0.0100,0.0238,0.0067,0.0094,0.0235,0.0227,0.0057,0.0030,0.0065,0.0017,0.0063,0.0027,0.0064,0.0049
0.0047,0.0023,0.0244,0.0000,0.0006,0.0025,0.0093,0.0221,0.0148,0.0050,0.0028,0.0180,0.0174,0.4561,0.0052,0.0332,0.0066,0.0080,0.0154,0.0079,0.0235,0.0015,0.0177,0.0026,0.0262,0.0023,0.0124,0.0053
0.0063,0.0244,0.0151,0.0025,0.0002,0.0028,0.0151,0.0058,0.0140,0.0058,0.0102,0.0129,0.0151,0.0286,0.0089,0.0292,0.0053,0.0057,0.0088,0.0065,0.0038,0.0021,0.0085,0.0027,0.0094,0.0078,0.0072,0.0119
0.0195,0.0000,0.0025,0.0008,0.0023,0.0000,0.0003,0.0139,0.0137,0.0038,0.1403,0.5637,0.0987,0.0589,0.0101,0.0207,0.0061,0.0069,0.0173,0.0057,0.0075,0.0030,0.0429,0.0068,0.0406,0.0056,0.0072,0.0061
0.0869,0.0006,0.0002,0.0023,0.0090,0.0017,0.0001,0.0021,0.0155,0.0345,0.0188,0.9909,0.0086,0.0468,0.0053,0.0099,0.0042,0.0039,0.0044,0.0041,0.0059,0.0030,0.0221,0.0030,0.0194,0.0027,0.0069,0.0049
0.0204,0.0025,0.0028,0.0000,0.0017,0.0019,0.0007,0.0005,0.0138,0.0630,0.3739,0.1484,0.0250,0.0099,0.0036,0.0091,0.0026,0.0039,0.0099,0.0074,0.0071,0.0084,0.0119,0.0049,0.0159,0.0069,0.0313,0.0317
0.0618,0.0093,0.0151,0.0003,0.0001,0.0007,0.0081,0.1924,0.0081,0.0665,0.0040,0.0238,0.0101,0.0080,0.0027,0.0046,0.0039,0.0032,0.0111,0.0043,0.0053,0.0023,0.0154,0.0036,0.0445,0.0045,0.0225,0.0334
0.0558,0.0221,0.0058,0.0139,0.0021,0.0005,0.1924,0.0135,0.4254,0.0008,0.0006,0.0071,0.0012,0.0020,0.0014,0.0064,0.0026,0.0025,0.0043,0.0054,0.0041,0.0015,0.0079,0.0020,0.0209,0.0090,0.1591,0.0743
0.0294,0.0148,0.0140,0.0137,0.0155,0.0138,0.0081,0.4254,0.0019,0.0172,0.0001,0.0000,0.0006,0.0003,0.0023,0.0030,0.0038,0.0030,0.0005,0.0040,0.0046,0.0022,0.0134,0.0055,0.0876,0.0491,0.5939,0.3375
0.0093,0.0050,0.0058,0.0038,0.0345,0.0630,0.0665,0.0008,0.0172,0.0002,0.0014,0.0000,0.0001,0.0001,0.0003,0.0049,0.0023,0.0019,0.0095,0.0019,0.0050,0.0015,0.0707,0.0159,0.9963,0.2043,0.9973,0.0601
0.0054,0.0028,0.0102,0.1403,0.0188,0.3739,0.0040,0.0006,0.0001,0.0014,0.0009,0.0001,0.0000,0.0000,0.0006,0.0009,0.0043,0.0013,0.0034,0.0011,0.0015,0.0009,0.0096,0.0371,0.1621,1.0000,0.1670,0.9687
0.0029,0.0180,0.0129,0.5637,0.9909,0.1484,0.0238,0.0071,0.0000,0.0000,0.0001,0.0000,0.0003,0.0000,0.0000,0.0000,0.0005,0.0024,0.0061,0.0022,0.1650,0.0048,0.9999,0.1610,0.9998,0.4366,0.1347,0.0079
0.0086,0.0174,0.0151,0.0987,0.0086,0.0250,0.0101,0.0012,0.0006,0.0001,0.0000,0.0003,0.0030,0.0000,0.0001,0.0003,0.0027,0.0030,0.0130,0.0072,0.0044,0.0118,0.1773,0.9999,0.0461,0.5905,0.0058,0.0507
0.0047,0.4561,0.0286,0.0589,0.0468,0.0099,0.0080,0.0020,0.0003,0.0001,0.0000,0.0000,0.0000,0.0001,0.0001,0.0000,0.0000,0.0002,0.0228,0.0236,1.0000,0.0417,1.0000,0.1173,0.2600,0.0060,0.0021,0.0015
0.0100,0.0052,0.0089,0.0101,0.0053,0.0036,0.0027,0.0014,0.0023,0.0003,0.0006,0.0000,0.0001,0.0001,0.0008,0.0010,0.0003,0.0035,0.0299,0.0420,0.0577,1.0000,0.3535,0.9449,0.0058,0.0162,0.0012,0.0029
0.0238,0.0332,0.0292,0.0207,0.0099,0.0091,0.0046,0.0064,0.0030,0.0049,0.0009,0.0000,0.0003,0.0000,0.0010,0.0067,0.0012,0.0009,0.6632,0.0418,0.9994,0.2406,0.0306,0.0039,0.0021,0.0016,0.0017,0.0023
0.0067,0.0066,0.0053,0.0061,0.0042,0.0026,0.0039,0.0026,0.0038,0.0023,0.0043,0.0005,0.0027,0.0000,0.0003,0.0012,0.0072,0.7998,0.0017,0.3859,0.0049,0.9995,0.0136,0.0553,0.0021,0.0058,0.0023,0.0027
0.0094,0.0080,0.0057,0.0069,0.0039,0.0039,0.0032,0.0025,0.0030,0.0019,0.0013,0.0024,0.0030,0.0002,0.0035,0.0009,0.7998,0.0813,0.4472,0.0382,0.0015,0.1167,0.0037,0.0110,0.0023,0.0063,0.0079,0.0063
0.0235,0.0154,0.0088,0.0173,0.0044,0.0099,0.0111,0.0043,0.0005,0.0095,0.0034,0.0061,0.0130,0.0228,0.0299,0.6632,0.0017,0.4472,0.0019,0.3132,0.0000,0.0003,0.0003,0.0010,0.0018,0.0088,0.0131,0.0043
0.0227,0.0079,0.0065,0.0057,0.0041,0.0074,0.0043,0.0054,0.0040,0.0019,0.0011,0.0022,0.0072,0.0236,0.0420,0.0418,0.3859,0.0382,0.3132,0.0472,0.0003,0.0001,0.0002,0.0055,0.0014,0.0141,0.0103,0.0073
0.0057,0.0235,0.0038,0.0075,0.0059,0.0071,0.0053,0.0041,0.0046,0.0050,0.0015,0.1650,0.0044,1.0000,0.0577,0.9994,0.0049,0.0015,0.0000,0.0003,0.0014,0.0010,0.0000,0.0001,0.0001,0.0004,0.0026,0.0018
0.0030,0.0015,0.0021,0.0030,0.0030,0.0084,0.0023,0.0015,0.0022,0.0015,0.0009,0.0048,0.0118,0.0417,1.0000,0.2406,0.9995,0.1167,0.0003,0.0001,0.0010,0.0032,0.0000,0.0001,0.0003,0.0031,0.0016,0.0048
0.0065,0.0177,0.0085,0.0429,0.0221,0.0119,0.0154,0.0079,0.0134,0.0707,0.0096,0.9999,0.1773,1.0000,0.3535,0.0306,0.0136,0.0037,0.0003,0.0002,0.0000,0.0000,0.0002,0.0005,0.0000,0.0000,0.0000,0.0009
0.0017,0.0026,0.0027,0.0068,0.0030,0.0049,0.0036,0.0020,0.0055,0.0159,0.0371,0.1610,0.9999,0.1173,0.9449,0.0039,0.0553,0.0110,0.0010,0.0055,0.0001,0.0001,0.0005,0.0068,0.0004,0.0000,0.0005,0.0026
0.0063,0.0262,0.0094,0.0406,0.0194,0.0159,0.0445,0.0209,0.0876,0.9963,0.1621,0.9998,0.0461,0.2600,0.0058,0.0021,0.0021,0.0023,0.0018,0.0014,0.0001,0.0003,0.0000,0.0004,0.0009,0.0003,0.0000,0.0001
0.0027,0.0023,0.0078,0.0056,0.0027,0.0069,0.0045,0.0090,0.0491,0.2043,1.0000,0.4366,0.5905,0.0060,0.0162,0.0016,0.0058,0.0063,0.0088,0.0141,0.0004,0.0031,0.0000,0.0000,0.0003,0.0021,0.0004,0.0001
0.0064,0.0124,0.0072,0.0072,0.0069,0.0313,0.0225,0.1591,0.5939,0.9973,0.1670,0.1347,0.0058,0.0021,0.0012,0.0017,0.0023,0.0079,0.0131,0.0103,0.0026,0.0016,0.0000,0.0005,0.0000,0.0004,0.0030,0.0021
0.0049,0.0053,0.0119,0.0061,0.0049,0.0317,0.0334,0.0743,0.3375,0.0601,0.9687,0.0079,0.0507,0.0015,0.0029,0.0023,0.0027,0.0063,0.0043,0.0073,0.0018,0.0048,0.0009,0.0026,0.0001,0.0001,0.0021,0.0019