c1,c2,c3,c4,c5,c6,c7,c8,c9,c10,c11,c12,c13,c14,c15,c16,c17,c18,c19,c20,c21,c22,c23,c24,c25,c26,c27,c28
0.0000,0.0066,0.0174,0.0412,0.1529,0.0222,0.0603,0.0397,0.0212,0.0068,0.0053,0.0034,0.0078,0.0036,0.0093,0.0169,0.0058,0.0070,0.0154,0.0149,0.0044,0.0028,0.0060,0.0018,0.0084,0.0024,0.0053,0.0039
0.0066,0.0011,0.0385,0.0000,0.0009,0.0035,0.0101,0.0308,0.0157,0.0059,0.0032,0.0240,0.0186,0.2492,0.0039,0.0270,0.0060,0.0057,0.0135,0.0062,0.0288,0.0015,0.0211,0.0023,0.0301,0.0019,0.0100,0.0045
0.0174,0.0385,0.0192,0.0059,0.0002,0.0026,0.0316,0.0083,0.0192,0.0046,0.0090,0.0124,0.0118,0.0201,0.0052,0.0166,0.0039,0.0043,0.0076,0.0044,0.0036,0.0021,0.0089,0.0025,0.0105,0.0042,0.0085,0.0099
0.0412,0.0000,0.0059,0.0021,0.0040,0.0000,0.0006,0.0375,0.0159,0.0064,0.0945,0.5489,0.0269,0.0334,0.0048,0.0166,0.0045,0.0046,0.0118,0.0042,0.0065,0.0024,0.0351,0.0047,0.0465,0.0034,0.0080,0.0049
0.1529,0.0009,0.0002,0.0040,0.0142,0.0016,0.0001,0.0030,0.0217,0.0432,0.0151,0.9700,0.0066,0.0201,0.0044,0.0075,0.0039,0.0040,0.0038,0.0042,0.0050,0.0026,0.0187,0.0029,0.0225,0.0028,0.0077,0.0068
0.0222,0.0035,0.0026,0.0000,0.0016,0.0019,0.0010,0.0007,0.0118,0.0726,0.1224,0.2479,0.0156,0.0112,0.0031,0.0077,0.0021,0.0033,0.0090,0.0083,0.0067,0.0076,0.0119,0.0049,0.0223,0.0069,0.0432,0.0281
0.0603,0.0101,0.0316,0.0006,0.0001,0.0010,0.0101,0.1627,0.0065,0.0299,0.0033,0.0133,0.0090,0.0062,0.0023,0.0049,0.0039,0.0031,0.0118,0.0040,0.0048,0.0023,0.0110,0.0037,0.0451,0.0047,0.0305,0.0406
0.0397,0.0308,0.0083,0.0375,0.0030,0.0007,0.1627,0.0106,0.3958,0.0007,0.0005,0.0094,0.0013,0.0016,0.0013,0.0064,0.0024,0.0022,0.0034,0.0048,0.0034,0.0014,0.0061,0.0017,0.0200,0.0081,0.1909,0.0704
0.0212,0.0157,0.0192,0.0159,0.0217,0.0118,0.0065,0.3958,0.0017,0.0131,0.0001,0.0000,0.0007,0.0003,0.0023,0.0031,0.0035,0.0027,0.0003,0.0040,0.0043,0.0023,0.0135,0.0058,0.0994,0.0566,0.6238,0.3549
0.0068,0.0059,0.0046,0.0064,0.0432,0.0726,0.0299,0.0007,0.0131,0.0003,0.0014,0.0000,0.0001,0.0001,0.0003,0.0055,0.0021,0.0021,0.0095,0.0021,0.0051,0.0015,0.0556,0.0120,0.9986,0.1525,0.9984,0.0598
0.0053,0.0032,0.0090,0.0945,0.0151,0.1224,0.0033,0.0005,0.0001,0.0014,0.0011,0.0000,0.0000,0.0000,0.0007,0.0011,0.0045,0.0014,0.0037,0.0013,0.0014,0.0010,0.0109,0.0407,0.1543,1.0000,0.1651,0.9811
0.0034,0.0240,0.0124,0.5489,0.9700,0.2479,0.0133,0.0094,0.0000,0.0000,0.0000,0.0000,0.0005,0.0000,0.0000,0.0001,0.0005,0.0021,0.0060,0.0019,0.1427,0.0043,0.9999,0.1868,0.9999,0.4791,0.1705,0.0101
0.0078,0.0186,0.0118,0.0269,0.0066,0.0156,0.0090,0.0013,0.0007,0.0001,0.0000,0.0005,0.0034,0.0000,0.0001,0.0004,0.0028,0.0032,0.0151,0.0078,0.0053,0.0122,0.2302,0.9999,0.0343,0.5517,0.0062,0.0655
0.0036,0.2492,0.0201,0.0334,0.0201,0.0112,0.0062,0.0016,0.0003,0.0001,0.0000,0.0000,0.0000,0.0000,0.0002,0.0000,0.0000,0.0002,0.0319,0.0338,1.0000,0.0601,1.0000,0.2053,0.3026,0.0069,0.0018,0.0016
0.0093,0.0039,0.0052,0.0048,0.0044,0.0031,0.0023,0.0013,0.0023,0.0003,0.0007,0.0000,0.0001,0.0002,0.0009,0.0013,0.0003,0.0051,0.0468,0.0469,0.0547,1.0000,0.4266,0.9524,0.0059,0.0177,0.0012,0.0029
0.0169,0.0270,0.0166,0.0166,0.0075,0.0077,0.0049,0.0064,0.0031,0.0055,0.0011,0.0001,0.0004,0.0000,0.0013,0.0065,0.0013,0.0011,0.7134,0.0451,0.9992,0.2421,0.0350,0.0042,0.0021,0.0017,0.0018,0.0026
0.0058,0.0060,0.0039,0.0045,0.0039,0.0021,0.0039,0.0024,0.0035,0.0021,0.0045,0.0005,0.0028,0.0000,0.0003,0.0013,0.0076,0.8462,0.0018,0.4105,0.0059,0.9996,0.0148,0.0718,0.0020,0.0067,0.0022,0.0028
0.0070,0.0057,0.0043,0.0046,0.0040,0.0033,0.0031,0.0022,0.0027,0.0021,0.0014,0.0021,0.0032,0.0002,0.0051,0.0011,0.8462,0.1018,0.4795,0.0436,0.0016,0.1244,0.0037,0.0111,0.0021,0.0066,0.0074,0.0066
0.0154,0.0135,0.0076,0.0118,0.0038,0.0090,0.0118,0.0034,0.0003,0.0095,0.0037,0.0060,0.0151,0.0319,0.0468,0.7134,0.0018,0.4795,0.0010,0.3494,0.0001,0.0003,0.0003,0.0012,0.0018,0.0115,0.0153,0.0044
0.0149,0.0062,0.0044,0.0042,0.0042,0.0083,0.0040,0.0048,0.0040,0.0021,0.0013,0.0019,0.0078,0.0338,0.0469,0.0451,0.4105,0.0436,0.3494,0.0533,0.0004,0.0001,0.0003,0.0059,0.0014,0.0157,0.0095,0.0064
0.0044,0.0288,0.0036,0.0065,0.0050,0.0067,0.0048,0.0034,0.0043,0.0051,0.0014,0.1427,0.0053,1.0000,0.0547,0.9992,0.0059,0.0016,0.0001,0.0004,0.0015,0.0012,0.0000,0.0001,0.0001,0.0004,0.0023,0.0018
0.0028,0.0015,0.0021,0.0024,0.0026,0.0076,0.0023,0.0014,0.0023,0.0015,0.0010,0.0043,0.0122,0.0601,1.0000,0.2421,0.9996,0.1244,0.0003,0.0001,0.0012,0.0034,0.0000,0.0001,0.0002,0.0032,0.0013,0.0046
0.0060,0.0211,0.0089,0.0351,0.0187,0.0119,0.0110,0.0061,0.0135,0.0556,0.0109,0.9999,0.2302,1.0000,0.4266,0.0350,0.0148,0.0037,0.0003,0.0003,0.0000,0.0000,0.0002,0.0005,0.0000,0.0000,0.0000,0.0008
0.0018,0.0023,0.0025,0.0047,0.0029,0.0049,0.0037,0.0017,0.0058,0.0120,0.0407,0.1868,0.9999,0.2053,0.9524,0.0042,0.0718,0.0111,0.0012,0.0059,0.0001,0.0001,0.0005,0.0063,0.0002,0.0001,0.0004,0.0024
0.0084,0.0301,0.0105,0.0465,0.0225,0.0223,0.0451,0.0200,0.0994,0.9986,0.1543,0.9999,0.0343,0.3026,0.0059,0.0021,0.0020,0.0021,0.0018,0.0014,0.0001,0.0002,0.0000,0.0002,0.0006,0.0003,0.0000,0.0001
0.0024,0.0019,0.0042,0.0034,0.0028,0.0069,0.0047,0.0081,0.0566,0.1525,1.0000,0.4791,0.5517,0.0069,0.0177,0.0017,0.0067,0.0066,0.0115,0.0157,0.0004,0.0032,0.0000,0.0001,0.0003,0.0030,0.0003,0.0001
0.0053,0.0100,0.0085,0.0080,0.0077,0.0432,0.0305,0.1909,0.6238,0.9984,0.1651,0.1705,0.0062,0.0018,0.0012,0.0018,0.0022,0.0074,0.0153,0.0095,0.0023,0.0013,0.0000,0.0004,0.0000,0.0003,0.0024,0.0019
0.0039,0.0045,0.0099,0.0049,0.0068,0.0281,0.0406,0.0704,0.3549,0.0598,0.9811,0.0101,0.0655,0.0016,0.0029,0.0026,0.0028,0.0066,0.0044,0.0064,0.0018,0.0046,0.0008,0.0024,0.0001,0.0001,0.0019,0.0016