c1,c2,c3,c4,c5,c6,c7,c8,c9,c10,c11,c12,c13,c14,c15,c16,c17,c18,c19,c20,c21,c22,c23,c24,c25,c26,c27,c28
0.0002,0.0027,0.0065,0.0101,0.0821,0.0088,0.0474,0.0117,0.0176,0.0072,0.0037,0.0032,0.0066,0.0051,0.0110,0.0206,0.0058,0.0082,0.0206,0.0382,0.0053,0.0029,0.0056,0.0016,0.0051,0.0043,0.0047,0.0065
0.0027,0.0009,0.0089,0.0000,0.0001,0.0008,0.0067,0.0123,0.0143,0.0117,0.0034,0.1334,0.0536,0.8584,0.0047,0.0500,0.0077,0.0094,0.0322,0.0069,0.0297,0.0013,0.1488,0.0012,0.0352,0.0015,0.0079,0.0056
0.0065,0.0089,0.0078,0.0031,0.0001,0.0013,0.0054,0.0032,0.0146,0.0054,0.0290,0.0116,0.0385,0.0355,0.0088,0.0686,0.0065,0.0050,0.0121,0.0081,0.0049,0.0027,0.0107,0.0031,0.0148,0.0067,0.0064,0.0133
0.0101,0.0000,0.0031,0.0016,0.0005,0.0000,0.0006,0.0077,0.0105,0.0078,0.0658,0.9596,0.0559,0.3249,0.0074,0.0131,0.0063,0.0079,0.0156,0.0067,0.0065,0.0020,0.0708,0.0033,0.0490,0.0052,0.0064,0.0059
0.0821,0.0001,0.0001,0.0005,0.0033,0.0028,0.0000,0.0054,0.0288,0.0219,0.1449,0.9945,0.0123,0.0752,0.0101,0.0105,0.0038,0.0038,0.0070,0.0050,0.0051,0.0024,0.0398,0.0020,0.0214,0.0038,0.0040,0.0055
0.0088,0.0008,0.0013,0.0000,0.0028,0.0082,0.0026,0.0032,0.0187,0.1120,0.2268,0.1808,0.0125,0.0100,0.0030,0.0069,0.0030,0.0045,0.0082,0.0067,0.0058,0.0040,0.0181,0.0046,0.0252,0.0049,0.0117,0.0156
0.0474,0.0067,0.0054,0.0006,0.0000,0.0026,0.0215,0.7874,0.0261,0.0177,0.0034,0.0078,0.0069,0.0040,0.0029,0.0030,0.0029,0.0034,0.0106,0.0041,0.0043,0.0016,0.0161,0.0021,0.1232,0.0045,0.0167,0.0304
0.0117,0.0123,0.0032,0.0077,0.0054,0.0032,0.7874,0.0118,0.5225,0.0038,0.0009,0.0036,0.0008,0.0018,0.0012,0.0047,0.0022,0.0021,0.0036,0.0038,0.0032,0.0013,0.0080,0.0013,0.0562,0.0094,0.0415,0.0460
0.0176,0.0143,0.0146,0.0105,0.0288,0.0187,0.0261,0.5225,0.0052,0.0227,0.0001,0.0000,0.0004,0.0003,0.0018,0.0031,0.0033,0.0026,0.0010,0.0041,0.0059,0.0031,0.0139,0.0049,0.1480,0.0593,0.0553,0.5498
0.0072,0.0117,0.0054,0.0078,0.0219,0.1120,0.0177,0.0038,0.0227,0.0005,0.0008,0.0000,0.0000,0.0000,0.0003,0.0037,0.0023,0.0020,0.0071,0.0026,0.0052,0.0013,0.0661,0.0066,0.9999,0.1246,0.9829,0.1918
0.0037,0.0034,0.0290,0.0658,0.1449,0.2268,0.0034,0.0009,0.0001,0.0008,0.0009,0.0000,0.0000,0.0000,0.0004,0.0008,0.0031,0.0013,0.0029,0.0011,0.0013,0.0008,0.0067,0.0328,0.6021,1.0000,0.2407,0.6866
0.0032,0.1334,0.0116,0.9596,0.9945,0.1808,0.0078,0.0036,0.0000,0.0000,0.0000,0.0000,0.0002,0.0000,0.0000,0.0000,0.0004,0.0015,0.0059,0.0020,0.1614,0.0036,1.0000,0.1347,0.9999,0.2026,0.1477,0.0029
0.0066,0.0536,0.0385,0.0559,0.0123,0.0125,0.0069,0.0008,0.0004,0.0000,0.0000,0.0002,0.0016,0.0000,0.0001,0.0002,0.0016,0.0024,0.0105,0.0048,0.0022,0.0085,0.3370,1.0000,0.0441,0.9855,0.0065,0.0167
0.0051,0.8584,0.0355,0.3249,0.0752,0.0100,0.0040,0.0018,0.0003,0.0000,0.0000,0.0000,0.0000,0.0000,0.0001,0.0000,0.0000,0.0003,0.0377,0.0193,1.0000,0.0478,1.0000,0.2017,0.1028,0.0015,0.0016,0.0008
0.0110,0.0047,0.0088,0.0074,0.0101,0.0030,0.0029,0.0012,0.0018,0.0003,0.0004,0.0000,0.0001,0.0001,0.0013,0.0010,0.0003,0.0028,0.0210,0.0381,0.0526,1.0000,0.0765,0.9967,0.0049,0.0371,0.0018,0.0027
0.0206,0.0500,0.0686,0.0131,0.0105,0.0069,0.0030,0.0047,0.0031,0.0037,0.0008,0.0000,0.0002,0.0000,0.0010,0.0212,0.0010,0.0010,0.9148,0.0445,0.9999,0.2277,0.0169,0.0071,0.0010,0.0010,0.0011,0.0016
0.0058,0.0077,0.0065,0.0063,0.0038,0.0030,0.0029,0.0022,0.0033,0.0023,0.0031,0.0004,0.0016,0.0000,0.0003,0.0010,0.0112,0.9151,0.0030,0.7257,0.0027,0.9998,0.0080,0.0786,0.0019,0.0027,0.0019,0.0023
0.0082,0.0094,0.0050,0.0079,0.0038,0.0045,0.0034,0.0021,0.0026,0.0020,0.0013,0.0015,0.0024,0.0003,0.0028,0.0010,0.9151,0.3305,0.6182,0.0773,0.0009,0.0868,0.0019,0.0102,0.0018,0.0030,0.0031,0.0059
0.0206,0.0322,0.0121,0.0156,0.0070,0.0082,0.0106,0.0036,0.0010,0.0071,0.0029,0.0059,0.0105,0.0377,0.0210,0.9148,0.0030,0.6182,0.0126,0.5256,0.0000,0.0003,0.0001,0.0007,0.0007,0.0020,0.0006,0.0048
0.0382,0.0069,0.0081,0.0067,0.0050,0.0067,0.0041,0.0038,0.0041,0.0026,0.0011,0.0020,0.0048,0.0193,0.0381,0.0445,0.7257,0.0773,0.5256,0.0682,0.0002,0.0001,0.0001,0.0029,0.0007,0.0050,0.0073,0.0104
0.0053,0.0297,0.0049,0.0065,0.0051,0.0058,0.0043,0.0032,0.0059,0.0052,0.0013,0.1614,0.0022,1.0000,0.0526,0.9999,0.0027,0.0009,0.0000,0.0002,0.0053,0.0014,0.0000,0.0000,0.0000,0.0002,0.0011,0.0016
0.0029,0.0013,0.0027,0.0020,0.0024,0.0040,0.0016,0.0013,0.0031,0.0013,0.0008,0.0036,0.0085,0.0478,1.0000,0.2277,0.9998,0.0868,0.0003,0.0001,0.0014,0.0163,0.0000,0.0002,0.0002,0.0028,0.0012,0.0072
0.0056,0.1488,0.0107,0.0708,0.0398,0.0181,0.0161,0.0080,0.0139,0.0661,0.0067,1.0000,0.3370,1.0000,0.0765,0.0169,0.0080,0.0019,0.0001,0.0001,0.0000,0.0000,0.0002,0.0002,0.0000,0.0000,0.0000,0.0010
0.0016,0.0012,0.0031,0.0033,0.0020,0.0046,0.0021,0.0013,0.0049,0.0066,0.0328,0.1347,1.0000,0.2017,0.9967,0.0071,0.0786,0.0102,0.0007,0.0029,0.0000,0.0002,0.0002,0.0059,0.0003,0.0000,0.0014,0.0015
0.0051,0.0352,0.0148,0.0490,0.0214,0.0252,0.1232,0.0562,0.1480,0.9999,0.6021,0.9999,0.0441,0.1028,0.0049,0.0010,0.0019,0.0018,0.0007,0.0007,0.0000,0.0002,0.0000,0.0003,0.0000,0.0002,0.0002,0.0003
0.0043,0.0015,0.0067,0.0052,0.0038,0.0049,0.0045,0.0094,0.0593,0.1246,1.0000,0.2026,0.9855,0.0015,0.0371,0.0010,0.0027,0.0030,0.0020,0.0050,0.0002,0.0028,0.0000,0.0000,0.0002,0.0006,0.0194,0.0000
0.0047,0.0079,0.0064,0.0064,0.0040,0.0117,0.0167,0.0415,0.0553,0.9829,0.2407,0.1477,0.0065,0.0016,0.0018,0.0011,0.0019,0.0031,0.0006,0.0073,0.0011,0.0012,0.0000,0.0014,0.0002,0.0194,0.0146,0.0544
0.0065,0.0056,0.0133,0.0059,0.0055,0.0156,0.0304,0.0460,0.5498,0.1918,0.6866,0.0029,0.0167,0.0008,0.0027,0.0016,0.0023,0.0059,0.0048,0.0104,0.0016,0.0072,0.0010,0.0015,0.0003,0.0000,0.0544,0.0028