c1,c2,c3,c4,c5,c6,c7,c8,c9,c10,c11,c12,c13,c14,c15,c16,c17,c18,c19,c20,c21,c22,c23,c24,c25,c26,c27,c28
0.0001,0.0001,0.0019,0.0008,0.0340,0.0042,0.0164,0.0106,0.0236,0.0042,0.0138,0.0045,0.0453,0.0195,0.0676,0.0434,0.0123,0.0160,0.0436,0.0377,0.0046,0.0105,0.0035,0.0030,0.0045,0.0059,0.0044,0.0052
0.0001,0.0000,0.0027,0.0000,0.0000,0.0003,0.0025,0.0113,0.0193,0.0085,0.0053,0.8804,0.1030,0.9995,0.0099,0.0463,0.0108,0.0102,0.0731,0.0136,0.0495,0.0018,0.1516,0.0021,0.0354,0.0013,0.0046,0.0021
0.0019,0.0027,0.0054,0.0008,0.0001,0.0006,0.0064,0.0037,0.0223,0.0069,0.3051,0.0371,0.3372,0.0337,0.0150,0.0213,0.0091,0.0065,0.0123,0.0068,0.0040,0.0032,0.0076,0.0043,0.0069,0.0090,0.0029,0.0081
0.0008,0.0000,0.0008,0.0005,0.0003,0.0001,0.0068,0.0222,0.0097,0.0235,0.0697,1.0000,0.0362,0.1602,0.0039,0.0099,0.0036,0.0059,0.0091,0.0055,0.0110,0.0013,0.1173,0.0030,0.0391,0.0027,0.0036,0.0022
0.0340,0.0000,0.0001,0.0003,0.0028,0.0011,0.0017,0.0177,0.0232,0.0483,0.8541,0.6230,0.0164,0.0114,0.0092,0.0071,0.0061,0.0064,0.0123,0.0071,0.0057,0.0034,0.0166,0.0046,0.0056,0.0063,0.0037,0.0092
0.0042,0.0003,0.0006,0.0001,0.0011,0.0115,0.1076,0.0050,0.0037,0.8753,0.0750,0.4556,0.0072,0.0043,0.0020,0.0077,0.0028,0.0050,0.0102,0.0068,0.0076,0.0025,0.0105,0.0039,0.0183,0.0025,0.0055,0.0100
0.0164,0.0025,0.0064,0.0068,0.0017,0.1076,0.0015,0.3135,0.0115,0.5091,0.0147,0.0056,0.0041,0.0018,0.0027,0.0034,0.0040,0.0030,0.0011,0.0048,0.0065,0.0017,0.0112,0.0028,0.0195,0.0041,0.0012,0.0234
0.0106,0.0113,0.0037,0.0222,0.0177,0.0050,0.3135,0.0340,0.0957,0.0059,0.0006,0.0020,0.0010,0.0014,0.0014,0.0055,0.0038,0.0027,0.0084,0.0040,0.0035,0.0013,0.0079,0.0018,0.0246,0.0073,0.0241,0.0619
0.0236,0.0193,0.0223,0.0097,0.0232,0.0037,0.0115,0.0957,0.0263,0.0036,0.0000,0.0000,0.0002,0.0002,0.0019,0.0077,0.0064,0.0046,0.0082,0.0051,0.0059,0.0025,0.0081,0.0037,0.0674,0.1056,0.1380,0.9169
0.0042,0.0085,0.0069,0.0235,0.0483,0.8753,0.5091,0.0059,0.0036,0.0001,0.0006,0.0000,0.0000,0.0000,0.0001,0.0039,0.0020,0.0022,0.0126,0.0024,0.0029,0.0007,0.0557,0.0092,0.9998,0.0610,0.9904,0.1956
0.0138,0.0053,0.3051,0.0697,0.8541,0.0750,0.0147,0.0006,0.0000,0.0006,0.0030,0.0000,0.0000,0.0000,0.0005,0.0011,0.0043,0.0017,0.0034,0.0014,0.0010,0.0009,0.0038,0.0325,0.2732,1.0000,0.0327,0.2299
0.0045,0.8804,0.0371,1.0000,0.6230,0.4556,0.0056,0.0020,0.0000,0.0000,0.0000,0.0000,0.0001,0.0000,0.0000,0.0000,0.0006,0.0021,0.0067,0.0035,0.2170,0.0027,1.0000,0.0559,0.9998,0.1738,0.0616,0.0048
0.0453,0.1030,0.3372,0.0362,0.0164,0.0072,0.0041,0.0010,0.0002,0.0000,0.0000,0.0001,0.0012,0.0000,0.0001,0.0003,0.0023,0.0028,0.0096,0.0085,0.0039,0.0105,0.2283,1.0000,0.0337,0.9439,0.0051,0.0106
0.0195,0.9995,0.0337,0.1602,0.0114,0.0043,0.0018,0.0014,0.0002,0.0000,0.0000,0.0000,0.0000,0.0000,0.0001,0.0000,0.0000,0.0005,0.0443,0.0509,1.0000,0.0306,1.0000,0.0781,0.0323,0.0026,0.0015,0.0007
0.0676,0.0099,0.0150,0.0039,0.0092,0.0020,0.0027,0.0014,0.0019,0.0001,0.0005,0.0000,0.0001,0.0001,0.0010,0.0013,0.0005,0.0030,0.0178,0.0176,0.0630,1.0000,0.1573,0.9842,0.0037,0.0517,0.0016,0.0018
0.0434,0.0463,0.0213,0.0099,0.0071,0.0077,0.0034,0.0055,0.0077,0.0039,0.0011,0.0000,0.0003,0.0000,0.0013,0.0197,0.0010,0.0007,0.7889,0.0345,0.9996,0.1163,0.0218,0.0063,0.0016,0.0016,0.0017,0.0020
0.0123,0.0108,0.0091,0.0036,0.0061,0.0028,0.0040,0.0038,0.0064,0.0020,0.0043,0.0006,0.0023,0.0000,0.0005,0.0010,0.0091,0.8705,0.0013,0.0738,0.0027,0.9997,0.0088,0.0682,0.0019,0.0041,0.0019,0.0025
0.0160,0.0102,0.0065,0.0059,0.0064,0.0050,0.0030,0.0027,0.0046,0.0022,0.0017,0.0021,0.0028,0.0005,0.0030,0.0007,0.8705,0.1837,0.3704,0.0201,0.0007,0.1059,0.0018,0.0114,0.0016,0.0040,0.0039,0.0060
0.0436,0.0731,0.0123,0.0091,0.0123,0.0102,0.0011,0.0084,0.0082,0.0126,0.0034,0.0067,0.0096,0.0443,0.0178,0.7889,0.0013,0.3704,0.0282,0.3230,0.0000,0.0002,0.0001,0.0006,0.0010,0.0019,0.0007,0.0057
0.0377,0.0136,0.0068,0.0055,0.0071,0.0068,0.0048,0.0040,0.0051,0.0024,0.0014,0.0035,0.0085,0.0509,0.0176,0.0345,0.0738,0.0201,0.3230,0.0638,0.0003,0.0002,0.0002,0.0041,0.0014,0.0069,0.0069,0.0125
0.0046,0.0495,0.0040,0.0110,0.0057,0.0076,0.0065,0.0035,0.0059,0.0029,0.0010,0.2170,0.0039,1.0000,0.0630,0.9996,0.0027,0.0007,0.0000,0.0003,0.0035,0.0012,0.0000,0.0000,0.0001,0.0002,0.0012,0.0013
0.0105,0.0018,0.0032,0.0013,0.0034,0.0025,0.0017,0.0013,0.0025,0.0007,0.0009,0.0027,0.0105,0.0306,1.0000,0.1163,0.9997,0.1059,0.0002,0.0002,0.0012,0.0046,0.0000,0.0001,0.0004,0.0034,0.0026,0.0075
0.0035,0.1516,0.0076,0.1173,0.0166,0.0105,0.0112,0.0079,0.0081,0.0557,0.0038,1.0000,0.2283,1.0000,0.1573,0.0218,0.0088,0.0018,0.0001,0.0002,0.0000,0.0000,0.0002,0.0005,0.0000,0.0000,0.0001,0.0014
0.0030,0.0021,0.0043,0.0030,0.0046,0.0039,0.0028,0.0018,0.0037,0.0092,0.0325,0.0559,1.0000,0.0781,0.9842,0.0063,0.0682,0.0114,0.0006,0.0041,0.0000,0.0001,0.0005,0.0167,0.0002,0.0000,0.0018,0.0017
0.0045,0.0354,0.0069,0.0391,0.0056,0.0183,0.0195,0.0246,0.0674,0.9998,0.2732,0.9998,0.0337,0.0323,0.0037,0.0016,0.0019,0.0016,0.0010,0.0014,0.0001,0.0004,0.0000,0.0002,0.0006,0.0001,0.0001,0.0004
0.0059,0.0013,0.0090,0.0027,0.0063,0.0025,0.0041,0.0073,0.1056,0.0610,1.0000,0.1738,0.9439,0.0026,0.0517,0.0016,0.0041,0.0040,0.0019,0.0069,0.0002,0.0034,0.0000,0.0000,0.0001,0.0010,0.2737,0.0000
0.0044,0.0046,0.0029,0.0036,0.0037,0.0055,0.0012,0.0241,0.1380,0.9904,0.0327,0.0616,0.0051,0.0015,0.0016,0.0017,0.0019,0.0039,0.0007,0.0069,0.0012,0.0026,0.0001,0.0018,0.0001,0.2737,0.0193,0.4988
0.0052,0.0021,0.0081,0.0022,0.0092,0.0100,0.0234,0.0619,0.9169,0.1956,0.2299,0.0048,0.0106,0.0007,0.0018,0.0020,0.0025,0.0060,0.0057,0.0125,0.0013,0.0075,0.0014,0.0017,0.0004,0.0000,0.4988,0.0017