c1,c2,c3,c4,c5,c6,c7,c8,c9,c10,c11,c12,c13,c14,c15,c16,c17,c18,c19,c20,c21,c22,c23,c24,c25,c26,c27,c28
0.0052,0.0008,0.0005,0.0002,0.0092,0.0100,0.0409,0.0341,0.0210,0.0185,0.0129,0.0183,0.0056,0.0072,0.0027,0.0097,0.0119,0.0026,0.0067,0.0125,0.0151,0.0055,0.0398,0.0080,0.0083,0.0064,0.0070,0.0059
0.0008,0.0024,0.0148,0.0000,0.0024,0.0020,0.0041,0.0556,0.0072,0.5593,0.0067,0.0248,0.0024,0.0086,0.0052,0.0029,0.0092,0.0064,0.0145,0.0110,0.0286,0.0051,0.1278,0.0051,0.2403,0.0063,0.0140,0.0033
0.0005,0.0148,0.0322,0.0000,0.0002,0.0008,0.0021,0.0133,0.0176,0.0648,0.0056,0.0335,0.0041,0.0052,0.0046,0.0095,0.0094,0.0052,0.0099,0.0088,0.0160,0.0055,0.0563,0.0048,0.0682,0.0085,0.0680,0.0154
0.0002,0.0000,0.0000,0.0017,0.0086,0.0000,0.0030,0.0123,0.0143,0.1488,0.0185,0.0545,0.0043,0.0075,0.0062,0.0035,0.0067,0.0038,0.0099,0.0073,0.0216,0.0064,0.5229,0.0054,0.8079,0.0192,0.8281,0.0523
0.0092,0.0024,0.0002,0.0086,0.2446,0.0134,0.0001,0.0046,0.0012,0.0052,0.0057,0.0097,0.0054,0.0034,0.0041,0.0084,0.0107,0.0071,0.0096,0.0071,0.0062,0.0059,0.0271,0.0074,0.0313,0.0078,0.1698,0.0186
0.0100,0.0020,0.0008,0.0000,0.0134,0.0217,0.0607,0.0000,0.0020,0.0031,0.0041,0.0086,0.0042,0.0157,0.0037,0.0089,0.0067,0.0045,0.0145,0.0043,0.0078,0.0053,0.0557,0.0044,0.4222,0.0234,0.7718,0.0813
0.0409,0.0041,0.0021,0.0030,0.0001,0.0607,0.0333,0.0019,0.0001,0.0000,0.0005,0.0003,0.0011,0.0016,0.0025,0.0051,0.0052,0.0026,0.0144,0.0047,0.0049,0.0025,0.0638,0.0054,0.3923,0.1312,0.9963,0.7900
0.0341,0.0556,0.0133,0.0123,0.0046,0.0000,0.0019,0.0018,0.0017,0.0000,0.0001,0.0000,0.0003,0.0013,0.0035,0.0024,0.0051,0.0031,0.0126,0.0059,0.0050,0.0044,0.0808,0.0172,0.9999,0.1502,0.9998,0.0945
0.0210,0.0072,0.0176,0.0143,0.0012,0.0020,0.0001,0.0017,0.0040,0.0000,0.0002,0.0000,0.0010,0.0004,0.0022,0.0104,0.0096,0.0033,0.0113,0.0032,0.0031,0.0029,0.0268,0.0180,0.1656,0.9986,0.7016,0.9029
0.0185,0.5593,0.0648,0.1488,0.0052,0.0031,0.0000,0.0000,0.0000,0.0000,0.0008,0.0000,0.0000,0.0001,0.0007,0.0039,0.0060,0.0194,0.0289,0.0199,0.4356,0.0483,0.9814,0.0429,1.0000,0.0867,0.6470,0.0123
0.0129,0.0067,0.0056,0.0185,0.0057,0.0041,0.0005,0.0001,0.0002,0.0008,0.0124,0.0002,0.0002,0.0002,0.0006,0.0019,0.0070,0.0041,0.0089,0.0053,0.0081,0.0110,0.1688,0.9978,0.0517,0.9436,0.0567,0.0235
0.0183,0.0248,0.0335,0.0545,0.0097,0.0086,0.0003,0.0000,0.0000,0.0000,0.0002,0.0004,0.0001,0.0000,0.0000,0.0037,0.0026,0.0223,0.1963,0.0815,0.9997,0.0780,1.0000,0.1098,0.0350,0.0064,0.0029,0.0032
0.0056,0.0024,0.0041,0.0043,0.0054,0.0042,0.0011,0.0003,0.0010,0.0000,0.0002,0.0001,0.0022,0.0014,0.0000,0.0020,0.0053,0.0139,0.0704,0.0345,0.0553,0.9995,0.2863,0.9981,0.0033,0.0786,0.0022,0.0065
0.0072,0.0086,0.0052,0.0075,0.0034,0.0157,0.0016,0.0013,0.0004,0.0001,0.0002,0.0000,0.0014,0.0894,0.0006,0.0001,0.0012,0.0107,0.7592,0.0477,0.9996,0.1265,0.5931,0.0158,0.0113,0.0045,0.0021,0.0017
0.0027,0.0052,0.0046,0.0062,0.0041,0.0037,0.0025,0.0035,0.0022,0.0007,0.0006,0.0000,0.0000,0.0006,0.0038,0.0081,0.0017,0.6459,0.0344,0.0355,0.0716,0.9893,0.0352,0.4391,0.0082,0.0094,0.0045,0.0042
0.0097,0.0029,0.0095,0.0035,0.0084,0.0089,0.0051,0.0024,0.0104,0.0039,0.0019,0.0037,0.0020,0.0001,0.0081,0.0125,0.0123,0.0040,0.0898,0.1268,0.2146,0.4568,0.0093,0.0221,0.0014,0.0039,0.0006,0.0023
0.0119,0.0092,0.0094,0.0067,0.0107,0.0067,0.0052,0.0051,0.0096,0.0060,0.0070,0.0026,0.0053,0.0012,0.0017,0.0123,0.0367,0.0720,0.0008,0.0293,0.0037,0.0842,0.0039,0.0245,0.0022,0.0088,0.0021,0.0048
0.0026,0.0064,0.0052,0.0038,0.0071,0.0045,0.0026,0.0031,0.0033,0.0194,0.0041,0.0223,0.0139,0.0107,0.6459,0.0040,0.0720,0.0002,0.0857,0.0265,0.0012,0.0714,0.0007,0.0173,0.0016,0.0032,0.0027,0.0031
0.0067,0.0145,0.0099,0.0099,0.0096,0.0145,0.0144,0.0126,0.0113,0.0289,0.0089,0.1963,0.0704,0.7592,0.0344,0.0898,0.0008,0.0857,0.0000,0.1545,0.0000,0.0005,0.0004,0.0005,0.0013,0.0012,0.0032,0.0032
0.0125,0.0110,0.0088,0.0073,0.0071,0.0043,0.0047,0.0059,0.0032,0.0199,0.0053,0.0815,0.0345,0.0477,0.0355,0.1268,0.0293,0.0265,0.1545,0.0377,0.0003,0.0000,0.0001,0.0036,0.0008,0.0035,0.0041,0.0033
0.0151,0.0286,0.0160,0.0216,0.0062,0.0078,0.0049,0.0050,0.0031,0.4356,0.0081,0.9997,0.0553,0.9996,0.0716,0.2146,0.0037,0.0012,0.0000,0.0003,0.0159,0.0004,0.0000,0.0001,0.0000,0.0004,0.0004,0.0014
0.0055,0.0051,0.0055,0.0064,0.0059,0.0053,0.0025,0.0044,0.0029,0.0483,0.0110,0.0780,0.9995,0.1265,0.9893,0.4568,0.0842,0.0714,0.0005,0.0000,0.0004,0.0086,0.0000,0.0001,0.0000,0.0005,0.0002,0.0029
0.0398,0.1278,0.0563,0.5229,0.0271,0.0557,0.0638,0.0808,0.0268,0.9814,0.1688,1.0000,0.2863,0.5931,0.0352,0.0093,0.0039,0.0007,0.0004,0.0001,0.0000,0.0000,0.0013,0.0001,0.0000,0.0000,0.0000,0.0002
0.0080,0.0051,0.0048,0.0054,0.0074,0.0044,0.0054,0.0172,0.0180,0.0429,0.9978,0.1098,0.9981,0.0158,0.4391,0.0221,0.0245,0.0173,0.0005,0.0036,0.0001,0.0001,0.0001,0.0024,0.0000,0.0000,0.0000,0.0048
0.0083,0.2403,0.0682,0.8079,0.0313,0.4222,0.3923,0.9999,0.1656,1.0000,0.0517,0.0350,0.0033,0.0113,0.0082,0.0014,0.0022,0.0016,0.0013,0.0008,0.0000,0.0000,0.0000,0.0000,0.0084,0.0006,0.0000,0.0000
0.0064,0.0063,0.0085,0.0192,0.0078,0.0234,0.1312,0.1502,0.9986,0.0867,0.9436,0.0064,0.0786,0.0045,0.0094,0.0039,0.0088,0.0032,0.0012,0.0035,0.0004,0.0005,0.0000,0.0000,0.0006,0.0179,0.0000,0.0001
0.0070,0.0140,0.0680,0.8281,0.1698,0.7718,0.9963,0.9998,0.7016,0.6470,0.0567,0.0029,0.0022,0.0021,0.0045,0.0006,0.0021,0.0027,0.0032,0.0041,0.0004,0.0002,0.0000,0.0000,0.0000,0.0000,0.0000,0.0022
0.0059,0.0033,0.0154,0.0523,0.0186,0.0813,0.7900,0.0945,0.9029,0.0123,0.0235,0.0032,0.0065,0.0017,0.0042,0.0023,0.0048,0.0031,0.0032,0.0033,0.0014,0.0029,0.0002,0.0048,0.0000,0.0001,0.0022,0.0205