c1,c2,c3,c4,c5,c6,c7,c8,c9,c10,c11,c12,c13,c14,c15,c16,c17,c18,c19,c20,c21,c22,c23,c24,c25,c26,c27,c28
0.0180,0.0057,0.0005,0.0004,0.0093,0.0029,0.0133,0.0086,0.0112,0.0074,0.0162,0.0142,0.0101,0.0124,0.0044,0.0145,0.0071,0.0023,0.0042,0.0112,0.0120,0.0047,0.0386,0.0088,0.0076,0.0091,0.0077,0.0085
0.0057,0.0030,0.0177,0.0000,0.0068,0.0011,0.0070,0.0073,0.0140,0.0213,0.0233,0.0208,0.0084,0.0220,0.0022,0.0097,0.0073,0.0062,0.0131,0.0088,0.0218,0.0040,0.0663,0.0142,0.0189,0.0081,0.0110,0.0050
0.0005,0.0177,0.0262,0.0002,0.0002,0.0004,0.0017,0.0027,0.0262,0.0260,0.0518,0.0750,0.0099,0.0134,0.0053,0.0142,0.0075,0.0046,0.0088,0.0066,0.0092,0.0056,0.0577,0.0070,0.0134,0.0118,0.0230,0.0125
0.0004,0.0000,0.0002,0.0013,0.0190,0.0000,0.0041,0.0022,0.0199,0.0176,0.0697,0.1138,0.0175,0.0166,0.0039,0.0060,0.0060,0.0061,0.0151,0.0101,0.0252,0.0052,0.1830,0.0229,0.0602,0.0150,0.5587,0.0221
0.0093,0.0068,0.0002,0.0190,0.1111,0.0187,0.0001,0.0010,0.0083,0.0063,0.0188,0.0306,0.0080,0.0060,0.0047,0.0077,0.0066,0.0056,0.0044,0.0037,0.0084,0.0063,0.0499,0.0079,0.0104,0.0099,0.0195,0.0148
0.0029,0.0011,0.0004,0.0000,0.0187,0.0702,0.0048,0.0003,0.0296,0.0172,0.0193,0.1311,0.0091,0.0231,0.0032,0.0150,0.0045,0.0053,0.0070,0.0056,0.0166,0.0042,0.0407,0.0053,0.0233,0.0089,0.0832,0.0099
0.0133,0.0070,0.0017,0.0041,0.0001,0.0048,0.0351,0.0068,0.0001,0.0002,0.0017,0.0097,0.0052,0.0048,0.0058,0.0138,0.0083,0.0068,0.0158,0.0212,0.0160,0.0071,0.2181,0.0126,0.0354,0.0306,0.2099,0.0107
0.0086,0.0073,0.0027,0.0022,0.0010,0.0003,0.0068,0.0063,0.0051,0.0001,0.0014,0.0003,0.0014,0.0046,0.0040,0.0136,0.0152,0.0073,0.0118,0.0184,0.0114,0.0050,0.1946,0.0217,0.1302,0.0367,0.8162,0.0174
0.0112,0.0140,0.0262,0.0199,0.0083,0.0296,0.0001,0.0051,0.0151,0.0047,0.0000,0.0002,0.0015,0.0017,0.0039,0.0088,0.0096,0.0066,0.0073,0.0094,0.0098,0.0072,0.0952,0.0189,0.0301,0.0265,0.1749,0.0185
0.0074,0.0213,0.0260,0.0176,0.0063,0.0172,0.0002,0.0001,0.0047,0.0045,0.0020,0.0000,0.0002,0.0006,0.0008,0.0060,0.0200,0.0177,0.0331,0.0196,0.0399,0.0105,0.0898,0.0350,0.2651,0.0263,0.7750,0.0243
0.0162,0.0233,0.0518,0.0697,0.0188,0.0193,0.0017,0.0014,0.0000,0.0020,0.0041,0.0001,0.0000,0.0001,0.0004,0.0009,0.0070,0.0106,0.0265,0.0239,0.0082,0.0157,0.0556,0.1104,0.0261,0.1455,0.4500,0.1668
0.0142,0.0208,0.0750,0.1138,0.0306,0.1311,0.0097,0.0003,0.0002,0.0000,0.0001,0.0003,0.0020,0.0000,0.0000,0.0003,0.0010,0.0136,0.0344,0.0463,0.1555,0.0460,0.3604,0.1881,0.1761,0.0490,0.9513,0.0386
0.0101,0.0084,0.0099,0.0175,0.0080,0.0091,0.0052,0.0014,0.0015,0.0002,0.0000,0.0020,0.0018,0.0007,0.0000,0.0003,0.0032,0.0055,0.0182,0.0146,0.0479,0.0738,0.3215,0.7178,0.0291,0.1491,0.1221,0.0966
0.0124,0.0220,0.0134,0.0166,0.0060,0.0231,0.0048,0.0046,0.0017,0.0006,0.0001,0.0000,0.0007,0.0013,0.0000,0.0000,0.0010,0.0083,0.0528,0.0388,0.3469,0.3324,0.5886,0.1590,0.4829,0.0548,0.1169,0.0193
0.0044,0.0022,0.0053,0.0039,0.0047,0.0032,0.0058,0.0040,0.0039,0.0008,0.0004,0.0000,0.0000,0.0000,0.0007,0.0015,0.0000,0.0106,0.0870,0.0507,0.4044,0.9548,0.4326,0.6149,0.0558,0.2768,0.0178,0.0220
0.0145,0.0097,0.0142,0.0060,0.0077,0.0150,0.0138,0.0136,0.0088,0.0060,0.0009,0.0003,0.0003,0.0000,0.0015,0.0047,0.0011,0.0006,0.0396,0.0196,0.4169,0.3916,0.0412,0.0219,0.0363,0.0236,0.0053,0.0093
0.0071,0.0073,0.0075,0.0060,0.0066,0.0045,0.0083,0.0152,0.0096,0.0200,0.0070,0.0010,0.0032,0.0010,0.0000,0.0011,0.0057,0.1455,0.0005,0.0092,0.0068,0.1711,0.0390,0.0406,0.0129,0.0293,0.0116,0.0109
0.0023,0.0062,0.0046,0.0061,0.0056,0.0053,0.0068,0.0073,0.0066,0.0177,0.0106,0.0136,0.0055,0.0083,0.0106,0.0006,0.1455,0.0098,0.0715,0.0011,0.0049,0.0185,0.0014,0.0120,0.0064,0.0060,0.0040,0.0086
0.0042,0.0131,0.0088,0.0151,0.0044,0.0070,0.0158,0.0118,0.0073,0.0331,0.0265,0.0344,0.0182,0.0528,0.0870,0.0396,0.0005,0.0715,0.0000,0.1211,0.0001,0.0012,0.0012,0.0009,0.0211,0.0056,0.0211,0.0058
0.0112,0.0088,0.0066,0.0101,0.0037,0.0056,0.0212,0.0184,0.0094,0.0196,0.0239,0.0463,0.0146,0.0388,0.0507,0.0196,0.0092,0.0011,0.1211,0.0118,0.0013,0.0001,0.0002,0.0029,0.0019,0.0065,0.0019,0.0057
0.0120,0.0218,0.0092,0.0252,0.0084,0.0166,0.0160,0.0114,0.0098,0.0399,0.0082,0.1555,0.0479,0.3469,0.4044,0.4169,0.0068,0.0049,0.0001,0.0013,0.0239,0.0103,0.0000,0.0004,0.0003,0.0013,0.0010,0.0025
0.0047,0.0040,0.0056,0.0052,0.0063,0.0042,0.0071,0.0050,0.0072,0.0105,0.0157,0.0460,0.0738,0.3324,0.9548,0.3916,0.1711,0.0185,0.0012,0.0001,0.0103,0.0060,0.0001,0.0000,0.0011,0.0021,0.0002,0.0029
0.0386,0.0663,0.0577,0.1830,0.0499,0.0407,0.2181,0.1946,0.0952,0.0898,0.0556,0.3604,0.3215,0.5886,0.4326,0.0412,0.0390,0.0014,0.0012,0.0002,0.0000,0.0001,0.0005,0.0004,0.0000,0.0001,0.0000,0.0004
0.0088,0.0142,0.0070,0.0229,0.0079,0.0053,0.0126,0.0217,0.0189,0.0350,0.1104,0.1881,0.7178,0.1590,0.6149,0.0219,0.0406,0.0120,0.0009,0.0029,0.0004,0.0000,0.0004,0.0062,0.0021,0.0000,0.0000,0.0028
0.0076,0.0189,0.0134,0.0602,0.0104,0.0233,0.0354,0.1302,0.0301,0.2651,0.0261,0.1761,0.0291,0.4829,0.0558,0.0363,0.0129,0.0064,0.0211,0.0019,0.0003,0.0011,0.0000,0.0021,0.0109,0.0030,0.0000,0.0003
0.0091,0.0081,0.0118,0.0150,0.0099,0.0089,0.0306,0.0367,0.0265,0.0263,0.1455,0.0490,0.1491,0.0548,0.2768,0.0236,0.0293,0.0060,0.0056,0.0065,0.0013,0.0021,0.0001,0.0000,0.0030,0.0321,0.0000,0.0001
0.0077,0.0110,0.0230,0.5587,0.0195,0.0832,0.2099,0.8162,0.1749,0.7750,0.4500,0.9513,0.1221,0.1169,0.0178,0.0053,0.0116,0.0040,0.0211,0.0019,0.0010,0.0002,0.0000,0.0000,0.0000,0.0000,0.0000,0.0003
0.0085,0.0050,0.0125,0.0221,0.0148,0.0099,0.0107,0.0174,0.0185,0.0243,0.1668,0.0386,0.0966,0.0193,0.0220,0.0093,0.0109,0.0086,0.0058,0.0057,0.0025,0.0029,0.0004,0.0028,0.0003,0.0001,0.0003,0.0098