c1,c2,c3,c4,c5,c6,c7,c8,c9,c10,c11,c12,c13,c14,c15,c16,c17,c18,c19,c20,c21,c22,c23,c24,c25,c26,c27
0.0001,0.1795,0.0157,0.2139,0.1493,0.0208,0.1118,0.0451,0.0106,0.0281,0.0156,0.0041,0.0105,0.0047,0.0039,0.0022,0.0023,0.0025,0.0044,0.0028,0.0027,0.0028,0.0028,0.0011,0.0025,0.0017,0.0007
0.1795,0.0305,0.2744,0.0047,0.1427,0.0054,0.0175,0.0267,0.0121,0.0117,0.0172,0.0038,0.0079,0.0087,0.0044,0.0039,0.0015,0.0009,0.0033,0.0032,0.0036,0.0021,0.0017,0.0020,0.0034,0.0016,0.0010
0.0157,0.2744,0.1699,0.0811,0.0026,0.0037,0.0177,0.0097,0.0134,0.0197,0.0091,0.0038,0.0070,0.0061,0.0048,0.0043,0.0017,0.0032,0.0040,0.0034,0.0032,0.0029,0.0023,0.0019,0.0038,0.0029,0.0023
0.2139,0.0047,0.0811,0.1783,0.1642,0.0003,0.0107,0.0047,0.0050,0.0273,0.0090,0.0044,0.0058,0.0047,0.0029,0.0072,0.0023,0.0040,0.0038,0.0033,0.0033,0.0033,0.0028,0.0024,0.0047,0.0041,0.0034
0.1493,0.1427,0.0026,0.1642,0.0443,0.0093,0.0051,0.0020,0.0160,0.0347,0.0120,0.0067,0.0045,0.0072,0.0007,0.0088,0.0031,0.0054,0.0041,0.0007,0.0024,0.0032,0.0027,0.0027,0.0041,0.0050,0.0037
0.0208,0.0054,0.0037,0.0003,0.0093,0.1556,0.1379,0.0002,0.0119,0.0019,0.0040,0.0040,0.0072,0.0114,0.0057,0.0199,0.0119,0.0102,0.0213,0.0049,0.0071,0.0044,0.0045,0.0080,0.0105,0.0063,0.0048
0.1118,0.0175,0.0177,0.0107,0.0051,0.1379,0.1377,0.0107,0.0003,0.0001,0.0039,0.0020,0.0060,0.0156,0.0065,0.0040,0.0128,0.0076,0.0118,0.0018,0.0054,0.0041,0.0037,0.0041,0.0047,0.0082,0.0108
0.0451,0.0267,0.0097,0.0047,0.0020,0.0002,0.0107,0.0576,0.0631,0.0000,0.0046,0.0017,0.0020,0.0275,0.0267,0.0033,0.0190,0.0097,0.0139,0.0056,0.0082,0.0091,0.0087,0.0085,0.0147,0.0132,0.0170
0.0106,0.0121,0.0134,0.0050,0.0160,0.0119,0.0003,0.0631,0.3814,0.0002,0.0022,0.0036,0.0018,0.0048,0.0174,0.0084,0.0099,0.0105,0.0050,0.0030,0.0279,0.0041,0.0056,0.0062,0.0125,0.0053,0.0089
0.0281,0.0117,0.0197,0.0273,0.0347,0.0019,0.0001,0.0000,0.0002,0.8921,0.0211,0.0001,0.0012,0.0049,0.0051,0.0123,0.0353,0.0083,0.0193,0.0071,0.0258,0.0095,0.0184,0.0295,0.0505,0.0034,0.0102
0.0156,0.0172,0.0091,0.0090,0.0120,0.0040,0.0039,0.0046,0.0022,0.0211,0.5907,0.0019,0.0001,0.0022,0.0106,0.0072,0.0179,0.0052,0.0040,0.0074,0.0072,0.0075,0.0060,0.0122,0.0071,0.0046,0.0081
0.0041,0.0038,0.0038,0.0044,0.0067,0.0040,0.0020,0.0017,0.0036,0.0001,0.0019,0.0807,0.0080,0.0001,0.0024,0.0026,0.1063,0.0111,0.0081,0.0435,0.1695,0.0105,0.0082,0.1815,0.0760,0.0070,0.0244
0.0105,0.0079,0.0070,0.0058,0.0045,0.0072,0.0060,0.0020,0.0018,0.0012,0.0001,0.0080,0.1393,0.0264,0.0014,0.0022,0.2556,0.0060,0.0099,0.0091,0.0301,0.0058,0.0051,0.0331,0.0139,0.0073,0.0073
0.0047,0.0087,0.0061,0.0047,0.0072,0.0114,0.0156,0.0275,0.0048,0.0049,0.0022,0.0001,0.0264,0.0271,0.0390,0.0002,0.0064,0.0007,0.0090,0.0318,0.1504,0.0115,0.0068,0.0100,0.0118,0.0045,0.0107
0.0039,0.0044,0.0048,0.0029,0.0007,0.0057,0.0065,0.0267,0.0174,0.0051,0.0106,0.0024,0.0014,0.0390,0.1134,0.7002,0.0010,0.0447,0.0017,0.0009,0.0034,0.0078,0.0083,0.0065,0.0038,0.0050,0.0086
0.0022,0.0039,0.0043,0.0072,0.0088,0.0199,0.0040,0.0033,0.0084,0.0123,0.0072,0.0026,0.0022,0.0002,0.7002,0.5642,0.1121,0.0035,0.0187,0.0025,0.0025,0.0031,0.0040,0.0035,0.0032,0.0041,0.0024
0.0023,0.0015,0.0017,0.0023,0.0031,0.0119,0.0128,0.0190,0.0099,0.0353,0.0179,0.1063,0.2556,0.0064,0.0010,0.1121,0.0222,0.0788,0.0012,0.0048,0.0008,0.0028,0.0023,0.0029,0.0034,0.0015,0.0049
0.0025,0.0009,0.0032,0.0040,0.0054,0.0102,0.0076,0.0097,0.0105,0.0083,0.0052,0.0111,0.0060,0.0007,0.0447,0.0035,0.0788,0.0229,0.3112,0.0036,0.0009,0.0106,0.0068,0.0075,0.0051,0.0066,0.0049
0.0044,0.0033,0.0040,0.0038,0.0041,0.0213,0.0118,0.0139,0.0050,0.0193,0.0040,0.0081,0.0099,0.0090,0.0017,0.0187,0.0012,0.3112,0.0248,0.1107,0.0001,0.0086,0.0106,0.0033,0.0039,0.0052,0.0044
0.0028,0.0032,0.0034,0.0033,0.0007,0.0049,0.0018,0.0056,0.0030,0.0071,0.0074,0.0435,0.0091,0.0318,0.0009,0.0025,0.0048,0.0036,0.1107,0.0451,0.0023,0.0028,0.0776,0.0091,0.0057,0.0809,0.0283
0.0027,0.0036,0.0032,0.0033,0.0024,0.0071,0.0054,0.0082,0.0279,0.0258,0.0072,0.1695,0.0301,0.1504,0.0034,0.0025,0.0008,0.0009,0.0001,0.0023,0.0397,0.0391,0.0009,0.0040,0.0416,0.0087,0.0815
0.0028,0.0021,0.0029,0.0033,0.0032,0.0044,0.0041,0.0091,0.0041,0.0095,0.0075,0.0105,0.0058,0.0115,0.0078,0.0031,0.0028,0.0106,0.0086,0.0028,0.0391,0.0450,0.1353,0.0002,0.0172,0.0255,0.0334
0.0028,0.0017,0.0023,0.0028,0.0027,0.0045,0.0037,0.0087,0.0056,0.0184,0.0060,0.0082,0.0051,0.0068,0.0083,0.0040,0.0023,0.0068,0.0106,0.0776,0.0009,0.1353,0.0237,0.0484,0.0004,0.0357,0.0365
0.0011,0.0020,0.0019,0.0024,0.0027,0.0080,0.0041,0.0085,0.0062,0.0295,0.0122,0.1815,0.0331,0.0100,0.0065,0.0035,0.0029,0.0075,0.0033,0.0091,0.0040,0.0002,0.0484,0.0298,0.0036,0.0142,0.0682
0.0025,0.0034,0.0038,0.0047,0.0041,0.0105,0.0047,0.0147,0.0125,0.0505,0.0071,0.0760,0.0139,0.0118,0.0038,0.0032,0.0034,0.0051,0.0039,0.0057,0.0416,0.0172,0.0004,0.0036,0.0131,0.0323,0.0015
0.0017,0.0016,0.0029,0.0041,0.0050,0.0063,0.0082,0.0132,0.0053,0.0034,0.0046,0.0070,0.0073,0.0045,0.0050,0.0041,0.0015,0.0066,0.0052,0.0809,0.0087,0.0255,0.0357,0.0142,0.0323,0.0263,0.0056
0.0007,0.0010,0.0023,0.0034,0.0037,0.0048,0.0108,0.0170,0.0089,0.0102,0.0081,0.0244,0.0073,0.0107,0.0086,0.0024,0.0049,0.0049,0.0044,0.0283,0.0815,0.0334,0.0365,0.0682,0.0015,0.0056,0.0009