c1,c2,c3,c4,c5,c6,c7,c8,c9,c10,c11,c12,c13,c14,c15,c16,c17,c18,c19,c20,c21,c22,c23,c24,c25,c26,c27,c28
0.0000,0.0000,0.0002,0.0001,0.0015,0.0010,0.0019,0.0036,0.0046,0.0038,0.0043,0.0038,0.0070,0.0338,0.0171,0.0057,0.0022,0.0099,0.0106,0.1404,0.0591,0.3373,0.1607,0.2456,0.6956,0.8219,0.0979,0.7410
0.0000,0.0000,0.0001,0.0000,0.0000,0.0000,0.0002,0.0060,0.0065,0.0140,0.0103,0.0340,0.0274,0.0874,0.0322,0.0188,0.0063,0.0248,0.1088,0.0393,0.8597,0.0497,0.9499,0.0331,0.9897,0.0465,0.2465,0.0228
0.0002,0.0001,0.0031,0.0002,0.0000,0.0005,0.0013,0.0021,0.0068,0.0045,0.0089,0.0123,0.0197,0.0201,0.0069,0.0066,0.0023,0.0114,0.0131,0.0621,0.0069,0.1745,0.0428,0.1650,0.2821,0.4005,0.0182,0.0507
0.0001,0.0000,0.0002,0.0001,0.0002,0.0000,0.0001,0.0004,0.0023,0.0163,0.0172,0.0208,0.0337,0.0570,0.0088,0.0163,0.0072,0.0560,0.3591,0.0685,0.7743,0.0723,0.8655,0.0330,0.5688,0.0439,0.1242,0.0176
0.0015,0.0000,0.0000,0.0002,0.0017,0.0032,0.0000,0.0011,0.0019,0.0095,0.0103,0.0140,0.0133,0.0175,0.0095,0.0127,0.0092,0.0386,0.0436,0.8124,0.0515,0.5141,0.0995,0.1122,0.0600,0.0251,0.0118,0.0088
0.0010,0.0000,0.0005,0.0000,0.0032,0.0183,0.0324,0.0001,0.0006,0.0033,0.0030,0.0118,0.0098,0.0193,0.0108,0.0190,0.0168,0.1902,0.1607,0.1448,0.2291,0.0380,0.0798,0.0092,0.0438,0.0074,0.0175,0.0073
0.0019,0.0002,0.0013,0.0001,0.0000,0.0324,0.0038,0.0242,0.0000,0.0001,0.0002,0.0014,0.0051,0.0039,0.0178,0.0871,0.0485,0.5960,0.5466,0.0864,0.2891,0.0186,0.1125,0.0112,0.0575,0.0090,0.0152,0.0080
0.0036,0.0060,0.0021,0.0004,0.0011,0.0001,0.0242,0.0716,0.0096,0.0000,0.0004,0.0006,0.0018,0.0150,0.0197,0.0782,0.0715,0.3019,0.1661,0.0462,0.0432,0.0121,0.0303,0.0063,0.0152,0.0060,0.0106,0.0060
0.0046,0.0065,0.0068,0.0023,0.0019,0.0006,0.0000,0.0096,0.0002,0.0010,0.0000,0.0003,0.0014,0.0026,0.0158,0.9934,0.8885,0.5205,0.1826,0.0205,0.0207,0.0078,0.0136,0.0049,0.0116,0.0042,0.0053,0.0030
0.0038,0.0140,0.0045,0.0163,0.0095,0.0033,0.0001,0.0000,0.0010,0.0011,0.0010,0.0000,0.0005,0.0029,0.0065,0.5718,0.9986,0.0347,0.2660,0.0286,0.0087,0.0135,0.0206,0.0079,0.0130,0.0070,0.0063,0.0026
0.0043,0.0103,0.0089,0.0172,0.0103,0.0030,0.0002,0.0004,0.0000,0.0010,0.0084,0.0100,0.0007,0.3525,0.0155,0.9407,0.3113,0.0213,0.0034,0.0123,0.0024,0.0052,0.0074,0.0073,0.0056,0.0080,0.0057,0.0038
0.0038,0.0340,0.0123,0.0208,0.0140,0.0118,0.0014,0.0006,0.0003,0.0000,0.0100,0.0040,0.1234,0.0004,0.0022,0.0017,0.5455,0.0168,0.0080,0.0098,0.0109,0.0091,0.0250,0.0259,0.0253,0.0095,0.0085,0.0064
0.0070,0.0274,0.0197,0.0337,0.0133,0.0098,0.0051,0.0018,0.0014,0.0005,0.0007,0.1234,0.0172,0.1386,0.0010,0.0013,0.0313,0.0035,0.0033,0.0067,0.0064,0.0043,0.0086,0.0053,0.0137,0.0077,0.0067,0.0077
0.0338,0.0874,0.0201,0.0570,0.0175,0.0193,0.0039,0.0150,0.0026,0.0029,0.3525,0.0004,0.1386,0.0013,0.1281,0.0000,0.0001,0.0005,0.0002,0.0063,0.0084,0.0050,0.0215,0.0119,0.0302,0.0084,0.0108,0.0047
0.0171,0.0322,0.0069,0.0088,0.0095,0.0108,0.0178,0.0197,0.0158,0.0065,0.0155,0.0022,0.0010,0.1281,0.0304,0.0014,0.0001,0.0021,0.0009,0.0062,0.0217,0.0094,0.0087,0.0081,0.0073,0.0055,0.0073,0.0049
0.0057,0.0188,0.0066,0.0163,0.0127,0.0190,0.0871,0.0782,0.9934,0.5718,0.9407,0.0017,0.0013,0.0000,0.0014,0.0025,0.0006,0.0000,0.0004,0.0011,0.0030,0.0171,0.0032,0.0030,0.0012,0.0013,0.0033,0.0028
0.0022,0.0063,0.0023,0.0072,0.0092,0.0168,0.0485,0.0715,0.8885,0.9986,0.3113,0.5455,0.0313,0.0001,0.0001,0.0006,0.0005,0.0003,0.0000,0.0004,0.0007,0.0024,0.0108,0.0135,0.0019,0.0029,0.0036,0.0017
0.0099,0.0248,0.0114,0.0560,0.0386,0.1902,0.5960,0.3019,0.5205,0.0347,0.0213,0.0168,0.0035,0.0005,0.0021,0.0000,0.0003,0.0029,0.0158,0.0001,0.0005,0.0014,0.0017,0.0055,0.0020,0.0030,0.0042,0.0029
0.0106,0.1088,0.0131,0.3591,0.0436,0.1607,0.5466,0.1661,0.1826,0.2660,0.0034,0.0080,0.0033,0.0002,0.0009,0.0004,0.0000,0.0158,0.0008,0.0207,0.0001,0.0002,0.0005,0.0016,0.0071,0.0057,0.0112,0.0038
0.1404,0.0393,0.0621,0.0685,0.8124,0.1448,0.0864,0.0462,0.0205,0.0286,0.0123,0.0098,0.0067,0.0063,0.0062,0.0011,0.0004,0.0001,0.0207,0.0040,0.0001,0.0001,0.0000,0.0018,0.0015,0.0076,0.0033,0.0045
0.0591,0.8597,0.0069,0.7743,0.0515,0.2291,0.2891,0.0432,0.0207,0.0087,0.0024,0.0109,0.0064,0.0084,0.0217,0.0030,0.0007,0.0005,0.0001,0.0001,0.0077,0.0055,0.0000,0.0002,0.0009,0.0010,0.0297,0.0018
0.3373,0.0497,0.1745,0.0723,0.5141,0.0380,0.0186,0.0121,0.0078,0.0135,0.0052,0.0091,0.0043,0.0050,0.0094,0.0171,0.0024,0.0014,0.0002,0.0001,0.0055,0.1361,0.0004,0.0003,0.0001,0.0016,0.0013,0.0081
0.1607,0.9499,0.0428,0.8655,0.0995,0.0798,0.1125,0.0303,0.0136,0.0206,0.0074,0.0250,0.0086,0.0215,0.0087,0.0032,0.0108,0.0017,0.0005,0.0000,0.0000,0.0004,0.0169,0.0032,0.0000,0.0003,0.0004,0.0012
0.2456,0.0331,0.1650,0.0330,0.1122,0.0092,0.0112,0.0063,0.0049,0.0079,0.0073,0.0259,0.0053,0.0119,0.0081,0.0030,0.0135,0.0055,0.0016,0.0018,0.0002,0.0003,0.0032,0.0760,0.0005,0.0001,0.0013,0.0283
0.6956,0.9897,0.2821,0.5688,0.0600,0.0438,0.0575,0.0152,0.0116,0.0130,0.0056,0.0253,0.0137,0.0302,0.0073,0.0012,0.0019,0.0020,0.0071,0.0015,0.0009,0.0001,0.0000,0.0005,0.0037,0.0030,0.0000,0.0002
0.8219,0.0465,0.4005,0.0439,0.0251,0.0074,0.0090,0.0060,0.0042,0.0070,0.0080,0.0095,0.0077,0.0084,0.0055,0.0013,0.0029,0.0030,0.0057,0.0076,0.0010,0.0016,0.0003,0.0001,0.0030,0.0233,0.0025,0.0025
0.0979,0.2465,0.0182,0.1242,0.0118,0.0175,0.0152,0.0106,0.0053,0.0063,0.0057,0.0085,0.0067,0.0108,0.0073,0.0033,0.0036,0.0042,0.0112,0.0033,0.0297,0.0013,0.0004,0.0013,0.0000,0.0025,0.1441,0.0112
0.7410,0.0228,0.0507,0.0176,0.0088,0.0073,0.0080,0.0060,0.0030,0.0026,0.0038,0.0064,0.0077,0.0047,0.0049,0.0028,0.0017,0.0029,0.0038,0.0045,0.0018,0.0081,0.0012,0.0283,0.0002,0.0025,0.0112,0.1690