c1,c2,c3,c4,c5,c6,c7,c8,c9,c10,c11,c12,c13,c14,c15,c16,c17,c18,c19,c20,c21,c22,c23,c24,c25,c26,c27,c28
0.0044,0.0087,0.0004,0.0002,0.0448,0.0009,0.0584,0.0168,0.0010,0.0045,0.0033,0.0457,0.0100,0.0517,0.0057,0.0752,0.0301,0.0058,0.0217,0.0314,0.0105,0.0035,0.0128,0.0036,0.0037,0.0025,0.0052,0.0037
0.0087,0.0297,0.0117,0.0000,0.0087,0.0001,0.0040,0.0136,0.0067,0.0103,0.0016,0.0308,0.0023,0.2251,0.0029,0.0592,0.0079,0.0047,0.0330,0.0146,0.3065,0.0059,0.1705,0.0026,0.0035,0.0026,0.0045,0.0042
0.0004,0.0117,0.0346,0.0002,0.0002,0.0000,0.0006,0.0037,0.0123,0.0116,0.0099,0.6248,0.0064,0.0097,0.0062,0.0321,0.0087,0.0092,0.0157,0.0342,0.0382,0.0224,0.2391,0.0075,0.0041,0.0065,0.0049,0.0055
0.0002,0.0000,0.0002,0.0012,0.0322,0.0000,0.0002,0.0020,0.0024,0.0121,0.0852,0.9993,0.0276,0.0490,0.0032,0.0065,0.0039,0.0052,0.0303,0.0114,0.3228,0.0066,0.9942,0.0063,0.0104,0.0071,0.0104,0.0106
0.0448,0.0087,0.0002,0.0322,0.1200,0.0005,0.0003,0.0012,0.0025,0.0117,0.0095,0.1968,0.0135,0.0081,0.0024,0.0097,0.0061,0.0051,0.0125,0.0082,0.0135,0.0039,0.1225,0.0066,0.0039,0.0039,0.0066,0.0052
0.0009,0.0001,0.0000,0.0000,0.0005,0.0002,0.0032,0.0002,0.0037,0.2199,0.1464,0.5964,0.0696,0.0309,0.0019,0.0729,0.0073,0.0033,0.0224,0.0036,0.1013,0.0190,0.9934,0.0247,0.0279,0.0140,0.0193,0.0146
0.0584,0.0040,0.0006,0.0002,0.0003,0.0032,0.0242,0.0180,0.0006,0.0829,0.0027,0.0171,0.0198,0.0051,0.0016,0.0048,0.0038,0.0040,0.0187,0.0058,0.0057,0.0042,0.2342,0.0092,0.0500,0.0315,0.0136,0.0153
0.0168,0.0136,0.0037,0.0020,0.0012,0.0002,0.0180,0.0402,0.1081,0.0000,0.0010,0.0007,0.0018,0.0064,0.0017,0.0093,0.0081,0.0043,0.0159,0.0033,0.0061,0.0017,0.1523,0.0046,0.3714,0.2792,0.0634,0.0439
0.0010,0.0067,0.0123,0.0024,0.0025,0.0037,0.0006,0.1081,0.0530,0.0376,0.0001,0.0000,0.0003,0.0003,0.0010,0.0072,0.0026,0.0008,0.0042,0.0038,0.0108,0.0055,0.1637,0.0147,0.5192,0.9972,0.1189,0.0787
0.0045,0.0103,0.0116,0.0121,0.0117,0.2199,0.0829,0.0000,0.0376,0.0004,0.0038,0.0000,0.0000,0.0000,0.0003,0.0035,0.0087,0.0042,0.0080,0.0046,0.0134,0.0061,0.9991,0.0089,0.9970,0.1636,0.0381,0.0239
0.0033,0.0016,0.0099,0.0852,0.0095,0.1464,0.0027,0.0010,0.0001,0.0038,0.0164,0.0000,0.0001,0.0001,0.0001,0.0028,0.0063,0.0016,0.0075,0.0018,0.0111,0.0014,0.3281,0.7696,0.0757,0.9971,0.1881,0.0249
0.0457,0.0308,0.6248,0.9993,0.1968,0.5964,0.0171,0.0007,0.0000,0.0000,0.0000,0.0000,0.0001,0.0000,0.0000,0.0002,0.0005,0.0049,0.0276,0.0203,0.9999,0.1314,0.9992,0.3030,0.0314,0.0200,0.0111,0.0040
0.0100,0.0023,0.0064,0.0276,0.0135,0.0696,0.0198,0.0018,0.0003,0.0000,0.0001,0.0001,0.0019,0.0001,0.0000,0.0013,0.0076,0.0053,0.0174,0.0176,0.0395,0.9752,0.1580,0.9774,0.0161,0.0499,0.0335,0.0224
0.0517,0.2251,0.0097,0.0490,0.0081,0.0309,0.0051,0.0064,0.0003,0.0000,0.0001,0.0000,0.0001,0.0003,0.0000,0.0001,0.0020,0.0301,0.9353,0.0959,0.9995,0.1702,0.0420,0.0159,0.0078,0.0520,0.0115,0.0082
0.0057,0.0029,0.0062,0.0032,0.0024,0.0019,0.0016,0.0017,0.0010,0.0003,0.0001,0.0000,0.0000,0.0000,0.0005,0.0011,0.0004,0.8973,0.0499,0.3378,0.3698,1.0000,0.0125,0.9495,0.0231,0.0100,0.0108,0.0083
0.0752,0.0592,0.0321,0.0065,0.0097,0.0729,0.0048,0.0093,0.0072,0.0035,0.0028,0.0002,0.0013,0.0001,0.0011,0.0053,0.0088,0.0007,0.0169,0.0145,0.0623,0.0910,0.0041,0.0232,0.0088,0.0033,0.0074,0.0139
0.0301,0.0079,0.0087,0.0039,0.0061,0.0073,0.0038,0.0081,0.0026,0.0087,0.0063,0.0005,0.0076,0.0020,0.0004,0.0088,0.0094,0.2663,0.0017,0.0376,0.0066,0.0162,0.0032,0.0249,0.0111,0.0086,0.0130,0.0075
0.0058,0.0047,0.0092,0.0052,0.0051,0.0033,0.0040,0.0043,0.0008,0.0042,0.0016,0.0049,0.0053,0.0301,0.8973,0.0007,0.2663,0.0002,0.1463,0.0147,0.0014,0.3491,0.0006,0.0672,0.0036,0.0014,0.0022,0.0014
0.0217,0.0330,0.0157,0.0303,0.0125,0.0224,0.0187,0.0159,0.0042,0.0080,0.0075,0.0276,0.0174,0.9353,0.0499,0.0169,0.0017,0.1463,0.0015,0.1587,0.0000,0.0001,0.0001,0.0008,0.0027,0.0016,0.0001,0.0032
0.0314,0.0146,0.0342,0.0114,0.0082,0.0036,0.0058,0.0033,0.0038,0.0046,0.0018,0.0203,0.0176,0.0959,0.3378,0.0145,0.0376,0.0147,0.1587,0.0555,0.0002,0.0002,0.0000,0.0063,0.0020,0.0024,0.0028,0.0039
0.0105,0.3065,0.0382,0.3228,0.0135,0.1013,0.0057,0.0061,0.0108,0.0134,0.0111,0.9999,0.0395,0.9995,0.3698,0.0623,0.0066,0.0014,0.0000,0.0002,0.0069,0.0002,0.0000,0.0000,0.0000,0.0001,0.0011,0.0013
0.0035,0.0059,0.0224,0.0066,0.0039,0.0190,0.0042,0.0017,0.0055,0.0061,0.0014,0.1314,0.9752,0.1702,1.0000,0.0910,0.0162,0.3491,0.0001,0.0002,0.0002,0.0016,0.0000,0.0000,0.0003,0.0004,0.0017,0.0029
0.0128,0.1705,0.2391,0.9942,0.1225,0.9934,0.2342,0.1523,0.1637,0.9991,0.3281,0.9992,0.1580,0.0420,0.0125,0.0041,0.0032,0.0006,0.0001,0.0000,0.0000,0.0000,0.0000,0.0001,0.0000,0.0000,0.0000,0.0003
0.0036,0.0026,0.0075,0.0063,0.0066,0.0247,0.0092,0.0046,0.0147,0.0089,0.7696,0.3030,0.9774,0.0159,0.9495,0.0232,0.0249,0.0672,0.0008,0.0063,0.0000,0.0000,0.0001,0.0025,0.0005,0.0000,0.0014,0.0027
0.0037,0.0035,0.0041,0.0104,0.0039,0.0279,0.0500,0.3714,0.5192,0.9970,0.0757,0.0314,0.0161,0.0078,0.0231,0.0088,0.0111,0.0036,0.0027,0.0020,0.0000,0.0003,0.0000,0.0005,0.0113,0.0014,0.0008,0.0638
0.0025,0.0026,0.0065,0.0071,0.0039,0.0140,0.0315,0.2792,0.9972,0.1636,0.9971,0.0200,0.0499,0.0520,0.0100,0.0033,0.0086,0.0014,0.0016,0.0024,0.0001,0.0004,0.0000,0.0000,0.0014,0.0020,0.0183,0.0001
0.0052,0.0045,0.0049,0.0104,0.0066,0.0193,0.0136,0.0634,0.1189,0.0381,0.1881,0.0111,0.0335,0.0115,0.0108,0.0074,0.0130,0.0022,0.0001,0.0028,0.0011,0.0017,0.0000,0.0014,0.0008,0.0183,0.0046,0.2194
0.0037,0.0042,0.0055,0.0106,0.0052,0.0146,0.0153,0.0439,0.0787,0.0239,0.0249,0.0040,0.0224,0.0082,0.0083,0.0139,0.0075,0.0014,0.0032,0.0039,0.0013,0.0029,0.0003,0.0027,0.0638,0.0001,0.2194,0.0050