c1,c2,c3,c4,c5,c6,c7,c8,c9,c10,c11,c12,c13,c14,c15,c16,c17,c18,c19,c20,c21,c22,c23,c24,c25,c26,c27,c28
0.0211,0.0002,0.0004,0.0003,0.0059,0.0018,0.0046,0.0061,0.0107,0.0040,0.0036,0.0028,0.0078,0.0105,0.0432,0.0231,0.0143,0.0122,0.0138,0.0180,0.0103,0.0207,0.0076,0.0173,0.0228,0.0227,0.0089,0.0259
0.0002,0.0002,0.0013,0.0000,0.0001,0.0002,0.0005,0.0065,0.0117,0.0206,0.0030,0.0828,0.0069,0.0813,0.0231,0.0323,0.0189,0.0137,0.0561,0.0181,0.1077,0.0156,0.5487,0.0075,0.9632,0.0047,0.0613,0.0046
0.0004,0.0013,0.0234,0.0002,0.0001,0.0006,0.0042,0.0036,0.0217,0.0086,0.0743,0.0056,0.0363,0.0046,0.0119,0.0169,0.0150,0.0081,0.0104,0.0069,0.0045,0.0162,0.0080,0.1350,0.0143,0.0766,0.0059,0.0251
0.0003,0.0000,0.0002,0.0000,0.0035,0.0000,0.0003,0.0038,0.0242,0.4254,0.1372,0.2398,0.0256,0.0455,0.0121,0.0286,0.0062,0.0209,0.0866,0.0119,0.0369,0.0104,0.2693,0.0223,0.8213,0.0161,0.0847,0.0062
0.0059,0.0001,0.0001,0.0035,0.0375,0.0011,0.0009,0.0161,0.0040,0.0052,0.0230,0.0044,0.0236,0.0020,0.0086,0.0071,0.0103,0.0173,0.0083,0.0292,0.0058,0.0199,0.0062,0.0321,0.0125,0.3062,0.0089,0.0278
0.0018,0.0002,0.0006,0.0000,0.0011,0.0802,0.0437,0.0002,0.0017,0.0414,0.0243,0.0907,0.0149,0.0057,0.0053,0.0104,0.0083,0.0083,0.0394,0.0098,0.0461,0.0052,0.0329,0.0046,0.0383,0.0045,0.6031,0.0261
0.0046,0.0005,0.0042,0.0003,0.0009,0.0437,0.0046,0.3744,0.0037,0.0058,0.0033,0.0030,0.0061,0.0006,0.0069,0.0070,0.0077,0.0072,0.0022,0.0152,0.0211,0.0052,0.0152,0.0056,0.0297,0.0122,0.0546,0.1477
0.0061,0.0065,0.0036,0.0038,0.0161,0.0002,0.3744,0.1661,0.1226,0.0000,0.0004,0.0011,0.0016,0.0022,0.0074,0.0051,0.0103,0.0121,0.0196,0.0127,0.0213,0.0028,0.0133,0.0033,0.0166,0.0093,0.0851,0.0582
0.0107,0.0117,0.0217,0.0242,0.0040,0.0017,0.0037,0.1226,0.0037,0.0018,0.0001,0.0006,0.0019,0.0003,0.0081,0.0141,0.0160,0.0106,0.0028,0.0125,0.0139,0.0073,0.0154,0.0152,0.0269,0.0165,0.0526,0.0462
0.0040,0.0206,0.0086,0.4254,0.0052,0.0414,0.0058,0.0000,0.0018,0.0014,0.0007,0.0000,0.0000,0.0000,0.0005,0.0089,0.0351,0.0143,0.0395,0.0110,0.0605,0.0107,0.4412,0.0253,0.9149,0.0208,0.7997,0.0175
0.0036,0.0030,0.0743,0.1372,0.0230,0.0243,0.0033,0.0004,0.0001,0.0007,0.0166,0.0008,0.0013,0.0027,0.0045,0.0036,0.0129,0.0085,0.0046,0.0031,0.0028,0.0063,0.0054,0.1860,0.0164,0.6923,0.0066,0.0230
0.0028,0.0828,0.0056,0.2398,0.0044,0.0907,0.0030,0.0011,0.0006,0.0000,0.0008,0.0002,0.0013,0.0000,0.0003,0.0007,0.0042,0.0221,0.0613,0.0109,0.1116,0.0110,0.9038,0.0955,0.8754,0.0071,0.0483,0.0075
0.0078,0.0069,0.0363,0.0256,0.0236,0.0149,0.0061,0.0016,0.0019,0.0000,0.0013,0.0013,0.0372,0.0153,0.0001,0.0008,0.0041,0.0108,0.0090,0.0121,0.0058,0.0236,0.0095,0.3986,0.0188,0.1397,0.0043,0.0308
0.0105,0.0813,0.0046,0.0455,0.0020,0.0057,0.0006,0.0022,0.0003,0.0000,0.0027,0.0000,0.0153,0.0025,0.0285,0.0000,0.0006,0.0060,0.0061,0.0398,0.6858,0.1005,0.8356,0.0191,0.4958,0.0041,0.0357,0.0067
0.0432,0.0231,0.0119,0.0121,0.0086,0.0053,0.0069,0.0074,0.0081,0.0005,0.0045,0.0003,0.0001,0.0285,0.0063,0.0050,0.0000,0.0016,0.0041,0.0257,0.1308,0.3313,0.1006,0.0224,0.0252,0.0104,0.0082,0.0072
0.0231,0.0323,0.0169,0.0286,0.0071,0.0104,0.0070,0.0051,0.0141,0.0089,0.0036,0.0007,0.0008,0.0000,0.0050,0.0071,0.0017,0.0003,0.0174,0.0324,0.1568,0.1099,0.0506,0.0059,0.0105,0.0030,0.0052,0.0046
0.0143,0.0189,0.0150,0.0062,0.0103,0.0083,0.0077,0.0103,0.0160,0.0351,0.0129,0.0042,0.0041,0.0006,0.0000,0.0017,0.0093,0.0137,0.0001,0.0099,0.0089,0.1512,0.0795,0.0411,0.0105,0.0127,0.0058,0.0049
0.0122,0.0137,0.0081,0.0209,0.0173,0.0083,0.0072,0.0121,0.0106,0.0143,0.0085,0.0221,0.0108,0.0060,0.0016,0.0003,0.0137,0.0240,0.1105,0.0001,0.0014,0.0070,0.0085,0.0052,0.0050,0.0087,0.0046,0.0072
0.0138,0.0561,0.0104,0.0866,0.0083,0.0394,0.0022,0.0196,0.0028,0.0395,0.0046,0.0613,0.0090,0.0061,0.0041,0.0174,0.0001,0.1105,0.0020,0.0343,0.0001,0.0009,0.0017,0.0014,0.0093,0.0083,0.0080,0.0026
0.0180,0.0181,0.0069,0.0119,0.0292,0.0098,0.0152,0.0127,0.0125,0.0110,0.0031,0.0109,0.0121,0.0398,0.0257,0.0324,0.0099,0.0001,0.0343,0.0130,0.0015,0.0002,0.0011,0.0025,0.0021,0.0085,0.0072,0.0067
0.0103,0.1077,0.0045,0.0369,0.0058,0.0461,0.0211,0.0213,0.0139,0.0605,0.0028,0.1116,0.0058,0.6858,0.1308,0.1568,0.0089,0.0014,0.0001,0.0015,0.0074,0.0095,0.0000,0.0002,0.0004,0.0009,0.0061,0.0017
0.0207,0.0156,0.0162,0.0104,0.0199,0.0052,0.0052,0.0028,0.0073,0.0107,0.0063,0.0110,0.0236,0.1005,0.3313,0.1099,0.1512,0.0070,0.0009,0.0002,0.0095,0.0049,0.0014,0.0001,0.0002,0.0052,0.0012,0.0053
0.0076,0.5487,0.0080,0.2693,0.0062,0.0329,0.0152,0.0133,0.0154,0.4412,0.0054,0.9038,0.0095,0.8356,0.1006,0.0506,0.0795,0.0085,0.0017,0.0011,0.0000,0.0014,0.0012,0.0023,0.0000,0.0001,0.0001,0.0004
0.0173,0.0075,0.1350,0.0223,0.0321,0.0046,0.0056,0.0033,0.0152,0.0253,0.1860,0.0955,0.3986,0.0191,0.0224,0.0059,0.0411,0.0052,0.0014,0.0025,0.0002,0.0001,0.0023,0.0257,0.0001,0.0003,0.0003,0.0042
0.0228,0.9632,0.0143,0.8213,0.0125,0.0383,0.0297,0.0166,0.0269,0.9149,0.0164,0.8754,0.0188,0.4958,0.0252,0.0105,0.0105,0.0050,0.0093,0.0021,0.0004,0.0002,0.0000,0.0001,0.0000,0.0010,0.0000,0.0001
0.0227,0.0047,0.0766,0.0161,0.3062,0.0045,0.0122,0.0093,0.0165,0.0208,0.6923,0.0071,0.1397,0.0041,0.0104,0.0030,0.0127,0.0087,0.0083,0.0085,0.0009,0.0052,0.0001,0.0003,0.0010,0.0044,0.0002,0.0003
0.0089,0.0613,0.0059,0.0847,0.0089,0.6031,0.0546,0.0851,0.0526,0.7997,0.0066,0.0483,0.0043,0.0357,0.0082,0.0052,0.0058,0.0046,0.0080,0.0072,0.0061,0.0012,0.0001,0.0003,0.0000,0.0002,0.0021,0.0020
0.0259,0.0046,0.0251,0.0062,0.0278,0.0261,0.1477,0.0582,0.0462,0.0175,0.0230,0.0075,0.0308,0.0067,0.0072,0.0046,0.0049,0.0072,0.0026,0.0067,0.0017,0.0053,0.0004,0.0042,0.0001,0.0003,0.0020,0.0120