c1,c2,c3,c4,c5,c6,c7,c8,c9,c10,c11,c12,c13,c14,c15,c16,c17,c18,c19,c20
0.0000,0.0079,0.0001,0.0777,0.0892,0.0243,0.0423,0.0200,0.0527,0.0070,0.0180,0.0299,0.0167,0.0029,0.0072,0.0072,0.0075,0.0094,0.0113,0.0077
0.0079,0.0087,0.0215,0.0010,0.0195,0.0062,0.0040,0.0059,0.0049,0.0030,0.0055,0.0074,0.0096,0.0125,0.0180,0.0061,0.0068,0.0143,0.0074,0.0045
0.0001,0.0215,0.0244,0.0143,0.0028,0.0386,0.1338,0.0090,0.0066,0.0032,0.0054,0.0063,0.0076,0.0104,0.0090,0.0063,0.0044,0.0049,0.0041,0.0046
0.0777,0.0010,0.0143,0.0084,0.0280,0.0001,0.0033,0.0231,0.0057,0.0143,0.0100,0.0091,0.0071,0.0081,0.0107,0.0137,0.0118,0.0064,0.0031,0.0053
0.0892,0.0195,0.0028,0.0280,0.0173,0.0069,0.0001,0.0064,0.0342,0.0033,0.0097,0.0041,0.0068,0.0065,0.0141,0.0049,0.0063,0.0118,0.0039,0.0024
0.0243,0.0062,0.0386,0.0001,0.0069,0.0024,0.0011,0.0003,0.0085,0.0896,0.0118,0.0115,0.0172,0.0152,0.0189,0.0164,0.0128,0.0170,0.0077,0.0031
0.0423,0.0040,0.1338,0.0033,0.0001,0.0011,0.0153,0.0027,0.0004,0.0100,0.0451,0.0083,0.0293,0.0143,0.0120,0.0091,0.0144,0.0068,0.0059,0.0072
0.0200,0.0059,0.0090,0.0231,0.0064,0.0003,0.0027,0.0052,0.0053,0.0002,0.0240,0.0404,0.0060,0.0159,0.0218,0.0107,0.0060,0.0150,0.0079,0.0077
0.0527,0.0049,0.0066,0.0057,0.0342,0.0085,0.0004,0.0053,0.0026,0.0042,0.0006,0.0071,0.0646,0.0094,0.0180,0.0054,0.0081,0.0123,0.0121,0.0059
0.0070,0.0030,0.0032,0.0143,0.0033,0.0896,0.0100,0.0002,0.0042,0.0224,0.0076,0.0013,0.0217,0.0877,0.0037,0.0136,0.0078,0.0098,0.0067,0.0031
0.0180,0.0055,0.0054,0.0100,0.0097,0.0118,0.0451,0.0240,0.0006,0.0076,0.0058,0.0065,0.0007,0.0085,0.0370,0.0029,0.0094,0.0102,0.0048,0.0032
0.0299,0.0074,0.0063,0.0091,0.0041,0.0115,0.0083,0.0404,0.0071,0.0013,0.0065,0.0085,0.0011,0.0005,0.0075,0.0266,0.0074,0.0198,0.0075,0.0084
0.0167,0.0096,0.0076,0.0071,0.0068,0.0172,0.0293,0.0060,0.0646,0.0217,0.0007,0.0011,0.0149,0.0031,0.0003,0.0076,0.0166,0.0039,0.0141,0.0053
0.0029,0.0125,0.0104,0.0081,0.0065,0.0152,0.0143,0.0159,0.0094,0.0877,0.0085,0.0005,0.0031,0.0101,0.0025,0.0005,0.0168,0.0168,0.0030,0.0129
0.0072,0.0180,0.0090,0.0107,0.0141,0.0189,0.0120,0.0218,0.0180,0.0037,0.0370,0.0075,0.0003,0.0025,0.0101,0.0014,0.0001,0.0113,0.0483,0.0082
0.0072,0.0061,0.0063,0.0137,0.0049,0.0164,0.0091,0.0107,0.0054,0.0136,0.0029,0.0266,0.0076,0.0005,0.0014,0.0073,0.0117,0.0005,0.0158,0.1681
0.0075,0.0068,0.0044,0.0118,0.0063,0.0128,0.0144,0.0060,0.0081,0.0078,0.0094,0.0074,0.0166,0.0168,0.0001,0.0117,0.0897,0.0086,0.0002,0.0152
0.0094,0.0143,0.0049,0.0064,0.0118,0.0170,0.0068,0.0150,0.0123,0.0098,0.0102,0.0198,0.0039,0.0168,0.0113,0.0005,0.0086,0.0206,0.0048,0.0002
0.0113,0.0074,0.0041,0.0031,0.0039,0.0077,0.0059,0.0079,0.0121,0.0067,0.0048,0.0075,0.0141,0.0030,0.0483,0.0158,0.0002,0.0048,0.0240,0.0269
0.0077,0.0045,0.0046,0.0053,0.0024,0.0031,0.0072,0.0077,0.0059,0.0031,0.0032,0.0084,0.0053,0.0129,0.0082,0.1681,0.0152,0.0002,0.0269,0.0741
