c1,c2,c3,c4,c5,c6,c7,c8,c9,c10,c11,c12,c13,c14,c15,c16,c17,c18,c19,c20
0.0010,0.0086,0.0004,0.0171,0.0167,0.0133,0.0193,0.0337,0.0085,0.0078,0.0072,0.0068,0.0090,0.0082,0.0059,0.0044,0.0058,0.0148,0.0045,0.0058
0.0086,0.0396,0.0334,0.0001,0.0113,0.0046,0.0054,0.0278,0.0240,0.0150,0.0066,0.0138,0.0091,0.0075,0.0068,0.0030,0.0044,0.0067,0.0030,0.0040
0.0004,0.0334,0.0102,0.0200,0.0001,0.0093,0.0115,0.0179,0.0355,0.0053,0.0177,0.0086,0.0158,0.0062,0.0075,0.0100,0.0086,0.0108,0.0038,0.0040
0.0171,0.0001,0.0200,0.0248,0.0050,0.0000,0.0042,0.0185,0.0148,0.0372,0.0120,0.0129,0.0117,0.0071,0.0074,0.0135,0.0133,0.0158,0.0086,0.0110
0.0167,0.0113,0.0001,0.0050,0.0131,0.0042,0.0001,0.0097,0.0232,0.0166,0.0526,0.0244,0.0257,0.0104,0.0053,0.0082,0.0088,0.0172,0.0070,0.0045
0.0133,0.0046,0.0093,0.0000,0.0042,0.0145,0.0167,0.0005,0.0077,0.0267,0.0054,0.0274,0.0194,0.0077,0.0067,0.0101,0.0170,0.0174,0.0089,0.0155
0.0193,0.0054,0.0115,0.0042,0.0001,0.0167,0.0328,0.0108,0.0000,0.0017,0.0222,0.0109,0.0319,0.0131,0.0144,0.0105,0.0136,0.0143,0.0150,0.0188
0.0337,0.0278,0.0179,0.0185,0.0097,0.0005,0.0108,0.0134,0.0010,0.0001,0.0024,0.0162,0.0083,0.0184,0.0153,0.0105,0.0136,0.0096,0.0075,0.0077
0.0085,0.0240,0.0355,0.0148,0.0232,0.0077,0.0000,0.0010,0.0061,0.0115,0.0002,0.0005,0.0095,0.0094,0.0425,0.0630,0.0454,0.0155,0.0214,0.0071
0.0078,0.0150,0.0053,0.0372,0.0166,0.0267,0.0017,0.0001,0.0115,0.0338,0.0111,0.0000,0.0029,0.0287,0.0097,0.0425,0.0191,0.0138,0.0088,0.0057
0.0072,0.0066,0.0177,0.0120,0.0526,0.0054,0.0222,0.0024,0.0002,0.0111,0.0254,0.0033,0.0002,0.0042,0.0203,0.0087,0.0301,0.0129,0.0081,0.0086
0.0068,0.0138,0.0086,0.0129,0.0244,0.0274,0.0109,0.0162,0.0005,0.0000,0.0033,0.0023,0.0022,0.0005,0.0020,0.0436,0.0234,0.0895,0.0502,0.0478
0.0090,0.0091,0.0158,0.0117,0.0257,0.0194,0.0319,0.0083,0.0095,0.0029,0.0002,0.0022,0.0021,0.0138,0.0001,0.0011,0.0239,0.0092,0.0393,0.1716
0.0082,0.0075,0.0062,0.0071,0.0104,0.0077,0.0131,0.0184,0.0094,0.0287,0.0042,0.0005,0.0138,0.0164,0.0137,0.0002,0.0053,0.0077,0.0047,0.0306
0.0059,0.0068,0.0075,0.0074,0.0053,0.0067,0.0144,0.0153,0.0425,0.0097,0.0203,0.0020,0.0001,0.0137,0.0322,0.0494,0.0001,0.0048,0.0158,0.0179
0.0044,0.0030,0.0100,0.0135,0.0082,0.0101,0.0105,0.0105,0.0630,0.0425,0.0087,0.0436,0.0011,0.0002,0.0494,0.0506,0.0174,0.0001,0.0011,0.0044
0.0058,0.0044,0.0086,0.0133,0.0088,0.0170,0.0136,0.0136,0.0454,0.0191,0.0301,0.0234,0.0239,0.0053,0.0001,0.0174,0.0143,0.0009,0.0003,0.0021
0.0148,0.0067,0.0108,0.0158,0.0172,0.0174,0.0143,0.0096,0.0155,0.0138,0.0129,0.0895,0.0092,0.0077,0.0048,0.0001,0.0009,0.0139,0.0313,0.0000
0.0045,0.0030,0.0038,0.0086,0.0070,0.0089,0.0150,0.0075,0.0214,0.0088,0.0081,0.0502,0.0393,0.0047,0.0158,0.0011,0.0003,0.0313,0.0007,0.0200
0.0058,0.0040,0.0040,0.0110,0.0045,0.0155,0.0188,0.0077,0.0071,0.0057,0.0086,0.0478,0.1716,0.0306,0.0179,0.0044,0.0021,0.0000,0.0200,0.0009