c1,c2,c3,c4,c5,c6,c7,c8,c9,c10,c11,c12,c13,c14,c15,c16,c17,c18,c19,c20,c21,c22,c23,c24,c25,c26,c27
0.0000,0.0043,0.0126,0.4315,0.2831,0.1115,0.1375,0.0649,0.0382,0.0692,0.0048,0.0125,0.0221,0.0105,0.0019,0.0055,0.0068,0.0034,0.0043,0.0087,0.0026,0.0020,0.0026,0.0014,0.0026,0.0023,0.0009
0.0043,0.0273,0.0951,0.0001,0.0289,0.0044,0.0131,0.0132,0.0140,0.0103,0.0081,0.0043,0.0110,0.0086,0.0044,0.0080,0.0074,0.0049,0.0047,0.0069,0.0057,0.0066,0.0051,0.0054,0.0068,0.0048,0.0046
0.0126,0.0951,0.0780,0.0308,0.0020,0.0243,0.0495,0.0064,0.0054,0.0051,0.0020,0.0039,0.0076,0.0052,0.0024,0.0039,0.0058,0.0021,0.0029,0.0037,0.0046,0.0061,0.0043,0.0043,0.0064,0.0103,0.0051
0.4315,0.0001,0.0308,0.3305,0.0155,0.0016,0.0187,0.0042,0.0041,0.0052,0.0030,0.0073,0.0064,0.0097,0.0030,0.0071,0.0050,0.0030,0.0025,0.0036,0.0049,0.0072,0.0075,0.0061,0.0092,0.0061,0.0054
0.2831,0.0289,0.0020,0.0155,0.0084,0.0374,0.0005,0.0013,0.0046,0.0044,0.0014,0.0032,0.0037,0.0059,0.0030,0.0039,0.0054,0.0049,0.0024,0.0078,0.0132,0.0153,0.0211,0.0217,0.0229,0.0089,0.0069
0.1115,0.0044,0.0243,0.0016,0.0374,0.0204,0.0043,0.0000,0.0004,0.0016,0.0020,0.0036,0.0040,0.0049,0.0035,0.0068,0.0059,0.0067,0.0115,0.0144,0.0707,0.1193,0.0325,0.0309,0.0124,0.0063,0.0033
0.1375,0.0131,0.0495,0.0187,0.0005,0.0043,0.0180,0.0031,0.0000,0.0007,0.0005,0.0011,0.0021,0.0058,0.0034,0.0045,0.0064,0.0073,0.0199,0.0128,0.0464,0.0698,0.0581,0.0420,0.0214,0.0117,0.0057
0.0649,0.0132,0.0064,0.0042,0.0013,0.0000,0.0031,0.0022,0.0006,0.0001,0.0000,0.0016,0.0016,0.0111,0.0059,0.0082,0.0131,0.0194,0.0390,0.0499,0.4981,0.4793,0.1679,0.0784,0.0260,0.0110,0.0045
0.0382,0.0140,0.0054,0.0041,0.0046,0.0004,0.0000,0.0006,0.0029,0.0015,0.0000,0.0005,0.0005,0.0053,0.0080,0.0142,0.0110,0.0263,0.0889,0.0909,0.7035,0.6679,0.2350,0.2071,0.0325,0.0066,0.0048
0.0692,0.0103,0.0051,0.0052,0.0044,0.0016,0.0007,0.0001,0.0015,0.0062,0.0001,0.0001,0.0001,0.0034,0.0025,0.0270,0.0271,0.0597,0.2768,0.1452,0.4832,0.2084,0.0387,0.0229,0.0155,0.0091,0.0037
0.0048,0.0081,0.0020,0.0030,0.0014,0.0020,0.0005,0.0000,0.0000,0.0001,0.0003,0.0013,0.0000,0.0006,0.0117,0.0618,0.4081,0.8239,0.9849,0.8931,0.8294,0.5505,0.0836,0.0337,0.0174,0.0062,0.0036
0.0125,0.0043,0.0039,0.0073,0.0032,0.0036,0.0011,0.0016,0.0005,0.0001,0.0013,0.0040,0.0011,0.0007,0.0167,0.0644,0.1361,0.2274,0.4513,0.0854,0.0347,0.0413,0.0071,0.0038,0.0058,0.0046,0.0034
0.0221,0.0110,0.0076,0.0064,0.0037,0.0040,0.0021,0.0016,0.0005,0.0001,0.0000,0.0011,0.0014,0.0080,0.0011,0.0143,0.0710,0.5983,0.6050,0.2699,0.1021,0.0936,0.0239,0.0101,0.0105,0.0089,0.0035
0.0105,0.0086,0.0052,0.0097,0.0059,0.0049,0.0058,0.0111,0.0053,0.0034,0.0006,0.0007,0.0080,0.0184,0.0791,0.0010,0.0153,0.0101,0.0555,0.0390,0.0130,0.0206,0.0057,0.0035,0.0048,0.0050,0.0028
0.0019,0.0044,0.0024,0.0030,0.0030,0.0035,0.0034,0.0059,0.0080,0.0025,0.0117,0.0167,0.0011,0.0791,0.0775,0.0753,0.0049,0.0624,0.1556,0.0108,0.0134,0.0082,0.0032,0.0024,0.0035,0.0022,0.0008
0.0055,0.0080,0.0039,0.0071,0.0039,0.0068,0.0045,0.0082,0.0142,0.0270,0.0618,0.0644,0.0143,0.0010,0.0753,0.2927,0.0290,0.0002,0.0016,0.0029,0.0041,0.0054,0.0031,0.0021,0.0059,0.0026,0.0018
0.0068,0.0074,0.0058,0.0050,0.0054,0.0059,0.0064,0.0131,0.0110,0.0271,0.4081,0.1361,0.0710,0.0153,0.0049,0.0290,0.0187,0.0163,0.0001,0.0007,0.0015,0.0012,0.0032,0.0017,0.0042,0.0039,0.0025
0.0034,0.0049,0.0021,0.0030,0.0049,0.0067,0.0073,0.0194,0.0263,0.0597,0.8239,0.2274,0.5983,0.0101,0.0624,0.0002,0.0163,0.0010,0.0055,0.0000,0.0002,0.0025,0.0028,0.0061,0.0063,0.0026,0.0021
0.0043,0.0047,0.0029,0.0025,0.0024,0.0115,0.0199,0.0390,0.0889,0.2768,0.9849,0.4513,0.6050,0.0555,0.1556,0.0016,0.0001,0.0055,0.0004,0.0004,0.0000,0.0000,0.0003,0.0013,0.0074,0.0027,0.0051
0.0087,0.0069,0.0037,0.0036,0.0078,0.0144,0.0128,0.0499,0.0909,0.1452,0.8931,0.0854,0.2699,0.0390,0.0108,0.0029,0.0007,0.0000,0.0004,0.0107,0.0022,0.0000,0.0007,0.0014,0.0041,0.0053,0.0227
0.0026,0.0057,0.0046,0.0049,0.0132,0.0707,0.0464,0.4981,0.7035,0.4832,0.8294,0.0347,0.1021,0.0130,0.0134,0.0041,0.0015,0.0002,0.0000,0.0022,0.0012,0.0001,0.0000,0.0001,0.0025,0.0021,0.0304
0.0020,0.0066,0.0061,0.0072,0.0153,0.1193,0.0698,0.4793,0.6679,0.2084,0.5505,0.0413,0.0936,0.0206,0.0082,0.0054,0.0012,0.0025,0.0000,0.0000,0.0001,0.0008,0.0091,0.0001,0.0006,0.0003,0.0440
0.0026,0.0051,0.0043,0.0075,0.0211,0.0325,0.0581,0.1679,0.2350,0.0387,0.0836,0.0071,0.0239,0.0057,0.0032,0.0031,0.0032,0.0028,0.0003,0.0007,0.0000,0.0091,0.0140,0.0101,0.0002,0.0050,0.0718
0.0014,0.0054,0.0043,0.0061,0.0217,0.0309,0.0420,0.0784,0.2071,0.0229,0.0337,0.0038,0.0101,0.0035,0.0024,0.0021,0.0017,0.0061,0.0013,0.0014,0.0001,0.0001,0.0101,0.0245,0.0234,0.0033,0.2293
0.0026,0.0068,0.0064,0.0092,0.0229,0.0124,0.0214,0.0260,0.0325,0.0155,0.0174,0.0058,0.0105,0.0048,0.0035,0.0059,0.0042,0.0063,0.0074,0.0041,0.0025,0.0006,0.0002,0.0234,0.0150,0.0809,0.0015
0.0023,0.0048,0.0103,0.0061,0.0089,0.0063,0.0117,0.0110,0.0066,0.0091,0.0062,0.0046,0.0089,0.0050,0.0022,0.0026,0.0039,0.0026,0.0027,0.0053,0.0021,0.0003,0.0050,0.0033,0.0809,0.6795,0.1852
0.0009,0.0046,0.0051,0.0054,0.0069,0.0033,0.0057,0.0045,0.0048,0.0037,0.0036,0.0034,0.0035,0.0028,0.0008,0.0018,0.0025,0.0021,0.0051,0.0227,0.0304,0.0440,0.0718,0.2293,0.0015,0.1852,0.0697