c1,c2,c3,c4,c5,c6,c7,c8,c9,c10,c11,c12,c13,c14,c15,c16,c17,c18,c19,c20,c21,c22,c23,c24,c25,c26,c27
0.0000,0.0085,0.0070,0.1336,0.1994,0.1035,0.1466,0.0649,0.0205,0.0218,0.0115,0.0087,0.0161,0.0097,0.0026,0.0053,0.0054,0.0025,0.0033,0.0039,0.0027,0.0030,0.0043,0.0044,0.0061,0.0033,0.0019
0.0085,0.0169,0.0758,0.0001,0.0053,0.0058,0.0052,0.0092,0.0081,0.0063,0.0094,0.0053,0.0184,0.0136,0.0104,0.0162,0.0153,0.0057,0.0061,0.0049,0.0055,0.0056,0.0061,0.0077,0.0083,0.0041,0.0059
0.0070,0.0758,0.0387,0.0120,0.0003,0.0137,0.0098,0.0079,0.0050,0.0045,0.0038,0.0045,0.0140,0.0072,0.0066,0.0052,0.0073,0.0024,0.0055,0.0055,0.0105,0.0053,0.0087,0.0066,0.0083,0.0112,0.0053
0.1336,0.0001,0.0120,0.0536,0.0045,0.0004,0.0021,0.0068,0.0026,0.0094,0.0047,0.0086,0.0192,0.0146,0.0102,0.0189,0.0136,0.0061,0.0041,0.0041,0.0096,0.0060,0.0094,0.0113,0.0107,0.0093,0.0105
0.1994,0.0053,0.0003,0.0045,0.0196,0.0053,0.0001,0.0003,0.0020,0.0050,0.0048,0.0124,0.0141,0.0127,0.0130,0.0087,0.0231,0.0093,0.0043,0.0133,0.0199,0.0157,0.0193,0.0193,0.0218,0.0105,0.0073
0.1035,0.0058,0.0137,0.0004,0.0053,0.0083,0.0106,0.0000,0.0010,0.0054,0.0021,0.0125,0.0090,0.0135,0.0080,0.0087,0.0128,0.0083,0.0050,0.0135,0.0742,0.0164,0.0195,0.0170,0.0104,0.0094,0.0060
0.1466,0.0052,0.0098,0.0021,0.0001,0.0106,0.0090,0.0011,0.0001,0.0009,0.0009,0.0036,0.0075,0.0099,0.0059,0.0090,0.0151,0.0145,0.2358,0.0204,0.2108,0.0238,0.0210,0.0179,0.0107,0.0059,0.0055
0.0649,0.0092,0.0079,0.0068,0.0003,0.0000,0.0011,0.0024,0.0051,0.0001,0.0003,0.0086,0.0026,0.0205,0.0105,0.0157,0.0363,0.0218,0.1062,0.0535,0.0804,0.0417,0.0370,0.0231,0.0121,0.0104,0.0072
0.0205,0.0081,0.0050,0.0026,0.0020,0.0010,0.0001,0.0051,0.0206,0.0064,0.0000,0.0035,0.0015,0.0037,0.0079,0.0192,0.0147,0.0136,0.0464,0.0560,0.3211,0.0578,0.0450,0.0191,0.0169,0.0061,0.0057
0.0218,0.0063,0.0045,0.0094,0.0050,0.0054,0.0009,0.0001,0.0064,0.0146,0.0009,0.0001,0.0003,0.0061,0.0048,0.0214,0.0238,0.0236,0.0816,0.0623,0.0626,0.0583,0.0476,0.0194,0.0124,0.0067,0.0055
0.0115,0.0094,0.0038,0.0047,0.0048,0.0021,0.0009,0.0003,0.0000,0.0009,0.0004,0.0015,0.0000,0.0014,0.0045,0.0133,0.1106,0.2422,0.4081,0.4641,0.5963,0.1648,0.0636,0.0305,0.0205,0.0125,0.0112
0.0087,0.0053,0.0045,0.0086,0.0124,0.0125,0.0036,0.0086,0.0035,0.0001,0.0015,0.0092,0.0010,0.0003,0.0024,0.0191,0.0298,0.0934,0.1076,0.1123,0.0293,0.0240,0.0090,0.0060,0.0055,0.0050,0.0044
0.0161,0.0184,0.0140,0.0192,0.0141,0.0090,0.0075,0.0026,0.0015,0.0003,0.0000,0.0010,0.0002,0.0037,0.0001,0.0026,0.0246,0.3269,0.1814,0.1849,0.2043,0.0671,0.0353,0.0146,0.0166,0.0116,0.0063
0.0097,0.0136,0.0072,0.0146,0.0127,0.0135,0.0099,0.0205,0.0037,0.0061,0.0014,0.0003,0.0037,0.0102,0.0172,0.0003,0.0057,0.0079,0.0478,0.0355,0.0259,0.0055,0.0070,0.0054,0.0066,0.0076,0.0048
0.0026,0.0104,0.0066,0.0102,0.0130,0.0080,0.0059,0.0105,0.0079,0.0048,0.0045,0.0024,0.0001,0.0172,0.0871,0.0245,0.0014,0.0151,0.0251,0.0108,0.0241,0.0081,0.0075,0.0048,0.0061,0.0052,0.0032
0.0053,0.0162,0.0052,0.0189,0.0087,0.0087,0.0090,0.0157,0.0192,0.0214,0.0133,0.0191,0.0026,0.0003,0.0245,0.0308,0.0196,0.0004,0.0052,0.0069,0.0055,0.0073,0.0044,0.0032,0.0072,0.0044,0.0033
0.0054,0.0153,0.0073,0.0136,0.0231,0.0128,0.0151,0.0363,0.0147,0.0238,0.1106,0.0298,0.0246,0.0057,0.0014,0.0196,0.0099,0.0284,0.0001,0.0001,0.0028,0.0014,0.0051,0.0030,0.0063,0.0038,0.0031
0.0025,0.0057,0.0024,0.0061,0.0093,0.0083,0.0145,0.0218,0.0136,0.0236,0.2422,0.0934,0.3269,0.0079,0.0151,0.0004,0.0284,0.0003,0.0087,0.0000,0.0010,0.0041,0.0053,0.0073,0.0078,0.0049,0.0046
0.0033,0.0061,0.0055,0.0041,0.0043,0.0050,0.2358,0.1062,0.0464,0.0816,0.4081,0.1076,0.1814,0.0478,0.0251,0.0052,0.0001,0.0087,0.0003,0.0019,0.0000,0.0002,0.0012,0.0025,0.0114,0.0052,0.0065
0.0039,0.0049,0.0055,0.0041,0.0133,0.0135,0.0204,0.0535,0.0560,0.0623,0.4641,0.1123,0.1849,0.0355,0.0108,0.0069,0.0001,0.0000,0.0019,0.0065,0.0005,0.0001,0.0012,0.0034,0.0041,0.0088,0.0166
0.0027,0.0055,0.0105,0.0096,0.0199,0.0742,0.2108,0.0804,0.3211,0.0626,0.5963,0.0293,0.2043,0.0259,0.0241,0.0055,0.0028,0.0010,0.0000,0.0005,0.0002,0.0015,0.0000,0.0002,0.0015,0.0034,0.0397
0.0030,0.0056,0.0053,0.0060,0.0157,0.0164,0.0238,0.0417,0.0578,0.0583,0.1648,0.0240,0.0671,0.0055,0.0081,0.0073,0.0014,0.0041,0.0002,0.0001,0.0015,0.0157,0.0132,0.0002,0.0046,0.0039,0.0305
0.0043,0.0061,0.0087,0.0094,0.0193,0.0195,0.0210,0.0370,0.0450,0.0476,0.0636,0.0090,0.0353,0.0070,0.0075,0.0044,0.0051,0.0053,0.0012,0.0012,0.0000,0.0132,0.0138,0.0183,0.0001,0.0034,0.0177
0.0044,0.0077,0.0066,0.0113,0.0193,0.0170,0.0179,0.0231,0.0191,0.0194,0.0305,0.0060,0.0146,0.0054,0.0048,0.0032,0.0030,0.0073,0.0025,0.0034,0.0002,0.0002,0.0183,0.0667,0.0236,0.0011,0.0148
0.0061,0.0083,0.0083,0.0107,0.0218,0.0104,0.0107,0.0121,0.0169,0.0124,0.0205,0.0055,0.0166,0.0066,0.0061,0.0072,0.0063,0.0078,0.0114,0.0041,0.0015,0.0046,0.0001,0.0236,0.0159,0.0262,0.0003
0.0033,0.0041,0.0112,0.0093,0.0105,0.0094,0.0059,0.0104,0.0061,0.0067,0.0125,0.0050,0.0116,0.0076,0.0052,0.0044,0.0038,0.0049,0.0052,0.0088,0.0034,0.0039,0.0034,0.0011,0.0262,0.0798,0.0247
0.0019,0.0059,0.0053,0.0105,0.0073,0.0060,0.0055,0.0072,0.0057,0.0055,0.0112,0.0044,0.0063,0.0048,0.0032,0.0033,0.0031,0.0046,0.0065,0.0166,0.0397,0.0305,0.0177,0.0148,0.0003,0.0247,0.0476