c1,c2,c3,c4,c5,c6,c7,c8,c9,c10,c11,c12,c13,c14,c15,c16,c17,c18,c19,c20,c21,c22,c23,c24,c25,c26,c27
0.0000,0.0262,0.0057,0.1594,0.2148,0.0635,0.0694,0.0320,0.0053,0.0055,0.0064,0.0038,0.0034,0.0039,0.0031,0.0042,0.0024,0.0048,0.0063,0.0046,0.0055,0.0142,0.0042,0.0044,0.0061,0.0034,0.0019
0.0262,0.0332,0.0172,0.0004,0.0036,0.0034,0.0027,0.0071,0.0068,0.0051,0.0058,0.0046,0.0059,0.0070,0.0085,0.0098,0.0065,0.0079,0.0056,0.0119,0.0087,0.0128,0.0072,0.0099,0.0122,0.0085,0.0076
0.0057,0.0172,0.0800,0.0108,0.0002,0.0072,0.0047,0.0043,0.0078,0.0039,0.0065,0.0024,0.0041,0.0058,0.0084,0.0157,0.0052,0.0064,0.0067,0.0086,0.0082,0.0231,0.0136,0.0093,0.0132,0.0129,0.0042
0.1594,0.0004,0.0108,0.0849,0.0044,0.0002,0.0011,0.0033,0.0028,0.0052,0.0107,0.0030,0.0057,0.0072,0.0078,0.0239,0.0062,0.0059,0.0056,0.0069,0.0125,0.0323,0.0175,0.0102,0.0124,0.0070,0.0115
0.2148,0.0036,0.0002,0.0044,0.0012,0.0014,0.0000,0.0001,0.0005,0.0024,0.0056,0.0134,0.0123,0.0153,0.0163,0.0233,0.0154,0.0157,0.0227,0.0741,0.1087,0.2784,0.0251,0.0322,0.0200,0.0088,0.0046
0.0635,0.0034,0.0072,0.0002,0.0014,0.0065,0.0027,0.0000,0.0011,0.0036,0.0053,0.0198,0.0145,0.0128,0.0175,0.0198,0.0159,0.0098,0.0241,0.0116,0.0273,0.0418,0.0307,0.0156,0.0123,0.0087,0.0043
0.0694,0.0027,0.0047,0.0011,0.0000,0.0027,0.0135,0.0011,0.0001,0.0008,0.0004,0.0035,0.0073,0.0069,0.0088,0.0193,0.0141,0.0282,0.1031,0.1703,0.1277,0.4539,0.0236,0.0153,0.0134,0.0068,0.0050
0.0320,0.0071,0.0043,0.0033,0.0001,0.0000,0.0011,0.0026,0.0084,0.0001,0.0003,0.0074,0.0042,0.0185,0.0170,0.0179,0.0136,0.0357,0.0418,0.1479,0.0850,0.2176,0.0394,0.0236,0.0177,0.0112,0.0057
0.0053,0.0068,0.0078,0.0028,0.0005,0.0011,0.0001,0.0084,0.0351,0.0081,0.0000,0.0033,0.0023,0.0052,0.0113,0.0119,0.0097,0.0591,0.0334,0.1759,0.5120,0.0684,0.0222,0.0078,0.0079,0.0044,0.0038
0.0055,0.0051,0.0039,0.0052,0.0024,0.0036,0.0008,0.0001,0.0081,0.0174,0.0006,0.0003,0.0021,0.0030,0.0106,0.0193,0.0104,0.1131,0.0498,0.5322,0.1118,0.0642,0.0219,0.0065,0.0082,0.0040,0.0023
0.0064,0.0058,0.0065,0.0107,0.0056,0.0053,0.0004,0.0003,0.0000,0.0006,0.0047,0.0269,0.0000,0.0007,0.0046,0.0208,0.1023,0.3047,0.2070,0.4174,0.3899,0.0436,0.0323,0.0070,0.0081,0.0064,0.0047
0.0038,0.0046,0.0024,0.0030,0.0134,0.0198,0.0035,0.0074,0.0033,0.0003,0.0269,0.0006,0.0079,0.0009,0.0030,0.0068,0.0180,0.2761,0.2757,0.0234,0.0417,0.0238,0.0060,0.0028,0.0053,0.0029,0.0033
0.0034,0.0059,0.0041,0.0057,0.0123,0.0145,0.0073,0.0042,0.0023,0.0021,0.0000,0.0079,0.0027,0.0144,0.0002,0.0077,0.0198,0.5664,0.4078,0.0578,0.0383,0.0280,0.0071,0.0027,0.0054,0.0047,0.0045
0.0039,0.0070,0.0058,0.0072,0.0153,0.0128,0.0069,0.0185,0.0052,0.0030,0.0007,0.0009,0.0144,0.0739,0.0297,0.0012,0.0377,0.0189,0.0204,0.0123,0.0100,0.0101,0.0049,0.0020,0.0043,0.0033,0.0035
0.0031,0.0085,0.0084,0.0078,0.0163,0.0175,0.0088,0.0170,0.0113,0.0106,0.0046,0.0030,0.0002,0.0297,0.0554,0.0210,0.0007,0.0173,0.0103,0.0046,0.0063,0.0135,0.0065,0.0031,0.0067,0.0051,0.0030
0.0042,0.0098,0.0157,0.0239,0.0233,0.0198,0.0193,0.0179,0.0119,0.0193,0.0208,0.0068,0.0077,0.0012,0.0210,0.0250,0.0175,0.0002,0.0007,0.0017,0.0014,0.0092,0.0081,0.0030,0.0122,0.0055,0.0039
0.0024,0.0065,0.0052,0.0062,0.0154,0.0159,0.0141,0.0136,0.0097,0.0104,0.1023,0.0180,0.0198,0.0377,0.0007,0.0175,0.0213,0.0066,0.0001,0.0010,0.0023,0.0053,0.0119,0.0052,0.0090,0.0036,0.0049
0.0048,0.0079,0.0064,0.0059,0.0157,0.0098,0.0282,0.0357,0.0591,0.1131,0.3047,0.2761,0.5664,0.0189,0.0173,0.0002,0.0066,0.0018,0.0002,0.0000,0.0002,0.0004,0.0034,0.0076,0.0105,0.0053,0.0047
0.0063,0.0056,0.0067,0.0056,0.0227,0.0241,0.1031,0.0418,0.0334,0.0498,0.2070,0.2757,0.4078,0.0204,0.0103,0.0007,0.0001,0.0002,0.0004,0.0008,0.0000,0.0001,0.0041,0.0044,0.0154,0.0134,0.0351
0.0046,0.0119,0.0086,0.0069,0.0741,0.0116,0.1703,0.1479,0.1759,0.5322,0.4174,0.0234,0.0578,0.0123,0.0046,0.0017,0.0010,0.0000,0.0008,0.0284,0.0011,0.0000,0.0002,0.0016,0.0019,0.0039,0.0271
0.0055,0.0087,0.0082,0.0125,0.1087,0.0273,0.1277,0.0850,0.5120,0.1118,0.3899,0.0417,0.0383,0.0100,0.0063,0.0014,0.0023,0.0002,0.0000,0.0011,0.0017,0.0004,0.0000,0.0004,0.0023,0.0058,0.0357
0.0142,0.0128,0.0231,0.0323,0.2784,0.0418,0.4539,0.2176,0.0684,0.0642,0.0436,0.0238,0.0280,0.0101,0.0135,0.0092,0.0053,0.0004,0.0001,0.0000,0.0004,0.0002,0.0046,0.0001,0.0005,0.0021,0.0377
0.0042,0.0072,0.0136,0.0175,0.0251,0.0307,0.0236,0.0394,0.0222,0.0219,0.0323,0.0060,0.0071,0.0049,0.0065,0.0081,0.0119,0.0034,0.0041,0.0002,0.0000,0.0046,0.0484,0.0133,0.0001,0.0084,0.0175
0.0044,0.0099,0.0093,0.0102,0.0322,0.0156,0.0153,0.0236,0.0078,0.0065,0.0070,0.0028,0.0027,0.0020,0.0031,0.0030,0.0052,0.0076,0.0044,0.0016,0.0004,0.0001,0.0133,0.1575,0.0622,0.0045,0.2667
0.0061,0.0122,0.0132,0.0124,0.0200,0.0123,0.0134,0.0177,0.0079,0.0082,0.0081,0.0053,0.0054,0.0043,0.0067,0.0122,0.0090,0.0105,0.0154,0.0019,0.0023,0.0005,0.0001,0.0622,0.0310,0.0450,0.0007
0.0034,0.0085,0.0129,0.0070,0.0088,0.0087,0.0068,0.0112,0.0044,0.0040,0.0064,0.0029,0.0047,0.0033,0.0051,0.0055,0.0036,0.0053,0.0134,0.0039,0.0058,0.0021,0.0084,0.0045,0.0450,0.3682,0.0042
0.0019,0.0076,0.0042,0.0115,0.0046,0.0043,0.0050,0.0057,0.0038,0.0023,0.0047,0.0033,0.0045,0.0035,0.0030,0.0039,0.0049,0.0047,0.0351,0.0271,0.0357,0.0377,0.0175,0.2667,0.0007,0.0042,0.0177