c1,c2,c3,c4,c5,c6,c7,c8,c9,c10,c11,c12,c13,c14,c15,c16,c17,c18,c19,c20,c21,c22,c23,c24,c25,c26,c27
0.0001,0.0101,0.0406,0.2678,0.3992,0.0892,0.2490,0.0126,0.0388,0.0110,0.0116,0.0014,0.0014,0.0006,0.0016,0.0043,0.0028,0.0015,0.0031,0.0072,0.0057,0.0089,0.0060,0.0012,0.0030,0.0036,0.0023
0.0101,0.0283,0.0748,0.0013,0.0186,0.0001,0.0031,0.0047,0.0183,0.0095,0.0110,0.0034,0.0054,0.0052,0.0047,0.0139,0.0063,0.0063,0.0034,0.0082,0.0161,0.0055,0.0084,0.0097,0.0141,0.0124,0.0115
0.0406,0.0748,0.0633,0.0540,0.0044,0.0000,0.0061,0.0028,0.0136,0.0105,0.0079,0.0015,0.0044,0.0028,0.0043,0.0095,0.0042,0.0037,0.0036,0.0056,0.0198,0.0074,0.0146,0.0087,0.0104,0.0085,0.0067
0.2678,0.0013,0.0540,0.2021,0.0284,0.0000,0.0010,0.0002,0.0044,0.0071,0.0119,0.0028,0.0037,0.0050,0.0027,0.0097,0.0047,0.0032,0.0042,0.0036,0.0210,0.0082,0.0782,0.0306,0.0323,0.0190,0.0085
0.3992,0.0186,0.0044,0.0284,0.0033,0.0020,0.0000,0.0003,0.0006,0.0151,0.0174,0.0029,0.0040,0.0046,0.0024,0.0083,0.0027,0.0013,0.0017,0.0065,0.0470,0.0104,0.3218,0.0988,0.0709,0.0145,0.0104
0.0892,0.0001,0.0000,0.0000,0.0020,0.0007,0.0008,0.0000,0.0001,0.0001,0.0046,0.0080,0.0031,0.0059,0.0138,0.0363,0.0149,0.0182,0.0657,0.0947,0.7820,0.9552,0.6791,0.1004,0.1836,0.0171,0.0103
0.2490,0.0031,0.0061,0.0010,0.0000,0.0008,0.0250,0.0015,0.0000,0.0008,0.0011,0.0018,0.0033,0.0034,0.0049,0.0114,0.0059,0.0039,0.0051,0.0107,0.1301,0.7580,0.9287,0.0258,0.0271,0.0153,0.0150
0.0126,0.0047,0.0028,0.0002,0.0003,0.0000,0.0015,0.0016,0.0025,0.0000,0.0001,0.0033,0.0055,0.0103,0.0075,0.0089,0.0092,0.0194,0.1711,0.9869,0.2885,0.9764,0.1345,0.0170,0.0162,0.0048,0.0030
0.0388,0.0183,0.0136,0.0044,0.0006,0.0001,0.0000,0.0025,0.0110,0.0079,0.0000,0.0015,0.0003,0.0049,0.0054,0.0067,0.0068,0.0120,0.0092,0.1438,0.9204,0.2286,0.5838,0.0134,0.0175,0.0115,0.0073
0.0110,0.0095,0.0105,0.0071,0.0151,0.0001,0.0008,0.0000,0.0079,0.0019,0.0017,0.0001,0.0004,0.0007,0.0036,0.0124,0.0160,0.0470,0.1088,0.5002,0.9942,0.0295,0.0880,0.0070,0.0114,0.0085,0.0038
0.0116,0.0110,0.0079,0.0119,0.0174,0.0046,0.0011,0.0001,0.0000,0.0017,0.0001,0.0059,0.0000,0.0004,0.0011,0.0267,0.4458,0.9841,0.4532,0.4442,0.2457,0.0017,0.0182,0.0090,0.0092,0.0089,0.0070
0.0014,0.0034,0.0015,0.0028,0.0029,0.0080,0.0018,0.0033,0.0015,0.0001,0.0059,0.0000,0.0046,0.0012,0.0083,0.0055,0.0869,0.9798,0.9995,0.0417,0.2676,0.0055,0.0017,0.0028,0.0032,0.0034,0.0023
0.0014,0.0054,0.0044,0.0037,0.0040,0.0031,0.0033,0.0055,0.0003,0.0004,0.0000,0.0046,0.0025,0.0082,0.0013,0.1758,0.2260,0.9991,0.2945,0.0171,0.0318,0.0035,0.0015,0.0019,0.0039,0.0095,0.0066
0.0006,0.0052,0.0028,0.0050,0.0046,0.0059,0.0034,0.0103,0.0049,0.0007,0.0004,0.0012,0.0082,0.0088,0.1137,0.0022,0.2167,0.3137,0.4895,0.0087,0.0276,0.0035,0.0019,0.0015,0.0037,0.0095,0.0068
0.0016,0.0047,0.0043,0.0027,0.0024,0.0138,0.0049,0.0075,0.0054,0.0036,0.0011,0.0083,0.0013,0.1137,0.0439,0.0307,0.0008,0.0333,0.0660,0.0073,0.0144,0.0090,0.0045,0.0059,0.0063,0.0155,0.0054
0.0043,0.0139,0.0095,0.0097,0.0083,0.0363,0.0114,0.0089,0.0067,0.0124,0.0267,0.0055,0.1758,0.0022,0.0307,0.0739,0.0216,0.0001,0.0006,0.0010,0.0006,0.0104,0.0026,0.0059,0.0040,0.0118,0.0056
0.0028,0.0063,0.0042,0.0047,0.0027,0.0149,0.0059,0.0092,0.0068,0.0160,0.4458,0.0869,0.2260,0.2167,0.0008,0.0216,0.0153,0.0016,0.0000,0.0015,0.0005,0.0031,0.0025,0.0154,0.0080,0.0023,0.0086
0.0015,0.0063,0.0037,0.0032,0.0013,0.0182,0.0039,0.0194,0.0120,0.0470,0.9841,0.9798,0.9991,0.3137,0.0333,0.0001,0.0016,0.0004,0.0003,0.0000,0.0000,0.0001,0.0005,0.0150,0.0074,0.0014,0.0016
0.0031,0.0034,0.0036,0.0042,0.0017,0.0657,0.0051,0.1711,0.0092,0.1088,0.4532,0.9995,0.2945,0.4895,0.0660,0.0006,0.0000,0.0003,0.0010,0.0005,0.0000,0.0002,0.0004,0.0033,0.0079,0.0048,0.0050
0.0072,0.0082,0.0056,0.0036,0.0065,0.0947,0.0107,0.9869,0.1438,0.5002,0.4442,0.0417,0.0171,0.0087,0.0073,0.0010,0.0015,0.0000,0.0005,0.0055,0.0001,0.0000,0.0007,0.0022,0.0036,0.0070,0.0148
0.0057,0.0161,0.0198,0.0210,0.0470,0.7820,0.1301,0.2885,0.9204,0.9942,0.2457,0.2676,0.0318,0.0276,0.0144,0.0006,0.0005,0.0000,0.0000,0.0001,0.0003,0.0002,0.0000,0.0001,0.0004,0.0033,0.0212
0.0089,0.0055,0.0074,0.0082,0.0104,0.9552,0.7580,0.9764,0.2286,0.0295,0.0017,0.0055,0.0035,0.0035,0.0090,0.0104,0.0031,0.0001,0.0002,0.0000,0.0002,0.0000,0.0034,0.0001,0.0166,0.0044,0.0977
0.0060,0.0084,0.0146,0.0782,0.3218,0.6791,0.9287,0.1345,0.5838,0.0880,0.0182,0.0017,0.0015,0.0019,0.0045,0.0026,0.0025,0.0005,0.0004,0.0007,0.0000,0.0034,0.0014,0.0074,0.0000,0.0014,0.0080
0.0012,0.0097,0.0087,0.0306,0.0988,0.1004,0.0258,0.0170,0.0134,0.0070,0.0090,0.0028,0.0019,0.0015,0.0059,0.0059,0.0154,0.0150,0.0033,0.0022,0.0001,0.0001,0.0074,0.1469,0.0196,0.0075,0.0129
0.0030,0.0141,0.0104,0.0323,0.0709,0.1836,0.0271,0.0162,0.0175,0.0114,0.0092,0.0032,0.0039,0.0037,0.0063,0.0040,0.0080,0.0074,0.0079,0.0036,0.0004,0.0166,0.0000,0.0196,0.0195,0.0132,0.0006
0.0036,0.0124,0.0085,0.0190,0.0145,0.0171,0.0153,0.0048,0.0115,0.0085,0.0089,0.0034,0.0095,0.0095,0.0155,0.0118,0.0023,0.0014,0.0048,0.0070,0.0033,0.0044,0.0014,0.0075,0.0132,0.0094,0.0080
0.0023,0.0115,0.0067,0.0085,0.0104,0.0103,0.0150,0.0030,0.0073,0.0038,0.0070,0.0023,0.0066,0.0068,0.0054,0.0056,0.0086,0.0016,0.0050,0.0148,0.0212,0.0977,0.0080,0.0129,0.0006,0.0080,0.0211