c1,c2,c3,c4,c5,c6,c7,c8,c9,c10,c11,c12,c13,c14,c15,c16,c17,c18,c19,c20,c21,c22,c23,c24,c25,c26,c27
0.0007,0.0205,0.0030,0.0515,0.1134,0.0380,0.0560,0.0560,0.0042,0.0110,0.0256,0.0052,0.0052,0.0013,0.0025,0.0021,0.0025,0.0080,0.0053,0.0085,0.0032,0.0088,0.0018,0.0039,0.0058,0.0051,0.0024
0.0205,0.0669,0.0175,0.0003,0.0036,0.0098,0.0021,0.0213,0.0092,0.0047,0.0069,0.0021,0.0051,0.0030,0.0064,0.0077,0.0051,0.0078,0.0029,0.0170,0.0041,0.0102,0.0046,0.0153,0.0198,0.0150,0.0095
0.0030,0.0175,0.3828,0.0388,0.0002,0.0583,0.0011,0.0107,0.0047,0.0030,0.0059,0.0008,0.0019,0.0017,0.0050,0.0066,0.0022,0.0045,0.0027,0.0161,0.0036,0.0310,0.0061,0.0297,0.0340,0.0333,0.0079
0.0515,0.0003,0.0388,0.1310,0.0056,0.0012,0.0006,0.0070,0.0022,0.0024,0.0091,0.0009,0.0025,0.0018,0.0031,0.0080,0.0036,0.0055,0.0018,0.0165,0.0042,0.0614,0.0170,0.0741,0.0738,0.0437,0.0107
0.1134,0.0036,0.0002,0.0056,0.0141,0.0018,0.0000,0.0001,0.0007,0.0008,0.0025,0.0012,0.0031,0.0020,0.0036,0.0078,0.0059,0.0075,0.0019,0.0915,0.0063,0.6837,0.0503,0.8802,0.3955,0.0778,0.0108
0.0380,0.0098,0.0583,0.0012,0.0018,0.0051,0.0088,0.0000,0.0003,0.0003,0.0008,0.0004,0.0012,0.0024,0.0029,0.0089,0.0030,0.0023,0.0011,0.0097,0.0054,0.6599,0.7399,0.5327,0.6390,0.0850,0.0097
0.0560,0.0021,0.0011,0.0006,0.0000,0.0088,0.2360,0.0054,0.0000,0.0005,0.0012,0.0005,0.0018,0.0019,0.0033,0.0059,0.0041,0.0146,0.0029,0.0653,0.0216,0.4842,0.9918,0.0955,0.0342,0.0096,0.0081
0.0560,0.0213,0.0107,0.0070,0.0001,0.0000,0.0054,0.0096,0.0062,0.0000,0.0000,0.0002,0.0005,0.0036,0.0037,0.0061,0.0035,0.0260,0.0034,0.9888,0.0957,0.9971,0.1763,0.0563,0.0109,0.0067,0.0043
0.0042,0.0092,0.0047,0.0022,0.0007,0.0003,0.0000,0.0062,0.1078,0.0115,0.0000,0.0002,0.0003,0.0016,0.0051,0.0067,0.0052,0.0258,0.0119,0.3238,0.9731,0.3350,0.8474,0.0072,0.0144,0.0050,0.0060
0.0110,0.0047,0.0030,0.0024,0.0008,0.0003,0.0005,0.0000,0.0115,0.1247,0.0028,0.0001,0.0003,0.0020,0.0030,0.0093,0.0089,0.0416,0.1072,0.6965,0.9983,0.0881,0.0489,0.0026,0.0027,0.0023,0.0040
0.0256,0.0069,0.0059,0.0091,0.0025,0.0008,0.0012,0.0000,0.0000,0.0028,0.0695,0.0024,0.0000,0.0002,0.0017,0.0158,0.0405,0.9661,0.1279,0.9832,0.4999,0.0308,0.0331,0.0087,0.0047,0.0032,0.0027
0.0052,0.0021,0.0008,0.0009,0.0012,0.0004,0.0005,0.0002,0.0002,0.0001,0.0024,0.9837,0.0087,0.0013,0.0033,0.0142,0.1216,0.1217,1.0000,0.0079,0.2187,0.0021,0.0020,0.0017,0.0019,0.0018,0.0036
0.0052,0.0051,0.0019,0.0025,0.0031,0.0012,0.0018,0.0005,0.0003,0.0003,0.0000,0.0087,0.1033,0.0822,0.0023,0.2023,0.1011,0.9999,0.6203,0.0251,0.0123,0.0017,0.0017,0.0018,0.0021,0.0021,0.0017
0.0013,0.0030,0.0017,0.0018,0.0020,0.0024,0.0019,0.0036,0.0016,0.0020,0.0002,0.0013,0.0822,0.9036,0.4821,0.0078,0.4772,0.0171,0.9275,0.0034,0.0179,0.0011,0.0015,0.0007,0.0014,0.0015,0.0019
0.0025,0.0064,0.0050,0.0031,0.0036,0.0029,0.0033,0.0037,0.0051,0.0030,0.0017,0.0033,0.0023,0.4821,0.7737,0.4254,0.0101,0.0081,0.0290,0.0015,0.0035,0.0022,0.0021,0.0032,0.0058,0.0038,0.0020
0.0021,0.0077,0.0066,0.0080,0.0078,0.0089,0.0059,0.0061,0.0067,0.0093,0.0158,0.0142,0.2023,0.0078,0.4254,0.2006,0.2790,0.0001,0.0009,0.0003,0.0007,0.0024,0.0037,0.0027,0.0063,0.0042,0.0024
0.0025,0.0051,0.0022,0.0036,0.0059,0.0030,0.0041,0.0035,0.0052,0.0089,0.0405,0.1216,0.1011,0.4772,0.0101,0.2790,0.4473,0.0020,0.0003,0.0002,0.0009,0.0013,0.0020,0.0041,0.0034,0.0025,0.0055
0.0080,0.0078,0.0045,0.0055,0.0075,0.0023,0.0146,0.0260,0.0258,0.0416,0.9661,0.1217,0.9999,0.0171,0.0081,0.0001,0.0020,0.1195,0.0003,0.0000,0.0000,0.0000,0.0005,0.0060,0.0042,0.0040,0.0056
0.0053,0.0029,0.0027,0.0018,0.0019,0.0011,0.0029,0.0034,0.0119,0.1072,0.1279,1.0000,0.6203,0.9275,0.0290,0.0009,0.0003,0.0003,0.0410,0.0003,0.0000,0.0000,0.0001,0.0003,0.0015,0.0027,0.0493
0.0085,0.0170,0.0161,0.0165,0.0915,0.0097,0.0653,0.9888,0.3238,0.6965,0.9832,0.0079,0.0251,0.0034,0.0015,0.0003,0.0002,0.0000,0.0003,0.0910,0.0004,0.0000,0.0001,0.0003,0.0012,0.0105,0.0694
0.0032,0.0041,0.0036,0.0042,0.0063,0.0054,0.0216,0.0957,0.9731,0.9983,0.4999,0.2187,0.0123,0.0179,0.0035,0.0007,0.0009,0.0000,0.0000,0.0004,0.0173,0.0001,0.0000,0.0005,0.0006,0.0051,0.2467
0.0088,0.0102,0.0310,0.0614,0.6837,0.6599,0.4842,0.9971,0.3350,0.0881,0.0308,0.0021,0.0017,0.0011,0.0022,0.0024,0.0013,0.0000,0.0000,0.0000,0.0001,0.1986,0.0003,0.0001,0.0002,0.0042,0.0993
0.0018,0.0046,0.0061,0.0170,0.0503,0.7399,0.9918,0.1763,0.8474,0.0489,0.0331,0.0020,0.0017,0.0015,0.0021,0.0037,0.0020,0.0005,0.0001,0.0001,0.0000,0.0003,0.0723,0.0030,0.0001,0.0029,0.0417
0.0039,0.0153,0.0297,0.0741,0.8802,0.5327,0.0955,0.0563,0.0072,0.0026,0.0087,0.0017,0.0018,0.0007,0.0032,0.0027,0.0041,0.0060,0.0003,0.0003,0.0005,0.0001,0.0030,0.0580,0.0306,0.0014,0.0141
0.0058,0.0198,0.0340,0.0738,0.3955,0.6390,0.0342,0.0109,0.0144,0.0027,0.0047,0.0019,0.0021,0.0014,0.0058,0.0063,0.0034,0.0042,0.0015,0.0012,0.0006,0.0002,0.0001,0.0306,0.3930,0.0843,0.0001
0.0051,0.0150,0.0333,0.0437,0.0778,0.0850,0.0096,0.0067,0.0050,0.0023,0.0032,0.0018,0.0021,0.0015,0.0038,0.0042,0.0025,0.0040,0.0027,0.0105,0.0051,0.0042,0.0029,0.0014,0.0843,0.1992,0.0011
0.0024,0.0095,0.0079,0.0107,0.0108,0.0097,0.0081,0.0043,0.0060,0.0040,0.0027,0.0036,0.0017,0.0019,0.0020,0.0024,0.0055,0.0056,0.0493,0.0694,0.2467,0.0993,0.0417,0.0141,0.0001,0.0011,0.0223