c1,c2,c3,c4,c5,c6,c7,c8,c9,c10,c11,c12,c13,c14,c15,c16,c17,c18,c19,c20,c21,c22,c23,c24,c25,c26,c27
0.0000,0.0429,0.0059,0.4315,0.5559,0.0846,0.2504,0.1117,0.0149,0.0210,0.0073,0.0058,0.0024,0.0027,0.0023,0.0038,0.0014,0.0021,0.0035,0.0055,0.0035,0.0091,0.0019,0.0018,0.0030,0.0017,0.0011
0.0429,0.0442,0.0716,0.0003,0.0026,0.0027,0.0032,0.0188,0.0103,0.0091,0.0081,0.0079,0.0059,0.0071,0.0086,0.0137,0.0047,0.0050,0.0033,0.0092,0.0047,0.0097,0.0048,0.0065,0.0079,0.0054,0.0048
0.0059,0.0716,0.0598,0.0212,0.0009,0.1358,0.0122,0.0143,0.0123,0.0041,0.0051,0.0049,0.0027,0.0042,0.0057,0.0101,0.0033,0.0033,0.0024,0.0047,0.0023,0.0063,0.0046,0.0044,0.0077,0.0094,0.0034
0.4315,0.0003,0.0212,0.0675,0.0129,0.0007,0.0252,0.0085,0.0067,0.0079,0.0094,0.0058,0.0040,0.0037,0.0045,0.0097,0.0042,0.0031,0.0025,0.0061,0.0041,0.0120,0.0075,0.0051,0.0081,0.0067,0.0046
0.5559,0.0026,0.0009,0.0129,0.0438,0.0112,0.0000,0.0007,0.0011,0.0031,0.0120,0.0144,0.0076,0.0073,0.0065,0.0081,0.0066,0.0084,0.0066,0.0151,0.0136,0.0322,0.0110,0.0126,0.0098,0.0091,0.0050
0.0846,0.0027,0.1358,0.0007,0.0112,0.0194,0.0073,0.0001,0.0029,0.0044,0.0078,0.0170,0.0122,0.0103,0.0125,0.0102,0.0056,0.0027,0.0040,0.0071,0.0059,0.0167,0.0138,0.0091,0.0082,0.0078,0.0034
0.2504,0.0032,0.0122,0.0252,0.0000,0.0073,0.0198,0.0047,0.0001,0.0004,0.0013,0.0028,0.0072,0.0067,0.0070,0.0140,0.0081,0.0110,0.0119,0.0307,0.0319,0.0914,0.0263,0.0125,0.0100,0.0070,0.0066
0.1117,0.0188,0.0143,0.0085,0.0007,0.0001,0.0047,0.0135,0.0222,0.0000,0.0005,0.0027,0.0032,0.0127,0.0077,0.0120,0.0062,0.0106,0.0113,0.1067,0.0495,0.1326,0.0345,0.0169,0.0107,0.0078,0.0040
0.0149,0.0103,0.0123,0.0067,0.0011,0.0029,0.0001,0.0222,0.0407,0.0026,0.0000,0.0005,0.0016,0.0027,0.0070,0.0092,0.0049,0.0149,0.0076,0.1710,0.5742,0.0838,0.0384,0.0113,0.0087,0.0055,0.0041
0.0210,0.0091,0.0041,0.0079,0.0031,0.0044,0.0004,0.0000,0.0026,0.0436,0.0011,0.0000,0.0004,0.0023,0.0041,0.0212,0.0121,0.1463,0.0404,0.8500,0.6438,0.1039,0.0515,0.0096,0.0065,0.0035,0.0023
0.0073,0.0081,0.0051,0.0094,0.0120,0.0078,0.0013,0.0005,0.0000,0.0011,0.0062,0.0012,0.0000,0.0009,0.0030,0.0189,0.0589,0.3828,0.4579,0.3299,0.3779,0.0114,0.0535,0.0088,0.0050,0.0054,0.0037
0.0058,0.0079,0.0049,0.0058,0.0144,0.0170,0.0028,0.0027,0.0005,0.0000,0.0012,0.0089,0.0010,0.0006,0.0069,0.0242,0.0582,0.5431,0.4885,0.0242,0.0316,0.0138,0.0093,0.0046,0.0060,0.0058,0.0042
0.0024,0.0059,0.0027,0.0040,0.0076,0.0122,0.0072,0.0032,0.0016,0.0004,0.0000,0.0010,0.0011,0.0216,0.0008,0.0140,0.0580,0.8483,0.8668,0.0609,0.0684,0.0154,0.0091,0.0029,0.0047,0.0045,0.0030
0.0027,0.0071,0.0042,0.0037,0.0073,0.0103,0.0067,0.0127,0.0027,0.0023,0.0009,0.0006,0.0216,0.0808,0.0889,0.0008,0.0478,0.0222,0.0295,0.0173,0.0095,0.0091,0.0094,0.0029,0.0052,0.0047,0.0036
0.0023,0.0086,0.0057,0.0045,0.0065,0.0125,0.0070,0.0077,0.0070,0.0041,0.0030,0.0069,0.0008,0.0889,0.0408,0.0303,0.0011,0.0073,0.0144,0.0085,0.0085,0.0201,0.0116,0.0036,0.0072,0.0046,0.0034
0.0038,0.0137,0.0101,0.0097,0.0081,0.0102,0.0140,0.0120,0.0092,0.0212,0.0189,0.0242,0.0140,0.0008,0.0303,0.0442,0.0431,0.0001,0.0003,0.0022,0.0014,0.0120,0.0117,0.0045,0.0148,0.0052,0.0051
0.0014,0.0047,0.0033,0.0042,0.0066,0.0056,0.0081,0.0062,0.0049,0.0121,0.0589,0.0582,0.0580,0.0478,0.0011,0.0431,0.0266,0.0080,0.0002,0.0006,0.0049,0.0090,0.0127,0.0057,0.0105,0.0042,0.0046
0.0021,0.0050,0.0033,0.0031,0.0084,0.0027,0.0110,0.0106,0.0149,0.1463,0.3828,0.5431,0.8483,0.0222,0.0073,0.0001,0.0080,0.0101,0.0004,0.0000,0.0003,0.0008,0.0063,0.0103,0.0120,0.0069,0.0071
0.0035,0.0033,0.0024,0.0025,0.0066,0.0040,0.0119,0.0113,0.0076,0.0404,0.4579,0.4885,0.8668,0.0295,0.0144,0.0003,0.0002,0.0004,0.0011,0.0012,0.0000,0.0006,0.0075,0.0060,0.0165,0.0212,0.0275
0.0055,0.0092,0.0047,0.0061,0.0151,0.0071,0.0307,0.1067,0.1710,0.8500,0.3299,0.0242,0.0609,0.0173,0.0085,0.0022,0.0006,0.0000,0.0012,0.0725,0.0026,0.0000,0.0002,0.0013,0.0027,0.0051,0.0340
0.0035,0.0047,0.0023,0.0041,0.0136,0.0059,0.0319,0.0495,0.5742,0.6438,0.3779,0.0316,0.0684,0.0095,0.0085,0.0014,0.0049,0.0003,0.0000,0.0026,0.0038,0.0004,0.0000,0.0008,0.0041,0.0064,0.0491
0.0091,0.0097,0.0063,0.0120,0.0322,0.0167,0.0914,0.1326,0.0838,0.1039,0.0114,0.0138,0.0154,0.0091,0.0201,0.0120,0.0090,0.0008,0.0006,0.0000,0.0004,0.0027,0.0063,0.0001,0.0033,0.0059,0.0666
0.0019,0.0048,0.0046,0.0075,0.0110,0.0138,0.0263,0.0345,0.0384,0.0515,0.0535,0.0093,0.0091,0.0094,0.0116,0.0117,0.0127,0.0063,0.0075,0.0002,0.0000,0.0063,0.0350,0.0131,0.0001,0.0058,0.0159
0.0018,0.0065,0.0044,0.0051,0.0126,0.0091,0.0125,0.0169,0.0113,0.0096,0.0088,0.0046,0.0029,0.0029,0.0036,0.0045,0.0057,0.0103,0.0060,0.0013,0.0008,0.0001,0.0131,0.3857,0.0889,0.0038,0.1621
0.0030,0.0079,0.0077,0.0081,0.0098,0.0082,0.0100,0.0107,0.0087,0.0065,0.0050,0.0060,0.0047,0.0052,0.0072,0.0148,0.0105,0.0120,0.0165,0.0027,0.0041,0.0033,0.0001,0.0889,0.0547,0.0348,0.0009
0.0017,0.0054,0.0094,0.0067,0.0091,0.0078,0.0070,0.0078,0.0055,0.0035,0.0054,0.0058,0.0045,0.0047,0.0046,0.0052,0.0042,0.0069,0.0212,0.0051,0.0064,0.0059,0.0058,0.0038,0.0348,0.1338,0.0108
0.0011,0.0048,0.0034,0.0046,0.0050,0.0034,0.0066,0.0040,0.0041,0.0023,0.0037,0.0042,0.0030,0.0036,0.0034,0.0051,0.0046,0.0071,0.0275,0.0340,0.0491,0.0666,0.0159,0.1621,0.0009,0.0108,0.0300