c1,c2,c3,c4,c5,c6,c7,c8,c9,c10,c11,c12,c13,c14,c15,c16,c17,c18,c19,c20,c21,c22,c23,c24,c25,c26,c27
0.0006,0.0314,0.0104,0.1267,0.1201,0.0354,0.0592,0.0285,0.0077,0.0045,0.0036,0.0026,0.0023,0.0032,0.0032,0.0070,0.0029,0.0043,0.0038,0.0035,0.0031,0.0063,0.0014,0.0056,0.0043,0.0134,0.0056
0.0314,0.0325,0.0871,0.0001,0.0048,0.0043,0.0020,0.0089,0.0056,0.0031,0.0029,0.0025,0.0043,0.0044,0.0060,0.0085,0.0046,0.0036,0.0020,0.0130,0.0035,0.0398,0.0063,0.0331,0.0213,0.0301,0.0184
0.0104,0.0871,0.0943,0.0248,0.0000,0.0039,0.0019,0.0039,0.0047,0.0020,0.0028,0.0014,0.0023,0.0028,0.0046,0.0084,0.0031,0.0033,0.0021,0.0093,0.0030,0.1844,0.0203,0.0866,0.0491,0.0356,0.0112
0.1267,0.0001,0.0248,0.0224,0.0053,0.0001,0.0003,0.0009,0.0034,0.0043,0.0050,0.0022,0.0035,0.0054,0.0093,0.0120,0.0039,0.0024,0.0014,0.0077,0.0051,0.3939,0.1983,0.1626,0.0635,0.0242,0.0084
0.1201,0.0048,0.0000,0.0053,0.0087,0.0162,0.0000,0.0001,0.0003,0.0011,0.0040,0.0018,0.0035,0.0031,0.0062,0.0078,0.0041,0.0036,0.0012,0.0160,0.0053,0.5842,0.8764,0.3141,0.8195,0.0655,0.0081
0.0354,0.0043,0.0039,0.0001,0.0162,0.0325,0.0039,0.0000,0.0001,0.0010,0.0019,0.0024,0.0036,0.0050,0.0051,0.0067,0.0039,0.0029,0.0014,0.0193,0.0070,0.5008,0.9069,0.1701,0.2050,0.0350,0.0067
0.0592,0.0020,0.0019,0.0003,0.0000,0.0039,0.0899,0.0434,0.0000,0.0003,0.0007,0.0009,0.0016,0.0020,0.0024,0.0075,0.0032,0.0091,0.0021,0.0418,0.0409,0.7799,0.9995,0.0494,0.0484,0.0146,0.0075
0.0285,0.0089,0.0039,0.0009,0.0001,0.0000,0.0434,0.1993,0.0379,0.0000,0.0001,0.0007,0.0016,0.0042,0.0036,0.0077,0.0037,0.0206,0.0039,0.2720,0.1138,0.7083,0.9284,0.0150,0.0099,0.0091,0.0043
0.0077,0.0056,0.0047,0.0034,0.0003,0.0001,0.0000,0.0379,0.5319,0.0108,0.0000,0.0000,0.0002,0.0016,0.0045,0.0166,0.0047,0.0835,0.0084,0.8786,0.9031,0.8116,0.6219,0.0055,0.0041,0.0050,0.0038
0.0045,0.0031,0.0020,0.0043,0.0011,0.0010,0.0003,0.0000,0.0108,0.0430,0.0014,0.0000,0.0002,0.0035,0.0050,0.0241,0.0125,0.3332,0.1394,0.9652,0.9653,0.0488,0.1213,0.0027,0.0027,0.0033,0.0049
0.0036,0.0029,0.0028,0.0050,0.0040,0.0019,0.0007,0.0001,0.0000,0.0014,0.0290,0.0015,0.0000,0.0005,0.0074,0.0725,0.1069,0.9959,0.2456,0.9470,0.2648,0.0179,0.0253,0.0049,0.0035,0.0033,0.0053
0.0026,0.0025,0.0014,0.0022,0.0018,0.0024,0.0009,0.0007,0.0000,0.0000,0.0015,0.0990,0.0066,0.0007,0.0086,0.1942,0.5038,0.5272,0.9996,0.0276,0.1489,0.0044,0.0013,0.0016,0.0019,0.0022,0.0045
0.0023,0.0043,0.0023,0.0035,0.0035,0.0036,0.0016,0.0016,0.0002,0.0002,0.0000,0.0066,0.0456,0.0434,0.0007,0.0874,0.3530,0.9986,0.9626,0.0293,0.0193,0.0016,0.0010,0.0014,0.0024,0.0028,0.0034
0.0032,0.0044,0.0028,0.0054,0.0031,0.0050,0.0020,0.0042,0.0016,0.0035,0.0005,0.0007,0.0434,0.3830,0.3916,0.0009,0.2209,0.0205,0.7435,0.0108,0.0177,0.0021,0.0010,0.0011,0.0015,0.0033,0.0036
0.0032,0.0060,0.0046,0.0093,0.0062,0.0051,0.0024,0.0036,0.0045,0.0050,0.0074,0.0086,0.0007,0.3916,0.1585,0.0622,0.0041,0.0034,0.1087,0.0042,0.0083,0.0038,0.0015,0.0027,0.0030,0.0041,0.0054
0.0070,0.0085,0.0084,0.0120,0.0078,0.0067,0.0075,0.0077,0.0166,0.0241,0.0725,0.1942,0.0874,0.0009,0.0622,0.1752,0.1438,0.0000,0.0006,0.0004,0.0011,0.0036,0.0018,0.0033,0.0020,0.0047,0.0109
0.0029,0.0046,0.0031,0.0039,0.0041,0.0039,0.0032,0.0037,0.0047,0.0125,0.1069,0.5038,0.3530,0.2209,0.0041,0.1438,0.0674,0.0058,0.0002,0.0003,0.0006,0.0012,0.0006,0.0029,0.0019,0.0025,0.0329
0.0043,0.0036,0.0033,0.0024,0.0036,0.0029,0.0091,0.0206,0.0835,0.3332,0.9959,0.5272,0.9986,0.0205,0.0034,0.0000,0.0058,0.0055,0.0005,0.0000,0.0000,0.0002,0.0004,0.0045,0.0057,0.0027,0.0094
0.0038,0.0020,0.0021,0.0014,0.0012,0.0014,0.0021,0.0039,0.0084,0.1394,0.2456,0.9996,0.9626,0.7435,0.1087,0.0006,0.0002,0.0005,0.0208,0.0003,0.0000,0.0001,0.0001,0.0010,0.0013,0.0040,0.1522
0.0035,0.0130,0.0093,0.0077,0.0160,0.0193,0.0418,0.2720,0.8786,0.9652,0.9470,0.0276,0.0293,0.0108,0.0042,0.0004,0.0003,0.0000,0.0003,0.0199,0.0032,0.0000,0.0000,0.0002,0.0010,0.0077,0.1246
0.0031,0.0035,0.0030,0.0051,0.0053,0.0070,0.0409,0.1138,0.9031,0.9653,0.2648,0.1489,0.0193,0.0177,0.0083,0.0011,0.0006,0.0000,0.0000,0.0032,0.1101,0.0001,0.0000,0.0010,0.0018,0.0044,0.2014
0.0063,0.0398,0.1844,0.3939,0.5842,0.5008,0.7799,0.7083,0.8116,0.0488,0.0179,0.0044,0.0016,0.0021,0.0038,0.0036,0.0012,0.0002,0.0001,0.0000,0.0001,0.0229,0.0000,0.0001,0.0002,0.0003,0.0540
0.0014,0.0063,0.0203,0.1983,0.8764,0.9069,0.9995,0.9284,0.6219,0.1213,0.0253,0.0013,0.0010,0.0010,0.0015,0.0018,0.0006,0.0004,0.0001,0.0000,0.0000,0.0000,0.0010,0.0023,0.0001,0.0021,0.0020
0.0056,0.0331,0.0866,0.1626,0.3141,0.1701,0.0494,0.0150,0.0055,0.0027,0.0049,0.0016,0.0014,0.0011,0.0027,0.0033,0.0029,0.0045,0.0010,0.0002,0.0010,0.0001,0.0023,0.1569,0.4524,0.0007,0.0085
0.0043,0.0213,0.0491,0.0635,0.8195,0.2050,0.0484,0.0099,0.0041,0.0027,0.0035,0.0019,0.0024,0.0015,0.0030,0.0020,0.0019,0.0057,0.0013,0.0010,0.0018,0.0002,0.0001,0.4524,0.0049,0.4068,0.0002
0.0134,0.0301,0.0356,0.0242,0.0655,0.0350,0.0146,0.0091,0.0050,0.0033,0.0033,0.0022,0.0028,0.0033,0.0041,0.0047,0.0025,0.0027,0.0040,0.0077,0.0044,0.0003,0.0021,0.0007,0.4068,0.1635,0.0008
0.0056,0.0184,0.0112,0.0084,0.0081,0.0067,0.0075,0.0043,0.0038,0.0049,0.0053,0.0045,0.0034,0.0036,0.0054,0.0109,0.0329,0.0094,0.1522,0.1246,0.2014,0.0540,0.0020,0.0085,0.0002,0.0008,0.0001