c1,c2,c3,c4,c5,c6,c7,c8,c9,c10,c11,c12,c13,c14,c15,c16,c17,c18,c19,c20,c21,c22,c23,c24,c25,c26,c27
0.0006,0.0380,0.0049,0.1282,0.1605,0.0227,0.0704,0.0436,0.0039,0.0064,0.0109,0.0051,0.0048,0.0017,0.0034,0.0034,0.0014,0.0070,0.0046,0.0114,0.0029,0.0062,0.0019,0.0039,0.0058,0.0048,0.0018
0.0380,0.0471,0.0282,0.0003,0.0098,0.0046,0.0026,0.0112,0.0073,0.0049,0.0080,0.0036,0.0058,0.0042,0.0080,0.0090,0.0045,0.0064,0.0036,0.0165,0.0042,0.0110,0.0047,0.0111,0.0110,0.0097,0.0076
0.0049,0.0282,0.0918,0.0231,0.0002,0.0121,0.0051,0.0093,0.0053,0.0030,0.0055,0.0016,0.0034,0.0033,0.0093,0.0152,0.0034,0.0072,0.0044,0.0146,0.0026,0.0219,0.0054,0.0262,0.0158,0.0145,0.0049
0.1282,0.0003,0.0231,0.0183,0.0087,0.0002,0.0014,0.0065,0.0047,0.0054,0.0138,0.0033,0.0057,0.0067,0.0123,0.0123,0.0035,0.0055,0.0033,0.0078,0.0046,0.0515,0.0116,0.0244,0.0210,0.0129,0.0059
0.1605,0.0098,0.0002,0.0087,0.0094,0.0056,0.0000,0.0001,0.0006,0.0009,0.0039,0.0029,0.0046,0.0047,0.0064,0.0113,0.0072,0.0109,0.0042,0.0449,0.0063,0.3900,0.0235,0.4682,0.1290,0.0404,0.0091
0.0227,0.0046,0.0121,0.0002,0.0056,0.0249,0.0026,0.0000,0.0004,0.0014,0.0027,0.0041,0.0078,0.0080,0.0121,0.0096,0.0054,0.0026,0.0033,0.0124,0.0059,0.3857,0.1889,0.1336,0.0780,0.0232,0.0073
0.0704,0.0026,0.0051,0.0014,0.0000,0.0026,0.0223,0.0027,0.0000,0.0010,0.0009,0.0015,0.0049,0.0044,0.0063,0.0080,0.0057,0.0117,0.0063,0.0507,0.0385,0.7129,0.7709,0.0423,0.0255,0.0107,0.0082
0.0436,0.0112,0.0093,0.0065,0.0001,0.0000,0.0027,0.0105,0.0070,0.0000,0.0001,0.0007,0.0018,0.0080,0.0105,0.0094,0.0051,0.0186,0.0047,0.7566,0.0370,0.9824,0.0720,0.0566,0.0130,0.0088,0.0056
0.0039,0.0073,0.0053,0.0047,0.0006,0.0004,0.0000,0.0070,0.0762,0.0118,0.0000,0.0004,0.0008,0.0032,0.0138,0.0080,0.0065,0.0229,0.0126,0.1833,0.9551,0.1987,0.4362,0.0074,0.0105,0.0052,0.0053
0.0064,0.0049,0.0030,0.0054,0.0009,0.0014,0.0010,0.0000,0.0118,0.0525,0.0008,0.0000,0.0003,0.0016,0.0048,0.0111,0.0104,0.1122,0.1251,0.4060,0.9845,0.0747,0.1438,0.0055,0.0046,0.0036,0.0034
0.0109,0.0080,0.0055,0.0138,0.0039,0.0027,0.0009,0.0001,0.0000,0.0008,0.0605,0.0023,0.0000,0.0004,0.0042,0.0143,0.0627,0.7832,0.1614,0.8898,0.5097,0.0324,0.0488,0.0086,0.0054,0.0047,0.0042
0.0051,0.0036,0.0016,0.0033,0.0029,0.0041,0.0015,0.0007,0.0004,0.0000,0.0023,0.1275,0.0026,0.0002,0.0027,0.0117,0.0643,0.3057,0.9974,0.0351,0.2394,0.0057,0.0061,0.0032,0.0042,0.0035,0.0058
0.0048,0.0058,0.0034,0.0057,0.0046,0.0078,0.0049,0.0018,0.0008,0.0003,0.0000,0.0026,0.0221,0.0220,0.0006,0.0118,0.1154,0.9969,0.6219,0.0618,0.0234,0.0031,0.0044,0.0030,0.0049,0.0039,0.0034
0.0017,0.0042,0.0033,0.0067,0.0047,0.0080,0.0044,0.0080,0.0032,0.0016,0.0004,0.0002,0.0220,0.1903,0.1193,0.0007,0.4789,0.0494,0.3239,0.0156,0.0197,0.0037,0.0036,0.0010,0.0030,0.0027,0.0031
0.0034,0.0080,0.0093,0.0123,0.0064,0.0121,0.0063,0.0105,0.0138,0.0048,0.0042,0.0027,0.0006,0.1193,0.1013,0.0637,0.0007,0.0068,0.0158,0.0026,0.0050,0.0043,0.0048,0.0050,0.0085,0.0060,0.0028
0.0034,0.0090,0.0152,0.0123,0.0113,0.0096,0.0080,0.0094,0.0080,0.0111,0.0143,0.0117,0.0118,0.0007,0.0637,0.0767,0.0763,0.0001,0.0022,0.0011,0.0010,0.0048,0.0079,0.0069,0.0168,0.0105,0.0059
0.0014,0.0045,0.0034,0.0035,0.0072,0.0054,0.0057,0.0051,0.0065,0.0104,0.0627,0.0643,0.1154,0.4789,0.0007,0.0763,0.0957,0.0069,0.0003,0.0003,0.0023,0.0027,0.0051,0.0049,0.0058,0.0028,0.0043
0.0070,0.0064,0.0072,0.0055,0.0109,0.0026,0.0117,0.0186,0.0229,0.1122,0.7832,0.3057,0.9969,0.0494,0.0068,0.0001,0.0069,0.0012,0.0003,0.0000,0.0000,0.0001,0.0021,0.0146,0.0084,0.0092,0.0094
0.0046,0.0036,0.0044,0.0033,0.0042,0.0033,0.0063,0.0047,0.0126,0.1251,0.1614,0.9974,0.6219,0.3239,0.0158,0.0022,0.0003,0.0003,0.0061,0.0008,0.0000,0.0001,0.0005,0.0008,0.0050,0.0073,0.0564
0.0114,0.0165,0.0146,0.0078,0.0449,0.0124,0.0507,0.7566,0.1833,0.4060,0.8898,0.0351,0.0618,0.0156,0.0026,0.0011,0.0003,0.0000,0.0008,0.0186,0.0020,0.0000,0.0001,0.0006,0.0013,0.0064,0.0608
0.0029,0.0042,0.0026,0.0046,0.0063,0.0059,0.0385,0.0370,0.9551,0.9845,0.5097,0.2394,0.0234,0.0197,0.0050,0.0010,0.0023,0.0000,0.0000,0.0020,0.0020,0.0001,0.0000,0.0008,0.0018,0.0063,0.1213
0.0062,0.0110,0.0219,0.0515,0.3900,0.3857,0.7129,0.9824,0.1987,0.0747,0.0324,0.0057,0.0031,0.0037,0.0043,0.0048,0.0027,0.0001,0.0001,0.0000,0.0001,0.0292,0.0008,0.0000,0.0003,0.0030,0.0320
0.0019,0.0047,0.0054,0.0116,0.0235,0.1889,0.7709,0.0720,0.4362,0.1438,0.0488,0.0061,0.0044,0.0036,0.0048,0.0079,0.0051,0.0021,0.0005,0.0001,0.0000,0.0008,0.0365,0.0060,0.0001,0.0025,0.0435
0.0039,0.0111,0.0262,0.0244,0.4682,0.1336,0.0423,0.0566,0.0074,0.0055,0.0086,0.0032,0.0030,0.0010,0.0050,0.0069,0.0049,0.0146,0.0008,0.0006,0.0008,0.0000,0.0060,0.0905,0.0301,0.0004,0.0145
0.0058,0.0110,0.0158,0.0210,0.1290,0.0780,0.0255,0.0130,0.0105,0.0046,0.0054,0.0042,0.0049,0.0030,0.0085,0.0168,0.0058,0.0084,0.0050,0.0013,0.0018,0.0003,0.0001,0.0301,0.1201,0.0673,0.0002
0.0048,0.0097,0.0145,0.0129,0.0404,0.0232,0.0107,0.0088,0.0052,0.0036,0.0047,0.0035,0.0039,0.0027,0.0060,0.0105,0.0028,0.0092,0.0073,0.0064,0.0063,0.0030,0.0025,0.0004,0.0673,0.1495,0.0021
0.0018,0.0076,0.0049,0.0059,0.0091,0.0073,0.0082,0.0056,0.0053,0.0034,0.0042,0.0058,0.0034,0.0031,0.0028,0.0059,0.0043,0.0094,0.0564,0.0608,0.1213,0.0320,0.0435,0.0145,0.0002,0.0021,0.0063