c1,c2,c3,c4,c5,c6,c7,c8,c9,c10,c11,c12,c13,c14,c15,c16,c17,c18,c19,c20,c21,c22,c23,c24,c25,c26,c27
0.0000,0.0137,0.0113,0.2884,0.4905,0.0720,0.1150,0.0209,0.0168,0.0090,0.0063,0.0022,0.0016,0.0012,0.0019,0.0058,0.0019,0.0020,0.0027,0.0089,0.0053,0.0061,0.0090,0.0032,0.0051,0.0057,0.0069
0.0137,0.0060,0.0195,0.0005,0.0019,0.0001,0.0017,0.0046,0.0133,0.0089,0.0074,0.0042,0.0056,0.0061,0.0101,0.0246,0.0109,0.0067,0.0057,0.0109,0.0228,0.0094,0.0122,0.0149,0.0221,0.0219,0.0213
0.0113,0.0195,0.0366,0.0814,0.0002,0.0000,0.0047,0.0028,0.0083,0.0063,0.0101,0.0016,0.0050,0.0051,0.0059,0.0206,0.0056,0.0049,0.0040,0.0066,0.0395,0.0063,0.0280,0.0166,0.0212,0.0342,0.0080
0.2884,0.0005,0.0814,0.0464,0.0078,0.0000,0.0009,0.0005,0.0031,0.0081,0.0131,0.0036,0.0055,0.0078,0.0049,0.0183,0.0047,0.0045,0.0042,0.0040,0.0238,0.0090,0.0619,0.0302,0.0373,0.0199,0.0132
0.4905,0.0019,0.0002,0.0078,0.0007,0.0005,0.0000,0.0002,0.0007,0.0136,0.0200,0.0060,0.0060,0.0057,0.0040,0.0159,0.0040,0.0023,0.0023,0.0093,0.1306,0.0390,0.4388,0.1744,0.2704,0.0301,0.0234
0.0720,0.0001,0.0000,0.0000,0.0005,0.0067,0.0006,0.0000,0.0002,0.0007,0.0027,0.0566,0.0113,0.0115,0.0150,0.0232,0.0165,0.0058,0.0567,0.0425,0.6257,0.4602,0.4742,0.1361,0.2540,0.0172,0.0113
0.1150,0.0017,0.0047,0.0009,0.0000,0.0006,0.0086,0.0006,0.0000,0.0004,0.0007,0.0042,0.0035,0.0037,0.0054,0.0118,0.0082,0.0070,0.0122,0.0198,0.2861,0.9692,0.7123,0.0575,0.0480,0.0166,0.0161
0.0209,0.0046,0.0028,0.0005,0.0002,0.0000,0.0006,0.0005,0.0052,0.0000,0.0002,0.0081,0.0069,0.0101,0.0116,0.0106,0.0065,0.0279,0.1680,0.8852,0.3358,0.8784,0.0940,0.0187,0.0223,0.0072,0.0056
0.0168,0.0133,0.0083,0.0031,0.0007,0.0002,0.0000,0.0052,0.0157,0.0034,0.0000,0.0024,0.0006,0.0027,0.0040,0.0059,0.0066,0.0419,0.0209,0.2065,0.8789,0.1929,0.2536,0.0108,0.0148,0.0095,0.0052
0.0090,0.0089,0.0063,0.0081,0.0136,0.0007,0.0004,0.0000,0.0034,0.0053,0.0026,0.0001,0.0012,0.0009,0.0042,0.0100,0.0166,0.1088,0.0446,0.2398,0.8938,0.0683,0.0694,0.0084,0.0071,0.0061,0.0031
0.0063,0.0074,0.0101,0.0131,0.0200,0.0027,0.0007,0.0002,0.0000,0.0026,0.0007,0.0127,0.0000,0.0003,0.0009,0.0175,0.1654,0.9296,0.4863,0.4162,0.2279,0.0070,0.0153,0.0060,0.0062,0.0070,0.0059
0.0022,0.0042,0.0016,0.0036,0.0060,0.0566,0.0042,0.0081,0.0024,0.0001,0.0127,0.0000,0.0145,0.0012,0.0063,0.0031,0.0229,0.9646,0.9967,0.0525,0.1478,0.0100,0.0014,0.0028,0.0028,0.0024,0.0024
0.0016,0.0056,0.0050,0.0055,0.0060,0.0113,0.0035,0.0069,0.0006,0.0012,0.0000,0.0145,0.0010,0.0080,0.0005,0.0480,0.0623,0.9853,0.4479,0.0253,0.0294,0.0050,0.0021,0.0020,0.0028,0.0088,0.0078
0.0012,0.0061,0.0051,0.0078,0.0057,0.0115,0.0037,0.0101,0.0027,0.0009,0.0003,0.0012,0.0080,0.0124,0.0535,0.0007,0.1577,0.2331,0.2001,0.0120,0.0180,0.0060,0.0027,0.0033,0.0042,0.0088,0.0072
0.0019,0.0101,0.0059,0.0049,0.0040,0.0150,0.0054,0.0116,0.0040,0.0042,0.0009,0.0063,0.0005,0.0535,0.0796,0.0286,0.0008,0.0398,0.0215,0.0078,0.0093,0.0099,0.0044,0.0058,0.0075,0.0162,0.0059
0.0058,0.0246,0.0206,0.0183,0.0159,0.0232,0.0118,0.0106,0.0059,0.0100,0.0175,0.0031,0.0480,0.0007,0.0286,0.0817,0.0177,0.0001,0.0008,0.0014,0.0005,0.0088,0.0044,0.0072,0.0050,0.0190,0.0081
0.0019,0.0109,0.0056,0.0047,0.0040,0.0165,0.0082,0.0065,0.0066,0.0166,0.1654,0.0229,0.0623,0.1577,0.0008,0.0177,0.0389,0.0050,0.0002,0.0022,0.0004,0.0017,0.0047,0.0106,0.0061,0.0054,0.0088
0.0020,0.0067,0.0049,0.0045,0.0023,0.0058,0.0070,0.0279,0.0419,0.1088,0.9296,0.9646,0.9853,0.2331,0.0398,0.0001,0.0050,0.0002,0.0005,0.0000,0.0000,0.0001,0.0008,0.0152,0.0070,0.0013,0.0015
0.0027,0.0057,0.0040,0.0042,0.0023,0.0567,0.0122,0.1680,0.0209,0.0446,0.4863,0.9967,0.4479,0.2001,0.0215,0.0008,0.0002,0.0005,0.0006,0.0006,0.0000,0.0002,0.0007,0.0041,0.0072,0.0031,0.0048
0.0089,0.0109,0.0066,0.0040,0.0093,0.0425,0.0198,0.8852,0.2065,0.2398,0.4162,0.0525,0.0253,0.0120,0.0078,0.0014,0.0022,0.0000,0.0006,0.0066,0.0001,0.0000,0.0009,0.0036,0.0047,0.0056,0.0209
0.0053,0.0228,0.0395,0.0238,0.1306,0.6257,0.2861,0.3358,0.8789,0.8938,0.2279,0.1478,0.0294,0.0180,0.0093,0.0005,0.0004,0.0000,0.0000,0.0001,0.0032,0.0002,0.0000,0.0001,0.0005,0.0026,0.0169
0.0061,0.0094,0.0063,0.0090,0.0390,0.4602,0.9692,0.8784,0.1929,0.0683,0.0070,0.0100,0.0050,0.0060,0.0099,0.0088,0.0017,0.0001,0.0002,0.0000,0.0002,0.0003,0.0030,0.0001,0.0042,0.0023,0.0329
0.0090,0.0122,0.0280,0.0619,0.4388,0.4742,0.7123,0.0940,0.2536,0.0694,0.0153,0.0014,0.0021,0.0027,0.0044,0.0044,0.0047,0.0008,0.0007,0.0009,0.0000,0.0030,0.0038,0.0055,0.0000,0.0008,0.0050
0.0032,0.0149,0.0166,0.0302,0.1744,0.1361,0.0575,0.0187,0.0108,0.0084,0.0060,0.0028,0.0020,0.0033,0.0058,0.0072,0.0106,0.0152,0.0041,0.0036,0.0001,0.0001,0.0055,0.1194,0.0071,0.0013,0.0037
0.0051,0.0221,0.0212,0.0373,0.2704,0.2540,0.0480,0.0223,0.0148,0.0071,0.0062,0.0028,0.0028,0.0042,0.0075,0.0050,0.0061,0.0070,0.0072,0.0047,0.0005,0.0042,0.0000,0.0071,0.0109,0.0083,0.0005
0.0057,0.0219,0.0342,0.0199,0.0301,0.0172,0.0166,0.0072,0.0095,0.0061,0.0070,0.0024,0.0088,0.0088,0.0162,0.0190,0.0054,0.0013,0.0031,0.0056,0.0026,0.0023,0.0008,0.0013,0.0083,0.0243,0.0051
0.0069,0.0213,0.0080,0.0132,0.0234,0.0113,0.0161,0.0056,0.0052,0.0031,0.0059,0.0024,0.0078,0.0072,0.0059,0.0081,0.0088,0.0015,0.0048,0.0209,0.0169,0.0329,0.0050,0.0037,0.0005,0.0051,0.0140