c1,c2,c3,c4,c5,c6,c7,c8,c9,c10,c11,c12,c13,c14,c15,c16,c17,c18,c19,c20,c21,c22,c23,c24,c25,c26,c27
0.0011,0.0119,0.0046,0.0517,0.1770,0.0364,0.0633,0.0429,0.0117,0.0060,0.0048,0.0047,0.0023,0.0011,0.0033,0.0048,0.0031,0.0070,0.0054,0.0072,0.0035,0.0058,0.0014,0.0048,0.0082,0.0074,0.0032
0.0119,0.0296,0.0682,0.0001,0.0165,0.0090,0.0034,0.0115,0.0098,0.0043,0.0036,0.0034,0.0035,0.0040,0.0069,0.0087,0.0047,0.0040,0.0027,0.0153,0.0031,0.0157,0.0040,0.0173,0.0226,0.0199,0.0140
0.0046,0.0682,0.1251,0.0319,0.0002,0.0110,0.0046,0.0051,0.0050,0.0022,0.0033,0.0015,0.0019,0.0018,0.0051,0.0084,0.0036,0.0043,0.0034,0.0106,0.0025,0.0283,0.0076,0.0536,0.0439,0.0273,0.0091
0.0517,0.0001,0.0319,0.0078,0.0103,0.0002,0.0018,0.0044,0.0129,0.0063,0.0116,0.0027,0.0035,0.0042,0.0059,0.0114,0.0018,0.0044,0.0020,0.0149,0.0060,0.1337,0.0189,0.0698,0.0396,0.0207,0.0072
0.1770,0.0165,0.0002,0.0103,0.0291,0.0106,0.0000,0.0002,0.0004,0.0006,0.0023,0.0019,0.0028,0.0018,0.0037,0.0058,0.0040,0.0045,0.0013,0.0122,0.0030,0.2319,0.1702,0.6588,0.7427,0.1019,0.0107
0.0364,0.0090,0.0110,0.0002,0.0106,0.0556,0.0041,0.0000,0.0001,0.0012,0.0017,0.0036,0.0031,0.0056,0.0050,0.0072,0.0033,0.0023,0.0018,0.0157,0.0054,0.4657,0.6741,0.1314,0.0651,0.0190,0.0065
0.0633,0.0034,0.0046,0.0018,0.0000,0.0041,0.0833,0.0169,0.0000,0.0004,0.0008,0.0009,0.0016,0.0018,0.0030,0.0060,0.0035,0.0084,0.0031,0.0414,0.0299,0.7488,0.9913,0.0546,0.0334,0.0105,0.0098
0.0429,0.0115,0.0051,0.0044,0.0002,0.0000,0.0169,0.0869,0.0093,0.0000,0.0000,0.0009,0.0010,0.0040,0.0039,0.0057,0.0042,0.0088,0.0043,0.0836,0.0647,0.8527,0.9091,0.0270,0.0126,0.0092,0.0073
0.0117,0.0098,0.0050,0.0129,0.0004,0.0001,0.0000,0.0093,0.2517,0.0086,0.0000,0.0000,0.0001,0.0015,0.0059,0.0123,0.0071,0.0765,0.0143,0.8080,0.7832,0.7598,0.4948,0.0117,0.0061,0.0053,0.0054
0.0060,0.0043,0.0022,0.0063,0.0006,0.0012,0.0004,0.0000,0.0086,0.0795,0.0012,0.0000,0.0002,0.0054,0.0041,0.0175,0.0097,0.0761,0.1515,0.5939,0.9927,0.0959,0.1037,0.0049,0.0034,0.0033,0.0038
0.0048,0.0036,0.0033,0.0116,0.0023,0.0017,0.0008,0.0000,0.0000,0.0012,0.1139,0.0012,0.0000,0.0006,0.0057,0.0656,0.1062,0.9881,0.2158,0.9633,0.4068,0.0305,0.0255,0.0068,0.0026,0.0032,0.0034
0.0047,0.0034,0.0015,0.0027,0.0019,0.0036,0.0009,0.0009,0.0000,0.0000,0.0012,0.2417,0.0083,0.0003,0.0055,0.0456,0.1695,0.2830,0.9995,0.0319,0.3120,0.0065,0.0022,0.0027,0.0022,0.0021,0.0047
0.0023,0.0035,0.0019,0.0035,0.0028,0.0031,0.0016,0.0010,0.0001,0.0002,0.0000,0.0083,0.1648,0.1016,0.0012,0.1378,0.3043,0.9998,0.8438,0.0322,0.0123,0.0018,0.0009,0.0018,0.0022,0.0021,0.0017
0.0011,0.0040,0.0018,0.0042,0.0018,0.0056,0.0018,0.0040,0.0015,0.0054,0.0006,0.0003,0.1016,0.5424,0.4943,0.0018,0.2919,0.0651,0.6884,0.0089,0.0191,0.0022,0.0011,0.0007,0.0018,0.0019,0.0019
0.0033,0.0069,0.0051,0.0059,0.0037,0.0050,0.0030,0.0039,0.0059,0.0041,0.0057,0.0055,0.0012,0.4943,0.2655,0.0619,0.0021,0.0071,0.0526,0.0037,0.0058,0.0036,0.0018,0.0041,0.0055,0.0045,0.0032
0.0048,0.0087,0.0084,0.0114,0.0058,0.0072,0.0060,0.0057,0.0123,0.0175,0.0656,0.0456,0.1378,0.0018,0.0619,0.1710,0.0940,0.0000,0.0007,0.0007,0.0009,0.0031,0.0036,0.0042,0.0067,0.0060,0.0049
0.0031,0.0047,0.0036,0.0018,0.0040,0.0033,0.0035,0.0042,0.0071,0.0097,0.1062,0.1695,0.3043,0.2919,0.0021,0.0940,0.1745,0.0021,0.0001,0.0006,0.0015,0.0014,0.0020,0.0100,0.0050,0.0035,0.0097
0.0070,0.0040,0.0043,0.0044,0.0045,0.0023,0.0084,0.0088,0.0765,0.0761,0.9881,0.2830,0.9998,0.0651,0.0071,0.0000,0.0021,0.0054,0.0003,0.0000,0.0000,0.0001,0.0005,0.0119,0.0042,0.0057,0.0060
0.0054,0.0027,0.0034,0.0020,0.0013,0.0018,0.0031,0.0043,0.0143,0.1515,0.2158,0.9995,0.8438,0.6884,0.0526,0.0007,0.0001,0.0003,0.0086,0.0010,0.0000,0.0001,0.0002,0.0008,0.0024,0.0053,0.0667
0.0072,0.0153,0.0106,0.0149,0.0122,0.0157,0.0414,0.0836,0.8080,0.5939,0.9633,0.0319,0.0322,0.0089,0.0037,0.0007,0.0006,0.0000,0.0010,0.0547,0.0013,0.0000,0.0000,0.0005,0.0008,0.0085,0.0782
0.0035,0.0031,0.0025,0.0060,0.0030,0.0054,0.0299,0.0647,0.7832,0.9927,0.4068,0.3120,0.0123,0.0191,0.0058,0.0009,0.0015,0.0000,0.0000,0.0013,0.0446,0.0001,0.0000,0.0007,0.0010,0.0060,0.1244
0.0058,0.0157,0.0283,0.1337,0.2319,0.4657,0.7488,0.8527,0.7598,0.0959,0.0305,0.0065,0.0018,0.0022,0.0036,0.0031,0.0014,0.0001,0.0001,0.0000,0.0001,0.1441,0.0002,0.0000,0.0002,0.0021,0.0505
0.0014,0.0040,0.0076,0.0189,0.1702,0.6741,0.9913,0.9091,0.4948,0.1037,0.0255,0.0022,0.0009,0.0011,0.0018,0.0036,0.0020,0.0005,0.0002,0.0000,0.0000,0.0002,0.0246,0.0018,0.0001,0.0022,0.0511
0.0048,0.0173,0.0536,0.0698,0.6588,0.1314,0.0546,0.0270,0.0117,0.0049,0.0068,0.0027,0.0018,0.0007,0.0041,0.0042,0.0100,0.0119,0.0008,0.0005,0.0007,0.0000,0.0018,0.2514,0.0311,0.0003,0.0068
0.0082,0.0226,0.0439,0.0396,0.7427,0.0651,0.0334,0.0126,0.0061,0.0034,0.0026,0.0022,0.0022,0.0018,0.0055,0.0067,0.0050,0.0042,0.0024,0.0008,0.0010,0.0002,0.0001,0.0311,0.3313,0.1464,0.0002
0.0074,0.0199,0.0273,0.0207,0.1019,0.0190,0.0105,0.0092,0.0053,0.0033,0.0032,0.0021,0.0021,0.0019,0.0045,0.0060,0.0035,0.0057,0.0053,0.0085,0.0060,0.0021,0.0022,0.0003,0.1464,0.2408,0.0012
0.0032,0.0140,0.0091,0.0072,0.0107,0.0065,0.0098,0.0073,0.0054,0.0038,0.0034,0.0047,0.0017,0.0019,0.0032,0.0049,0.0097,0.0060,0.0667,0.0782,0.1244,0.0505,0.0511,0.0068,0.0002,0.0012,0.0020