c1,c2,c3,c4,c5,c6,c7,c8,c9,c10,c11,c12,c13,c14,c15,c16,c17,c18,c19,c20,c21,c22,c23,c24,c25,c26,c27
0.0003,0.0289,0.0119,0.1908,0.1170,0.0344,0.0483,0.0189,0.0052,0.0035,0.0026,0.0022,0.0025,0.0038,0.0039,0.0095,0.0035,0.0050,0.0034,0.0029,0.0027,0.0066,0.0010,0.0102,0.0053,0.0181,0.0101
0.0289,0.0511,0.1012,0.0002,0.0048,0.0042,0.0016,0.0081,0.0043,0.0025,0.0026,0.0023,0.0041,0.0041,0.0057,0.0079,0.0038,0.0040,0.0017,0.0147,0.0037,0.0347,0.0062,0.0275,0.0207,0.0474,0.0326
0.0119,0.1012,0.1050,0.0246,0.0000,0.0035,0.0012,0.0042,0.0044,0.0017,0.0025,0.0011,0.0022,0.0029,0.0044,0.0076,0.0026,0.0030,0.0016,0.0091,0.0034,0.1624,0.0192,0.0966,0.0621,0.0588,0.0261
0.1908,0.0002,0.0246,0.0396,0.0036,0.0001,0.0002,0.0007,0.0026,0.0034,0.0033,0.0020,0.0032,0.0051,0.0074,0.0118,0.0031,0.0025,0.0012,0.0089,0.0051,0.3461,0.2863,0.1708,0.0650,0.0455,0.0164
0.1170,0.0048,0.0000,0.0036,0.0086,0.0199,0.0000,0.0001,0.0003,0.0010,0.0031,0.0014,0.0031,0.0027,0.0046,0.0068,0.0034,0.0036,0.0011,0.0217,0.0069,0.5814,0.9134,0.4740,0.7884,0.1057,0.0223
0.0344,0.0042,0.0035,0.0001,0.0199,0.0337,0.0030,0.0000,0.0001,0.0008,0.0017,0.0023,0.0034,0.0043,0.0040,0.0062,0.0031,0.0029,0.0010,0.0168,0.0093,0.3825,0.9755,0.2333,0.2344,0.0440,0.0067
0.0483,0.0016,0.0012,0.0002,0.0000,0.0030,0.1003,0.0460,0.0000,0.0002,0.0007,0.0008,0.0018,0.0019,0.0022,0.0075,0.0025,0.0089,0.0019,0.0622,0.0482,0.7921,0.9997,0.0725,0.0622,0.0189,0.0171
0.0189,0.0081,0.0042,0.0007,0.0001,0.0000,0.0460,0.2118,0.0268,0.0000,0.0001,0.0004,0.0013,0.0037,0.0031,0.0077,0.0034,0.0244,0.0039,0.5093,0.1619,0.7278,0.9685,0.0232,0.0105,0.0091,0.0057
0.0052,0.0043,0.0044,0.0026,0.0003,0.0001,0.0000,0.0268,0.5851,0.0108,0.0000,0.0000,0.0003,0.0013,0.0032,0.0112,0.0034,0.0782,0.0083,0.9350,0.9620,0.7787,0.6632,0.0069,0.0042,0.0044,0.0050
0.0035,0.0025,0.0017,0.0034,0.0010,0.0008,0.0002,0.0000,0.0108,0.0451,0.0018,0.0000,0.0001,0.0025,0.0037,0.0194,0.0108,0.4598,0.1512,0.9867,0.9612,0.0508,0.0965,0.0037,0.0033,0.0037,0.0090
0.0026,0.0026,0.0025,0.0033,0.0031,0.0017,0.0007,0.0001,0.0000,0.0018,0.0149,0.0018,0.0000,0.0005,0.0071,0.0458,0.0635,0.9991,0.3187,0.9493,0.1984,0.0159,0.0266,0.0060,0.0033,0.0032,0.0082
0.0022,0.0023,0.0011,0.0020,0.0014,0.0023,0.0008,0.0004,0.0000,0.0000,0.0018,0.0691,0.0058,0.0004,0.0072,0.2417,0.4959,0.6912,0.9998,0.0380,0.1286,0.0045,0.0010,0.0020,0.0019,0.0026,0.0084
0.0025,0.0041,0.0022,0.0032,0.0031,0.0034,0.0018,0.0013,0.0003,0.0001,0.0000,0.0058,0.0460,0.0221,0.0009,0.0875,0.4493,0.9929,0.9920,0.0243,0.0251,0.0018,0.0010,0.0015,0.0020,0.0027,0.0053
0.0038,0.0041,0.0029,0.0051,0.0027,0.0043,0.0019,0.0037,0.0013,0.0025,0.0005,0.0004,0.0221,0.4239,0.5498,0.0009,0.3355,0.0156,0.9191,0.0083,0.0185,0.0022,0.0007,0.0013,0.0013,0.0029,0.0046
0.0039,0.0057,0.0044,0.0074,0.0046,0.0040,0.0022,0.0031,0.0032,0.0037,0.0071,0.0072,0.0009,0.5498,0.2568,0.0931,0.0081,0.0018,0.1392,0.0032,0.0091,0.0034,0.0009,0.0030,0.0029,0.0035,0.0086
0.0095,0.0079,0.0076,0.0118,0.0068,0.0062,0.0075,0.0077,0.0112,0.0194,0.0458,0.2417,0.0875,0.0009,0.0931,0.2412,0.1945,0.0000,0.0008,0.0004,0.0010,0.0032,0.0011,0.0034,0.0016,0.0034,0.0279
0.0035,0.0038,0.0026,0.0031,0.0034,0.0031,0.0025,0.0034,0.0034,0.0108,0.0635,0.4959,0.4493,0.3355,0.0081,0.1945,0.1103,0.0022,0.0002,0.0003,0.0006,0.0013,0.0003,0.0037,0.0019,0.0024,0.1085
0.0050,0.0040,0.0030,0.0025,0.0036,0.0029,0.0089,0.0244,0.0782,0.4598,0.9991,0.6912,0.9929,0.0156,0.0018,0.0000,0.0022,0.0067,0.0005,0.0000,0.0001,0.0002,0.0002,0.0040,0.0050,0.0025,0.0307
0.0034,0.0017,0.0016,0.0012,0.0011,0.0010,0.0019,0.0039,0.0083,0.1512,0.3187,0.9998,0.9920,0.9191,0.1392,0.0008,0.0002,0.0005,0.0340,0.0001,0.0000,0.0001,0.0000,0.0004,0.0007,0.0024,0.2623
0.0029,0.0147,0.0091,0.0089,0.0217,0.0168,0.0622,0.5093,0.9350,0.9867,0.9493,0.0380,0.0243,0.0083,0.0032,0.0004,0.0003,0.0000,0.0001,0.0300,0.0034,0.0000,0.0000,0.0001,0.0005,0.0061,0.0984
0.0027,0.0037,0.0034,0.0051,0.0069,0.0093,0.0482,0.1619,0.9620,0.9612,0.1984,0.1286,0.0251,0.0185,0.0091,0.0010,0.0006,0.0001,0.0000,0.0034,0.1090,0.0001,0.0000,0.0004,0.0007,0.0023,0.0907
0.0066,0.0347,0.1624,0.3461,0.5814,0.3825,0.7921,0.7278,0.7787,0.0508,0.0159,0.0045,0.0018,0.0022,0.0034,0.0032,0.0013,0.0002,0.0001,0.0000,0.0001,0.0088,0.0001,0.0001,0.0002,0.0005,0.0661
0.0010,0.0062,0.0192,0.2863,0.9134,0.9755,0.9997,0.9685,0.6632,0.0965,0.0266,0.0010,0.0010,0.0007,0.0009,0.0011,0.0003,0.0002,0.0000,0.0000,0.0000,0.0001,0.0031,0.0020,0.0002,0.0022,0.0004
0.0102,0.0275,0.0966,0.1708,0.4740,0.2333,0.0725,0.0232,0.0069,0.0037,0.0060,0.0020,0.0015,0.0013,0.0030,0.0034,0.0037,0.0040,0.0004,0.0001,0.0004,0.0001,0.0020,0.0801,0.4776,0.0004,0.0045
0.0053,0.0207,0.0621,0.0650,0.7884,0.2344,0.0622,0.0105,0.0042,0.0033,0.0033,0.0019,0.0020,0.0013,0.0029,0.0016,0.0019,0.0050,0.0007,0.0005,0.0007,0.0002,0.0002,0.4776,0.0133,0.3874,0.0003
0.0181,0.0474,0.0588,0.0455,0.1057,0.0440,0.0189,0.0091,0.0044,0.0037,0.0032,0.0026,0.0027,0.0029,0.0035,0.0034,0.0024,0.0025,0.0024,0.0061,0.0023,0.0005,0.0022,0.0004,0.3874,0.1713,0.0003
0.0101,0.0326,0.0261,0.0164,0.0223,0.0067,0.0171,0.0057,0.0050,0.0090,0.0082,0.0084,0.0053,0.0046,0.0086,0.0279,0.1085,0.0307,0.2623,0.0984,0.0907,0.0661,0.0004,0.0045,0.0003,0.0003,0.0000