c1,c2,c3,c4,c5,c6,c7,c8,c9,c10,c11,c12,c13,c14,c15,c16,c17,c18,c19,c20,c21,c22,c23,c24,c25,c26,c27
0.0173,0.0288,0.0042,0.1082,0.0452,0.0283,0.0288,0.0205,0.0078,0.0040,0.0021,0.0034,0.0018,0.0022,0.0032,0.0056,0.0021,0.0025,0.0043,0.0051,0.0035,0.0072,0.0014,0.0067,0.0080,0.0155,0.0094
0.0288,0.0229,0.0333,0.0001,0.0053,0.0046,0.0019,0.0135,0.0074,0.0033,0.0022,0.0032,0.0031,0.0048,0.0083,0.0106,0.0060,0.0041,0.0027,0.0151,0.0028,0.0291,0.0042,0.0289,0.0263,0.0457,0.0324
0.0042,0.0333,0.1453,0.0334,0.0000,0.0066,0.0008,0.0042,0.0079,0.0027,0.0043,0.0024,0.0022,0.0033,0.0048,0.0083,0.0033,0.0022,0.0022,0.0123,0.0036,0.1169,0.0154,0.0669,0.0414,0.0420,0.0137
0.1082,0.0001,0.0334,0.1323,0.0049,0.0013,0.0013,0.0032,0.0047,0.0027,0.0041,0.0019,0.0016,0.0016,0.0023,0.0042,0.0023,0.0020,0.0018,0.0072,0.0031,0.1463,0.1368,0.0549,0.1221,0.0426,0.0213
0.0452,0.0053,0.0000,0.0049,0.0115,0.2522,0.0000,0.0001,0.0005,0.0009,0.0074,0.0014,0.0036,0.0030,0.0050,0.0085,0.0035,0.0039,0.0018,0.0169,0.0039,0.4763,0.3876,0.3762,0.6136,0.1718,0.0112
0.0283,0.0046,0.0066,0.0013,0.2522,0.0045,0.0244,0.0001,0.0002,0.0010,0.0046,0.0027,0.0026,0.0021,0.0023,0.0021,0.0032,0.0059,0.0016,0.0155,0.0088,0.5510,0.8659,0.0873,0.0032,0.0135,0.0026
0.0288,0.0019,0.0008,0.0013,0.0000,0.0244,0.5305,0.0563,0.0000,0.0002,0.0002,0.0007,0.0011,0.0020,0.0023,0.0059,0.0034,0.0057,0.0026,0.0238,0.0253,0.7057,0.9997,0.0319,0.0781,0.0162,0.0066
0.0205,0.0135,0.0042,0.0032,0.0001,0.0001,0.0563,0.4139,0.0255,0.0000,0.0001,0.0004,0.0005,0.0027,0.0026,0.0046,0.0030,0.0042,0.0035,0.1407,0.0854,0.5720,0.9962,0.0169,0.0189,0.0060,0.0040
0.0078,0.0074,0.0079,0.0047,0.0005,0.0002,0.0000,0.0255,0.3476,0.0074,0.0000,0.0000,0.0002,0.0014,0.0037,0.0122,0.0042,0.0456,0.0082,0.8667,0.8681,0.6898,0.8496,0.0078,0.0043,0.0024,0.0037
0.0040,0.0033,0.0027,0.0027,0.0009,0.0010,0.0002,0.0000,0.0074,0.2086,0.0006,0.0000,0.0001,0.0044,0.0039,0.0183,0.0081,0.0302,0.1349,0.9288,0.9969,0.0985,0.4739,0.0042,0.0032,0.0014,0.0041
0.0021,0.0022,0.0043,0.0041,0.0074,0.0046,0.0002,0.0001,0.0000,0.0006,0.0808,0.0009,0.0000,0.0001,0.0018,0.0620,0.0805,0.9987,0.1012,0.9981,0.5216,0.0380,0.0313,0.0073,0.0036,0.0024,0.0044
0.0034,0.0032,0.0024,0.0019,0.0014,0.0027,0.0007,0.0004,0.0000,0.0000,0.0009,0.1680,0.0128,0.0005,0.0128,0.1762,0.2989,0.3924,0.9994,0.0204,0.3228,0.0045,0.0016,0.0017,0.0017,0.0014,0.0051
0.0018,0.0031,0.0022,0.0016,0.0036,0.0026,0.0011,0.0005,0.0002,0.0001,0.0000,0.0128,0.2074,0.1352,0.0013,0.4150,0.3149,0.9999,0.6842,0.0338,0.0108,0.0014,0.0006,0.0016,0.0020,0.0020,0.0022
0.0022,0.0048,0.0033,0.0016,0.0030,0.0021,0.0020,0.0027,0.0014,0.0044,0.0001,0.0005,0.1352,0.8014,0.6093,0.0018,0.2580,0.0435,0.7353,0.0118,0.0133,0.0022,0.0007,0.0013,0.0017,0.0018,0.0034
0.0032,0.0083,0.0048,0.0023,0.0050,0.0023,0.0023,0.0026,0.0037,0.0039,0.0018,0.0128,0.0013,0.6093,0.3170,0.2113,0.0064,0.0053,0.1149,0.0047,0.0054,0.0030,0.0016,0.0029,0.0033,0.0033,0.0039
0.0056,0.0106,0.0083,0.0042,0.0085,0.0021,0.0059,0.0046,0.0122,0.0183,0.0620,0.1762,0.4150,0.0018,0.2113,0.3281,0.1891,0.0000,0.0006,0.0005,0.0010,0.0025,0.0014,0.0033,0.0020,0.0035,0.0076
0.0021,0.0060,0.0033,0.0023,0.0035,0.0032,0.0034,0.0030,0.0042,0.0081,0.0805,0.2989,0.3149,0.2580,0.0064,0.1891,0.0810,0.0062,0.0001,0.0009,0.0004,0.0015,0.0008,0.0049,0.0027,0.0031,0.0320
0.0025,0.0041,0.0022,0.0020,0.0039,0.0059,0.0057,0.0042,0.0456,0.0302,0.9987,0.3924,0.9999,0.0435,0.0053,0.0000,0.0062,0.0103,0.0004,0.0000,0.0000,0.0001,0.0002,0.0063,0.0073,0.0030,0.0078
0.0043,0.0027,0.0022,0.0018,0.0018,0.0016,0.0026,0.0035,0.0082,0.1349,0.1012,0.9994,0.6842,0.7353,0.1149,0.0006,0.0001,0.0004,0.0217,0.0002,0.0000,0.0003,0.0002,0.0018,0.0027,0.0038,0.0902
0.0051,0.0151,0.0123,0.0072,0.0169,0.0155,0.0238,0.1407,0.8667,0.9288,0.9981,0.0204,0.0338,0.0118,0.0047,0.0005,0.0009,0.0000,0.0002,0.0121,0.0010,0.0000,0.0000,0.0003,0.0007,0.0037,0.0536
0.0035,0.0028,0.0036,0.0031,0.0039,0.0088,0.0253,0.0854,0.8681,0.9969,0.5216,0.3228,0.0108,0.0133,0.0054,0.0010,0.0004,0.0000,0.0000,0.0010,0.1643,0.0002,0.0000,0.0007,0.0013,0.0034,0.1245
0.0072,0.0291,0.1169,0.1463,0.4763,0.5510,0.7057,0.5720,0.6898,0.0985,0.0380,0.0045,0.0014,0.0022,0.0030,0.0025,0.0015,0.0001,0.0003,0.0000,0.0002,0.0690,0.0000,0.0001,0.0004,0.0007,0.0151
0.0014,0.0042,0.0154,0.1368,0.3876,0.8659,0.9997,0.9962,0.8496,0.4739,0.0313,0.0016,0.0006,0.0007,0.0016,0.0014,0.0008,0.0002,0.0002,0.0000,0.0000,0.0000,0.0003,0.0007,0.0001,0.0028,0.0035
0.0067,0.0289,0.0669,0.0549,0.3762,0.0873,0.0319,0.0169,0.0078,0.0042,0.0073,0.0017,0.0016,0.0013,0.0029,0.0033,0.0049,0.0063,0.0018,0.0003,0.0007,0.0001,0.0007,0.2556,0.4454,0.0004,0.0094
0.0080,0.0263,0.0414,0.1221,0.6136,0.0032,0.0781,0.0189,0.0043,0.0032,0.0036,0.0017,0.0020,0.0017,0.0033,0.0020,0.0027,0.0073,0.0027,0.0007,0.0013,0.0004,0.0001,0.4454,0.0064,0.7534,0.0002
0.0155,0.0457,0.0420,0.0426,0.1718,0.0135,0.0162,0.0060,0.0024,0.0014,0.0024,0.0014,0.0020,0.0018,0.0033,0.0035,0.0031,0.0030,0.0038,0.0037,0.0034,0.0007,0.0028,0.0004,0.7534,0.1291,0.0036
0.0094,0.0324,0.0137,0.0213,0.0112,0.0026,0.0066,0.0040,0.0037,0.0041,0.0044,0.0051,0.0022,0.0034,0.0039,0.0076,0.0320,0.0078,0.0902,0.0536,0.1245,0.0151,0.0035,0.0094,0.0002,0.0036,0.0003