c1,c2,c3,c4,c5,c6,c7,c8,c9,c10,c11,c12,c13,c14,c15,c16,c17,c18,c19,c20,c21,c22,c23,c24,c25,c26,c27
0.0064,0.0218,0.0029,0.0610,0.0596,0.0210,0.0327,0.0304,0.0110,0.0105,0.0066,0.0061,0.0054,0.0013,0.0040,0.0046,0.0022,0.0046,0.0034,0.0089,0.0037,0.0083,0.0016,0.0048,0.0046,0.0053,0.0030
0.0218,0.0276,0.0198,0.0002,0.0031,0.0055,0.0033,0.0165,0.0104,0.0047,0.0030,0.0035,0.0037,0.0038,0.0097,0.0095,0.0057,0.0044,0.0027,0.0146,0.0031,0.0153,0.0034,0.0283,0.0278,0.0279,0.0178
0.0029,0.0198,0.2246,0.0276,0.0000,0.0103,0.0010,0.0056,0.0080,0.0030,0.0049,0.0016,0.0021,0.0021,0.0044,0.0068,0.0034,0.0033,0.0025,0.0205,0.0031,0.1383,0.0092,0.0605,0.0378,0.0349,0.0133
0.0610,0.0002,0.0276,0.1375,0.0055,0.0020,0.0021,0.0049,0.0046,0.0030,0.0081,0.0021,0.0026,0.0013,0.0032,0.0043,0.0030,0.0040,0.0023,0.0114,0.0026,0.0668,0.0249,0.0458,0.0496,0.0371,0.0104
0.0596,0.0031,0.0000,0.0055,0.0137,0.2220,0.0000,0.0001,0.0006,0.0011,0.0049,0.0011,0.0034,0.0032,0.0052,0.0080,0.0043,0.0042,0.0030,0.0296,0.0039,0.5294,0.1007,0.3581,0.4646,0.1938,0.0091
0.0210,0.0055,0.0103,0.0020,0.2220,0.0263,0.0376,0.0003,0.0003,0.0011,0.0056,0.0024,0.0025,0.0012,0.0027,0.0023,0.0023,0.0040,0.0022,0.0092,0.0050,0.4446,0.6498,0.0384,0.0030,0.0125,0.0027
0.0327,0.0033,0.0010,0.0021,0.0000,0.0376,0.4250,0.0198,0.0000,0.0004,0.0006,0.0010,0.0017,0.0020,0.0026,0.0058,0.0043,0.0060,0.0036,0.0201,0.0120,0.4357,0.9956,0.0250,0.0612,0.0169,0.0071
0.0304,0.0165,0.0056,0.0049,0.0001,0.0003,0.0198,0.1471,0.0161,0.0000,0.0000,0.0004,0.0004,0.0023,0.0044,0.0049,0.0031,0.0037,0.0036,0.5485,0.1000,0.9403,0.9020,0.0140,0.0123,0.0059,0.0046
0.0110,0.0104,0.0080,0.0046,0.0006,0.0003,0.0000,0.0161,0.3016,0.0121,0.0000,0.0001,0.0002,0.0013,0.0057,0.0072,0.0053,0.0305,0.0100,0.5660,0.9445,0.5190,0.4873,0.0071,0.0064,0.0038,0.0048
0.0105,0.0047,0.0030,0.0030,0.0011,0.0011,0.0004,0.0000,0.0121,0.3487,0.0008,0.0001,0.0002,0.0020,0.0039,0.0109,0.0086,0.0382,0.0777,0.7648,0.9971,0.0372,0.0684,0.0042,0.0043,0.0022,0.0041
0.0066,0.0030,0.0049,0.0081,0.0049,0.0056,0.0006,0.0000,0.0000,0.0008,0.0415,0.0007,0.0000,0.0001,0.0031,0.0336,0.1016,0.9964,0.1274,0.9917,0.5254,0.0503,0.0238,0.0048,0.0047,0.0029,0.0036
0.0061,0.0035,0.0016,0.0021,0.0011,0.0024,0.0010,0.0004,0.0001,0.0001,0.0007,0.3040,0.0090,0.0013,0.0133,0.0771,0.1669,0.3152,0.9992,0.0085,0.2526,0.0040,0.0021,0.0016,0.0021,0.0016,0.0041
0.0054,0.0037,0.0021,0.0026,0.0034,0.0025,0.0017,0.0004,0.0002,0.0002,0.0000,0.0090,0.0566,0.1728,0.0018,0.1380,0.2145,0.9999,0.6979,0.0211,0.0160,0.0017,0.0017,0.0019,0.0031,0.0020,0.0018
0.0013,0.0038,0.0021,0.0013,0.0032,0.0012,0.0020,0.0023,0.0013,0.0020,0.0001,0.0013,0.1728,0.6785,0.4414,0.0063,0.7907,0.0645,0.9194,0.0085,0.0159,0.0011,0.0009,0.0007,0.0010,0.0011,0.0017
0.0040,0.0097,0.0044,0.0032,0.0052,0.0027,0.0026,0.0044,0.0057,0.0039,0.0031,0.0133,0.0018,0.4414,0.2162,0.2225,0.0041,0.0102,0.0409,0.0028,0.0063,0.0028,0.0021,0.0034,0.0031,0.0031,0.0021
0.0046,0.0095,0.0068,0.0043,0.0080,0.0023,0.0058,0.0049,0.0072,0.0109,0.0336,0.0771,0.1380,0.0063,0.2225,0.4751,0.2502,0.0000,0.0015,0.0005,0.0009,0.0016,0.0020,0.0038,0.0029,0.0042,0.0028
0.0022,0.0057,0.0034,0.0030,0.0043,0.0023,0.0043,0.0031,0.0053,0.0086,0.1016,0.1669,0.2145,0.7907,0.0041,0.2502,0.1200,0.0059,0.0005,0.0002,0.0005,0.0009,0.0011,0.0036,0.0018,0.0025,0.0065
0.0046,0.0044,0.0033,0.0040,0.0042,0.0040,0.0060,0.0037,0.0305,0.0382,0.9964,0.3152,0.9999,0.0645,0.0102,0.0000,0.0059,0.0399,0.0004,0.0000,0.0000,0.0001,0.0004,0.0044,0.0061,0.0028,0.0076
0.0034,0.0027,0.0025,0.0023,0.0030,0.0022,0.0036,0.0036,0.0100,0.0777,0.1274,0.9992,0.6979,0.9194,0.0409,0.0015,0.0005,0.0004,0.0285,0.0002,0.0000,0.0001,0.0001,0.0009,0.0036,0.0031,0.0511
0.0089,0.0146,0.0205,0.0114,0.0296,0.0092,0.0201,0.5485,0.5660,0.7648,0.9917,0.0085,0.0211,0.0085,0.0028,0.0005,0.0002,0.0000,0.0002,0.0704,0.0013,0.0000,0.0000,0.0006,0.0018,0.0065,0.1060
0.0037,0.0031,0.0031,0.0026,0.0039,0.0050,0.0120,0.1000,0.9445,0.9971,0.5254,0.2526,0.0160,0.0159,0.0063,0.0009,0.0005,0.0000,0.0000,0.0013,0.0193,0.0001,0.0000,0.0013,0.0028,0.0069,0.3255
0.0083,0.0153,0.1383,0.0668,0.5294,0.4446,0.4357,0.9403,0.5190,0.0372,0.0503,0.0040,0.0017,0.0011,0.0028,0.0016,0.0009,0.0001,0.0001,0.0000,0.0001,0.3249,0.0002,0.0000,0.0003,0.0014,0.2001
0.0016,0.0034,0.0092,0.0249,0.1007,0.6498,0.9956,0.9020,0.4873,0.0684,0.0238,0.0021,0.0017,0.0009,0.0021,0.0020,0.0011,0.0004,0.0001,0.0000,0.0000,0.0002,0.0144,0.0057,0.0004,0.0072,0.0128
0.0048,0.0283,0.0605,0.0458,0.3581,0.0384,0.0250,0.0140,0.0071,0.0042,0.0048,0.0016,0.0019,0.0007,0.0034,0.0038,0.0036,0.0044,0.0009,0.0006,0.0013,0.0000,0.0057,0.1877,0.6086,0.0007,0.0192
0.0046,0.0278,0.0378,0.0496,0.4646,0.0030,0.0612,0.0123,0.0064,0.0043,0.0047,0.0021,0.0031,0.0010,0.0031,0.0029,0.0018,0.0061,0.0036,0.0018,0.0028,0.0003,0.0004,0.6086,0.0047,0.5740,0.0002
0.0053,0.0279,0.0349,0.0371,0.1938,0.0125,0.0169,0.0059,0.0038,0.0022,0.0029,0.0016,0.0020,0.0011,0.0031,0.0042,0.0025,0.0028,0.0031,0.0065,0.0069,0.0014,0.0072,0.0007,0.5740,0.1591,0.0011
0.0030,0.0178,0.0133,0.0104,0.0091,0.0027,0.0071,0.0046,0.0048,0.0041,0.0036,0.0041,0.0018,0.0017,0.0021,0.0028,0.0065,0.0076,0.0511,0.1060,0.3255,0.2001,0.0128,0.0192,0.0002,0.0011,0.0022