c1,c2,c3,c4,c5,c6,c7,c8,c9,c10,c11,c12,c13,c14,c15,c16,c17,c18,c19,c20,c21,c22,c23,c24,c25,c26,c27
0.0000,0.0324,0.0162,0.1884,0.0815,0.0342,0.0991,0.0232,0.0070,0.0080,0.0065,0.0092,0.0056,0.0062,0.0046,0.0053,0.0023,0.0070,0.0052,0.0034,0.0055,0.0093,0.0026,0.0034,0.0041,0.0025,0.0022
0.0324,0.0351,0.0088,0.0003,0.0101,0.0081,0.0034,0.0102,0.0113,0.0066,0.0098,0.0088,0.0067,0.0130,0.0106,0.0076,0.0049,0.0084,0.0081,0.0063,0.0071,0.0077,0.0041,0.0057,0.0065,0.0041,0.0041
0.0162,0.0088,0.0220,0.0102,0.0001,0.0041,0.0037,0.0089,0.0151,0.0078,0.0173,0.0121,0.0077,0.0086,0.0119,0.0121,0.0071,0.0069,0.0113,0.0056,0.0081,0.0107,0.0071,0.0051,0.0093,0.0039,0.0035
0.1884,0.0003,0.0102,0.0576,0.0028,0.0001,0.0027,0.0060,0.0051,0.0085,0.0111,0.0077,0.0082,0.0107,0.0109,0.0166,0.0082,0.0070,0.0104,0.0074,0.0086,0.0077,0.0105,0.0076,0.0094,0.0073,0.0055
0.0815,0.0101,0.0001,0.0028,0.0073,0.0021,0.0006,0.0016,0.0034,0.0058,0.0206,0.0354,0.0087,0.0228,0.0136,0.0141,0.0133,0.0126,0.0130,0.0087,0.0143,0.0121,0.0092,0.0117,0.0055,0.0063,0.0053
0.0342,0.0081,0.0041,0.0001,0.0021,0.0034,0.0305,0.0003,0.0058,0.0065,0.0082,0.0209,0.0113,0.0171,0.0279,0.0226,0.0142,0.0106,0.0137,0.0079,0.0131,0.0113,0.0126,0.0078,0.0031,0.0054,0.0039
0.0991,0.0034,0.0037,0.0027,0.0006,0.0305,0.0215,0.0034,0.0001,0.0006,0.0014,0.0051,0.0104,0.0105,0.0081,0.0121,0.0141,0.0209,0.0222,0.0240,0.0208,0.0260,0.0182,0.0121,0.0087,0.0059,0.0041
0.0232,0.0102,0.0089,0.0060,0.0016,0.0003,0.0034,0.0043,0.0100,0.0002,0.0018,0.0130,0.0075,0.0376,0.0196,0.0165,0.0116,0.0149,0.0153,0.0185,0.0229,0.0253,0.0111,0.0080,0.0061,0.0056,0.0034
0.0070,0.0113,0.0151,0.0051,0.0034,0.0058,0.0001,0.0100,0.0480,0.0136,0.0003,0.0095,0.0078,0.0054,0.0147,0.0083,0.0077,0.0318,0.0101,0.0120,0.0227,0.0218,0.0104,0.0043,0.0065,0.0051,0.0035
0.0080,0.0066,0.0078,0.0085,0.0058,0.0065,0.0006,0.0002,0.0136,0.0159,0.0010,0.0008,0.0044,0.0050,0.0064,0.0168,0.0078,0.0649,0.0188,0.0471,0.0390,0.0432,0.0359,0.0082,0.0056,0.0045,0.0028
0.0065,0.0098,0.0173,0.0111,0.0206,0.0082,0.0014,0.0018,0.0003,0.0010,0.0030,0.0425,0.0000,0.0006,0.0044,0.0072,0.0421,0.0557,0.0267,0.0393,0.1485,0.0231,0.0391,0.0121,0.0068,0.0094,0.0040
0.0092,0.0088,0.0121,0.0077,0.0354,0.0209,0.0051,0.0130,0.0095,0.0008,0.0425,0.0006,0.0053,0.0006,0.0013,0.0036,0.0077,0.0587,0.0267,0.0119,0.0477,0.0098,0.0056,0.0043,0.0061,0.0035,0.0024
0.0056,0.0067,0.0077,0.0082,0.0087,0.0113,0.0104,0.0075,0.0078,0.0044,0.0000,0.0053,0.0008,0.0129,0.0001,0.0039,0.0179,0.4096,0.1340,0.0403,0.0470,0.0268,0.0075,0.0062,0.0035,0.0058,0.0031
0.0062,0.0130,0.0086,0.0107,0.0228,0.0171,0.0105,0.0376,0.0054,0.0050,0.0006,0.0006,0.0129,0.0496,0.0152,0.0071,0.0292,0.0041,0.0044,0.0130,0.0079,0.0038,0.0041,0.0025,0.0033,0.0055,0.0035
0.0046,0.0106,0.0119,0.0109,0.0136,0.0279,0.0081,0.0196,0.0147,0.0064,0.0044,0.0013,0.0001,0.0152,0.0224,0.0316,0.0013,0.0108,0.0121,0.0043,0.0097,0.0129,0.0072,0.0039,0.0121,0.0041,0.0027
0.0053,0.0076,0.0121,0.0166,0.0141,0.0226,0.0121,0.0165,0.0083,0.0168,0.0072,0.0036,0.0039,0.0071,0.0316,0.0134,0.0132,0.0003,0.0032,0.0071,0.0029,0.0074,0.0072,0.0031,0.0072,0.0061,0.0027
0.0023,0.0049,0.0071,0.0082,0.0133,0.0142,0.0141,0.0116,0.0077,0.0078,0.0421,0.0077,0.0179,0.0292,0.0013,0.0132,0.0240,0.0045,0.0004,0.0044,0.0096,0.0047,0.0083,0.0029,0.0118,0.0037,0.0032
0.0070,0.0084,0.0069,0.0070,0.0126,0.0106,0.0209,0.0149,0.0318,0.0649,0.0557,0.0587,0.4096,0.0041,0.0108,0.0003,0.0045,0.0012,0.0006,0.0003,0.0008,0.0046,0.0030,0.0121,0.0072,0.0044,0.0037
0.0052,0.0081,0.0113,0.0104,0.0130,0.0137,0.0222,0.0153,0.0101,0.0188,0.0267,0.0267,0.1340,0.0044,0.0121,0.0032,0.0004,0.0006,0.0001,0.0079,0.0000,0.0020,0.0278,0.0097,0.0275,0.0361,0.0324
0.0034,0.0063,0.0056,0.0074,0.0087,0.0079,0.0240,0.0185,0.0120,0.0471,0.0393,0.0119,0.0403,0.0130,0.0043,0.0071,0.0044,0.0003,0.0079,0.0090,0.0015,0.0001,0.0019,0.0095,0.0079,0.0126,0.0356
0.0055,0.0071,0.0081,0.0086,0.0143,0.0131,0.0208,0.0229,0.0227,0.0390,0.1485,0.0477,0.0470,0.0079,0.0097,0.0029,0.0096,0.0008,0.0000,0.0015,0.0019,0.0005,0.0002,0.0074,0.0290,0.0063,0.0499
0.0093,0.0077,0.0107,0.0077,0.0121,0.0113,0.0260,0.0253,0.0218,0.0432,0.0231,0.0098,0.0268,0.0038,0.0129,0.0074,0.0047,0.0046,0.0020,0.0001,0.0005,0.0011,0.0122,0.0016,0.0019,0.0096,0.0918
0.0026,0.0041,0.0071,0.0105,0.0092,0.0126,0.0182,0.0111,0.0104,0.0359,0.0391,0.0056,0.0075,0.0041,0.0072,0.0072,0.0083,0.0030,0.0278,0.0019,0.0002,0.0122,0.0146,0.0116,0.0002,0.0086,0.0450
0.0034,0.0057,0.0051,0.0076,0.0117,0.0078,0.0121,0.0080,0.0043,0.0082,0.0121,0.0043,0.0062,0.0025,0.0039,0.0031,0.0029,0.0121,0.0097,0.0095,0.0074,0.0016,0.0116,0.1598,0.0324,0.0014,0.0123
0.0041,0.0065,0.0093,0.0094,0.0055,0.0031,0.0087,0.0061,0.0065,0.0056,0.0068,0.0061,0.0035,0.0033,0.0121,0.0072,0.0118,0.0072,0.0275,0.0079,0.0290,0.0019,0.0002,0.0324,0.0058,0.0594,0.0146
0.0025,0.0041,0.0039,0.0073,0.0063,0.0054,0.0059,0.0056,0.0051,0.0045,0.0094,0.0035,0.0058,0.0055,0.0041,0.0061,0.0037,0.0044,0.0361,0.0126,0.0063,0.0096,0.0086,0.0014,0.0594,0.0625,0.0238
0.0022,0.0041,0.0035,0.0055,0.0053,0.0039,0.0041,0.0034,0.0035,0.0028,0.0040,0.0024,0.0031,0.0035,0.0027,0.0027,0.0032,0.0037,0.0324,0.0356,0.0499,0.0918,0.0450,0.0123,0.0146,0.0238,0.0195