c1,c2,c3,c4,c5,c6,c7,c8,c9,c10,c11,c12,c13,c14,c15,c16,c17,c18,c19,c20,c21,c22,c23,c24,c25,c26,c27
0.0000,0.0458,0.0228,0.2177,0.1789,0.1140,0.3611,0.1020,0.0442,0.0525,0.0250,0.0428,0.0151,0.0032,0.0024,0.0025,0.0019,0.0026,0.0040,0.0031,0.0022,0.0039,0.0029,0.0020,0.0044,0.0027,0.0003
0.0458,0.0403,0.0675,0.0002,0.0154,0.0128,0.0062,0.0147,0.0146,0.0102,0.0066,0.0127,0.0074,0.0053,0.0088,0.0041,0.0045,0.0033,0.0032,0.0052,0.0043,0.0039,0.0040,0.0052,0.0073,0.0055,0.0037
0.0228,0.0675,0.0458,0.0300,0.0016,0.0160,0.0056,0.0091,0.0201,0.0134,0.0044,0.0082,0.0054,0.0033,0.0075,0.0085,0.0053,0.0023,0.0037,0.0037,0.0062,0.0035,0.0048,0.0032,0.0048,0.0032,0.0035
0.2177,0.0002,0.0300,0.0629,0.0082,0.0009,0.0017,0.0054,0.0151,0.0307,0.0110,0.0115,0.0102,0.0051,0.0088,0.0148,0.0066,0.0015,0.0044,0.0097,0.0058,0.0035,0.0076,0.0049,0.0060,0.0054,0.0038
0.1789,0.0154,0.0016,0.0082,0.0041,0.0059,0.0006,0.0004,0.0057,0.0159,0.0167,0.0399,0.0097,0.0089,0.0105,0.0121,0.0081,0.0014,0.0025,0.0048,0.0144,0.0088,0.0070,0.0074,0.0103,0.0073,0.0076
0.1140,0.0128,0.0160,0.0009,0.0059,0.0154,0.0871,0.0001,0.0062,0.0126,0.0042,0.0144,0.0045,0.0058,0.0102,0.0174,0.0083,0.0036,0.0019,0.0042,0.0186,0.0042,0.0062,0.0054,0.0108,0.0055,0.0044
0.3611,0.0062,0.0056,0.0017,0.0006,0.0871,0.1262,0.0064,0.0001,0.0012,0.0015,0.0095,0.0087,0.0073,0.0127,0.0164,0.0142,0.0135,0.0050,0.0109,0.0075,0.0058,0.0067,0.0053,0.0061,0.0055,0.0054
0.1020,0.0147,0.0091,0.0054,0.0004,0.0001,0.0064,0.0571,0.0621,0.0002,0.0005,0.0124,0.0028,0.0230,0.0254,0.0236,0.0145,0.0175,0.0064,0.0083,0.0158,0.0092,0.0070,0.0055,0.0071,0.0072,0.0059
0.0442,0.0146,0.0201,0.0151,0.0057,0.0062,0.0001,0.0621,0.5602,0.0233,0.0001,0.0113,0.0016,0.0031,0.0167,0.0096,0.0063,0.0344,0.0068,0.0043,0.0067,0.0048,0.0050,0.0024,0.0037,0.0047,0.0036
0.0525,0.0102,0.0134,0.0307,0.0159,0.0126,0.0012,0.0002,0.0233,0.1606,0.0014,0.0010,0.0029,0.0009,0.0028,0.0131,0.0076,0.0694,0.0079,0.0791,0.0071,0.0061,0.0075,0.0041,0.0026,0.0035,0.0047
0.0250,0.0066,0.0044,0.0110,0.0167,0.0042,0.0015,0.0005,0.0001,0.0014,0.0768,0.0723,0.0000,0.0003,0.0010,0.0037,0.0305,0.0660,0.0273,0.0359,0.0407,0.0101,0.0468,0.0388,0.0161,0.0225,0.0255
0.0428,0.0127,0.0082,0.0115,0.0399,0.0144,0.0095,0.0124,0.0113,0.0010,0.0723,0.0005,0.0202,0.0001,0.0020,0.0038,0.0125,0.2129,0.0223,0.0110,0.0148,0.0092,0.0049,0.0064,0.0001,0.0032,0.0024
0.0151,0.0074,0.0054,0.0102,0.0097,0.0045,0.0087,0.0028,0.0016,0.0029,0.0000,0.0202,0.0341,0.0087,0.0005,0.0146,0.0142,0.1394,0.0641,0.0125,0.0262,0.0060,0.0053,0.0061,0.0086,0.0069,0.0045
0.0032,0.0053,0.0033,0.0051,0.0089,0.0058,0.0073,0.0230,0.0031,0.0009,0.0003,0.0001,0.0087,0.0376,0.0322,0.0034,0.0520,0.1684,0.0471,0.0183,0.0190,0.0082,0.0081,0.0027,0.0077,0.0079,0.0054
0.0024,0.0088,0.0075,0.0088,0.0105,0.0102,0.0127,0.0254,0.0167,0.0028,0.0010,0.0020,0.0005,0.0322,0.2423,0.0556,0.0014,0.0164,0.0048,0.0036,0.0076,0.0060,0.0056,0.0034,0.0066,0.0057,0.0054
0.0025,0.0041,0.0085,0.0148,0.0121,0.0174,0.0164,0.0236,0.0096,0.0131,0.0037,0.0038,0.0146,0.0034,0.0556,0.0346,0.0536,0.0004,0.0055,0.0015,0.0032,0.0046,0.0055,0.0035,0.0045,0.0040,0.0063
0.0019,0.0045,0.0053,0.0066,0.0081,0.0083,0.0142,0.0145,0.0063,0.0076,0.0305,0.0125,0.0142,0.0520,0.0014,0.0536,0.0116,0.0125,0.0025,0.0112,0.0024,0.0009,0.0040,0.0024,0.0036,0.0038,0.0178
0.0026,0.0033,0.0023,0.0015,0.0014,0.0036,0.0135,0.0175,0.0344,0.0694,0.0660,0.2129,0.1394,0.1684,0.0164,0.0004,0.0125,0.0000,0.0013,0.0001,0.0014,0.0046,0.0067,0.0159,0.0145,0.0118,0.0327
0.0040,0.0032,0.0037,0.0044,0.0025,0.0019,0.0050,0.0064,0.0068,0.0079,0.0273,0.0223,0.0641,0.0471,0.0048,0.0055,0.0025,0.0013,0.0002,0.0183,0.0003,0.0157,0.0697,0.0100,0.0357,0.0157,0.0450
0.0031,0.0052,0.0037,0.0097,0.0048,0.0042,0.0109,0.0083,0.0043,0.0791,0.0359,0.0110,0.0125,0.0183,0.0036,0.0015,0.0112,0.0001,0.0183,0.0238,0.0039,0.0006,0.0063,0.0100,0.0141,0.0139,0.0300
0.0022,0.0043,0.0062,0.0058,0.0144,0.0186,0.0075,0.0158,0.0067,0.0071,0.0407,0.0148,0.0262,0.0190,0.0076,0.0032,0.0024,0.0014,0.0003,0.0039,0.0069,0.0030,0.0003,0.0031,0.0135,0.0503,0.3451
0.0039,0.0039,0.0035,0.0035,0.0088,0.0042,0.0058,0.0092,0.0048,0.0061,0.0101,0.0092,0.0060,0.0082,0.0060,0.0046,0.0009,0.0046,0.0157,0.0006,0.0030,0.0017,0.0686,0.0039,0.0095,0.0456,0.7674
0.0029,0.0040,0.0048,0.0076,0.0070,0.0062,0.0067,0.0070,0.0050,0.0075,0.0468,0.0049,0.0053,0.0081,0.0056,0.0055,0.0040,0.0067,0.0697,0.0063,0.0003,0.0686,0.0124,0.0427,0.0024,0.0016,0.0208
0.0020,0.0052,0.0032,0.0049,0.0074,0.0054,0.0053,0.0055,0.0024,0.0041,0.0388,0.0064,0.0061,0.0027,0.0034,0.0035,0.0024,0.0159,0.0100,0.0100,0.0031,0.0039,0.0427,0.0588,0.4588,0.0016,0.0067
0.0044,0.0073,0.0048,0.0060,0.0103,0.0108,0.0061,0.0071,0.0037,0.0026,0.0161,0.0001,0.0086,0.0077,0.0066,0.0045,0.0036,0.0145,0.0357,0.0141,0.0135,0.0095,0.0024,0.4588,0.0011,0.0861,0.0009
0.0027,0.0055,0.0032,0.0054,0.0073,0.0055,0.0055,0.0072,0.0047,0.0035,0.0225,0.0032,0.0069,0.0079,0.0057,0.0040,0.0038,0.0118,0.0157,0.0139,0.0503,0.0456,0.0016,0.0016,0.0861,0.0244,0.0013
0.0003,0.0037,0.0035,0.0038,0.0076,0.0044,0.0054,0.0059,0.0036,0.0047,0.0255,0.0024,0.0045,0.0054,0.0054,0.0063,0.0178,0.0327,0.0450,0.0300,0.3451,0.7674,0.0208,0.0067,0.0009,0.0013,0.0000