c1,c2,c3,c4,c5,c6,c7,c8,c9,c10,c11,c12,c13,c14,c15,c16,c17,c18,c19,c20,c21,c22,c23,c24,c25,c26,c27
0.0001,0.0309,0.0116,0.1852,0.0698,0.0483,0.0410,0.0259,0.0058,0.0030,0.0054,0.0022,0.0028,0.0018,0.0032,0.0047,0.0015,0.0064,0.0045,0.0065,0.0045,0.0452,0.0036,0.0075,0.0123,0.0063,0.0024
0.0309,0.0488,0.0224,0.0003,0.0087,0.0125,0.0015,0.0083,0.0079,0.0030,0.0054,0.0035,0.0038,0.0056,0.0069,0.0098,0.0036,0.0056,0.0032,0.0126,0.0047,0.0157,0.0057,0.0142,0.0323,0.0101,0.0064
0.0116,0.0224,0.0718,0.0190,0.0001,0.0081,0.0029,0.0039,0.0067,0.0026,0.0044,0.0026,0.0021,0.0030,0.0051,0.0101,0.0038,0.0035,0.0046,0.0093,0.0048,0.0568,0.0143,0.0258,0.0924,0.0132,0.0057
0.1852,0.0003,0.0190,0.0877,0.0014,0.0001,0.0004,0.0015,0.0028,0.0027,0.0036,0.0029,0.0033,0.0051,0.0056,0.0219,0.0051,0.0038,0.0040,0.0255,0.0045,0.0466,0.0286,0.0871,0.1549,0.0305,0.0067
0.0698,0.0087,0.0001,0.0014,0.0039,0.0017,0.0000,0.0001,0.0014,0.0015,0.0045,0.0060,0.0025,0.0082,0.0053,0.0152,0.0078,0.0063,0.0065,0.0567,0.0304,0.7769,0.0526,0.3286,0.0679,0.0194,0.0099
0.0483,0.0125,0.0081,0.0001,0.0017,0.0057,0.0047,0.0000,0.0009,0.0016,0.0015,0.0029,0.0023,0.0059,0.0105,0.0237,0.0051,0.0029,0.0035,0.0173,0.0209,0.1789,0.6651,0.1354,0.0481,0.0182,0.0073
0.0410,0.0015,0.0029,0.0004,0.0000,0.0047,0.0178,0.0026,0.0000,0.0002,0.0004,0.0028,0.0024,0.0052,0.0042,0.0108,0.0052,0.0281,0.0066,0.7102,0.1132,0.9715,0.3667,0.0494,0.0130,0.0068,0.0050
0.0259,0.0083,0.0039,0.0015,0.0001,0.0000,0.0026,0.0121,0.0056,0.0000,0.0001,0.0022,0.0010,0.0103,0.0066,0.0125,0.0071,0.0086,0.0091,0.1559,0.8437,0.7906,0.5021,0.0399,0.0187,0.0103,0.0056
0.0058,0.0079,0.0067,0.0028,0.0014,0.0009,0.0000,0.0056,0.1934,0.0052,0.0000,0.0003,0.0008,0.0035,0.0070,0.0098,0.0069,0.0332,0.0198,0.1196,0.9717,0.1266,0.1325,0.0058,0.0063,0.0050,0.0039
0.0030,0.0030,0.0026,0.0027,0.0015,0.0016,0.0002,0.0000,0.0052,0.0301,0.0015,0.0000,0.0002,0.0026,0.0051,0.0299,0.0101,0.6653,0.0886,0.9972,0.4759,0.1264,0.1323,0.0058,0.0030,0.0025,0.0018
0.0054,0.0054,0.0044,0.0036,0.0045,0.0015,0.0004,0.0001,0.0000,0.0015,0.0119,0.0315,0.0000,0.0018,0.0057,0.0156,0.0647,0.6475,0.8146,0.3602,0.5997,0.0083,0.0287,0.0049,0.0015,0.0049,0.0037
0.0022,0.0035,0.0026,0.0029,0.0060,0.0029,0.0028,0.0022,0.0003,0.0000,0.0315,0.0017,0.0164,0.0010,0.0064,0.0268,0.0467,0.8813,0.9890,0.0182,0.0561,0.0067,0.0026,0.0023,0.0027,0.0022,0.0019
0.0028,0.0038,0.0021,0.0033,0.0025,0.0023,0.0024,0.0010,0.0008,0.0002,0.0000,0.0164,0.0096,0.0263,0.0006,0.0201,0.4270,0.9915,0.9003,0.0235,0.0261,0.0060,0.0045,0.0028,0.0021,0.0051,0.0028
0.0018,0.0056,0.0030,0.0051,0.0082,0.0059,0.0052,0.0103,0.0035,0.0026,0.0018,0.0010,0.0263,0.3006,0.1313,0.0015,0.2688,0.0199,0.0492,0.0076,0.0063,0.0021,0.0028,0.0014,0.0030,0.0049,0.0031
0.0032,0.0069,0.0051,0.0056,0.0053,0.0105,0.0042,0.0066,0.0070,0.0051,0.0057,0.0064,0.0006,0.1313,0.0618,0.0349,0.0022,0.0129,0.0215,0.0034,0.0068,0.0065,0.0055,0.0034,0.0133,0.0045,0.0037
0.0047,0.0098,0.0101,0.0219,0.0152,0.0237,0.0108,0.0125,0.0098,0.0299,0.0156,0.0268,0.0201,0.0015,0.0349,0.0339,0.0314,0.0001,0.0005,0.0011,0.0009,0.0057,0.0061,0.0037,0.0152,0.0060,0.0038
0.0015,0.0036,0.0038,0.0051,0.0078,0.0051,0.0052,0.0071,0.0069,0.0101,0.0647,0.0467,0.4270,0.2688,0.0022,0.0314,0.0284,0.0070,0.0002,0.0003,0.0015,0.0024,0.0044,0.0029,0.0126,0.0039,0.0071
0.0064,0.0056,0.0035,0.0038,0.0063,0.0029,0.0281,0.0086,0.0332,0.6653,0.6475,0.8813,0.9915,0.0199,0.0129,0.0001,0.0070,0.0007,0.0002,0.0000,0.0000,0.0002,0.0015,0.0080,0.0048,0.0041,0.0048
0.0045,0.0032,0.0046,0.0040,0.0065,0.0035,0.0066,0.0091,0.0198,0.0886,0.8146,0.9890,0.9003,0.0492,0.0215,0.0005,0.0002,0.0002,0.0016,0.0003,0.0000,0.0001,0.0009,0.0013,0.0052,0.0086,0.0430
0.0065,0.0126,0.0093,0.0255,0.0567,0.0173,0.7102,0.1559,0.1196,0.9972,0.3602,0.0182,0.0235,0.0076,0.0034,0.0011,0.0003,0.0000,0.0003,0.0077,0.0011,0.0000,0.0001,0.0005,0.0011,0.0054,0.0369
0.0045,0.0047,0.0048,0.0045,0.0304,0.0209,0.1132,0.8437,0.9717,0.4759,0.5997,0.0561,0.0261,0.0063,0.0068,0.0009,0.0015,0.0000,0.0000,0.0011,0.0010,0.0001,0.0000,0.0003,0.0011,0.0038,0.0810
0.0452,0.0157,0.0568,0.0466,0.7769,0.1789,0.9715,0.7906,0.1266,0.1264,0.0083,0.0067,0.0060,0.0021,0.0065,0.0057,0.0024,0.0002,0.0001,0.0000,0.0001,0.0006,0.0006,0.0001,0.0001,0.0024,0.0518
0.0036,0.0057,0.0143,0.0286,0.0526,0.6651,0.3667,0.5021,0.1325,0.1323,0.0287,0.0026,0.0045,0.0028,0.0055,0.0061,0.0044,0.0015,0.0009,0.0001,0.0000,0.0006,0.0183,0.0035,0.0000,0.0020,0.0231
0.0075,0.0142,0.0258,0.0871,0.3286,0.1354,0.0494,0.0399,0.0058,0.0058,0.0049,0.0023,0.0028,0.0014,0.0034,0.0037,0.0029,0.0080,0.0013,0.0005,0.0003,0.0001,0.0035,0.3001,0.0252,0.0013,0.0119
0.0123,0.0323,0.0924,0.1549,0.0679,0.0481,0.0130,0.0187,0.0063,0.0030,0.0015,0.0027,0.0021,0.0030,0.0133,0.0152,0.0126,0.0048,0.0052,0.0011,0.0011,0.0001,0.0000,0.0252,0.0260,0.1432,0.0015
0.0063,0.0101,0.0132,0.0305,0.0194,0.0182,0.0068,0.0103,0.0050,0.0025,0.0049,0.0022,0.0051,0.0049,0.0045,0.0060,0.0039,0.0041,0.0086,0.0054,0.0038,0.0024,0.0020,0.0013,0.1432,0.1099,0.0053
0.0024,0.0064,0.0057,0.0067,0.0099,0.0073,0.0050,0.0056,0.0039,0.0018,0.0037,0.0019,0.0028,0.0031,0.0037,0.0038,0.0071,0.0048,0.0430,0.0369,0.0810,0.0518,0.0231,0.0119,0.0015,0.0053,0.0252