c1,c2,c3,c4,c5,c6,c7,c8,c9,c10,c11,c12,c13,c14,c15,c16,c17,c18,c19,c20,c21,c22,c23,c24,c25,c26,c27
0.0019,0.0186,0.0081,0.1784,0.1660,0.0866,0.0842,0.0297,0.0083,0.0050,0.0059,0.0028,0.0023,0.0011,0.0023,0.0031,0.0023,0.0042,0.0049,0.0075,0.0027,0.0059,0.0011,0.0037,0.0037,0.0111,0.0031
0.0186,0.0194,0.0530,0.0002,0.0081,0.0164,0.0020,0.0101,0.0107,0.0042,0.0044,0.0029,0.0034,0.0042,0.0058,0.0104,0.0051,0.0044,0.0031,0.0192,0.0033,0.0199,0.0040,0.0143,0.0201,0.0214,0.0112
0.0081,0.0530,0.2788,0.0324,0.0002,0.0349,0.0037,0.0051,0.0055,0.0026,0.0035,0.0020,0.0019,0.0027,0.0047,0.0076,0.0039,0.0025,0.0042,0.0090,0.0025,0.0274,0.0067,0.0181,0.0185,0.0171,0.0079
0.1784,0.0002,0.0324,0.0282,0.0090,0.0006,0.0013,0.0034,0.0020,0.0030,0.0034,0.0011,0.0024,0.0023,0.0039,0.0068,0.0031,0.0030,0.0029,0.0144,0.0055,0.1282,0.0927,0.0762,0.0503,0.0297,0.0112
0.1660,0.0081,0.0002,0.0090,0.0201,0.0068,0.0000,0.0002,0.0005,0.0011,0.0020,0.0020,0.0031,0.0025,0.0040,0.0078,0.0047,0.0048,0.0020,0.0219,0.0045,0.5532,0.1137,0.5885,0.3901,0.0472,0.0091
0.0866,0.0164,0.0349,0.0006,0.0068,0.0436,0.0096,0.0000,0.0001,0.0007,0.0007,0.0014,0.0014,0.0031,0.0040,0.0062,0.0028,0.0021,0.0015,0.0108,0.0062,0.3699,0.8249,0.1386,0.2584,0.0337,0.0063
0.0842,0.0020,0.0037,0.0013,0.0000,0.0096,0.1893,0.0111,0.0000,0.0003,0.0007,0.0008,0.0018,0.0021,0.0034,0.0063,0.0038,0.0103,0.0033,0.0662,0.0220,0.5676,0.9935,0.0240,0.0357,0.0108,0.0089
0.0297,0.0101,0.0051,0.0034,0.0002,0.0000,0.0111,0.0475,0.0067,0.0000,0.0001,0.0007,0.0009,0.0044,0.0044,0.0086,0.0046,0.0122,0.0043,0.2224,0.2000,0.9554,0.8542,0.0298,0.0209,0.0077,0.0056
0.0083,0.0107,0.0055,0.0020,0.0005,0.0001,0.0000,0.0067,0.2828,0.0060,0.0000,0.0000,0.0002,0.0017,0.0054,0.0106,0.0078,0.0922,0.0099,0.7264,0.9588,0.7469,0.4891,0.0077,0.0089,0.0040,0.0050
0.0050,0.0042,0.0026,0.0030,0.0011,0.0007,0.0003,0.0000,0.0060,0.0498,0.0014,0.0000,0.0003,0.0045,0.0048,0.0141,0.0108,0.0711,0.1173,0.7270,0.9970,0.1161,0.0801,0.0048,0.0049,0.0033,0.0050
0.0059,0.0044,0.0035,0.0034,0.0020,0.0007,0.0007,0.0001,0.0000,0.0014,0.0075,0.0021,0.0000,0.0008,0.0057,0.0512,0.0751,0.9866,0.1854,0.9853,0.4479,0.0365,0.0283,0.0066,0.0054,0.0034,0.0051
0.0028,0.0029,0.0020,0.0011,0.0020,0.0014,0.0008,0.0007,0.0000,0.0000,0.0021,0.5205,0.0131,0.0005,0.0086,0.0716,0.2312,0.3219,0.9992,0.0223,0.1201,0.0063,0.0020,0.0030,0.0023,0.0026,0.0040
0.0023,0.0034,0.0019,0.0024,0.0031,0.0014,0.0018,0.0009,0.0002,0.0003,0.0000,0.0131,0.0826,0.0543,0.0012,0.0995,0.2239,0.9999,0.7054,0.0358,0.0111,0.0022,0.0016,0.0021,0.0037,0.0022,0.0026
0.0011,0.0042,0.0027,0.0023,0.0025,0.0031,0.0021,0.0044,0.0017,0.0045,0.0008,0.0005,0.0543,0.8042,0.4676,0.0023,0.3084,0.0409,0.7853,0.0084,0.0085,0.0013,0.0010,0.0009,0.0015,0.0022,0.0022
0.0023,0.0058,0.0047,0.0039,0.0040,0.0040,0.0034,0.0044,0.0054,0.0048,0.0057,0.0086,0.0012,0.4676,0.2760,0.1120,0.0045,0.0091,0.0549,0.0045,0.0041,0.0027,0.0018,0.0029,0.0037,0.0039,0.0035
0.0031,0.0104,0.0076,0.0068,0.0078,0.0062,0.0063,0.0086,0.0106,0.0141,0.0512,0.0716,0.0995,0.0023,0.1120,0.2286,0.1512,0.0000,0.0009,0.0009,0.0006,0.0022,0.0032,0.0030,0.0024,0.0050,0.0067
0.0023,0.0051,0.0039,0.0031,0.0047,0.0028,0.0038,0.0046,0.0078,0.0108,0.0751,0.2312,0.2239,0.3084,0.0045,0.1512,0.1032,0.0021,0.0000,0.0006,0.0006,0.0012,0.0015,0.0072,0.0027,0.0034,0.0340
0.0042,0.0044,0.0025,0.0030,0.0048,0.0021,0.0103,0.0122,0.0922,0.0711,0.9866,0.3219,0.9999,0.0409,0.0091,0.0000,0.0021,0.0091,0.0002,0.0000,0.0000,0.0001,0.0004,0.0072,0.0081,0.0049,0.0190
0.0049,0.0031,0.0042,0.0029,0.0020,0.0015,0.0033,0.0043,0.0099,0.1173,0.1854,0.9992,0.7054,0.7853,0.0549,0.0009,0.0000,0.0002,0.0067,0.0003,0.0000,0.0001,0.0003,0.0011,0.0034,0.0083,0.5124
0.0075,0.0192,0.0090,0.0144,0.0219,0.0108,0.0662,0.2224,0.7264,0.7270,0.9853,0.0223,0.0358,0.0084,0.0045,0.0009,0.0006,0.0000,0.0003,0.0116,0.0010,0.0000,0.0000,0.0003,0.0011,0.0075,0.0745
0.0027,0.0033,0.0025,0.0055,0.0045,0.0062,0.0220,0.2000,0.9588,0.9970,0.4479,0.1201,0.0111,0.0085,0.0041,0.0006,0.0006,0.0000,0.0000,0.0010,0.1189,0.0001,0.0000,0.0010,0.0042,0.0046,0.3139
0.0059,0.0199,0.0274,0.1282,0.5532,0.3699,0.5676,0.9554,0.7469,0.1161,0.0365,0.0063,0.0022,0.0013,0.0027,0.0022,0.0012,0.0001,0.0001,0.0000,0.0001,0.0748,0.0001,0.0001,0.0003,0.0012,0.0374
0.0011,0.0040,0.0067,0.0927,0.1137,0.8249,0.9935,0.8542,0.4891,0.0801,0.0283,0.0020,0.0016,0.0010,0.0018,0.0032,0.0015,0.0004,0.0003,0.0000,0.0000,0.0001,0.0088,0.0040,0.0002,0.0054,0.0056
0.0037,0.0143,0.0181,0.0762,0.5885,0.1386,0.0240,0.0298,0.0077,0.0048,0.0066,0.0030,0.0021,0.0009,0.0029,0.0030,0.0072,0.0072,0.0011,0.0003,0.0010,0.0001,0.0040,0.3170,0.2684,0.0004,0.0021
0.0037,0.0201,0.0185,0.0503,0.3901,0.2584,0.0357,0.0209,0.0089,0.0049,0.0054,0.0023,0.0037,0.0015,0.0037,0.0024,0.0027,0.0081,0.0034,0.0011,0.0042,0.0003,0.0002,0.2684,0.0020,0.3420,0.0000
0.0111,0.0214,0.0171,0.0297,0.0472,0.0337,0.0108,0.0077,0.0040,0.0033,0.0034,0.0026,0.0022,0.0022,0.0039,0.0050,0.0034,0.0049,0.0083,0.0075,0.0046,0.0012,0.0054,0.0004,0.3420,0.1172,0.0007
0.0031,0.0112,0.0079,0.0112,0.0091,0.0063,0.0089,0.0056,0.0050,0.0050,0.0051,0.0040,0.0026,0.0022,0.0035,0.0067,0.0340,0.0190,0.5124,0.0745,0.3139,0.0374,0.0056,0.0021,0.0000,0.0007,0.0006