c1,c2,c3,c4,c5,c6,c7,c8,c9,c10,c11,c12,c13,c14,c15,c16,c17,c18,c19,c20,c21,c22,c23,c24,c25,c26,c27
0.0010,0.0224,0.0035,0.1257,0.0467,0.0639,0.0725,0.0268,0.0079,0.0062,0.0061,0.0041,0.0022,0.0034,0.0025,0.0040,0.0031,0.0031,0.0092,0.0071,0.0081,0.0082,0.0030,0.0037,0.0053,0.0032,0.0018
0.0224,0.0282,0.0222,0.0002,0.0148,0.0043,0.0053,0.0105,0.0118,0.0090,0.0116,0.0062,0.0051,0.0081,0.0083,0.0103,0.0046,0.0060,0.0055,0.0102,0.0069,0.0070,0.0047,0.0068,0.0083,0.0053,0.0037
0.0035,0.0222,0.2110,0.0148,0.0004,0.0120,0.0224,0.0097,0.0087,0.0071,0.0104,0.0039,0.0030,0.0067,0.0067,0.0091,0.0047,0.0031,0.0072,0.0052,0.0063,0.0083,0.0059,0.0042,0.0078,0.0070,0.0032
0.1257,0.0002,0.0148,0.0390,0.0101,0.0009,0.0111,0.0059,0.0046,0.0080,0.0134,0.0049,0.0064,0.0064,0.0063,0.0153,0.0064,0.0045,0.0069,0.0069,0.0080,0.0088,0.0061,0.0062,0.0092,0.0067,0.0052
0.0467,0.0148,0.0004,0.0101,0.0016,0.0338,0.0002,0.0032,0.0075,0.0179,0.0209,0.0131,0.0069,0.0150,0.0109,0.0148,0.0095,0.0041,0.0092,0.0070,0.0146,0.0058,0.0060,0.0055,0.0113,0.0073,0.0034
0.0639,0.0043,0.0120,0.0009,0.0338,0.0414,0.0058,0.0001,0.0009,0.0019,0.0039,0.0069,0.0071,0.0091,0.0106,0.0139,0.0083,0.0112,0.0153,0.0090,0.0196,0.0148,0.0095,0.0116,0.0096,0.0060,0.0040
0.0725,0.0053,0.0224,0.0111,0.0002,0.0058,0.0281,0.0034,0.0000,0.0016,0.0018,0.0053,0.0064,0.0080,0.0089,0.0182,0.0095,0.0127,0.0191,0.0148,0.0317,0.0371,0.0118,0.0097,0.0102,0.0072,0.0046
0.0268,0.0105,0.0097,0.0059,0.0032,0.0001,0.0034,0.0119,0.0098,0.0001,0.0019,0.0126,0.0042,0.0233,0.0125,0.0169,0.0113,0.0194,0.0156,0.0146,0.0195,0.0350,0.0106,0.0095,0.0102,0.0092,0.0038
0.0079,0.0118,0.0087,0.0046,0.0075,0.0009,0.0000,0.0098,0.0338,0.0074,0.0001,0.0111,0.0034,0.0090,0.0135,0.0104,0.0111,0.0447,0.0217,0.0455,0.0426,0.0409,0.0161,0.0049,0.0063,0.0060,0.0034
0.0062,0.0090,0.0071,0.0080,0.0179,0.0019,0.0016,0.0001,0.0074,0.0082,0.0012,0.0003,0.0029,0.0031,0.0079,0.0162,0.0093,0.0619,0.0330,0.2735,0.0484,0.0364,0.0273,0.0059,0.0080,0.0051,0.0029
0.0061,0.0116,0.0104,0.0134,0.0209,0.0039,0.0018,0.0019,0.0001,0.0012,0.0037,0.0470,0.0000,0.0022,0.0060,0.0201,0.0384,0.0837,0.0368,0.0822,0.0946,0.0203,0.0267,0.0096,0.0071,0.0056,0.0030
0.0041,0.0062,0.0039,0.0049,0.0131,0.0069,0.0053,0.0126,0.0111,0.0003,0.0470,0.0001,0.0068,0.0009,0.0034,0.0106,0.0204,0.3687,0.0521,0.0236,0.0274,0.0341,0.0062,0.0036,0.0030,0.0032,0.0020
0.0022,0.0051,0.0030,0.0064,0.0069,0.0071,0.0064,0.0042,0.0034,0.0029,0.0000,0.0068,0.0006,0.0139,0.0001,0.0084,0.0587,0.7301,0.2372,0.0508,0.0559,0.0670,0.0098,0.0060,0.0074,0.0045,0.0030
0.0034,0.0081,0.0067,0.0064,0.0150,0.0091,0.0080,0.0233,0.0090,0.0031,0.0022,0.0009,0.0139,0.0512,0.0254,0.0011,0.0470,0.0112,0.0085,0.0145,0.0071,0.0063,0.0050,0.0028,0.0045,0.0050,0.0031
0.0025,0.0083,0.0067,0.0063,0.0109,0.0106,0.0089,0.0125,0.0135,0.0079,0.0060,0.0034,0.0001,0.0254,0.0231,0.0207,0.0004,0.0214,0.0325,0.0076,0.0111,0.0150,0.0094,0.0043,0.0094,0.0058,0.0036
0.0040,0.0103,0.0091,0.0153,0.0148,0.0139,0.0182,0.0169,0.0104,0.0162,0.0201,0.0106,0.0084,0.0011,0.0207,0.0139,0.0233,0.0001,0.0016,0.0047,0.0017,0.0120,0.0095,0.0041,0.0095,0.0062,0.0033
0.0031,0.0046,0.0047,0.0064,0.0095,0.0083,0.0095,0.0113,0.0111,0.0093,0.0384,0.0204,0.0587,0.0470,0.0004,0.0233,0.0239,0.0030,0.0000,0.0026,0.0135,0.0073,0.0103,0.0090,0.0100,0.0048,0.0060
0.0031,0.0060,0.0031,0.0045,0.0041,0.0112,0.0127,0.0194,0.0447,0.0619,0.0837,0.3687,0.7301,0.0112,0.0214,0.0001,0.0030,0.0022,0.0004,0.0000,0.0013,0.0017,0.0047,0.0248,0.0107,0.0067,0.0052
0.0092,0.0055,0.0072,0.0069,0.0092,0.0153,0.0191,0.0156,0.0217,0.0330,0.0368,0.0521,0.2372,0.0085,0.0325,0.0016,0.0000,0.0004,0.0005,0.0043,0.0000,0.0009,0.0347,0.0073,0.0248,0.0323,0.0343
0.0071,0.0102,0.0052,0.0069,0.0070,0.0090,0.0148,0.0146,0.0455,0.2735,0.0822,0.0236,0.0508,0.0145,0.0076,0.0047,0.0026,0.0000,0.0043,0.0312,0.0027,0.0000,0.0014,0.0066,0.0041,0.0112,0.0395
0.0081,0.0069,0.0063,0.0080,0.0146,0.0196,0.0317,0.0195,0.0426,0.0484,0.0946,0.0274,0.0559,0.0071,0.0111,0.0017,0.0135,0.0013,0.0000,0.0027,0.0043,0.0008,0.0001,0.0049,0.0090,0.0066,0.0416
0.0082,0.0070,0.0083,0.0088,0.0058,0.0148,0.0371,0.0350,0.0409,0.0364,0.0203,0.0341,0.0670,0.0063,0.0150,0.0120,0.0073,0.0017,0.0009,0.0000,0.0008,0.0002,0.0136,0.0007,0.0042,0.0194,0.1167
0.0030,0.0047,0.0059,0.0061,0.0060,0.0095,0.0118,0.0106,0.0161,0.0273,0.0267,0.0062,0.0098,0.0050,0.0094,0.0095,0.0103,0.0047,0.0347,0.0014,0.0001,0.0136,0.0381,0.0221,0.0001,0.0063,0.0936
0.0037,0.0068,0.0042,0.0062,0.0055,0.0116,0.0097,0.0095,0.0049,0.0059,0.0096,0.0036,0.0060,0.0028,0.0043,0.0041,0.0090,0.0248,0.0073,0.0066,0.0049,0.0007,0.0221,0.1982,0.0313,0.0003,0.0391
0.0053,0.0083,0.0078,0.0092,0.0113,0.0096,0.0102,0.0102,0.0063,0.0080,0.0071,0.0030,0.0074,0.0045,0.0094,0.0095,0.0100,0.0107,0.0248,0.0041,0.0090,0.0042,0.0001,0.0313,0.0517,0.0244,0.0007
0.0032,0.0053,0.0070,0.0067,0.0073,0.0060,0.0072,0.0092,0.0060,0.0051,0.0056,0.0032,0.0045,0.0050,0.0058,0.0062,0.0048,0.0067,0.0323,0.0112,0.0066,0.0194,0.0063,0.0003,0.0244,0.0541,0.0210
0.0018,0.0037,0.0032,0.0052,0.0034,0.0040,0.0046,0.0038,0.0034,0.0029,0.0030,0.0020,0.0030,0.0031,0.0036,0.0033,0.0060,0.0052,0.0343,0.0395,0.0416,0.1167,0.0936,0.0391,0.0007,0.0210,0.0404