c1,c2,c3,c4,c5,c6,c7,c8,c9,c10,c11,c12,c13,c14,c15,c16,c17,c18,c19,c20,c21,c22,c23,c24,c25,c26,c27
0.0001,0.0370,0.0233,0.2234,0.1816,0.0398,0.1068,0.0322,0.0079,0.0032,0.0033,0.0025,0.0023,0.0026,0.0030,0.0074,0.0030,0.0037,0.0029,0.0023,0.0025,0.0066,0.0014,0.0070,0.0089,0.0139,0.0033
0.0370,0.0356,0.0691,0.0001,0.0058,0.0048,0.0018,0.0073,0.0058,0.0025,0.0028,0.0024,0.0040,0.0048,0.0058,0.0096,0.0048,0.0037,0.0015,0.0135,0.0038,0.0611,0.0067,0.0365,0.0211,0.0318,0.0151
0.0233,0.0691,0.0959,0.0348,0.0001,0.0049,0.0020,0.0033,0.0043,0.0017,0.0026,0.0014,0.0023,0.0031,0.0044,0.0082,0.0031,0.0032,0.0022,0.0075,0.0035,0.1574,0.0145,0.0495,0.0309,0.0385,0.0098
0.2234,0.0001,0.0348,0.0464,0.0060,0.0001,0.0005,0.0008,0.0016,0.0037,0.0028,0.0013,0.0025,0.0030,0.0068,0.0111,0.0037,0.0028,0.0012,0.0081,0.0062,0.2019,0.2538,0.1999,0.0793,0.0518,0.0092
0.1816,0.0058,0.0001,0.0060,0.0109,0.0266,0.0000,0.0001,0.0003,0.0012,0.0035,0.0020,0.0039,0.0029,0.0066,0.0075,0.0047,0.0031,0.0010,0.0182,0.0063,0.5857,0.6841,0.2899,0.4208,0.0500,0.0104
0.0398,0.0048,0.0049,0.0001,0.0266,0.0309,0.0049,0.0000,0.0001,0.0008,0.0013,0.0018,0.0029,0.0039,0.0042,0.0065,0.0050,0.0029,0.0011,0.0209,0.0137,0.4269,0.9015,0.2093,0.2180,0.0370,0.0058
0.1068,0.0018,0.0020,0.0005,0.0000,0.0049,0.1127,0.0416,0.0000,0.0003,0.0005,0.0006,0.0015,0.0020,0.0027,0.0086,0.0038,0.0084,0.0021,0.0427,0.0478,0.7867,0.9993,0.0434,0.0416,0.0119,0.0074
0.0322,0.0073,0.0033,0.0008,0.0001,0.0000,0.0416,0.1142,0.0146,0.0000,0.0001,0.0004,0.0009,0.0037,0.0037,0.0105,0.0043,0.0229,0.0027,0.4325,0.2256,0.8781,0.9769,0.0194,0.0164,0.0088,0.0042
0.0079,0.0058,0.0043,0.0016,0.0003,0.0001,0.0000,0.0146,0.4711,0.0100,0.0000,0.0000,0.0002,0.0013,0.0040,0.0175,0.0042,0.1257,0.0074,0.9496,0.9735,0.8742,0.7056,0.0045,0.0046,0.0044,0.0025
0.0032,0.0025,0.0017,0.0037,0.0012,0.0008,0.0003,0.0000,0.0100,0.0419,0.0019,0.0000,0.0001,0.0031,0.0048,0.0278,0.0154,0.4771,0.1070,0.9815,0.9508,0.0599,0.1709,0.0031,0.0034,0.0033,0.0041
0.0033,0.0028,0.0026,0.0028,0.0035,0.0013,0.0005,0.0001,0.0000,0.0019,0.0786,0.0015,0.0000,0.0006,0.0049,0.0582,0.0846,0.9964,0.2886,0.9292,0.2645,0.0137,0.0396,0.0045,0.0042,0.0028,0.0037
0.0025,0.0024,0.0014,0.0013,0.0020,0.0018,0.0006,0.0004,0.0000,0.0000,0.0015,0.0584,0.0068,0.0008,0.0105,0.1600,0.5196,0.6301,1.0000,0.0288,0.1962,0.0028,0.0014,0.0017,0.0025,0.0022,0.0044
0.0023,0.0040,0.0023,0.0025,0.0039,0.0029,0.0015,0.0009,0.0002,0.0001,0.0000,0.0068,0.0704,0.0276,0.0014,0.0881,0.3234,0.9969,0.9894,0.0295,0.0199,0.0016,0.0010,0.0014,0.0030,0.0026,0.0028
0.0026,0.0048,0.0031,0.0030,0.0029,0.0039,0.0020,0.0037,0.0013,0.0031,0.0006,0.0008,0.0276,0.4363,0.5211,0.0011,0.1755,0.0232,0.8862,0.0109,0.0148,0.0022,0.0010,0.0013,0.0018,0.0025,0.0029
0.0030,0.0058,0.0044,0.0068,0.0066,0.0042,0.0027,0.0037,0.0040,0.0048,0.0049,0.0105,0.0014,0.5211,0.2073,0.0987,0.0073,0.0022,0.1138,0.0029,0.0075,0.0029,0.0013,0.0028,0.0029,0.0035,0.0043
0.0074,0.0096,0.0082,0.0111,0.0075,0.0065,0.0086,0.0105,0.0175,0.0278,0.0582,0.1600,0.0881,0.0011,0.0987,0.2253,0.1996,0.0000,0.0003,0.0004,0.0013,0.0027,0.0016,0.0030,0.0022,0.0033,0.0098
0.0030,0.0048,0.0031,0.0037,0.0047,0.0050,0.0038,0.0043,0.0042,0.0154,0.0846,0.5196,0.3234,0.1755,0.0073,0.1996,0.0830,0.0061,0.0001,0.0002,0.0004,0.0013,0.0006,0.0036,0.0023,0.0020,0.0233
0.0037,0.0037,0.0032,0.0028,0.0031,0.0029,0.0084,0.0229,0.1257,0.4771,0.9964,0.6301,0.9969,0.0232,0.0022,0.0000,0.0061,0.0077,0.0005,0.0000,0.0000,0.0001,0.0003,0.0035,0.0054,0.0029,0.0093
0.0029,0.0015,0.0022,0.0012,0.0010,0.0011,0.0021,0.0027,0.0074,0.1070,0.2886,1.0000,0.9894,0.8862,0.1138,0.0003,0.0001,0.0005,0.0930,0.0003,0.0000,0.0001,0.0001,0.0005,0.0013,0.0020,0.0633
0.0023,0.0135,0.0075,0.0081,0.0182,0.0209,0.0427,0.4325,0.9496,0.9815,0.9292,0.0288,0.0295,0.0109,0.0029,0.0004,0.0002,0.0000,0.0003,0.0195,0.0027,0.0000,0.0000,0.0001,0.0006,0.0072,0.1092
0.0025,0.0038,0.0035,0.0062,0.0063,0.0137,0.0478,0.2256,0.9735,0.9508,0.2645,0.1962,0.0199,0.0148,0.0075,0.0013,0.0004,0.0000,0.0000,0.0027,0.0722,0.0001,0.0000,0.0010,0.0008,0.0035,0.1428
0.0066,0.0611,0.1574,0.2019,0.5857,0.4269,0.7867,0.8781,0.8742,0.0599,0.0137,0.0028,0.0016,0.0022,0.0029,0.0027,0.0013,0.0001,0.0001,0.0000,0.0001,0.0036,0.0001,0.0000,0.0001,0.0007,0.1666
0.0014,0.0067,0.0145,0.2538,0.6841,0.9015,0.9993,0.9769,0.7056,0.1709,0.0396,0.0014,0.0010,0.0010,0.0013,0.0016,0.0006,0.0003,0.0001,0.0000,0.0000,0.0001,0.0020,0.0028,0.0001,0.0012,0.0018
0.0070,0.0365,0.0495,0.1999,0.2899,0.2093,0.0434,0.0194,0.0045,0.0031,0.0045,0.0017,0.0014,0.0013,0.0028,0.0030,0.0036,0.0035,0.0005,0.0001,0.0010,0.0000,0.0028,0.1739,0.5247,0.0009,0.0262
0.0089,0.0211,0.0309,0.0793,0.4208,0.2180,0.0416,0.0164,0.0046,0.0034,0.0042,0.0025,0.0030,0.0018,0.0029,0.0022,0.0023,0.0054,0.0013,0.0006,0.0008,0.0001,0.0001,0.5247,0.0062,0.4841,0.0007
0.0139,0.0318,0.0385,0.0518,0.0500,0.0370,0.0119,0.0088,0.0044,0.0033,0.0028,0.0022,0.0026,0.0025,0.0035,0.0033,0.0020,0.0029,0.0020,0.0072,0.0035,0.0007,0.0012,0.0009,0.4841,0.2704,0.0011
0.0033,0.0151,0.0098,0.0092,0.0104,0.0058,0.0074,0.0042,0.0025,0.0041,0.0037,0.0044,0.0028,0.0029,0.0043,0.0098,0.0233,0.0093,0.0633,0.1092,0.1428,0.1666,0.0018,0.0262,0.0007,0.0011,0.0001