c1,c2,c3,c4,c5,c6,c7,c8,c9,c10,c11,c12,c13,c14,c15,c16,c17,c18,c19,c20,c21,c22,c23,c24,c25,c26,c27
0.0002,0.0224,0.0080,0.0550,0.1391,0.0520,0.1015,0.0372,0.0062,0.0041,0.0111,0.0029,0.0038,0.0015,0.0026,0.0038,0.0022,0.0046,0.0080,0.0059,0.0059,0.0112,0.0029,0.0056,0.0055,0.0055,0.0026
0.0224,0.0427,0.0188,0.0002,0.0042,0.0053,0.0032,0.0118,0.0102,0.0048,0.0090,0.0043,0.0055,0.0053,0.0072,0.0112,0.0059,0.0102,0.0047,0.0158,0.0073,0.0104,0.0046,0.0116,0.0099,0.0082,0.0058
0.0080,0.0188,0.3674,0.0110,0.0002,0.0102,0.0038,0.0076,0.0087,0.0034,0.0052,0.0019,0.0030,0.0041,0.0072,0.0116,0.0047,0.0058,0.0057,0.0079,0.0062,0.0169,0.0070,0.0111,0.0104,0.0124,0.0052
0.0550,0.0002,0.0110,0.0141,0.0066,0.0010,0.0013,0.0048,0.0032,0.0045,0.0103,0.0017,0.0042,0.0039,0.0066,0.0193,0.0050,0.0069,0.0078,0.0146,0.0149,0.0683,0.0180,0.0284,0.0177,0.0097,0.0083
0.1391,0.0042,0.0002,0.0066,0.0151,0.0023,0.0001,0.0001,0.0016,0.0021,0.0064,0.0056,0.0074,0.0055,0.0100,0.0175,0.0102,0.0104,0.0064,0.0303,0.0148,0.1529,0.0188,0.1056,0.0410,0.0257,0.0076
0.0520,0.0053,0.0102,0.0010,0.0023,0.0068,0.0088,0.0000,0.0007,0.0012,0.0020,0.0030,0.0027,0.0060,0.0112,0.0162,0.0088,0.0044,0.0042,0.0092,0.0094,0.2010,0.1353,0.1843,0.0425,0.0294,0.0070
0.1015,0.0032,0.0038,0.0013,0.0001,0.0088,0.0334,0.0021,0.0000,0.0004,0.0005,0.0024,0.0033,0.0049,0.0067,0.0130,0.0079,0.0122,0.0085,0.0310,0.0251,0.6124,0.4368,0.0715,0.0186,0.0083,0.0073
0.0372,0.0118,0.0076,0.0048,0.0001,0.0000,0.0021,0.0089,0.0066,0.0000,0.0001,0.0024,0.0010,0.0088,0.0079,0.0114,0.0079,0.0154,0.0068,0.3621,0.1217,0.9722,0.0912,0.0633,0.0168,0.0102,0.0047
0.0062,0.0102,0.0087,0.0032,0.0016,0.0007,0.0000,0.0066,0.0848,0.0136,0.0000,0.0007,0.0008,0.0030,0.0093,0.0105,0.0066,0.0275,0.0135,0.1468,0.7733,0.1434,0.1916,0.0080,0.0074,0.0058,0.0040
0.0041,0.0048,0.0034,0.0045,0.0021,0.0012,0.0004,0.0000,0.0136,0.4239,0.0007,0.0001,0.0003,0.0013,0.0040,0.0119,0.0078,0.0910,0.0680,0.6769,0.9200,0.0470,0.0824,0.0042,0.0045,0.0031,0.0027
0.0111,0.0090,0.0052,0.0103,0.0064,0.0020,0.0005,0.0001,0.0000,0.0007,0.0997,0.0215,0.0000,0.0003,0.0027,0.0154,0.0596,0.3928,0.1104,0.8044,0.4928,0.0265,0.0656,0.0130,0.0055,0.0056,0.0036
0.0029,0.0043,0.0019,0.0017,0.0056,0.0030,0.0024,0.0024,0.0007,0.0001,0.0215,0.0248,0.0252,0.0005,0.0025,0.0108,0.0220,0.2818,0.9932,0.0170,0.0632,0.0076,0.0039,0.0019,0.0022,0.0031,0.0024
0.0038,0.0055,0.0030,0.0042,0.0074,0.0027,0.0033,0.0010,0.0008,0.0003,0.0000,0.0252,0.0756,0.0293,0.0005,0.0144,0.1152,0.9767,0.4885,0.0420,0.0221,0.0080,0.0044,0.0025,0.0039,0.0045,0.0029
0.0015,0.0053,0.0041,0.0039,0.0055,0.0060,0.0049,0.0088,0.0030,0.0013,0.0003,0.0005,0.0293,0.6918,0.1193,0.0013,0.2043,0.0361,0.1807,0.0076,0.0134,0.0037,0.0036,0.0011,0.0030,0.0035,0.0027
0.0026,0.0072,0.0072,0.0066,0.0100,0.0112,0.0067,0.0079,0.0093,0.0040,0.0027,0.0025,0.0005,0.1193,0.2990,0.0418,0.0018,0.0163,0.0127,0.0027,0.0051,0.0062,0.0053,0.0032,0.0068,0.0054,0.0032
0.0038,0.0112,0.0116,0.0193,0.0175,0.0162,0.0130,0.0114,0.0105,0.0119,0.0154,0.0108,0.0144,0.0013,0.0418,0.0395,0.0505,0.0001,0.0007,0.0011,0.0010,0.0061,0.0083,0.0046,0.0134,0.0080,0.0044
0.0022,0.0059,0.0047,0.0050,0.0102,0.0088,0.0079,0.0079,0.0066,0.0078,0.0596,0.0220,0.1152,0.2043,0.0018,0.0505,0.0447,0.0062,0.0001,0.0005,0.0017,0.0026,0.0050,0.0042,0.0080,0.0041,0.0071
0.0046,0.0102,0.0058,0.0069,0.0104,0.0044,0.0122,0.0154,0.0275,0.0910,0.3928,0.2818,0.9767,0.0361,0.0163,0.0001,0.0062,0.0044,0.0002,0.0000,0.0001,0.0002,0.0027,0.0208,0.0124,0.0078,0.0084
0.0080,0.0047,0.0057,0.0078,0.0064,0.0042,0.0085,0.0068,0.0135,0.0680,0.1104,0.9932,0.4885,0.1807,0.0127,0.0007,0.0001,0.0002,0.0019,0.0006,0.0000,0.0001,0.0018,0.0014,0.0076,0.0139,0.1304
0.0059,0.0158,0.0079,0.0146,0.0303,0.0092,0.0310,0.3621,0.1468,0.6769,0.8044,0.0170,0.0420,0.0076,0.0027,0.0011,0.0005,0.0000,0.0006,0.1770,0.0011,0.0000,0.0001,0.0009,0.0033,0.0094,0.0809
0.0059,0.0073,0.0062,0.0149,0.0148,0.0094,0.0251,0.1217,0.7733,0.9200,0.4928,0.0632,0.0221,0.0134,0.0051,0.0010,0.0017,0.0001,0.0000,0.0011,0.0020,0.0001,0.0000,0.0004,0.0022,0.0065,0.0911
0.0112,0.0104,0.0169,0.0683,0.1529,0.2010,0.6124,0.9722,0.1434,0.0470,0.0265,0.0076,0.0080,0.0037,0.0062,0.0061,0.0026,0.0002,0.0001,0.0000,0.0001,0.0198,0.0009,0.0000,0.0007,0.0025,0.0166
0.0029,0.0046,0.0070,0.0180,0.0188,0.1353,0.4368,0.0912,0.1916,0.0824,0.0656,0.0039,0.0044,0.0036,0.0053,0.0083,0.0050,0.0027,0.0018,0.0001,0.0000,0.0009,0.0404,0.0097,0.0001,0.0033,0.0088
0.0056,0.0116,0.0111,0.0284,0.1056,0.1843,0.0715,0.0633,0.0080,0.0042,0.0130,0.0019,0.0025,0.0011,0.0032,0.0046,0.0042,0.0208,0.0014,0.0009,0.0004,0.0000,0.0097,0.0981,0.0692,0.0006,0.0143
0.0055,0.0099,0.0104,0.0177,0.0410,0.0425,0.0186,0.0168,0.0074,0.0045,0.0055,0.0022,0.0039,0.0030,0.0068,0.0134,0.0080,0.0124,0.0076,0.0033,0.0022,0.0007,0.0001,0.0692,0.3439,0.0386,0.0001
0.0055,0.0082,0.0124,0.0097,0.0257,0.0294,0.0083,0.0102,0.0058,0.0031,0.0056,0.0031,0.0045,0.0035,0.0054,0.0080,0.0041,0.0078,0.0139,0.0094,0.0065,0.0025,0.0033,0.0006,0.0386,0.0600,0.0046
0.0026,0.0058,0.0052,0.0083,0.0076,0.0070,0.0073,0.0047,0.0040,0.0027,0.0036,0.0024,0.0029,0.0027,0.0032,0.0044,0.0071,0.0084,0.1304,0.0809,0.0911,0.0166,0.0088,0.0143,0.0001,0.0046,0.1283