c1,c2,c3,c4,c5,c6,c7,c8,c9,c10,c11,c12,c13,c14,c15,c16,c17,c18,c19,c20,c21,c22,c23,c24,c25,c26,c27
0.0012,0.0176,0.0100,0.0490,0.1752,0.0556,0.0625,0.0227,0.0094,0.0041,0.0060,0.0035,0.0027,0.0011,0.0032,0.0040,0.0040,0.0043,0.0055,0.0071,0.0046,0.0074,0.0020,0.0043,0.0060,0.0063,0.0025
0.0176,0.0262,0.0319,0.0002,0.0048,0.0112,0.0029,0.0108,0.0145,0.0049,0.0058,0.0044,0.0036,0.0045,0.0069,0.0114,0.0055,0.0058,0.0036,0.0169,0.0042,0.0087,0.0045,0.0120,0.0211,0.0151,0.0073
0.0100,0.0319,0.2027,0.0205,0.0002,0.0160,0.0052,0.0077,0.0076,0.0031,0.0046,0.0023,0.0019,0.0030,0.0056,0.0098,0.0040,0.0036,0.0047,0.0102,0.0044,0.0172,0.0067,0.0131,0.0218,0.0139,0.0058
0.0490,0.0002,0.0205,0.0157,0.0069,0.0009,0.0023,0.0040,0.0026,0.0031,0.0064,0.0015,0.0029,0.0022,0.0040,0.0108,0.0039,0.0035,0.0053,0.0191,0.0085,0.0803,0.0399,0.0511,0.0434,0.0309,0.0093
0.1752,0.0048,0.0002,0.0069,0.0180,0.0017,0.0000,0.0002,0.0010,0.0015,0.0045,0.0047,0.0045,0.0031,0.0051,0.0109,0.0077,0.0084,0.0036,0.0382,0.0088,0.4740,0.0321,0.1077,0.1608,0.0288,0.0072
0.0556,0.0112,0.0160,0.0009,0.0017,0.0075,0.0091,0.0000,0.0002,0.0014,0.0016,0.0030,0.0021,0.0056,0.0062,0.0093,0.0041,0.0030,0.0028,0.0114,0.0070,0.3972,0.4652,0.0556,0.1840,0.0339,0.0068
0.0625,0.0029,0.0052,0.0023,0.0000,0.0091,0.0857,0.0073,0.0000,0.0003,0.0005,0.0017,0.0021,0.0033,0.0044,0.0095,0.0052,0.0098,0.0047,0.0602,0.0238,0.3605,0.9042,0.0186,0.0301,0.0104,0.0091
0.0227,0.0108,0.0077,0.0040,0.0002,0.0000,0.0073,0.0282,0.0064,0.0000,0.0001,0.0024,0.0006,0.0081,0.0058,0.0096,0.0060,0.0103,0.0057,0.2309,0.1518,0.8747,0.4829,0.0182,0.0233,0.0069,0.0055
0.0094,0.0145,0.0076,0.0026,0.0010,0.0002,0.0000,0.0064,0.1306,0.0106,0.0000,0.0002,0.0001,0.0040,0.0074,0.0121,0.0106,0.0777,0.0126,0.3549,0.9580,0.2601,0.2572,0.0061,0.0089,0.0048,0.0059
0.0041,0.0049,0.0031,0.0031,0.0015,0.0014,0.0003,0.0000,0.0106,0.0925,0.0018,0.0001,0.0005,0.0038,0.0044,0.0125,0.0089,0.0998,0.0625,0.8929,0.9371,0.0432,0.0443,0.0027,0.0042,0.0024,0.0035
0.0060,0.0058,0.0046,0.0064,0.0045,0.0016,0.0005,0.0001,0.0000,0.0018,0.0170,0.0139,0.0000,0.0007,0.0037,0.0348,0.1065,0.8400,0.2017,0.8759,0.6703,0.0241,0.0303,0.0054,0.0041,0.0029,0.0029
0.0035,0.0044,0.0023,0.0015,0.0047,0.0030,0.0017,0.0024,0.0002,0.0001,0.0139,0.1599,0.0469,0.0019,0.0065,0.0270,0.0775,0.4153,0.9984,0.0112,0.0571,0.0062,0.0015,0.0014,0.0001,0.0010,0.0014
0.0027,0.0036,0.0019,0.0029,0.0045,0.0021,0.0021,0.0006,0.0001,0.0005,0.0000,0.0469,0.0679,0.0568,0.0015,0.0670,0.2641,0.9984,0.6288,0.0291,0.0133,0.0027,0.0027,0.0020,0.0027,0.0022,0.0019
0.0011,0.0045,0.0030,0.0022,0.0031,0.0056,0.0033,0.0081,0.0040,0.0038,0.0007,0.0019,0.0568,0.5483,0.2929,0.0042,0.4387,0.0614,0.4907,0.0048,0.0080,0.0010,0.0013,0.0005,0.0015,0.0012,0.0015
0.0032,0.0069,0.0056,0.0040,0.0051,0.0062,0.0044,0.0058,0.0074,0.0044,0.0037,0.0065,0.0015,0.2929,0.1956,0.0880,0.0033,0.0193,0.0322,0.0024,0.0049,0.0027,0.0026,0.0027,0.0058,0.0037,0.0025
0.0040,0.0114,0.0098,0.0108,0.0109,0.0093,0.0095,0.0096,0.0121,0.0125,0.0348,0.0270,0.0670,0.0042,0.0880,0.1655,0.1584,0.0001,0.0005,0.0006,0.0007,0.0025,0.0033,0.0026,0.0029,0.0046,0.0029
0.0040,0.0055,0.0040,0.0039,0.0077,0.0041,0.0052,0.0060,0.0106,0.0089,0.1065,0.0775,0.2641,0.4387,0.0033,0.1584,0.1000,0.0022,0.0001,0.0002,0.0006,0.0010,0.0019,0.0066,0.0031,0.0030,0.0084
0.0043,0.0058,0.0036,0.0035,0.0084,0.0030,0.0098,0.0103,0.0777,0.0998,0.8400,0.4153,0.9984,0.0614,0.0193,0.0001,0.0022,0.0058,0.0002,0.0000,0.0000,0.0001,0.0011,0.0100,0.0138,0.0052,0.0055
0.0055,0.0036,0.0047,0.0053,0.0036,0.0028,0.0047,0.0057,0.0126,0.0625,0.2017,0.9984,0.6288,0.4907,0.0322,0.0005,0.0001,0.0002,0.0045,0.0004,0.0000,0.0001,0.0006,0.0019,0.0065,0.0061,0.0633
0.0071,0.0169,0.0102,0.0191,0.0382,0.0114,0.0602,0.2309,0.3549,0.8929,0.8759,0.0112,0.0291,0.0048,0.0024,0.0006,0.0002,0.0000,0.0004,0.0570,0.0006,0.0000,0.0001,0.0012,0.0033,0.0111,0.0700
0.0046,0.0042,0.0044,0.0085,0.0088,0.0070,0.0238,0.1518,0.9580,0.9371,0.6703,0.0571,0.0133,0.0080,0.0049,0.0007,0.0006,0.0000,0.0000,0.0006,0.0039,0.0002,0.0000,0.0020,0.0042,0.0075,0.2783
0.0074,0.0087,0.0172,0.0803,0.4740,0.3972,0.3605,0.8747,0.2601,0.0432,0.0241,0.0062,0.0027,0.0010,0.0027,0.0025,0.0010,0.0001,0.0001,0.0000,0.0002,0.3029,0.0005,0.0001,0.0003,0.0022,0.0952
0.0020,0.0045,0.0067,0.0399,0.0321,0.4652,0.9042,0.4829,0.2572,0.0443,0.0303,0.0015,0.0027,0.0013,0.0026,0.0033,0.0019,0.0011,0.0006,0.0001,0.0000,0.0005,0.0342,0.0134,0.0002,0.0065,0.0181
0.0043,0.0120,0.0131,0.0511,0.1077,0.0556,0.0186,0.0182,0.0061,0.0027,0.0054,0.0014,0.0020,0.0005,0.0027,0.0026,0.0066,0.0100,0.0019,0.0012,0.0020,0.0001,0.0134,0.1802,0.3859,0.0015,0.0220
0.0060,0.0211,0.0218,0.0434,0.1608,0.1840,0.0301,0.0233,0.0089,0.0042,0.0041,0.0001,0.0027,0.0015,0.0058,0.0029,0.0031,0.0138,0.0065,0.0033,0.0042,0.0003,0.0002,0.3859,0.0041,0.1947,0.0001
0.0063,0.0151,0.0139,0.0309,0.0288,0.0339,0.0104,0.0069,0.0048,0.0024,0.0029,0.0010,0.0022,0.0012,0.0037,0.0046,0.0030,0.0052,0.0061,0.0111,0.0075,0.0022,0.0065,0.0015,0.1947,0.1864,0.0025
0.0025,0.0073,0.0058,0.0093,0.0072,0.0068,0.0091,0.0055,0.0059,0.0035,0.0029,0.0014,0.0019,0.0015,0.0025,0.0029,0.0084,0.0055,0.0633,0.0700,0.2783,0.0952,0.0181,0.0220,0.0001,0.0025,0.0197