c1,c2,c3,c4,c5,c6,c7,c8,c9,c10,c11,c12,c13,c14,c15,c16,c17,c18,c19,c20,c21,c22,c23,c24,c25,c26,c27,c28,c29
0.0007,0.0418,0.0006,0.0697,0.0569,0.0478,0.0540,0.0637,0.0318,0.2120,0.0204,0.0065,0.0085,0.0031,0.0040,0.0045,0.0024,0.0020,0.0026,0.0042,0.0058,0.0026,0.0043,0.0026,0.0022,0.0034,0.0034,0.0021,0.0014
0.0418,0.0105,0.0164,0.0005,0.0416,0.0071,0.0098,0.0868,0.0286,0.0220,0.0085,0.0071,0.0082,0.0048,0.0060,0.0072,0.0049,0.0054,0.0065,0.0052,0.0070,0.0027,0.0050,0.0049,0.0031,0.0060,0.0047,0.0019,0.0013
0.0006,0.0164,0.0812,0.0448,0.0005,0.0064,0.0118,0.0403,0.0274,0.0197,0.0051,0.0049,0.0084,0.0044,0.0065,0.0090,0.0053,0.0047,0.0051,0.0050,0.0064,0.0047,0.0046,0.0055,0.0040,0.0099,0.0083,0.0052,0.0036
0.0697,0.0005,0.0448,0.0786,0.0750,0.0019,0.1179,0.1087,0.0173,0.0154,0.0090,0.0040,0.0039,0.0045,0.0048,0.0056,0.0031,0.0021,0.0023,0.0033,0.0036,0.0037,0.0048,0.0023,0.0021,0.0039,0.0044,0.0037,0.0039
0.0569,0.0416,0.0005,0.0750,0.0813,0.0124,0.0001,0.0145,0.0091,0.0042,0.0084,0.0070,0.0068,0.0059,0.0056,0.0056,0.0058,0.0071,0.0067,0.0057,0.0056,0.0041,0.0045,0.0052,0.0046,0.0111,0.0081,0.0042,0.0058
0.0478,0.0071,0.0064,0.0019,0.0124,0.0347,0.0072,0.0001,0.0055,0.0224,0.0072,0.0142,0.0112,0.0072,0.0058,0.0124,0.0091,0.0081,0.0078,0.0044,0.0062,0.0059,0.0074,0.0058,0.0066,0.0064,0.0097,0.0051,0.0047
0.0540,0.0098,0.0118,0.1179,0.0001,0.0072,0.0436,0.0103,0.0001,0.0027,0.0077,0.0056,0.0151,0.0118,0.0102,0.0082,0.0078,0.0067,0.0056,0.0072,0.0063,0.0043,0.0060,0.0053,0.0068,0.0100,0.0086,0.0066,0.0122
0.0637,0.0868,0.0403,0.1087,0.0145,0.0001,0.0103,0.0079,0.0023,0.0000,0.0019,0.0080,0.0063,0.0055,0.0076,0.0105,0.0060,0.0055,0.0081,0.0078,0.0113,0.0032,0.0038,0.0124,0.0132,0.0144,0.0115,0.0061,0.0058
0.0318,0.0286,0.0274,0.0173,0.0091,0.0055,0.0001,0.0023,0.0194,0.0025,0.0001,0.0032,0.0068,0.0034,0.0103,0.0145,0.0073,0.0078,0.0095,0.0090,0.0263,0.0080,0.0082,0.0271,0.0105,0.0132,0.0111,0.0074,0.0051
0.2120,0.0220,0.0197,0.0154,0.0042,0.0224,0.0027,0.0000,0.0025,0.0011,0.0043,0.0003,0.0038,0.0016,0.0048,0.0135,0.0077,0.0093,0.0159,0.0094,0.0120,0.0082,0.0079,0.0165,0.0334,0.0168,0.0165,0.0137,0.0124
0.0204,0.0085,0.0051,0.0090,0.0084,0.0072,0.0077,0.0019,0.0001,0.0043,0.0040,0.0156,0.0006,0.0024,0.0081,0.0103,0.0107,0.0207,0.0231,0.0148,0.0202,0.0156,0.0084,0.0166,0.0134,0.0088,0.0080,0.0058,0.0086
0.0065,0.0071,0.0049,0.0040,0.0070,0.0142,0.0056,0.0080,0.0032,0.0003,0.0156,0.0251,0.0319,0.0001,0.0080,0.0064,0.0045,0.0196,0.0139,0.0086,0.0182,0.0148,0.0144,0.0227,0.0104,0.0081,0.0079,0.0054,0.0068
0.0085,0.0082,0.0084,0.0039,0.0068,0.0112,0.0151,0.0063,0.0068,0.0038,0.0006,0.0319,0.0384,0.0073,0.0003,0.0088,0.0039,0.0086,0.0113,0.0091,0.0103,0.0127,0.0104,0.0121,0.0074,0.0101,0.0079,0.0050,0.0050
0.0031,0.0048,0.0044,0.0045,0.0059,0.0072,0.0118,0.0055,0.0034,0.0016,0.0024,0.0001,0.0073,0.0173,0.0129,0.0004,0.0103,0.0253,0.0304,0.1147,0.0321,0.0306,0.0188,0.0098,0.0117,0.0123,0.0089,0.0070,0.0047
0.0040,0.0060,0.0065,0.0048,0.0056,0.0058,0.0102,0.0076,0.0103,0.0048,0.0081,0.0080,0.0003,0.0129,0.0265,0.0066,0.0006,0.0105,0.0089,0.0133,0.0179,0.0180,0.0202,0.0068,0.0094,0.0081,0.0077,0.0099,0.0063
0.0045,0.0072,0.0090,0.0056,0.0056,0.0124,0.0082,0.0105,0.0145,0.0135,0.0103,0.0064,0.0088,0.0004,0.0066,0.0277,0.0218,0.0003,0.0143,0.0063,0.0047,0.0149,0.0105,0.0061,0.0087,0.0077,0.0094,0.0061,0.0068
0.0024,0.0049,0.0053,0.0031,0.0058,0.0091,0.0078,0.0060,0.0073,0.0077,0.0107,0.0045,0.0039,0.0103,0.0006,0.0218,0.3197,0.0766,0.0006,0.0136,0.0085,0.0076,0.0093,0.0046,0.0057,0.0048,0.0066,0.0072,0.0074
0.0020,0.0054,0.0047,0.0021,0.0071,0.0081,0.0067,0.0055,0.0078,0.0093,0.0207,0.0196,0.0086,0.0253,0.0105,0.0003,0.0766,0.0692,0.0380,0.0006,0.0091,0.0106,0.0034,0.0039,0.0084,0.0048,0.0090,0.0035,0.0048
0.0026,0.0065,0.0051,0.0023,0.0067,0.0078,0.0056,0.0081,0.0095,0.0159,0.0231,0.0139,0.0113,0.0304,0.0089,0.0143,0.0006,0.0380,0.0362,0.0321,0.0001,0.0150,0.0067,0.0023,0.0066,0.0056,0.0086,0.0058,0.0058
0.0042,0.0052,0.0050,0.0033,0.0057,0.0044,0.0072,0.0078,0.0090,0.0094,0.0148,0.0086,0.0091,0.1147,0.0133,0.0063,0.0136,0.0006,0.0321,0.0336,0.0028,0.0002,0.0048,0.0040,0.0050,0.0128,0.0160,0.0151,0.0065
0.0058,0.0070,0.0064,0.0036,0.0056,0.0062,0.0063,0.0113,0.0263,0.0120,0.0202,0.0182,0.0103,0.0321,0.0179,0.0047,0.0085,0.0091,0.0001,0.0028,0.0003,0.0144,0.0003,0.0060,0.0154,0.0126,0.0246,0.0569,0.0208
0.0026,0.0027,0.0047,0.0037,0.0041,0.0059,0.0043,0.0032,0.0080,0.0082,0.0156,0.0148,0.0127,0.0306,0.0180,0.0149,0.0076,0.0106,0.0150,0.0002,0.0144,0.0297,0.0027,0.0004,0.0087,0.0097,0.0123,0.0281,0.0264
0.0043,0.0050,0.0046,0.0048,0.0045,0.0074,0.0060,0.0038,0.0082,0.0079,0.0084,0.0144,0.0104,0.0188,0.0202,0.0105,0.0093,0.0034,0.0067,0.0048,0.0003,0.0027,0.0016,0.0396,0.0011,0.0133,0.0180,0.0388,0.0860
0.0026,0.0049,0.0055,0.0023,0.0052,0.0058,0.0053,0.0124,0.0271,0.0165,0.0166,0.0227,0.0121,0.0098,0.0068,0.0061,0.0046,0.0039,0.0023,0.0040,0.0060,0.0004,0.0396,0.0903,0.0269,0.0003,0.0146,0.0072,0.0173
0.0022,0.0031,0.0040,0.0021,0.0046,0.0066,0.0068,0.0132,0.0105,0.0334,0.0134,0.0104,0.0074,0.0117,0.0094,0.0087,0.0057,0.0084,0.0066,0.0050,0.0154,0.0087,0.0011,0.0269,0.0195,0.0233,0.0003,0.0085,0.0147
0.0034,0.0060,0.0099,0.0039,0.0111,0.0064,0.0100,0.0144,0.0132,0.0168,0.0088,0.0081,0.0101,0.0123,0.0081,0.0077,0.0048,0.0048,0.0056,0.0128,0.0126,0.0097,0.0133,0.0003,0.0233,0.0309,0.0038,0.0003,0.0088
0.0034,0.0047,0.0083,0.0044,0.0081,0.0097,0.0086,0.0115,0.0111,0.0165,0.0080,0.0079,0.0079,0.0089,0.0077,0.0094,0.0066,0.0090,0.0086,0.0160,0.0246,0.0123,0.0180,0.0146,0.0003,0.0038,0.0041,0.0107,0.0006
0.0021,0.0019,0.0052,0.0037,0.0042,0.0051,0.0066,0.0061,0.0074,0.0137,0.0058,0.0054,0.0050,0.0070,0.0099,0.0061,0.0072,0.0035,0.0058,0.0151,0.0569,0.0281,0.0388,0.0072,0.0085,0.0003,0.0107,0.0523,0.0084
0.0014,0.0013,0.0036,0.0039,0.0058,0.0047,0.0122,0.0058,0.0051,0.0124,0.0086,0.0068,0.0050,0.0047,0.0063,0.0068,0.0074,0.0048,0.0058,0.0065,0.0208,0.0264,0.0860,0.0173,0.0147,0.0088,0.0006,0.0084,0.0354