c1,c2,c3,c4,c5,c6,c7,c8,c9,c10,c11,c12,c13,c14,c15,c16,c17,c18,c19,c20,c21,c22,c23,c24,c25,c26,c27,c28,c29
0.0024,0.0307,0.0005,0.0591,0.0454,0.0885,0.0513,0.0646,0.0326,0.1217,0.0224,0.0078,0.0049,0.0046,0.0033,0.0040,0.0028,0.0017,0.0023,0.0049,0.0046,0.0027,0.0042,0.0025,0.0033,0.0020,0.0028,0.0024,0.0019
0.0307,0.0424,0.0212,0.0003,0.0353,0.0068,0.0095,0.0655,0.0333,0.0162,0.0072,0.0067,0.0057,0.0074,0.0055,0.0073,0.0064,0.0057,0.0044,0.0046,0.0040,0.0036,0.0067,0.0039,0.0032,0.0047,0.0045,0.0024,0.0018
0.0005,0.0212,0.1019,0.0323,0.0005,0.0024,0.0089,0.0427,0.0395,0.0230,0.0081,0.0056,0.0053,0.0063,0.0067,0.0084,0.0053,0.0042,0.0036,0.0052,0.0049,0.0051,0.0062,0.0047,0.0069,0.0076,0.0078,0.0068,0.0046
0.0591,0.0003,0.0323,0.0507,0.0476,0.0017,0.1195,0.0936,0.0263,0.0200,0.0100,0.0039,0.0037,0.0044,0.0044,0.0049,0.0030,0.0019,0.0017,0.0037,0.0035,0.0042,0.0076,0.0038,0.0036,0.0038,0.0051,0.0047,0.0038
0.0454,0.0353,0.0005,0.0476,0.0737,0.0134,0.0001,0.0107,0.0159,0.0051,0.0099,0.0058,0.0063,0.0065,0.0064,0.0056,0.0061,0.0074,0.0051,0.0065,0.0045,0.0044,0.0062,0.0067,0.0052,0.0071,0.0090,0.0064,0.0082
0.0885,0.0068,0.0024,0.0017,0.0134,0.0171,0.0043,0.0001,0.0028,0.0175,0.0031,0.0116,0.0101,0.0109,0.0082,0.0079,0.0155,0.0080,0.0074,0.0078,0.0082,0.0079,0.0191,0.0106,0.0086,0.0081,0.0092,0.0079,0.0067
0.0513,0.0095,0.0089,0.1195,0.0001,0.0043,0.0330,0.0099,0.0001,0.0048,0.0101,0.0057,0.0119,0.0130,0.0104,0.0063,0.0054,0.0091,0.0055,0.0061,0.0041,0.0056,0.0102,0.0082,0.0125,0.0091,0.0096,0.0052,0.0118
0.0646,0.0655,0.0427,0.0936,0.0107,0.0001,0.0099,0.0096,0.0021,0.0001,0.0029,0.0109,0.0055,0.0094,0.0094,0.0096,0.0050,0.0056,0.0074,0.0075,0.0053,0.0081,0.0065,0.0126,0.0111,0.0093,0.0088,0.0047,0.0049
0.0326,0.0333,0.0395,0.0263,0.0159,0.0028,0.0001,0.0021,0.0102,0.0011,0.0001,0.0028,0.0081,0.0069,0.0124,0.0131,0.0085,0.0079,0.0069,0.0106,0.0087,0.0189,0.0102,0.0810,0.0117,0.0106,0.0099,0.0061,0.0041
0.1217,0.0162,0.0230,0.0200,0.0051,0.0175,0.0048,0.0001,0.0011,0.0023,0.0008,0.0005,0.0045,0.0035,0.0049,0.0204,0.0109,0.0085,0.0098,0.0105,0.0059,0.0157,0.0419,0.0278,0.0110,0.0082,0.0074,0.0086,0.0084
0.0224,0.0072,0.0081,0.0100,0.0099,0.0031,0.0101,0.0029,0.0001,0.0008,0.0046,0.0074,0.0007,0.0041,0.0095,0.0214,0.0230,0.0140,0.0194,0.0144,0.0099,0.0227,0.0281,0.0368,0.0097,0.0086,0.0080,0.0061,0.0052
0.0078,0.0067,0.0056,0.0039,0.0058,0.0116,0.0057,0.0109,0.0028,0.0005,0.0074,0.0222,0.0290,0.0001,0.0025,0.0125,0.0071,0.0156,0.0116,0.0130,0.0230,0.0129,0.0270,0.0436,0.0091,0.0059,0.0059,0.0045,0.0060
0.0049,0.0057,0.0053,0.0037,0.0063,0.0101,0.0119,0.0055,0.0081,0.0045,0.0007,0.0290,0.0306,0.0074,0.0002,0.0067,0.0082,0.0065,0.0109,0.0119,0.0189,0.0161,0.0217,0.0239,0.0071,0.0065,0.0063,0.0050,0.0075
0.0046,0.0074,0.0063,0.0044,0.0065,0.0109,0.0130,0.0094,0.0069,0.0035,0.0041,0.0001,0.0074,0.0058,0.0022,0.0003,0.0069,0.0472,0.0248,0.0607,0.0205,0.0298,0.0262,0.0332,0.0081,0.0078,0.0063,0.0048,0.0048
0.0033,0.0055,0.0067,0.0044,0.0064,0.0082,0.0104,0.0094,0.0124,0.0049,0.0095,0.0025,0.0002,0.0022,0.0075,0.0072,0.0008,0.0121,0.0100,0.0261,0.0607,0.0334,0.0423,0.0124,0.0086,0.0069,0.0073,0.0065,0.0079
0.0040,0.0073,0.0084,0.0049,0.0056,0.0079,0.0063,0.0096,0.0131,0.0204,0.0214,0.0125,0.0067,0.0003,0.0072,0.0174,0.0306,0.0003,0.0096,0.0086,0.0105,0.0117,0.0147,0.0067,0.0067,0.0064,0.0060,0.0061,0.0072
0.0028,0.0064,0.0053,0.0030,0.0061,0.0155,0.0054,0.0050,0.0085,0.0109,0.0230,0.0071,0.0082,0.0069,0.0008,0.0306,0.2025,0.0327,0.0010,0.0095,0.0057,0.0040,0.0088,0.0095,0.0055,0.0041,0.0044,0.0048,0.0048
0.0017,0.0057,0.0042,0.0019,0.0074,0.0080,0.0091,0.0056,0.0079,0.0085,0.0140,0.0156,0.0065,0.0472,0.0121,0.0003,0.0327,0.1858,0.0262,0.0009,0.0164,0.0056,0.0046,0.0056,0.0052,0.0035,0.0079,0.0041,0.0056
0.0023,0.0044,0.0036,0.0017,0.0051,0.0074,0.0055,0.0074,0.0069,0.0098,0.0194,0.0116,0.0109,0.0248,0.0100,0.0096,0.0010,0.0262,0.0369,0.0270,0.0006,0.0190,0.0127,0.0041,0.0111,0.0042,0.0096,0.0043,0.0043
0.0049,0.0046,0.0052,0.0037,0.0065,0.0078,0.0061,0.0075,0.0106,0.0105,0.0144,0.0130,0.0119,0.0607,0.0261,0.0086,0.0095,0.0009,0.0270,0.0157,0.0026,0.0002,0.0032,0.0043,0.0062,0.0103,0.0131,0.0078,0.0073
0.0046,0.0040,0.0049,0.0035,0.0045,0.0082,0.0041,0.0053,0.0087,0.0059,0.0099,0.0230,0.0189,0.0205,0.0607,0.0105,0.0057,0.0164,0.0006,0.0026,0.0020,0.0106,0.0000,0.0077,0.0221,0.0124,0.0381,0.0316,0.0390
0.0027,0.0036,0.0051,0.0042,0.0044,0.0079,0.0056,0.0081,0.0189,0.0157,0.0227,0.0129,0.0161,0.0298,0.0334,0.0117,0.0040,0.0056,0.0190,0.0002,0.0106,0.0524,0.0012,0.0001,0.0048,0.0084,0.0097,0.0193,0.0130
0.0042,0.0067,0.0062,0.0076,0.0062,0.0191,0.0102,0.0065,0.0102,0.0419,0.0281,0.0270,0.0217,0.0262,0.0423,0.0147,0.0088,0.0046,0.0127,0.0032,0.0000,0.0012,0.0010,0.0037,0.0005,0.0065,0.0087,0.0196,0.0530
0.0025,0.0039,0.0047,0.0038,0.0067,0.0106,0.0082,0.0126,0.0810,0.0278,0.0368,0.0436,0.0239,0.0332,0.0124,0.0067,0.0095,0.0056,0.0041,0.0043,0.0077,0.0001,0.0037,0.0075,0.0108,0.0002,0.0077,0.0038,0.0079
0.0033,0.0032,0.0069,0.0036,0.0052,0.0086,0.0125,0.0111,0.0117,0.0110,0.0097,0.0091,0.0071,0.0081,0.0086,0.0067,0.0055,0.0052,0.0111,0.0062,0.0221,0.0048,0.0005,0.0108,0.0775,0.0433,0.0001,0.0117,0.0138
0.0020,0.0047,0.0076,0.0038,0.0071,0.0081,0.0091,0.0093,0.0106,0.0082,0.0086,0.0059,0.0065,0.0078,0.0069,0.0064,0.0041,0.0035,0.0042,0.0103,0.0124,0.0084,0.0065,0.0002,0.0433,0.1000,0.0277,0.0011,0.0305
0.0028,0.0045,0.0078,0.0051,0.0090,0.0092,0.0096,0.0088,0.0099,0.0074,0.0080,0.0059,0.0063,0.0063,0.0073,0.0060,0.0044,0.0079,0.0096,0.0131,0.0381,0.0097,0.0087,0.0077,0.0001,0.0277,0.0130,0.0476,0.0009
0.0024,0.0024,0.0068,0.0047,0.0064,0.0079,0.0052,0.0047,0.0061,0.0086,0.0061,0.0045,0.0050,0.0048,0.0065,0.0061,0.0048,0.0041,0.0043,0.0078,0.0316,0.0193,0.0196,0.0038,0.0117,0.0011,0.0476,0.0970,0.0087
0.0019,0.0018,0.0046,0.0038,0.0082,0.0067,0.0118,0.0049,0.0041,0.0084,0.0052,0.0060,0.0075,0.0048,0.0079,0.0072,0.0048,0.0056,0.0043,0.0073,0.0390,0.0130,0.0530,0.0079,0.0138,0.0305,0.0009,0.0087,0.0192