c1,c2,c3,c4,c5,c6,c7,c8,c9,c10,c11,c12,c13,c14,c15,c16,c17,c18,c19,c20,c21,c22,c23,c24,c25,c26,c27,c28,c29
0.0025,0.0366,0.0006,0.0398,0.0253,0.0383,0.0923,0.0559,0.0431,0.1281,0.0085,0.0058,0.0046,0.0070,0.0039,0.0029,0.0035,0.0027,0.0031,0.0038,0.0045,0.0038,0.0054,0.0028,0.0029,0.0022,0.0029,0.0029,0.0020
0.0366,0.0453,0.0190,0.0008,0.0269,0.0139,0.0145,0.0459,0.0230,0.0306,0.0060,0.0075,0.0054,0.0049,0.0032,0.0028,0.0059,0.0077,0.0065,0.0045,0.0036,0.0035,0.0047,0.0051,0.0034,0.0034,0.0042,0.0025,0.0021
0.0006,0.0190,0.0628,0.0456,0.0005,0.0083,0.0193,0.0331,0.0293,0.0338,0.0079,0.0065,0.0052,0.0056,0.0054,0.0063,0.0051,0.0044,0.0045,0.0048,0.0052,0.0044,0.0039,0.0048,0.0053,0.0063,0.0062,0.0052,0.0043
0.0398,0.0008,0.0456,0.0647,0.1067,0.0093,0.0860,0.0411,0.0266,0.0204,0.0048,0.0040,0.0044,0.0054,0.0040,0.0044,0.0030,0.0027,0.0017,0.0035,0.0032,0.0037,0.0038,0.0027,0.0031,0.0030,0.0040,0.0035,0.0037
0.0253,0.0269,0.0005,0.1067,0.1346,0.0126,0.0002,0.0156,0.0176,0.0088,0.0113,0.0068,0.0079,0.0061,0.0046,0.0053,0.0061,0.0069,0.0060,0.0044,0.0035,0.0034,0.0036,0.0047,0.0047,0.0061,0.0066,0.0044,0.0068
0.0383,0.0139,0.0083,0.0093,0.0126,0.0339,0.0101,0.0002,0.0103,0.0586,0.0072,0.0124,0.0105,0.0132,0.0055,0.0055,0.0083,0.0082,0.0050,0.0038,0.0036,0.0047,0.0037,0.0036,0.0051,0.0047,0.0061,0.0041,0.0038
0.0923,0.0145,0.0193,0.0860,0.0002,0.0101,0.0455,0.0103,0.0004,0.0071,0.0097,0.0090,0.0124,0.0110,0.0073,0.0054,0.0068,0.0055,0.0040,0.0038,0.0037,0.0032,0.0034,0.0043,0.0065,0.0071,0.0065,0.0047,0.0082
0.0559,0.0459,0.0331,0.0411,0.0156,0.0002,0.0103,0.0186,0.0075,0.0019,0.0031,0.0121,0.0056,0.0093,0.0068,0.0062,0.0045,0.0033,0.0046,0.0055,0.0070,0.0036,0.0036,0.0065,0.0069,0.0075,0.0075,0.0044,0.0060
0.0431,0.0230,0.0293,0.0266,0.0176,0.0103,0.0004,0.0075,0.0042,0.0057,0.0005,0.0061,0.0098,0.0034,0.0088,0.0088,0.0091,0.0063,0.0045,0.0072,0.0174,0.0034,0.0035,0.0088,0.0085,0.0115,0.0067,0.0053,0.0050
0.1281,0.0306,0.0338,0.0204,0.0088,0.0586,0.0071,0.0019,0.0057,0.0024,0.0012,0.0039,0.0090,0.0035,0.0053,0.0094,0.0098,0.0080,0.0055,0.0050,0.0039,0.0023,0.0020,0.0076,0.0064,0.0065,0.0052,0.0059,0.0061
0.0085,0.0060,0.0079,0.0048,0.0113,0.0072,0.0097,0.0031,0.0005,0.0012,0.0144,0.0360,0.0019,0.0050,0.0102,0.0092,0.0175,0.0157,0.0098,0.0083,0.0114,0.0087,0.0050,0.0304,0.0087,0.0066,0.0054,0.0059,0.0061
0.0058,0.0075,0.0065,0.0040,0.0068,0.0124,0.0090,0.0121,0.0061,0.0039,0.0360,0.0350,0.0384,0.0005,0.0043,0.0093,0.0058,0.0089,0.0046,0.0057,0.0056,0.0069,0.0090,0.0109,0.0074,0.0054,0.0049,0.0042,0.0054
0.0046,0.0054,0.0052,0.0044,0.0079,0.0105,0.0124,0.0056,0.0098,0.0090,0.0019,0.0384,0.0404,0.0208,0.0002,0.0070,0.0063,0.0130,0.0081,0.0079,0.0074,0.0108,0.0098,0.0120,0.0063,0.0054,0.0047,0.0041,0.0048
0.0070,0.0049,0.0056,0.0054,0.0061,0.0132,0.0110,0.0093,0.0034,0.0035,0.0050,0.0005,0.0208,0.0241,0.0197,0.0005,0.0066,0.0105,0.0134,0.0235,0.0161,0.0167,0.0094,0.0081,0.0082,0.0085,0.0054,0.0052,0.0047
0.0039,0.0032,0.0054,0.0040,0.0046,0.0055,0.0073,0.0068,0.0088,0.0053,0.0102,0.0043,0.0002,0.0197,0.0203,0.0320,0.0018,0.0052,0.0184,0.0170,0.0375,0.0182,0.0169,0.0088,0.0070,0.0067,0.0052,0.0052,0.0060
0.0029,0.0028,0.0063,0.0044,0.0053,0.0055,0.0054,0.0062,0.0088,0.0094,0.0092,0.0093,0.0070,0.0005,0.0320,0.0104,0.1308,0.0009,0.0110,0.0096,0.0170,0.0120,0.0134,0.0077,0.0078,0.0064,0.0057,0.0056,0.0054
0.0035,0.0059,0.0051,0.0030,0.0061,0.0083,0.0068,0.0045,0.0091,0.0098,0.0175,0.0058,0.0063,0.0066,0.0018,0.1308,0.0956,0.0361,0.0003,0.0082,0.0071,0.0044,0.0069,0.0049,0.0091,0.0054,0.0066,0.0049,0.0063
0.0027,0.0077,0.0044,0.0027,0.0069,0.0082,0.0055,0.0033,0.0063,0.0080,0.0157,0.0089,0.0130,0.0105,0.0052,0.0009,0.0361,0.1425,0.1218,0.0008,0.0085,0.0065,0.0032,0.0053,0.0117,0.0053,0.0088,0.0035,0.0036
0.0031,0.0065,0.0045,0.0017,0.0060,0.0050,0.0040,0.0046,0.0045,0.0055,0.0098,0.0046,0.0081,0.0134,0.0184,0.0110,0.0003,0.1218,0.1177,0.2254,0.0002,0.0184,0.0122,0.0036,0.0136,0.0050,0.0115,0.0042,0.0027
0.0038,0.0045,0.0048,0.0035,0.0044,0.0038,0.0038,0.0055,0.0072,0.0050,0.0083,0.0057,0.0079,0.0235,0.0170,0.0096,0.0082,0.0008,0.2254,0.0368,0.0091,0.0003,0.0055,0.0083,0.0077,0.0145,0.0239,0.0096,0.0046
0.0045,0.0036,0.0052,0.0032,0.0035,0.0036,0.0037,0.0070,0.0174,0.0039,0.0114,0.0056,0.0074,0.0161,0.0375,0.0170,0.0071,0.0085,0.0002,0.0091,0.0010,0.0583,0.0003,0.0122,0.0402,0.0157,0.0441,0.0279,0.0079
0.0038,0.0035,0.0044,0.0037,0.0034,0.0047,0.0032,0.0036,0.0034,0.0023,0.0087,0.0069,0.0108,0.0167,0.0182,0.0120,0.0044,0.0065,0.0184,0.0003,0.0583,0.0681,0.0070,0.0008,0.0092,0.0143,0.0157,0.0318,0.0311
0.0054,0.0047,0.0039,0.0038,0.0036,0.0037,0.0034,0.0036,0.0035,0.0020,0.0050,0.0090,0.0098,0.0094,0.0169,0.0134,0.0069,0.0032,0.0122,0.0055,0.0003,0.0070,0.0065,0.0575,0.0022,0.0299,0.0374,0.0362,0.0910
0.0028,0.0051,0.0048,0.0027,0.0047,0.0036,0.0043,0.0065,0.0088,0.0076,0.0304,0.0109,0.0120,0.0081,0.0088,0.0077,0.0049,0.0053,0.0036,0.0083,0.0122,0.0008,0.0575,0.1129,0.0257,0.0003,0.0087,0.0090,0.0144
0.0029,0.0034,0.0053,0.0031,0.0047,0.0051,0.0065,0.0069,0.0085,0.0064,0.0087,0.0074,0.0063,0.0082,0.0070,0.0078,0.0091,0.0117,0.0136,0.0077,0.0402,0.0092,0.0022,0.0257,0.0440,0.0230,0.0001,0.0070,0.0121
0.0022,0.0034,0.0063,0.0030,0.0061,0.0047,0.0071,0.0075,0.0115,0.0065,0.0066,0.0054,0.0054,0.0085,0.0067,0.0064,0.0054,0.0053,0.0050,0.0145,0.0157,0.0143,0.0299,0.0003,0.0230,0.0961,0.0226,0.0008,0.0307
0.0029,0.0042,0.0062,0.0040,0.0066,0.0061,0.0065,0.0075,0.0067,0.0052,0.0054,0.0049,0.0047,0.0054,0.0052,0.0057,0.0066,0.0088,0.0115,0.0239,0.0441,0.0157,0.0374,0.0087,0.0001,0.0226,0.0187,0.0540,0.0010
0.0029,0.0025,0.0052,0.0035,0.0044,0.0041,0.0047,0.0044,0.0053,0.0059,0.0059,0.0042,0.0041,0.0052,0.0052,0.0056,0.0049,0.0035,0.0042,0.0096,0.0279,0.0318,0.0362,0.0090,0.0070,0.0008,0.0540,0.1476,0.0215
0.0020,0.0021,0.0043,0.0037,0.0068,0.0038,0.0082,0.0060,0.0050,0.0061,0.0061,0.0054,0.0048,0.0047,0.0060,0.0054,0.0063,0.0036,0.0027,0.0046,0.0079,0.0311,0.0910,0.0144,0.0121,0.0307,0.0010,0.0215,0.0926