c1,c2,c3,c4,c5,c6,c7,c8,c9,c10,c11,c12,c13,c14,c15,c16,c17,c18,c19,c20,c21,c22,c23,c24,c25,c26,c27,c28,c29
0.0001,0.0556,0.0094,0.1511,0.0654,0.1957,0.1583,0.4705,0.0316,0.0852,0.0208,0.0100,0.0081,0.0026,0.0017,0.0025,0.0017,0.0014,0.0011,0.0017,0.0017,0.0018,0.0014,0.0030,0.0029,0.0028,0.0029,0.0019,0.0023
0.0556,0.0332,0.2944,0.0121,0.0037,0.0146,0.0241,0.0896,0.0150,0.0106,0.0023,0.0041,0.0061,0.0019,0.0022,0.0034,0.0039,0.0050,0.0077,0.0048,0.0032,0.0039,0.0033,0.0070,0.0028,0.0050,0.0052,0.0017,0.0014
0.0094,0.2944,0.4747,0.6008,0.0004,0.0177,0.0068,0.0063,0.0171,0.0096,0.0059,0.0029,0.0041,0.0024,0.0027,0.0031,0.0029,0.0030,0.0038,0.0038,0.0042,0.0035,0.0032,0.0037,0.0047,0.0044,0.0042,0.0036,0.0025
0.1511,0.0121,0.6008,0.6747,0.0586,0.0008,0.0015,0.0016,0.0047,0.0062,0.0050,0.0036,0.0049,0.0025,0.0028,0.0029,0.0032,0.0032,0.0035,0.0042,0.0037,0.0040,0.0040,0.0037,0.0059,0.0065,0.0054,0.0040,0.0052
0.0654,0.0037,0.0004,0.0586,0.2277,0.0385,0.0001,0.0029,0.0095,0.0054,0.0230,0.0143,0.0142,0.0065,0.0042,0.0038,0.0069,0.0059,0.0056,0.0047,0.0040,0.0045,0.0040,0.0087,0.0066,0.0102,0.0080,0.0044,0.0051
0.1957,0.0146,0.0177,0.0008,0.0385,0.1974,0.0548,0.0000,0.0046,0.0018,0.0060,0.0099,0.0138,0.0064,0.0041,0.0049,0.0062,0.0061,0.0069,0.0046,0.0048,0.0051,0.0046,0.0073,0.0099,0.0066,0.0079,0.0050,0.0046
0.1583,0.0241,0.0068,0.0015,0.0001,0.0548,0.8151,0.0015,0.0006,0.0013,0.0089,0.0024,0.0105,0.0038,0.0035,0.0045,0.0043,0.0044,0.0065,0.0045,0.0038,0.0055,0.0044,0.0083,0.0148,0.0179,0.0139,0.0097,0.0128
0.4705,0.0896,0.0063,0.0016,0.0029,0.0000,0.0015,0.2776,0.0070,0.0008,0.0021,0.0003,0.0019,0.0021,0.0024,0.0101,0.0150,0.0049,0.0113,0.0129,0.0142,0.0147,0.0065,0.0062,0.0217,0.0192,0.0268,0.0121,0.0521
0.0316,0.0150,0.0171,0.0047,0.0095,0.0046,0.0006,0.0070,0.2194,0.0008,0.0003,0.0012,0.0007,0.0027,0.0054,0.0088,0.0069,0.0080,0.0051,0.0055,0.0082,0.0102,0.0091,0.0262,0.0180,0.0269,0.0169,0.0180,0.0188
0.0852,0.0106,0.0096,0.0062,0.0054,0.0018,0.0013,0.0008,0.0008,0.1058,0.0015,0.0001,0.0015,0.0009,0.0108,0.0197,0.0080,0.0045,0.0088,0.0043,0.0141,0.0236,0.0442,0.0251,0.0257,0.0091,0.0125,0.0244,0.0415
0.0208,0.0023,0.0059,0.0050,0.0230,0.0060,0.0089,0.0021,0.0003,0.0015,0.1455,0.1062,0.0004,0.0024,0.0020,0.0092,0.0199,0.0119,0.0043,0.0049,0.0049,0.0076,0.0172,0.0612,0.0180,0.0074,0.0051,0.0054,0.0108
0.0100,0.0041,0.0029,0.0036,0.0143,0.0099,0.0024,0.0003,0.0012,0.0001,0.1062,0.1698,0.0079,0.0001,0.0003,0.0025,0.0091,0.0417,0.0150,0.0161,0.0284,0.0164,0.0409,0.0792,0.0340,0.0117,0.0101,0.0077,0.0154
0.0081,0.0061,0.0041,0.0049,0.0142,0.0138,0.0105,0.0019,0.0007,0.0015,0.0004,0.0079,0.0422,0.0575,0.0005,0.0038,0.0021,0.0026,0.0077,0.0221,0.0144,0.0281,0.0312,0.0308,0.0134,0.0106,0.0141,0.0088,0.0115
0.0026,0.0019,0.0024,0.0025,0.0065,0.0064,0.0038,0.0021,0.0027,0.0009,0.0024,0.0001,0.0575,0.1210,0.0749,0.0005,0.0058,0.0040,0.0117,0.0490,0.0535,0.0337,0.0553,0.0200,0.0085,0.0129,0.0126,0.0119,0.0092
0.0017,0.0022,0.0027,0.0028,0.0042,0.0041,0.0035,0.0024,0.0054,0.0108,0.0020,0.0003,0.0005,0.0749,0.0167,0.0792,0.0002,0.0095,0.0087,0.0361,0.1464,0.0711,0.0961,0.0200,0.0072,0.0085,0.0116,0.0104,0.0052
0.0025,0.0034,0.0031,0.0029,0.0038,0.0049,0.0045,0.0101,0.0088,0.0197,0.0092,0.0025,0.0038,0.0005,0.0792,0.0344,0.0799,0.0004,0.0159,0.0056,0.0034,0.0143,0.0370,0.0112,0.0106,0.0099,0.0077,0.0091,0.0072
0.0017,0.0039,0.0029,0.0032,0.0069,0.0062,0.0043,0.0150,0.0069,0.0080,0.0199,0.0091,0.0021,0.0058,0.0002,0.0799,0.1573,0.0928,0.0011,0.0194,0.0071,0.0069,0.0144,0.0101,0.0053,0.0081,0.0048,0.0052,0.0046
0.0014,0.0050,0.0030,0.0032,0.0059,0.0061,0.0044,0.0049,0.0080,0.0045,0.0119,0.0417,0.0026,0.0040,0.0095,0.0004,0.0928,0.1615,0.0465,0.0007,0.0421,0.0086,0.0047,0.0092,0.0049,0.0064,0.0102,0.0077,0.0056
0.0011,0.0077,0.0038,0.0035,0.0056,0.0069,0.0065,0.0113,0.0051,0.0088,0.0043,0.0150,0.0077,0.0117,0.0087,0.0159,0.0011,0.0465,0.0376,0.0216,0.0017,0.0099,0.0028,0.0040,0.0101,0.0063,0.0114,0.0098,0.0077
0.0017,0.0048,0.0038,0.0042,0.0047,0.0046,0.0045,0.0129,0.0055,0.0043,0.0049,0.0161,0.0221,0.0490,0.0361,0.0056,0.0194,0.0007,0.0216,0.0123,0.0176,0.0008,0.0052,0.0054,0.0060,0.0171,0.0083,0.0122,0.0052
0.0017,0.0032,0.0042,0.0037,0.0040,0.0048,0.0038,0.0142,0.0082,0.0141,0.0049,0.0284,0.0144,0.0535,0.1464,0.0034,0.0071,0.0421,0.0017,0.0176,0.0613,0.0174,0.0000,0.0007,0.0039,0.0054,0.0150,0.0127,0.0068
0.0018,0.0039,0.0035,0.0040,0.0045,0.0051,0.0055,0.0147,0.0102,0.0236,0.0076,0.0164,0.0281,0.0337,0.0711,0.0143,0.0069,0.0086,0.0099,0.0008,0.0174,0.0238,0.0014,0.0002,0.0060,0.0051,0.0044,0.0171,0.0062
0.0014,0.0033,0.0032,0.0040,0.0040,0.0046,0.0044,0.0065,0.0091,0.0442,0.0172,0.0409,0.0312,0.0553,0.0961,0.0370,0.0144,0.0047,0.0028,0.0052,0.0000,0.0014,0.0058,0.0473,0.0001,0.0030,0.0054,0.0480,0.0469
0.0030,0.0070,0.0037,0.0037,0.0087,0.0073,0.0083,0.0062,0.0262,0.0251,0.0612,0.0792,0.0308,0.0200,0.0200,0.0112,0.0101,0.0092,0.0040,0.0054,0.0007,0.0002,0.0473,0.0277,0.0141,0.0002,0.0031,0.0007,0.0036
0.0029,0.0028,0.0047,0.0059,0.0066,0.0099,0.0148,0.0217,0.0180,0.0257,0.0180,0.0340,0.0134,0.0085,0.0072,0.0106,0.0053,0.0049,0.0101,0.0060,0.0039,0.0060,0.0001,0.0141,0.0160,0.0455,0.0001,0.0042,0.0183
0.0028,0.0050,0.0044,0.0065,0.0102,0.0066,0.0179,0.0192,0.0269,0.0091,0.0074,0.0117,0.0106,0.0129,0.0085,0.0099,0.0081,0.0064,0.0063,0.0171,0.0054,0.0051,0.0030,0.0002,0.0455,0.0372,0.0119,0.0004,0.0031
0.0029,0.0052,0.0042,0.0054,0.0080,0.0079,0.0139,0.0268,0.0169,0.0125,0.0051,0.0101,0.0141,0.0126,0.0116,0.0077,0.0048,0.0102,0.0114,0.0083,0.0150,0.0044,0.0054,0.0031,0.0001,0.0119,0.0117,0.0163,0.0028
0.0019,0.0017,0.0036,0.0040,0.0044,0.0050,0.0097,0.0121,0.0180,0.0244,0.0054,0.0077,0.0088,0.0119,0.0104,0.0091,0.0052,0.0077,0.0098,0.0122,0.0127,0.0171,0.0480,0.0007,0.0042,0.0004,0.0163,0.0291,0.0089
0.0023,0.0014,0.0025,0.0052,0.0051,0.0046,0.0128,0.0521,0.0188,0.0415,0.0108,0.0154,0.0115,0.0092,0.0052,0.0072,0.0046,0.0056,0.0077,0.0052,0.0068,0.0062,0.0469,0.0036,0.0183,0.0031,0.0028,0.0089,0.0014