c1,c2,c3,c4,c5,c6,c7,c8,c9,c10,c11,c12,c13,c14,c15,c16,c17,c18,c19,c20
0.0001,0.0058,0.0003,0.0210,0.0297,0.0311,0.0171,0.0189,0.0179,0.0064,0.0162,0.0206,0.0088,0.0048,0.0082,0.0007,0.0120,0.0137,0.0098,0.0109
0.0058,0.0318,0.0152,0.0011,0.0182,0.0173,0.0020,0.0062,0.0059,0.0034,0.0085,0.0086,0.0056,0.0078,0.0075,0.0028,0.0085,0.0092,0.0068,0.0123
0.0003,0.0152,0.0296,0.0097,0.0005,0.0121,0.0357,0.0054,0.0106,0.0035,0.0080,0.0102,0.0078,0.0149,0.0110,0.0073,0.0087,0.0063,0.0070,0.0069
0.0210,0.0011,0.0097,0.0186,0.0039,0.0003,0.0067,0.0233,0.0051,0.0156,0.0099,0.0180,0.0074,0.0107,0.0129,0.0074,0.0114,0.0067,0.0041,0.0048
0.0297,0.0182,0.0005,0.0039,0.0052,0.0023,0.0004,0.0143,0.0317,0.0048,0.0100,0.0032,0.0087,0.0110,0.0234,0.0301,0.0141,0.0108,0.0057,0.0056
0.0311,0.0173,0.0121,0.0003,0.0023,0.0028,0.0063,0.0004,0.0023,0.0258,0.0081,0.0086,0.0126,0.0239,0.0288,0.0129,0.0104,0.0095,0.0099,0.0095
0.0171,0.0020,0.0357,0.0067,0.0004,0.0063,0.0227,0.0108,0.0004,0.0031,0.0492,0.0079,0.0233,0.0084,0.0209,0.0040,0.0076,0.0062,0.0065,0.0078
0.0189,0.0062,0.0054,0.0233,0.0143,0.0004,0.0108,0.0106,0.0028,0.0004,0.0247,0.0349,0.0050,0.0285,0.0157,0.0068,0.0074,0.0043,0.0049,0.0056
0.0179,0.0059,0.0106,0.0051,0.0317,0.0023,0.0004,0.0028,0.0036,0.0049,0.0007,0.0093,0.0854,0.0120,0.0176,0.0102,0.0199,0.0078,0.0063,0.0089
0.0064,0.0034,0.0035,0.0156,0.0048,0.0258,0.0031,0.0004,0.0049,0.0158,0.0168,0.0012,0.0285,0.0446,0.0075,0.0175,0.0164,0.0126,0.0030,0.0035
0.0162,0.0085,0.0080,0.0099,0.0100,0.0081,0.0492,0.0247,0.0007,0.0168,0.0072,0.0033,0.0004,0.0047,0.0230,0.0065,0.0149,0.0049,0.0024,0.0061
0.0206,0.0086,0.0102,0.0180,0.0032,0.0086,0.0079,0.0349,0.0093,0.0012,0.0033,0.0026,0.0011,0.0008,0.0062,0.0679,0.0039,0.0243,0.0107,0.0107
0.0088,0.0056,0.0078,0.0074,0.0087,0.0126,0.0233,0.0050,0.0854,0.0285,0.0004,0.0011,0.0097,0.0043,0.0003,0.0215,0.0261,0.0057,0.0126,0.0046
0.0048,0.0078,0.0149,0.0107,0.0110,0.0239,0.0084,0.0285,0.0120,0.0446,0.0047,0.0008,0.0043,0.0067,0.0018,0.0007,0.0055,0.0150,0.0050,0.0091
0.0082,0.0075,0.0110,0.0129,0.0234,0.0288,0.0209,0.0157,0.0176,0.0075,0.0230,0.0062,0.0003,0.0018,0.0050,0.0103,0.0001,0.0052,0.0224,0.0119
0.0007,0.0028,0.0073,0.0074,0.0301,0.0129,0.0040,0.0068,0.0102,0.0175,0.0065,0.0679,0.0215,0.0007,0.0103,0.0005,0.0106,0.0043,0.0091,0.0370
0.0120,0.0085,0.0087,0.0114,0.0141,0.0104,0.0076,0.0074,0.0199,0.0164,0.0149,0.0039,0.0261,0.0055,0.0001,0.0106,0.0149,0.0043,0.0009,0.0105
0.0137,0.0092,0.0063,0.0067,0.0108,0.0095,0.0062,0.0043,0.0078,0.0126,0.0049,0.0243,0.0057,0.0150,0.0052,0.0043,0.0043,0.0254,0.0178,0.0002
0.0098,0.0068,0.0070,0.0041,0.0057,0.0099,0.0065,0.0049,0.0063,0.0030,0.0024,0.0107,0.0126,0.0050,0.0224,0.0091,0.0009,0.0178,0.0321,0.0098
0.0109,0.0123,0.0069,0.0048,0.0056,0.0095,0.0078,0.0056,0.0089,0.0035,0.0061,0.0107,0.0046,0.0091,0.0119,0.0370,0.0105,0.0002,0.0098,0.0159
