c1,c2,c3,c4,c5,c6,c7,c8,c9,c10,c11,c12,c13,c14,c15,c16,c17,c18,c19,c20,c21,c22,c23,c24,c25,c26,c27,c28,c29
0.0000,0.0014,0.0001,0.0076,0.1984,0.1552,0.3344,0.3558,0.1750,0.1368,0.0397,0.0313,0.0202,0.0130,0.0042,0.0089,0.0038,0.0030,0.0030,0.0057,0.0049,0.0029,0.0024,0.0035,0.0041,0.0027,0.0037,0.0019,0.0014
0.0014,0.0084,0.0063,0.0002,0.1199,0.0098,0.0625,0.1449,0.0422,0.0342,0.0075,0.0034,0.0032,0.0055,0.0040,0.0050,0.0030,0.0032,0.0027,0.0066,0.0066,0.0061,0.0072,0.0055,0.0057,0.0050,0.0072,0.0067,0.0044
0.0001,0.0063,0.0061,0.0927,0.0015,0.0166,0.0595,0.0421,0.0424,0.0297,0.0076,0.0051,0.0048,0.0038,0.0026,0.0076,0.0039,0.0047,0.0039,0.0060,0.0024,0.0056,0.0040,0.0082,0.0128,0.0086,0.0098,0.0084,0.0058
0.0076,0.0002,0.0927,0.0616,0.0644,0.0001,0.0018,0.0167,0.0115,0.0243,0.0079,0.0045,0.0043,0.0064,0.0058,0.0071,0.0088,0.0053,0.0042,0.0063,0.0063,0.0114,0.0083,0.0096,0.0072,0.0071,0.0100,0.0098,0.0045
0.1984,0.1199,0.0015,0.0644,0.0013,0.0343,0.0001,0.0005,0.0020,0.0025,0.0048,0.0047,0.0052,0.0100,0.0066,0.0091,0.0051,0.0029,0.0031,0.0074,0.0075,0.0136,0.0255,0.0097,0.0158,0.0099,0.0165,0.0125,0.0057
0.1552,0.0098,0.0166,0.0001,0.0343,0.0097,0.0025,0.0000,0.0015,0.0061,0.0029,0.0100,0.0089,0.0088,0.0061,0.0101,0.0107,0.0095,0.0075,0.0064,0.0051,0.0106,0.0190,0.0158,0.0261,0.0156,0.0147,0.0096,0.0077
0.3344,0.0625,0.0595,0.0018,0.0001,0.0025,0.0073,0.0016,0.0000,0.0005,0.0034,0.0026,0.0090,0.0070,0.0045,0.0078,0.0037,0.0041,0.0043,0.0081,0.0078,0.0094,0.0340,0.0309,0.0631,0.0454,0.0322,0.0156,0.0233
0.3558,0.1449,0.0421,0.0167,0.0005,0.0000,0.0016,0.0089,0.0011,0.0000,0.0004,0.0021,0.0018,0.0099,0.0047,0.0081,0.0035,0.0043,0.0062,0.0150,0.0396,0.0453,0.0663,0.0684,0.0353,0.0228,0.0199,0.0098,0.0070
0.1750,0.0422,0.0424,0.0115,0.0020,0.0015,0.0000,0.0011,0.0017,0.0003,0.0001,0.0007,0.0024,0.0058,0.0093,0.0159,0.0082,0.0136,0.0146,0.0209,0.0342,0.0345,0.0703,0.0588,0.0373,0.0243,0.0146,0.0095,0.0091
0.1368,0.0342,0.0297,0.0243,0.0025,0.0061,0.0005,0.0000,0.0003,0.0018,0.0002,0.0001,0.0011,0.0030,0.0029,0.0177,0.0124,0.0220,0.0226,0.0400,0.0498,0.0803,0.1483,0.0786,0.0208,0.0124,0.0091,0.0074,0.0078
0.0397,0.0075,0.0076,0.0079,0.0048,0.0029,0.0034,0.0004,0.0001,0.0002,0.0029,0.0044,0.0001,0.0008,0.0020,0.0072,0.0378,0.0784,0.0610,0.0788,0.0870,0.0446,0.2019,0.0719,0.0175,0.0117,0.0087,0.0055,0.0055
0.0313,0.0034,0.0051,0.0045,0.0047,0.0100,0.0026,0.0021,0.0007,0.0001,0.0044,0.0079,0.0073,0.0001,0.0026,0.0065,0.0116,0.0544,0.0376,0.0668,0.1292,0.0410,0.0850,0.0362,0.0120,0.0055,0.0047,0.0037,0.0042
0.0202,0.0032,0.0048,0.0043,0.0052,0.0089,0.0090,0.0018,0.0024,0.0011,0.0001,0.0073,0.0198,0.0072,0.0001,0.0029,0.0083,0.0259,0.0672,0.1135,0.0829,0.0330,0.0443,0.0239,0.0123,0.0064,0.0055,0.0046,0.0039
0.0130,0.0055,0.0038,0.0064,0.0100,0.0088,0.0070,0.0099,0.0058,0.0030,0.0008,0.0001,0.0072,0.0101,0.0040,0.0004,0.0066,0.0419,0.0419,0.1195,0.0507,0.0276,0.0256,0.0123,0.0075,0.0065,0.0045,0.0042,0.0037
0.0042,0.0040,0.0026,0.0058,0.0066,0.0061,0.0045,0.0047,0.0093,0.0029,0.0020,0.0026,0.0001,0.0040,0.0102,0.0213,0.0018,0.0374,0.0321,0.0952,0.0969,0.0509,0.0252,0.0084,0.0057,0.0068,0.0057,0.0058,0.0047
0.0089,0.0050,0.0076,0.0071,0.0091,0.0101,0.0078,0.0081,0.0159,0.0177,0.0072,0.0065,0.0029,0.0004,0.0213,0.0147,0.0549,0.0003,0.0066,0.0064,0.0110,0.0118,0.0129,0.0055,0.0071,0.0067,0.0062,0.0063,0.0065
0.0038,0.0030,0.0039,0.0088,0.0051,0.0107,0.0037,0.0035,0.0082,0.0124,0.0378,0.0116,0.0083,0.0066,0.0018,0.0549,0.1831,0.0533,0.0012,0.0078,0.0070,0.0034,0.0066,0.0029,0.0052,0.0030,0.0041,0.0050,0.0047
0.0030,0.0032,0.0047,0.0053,0.0029,0.0095,0.0041,0.0043,0.0136,0.0220,0.0784,0.0544,0.0259,0.0419,0.0374,0.0003,0.0533,0.1045,0.0128,0.0002,0.0034,0.0024,0.0023,0.0034,0.0054,0.0027,0.0072,0.0045,0.0044
0.0030,0.0027,0.0039,0.0042,0.0031,0.0075,0.0043,0.0062,0.0146,0.0226,0.0610,0.0376,0.0672,0.0419,0.0321,0.0066,0.0012,0.0128,0.0551,0.0080,0.0001,0.0033,0.0033,0.0028,0.0100,0.0032,0.0079,0.0039,0.0042
0.0057,0.0066,0.0060,0.0063,0.0074,0.0064,0.0081,0.0150,0.0209,0.0400,0.0788,0.0668,0.1135,0.1195,0.0952,0.0064,0.0078,0.0002,0.0080,0.0040,0.0010,0.0000,0.0007,0.0016,0.0029,0.0058,0.0084,0.0051,0.0072
0.0049,0.0066,0.0024,0.0063,0.0075,0.0051,0.0078,0.0396,0.0342,0.0498,0.0870,0.1292,0.0829,0.0507,0.0969,0.0110,0.0070,0.0034,0.0001,0.0010,0.0009,0.0014,0.0000,0.0015,0.0053,0.0046,0.0203,0.0154,0.0186
0.0029,0.0061,0.0056,0.0114,0.0136,0.0106,0.0094,0.0453,0.0345,0.0803,0.0446,0.0410,0.0330,0.0276,0.0509,0.0118,0.0034,0.0024,0.0033,0.0000,0.0014,0.0145,0.0006,0.0000,0.0028,0.0035,0.0094,0.0201,0.0234
0.0024,0.0072,0.0040,0.0083,0.0255,0.0190,0.0340,0.0663,0.0703,0.1483,0.2019,0.0850,0.0443,0.0256,0.0252,0.0129,0.0066,0.0023,0.0033,0.0007,0.0000,0.0006,0.0018,0.0033,0.0000,0.0016,0.0051,0.0078,0.0274
0.0035,0.0055,0.0082,0.0096,0.0097,0.0158,0.0309,0.0684,0.0588,0.0786,0.0719,0.0362,0.0239,0.0123,0.0084,0.0055,0.0029,0.0034,0.0028,0.0016,0.0015,0.0000,0.0033,0.0120,0.0083,0.0002,0.0040,0.0037,0.0195
0.0041,0.0057,0.0128,0.0072,0.0158,0.0261,0.0631,0.0353,0.0373,0.0208,0.0175,0.0120,0.0123,0.0075,0.0057,0.0071,0.0052,0.0054,0.0100,0.0029,0.0053,0.0028,0.0000,0.0083,0.0373,0.0192,0.0000,0.0042,0.0092
0.0027,0.0050,0.0086,0.0071,0.0099,0.0156,0.0454,0.0228,0.0243,0.0124,0.0117,0.0055,0.0064,0.0065,0.0068,0.0067,0.0030,0.0027,0.0032,0.0058,0.0046,0.0035,0.0016,0.0002,0.0192,0.0597,0.0283,0.0013,0.0290
0.0037,0.0072,0.0098,0.0100,0.0165,0.0147,0.0322,0.0199,0.0146,0.0091,0.0087,0.0047,0.0055,0.0045,0.0057,0.0062,0.0041,0.0072,0.0079,0.0084,0.0203,0.0094,0.0051,0.0040,0.0000,0.0283,0.0130,0.0346,0.0008
0.0019,0.0067,0.0084,0.0098,0.0125,0.0096,0.0156,0.0098,0.0095,0.0074,0.0055,0.0037,0.0046,0.0042,0.0058,0.0063,0.0050,0.0045,0.0039,0.0051,0.0154,0.0201,0.0078,0.0037,0.0042,0.0013,0.0346,0.0473,0.0070
0.0014,0.0044,0.0058,0.0045,0.0057,0.0077,0.0233,0.0070,0.0091,0.0078,0.0055,0.0042,0.0039,0.0037,0.0047,0.0065,0.0047,0.0044,0.0042,0.0072,0.0186,0.0234,0.0274,0.0195,0.0092,0.0290,0.0008,0.0070,0.0267