c1,c2,c3,c4,c5,c6,c7,c8,c9,c10,c11,c12,c13,c14,c15,c16,c17,c18,c19,c20,c21,c22,c23,c24,c25,c26,c27,c28
0.0002,0.0012,0.0019,0.0105,0.0739,0.0112,0.0467,0.0079,0.0059,0.0097,0.0020,0.0035,0.0048,0.0098,0.0216,0.0166,0.0083,0.0084,0.0223,0.0449,0.0085,0.0037,0.0181,0.0028,0.0106,0.0030,0.0033,0.0047
0.0012,0.0008,0.0014,0.0000,0.0001,0.0026,0.0127,0.0159,0.0081,0.0160,0.0024,0.3485,0.0072,0.1665,0.0089,0.0098,0.0051,0.0074,0.0312,0.0125,0.0380,0.0018,0.5856,0.0018,0.1676,0.0018,0.0035,0.0029
0.0019,0.0014,0.0092,0.0029,0.0001,0.0021,0.0761,0.0064,0.0109,0.0044,0.0099,0.0864,0.0121,0.0367,0.0064,0.0124,0.0043,0.0068,0.0119,0.0073,0.0158,0.0030,0.0584,0.0035,0.0389,0.0031,0.0033,0.0054
0.0105,0.0000,0.0029,0.0046,0.0042,0.0000,0.0029,0.0342,0.0208,0.0249,0.0260,0.3794,0.0075,0.0186,0.0038,0.0071,0.0028,0.0047,0.0137,0.0137,0.0099,0.0024,0.0978,0.0041,0.0620,0.0038,0.0061,0.0057
0.0739,0.0001,0.0001,0.0042,0.0109,0.0019,0.0001,0.0026,0.0382,0.5794,0.0137,0.4984,0.0062,0.0059,0.0044,0.0046,0.0033,0.0046,0.0070,0.0126,0.0055,0.0024,0.0474,0.0030,0.1322,0.0028,0.0058,0.0059
0.0112,0.0026,0.0021,0.0000,0.0019,0.0093,0.0070,0.0034,0.0031,0.0084,0.0347,0.9380,0.0091,0.0076,0.0020,0.0055,0.0023,0.0033,0.0085,0.0064,0.0092,0.0031,0.0255,0.0031,0.0690,0.0054,0.0155,0.0117
0.0467,0.0127,0.0761,0.0029,0.0001,0.0070,0.0100,0.2455,0.0195,0.0016,0.0024,0.0071,0.0046,0.0024,0.0013,0.0037,0.0034,0.0035,0.0127,0.0060,0.0064,0.0012,0.0116,0.0030,0.0239,0.0054,0.0504,0.0349
0.0079,0.0159,0.0064,0.0342,0.0026,0.0034,0.2455,0.0273,0.5203,0.0004,0.0007,0.0016,0.0011,0.0008,0.0015,0.0053,0.0024,0.0033,0.0069,0.0083,0.0036,0.0011,0.0052,0.0018,0.0257,0.0134,0.0935,0.1390
0.0059,0.0081,0.0109,0.0208,0.0382,0.0031,0.0195,0.5203,0.0022,0.0043,0.0001,0.0000,0.0002,0.0000,0.0021,0.0032,0.0037,0.0027,0.0017,0.0039,0.0050,0.0026,0.0265,0.0058,0.5432,0.1685,0.7812,0.5896
0.0097,0.0160,0.0044,0.0249,0.5794,0.0084,0.0016,0.0004,0.0043,0.0000,0.0006,0.0000,0.0000,0.0000,0.0002,0.0039,0.0029,0.0039,0.0173,0.0024,0.0047,0.0009,0.0238,0.0051,1.0000,0.4235,0.9998,0.1995
0.0020,0.0024,0.0099,0.0260,0.0137,0.0347,0.0024,0.0007,0.0001,0.0006,0.0021,0.0000,0.0003,0.0002,0.0012,0.0062,0.0033,0.0019,0.0051,0.0013,0.0013,0.0008,0.0049,0.0547,0.1189,1.0000,0.1130,0.5014
0.0035,0.3485,0.0864,0.3794,0.4984,0.9380,0.0071,0.0016,0.0000,0.0000,0.0000,0.0000,0.0003,0.0000,0.0000,0.0001,0.0008,0.0031,0.0078,0.0032,0.1203,0.0029,1.0000,0.0725,0.9994,0.1261,0.0236,0.0045
0.0048,0.0072,0.0121,0.0075,0.0062,0.0091,0.0046,0.0011,0.0002,0.0000,0.0003,0.0003,0.0099,0.0035,0.0001,0.0005,0.0022,0.0040,0.0121,0.0047,0.0039,0.0119,0.0667,1.0000,0.0276,0.8987,0.0030,0.0255
0.0098,0.1665,0.0367,0.0186,0.0059,0.0076,0.0024,0.0008,0.0000,0.0000,0.0002,0.0000,0.0035,0.0000,0.0010,0.0000,0.0000,0.0006,0.0090,0.0105,1.0000,0.4878,1.0000,0.2276,0.0318,0.0041,0.0004,0.0011
0.0216,0.0089,0.0064,0.0038,0.0044,0.0020,0.0013,0.0015,0.0021,0.0002,0.0012,0.0000,0.0001,0.0010,0.0004,0.0012,0.0002,0.0013,0.0091,0.0658,0.0650,1.0000,0.2865,0.9491,0.0042,0.0193,0.0008,0.0024
0.0166,0.0098,0.0124,0.0071,0.0046,0.0055,0.0037,0.0053,0.0032,0.0039,0.0062,0.0001,0.0005,0.0000,0.0012,0.0324,0.0015,0.0010,0.6842,0.0278,0.9981,0.2609,0.0246,0.0109,0.0011,0.0019,0.0013,0.0029
0.0083,0.0051,0.0043,0.0028,0.0033,0.0023,0.0034,0.0024,0.0037,0.0029,0.0033,0.0008,0.0022,0.0000,0.0002,0.0015,0.0128,0.8195,0.0025,0.6869,0.0029,0.9993,0.0160,0.0734,0.0013,0.0041,0.0017,0.0021
0.0084,0.0074,0.0068,0.0047,0.0046,0.0033,0.0035,0.0033,0.0027,0.0039,0.0019,0.0031,0.0040,0.0006,0.0013,0.0010,0.8195,0.1252,0.5058,0.0753,0.0012,0.1343,0.0015,0.0121,0.0011,0.0039,0.0030,0.0052
0.0223,0.0312,0.0119,0.0137,0.0070,0.0085,0.0127,0.0069,0.0017,0.0173,0.0051,0.0078,0.0121,0.0090,0.0091,0.6842,0.0025,0.5058,0.0293,0.3171,0.0000,0.0001,0.0002,0.0007,0.0010,0.0038,0.0031,0.0069
0.0449,0.0125,0.0073,0.0137,0.0126,0.0064,0.0060,0.0083,0.0039,0.0024,0.0013,0.0032,0.0047,0.0105,0.0658,0.0278,0.6869,0.0753,0.3171,0.0500,0.0003,0.0001,0.0001,0.0038,0.0004,0.0048,0.0032,0.0075
0.0085,0.0380,0.0158,0.0099,0.0055,0.0092,0.0064,0.0036,0.0050,0.0047,0.0013,0.1203,0.0039,1.0000,0.0650,0.9981,0.0029,0.0012,0.0000,0.0003,0.0045,0.0013,0.0000,0.0001,0.0002,0.0002,0.0010,0.0016
0.0037,0.0018,0.0030,0.0024,0.0024,0.0031,0.0012,0.0011,0.0026,0.0009,0.0008,0.0029,0.0119,0.4878,1.0000,0.2609,0.9993,0.1343,0.0001,0.0001,0.0013,0.0243,0.0000,0.0001,0.0000,0.0016,0.0006,0.0039
0.0181,0.5856,0.0584,0.0978,0.0474,0.0255,0.0116,0.0052,0.0265,0.0238,0.0049,1.0000,0.0667,1.0000,0.2865,0.0246,0.0160,0.0015,0.0002,0.0001,0.0000,0.0000,0.0002,0.0004,0.0000,0.0000,0.0000,0.0008
0.0028,0.0018,0.0035,0.0041,0.0030,0.0031,0.0030,0.0018,0.0058,0.0051,0.0547,0.0725,1.0000,0.2276,0.9491,0.0109,0.0734,0.0121,0.0007,0.0038,0.0001,0.0001,0.0004,0.0087,0.0001,0.0000,0.0005,0.0033
0.0106,0.1676,0.0389,0.0620,0.1322,0.0690,0.0239,0.0257,0.5432,1.0000,0.1189,0.9994,0.0276,0.0318,0.0042,0.0011,0.0013,0.0011,0.0010,0.0004,0.0002,0.0000,0.0000,0.0001,0.0000,0.0002,0.0000,0.0002
0.0030,0.0018,0.0031,0.0038,0.0028,0.0054,0.0054,0.0134,0.1685,0.4235,1.0000,0.1261,0.8987,0.0041,0.0193,0.0019,0.0041,0.0039,0.0038,0.0048,0.0002,0.0016,0.0000,0.0000,0.0002,0.0007,0.0135,0.0000
0.0033,0.0035,0.0033,0.0061,0.0058,0.0155,0.0504,0.0935,0.7812,0.9998,0.1130,0.0236,0.0030,0.0004,0.0008,0.0013,0.0017,0.0030,0.0031,0.0032,0.0010,0.0006,0.0000,0.0005,0.0000,0.0135,0.0189,0.1004
0.0047,0.0029,0.0054,0.0057,0.0059,0.0117,0.0349,0.1390,0.5896,0.1995,0.5014,0.0045,0.0255,0.0011,0.0024,0.0029,0.0021,0.0052,0.0069,0.0075,0.0016,0.0039,0.0008,0.0033,0.0002,0.0000,0.1004,0.0057