c1,c2,c3,c4,c5,c6,c7,c8,c9,c10,c11,c12,c13,c14,c15,c16,c17,c18,c19,c20,c21,c22,c23,c24,c25,c26,c27,c28
0.0889,0.0034,0.0023,0.0004,0.0046,0.0013,0.0025,0.0029,0.0029,0.0032,0.0013,0.0038,0.0046,0.0104,0.0099,0.0309,0.0117,0.0190,0.0526,0.2258,0.0185,0.0314,0.0538,0.0045,0.0112,0.0024,0.0024,0.0027
0.0034,0.0987,0.0055,0.0000,0.0001,0.0001,0.0003,0.0030,0.0029,0.0046,0.0011,0.0367,0.0039,0.3027,0.0038,0.0317,0.0059,0.0278,0.2302,0.0453,0.2399,0.0143,0.8128,0.0019,0.2655,0.0015,0.0097,0.0016
0.0023,0.0055,0.3722,0.0001,0.0007,0.0003,0.0008,0.0011,0.0017,0.0012,0.0042,0.0066,0.0107,0.0046,0.0073,0.0125,0.0442,0.0153,0.0427,0.1372,0.0046,0.6469,0.0457,0.0769,0.0050,0.0072,0.0018,0.0032
0.0004,0.0000,0.0001,0.0009,0.0004,0.0000,0.0001,0.0003,0.0005,0.0531,0.0028,0.9762,0.0070,0.6439,0.0039,0.0087,0.0013,0.0060,0.0411,0.0063,0.2086,0.0042,0.9999,0.0029,0.9978,0.0024,0.0210,0.0010
0.0046,0.0001,0.0007,0.0004,0.0224,0.0009,0.0002,0.0008,0.0004,0.0014,0.0295,0.0115,0.0192,0.0013,0.0339,0.0057,0.0504,0.0180,0.0304,0.1162,0.0039,0.6657,0.0469,0.2753,0.0162,0.0113,0.0046,0.0058
0.0013,0.0001,0.0003,0.0000,0.0009,0.0105,0.0187,0.0001,0.0004,0.1874,0.1448,0.9904,0.0314,0.0309,0.0222,0.0079,0.0020,0.0074,0.0428,0.0065,0.0206,0.0032,0.2649,0.0030,0.1398,0.0018,0.0186,0.0052
0.0025,0.0003,0.0008,0.0001,0.0002,0.0187,0.0014,0.1376,0.0135,0.0258,0.0038,0.0013,0.0040,0.0001,0.0056,0.0014,0.0030,0.0038,0.0025,0.0146,0.0053,0.0155,0.1473,0.2303,0.4685,0.0732,0.1763,0.0992
0.0029,0.0030,0.0011,0.0003,0.0008,0.0001,0.1376,0.1639,0.5685,0.0000,0.0006,0.0001,0.0014,0.0004,0.0032,0.0059,0.0086,0.0206,0.1649,0.0235,0.0078,0.0019,0.0148,0.0037,0.0434,0.0319,0.6838,0.9981
0.0029,0.0029,0.0017,0.0005,0.0004,0.0004,0.0135,0.5685,0.0396,0.0001,0.0000,0.0000,0.0002,0.0001,0.0011,0.0058,0.0030,0.0059,0.0173,0.0066,0.0045,0.0015,0.0340,0.0035,0.1770,0.1319,0.9996,0.9994
0.0032,0.0046,0.0012,0.0531,0.0014,0.1874,0.0258,0.0000,0.0001,0.0172,0.0001,0.0000,0.0000,0.0000,0.0002,0.0025,0.0241,0.0102,0.1062,0.0062,0.0138,0.0025,0.9215,0.0194,1.0000,0.2604,0.9979,0.0255
0.0013,0.0011,0.0042,0.0028,0.0295,0.1448,0.0038,0.0006,0.0000,0.0001,0.0047,0.0000,0.0004,0.0001,0.0038,0.0034,0.0042,0.0044,0.0052,0.0013,0.0005,0.0008,0.0053,0.2245,0.0386,1.0000,0.0482,0.9950
0.0038,0.0367,0.0066,0.9762,0.0115,0.9904,0.0013,0.0001,0.0000,0.0000,0.0000,0.0080,0.0003,0.0000,0.0000,0.0002,0.0010,0.0051,0.0121,0.0012,0.0341,0.0014,1.0000,0.0226,0.9999,0.0236,0.0318,0.0018
0.0046,0.0039,0.0107,0.0070,0.0192,0.0314,0.0040,0.0014,0.0002,0.0000,0.0004,0.0003,0.1232,0.0008,0.0001,0.0003,0.0013,0.0047,0.0078,0.0064,0.0022,0.0566,0.0337,0.9999,0.0439,0.9389,0.0049,0.0604
0.0104,0.3027,0.0046,0.6439,0.0013,0.0309,0.0001,0.0004,0.0001,0.0000,0.0001,0.0000,0.0008,0.0001,0.0077,0.0000,0.0000,0.0007,0.0014,0.0109,1.0000,0.0242,1.0000,0.0550,0.4629,0.0029,0.0073,0.0010
0.0099,0.0038,0.0073,0.0039,0.0339,0.0222,0.0056,0.0032,0.0011,0.0002,0.0038,0.0000,0.0001,0.0077,0.0143,0.0019,0.0000,0.0009,0.0010,0.0080,0.0253,0.9999,0.0501,0.9095,0.0111,0.0941,0.0020,0.0046
0.0309,0.0317,0.0125,0.0087,0.0057,0.0079,0.0014,0.0059,0.0058,0.0025,0.0034,0.0002,0.0003,0.0000,0.0019,0.0375,0.0001,0.0002,0.3255,0.0182,0.9995,0.2421,0.0362,0.0130,0.0020,0.0021,0.0028,0.0026
0.0117,0.0059,0.0442,0.0013,0.0504,0.0020,0.0030,0.0086,0.0030,0.0241,0.0042,0.0010,0.0013,0.0000,0.0000,0.0001,0.0416,0.1585,0.0000,0.9037,0.0011,0.9976,0.0562,0.2968,0.0031,0.0102,0.0032,0.0020
0.0190,0.0278,0.0153,0.0060,0.0180,0.0074,0.0038,0.0206,0.0059,0.0102,0.0044,0.0051,0.0047,0.0007,0.0009,0.0002,0.1585,0.1197,0.4275,0.0106,0.0011,0.0278,0.0009,0.0059,0.0011,0.0034,0.0023,0.0061
0.0526,0.2302,0.0427,0.0411,0.0304,0.0428,0.0025,0.1649,0.0173,0.1062,0.0052,0.0121,0.0078,0.0014,0.0010,0.3255,0.0000,0.4275,0.0188,0.3591,0.0000,0.0002,0.0000,0.0004,0.0009,0.0011,0.0041,0.0048
0.2258,0.0453,0.1372,0.0063,0.1162,0.0065,0.0146,0.0235,0.0066,0.0062,0.0013,0.0012,0.0064,0.0109,0.0080,0.0182,0.9037,0.0106,0.3591,0.0272,0.0003,0.0001,0.0000,0.0013,0.0001,0.0021,0.0014,0.0016
0.0185,0.2399,0.0046,0.2086,0.0039,0.0206,0.0053,0.0078,0.0045,0.0138,0.0005,0.0341,0.0022,1.0000,0.0253,0.9995,0.0011,0.0011,0.0000,0.0003,0.0084,0.0015,0.0000,0.0000,0.0001,0.0001,0.0139,0.0006
0.0314,0.0143,0.6469,0.0042,0.6657,0.0032,0.0155,0.0019,0.0015,0.0025,0.0008,0.0014,0.0566,0.0242,0.9999,0.2421,0.9976,0.0278,0.0002,0.0001,0.0015,0.0069,0.0000,0.0001,0.0000,0.0003,0.0002,0.0009
0.0538,0.8128,0.0457,0.9999,0.0469,0.2649,0.1473,0.0148,0.0340,0.9215,0.0053,1.0000,0.0337,1.0000,0.0501,0.0362,0.0562,0.0009,0.0000,0.0000,0.0000,0.0000,0.0001,0.0001,0.0000,0.0000,0.0000,0.0001
0.0045,0.0019,0.0769,0.0029,0.2753,0.0030,0.2303,0.0037,0.0035,0.0194,0.2245,0.0226,0.9999,0.0550,0.9095,0.0130,0.2968,0.0059,0.0004,0.0013,0.0000,0.0001,0.0001,0.0046,0.0000,0.0000,0.0001,0.0003
0.0112,0.2655,0.0050,0.9978,0.0162,0.1398,0.4685,0.0434,0.1770,1.0000,0.0386,0.9999,0.0439,0.4629,0.0111,0.0020,0.0031,0.0011,0.0009,0.0001,0.0001,0.0000,0.0000,0.0000,0.0000,0.0001,0.0000,0.0000
0.0024,0.0015,0.0072,0.0024,0.0113,0.0018,0.0732,0.0319,0.1319,0.2604,1.0000,0.0236,0.9389,0.0029,0.0941,0.0021,0.0102,0.0034,0.0011,0.0021,0.0001,0.0003,0.0000,0.0000,0.0001,0.0058,0.0005,0.0002
0.0024,0.0097,0.0018,0.0210,0.0046,0.0186,0.1763,0.6838,0.9996,0.9979,0.0482,0.0318,0.0049,0.0073,0.0020,0.0028,0.0032,0.0023,0.0041,0.0014,0.0139,0.0002,0.0000,0.0001,0.0000,0.0005,0.0930,0.0008
0.0027,0.0016,0.0032,0.0010,0.0058,0.0052,0.0992,0.9981,0.9994,0.0255,0.9950,0.0018,0.0604,0.0010,0.0046,0.0026,0.0020,0.0061,0.0048,0.0016,0.0006,0.0009,0.0001,0.0003,0.0000,0.0002,0.0008,0.0079