c1,c2,c3,c4,c5,c6,c7,c8,c9,c10,c11,c12,c13,c14,c15,c16,c17,c18,c19,c20,c21,c22,c23,c24,c25,c26,c27,c28
0.0002,0.0004,0.0013,0.0007,0.0231,0.0032,0.0154,0.0056,0.0058,0.0026,0.0027,0.0024,0.0050,0.0049,0.0154,0.0276,0.0120,0.0192,0.0413,0.0644,0.0108,0.0119,0.0185,0.0070,0.0506,0.0148,0.0107,0.0166
0.0004,0.0043,0.0032,0.0000,0.0002,0.0008,0.0035,0.0099,0.0094,0.0060,0.0021,0.0330,0.0048,0.0527,0.0119,0.0322,0.0082,0.0151,0.0557,0.0350,0.0367,0.0031,0.2130,0.0026,0.7056,0.0030,0.0461,0.0053
0.0013,0.0032,0.0115,0.0011,0.0004,0.0014,0.0099,0.0036,0.0092,0.0040,0.0163,0.0156,0.0135,0.0069,0.0098,0.0178,0.0088,0.0080,0.0130,0.0117,0.0048,0.0061,0.0139,0.0080,0.0182,0.0496,0.0065,0.0236
0.0007,0.0000,0.0011,0.0002,0.0041,0.0000,0.0002,0.0099,0.0144,0.0075,0.0321,0.8035,0.0222,0.0635,0.0103,0.0133,0.0042,0.0078,0.0417,0.0118,0.0323,0.0042,0.4675,0.0071,0.4340,0.0041,0.0217,0.0068
0.0231,0.0002,0.0004,0.0041,0.0093,0.0031,0.0001,0.0031,0.0211,0.0500,0.0549,0.0870,0.0076,0.0041,0.0077,0.0100,0.0060,0.0072,0.0081,0.0166,0.0059,0.0069,0.0190,0.0099,0.0215,0.0097,0.0129,0.0111
0.0032,0.0008,0.0014,0.0000,0.0031,0.0084,0.0019,0.0017,0.0099,0.1342,0.0468,0.5482,0.0089,0.0051,0.0030,0.0072,0.0024,0.0038,0.0110,0.0086,0.0112,0.0106,0.0255,0.0042,0.0467,0.0046,0.0376,0.0180
0.0154,0.0035,0.0099,0.0002,0.0001,0.0019,0.0040,0.3592,0.0152,0.0214,0.0016,0.0042,0.0067,0.0014,0.0031,0.0040,0.0030,0.0046,0.0251,0.0090,0.0106,0.0038,0.0447,0.0078,0.0521,0.0081,0.1203,0.0302
0.0056,0.0099,0.0036,0.0099,0.0031,0.0017,0.3592,0.0204,0.5342,0.0003,0.0007,0.0020,0.0006,0.0006,0.0016,0.0037,0.0022,0.0037,0.0077,0.0073,0.0046,0.0015,0.0107,0.0017,0.0370,0.0297,0.3614,0.1609
0.0058,0.0094,0.0092,0.0144,0.0211,0.0099,0.0152,0.5342,0.0022,0.0047,0.0000,0.0000,0.0002,0.0000,0.0023,0.0033,0.0031,0.0036,0.0025,0.0035,0.0050,0.0021,0.0285,0.0060,0.1563,0.2317,0.7598,0.7027
0.0026,0.0060,0.0040,0.0075,0.0500,0.1342,0.0214,0.0003,0.0047,0.0000,0.0005,0.0000,0.0000,0.0000,0.0005,0.0040,0.0031,0.0033,0.0239,0.0025,0.0093,0.0021,0.1239,0.0280,0.9993,0.7101,0.9997,0.0619
0.0027,0.0021,0.0163,0.0321,0.0549,0.0468,0.0016,0.0007,0.0000,0.0005,0.0019,0.0002,0.0002,0.0006,0.0011,0.0060,0.0048,0.0018,0.0040,0.0012,0.0014,0.0011,0.0078,0.0713,0.0349,1.0000,0.0142,0.8480
0.0024,0.0330,0.0156,0.8035,0.0870,0.5482,0.0042,0.0020,0.0000,0.0000,0.0002,0.0001,0.0005,0.0000,0.0001,0.0001,0.0013,0.0041,0.0089,0.0040,0.1798,0.0048,0.9997,0.1207,0.9918,0.0307,0.0472,0.0049
0.0050,0.0048,0.0135,0.0222,0.0076,0.0089,0.0067,0.0006,0.0002,0.0000,0.0002,0.0005,0.0103,0.0076,0.0001,0.0009,0.0042,0.0046,0.0091,0.0056,0.0037,0.0211,0.0334,0.9999,0.0245,0.5210,0.0031,0.0310
0.0049,0.0527,0.0069,0.0635,0.0041,0.0051,0.0014,0.0006,0.0000,0.0000,0.0006,0.0000,0.0076,0.0000,0.0016,0.0001,0.0001,0.0011,0.0061,0.0110,1.0000,0.5088,1.0000,0.1462,0.1832,0.0037,0.0026,0.0016
0.0154,0.0119,0.0098,0.0103,0.0077,0.0030,0.0031,0.0016,0.0023,0.0005,0.0011,0.0001,0.0001,0.0016,0.0012,0.0015,0.0001,0.0008,0.0059,0.0278,0.1367,0.9999,0.3877,0.5383,0.0239,0.0069,0.0015,0.0024
0.0276,0.0322,0.0178,0.0133,0.0100,0.0072,0.0040,0.0037,0.0033,0.0040,0.0060,0.0001,0.0009,0.0001,0.0015,0.0240,0.0008,0.0006,0.1417,0.0106,0.9982,0.2177,0.0305,0.0052,0.0017,0.0012,0.0016,0.0027
0.0120,0.0082,0.0088,0.0042,0.0060,0.0024,0.0030,0.0022,0.0031,0.0031,0.0048,0.0013,0.0042,0.0001,0.0001,0.0008,0.0138,0.4189,0.0008,0.6436,0.0031,0.9981,0.0129,0.0966,0.0017,0.0072,0.0020,0.0021
0.0192,0.0151,0.0080,0.0078,0.0072,0.0038,0.0046,0.0037,0.0036,0.0033,0.0018,0.0041,0.0046,0.0011,0.0008,0.0006,0.4189,0.0873,0.3015,0.0229,0.0014,0.0844,0.0021,0.0096,0.0022,0.0045,0.0045,0.0056
0.0413,0.0557,0.0130,0.0417,0.0081,0.0110,0.0251,0.0077,0.0025,0.0239,0.0040,0.0089,0.0091,0.0061,0.0059,0.1417,0.0008,0.3015,0.0148,0.1589,0.0000,0.0001,0.0003,0.0011,0.0031,0.0053,0.0120,0.0059
0.0644,0.0350,0.0117,0.0118,0.0166,0.0086,0.0090,0.0073,0.0035,0.0025,0.0012,0.0040,0.0056,0.0110,0.0278,0.0106,0.6436,0.0229,0.1589,0.0459,0.0003,0.0001,0.0001,0.0035,0.0009,0.0066,0.0052,0.0046
0.0108,0.0367,0.0048,0.0323,0.0059,0.0112,0.0106,0.0046,0.0050,0.0093,0.0014,0.1798,0.0037,1.0000,0.1367,0.9982,0.0031,0.0014,0.0000,0.0003,0.0020,0.0013,0.0000,0.0001,0.0002,0.0002,0.0045,0.0012
0.0119,0.0031,0.0061,0.0042,0.0069,0.0106,0.0038,0.0015,0.0021,0.0021,0.0011,0.0048,0.0211,0.5088,0.9999,0.2177,0.9981,0.0844,0.0001,0.0001,0.0013,0.0038,0.0000,0.0001,0.0001,0.0015,0.0011,0.0024
0.0185,0.2130,0.0139,0.4675,0.0190,0.0255,0.0447,0.0107,0.0285,0.1239,0.0078,0.9997,0.0334,1.0000,0.3877,0.0305,0.0129,0.0021,0.0003,0.0001,0.0000,0.0000,0.0004,0.0006,0.0000,0.0000,0.0000,0.0003
0.0070,0.0026,0.0080,0.0071,0.0099,0.0042,0.0078,0.0017,0.0060,0.0280,0.0713,0.1207,0.9999,0.1462,0.5383,0.0052,0.0966,0.0096,0.0011,0.0035,0.0001,0.0001,0.0006,0.0054,0.0001,0.0000,0.0001,0.0030
0.0506,0.7056,0.0182,0.4340,0.0215,0.0467,0.0521,0.0370,0.1563,0.9993,0.0349,0.9918,0.0245,0.1832,0.0239,0.0017,0.0017,0.0022,0.0031,0.0009,0.0002,0.0001,0.0000,0.0001,0.0000,0.0003,0.0000,0.0000
0.0148,0.0030,0.0496,0.0041,0.0097,0.0046,0.0081,0.0297,0.2317,0.7101,1.0000,0.0307,0.5210,0.0037,0.0069,0.0012,0.0072,0.0045,0.0053,0.0066,0.0002,0.0015,0.0000,0.0000,0.0003,0.0005,0.0001,0.0001
0.0107,0.0461,0.0065,0.0217,0.0129,0.0376,0.1203,0.3614,0.7598,0.9997,0.0142,0.0472,0.0031,0.0026,0.0015,0.0016,0.0020,0.0045,0.0120,0.0052,0.0045,0.0011,0.0000,0.0001,0.0000,0.0001,0.0045,0.0014
0.0166,0.0053,0.0236,0.0068,0.0111,0.0180,0.0302,0.1609,0.7027,0.0619,0.8480,0.0049,0.0310,0.0016,0.0024,0.0027,0.0021,0.0056,0.0059,0.0046,0.0012,0.0024,0.0003,0.0030,0.0000,0.0001,0.0014,0.0054