c1,c2,c3,c4,c5,c6,c7,c8,c9,c10,c11,c12,c13,c14,c15,c16,c17,c18,c19,c20,c21,c22,c23,c24,c25,c26,c27,c28
0.0909,0.0014,0.0027,0.0002,0.0030,0.0008,0.0024,0.0025,0.0021,0.0023,0.0014,0.0030,0.0047,0.0126,0.0079,0.0241,0.0113,0.0248,0.0662,0.3369,0.0515,0.0735,0.0656,0.0073,0.0074,0.0043,0.0022,0.0020
0.0014,0.1146,0.0044,0.0000,0.0001,0.0001,0.0003,0.0029,0.0023,0.0041,0.0010,0.0343,0.0034,0.1777,0.0037,0.0168,0.0060,0.0268,0.1649,0.0853,0.2392,0.0204,0.9278,0.0023,0.3632,0.0022,0.0128,0.0013
0.0027,0.0044,0.4678,0.0001,0.0007,0.0003,0.0007,0.0011,0.0014,0.0015,0.0027,0.0048,0.0079,0.0048,0.0063,0.0073,0.0254,0.0174,0.0460,0.2063,0.0060,0.7833,0.0538,0.1282,0.0047,0.0091,0.0017,0.0032
0.0002,0.0000,0.0001,0.0005,0.0002,0.0000,0.0001,0.0003,0.0005,0.0428,0.0018,0.8972,0.0054,0.3379,0.0032,0.0080,0.0018,0.0086,0.0291,0.0116,0.1856,0.0049,1.0000,0.0030,0.9997,0.0033,0.0276,0.0013
0.0030,0.0001,0.0007,0.0002,0.0236,0.0007,0.0001,0.0008,0.0003,0.0016,0.0104,0.0049,0.0159,0.0013,0.0398,0.0061,0.0934,0.0293,0.0300,0.1719,0.0051,0.8413,0.0457,0.6025,0.0096,0.0129,0.0051,0.0057
0.0008,0.0001,0.0003,0.0000,0.0007,0.0125,0.0174,0.0000,0.0003,0.2019,0.0940,0.9824,0.0214,0.0224,0.0163,0.0074,0.0028,0.0113,0.0387,0.0119,0.0442,0.0018,0.4368,0.0029,0.2115,0.0019,0.0290,0.0079
0.0024,0.0003,0.0007,0.0001,0.0001,0.0174,0.0017,0.0843,0.0080,0.0476,0.0037,0.0006,0.0025,0.0001,0.0035,0.0015,0.0034,0.0048,0.0048,0.0157,0.0074,0.0118,0.1265,0.3007,0.3985,0.1251,0.2372,0.1787
0.0025,0.0029,0.0011,0.0003,0.0008,0.0000,0.0843,0.1274,0.6160,0.0000,0.0007,0.0001,0.0012,0.0004,0.0026,0.0062,0.0087,0.0271,0.1617,0.0140,0.0121,0.0016,0.0127,0.0030,0.0423,0.0639,0.7266,0.9998
0.0021,0.0023,0.0014,0.0005,0.0003,0.0003,0.0080,0.6160,0.0306,0.0000,0.0000,0.0000,0.0002,0.0001,0.0008,0.0053,0.0033,0.0068,0.0194,0.0057,0.0051,0.0012,0.0243,0.0024,0.1891,0.4986,0.9999,0.9998
0.0023,0.0041,0.0015,0.0428,0.0016,0.2019,0.0476,0.0000,0.0000,0.0062,0.0001,0.0000,0.0000,0.0000,0.0001,0.0021,0.0335,0.0167,0.1037,0.0069,0.0103,0.0025,0.9264,0.0160,1.0000,0.5587,0.9968,0.0217
0.0014,0.0010,0.0027,0.0018,0.0104,0.0940,0.0037,0.0007,0.0000,0.0001,0.0095,0.0000,0.0002,0.0001,0.0038,0.0036,0.0051,0.0055,0.0065,0.0018,0.0006,0.0007,0.0087,0.3699,0.1256,1.0000,0.0241,0.9931
0.0030,0.0343,0.0048,0.8972,0.0049,0.9824,0.0006,0.0001,0.0000,0.0000,0.0000,0.0079,0.0004,0.0000,0.0000,0.0004,0.0014,0.0096,0.0166,0.0031,0.1047,0.0028,1.0000,0.0110,0.9998,0.0330,0.0189,0.0010
0.0047,0.0034,0.0079,0.0054,0.0159,0.0214,0.0025,0.0012,0.0002,0.0000,0.0002,0.0004,0.1109,0.0018,0.0001,0.0003,0.0024,0.0049,0.0108,0.0080,0.0030,0.1068,0.0648,0.9999,0.0322,0.9260,0.0033,0.0362
0.0126,0.1777,0.0048,0.3379,0.0013,0.0224,0.0001,0.0004,0.0001,0.0000,0.0001,0.0000,0.0018,0.0002,0.0093,0.0001,0.0000,0.0009,0.0018,0.0219,1.0000,0.0787,0.9999,0.0411,0.1629,0.0028,0.0049,0.0009
0.0079,0.0037,0.0063,0.0032,0.0398,0.0163,0.0035,0.0026,0.0008,0.0001,0.0038,0.0000,0.0001,0.0093,0.0125,0.0025,0.0000,0.0012,0.0014,0.0077,0.0440,0.9999,0.0423,0.9590,0.0116,0.0652,0.0017,0.0036
0.0241,0.0168,0.0073,0.0080,0.0061,0.0074,0.0015,0.0062,0.0053,0.0021,0.0036,0.0004,0.0003,0.0001,0.0025,0.0406,0.0002,0.0001,0.3359,0.0332,0.9991,0.0871,0.0393,0.0143,0.0028,0.0023,0.0025,0.0029
0.0113,0.0060,0.0254,0.0018,0.0934,0.0028,0.0034,0.0087,0.0033,0.0335,0.0051,0.0014,0.0024,0.0000,0.0000,0.0002,0.0460,0.1690,0.0000,0.3916,0.0007,0.9956,0.0259,0.3164,0.0038,0.0113,0.0044,0.0019
0.0248,0.0268,0.0174,0.0086,0.0293,0.0113,0.0048,0.0271,0.0068,0.0167,0.0055,0.0096,0.0049,0.0009,0.0012,0.0001,0.1690,0.0737,0.3911,0.0031,0.0007,0.0095,0.0006,0.0052,0.0010,0.0023,0.0035,0.0070
0.0662,0.1649,0.0460,0.0291,0.0300,0.0387,0.0048,0.1617,0.0194,0.1037,0.0065,0.0166,0.0108,0.0018,0.0014,0.3359,0.0000,0.3911,0.0596,0.4298,0.0000,0.0001,0.0000,0.0003,0.0006,0.0008,0.0059,0.0070
0.3369,0.0853,0.2063,0.0116,0.1719,0.0119,0.0157,0.0140,0.0057,0.0069,0.0018,0.0031,0.0080,0.0219,0.0077,0.0332,0.3916,0.0031,0.4298,0.0326,0.0002,0.0001,0.0000,0.0006,0.0001,0.0015,0.0015,0.0015
0.0515,0.2392,0.0060,0.1856,0.0051,0.0442,0.0074,0.0121,0.0051,0.0103,0.0006,0.1047,0.0030,1.0000,0.0440,0.9991,0.0007,0.0007,0.0000,0.0002,0.0205,0.0007,0.0000,0.0000,0.0000,0.0002,0.0158,0.0004
0.0735,0.0204,0.7833,0.0049,0.8413,0.0018,0.0118,0.0016,0.0012,0.0025,0.0007,0.0028,0.1068,0.0787,0.9999,0.0871,0.9956,0.0095,0.0001,0.0001,0.0007,0.0026,0.0000,0.0001,0.0000,0.0004,0.0002,0.0008
0.0656,0.9278,0.0538,1.0000,0.0457,0.4368,0.1265,0.0127,0.0243,0.9264,0.0087,1.0000,0.0648,0.9999,0.0423,0.0393,0.0259,0.0006,0.0000,0.0000,0.0000,0.0000,0.0001,0.0001,0.0000,0.0000,0.0000,0.0000
0.0073,0.0023,0.1282,0.0030,0.6025,0.0029,0.3007,0.0030,0.0024,0.0160,0.3699,0.0110,0.9999,0.0411,0.9590,0.0143,0.3164,0.0052,0.0003,0.0006,0.0000,0.0001,0.0001,0.0075,0.0000,0.0000,0.0001,0.0002
0.0074,0.3632,0.0047,0.9997,0.0096,0.2115,0.3985,0.0423,0.1891,1.0000,0.1256,0.9998,0.0322,0.1629,0.0116,0.0028,0.0038,0.0010,0.0006,0.0001,0.0000,0.0000,0.0000,0.0000,0.0000,0.0001,0.0000,0.0000
0.0043,0.0022,0.0091,0.0033,0.0129,0.0019,0.1251,0.0639,0.4986,0.5587,1.0000,0.0330,0.9260,0.0028,0.0652,0.0023,0.0113,0.0023,0.0008,0.0015,0.0002,0.0004,0.0000,0.0000,0.0001,0.0027,0.0002,0.0001
0.0022,0.0128,0.0017,0.0276,0.0051,0.0290,0.2372,0.7266,0.9999,0.9968,0.0241,0.0189,0.0033,0.0049,0.0017,0.0025,0.0044,0.0035,0.0059,0.0015,0.0158,0.0002,0.0000,0.0001,0.0000,0.0002,0.2035,0.0010
0.0020,0.0013,0.0032,0.0013,0.0057,0.0079,0.1787,0.9998,0.9998,0.0217,0.9931,0.0010,0.0362,0.0009,0.0036,0.0029,0.0019,0.0070,0.0070,0.0015,0.0004,0.0008,0.0000,0.0002,0.0000,0.0001,0.0010,0.0060