c1,c2,c3,c4,c5,c6,c7,c8,c9,c10,c11,c12,c13,c14,c15,c16,c17,c18,c19,c20,c21,c22,c23,c24,c25,c26,c27,c28
0.0002,0.0043,0.0045,0.0377,0.1371,0.0424,0.0549,0.0126,0.0206,0.0093,0.0025,0.0030,0.0031,0.0016,0.0048,0.0093,0.0053,0.0083,0.0124,0.0240,0.0054,0.0028,0.0065,0.0021,0.0087,0.0048,0.0046,0.0064
0.0043,0.0105,0.0067,0.0000,0.0014,0.0058,0.0035,0.0143,0.0195,0.0097,0.0027,0.0103,0.0031,0.0146,0.0043,0.0142,0.0062,0.0127,0.0311,0.0317,0.0149,0.0029,0.0450,0.0022,0.0465,0.0041,0.0196,0.0134
0.0045,0.0067,0.0564,0.0044,0.0013,0.0106,0.0057,0.0068,0.0095,0.0061,0.0033,0.0136,0.0032,0.0135,0.0031,0.0131,0.0036,0.0052,0.0133,0.0066,0.0066,0.0019,0.0360,0.0026,0.0492,0.0062,0.0087,0.0071
0.0377,0.0000,0.0044,0.0003,0.0145,0.0001,0.0013,0.0467,0.0154,0.0077,0.0113,0.0805,0.0083,0.0798,0.0045,0.0224,0.0041,0.0061,0.0197,0.0093,0.0159,0.0016,0.1026,0.0046,0.0295,0.0049,0.0208,0.0091
0.1371,0.0014,0.0013,0.0145,0.0211,0.0068,0.0000,0.0023,0.0123,0.0094,0.0196,0.0246,0.0039,0.0078,0.0049,0.0119,0.0043,0.0064,0.0095,0.0109,0.0042,0.0026,0.0250,0.0053,0.0232,0.0061,0.0125,0.0149
0.0424,0.0058,0.0106,0.0001,0.0068,0.0049,0.0009,0.0023,0.0052,0.0526,0.0168,0.0375,0.0057,0.0091,0.0016,0.0073,0.0016,0.0044,0.0167,0.0079,0.0040,0.0034,0.0157,0.0054,0.0174,0.0096,0.0555,0.0525
0.0549,0.0035,0.0057,0.0013,0.0000,0.0009,0.0017,0.0249,0.0001,0.0008,0.0042,0.1169,0.0263,0.1549,0.0062,0.0113,0.0048,0.0054,0.0291,0.0130,0.0100,0.0017,0.0413,0.0034,0.0743,0.0114,0.0232,0.0323
0.0126,0.0143,0.0068,0.0467,0.0023,0.0023,0.0249,0.0072,0.0263,0.0013,0.0072,0.0071,0.0024,0.0072,0.0011,0.0041,0.0024,0.0025,0.0046,0.0064,0.0059,0.0012,0.0107,0.0022,0.0440,0.0224,0.0442,0.0695
0.0206,0.0195,0.0095,0.0154,0.0123,0.0052,0.0001,0.0263,0.0242,0.0014,0.0003,0.0002,0.0020,0.0013,0.0036,0.0072,0.0054,0.0046,0.0163,0.0052,0.0047,0.0019,0.0172,0.0048,0.2843,0.0667,0.1090,0.1220
0.0093,0.0097,0.0061,0.0077,0.0094,0.0526,0.0008,0.0013,0.0014,0.0019,0.0207,0.0000,0.0001,0.0003,0.0008,0.0055,0.0036,0.0035,0.0144,0.0034,0.0096,0.0018,0.0924,0.0155,0.9950,0.1491,0.4756,0.0600
0.0025,0.0027,0.0033,0.0113,0.0196,0.0168,0.0042,0.0072,0.0003,0.0207,0.0015,0.0002,0.0001,0.0000,0.0003,0.0017,0.0025,0.0012,0.0030,0.0017,0.0016,0.0007,0.0476,0.0797,0.7810,1.0000,0.2254,0.0429
0.0030,0.0103,0.0136,0.0805,0.0246,0.0375,0.1169,0.0071,0.0002,0.0000,0.0002,0.0001,0.0004,0.0000,0.0000,0.0001,0.0010,0.0033,0.0148,0.0042,0.1332,0.0031,0.9999,0.2013,0.9981,0.1908,0.0970,0.0068
0.0031,0.0031,0.0032,0.0083,0.0039,0.0057,0.0263,0.0024,0.0020,0.0001,0.0001,0.0004,0.0065,0.0000,0.0001,0.0006,0.0032,0.0037,0.0188,0.0065,0.0046,0.0182,0.1443,0.9999,0.0402,0.9291,0.0058,0.0146
0.0016,0.0146,0.0135,0.0798,0.0078,0.0091,0.1549,0.0072,0.0013,0.0003,0.0000,0.0000,0.0000,0.0001,0.0002,0.0000,0.0000,0.0007,0.0564,0.0213,1.0000,0.1661,1.0000,0.0348,0.0362,0.0019,0.0013,0.0012
0.0048,0.0043,0.0031,0.0045,0.0049,0.0016,0.0062,0.0011,0.0036,0.0008,0.0003,0.0000,0.0001,0.0002,0.0012,0.0017,0.0002,0.0026,0.0279,0.0386,0.0471,1.0000,0.1257,0.9677,0.0047,0.0264,0.0013,0.0019
0.0093,0.0142,0.0131,0.0224,0.0119,0.0073,0.0113,0.0041,0.0072,0.0055,0.0017,0.0001,0.0006,0.0000,0.0017,0.0170,0.0011,0.0006,0.4382,0.0083,0.9994,0.2811,0.0408,0.0080,0.0018,0.0011,0.0013,0.0021
0.0053,0.0062,0.0036,0.0041,0.0043,0.0016,0.0048,0.0024,0.0054,0.0036,0.0025,0.0010,0.0032,0.0000,0.0002,0.0011,0.0091,0.7936,0.0029,0.4723,0.0012,0.9998,0.0253,0.0807,0.0021,0.0039,0.0014,0.0025
0.0083,0.0127,0.0052,0.0061,0.0064,0.0044,0.0054,0.0025,0.0046,0.0035,0.0012,0.0033,0.0037,0.0007,0.0026,0.0006,0.7936,0.1027,0.4750,0.0123,0.0010,0.1076,0.0026,0.0119,0.0020,0.0039,0.0027,0.0064
0.0124,0.0311,0.0133,0.0197,0.0095,0.0167,0.0291,0.0046,0.0163,0.0144,0.0030,0.0148,0.0188,0.0564,0.0279,0.4382,0.0029,0.4750,0.0006,0.2764,0.0001,0.0001,0.0002,0.0007,0.0011,0.0021,0.0003,0.0024
0.0240,0.0317,0.0066,0.0093,0.0109,0.0079,0.0130,0.0064,0.0052,0.0034,0.0017,0.0042,0.0065,0.0213,0.0386,0.0083,0.4723,0.0123,0.2764,0.0348,0.0003,0.0001,0.0001,0.0053,0.0010,0.0058,0.0048,0.0060
0.0054,0.0149,0.0066,0.0159,0.0042,0.0040,0.0100,0.0059,0.0047,0.0096,0.0016,0.1332,0.0046,1.0000,0.0471,0.9994,0.0012,0.0010,0.0001,0.0003,0.0024,0.0009,0.0000,0.0000,0.0001,0.0002,0.0022,0.0014
0.0028,0.0029,0.0019,0.0016,0.0026,0.0034,0.0017,0.0012,0.0019,0.0018,0.0007,0.0031,0.0182,0.1661,1.0000,0.2811,0.9998,0.1076,0.0001,0.0001,0.0009,0.0082,0.0000,0.0001,0.0001,0.0023,0.0011,0.0037
0.0065,0.0450,0.0360,0.1026,0.0250,0.0157,0.0413,0.0107,0.0172,0.0924,0.0476,0.9999,0.1443,1.0000,0.1257,0.0408,0.0253,0.0026,0.0002,0.0001,0.0000,0.0000,0.0001,0.0002,0.0000,0.0000,0.0001,0.0020
0.0021,0.0022,0.0026,0.0046,0.0053,0.0054,0.0034,0.0022,0.0048,0.0155,0.0797,0.2013,0.9999,0.0348,0.9677,0.0080,0.0807,0.0119,0.0007,0.0053,0.0000,0.0001,0.0002,0.0034,0.0002,0.0000,0.0017,0.0030
0.0087,0.0465,0.0492,0.0295,0.0232,0.0174,0.0743,0.0440,0.2843,0.9950,0.7810,0.9981,0.0402,0.0362,0.0047,0.0018,0.0021,0.0020,0.0011,0.0010,0.0001,0.0001,0.0000,0.0002,0.0000,0.0003,0.0001,0.0010
0.0048,0.0041,0.0062,0.0049,0.0061,0.0096,0.0114,0.0224,0.0667,0.1491,1.0000,0.1908,0.9291,0.0019,0.0264,0.0011,0.0039,0.0039,0.0021,0.0058,0.0002,0.0023,0.0000,0.0000,0.0003,0.0002,0.0216,0.0001
0.0046,0.0196,0.0087,0.0208,0.0125,0.0555,0.0232,0.0442,0.1090,0.4756,0.2254,0.0970,0.0058,0.0013,0.0013,0.0013,0.0014,0.0027,0.0003,0.0048,0.0022,0.0011,0.0001,0.0017,0.0001,0.0216,0.0089,0.0737
0.0064,0.0134,0.0071,0.0091,0.0149,0.0525,0.0323,0.0695,0.1220,0.0600,0.0429,0.0068,0.0146,0.0012,0.0019,0.0021,0.0025,0.0064,0.0024,0.0060,0.0014,0.0037,0.0020,0.0030,0.0010,0.0001,0.0737,0.0102