c1,c2,c3,c4,c5,c6,c7,c8,c9,c10,c11,c12,c13,c14,c15,c16,c17,c18,c19,c20,c21,c22,c23,c24,c25,c26,c27,c28
0.0009,0.0004,0.0016,0.0003,0.0201,0.0032,0.0153,0.0053,0.0062,0.0021,0.0041,0.0025,0.0147,0.0061,0.0341,0.0364,0.0138,0.0311,0.0586,0.0790,0.0064,0.0086,0.0050,0.0056,0.0080,0.0134,0.0058,0.0214
0.0004,0.0058,0.0023,0.0000,0.0002,0.0006,0.0027,0.0078,0.0092,0.0031,0.0019,0.0740,0.0054,0.5052,0.0095,0.0580,0.0063,0.0128,0.0851,0.0340,0.0499,0.0029,0.1728,0.0022,0.6074,0.0026,0.0322,0.0047
0.0016,0.0023,0.0140,0.0003,0.0003,0.0011,0.0120,0.0033,0.0119,0.0029,0.0254,0.0162,0.0545,0.0129,0.0195,0.0192,0.0105,0.0106,0.0182,0.0197,0.0035,0.0086,0.0068,0.0099,0.0074,0.0247,0.0035,0.0163
0.0003,0.0000,0.0003,0.0002,0.0023,0.0000,0.0001,0.0029,0.0085,0.0059,0.0231,0.9647,0.0319,0.4200,0.0121,0.0193,0.0048,0.0103,0.0802,0.0207,0.0696,0.0042,0.5947,0.0070,0.5244,0.0063,0.0139,0.0043
0.0201,0.0002,0.0003,0.0023,0.0143,0.0034,0.0001,0.0038,0.0256,0.0109,0.0946,0.1007,0.0167,0.0052,0.0098,0.0096,0.0068,0.0090,0.0103,0.0227,0.0052,0.0075,0.0154,0.0175,0.0100,0.0094,0.0043,0.0101
0.0032,0.0006,0.0011,0.0000,0.0034,0.0095,0.0029,0.0020,0.0161,0.1534,0.0865,0.5436,0.0144,0.0059,0.0027,0.0099,0.0023,0.0046,0.0168,0.0090,0.0166,0.0078,0.0196,0.0045,0.0364,0.0048,0.0153,0.0127
0.0153,0.0027,0.0120,0.0001,0.0001,0.0029,0.0139,0.6698,0.0177,0.0213,0.0026,0.0031,0.0084,0.0014,0.0024,0.0044,0.0035,0.0058,0.0330,0.0131,0.0096,0.0044,0.0198,0.0065,0.0078,0.0066,0.0443,0.0274
0.0053,0.0078,0.0033,0.0029,0.0038,0.0020,0.6698,0.0411,0.5401,0.0006,0.0009,0.0020,0.0011,0.0007,0.0017,0.0050,0.0028,0.0054,0.0135,0.0078,0.0046,0.0014,0.0075,0.0018,0.0162,0.0086,0.1121,0.1334
0.0062,0.0092,0.0119,0.0085,0.0256,0.0161,0.0177,0.5401,0.0040,0.0051,0.0000,0.0000,0.0004,0.0000,0.0024,0.0054,0.0040,0.0048,0.0041,0.0041,0.0056,0.0029,0.0164,0.0044,0.1337,0.0476,0.4538,0.6988
0.0021,0.0031,0.0029,0.0059,0.0109,0.1534,0.0213,0.0006,0.0051,0.0000,0.0004,0.0000,0.0000,0.0000,0.0003,0.0053,0.0031,0.0035,0.0305,0.0024,0.0089,0.0016,0.0706,0.0066,1.0000,0.2815,0.9999,0.1330
0.0041,0.0019,0.0254,0.0231,0.0946,0.0865,0.0026,0.0009,0.0000,0.0004,0.0035,0.0001,0.0003,0.0002,0.0024,0.0059,0.0060,0.0026,0.0046,0.0015,0.0015,0.0017,0.0060,0.0684,0.0434,1.0000,0.0361,0.2343
0.0025,0.0740,0.0162,0.9647,0.1007,0.5436,0.0031,0.0020,0.0000,0.0000,0.0001,0.0001,0.0004,0.0000,0.0000,0.0002,0.0010,0.0040,0.0073,0.0041,0.1408,0.0045,0.9997,0.0369,0.9998,0.0563,0.0288,0.0035
0.0147,0.0054,0.0545,0.0319,0.0167,0.0144,0.0084,0.0011,0.0004,0.0000,0.0003,0.0004,0.0095,0.0015,0.0001,0.0005,0.0034,0.0046,0.0083,0.0048,0.0034,0.0124,0.0472,0.9998,0.0230,0.3962,0.0025,0.0200
0.0061,0.5052,0.0129,0.4200,0.0052,0.0059,0.0014,0.0007,0.0000,0.0000,0.0002,0.0000,0.0015,0.0000,0.0020,0.0000,0.0000,0.0006,0.0077,0.0103,1.0000,0.1441,1.0000,0.2136,0.2693,0.0043,0.0004,0.0005
0.0341,0.0095,0.0195,0.0121,0.0098,0.0027,0.0024,0.0017,0.0024,0.0003,0.0024,0.0000,0.0001,0.0020,0.0009,0.0012,0.0001,0.0010,0.0059,0.0208,0.1144,0.9999,0.2926,0.5224,0.0143,0.0168,0.0013,0.0026
0.0364,0.0580,0.0192,0.0193,0.0096,0.0099,0.0044,0.0050,0.0054,0.0053,0.0059,0.0002,0.0005,0.0000,0.0012,0.0284,0.0005,0.0003,0.1903,0.0072,0.9989,0.1475,0.0276,0.0073,0.0014,0.0016,0.0013,0.0021
0.0138,0.0063,0.0105,0.0048,0.0068,0.0023,0.0035,0.0028,0.0040,0.0031,0.0060,0.0010,0.0034,0.0000,0.0001,0.0005,0.0105,0.4600,0.0007,0.7094,0.0023,0.9991,0.0139,0.1067,0.0018,0.0067,0.0014,0.0019
0.0311,0.0128,0.0106,0.0103,0.0090,0.0046,0.0058,0.0054,0.0048,0.0035,0.0026,0.0040,0.0046,0.0006,0.0010,0.0003,0.4600,0.1005,0.2633,0.0130,0.0011,0.0738,0.0027,0.0101,0.0013,0.0041,0.0028,0.0052
0.0586,0.0851,0.0182,0.0802,0.0103,0.0168,0.0330,0.0135,0.0041,0.0305,0.0046,0.0073,0.0083,0.0077,0.0059,0.1903,0.0007,0.2633,0.0229,0.1548,0.0000,0.0001,0.0002,0.0007,0.0014,0.0034,0.0024,0.0034
0.0790,0.0340,0.0197,0.0207,0.0227,0.0090,0.0131,0.0078,0.0041,0.0024,0.0015,0.0041,0.0048,0.0103,0.0208,0.0072,0.7094,0.0130,0.1548,0.0354,0.0002,0.0001,0.0001,0.0032,0.0005,0.0056,0.0027,0.0044
0.0064,0.0499,0.0035,0.0696,0.0052,0.0166,0.0096,0.0046,0.0056,0.0089,0.0015,0.1408,0.0034,1.0000,0.1144,0.9989,0.0023,0.0011,0.0000,0.0002,0.0017,0.0008,0.0000,0.0001,0.0001,0.0003,0.0015,0.0010
0.0086,0.0029,0.0086,0.0042,0.0075,0.0078,0.0044,0.0014,0.0029,0.0016,0.0017,0.0045,0.0124,0.1441,0.9999,0.1475,0.9991,0.0738,0.0001,0.0001,0.0008,0.0249,0.0000,0.0001,0.0001,0.0020,0.0006,0.0048
0.0050,0.1728,0.0068,0.5947,0.0154,0.0196,0.0198,0.0075,0.0164,0.0706,0.0060,0.9997,0.0472,1.0000,0.2926,0.0276,0.0139,0.0027,0.0002,0.0001,0.0000,0.0000,0.0007,0.0006,0.0000,0.0000,0.0000,0.0008
0.0056,0.0022,0.0099,0.0070,0.0175,0.0045,0.0065,0.0018,0.0044,0.0066,0.0684,0.0369,0.9998,0.2136,0.5224,0.0073,0.1067,0.0101,0.0007,0.0032,0.0001,0.0001,0.0006,0.0085,0.0001,0.0000,0.0005,0.0060
0.0080,0.6074,0.0074,0.5244,0.0100,0.0364,0.0078,0.0162,0.1337,1.0000,0.0434,0.9998,0.0230,0.2693,0.0143,0.0014,0.0018,0.0013,0.0014,0.0005,0.0001,0.0001,0.0000,0.0001,0.0000,0.0002,0.0000,0.0002
0.0134,0.0026,0.0247,0.0063,0.0094,0.0048,0.0066,0.0086,0.0476,0.2815,1.0000,0.0563,0.3962,0.0043,0.0168,0.0016,0.0067,0.0041,0.0034,0.0056,0.0003,0.0020,0.0000,0.0000,0.0002,0.0012,0.0067,0.0001
0.0058,0.0322,0.0035,0.0139,0.0043,0.0153,0.0443,0.1121,0.4538,0.9999,0.0361,0.0288,0.0025,0.0004,0.0013,0.0013,0.0014,0.0028,0.0024,0.0027,0.0015,0.0006,0.0000,0.0005,0.0000,0.0067,0.0097,0.0419
0.0214,0.0047,0.0163,0.0043,0.0101,0.0127,0.0274,0.1334,0.6988,0.1330,0.2343,0.0035,0.0200,0.0005,0.0026,0.0021,0.0019,0.0052,0.0034,0.0044,0.0010,0.0048,0.0008,0.0060,0.0002,0.0001,0.0419,0.0067