c1,c2,c3,c4,c5,c6,c7,c8,c9,c10,c11,c12,c13,c14,c15,c16,c17,c18,c19,c20,c21,c22,c23,c24,c25,c26,c27,c28
0.0001,0.0013,0.0029,0.0097,0.0305,0.0091,0.0317,0.0161,0.0094,0.0053,0.0034,0.0030,0.0099,0.0085,0.0212,0.0256,0.0119,0.0189,0.0329,0.0216,0.0047,0.0027,0.0042,0.0025,0.0068,0.0062,0.0054,0.0103
0.0013,0.0045,0.0038,0.0000,0.0002,0.0015,0.0071,0.0109,0.0086,0.0097,0.0020,0.0587,0.0099,0.6793,0.0039,0.0655,0.0077,0.0093,0.0459,0.0171,0.0220,0.0022,0.1113,0.0012,0.0934,0.0024,0.0132,0.0060
0.0029,0.0038,0.0197,0.0015,0.0001,0.0020,0.0206,0.0057,0.0133,0.0043,0.0144,0.0194,0.0227,0.0872,0.0118,0.0229,0.0074,0.0069,0.0095,0.0064,0.0041,0.0039,0.0103,0.0042,0.0104,0.0088,0.0048,0.0089
0.0097,0.0000,0.0015,0.0004,0.0031,0.0000,0.0003,0.0118,0.0089,0.0047,0.0216,0.9502,0.0172,0.2599,0.0049,0.0191,0.0056,0.0094,0.0353,0.0087,0.0169,0.0028,0.3878,0.0041,0.1127,0.0060,0.0101,0.0042
0.0305,0.0002,0.0001,0.0031,0.0063,0.0016,0.0001,0.0034,0.0313,0.0356,0.0536,0.7234,0.0148,0.0776,0.0078,0.0092,0.0048,0.0054,0.0068,0.0070,0.0051,0.0034,0.0225,0.0047,0.0174,0.0054,0.0047,0.0093
0.0091,0.0015,0.0020,0.0000,0.0016,0.0037,0.0021,0.0010,0.0157,0.1124,0.1035,0.3414,0.0228,0.0463,0.0029,0.0105,0.0030,0.0045,0.0115,0.0050,0.0102,0.0066,0.0286,0.0034,0.0208,0.0051,0.0148,0.0131
0.0317,0.0071,0.0206,0.0003,0.0001,0.0021,0.0120,0.2854,0.0274,0.0503,0.0030,0.0150,0.0109,0.0057,0.0015,0.0031,0.0040,0.0032,0.0146,0.0037,0.0051,0.0019,0.0180,0.0030,0.0370,0.0051,0.0200,0.0289
0.0161,0.0109,0.0057,0.0118,0.0034,0.0010,0.2854,0.0227,0.5152,0.0011,0.0011,0.0031,0.0014,0.0028,0.0013,0.0049,0.0027,0.0033,0.0059,0.0025,0.0039,0.0011,0.0063,0.0017,0.0357,0.0113,0.0362,0.1892
0.0094,0.0086,0.0133,0.0089,0.0313,0.0157,0.0274,0.5152,0.0034,0.0238,0.0001,0.0000,0.0009,0.0006,0.0019,0.0039,0.0038,0.0025,0.0007,0.0029,0.0054,0.0021,0.0157,0.0038,0.2494,0.0336,0.0582,0.2705
0.0053,0.0097,0.0043,0.0047,0.0356,0.1124,0.0503,0.0011,0.0238,0.0005,0.0012,0.0000,0.0000,0.0000,0.0001,0.0034,0.0021,0.0024,0.0115,0.0020,0.0048,0.0010,0.0790,0.0040,0.9995,0.1371,0.9944,0.2709
0.0034,0.0020,0.0144,0.0216,0.0536,0.1035,0.0030,0.0011,0.0001,0.0012,0.0031,0.0001,0.0001,0.0001,0.0009,0.0017,0.0048,0.0016,0.0030,0.0008,0.0020,0.0012,0.0106,0.0469,0.4008,1.0000,0.2156,0.2437
0.0030,0.0587,0.0194,0.9502,0.7234,0.3414,0.0150,0.0031,0.0000,0.0000,0.0001,0.0000,0.0003,0.0000,0.0000,0.0000,0.0004,0.0021,0.0060,0.0023,0.1417,0.0032,1.0000,0.0497,0.9997,0.1854,0.0998,0.0041
0.0099,0.0099,0.0227,0.0172,0.0148,0.0228,0.0109,0.0014,0.0009,0.0000,0.0001,0.0003,0.0035,0.0000,0.0001,0.0003,0.0028,0.0025,0.0093,0.0049,0.0037,0.0087,0.3639,1.0000,0.0517,0.6753,0.0051,0.0182
0.0085,0.6793,0.0872,0.2599,0.0776,0.0463,0.0057,0.0028,0.0006,0.0000,0.0001,0.0000,0.0000,0.0000,0.0001,0.0000,0.0000,0.0005,0.0275,0.0147,1.0000,0.0518,1.0000,0.0765,0.0528,0.0025,0.0017,0.0006
0.0212,0.0039,0.0118,0.0049,0.0078,0.0029,0.0015,0.0013,0.0019,0.0001,0.0009,0.0000,0.0001,0.0001,0.0012,0.0006,0.0003,0.0017,0.0141,0.0599,0.0774,1.0000,0.2103,0.9890,0.0035,0.0200,0.0011,0.0025
0.0256,0.0655,0.0229,0.0191,0.0092,0.0105,0.0031,0.0049,0.0039,0.0034,0.0017,0.0000,0.0003,0.0000,0.0006,0.0095,0.0004,0.0005,0.6484,0.0431,0.9997,0.4298,0.0408,0.0075,0.0012,0.0019,0.0013,0.0021
0.0119,0.0077,0.0074,0.0056,0.0048,0.0030,0.0040,0.0027,0.0038,0.0021,0.0048,0.0004,0.0028,0.0000,0.0003,0.0004,0.0107,0.6465,0.0011,0.7788,0.0044,0.9994,0.0125,0.1279,0.0013,0.0048,0.0018,0.0026
0.0189,0.0093,0.0069,0.0094,0.0054,0.0045,0.0032,0.0033,0.0025,0.0024,0.0016,0.0021,0.0025,0.0005,0.0017,0.0005,0.6465,0.1689,0.4812,0.0280,0.0011,0.1580,0.0034,0.0137,0.0020,0.0038,0.0028,0.0061
0.0329,0.0459,0.0095,0.0353,0.0068,0.0115,0.0146,0.0059,0.0007,0.0115,0.0030,0.0060,0.0093,0.0275,0.0141,0.6484,0.0011,0.4812,0.0090,0.5736,0.0000,0.0002,0.0003,0.0011,0.0016,0.0026,0.0006,0.0038
0.0216,0.0171,0.0064,0.0087,0.0070,0.0050,0.0037,0.0025,0.0029,0.0020,0.0008,0.0023,0.0049,0.0147,0.0599,0.0431,0.7788,0.0280,0.5736,0.1731,0.0010,0.0001,0.0001,0.0022,0.0007,0.0041,0.0046,0.0058
0.0047,0.0220,0.0041,0.0169,0.0051,0.0102,0.0051,0.0039,0.0054,0.0048,0.0020,0.1417,0.0037,1.0000,0.0774,0.9997,0.0044,0.0011,0.0000,0.0010,0.0027,0.0004,0.0000,0.0000,0.0001,0.0002,0.0018,0.0014
0.0027,0.0022,0.0039,0.0028,0.0034,0.0066,0.0019,0.0011,0.0021,0.0010,0.0012,0.0032,0.0087,0.0518,1.0000,0.4298,0.9994,0.1580,0.0002,0.0001,0.0004,0.0089,0.0000,0.0002,0.0001,0.0023,0.0006,0.0040
0.0042,0.1113,0.0103,0.3878,0.0225,0.0286,0.0180,0.0063,0.0157,0.0790,0.0106,1.0000,0.3639,1.0000,0.2103,0.0408,0.0125,0.0034,0.0003,0.0001,0.0000,0.0000,0.0004,0.0003,0.0000,0.0000,0.0000,0.0008
0.0025,0.0012,0.0042,0.0041,0.0047,0.0034,0.0030,0.0017,0.0038,0.0040,0.0469,0.0497,1.0000,0.0765,0.9890,0.0075,0.1279,0.0137,0.0011,0.0022,0.0000,0.0002,0.0003,0.0097,0.0003,0.0000,0.0010,0.0034
0.0068,0.0934,0.0104,0.1127,0.0174,0.0208,0.0370,0.0357,0.2494,0.9995,0.4008,0.9997,0.0517,0.0528,0.0035,0.0012,0.0013,0.0020,0.0016,0.0007,0.0001,0.0001,0.0000,0.0003,0.0000,0.0008,0.0003,0.0007
0.0062,0.0024,0.0088,0.0060,0.0054,0.0051,0.0051,0.0113,0.0336,0.1371,1.0000,0.1854,0.6753,0.0025,0.0200,0.0019,0.0048,0.0038,0.0026,0.0041,0.0002,0.0023,0.0000,0.0000,0.0008,0.0015,0.0226,0.0001
0.0054,0.0132,0.0048,0.0101,0.0047,0.0148,0.0200,0.0362,0.0582,0.9944,0.2156,0.0998,0.0051,0.0017,0.0011,0.0013,0.0018,0.0028,0.0006,0.0046,0.0018,0.0006,0.0000,0.0010,0.0003,0.0226,0.0064,0.0425
0.0103,0.0060,0.0089,0.0042,0.0093,0.0131,0.0289,0.1892,0.2705,0.2709,0.2437,0.0041,0.0182,0.0006,0.0025,0.0021,0.0026,0.0061,0.0038,0.0058,0.0014,0.0040,0.0008,0.0034,0.0007,0.0001,0.0425,0.0038