c1,c2,c3,c4,c5,c6,c7,c8,c9,c10,c11,c12,c13,c14,c15,c16,c17,c18,c19,c20,c21,c22,c23,c24,c25,c26,c27,c28
0.0018,0.0004,0.0007,0.0003,0.0220,0.0050,0.0149,0.0080,0.0055,0.0024,0.0073,0.0010,0.0097,0.0036,0.0150,0.0640,0.0100,0.0498,0.0449,0.1256,0.0074,0.0070,0.0059,0.0043,0.0115,0.0118,0.0090,0.0235
0.0004,0.0018,0.0018,0.0000,0.0001,0.0003,0.0011,0.0054,0.0098,0.0077,0.0027,0.2162,0.0146,0.2615,0.0087,0.0604,0.0159,0.0208,0.1002,0.0185,0.0364,0.0040,0.2074,0.0017,0.7063,0.0031,0.1177,0.0070
0.0007,0.0018,0.0216,0.0002,0.0001,0.0021,0.0036,0.0043,0.0094,0.0036,0.0764,0.0032,0.1942,0.0088,0.0069,0.0287,0.0129,0.0171,0.0245,0.0222,0.0034,0.0074,0.0070,0.0199,0.0100,0.0339,0.0060,0.0159
0.0003,0.0000,0.0002,0.0000,0.0013,0.0000,0.0001,0.0029,0.0126,0.0401,0.0610,0.9732,0.1709,0.4238,0.0162,0.0311,0.0089,0.0130,0.1192,0.0121,0.0490,0.0043,0.5849,0.0058,0.6294,0.0045,0.0445,0.0068
0.0220,0.0001,0.0001,0.0013,0.0048,0.0028,0.0000,0.0037,0.0223,0.0094,0.4959,0.0719,0.0183,0.0038,0.0421,0.0090,0.0088,0.0072,0.0107,0.0121,0.0058,0.0125,0.0168,0.0159,0.0343,0.0111,0.0072,0.0104
0.0050,0.0003,0.0021,0.0000,0.0028,0.0076,0.0015,0.0014,0.0188,0.0534,0.2090,0.3546,0.0179,0.0026,0.0025,0.0235,0.0028,0.0056,0.0139,0.0114,0.0163,0.0130,0.0249,0.0048,0.0658,0.0038,0.0268,0.0146
0.0149,0.0011,0.0036,0.0001,0.0000,0.0015,0.0052,0.1779,0.0009,0.0235,0.0044,0.0152,0.0151,0.0029,0.0055,0.0066,0.0198,0.0061,0.0206,0.0230,0.0112,0.0094,0.0329,0.0105,0.1722,0.0108,0.0200,0.0144
0.0080,0.0054,0.0043,0.0029,0.0037,0.0014,0.1779,0.0115,0.2221,0.0002,0.0015,0.0056,0.0012,0.0017,0.0028,0.0056,0.0041,0.0166,0.0101,0.0132,0.0057,0.0033,0.0112,0.0035,0.0831,0.0095,0.0379,0.0339
0.0055,0.0098,0.0094,0.0126,0.0223,0.0188,0.0009,0.2221,0.0037,0.0120,0.0000,0.0001,0.0006,0.0000,0.0042,0.0075,0.0068,0.0057,0.0228,0.0062,0.0115,0.0037,0.0482,0.0114,0.1899,0.0705,0.1473,0.0392
0.0024,0.0077,0.0036,0.0401,0.0094,0.0534,0.0235,0.0002,0.0120,0.0033,0.0015,0.0000,0.0001,0.0002,0.0012,0.0072,0.0057,0.0041,0.0157,0.0191,0.0073,0.0025,0.0749,0.0113,0.8469,0.2135,0.4802,0.0408
0.0073,0.0027,0.0764,0.0610,0.4959,0.2090,0.0044,0.0015,0.0000,0.0015,0.0036,0.0002,0.0001,0.0005,0.0020,0.0032,0.0048,0.0024,0.0047,0.0018,0.0029,0.0028,0.0076,0.0802,0.0193,0.9820,0.0252,0.0392
0.0010,0.2162,0.0032,0.9732,0.0719,0.3546,0.0152,0.0056,0.0001,0.0000,0.0002,0.0000,0.0004,0.0000,0.0001,0.0004,0.0015,0.0034,0.0124,0.0015,0.1552,0.0036,0.9984,0.0401,0.9750,0.0304,0.0970,0.0044
0.0097,0.0146,0.1942,0.1709,0.0183,0.0179,0.0151,0.0012,0.0006,0.0001,0.0001,0.0004,0.0042,0.0012,0.0000,0.0005,0.0019,0.0040,0.0075,0.0064,0.0048,0.0144,0.0345,0.9971,0.0231,0.1109,0.0035,0.0234
0.0036,0.2615,0.0088,0.4238,0.0038,0.0026,0.0029,0.0017,0.0000,0.0002,0.0005,0.0000,0.0012,0.0000,0.0023,0.0000,0.0000,0.0026,0.0057,0.0084,1.0000,0.0916,0.9999,0.1397,0.1343,0.0023,0.0048,0.0012
0.0150,0.0087,0.0069,0.0162,0.0421,0.0025,0.0055,0.0028,0.0042,0.0012,0.0020,0.0001,0.0000,0.0023,0.0024,0.0011,0.0001,0.0007,0.0041,0.0173,0.0590,0.9997,0.1419,0.4943,0.0140,0.0148,0.0022,0.0043
0.0640,0.0604,0.0287,0.0311,0.0090,0.0235,0.0066,0.0056,0.0075,0.0072,0.0032,0.0004,0.0005,0.0000,0.0011,0.0153,0.0008,0.0001,0.0957,0.0113,0.9945,0.1204,0.0335,0.0055,0.0014,0.0012,0.0018,0.0023
0.0100,0.0159,0.0129,0.0089,0.0088,0.0028,0.0198,0.0041,0.0068,0.0057,0.0048,0.0015,0.0019,0.0000,0.0001,0.0008,0.0070,0.1689,0.0002,0.3503,0.0018,0.9936,0.0139,0.1803,0.0035,0.0078,0.0019,0.0025
0.0498,0.0208,0.0171,0.0130,0.0072,0.0056,0.0061,0.0166,0.0057,0.0041,0.0024,0.0034,0.0040,0.0026,0.0007,0.0001,0.1689,0.0543,0.1266,0.0026,0.0014,0.0589,0.0026,0.0118,0.0046,0.0039,0.0040,0.0047
0.0449,0.1002,0.0245,0.1192,0.0107,0.0139,0.0206,0.0101,0.0228,0.0157,0.0047,0.0124,0.0075,0.0057,0.0041,0.0957,0.0002,0.1266,0.0070,0.1465,0.0000,0.0002,0.0002,0.0009,0.0039,0.0036,0.0144,0.0052
0.1256,0.0185,0.0222,0.0121,0.0121,0.0114,0.0230,0.0132,0.0062,0.0191,0.0018,0.0015,0.0064,0.0084,0.0173,0.0113,0.3503,0.0026,0.1465,0.0320,0.0002,0.0001,0.0001,0.0040,0.0008,0.0068,0.0039,0.0043
0.0074,0.0364,0.0034,0.0490,0.0058,0.0163,0.0112,0.0057,0.0115,0.0073,0.0029,0.1552,0.0048,1.0000,0.0590,0.9945,0.0018,0.0014,0.0000,0.0002,0.0009,0.0017,0.0000,0.0001,0.0001,0.0004,0.0064,0.0017
0.0070,0.0040,0.0074,0.0043,0.0125,0.0130,0.0094,0.0033,0.0037,0.0025,0.0028,0.0036,0.0144,0.0916,0.9997,0.1204,0.9936,0.0589,0.0002,0.0001,0.0017,0.0051,0.0000,0.0001,0.0001,0.0018,0.0011,0.0049
0.0059,0.2074,0.0070,0.5849,0.0168,0.0249,0.0329,0.0112,0.0482,0.0749,0.0076,0.9984,0.0345,0.9999,0.1419,0.0335,0.0139,0.0026,0.0002,0.0001,0.0000,0.0000,0.0004,0.0008,0.0000,0.0000,0.0003,0.0013
0.0043,0.0017,0.0199,0.0058,0.0159,0.0048,0.0105,0.0035,0.0114,0.0113,0.0802,0.0401,0.9971,0.1397,0.4943,0.0055,0.1803,0.0118,0.0009,0.0040,0.0001,0.0001,0.0008,0.0055,0.0001,0.0001,0.0006,0.0032
0.0115,0.7063,0.0100,0.6294,0.0343,0.0658,0.1722,0.0831,0.1899,0.8469,0.0193,0.9750,0.0231,0.1343,0.0140,0.0014,0.0035,0.0046,0.0039,0.0008,0.0001,0.0001,0.0000,0.0001,0.0000,0.0024,0.0000,0.0004
0.0118,0.0031,0.0339,0.0045,0.0111,0.0038,0.0108,0.0095,0.0705,0.2135,0.9820,0.0304,0.1109,0.0023,0.0148,0.0012,0.0078,0.0039,0.0036,0.0068,0.0004,0.0018,0.0000,0.0001,0.0024,0.0063,0.0025,0.0044
0.0090,0.1177,0.0060,0.0445,0.0072,0.0268,0.0200,0.0379,0.1473,0.4802,0.0252,0.0970,0.0035,0.0048,0.0022,0.0018,0.0019,0.0040,0.0144,0.0039,0.0064,0.0011,0.0003,0.0006,0.0000,0.0025,0.0183,0.0154
0.0235,0.0070,0.0159,0.0068,0.0104,0.0146,0.0144,0.0339,0.0392,0.0408,0.0392,0.0044,0.0234,0.0012,0.0043,0.0023,0.0025,0.0047,0.0052,0.0043,0.0017,0.0049,0.0013,0.0032,0.0004,0.0044,0.0154,0.0310