c1,c2,c3,c4,c5,c6,c7,c8,c9,c10,c11,c12,c13,c14,c15,c16,c17,c18,c19,c20,c21,c22,c23,c24,c25,c26,c27,c28
0.0002,0.0008,0.0039,0.0012,0.0652,0.0044,0.0180,0.0046,0.0087,0.0033,0.0047,0.0025,0.0135,0.0069,0.0445,0.0446,0.0097,0.0136,0.0275,0.0261,0.0058,0.0053,0.0059,0.0031,0.0180,0.0078,0.0076,0.0089
0.0008,0.0009,0.0016,0.0000,0.0001,0.0004,0.0025,0.0077,0.0090,0.0079,0.0027,0.0652,0.0297,0.9292,0.0102,0.1108,0.0096,0.0117,0.0551,0.0108,0.0316,0.0026,0.0618,0.0018,0.3582,0.0019,0.0262,0.0044
0.0039,0.0016,0.0240,0.0005,0.0002,0.0011,0.0084,0.0038,0.0133,0.0046,0.0334,0.0177,0.1083,0.0414,0.0119,0.0263,0.0055,0.0057,0.0099,0.0072,0.0039,0.0036,0.0090,0.0045,0.0144,0.0133,0.0061,0.0142
0.0012,0.0000,0.0005,0.0001,0.0035,0.0000,0.0003,0.0173,0.0142,0.0188,0.0395,0.9998,0.0178,0.2939,0.0041,0.0147,0.0035,0.0052,0.0155,0.0049,0.0126,0.0021,0.1748,0.0040,0.3587,0.0027,0.0155,0.0032
0.0652,0.0001,0.0002,0.0035,0.0082,0.0017,0.0001,0.0048,0.0333,0.0109,0.7780,0.3606,0.0188,0.0102,0.0076,0.0076,0.0044,0.0050,0.0055,0.0059,0.0048,0.0038,0.0086,0.0052,0.0136,0.0046,0.0071,0.0078
0.0044,0.0004,0.0011,0.0000,0.0017,0.0015,0.0039,0.0487,0.0294,0.4392,0.3923,0.6755,0.0136,0.0099,0.0017,0.0051,0.0015,0.0029,0.0066,0.0042,0.0067,0.0024,0.0101,0.0024,0.0333,0.0032,0.0679,0.0087
0.0180,0.0025,0.0084,0.0003,0.0001,0.0039,0.0129,0.5424,0.0072,0.0120,0.0028,0.0072,0.0144,0.0025,0.0024,0.0046,0.0047,0.0043,0.0102,0.0066,0.0064,0.0027,0.0159,0.0042,0.0300,0.0061,0.0929,0.0521
0.0046,0.0077,0.0038,0.0173,0.0048,0.0487,0.5424,0.0046,0.1235,0.0012,0.0006,0.0047,0.0006,0.0013,0.0010,0.0035,0.0021,0.0019,0.0034,0.0041,0.0037,0.0013,0.0075,0.0016,0.1027,0.0114,0.3000,0.1050
0.0087,0.0090,0.0133,0.0142,0.0333,0.0294,0.0072,0.1235,0.0019,0.0053,0.0001,0.0000,0.0006,0.0002,0.0022,0.0036,0.0038,0.0031,0.0007,0.0054,0.0059,0.0019,0.0219,0.0096,0.2193,0.1444,0.6845,0.2627
0.0033,0.0079,0.0046,0.0188,0.0109,0.4392,0.0120,0.0012,0.0053,0.0005,0.0003,0.0000,0.0000,0.0001,0.0005,0.0044,0.0018,0.0017,0.0066,0.0024,0.0038,0.0011,0.0609,0.0063,0.9986,0.2795,0.9982,0.0477
0.0047,0.0027,0.0334,0.0395,0.7780,0.3923,0.0028,0.0006,0.0001,0.0003,0.0007,0.0001,0.0001,0.0000,0.0006,0.0016,0.0036,0.0013,0.0020,0.0013,0.0010,0.0008,0.0095,0.1180,0.1005,1.0000,0.0363,0.4878
0.0025,0.0652,0.0177,0.9998,0.3606,0.6755,0.0072,0.0047,0.0000,0.0000,0.0001,0.0001,0.0001,0.0000,0.0000,0.0001,0.0006,0.0025,0.0053,0.0026,0.0413,0.0028,0.9997,0.0691,0.9985,0.0505,0.0475,0.0042
0.0135,0.0297,0.1083,0.0178,0.0188,0.0136,0.0144,0.0006,0.0006,0.0000,0.0001,0.0001,0.0059,0.0000,0.0001,0.0002,0.0023,0.0024,0.0098,0.0064,0.0031,0.0143,0.2419,1.0000,0.0281,0.5849,0.0034,0.0360
0.0069,0.9292,0.0414,0.2939,0.0102,0.0099,0.0025,0.0013,0.0002,0.0001,0.0000,0.0000,0.0000,0.0000,0.0001,0.0000,0.0000,0.0002,0.0175,0.0106,1.0000,0.0612,1.0000,0.0353,0.1407,0.0025,0.0014,0.0012
0.0445,0.0102,0.0119,0.0041,0.0076,0.0017,0.0024,0.0010,0.0022,0.0005,0.0006,0.0000,0.0001,0.0001,0.0017,0.0010,0.0002,0.0021,0.0291,0.0422,0.0481,1.0000,0.1941,0.9259,0.0049,0.0189,0.0007,0.0026
0.0446,0.1108,0.0263,0.0147,0.0076,0.0051,0.0046,0.0035,0.0036,0.0044,0.0016,0.0001,0.0002,0.0000,0.0010,0.0077,0.0010,0.0006,0.6013,0.0203,0.9998,0.3007,0.0562,0.0042,0.0024,0.0012,0.0012,0.0023
0.0097,0.0096,0.0055,0.0035,0.0044,0.0015,0.0047,0.0021,0.0038,0.0018,0.0036,0.0006,0.0023,0.0000,0.0002,0.0010,0.0088,0.8096,0.0021,0.6082,0.0032,0.9997,0.0213,0.0571,0.0017,0.0057,0.0019,0.0028
0.0136,0.0117,0.0057,0.0052,0.0050,0.0029,0.0043,0.0019,0.0031,0.0017,0.0013,0.0025,0.0024,0.0002,0.0021,0.0006,0.8096,0.1971,0.5118,0.0298,0.0012,0.1180,0.0034,0.0101,0.0023,0.0063,0.0067,0.0089
0.0275,0.0551,0.0099,0.0155,0.0055,0.0066,0.0102,0.0034,0.0007,0.0066,0.0020,0.0053,0.0098,0.0175,0.0291,0.6013,0.0021,0.5118,0.0019,0.3651,0.0001,0.0002,0.0002,0.0010,0.0022,0.0070,0.0144,0.0069
0.0261,0.0108,0.0072,0.0049,0.0059,0.0042,0.0066,0.0041,0.0054,0.0024,0.0013,0.0026,0.0064,0.0106,0.0422,0.0203,0.6082,0.0298,0.3651,0.0511,0.0002,0.0002,0.0001,0.0056,0.0011,0.0131,0.0106,0.0096
0.0058,0.0316,0.0039,0.0126,0.0048,0.0067,0.0064,0.0037,0.0059,0.0038,0.0010,0.0413,0.0031,1.0000,0.0481,0.9998,0.0032,0.0012,0.0001,0.0002,0.0019,0.0004,0.0000,0.0000,0.0002,0.0002,0.0044,0.0021
0.0053,0.0026,0.0036,0.0021,0.0038,0.0024,0.0027,0.0013,0.0019,0.0011,0.0008,0.0028,0.0143,0.0612,1.0000,0.3007,0.9997,0.1180,0.0002,0.0002,0.0004,0.0050,0.0000,0.0002,0.0001,0.0027,0.0010,0.0050
0.0059,0.0618,0.0090,0.1748,0.0086,0.0101,0.0159,0.0075,0.0219,0.0609,0.0095,0.9997,0.2419,1.0000,0.1941,0.0562,0.0213,0.0034,0.0002,0.0001,0.0000,0.0000,0.0005,0.0006,0.0000,0.0000,0.0000,0.0009
0.0031,0.0018,0.0045,0.0040,0.0052,0.0024,0.0042,0.0016,0.0096,0.0063,0.1180,0.0691,1.0000,0.0353,0.9259,0.0042,0.0571,0.0101,0.0010,0.0056,0.0000,0.0002,0.0006,0.0059,0.0002,0.0001,0.0003,0.0071
0.0180,0.3582,0.0144,0.3587,0.0136,0.0333,0.0300,0.1027,0.2193,0.9986,0.1005,0.9985,0.0281,0.1407,0.0049,0.0024,0.0017,0.0023,0.0022,0.0011,0.0002,0.0001,0.0000,0.0002,0.0000,0.0003,0.0000,0.0001
0.0078,0.0019,0.0133,0.0027,0.0046,0.0032,0.0061,0.0114,0.1444,0.2795,1.0000,0.0505,0.5849,0.0025,0.0189,0.0012,0.0057,0.0063,0.0070,0.0131,0.0002,0.0027,0.0000,0.0001,0.0003,0.0012,0.0002,0.0004
0.0076,0.0262,0.0061,0.0155,0.0071,0.0679,0.0929,0.3000,0.6845,0.9982,0.0363,0.0475,0.0034,0.0014,0.0007,0.0012,0.0019,0.0067,0.0144,0.0106,0.0044,0.0010,0.0000,0.0003,0.0000,0.0002,0.0057,0.0020
0.0089,0.0044,0.0142,0.0032,0.0078,0.0087,0.0521,0.1050,0.2627,0.0477,0.4878,0.0042,0.0360,0.0012,0.0026,0.0023,0.0028,0.0089,0.0069,0.0096,0.0021,0.0050,0.0009,0.0071,0.0001,0.0004,0.0020,0.0077