c1,c2,c3,c4,c5,c6,c7,c8,c9,c10,c11,c12,c13,c14,c15,c16,c17,c18,c19,c20,c21,c22,c23,c24,c25,c26,c27,c28
0.0064,0.0011,0.0040,0.0004,0.0092,0.0015,0.0032,0.0030,0.0032,0.0019,0.0019,0.0043,0.0064,0.0046,0.0156,0.0172,0.0127,0.0191,0.0338,0.0765,0.0089,0.1165,0.0379,0.0096,0.0075,0.0215,0.0039,0.0065
0.0011,0.0303,0.0048,0.0000,0.0002,0.0001,0.0006,0.0036,0.0036,0.0053,0.0013,0.1148,0.0046,0.0713,0.0049,0.0125,0.0053,0.0149,0.1136,0.0792,0.1209,0.0111,0.5189,0.0030,0.2871,0.0037,0.0405,0.0024
0.0040,0.0048,0.2333,0.0002,0.0015,0.0003,0.0007,0.0014,0.0033,0.0029,0.0101,0.0100,0.0153,0.0026,0.0119,0.0071,0.0212,0.0117,0.0223,0.0469,0.0042,0.0799,0.0287,0.0452,0.0038,0.0199,0.0037,0.0119
0.0004,0.0000,0.0002,0.0002,0.0013,0.0000,0.0001,0.0004,0.0012,0.2664,0.0040,0.9849,0.0096,0.0337,0.0068,0.0047,0.0027,0.0078,0.0286,0.0057,0.0609,0.0027,0.9964,0.0050,0.9941,0.0088,0.2294,0.0013
0.0092,0.0002,0.0015,0.0013,0.0207,0.0006,0.0021,0.0010,0.0003,0.0033,0.0269,0.0090,0.0101,0.0010,0.0170,0.0072,0.0331,0.0245,0.0329,0.0986,0.0063,0.0824,0.0263,0.0460,0.0054,0.0134,0.0107,0.0178
0.0015,0.0001,0.0003,0.0000,0.0006,0.0049,0.0219,0.0002,0.0003,0.1167,0.0686,0.8099,0.0194,0.0473,0.0078,0.0103,0.0037,0.0171,0.0764,0.0105,0.0875,0.0025,0.3279,0.0024,0.0560,0.0030,0.0696,0.0102
0.0032,0.0006,0.0007,0.0001,0.0021,0.0219,0.0001,0.6661,0.0228,0.1370,0.0086,0.0012,0.0024,0.0000,0.0029,0.0024,0.0034,0.0050,0.0038,0.0145,0.0061,0.0058,0.0939,0.0571,0.1192,0.0325,0.1511,0.1590
0.0030,0.0036,0.0014,0.0004,0.0010,0.0002,0.6661,0.1252,0.0940,0.0000,0.0002,0.0001,0.0012,0.0005,0.0037,0.0074,0.0072,0.0176,0.1731,0.0120,0.0053,0.0023,0.0148,0.0025,0.0241,0.0291,0.7928,0.9993
0.0032,0.0036,0.0033,0.0012,0.0003,0.0003,0.0228,0.0940,0.0124,0.0001,0.0000,0.0000,0.0002,0.0001,0.0013,0.0043,0.0027,0.0063,0.0212,0.0060,0.0050,0.0027,0.0384,0.0041,0.1402,0.6459,0.9909,1.0000
0.0019,0.0053,0.0029,0.2664,0.0033,0.1167,0.1370,0.0000,0.0001,0.0022,0.0001,0.0000,0.0000,0.0000,0.0001,0.0017,0.0068,0.0073,0.0534,0.0045,0.0205,0.0073,0.9829,0.0352,1.0000,0.3192,0.9935,0.0270
0.0019,0.0013,0.0101,0.0040,0.0269,0.0686,0.0086,0.0002,0.0000,0.0001,0.0018,0.0000,0.0004,0.0003,0.0062,0.0027,0.0077,0.0053,0.0062,0.0022,0.0007,0.0038,0.0089,0.8729,0.1764,1.0000,0.0055,0.6474
0.0043,0.1148,0.0100,0.9849,0.0090,0.8099,0.0012,0.0001,0.0000,0.0000,0.0000,0.0022,0.0003,0.0000,0.0000,0.0002,0.0022,0.0095,0.0217,0.0030,0.1609,0.0031,0.9999,0.0230,0.9995,0.0154,0.0429,0.0026
0.0064,0.0046,0.0153,0.0096,0.0101,0.0194,0.0024,0.0012,0.0002,0.0000,0.0004,0.0003,0.0199,0.0016,0.0001,0.0003,0.0061,0.0066,0.0103,0.0112,0.0035,0.1610,0.0468,0.9999,0.0177,0.9057,0.0039,0.0396
0.0046,0.0713,0.0026,0.0337,0.0010,0.0473,0.0000,0.0005,0.0001,0.0000,0.0003,0.0000,0.0016,0.0000,0.0068,0.0003,0.0002,0.0035,0.0293,0.0621,1.0000,0.1981,0.9998,0.0244,0.1185,0.0056,0.0069,0.0014
0.0156,0.0049,0.0119,0.0068,0.0170,0.0078,0.0029,0.0037,0.0013,0.0001,0.0062,0.0000,0.0001,0.0068,0.0055,0.0021,0.0001,0.0017,0.0021,0.0072,0.0257,0.9999,0.0550,0.8296,0.0051,0.0467,0.0021,0.0042
0.0172,0.0125,0.0071,0.0047,0.0072,0.0103,0.0024,0.0074,0.0043,0.0017,0.0027,0.0002,0.0003,0.0003,0.0021,0.0689,0.0003,0.0003,0.2581,0.0186,0.9990,0.0964,0.0431,0.0095,0.0048,0.0022,0.0024,0.0020
0.0127,0.0053,0.0212,0.0027,0.0331,0.0037,0.0034,0.0072,0.0027,0.0068,0.0077,0.0022,0.0061,0.0002,0.0001,0.0003,0.0102,0.3921,0.0001,0.1114,0.0006,0.9973,0.0079,0.2114,0.0039,0.0111,0.0028,0.0038
0.0191,0.0149,0.0117,0.0078,0.0245,0.0171,0.0050,0.0176,0.0063,0.0073,0.0053,0.0095,0.0066,0.0035,0.0017,0.0003,0.3921,0.0914,0.1003,0.0027,0.0006,0.0083,0.0009,0.0055,0.0010,0.0020,0.0024,0.0098
0.0338,0.1136,0.0223,0.0286,0.0329,0.0764,0.0038,0.1731,0.0212,0.0534,0.0062,0.0217,0.0103,0.0293,0.0021,0.2581,0.0001,0.1003,0.0278,0.1573,0.0000,0.0001,0.0001,0.0003,0.0009,0.0009,0.0044,0.0030
0.0765,0.0792,0.0469,0.0057,0.0986,0.0105,0.0145,0.0120,0.0060,0.0045,0.0022,0.0030,0.0112,0.0621,0.0072,0.0186,0.1114,0.0027,0.1573,0.0692,0.0007,0.0001,0.0001,0.0016,0.0005,0.0024,0.0019,0.0033
0.0089,0.1209,0.0042,0.0609,0.0063,0.0875,0.0061,0.0053,0.0050,0.0205,0.0007,0.1609,0.0035,1.0000,0.0257,0.9990,0.0006,0.0006,0.0000,0.0007,0.0028,0.0009,0.0000,0.0000,0.0000,0.0002,0.0048,0.0005
0.1165,0.0111,0.0799,0.0027,0.0824,0.0025,0.0058,0.0023,0.0027,0.0073,0.0038,0.0031,0.1610,0.1981,0.9999,0.0964,0.9973,0.0083,0.0001,0.0001,0.0009,0.0019,0.0000,0.0000,0.0000,0.0008,0.0005,0.0007
0.0379,0.5189,0.0287,0.9964,0.0263,0.3279,0.0939,0.0148,0.0384,0.9829,0.0089,0.9999,0.0468,0.9998,0.0550,0.0431,0.0079,0.0009,0.0001,0.0001,0.0000,0.0000,0.0000,0.0001,0.0000,0.0000,0.0000,0.0001
0.0096,0.0030,0.0452,0.0050,0.0460,0.0024,0.0571,0.0025,0.0041,0.0352,0.8729,0.0230,0.9999,0.0244,0.8296,0.0095,0.2114,0.0055,0.0003,0.0016,0.0000,0.0000,0.0001,0.0392,0.0000,0.0000,0.0003,0.0007
0.0075,0.2871,0.0038,0.9941,0.0054,0.0560,0.1192,0.0241,0.1402,1.0000,0.1764,0.9995,0.0177,0.1185,0.0051,0.0048,0.0039,0.0010,0.0009,0.0005,0.0000,0.0000,0.0000,0.0000,0.0003,0.0001,0.0000,0.0000
0.0215,0.0037,0.0199,0.0088,0.0134,0.0030,0.0325,0.0291,0.6459,0.3192,1.0000,0.0154,0.9057,0.0056,0.0467,0.0022,0.0111,0.0020,0.0009,0.0024,0.0002,0.0008,0.0000,0.0000,0.0001,0.0039,0.0002,0.0000
0.0039,0.0405,0.0037,0.2294,0.0107,0.0696,0.1511,0.7928,0.9909,0.9935,0.0055,0.0429,0.0039,0.0069,0.0021,0.0024,0.0028,0.0024,0.0044,0.0019,0.0048,0.0005,0.0000,0.0003,0.0000,0.0002,0.0154,0.0004
0.0065,0.0024,0.0119,0.0013,0.0178,0.0102,0.1590,0.9993,1.0000,0.0270,0.6474,0.0026,0.0396,0.0014,0.0042,0.0020,0.0038,0.0098,0.0030,0.0033,0.0005,0.0007,0.0001,0.0007,0.0000,0.0000,0.0004,0.0005