c1,c2,c3,c4,c5,c6,c7,c8,c9,c10,c11,c12,c13,c14,c15,c16,c17,c18,c19,c20,c21,c22,c23,c24,c25,c26,c27,c28
0.0002,0.0004,0.0027,0.0003,0.0275,0.0047,0.0186,0.0047,0.0089,0.0041,0.0049,0.0027,0.0161,0.0096,0.0532,0.0361,0.0119,0.0218,0.0511,0.0681,0.0069,0.0063,0.0065,0.0051,0.0068,0.0101,0.0051,0.0100
0.0004,0.0039,0.0030,0.0000,0.0001,0.0004,0.0025,0.0090,0.0092,0.0072,0.0022,0.1578,0.0068,0.9036,0.0097,0.0652,0.0063,0.0142,0.0624,0.0204,0.0510,0.0024,0.2280,0.0016,0.1960,0.0019,0.0098,0.0047
0.0027,0.0030,0.0191,0.0003,0.0003,0.0009,0.0116,0.0033,0.0100,0.0030,0.0504,0.0143,0.0969,0.0135,0.0174,0.0151,0.0087,0.0088,0.0139,0.0138,0.0040,0.0058,0.0093,0.0081,0.0072,0.0177,0.0042,0.0120
0.0003,0.0000,0.0003,0.0001,0.0035,0.0000,0.0001,0.0102,0.0094,0.0205,0.0166,0.9967,0.0431,0.4292,0.0058,0.0199,0.0038,0.0095,0.0579,0.0147,0.0456,0.0036,0.4649,0.0049,0.1150,0.0030,0.0097,0.0041
0.0275,0.0001,0.0003,0.0035,0.0159,0.0048,0.0001,0.0031,0.0299,0.0071,0.3961,0.0814,0.0178,0.0060,0.0073,0.0083,0.0062,0.0096,0.0088,0.0262,0.0055,0.0056,0.0143,0.0085,0.0064,0.0066,0.0044,0.0098
0.0047,0.0004,0.0009,0.0000,0.0048,0.0116,0.0062,0.0080,0.0225,0.0813,0.0475,0.3319,0.0104,0.0051,0.0022,0.0082,0.0018,0.0047,0.0140,0.0131,0.0135,0.0078,0.0176,0.0034,0.0233,0.0037,0.0172,0.0169
0.0186,0.0025,0.0116,0.0001,0.0001,0.0062,0.0153,0.6209,0.0091,0.0143,0.0047,0.0049,0.0121,0.0019,0.0024,0.0057,0.0038,0.0053,0.0248,0.0096,0.0087,0.0038,0.0166,0.0044,0.0147,0.0049,0.0284,0.0244
0.0047,0.0090,0.0033,0.0102,0.0031,0.0080,0.6209,0.0132,0.2671,0.0007,0.0004,0.0035,0.0005,0.0012,0.0016,0.0062,0.0023,0.0036,0.0115,0.0083,0.0054,0.0014,0.0106,0.0018,0.0426,0.0102,0.0735,0.0959
0.0089,0.0092,0.0100,0.0094,0.0299,0.0225,0.0091,0.2671,0.0042,0.0081,0.0000,0.0000,0.0003,0.0000,0.0022,0.0050,0.0044,0.0050,0.0056,0.0049,0.0072,0.0029,0.0242,0.0075,0.2317,0.1530,0.1280,0.4693
0.0041,0.0072,0.0030,0.0205,0.0071,0.0813,0.0143,0.0007,0.0081,0.0002,0.0006,0.0000,0.0000,0.0000,0.0004,0.0090,0.0030,0.0034,0.0230,0.0023,0.0083,0.0019,0.1489,0.0120,0.9999,0.2638,0.9459,0.0696
0.0049,0.0022,0.0504,0.0166,0.3961,0.0475,0.0047,0.0004,0.0000,0.0006,0.0016,0.0001,0.0001,0.0001,0.0015,0.0029,0.0080,0.0020,0.0042,0.0015,0.0015,0.0016,0.0058,0.1790,0.0779,1.0000,0.0351,0.0567
0.0027,0.1578,0.0143,0.9967,0.0814,0.3319,0.0049,0.0035,0.0000,0.0000,0.0001,0.0000,0.0002,0.0000,0.0000,0.0002,0.0008,0.0040,0.0072,0.0045,0.1287,0.0043,0.9999,0.1088,0.9971,0.0361,0.0345,0.0038
0.0161,0.0068,0.0969,0.0431,0.0178,0.0104,0.0121,0.0005,0.0003,0.0000,0.0001,0.0002,0.0060,0.0007,0.0002,0.0003,0.0045,0.0038,0.0082,0.0056,0.0028,0.0177,0.0320,0.9999,0.0127,0.8058,0.0030,0.0122
0.0096,0.9036,0.0135,0.4292,0.0060,0.0051,0.0019,0.0012,0.0000,0.0000,0.0001,0.0000,0.0007,0.0000,0.0024,0.0000,0.0000,0.0006,0.0120,0.0113,1.0000,0.2360,1.0000,0.0792,0.0933,0.0032,0.0008,0.0007
0.0532,0.0097,0.0174,0.0058,0.0073,0.0022,0.0024,0.0016,0.0022,0.0004,0.0015,0.0000,0.0002,0.0024,0.0019,0.0016,0.0003,0.0011,0.0095,0.0217,0.1204,0.9999,0.1660,0.5332,0.0050,0.0139,0.0022,0.0027
0.0361,0.0652,0.0151,0.0199,0.0083,0.0082,0.0057,0.0062,0.0050,0.0090,0.0029,0.0002,0.0003,0.0000,0.0016,0.0248,0.0006,0.0006,0.3069,0.0094,0.9989,0.2285,0.0288,0.0041,0.0015,0.0010,0.0015,0.0021
0.0119,0.0063,0.0087,0.0038,0.0062,0.0018,0.0038,0.0023,0.0044,0.0030,0.0080,0.0008,0.0045,0.0000,0.0003,0.0006,0.0142,0.5057,0.0007,0.6619,0.0012,0.9993,0.0123,0.0881,0.0022,0.0045,0.0018,0.0022
0.0218,0.0142,0.0088,0.0095,0.0096,0.0047,0.0053,0.0036,0.0050,0.0034,0.0020,0.0040,0.0038,0.0006,0.0011,0.0006,0.5057,0.1126,0.2846,0.0147,0.0009,0.0603,0.0026,0.0077,0.0024,0.0049,0.0032,0.0060
0.0511,0.0624,0.0139,0.0579,0.0088,0.0140,0.0248,0.0115,0.0056,0.0230,0.0042,0.0072,0.0082,0.0120,0.0095,0.3069,0.0007,0.2846,0.0342,0.1872,0.0000,0.0001,0.0002,0.0008,0.0019,0.0027,0.0015,0.0036
0.0681,0.0204,0.0138,0.0147,0.0262,0.0131,0.0096,0.0083,0.0049,0.0023,0.0015,0.0045,0.0056,0.0113,0.0217,0.0094,0.6619,0.0147,0.1872,0.0279,0.0002,0.0001,0.0001,0.0035,0.0010,0.0049,0.0040,0.0064
0.0069,0.0510,0.0040,0.0456,0.0055,0.0135,0.0087,0.0054,0.0072,0.0083,0.0015,0.1287,0.0028,1.0000,0.1204,0.9989,0.0012,0.0009,0.0000,0.0002,0.0020,0.0009,0.0000,0.0001,0.0003,0.0002,0.0020,0.0016
0.0063,0.0024,0.0058,0.0036,0.0056,0.0078,0.0038,0.0014,0.0029,0.0019,0.0016,0.0043,0.0177,0.2360,0.9999,0.2285,0.9993,0.0603,0.0001,0.0001,0.0009,0.0120,0.0000,0.0001,0.0001,0.0016,0.0014,0.0042
0.0065,0.2280,0.0093,0.4649,0.0143,0.0176,0.0166,0.0106,0.0242,0.1489,0.0058,0.9999,0.0320,1.0000,0.1660,0.0288,0.0123,0.0026,0.0002,0.0001,0.0000,0.0000,0.0007,0.0004,0.0000,0.0000,0.0001,0.0016
0.0051,0.0016,0.0081,0.0049,0.0085,0.0034,0.0044,0.0018,0.0075,0.0120,0.1790,0.1088,0.9999,0.0792,0.5332,0.0041,0.0881,0.0077,0.0008,0.0035,0.0001,0.0001,0.0004,0.0055,0.0001,0.0001,0.0011,0.0036
0.0068,0.1960,0.0072,0.1150,0.0064,0.0233,0.0147,0.0426,0.2317,0.9999,0.0779,0.9971,0.0127,0.0933,0.0050,0.0015,0.0022,0.0024,0.0019,0.0010,0.0003,0.0001,0.0000,0.0001,0.0000,0.0003,0.0001,0.0013
0.0101,0.0019,0.0177,0.0030,0.0066,0.0037,0.0049,0.0102,0.1530,0.2638,1.0000,0.0361,0.8058,0.0032,0.0139,0.0010,0.0045,0.0049,0.0027,0.0049,0.0002,0.0016,0.0000,0.0001,0.0003,0.0004,0.0222,0.0000
0.0051,0.0098,0.0042,0.0097,0.0044,0.0172,0.0284,0.0735,0.1280,0.9459,0.0351,0.0345,0.0030,0.0008,0.0022,0.0015,0.0018,0.0032,0.0015,0.0040,0.0020,0.0014,0.0001,0.0011,0.0001,0.0222,0.0296,0.1269
0.0100,0.0047,0.0120,0.0041,0.0098,0.0169,0.0244,0.0959,0.4693,0.0696,0.0567,0.0038,0.0122,0.0007,0.0027,0.0021,0.0022,0.0060,0.0036,0.0064,0.0016,0.0042,0.0016,0.0036,0.0013,0.0000,0.1269,0.0106