c1,c2,c3,c4,c5,c6,c7,c8,c9,c10,c11,c12,c13,c14,c15,c16,c17,c18,c19,c20,c21,c22,c23,c24,c25,c26,c27,c28
0.0002,0.0010,0.0033,0.0021,0.0595,0.0052,0.0206,0.0068,0.0104,0.0041,0.0062,0.0048,0.0092,0.0066,0.0175,0.0211,0.0077,0.0107,0.0263,0.0189,0.0056,0.0046,0.0105,0.0037,0.0200,0.0064,0.0076,0.0101
0.0010,0.0024,0.0024,0.0000,0.0002,0.0009,0.0033,0.0089,0.0091,0.0093,0.0035,0.0858,0.0152,0.4868,0.0066,0.0482,0.0054,0.0085,0.0418,0.0140,0.0251,0.0023,0.0605,0.0018,0.2878,0.0020,0.0444,0.0051
0.0033,0.0024,0.0437,0.0011,0.0004,0.0024,0.0092,0.0058,0.0129,0.0058,0.0107,0.0217,0.0243,0.0213,0.0097,0.0192,0.0046,0.0048,0.0087,0.0064,0.0042,0.0032,0.0129,0.0036,0.0171,0.0172,0.0076,0.0131
0.0021,0.0000,0.0011,0.0001,0.0067,0.0000,0.0003,0.0198,0.0128,0.0167,0.0270,0.9957,0.0125,0.2050,0.0035,0.0142,0.0031,0.0052,0.0148,0.0054,0.0095,0.0021,0.1509,0.0043,0.2500,0.0029,0.0369,0.0055
0.0595,0.0002,0.0004,0.0067,0.0162,0.0039,0.0001,0.0051,0.0365,0.0165,0.2625,0.2393,0.0111,0.0070,0.0064,0.0062,0.0043,0.0043,0.0044,0.0059,0.0037,0.0032,0.0111,0.0048,0.0124,0.0048,0.0129,0.0126
0.0052,0.0009,0.0024,0.0000,0.0039,0.0031,0.0030,0.0128,0.0239,0.2154,0.1612,0.5201,0.0121,0.0098,0.0020,0.0046,0.0015,0.0029,0.0062,0.0051,0.0048,0.0030,0.0113,0.0027,0.0195,0.0042,0.0855,0.0162
0.0206,0.0033,0.0092,0.0003,0.0001,0.0030,0.0116,0.3611,0.0045,0.0167,0.0024,0.0115,0.0096,0.0028,0.0031,0.0038,0.0037,0.0033,0.0089,0.0069,0.0048,0.0025,0.0199,0.0043,0.0302,0.0073,0.1844,0.0611
0.0068,0.0089,0.0058,0.0198,0.0051,0.0128,0.3611,0.0067,0.1856,0.0007,0.0007,0.0030,0.0005,0.0012,0.0013,0.0034,0.0018,0.0019,0.0028,0.0046,0.0035,0.0011,0.0099,0.0016,0.0781,0.0208,0.3673,0.1728
0.0104,0.0091,0.0129,0.0128,0.0365,0.0239,0.0045,0.1856,0.0013,0.0090,0.0001,0.0000,0.0004,0.0002,0.0028,0.0027,0.0028,0.0024,0.0003,0.0041,0.0051,0.0015,0.0343,0.0097,0.3058,0.2572,0.6575,0.2525
0.0041,0.0093,0.0058,0.0167,0.0165,0.2154,0.0167,0.0007,0.0090,0.0007,0.0004,0.0000,0.0000,0.0001,0.0008,0.0035,0.0016,0.0016,0.0054,0.0027,0.0035,0.0013,0.0805,0.0059,0.9932,0.3592,0.9969,0.0477
0.0062,0.0035,0.0107,0.0270,0.2625,0.1612,0.0024,0.0007,0.0001,0.0004,0.0015,0.0001,0.0001,0.0001,0.0014,0.0014,0.0048,0.0015,0.0022,0.0018,0.0012,0.0010,0.0145,0.0726,0.1488,1.0000,0.0210,0.3516
0.0048,0.0858,0.0217,0.9957,0.2393,0.5201,0.0115,0.0030,0.0000,0.0000,0.0001,0.0002,0.0002,0.0000,0.0000,0.0001,0.0004,0.0027,0.0054,0.0036,0.0457,0.0031,0.9995,0.0946,0.9980,0.0415,0.0302,0.0029
0.0092,0.0152,0.0243,0.0125,0.0111,0.0121,0.0096,0.0005,0.0004,0.0000,0.0001,0.0002,0.0180,0.0000,0.0003,0.0003,0.0094,0.0037,0.0119,0.0084,0.0033,0.0249,0.0962,1.0000,0.0268,0.5108,0.0025,0.0172
0.0066,0.4868,0.0213,0.2050,0.0070,0.0098,0.0028,0.0012,0.0002,0.0001,0.0001,0.0000,0.0000,0.0001,0.0003,0.0000,0.0000,0.0002,0.0257,0.0100,1.0000,0.0377,1.0000,0.0288,0.1572,0.0020,0.0014,0.0009
0.0175,0.0066,0.0097,0.0035,0.0064,0.0020,0.0031,0.0013,0.0028,0.0008,0.0014,0.0000,0.0003,0.0003,0.0029,0.0016,0.0003,0.0027,0.0375,0.0243,0.0939,1.0000,0.1213,0.7873,0.0054,0.0110,0.0010,0.0028
0.0211,0.0482,0.0192,0.0142,0.0062,0.0046,0.0038,0.0034,0.0027,0.0035,0.0014,0.0001,0.0003,0.0000,0.0016,0.0180,0.0007,0.0007,0.6993,0.0123,1.0000,0.2049,0.0653,0.0045,0.0019,0.0011,0.0012,0.0019
0.0077,0.0054,0.0046,0.0031,0.0043,0.0015,0.0037,0.0018,0.0028,0.0016,0.0048,0.0004,0.0094,0.0000,0.0003,0.0007,0.0148,0.8321,0.0026,0.2898,0.0012,0.9999,0.0126,0.1588,0.0018,0.0075,0.0017,0.0026
0.0107,0.0085,0.0048,0.0052,0.0043,0.0029,0.0033,0.0019,0.0024,0.0016,0.0015,0.0027,0.0037,0.0002,0.0027,0.0007,0.8321,0.3696,0.5772,0.0152,0.0008,0.2349,0.0026,0.0112,0.0028,0.0056,0.0051,0.0064
0.0263,0.0418,0.0087,0.0148,0.0044,0.0062,0.0089,0.0028,0.0003,0.0054,0.0022,0.0054,0.0119,0.0257,0.0375,0.6993,0.0026,0.5772,0.0036,0.3383,0.0000,0.0002,0.0002,0.0012,0.0027,0.0050,0.0148,0.0053
0.0189,0.0140,0.0064,0.0054,0.0059,0.0051,0.0069,0.0046,0.0041,0.0027,0.0018,0.0036,0.0084,0.0100,0.0243,0.0123,0.2898,0.0152,0.3383,0.0884,0.0004,0.0002,0.0001,0.0084,0.0013,0.0150,0.0086,0.0102
0.0056,0.0251,0.0042,0.0095,0.0037,0.0048,0.0048,0.0035,0.0051,0.0035,0.0012,0.0457,0.0033,1.0000,0.0939,1.0000,0.0012,0.0008,0.0000,0.0004,0.0011,0.0004,0.0000,0.0000,0.0001,0.0002,0.0050,0.0015
0.0046,0.0023,0.0032,0.0021,0.0032,0.0030,0.0025,0.0011,0.0015,0.0013,0.0010,0.0031,0.0249,0.0377,1.0000,0.2049,0.9999,0.2349,0.0002,0.0002,0.0004,0.0082,0.0000,0.0002,0.0002,0.0041,0.0011,0.0036
0.0105,0.0605,0.0129,0.1509,0.0111,0.0113,0.0199,0.0099,0.0343,0.0805,0.0145,0.9995,0.0962,1.0000,0.1213,0.0653,0.0126,0.0026,0.0002,0.0001,0.0000,0.0000,0.0012,0.0007,0.0000,0.0000,0.0000,0.0007
0.0037,0.0018,0.0036,0.0043,0.0048,0.0027,0.0043,0.0016,0.0097,0.0059,0.0726,0.0946,1.0000,0.0288,0.7873,0.0045,0.1588,0.0112,0.0012,0.0084,0.0000,0.0002,0.0007,0.0049,0.0002,0.0000,0.0002,0.0095
0.0200,0.2878,0.0171,0.2500,0.0124,0.0195,0.0302,0.0781,0.3058,0.9932,0.1488,0.9980,0.0268,0.1572,0.0054,0.0019,0.0018,0.0028,0.0027,0.0013,0.0001,0.0002,0.0000,0.0002,0.0001,0.0003,0.0000,0.0001
0.0064,0.0020,0.0172,0.0029,0.0048,0.0042,0.0073,0.0208,0.2572,0.3592,1.0000,0.0415,0.5108,0.0020,0.0110,0.0011,0.0075,0.0056,0.0050,0.0150,0.0002,0.0041,0.0000,0.0000,0.0003,0.0006,0.0001,0.0004
0.0076,0.0444,0.0076,0.0369,0.0129,0.0855,0.1844,0.3673,0.6575,0.9969,0.0210,0.0302,0.0025,0.0014,0.0010,0.0012,0.0017,0.0051,0.0148,0.0086,0.0050,0.0011,0.0000,0.0002,0.0000,0.0001,0.0063,0.0016
0.0101,0.0051,0.0131,0.0055,0.0126,0.0162,0.0611,0.1728,0.2525,0.0477,0.3516,0.0029,0.0172,0.0009,0.0028,0.0019,0.0026,0.0064,0.0053,0.0102,0.0015,0.0036,0.0007,0.0095,0.0001,0.0004,0.0016,0.0154