c1,c2,c3,c4,c5,c6,c7,c8,c9,c10,c11,c12,c13,c14,c15,c16,c17,c18,c19,c20,c21,c22,c23,c24,c25,c26,c27,c28
0.0000,0.0000,0.0000,0.0000,0.0064,0.0090,0.0397,0.0455,0.0323,0.0167,0.0430,0.0278,0.2071,0.1546,0.1020,0.0818,0.0125,0.0795,0.0267,0.1227,0.0117,0.0446,0.4086,0.0167,0.1096,0.0153,0.0155,0.0017
0.0000,0.0007,0.0017,0.0000,0.0001,0.0005,0.0024,0.0263,0.0255,0.0331,0.0067,0.0527,0.0181,0.0950,0.0436,0.0214,0.0155,0.0250,0.0863,0.1162,0.1857,0.0185,0.2858,0.0084,0.0378,0.0058,0.0085,0.0036
0.0000,0.0017,0.0032,0.0002,0.0000,0.0005,0.0079,0.0028,0.0317,0.0241,0.1061,0.0107,0.0776,0.0219,0.0131,0.0261,0.0083,0.0673,0.0085,0.0800,0.0090,0.0567,0.0638,0.0119,0.0070,0.0098,0.0070,0.0076
0.0000,0.0000,0.0002,0.0000,0.0015,0.0000,0.0000,0.0104,0.0867,0.0150,0.0765,0.1729,0.1192,0.2376,0.1135,0.0563,0.0565,0.0657,0.7724,0.1069,0.4297,0.0496,0.0525,0.0073,0.0027,0.0112,0.0105,0.0025
0.0064,0.0001,0.0000,0.0015,0.0021,0.0037,0.0000,0.0012,0.0280,0.1202,0.0965,0.0352,0.0295,0.0333,0.0151,0.0517,0.0172,0.0891,0.0092,0.0697,0.0188,0.0224,0.0358,0.0079,0.0052,0.0074,0.0065,0.0054
0.0090,0.0005,0.0005,0.0000,0.0037,0.0096,0.0026,0.0000,0.0047,0.0294,0.0125,0.0621,0.0231,0.0194,0.0175,0.0265,0.0397,0.0305,0.0451,0.0124,0.0245,0.0235,0.0387,0.0062,0.0090,0.0054,0.0085,0.0068
0.0397,0.0024,0.0079,0.0000,0.0000,0.0026,0.0008,0.1388,0.0005,0.0009,0.0073,0.0105,0.0368,0.0215,0.0166,0.0277,0.0201,0.0632,0.0449,0.1359,0.0252,0.0205,0.0587,0.0054,0.0023,0.0091,0.0085,0.0040
0.0455,0.0263,0.0028,0.0104,0.0012,0.0000,0.1388,0.0258,0.1342,0.0003,0.0003,0.0027,0.0005,0.0042,0.0055,0.0066,0.0098,0.0196,0.0277,0.0205,0.0464,0.0052,0.0719,0.0030,0.0087,0.0080,0.0100,0.0093
0.0323,0.0255,0.0317,0.0867,0.0280,0.0047,0.0005,0.1342,0.0003,0.0450,0.0001,0.0035,0.0028,0.0004,0.0091,0.0150,0.0217,0.0204,0.0009,0.0197,0.0181,0.0096,0.0248,0.0045,0.0053,0.0040,0.0025,0.0044
0.0167,0.0331,0.0241,0.0150,0.1202,0.0294,0.0009,0.0003,0.0450,0.0000,0.0061,0.0000,0.0010,0.0012,0.0067,0.0568,0.0496,0.0293,0.0788,0.0161,0.1175,0.0219,0.0642,0.0053,0.0009,0.0182,0.0034,0.0022
0.0430,0.0067,0.1061,0.0765,0.0965,0.0125,0.0073,0.0003,0.0001,0.0061,0.0030,0.0061,0.0004,0.0242,0.0043,0.0066,0.0230,0.0203,0.0025,0.0111,0.0100,0.0108,0.0201,0.0028,0.0026,0.0048,0.0064,0.0033
0.0278,0.0527,0.0107,0.1729,0.0352,0.0621,0.0105,0.0027,0.0035,0.0000,0.0061,0.0001,0.0071,0.0000,0.0007,0.0036,0.0651,0.0552,0.5146,0.0090,0.0744,0.0068,0.1345,0.0079,0.0006,0.0067,0.0056,0.0033
0.2071,0.0181,0.0776,0.1192,0.0295,0.0231,0.0368,0.0005,0.0028,0.0010,0.0004,0.0071,0.0042,0.0123,0.0001,0.0026,0.0153,0.0082,0.0055,0.0095,0.0050,0.0049,0.0140,0.0034,0.0039,0.0068,0.0044,0.0076
0.1546,0.0950,0.0219,0.2376,0.0333,0.0194,0.0215,0.0042,0.0004,0.0012,0.0242,0.0000,0.0123,0.0006,0.0166,0.0001,0.0010,0.0017,0.0022,0.0063,0.0220,0.0216,0.0579,0.0202,0.0121,0.0122,0.0064,0.0048
0.1020,0.0436,0.0131,0.1135,0.0151,0.0175,0.0166,0.0055,0.0091,0.0067,0.0043,0.0007,0.0001,0.0166,0.0033,0.0098,0.0001,0.0010,0.0089,0.0025,0.0312,0.0054,0.0181,0.0065,0.0107,0.0091,0.0075,0.0066
0.0818,0.0214,0.0261,0.0563,0.0517,0.0265,0.0277,0.0066,0.0150,0.0568,0.0066,0.0036,0.0026,0.0001,0.0098,0.0140,0.0103,0.0001,0.0003,0.0014,0.0033,0.0578,0.0062,0.0045,0.0075,0.0034,0.0053,0.0058
0.0125,0.0155,0.0083,0.0565,0.0172,0.0397,0.0201,0.0098,0.0217,0.0496,0.0230,0.0651,0.0153,0.0010,0.0001,0.0103,0.0029,0.0104,0.0001,0.0002,0.0083,0.0037,0.0184,0.0074,0.0141,0.0043,0.0036,0.0027
0.0795,0.0250,0.0673,0.0657,0.0891,0.0305,0.0632,0.0196,0.0204,0.0293,0.0203,0.0552,0.0082,0.0017,0.0010,0.0001,0.0104,0.0026,0.0534,0.0000,0.0002,0.0023,0.0008,0.0065,0.0054,0.0077,0.0021,0.0028
0.0267,0.0863,0.0085,0.7724,0.0092,0.0451,0.0449,0.0277,0.0009,0.0788,0.0025,0.5146,0.0055,0.0022,0.0089,0.0003,0.0001,0.0534,0.0008,0.1171,0.0000,0.0003,0.0018,0.0013,0.0207,0.0054,0.0010,0.0028
0.1227,0.1162,0.0800,0.1069,0.0697,0.0124,0.1359,0.0205,0.0197,0.0161,0.0111,0.0090,0.0095,0.0063,0.0025,0.0014,0.0002,0.0000,0.1171,0.0116,0.0007,0.0002,0.0001,0.0084,0.0022,0.0139,0.0039,0.0044
0.0117,0.1857,0.0090,0.4297,0.0188,0.0245,0.0252,0.0464,0.0181,0.1175,0.0100,0.0744,0.0050,0.0220,0.0312,0.0033,0.0083,0.0002,0.0000,0.0007,0.0136,0.0077,0.0000,0.0003,0.0112,0.0015,0.0062,0.0095
0.0446,0.0185,0.0567,0.0496,0.0224,0.0235,0.0205,0.0052,0.0096,0.0219,0.0108,0.0068,0.0049,0.0216,0.0054,0.0578,0.0037,0.0023,0.0003,0.0002,0.0077,0.0081,0.0001,0.0004,0.0034,0.0115,0.0063,0.0357
0.4086,0.2858,0.0638,0.0525,0.0358,0.0387,0.0587,0.0719,0.0248,0.0642,0.0201,0.1345,0.0140,0.0579,0.0181,0.0062,0.0184,0.0008,0.0018,0.0001,0.0000,0.0001,0.0008,0.0118,0.0000,0.0000,0.0003,0.1248
0.0167,0.0084,0.0119,0.0073,0.0079,0.0062,0.0054,0.0030,0.0045,0.0053,0.0028,0.0079,0.0034,0.0202,0.0065,0.0045,0.0074,0.0065,0.0013,0.0084,0.0003,0.0004,0.0118,0.0428,0.0719,0.0009,0.0375,0.4987
0.1096,0.0378,0.0070,0.0027,0.0052,0.0090,0.0023,0.0087,0.0053,0.0009,0.0026,0.0006,0.0039,0.0121,0.0107,0.0075,0.0141,0.0054,0.0207,0.0022,0.0112,0.0034,0.0000,0.0719,0.0009,0.1983,0.0108,0.5070
0.0153,0.0058,0.0098,0.0112,0.0074,0.0054,0.0091,0.0080,0.0040,0.0182,0.0048,0.0067,0.0068,0.0122,0.0091,0.0034,0.0043,0.0077,0.0054,0.0139,0.0015,0.0115,0.0000,0.0009,0.1983,0.0404,0.1346,0.0019
0.0155,0.0085,0.0070,0.0105,0.0065,0.0085,0.0085,0.0100,0.0025,0.0034,0.0064,0.0056,0.0044,0.0064,0.0075,0.0053,0.0036,0.0021,0.0010,0.0039,0.0062,0.0063,0.0003,0.0375,0.0108,0.1346,0.0477,0.0444
0.0017,0.0036,0.0076,0.0025,0.0054,0.0068,0.0040,0.0093,0.0044,0.0022,0.0033,0.0033,0.0076,0.0048,0.0066,0.0058,0.0027,0.0028,0.0028,0.0044,0.0095,0.0357,0.1248,0.4987,0.5070,0.0019,0.0444,0.0001