c1,c2,c3,c4,c5,c6,c7,c8,c9,c10,c11,c12,c13,c14,c15,c16,c17,c18,c19,c20,c21,c22,c23,c24,c25,c26,c27,c28
0.0600,0.0033,0.0046,0.0004,0.0114,0.0026,0.0040,0.0044,0.0042,0.0049,0.0019,0.0035,0.0066,0.0076,0.0147,0.0295,0.0113,0.0196,0.0323,0.0216,0.0047,0.0291,0.0100,0.0063,0.0077,0.0041,0.0029,0.0089
0.0033,0.0264,0.0065,0.0000,0.0001,0.0001,0.0007,0.0061,0.0100,0.0115,0.0020,0.1568,0.0078,0.0361,0.0046,0.0100,0.0156,0.0126,0.0851,0.0396,0.0165,0.0090,0.1921,0.0054,0.4981,0.0031,0.0382,0.0019
0.0046,0.0065,0.2737,0.0002,0.0006,0.0010,0.0011,0.0024,0.0097,0.0062,0.0097,0.0070,0.0202,0.0061,0.0097,0.0089,0.0251,0.0141,0.0783,0.0146,0.0051,0.0119,0.0082,0.0108,0.0080,0.0098,0.0024,0.0108
0.0004,0.0000,0.0002,0.0002,0.0015,0.0000,0.0001,0.0007,0.0084,0.2879,0.0047,0.9927,0.0042,0.0688,0.0015,0.0032,0.0055,0.0091,0.0413,0.0116,0.0101,0.0019,0.9253,0.0065,0.9913,0.0101,0.5044,0.0025
0.0114,0.0001,0.0006,0.0015,0.0172,0.0010,0.0005,0.0029,0.0009,0.0089,0.0410,0.0062,0.0293,0.0038,0.0181,0.0094,0.0216,0.0135,0.0274,0.0161,0.0065,0.0099,0.0214,0.0398,0.0344,0.0216,0.0082,0.0197
0.0026,0.0001,0.0010,0.0000,0.0010,0.0041,0.0318,0.0002,0.0008,0.0810,0.0661,0.9687,0.0175,0.1173,0.0035,0.0116,0.0030,0.0067,0.0319,0.0119,0.0106,0.0019,0.2470,0.0022,0.0839,0.0033,0.0156,0.0125
0.0040,0.0007,0.0011,0.0001,0.0005,0.0318,0.0004,0.4447,0.0025,0.0193,0.0125,0.0019,0.0034,0.0047,0.0076,0.0021,0.0036,0.0039,0.0010,0.0091,0.0047,0.0049,0.0263,0.0541,0.2352,0.0523,0.1538,0.0986
0.0044,0.0061,0.0024,0.0007,0.0029,0.0002,0.4447,0.3638,0.2943,0.0000,0.0005,0.0002,0.0012,0.0039,0.0026,0.0072,0.0082,0.0096,0.0559,0.0189,0.0088,0.0044,0.0138,0.0033,0.0231,0.0052,0.1048,0.8427
0.0042,0.0100,0.0097,0.0084,0.0009,0.0008,0.0025,0.2943,0.0081,0.0001,0.0000,0.0001,0.0003,0.0007,0.0028,0.0031,0.0056,0.0055,0.0054,0.0073,0.0056,0.0028,0.0097,0.0108,0.1991,0.0509,0.8869,0.9964
0.0049,0.0115,0.0062,0.2879,0.0089,0.0810,0.0193,0.0000,0.0001,0.0000,0.0002,0.0000,0.0000,0.0000,0.0002,0.0030,0.0115,0.0098,0.0730,0.0104,0.0179,0.0052,0.5182,0.0245,0.9998,0.2298,1.0000,0.0681
0.0019,0.0020,0.0097,0.0047,0.0410,0.0661,0.0125,0.0005,0.0000,0.0002,0.0038,0.0001,0.0003,0.0009,0.0015,0.0023,0.0043,0.0043,0.0061,0.0024,0.0036,0.0024,0.0092,0.0637,0.0570,0.9991,0.0433,0.9500
0.0035,0.1568,0.0070,0.9927,0.0062,0.9687,0.0019,0.0002,0.0001,0.0000,0.0001,0.0086,0.0010,0.0000,0.0000,0.0001,0.0003,0.0031,0.0075,0.0027,0.0131,0.0024,0.9995,0.0226,0.9986,0.0150,0.8808,0.0040
0.0066,0.0078,0.0202,0.0042,0.0293,0.0175,0.0034,0.0012,0.0003,0.0000,0.0003,0.0010,0.2041,0.0003,0.0000,0.0005,0.0014,0.0039,0.0114,0.0061,0.0069,0.0297,0.0485,0.9985,0.0200,0.5397,0.0110,0.3430
0.0076,0.0361,0.0061,0.0688,0.0038,0.1173,0.0047,0.0039,0.0007,0.0000,0.0009,0.0000,0.0003,0.0084,0.0001,0.0000,0.0000,0.0006,0.0128,0.0281,1.0000,0.0507,1.0000,0.0286,0.1338,0.0030,0.0075,0.0015
0.0147,0.0046,0.0097,0.0015,0.0181,0.0035,0.0076,0.0026,0.0028,0.0002,0.0015,0.0000,0.0000,0.0001,0.0023,0.0013,0.0000,0.0011,0.0024,0.0058,0.0314,1.0000,0.1007,0.9993,0.0163,0.5895,0.0036,0.0052
0.0295,0.0100,0.0089,0.0032,0.0094,0.0116,0.0021,0.0072,0.0031,0.0030,0.0023,0.0001,0.0005,0.0000,0.0013,0.1470,0.0001,0.0006,0.4244,0.0367,0.9994,0.2972,0.0119,0.0078,0.0027,0.0044,0.0017,0.0031
0.0113,0.0156,0.0251,0.0055,0.0216,0.0030,0.0036,0.0082,0.0056,0.0115,0.0043,0.0003,0.0014,0.0000,0.0000,0.0001,0.0056,0.4052,0.0000,0.0503,0.0023,0.9996,0.0136,0.2906,0.0106,0.0319,0.0070,0.0049
0.0196,0.0126,0.0141,0.0091,0.0135,0.0067,0.0039,0.0096,0.0055,0.0098,0.0043,0.0031,0.0039,0.0006,0.0011,0.0006,0.4052,0.0501,0.1867,0.0024,0.0020,0.0903,0.0013,0.0086,0.0024,0.0044,0.0031,0.0054
0.0323,0.0851,0.0783,0.0413,0.0274,0.0319,0.0010,0.0559,0.0054,0.0730,0.0061,0.0075,0.0114,0.0128,0.0024,0.4244,0.0000,0.1867,0.0108,0.3463,0.0000,0.0004,0.0001,0.0003,0.0022,0.0014,0.0042,0.0035
0.0216,0.0396,0.0146,0.0116,0.0161,0.0119,0.0091,0.0189,0.0073,0.0104,0.0024,0.0027,0.0061,0.0281,0.0058,0.0367,0.0503,0.0024,0.3463,0.0894,0.0037,0.0001,0.0001,0.0007,0.0009,0.0051,0.0027,0.0040
0.0047,0.0165,0.0051,0.0101,0.0065,0.0106,0.0047,0.0088,0.0056,0.0179,0.0036,0.0131,0.0069,1.0000,0.0314,0.9994,0.0023,0.0020,0.0000,0.0037,0.0054,0.0006,0.0000,0.0001,0.0001,0.0016,0.0012,0.0011
0.0291,0.0090,0.0119,0.0019,0.0099,0.0019,0.0049,0.0044,0.0028,0.0052,0.0024,0.0024,0.0297,0.0507,1.0000,0.2972,0.9996,0.0903,0.0004,0.0001,0.0006,0.0009,0.0002,0.0000,0.0000,0.0008,0.0003,0.0014
0.0100,0.1921,0.0082,0.9253,0.0214,0.2470,0.0263,0.0138,0.0097,0.5182,0.0092,0.9995,0.0485,1.0000,0.1007,0.0119,0.0136,0.0013,0.0001,0.0001,0.0000,0.0002,0.0003,0.0016,0.0000,0.0000,0.0000,0.0000
0.0063,0.0054,0.0108,0.0065,0.0398,0.0022,0.0541,0.0033,0.0108,0.0245,0.0637,0.0226,0.9985,0.0286,0.9993,0.0078,0.2906,0.0086,0.0003,0.0007,0.0001,0.0000,0.0016,0.0056,0.0001,0.0000,0.0000,0.0005
0.0077,0.4981,0.0080,0.9913,0.0344,0.0839,0.2352,0.0231,0.1991,0.9998,0.0570,0.9986,0.0200,0.1338,0.0163,0.0027,0.0106,0.0024,0.0022,0.0009,0.0001,0.0000,0.0000,0.0001,0.0005,0.0005,0.0000,0.0000
0.0041,0.0031,0.0098,0.0101,0.0216,0.0033,0.0523,0.0052,0.0509,0.2298,0.9991,0.0150,0.5397,0.0030,0.5895,0.0044,0.0319,0.0044,0.0014,0.0051,0.0016,0.0008,0.0000,0.0000,0.0005,0.0016,0.0004,0.0001
0.0029,0.0382,0.0024,0.5044,0.0082,0.0156,0.1538,0.1048,0.8869,1.0000,0.0433,0.8808,0.0110,0.0075,0.0036,0.0017,0.0070,0.0031,0.0042,0.0027,0.0012,0.0003,0.0000,0.0000,0.0000,0.0004,0.0059,0.0001
0.0089,0.0019,0.0108,0.0025,0.0197,0.0125,0.0986,0.8427,0.9964,0.0681,0.9500,0.0040,0.3430,0.0015,0.0052,0.0031,0.0049,0.0054,0.0035,0.0040,0.0011,0.0014,0.0000,0.0005,0.0000,0.0001,0.0001,0.0014