c1,c2,c3,c4,c5,c6,c7,c8,c9,c10,c11,c12,c13,c14,c15,c16,c17,c18,c19,c20,c21,c22,c23,c24,c25,c26,c27,c28
0.0019,0.0005,0.0012,0.0008,0.0061,0.0011,0.0057,0.0048,0.0079,0.0039,0.0046,0.0045,0.0086,0.0106,0.0436,0.0274,0.0095,0.0179,0.0465,0.0535,0.0113,0.0108,0.0250,0.0046,0.0172,0.0095,0.0074,0.0079
0.0005,0.0018,0.0018,0.0000,0.0001,0.0002,0.0010,0.0047,0.0064,0.0042,0.0027,0.3038,0.0179,0.7045,0.0068,0.0430,0.0064,0.0131,0.0737,0.0117,0.0603,0.0037,0.3633,0.0018,0.8287,0.0016,0.0521,0.0023
0.0012,0.0018,0.0131,0.0002,0.0001,0.0002,0.0092,0.0031,0.0135,0.0053,0.0827,0.0184,0.1268,0.0045,0.0163,0.0089,0.0089,0.0126,0.0152,0.0213,0.0076,0.0129,0.0161,0.0112,0.0246,0.0174,0.0043,0.0214
0.0008,0.0000,0.0002,0.0003,0.0006,0.0000,0.0003,0.0022,0.0073,0.0472,0.0294,0.9968,0.0158,0.1180,0.0046,0.0056,0.0029,0.0079,0.0236,0.0079,0.0177,0.0027,0.6614,0.0046,0.9634,0.0035,0.0907,0.0039
0.0061,0.0001,0.0001,0.0006,0.0044,0.0005,0.0024,0.0074,0.0072,0.0180,0.2758,0.3078,0.0079,0.0016,0.0106,0.0062,0.0064,0.0085,0.0185,0.0151,0.0101,0.0060,0.0294,0.0083,0.1140,0.0116,0.0126,0.0135
0.0011,0.0002,0.0002,0.0000,0.0005,0.0027,0.0570,0.0169,0.0035,0.8342,0.0459,0.7679,0.0078,0.0035,0.0014,0.0056,0.0020,0.0055,0.0170,0.0054,0.0263,0.0018,0.1014,0.0018,0.1213,0.0024,0.3186,0.0075
0.0057,0.0010,0.0092,0.0003,0.0024,0.0570,0.0003,0.5091,0.0085,0.0089,0.0091,0.0075,0.0040,0.0001,0.0025,0.0041,0.0040,0.0031,0.0016,0.0070,0.0176,0.0028,0.0348,0.0083,0.1117,0.0167,0.1116,0.0832
0.0048,0.0047,0.0031,0.0022,0.0074,0.0169,0.5091,0.0185,0.1266,0.0000,0.0001,0.0005,0.0005,0.0005,0.0021,0.0068,0.0026,0.0059,0.0212,0.0078,0.0057,0.0013,0.0085,0.0014,0.0752,0.0102,0.9696,0.4737
0.0079,0.0064,0.0135,0.0073,0.0072,0.0035,0.0085,0.1266,0.0026,0.0007,0.0000,0.0000,0.0002,0.0000,0.0022,0.0070,0.0032,0.0042,0.0046,0.0063,0.0068,0.0018,0.0208,0.0053,0.2203,0.1968,0.9585,0.9984
0.0039,0.0042,0.0053,0.0472,0.0180,0.8342,0.0089,0.0000,0.0007,0.0006,0.0001,0.0000,0.0000,0.0000,0.0006,0.0055,0.0068,0.0061,0.0346,0.0059,0.0238,0.0026,0.3742,0.0149,0.9996,0.1499,0.9987,0.0307
0.0046,0.0027,0.0827,0.0294,0.2758,0.0459,0.0091,0.0001,0.0000,0.0001,0.0017,0.0000,0.0003,0.0001,0.0019,0.0012,0.0042,0.0026,0.0032,0.0017,0.0007,0.0009,0.0039,0.1172,0.0328,1.0000,0.0062,0.9838
0.0045,0.3038,0.0184,0.9968,0.3078,0.7679,0.0075,0.0005,0.0000,0.0000,0.0000,0.0002,0.0002,0.0000,0.0000,0.0001,0.0015,0.0035,0.0049,0.0027,0.0914,0.0017,1.0000,0.0534,0.9998,0.0170,0.0056,0.0016
0.0086,0.0179,0.1268,0.0158,0.0079,0.0078,0.0040,0.0005,0.0002,0.0000,0.0003,0.0002,0.0179,0.0004,0.0002,0.0002,0.0037,0.0040,0.0075,0.0076,0.0024,0.0350,0.0157,1.0000,0.0218,0.9088,0.0019,0.0438
0.0106,0.7045,0.0045,0.1180,0.0016,0.0035,0.0001,0.0005,0.0000,0.0000,0.0001,0.0000,0.0004,0.0000,0.0010,0.0001,0.0000,0.0015,0.0161,0.0194,1.0000,0.2207,1.0000,0.0410,0.3139,0.0035,0.0023,0.0012
0.0436,0.0068,0.0163,0.0046,0.0106,0.0014,0.0025,0.0021,0.0022,0.0006,0.0019,0.0000,0.0002,0.0010,0.0031,0.0012,0.0002,0.0016,0.0084,0.0292,0.0281,1.0000,0.0559,0.9003,0.0068,0.0445,0.0009,0.0023
0.0274,0.0430,0.0089,0.0056,0.0062,0.0056,0.0041,0.0068,0.0070,0.0055,0.0012,0.0001,0.0002,0.0001,0.0012,0.0535,0.0004,0.0006,0.4814,0.0283,0.9997,0.2604,0.0299,0.0043,0.0016,0.0014,0.0015,0.0021
0.0095,0.0064,0.0089,0.0029,0.0064,0.0020,0.0040,0.0026,0.0032,0.0068,0.0042,0.0015,0.0037,0.0000,0.0002,0.0004,0.0114,0.6472,0.0005,0.2023,0.0007,0.9999,0.0058,0.2575,0.0015,0.0144,0.0014,0.0018
0.0179,0.0131,0.0126,0.0079,0.0085,0.0055,0.0031,0.0059,0.0042,0.0061,0.0026,0.0035,0.0040,0.0015,0.0016,0.0006,0.6472,0.1824,0.2875,0.0106,0.0004,0.0815,0.0009,0.0054,0.0016,0.0047,0.0035,0.0040
0.0465,0.0737,0.0152,0.0236,0.0185,0.0170,0.0016,0.0212,0.0046,0.0346,0.0032,0.0049,0.0075,0.0161,0.0084,0.4814,0.0005,0.2875,0.0483,0.2356,0.0000,0.0001,0.0001,0.0006,0.0017,0.0030,0.0130,0.0053
0.0535,0.0117,0.0213,0.0079,0.0151,0.0054,0.0070,0.0078,0.0063,0.0059,0.0017,0.0027,0.0076,0.0194,0.0292,0.0283,0.2023,0.0106,0.2356,0.0404,0.0005,0.0001,0.0001,0.0026,0.0006,0.0075,0.0077,0.0074
0.0113,0.0603,0.0076,0.0177,0.0101,0.0263,0.0176,0.0057,0.0068,0.0238,0.0007,0.0914,0.0024,1.0000,0.0281,0.9997,0.0007,0.0004,0.0000,0.0005,0.0021,0.0005,0.0000,0.0000,0.0001,0.0001,0.0061,0.0012
0.0108,0.0037,0.0129,0.0027,0.0060,0.0018,0.0028,0.0013,0.0018,0.0026,0.0009,0.0017,0.0350,0.2207,1.0000,0.2604,0.9999,0.0815,0.0001,0.0001,0.0005,0.0030,0.0000,0.0002,0.0001,0.0019,0.0010,0.0018
0.0250,0.3633,0.0161,0.6614,0.0294,0.1014,0.0348,0.0085,0.0208,0.3742,0.0039,1.0000,0.0157,1.0000,0.0559,0.0299,0.0058,0.0009,0.0001,0.0001,0.0000,0.0000,0.0013,0.0005,0.0000,0.0000,0.0000,0.0003
0.0046,0.0018,0.0112,0.0046,0.0083,0.0018,0.0083,0.0014,0.0053,0.0149,0.1172,0.0534,1.0000,0.0410,0.9003,0.0043,0.2575,0.0054,0.0006,0.0026,0.0000,0.0002,0.0005,0.0145,0.0001,0.0001,0.0002,0.0024
0.0172,0.8287,0.0246,0.9634,0.1140,0.1213,0.1117,0.0752,0.2203,0.9996,0.0328,0.9998,0.0218,0.3139,0.0068,0.0016,0.0015,0.0016,0.0017,0.0006,0.0001,0.0001,0.0000,0.0001,0.0000,0.0001,0.0000,0.0000
0.0095,0.0016,0.0174,0.0035,0.0116,0.0024,0.0167,0.0102,0.1968,0.1499,1.0000,0.0170,0.9088,0.0035,0.0445,0.0014,0.0144,0.0047,0.0030,0.0075,0.0001,0.0019,0.0000,0.0001,0.0001,0.0013,0.0001,0.0000
0.0074,0.0521,0.0043,0.0907,0.0126,0.3186,0.1116,0.9696,0.9585,0.9987,0.0062,0.0056,0.0019,0.0023,0.0009,0.0015,0.0014,0.0035,0.0130,0.0077,0.0061,0.0010,0.0000,0.0002,0.0000,0.0001,0.0029,0.0008
0.0079,0.0023,0.0214,0.0039,0.0135,0.0075,0.0832,0.4737,0.9984,0.0307,0.9838,0.0016,0.0438,0.0012,0.0023,0.0021,0.0018,0.0040,0.0053,0.0074,0.0012,0.0018,0.0003,0.0024,0.0000,0.0000,0.0008,0.0012