c1,c2,c3,c4,c5,c6,c7,c8,c9,c10,c11,c12,c13,c14,c15,c16,c17,c18,c19,c20,c21,c22,c23,c24,c25,c26,c27,c28
0.0042,0.0006,0.0011,0.0006,0.0112,0.0024,0.0119,0.0048,0.0057,0.0032,0.0048,0.0041,0.0191,0.0102,0.0252,0.0222,0.0065,0.0134,0.0258,0.0276,0.0098,0.0122,0.0108,0.0051,0.0226,0.0117,0.0065,0.0091
0.0006,0.0010,0.0006,0.0000,0.0001,0.0006,0.0029,0.0099,0.0129,0.0151,0.0022,0.1491,0.0232,0.6648,0.0068,0.0386,0.0047,0.0073,0.0446,0.0110,0.0499,0.0026,0.3726,0.0021,0.5081,0.0024,0.0124,0.0043
0.0011,0.0006,0.0072,0.0008,0.0000,0.0010,0.0164,0.0052,0.0123,0.0046,0.0587,0.0497,0.3653,0.0430,0.0104,0.0255,0.0051,0.0074,0.0102,0.0060,0.0047,0.0044,0.0128,0.0256,0.0122,0.0068,0.0041,0.0092
0.0006,0.0000,0.0008,0.0033,0.0028,0.0000,0.0002,0.0076,0.0123,0.0349,0.0210,0.9998,0.0125,0.2262,0.0048,0.0129,0.0031,0.0047,0.0103,0.0066,0.0169,0.0019,0.4218,0.0036,0.4669,0.0020,0.0063,0.0038
0.0112,0.0001,0.0000,0.0028,0.0122,0.0017,0.0001,0.0038,0.0384,0.0336,0.2499,0.2378,0.0255,0.0085,0.0417,0.0081,0.0049,0.0065,0.0064,0.0111,0.0070,0.0042,0.0113,0.0047,0.0113,0.0362,0.0066,0.0086
0.0024,0.0006,0.0010,0.0000,0.0017,0.0086,0.0049,0.0120,0.0084,0.8837,0.0231,0.5045,0.0070,0.0055,0.0015,0.0217,0.0017,0.0034,0.0072,0.0055,0.0092,0.0024,0.0183,0.0020,0.1018,0.0029,0.1631,0.0174
0.0119,0.0029,0.0164,0.0002,0.0001,0.0049,0.0054,0.2395,0.0102,0.0161,0.0014,0.0018,0.0076,0.0031,0.0021,0.0051,0.0157,0.0040,0.0147,0.0065,0.0056,0.0026,0.0152,0.0041,0.0676,0.0058,0.1807,0.2148
0.0048,0.0099,0.0052,0.0076,0.0038,0.0120,0.2395,0.0068,0.3151,0.0006,0.0002,0.0034,0.0005,0.0013,0.0013,0.0082,0.0021,0.0057,0.0069,0.0064,0.0040,0.0012,0.0066,0.0013,0.0449,0.0093,0.6703,0.1462
0.0057,0.0129,0.0123,0.0123,0.0384,0.0084,0.0102,0.3151,0.0007,0.0064,0.0000,0.0000,0.0004,0.0002,0.0020,0.0042,0.0030,0.0023,0.0008,0.0056,0.0040,0.0016,0.0164,0.0042,0.1453,0.3306,0.9344,0.7114
0.0032,0.0151,0.0046,0.0349,0.0336,0.8837,0.0161,0.0006,0.0064,0.0000,0.0002,0.0000,0.0000,0.0000,0.0002,0.0024,0.0016,0.0020,0.0112,0.0069,0.0062,0.0012,0.0722,0.0078,0.9995,0.5154,0.9999,0.0383
0.0048,0.0022,0.0587,0.0210,0.2499,0.0231,0.0014,0.0002,0.0000,0.0002,0.0012,0.0000,0.0000,0.0001,0.0011,0.0011,0.0055,0.0023,0.0028,0.0013,0.0012,0.0019,0.0056,0.0901,0.3081,1.0000,0.0206,0.9609
0.0041,0.1491,0.0497,0.9998,0.2378,0.5045,0.0018,0.0034,0.0000,0.0000,0.0000,0.0000,0.0002,0.0000,0.0000,0.0000,0.0005,0.0022,0.0037,0.0024,0.0943,0.0050,1.0000,0.1475,0.9998,0.1358,0.0290,0.0062
0.0191,0.0232,0.3653,0.0125,0.0255,0.0070,0.0076,0.0005,0.0004,0.0000,0.0000,0.0002,0.0089,0.0001,0.0001,0.0002,0.0031,0.0036,0.0097,0.0085,0.0028,0.0242,0.1065,1.0000,0.0112,0.3774,0.0028,0.0428
0.0102,0.6648,0.0430,0.2262,0.0085,0.0055,0.0031,0.0013,0.0002,0.0000,0.0001,0.0000,0.0001,0.0000,0.0002,0.0000,0.0000,0.0005,0.0363,0.0220,1.0000,0.0467,1.0000,0.0626,0.0482,0.0016,0.0008,0.0017
0.0252,0.0068,0.0104,0.0048,0.0417,0.0015,0.0021,0.0013,0.0020,0.0002,0.0011,0.0000,0.0001,0.0002,0.0015,0.0017,0.0001,0.0024,0.0208,0.0180,0.0952,1.0000,0.2998,0.9705,0.0051,0.0547,0.0013,0.0029
0.0222,0.0386,0.0255,0.0129,0.0081,0.0217,0.0051,0.0082,0.0042,0.0024,0.0011,0.0000,0.0002,0.0000,0.0017,0.0225,0.0008,0.0004,0.8002,0.0202,0.9997,0.2183,0.0200,0.0028,0.0011,0.0009,0.0034,0.0025
0.0065,0.0047,0.0051,0.0031,0.0049,0.0017,0.0157,0.0021,0.0030,0.0016,0.0055,0.0005,0.0031,0.0000,0.0001,0.0008,0.0134,0.8576,0.0013,0.3772,0.0015,0.9999,0.0058,0.1364,0.0012,0.0073,0.0013,0.0083
0.0134,0.0073,0.0074,0.0047,0.0065,0.0034,0.0040,0.0057,0.0023,0.0020,0.0023,0.0022,0.0036,0.0005,0.0024,0.0004,0.8576,0.2106,0.5797,0.0063,0.0015,0.1380,0.0016,0.0089,0.0015,0.0058,0.0054,0.0044
0.0258,0.0446,0.0102,0.0103,0.0064,0.0072,0.0147,0.0069,0.0008,0.0112,0.0028,0.0037,0.0097,0.0363,0.0208,0.8002,0.0013,0.5797,0.0053,0.2374,0.0000,0.0003,0.0001,0.0010,0.0012,0.0049,0.0147,0.0054
0.0276,0.0110,0.0060,0.0066,0.0111,0.0055,0.0065,0.0064,0.0056,0.0069,0.0013,0.0024,0.0085,0.0220,0.0180,0.0202,0.3772,0.0063,0.2374,0.0519,0.0006,0.0001,0.0002,0.0031,0.0009,0.0152,0.0185,0.0075
0.0098,0.0499,0.0047,0.0169,0.0070,0.0092,0.0056,0.0040,0.0040,0.0062,0.0012,0.0943,0.0028,1.0000,0.0952,0.9997,0.0015,0.0015,0.0000,0.0006,0.0011,0.0008,0.0000,0.0000,0.0001,0.0002,0.0028,0.0013
0.0122,0.0026,0.0044,0.0019,0.0042,0.0024,0.0026,0.0012,0.0016,0.0012,0.0019,0.0050,0.0242,0.0467,1.0000,0.2183,0.9999,0.1380,0.0003,0.0001,0.0008,0.0051,0.0000,0.0002,0.0001,0.0023,0.0013,0.0033
0.0108,0.3726,0.0128,0.4218,0.0113,0.0183,0.0152,0.0066,0.0164,0.0722,0.0056,1.0000,0.1065,1.0000,0.2998,0.0200,0.0058,0.0016,0.0001,0.0002,0.0000,0.0000,0.0002,0.0003,0.0000,0.0000,0.0000,0.0004
0.0051,0.0021,0.0256,0.0036,0.0047,0.0020,0.0041,0.0013,0.0042,0.0078,0.0901,0.1475,1.0000,0.0626,0.9705,0.0028,0.1364,0.0089,0.0010,0.0031,0.0000,0.0002,0.0003,0.0128,0.0001,0.0001,0.0001,0.0011
0.0226,0.5081,0.0122,0.4669,0.0113,0.1018,0.0676,0.0449,0.1453,0.9995,0.3081,0.9998,0.0112,0.0482,0.0051,0.0011,0.0012,0.0015,0.0012,0.0009,0.0001,0.0001,0.0000,0.0001,0.0004,0.0001,0.0000,0.0000
0.0117,0.0024,0.0068,0.0020,0.0362,0.0029,0.0058,0.0093,0.3306,0.5154,1.0000,0.1358,0.3774,0.0016,0.0547,0.0009,0.0073,0.0058,0.0049,0.0152,0.0002,0.0023,0.0000,0.0001,0.0001,0.0003,0.0001,0.0000
0.0065,0.0124,0.0041,0.0063,0.0066,0.1631,0.1807,0.6703,0.9344,0.9999,0.0206,0.0290,0.0028,0.0008,0.0013,0.0034,0.0013,0.0054,0.0147,0.0185,0.0028,0.0013,0.0000,0.0001,0.0000,0.0001,0.0017,0.0019
0.0091,0.0043,0.0092,0.0038,0.0086,0.0174,0.2148,0.1462,0.7114,0.0383,0.9609,0.0062,0.0428,0.0017,0.0029,0.0025,0.0083,0.0044,0.0054,0.0075,0.0013,0.0033,0.0004,0.0011,0.0000,0.0000,0.0019,0.0031