c1,c2,c3,c4,c5,c6,c7,c8,c9,c10,c11,c12,c13,c14,c15,c16,c17,c18,c19,c20,c21,c22,c23,c24,c25,c26,c27,c28
0.0000,0.0028,0.0025,0.0040,0.0311,0.0136,0.0275,0.0318,0.0528,0.0405,0.0294,0.1171,0.0163,0.0102,0.0348,0.0208,0.0099,0.0135,0.0182,0.0092,0.0047,0.0058,0.0037,0.0029,0.0052,0.0028,0.0032,0.0054
0.0028,0.0160,0.0173,0.0000,0.0007,0.0006,0.0052,0.0588,0.0100,0.0540,0.0060,0.1745,0.0116,0.0231,0.0104,0.0137,0.0061,0.0102,0.0203,0.0089,0.0131,0.0041,0.0075,0.0026,0.0139,0.0027,0.0168,0.0028
0.0025,0.0173,0.0682,0.0034,0.0008,0.0012,0.0087,0.0356,0.0164,0.0179,0.0105,0.0109,0.0080,0.0041,0.0108,0.0068,0.0080,0.0089,0.0135,0.0043,0.0039,0.0030,0.0035,0.0026,0.0054,0.0041,0.0125,0.0229
0.0040,0.0000,0.0034,0.0002,0.0096,0.0000,0.0006,0.3277,0.0052,0.4781,0.0080,0.0140,0.0039,0.0336,0.0032,0.0423,0.0028,0.0065,0.0419,0.0077,0.0143,0.0025,0.0081,0.0028,0.0386,0.0048,0.9025,0.0108
0.0311,0.0007,0.0008,0.0096,0.0167,0.0139,0.0008,0.6619,0.0066,0.0053,0.0051,0.0020,0.0053,0.0020,0.0073,0.0095,0.0079,0.0104,0.0090,0.0065,0.0063,0.0049,0.0049,0.0033,0.0038,0.0054,0.0240,0.0377
0.0136,0.0006,0.0012,0.0000,0.0139,0.1216,0.3586,0.0011,0.0007,0.0006,0.0029,0.0030,0.0052,0.0030,0.0050,0.0450,0.0048,0.0119,0.0294,0.0144,0.0103,0.0102,0.0044,0.0047,0.0092,0.0096,0.6036,0.0696
0.0275,0.0052,0.0087,0.0006,0.0008,0.3586,0.0075,0.1181,0.0001,0.0000,0.0006,0.0010,0.0056,0.0008,0.0052,0.0064,0.0055,0.0051,0.0014,0.0091,0.0101,0.0037,0.0096,0.0092,0.0783,0.0354,0.8922,0.2114
0.0318,0.0588,0.0356,0.3277,0.6619,0.0011,0.1181,0.0087,0.0463,0.0000,0.0002,0.0001,0.0004,0.0008,0.0027,0.0053,0.0022,0.0022,0.0051,0.0038,0.0027,0.0006,0.0029,0.0013,0.0234,0.0053,0.9895,0.0401
0.0528,0.0100,0.0164,0.0052,0.0066,0.0007,0.0001,0.0463,0.0034,0.0007,0.0015,0.0001,0.0049,0.0002,0.0105,0.0040,0.0073,0.0039,0.0015,0.0055,0.0050,0.0029,0.0052,0.0209,0.0372,0.3858,0.1270,0.9803
0.0405,0.0540,0.0179,0.4781,0.0053,0.0006,0.0000,0.0000,0.0007,0.0571,0.0020,0.0000,0.0001,0.0002,0.0008,0.0096,0.0076,0.0055,0.0146,0.0056,0.0100,0.0041,0.0879,0.0181,0.9998,0.0287,0.9519,0.0143
0.0294,0.0060,0.0105,0.0080,0.0051,0.0029,0.0006,0.0002,0.0015,0.0020,0.0162,0.0000,0.0008,0.0002,0.0016,0.0008,0.0040,0.0032,0.0030,0.0036,0.0019,0.0025,0.0089,0.2281,0.6591,0.9972,0.0166,0.9039
0.1171,0.1745,0.0109,0.0140,0.0020,0.0030,0.0010,0.0001,0.0001,0.0000,0.0000,0.0000,0.0017,0.0000,0.0000,0.0001,0.0004,0.0021,0.0149,0.0075,0.0651,0.0516,1.0000,0.9268,1.0000,0.3250,0.4437,0.0204
0.0163,0.0116,0.0080,0.0039,0.0053,0.0052,0.0056,0.0004,0.0049,0.0001,0.0008,0.0017,0.0111,0.0001,0.0002,0.0002,0.0030,0.0029,0.0087,0.0142,0.0069,0.0294,0.0711,0.9965,0.0818,0.7030,0.0023,0.0719
0.0102,0.0231,0.0041,0.0336,0.0020,0.0030,0.0008,0.0008,0.0002,0.0002,0.0002,0.0000,0.0001,0.0001,0.0016,0.0000,0.0001,0.0010,0.0123,0.0734,1.0000,0.3109,1.0000,0.1352,0.8192,0.0085,0.0045,0.0013
0.0348,0.0104,0.0108,0.0032,0.0073,0.0050,0.0052,0.0027,0.0105,0.0008,0.0016,0.0000,0.0002,0.0016,0.0053,0.0005,0.0001,0.0027,0.0200,0.0170,0.1347,0.9993,0.1375,0.1985,0.0055,0.0154,0.0015,0.0063
0.0208,0.0137,0.0068,0.0423,0.0095,0.0450,0.0064,0.0053,0.0040,0.0096,0.0008,0.0001,0.0002,0.0000,0.0005,0.0317,0.0009,0.0010,0.5484,0.0602,0.9980,0.0677,0.0549,0.0041,0.0021,0.0018,0.0022,0.0015
0.0099,0.0061,0.0080,0.0028,0.0079,0.0048,0.0055,0.0022,0.0073,0.0076,0.0040,0.0004,0.0030,0.0001,0.0001,0.0009,0.0157,0.4706,0.0014,0.0581,0.0366,0.9838,0.0175,0.1395,0.0012,0.0172,0.0019,0.0030
0.0135,0.0102,0.0089,0.0065,0.0104,0.0119,0.0051,0.0022,0.0039,0.0055,0.0032,0.0021,0.0029,0.0010,0.0027,0.0010,0.4706,0.0728,0.3478,0.0045,0.0009,0.0252,0.0109,0.0054,0.0038,0.0049,0.0033,0.0045
0.0182,0.0203,0.0135,0.0419,0.0090,0.0294,0.0014,0.0051,0.0015,0.0146,0.0030,0.0149,0.0087,0.0123,0.0200,0.5484,0.0014,0.3478,0.0068,0.3989,0.0000,0.0004,0.0014,0.0006,0.0018,0.0026,0.0034,0.0020
0.0092,0.0089,0.0043,0.0077,0.0065,0.0144,0.0091,0.0038,0.0055,0.0056,0.0036,0.0075,0.0142,0.0734,0.0170,0.0602,0.0581,0.0045,0.3989,0.0787,0.0006,0.0002,0.0004,0.0020,0.0008,0.0048,0.0024,0.0048
0.0047,0.0131,0.0039,0.0143,0.0063,0.0103,0.0101,0.0027,0.0050,0.0100,0.0019,0.0651,0.0069,1.0000,0.1347,0.9980,0.0366,0.0009,0.0000,0.0006,0.0060,0.0032,0.0000,0.0002,0.0002,0.0005,0.0019,0.0007
0.0058,0.0041,0.0030,0.0025,0.0049,0.0102,0.0037,0.0006,0.0029,0.0041,0.0025,0.0516,0.0294,0.3109,0.9993,0.0677,0.9838,0.0252,0.0004,0.0002,0.0032,0.0061,0.0009,0.0001,0.0001,0.0021,0.0002,0.0024
0.0037,0.0075,0.0035,0.0081,0.0049,0.0044,0.0096,0.0029,0.0052,0.0879,0.0089,1.0000,0.0711,1.0000,0.1375,0.0549,0.0175,0.0109,0.0014,0.0004,0.0000,0.0009,0.0004,0.0023,0.0000,0.0001,0.0000,0.0003
0.0029,0.0026,0.0026,0.0028,0.0033,0.0047,0.0092,0.0013,0.0209,0.0181,0.2281,0.9268,0.9965,0.1352,0.1985,0.0041,0.1395,0.0054,0.0006,0.0020,0.0002,0.0001,0.0023,0.0077,0.0002,0.0001,0.0001,0.0022
0.0052,0.0139,0.0054,0.0386,0.0038,0.0092,0.0783,0.0234,0.0372,0.9998,0.6591,1.0000,0.0818,0.8192,0.0055,0.0021,0.0012,0.0038,0.0018,0.0008,0.0002,0.0001,0.0000,0.0002,0.0002,0.0010,0.0000,0.0000
0.0028,0.0027,0.0041,0.0048,0.0054,0.0096,0.0354,0.0053,0.3858,0.0287,0.9972,0.3250,0.7030,0.0085,0.0154,0.0018,0.0172,0.0049,0.0026,0.0048,0.0005,0.0021,0.0001,0.0001,0.0010,0.0046,0.0001,0.0001
0.0032,0.0168,0.0125,0.9025,0.0240,0.6036,0.8922,0.9895,0.1270,0.9519,0.0166,0.4437,0.0023,0.0045,0.0015,0.0022,0.0019,0.0033,0.0034,0.0024,0.0019,0.0002,0.0000,0.0001,0.0000,0.0001,0.0002,0.0001
0.0054,0.0028,0.0229,0.0108,0.0377,0.0696,0.2114,0.0401,0.9803,0.0143,0.9039,0.0204,0.0719,0.0013,0.0063,0.0015,0.0030,0.0045,0.0020,0.0048,0.0007,0.0024,0.0003,0.0022,0.0000,0.0001,0.0001,0.0029