c1,c2,c3,c4,c5,c6,c7,c8,c9,c10,c11,c12,c13,c14,c15,c16,c17,c18,c19,c20,c21,c22,c23,c24,c25,c26,c27,c28
0.0653,0.0073,0.0036,0.0009,0.0072,0.0023,0.0039,0.0030,0.0040,0.0023,0.0014,0.0038,0.0055,0.0090,0.0112,0.0341,0.0112,0.0189,0.0330,0.0524,0.0119,0.0175,0.0317,0.0037,0.0077,0.0027,0.0030,0.0041
0.0073,0.0603,0.0087,0.0000,0.0001,0.0001,0.0003,0.0032,0.0038,0.0060,0.0011,0.0278,0.0062,0.1548,0.0042,0.0366,0.0075,0.0246,0.3163,0.0338,0.1683,0.0107,0.8806,0.0019,0.1707,0.0015,0.0082,0.0015
0.0036,0.0087,0.4162,0.0001,0.0005,0.0006,0.0012,0.0010,0.0023,0.0014,0.0054,0.0061,0.0087,0.0039,0.0060,0.0111,0.0259,0.0154,0.0336,0.1166,0.0046,0.4626,0.0396,0.0826,0.0028,0.0056,0.0024,0.0036
0.0009,0.0000,0.0001,0.0003,0.0003,0.0000,0.0001,0.0003,0.0008,0.1066,0.0019,0.9757,0.0057,0.4356,0.0054,0.0076,0.0020,0.0069,0.0675,0.0062,0.1944,0.0049,0.9997,0.0029,0.9995,0.0020,0.0179,0.0007
0.0072,0.0001,0.0005,0.0003,0.0363,0.0013,0.0003,0.0017,0.0005,0.0013,0.0437,0.0116,0.0185,0.0010,0.0274,0.0062,0.0348,0.0277,0.0454,0.1454,0.0064,0.2582,0.0318,0.0427,0.0075,0.0267,0.0054,0.0079
0.0023,0.0001,0.0006,0.0000,0.0013,0.0087,0.0303,0.0001,0.0005,0.2932,0.1938,0.9271,0.0216,0.0133,0.0186,0.0064,0.0031,0.0085,0.0353,0.0141,0.0104,0.0042,0.0981,0.0025,0.0503,0.0039,0.0480,0.0065
0.0039,0.0003,0.0012,0.0001,0.0003,0.0303,0.0008,0.3383,0.0122,0.0160,0.0063,0.0018,0.0042,0.0001,0.0057,0.0015,0.0059,0.0054,0.0020,0.0191,0.0046,0.0125,0.1093,0.1163,0.1425,0.0428,0.1570,0.1531
0.0030,0.0032,0.0010,0.0003,0.0017,0.0001,0.3383,0.1950,0.2782,0.0000,0.0006,0.0001,0.0020,0.0005,0.0054,0.0059,0.0092,0.0302,0.1364,0.0202,0.0064,0.0013,0.0134,0.0036,0.0168,0.0982,0.8372,0.9907
0.0040,0.0038,0.0023,0.0008,0.0005,0.0005,0.0122,0.2782,0.0299,0.0001,0.0000,0.0001,0.0002,0.0001,0.0014,0.0075,0.0034,0.0065,0.0128,0.0064,0.0057,0.0019,0.0520,0.0056,0.1641,0.2748,0.9992,0.9950
0.0023,0.0060,0.0014,0.1066,0.0013,0.2932,0.0160,0.0000,0.0001,0.0168,0.0001,0.0000,0.0000,0.0000,0.0003,0.0016,0.0114,0.0074,0.0652,0.0072,0.0169,0.0038,0.9568,0.0426,1.0000,0.1132,0.9912,0.0154
0.0014,0.0011,0.0054,0.0019,0.0437,0.1938,0.0063,0.0006,0.0000,0.0001,0.0018,0.0000,0.0002,0.0002,0.0033,0.0018,0.0050,0.0051,0.0043,0.0015,0.0004,0.0009,0.0052,0.8124,0.0680,1.0000,0.0519,0.9930
0.0038,0.0278,0.0061,0.9757,0.0116,0.9271,0.0018,0.0001,0.0001,0.0000,0.0000,0.0026,0.0003,0.0000,0.0000,0.0002,0.0010,0.0045,0.0189,0.0024,0.0722,0.0047,1.0000,0.1440,0.9999,0.0087,0.0281,0.0040
0.0055,0.0062,0.0087,0.0057,0.0185,0.0216,0.0042,0.0020,0.0002,0.0000,0.0002,0.0003,0.0433,0.0013,0.0000,0.0002,0.0019,0.0047,0.0071,0.0083,0.0024,0.0753,0.0332,0.9998,0.0521,0.9445,0.0075,0.0523
0.0090,0.1548,0.0039,0.4356,0.0010,0.0133,0.0001,0.0005,0.0001,0.0000,0.0002,0.0000,0.0013,0.0001,0.0051,0.0000,0.0000,0.0008,0.0026,0.0118,1.0000,0.1545,0.9999,0.0368,0.7566,0.0025,0.0110,0.0015
0.0112,0.0042,0.0060,0.0054,0.0274,0.0186,0.0057,0.0054,0.0014,0.0003,0.0033,0.0000,0.0000,0.0051,0.0047,0.0006,0.0000,0.0018,0.0013,0.0072,0.0301,0.9997,0.0868,0.9304,0.0155,0.1343,0.0024,0.0045
0.0341,0.0366,0.0111,0.0076,0.0062,0.0064,0.0015,0.0059,0.0075,0.0016,0.0018,0.0002,0.0002,0.0000,0.0006,0.0392,0.0003,0.0001,0.2027,0.0137,0.9999,0.3344,0.0701,0.0083,0.0021,0.0033,0.0045,0.0023
0.0112,0.0075,0.0259,0.0020,0.0348,0.0031,0.0059,0.0092,0.0034,0.0114,0.0050,0.0010,0.0019,0.0000,0.0000,0.0003,0.0175,0.1961,0.0000,0.7336,0.0012,0.9941,0.0185,0.2482,0.0033,0.0308,0.0028,0.0033
0.0189,0.0246,0.0154,0.0069,0.0277,0.0085,0.0054,0.0302,0.0065,0.0074,0.0051,0.0045,0.0047,0.0008,0.0018,0.0001,0.1961,0.1380,0.3903,0.0029,0.0008,0.0071,0.0013,0.0044,0.0011,0.0098,0.0030,0.0061
0.0330,0.3163,0.0336,0.0675,0.0454,0.0353,0.0020,0.1364,0.0128,0.0652,0.0043,0.0189,0.0071,0.0026,0.0013,0.2027,0.0000,0.3903,0.0078,0.3512,0.0000,0.0001,0.0001,0.0005,0.0011,0.0024,0.0058,0.0040
0.0524,0.0338,0.1166,0.0062,0.1454,0.0141,0.0191,0.0202,0.0064,0.0072,0.0015,0.0024,0.0083,0.0118,0.0072,0.0137,0.7336,0.0029,0.3512,0.1109,0.0002,0.0001,0.0000,0.0015,0.0002,0.0033,0.0015,0.0023
0.0119,0.1683,0.0046,0.1944,0.0064,0.0104,0.0046,0.0064,0.0057,0.0169,0.0004,0.0722,0.0024,1.0000,0.0301,0.9999,0.0012,0.0008,0.0000,0.0002,0.0069,0.0028,0.0000,0.0000,0.0000,0.0002,0.0052,0.0005
0.0175,0.0107,0.4626,0.0049,0.2582,0.0042,0.0125,0.0013,0.0019,0.0038,0.0009,0.0047,0.0753,0.1545,0.9997,0.3344,0.9941,0.0071,0.0001,0.0001,0.0028,0.0024,0.0000,0.0000,0.0000,0.0004,0.0004,0.0008
0.0317,0.8806,0.0396,0.9997,0.0318,0.0981,0.1093,0.0134,0.0520,0.9568,0.0052,1.0000,0.0332,0.9999,0.0868,0.0701,0.0185,0.0013,0.0001,0.0000,0.0000,0.0000,0.0001,0.0001,0.0000,0.0000,0.0000,0.0001
0.0037,0.0019,0.0826,0.0029,0.0427,0.0025,0.1163,0.0036,0.0056,0.0426,0.8124,0.1440,0.9998,0.0368,0.9304,0.0083,0.2482,0.0044,0.0005,0.0015,0.0000,0.0000,0.0001,0.0035,0.0000,0.0000,0.0001,0.0004
0.0077,0.1707,0.0028,0.9995,0.0075,0.0503,0.1425,0.0168,0.1641,1.0000,0.0680,0.9999,0.0521,0.7566,0.0155,0.0021,0.0033,0.0011,0.0011,0.0002,0.0000,0.0000,0.0000,0.0000,0.0000,0.0001,0.0000,0.0000
0.0027,0.0015,0.0056,0.0020,0.0267,0.0039,0.0428,0.0982,0.2748,0.1132,1.0000,0.0087,0.9445,0.0025,0.1343,0.0033,0.0308,0.0098,0.0024,0.0033,0.0002,0.0004,0.0000,0.0000,0.0001,0.0073,0.0001,0.0001
0.0030,0.0082,0.0024,0.0179,0.0054,0.0480,0.1570,0.8372,0.9992,0.9912,0.0519,0.0281,0.0075,0.0110,0.0024,0.0045,0.0028,0.0030,0.0058,0.0015,0.0052,0.0004,0.0000,0.0001,0.0000,0.0001,0.0273,0.0051
0.0041,0.0015,0.0036,0.0007,0.0079,0.0065,0.1531,0.9907,0.9950,0.0154,0.9930,0.0040,0.0523,0.0015,0.0045,0.0023,0.0033,0.0061,0.0040,0.0023,0.0005,0.0008,0.0001,0.0004,0.0000,0.0001,0.0051,0.0117