c1,c2,c3,c4,c5,c6,c7,c8,c9,c10,c11,c12,c13,c14,c15,c16,c17,c18,c19,c20,c21,c22,c23,c24,c25,c26,c27,c28
0.0464,0.0069,0.0014,0.0009,0.0060,0.0025,0.0051,0.0034,0.0044,0.0022,0.0014,0.0051,0.0058,0.0112,0.0095,0.0346,0.0129,0.0204,0.0227,0.1389,0.0113,0.0177,0.0263,0.0035,0.0068,0.0029,0.0030,0.0043
0.0069,0.0678,0.0065,0.0000,0.0001,0.0001,0.0004,0.0037,0.0047,0.0100,0.0012,0.0519,0.0058,0.1158,0.0038,0.0254,0.0080,0.0237,0.1954,0.0222,0.1135,0.0087,0.9045,0.0017,0.1615,0.0016,0.0077,0.0015
0.0014,0.0065,0.2052,0.0002,0.0005,0.0008,0.0013,0.0011,0.0026,0.0017,0.0055,0.0082,0.0089,0.0034,0.0049,0.0121,0.0322,0.0190,0.0327,0.1998,0.0046,0.3740,0.0390,0.0650,0.0028,0.0063,0.0027,0.0045
0.0009,0.0000,0.0002,0.0004,0.0004,0.0000,0.0001,0.0003,0.0010,0.1441,0.0025,0.9514,0.0055,0.3030,0.0035,0.0079,0.0021,0.0075,0.0681,0.0044,0.1651,0.0045,0.9995,0.0027,0.9991,0.0021,0.0216,0.0008
0.0060,0.0001,0.0005,0.0004,0.0240,0.0014,0.0006,0.0021,0.0006,0.0016,0.0635,0.0109,0.0156,0.0010,0.0210,0.0071,0.0279,0.0273,0.0407,0.2785,0.0070,0.1048,0.0425,0.0239,0.0058,0.0228,0.0073,0.0089
0.0025,0.0001,0.0008,0.0000,0.0014,0.0086,0.0367,0.0001,0.0004,0.1011,0.1453,0.8945,0.0198,0.0227,0.0165,0.0096,0.0035,0.0098,0.0430,0.0148,0.0155,0.0035,0.1256,0.0026,0.0261,0.0042,0.0511,0.0071
0.0051,0.0004,0.0013,0.0001,0.0006,0.0367,0.0003,0.3376,0.0073,0.0218,0.0060,0.0027,0.0037,0.0001,0.0042,0.0016,0.0058,0.0052,0.0012,0.0263,0.0051,0.0144,0.1404,0.0820,0.0824,0.0339,0.1603,0.1610
0.0034,0.0037,0.0011,0.0003,0.0021,0.0001,0.3376,0.1641,0.1765,0.0000,0.0005,0.0001,0.0020,0.0006,0.0042,0.0066,0.0080,0.0363,0.1627,0.0240,0.0065,0.0013,0.0143,0.0033,0.0128,0.1568,0.8970,0.9730
0.0044,0.0047,0.0026,0.0010,0.0006,0.0004,0.0073,0.1765,0.0190,0.0001,0.0000,0.0001,0.0003,0.0001,0.0014,0.0092,0.0041,0.0081,0.0162,0.0083,0.0065,0.0021,0.0826,0.0054,0.1450,0.5072,0.9981,0.9779
0.0022,0.0100,0.0017,0.1441,0.0016,0.1011,0.0218,0.0000,0.0001,0.0424,0.0001,0.0000,0.0000,0.0000,0.0002,0.0016,0.0119,0.0114,0.0783,0.0079,0.0349,0.0062,0.9936,0.0511,1.0000,0.0836,0.9347,0.0100
0.0014,0.0012,0.0055,0.0025,0.0635,0.1453,0.0060,0.0005,0.0000,0.0001,0.0014,0.0001,0.0003,0.0002,0.0030,0.0026,0.0061,0.0058,0.0047,0.0018,0.0005,0.0012,0.0053,0.9535,0.0423,1.0000,0.0467,0.9725
0.0051,0.0519,0.0082,0.9514,0.0109,0.8945,0.0027,0.0001,0.0001,0.0000,0.0001,0.0009,0.0003,0.0000,0.0000,0.0002,0.0019,0.0048,0.0205,0.0020,0.0897,0.0049,1.0000,0.1290,0.9998,0.0071,0.0178,0.0048
0.0058,0.0058,0.0089,0.0055,0.0156,0.0198,0.0037,0.0020,0.0003,0.0000,0.0003,0.0003,0.0332,0.0016,0.0000,0.0003,0.0022,0.0056,0.0084,0.0107,0.0027,0.0919,0.0395,0.9997,0.0527,0.8980,0.0061,0.0534
0.0112,0.1158,0.0034,0.3030,0.0010,0.0227,0.0001,0.0006,0.0001,0.0000,0.0002,0.0000,0.0016,0.0002,0.0042,0.0000,0.0000,0.0010,0.0046,0.0095,1.0000,0.1102,0.9998,0.0327,0.8160,0.0024,0.0107,0.0016
0.0095,0.0038,0.0049,0.0035,0.0210,0.0165,0.0042,0.0042,0.0014,0.0002,0.0030,0.0000,0.0000,0.0042,0.0038,0.0007,0.0000,0.0021,0.0020,0.0089,0.0446,0.9996,0.1848,0.9541,0.0216,0.1083,0.0026,0.0043
0.0346,0.0254,0.0121,0.0079,0.0071,0.0096,0.0016,0.0066,0.0092,0.0016,0.0026,0.0002,0.0003,0.0000,0.0007,0.0338,0.0003,0.0001,0.2656,0.0140,0.9997,0.2415,0.0591,0.0072,0.0019,0.0037,0.0057,0.0028
0.0129,0.0080,0.0322,0.0021,0.0279,0.0035,0.0058,0.0080,0.0041,0.0119,0.0061,0.0019,0.0022,0.0000,0.0000,0.0003,0.0081,0.1416,0.0001,0.7366,0.0010,0.9939,0.0152,0.2301,0.0027,0.0190,0.0029,0.0048
0.0204,0.0237,0.0190,0.0075,0.0273,0.0098,0.0052,0.0363,0.0081,0.0114,0.0058,0.0048,0.0056,0.0010,0.0021,0.0001,0.1416,0.0931,0.2741,0.0013,0.0006,0.0102,0.0011,0.0049,0.0011,0.0106,0.0031,0.0066
0.0227,0.1954,0.0327,0.0681,0.0407,0.0430,0.0012,0.1627,0.0162,0.0783,0.0047,0.0205,0.0084,0.0046,0.0020,0.2656,0.0001,0.2741,0.0041,0.2738,0.0000,0.0002,0.0001,0.0006,0.0010,0.0019,0.0072,0.0039
0.1389,0.0222,0.1998,0.0044,0.2785,0.0148,0.0263,0.0240,0.0083,0.0079,0.0018,0.0020,0.0107,0.0095,0.0089,0.0140,0.7366,0.0013,0.2738,0.0224,0.0002,0.0001,0.0000,0.0018,0.0001,0.0063,0.0016,0.0024
0.0113,0.1135,0.0046,0.1651,0.0070,0.0155,0.0051,0.0065,0.0065,0.0349,0.0005,0.0897,0.0027,1.0000,0.0446,0.9997,0.0010,0.0006,0.0000,0.0002,0.0056,0.0031,0.0000,0.0000,0.0001,0.0002,0.0063,0.0007
0.0177,0.0087,0.3740,0.0045,0.1048,0.0035,0.0144,0.0013,0.0021,0.0062,0.0012,0.0049,0.0919,0.1102,0.9996,0.2415,0.9939,0.0102,0.0002,0.0001,0.0031,0.0034,0.0000,0.0000,0.0000,0.0005,0.0005,0.0012
0.0263,0.9045,0.0390,0.9995,0.0425,0.1256,0.1404,0.0143,0.0826,0.9936,0.0053,1.0000,0.0395,0.9998,0.1848,0.0591,0.0152,0.0011,0.0001,0.0000,0.0000,0.0000,0.0000,0.0001,0.0000,0.0000,0.0000,0.0001
0.0035,0.0017,0.0650,0.0027,0.0239,0.0026,0.0820,0.0033,0.0054,0.0511,0.9535,0.1290,0.9997,0.0327,0.9541,0.0072,0.2301,0.0049,0.0006,0.0018,0.0000,0.0000,0.0001,0.0022,0.0000,0.0000,0.0002,0.0005
0.0068,0.1615,0.0028,0.9991,0.0058,0.0261,0.0824,0.0128,0.1450,1.0000,0.0423,0.9998,0.0527,0.8160,0.0216,0.0019,0.0027,0.0011,0.0010,0.0001,0.0001,0.0000,0.0000,0.0000,0.0000,0.0002,0.0000,0.0000
0.0029,0.0016,0.0063,0.0021,0.0228,0.0042,0.0339,0.1568,0.5072,0.0836,1.0000,0.0071,0.8980,0.0024,0.1083,0.0037,0.0190,0.0106,0.0019,0.0063,0.0002,0.0005,0.0000,0.0000,0.0002,0.0073,0.0001,0.0001
0.0030,0.0077,0.0027,0.0216,0.0073,0.0511,0.1603,0.8970,0.9981,0.9347,0.0467,0.0178,0.0061,0.0107,0.0026,0.0057,0.0029,0.0031,0.0072,0.0016,0.0063,0.0005,0.0000,0.0002,0.0000,0.0001,0.0198,0.0056
0.0043,0.0015,0.0045,0.0008,0.0089,0.0071,0.1610,0.9730,0.9779,0.0100,0.9725,0.0048,0.0534,0.0016,0.0043,0.0028,0.0048,0.0066,0.0039,0.0024,0.0007,0.0012,0.0001,0.0005,0.0000,0.0001,0.0056,0.0253