c1,c2,c3,c4,c5,c6,c7,c8,c9,c10,c11,c12,c13,c14,c15,c16,c17,c18,c19,c20,c21,c22,c23,c24,c25,c26,c27,c28
0.0034,0.0007,0.0027,0.0006,0.0385,0.0055,0.0145,0.0056,0.0068,0.0034,0.0215,0.0050,0.0212,0.0101,0.0314,0.0208,0.0085,0.0110,0.0248,0.0343,0.0046,0.0085,0.0161,0.0022,0.0045,0.0036,0.0026,0.0065
0.0007,0.0060,0.0025,0.0000,0.0001,0.0001,0.0012,0.0067,0.0100,0.0275,0.0040,0.6628,0.0105,0.0499,0.0058,0.0097,0.0050,0.0097,0.0469,0.0101,0.0427,0.0071,0.6963,0.0017,0.7760,0.0021,0.0290,0.0036
0.0027,0.0025,0.0567,0.0001,0.0008,0.0005,0.0083,0.0037,0.0203,0.0071,0.2513,0.0617,0.0407,0.0042,0.0062,0.0074,0.0074,0.0068,0.0134,0.0085,0.0027,0.0097,0.0163,0.0093,0.0089,0.0082,0.0032,0.0082
0.0006,0.0000,0.0001,0.0007,0.0021,0.0000,0.0015,0.0088,0.0135,0.5435,0.0142,0.9600,0.0082,0.0561,0.0017,0.0044,0.0015,0.0048,0.0274,0.0048,0.0202,0.0024,0.8773,0.0024,0.8611,0.0044,0.0656,0.0033
0.0385,0.0001,0.0008,0.0021,0.0137,0.0015,0.0028,0.0043,0.0025,0.0079,0.1883,0.0088,0.0154,0.0026,0.0073,0.0070,0.0080,0.0123,0.0198,0.0217,0.0053,0.0137,0.0232,0.0118,0.0159,0.0083,0.0046,0.0103
0.0055,0.0001,0.0005,0.0000,0.0015,0.0192,0.2669,0.0013,0.0011,0.0825,0.0585,0.1917,0.0048,0.0120,0.0020,0.0084,0.0028,0.0062,0.0425,0.0068,0.0498,0.0044,0.1375,0.0018,0.0791,0.0018,0.0408,0.0073
0.0145,0.0012,0.0083,0.0015,0.0028,0.2669,0.0001,0.7903,0.0077,0.0161,0.0114,0.0021,0.0032,0.0001,0.0025,0.0039,0.0016,0.0029,0.0017,0.0086,0.0203,0.0019,0.0589,0.0064,0.0491,0.0052,0.0514,0.0358
0.0056,0.0067,0.0037,0.0088,0.0043,0.0013,0.7903,0.0331,0.0842,0.0000,0.0004,0.0001,0.0006,0.0007,0.0017,0.0064,0.0040,0.0073,0.0621,0.0100,0.0100,0.0013,0.0100,0.0018,0.0471,0.0046,0.4650,0.7333
0.0068,0.0100,0.0203,0.0135,0.0025,0.0011,0.0077,0.0842,0.0107,0.0002,0.0000,0.0000,0.0002,0.0001,0.0023,0.0103,0.0054,0.0044,0.0134,0.0089,0.0082,0.0017,0.0241,0.0044,0.0570,0.0584,0.9032,0.9986
0.0034,0.0275,0.0071,0.5435,0.0079,0.0825,0.0161,0.0000,0.0002,0.0005,0.0001,0.0000,0.0000,0.0000,0.0002,0.0029,0.0100,0.0056,0.0731,0.0044,0.0163,0.0016,0.8886,0.0144,1.0000,0.1876,0.9955,0.0427
0.0215,0.0040,0.2513,0.0142,0.1883,0.0585,0.0114,0.0004,0.0000,0.0001,0.0006,0.0000,0.0002,0.0001,0.0011,0.0031,0.0045,0.0048,0.0087,0.0016,0.0010,0.0012,0.0065,0.5540,0.0171,1.0000,0.0209,0.3259
0.0050,0.6628,0.0617,0.9600,0.0088,0.1917,0.0021,0.0001,0.0000,0.0000,0.0000,0.0012,0.0004,0.0000,0.0000,0.0002,0.0048,0.0069,0.0390,0.0023,0.0799,0.0019,0.9998,0.0798,0.9998,0.0385,0.0424,0.0052
0.0212,0.0105,0.0407,0.0082,0.0154,0.0048,0.0032,0.0006,0.0002,0.0000,0.0002,0.0004,0.0248,0.0016,0.0000,0.0002,0.0026,0.0085,0.0165,0.0120,0.0048,0.0472,0.0379,0.9999,0.0856,0.8200,0.0029,0.0158
0.0101,0.0499,0.0042,0.0561,0.0026,0.0120,0.0001,0.0007,0.0001,0.0000,0.0001,0.0000,0.0016,0.0001,0.0015,0.0001,0.0000,0.0023,0.0270,0.0415,1.0000,0.1147,1.0000,0.1075,0.2312,0.0039,0.0072,0.0009
0.0314,0.0058,0.0062,0.0017,0.0073,0.0020,0.0025,0.0017,0.0023,0.0002,0.0011,0.0000,0.0000,0.0015,0.0031,0.0045,0.0000,0.0012,0.0022,0.0308,0.0415,1.0000,0.0510,0.9861,0.0124,0.1393,0.0016,0.0029
0.0208,0.0097,0.0074,0.0044,0.0070,0.0084,0.0039,0.0064,0.0103,0.0029,0.0031,0.0002,0.0002,0.0001,0.0045,0.0339,0.0002,0.0006,0.4478,0.0893,0.9935,0.4059,0.0219,0.0051,0.0022,0.0021,0.0020,0.0025
0.0085,0.0050,0.0074,0.0015,0.0080,0.0028,0.0016,0.0040,0.0054,0.0100,0.0045,0.0048,0.0026,0.0000,0.0000,0.0002,0.0108,0.4155,0.0001,0.3168,0.0011,0.9998,0.0099,0.5535,0.0024,0.0146,0.0030,0.0033
0.0110,0.0097,0.0068,0.0048,0.0123,0.0062,0.0029,0.0073,0.0044,0.0056,0.0048,0.0069,0.0085,0.0023,0.0012,0.0006,0.4155,0.1015,0.1380,0.0144,0.0006,0.1012,0.0011,0.0130,0.0016,0.0034,0.0030,0.0043
0.0248,0.0469,0.0134,0.0274,0.0198,0.0425,0.0017,0.0621,0.0134,0.0731,0.0087,0.0390,0.0165,0.0270,0.0022,0.4478,0.0001,0.1380,0.0163,0.2920,0.0000,0.0001,0.0001,0.0006,0.0018,0.0007,0.0043,0.0033
0.0343,0.0101,0.0085,0.0048,0.0217,0.0068,0.0086,0.0100,0.0089,0.0044,0.0016,0.0023,0.0120,0.0415,0.0308,0.0893,0.3168,0.0144,0.2920,0.0573,0.0005,0.0002,0.0000,0.0013,0.0006,0.0027,0.0036,0.0062
0.0046,0.0427,0.0027,0.0202,0.0053,0.0498,0.0203,0.0100,0.0082,0.0163,0.0010,0.0799,0.0048,1.0000,0.0415,0.9935,0.0011,0.0006,0.0000,0.0005,0.0031,0.0016,0.0000,0.0000,0.0001,0.0003,0.0091,0.0012
0.0085,0.0071,0.0097,0.0024,0.0137,0.0044,0.0019,0.0013,0.0017,0.0016,0.0012,0.0019,0.0472,0.1147,1.0000,0.4059,0.9998,0.1012,0.0001,0.0002,0.0016,0.0037,0.0000,0.0000,0.0000,0.0008,0.0005,0.0027
0.0161,0.6963,0.0163,0.8773,0.0232,0.1375,0.0589,0.0100,0.0241,0.8886,0.0065,0.9998,0.0379,1.0000,0.0510,0.0219,0.0099,0.0011,0.0001,0.0000,0.0000,0.0000,0.0006,0.0002,0.0000,0.0000,0.0000,0.0003
0.0022,0.0017,0.0093,0.0024,0.0118,0.0018,0.0064,0.0018,0.0044,0.0144,0.5540,0.0798,0.9999,0.1075,0.9861,0.0051,0.5535,0.0130,0.0006,0.0013,0.0000,0.0000,0.0002,0.0021,0.0001,0.0001,0.0003,0.0008
0.0045,0.7760,0.0089,0.8611,0.0159,0.0791,0.0491,0.0471,0.0570,1.0000,0.0171,0.9998,0.0856,0.2312,0.0124,0.0022,0.0024,0.0016,0.0018,0.0006,0.0001,0.0000,0.0000,0.0001,0.0000,0.0004,0.0000,0.0000
0.0036,0.0021,0.0082,0.0044,0.0083,0.0018,0.0052,0.0046,0.0584,0.1876,1.0000,0.0385,0.8200,0.0039,0.1393,0.0021,0.0146,0.0034,0.0007,0.0027,0.0003,0.0008,0.0000,0.0001,0.0004,0.0041,0.0014,0.0007
0.0026,0.0290,0.0032,0.0656,0.0046,0.0408,0.0514,0.4650,0.9032,0.9955,0.0209,0.0424,0.0029,0.0072,0.0016,0.0020,0.0030,0.0030,0.0043,0.0036,0.0091,0.0005,0.0000,0.0003,0.0000,0.0014,0.0166,0.0012
0.0065,0.0036,0.0082,0.0033,0.0103,0.0073,0.0358,0.7333,0.9986,0.0427,0.3259,0.0052,0.0158,0.0009,0.0029,0.0025,0.0033,0.0043,0.0033,0.0062,0.0012,0.0027,0.0003,0.0008,0.0000,0.0007,0.0012,0.0031