c1,c2,c3,c4,c5,c6,c7,c8,c9,c10,c11,c12,c13,c14,c15,c16,c17,c18,c19,c20,c21,c22,c23,c24,c25,c26,c27,c28
0.0001,0.0008,0.0003,0.0004,0.0205,0.0065,0.0150,0.0030,0.0039,0.0045,0.0018,0.0039,0.0043,0.0049,0.0172,0.0121,0.0064,0.0060,0.0147,0.0244,0.0253,0.0420,0.0894,0.0227,0.0400,0.0432,0.0168,0.0343
0.0008,0.0013,0.0031,0.0000,0.0001,0.0008,0.0007,0.0046,0.0071,0.0120,0.0056,0.0279,0.0139,0.1322,0.0201,0.0152,0.0179,0.0075,0.0975,0.0140,0.3916,0.0085,0.3747,0.0068,0.1549,0.0050,0.0129,0.0066
0.0003,0.0031,0.0081,0.0009,0.0005,0.0055,0.0032,0.0021,0.0032,0.0034,0.0018,0.0066,0.0144,0.0364,0.0098,0.0092,0.0058,0.0068,0.0146,0.0245,0.0183,0.0315,0.0339,0.0536,0.0266,0.0184,0.0093,0.0130
0.0004,0.0000,0.0009,0.0000,0.0016,0.0000,0.0000,0.0028,0.0080,0.0115,0.0310,0.1735,0.0348,0.4622,0.1006,0.0176,0.0500,0.0149,0.1712,0.0265,0.5909,0.0129,0.3819,0.0131,0.0763,0.0053,0.0069,0.0046
0.0205,0.0001,0.0005,0.0016,0.0047,0.0036,0.0000,0.0011,0.0064,0.0103,0.0205,0.0284,0.0182,0.0163,0.0121,0.0132,0.0112,0.0183,0.0163,0.0506,0.0251,0.1133,0.0522,0.0162,0.0079,0.0061,0.0043,0.0070
0.0065,0.0008,0.0055,0.0000,0.0036,0.0173,0.0007,0.0002,0.0028,0.0157,0.0179,0.0553,0.0211,0.0148,0.0127,0.0092,0.0217,0.0095,0.0367,0.0113,0.0397,0.0459,0.0332,0.0100,0.0125,0.0038,0.0096,0.0083
0.0150,0.0007,0.0032,0.0000,0.0000,0.0007,0.0003,0.0165,0.0009,0.0040,0.0063,0.0096,0.0517,0.0192,0.0257,0.0247,0.0403,0.0721,0.0608,0.1194,0.0686,0.0292,0.0495,0.0132,0.0127,0.0051,0.0045,0.0051
0.0030,0.0046,0.0021,0.0028,0.0011,0.0002,0.0165,0.0077,0.0585,0.0002,0.0014,0.0052,0.0052,0.0085,0.0137,0.0110,0.0347,0.0205,0.0705,0.0687,0.0531,0.0133,0.0233,0.0045,0.0098,0.0034,0.0078,0.0062
0.0039,0.0071,0.0032,0.0080,0.0064,0.0028,0.0009,0.0585,0.0001,0.0119,0.0001,0.0025,0.0053,0.0026,0.0113,0.0628,0.0976,0.0524,0.0997,0.0235,0.0417,0.0049,0.0337,0.0056,0.0103,0.0043,0.0058,0.0038
0.0045,0.0120,0.0034,0.0115,0.0103,0.0157,0.0040,0.0002,0.0119,0.0005,0.0120,0.0000,0.0019,0.0017,0.0479,0.0302,0.1522,0.0325,0.0909,0.0155,0.0491,0.0074,0.0285,0.0052,0.0076,0.0053,0.0031,0.0056
0.0018,0.0056,0.0018,0.0310,0.0205,0.0179,0.0063,0.0014,0.0001,0.0120,0.0030,0.0163,0.0009,0.0369,0.0363,0.0444,0.0549,0.0125,0.0195,0.0095,0.0058,0.0038,0.0124,0.0038,0.0056,0.0105,0.0041,0.0036
0.0039,0.0279,0.0066,0.1735,0.0284,0.0553,0.0096,0.0052,0.0025,0.0000,0.0163,0.0048,0.0084,0.0000,0.0012,0.0060,0.0347,0.0200,0.0255,0.0073,0.0162,0.0055,0.0396,0.0074,0.0150,0.0057,0.0074,0.0057
0.0043,0.0139,0.0144,0.0348,0.0182,0.0211,0.0517,0.0052,0.0053,0.0019,0.0009,0.0084,0.0217,0.0024,0.0001,0.0065,0.0140,0.0094,0.0143,0.0140,0.0035,0.0055,0.0083,0.0075,0.0070,0.0110,0.0041,0.0078
0.0049,0.1322,0.0364,0.4622,0.0163,0.0148,0.0192,0.0085,0.0026,0.0017,0.0369,0.0000,0.0024,0.0031,0.0014,0.0001,0.0004,0.0022,0.0113,0.0141,0.0263,0.0089,0.0800,0.0100,0.0361,0.0085,0.0073,0.0046
0.0172,0.0201,0.0098,0.1006,0.0121,0.0127,0.0257,0.0137,0.0113,0.0479,0.0363,0.0012,0.0001,0.0014,0.0129,0.0039,0.0000,0.0005,0.0029,0.0021,0.0151,0.0083,0.0361,0.0086,0.0197,0.0286,0.0198,0.0111
0.0121,0.0152,0.0092,0.0176,0.0132,0.0092,0.0247,0.0110,0.0628,0.0302,0.0444,0.0060,0.0065,0.0001,0.0039,0.0098,0.0012,0.0002,0.0012,0.0032,0.0036,0.0141,0.0167,0.0084,0.0098,0.0211,0.0081,0.0076
0.0064,0.0179,0.0058,0.0500,0.0112,0.0217,0.0403,0.0347,0.0976,0.1522,0.0549,0.0347,0.0140,0.0004,0.0000,0.0012,0.0043,0.0079,0.0000,0.0004,0.0025,0.0038,0.0295,0.0094,0.0238,0.0125,0.0224,0.0093
0.0060,0.0075,0.0068,0.0149,0.0183,0.0095,0.0721,0.0205,0.0524,0.0325,0.0125,0.0200,0.0094,0.0022,0.0005,0.0002,0.0079,0.0134,0.0017,0.0004,0.0005,0.0425,0.0042,0.0218,0.0064,0.0184,0.0076,0.0055
0.0147,0.0975,0.0146,0.1712,0.0163,0.0367,0.0608,0.0705,0.0997,0.0909,0.0195,0.0255,0.0143,0.0113,0.0029,0.0012,0.0000,0.0017,0.0035,0.0034,0.0000,0.0002,0.0007,0.0016,0.0127,0.0165,0.0144,0.0095
0.0244,0.0140,0.0245,0.0265,0.0506,0.0113,0.1194,0.0687,0.0235,0.0155,0.0095,0.0073,0.0140,0.0141,0.0021,0.0032,0.0004,0.0004,0.0034,0.0140,0.0003,0.0003,0.0003,0.0197,0.0040,0.0161,0.0065,0.0070
0.0253,0.3916,0.0183,0.5909,0.0251,0.0397,0.0686,0.0531,0.0417,0.0491,0.0058,0.0162,0.0035,0.0263,0.0151,0.0036,0.0025,0.0005,0.0000,0.0003,0.0084,0.0078,0.0000,0.0006,0.0043,0.0012,0.0109,0.0059
0.0420,0.0085,0.0315,0.0129,0.1133,0.0459,0.0292,0.0133,0.0049,0.0074,0.0038,0.0055,0.0055,0.0089,0.0083,0.0141,0.0038,0.0425,0.0002,0.0003,0.0078,0.0983,0.0003,0.0006,0.0020,0.0079,0.0034,0.0068
0.0894,0.3747,0.0339,0.3819,0.0522,0.0332,0.0495,0.0233,0.0337,0.0285,0.0124,0.0396,0.0083,0.0800,0.0361,0.0167,0.0295,0.0042,0.0007,0.0003,0.0000,0.0003,0.0025,0.0044,0.0000,0.0002,0.0012,0.0024
0.0227,0.0068,0.0536,0.0131,0.0162,0.0100,0.0132,0.0045,0.0056,0.0052,0.0038,0.0074,0.0075,0.0100,0.0086,0.0084,0.0094,0.0218,0.0016,0.0197,0.0006,0.0006,0.0044,0.0426,0.0041,0.0003,0.0197,0.0157
0.0400,0.1549,0.0266,0.0763,0.0079,0.0125,0.0127,0.0098,0.0103,0.0076,0.0056,0.0150,0.0070,0.0361,0.0197,0.0098,0.0238,0.0064,0.0127,0.0040,0.0043,0.0020,0.0000,0.0041,0.0170,0.0239,0.0000,0.0017
0.0432,0.0050,0.0184,0.0053,0.0061,0.0038,0.0051,0.0034,0.0043,0.0053,0.0105,0.0057,0.0110,0.0085,0.0286,0.0211,0.0125,0.0184,0.0165,0.0161,0.0012,0.0079,0.0002,0.0003,0.0239,0.0703,0.0108,0.0016
0.0168,0.0129,0.0093,0.0069,0.0043,0.0096,0.0045,0.0078,0.0058,0.0031,0.0041,0.0074,0.0041,0.0073,0.0198,0.0081,0.0224,0.0076,0.0144,0.0065,0.0109,0.0034,0.0012,0.0197,0.0000,0.0108,0.1205,0.0540
0.0343,0.0066,0.0130,0.0046,0.0070,0.0083,0.0051,0.0062,0.0038,0.0056,0.0036,0.0057,0.0078,0.0046,0.0111,0.0076,0.0093,0.0055,0.0095,0.0070,0.0059,0.0068,0.0024,0.0157,0.0017,0.0016,0.0540,0.0284