c1,c2,c3,c4,c5,c6,c7,c8,c9,c10,c11,c12,c13,c14,c15,c16,c17,c18,c19,c20,c21,c22,c23,c24,c25,c26,c27,c28
0.0000,0.0003,0.0000,0.0036,0.0127,0.0515,0.7002,0.1501,0.5920,0.5096,0.1316,0.0314,0.0216,0.0155,0.0091,0.0052,0.0024,0.0043,0.0051,0.0172,0.0035,0.0027,0.0045,0.0041,0.0185,0.0039,0.0067,0.0065
0.0003,0.0038,0.0048,0.0000,0.0004,0.0029,0.0124,0.0347,0.0752,0.1429,0.0119,0.0816,0.0241,0.0191,0.0063,0.0086,0.0040,0.0077,0.0165,0.0174,0.0077,0.0021,0.0154,0.0026,0.0309,0.0035,0.0121,0.0129
0.0000,0.0048,0.0738,0.0261,0.0004,0.0283,0.0206,0.0089,0.1031,0.0537,0.0378,0.0178,0.0131,0.0052,0.0039,0.0043,0.0033,0.0033,0.0066,0.0072,0.0020,0.0023,0.0050,0.0024,0.0111,0.0056,0.0060,0.0206
0.0036,0.0000,0.0261,0.0012,0.0392,0.0000,0.0002,0.0048,0.0769,0.0464,0.1846,0.2735,0.0559,0.0189,0.0059,0.0071,0.0034,0.0077,0.0206,0.0118,0.0019,0.0022,0.0093,0.0053,0.0245,0.0101,0.0500,0.0734
0.0127,0.0004,0.0004,0.0392,0.0408,0.0226,0.0175,0.0236,0.1388,0.0250,0.0360,0.0359,0.0077,0.0047,0.0039,0.0027,0.0026,0.0028,0.0025,0.0090,0.0018,0.0016,0.0053,0.0022,0.0075,0.0031,0.0048,0.0167
0.0515,0.0029,0.0283,0.0000,0.0226,0.0067,0.0080,0.0003,0.0144,0.0039,0.0500,0.0569,0.0536,0.0077,0.0058,0.0077,0.0042,0.0064,0.0134,0.0075,0.0017,0.0038,0.0083,0.0070,0.0138,0.0086,0.0213,0.0500
0.7002,0.0124,0.0206,0.0002,0.0175,0.0080,0.0253,0.0845,0.0047,0.0061,0.0042,0.0011,0.0303,0.0015,0.0017,0.0027,0.0024,0.0023,0.0149,0.0034,0.0012,0.0017,0.0049,0.0053,0.0054,0.0087,0.0185,0.0452
0.1501,0.0347,0.0089,0.0048,0.0236,0.0003,0.0845,0.0441,0.4255,0.0066,0.0054,0.0057,0.0011,0.0016,0.0016,0.0018,0.0020,0.0016,0.0025,0.0028,0.0022,0.0018,0.0061,0.0022,0.0212,0.0076,0.0183,0.0347
0.5920,0.0752,0.1031,0.0769,0.1388,0.0144,0.0047,0.4255,0.0017,0.1322,0.0002,0.0005,0.0020,0.0004,0.0019,0.0017,0.0021,0.0016,0.0001,0.0021,0.0019,0.0021,0.0068,0.0039,0.0559,0.0075,0.0053,0.0118
0.5096,0.1429,0.0537,0.0464,0.0250,0.0039,0.0061,0.0066,0.1322,0.0005,0.0070,0.0000,0.0002,0.0001,0.0004,0.0025,0.0016,0.0013,0.0023,0.0014,0.0017,0.0015,0.0311,0.0056,0.9953,0.0381,0.2989,0.0164
0.1316,0.0119,0.0378,0.1846,0.0360,0.0500,0.0042,0.0054,0.0002,0.0070,0.0183,0.0008,0.0004,0.0001,0.0021,0.0012,0.0030,0.0011,0.0036,0.0017,0.0017,0.0018,0.0120,0.0236,0.3149,0.4752,0.0159,0.0049
0.0314,0.0816,0.0178,0.2735,0.0359,0.0569,0.0011,0.0057,0.0005,0.0000,0.0008,0.0005,0.0005,0.0000,0.0000,0.0002,0.0004,0.0033,0.0088,0.0026,0.0373,0.0021,1.0000,0.0193,0.9984,0.0232,0.1961,0.0095
0.0216,0.0241,0.0131,0.0559,0.0077,0.0536,0.0303,0.0011,0.0020,0.0002,0.0004,0.0005,0.0051,0.0001,0.0000,0.0002,0.0016,0.0020,0.0166,0.0086,0.0099,0.0056,0.2784,0.8328,0.0692,0.5995,0.0099,0.0062
0.0155,0.0191,0.0052,0.0189,0.0047,0.0077,0.0015,0.0016,0.0004,0.0001,0.0001,0.0000,0.0001,0.0017,0.0001,0.0000,0.0000,0.0001,0.0323,0.0093,1.0000,0.0132,1.0000,0.0171,0.3325,0.0054,0.0070,0.0019
0.0091,0.0063,0.0039,0.0059,0.0039,0.0058,0.0017,0.0016,0.0019,0.0004,0.0021,0.0000,0.0000,0.0001,0.0038,0.0009,0.0001,0.0021,0.1098,0.0502,0.2337,1.0000,0.0833,0.9600,0.0079,0.0770,0.0027,0.0012
0.0052,0.0086,0.0043,0.0071,0.0027,0.0077,0.0027,0.0018,0.0017,0.0025,0.0012,0.0002,0.0002,0.0000,0.0009,0.0246,0.0007,0.0006,0.9135,0.0075,1.0000,0.1542,0.1488,0.0102,0.0023,0.0036,0.0031,0.0016
0.0024,0.0040,0.0033,0.0034,0.0026,0.0042,0.0024,0.0020,0.0021,0.0016,0.0030,0.0004,0.0016,0.0000,0.0001,0.0007,0.0067,0.9131,0.0020,0.8629,0.0039,0.9997,0.0152,0.3426,0.0031,0.0145,0.0033,0.0021
0.0043,0.0077,0.0033,0.0077,0.0028,0.0064,0.0023,0.0016,0.0016,0.0013,0.0011,0.0033,0.0020,0.0001,0.0021,0.0006,0.9131,0.6469,0.7034,0.1147,0.0013,0.1406,0.0024,0.0165,0.0025,0.0086,0.0024,0.0031
0.0051,0.0165,0.0066,0.0206,0.0025,0.0134,0.0149,0.0025,0.0001,0.0023,0.0036,0.0088,0.0166,0.0323,0.1098,0.9135,0.0020,0.7034,0.0024,0.4879,0.0003,0.0007,0.0002,0.0010,0.0029,0.0047,0.0011,0.0029
0.0172,0.0174,0.0072,0.0118,0.0090,0.0075,0.0034,0.0028,0.0021,0.0014,0.0017,0.0026,0.0086,0.0093,0.0502,0.0075,0.8629,0.1147,0.4879,0.0663,0.0002,0.0001,0.0001,0.0080,0.0008,0.0116,0.0039,0.0042
0.0035,0.0077,0.0020,0.0019,0.0018,0.0017,0.0012,0.0022,0.0019,0.0017,0.0017,0.0373,0.0099,1.0000,0.2337,1.0000,0.0039,0.0013,0.0003,0.0002,0.0036,0.0025,0.0000,0.0002,0.0000,0.0007,0.0032,0.0018
0.0027,0.0021,0.0023,0.0022,0.0016,0.0038,0.0017,0.0018,0.0021,0.0015,0.0018,0.0021,0.0056,0.0132,1.0000,0.1542,0.9997,0.1406,0.0007,0.0001,0.0025,0.0728,0.0000,0.0001,0.0001,0.0059,0.0019,0.0050
0.0045,0.0154,0.0050,0.0093,0.0053,0.0083,0.0049,0.0061,0.0068,0.0311,0.0120,1.0000,0.2784,1.0000,0.0833,0.1488,0.0152,0.0024,0.0002,0.0001,0.0000,0.0000,0.0026,0.0014,0.0000,0.0000,0.0002,0.0084
0.0041,0.0026,0.0024,0.0053,0.0022,0.0070,0.0053,0.0022,0.0039,0.0056,0.0236,0.0193,0.8328,0.0171,0.9600,0.0102,0.3426,0.0165,0.0010,0.0080,0.0002,0.0001,0.0014,0.0370,0.0003,0.0005,0.0020,0.0110
0.0185,0.0309,0.0111,0.0245,0.0075,0.0138,0.0054,0.0212,0.0559,0.9953,0.3149,0.9984,0.0692,0.3325,0.0079,0.0023,0.0031,0.0025,0.0029,0.0008,0.0000,0.0001,0.0000,0.0003,0.0002,0.0011,0.0000,0.0112
0.0039,0.0035,0.0056,0.0101,0.0031,0.0086,0.0087,0.0076,0.0075,0.0381,0.4752,0.0232,0.5995,0.0054,0.0770,0.0036,0.0145,0.0086,0.0047,0.0116,0.0007,0.0059,0.0000,0.0005,0.0011,0.0139,0.0153,0.0008
0.0067,0.0121,0.0060,0.0500,0.0048,0.0213,0.0185,0.0183,0.0053,0.2989,0.0159,0.1961,0.0099,0.0070,0.0027,0.0031,0.0033,0.0024,0.0011,0.0039,0.0032,0.0019,0.0002,0.0020,0.0000,0.0153,0.0340,0.1470
0.0065,0.0129,0.0206,0.0734,0.0167,0.0500,0.0452,0.0347,0.0118,0.0164,0.0049,0.0095,0.0062,0.0019,0.0012,0.0016,0.0021,0.0031,0.0029,0.0042,0.0018,0.0050,0.0084,0.0110,0.0112,0.0008,0.1470,0.0002