c1,c2,c3,c4,c5,c6,c7,c8,c9,c10,c11,c12,c13,c14,c15,c16,c17,c18,c19,c20,c21,c22,c23,c24,c25,c26,c27,c28
0.0003,0.0017,0.0007,0.0039,0.0505,0.0076,0.0223,0.0092,0.0052,0.0024,0.0036,0.0046,0.0099,0.0076,0.0051,0.0180,0.0068,0.0161,0.0301,0.0660,0.0109,0.0086,0.0104,0.0055,0.0118,0.0076,0.0039,0.0094
0.0017,0.0049,0.0066,0.0000,0.0005,0.0006,0.0033,0.0103,0.0094,0.0062,0.0030,0.1408,0.0106,0.2667,0.0039,0.0279,0.0039,0.0110,0.0361,0.0145,0.0457,0.0027,0.1841,0.0020,0.2666,0.0026,0.0180,0.0050
0.0007,0.0066,0.0128,0.0011,0.0003,0.0035,0.0078,0.0054,0.0080,0.0042,0.0112,0.0282,0.0180,0.0215,0.0056,0.0181,0.0060,0.0065,0.0155,0.0125,0.0048,0.0049,0.0177,0.0081,0.0216,0.0199,0.0052,0.0089
0.0039,0.0000,0.0011,0.0001,0.0037,0.0000,0.0004,0.0048,0.0100,0.0044,0.0188,0.9734,0.0207,0.5980,0.0073,0.0215,0.0032,0.0077,0.0299,0.0100,0.0537,0.0026,0.5579,0.0048,0.1414,0.0054,0.0150,0.0036
0.0505,0.0005,0.0003,0.0037,0.0091,0.0035,0.0000,0.0041,0.0142,0.0148,0.0464,0.2815,0.0134,0.0159,0.0057,0.0111,0.0056,0.0092,0.0100,0.0096,0.0055,0.0050,0.0219,0.0078,0.0115,0.0087,0.0059,0.0106
0.0076,0.0006,0.0035,0.0000,0.0035,0.0125,0.0006,0.0004,0.0172,0.1498,0.0803,0.5365,0.0142,0.0089,0.0021,0.0083,0.0022,0.0051,0.0147,0.0099,0.0127,0.0061,0.0230,0.0063,0.0239,0.0080,0.0268,0.0148
0.0223,0.0033,0.0078,0.0004,0.0000,0.0006,0.0046,0.0848,0.0051,0.1724,0.0023,0.0109,0.0070,0.0085,0.0029,0.0055,0.0035,0.0046,0.0183,0.0122,0.0103,0.0045,0.0332,0.0060,0.0335,0.0118,0.0596,0.0272
0.0092,0.0103,0.0054,0.0048,0.0041,0.0004,0.0848,0.0260,0.6178,0.0001,0.0008,0.0016,0.0022,0.0027,0.0011,0.0077,0.0034,0.0056,0.0116,0.0081,0.0057,0.0016,0.0082,0.0031,0.0222,0.0192,0.1905,0.1337
0.0052,0.0094,0.0080,0.0100,0.0142,0.0172,0.0051,0.6178,0.0018,0.0216,0.0001,0.0001,0.0010,0.0004,0.0013,0.0050,0.0033,0.0038,0.0009,0.0036,0.0064,0.0020,0.0244,0.0042,0.1964,0.0696,0.6056,0.0991
0.0024,0.0062,0.0042,0.0044,0.0148,0.1498,0.1724,0.0001,0.0216,0.0000,0.0005,0.0000,0.0000,0.0000,0.0001,0.0029,0.0011,0.0026,0.0149,0.0021,0.0044,0.0009,0.0844,0.0078,1.0000,0.2865,1.0000,0.2866
0.0036,0.0030,0.0112,0.0188,0.0464,0.0803,0.0023,0.0008,0.0001,0.0005,0.0060,0.0001,0.0002,0.0001,0.0007,0.0031,0.0051,0.0026,0.0048,0.0016,0.0015,0.0014,0.0136,0.0366,0.1618,1.0000,0.0676,0.1123
0.0046,0.1408,0.0282,0.9734,0.2815,0.5365,0.0109,0.0016,0.0001,0.0000,0.0001,0.0000,0.0002,0.0000,0.0000,0.0001,0.0004,0.0038,0.0078,0.0040,0.1331,0.0036,0.9996,0.0871,0.9998,0.1668,0.0632,0.0039
0.0099,0.0106,0.0180,0.0207,0.0134,0.0142,0.0070,0.0022,0.0010,0.0000,0.0002,0.0002,0.0121,0.0001,0.0001,0.0007,0.0037,0.0039,0.0139,0.0086,0.0044,0.0127,0.0646,0.9999,0.0278,0.7199,0.0027,0.0126
0.0076,0.2667,0.0215,0.5980,0.0159,0.0089,0.0085,0.0027,0.0004,0.0000,0.0001,0.0000,0.0001,0.0001,0.0002,0.0000,0.0000,0.0006,0.0361,0.0185,1.0000,0.0322,1.0000,0.0730,0.1714,0.0026,0.0015,0.0008
0.0051,0.0039,0.0056,0.0073,0.0057,0.0021,0.0029,0.0011,0.0013,0.0001,0.0007,0.0000,0.0001,0.0002,0.0007,0.0046,0.0015,0.0103,0.0922,0.0384,0.0777,1.0000,0.1684,0.9260,0.0058,0.0116,0.0009,0.0015
0.0180,0.0279,0.0181,0.0215,0.0111,0.0083,0.0055,0.0077,0.0050,0.0029,0.0031,0.0001,0.0007,0.0000,0.0046,0.0235,0.0008,0.0002,0.5435,0.0067,0.9996,0.0597,0.0459,0.0100,0.0019,0.0018,0.0013,0.0020
0.0068,0.0039,0.0060,0.0032,0.0056,0.0022,0.0035,0.0034,0.0033,0.0011,0.0051,0.0004,0.0037,0.0000,0.0015,0.0008,0.0189,0.5512,0.0012,0.7889,0.0007,0.9999,0.0083,0.1787,0.0012,0.0080,0.0013,0.0024
0.0161,0.0110,0.0065,0.0077,0.0092,0.0051,0.0046,0.0056,0.0038,0.0026,0.0026,0.0038,0.0039,0.0006,0.0103,0.0002,0.5512,0.1828,0.3152,0.0134,0.0008,0.0895,0.0014,0.0123,0.0016,0.0042,0.0020,0.0056
0.0301,0.0361,0.0155,0.0299,0.0100,0.0147,0.0183,0.0116,0.0009,0.0149,0.0048,0.0078,0.0139,0.0361,0.0922,0.5435,0.0012,0.3152,0.0127,0.1878,0.0000,0.0001,0.0002,0.0006,0.0012,0.0023,0.0011,0.0009
0.0660,0.0145,0.0125,0.0100,0.0096,0.0099,0.0122,0.0081,0.0036,0.0021,0.0016,0.0040,0.0086,0.0185,0.0384,0.0067,0.7889,0.0134,0.1878,0.0594,0.0003,0.0001,0.0001,0.0045,0.0006,0.0064,0.0024,0.0049
0.0109,0.0457,0.0048,0.0537,0.0055,0.0127,0.0103,0.0057,0.0064,0.0044,0.0015,0.1331,0.0044,1.0000,0.0777,0.9996,0.0007,0.0008,0.0000,0.0003,0.0026,0.0021,0.0000,0.0001,0.0001,0.0001,0.0012,0.0013
0.0086,0.0027,0.0049,0.0026,0.0050,0.0061,0.0045,0.0016,0.0020,0.0009,0.0014,0.0036,0.0127,0.0322,1.0000,0.0597,0.9999,0.0895,0.0001,0.0001,0.0021,0.0201,0.0000,0.0001,0.0001,0.0019,0.0003,0.0043
0.0104,0.1841,0.0177,0.5579,0.0219,0.0230,0.0332,0.0082,0.0244,0.0844,0.0136,0.9996,0.0646,1.0000,0.1684,0.0459,0.0083,0.0014,0.0002,0.0001,0.0000,0.0000,0.0008,0.0005,0.0000,0.0000,0.0000,0.0018
0.0055,0.0020,0.0081,0.0048,0.0078,0.0063,0.0060,0.0031,0.0042,0.0078,0.0366,0.0871,0.9999,0.0730,0.9260,0.0100,0.1787,0.0123,0.0006,0.0045,0.0001,0.0001,0.0005,0.0036,0.0001,0.0000,0.0003,0.0063
0.0118,0.2666,0.0216,0.1414,0.0115,0.0239,0.0335,0.0222,0.1964,1.0000,0.1618,0.9998,0.0278,0.1714,0.0058,0.0019,0.0012,0.0016,0.0012,0.0006,0.0001,0.0001,0.0000,0.0001,0.0000,0.0001,0.0000,0.0003
0.0076,0.0026,0.0199,0.0054,0.0087,0.0080,0.0118,0.0193,0.0696,0.2865,1.0000,0.1668,0.7199,0.0026,0.0116,0.0018,0.0080,0.0042,0.0023,0.0064,0.0001,0.0019,0.0000,0.0000,0.0001,0.0007,0.0014,0.0002
0.0039,0.0180,0.0052,0.0150,0.0059,0.0268,0.0596,0.1905,0.6056,1.0000,0.0676,0.0632,0.0027,0.0015,0.0009,0.0013,0.0013,0.0020,0.0011,0.0024,0.0012,0.0003,0.0000,0.0003,0.0000,0.0014,0.0057,0.1484
0.0094,0.0050,0.0089,0.0036,0.0106,0.0148,0.0272,0.1337,0.0991,0.2866,0.1123,0.0039,0.0126,0.0008,0.0015,0.0020,0.0024,0.0056,0.0009,0.0049,0.0013,0.0043,0.0018,0.0063,0.0003,0.0002,0.1484,0.0264