c1,c2,c3,c4,c5,c6,c7,c8,c9,c10,c11,c12,c13,c14,c15,c16,c17,c18,c19,c20,c21,c22,c23,c24,c25,c26,c27,c28
0.0004,0.0004,0.0012,0.0002,0.0134,0.0020,0.0158,0.0034,0.0045,0.0011,0.0049,0.0033,0.0641,0.0346,0.1532,0.0637,0.0155,0.0178,0.0420,0.0750,0.0075,0.0067,0.0068,0.0079,0.0061,0.0192,0.0027,0.0066
0.0004,0.0010,0.0024,0.0000,0.0001,0.0001,0.0018,0.0061,0.0061,0.0033,0.0019,0.3960,0.0360,0.9998,0.0042,0.0722,0.0045,0.0087,0.0558,0.0162,0.0951,0.0028,0.3854,0.0013,0.1262,0.0011,0.0052,0.0021
0.0012,0.0024,0.0213,0.0002,0.0009,0.0003,0.0025,0.0021,0.0095,0.0027,0.1363,0.0409,0.6090,0.0433,0.0222,0.0133,0.0061,0.0054,0.0119,0.0099,0.0041,0.0048,0.0177,0.0090,0.0066,0.0110,0.0020,0.0062
0.0002,0.0000,0.0002,0.0001,0.0025,0.0000,0.0010,0.0078,0.0107,0.0045,0.0160,1.0000,0.0163,0.5960,0.0029,0.0095,0.0024,0.0043,0.0167,0.0046,0.0225,0.0013,0.6042,0.0019,0.0618,0.0025,0.0043,0.0016
0.0134,0.0001,0.0009,0.0025,0.0103,0.0007,0.0001,0.0059,0.1118,0.0066,0.8085,0.2570,0.0299,0.0056,0.0080,0.0078,0.0045,0.0085,0.0126,0.0083,0.0042,0.0035,0.0111,0.0054,0.0043,0.0066,0.0033,0.0147
0.0020,0.0001,0.0003,0.0000,0.0007,0.0071,0.0167,0.0739,0.0218,0.8137,0.0599,0.9079,0.0062,0.0056,0.0011,0.0066,0.0014,0.0030,0.0110,0.0061,0.0177,0.0022,0.0157,0.0027,0.0367,0.0033,0.0208,0.0092
0.0158,0.0018,0.0025,0.0010,0.0001,0.0167,0.0273,0.1267,0.0057,0.0280,0.0036,0.0040,0.0065,0.0039,0.0035,0.0059,0.0038,0.0044,0.0178,0.0113,0.0087,0.0037,0.0190,0.0045,0.0270,0.0078,0.0191,0.0254
0.0034,0.0061,0.0021,0.0078,0.0059,0.0739,0.1267,0.0112,0.4072,0.0036,0.0005,0.0029,0.0008,0.0012,0.0011,0.0065,0.0018,0.0023,0.0056,0.0079,0.0035,0.0011,0.0078,0.0016,0.0498,0.0071,0.2961,0.0920
0.0045,0.0061,0.0095,0.0107,0.1118,0.0218,0.0057,0.4072,0.0019,0.0151,0.0000,0.0000,0.0004,0.0001,0.0012,0.0048,0.0035,0.0034,0.0009,0.0045,0.0047,0.0019,0.0181,0.0034,0.0871,0.0809,0.7391,0.9591
0.0011,0.0033,0.0027,0.0045,0.0066,0.8137,0.0280,0.0036,0.0151,0.0000,0.0002,0.0000,0.0000,0.0000,0.0001,0.0026,0.0014,0.0021,0.0090,0.0018,0.0024,0.0007,0.0381,0.0053,1.0000,0.4006,1.0000,0.3598
0.0049,0.0019,0.1363,0.0160,0.8085,0.0599,0.0036,0.0005,0.0000,0.0002,0.0019,0.0000,0.0001,0.0000,0.0013,0.0032,0.0041,0.0023,0.0040,0.0014,0.0009,0.0007,0.0062,0.0201,0.2407,1.0000,0.0285,0.5211
0.0033,0.3960,0.0409,1.0000,0.2570,0.9079,0.0040,0.0029,0.0000,0.0000,0.0000,0.0000,0.0001,0.0000,0.0000,0.0000,0.0003,0.0019,0.0040,0.0026,0.0587,0.0022,0.9992,0.0259,0.9994,0.0947,0.0164,0.0022
0.0641,0.0360,0.6090,0.0163,0.0299,0.0062,0.0065,0.0008,0.0004,0.0000,0.0001,0.0001,0.0070,0.0000,0.0001,0.0003,0.0021,0.0032,0.0098,0.0054,0.0037,0.0096,0.0954,1.0000,0.0187,0.8015,0.0024,0.0128
0.0346,0.9998,0.0433,0.5960,0.0056,0.0056,0.0039,0.0012,0.0001,0.0000,0.0000,0.0000,0.0000,0.0001,0.0001,0.0000,0.0000,0.0003,0.0186,0.0145,1.0000,0.0253,1.0000,0.0532,0.0525,0.0024,0.0011,0.0009
0.1532,0.0042,0.0222,0.0029,0.0080,0.0011,0.0035,0.0011,0.0012,0.0001,0.0013,0.0000,0.0001,0.0001,0.0018,0.0010,0.0004,0.0020,0.0147,0.0417,0.0301,1.0000,0.1674,0.9909,0.0027,0.0261,0.0008,0.0018
0.0637,0.0722,0.0133,0.0095,0.0078,0.0066,0.0059,0.0065,0.0048,0.0026,0.0032,0.0000,0.0003,0.0000,0.0010,0.0205,0.0007,0.0003,0.7353,0.0085,0.9998,0.1627,0.0428,0.0077,0.0016,0.0014,0.0013,0.0020
0.0155,0.0045,0.0061,0.0024,0.0045,0.0014,0.0038,0.0018,0.0035,0.0014,0.0041,0.0003,0.0021,0.0000,0.0004,0.0007,0.0127,0.8821,0.0021,0.8154,0.0014,0.9999,0.0120,0.1449,0.0018,0.0051,0.0014,0.0019
0.0178,0.0087,0.0054,0.0043,0.0085,0.0030,0.0044,0.0023,0.0034,0.0021,0.0023,0.0019,0.0032,0.0003,0.0020,0.0003,0.8821,0.2664,0.5575,0.0494,0.0010,0.2139,0.0013,0.0109,0.0016,0.0037,0.0027,0.0055
0.0420,0.0558,0.0119,0.0167,0.0126,0.0110,0.0178,0.0056,0.0009,0.0090,0.0040,0.0040,0.0098,0.0186,0.0147,0.7353,0.0021,0.5575,0.0217,0.2250,0.0000,0.0001,0.0001,0.0007,0.0013,0.0034,0.0024,0.0046
0.0750,0.0162,0.0099,0.0046,0.0083,0.0061,0.0113,0.0079,0.0045,0.0018,0.0014,0.0026,0.0054,0.0145,0.0417,0.0085,0.8154,0.0494,0.2250,0.0874,0.0004,0.0001,0.0001,0.0029,0.0006,0.0039,0.0039,0.0055
0.0075,0.0951,0.0041,0.0225,0.0042,0.0177,0.0087,0.0035,0.0047,0.0024,0.0009,0.0587,0.0037,1.0000,0.0301,0.9998,0.0014,0.0010,0.0000,0.0004,0.0046,0.0014,0.0000,0.0001,0.0002,0.0002,0.0015,0.0011
0.0067,0.0028,0.0048,0.0013,0.0035,0.0022,0.0037,0.0011,0.0019,0.0007,0.0007,0.0022,0.0096,0.0253,1.0000,0.1627,0.9999,0.2139,0.0001,0.0001,0.0014,0.0236,0.0000,0.0002,0.0001,0.0019,0.0004,0.0038
0.0068,0.3854,0.0177,0.6042,0.0111,0.0157,0.0190,0.0078,0.0181,0.0381,0.0062,0.9992,0.0954,1.0000,0.1674,0.0428,0.0120,0.0013,0.0001,0.0001,0.0000,0.0000,0.0015,0.0005,0.0000,0.0000,0.0000,0.0010
0.0079,0.0013,0.0090,0.0019,0.0054,0.0027,0.0045,0.0016,0.0034,0.0053,0.0201,0.0259,1.0000,0.0532,0.9909,0.0077,0.1449,0.0109,0.0007,0.0029,0.0001,0.0002,0.0005,0.0115,0.0001,0.0000,0.0006,0.0049
0.0061,0.1262,0.0066,0.0618,0.0043,0.0367,0.0270,0.0498,0.0871,1.0000,0.2407,0.9994,0.0187,0.0525,0.0027,0.0016,0.0018,0.0016,0.0013,0.0006,0.0002,0.0001,0.0000,0.0001,0.0000,0.0001,0.0000,0.0002
0.0192,0.0011,0.0110,0.0025,0.0066,0.0033,0.0078,0.0071,0.0809,0.4006,1.0000,0.0947,0.8015,0.0024,0.0261,0.0014,0.0051,0.0037,0.0034,0.0039,0.0002,0.0019,0.0000,0.0000,0.0001,0.0007,0.0065,0.0000
0.0027,0.0052,0.0020,0.0043,0.0033,0.0208,0.0191,0.2961,0.7391,1.0000,0.0285,0.0164,0.0024,0.0011,0.0008,0.0013,0.0014,0.0027,0.0024,0.0039,0.0015,0.0004,0.0000,0.0006,0.0000,0.0065,0.0194,0.1316
0.0066,0.0021,0.0062,0.0016,0.0147,0.0092,0.0254,0.0920,0.9591,0.3598,0.5211,0.0022,0.0128,0.0009,0.0018,0.0020,0.0019,0.0055,0.0046,0.0055,0.0011,0.0038,0.0010,0.0049,0.0002,0.0000,0.1316,0.0029