c1,c2,c3,c4,c5,c6,c7,c8,c9,c10,c11,c12,c13,c14,c15,c16,c17,c18,c19,c20,c21,c22,c23,c24,c25,c26,c27,c28
0.0005,0.0035,0.0024,0.0163,0.0253,0.0160,0.0306,0.0108,0.0086,0.0044,0.0025,0.0021,0.0051,0.0033,0.0113,0.0137,0.0085,0.0153,0.0252,0.0696,0.0054,0.0029,0.0044,0.0029,0.0084,0.0075,0.0057,0.0089
0.0035,0.0027,0.0053,0.0000,0.0003,0.0004,0.0046,0.0124,0.0098,0.0098,0.0036,0.0323,0.0087,0.2338,0.0056,0.0196,0.0075,0.0120,0.0472,0.0259,0.0339,0.0021,0.1028,0.0018,0.0801,0.0029,0.0150,0.0074
0.0024,0.0053,0.0103,0.0117,0.0010,0.0051,0.0106,0.0038,0.0086,0.0032,0.0059,0.0170,0.0075,0.0413,0.0050,0.0195,0.0045,0.0040,0.0160,0.0056,0.0046,0.0019,0.0287,0.0034,0.0452,0.0084,0.0058,0.0092
0.0163,0.0000,0.0117,0.0002,0.0022,0.0000,0.0004,0.0187,0.0118,0.0011,0.0434,0.7841,0.0354,0.1878,0.0071,0.0108,0.0050,0.0109,0.0230,0.0092,0.0144,0.0019,0.1857,0.0054,0.0276,0.0057,0.0099,0.0040
0.0253,0.0003,0.0010,0.0022,0.0055,0.0013,0.0000,0.0016,0.0276,0.0573,0.0435,0.9781,0.0070,0.0281,0.0067,0.0081,0.0044,0.0059,0.0086,0.0053,0.0044,0.0018,0.0576,0.0036,0.0256,0.0031,0.0058,0.0071
0.0160,0.0004,0.0051,0.0000,0.0013,0.0044,0.0003,0.0004,0.0295,0.0651,0.3096,0.1733,0.0184,0.0080,0.0028,0.0089,0.0039,0.0056,0.0125,0.0132,0.0099,0.0047,0.0211,0.0071,0.0115,0.0108,0.0233,0.0288
0.0306,0.0046,0.0106,0.0004,0.0000,0.0003,0.0033,0.0450,0.0048,0.0621,0.0041,0.0748,0.0108,0.0101,0.0031,0.0055,0.0090,0.0046,0.0140,0.0096,0.0069,0.0026,0.0504,0.0047,0.0764,0.0079,0.0204,0.0255
0.0108,0.0124,0.0038,0.0187,0.0016,0.0004,0.0450,0.0139,0.3576,0.0003,0.0015,0.0041,0.0021,0.0047,0.0017,0.0074,0.0042,0.0056,0.0089,0.0104,0.0068,0.0010,0.0100,0.0035,0.0325,0.0185,0.0760,0.0523
0.0086,0.0098,0.0086,0.0118,0.0276,0.0295,0.0048,0.3576,0.0018,0.0225,0.0002,0.0001,0.0011,0.0005,0.0028,0.0046,0.0049,0.0045,0.0007,0.0040,0.0051,0.0016,0.0267,0.0077,0.1660,0.0959,0.0384,0.1197
0.0044,0.0098,0.0032,0.0011,0.0573,0.0651,0.0621,0.0003,0.0225,0.0001,0.0013,0.0000,0.0000,0.0000,0.0003,0.0025,0.0026,0.0030,0.0149,0.0031,0.0037,0.0008,0.0714,0.0128,1.0000,0.3832,0.9960,0.1609
0.0025,0.0036,0.0059,0.0434,0.0435,0.3096,0.0041,0.0015,0.0002,0.0013,0.0008,0.0001,0.0000,0.0001,0.0005,0.0020,0.0038,0.0015,0.0036,0.0013,0.0011,0.0004,0.0108,0.0301,0.4019,1.0000,0.1180,0.1154
0.0021,0.0323,0.0170,0.7841,0.9781,0.1733,0.0748,0.0041,0.0001,0.0000,0.0001,0.0000,0.0002,0.0000,0.0000,0.0000,0.0009,0.0031,0.0090,0.0047,0.0659,0.0049,0.9998,0.1146,0.9994,0.1522,0.0631,0.0043
0.0051,0.0087,0.0075,0.0354,0.0070,0.0184,0.0108,0.0021,0.0011,0.0000,0.0000,0.0002,0.0041,0.0001,0.0001,0.0005,0.0036,0.0039,0.0153,0.0083,0.0043,0.0199,0.1091,1.0000,0.0387,0.8570,0.0062,0.0141
0.0033,0.2338,0.0413,0.1878,0.0281,0.0080,0.0101,0.0047,0.0005,0.0000,0.0001,0.0000,0.0001,0.0001,0.0001,0.0000,0.0000,0.0009,0.0690,0.0276,1.0000,0.1342,1.0000,0.0270,0.0214,0.0013,0.0013,0.0011
0.0113,0.0056,0.0050,0.0071,0.0067,0.0028,0.0031,0.0017,0.0028,0.0003,0.0005,0.0000,0.0001,0.0001,0.0006,0.0012,0.0001,0.0019,0.0326,0.0259,0.0442,1.0000,0.2659,0.9870,0.0049,0.0215,0.0013,0.0020
0.0137,0.0196,0.0195,0.0108,0.0081,0.0089,0.0055,0.0074,0.0046,0.0025,0.0020,0.0000,0.0005,0.0000,0.0012,0.0135,0.0008,0.0003,0.6629,0.0163,0.9998,0.4342,0.0592,0.0054,0.0014,0.0010,0.0014,0.0026
0.0085,0.0075,0.0045,0.0050,0.0044,0.0039,0.0090,0.0042,0.0049,0.0026,0.0038,0.0009,0.0036,0.0000,0.0001,0.0008,0.0095,0.7376,0.0015,0.1771,0.0013,0.9997,0.0215,0.1065,0.0021,0.0039,0.0017,0.0026
0.0153,0.0120,0.0040,0.0109,0.0059,0.0056,0.0046,0.0056,0.0045,0.0030,0.0015,0.0031,0.0039,0.0009,0.0019,0.0003,0.7376,0.1558,0.3618,0.0129,0.0009,0.0352,0.0021,0.0137,0.0020,0.0042,0.0039,0.0079
0.0252,0.0472,0.0160,0.0230,0.0086,0.0125,0.0140,0.0089,0.0007,0.0149,0.0036,0.0090,0.0153,0.0690,0.0326,0.6629,0.0015,0.3618,0.0025,0.2918,0.0001,0.0001,0.0002,0.0006,0.0011,0.0022,0.0008,0.0040
0.0696,0.0259,0.0056,0.0092,0.0053,0.0132,0.0096,0.0104,0.0040,0.0031,0.0013,0.0047,0.0083,0.0276,0.0259,0.0163,0.1771,0.0129,0.2918,0.0509,0.0003,0.0001,0.0001,0.0045,0.0011,0.0049,0.0058,0.0078
0.0054,0.0339,0.0046,0.0144,0.0044,0.0099,0.0069,0.0068,0.0051,0.0037,0.0011,0.0659,0.0043,1.0000,0.0442,0.9998,0.0013,0.0009,0.0001,0.0003,0.0036,0.0008,0.0000,0.0000,0.0001,0.0001,0.0022,0.0016
0.0029,0.0021,0.0019,0.0019,0.0018,0.0047,0.0026,0.0010,0.0016,0.0008,0.0004,0.0049,0.0199,0.1342,1.0000,0.4342,0.9997,0.0352,0.0001,0.0001,0.0008,0.0049,0.0001,0.0001,0.0002,0.0028,0.0009,0.0046
0.0044,0.1028,0.0287,0.1857,0.0576,0.0211,0.0504,0.0100,0.0267,0.0714,0.0108,0.9998,0.1091,1.0000,0.2659,0.0592,0.0215,0.0021,0.0002,0.0001,0.0000,0.0001,0.0003,0.0002,0.0000,0.0000,0.0000,0.0011
0.0029,0.0018,0.0034,0.0054,0.0036,0.0071,0.0047,0.0035,0.0077,0.0128,0.0301,0.1146,1.0000,0.0270,0.9870,0.0054,0.1065,0.0137,0.0006,0.0045,0.0000,0.0001,0.0002,0.0037,0.0001,0.0000,0.0010,0.0051
0.0084,0.0801,0.0452,0.0276,0.0256,0.0115,0.0764,0.0325,0.1660,1.0000,0.4019,0.9994,0.0387,0.0214,0.0049,0.0014,0.0021,0.0020,0.0011,0.0011,0.0001,0.0002,0.0000,0.0001,0.0000,0.0001,0.0000,0.0003
0.0075,0.0029,0.0084,0.0057,0.0031,0.0108,0.0079,0.0185,0.0959,0.3832,1.0000,0.1522,0.8570,0.0013,0.0215,0.0010,0.0039,0.0042,0.0022,0.0049,0.0001,0.0028,0.0000,0.0000,0.0001,0.0004,0.0129,0.0001
0.0057,0.0150,0.0058,0.0099,0.0058,0.0233,0.0204,0.0760,0.0384,0.9960,0.1180,0.0631,0.0062,0.0013,0.0013,0.0014,0.0017,0.0039,0.0008,0.0058,0.0022,0.0009,0.0000,0.0010,0.0000,0.0129,0.0154,0.1723
0.0089,0.0074,0.0092,0.0040,0.0071,0.0288,0.0255,0.0523,0.1197,0.1609,0.1154,0.0043,0.0141,0.0011,0.0020,0.0026,0.0026,0.0079,0.0040,0.0078,0.0016,0.0046,0.0011,0.0051,0.0003,0.0001,0.1723,0.0103