c1,c2,c3,c4,c5,c6,c7,c8,c9,c10,c11,c12,c13,c14,c15,c16,c17,c18,c19,c20,c21,c22,c23,c24,c25,c26,c27,c28
0.0000,0.0001,0.0000,0.0000,0.0003,0.0019,0.0045,0.0042,0.0043,0.0214,0.0032,0.9730,0.0993,0.7322,1.0000,0.9009,0.8882,0.1456,0.0681,0.0619,0.0170,0.0064,0.0025,0.0018,0.0032,0.0016,0.0012,0.0009
0.0001,0.0015,0.0001,0.0000,0.0002,0.0007,0.0060,0.0119,0.0149,0.0227,0.0045,0.0320,0.9964,0.9995,0.0612,0.3297,0.0062,0.0311,0.0045,0.0075,0.0083,0.0028,0.0012,0.0020,0.0014,0.0016,0.0013,0.0013
0.0000,0.0001,0.0001,0.0005,0.0000,0.0008,0.0186,0.0610,0.5540,0.9997,0.5647,0.9996,0.4328,0.0188,0.3452,0.0064,0.0059,0.0029,0.0055,0.0014,0.0028,0.0024,0.0015,0.0019,0.0031,0.0019,0.0011,0.0015
0.0000,0.0000,0.0005,0.0011,0.0172,0.0014,0.0637,0.0822,0.1286,0.3358,0.9129,0.0143,0.8567,0.0146,0.0142,0.0076,0.0024,0.0045,0.0026,0.0039,0.0039,0.0030,0.0018,0.0030,0.0031,0.0038,0.0029,0.0022
0.0003,0.0002,0.0000,0.0172,0.1918,0.0169,0.0063,0.0863,0.3634,0.9911,0.1156,0.0146,0.0181,0.0014,0.0040,0.0020,0.0030,0.0041,0.0031,0.0022,0.0036,0.0033,0.0029,0.0042,0.0030,0.0027,0.0018,0.0050
0.0019,0.0007,0.0008,0.0014,0.0169,0.0350,0.2056,0.0064,0.5339,0.0429,0.8128,0.0171,0.0587,0.0035,0.0020,0.0018,0.0016,0.0032,0.0032,0.0025,0.0034,0.0073,0.0014,0.0040,0.0025,0.0029,0.0015,0.0033
0.0045,0.0060,0.0186,0.0637,0.0063,0.2056,0.3594,0.7644,0.0089,0.0077,0.0159,0.0012,0.0500,0.0037,0.0022,0.0013,0.0005,0.0021,0.0018,0.0031,0.0023,0.0030,0.0012,0.0028,0.0027,0.0034,0.0016,0.0053
0.0042,0.0119,0.0610,0.0822,0.0863,0.0064,0.7644,0.0791,0.9214,0.0004,0.0036,0.0013,0.0034,0.0025,0.0015,0.0007,0.0006,0.0018,0.0029,0.0031,0.0037,0.0043,0.0031,0.0038,0.0033,0.0025,0.0014,0.0035
0.0043,0.0149,0.5540,0.1286,0.3634,0.5339,0.0089,0.9214,0.0003,0.0165,0.0014,0.0001,0.0022,0.0010,0.0054,0.0027,0.0047,0.0033,0.0023,0.0056,0.0038,0.0046,0.0037,0.0033,0.0030,0.0018,0.0002,0.0015
0.0214,0.0227,0.9997,0.3358,0.9911,0.0429,0.0077,0.0004,0.0165,0.1797,0.0140,0.0000,0.0001,0.0000,0.0020,0.0027,0.0022,0.0029,0.0005,0.0005,0.0024,0.0045,0.0026,0.0046,0.0065,0.0047,0.0020,0.0044
0.0032,0.0045,0.5647,0.9129,0.1156,0.8128,0.0159,0.0036,0.0014,0.0140,0.0753,0.0007,0.0001,0.0025,0.0008,0.0009,0.0051,0.0042,0.0041,0.0034,0.0016,0.0024,0.0016,0.0032,0.0034,0.0025,0.0028,0.0032
0.9730,0.0320,0.9996,0.0143,0.0146,0.0171,0.0012,0.0013,0.0001,0.0000,0.0007,0.0525,0.0024,0.0000,0.0168,0.0002,0.0326,0.0279,0.0167,0.0101,0.0093,0.0223,0.0013,0.0028,0.0036,0.0054,0.0076,0.0050
0.0993,0.9964,0.4328,0.8567,0.0181,0.0587,0.0500,0.0034,0.0022,0.0001,0.0001,0.0024,0.0171,0.1342,0.0000,0.0044,0.0005,0.0024,0.0045,0.0041,0.0020,0.0032,0.0010,0.0025,0.0022,0.0043,0.0024,0.0036
0.7322,0.9995,0.0188,0.0146,0.0014,0.0035,0.0037,0.0025,0.0010,0.0000,0.0025,0.0000,0.1342,0.1169,0.0004,0.0063,0.0006,0.0105,0.0015,0.0119,0.0085,0.0220,0.0034,0.0065,0.0049,0.0056,0.0057,0.0080
1.0000,0.0612,0.3452,0.0142,0.0040,0.0020,0.0022,0.0015,0.0054,0.0020,0.0008,0.0168,0.0000,0.0004,0.1558,0.0134,0.0017,0.0004,0.0049,0.0015,0.0111,0.0074,0.0054,0.0049,0.0048,0.0047,0.0030,0.0044
0.9009,0.3297,0.0064,0.0076,0.0020,0.0018,0.0013,0.0007,0.0027,0.0027,0.0009,0.0002,0.0044,0.0063,0.0134,0.9397,0.0365,0.0009,0.0038,0.0054,0.0046,0.0130,0.0043,0.0068,0.0035,0.0026,0.0028,0.0043
0.8882,0.0062,0.0059,0.0024,0.0030,0.0016,0.0005,0.0006,0.0047,0.0022,0.0051,0.0326,0.0005,0.0006,0.0017,0.0365,0.9570,0.1375,0.0003,0.0056,0.0085,0.0043,0.0073,0.0144,0.0077,0.0063,0.0048,0.0039
0.1456,0.0311,0.0029,0.0045,0.0041,0.0032,0.0021,0.0018,0.0033,0.0029,0.0042,0.0279,0.0024,0.0105,0.0004,0.0009,0.1375,0.4144,0.0485,0.0008,0.0018,0.0076,0.0030,0.0249,0.0078,0.0082,0.0091,0.0078
0.0681,0.0045,0.0055,0.0026,0.0031,0.0032,0.0018,0.0029,0.0023,0.0005,0.0041,0.0167,0.0045,0.0015,0.0049,0.0038,0.0003,0.0485,0.2198,0.0865,0.0019,0.0036,0.0085,0.0164,0.0390,0.0289,0.0194,0.0408
0.0619,0.0075,0.0014,0.0039,0.0022,0.0025,0.0031,0.0031,0.0056,0.0005,0.0034,0.0101,0.0041,0.0119,0.0015,0.0054,0.0056,0.0008,0.0865,0.3046,0.1181,0.0004,0.0268,0.0232,0.0035,0.0214,0.0245,0.0128
0.0170,0.0083,0.0028,0.0039,0.0036,0.0034,0.0023,0.0037,0.0038,0.0024,0.0016,0.0093,0.0020,0.0085,0.0111,0.0046,0.0085,0.0018,0.0019,0.1181,0.1205,0.0316,0.0032,0.0085,0.0115,0.0119,0.0293,0.0208
0.0064,0.0028,0.0024,0.0030,0.0033,0.0073,0.0030,0.0043,0.0046,0.0045,0.0024,0.0223,0.0032,0.0220,0.0074,0.0130,0.0043,0.0076,0.0036,0.0004,0.0316,0.1144,0.0695,0.0026,0.0114,0.0104,0.0190,0.0280
0.0025,0.0012,0.0015,0.0018,0.0029,0.0014,0.0012,0.0031,0.0037,0.0026,0.0016,0.0013,0.0010,0.0034,0.0054,0.0043,0.0073,0.0030,0.0085,0.0268,0.0032,0.0695,0.3442,0.1421,0.0179,0.1741,0.0688,0.1256
0.0018,0.0020,0.0019,0.0030,0.0042,0.0040,0.0028,0.0038,0.0033,0.0046,0.0032,0.0028,0.0025,0.0065,0.0049,0.0068,0.0144,0.0249,0.0164,0.0232,0.0085,0.0026,0.1421,0.0611,0.0740,0.0024,0.0367,0.0121
0.0032,0.0014,0.0031,0.0031,0.0030,0.0025,0.0027,0.0033,0.0030,0.0065,0.0034,0.0036,0.0022,0.0049,0.0048,0.0035,0.0077,0.0078,0.0390,0.0035,0.0115,0.0114,0.0179,0.0740,0.1061,0.0441,0.0134,0.0530
0.0016,0.0016,0.0019,0.0038,0.0027,0.0029,0.0034,0.0025,0.0018,0.0047,0.0025,0.0054,0.0043,0.0056,0.0047,0.0026,0.0063,0.0082,0.0289,0.0214,0.0119,0.0104,0.1741,0.0024,0.0441,0.1029,0.4377,0.0025
0.0012,0.0013,0.0011,0.0029,0.0018,0.0015,0.0016,0.0014,0.0002,0.0020,0.0028,0.0076,0.0024,0.0057,0.0030,0.0028,0.0048,0.0091,0.0194,0.0245,0.0293,0.0190,0.0688,0.0367,0.0134,0.4377,0.1627,0.3403
0.0009,0.0013,0.0015,0.0022,0.0050,0.0033,0.0053,0.0035,0.0015,0.0044,0.0032,0.0050,0.0036,0.0080,0.0044,0.0043,0.0039,0.0078,0.0408,0.0128,0.0208,0.0280,0.1256,0.0121,0.0530,0.0025,0.3403,0.0102