c1,c2,c3,c4,c5,c6,c7,c8,c9,c10,c11,c12,c13,c14,c15,c16,c17,c18,c19,c20,c21,c22,c23,c24,c25,c26,c27,c28
0.0019,0.0008,0.0005,0.0002,0.0127,0.0017,0.0095,0.0022,0.0054,0.0030,0.0045,0.0019,0.0118,0.0059,0.0252,0.0244,0.0106,0.0169,0.0308,0.0753,0.0063,0.0257,0.0120,0.0092,0.0321,0.0354,0.0068,0.0220
0.0008,0.0019,0.0017,0.0000,0.0001,0.0002,0.0020,0.0077,0.0087,0.0087,0.0023,0.0533,0.0095,0.2175,0.0130,0.0610,0.0098,0.0191,0.0906,0.0179,0.0383,0.0040,0.3313,0.0029,0.7393,0.0028,0.0333,0.0042
0.0005,0.0017,0.0064,0.0002,0.0002,0.0005,0.0036,0.0019,0.0098,0.0048,0.0794,0.0148,0.0740,0.0166,0.0160,0.0322,0.0078,0.0079,0.0158,0.0155,0.0048,0.0095,0.0173,0.0167,0.0359,0.0197,0.0067,0.0244
0.0002,0.0000,0.0002,0.0001,0.0023,0.0000,0.0002,0.0040,0.0073,0.0310,0.0177,0.9987,0.0135,0.2203,0.0082,0.0188,0.0045,0.0081,0.0513,0.0134,0.0322,0.0103,0.4885,0.0054,0.5048,0.0029,0.0309,0.0047
0.0127,0.0001,0.0002,0.0023,0.0139,0.0020,0.0001,0.0031,0.0293,0.0103,0.6229,0.0693,0.0183,0.0037,0.0107,0.0068,0.0070,0.0101,0.0090,0.0464,0.0051,0.0093,0.0113,0.0068,0.0101,0.0132,0.0062,0.0144
0.0017,0.0002,0.0005,0.0000,0.0020,0.0056,0.0064,0.0118,0.0077,0.0789,0.0316,0.5852,0.0144,0.0043,0.0032,0.0074,0.0025,0.0053,0.0151,0.0137,0.0122,0.0090,0.0289,0.0036,0.0780,0.0046,0.1249,0.0177
0.0095,0.0020,0.0036,0.0002,0.0001,0.0064,0.0094,0.4099,0.0126,0.0030,0.0024,0.0022,0.0074,0.0014,0.0036,0.0055,0.0069,0.0058,0.0424,0.0093,0.0117,0.0057,0.0267,0.0078,0.0345,0.0082,0.1456,0.0432
0.0022,0.0077,0.0019,0.0040,0.0031,0.0118,0.4099,0.0059,0.1975,0.0002,0.0006,0.0031,0.0006,0.0008,0.0016,0.0061,0.0028,0.0039,0.0103,0.0147,0.0068,0.0017,0.0159,0.0016,0.1356,0.0192,0.4803,0.0731
0.0054,0.0087,0.0098,0.0073,0.0293,0.0077,0.0126,0.1975,0.0021,0.0048,0.0000,0.0000,0.0003,0.0000,0.0021,0.0057,0.0048,0.0045,0.0027,0.0044,0.0072,0.0027,0.0364,0.0133,0.2141,0.2001,0.7807,0.5586
0.0030,0.0087,0.0048,0.0310,0.0103,0.0789,0.0030,0.0002,0.0048,0.0001,0.0005,0.0000,0.0000,0.0000,0.0004,0.0069,0.0038,0.0037,0.0235,0.0027,0.0109,0.0027,0.1823,0.0439,0.9970,0.3490,0.9981,0.0451
0.0045,0.0023,0.0794,0.0177,0.6229,0.0316,0.0024,0.0006,0.0000,0.0005,0.0012,0.0001,0.0002,0.0006,0.0011,0.0041,0.0050,0.0020,0.0035,0.0016,0.0014,0.0023,0.0065,0.1056,0.0269,0.9998,0.0113,0.8225
0.0019,0.0533,0.0148,0.9987,0.0693,0.5852,0.0022,0.0031,0.0000,0.0000,0.0001,0.0000,0.0003,0.0000,0.0000,0.0001,0.0012,0.0040,0.0069,0.0040,0.1105,0.0031,0.9988,0.1474,0.9920,0.0242,0.0711,0.0041
0.0118,0.0095,0.0740,0.0135,0.0183,0.0144,0.0074,0.0006,0.0003,0.0000,0.0002,0.0003,0.0053,0.0038,0.0001,0.0007,0.0027,0.0046,0.0070,0.0074,0.0035,0.0181,0.0261,0.9998,0.0207,0.3550,0.0028,0.0468
0.0059,0.2175,0.0166,0.2203,0.0037,0.0043,0.0014,0.0008,0.0000,0.0000,0.0006,0.0000,0.0038,0.0000,0.0029,0.0000,0.0001,0.0010,0.0045,0.0077,1.0000,0.1291,0.9999,0.0493,0.1887,0.0043,0.0033,0.0016
0.0252,0.0130,0.0160,0.0082,0.0107,0.0032,0.0036,0.0016,0.0021,0.0004,0.0011,0.0000,0.0001,0.0029,0.0014,0.0013,0.0002,0.0009,0.0059,0.0198,0.1117,0.9999,0.1915,0.6007,0.0133,0.0115,0.0014,0.0028
0.0244,0.0610,0.0322,0.0188,0.0068,0.0074,0.0055,0.0061,0.0057,0.0069,0.0041,0.0001,0.0007,0.0000,0.0013,0.0244,0.0005,0.0004,0.1966,0.0058,0.9982,0.0701,0.0464,0.0046,0.0025,0.0013,0.0017,0.0024
0.0106,0.0098,0.0078,0.0045,0.0070,0.0025,0.0069,0.0028,0.0048,0.0038,0.0050,0.0012,0.0027,0.0001,0.0002,0.0005,0.0101,0.3579,0.0006,0.5811,0.0020,0.9978,0.0117,0.0634,0.0021,0.0084,0.0025,0.0025
0.0169,0.0191,0.0079,0.0081,0.0101,0.0053,0.0058,0.0039,0.0045,0.0037,0.0020,0.0040,0.0046,0.0010,0.0009,0.0004,0.3579,0.1417,0.2281,0.0159,0.0010,0.0409,0.0023,0.0080,0.0024,0.0057,0.0045,0.0062
0.0308,0.0906,0.0158,0.0513,0.0090,0.0151,0.0424,0.0103,0.0027,0.0235,0.0035,0.0069,0.0070,0.0045,0.0059,0.1966,0.0006,0.2281,0.0098,0.1515,0.0000,0.0001,0.0003,0.0010,0.0030,0.0048,0.0103,0.0041
0.0753,0.0179,0.0155,0.0134,0.0464,0.0137,0.0093,0.0147,0.0044,0.0027,0.0016,0.0040,0.0074,0.0077,0.0198,0.0058,0.5811,0.0159,0.1515,0.0222,0.0002,0.0001,0.0001,0.0027,0.0009,0.0133,0.0036,0.0057
0.0063,0.0383,0.0048,0.0322,0.0051,0.0122,0.0117,0.0068,0.0072,0.0109,0.0014,0.1105,0.0035,1.0000,0.1117,0.9982,0.0020,0.0010,0.0000,0.0002,0.0015,0.0012,0.0000,0.0001,0.0002,0.0002,0.0048,0.0012
0.0257,0.0040,0.0095,0.0103,0.0093,0.0090,0.0057,0.0017,0.0027,0.0027,0.0023,0.0031,0.0181,0.1291,0.9999,0.0701,0.9978,0.0409,0.0001,0.0001,0.0012,0.0041,0.0000,0.0001,0.0001,0.0035,0.0008,0.0028
0.0120,0.3313,0.0173,0.4885,0.0113,0.0289,0.0267,0.0159,0.0364,0.1823,0.0065,0.9988,0.0261,0.9999,0.1915,0.0464,0.0117,0.0023,0.0003,0.0001,0.0000,0.0000,0.0007,0.0008,0.0000,0.0000,0.0000,0.0004
0.0092,0.0029,0.0167,0.0054,0.0068,0.0036,0.0078,0.0016,0.0133,0.0439,0.1056,0.1474,0.9998,0.0493,0.6007,0.0046,0.0634,0.0080,0.0010,0.0027,0.0001,0.0001,0.0008,0.0031,0.0001,0.0001,0.0002,0.0034
0.0321,0.7393,0.0359,0.5048,0.0101,0.0780,0.0345,0.1356,0.2141,0.9970,0.0269,0.9920,0.0207,0.1887,0.0133,0.0025,0.0021,0.0024,0.0030,0.0009,0.0002,0.0001,0.0000,0.0001,0.0000,0.0003,0.0000,0.0001
0.0354,0.0028,0.0197,0.0029,0.0132,0.0046,0.0082,0.0192,0.2001,0.3490,0.9998,0.0242,0.3550,0.0043,0.0115,0.0013,0.0084,0.0057,0.0048,0.0133,0.0002,0.0035,0.0000,0.0001,0.0003,0.0012,0.0002,0.0002
0.0068,0.0333,0.0067,0.0309,0.0062,0.1249,0.1456,0.4803,0.7807,0.9981,0.0113,0.0711,0.0028,0.0033,0.0014,0.0017,0.0025,0.0045,0.0103,0.0036,0.0048,0.0008,0.0000,0.0002,0.0000,0.0002,0.0067,0.0012
0.0220,0.0042,0.0244,0.0047,0.0144,0.0177,0.0432,0.0731,0.5586,0.0451,0.8225,0.0041,0.0468,0.0016,0.0028,0.0024,0.0025,0.0062,0.0041,0.0057,0.0012,0.0028,0.0004,0.0034,0.0001,0.0002,0.0012,0.0074