c1,c2,c3,c4,c5,c6,c7,c8,c9,c10,c11,c12,c13,c14,c15,c16,c17,c18,c19,c20,c21,c22,c23,c24,c25,c26,c27,c28
0.0011,0.0031,0.0032,0.0119,0.0660,0.0075,0.0157,0.0078,0.0116,0.0051,0.0038,0.0029,0.0049,0.0041,0.0082,0.0107,0.0077,0.0119,0.0280,0.0365,0.0050,0.0040,0.0068,0.0018,0.0091,0.0059,0.0062,0.0099
0.0031,0.0028,0.0184,0.0000,0.0009,0.0037,0.0016,0.0092,0.0146,0.0099,0.0044,0.0180,0.0270,0.0595,0.0071,0.0272,0.0105,0.0180,0.0446,0.0099,0.0155,0.0023,0.0295,0.0022,0.0444,0.0047,0.0132,0.0081
0.0032,0.0184,0.0215,0.0058,0.0001,0.0036,0.0271,0.0071,0.0235,0.0043,0.0133,0.0101,0.0084,0.0053,0.0077,0.0177,0.0061,0.0073,0.0154,0.0077,0.0031,0.0030,0.0076,0.0038,0.0097,0.0113,0.0079,0.0109
0.0119,0.0000,0.0058,0.0005,0.0065,0.0000,0.0001,0.0072,0.0304,0.0274,0.0973,0.4736,0.0143,0.0450,0.0037,0.0228,0.0059,0.0089,0.0388,0.0092,0.0127,0.0029,0.1024,0.0039,0.0409,0.0066,0.0184,0.0069
0.0660,0.0009,0.0001,0.0065,0.0079,0.0034,0.0000,0.0059,0.0188,0.0180,0.0592,0.1690,0.0099,0.0089,0.0098,0.0150,0.0067,0.0076,0.0100,0.0125,0.0052,0.0043,0.0223,0.0046,0.0119,0.0052,0.0063,0.0074
0.0075,0.0037,0.0036,0.0000,0.0034,0.0017,0.0015,0.0035,0.0216,0.0541,0.1926,0.1861,0.0222,0.0090,0.0025,0.0106,0.0028,0.0052,0.0172,0.0073,0.0052,0.0044,0.0129,0.0029,0.0150,0.0056,0.0206,0.0183
0.0157,0.0016,0.0271,0.0001,0.0000,0.0015,0.0007,0.4567,0.0072,0.0162,0.0099,0.0173,0.0290,0.0045,0.0028,0.0093,0.0061,0.0069,0.0332,0.0078,0.0067,0.0027,0.0172,0.0043,0.0182,0.0133,0.0365,0.0253
0.0078,0.0092,0.0071,0.0072,0.0059,0.0035,0.4567,0.0094,0.4505,0.0003,0.0060,0.0064,0.0014,0.0013,0.0016,0.0038,0.0039,0.0037,0.0124,0.0066,0.0038,0.0015,0.0063,0.0011,0.0194,0.0122,0.0303,0.0376
0.0116,0.0146,0.0235,0.0304,0.0188,0.0216,0.0072,0.4505,0.0032,0.0081,0.0001,0.0001,0.0011,0.0001,0.0041,0.0054,0.0048,0.0041,0.0038,0.0043,0.0079,0.0029,0.0269,0.0082,0.0970,0.0471,0.0146,0.0336
0.0051,0.0099,0.0043,0.0274,0.0180,0.0541,0.0162,0.0003,0.0081,0.0032,0.0026,0.0000,0.0001,0.0002,0.0018,0.0085,0.0057,0.0035,0.0165,0.0040,0.0099,0.0020,0.1280,0.0082,0.9616,0.0937,0.3027,0.0364
0.0038,0.0044,0.0133,0.0973,0.0592,0.1926,0.0099,0.0060,0.0001,0.0026,0.0033,0.0002,0.0001,0.0005,0.0017,0.0040,0.0061,0.0023,0.0055,0.0024,0.0027,0.0021,0.0104,0.2036,0.1110,0.9158,0.0220,0.0133
0.0029,0.0180,0.0101,0.4736,0.1690,0.1861,0.0173,0.0064,0.0001,0.0000,0.0002,0.0001,0.0003,0.0000,0.0000,0.0003,0.0020,0.0057,0.0185,0.0053,0.1853,0.0064,0.9993,0.0742,0.9727,0.0572,0.0531,0.0059
0.0049,0.0270,0.0084,0.0143,0.0099,0.0222,0.0290,0.0014,0.0011,0.0001,0.0001,0.0003,0.0025,0.0043,0.0000,0.0005,0.0032,0.0048,0.0125,0.0089,0.0059,0.0166,0.0663,0.9992,0.0279,0.3583,0.0059,0.0113
0.0041,0.0595,0.0053,0.0450,0.0089,0.0090,0.0045,0.0013,0.0001,0.0002,0.0005,0.0000,0.0043,0.0000,0.0011,0.0000,0.0001,0.0014,0.0175,0.0141,1.0000,0.2728,0.9997,0.1335,0.0697,0.0036,0.0006,0.0010
0.0082,0.0071,0.0077,0.0037,0.0098,0.0025,0.0028,0.0016,0.0041,0.0018,0.0017,0.0000,0.0000,0.0011,0.0005,0.0011,0.0001,0.0010,0.0059,0.0404,0.1536,1.0000,0.1218,0.8350,0.0220,0.0203,0.0031,0.0032
0.0107,0.0272,0.0177,0.0228,0.0150,0.0106,0.0093,0.0038,0.0054,0.0085,0.0040,0.0003,0.0005,0.0000,0.0011,0.0124,0.0009,0.0012,0.2660,0.0145,0.9955,0.2635,0.0222,0.0023,0.0030,0.0014,0.0017,0.0028
0.0077,0.0105,0.0061,0.0059,0.0067,0.0028,0.0061,0.0039,0.0048,0.0057,0.0061,0.0020,0.0032,0.0001,0.0001,0.0009,0.0080,0.4326,0.0004,0.1357,0.0041,0.9990,0.0205,0.0325,0.0031,0.0059,0.0023,0.0032
0.0119,0.0180,0.0073,0.0089,0.0076,0.0052,0.0069,0.0037,0.0041,0.0035,0.0023,0.0057,0.0048,0.0014,0.0010,0.0012,0.4326,0.0824,0.1812,0.0100,0.0009,0.0257,0.0036,0.0055,0.0042,0.0045,0.0040,0.0070
0.0280,0.0446,0.0154,0.0388,0.0100,0.0172,0.0332,0.0124,0.0038,0.0165,0.0055,0.0185,0.0125,0.0175,0.0059,0.2660,0.0004,0.1812,0.0132,0.1871,0.0000,0.0001,0.0003,0.0005,0.0039,0.0052,0.0020,0.0042
0.0365,0.0099,0.0077,0.0092,0.0125,0.0073,0.0078,0.0066,0.0043,0.0040,0.0024,0.0053,0.0089,0.0141,0.0404,0.0145,0.1357,0.0100,0.1871,0.0374,0.0002,0.0001,0.0003,0.0052,0.0024,0.0101,0.0054,0.0080
0.0050,0.0155,0.0031,0.0127,0.0052,0.0052,0.0067,0.0038,0.0079,0.0099,0.0027,0.1853,0.0059,1.0000,0.1536,0.9955,0.0041,0.0009,0.0000,0.0002,0.0014,0.0004,0.0000,0.0001,0.0005,0.0004,0.0027,0.0025
0.0040,0.0023,0.0030,0.0029,0.0043,0.0044,0.0027,0.0015,0.0029,0.0020,0.0021,0.0064,0.0166,0.2728,1.0000,0.2635,0.9990,0.0257,0.0001,0.0001,0.0004,0.0060,0.0001,0.0000,0.0003,0.0033,0.0017,0.0077
0.0068,0.0295,0.0076,0.1024,0.0223,0.0129,0.0172,0.0063,0.0269,0.1280,0.0104,0.9993,0.0663,0.9997,0.1218,0.0222,0.0205,0.0036,0.0003,0.0003,0.0000,0.0001,0.0002,0.0010,0.0000,0.0000,0.0003,0.0073
0.0018,0.0022,0.0038,0.0039,0.0046,0.0029,0.0043,0.0011,0.0082,0.0082,0.2036,0.0742,0.9992,0.1335,0.8350,0.0023,0.0325,0.0055,0.0005,0.0052,0.0001,0.0000,0.0010,0.0034,0.0009,0.0004,0.0038,0.0120
0.0091,0.0444,0.0097,0.0409,0.0119,0.0150,0.0182,0.0194,0.0970,0.9616,0.1110,0.9727,0.0279,0.0697,0.0220,0.0030,0.0031,0.0042,0.0039,0.0024,0.0005,0.0003,0.0000,0.0009,0.0001,0.0013,0.0001,0.0015
0.0059,0.0047,0.0113,0.0066,0.0052,0.0056,0.0133,0.0122,0.0471,0.0937,0.9158,0.0572,0.3583,0.0036,0.0203,0.0014,0.0059,0.0045,0.0052,0.0101,0.0004,0.0033,0.0000,0.0004,0.0013,0.0027,0.0357,0.0001
0.0062,0.0132,0.0079,0.0184,0.0063,0.0206,0.0365,0.0303,0.0146,0.3027,0.0220,0.0531,0.0059,0.0006,0.0031,0.0017,0.0023,0.0040,0.0020,0.0054,0.0027,0.0017,0.0003,0.0038,0.0001,0.0357,0.0367,0.0515
0.0099,0.0081,0.0109,0.0069,0.0074,0.0183,0.0253,0.0376,0.0336,0.0364,0.0133,0.0059,0.0113,0.0010,0.0032,0.0028,0.0032,0.0070,0.0042,0.0080,0.0025,0.0077,0.0073,0.0120,0.0015,0.0001,0.0515,0.0071