c1,c2,c3,c4,c5,c6,c7,c8,c9,c10,c11,c12,c13,c14,c15,c16,c17,c18,c19,c20,c21,c22,c23,c24,c25,c26,c27,c28
0.0007,0.0033,0.0012,0.0075,0.0165,0.0071,0.0106,0.0048,0.0068,0.0035,0.0036,0.0048,0.0155,0.0164,0.0269,0.0265,0.0078,0.0073,0.0184,0.0135,0.0049,0.0038,0.0099,0.0046,0.0138,0.0082,0.0077,0.0075
0.0033,0.0026,0.0094,0.0000,0.0004,0.0006,0.0042,0.0128,0.0087,0.0044,0.0030,0.0563,0.0415,0.7002,0.0155,0.0583,0.0088,0.0074,0.0216,0.0054,0.0145,0.0029,0.0273,0.0025,0.0785,0.0031,0.0078,0.0039
0.0012,0.0094,0.0108,0.0097,0.0001,0.0004,0.0074,0.0040,0.0193,0.0035,0.0236,0.0260,0.1580,0.0586,0.0112,0.0219,0.0032,0.0031,0.0076,0.0047,0.0043,0.0033,0.0144,0.0056,0.0203,0.0119,0.0048,0.0080
0.0075,0.0000,0.0097,0.0012,0.0043,0.0000,0.0009,0.0110,0.0075,0.0036,0.1876,0.9961,0.0399,0.1100,0.0072,0.0077,0.0033,0.0034,0.0097,0.0042,0.0103,0.0035,0.0639,0.0020,0.1146,0.0033,0.0031,0.0020
0.0165,0.0004,0.0001,0.0043,0.0080,0.0004,0.0002,0.0031,0.0151,0.0223,0.0316,0.9983,0.0072,0.0248,0.0087,0.0062,0.0036,0.0046,0.0054,0.0060,0.0046,0.0042,0.0214,0.0046,0.0305,0.0028,0.0061,0.0043
0.0071,0.0006,0.0004,0.0000,0.0004,0.0001,0.0013,0.0054,0.0383,0.1008,0.8829,0.8719,0.0187,0.0100,0.0028,0.0042,0.0024,0.0031,0.0056,0.0035,0.0077,0.0027,0.0241,0.0037,0.0298,0.0142,0.0359,0.0609
0.0106,0.0042,0.0074,0.0009,0.0002,0.0013,0.0147,0.4579,0.0086,0.0198,0.0014,0.0201,0.0055,0.0045,0.0040,0.0035,0.0036,0.0035,0.0154,0.0054,0.0064,0.0025,0.0223,0.0013,0.1035,0.0077,0.0512,0.0241
0.0048,0.0128,0.0040,0.0110,0.0031,0.0054,0.4579,0.0049,0.4280,0.0006,0.0003,0.0059,0.0004,0.0024,0.0012,0.0053,0.0020,0.0017,0.0034,0.0036,0.0038,0.0014,0.0075,0.0021,0.0586,0.0196,0.4969,0.1538
0.0068,0.0087,0.0193,0.0075,0.0151,0.0383,0.0086,0.4280,0.0005,0.0103,0.0000,0.0000,0.0002,0.0003,0.0019,0.0032,0.0037,0.0025,0.0003,0.0032,0.0042,0.0015,0.0148,0.0027,0.1428,0.1015,0.9531,0.9921
0.0035,0.0044,0.0035,0.0036,0.0223,0.1008,0.0198,0.0006,0.0103,0.0003,0.0003,0.0000,0.0000,0.0000,0.0003,0.0024,0.0028,0.0023,0.0125,0.0036,0.0041,0.0013,0.0829,0.0016,0.9998,0.7991,1.0000,0.1351
0.0036,0.0030,0.0236,0.1876,0.0316,0.8829,0.0014,0.0003,0.0000,0.0003,0.0005,0.0000,0.0000,0.0001,0.0005,0.0011,0.0039,0.0009,0.0029,0.0016,0.0013,0.0014,0.0083,0.1847,0.1762,1.0000,0.0183,0.8924
0.0048,0.0563,0.0260,0.9961,0.9983,0.8719,0.0201,0.0059,0.0000,0.0000,0.0000,0.0000,0.0000,0.0000,0.0000,0.0000,0.0004,0.0019,0.0045,0.0031,0.0511,0.0074,0.9998,0.0219,0.9996,0.0333,0.0310,0.0038
0.0155,0.0415,0.1580,0.0399,0.0072,0.0187,0.0055,0.0004,0.0002,0.0000,0.0000,0.0000,0.0030,0.0001,0.0001,0.0002,0.0018,0.0014,0.0091,0.0076,0.0029,0.0252,0.3255,1.0000,0.0123,0.5803,0.0015,0.0130
0.0164,0.7002,0.0586,0.1100,0.0248,0.0100,0.0045,0.0024,0.0003,0.0000,0.0001,0.0000,0.0001,0.0001,0.0000,0.0000,0.0000,0.0004,0.0233,0.0221,1.0000,0.0637,1.0000,0.0502,0.1210,0.0016,0.0014,0.0034
0.0269,0.0155,0.0112,0.0072,0.0087,0.0028,0.0040,0.0012,0.0019,0.0003,0.0005,0.0000,0.0001,0.0000,0.0026,0.0008,0.0001,0.0015,0.0090,0.0234,0.0652,0.9999,0.1541,1.0000,0.0089,0.0193,0.0009,0.0026
0.0265,0.0583,0.0219,0.0077,0.0062,0.0042,0.0035,0.0053,0.0032,0.0024,0.0011,0.0000,0.0002,0.0000,0.0008,0.0278,0.0009,0.0013,0.7819,0.0288,0.9998,0.4347,0.0356,0.0027,0.0016,0.0013,0.0014,0.0037
0.0078,0.0088,0.0032,0.0033,0.0036,0.0024,0.0036,0.0020,0.0037,0.0028,0.0039,0.0004,0.0018,0.0000,0.0001,0.0009,0.0162,0.9203,0.0020,0.5132,0.0071,0.9994,0.0150,0.1761,0.0018,0.0068,0.0019,0.0022
0.0073,0.0074,0.0031,0.0034,0.0046,0.0031,0.0035,0.0017,0.0025,0.0023,0.0009,0.0019,0.0014,0.0004,0.0015,0.0013,0.9203,0.3040,0.6904,0.0765,0.0017,0.0424,0.0023,0.0148,0.0017,0.0050,0.0061,0.0118
0.0184,0.0216,0.0076,0.0097,0.0054,0.0056,0.0154,0.0034,0.0003,0.0125,0.0029,0.0045,0.0091,0.0233,0.0090,0.7819,0.0020,0.6904,0.0089,0.4521,0.0001,0.0002,0.0003,0.0008,0.0015,0.0043,0.0119,0.0054
0.0135,0.0054,0.0047,0.0042,0.0060,0.0035,0.0054,0.0036,0.0032,0.0036,0.0016,0.0031,0.0076,0.0221,0.0234,0.0288,0.5132,0.0765,0.4521,0.0888,0.0005,0.0001,0.0002,0.0027,0.0010,0.0099,0.0162,0.0104
0.0049,0.0145,0.0043,0.0103,0.0046,0.0077,0.0064,0.0038,0.0042,0.0041,0.0013,0.0511,0.0029,1.0000,0.0652,0.9998,0.0071,0.0017,0.0001,0.0005,0.0059,0.0009,0.0000,0.0000,0.0001,0.0002,0.0043,0.0029
0.0038,0.0029,0.0033,0.0035,0.0042,0.0027,0.0025,0.0014,0.0015,0.0013,0.0014,0.0074,0.0252,0.0637,0.9999,0.4347,0.9994,0.0424,0.0002,0.0001,0.0009,0.0067,0.0001,0.0006,0.0002,0.0016,0.0022,0.0035
0.0099,0.0273,0.0144,0.0639,0.0214,0.0241,0.0223,0.0075,0.0148,0.0829,0.0083,0.9998,0.3255,1.0000,0.1541,0.0356,0.0150,0.0023,0.0003,0.0002,0.0000,0.0001,0.0006,0.0000,0.0000,0.0000,0.0000,0.0006
0.0046,0.0025,0.0056,0.0020,0.0046,0.0037,0.0013,0.0021,0.0027,0.0016,0.1847,0.0219,1.0000,0.0502,1.0000,0.0027,0.1761,0.0148,0.0008,0.0027,0.0000,0.0006,0.0000,0.0003,0.0000,0.0001,0.0001,0.0006
0.0138,0.0785,0.0203,0.1146,0.0305,0.0298,0.1035,0.0586,0.1428,0.9998,0.1762,0.9996,0.0123,0.1210,0.0089,0.0016,0.0018,0.0017,0.0015,0.0010,0.0001,0.0002,0.0000,0.0000,0.0005,0.0003,0.0000,0.0000
0.0082,0.0031,0.0119,0.0033,0.0028,0.0142,0.0077,0.0196,0.1015,0.7991,1.0000,0.0333,0.5803,0.0016,0.0193,0.0013,0.0068,0.0050,0.0043,0.0099,0.0002,0.0016,0.0000,0.0001,0.0003,0.0010,0.0002,0.0000
0.0077,0.0078,0.0048,0.0031,0.0061,0.0359,0.0512,0.4969,0.9531,1.0000,0.0183,0.0310,0.0015,0.0014,0.0009,0.0014,0.0019,0.0061,0.0119,0.0162,0.0043,0.0022,0.0000,0.0001,0.0000,0.0002,0.0056,0.0014
0.0075,0.0039,0.0080,0.0020,0.0043,0.0609,0.0241,0.1538,0.9921,0.1351,0.8924,0.0038,0.0130,0.0034,0.0026,0.0037,0.0022,0.0118,0.0054,0.0104,0.0029,0.0035,0.0006,0.0006,0.0000,0.0000,0.0014,0.0020