c1,c2,c3,c4,c5,c6,c7,c8,c9,c10,c11,c12,c13,c14,c15,c16,c17,c18,c19,c20
0.0003,0.0259,0.0189,0.0447,0.1196,0.0077,0.0086,0.0140,0.0028,0.0090,0.0111,0.0054,0.0062,0.0026,0.0009,0.0039,0.0093,0.0082,0.0073,0.0027
0.0259,0.0378,0.0515,0.0019,0.2683,0.3275,0.0038,0.0038,0.0023,0.0031,0.0027,0.0047,0.0053,0.0021,0.0040,0.0013,0.0036,0.0042,0.0029,0.0020
0.0189,0.0515,0.0113,0.0151,0.0005,0.0217,0.0624,0.0051,0.0067,0.0021,0.0037,0.0049,0.0209,0.0067,0.0053,0.0065,0.0046,0.0029,0.0059,0.0017
0.0447,0.0019,0.0151,0.0446,0.0143,0.0002,0.0127,0.1039,0.0051,0.0064,0.0049,0.0050,0.0060,0.0079,0.0065,0.0087,0.0084,0.0042,0.0032,0.0021
0.1196,0.2683,0.0005,0.0143,0.0041,0.0028,0.0003,0.0187,0.2039,0.0038,0.0061,0.0024,0.0112,0.0049,0.0075,0.0054,0.0075,0.0052,0.0021,0.0023
0.0077,0.3275,0.0217,0.0002,0.0028,0.0059,0.0022,0.0008,0.0372,0.0662,0.0062,0.0105,0.0192,0.0139,0.0045,0.0047,0.0050,0.0050,0.0047,0.0024
0.0086,0.0038,0.0624,0.0127,0.0003,0.0022,0.0039,0.0033,0.0040,0.0279,0.1127,0.0099,0.0200,0.0089,0.0150,0.0063,0.0027,0.0030,0.0043,0.0069
0.0140,0.0038,0.0051,0.1039,0.0187,0.0008,0.0033,0.0081,0.0043,0.0008,0.0228,0.0389,0.0045,0.0323,0.0125,0.0070,0.0056,0.0043,0.0033,0.0027
0.0028,0.0023,0.0067,0.0051,0.2039,0.0372,0.0040,0.0043,0.0003,0.0071,0.0020,0.0274,0.2922,0.0040,0.0063,0.0088,0.0142,0.0041,0.0019,0.0030
0.0090,0.0031,0.0021,0.0064,0.0038,0.0662,0.0279,0.0008,0.0071,0.0026,0.0022,0.0007,0.0276,0.1599,0.0131,0.0197,0.0042,0.0066,0.0068,0.0075
0.0111,0.0027,0.0037,0.0049,0.0061,0.0062,0.1127,0.0228,0.0020,0.0022,0.0119,0.0033,0.0005,0.0374,0.1050,0.0054,0.0071,0.0059,0.0030,0.0077
0.0054,0.0047,0.0049,0.0050,0.0024,0.0105,0.0099,0.0389,0.0274,0.0007,0.0033,0.0061,0.0010,0.0016,0.0360,0.0454,0.0079,0.0298,0.0073,0.0093
0.0062,0.0053,0.0209,0.0060,0.0112,0.0192,0.0200,0.0045,0.2922,0.0276,0.0005,0.0010,0.0036,0.0011,0.0004,0.0136,0.0236,0.0037,0.0113,0.0123
0.0026,0.0021,0.0067,0.0079,0.0049,0.0139,0.0089,0.0323,0.0040,0.1599,0.0374,0.0016,0.0011,0.0042,0.0020,0.0008,0.0201,0.0714,0.0058,0.0069
0.0009,0.0040,0.0053,0.0065,0.0075,0.0045,0.0150,0.0125,0.0063,0.0131,0.1050,0.0360,0.0004,0.0020,0.0062,0.0034,0.0009,0.0218,0.1034,0.0108
0.0039,0.0013,0.0065,0.0087,0.0054,0.0047,0.0063,0.0070,0.0088,0.0197,0.0054,0.0454,0.0136,0.0008,0.0034,0.0060,0.0150,0.0007,0.0130,0.2091
0.0093,0.0036,0.0046,0.0084,0.0075,0.0050,0.0027,0.0056,0.0142,0.0042,0.0071,0.0079,0.0236,0.0201,0.0009,0.0150,0.0361,0.0088,0.0006,0.0332
0.0082,0.0042,0.0029,0.0042,0.0052,0.0050,0.0030,0.0043,0.0041,0.0066,0.0059,0.0298,0.0037,0.0714,0.0218,0.0007,0.0088,0.0758,0.0183,0.0030
0.0073,0.0029,0.0059,0.0032,0.0021,0.0047,0.0043,0.0033,0.0019,0.0068,0.0030,0.0073,0.0113,0.0058,0.1034,0.0130,0.0006,0.0183,0.0621,0.0864
0.0027,0.0020,0.0017,0.0021,0.0023,0.0024,0.0069,0.0027,0.0030,0.0075,0.0077,0.0093,0.0123,0.0069,0.0108,0.2091,0.0332,0.0030,0.0864,0.0159
