c1,c2,c3,c4,c5,c6,c7,c8,c9,c10,c11,c12,c13,c14,c15,c16,c17,c18,c19,c20,c21,c22,c23,c24,c25,c26,c27,c28
0.0000,0.0001,0.0009,0.0003,0.0220,0.0340,0.0236,0.0137,0.0159,0.2591,0.0203,0.0150,0.0484,0.0780,0.0114,0.0196,0.0104,0.0237,0.0069,0.0169,0.0160,0.0042,0.0058,0.0070,0.0040,0.0029,0.0046,0.0043
0.0001,0.0031,0.0067,0.0000,0.0032,0.2232,0.1510,0.0419,0.0739,0.7556,0.0159,0.0232,0.0236,0.0140,0.0130,0.0092,0.0040,0.0049,0.0039,0.0050,0.0031,0.0018,0.0018,0.0033,0.0024,0.0025,0.0030,0.0022
0.0009,0.0067,0.0313,0.0016,0.0004,0.0579,0.0350,0.0084,0.0308,0.5341,0.0111,0.0098,0.0268,0.0116,0.0060,0.0067,0.0090,0.0046,0.0028,0.0046,0.0029,0.0024,0.0034,0.0030,0.0027,0.0030,0.0052,0.0043
0.0003,0.0000,0.0016,0.0005,0.0112,0.0014,0.0061,0.0165,0.2470,0.9407,0.0846,0.0723,0.2231,0.0592,0.0073,0.0115,0.0023,0.0070,0.0038,0.0065,0.0048,0.0021,0.0027,0.0031,0.0030,0.0032,0.0030,0.0016
0.0220,0.0032,0.0004,0.0112,0.0182,0.1121,0.0002,0.0093,0.0166,0.2091,0.0498,0.0121,0.0255,0.0185,0.0098,0.0051,0.0070,0.0067,0.0041,0.0039,0.0022,0.0023,0.0036,0.0043,0.0031,0.0026,0.0044,0.0046
0.0340,0.2232,0.0579,0.0014,0.1121,0.0011,0.0623,0.0107,0.0302,0.0362,0.0255,0.0384,0.0084,0.0126,0.0075,0.0048,0.0039,0.0046,0.0023,0.0006,0.0001,0.0009,0.0015,0.0029,0.0020,0.0023,0.0080,0.0059
0.0236,0.1510,0.0350,0.0061,0.0002,0.0623,0.1675,0.0371,0.0176,0.0150,0.0190,0.0052,0.0234,0.0024,0.0050,0.0045,0.0045,0.0022,0.0029,0.0075,0.0031,0.0015,0.0028,0.0025,0.0022,0.0023,0.0033,0.0024
0.0137,0.0419,0.0084,0.0165,0.0093,0.0107,0.0371,0.0261,0.0445,0.0001,0.0061,0.0349,0.0031,0.0067,0.0055,0.0037,0.0052,0.0034,0.0035,0.0058,0.0046,0.0040,0.0049,0.0067,0.0053,0.0045,0.0057,0.0080
0.0159,0.0739,0.0308,0.2470,0.0166,0.0302,0.0176,0.0445,0.0119,0.0042,0.0024,0.0127,0.0179,0.0054,0.0076,0.0031,0.0057,0.0022,0.0012,0.0027,0.0017,0.0007,0.0023,0.0032,0.0026,0.0020,0.0055,0.0040
0.2591,0.7556,0.5341,0.9407,0.2091,0.0362,0.0150,0.0001,0.0042,0.0000,0.0063,0.0001,0.0018,0.0037,0.0041,0.0048,0.0021,0.0032,0.0095,0.0124,0.0068,0.0025,0.0017,0.0018,0.0028,0.0038,0.0022,0.0014
0.0203,0.0159,0.0111,0.0846,0.0498,0.0255,0.0190,0.0061,0.0024,0.0063,0.0055,0.0098,0.0001,0.0013,0.0178,0.0038,0.0100,0.0069,0.0041,0.0040,0.0040,0.0043,0.0106,0.0058,0.0067,0.0057,0.0050,0.0070
0.0150,0.0232,0.0098,0.0723,0.0121,0.0384,0.0052,0.0349,0.0127,0.0001,0.0098,0.0037,0.0036,0.0000,0.0097,0.0240,0.0050,0.0130,0.0128,0.0063,0.0047,0.0060,0.0086,0.0096,0.0068,0.0139,0.0087,0.0111
0.0484,0.0236,0.0268,0.2231,0.0255,0.0084,0.0234,0.0031,0.0179,0.0018,0.0001,0.0036,0.0045,0.0002,0.0006,0.0128,0.0376,0.0016,0.0094,0.0113,0.0051,0.0024,0.0167,0.0079,0.0050,0.0070,0.0116,0.0130
0.0780,0.0140,0.0116,0.0592,0.0185,0.0126,0.0024,0.0067,0.0054,0.0037,0.0013,0.0000,0.0002,0.0002,0.0142,0.0001,0.0003,0.0990,0.0420,0.0413,0.0391,0.0204,0.0370,0.0311,0.0519,0.0236,0.0123,0.0228
0.0114,0.0130,0.0060,0.0073,0.0098,0.0075,0.0050,0.0055,0.0076,0.0041,0.0178,0.0097,0.0006,0.0142,0.0080,0.0066,0.0000,0.0045,0.1603,0.0058,0.0132,0.0124,0.0139,0.0102,0.0103,0.0084,0.0077,0.0086
0.0196,0.0092,0.0067,0.0115,0.0051,0.0048,0.0045,0.0037,0.0031,0.0048,0.0038,0.0240,0.0128,0.0001,0.0066,0.0041,0.0004,0.0003,0.0063,0.0382,0.0524,0.0322,0.0727,0.0268,0.0082,0.0144,0.0182,0.0083
0.0104,0.0040,0.0090,0.0023,0.0070,0.0039,0.0045,0.0052,0.0057,0.0021,0.0100,0.0050,0.0376,0.0003,0.0000,0.0004,0.0001,0.0055,0.0009,0.0076,0.1378,0.1539,0.3912,0.1177,0.0725,0.0299,0.0349,0.0220
0.0237,0.0049,0.0046,0.0070,0.0067,0.0046,0.0022,0.0034,0.0022,0.0032,0.0069,0.0130,0.0016,0.0990,0.0045,0.0003,0.0055,0.0128,0.0329,0.0004,0.0098,0.0485,0.0138,0.0165,0.0291,0.0096,0.0096,0.0179
0.0069,0.0039,0.0028,0.0038,0.0041,0.0023,0.0029,0.0035,0.0012,0.0095,0.0041,0.0128,0.0094,0.0420,0.1603,0.0063,0.0009,0.0329,0.0281,0.0375,0.0014,0.0052,0.0115,0.0069,0.0094,0.0055,0.0097,0.0107
0.0169,0.0050,0.0046,0.0065,0.0039,0.0006,0.0075,0.0058,0.0027,0.0124,0.0040,0.0063,0.0113,0.0413,0.0058,0.0382,0.0076,0.0004,0.0375,0.0054,0.0070,0.0015,0.0030,0.0399,0.0053,0.0132,0.0234,0.0257
0.0160,0.0031,0.0029,0.0048,0.0022,0.0001,0.0031,0.0046,0.0017,0.0068,0.0040,0.0047,0.0051,0.0391,0.0132,0.0524,0.1378,0.0098,0.0014,0.0070,0.0004,0.0974,0.0021,0.0152,0.0579,0.0103,0.0209,0.0331
0.0042,0.0018,0.0024,0.0021,0.0023,0.0009,0.0015,0.0040,0.0007,0.0025,0.0043,0.0060,0.0024,0.0204,0.0124,0.0322,0.1539,0.0485,0.0052,0.0015,0.0974,0.0172,0.0157,0.0016,0.0540,0.0319,0.0112,0.0243
0.0058,0.0018,0.0034,0.0027,0.0036,0.0015,0.0028,0.0049,0.0023,0.0017,0.0106,0.0086,0.0167,0.0370,0.0139,0.0727,0.3912,0.0138,0.0115,0.0030,0.0021,0.0157,0.0005,0.0022,0.0012,0.0249,0.0410,0.0319
0.0070,0.0033,0.0030,0.0031,0.0043,0.0029,0.0025,0.0067,0.0032,0.0018,0.0058,0.0096,0.0079,0.0311,0.0102,0.0268,0.1177,0.0165,0.0069,0.0399,0.0152,0.0016,0.0022,0.0082,0.0183,0.0012,0.0031,0.0399
0.0040,0.0024,0.0027,0.0030,0.0031,0.0020,0.0022,0.0053,0.0026,0.0028,0.0067,0.0068,0.0050,0.0519,0.0103,0.0082,0.0725,0.0291,0.0094,0.0053,0.0579,0.0540,0.0012,0.0183,0.0442,0.0600,0.0002,0.0039
0.0029,0.0025,0.0030,0.0032,0.0026,0.0023,0.0023,0.0045,0.0020,0.0038,0.0057,0.0139,0.0070,0.0236,0.0084,0.0144,0.0299,0.0096,0.0055,0.0132,0.0103,0.0319,0.0249,0.0012,0.0600,0.0733,0.0285,0.0004
0.0046,0.0030,0.0052,0.0030,0.0044,0.0080,0.0033,0.0057,0.0055,0.0022,0.0050,0.0087,0.0116,0.0123,0.0077,0.0182,0.0349,0.0096,0.0097,0.0234,0.0209,0.0112,0.0410,0.0031,0.0002,0.0285,0.0204,0.0018
0.0043,0.0022,0.0043,0.0016,0.0046,0.0059,0.0024,0.0080,0.0040,0.0014,0.0070,0.0111,0.0130,0.0228,0.0086,0.0083,0.0220,0.0179,0.0107,0.0257,0.0331,0.0243,0.0319,0.0399,0.0039,0.0004,0.0018,0.0062
