c1,c2,c3,c4,c5,c6,c7,c8,c9,c10,c11,c12,c13,c14,c15,c16,c17,c18,c19,c20,c21,c22,c23,c24,c25,c26,c27,c28
0.0002,0.0001,0.0006,0.0002,0.0106,0.0083,0.0185,0.0163,0.0124,0.0042,0.0088,0.0027,0.0609,0.0081,0.1536,0.0455,0.0186,0.0234,0.0284,0.0525,0.0061,0.0076,0.0044,0.0064,0.0057,0.0076,0.0045,0.0107
0.0001,0.0020,0.0101,0.0000,0.0004,0.0002,0.0055,0.0221,0.0094,0.0071,0.0026,0.0244,0.0194,0.9989,0.0049,0.0854,0.0055,0.0065,0.0189,0.0109,0.0313,0.0018,0.0590,0.0025,0.1164,0.0017,0.0071,0.0029
0.0006,0.0101,0.0211,0.0004,0.0003,0.0005,0.0089,0.0035,0.0105,0.0055,0.2032,0.0212,0.3693,0.0099,0.0165,0.0118,0.0063,0.0053,0.0085,0.0089,0.0039,0.0043,0.0082,0.0049,0.0083,0.0115,0.0043,0.0120
0.0002,0.0000,0.0004,0.0004,0.0065,0.0000,0.0004,0.0182,0.0145,0.0121,0.0790,1.0000,0.0424,0.3598,0.0029,0.0115,0.0027,0.0034,0.0119,0.0051,0.0177,0.0019,0.2642,0.0026,0.2933,0.0018,0.0033,0.0013
0.0106,0.0004,0.0003,0.0065,0.0249,0.0007,0.0004,0.0028,0.0228,0.0095,0.8078,0.1789,0.0225,0.0050,0.0063,0.0061,0.0049,0.0054,0.0060,0.0064,0.0067,0.0064,0.0127,0.0053,0.0083,0.0038,0.0058,0.0110
0.0083,0.0002,0.0005,0.0000,0.0007,0.0001,0.0076,0.0611,0.0150,0.7325,0.1493,0.5164,0.0082,0.0034,0.0019,0.0065,0.0022,0.0033,0.0073,0.0055,0.0165,0.0039,0.0430,0.0045,0.0623,0.0044,0.1202,0.0286
0.0185,0.0055,0.0089,0.0004,0.0004,0.0076,0.0340,0.4619,0.0064,0.0117,0.0034,0.0017,0.0055,0.0018,0.0028,0.0035,0.0045,0.0042,0.0161,0.0062,0.0074,0.0041,0.0177,0.0042,0.0243,0.0065,0.0260,0.0346
0.0163,0.0221,0.0035,0.0182,0.0028,0.0611,0.4619,0.0052,0.1370,0.0028,0.0002,0.0096,0.0003,0.0008,0.0008,0.0044,0.0021,0.0013,0.0033,0.0036,0.0037,0.0010,0.0092,0.0011,0.0361,0.0081,0.5153,0.1055
0.0124,0.0094,0.0105,0.0145,0.0228,0.0150,0.0064,0.1370,0.0011,0.0085,0.0000,0.0000,0.0003,0.0002,0.0019,0.0041,0.0050,0.0030,0.0008,0.0037,0.0060,0.0018,0.0187,0.0049,0.0891,0.0572,0.8748,0.9670
0.0042,0.0071,0.0055,0.0121,0.0095,0.7325,0.0117,0.0028,0.0085,0.0001,0.0003,0.0000,0.0000,0.0000,0.0002,0.0044,0.0019,0.0013,0.0074,0.0014,0.0041,0.0013,0.0880,0.0065,0.9969,0.3606,1.0000,0.1376
0.0088,0.0026,0.2032,0.0790,0.8078,0.1493,0.0034,0.0002,0.0000,0.0003,0.0004,0.0000,0.0000,0.0000,0.0007,0.0008,0.0048,0.0013,0.0031,0.0011,0.0010,0.0009,0.0038,0.0241,0.1581,1.0000,0.0532,0.9916
0.0027,0.0244,0.0212,1.0000,0.1789,0.5164,0.0017,0.0096,0.0000,0.0000,0.0000,0.0000,0.0001,0.0000,0.0000,0.0001,0.0006,0.0020,0.0050,0.0033,0.0583,0.0065,0.9992,0.0913,0.9999,0.2839,0.1097,0.0119
0.0609,0.0194,0.3693,0.0424,0.0225,0.0082,0.0055,0.0003,0.0003,0.0000,0.0000,0.0001,0.0044,0.0000,0.0001,0.0002,0.0026,0.0031,0.0083,0.0061,0.0031,0.0146,0.1620,1.0000,0.0317,0.5960,0.0034,0.0423
0.0081,0.9989,0.0099,0.3598,0.0050,0.0034,0.0018,0.0008,0.0002,0.0000,0.0000,0.0000,0.0000,0.0001,0.0001,0.0000,0.0000,0.0002,0.0194,0.0139,1.0000,0.0287,1.0000,0.0655,0.3573,0.0055,0.0016,0.0014
0.1536,0.0049,0.0165,0.0029,0.0063,0.0019,0.0028,0.0008,0.0019,0.0002,0.0007,0.0000,0.0001,0.0001,0.0016,0.0008,0.0003,0.0027,0.0208,0.0550,0.0575,1.0000,0.2677,0.9645,0.0065,0.0572,0.0010,0.0026
0.0455,0.0854,0.0118,0.0115,0.0061,0.0065,0.0035,0.0044,0.0041,0.0044,0.0008,0.0001,0.0002,0.0000,0.0008,0.0112,0.0009,0.0008,0.7694,0.0371,0.9998,0.2880,0.0338,0.0037,0.0023,0.0014,0.0017,0.0019
0.0186,0.0055,0.0063,0.0027,0.0049,0.0022,0.0045,0.0021,0.0050,0.0019,0.0048,0.0006,0.0026,0.0000,0.0003,0.0009,0.0086,0.8187,0.0012,0.4249,0.0064,0.9995,0.0113,0.0539,0.0023,0.0065,0.0022,0.0024
0.0234,0.0065,0.0053,0.0034,0.0054,0.0033,0.0042,0.0013,0.0030,0.0013,0.0013,0.0020,0.0031,0.0002,0.0027,0.0008,0.8187,0.2236,0.4759,0.0384,0.0017,0.1399,0.0022,0.0121,0.0019,0.0067,0.0076,0.0073
0.0284,0.0189,0.0085,0.0119,0.0060,0.0073,0.0161,0.0033,0.0008,0.0074,0.0031,0.0050,0.0083,0.0194,0.0208,0.7694,0.0012,0.4759,0.0048,0.3251,0.0000,0.0002,0.0002,0.0010,0.0027,0.0074,0.0135,0.0058
0.0525,0.0109,0.0089,0.0051,0.0064,0.0055,0.0062,0.0036,0.0037,0.0014,0.0011,0.0033,0.0061,0.0139,0.0550,0.0371,0.4249,0.0384,0.3251,0.0456,0.0002,0.0001,0.0001,0.0036,0.0013,0.0137,0.0117,0.0075
0.0061,0.0313,0.0039,0.0177,0.0067,0.0165,0.0074,0.0037,0.0060,0.0041,0.0010,0.0583,0.0031,1.0000,0.0575,0.9998,0.0064,0.0017,0.0000,0.0002,0.0028,0.0008,0.0000,0.0001,0.0001,0.0003,0.0024,0.0015
0.0076,0.0018,0.0043,0.0019,0.0064,0.0039,0.0041,0.0010,0.0018,0.0013,0.0009,0.0065,0.0146,0.0287,1.0000,0.2880,0.9995,0.1399,0.0002,0.0001,0.0008,0.0043,0.0000,0.0001,0.0002,0.0020,0.0014,0.0032
0.0044,0.0590,0.0082,0.2642,0.0127,0.0430,0.0177,0.0092,0.0187,0.0880,0.0038,0.9992,0.1620,1.0000,0.2677,0.0338,0.0113,0.0022,0.0002,0.0001,0.0000,0.0000,0.0005,0.0005,0.0000,0.0000,0.0000,0.0005
0.0064,0.0025,0.0049,0.0026,0.0053,0.0045,0.0042,0.0011,0.0049,0.0065,0.0241,0.0913,1.0000,0.0655,0.9645,0.0037,0.0539,0.0121,0.0010,0.0036,0.0001,0.0001,0.0005,0.0199,0.0002,0.0001,0.0003,0.0013
0.0057,0.1164,0.0083,0.2933,0.0083,0.0623,0.0243,0.0361,0.0891,0.9969,0.1581,0.9999,0.0317,0.3573,0.0065,0.0023,0.0023,0.0019,0.0027,0.0013,0.0001,0.0002,0.0000,0.0002,0.0006,0.0002,0.0000,0.0000
0.0076,0.0017,0.0115,0.0018,0.0038,0.0044,0.0065,0.0081,0.0572,0.3606,1.0000,0.2839,0.5960,0.0055,0.0572,0.0014,0.0065,0.0067,0.0074,0.0137,0.0003,0.0020,0.0000,0.0001,0.0002,0.0022,0.0003,0.0000
0.0045,0.0071,0.0043,0.0033,0.0058,0.1202,0.0260,0.5153,0.8748,1.0000,0.0532,0.1097,0.0034,0.0016,0.0010,0.0017,0.0022,0.0076,0.0135,0.0117,0.0024,0.0014,0.0000,0.0003,0.0000,0.0003,0.0018,0.0007
0.0107,0.0029,0.0120,0.0013,0.0110,0.0286,0.0346,0.1055,0.9670,0.1376,0.9916,0.0119,0.0423,0.0014,0.0026,0.0019,0.0024,0.0073,0.0058,0.0075,0.0015,0.0032,0.0005,0.0013,0.0000,0.0000,0.0007,0.0010