c1,c2,c3,c4,c5,c6,c7,c8,c9,c10,c11,c12,c13,c14,c15,c16,c17,c18,c19,c20
0.0000,0.0038,0.0003,0.0028,0.0720,0.0301,0.0366,0.0733,0.1465,0.1677,0.0140,0.0265,0.0170,0.0139,0.0013,0.0170,0.0125,0.0080,0.0064,0.0015
0.0038,0.0264,0.0540,0.0004,0.0436,0.0180,0.0130,0.0217,0.0030,0.0050,0.0112,0.0059,0.0040,0.0117,0.0043,0.0074,0.0027,0.0047,0.0024,0.0045
0.0003,0.0540,0.0705,0.0050,0.0005,0.0134,0.0645,0.0070,0.0133,0.0047,0.0107,0.0066,0.0125,0.0079,0.0080,0.0077,0.0045,0.0044,0.0030,0.0031
0.0028,0.0004,0.0050,0.0011,0.0710,0.0002,0.0017,0.0088,0.0135,0.0406,0.0245,0.0225,0.0141,0.1009,0.0049,0.0157,0.0156,0.0075,0.0041,0.0037
0.0720,0.0436,0.0005,0.0710,0.0000,0.1303,0.0003,0.0077,0.0171,0.0029,0.0087,0.0085,0.0590,0.0953,0.0091,0.0077,0.0065,0.0063,0.0019,0.0052
0.0301,0.0180,0.0134,0.0002,0.1303,0.0043,0.0094,0.0002,0.0110,0.0145,0.0081,0.0103,0.0113,0.0292,0.0038,0.0082,0.0050,0.0061,0.0035,0.0039
0.0366,0.0130,0.0645,0.0017,0.0003,0.0094,0.0051,0.0003,0.0002,0.0096,0.0181,0.0066,0.0116,0.0289,0.0151,0.0230,0.0110,0.0101,0.0112,0.0105
0.0733,0.0217,0.0070,0.0088,0.0077,0.0002,0.0003,0.0040,0.0171,0.0005,0.0013,0.0078,0.0064,0.0194,0.0102,0.0331,0.0491,0.0232,0.0136,0.0100
0.1465,0.0030,0.0133,0.0135,0.0171,0.0110,0.0002,0.0171,0.0089,0.0147,0.0002,0.0140,0.0184,0.0023,0.0067,0.0043,0.0086,0.0067,0.0065,0.0098
0.1677,0.0050,0.0047,0.0406,0.0029,0.0145,0.0096,0.0005,0.0147,0.0100,0.0134,0.0002,0.0145,0.0073,0.0061,0.0155,0.0047,0.0047,0.0044,0.0080
0.0140,0.0112,0.0107,0.0245,0.0087,0.0081,0.0181,0.0013,0.0002,0.0134,0.0055,0.0073,0.0003,0.0007,0.0306,0.0199,0.0563,0.0143,0.0045,0.0244
0.0265,0.0059,0.0066,0.0225,0.0085,0.0103,0.0066,0.0078,0.0140,0.0002,0.0073,0.0124,0.0068,0.0001,0.0081,0.0179,0.0087,0.0279,0.0057,0.0187
0.0170,0.0040,0.0125,0.0141,0.0590,0.0113,0.0116,0.0064,0.0184,0.0145,0.0003,0.0068,0.0030,0.0132,0.0000,0.0064,0.0222,0.0105,0.0183,0.0155
0.0139,0.0117,0.0079,0.1009,0.0953,0.0292,0.0289,0.0194,0.0023,0.0073,0.0007,0.0001,0.0132,0.0044,0.0066,0.0001,0.0013,0.0120,0.0120,0.0377
0.0013,0.0043,0.0080,0.0049,0.0091,0.0038,0.0151,0.0102,0.0067,0.0061,0.0306,0.0081,0.0000,0.0066,0.0202,0.0414,0.0005,0.0022,0.1018,0.4655
0.0170,0.0074,0.0077,0.0157,0.0077,0.0082,0.0230,0.0331,0.0043,0.0155,0.0199,0.0179,0.0064,0.0001,0.0414,0.0186,0.0225,0.0001,0.0018,0.0024
0.0125,0.0027,0.0045,0.0156,0.0065,0.0050,0.0110,0.0491,0.0086,0.0047,0.0563,0.0087,0.0222,0.0013,0.0005,0.0225,0.0388,0.0196,0.0002,0.0024
0.0080,0.0047,0.0044,0.0075,0.0063,0.0061,0.0101,0.0232,0.0067,0.0047,0.0143,0.0279,0.0105,0.0120,0.0022,0.0001,0.0196,0.1270,0.1002,0.0001
0.0064,0.0024,0.0030,0.0041,0.0019,0.0035,0.0112,0.0136,0.0065,0.0044,0.0045,0.0057,0.0183,0.0120,0.1018,0.0018,0.0002,0.1002,0.0392,0.0184
0.0015,0.0045,0.0031,0.0037,0.0052,0.0039,0.0105,0.0100,0.0098,0.0080,0.0244,0.0187,0.0155,0.0377,0.4655,0.0024,0.0024,0.0001,0.0184,0.0049