c1,c2,c3,c4,c5,c6,c7,c8,c9,c10,c11,c12,c13,c14,c15,c16,c17,c18,c19,c20,c21,c22,c23,c24,c25,c26,c27,c28
0.0000,0.0011,0.0000,0.0003,0.0147,0.0076,0.0116,0.0061,0.0311,0.1319,0.8444,0.7170,0.1098,0.6183,0.0080,0.1159,0.0130,0.0105,0.0223,0.0182,0.0041,0.0057,0.0080,0.0029,0.0064,0.0087,0.0043,0.0025
0.0011,0.0000,0.0021,0.0000,0.0001,0.0001,0.0010,0.0182,0.4320,0.3201,0.9992,0.9256,0.0368,0.1674,0.0065,0.0299,0.0037,0.0089,0.0090,0.0058,0.0037,0.0034,0.0046,0.0017,0.0036,0.0019,0.0022,0.0025
0.0000,0.0021,0.0033,0.0004,0.0001,0.0024,0.0660,0.0395,0.5367,0.9345,0.7270,0.3534,0.0085,0.0121,0.0020,0.0166,0.0045,0.0039,0.0039,0.0038,0.0024,0.0026,0.0036,0.0025,0.0029,0.0028,0.0035,0.0024
0.0003,0.0000,0.0004,0.0004,0.0110,0.0044,0.1140,0.1669,0.9666,0.9398,0.7632,0.0277,0.0113,0.0091,0.0026,0.0057,0.0046,0.0043,0.0014,0.0024,0.0033,0.0033,0.0011,0.0017,0.0040,0.0034,0.0025,0.0018
0.0147,0.0001,0.0001,0.0110,0.0162,0.0265,0.0057,0.0732,0.1544,0.3241,0.1925,0.0072,0.0075,0.0057,0.0014,0.0077,0.0044,0.0050,0.0028,0.0036,0.0065,0.0042,0.0055,0.0046,0.0056,0.0037,0.0049,0.0039
0.0076,0.0001,0.0024,0.0044,0.0265,0.0364,0.6832,0.2585,0.1776,0.0063,0.0067,0.0058,0.0125,0.0076,0.0050,0.0063,0.0026,0.0024,0.0029,0.0036,0.0036,0.0031,0.0033,0.0019,0.0055,0.0025,0.0030,0.0046
0.0116,0.0010,0.0660,0.1140,0.0057,0.6832,0.0240,0.7177,0.0001,0.0013,0.0007,0.0007,0.0127,0.0071,0.0024,0.0157,0.0029,0.0040,0.0041,0.0065,0.0050,0.0046,0.0059,0.0034,0.0046,0.0034,0.0038,0.0050
0.0061,0.0182,0.0395,0.1669,0.0732,0.2585,0.7177,0.4089,0.0103,0.0001,0.0001,0.0001,0.0039,0.0102,0.0033,0.0130,0.0042,0.0022,0.0026,0.0030,0.0043,0.0026,0.0032,0.0020,0.0039,0.0022,0.0039,0.0049
0.0311,0.4320,0.5367,0.9666,0.1544,0.1776,0.0001,0.0103,0.0167,0.0005,0.0000,0.0002,0.0002,0.0020,0.0112,0.0086,0.0042,0.0037,0.0033,0.0038,0.0036,0.0054,0.0033,0.0022,0.0064,0.0030,0.0037,0.0068
0.1319,0.3201,0.9345,0.9398,0.3241,0.0063,0.0013,0.0001,0.0005,0.0857,0.0003,0.0000,0.0003,0.0005,0.0039,0.0110,0.0041,0.0041,0.0023,0.0031,0.0048,0.0060,0.0068,0.0037,0.0055,0.0056,0.0039,0.0091
0.8444,0.9992,0.7270,0.7632,0.1925,0.0067,0.0007,0.0001,0.0000,0.0003,0.0009,0.0001,0.0001,0.0007,0.0004,0.0013,0.0123,0.0183,0.0083,0.0037,0.0039,0.0067,0.0034,0.0052,0.0057,0.0111,0.0057,0.0030
0.7170,0.9256,0.3534,0.0277,0.0072,0.0058,0.0007,0.0001,0.0002,0.0000,0.0001,0.6605,0.0002,0.0003,0.0007,0.0020,0.0012,0.0117,0.0192,0.0076,0.0169,0.0145,0.0045,0.0195,0.0211,0.0197,0.0151,0.0306
0.1098,0.0368,0.0085,0.0113,0.0075,0.0125,0.0127,0.0039,0.0002,0.0003,0.0001,0.0002,0.0040,0.0064,0.0016,0.0017,0.0080,0.0183,0.0310,0.0248,0.0093,0.0425,0.0435,0.0156,0.0277,0.0593,0.0108,0.0120
0.6183,0.1674,0.0121,0.0091,0.0057,0.0076,0.0071,0.0102,0.0020,0.0005,0.0007,0.0003,0.0064,0.0157,0.0353,0.0000,0.0006,0.0011,0.0071,0.0204,0.0079,0.0146,0.0558,0.0152,0.0055,0.0296,0.0100,0.0164
0.0080,0.0065,0.0020,0.0026,0.0014,0.0050,0.0024,0.0033,0.0112,0.0039,0.0004,0.0007,0.0016,0.0353,0.9938,0.0049,0.0078,0.0160,0.0004,0.0006,0.0424,0.0142,0.0184,0.0076,0.0076,0.0163,0.0159,0.0139
0.1159,0.0299,0.0166,0.0057,0.0077,0.0063,0.0157,0.0130,0.0086,0.0110,0.0013,0.0020,0.0017,0.0000,0.0049,0.0135,0.0418,0.0002,0.0008,0.0010,0.0035,0.0433,0.0825,0.0345,0.0211,0.0196,0.0106,0.0131
0.0130,0.0037,0.0045,0.0046,0.0044,0.0026,0.0029,0.0042,0.0042,0.0041,0.0123,0.0012,0.0080,0.0006,0.0078,0.0418,0.1056,0.0887,0.0005,0.0036,0.0014,0.0076,0.0652,0.0196,0.0154,0.0190,0.0125,0.0134
0.0105,0.0089,0.0039,0.0043,0.0050,0.0024,0.0040,0.0022,0.0037,0.0041,0.0183,0.0117,0.0183,0.0011,0.0160,0.0002,0.0887,0.0312,0.0677,0.0011,0.0058,0.0035,0.0137,0.0148,0.0112,0.0130,0.0134,0.0090
0.0223,0.0090,0.0039,0.0014,0.0028,0.0029,0.0041,0.0026,0.0033,0.0023,0.0083,0.0192,0.0310,0.0071,0.0004,0.0008,0.0005,0.0677,0.0775,0.0333,0.0010,0.0137,0.0299,0.0152,0.0268,0.0224,0.0156,0.0139
0.0182,0.0058,0.0038,0.0024,0.0036,0.0036,0.0065,0.0030,0.0038,0.0031,0.0037,0.0076,0.0248,0.0204,0.0006,0.0010,0.0036,0.0011,0.0333,0.0560,0.0945,0.0009,0.0280,0.0084,0.0076,0.0267,0.0280,0.0305
0.0041,0.0037,0.0024,0.0033,0.0065,0.0036,0.0050,0.0043,0.0036,0.0048,0.0039,0.0169,0.0093,0.0079,0.0424,0.0035,0.0014,0.0058,0.0010,0.0945,0.0549,0.0639,0.0001,0.0063,0.0218,0.0228,0.0357,0.0292
0.0057,0.0034,0.0026,0.0033,0.0042,0.0031,0.0046,0.0026,0.0054,0.0060,0.0067,0.0145,0.0425,0.0146,0.0142,0.0433,0.0076,0.0035,0.0137,0.0009,0.0639,0.0456,0.0088,0.0004,0.0046,0.0067,0.0055,0.0389
0.0080,0.0046,0.0036,0.0011,0.0055,0.0033,0.0059,0.0032,0.0033,0.0068,0.0034,0.0045,0.0435,0.0558,0.0184,0.0825,0.0652,0.0137,0.0299,0.0280,0.0001,0.0088,0.0049,0.0275,0.0009,0.0017,0.0027,0.0263
0.0029,0.0017,0.0025,0.0017,0.0046,0.0019,0.0034,0.0020,0.0022,0.0037,0.0052,0.0195,0.0156,0.0152,0.0076,0.0345,0.0196,0.0148,0.0152,0.0084,0.0063,0.0004,0.0275,0.0471,0.0418,0.0010,0.0683,0.0297
0.0064,0.0036,0.0029,0.0040,0.0056,0.0055,0.0046,0.0039,0.0064,0.0055,0.0057,0.0211,0.0277,0.0055,0.0076,0.0211,0.0154,0.0112,0.0268,0.0076,0.0218,0.0046,0.0009,0.0418,0.0199,0.0200,0.0003,0.0026
0.0087,0.0019,0.0028,0.0034,0.0037,0.0025,0.0034,0.0022,0.0030,0.0056,0.0111,0.0197,0.0593,0.0296,0.0163,0.0196,0.0190,0.0130,0.0224,0.0267,0.0228,0.0067,0.0017,0.0010,0.0200,0.0273,0.0074,0.0002
0.0043,0.0022,0.0035,0.0025,0.0049,0.0030,0.0038,0.0039,0.0037,0.0039,0.0057,0.0151,0.0108,0.0100,0.0159,0.0106,0.0125,0.0134,0.0156,0.0280,0.0357,0.0055,0.0027,0.0683,0.0003,0.0074,0.0192,0.0137
0.0025,0.0025,0.0024,0.0018,0.0039,0.0046,0.0050,0.0049,0.0068,0.0091,0.0030,0.0306,0.0120,0.0164,0.0139,0.0131,0.0134,0.0090,0.0139,0.0305,0.0292,0.0389,0.0263,0.0297,0.0026,0.0002,0.0137,0.0009