c1,c2,c3,c4,c5,c6,c7,c8,c9,c10,c11,c12,c13,c14,c15,c16,c17,c18,c19,c20,c21,c22,c23,c24,c25,c26,c27,c28
0.0001,0.0544,0.0016,0.0100,0.0368,0.0364,0.0167,0.0164,0.0201,0.0135,0.0159,0.0101,0.0084,0.0073,0.0048,0.0058,0.0063,0.0095,0.0059,0.0095,0.0041,0.0028,0.0023,0.0039,0.0050,0.0052,0.0048,0.0064
0.0544,0.0195,0.2035,0.0003,0.0111,0.0131,0.0042,0.0102,0.0187,0.0146,0.0231,0.0310,0.0070,0.0081,0.0043,0.0040,0.0042,0.0042,0.0007,0.0058,0.0032,0.0015,0.0052,0.0030,0.0057,0.0045,0.0077,0.0057
0.0016,0.2035,0.0581,0.0099,0.0002,0.0078,0.0071,0.0121,0.0122,0.0152,0.0251,0.0212,0.0113,0.0047,0.0065,0.0071,0.0055,0.0049,0.0053,0.0054,0.0020,0.0035,0.0041,0.0042,0.0042,0.0056,0.0069,0.0064
0.0100,0.0003,0.0099,0.0020,0.0167,0.0012,0.0027,0.0136,0.0210,0.0671,0.0533,0.0487,0.0226,0.0133,0.0059,0.0021,0.0062,0.0062,0.0123,0.0059,0.0044,0.0023,0.0019,0.0045,0.0115,0.0066,0.0084,0.0065
0.0368,0.0111,0.0002,0.0167,0.0267,0.0742,0.0001,0.0065,0.0070,0.0130,0.0243,0.0156,0.0107,0.0071,0.0060,0.0060,0.0095,0.0049,0.0075,0.0062,0.0034,0.0030,0.0069,0.0055,0.0080,0.0089,0.0076,0.0097
0.0364,0.0131,0.0078,0.0012,0.0742,0.1206,0.0217,0.0007,0.0074,0.0067,0.0093,0.0198,0.0183,0.0052,0.0044,0.0030,0.0038,0.0018,0.0043,0.0046,0.0026,0.0017,0.0046,0.0053,0.0084,0.0054,0.0049,0.0286
0.0167,0.0042,0.0071,0.0027,0.0001,0.0217,0.0019,0.1045,0.0000,0.0136,0.0241,0.0227,0.0160,0.0164,0.0076,0.0056,0.0095,0.0044,0.0239,0.0078,0.0070,0.0031,0.0087,0.0082,0.0155,0.0125,0.0173,0.0185
0.0164,0.0102,0.0121,0.0136,0.0065,0.0007,0.1045,0.0362,0.0520,0.0016,0.0534,0.0114,0.0065,0.0049,0.0033,0.0036,0.0033,0.0009,0.0032,0.0049,0.0041,0.0016,0.0034,0.0054,0.0066,0.0076,0.0082,0.0304
0.0201,0.0187,0.0122,0.0210,0.0070,0.0074,0.0000,0.0520,0.0008,0.0106,0.0003,0.0041,0.0096,0.0044,0.0063,0.0033,0.0059,0.0029,0.0176,0.0043,0.0082,0.0036,0.0064,0.0122,0.0336,0.0232,0.0625,0.1080
0.0135,0.0146,0.0152,0.0671,0.0130,0.0067,0.0136,0.0016,0.0106,0.0117,0.0040,0.0001,0.0018,0.0038,0.0028,0.0057,0.0078,0.0029,0.0059,0.0042,0.0109,0.0046,0.0103,0.0090,0.0200,0.0167,0.0181,0.0331
0.0159,0.0231,0.0251,0.0533,0.0243,0.0093,0.0241,0.0534,0.0003,0.0040,0.0075,0.0026,0.0000,0.0010,0.0027,0.0008,0.0058,0.0081,0.0085,0.0045,0.0100,0.0069,0.0071,0.0123,0.0226,0.0185,0.0256,0.0277
0.0101,0.0310,0.0212,0.0487,0.0156,0.0198,0.0227,0.0114,0.0041,0.0001,0.0026,0.0009,0.0006,0.0001,0.0004,0.0014,0.0033,0.0109,0.0154,0.0071,0.0431,0.0118,0.0906,0.0203,0.0417,0.0208,0.0230,0.0283
0.0084,0.0070,0.0113,0.0226,0.0107,0.0183,0.0160,0.0065,0.0096,0.0018,0.0000,0.0006,0.0017,0.0021,0.0002,0.0004,0.0052,0.0062,0.0252,0.0156,0.0993,0.0477,0.0616,0.0363,0.0373,0.0258,0.0106,0.0143
0.0073,0.0081,0.0047,0.0133,0.0071,0.0052,0.0164,0.0049,0.0044,0.0038,0.0010,0.0001,0.0021,0.0030,0.0016,0.0000,0.0015,0.0039,0.0213,0.0158,0.3577,0.0568,0.6347,0.0458,0.0380,0.0168,0.0112,0.0115
0.0048,0.0043,0.0065,0.0059,0.0060,0.0044,0.0076,0.0033,0.0063,0.0028,0.0027,0.0004,0.0002,0.0016,0.0044,0.0003,0.0002,0.0104,0.0782,0.0193,0.2957,0.5053,0.1868,0.0376,0.0149,0.0146,0.0074,0.0086
0.0058,0.0040,0.0071,0.0021,0.0060,0.0030,0.0056,0.0036,0.0033,0.0057,0.0008,0.0014,0.0004,0.0000,0.0003,0.0004,0.0181,0.0135,0.0624,0.0311,0.6295,0.7819,0.1651,0.0297,0.0319,0.0115,0.0067,0.0067
0.0063,0.0042,0.0055,0.0062,0.0095,0.0038,0.0095,0.0033,0.0059,0.0078,0.0058,0.0033,0.0052,0.0015,0.0002,0.0181,0.0231,0.0803,0.0009,0.0050,0.0117,0.0684,0.0400,0.0228,0.0095,0.0069,0.0065,0.0093
0.0095,0.0042,0.0049,0.0062,0.0049,0.0018,0.0044,0.0009,0.0029,0.0029,0.0081,0.0109,0.0062,0.0039,0.0104,0.0135,0.0803,0.0049,0.3359,0.0063,0.0057,0.0163,0.0143,0.0040,0.0089,0.0065,0.0035,0.0049
0.0059,0.0007,0.0053,0.0123,0.0075,0.0043,0.0239,0.0032,0.0176,0.0059,0.0085,0.0154,0.0252,0.0213,0.0782,0.0624,0.0009,0.3359,0.0001,0.0886,0.0003,0.0009,0.0061,0.0021,0.0092,0.0062,0.0045,0.0042
0.0095,0.0058,0.0054,0.0059,0.0062,0.0046,0.0078,0.0049,0.0043,0.0042,0.0045,0.0071,0.0156,0.0158,0.0193,0.0311,0.0050,0.0063,0.0886,0.0099,0.0008,0.0008,0.0044,0.0089,0.0055,0.0206,0.0077,0.0067
0.0041,0.0032,0.0020,0.0044,0.0034,0.0026,0.0070,0.0041,0.0082,0.0109,0.0100,0.0431,0.0993,0.3577,0.2957,0.6295,0.0117,0.0057,0.0003,0.0008,0.0107,0.0142,0.0000,0.0013,0.0044,0.0029,0.0036,0.0022
0.0028,0.0015,0.0035,0.0023,0.0030,0.0017,0.0031,0.0016,0.0036,0.0046,0.0069,0.0118,0.0477,0.0568,0.5053,0.7819,0.0684,0.0163,0.0009,0.0008,0.0142,0.0097,0.0080,0.0004,0.0081,0.0023,0.0022,0.0042
0.0023,0.0052,0.0041,0.0019,0.0069,0.0046,0.0087,0.0034,0.0064,0.0103,0.0071,0.0906,0.0616,0.6347,0.1868,0.1651,0.0400,0.0143,0.0061,0.0044,0.0000,0.0080,0.0003,0.0061,0.0000,0.0008,0.0071,0.0131
0.0039,0.0030,0.0042,0.0045,0.0055,0.0053,0.0082,0.0054,0.0122,0.0090,0.0123,0.0203,0.0363,0.0458,0.0376,0.0297,0.0228,0.0040,0.0021,0.0089,0.0013,0.0004,0.0061,0.0080,0.0091,0.0007,0.0397,0.0037
0.0050,0.0057,0.0042,0.0115,0.0080,0.0084,0.0155,0.0066,0.0336,0.0200,0.0226,0.0417,0.0373,0.0380,0.0149,0.0319,0.0095,0.0089,0.0092,0.0055,0.0044,0.0081,0.0000,0.0091,0.0072,0.0073,0.0000,0.0013
0.0052,0.0045,0.0056,0.0066,0.0089,0.0054,0.0125,0.0076,0.0232,0.0167,0.0185,0.0208,0.0258,0.0168,0.0146,0.0115,0.0069,0.0065,0.0062,0.0206,0.0029,0.0023,0.0008,0.0007,0.0073,0.0582,0.0106,0.0002
0.0048,0.0077,0.0069,0.0084,0.0076,0.0049,0.0173,0.0082,0.0625,0.0181,0.0256,0.0230,0.0106,0.0112,0.0074,0.0067,0.0065,0.0035,0.0045,0.0077,0.0036,0.0022,0.0071,0.0397,0.0000,0.0106,0.0331,0.0007
0.0064,0.0057,0.0064,0.0065,0.0097,0.0286,0.0185,0.0304,0.1080,0.0331,0.0277,0.0283,0.0143,0.0115,0.0086,0.0067,0.0093,0.0049,0.0042,0.0067,0.0022,0.0042,0.0131,0.0037,0.0013,0.0002,0.0007,0.0012