c1,c2,c3,c4,c5,c6,c7,c8,c9,c10,c11,c12,c13,c14,c15,c16,c17,c18,c19,c20,c21,c22,c23,c24,c25,c26,c27,c28
0.0000,0.0065,0.0005,0.0064,0.0399,0.0233,0.0247,0.0332,0.0400,0.0233,0.0509,0.0641,0.0190,0.0153,0.0085,0.0062,0.0101,0.0093,0.0088,0.0097,0.0035,0.0040,0.0023,0.0039,0.0063,0.0046,0.0038,0.0052
0.0065,0.0057,0.0655,0.0001,0.0030,0.0045,0.0045,0.0208,0.0399,0.0312,0.0527,0.1471,0.0142,0.0154,0.0077,0.0043,0.0050,0.0054,0.0019,0.0062,0.0030,0.0024,0.0061,0.0031,0.0055,0.0033,0.0053,0.0076
0.0005,0.0655,0.0341,0.0062,0.0001,0.0214,0.0145,0.0256,0.0615,0.0246,0.0288,0.0252,0.0169,0.0057,0.0060,0.0042,0.0061,0.0045,0.0065,0.0059,0.0017,0.0029,0.0022,0.0036,0.0039,0.0055,0.0049,0.0076
0.0064,0.0001,0.0062,0.0181,0.0086,0.0003,0.0096,0.0151,0.0815,0.0960,0.0474,0.0859,0.0114,0.0074,0.0050,0.0040,0.0062,0.0036,0.0105,0.0069,0.0037,0.0022,0.0054,0.0040,0.0085,0.0042,0.0047,0.0116
0.0399,0.0030,0.0001,0.0086,0.0892,0.0431,0.0018,0.0224,0.0154,0.0119,0.0228,0.0111,0.0059,0.0045,0.0083,0.0050,0.0076,0.0051,0.0060,0.0067,0.0023,0.0027,0.0050,0.0057,0.0067,0.0068,0.0066,0.0082
0.0233,0.0045,0.0214,0.0003,0.0431,0.1185,0.2134,0.0003,0.0042,0.0097,0.0099,0.0189,0.0082,0.0044,0.0037,0.0042,0.0040,0.0018,0.0090,0.0061,0.0031,0.0018,0.0049,0.0057,0.0076,0.0048,0.0077,0.0360
0.0247,0.0045,0.0145,0.0096,0.0018,0.2134,0.0162,0.1286,0.0003,0.0041,0.0064,0.0055,0.0132,0.0070,0.0042,0.0039,0.0040,0.0026,0.0011,0.0067,0.0031,0.0018,0.0091,0.0053,0.0098,0.0083,0.0105,0.0348
0.0332,0.0208,0.0256,0.0151,0.0224,0.0003,0.1286,0.0306,0.0131,0.0004,0.0275,0.0054,0.0034,0.0057,0.0042,0.0050,0.0039,0.0011,0.0060,0.0049,0.0042,0.0012,0.0042,0.0051,0.0086,0.0079,0.0101,0.0311
0.0400,0.0399,0.0615,0.0815,0.0154,0.0042,0.0003,0.0131,0.0002,0.0022,0.0001,0.0006,0.0036,0.0011,0.0044,0.0011,0.0044,0.0025,0.0103,0.0055,0.0108,0.0034,0.0099,0.0149,0.0879,0.0632,0.0786,0.2949
0.0233,0.0312,0.0246,0.0960,0.0119,0.0097,0.0041,0.0004,0.0022,0.0389,0.0042,0.0000,0.0006,0.0015,0.0026,0.0038,0.0050,0.0019,0.0082,0.0043,0.0121,0.0044,0.0304,0.0105,0.0873,0.0364,0.0234,0.0343
0.0509,0.0527,0.0288,0.0474,0.0228,0.0099,0.0064,0.0275,0.0001,0.0042,0.0046,0.0008,0.0000,0.0005,0.0015,0.0004,0.0040,0.0045,0.0084,0.0050,0.0103,0.0063,0.0420,0.0407,0.1203,0.0576,0.0206,0.0185
0.0641,0.1471,0.0252,0.0859,0.0111,0.0189,0.0055,0.0054,0.0006,0.0000,0.0008,0.0010,0.0004,0.0000,0.0003,0.0004,0.0019,0.0099,0.0139,0.0053,0.0432,0.0149,0.4059,0.0408,0.1359,0.0622,0.0251,0.0252
0.0190,0.0142,0.0169,0.0114,0.0059,0.0082,0.0132,0.0034,0.0036,0.0006,0.0000,0.0004,0.0022,0.0008,0.0001,0.0003,0.0034,0.0041,0.0205,0.0114,0.1785,0.0548,0.3024,0.1594,0.1109,0.0595,0.0136,0.0131
0.0153,0.0154,0.0057,0.0074,0.0045,0.0044,0.0070,0.0057,0.0011,0.0015,0.0005,0.0000,0.0008,0.0025,0.0008,0.0000,0.0005,0.0017,0.0172,0.0215,0.7608,0.2717,0.9568,0.0996,0.0537,0.0396,0.0099,0.0072
0.0085,0.0077,0.0060,0.0050,0.0083,0.0037,0.0042,0.0042,0.0044,0.0026,0.0015,0.0003,0.0001,0.0008,0.0063,0.0004,0.0003,0.0175,0.0500,0.0163,0.3290,0.8409,0.2283,0.0654,0.0122,0.0113,0.0070,0.0040
0.0062,0.0043,0.0042,0.0040,0.0050,0.0042,0.0039,0.0050,0.0011,0.0038,0.0004,0.0004,0.0003,0.0000,0.0004,0.0010,0.0313,0.0446,0.1017,0.0658,0.8719,0.8970,0.0846,0.0361,0.0147,0.0090,0.0042,0.0017
0.0101,0.0050,0.0061,0.0062,0.0076,0.0040,0.0040,0.0039,0.0044,0.0050,0.0040,0.0019,0.0034,0.0005,0.0003,0.0313,0.0300,0.1900,0.0009,0.0059,0.0124,0.1482,0.0373,0.0250,0.0070,0.0094,0.0070,0.0075
0.0093,0.0054,0.0045,0.0036,0.0051,0.0018,0.0026,0.0011,0.0025,0.0019,0.0045,0.0099,0.0041,0.0017,0.0175,0.0446,0.1900,0.0072,0.4037,0.0087,0.0061,0.0147,0.0106,0.0048,0.0056,0.0057,0.0040,0.0052
0.0088,0.0019,0.0065,0.0105,0.0060,0.0090,0.0011,0.0060,0.0103,0.0082,0.0084,0.0139,0.0205,0.0172,0.0500,0.1017,0.0009,0.4037,0.0011,0.0989,0.0002,0.0005,0.0036,0.0031,0.0082,0.0073,0.0049,0.0046
0.0097,0.0062,0.0059,0.0069,0.0067,0.0061,0.0067,0.0049,0.0055,0.0043,0.0050,0.0053,0.0114,0.0215,0.0163,0.0658,0.0059,0.0087,0.0989,0.0108,0.0010,0.0003,0.0027,0.0065,0.0043,0.0192,0.0077,0.0068
0.0035,0.0030,0.0017,0.0037,0.0023,0.0031,0.0031,0.0042,0.0108,0.0121,0.0103,0.0432,0.1785,0.7608,0.3290,0.8719,0.0124,0.0061,0.0002,0.0010,0.0110,0.0119,0.0000,0.0009,0.0020,0.0023,0.0035,0.0018
0.0040,0.0024,0.0029,0.0022,0.0027,0.0018,0.0018,0.0012,0.0034,0.0044,0.0063,0.0149,0.0548,0.2717,0.8409,0.8970,0.1482,0.0147,0.0005,0.0003,0.0119,0.0031,0.0067,0.0003,0.0071,0.0011,0.0012,0.0037
0.0023,0.0061,0.0022,0.0054,0.0050,0.0049,0.0091,0.0042,0.0099,0.0304,0.0420,0.4059,0.3024,0.9568,0.2283,0.0846,0.0373,0.0106,0.0036,0.0027,0.0000,0.0067,0.0002,0.0013,0.0000,0.0002,0.0018,0.0026
0.0039,0.0031,0.0036,0.0040,0.0057,0.0057,0.0053,0.0051,0.0149,0.0105,0.0407,0.0408,0.1594,0.0996,0.0654,0.0361,0.0250,0.0048,0.0031,0.0065,0.0009,0.0003,0.0013,0.0051,0.0040,0.0002,0.0178,0.0045
0.0063,0.0055,0.0039,0.0085,0.0067,0.0076,0.0098,0.0086,0.0879,0.0873,0.1203,0.1359,0.1109,0.0537,0.0122,0.0147,0.0070,0.0056,0.0082,0.0043,0.0020,0.0071,0.0000,0.0040,0.0050,0.0035,0.0000,0.0009
0.0046,0.0033,0.0055,0.0042,0.0068,0.0048,0.0083,0.0079,0.0632,0.0364,0.0576,0.0622,0.0595,0.0396,0.0113,0.0090,0.0094,0.0057,0.0073,0.0192,0.0023,0.0011,0.0002,0.0002,0.0035,0.0314,0.0176,0.0002
0.0038,0.0053,0.0049,0.0047,0.0066,0.0077,0.0105,0.0101,0.0786,0.0234,0.0206,0.0251,0.0136,0.0099,0.0070,0.0042,0.0070,0.0040,0.0049,0.0077,0.0035,0.0012,0.0018,0.0178,0.0000,0.0176,0.0574,0.0121
0.0052,0.0076,0.0076,0.0116,0.0082,0.0360,0.0348,0.0311,0.2949,0.0343,0.0185,0.0252,0.0131,0.0072,0.0040,0.0017,0.0075,0.0052,0.0046,0.0068,0.0018,0.0037,0.0026,0.0045,0.0009,0.0002,0.0121,0.0007