c1,c2,c3,c4,c5,c6,c7,c8,c9,c10,c11,c12,c13,c14,c15,c16,c17,c18,c19,c20,c21,c22,c23,c24,c25,c26,c27,c28
0.0001,0.0505,0.0011,0.0112,0.0718,0.0155,0.0325,0.0367,0.0170,0.0087,0.0253,0.0118,0.0069,0.0068,0.0041,0.0049,0.0052,0.0065,0.0058,0.0089,0.0045,0.0034,0.0036,0.0054,0.0037,0.0039,0.0058,0.0074
0.0505,0.0065,0.1981,0.0011,0.0224,0.0067,0.0176,0.0216,0.0178,0.0140,0.0269,0.0268,0.0069,0.0066,0.0047,0.0035,0.0033,0.0036,0.0004,0.0051,0.0034,0.0016,0.0058,0.0037,0.0032,0.0022,0.0066,0.0064
0.0011,0.1981,0.0442,0.0126,0.0007,0.0135,0.0169,0.0171,0.0223,0.0140,0.0211,0.0152,0.0099,0.0046,0.0045,0.0047,0.0044,0.0045,0.0047,0.0054,0.0023,0.0031,0.0037,0.0040,0.0030,0.0028,0.0063,0.0067
0.0112,0.0011,0.0126,0.0505,0.0242,0.0001,0.0064,0.0059,0.0238,0.0165,0.0235,0.0231,0.0096,0.0048,0.0051,0.0056,0.0058,0.0048,0.0081,0.0073,0.0056,0.0028,0.0060,0.0053,0.0056,0.0042,0.0143,0.0103
0.0718,0.0224,0.0007,0.0242,0.1479,0.0100,0.0007,0.0148,0.0172,0.0082,0.0299,0.0107,0.0061,0.0034,0.0045,0.0038,0.0058,0.0043,0.0044,0.0047,0.0024,0.0022,0.0055,0.0085,0.0048,0.0031,0.0079,0.0066
0.0155,0.0067,0.0135,0.0001,0.0100,0.0450,0.0229,0.0005,0.0244,0.0093,0.0184,0.0268,0.0131,0.0049,0.0038,0.0048,0.0040,0.0043,0.0099,0.0053,0.0040,0.0033,0.0075,0.0081,0.0069,0.0048,0.0254,0.0101
0.0325,0.0176,0.0169,0.0064,0.0007,0.0229,0.0355,0.0480,0.0001,0.0012,0.0060,0.0051,0.0095,0.0047,0.0032,0.0044,0.0050,0.0034,0.0127,0.0068,0.0040,0.0026,0.0086,0.0083,0.0138,0.0093,0.0476,0.0219
0.0367,0.0216,0.0171,0.0059,0.0148,0.0005,0.0480,0.0700,0.0542,0.0003,0.0253,0.0060,0.0035,0.0034,0.0043,0.0031,0.0028,0.0006,0.0032,0.0045,0.0036,0.0009,0.0061,0.0101,0.0069,0.0096,0.0535,0.0339
0.0170,0.0178,0.0223,0.0238,0.0172,0.0244,0.0001,0.0542,0.0003,0.0031,0.0001,0.0018,0.0054,0.0016,0.0038,0.0024,0.0038,0.0025,0.0087,0.0043,0.0068,0.0033,0.0119,0.0164,0.0370,0.0304,0.5658,0.0381
0.0087,0.0140,0.0140,0.0165,0.0082,0.0093,0.0012,0.0003,0.0031,0.0103,0.0024,0.0000,0.0006,0.0011,0.0013,0.0034,0.0074,0.0024,0.0070,0.0056,0.0105,0.0065,0.0487,0.0892,0.2314,0.0957,0.2269,0.0878
0.0253,0.0269,0.0211,0.0235,0.0299,0.0184,0.0060,0.0253,0.0001,0.0024,0.0023,0.0007,0.0000,0.0005,0.0016,0.0004,0.0039,0.0044,0.0084,0.0055,0.0101,0.0069,0.0294,0.0478,0.0723,0.0935,0.1813,0.0300
0.0118,0.0268,0.0152,0.0231,0.0107,0.0268,0.0051,0.0060,0.0018,0.0000,0.0007,0.0005,0.0004,0.0000,0.0002,0.0005,0.0022,0.0123,0.0177,0.0096,0.0309,0.0307,0.2146,0.0556,0.3534,0.1537,0.1095,0.0468
0.0069,0.0069,0.0099,0.0096,0.0061,0.0131,0.0095,0.0035,0.0054,0.0006,0.0000,0.0004,0.0019,0.0016,0.0002,0.0006,0.0039,0.0048,0.0193,0.0139,0.0655,0.0398,0.1656,0.1450,0.0967,0.1947,0.0205,0.0198
0.0068,0.0066,0.0046,0.0048,0.0034,0.0049,0.0047,0.0034,0.0016,0.0011,0.0005,0.0000,0.0016,0.0025,0.0011,0.0000,0.0009,0.0039,0.0230,0.0244,0.6689,0.1194,0.6427,0.3050,0.2680,0.0259,0.0231,0.0107
0.0041,0.0047,0.0045,0.0051,0.0045,0.0038,0.0032,0.0043,0.0038,0.0013,0.0016,0.0002,0.0002,0.0011,0.0044,0.0005,0.0002,0.0157,0.0493,0.0157,0.2274,0.6882,0.3462,0.1799,0.0261,0.0301,0.0080,0.0073
0.0049,0.0035,0.0047,0.0056,0.0038,0.0048,0.0044,0.0031,0.0024,0.0034,0.0004,0.0005,0.0006,0.0000,0.0005,0.0010,0.0165,0.0198,0.1302,0.0542,0.8167,0.6853,0.1260,0.0388,0.0232,0.0084,0.0037,0.0060
0.0052,0.0033,0.0044,0.0058,0.0058,0.0040,0.0050,0.0028,0.0038,0.0074,0.0039,0.0022,0.0039,0.0009,0.0002,0.0165,0.0273,0.1373,0.0019,0.0117,0.0138,0.1595,0.0492,0.0276,0.0088,0.0086,0.0052,0.0106
0.0065,0.0036,0.0045,0.0048,0.0043,0.0043,0.0034,0.0006,0.0025,0.0024,0.0044,0.0123,0.0048,0.0039,0.0157,0.0198,0.1373,0.0043,0.4403,0.0123,0.0065,0.0142,0.0085,0.0075,0.0071,0.0030,0.0050,0.0048
0.0058,0.0004,0.0047,0.0081,0.0044,0.0099,0.0127,0.0032,0.0087,0.0070,0.0084,0.0177,0.0193,0.0230,0.0493,0.1302,0.0019,0.4403,0.0002,0.1278,0.0005,0.0007,0.0038,0.0019,0.0069,0.0049,0.0084,0.0051
0.0089,0.0051,0.0054,0.0073,0.0047,0.0053,0.0068,0.0045,0.0043,0.0056,0.0055,0.0096,0.0139,0.0244,0.0157,0.0542,0.0117,0.0123,0.1278,0.0122,0.0015,0.0003,0.0033,0.0043,0.0033,0.0185,0.0030,0.0057
0.0045,0.0034,0.0023,0.0056,0.0024,0.0040,0.0040,0.0036,0.0068,0.0105,0.0101,0.0309,0.0655,0.6689,0.2274,0.8167,0.0138,0.0065,0.0005,0.0015,0.0170,0.0097,0.0001,0.0005,0.0031,0.0015,0.0019,0.0027
0.0034,0.0016,0.0031,0.0028,0.0022,0.0033,0.0026,0.0009,0.0033,0.0065,0.0069,0.0307,0.0398,0.1194,0.6882,0.6853,0.1595,0.0142,0.0007,0.0003,0.0097,0.0015,0.0111,0.0009,0.0055,0.0044,0.0013,0.0038
0.0036,0.0058,0.0037,0.0060,0.0055,0.0075,0.0086,0.0061,0.0119,0.0487,0.0294,0.2146,0.1656,0.6427,0.3462,0.1260,0.0492,0.0085,0.0038,0.0033,0.0001,0.0111,0.0007,0.0004,0.0000,0.0003,0.0007,0.0021
0.0054,0.0037,0.0040,0.0053,0.0085,0.0081,0.0083,0.0101,0.0164,0.0892,0.0478,0.0556,0.1450,0.3050,0.1799,0.0388,0.0276,0.0075,0.0019,0.0043,0.0005,0.0009,0.0004,0.0013,0.0017,0.0001,0.0004,0.0040
0.0037,0.0032,0.0030,0.0056,0.0048,0.0069,0.0138,0.0069,0.0370,0.2314,0.0723,0.3534,0.0967,0.2680,0.0261,0.0232,0.0088,0.0071,0.0069,0.0033,0.0031,0.0055,0.0000,0.0017,0.0103,0.0046,0.0000,0.0007
0.0039,0.0022,0.0028,0.0042,0.0031,0.0048,0.0093,0.0096,0.0304,0.0957,0.0935,0.1537,0.1947,0.0259,0.0301,0.0084,0.0086,0.0030,0.0049,0.0185,0.0015,0.0044,0.0003,0.0001,0.0046,0.0129,0.0019,0.0009
0.0058,0.0066,0.0063,0.0143,0.0079,0.0254,0.0476,0.0535,0.5658,0.2269,0.1813,0.1095,0.0205,0.0231,0.0080,0.0037,0.0052,0.0050,0.0084,0.0030,0.0019,0.0013,0.0007,0.0004,0.0000,0.0019,0.0008,0.0008
0.0074,0.0064,0.0067,0.0103,0.0066,0.0101,0.0219,0.0339,0.0381,0.0878,0.0300,0.0468,0.0198,0.0107,0.0073,0.0060,0.0106,0.0048,0.0051,0.0057,0.0027,0.0038,0.0021,0.0040,0.0007,0.0009,0.0008,0.0012