c1,c2,c3,c4,c5,c6,c7,c8,c9,c10,c11,c12,c13,c14,c15,c16,c17,c18,c19,c20,c21,c22,c23,c24,c25,c26,c27,c28
0.0001,0.0428,0.0013,0.0084,0.0714,0.0127,0.0303,0.0358,0.0276,0.0084,0.0194,0.0105,0.0056,0.0067,0.0042,0.0047,0.0056,0.0071,0.0054,0.0082,0.0041,0.0034,0.0030,0.0049,0.0041,0.0053,0.0051,0.0075
0.0428,0.0085,0.3058,0.0020,0.0286,0.0101,0.0154,0.0226,0.0145,0.0120,0.0216,0.0216,0.0050,0.0061,0.0043,0.0030,0.0035,0.0047,0.0005,0.0049,0.0032,0.0014,0.0053,0.0029,0.0037,0.0029,0.0049,0.0051
0.0013,0.3058,0.0722,0.0209,0.0008,0.0142,0.0182,0.0131,0.0185,0.0132,0.0232,0.0170,0.0092,0.0046,0.0044,0.0042,0.0043,0.0045,0.0044,0.0056,0.0018,0.0026,0.0028,0.0036,0.0026,0.0038,0.0034,0.0051
0.0084,0.0020,0.0209,0.0845,0.0280,0.0002,0.0055,0.0045,0.0088,0.0142,0.0155,0.0175,0.0083,0.0057,0.0062,0.0057,0.0066,0.0060,0.0093,0.0079,0.0071,0.0026,0.0060,0.0055,0.0059,0.0050,0.0081,0.0074
0.0714,0.0286,0.0008,0.0280,0.1185,0.0113,0.0005,0.0117,0.0091,0.0076,0.0281,0.0109,0.0069,0.0042,0.0059,0.0044,0.0061,0.0056,0.0050,0.0051,0.0025,0.0026,0.0049,0.0052,0.0043,0.0048,0.0060,0.0057
0.0127,0.0101,0.0142,0.0002,0.0113,0.0464,0.0208,0.0003,0.0156,0.0124,0.0183,0.0233,0.0142,0.0064,0.0039,0.0054,0.0041,0.0048,0.0106,0.0055,0.0038,0.0031,0.0063,0.0105,0.0070,0.0061,0.0101,0.0096
0.0303,0.0154,0.0182,0.0055,0.0005,0.0208,0.0285,0.0235,0.0001,0.0023,0.0081,0.0075,0.0103,0.0056,0.0046,0.0053,0.0054,0.0038,0.0138,0.0064,0.0049,0.0030,0.0105,0.0103,0.0114,0.0100,0.0233,0.0190
0.0358,0.0226,0.0131,0.0045,0.0117,0.0003,0.0235,0.0531,0.0279,0.0005,0.0367,0.0110,0.0053,0.0054,0.0055,0.0040,0.0037,0.0011,0.0063,0.0057,0.0063,0.0013,0.0054,0.0067,0.0087,0.0087,0.0141,0.0186
0.0276,0.0145,0.0185,0.0088,0.0091,0.0156,0.0001,0.0279,0.0007,0.0110,0.0002,0.0032,0.0070,0.0023,0.0045,0.0027,0.0050,0.0037,0.0121,0.0057,0.0106,0.0035,0.0068,0.0188,0.0266,0.0274,0.2212,0.0327
0.0084,0.0120,0.0132,0.0142,0.0076,0.0124,0.0023,0.0005,0.0110,0.0274,0.0037,0.0000,0.0009,0.0019,0.0018,0.0038,0.0061,0.0028,0.0075,0.0049,0.0138,0.0064,0.0220,0.0306,0.0739,0.0498,0.0889,0.0397
0.0194,0.0216,0.0232,0.0155,0.0281,0.0183,0.0081,0.0367,0.0002,0.0037,0.0034,0.0016,0.0001,0.0009,0.0033,0.0007,0.0050,0.0059,0.0090,0.0050,0.0103,0.0065,0.0115,0.0293,0.0401,0.0346,0.0629,0.0201
0.0105,0.0216,0.0170,0.0175,0.0109,0.0233,0.0075,0.0110,0.0032,0.0000,0.0016,0.0007,0.0005,0.0001,0.0004,0.0006,0.0029,0.0121,0.0190,0.0072,0.0356,0.0160,0.1078,0.0390,0.1144,0.0828,0.0633,0.0391
0.0056,0.0050,0.0092,0.0083,0.0069,0.0142,0.0103,0.0053,0.0070,0.0009,0.0001,0.0005,0.0017,0.0022,0.0001,0.0007,0.0047,0.0066,0.0269,0.0137,0.0780,0.0606,0.1172,0.0633,0.0544,0.0647,0.0163,0.0209
0.0067,0.0061,0.0046,0.0057,0.0042,0.0064,0.0056,0.0054,0.0023,0.0019,0.0009,0.0001,0.0022,0.0038,0.0017,0.0000,0.0016,0.0038,0.0174,0.0205,0.4429,0.0912,0.5918,0.1018,0.0791,0.0274,0.0211,0.0122
0.0042,0.0043,0.0044,0.0062,0.0059,0.0039,0.0046,0.0055,0.0045,0.0018,0.0033,0.0004,0.0001,0.0017,0.0073,0.0005,0.0003,0.0199,0.0537,0.0148,0.1712,0.6050,0.1209,0.0317,0.0194,0.0206,0.0120,0.0090
0.0047,0.0030,0.0042,0.0057,0.0044,0.0054,0.0053,0.0040,0.0027,0.0038,0.0007,0.0006,0.0007,0.0000,0.0005,0.0006,0.0188,0.0135,0.0903,0.0475,0.5495,0.7730,0.1094,0.0327,0.0252,0.0123,0.0074,0.0064
0.0056,0.0035,0.0043,0.0066,0.0061,0.0041,0.0054,0.0037,0.0050,0.0061,0.0050,0.0029,0.0047,0.0016,0.0003,0.0188,0.0266,0.0883,0.0013,0.0087,0.0122,0.0748,0.0369,0.0216,0.0083,0.0083,0.0085,0.0113
0.0071,0.0047,0.0045,0.0060,0.0056,0.0048,0.0038,0.0011,0.0037,0.0028,0.0059,0.0121,0.0066,0.0038,0.0199,0.0135,0.0883,0.0061,0.4121,0.0069,0.0045,0.0057,0.0098,0.0042,0.0059,0.0026,0.0070,0.0047
0.0054,0.0005,0.0044,0.0093,0.0050,0.0106,0.0138,0.0063,0.0121,0.0075,0.0090,0.0190,0.0269,0.0174,0.0537,0.0903,0.0013,0.4121,0.0002,0.1018,0.0002,0.0004,0.0056,0.0020,0.0067,0.0068,0.0083,0.0047
0.0082,0.0049,0.0056,0.0079,0.0051,0.0055,0.0064,0.0057,0.0057,0.0049,0.0050,0.0072,0.0137,0.0205,0.0148,0.0475,0.0087,0.0069,0.1018,0.0141,0.0007,0.0003,0.0040,0.0071,0.0045,0.0212,0.0051,0.0058
0.0041,0.0032,0.0018,0.0071,0.0025,0.0038,0.0049,0.0063,0.0106,0.0138,0.0103,0.0356,0.0780,0.4429,0.1712,0.5495,0.0122,0.0045,0.0002,0.0007,0.0119,0.0143,0.0000,0.0015,0.0106,0.0022,0.0029,0.0032
0.0034,0.0014,0.0026,0.0026,0.0026,0.0031,0.0030,0.0013,0.0035,0.0064,0.0065,0.0160,0.0606,0.0912,0.6050,0.7730,0.0748,0.0057,0.0004,0.0003,0.0143,0.0041,0.0172,0.0003,0.0097,0.0055,0.0018,0.0044
0.0030,0.0053,0.0028,0.0060,0.0049,0.0063,0.0105,0.0054,0.0068,0.0220,0.0115,0.1078,0.1172,0.5918,0.1209,0.1094,0.0369,0.0098,0.0056,0.0040,0.0000,0.0172,0.0008,0.0025,0.0000,0.0006,0.0026,0.0067
0.0049,0.0029,0.0036,0.0055,0.0052,0.0105,0.0103,0.0067,0.0188,0.0306,0.0293,0.0390,0.0633,0.1018,0.0317,0.0327,0.0216,0.0042,0.0020,0.0071,0.0015,0.0003,0.0025,0.0041,0.0095,0.0001,0.0042,0.0075
0.0041,0.0037,0.0026,0.0059,0.0043,0.0070,0.0114,0.0087,0.0266,0.0739,0.0401,0.1144,0.0544,0.0791,0.0194,0.0252,0.0083,0.0059,0.0067,0.0045,0.0106,0.0097,0.0000,0.0095,0.0107,0.0062,0.0000,0.0017
0.0053,0.0029,0.0038,0.0050,0.0048,0.0061,0.0100,0.0087,0.0274,0.0498,0.0346,0.0828,0.0647,0.0274,0.0206,0.0123,0.0083,0.0026,0.0068,0.0212,0.0022,0.0055,0.0006,0.0001,0.0062,0.0207,0.0040,0.0007
0.0051,0.0049,0.0034,0.0081,0.0060,0.0101,0.0233,0.0141,0.2212,0.0889,0.0629,0.0633,0.0163,0.0211,0.0120,0.0074,0.0085,0.0070,0.0083,0.0051,0.0029,0.0018,0.0026,0.0042,0.0000,0.0040,0.0029,0.0008
0.0075,0.0051,0.0051,0.0074,0.0057,0.0096,0.0190,0.0186,0.0327,0.0397,0.0201,0.0391,0.0209,0.0122,0.0090,0.0064,0.0113,0.0047,0.0047,0.0058,0.0032,0.0044,0.0067,0.0075,0.0017,0.0007,0.0008,0.0017