c1,c2,c3,c4,c5,c6,c7,c8,c9,c10,c11,c12,c13,c14,c15,c16,c17,c18,c19,c20,c21,c22,c23,c24,c25,c26,c27,c28
0.0004,0.0305,0.0006,0.0078,0.0648,0.0098,0.0240,0.0295,0.0310,0.0081,0.0151,0.0139,0.0056,0.0051,0.0044,0.0054,0.0055,0.0066,0.0051,0.0086,0.0058,0.0054,0.0035,0.0049,0.0050,0.0053,0.0049,0.0066
0.0305,0.0085,0.2699,0.0036,0.0405,0.0136,0.0162,0.0215,0.0166,0.0157,0.0186,0.0158,0.0049,0.0053,0.0043,0.0033,0.0032,0.0038,0.0002,0.0060,0.0042,0.0023,0.0041,0.0025,0.0034,0.0023,0.0063,0.0049
0.0006,0.2699,0.1846,0.0291,0.0011,0.0145,0.0197,0.0123,0.0218,0.0163,0.0192,0.0104,0.0076,0.0040,0.0047,0.0055,0.0040,0.0039,0.0038,0.0043,0.0022,0.0030,0.0026,0.0029,0.0025,0.0032,0.0043,0.0056
0.0078,0.0036,0.0291,0.1285,0.0342,0.0001,0.0092,0.0046,0.0087,0.0146,0.0134,0.0142,0.0068,0.0045,0.0054,0.0070,0.0059,0.0050,0.0069,0.0062,0.0072,0.0040,0.0052,0.0040,0.0052,0.0036,0.0101,0.0071
0.0648,0.0405,0.0011,0.0342,0.2150,0.0123,0.0004,0.0131,0.0071,0.0064,0.0231,0.0079,0.0056,0.0034,0.0053,0.0059,0.0060,0.0059,0.0042,0.0043,0.0025,0.0030,0.0046,0.0044,0.0042,0.0038,0.0081,0.0061
0.0098,0.0136,0.0145,0.0001,0.0123,0.0657,0.0270,0.0002,0.0119,0.0137,0.0176,0.0125,0.0105,0.0056,0.0042,0.0090,0.0048,0.0051,0.0085,0.0033,0.0040,0.0043,0.0074,0.0076,0.0080,0.0058,0.0145,0.0125
0.0240,0.0162,0.0197,0.0092,0.0004,0.0270,0.0402,0.0219,0.0001,0.0028,0.0068,0.0039,0.0080,0.0052,0.0041,0.0061,0.0053,0.0035,0.0098,0.0061,0.0053,0.0061,0.0098,0.0089,0.0191,0.0085,0.0300,0.0155
0.0295,0.0215,0.0123,0.0046,0.0131,0.0002,0.0219,0.0703,0.0163,0.0002,0.0095,0.0064,0.0042,0.0055,0.0071,0.0044,0.0037,0.0014,0.0069,0.0053,0.0064,0.0031,0.0068,0.0079,0.0153,0.0147,0.0252,0.0219
0.0310,0.0166,0.0218,0.0087,0.0071,0.0119,0.0001,0.0163,0.0022,0.0023,0.0002,0.0018,0.0042,0.0017,0.0065,0.0036,0.0057,0.0039,0.0111,0.0087,0.0102,0.0065,0.0088,0.0199,0.0425,0.0443,0.1607,0.0471
0.0081,0.0157,0.0163,0.0146,0.0064,0.0137,0.0028,0.0002,0.0023,0.0143,0.0035,0.0001,0.0009,0.0014,0.0025,0.0044,0.0056,0.0040,0.0115,0.0046,0.0094,0.0086,0.0258,0.0346,0.2500,0.0703,0.0823,0.0296
0.0151,0.0186,0.0192,0.0134,0.0231,0.0176,0.0068,0.0095,0.0002,0.0035,0.0024,0.0007,0.0001,0.0006,0.0020,0.0006,0.0052,0.0075,0.0125,0.0056,0.0110,0.0125,0.0143,0.0478,0.1328,0.0639,0.0616,0.0344
0.0139,0.0158,0.0104,0.0142,0.0079,0.0125,0.0039,0.0064,0.0018,0.0001,0.0007,0.0003,0.0008,0.0000,0.0004,0.0003,0.0036,0.0181,0.0306,0.0110,0.0332,0.0223,0.2545,0.0667,0.5372,0.1247,0.0889,0.0345
0.0056,0.0049,0.0076,0.0068,0.0056,0.0105,0.0080,0.0042,0.0042,0.0009,0.0001,0.0008,0.0016,0.0014,0.0002,0.0006,0.0060,0.0076,0.0340,0.0180,0.0479,0.0675,0.1813,0.1248,0.0712,0.0612,0.0144,0.0191
0.0051,0.0053,0.0040,0.0045,0.0034,0.0056,0.0052,0.0055,0.0017,0.0014,0.0006,0.0000,0.0014,0.0033,0.0014,0.0000,0.0023,0.0034,0.0296,0.0270,0.5404,0.0957,0.7059,0.1444,0.2457,0.0169,0.0237,0.0101
0.0044,0.0043,0.0047,0.0054,0.0053,0.0042,0.0041,0.0071,0.0065,0.0025,0.0020,0.0004,0.0002,0.0014,0.0082,0.0008,0.0002,0.0211,0.0491,0.0124,0.1272,0.4460,0.2173,0.0529,0.0181,0.0120,0.0127,0.0098
0.0054,0.0033,0.0055,0.0070,0.0059,0.0090,0.0061,0.0044,0.0036,0.0044,0.0006,0.0003,0.0006,0.0000,0.0008,0.0017,0.0189,0.0081,0.1243,0.0411,0.5933,0.4576,0.1039,0.0287,0.0138,0.0058,0.0065,0.0067
0.0055,0.0032,0.0040,0.0059,0.0060,0.0048,0.0053,0.0037,0.0057,0.0056,0.0052,0.0036,0.0060,0.0023,0.0002,0.0189,0.0321,0.0956,0.0010,0.0086,0.0191,0.0575,0.0373,0.0201,0.0062,0.0065,0.0090,0.0109
0.0066,0.0038,0.0039,0.0050,0.0059,0.0051,0.0035,0.0014,0.0039,0.0040,0.0075,0.0181,0.0076,0.0034,0.0211,0.0081,0.0956,0.0072,0.3864,0.0047,0.0081,0.0097,0.0076,0.0037,0.0036,0.0020,0.0074,0.0046
0.0051,0.0002,0.0038,0.0069,0.0042,0.0085,0.0098,0.0069,0.0111,0.0115,0.0125,0.0306,0.0340,0.0296,0.0491,0.1243,0.0010,0.3864,0.0001,0.1281,0.0003,0.0012,0.0055,0.0017,0.0049,0.0055,0.0117,0.0050
0.0086,0.0060,0.0043,0.0062,0.0043,0.0033,0.0061,0.0053,0.0087,0.0046,0.0056,0.0110,0.0180,0.0270,0.0124,0.0411,0.0086,0.0047,0.1281,0.0174,0.0008,0.0002,0.0043,0.0056,0.0029,0.0220,0.0112,0.0060
0.0058,0.0042,0.0022,0.0072,0.0025,0.0040,0.0053,0.0064,0.0102,0.0094,0.0110,0.0332,0.0479,0.5404,0.1272,0.5933,0.0191,0.0081,0.0003,0.0008,0.0107,0.0072,0.0000,0.0018,0.0039,0.0022,0.0039,0.0036
0.0054,0.0023,0.0030,0.0040,0.0030,0.0043,0.0061,0.0031,0.0065,0.0086,0.0125,0.0223,0.0675,0.0957,0.4460,0.4576,0.0575,0.0097,0.0012,0.0002,0.0072,0.0151,0.0040,0.0001,0.0014,0.0035,0.0019,0.0060
0.0035,0.0041,0.0026,0.0052,0.0046,0.0074,0.0098,0.0068,0.0088,0.0258,0.0143,0.2545,0.1813,0.7059,0.2173,0.1039,0.0373,0.0076,0.0055,0.0043,0.0000,0.0040,0.0013,0.0040,0.0000,0.0011,0.0007,0.0045
0.0049,0.0025,0.0029,0.0040,0.0044,0.0076,0.0089,0.0079,0.0199,0.0346,0.0478,0.0667,0.1248,0.1444,0.0529,0.0287,0.0201,0.0037,0.0017,0.0056,0.0018,0.0001,0.0040,0.0137,0.0049,0.0001,0.0023,0.0054
0.0050,0.0034,0.0025,0.0052,0.0042,0.0080,0.0191,0.0153,0.0425,0.2500,0.1328,0.5372,0.0712,0.2457,0.0181,0.0138,0.0062,0.0036,0.0049,0.0029,0.0039,0.0014,0.0000,0.0049,0.0100,0.0079,0.0000,0.0016
0.0053,0.0023,0.0032,0.0036,0.0038,0.0058,0.0085,0.0147,0.0443,0.0703,0.0639,0.1247,0.0612,0.0169,0.0120,0.0058,0.0065,0.0020,0.0055,0.0220,0.0022,0.0035,0.0011,0.0001,0.0079,0.0530,0.0027,0.0006
0.0049,0.0063,0.0043,0.0101,0.0081,0.0145,0.0300,0.0252,0.1607,0.0823,0.0616,0.0889,0.0144,0.0237,0.0127,0.0065,0.0090,0.0074,0.0117,0.0112,0.0039,0.0019,0.0007,0.0023,0.0000,0.0027,0.0068,0.0005
0.0066,0.0049,0.0056,0.0071,0.0061,0.0125,0.0155,0.0219,0.0471,0.0296,0.0344,0.0345,0.0191,0.0101,0.0098,0.0067,0.0109,0.0046,0.0050,0.0060,0.0036,0.0060,0.0045,0.0054,0.0016,0.0006,0.0005,0.0029