c1,c2,c3,c4,c5,c6,c7,c8,c9,c10,c11,c12,c13,c14,c15,c16,c17,c18,c19,c20,c21,c22,c23,c24,c25,c26,c27,c28
0.0000,0.0000,0.0001,0.0016,0.0266,0.0076,0.0179,0.0221,0.0194,0.0139,0.0130,0.0051,0.0107,0.0066,0.0249,0.0235,0.0132,0.0247,0.0361,0.1391,0.0078,0.0106,0.0083,0.0044,0.0141,0.0054,0.0110,0.0080
0.0000,0.0002,0.0013,0.0000,0.0003,0.0043,0.0145,0.0850,0.0306,0.1315,0.0212,0.4863,0.0230,0.0256,0.0042,0.0104,0.0039,0.0085,0.0386,0.0127,0.0198,0.0021,0.1250,0.0016,0.1488,0.0015,0.0117,0.0021
0.0001,0.0013,0.0062,0.0037,0.0000,0.0012,0.0192,0.0593,0.0782,0.0499,0.0994,0.1285,0.0147,0.0099,0.0054,0.0085,0.0036,0.0058,0.0114,0.0063,0.0100,0.0032,0.0200,0.0025,0.0195,0.0037,0.0108,0.0067
0.0016,0.0000,0.0037,0.0049,0.0092,0.0001,0.0105,0.0412,0.0292,0.1462,0.0241,0.2800,0.0153,0.0054,0.0040,0.0051,0.0030,0.0039,0.0123,0.0076,0.0092,0.0023,0.0459,0.0018,0.1107,0.0021,0.0195,0.0037
0.0266,0.0003,0.0000,0.0092,0.0272,0.0035,0.0020,0.0114,0.0166,0.0701,0.0270,0.0669,0.0065,0.0036,0.0061,0.0056,0.0046,0.0057,0.0122,0.0089,0.0050,0.0030,0.0132,0.0028,0.0781,0.0030,0.0561,0.0051
0.0076,0.0043,0.0012,0.0001,0.0035,0.0163,0.1723,0.0006,0.0016,0.0257,0.0216,0.1871,0.0099,0.0028,0.0026,0.0071,0.0035,0.0045,0.0136,0.0068,0.0096,0.0035,0.0092,0.0024,0.0877,0.0022,0.1173,0.0092
0.0179,0.0145,0.0192,0.0105,0.0020,0.1723,0.0106,0.1199,0.0005,0.0020,0.0017,0.0016,0.0031,0.0001,0.0034,0.0054,0.0044,0.0034,0.0038,0.0075,0.0068,0.0019,0.0147,0.0029,0.2143,0.0054,0.2436,0.0137
0.0221,0.0850,0.0593,0.0412,0.0114,0.0006,0.1199,0.1209,0.0582,0.0000,0.0004,0.0004,0.0007,0.0005,0.0022,0.0054,0.0035,0.0028,0.0101,0.0042,0.0039,0.0014,0.0044,0.0016,0.0931,0.0105,0.4525,0.0500
0.0194,0.0306,0.0782,0.0292,0.0166,0.0016,0.0005,0.0582,0.0097,0.0021,0.0000,0.0000,0.0005,0.0000,0.0028,0.0081,0.0038,0.0031,0.0061,0.0044,0.0052,0.0020,0.0099,0.0050,0.2440,0.4407,0.9119,0.1370
0.0139,0.1315,0.0499,0.1462,0.0701,0.0257,0.0020,0.0000,0.0021,0.0006,0.0006,0.0000,0.0000,0.0000,0.0004,0.0071,0.0039,0.0031,0.0175,0.0038,0.0061,0.0016,0.1373,0.0080,0.9994,0.1946,0.9856,0.0160
0.0130,0.0212,0.0994,0.0241,0.0270,0.0216,0.0017,0.0004,0.0000,0.0006,0.0033,0.0001,0.0001,0.0001,0.0014,0.0022,0.0039,0.0021,0.0052,0.0021,0.0012,0.0011,0.0073,0.0814,0.0728,1.0000,0.1672,0.1826
0.0051,0.4863,0.1285,0.2800,0.0669,0.1871,0.0016,0.0004,0.0000,0.0000,0.0001,0.0000,0.0004,0.0000,0.0000,0.0001,0.0016,0.0047,0.0148,0.0031,0.1498,0.0036,1.0000,0.1656,0.9885,0.0326,0.1383,0.0054
0.0107,0.0230,0.0147,0.0153,0.0065,0.0099,0.0031,0.0007,0.0005,0.0000,0.0001,0.0004,0.0040,0.0012,0.0002,0.0005,0.0030,0.0039,0.0146,0.0064,0.0037,0.0138,0.0546,1.0000,0.0168,0.6429,0.0056,0.0469
0.0066,0.0256,0.0099,0.0054,0.0036,0.0028,0.0001,0.0005,0.0000,0.0000,0.0001,0.0000,0.0012,0.0000,0.0036,0.0000,0.0001,0.0021,0.0268,0.0294,1.0000,0.1413,1.0000,0.1276,0.0383,0.0035,0.0020,0.0016
0.0249,0.0042,0.0054,0.0040,0.0061,0.0026,0.0034,0.0022,0.0028,0.0004,0.0014,0.0000,0.0002,0.0036,0.0018,0.0019,0.0001,0.0016,0.0077,0.0189,0.0506,0.9999,0.1395,0.8778,0.0076,0.0607,0.0015,0.0063
0.0235,0.0104,0.0085,0.0051,0.0056,0.0071,0.0054,0.0054,0.0081,0.0071,0.0022,0.0001,0.0005,0.0000,0.0019,0.0364,0.0015,0.0011,0.3027,0.0256,0.9934,0.2930,0.0575,0.0077,0.0015,0.0015,0.0016,0.0034
0.0132,0.0039,0.0036,0.0030,0.0046,0.0035,0.0044,0.0035,0.0038,0.0039,0.0039,0.0016,0.0030,0.0001,0.0001,0.0015,0.0171,0.4995,0.0006,0.2452,0.0016,0.9989,0.0067,0.1395,0.0029,0.0053,0.0032,0.0045
0.0247,0.0085,0.0058,0.0039,0.0057,0.0045,0.0034,0.0028,0.0031,0.0031,0.0021,0.0047,0.0039,0.0021,0.0016,0.0011,0.4995,0.0794,0.1530,0.0171,0.0008,0.0940,0.0030,0.0123,0.0037,0.0046,0.0046,0.0082
0.0361,0.0386,0.0114,0.0123,0.0122,0.0136,0.0038,0.0101,0.0061,0.0175,0.0052,0.0148,0.0146,0.0268,0.0077,0.3027,0.0006,0.1530,0.0184,0.2112,0.0000,0.0002,0.0003,0.0007,0.0028,0.0028,0.0056,0.0082
0.1391,0.0127,0.0063,0.0076,0.0089,0.0068,0.0075,0.0042,0.0044,0.0038,0.0021,0.0031,0.0064,0.0294,0.0189,0.0256,0.2452,0.0171,0.2112,0.0323,0.0002,0.0002,0.0001,0.0042,0.0015,0.0068,0.0050,0.0102
0.0078,0.0198,0.0100,0.0092,0.0050,0.0096,0.0068,0.0039,0.0052,0.0061,0.0012,0.1498,0.0037,1.0000,0.0506,0.9934,0.0016,0.0008,0.0000,0.0002,0.0014,0.0020,0.0000,0.0000,0.0001,0.0002,0.0022,0.0020
0.0106,0.0021,0.0032,0.0023,0.0030,0.0035,0.0019,0.0014,0.0020,0.0016,0.0011,0.0036,0.0138,0.1413,0.9999,0.2930,0.9989,0.0940,0.0002,0.0002,0.0020,0.0227,0.0001,0.0001,0.0001,0.0017,0.0007,0.0082
0.0083,0.1250,0.0200,0.0459,0.0132,0.0092,0.0147,0.0044,0.0099,0.1373,0.0073,1.0000,0.0546,1.0000,0.1395,0.0575,0.0067,0.0030,0.0003,0.0001,0.0000,0.0001,0.0001,0.0004,0.0000,0.0000,0.0000,0.0007
0.0044,0.0016,0.0025,0.0018,0.0028,0.0024,0.0029,0.0016,0.0050,0.0080,0.0814,0.1656,1.0000,0.1276,0.8778,0.0077,0.1395,0.0123,0.0007,0.0042,0.0000,0.0001,0.0004,0.0177,0.0001,0.0002,0.0004,0.0036
0.0141,0.1488,0.0195,0.1107,0.0781,0.0877,0.2143,0.0931,0.2440,0.9994,0.0728,0.9885,0.0168,0.0383,0.0076,0.0015,0.0029,0.0037,0.0028,0.0015,0.0001,0.0001,0.0000,0.0001,0.0000,0.0012,0.0000,0.0005
0.0054,0.0015,0.0037,0.0021,0.0030,0.0022,0.0054,0.0105,0.4407,0.1946,1.0000,0.0326,0.6429,0.0035,0.0607,0.0015,0.0053,0.0046,0.0028,0.0068,0.0002,0.0017,0.0000,0.0002,0.0012,0.0033,0.0006,0.0008
0.0110,0.0117,0.0108,0.0195,0.0561,0.1173,0.2436,0.4525,0.9119,0.9856,0.1672,0.1383,0.0056,0.0020,0.0015,0.0016,0.0032,0.0046,0.0056,0.0050,0.0022,0.0007,0.0000,0.0004,0.0000,0.0006,0.0000,0.0060
0.0080,0.0021,0.0067,0.0037,0.0051,0.0092,0.0137,0.0500,0.1370,0.0160,0.1826,0.0054,0.0469,0.0016,0.0063,0.0034,0.0045,0.0082,0.0082,0.0102,0.0020,0.0082,0.0007,0.0036,0.0005,0.0008,0.0060,0.0316