c1,c2,c3,c4,c5,c6,c7,c8,c9,c10,c11,c12,c13,c14,c15,c16,c17,c18,c19,c20,c21,c22,c23,c24,c25,c26,c27,c28
0.0446,0.0011,0.0025,0.0004,0.0052,0.0007,0.0032,0.0038,0.0035,0.0016,0.0024,0.0024,0.0067,0.0095,0.0175,0.0161,0.0140,0.0308,0.0652,0.1745,0.0221,0.0699,0.0257,0.0122,0.0075,0.0045,0.0019,0.0030
0.0011,0.0874,0.0155,0.0000,0.0003,0.0001,0.0005,0.0046,0.0028,0.0027,0.0017,0.0231,0.0063,0.0493,0.0041,0.0138,0.0056,0.0148,0.0781,0.1489,0.1053,0.0132,0.2603,0.0041,0.3509,0.0019,0.0193,0.0019
0.0025,0.0155,0.7686,0.0003,0.0017,0.0001,0.0005,0.0018,0.0020,0.0033,0.0043,0.0043,0.0074,0.0061,0.0079,0.0057,0.0114,0.0102,0.0281,0.0606,0.0080,0.0860,0.0271,0.0681,0.0097,0.0094,0.0020,0.0089
0.0004,0.0000,0.0003,0.0030,0.0006,0.0000,0.0001,0.0005,0.0011,0.1009,0.0025,0.8411,0.0080,0.0761,0.0028,0.0044,0.0030,0.0045,0.0198,0.0065,0.0455,0.0058,0.9896,0.0070,0.9997,0.0037,0.0961,0.0019
0.0052,0.0003,0.0017,0.0006,0.1056,0.0007,0.0013,0.0007,0.0002,0.0020,0.0148,0.0033,0.0107,0.0011,0.0376,0.0041,0.0357,0.0185,0.0328,0.2516,0.0066,0.3775,0.0114,0.0901,0.0108,0.0102,0.0042,0.0165
0.0007,0.0001,0.0001,0.0000,0.0007,0.0221,0.0368,0.0001,0.0003,0.2760,0.0242,0.7542,0.0075,0.0053,0.0034,0.0062,0.0033,0.0108,0.0515,0.0175,0.0950,0.0035,0.4483,0.0037,0.4876,0.0030,0.2129,0.0070
0.0032,0.0005,0.0005,0.0001,0.0013,0.0368,0.0062,0.1518,0.0157,0.0120,0.0020,0.0004,0.0036,0.0001,0.0049,0.0018,0.0033,0.0037,0.0074,0.0094,0.0096,0.0082,0.0166,0.1864,0.4351,0.0569,0.4175,0.1352
0.0038,0.0046,0.0018,0.0005,0.0007,0.0001,0.1518,0.0945,0.5009,0.0000,0.0003,0.0000,0.0010,0.0004,0.0027,0.0063,0.0059,0.0132,0.1960,0.0202,0.0273,0.0015,0.0055,0.0023,0.0400,0.0149,0.9254,0.9996
0.0035,0.0028,0.0020,0.0011,0.0002,0.0003,0.0157,0.5009,0.0234,0.0001,0.0000,0.0000,0.0001,0.0000,0.0010,0.0045,0.0028,0.0038,0.0221,0.0054,0.0064,0.0012,0.0091,0.0025,0.1400,0.0734,1.0000,1.0000
0.0016,0.0027,0.0033,0.1009,0.0020,0.2760,0.0120,0.0000,0.0001,0.0043,0.0001,0.0000,0.0000,0.0000,0.0001,0.0036,0.0155,0.0100,0.0609,0.0049,0.0125,0.0033,0.7874,0.0117,1.0000,0.1285,0.9990,0.0244
0.0024,0.0017,0.0043,0.0025,0.0148,0.0242,0.0020,0.0003,0.0000,0.0001,0.0081,0.0000,0.0004,0.0002,0.0033,0.0021,0.0054,0.0048,0.0077,0.0023,0.0009,0.0008,0.0036,0.1519,0.0369,1.0000,0.0289,0.9994
0.0024,0.0231,0.0043,0.8411,0.0033,0.7542,0.0004,0.0000,0.0000,0.0000,0.0000,0.0051,0.0003,0.0000,0.0000,0.0001,0.0012,0.0074,0.0077,0.0029,0.2800,0.0035,1.0000,0.0309,0.9999,0.0171,0.0080,0.0012
0.0067,0.0063,0.0074,0.0080,0.0107,0.0075,0.0036,0.0010,0.0001,0.0000,0.0004,0.0003,0.0463,0.0006,0.0001,0.0001,0.0033,0.0064,0.0129,0.0078,0.0023,0.0542,0.0138,1.0000,0.0359,0.9966,0.0028,0.0325
0.0095,0.0493,0.0061,0.0761,0.0011,0.0053,0.0001,0.0004,0.0000,0.0000,0.0002,0.0000,0.0006,0.0000,0.0070,0.0002,0.0001,0.0016,0.0050,0.0417,1.0000,0.1308,1.0000,0.0359,0.1713,0.0039,0.0036,0.0010
0.0175,0.0041,0.0079,0.0028,0.0376,0.0034,0.0049,0.0027,0.0010,0.0001,0.0033,0.0000,0.0001,0.0070,0.0099,0.0023,0.0002,0.0023,0.0029,0.0083,0.0163,1.0000,0.0153,0.8800,0.0061,0.3642,0.0012,0.0019
0.0161,0.0138,0.0057,0.0044,0.0041,0.0062,0.0018,0.0063,0.0045,0.0036,0.0021,0.0001,0.0001,0.0002,0.0023,0.1124,0.0007,0.0005,0.3061,0.0265,0.9991,0.2080,0.0485,0.0094,0.0028,0.0025,0.0019,0.0021
0.0140,0.0056,0.0114,0.0030,0.0357,0.0033,0.0033,0.0059,0.0028,0.0155,0.0054,0.0012,0.0033,0.0001,0.0002,0.0007,0.0102,0.3609,0.0001,0.1036,0.0009,0.9975,0.0078,0.1788,0.0028,0.0279,0.0021,0.0018
0.0308,0.0148,0.0102,0.0045,0.0185,0.0108,0.0037,0.0132,0.0038,0.0100,0.0048,0.0074,0.0064,0.0016,0.0023,0.0005,0.3609,0.1289,0.2872,0.0063,0.0004,0.0233,0.0006,0.0056,0.0012,0.0047,0.0022,0.0024
0.0652,0.0781,0.0281,0.0198,0.0328,0.0515,0.0074,0.1960,0.0221,0.0609,0.0077,0.0077,0.0129,0.0050,0.0029,0.3061,0.0001,0.2872,0.0935,0.2886,0.0000,0.0001,0.0000,0.0003,0.0007,0.0014,0.0034,0.0022
0.1745,0.1489,0.0606,0.0065,0.2516,0.0175,0.0094,0.0202,0.0054,0.0049,0.0023,0.0029,0.0078,0.0417,0.0083,0.0265,0.1036,0.0063,0.2886,0.0266,0.0003,0.0001,0.0000,0.0011,0.0002,0.0027,0.0014,0.0011
0.0221,0.1053,0.0080,0.0455,0.0066,0.0950,0.0096,0.0273,0.0064,0.0125,0.0009,0.2800,0.0023,1.0000,0.0163,0.9991,0.0009,0.0004,0.0000,0.0003,0.0045,0.0006,0.0000,0.0000,0.0000,0.0002,0.0143,0.0006
0.0699,0.0132,0.0860,0.0058,0.3775,0.0035,0.0082,0.0015,0.0012,0.0033,0.0008,0.0035,0.0542,0.1308,1.0000,0.2080,0.9975,0.0233,0.0001,0.0001,0.0006,0.0087,0.0000,0.0001,0.0000,0.0004,0.0002,0.0003
0.0257,0.2603,0.0271,0.9896,0.0114,0.4483,0.0166,0.0055,0.0091,0.7874,0.0036,1.0000,0.0138,1.0000,0.0153,0.0485,0.0078,0.0006,0.0000,0.0000,0.0000,0.0000,0.0006,0.0002,0.0000,0.0000,0.0000,0.0000
0.0122,0.0041,0.0681,0.0070,0.0901,0.0037,0.1864,0.0023,0.0025,0.0117,0.1519,0.0309,1.0000,0.0359,0.8800,0.0094,0.1788,0.0056,0.0003,0.0011,0.0000,0.0001,0.0002,0.0082,0.0000,0.0001,0.0001,0.0003
0.0075,0.3509,0.0097,0.9997,0.0108,0.4876,0.4351,0.0400,0.1400,1.0000,0.0369,0.9999,0.0359,0.1713,0.0061,0.0028,0.0028,0.0012,0.0007,0.0002,0.0000,0.0000,0.0000,0.0000,0.0000,0.0000,0.0000,0.0000
0.0045,0.0019,0.0094,0.0037,0.0102,0.0030,0.0569,0.0149,0.0734,0.1285,1.0000,0.0171,0.9966,0.0039,0.3642,0.0025,0.0279,0.0047,0.0014,0.0027,0.0002,0.0004,0.0000,0.0001,0.0000,0.0054,0.0000,0.0000
0.0019,0.0193,0.0020,0.0961,0.0042,0.2129,0.4175,0.9254,1.0000,0.9990,0.0289,0.0080,0.0028,0.0036,0.0012,0.0019,0.0021,0.0022,0.0034,0.0014,0.0143,0.0002,0.0000,0.0001,0.0000,0.0000,0.0109,0.0007
0.0030,0.0019,0.0089,0.0019,0.0165,0.0070,0.1352,0.9996,1.0000,0.0244,0.9994,0.0012,0.0325,0.0010,0.0019,0.0021,0.0018,0.0024,0.0022,0.0011,0.0006,0.0003,0.0000,0.0003,0.0000,0.0000,0.0007,0.0004