c1,c2,c3,c4,c5,c6,c7,c8,c9,c10,c11,c12,c13,c14,c15,c16,c17,c18,c19,c20,c21,c22,c23,c24,c25,c26,c27,c28
0.0000,0.0078,0.0006,0.0487,0.1241,0.0086,0.0525,0.0121,0.0364,0.0293,0.0086,0.0018,0.0047,0.0259,0.0056,0.0030,0.0265,0.0094,0.0082,0.0267,0.0030,0.0065,0.0043,0.0040,0.0042,0.0033,0.0043,0.0039
0.0078,0.0295,0.0924,0.0000,0.0051,0.0067,0.0042,0.0085,0.0194,0.0295,0.0103,0.0022,0.0128,0.0208,0.0054,0.0023,0.0197,0.0151,0.0060,0.0548,0.0052,0.0052,0.0023,0.0030,0.0139,0.0033,0.0043,0.0077
0.0006,0.0924,0.4624,0.0082,0.0007,0.0039,0.0082,0.0041,0.0442,0.0495,0.0212,0.0059,0.0114,0.0084,0.0031,0.0023,0.0051,0.0057,0.0088,0.0045,0.0022,0.0066,0.0028,0.0025,0.0066,0.0049,0.0042,0.0070
0.0487,0.0000,0.0082,0.0101,0.0147,0.0000,0.0029,0.0128,0.0035,0.0100,0.0105,0.0041,0.0571,0.0183,0.0054,0.0032,0.0113,0.0115,0.0080,0.0239,0.0088,0.0117,0.0060,0.0062,0.0191,0.0091,0.0576,0.0459
0.1241,0.0051,0.0007,0.0147,0.0153,0.0017,0.0002,0.0044,0.0158,0.0032,0.0070,0.0057,0.0154,0.0140,0.0045,0.0037,0.0111,0.0089,0.0075,0.0101,0.0082,0.0113,0.0094,0.0053,0.0338,0.0040,0.0100,0.0146
0.0086,0.0067,0.0039,0.0000,0.0017,0.4811,0.0138,0.0007,0.0024,0.0111,0.0100,0.0056,0.0087,0.0106,0.0015,0.0022,0.0027,0.0086,0.0117,0.0217,0.0096,0.0316,0.0172,0.0177,0.1723,0.0053,0.0067,0.0098
0.0525,0.0042,0.0082,0.0029,0.0002,0.0138,0.0378,0.0033,0.0001,0.0043,0.0190,0.0011,0.0336,0.0155,0.0038,0.0032,0.0188,0.0111,0.0061,0.0172,0.0044,0.0065,0.0070,0.0092,0.1095,0.0066,0.0182,0.0137
0.0121,0.0085,0.0041,0.0128,0.0044,0.0007,0.0033,0.0020,0.0054,0.0000,0.0026,0.0013,0.0013,0.0103,0.0036,0.0032,0.0088,0.0068,0.0102,0.0084,0.0063,0.0053,0.0254,0.0096,0.1022,0.0160,0.6538,0.2633
0.0364,0.0194,0.0442,0.0035,0.0158,0.0024,0.0001,0.0054,0.0042,0.0059,0.0002,0.0011,0.0109,0.0024,0.0040,0.0051,0.0158,0.0074,0.0028,0.0054,0.0056,0.0068,0.0121,0.0095,0.6898,0.0173,0.0270,0.0185
0.0293,0.0295,0.0495,0.0100,0.0032,0.0111,0.0043,0.0000,0.0059,0.0349,0.0495,0.0000,0.0027,0.0272,0.0023,0.0049,0.0110,0.0082,0.0056,0.0118,0.0059,0.0067,0.0072,0.0084,0.0717,0.0323,0.0089,0.0076
0.0086,0.0103,0.0212,0.0105,0.0070,0.0100,0.0190,0.0026,0.0002,0.0495,0.0041,0.0069,0.0001,0.0188,0.0040,0.0009,0.0133,0.0036,0.0059,0.0069,0.0062,0.0067,0.0257,0.0107,0.0348,0.0160,0.0838,0.0095
0.0018,0.0022,0.0059,0.0041,0.0057,0.0056,0.0011,0.0013,0.0011,0.0000,0.0069,0.0003,0.0008,0.0000,0.0020,0.0028,0.0019,0.0061,0.0160,0.0112,0.0559,0.0103,0.9936,0.1499,0.5489,0.1218,0.1437,0.0389
0.0047,0.0128,0.0114,0.0571,0.0154,0.0087,0.0336,0.0013,0.0109,0.0027,0.0001,0.0008,0.0008,0.0043,0.0003,0.0011,0.0111,0.0024,0.0132,0.0247,0.0102,0.0136,0.2532,0.0269,0.2724,0.0098,0.0079,0.0067
0.0259,0.0208,0.0084,0.0183,0.0140,0.0106,0.0155,0.0103,0.0024,0.0272,0.0188,0.0000,0.0043,0.0021,0.0124,0.0000,0.0032,0.0147,0.0000,0.0645,0.0160,0.0100,0.0434,0.0494,0.1087,0.0124,0.0155,0.0105
0.0056,0.0054,0.0031,0.0054,0.0045,0.0015,0.0038,0.0036,0.0040,0.0023,0.0040,0.0020,0.0003,0.0124,0.0064,0.0007,0.0000,0.0016,0.0577,0.0119,0.1763,0.0103,0.8370,0.0219,0.1068,0.0216,0.0320,0.0166
0.0030,0.0023,0.0023,0.0032,0.0037,0.0022,0.0032,0.0032,0.0051,0.0049,0.0009,0.0028,0.0011,0.0000,0.0007,0.0012,0.0008,0.0002,0.0065,0.0215,0.7354,0.7292,0.9996,0.1065,0.0940,0.0126,0.0038,0.0022
0.0265,0.0197,0.0051,0.0113,0.0111,0.0027,0.0188,0.0088,0.0158,0.0110,0.0133,0.0019,0.0111,0.0032,0.0000,0.0008,0.0275,0.0129,0.0002,0.0064,0.0021,0.0126,0.0513,0.0761,0.0826,0.0074,0.0068,0.0053
0.0094,0.0151,0.0057,0.0115,0.0089,0.0086,0.0111,0.0068,0.0074,0.0082,0.0036,0.0061,0.0024,0.0147,0.0016,0.0002,0.0129,0.0134,0.0360,0.0094,0.0032,0.0087,0.0068,0.0163,0.0192,0.0048,0.0106,0.0045
0.0082,0.0060,0.0088,0.0080,0.0075,0.0117,0.0061,0.0102,0.0028,0.0056,0.0059,0.0160,0.0132,0.0000,0.0577,0.0065,0.0002,0.0360,0.0000,0.3449,0.0052,0.0241,0.0914,0.0088,0.0675,0.0091,0.0077,0.0092
0.0267,0.0548,0.0045,0.0239,0.0101,0.0217,0.0172,0.0084,0.0054,0.0118,0.0069,0.0112,0.0247,0.0645,0.0119,0.0215,0.0064,0.0094,0.3449,0.0307,0.0039,0.0001,0.0001,0.0005,0.0004,0.0029,0.0028,0.0016
0.0030,0.0052,0.0022,0.0088,0.0082,0.0096,0.0044,0.0063,0.0056,0.0059,0.0062,0.0559,0.0102,0.0160,0.1763,0.7354,0.0021,0.0032,0.0052,0.0039,0.0236,0.0317,0.0000,0.0023,0.0027,0.0047,0.0108,0.0027
0.0065,0.0052,0.0066,0.0117,0.0113,0.0316,0.0065,0.0053,0.0068,0.0067,0.0067,0.0103,0.0136,0.0100,0.0103,0.7292,0.0126,0.0087,0.0241,0.0001,0.0317,0.0660,0.0001,0.0020,0.0001,0.0050,0.0030,0.0152
0.0043,0.0023,0.0028,0.0060,0.0094,0.0172,0.0070,0.0254,0.0121,0.0072,0.0257,0.9936,0.2532,0.0434,0.8370,0.9996,0.0513,0.0068,0.0914,0.0001,0.0000,0.0001,0.0007,0.0026,0.0000,0.0001,0.0000,0.0011
0.0040,0.0030,0.0025,0.0062,0.0053,0.0177,0.0092,0.0096,0.0095,0.0084,0.0107,0.1499,0.0269,0.0494,0.0219,0.1065,0.0761,0.0163,0.0088,0.0005,0.0023,0.0020,0.0026,0.0416,0.0001,0.0005,0.0021,0.0047
0.0042,0.0139,0.0066,0.0191,0.0338,0.1723,0.1095,0.1022,0.6898,0.0717,0.0348,0.5489,0.2724,0.1087,0.1068,0.0940,0.0826,0.0192,0.0675,0.0004,0.0027,0.0001,0.0000,0.0001,0.0000,0.0017,0.0000,0.0002
0.0033,0.0033,0.0049,0.0091,0.0040,0.0053,0.0066,0.0160,0.0173,0.0323,0.0160,0.1218,0.0098,0.0124,0.0216,0.0126,0.0074,0.0048,0.0091,0.0029,0.0047,0.0050,0.0001,0.0005,0.0017,0.0251,0.0301,0.0099
0.0043,0.0043,0.0042,0.0576,0.0100,0.0067,0.0182,0.6538,0.0270,0.0089,0.0838,0.1437,0.0079,0.0155,0.0320,0.0038,0.0068,0.0106,0.0077,0.0028,0.0108,0.0030,0.0000,0.0021,0.0000,0.0301,0.0150,0.0057
0.0039,0.0077,0.0070,0.0459,0.0146,0.0098,0.0137,0.2633,0.0185,0.0076,0.0095,0.0389,0.0067,0.0105,0.0166,0.0022,0.0053,0.0045,0.0092,0.0016,0.0027,0.0152,0.0011,0.0047,0.0002,0.0099,0.0057,0.0010