c1,c2,c3,c4,c5,c6,c7,c8,c9,c10,c11,c12,c13,c14,c15,c16,c17,c18,c19,c20,c21,c22,c23,c24,c25,c26,c27,c28
0.0177,0.0008,0.0009,0.0006,0.0057,0.0014,0.0033,0.0044,0.0041,0.0022,0.0022,0.0027,0.0064,0.0066,0.0194,0.0161,0.0131,0.0387,0.0732,0.4007,0.0237,0.0531,0.0305,0.0064,0.0075,0.0033,0.0024,0.0030
0.0008,0.0340,0.0225,0.0000,0.0002,0.0001,0.0004,0.0039,0.0030,0.0025,0.0015,0.0384,0.0044,0.0940,0.0046,0.0173,0.0055,0.0207,0.0962,0.2636,0.1258,0.0133,0.3809,0.0035,0.2069,0.0020,0.0136,0.0019
0.0009,0.0225,0.5965,0.0005,0.0010,0.0002,0.0004,0.0015,0.0026,0.0028,0.0040,0.0057,0.0107,0.0078,0.0103,0.0072,0.0119,0.0107,0.0332,0.0528,0.0082,0.0629,0.0325,0.0358,0.0122,0.0103,0.0025,0.0094
0.0006,0.0000,0.0005,0.0011,0.0010,0.0000,0.0001,0.0006,0.0013,0.1577,0.0032,0.8046,0.0181,0.0669,0.0035,0.0049,0.0032,0.0045,0.0307,0.0068,0.0530,0.0061,0.9802,0.0068,0.9955,0.0050,0.0588,0.0021
0.0057,0.0002,0.0010,0.0010,0.0400,0.0004,0.0006,0.0005,0.0001,0.0026,0.0139,0.0064,0.0157,0.0009,0.0418,0.0053,0.0343,0.0146,0.0341,0.2659,0.0074,0.3143,0.0239,0.0894,0.0170,0.0170,0.0048,0.0154
0.0014,0.0001,0.0002,0.0000,0.0004,0.0156,0.0268,0.0001,0.0001,0.1533,0.0302,0.9392,0.0108,0.0083,0.0050,0.0079,0.0033,0.0091,0.0450,0.0152,0.0501,0.0058,0.5577,0.0024,0.5376,0.0038,0.0909,0.0063
0.0033,0.0004,0.0004,0.0001,0.0006,0.0268,0.0111,0.1425,0.0149,0.0133,0.0022,0.0007,0.0036,0.0000,0.0063,0.0021,0.0047,0.0036,0.0069,0.0169,0.0088,0.0123,0.0271,0.1407,0.3718,0.0417,0.2573,0.1016
0.0044,0.0039,0.0015,0.0006,0.0005,0.0001,0.1425,0.0936,0.3058,0.0000,0.0003,0.0000,0.0015,0.0004,0.0036,0.0074,0.0066,0.0151,0.1306,0.0137,0.0153,0.0017,0.0083,0.0022,0.0596,0.0268,0.9801,0.9991
0.0041,0.0030,0.0026,0.0013,0.0001,0.0001,0.0149,0.3058,0.0183,0.0001,0.0000,0.0000,0.0001,0.0000,0.0013,0.0047,0.0031,0.0037,0.0206,0.0047,0.0040,0.0018,0.0131,0.0045,0.2618,0.2991,0.9999,1.0000
0.0022,0.0025,0.0028,0.1577,0.0026,0.1533,0.0133,0.0000,0.0001,0.0009,0.0002,0.0000,0.0000,0.0000,0.0002,0.0055,0.0242,0.0157,0.0564,0.0037,0.0093,0.0046,0.8887,0.0300,1.0000,0.1784,0.9909,0.0180
0.0022,0.0015,0.0040,0.0032,0.0139,0.0302,0.0022,0.0003,0.0000,0.0002,0.0052,0.0000,0.0004,0.0002,0.0026,0.0029,0.0052,0.0048,0.0067,0.0020,0.0009,0.0016,0.0052,0.6113,0.0882,1.0000,0.0169,0.9950
0.0027,0.0384,0.0057,0.8046,0.0064,0.9392,0.0007,0.0000,0.0000,0.0000,0.0000,0.0005,0.0003,0.0000,0.0000,0.0002,0.0012,0.0108,0.0134,0.0032,0.6697,0.0047,1.0000,0.0530,0.9991,0.0173,0.0054,0.0016
0.0064,0.0044,0.0107,0.0181,0.0157,0.0108,0.0036,0.0015,0.0001,0.0000,0.0004,0.0003,0.0265,0.0011,0.0001,0.0002,0.0035,0.0074,0.0141,0.0082,0.0022,0.0690,0.0192,0.9999,0.0265,0.9926,0.0028,0.0321
0.0066,0.0940,0.0078,0.0669,0.0009,0.0083,0.0000,0.0004,0.0000,0.0000,0.0002,0.0000,0.0011,0.0000,0.0046,0.0001,0.0002,0.0018,0.0049,0.0407,1.0000,0.2564,1.0000,0.0826,0.1512,0.0052,0.0047,0.0012
0.0194,0.0046,0.0103,0.0035,0.0418,0.0050,0.0063,0.0036,0.0013,0.0002,0.0026,0.0000,0.0001,0.0046,0.0072,0.0024,0.0001,0.0025,0.0029,0.0089,0.0143,0.9999,0.0226,0.9249,0.0050,0.1716,0.0012,0.0025
0.0161,0.0173,0.0072,0.0049,0.0053,0.0079,0.0021,0.0074,0.0047,0.0055,0.0029,0.0002,0.0002,0.0001,0.0024,0.0717,0.0004,0.0002,0.2965,0.0327,0.9975,0.2235,0.0365,0.0107,0.0024,0.0026,0.0025,0.0025
0.0131,0.0055,0.0119,0.0032,0.0343,0.0033,0.0047,0.0066,0.0031,0.0242,0.0052,0.0012,0.0035,0.0002,0.0001,0.0004,0.0085,0.3641,0.0000,0.2885,0.0009,0.9937,0.0091,0.2792,0.0034,0.0214,0.0026,0.0017
0.0387,0.0207,0.0107,0.0045,0.0146,0.0091,0.0036,0.0151,0.0037,0.0157,0.0048,0.0108,0.0074,0.0018,0.0025,0.0002,0.3641,0.0902,0.1832,0.0089,0.0004,0.0181,0.0007,0.0057,0.0012,0.0040,0.0027,0.0027
0.0732,0.0962,0.0332,0.0307,0.0341,0.0450,0.0069,0.1306,0.0206,0.0564,0.0067,0.0134,0.0141,0.0049,0.0029,0.2965,0.0000,0.1832,0.0726,0.2480,0.0000,0.0001,0.0000,0.0004,0.0005,0.0016,0.0046,0.0023
0.4007,0.2636,0.0528,0.0068,0.2659,0.0152,0.0169,0.0137,0.0047,0.0037,0.0020,0.0032,0.0082,0.0407,0.0089,0.0327,0.2885,0.0089,0.2480,0.0141,0.0004,0.0001,0.0000,0.0006,0.0001,0.0013,0.0010,0.0011
0.0237,0.1258,0.0082,0.0530,0.0074,0.0501,0.0088,0.0153,0.0040,0.0093,0.0009,0.6697,0.0022,1.0000,0.0143,0.9975,0.0009,0.0004,0.0000,0.0004,0.0028,0.0006,0.0000,0.0000,0.0000,0.0001,0.0058,0.0006
0.0531,0.0133,0.0629,0.0061,0.3143,0.0058,0.0123,0.0017,0.0018,0.0046,0.0016,0.0047,0.0690,0.2564,0.9999,0.2235,0.9937,0.0181,0.0001,0.0001,0.0006,0.0028,0.0000,0.0000,0.0000,0.0003,0.0003,0.0005
0.0305,0.3809,0.0325,0.9802,0.0239,0.5577,0.0271,0.0083,0.0131,0.8887,0.0052,1.0000,0.0192,1.0000,0.0226,0.0365,0.0091,0.0007,0.0000,0.0000,0.0000,0.0000,0.0003,0.0001,0.0000,0.0000,0.0000,0.0001
0.0064,0.0035,0.0358,0.0068,0.0894,0.0024,0.1407,0.0022,0.0045,0.0300,0.6113,0.0530,0.9999,0.0826,0.9249,0.0107,0.2792,0.0057,0.0004,0.0006,0.0000,0.0000,0.0001,0.0045,0.0000,0.0001,0.0001,0.0005
0.0075,0.2069,0.0122,0.9955,0.0170,0.5376,0.3718,0.0596,0.2618,1.0000,0.0882,0.9991,0.0265,0.1512,0.0050,0.0024,0.0034,0.0012,0.0005,0.0001,0.0000,0.0000,0.0000,0.0000,0.0000,0.0001,0.0000,0.0000
0.0033,0.0020,0.0103,0.0050,0.0170,0.0038,0.0417,0.0268,0.2991,0.1784,1.0000,0.0173,0.9926,0.0052,0.1716,0.0026,0.0214,0.0040,0.0016,0.0013,0.0001,0.0003,0.0000,0.0001,0.0001,0.0052,0.0001,0.0000
0.0024,0.0136,0.0025,0.0588,0.0048,0.0909,0.2573,0.9801,0.9999,0.9909,0.0169,0.0054,0.0028,0.0047,0.0012,0.0025,0.0026,0.0027,0.0046,0.0010,0.0058,0.0003,0.0000,0.0001,0.0000,0.0001,0.0585,0.0015
0.0030,0.0019,0.0094,0.0021,0.0154,0.0063,0.1016,0.9991,1.0000,0.0180,0.9950,0.0016,0.0321,0.0012,0.0025,0.0025,0.0017,0.0027,0.0023,0.0011,0.0006,0.0005,0.0001,0.0005,0.0000,0.0000,0.0015,0.0011