c1,c2,c3,c4,c5,c6,c7,c8,c9,c10,c11,c12,c13,c14,c15,c16,c17,c18,c19,c20,c21,c22,c23,c24,c25,c26,c27,c28
0.1196,0.0003,0.0023,0.0001,0.0036,0.0006,0.0021,0.0033,0.0026,0.0013,0.0017,0.0018,0.0070,0.0106,0.0250,0.0421,0.0361,0.0831,0.0708,0.2316,0.0148,0.0664,0.0190,0.0120,0.0042,0.0085,0.0024,0.0039
0.0003,0.1588,0.0153,0.0000,0.0001,0.0001,0.0002,0.0033,0.0027,0.0023,0.0013,0.0191,0.0118,0.1712,0.0114,0.0228,0.0100,0.0324,0.3219,0.1130,0.1782,0.0139,0.4611,0.0030,0.2098,0.0020,0.0048,0.0019
0.0023,0.0153,0.5890,0.0001,0.0008,0.0002,0.0004,0.0008,0.0014,0.0017,0.0038,0.0075,0.0119,0.0084,0.0148,0.0122,0.0225,0.0174,0.0357,0.0959,0.0070,0.3143,0.0243,0.0626,0.0062,0.0087,0.0014,0.0040
0.0001,0.0000,0.0001,0.0004,0.0002,0.0000,0.0001,0.0002,0.0007,0.0197,0.0016,0.7513,0.0120,0.7755,0.0267,0.0084,0.0031,0.0102,0.0716,0.0194,0.1329,0.0270,0.9931,0.0068,0.9992,0.0034,0.0273,0.0013
0.0036,0.0001,0.0008,0.0002,0.0162,0.0003,0.0002,0.0003,0.0002,0.0019,0.0161,0.0208,0.0361,0.0042,0.0825,0.0139,0.0531,0.0214,0.0282,0.1344,0.0063,0.6155,0.0356,0.1710,0.0241,0.0067,0.0034,0.0064
0.0006,0.0001,0.0002,0.0000,0.0003,0.0040,0.0172,0.0000,0.0002,0.0528,0.0699,0.9770,0.0261,0.0863,0.0276,0.0094,0.0052,0.0367,0.1020,0.0197,0.0374,0.0048,0.1111,0.0025,0.1879,0.0029,0.0513,0.0057
0.0021,0.0002,0.0004,0.0001,0.0002,0.0172,0.0052,0.2139,0.0241,0.0004,0.0057,0.0014,0.0059,0.0001,0.0065,0.0021,0.0044,0.0059,0.0049,0.0145,0.0078,0.0184,0.0451,0.2605,0.3038,0.1254,0.2865,0.1243
0.0033,0.0033,0.0008,0.0002,0.0003,0.0000,0.2139,0.3029,0.4124,0.0000,0.0013,0.0001,0.0014,0.0008,0.0036,0.0060,0.0077,0.0306,0.1427,0.0164,0.0121,0.0017,0.0097,0.0030,0.0319,0.0402,0.9429,0.9928
0.0026,0.0027,0.0014,0.0007,0.0002,0.0002,0.0241,0.4124,0.0378,0.0001,0.0000,0.0000,0.0002,0.0001,0.0011,0.0051,0.0039,0.0074,0.0162,0.0077,0.0052,0.0028,0.0208,0.0050,0.1820,0.1857,0.9999,0.9973
0.0013,0.0023,0.0017,0.0197,0.0019,0.0528,0.0004,0.0000,0.0001,0.0026,0.0002,0.0000,0.0000,0.0000,0.0002,0.0019,0.0480,0.0180,0.1266,0.0097,0.0114,0.0055,0.7670,0.0386,1.0000,0.4905,0.9995,0.0138
0.0017,0.0013,0.0038,0.0016,0.0161,0.0699,0.0057,0.0013,0.0000,0.0002,0.0148,0.0000,0.0005,0.0003,0.0038,0.0034,0.0050,0.0058,0.0053,0.0017,0.0009,0.0011,0.0055,0.6779,0.0402,1.0000,0.0481,0.8104
0.0018,0.0191,0.0075,0.7513,0.0208,0.9770,0.0014,0.0001,0.0000,0.0000,0.0000,0.0014,0.0005,0.0000,0.0001,0.0002,0.0021,0.0121,0.0269,0.0042,0.0555,0.0064,0.9999,0.0761,0.9988,0.0357,0.0251,0.0022
0.0070,0.0118,0.0119,0.0120,0.0361,0.0261,0.0059,0.0014,0.0002,0.0000,0.0005,0.0005,0.1146,0.0066,0.0000,0.0004,0.0016,0.0050,0.0085,0.0088,0.0043,0.0329,0.0194,0.9993,0.0348,0.4357,0.0058,0.0220
0.0106,0.1712,0.0084,0.7755,0.0042,0.0863,0.0001,0.0008,0.0001,0.0000,0.0003,0.0000,0.0066,0.0002,0.0095,0.0001,0.0000,0.0009,0.0006,0.0247,0.9999,0.4968,0.9976,0.0772,0.1681,0.0032,0.0025,0.0013
0.0250,0.0114,0.0148,0.0267,0.0825,0.0276,0.0065,0.0036,0.0011,0.0002,0.0038,0.0001,0.0000,0.0095,0.0053,0.0009,0.0000,0.0009,0.0007,0.0096,0.0622,0.9992,0.0731,0.3889,0.0153,0.0211,0.0032,0.0029
0.0421,0.0228,0.0122,0.0084,0.0139,0.0094,0.0021,0.0060,0.0051,0.0019,0.0034,0.0002,0.0004,0.0001,0.0009,0.0174,0.0005,0.0001,0.0416,0.0193,0.9997,0.3603,0.0701,0.0143,0.0028,0.0022,0.0019,0.0023
0.0361,0.0100,0.0225,0.0031,0.0531,0.0052,0.0044,0.0077,0.0039,0.0480,0.0050,0.0021,0.0016,0.0000,0.0000,0.0005,0.1221,0.0748,0.0000,0.0666,0.0052,0.8688,0.0760,0.1350,0.0034,0.0052,0.0046,0.0026
0.0831,0.0324,0.0174,0.0102,0.0214,0.0367,0.0059,0.0306,0.0074,0.0180,0.0058,0.0121,0.0050,0.0009,0.0009,0.0001,0.0748,0.0435,0.2873,0.0005,0.0013,0.0060,0.0023,0.0045,0.0013,0.0025,0.0047,0.0040
0.0708,0.3219,0.0357,0.0716,0.0282,0.1020,0.0049,0.1427,0.0162,0.1266,0.0053,0.0269,0.0085,0.0006,0.0007,0.0416,0.0000,0.2873,0.0114,0.1143,0.0000,0.0001,0.0003,0.0004,0.0017,0.0013,0.0051,0.0030
0.2316,0.1130,0.0959,0.0194,0.1344,0.0197,0.0145,0.0164,0.0077,0.0097,0.0017,0.0042,0.0088,0.0247,0.0096,0.0193,0.0666,0.0005,0.1143,0.0438,0.0005,0.0001,0.0001,0.0010,0.0002,0.0021,0.0013,0.0019
0.0148,0.1782,0.0070,0.1329,0.0063,0.0374,0.0078,0.0121,0.0052,0.0114,0.0009,0.0555,0.0043,0.9999,0.0622,0.9997,0.0052,0.0013,0.0000,0.0005,0.0152,0.0033,0.0000,0.0000,0.0001,0.0003,0.0030,0.0008
0.0664,0.0139,0.3143,0.0270,0.6155,0.0048,0.0184,0.0017,0.0028,0.0055,0.0011,0.0064,0.0329,0.4968,0.9992,0.3603,0.8688,0.0060,0.0001,0.0001,0.0033,0.0033,0.0000,0.0000,0.0000,0.0003,0.0001,0.0011
0.0190,0.4611,0.0243,0.9931,0.0356,0.1111,0.0451,0.0097,0.0208,0.7670,0.0055,0.9999,0.0194,0.9976,0.0731,0.0701,0.0760,0.0023,0.0003,0.0001,0.0000,0.0000,0.0027,0.0002,0.0000,0.0000,0.0000,0.0001
0.0120,0.0030,0.0626,0.0068,0.1710,0.0025,0.2605,0.0030,0.0050,0.0386,0.6779,0.0761,0.9993,0.0772,0.3889,0.0143,0.1350,0.0045,0.0004,0.0010,0.0000,0.0000,0.0002,0.0058,0.0000,0.0001,0.0000,0.0007
0.0042,0.2098,0.0062,0.9992,0.0241,0.1879,0.3038,0.0319,0.1820,1.0000,0.0402,0.9988,0.0348,0.1681,0.0153,0.0028,0.0034,0.0013,0.0017,0.0002,0.0001,0.0000,0.0000,0.0000,0.0000,0.0004,0.0000,0.0000
0.0085,0.0020,0.0087,0.0034,0.0067,0.0029,0.1254,0.0402,0.1857,0.4905,1.0000,0.0357,0.4357,0.0032,0.0211,0.0022,0.0052,0.0025,0.0013,0.0021,0.0003,0.0003,0.0000,0.0001,0.0004,0.0029,0.0003,0.0015
0.0024,0.0048,0.0014,0.0273,0.0034,0.0513,0.2865,0.9429,0.9999,0.9995,0.0481,0.0251,0.0058,0.0025,0.0032,0.0019,0.0046,0.0047,0.0051,0.0013,0.0030,0.0001,0.0000,0.0000,0.0000,0.0003,0.0014,0.0076
0.0039,0.0019,0.0040,0.0013,0.0064,0.0057,0.1243,0.9928,0.9973,0.0138,0.8104,0.0022,0.0220,0.0013,0.0029,0.0023,0.0026,0.0040,0.0030,0.0019,0.0008,0.0011,0.0001,0.0007,0.0000,0.0015,0.0076,0.0163