c1,c2,c3,c4,c5,c6,c7,c8,c9,c10,c11,c12,c13,c14,c15,c16,c17,c18,c19,c20,c21,c22,c23,c24,c25,c26,c27,c28
0.0003,0.0007,0.0012,0.0007,0.0160,0.0038,0.0111,0.0190,0.0274,0.0078,0.0185,0.0201,0.0120,0.0187,0.0146,0.0188,0.0097,0.0150,0.0222,0.0240,0.0125,0.0075,0.0115,0.0037,0.0050,0.0031,0.0023,0.0054
0.0007,0.0105,0.0154,0.0000,0.0017,0.0008,0.0084,0.0751,0.0093,0.0304,0.0053,0.0435,0.0037,0.0124,0.0038,0.0076,0.0031,0.0103,0.0171,0.0234,0.0134,0.0035,0.0267,0.0024,0.0915,0.0026,0.0596,0.0030
0.0012,0.0154,0.0830,0.0017,0.0022,0.0016,0.0069,0.0369,0.0134,0.0154,0.0039,0.0061,0.0033,0.0036,0.0061,0.0118,0.0036,0.0081,0.0131,0.0072,0.0110,0.0036,0.0056,0.0026,0.0084,0.0045,0.0236,0.0450
0.0007,0.0000,0.0017,0.0003,0.0047,0.0000,0.0004,0.3286,0.0032,0.9670,0.0070,0.0131,0.0100,0.0010,0.0013,0.0031,0.0012,0.0027,0.0068,0.0035,0.0078,0.0015,0.0635,0.0021,0.2966,0.0049,0.9993,0.0153
0.0160,0.0017,0.0022,0.0047,0.0311,0.0202,0.0150,0.2748,0.0015,0.0049,0.0039,0.0019,0.0049,0.0017,0.0043,0.0103,0.0026,0.0064,0.0085,0.0126,0.0058,0.0027,0.0037,0.0025,0.0033,0.0053,0.0968,0.0726
0.0038,0.0008,0.0016,0.0000,0.0202,0.0289,0.2536,0.0003,0.0007,0.0004,0.0013,0.0027,0.0028,0.0171,0.0018,0.0537,0.0026,0.0064,0.0379,0.0090,0.0398,0.0027,0.0087,0.0029,0.0122,0.0076,0.9802,0.1457
0.0111,0.0084,0.0069,0.0004,0.0150,0.2536,0.0050,0.3217,0.0006,0.0000,0.0004,0.0006,0.0056,0.0045,0.0041,0.0032,0.0025,0.0022,0.0004,0.0054,0.0105,0.0040,0.0234,0.0066,0.0711,0.0300,0.9326,0.0974
0.0190,0.0751,0.0369,0.3286,0.2748,0.0003,0.3217,0.0063,0.0219,0.0000,0.0001,0.0001,0.0002,0.0017,0.0012,0.0026,0.0018,0.0010,0.0034,0.0042,0.0052,0.0013,0.0049,0.0008,0.1263,0.0065,0.9995,0.0896
0.0274,0.0093,0.0134,0.0032,0.0015,0.0007,0.0006,0.0219,0.0168,0.0001,0.0002,0.0000,0.0027,0.0005,0.0093,0.0041,0.0068,0.0036,0.0123,0.0053,0.0030,0.0045,0.0049,0.0129,0.0617,0.3510,0.0959,0.9996
0.0078,0.0304,0.0154,0.9670,0.0049,0.0004,0.0000,0.0000,0.0001,0.0238,0.0005,0.0000,0.0000,0.0000,0.0002,0.0032,0.0026,0.0024,0.0080,0.0041,0.0065,0.0062,0.4740,0.0297,1.0000,0.1827,0.9538,0.0308
0.0185,0.0053,0.0039,0.0070,0.0039,0.0013,0.0004,0.0001,0.0002,0.0005,0.0041,0.0003,0.0003,0.0004,0.0022,0.0005,0.0022,0.0017,0.0042,0.0035,0.0017,0.0043,0.0187,0.1638,0.6000,1.0000,0.0059,0.9860
0.0201,0.0435,0.0061,0.0131,0.0019,0.0027,0.0006,0.0001,0.0000,0.0000,0.0003,0.0013,0.0010,0.0000,0.0000,0.0000,0.0007,0.0062,0.0107,0.0104,0.0437,0.0410,1.0000,0.3748,1.0000,0.0436,0.0092,0.0073
0.0120,0.0037,0.0033,0.0100,0.0049,0.0028,0.0056,0.0002,0.0027,0.0000,0.0003,0.0010,0.0086,0.0001,0.0004,0.0005,0.0029,0.0022,0.0134,0.0137,0.0091,0.1867,0.1676,1.0000,0.2259,0.3460,0.0009,0.0128
0.0187,0.0124,0.0036,0.0010,0.0017,0.0171,0.0045,0.0017,0.0005,0.0000,0.0004,0.0000,0.0001,0.0009,0.0003,0.0001,0.0002,0.0011,0.0631,0.1462,1.0000,0.1013,0.9997,0.0233,0.1443,0.0053,0.0013,0.0021
0.0146,0.0038,0.0061,0.0013,0.0043,0.0018,0.0041,0.0012,0.0093,0.0002,0.0022,0.0000,0.0004,0.0003,0.0037,0.0025,0.0004,0.0048,0.0098,0.0211,0.0328,1.0000,0.0634,0.9830,0.0090,0.0431,0.0003,0.0017
0.0188,0.0076,0.0118,0.0031,0.0103,0.0537,0.0032,0.0026,0.0041,0.0032,0.0005,0.0000,0.0005,0.0001,0.0025,0.0311,0.0026,0.0025,0.8488,0.0272,0.9990,0.1570,0.0271,0.0049,0.0015,0.0020,0.0006,0.0014
0.0097,0.0031,0.0036,0.0012,0.0026,0.0026,0.0025,0.0018,0.0068,0.0026,0.0022,0.0007,0.0029,0.0002,0.0004,0.0026,0.0155,0.7658,0.0080,0.2196,0.0044,0.9928,0.0194,0.2625,0.0027,0.0084,0.0006,0.0015
0.0150,0.0103,0.0081,0.0027,0.0064,0.0064,0.0022,0.0010,0.0036,0.0024,0.0017,0.0062,0.0022,0.0011,0.0048,0.0025,0.7658,0.0858,0.4495,0.0147,0.0017,0.0621,0.0031,0.0081,0.0022,0.0052,0.0022,0.0036
0.0222,0.0171,0.0131,0.0068,0.0085,0.0379,0.0004,0.0034,0.0123,0.0080,0.0042,0.0107,0.0134,0.0631,0.0098,0.8488,0.0080,0.4495,0.0050,0.3114,0.0001,0.0002,0.0004,0.0005,0.0012,0.0018,0.0016,0.0013
0.0240,0.0234,0.0072,0.0035,0.0126,0.0090,0.0054,0.0042,0.0053,0.0041,0.0035,0.0104,0.0137,0.1462,0.0211,0.0272,0.2196,0.0147,0.3114,0.0187,0.0005,0.0001,0.0002,0.0032,0.0005,0.0073,0.0015,0.0026
0.0125,0.0134,0.0110,0.0078,0.0058,0.0398,0.0105,0.0052,0.0030,0.0065,0.0017,0.0437,0.0091,1.0000,0.0328,0.9990,0.0044,0.0017,0.0001,0.0005,0.0066,0.0003,0.0000,0.0001,0.0000,0.0003,0.0012,0.0007
0.0075,0.0035,0.0036,0.0015,0.0027,0.0027,0.0040,0.0013,0.0045,0.0062,0.0043,0.0410,0.1867,0.1013,1.0000,0.1570,0.9928,0.0621,0.0002,0.0001,0.0003,0.0085,0.0001,0.0002,0.0000,0.0023,0.0002,0.0018
0.0115,0.0267,0.0056,0.0635,0.0037,0.0087,0.0234,0.0049,0.0049,0.4740,0.0187,1.0000,0.1676,0.9997,0.0634,0.0271,0.0194,0.0031,0.0004,0.0002,0.0000,0.0001,0.0015,0.0004,0.0000,0.0000,0.0000,0.0002
0.0037,0.0024,0.0026,0.0021,0.0025,0.0029,0.0066,0.0008,0.0129,0.0297,0.1638,0.3748,1.0000,0.0233,0.9830,0.0049,0.2625,0.0081,0.0005,0.0032,0.0001,0.0002,0.0004,0.0080,0.0000,0.0001,0.0001,0.0014
0.0050,0.0915,0.0084,0.2966,0.0033,0.0122,0.0711,0.1263,0.0617,1.0000,0.6000,1.0000,0.2259,0.1443,0.0090,0.0015,0.0027,0.0022,0.0012,0.0005,0.0000,0.0000,0.0000,0.0000,0.0000,0.0001,0.0000,0.0000
0.0031,0.0026,0.0045,0.0049,0.0053,0.0076,0.0300,0.0065,0.3510,0.1827,1.0000,0.0436,0.3460,0.0053,0.0431,0.0020,0.0084,0.0052,0.0018,0.0073,0.0003,0.0023,0.0000,0.0001,0.0001,0.0040,0.0001,0.0000
0.0023,0.0596,0.0236,0.9993,0.0968,0.9802,0.9326,0.9995,0.0959,0.9538,0.0059,0.0092,0.0009,0.0013,0.0003,0.0006,0.0006,0.0022,0.0016,0.0015,0.0012,0.0002,0.0000,0.0001,0.0000,0.0001,0.0005,0.0002
0.0054,0.0030,0.0450,0.0153,0.0726,0.1457,0.0974,0.0896,0.9996,0.0308,0.9860,0.0073,0.0128,0.0021,0.0017,0.0014,0.0015,0.0036,0.0013,0.0026,0.0007,0.0018,0.0002,0.0014,0.0000,0.0000,0.0002,0.0026