c1,c2,c3,c4,c5,c6,c7,c8,c9,c10,c11,c12,c13,c14,c15,c16,c17,c18,c19,c20,c21,c22,c23,c24,c25,c26,c27,c28
0.4812,0.0000,0.0001,0.0000,0.0020,0.0005,0.0031,0.0077,0.0073,0.0011,0.0042,0.0011,0.0071,0.0308,0.0563,0.1569,0.0146,0.0255,0.0123,0.0906,0.1648,0.7686,0.0103,0.0168,0.0023,0.0042,0.0032,0.0065
0.0000,0.0072,0.0021,0.0000,0.0000,0.0001,0.0003,0.0033,0.0059,0.0043,0.0015,0.0384,0.0106,0.3262,0.0811,0.1511,0.0408,0.0442,0.2431,0.0347,0.2307,0.0175,0.9648,0.0030,0.3543,0.0017,0.0063,0.0008
0.0001,0.0021,0.5618,0.0000,0.0002,0.0007,0.0020,0.0015,0.0056,0.0042,0.0214,0.0107,0.0246,0.0037,0.0117,0.0137,0.0217,0.0140,0.0051,0.0071,0.0039,0.0579,0.0099,0.8122,0.0192,0.1123,0.0022,0.0042
0.0000,0.0000,0.0000,0.0175,0.0002,0.0000,0.0001,0.0000,0.0022,0.1747,0.0081,0.9767,0.0231,0.1822,0.0468,0.0123,0.0044,0.0161,0.0668,0.0057,0.0117,0.0056,0.9483,0.0057,1.0000,0.0164,0.0174,0.0015
0.0020,0.0000,0.0002,0.0002,0.2017,0.0004,0.0003,0.0024,0.0010,0.0031,0.0115,0.0059,0.0788,0.0027,0.0112,0.0071,0.0200,0.0231,0.0070,0.0235,0.0031,0.0197,0.0078,0.1592,0.0199,0.9869,0.0034,0.0245
0.0005,0.0001,0.0007,0.0000,0.0004,0.1543,0.0267,0.0015,0.0028,0.1214,0.1332,0.6430,0.0118,0.0046,0.0031,0.0045,0.0017,0.0028,0.0194,0.0079,0.0703,0.0020,0.0067,0.0010,0.0107,0.0015,0.9994,0.0269
0.0031,0.0003,0.0020,0.0001,0.0003,0.0267,0.0676,0.3448,0.0006,0.0005,0.0024,0.0011,0.0032,0.0004,0.0033,0.0040,0.0058,0.0060,0.0018,0.0726,0.0154,0.0048,0.0309,0.0038,0.0358,0.0110,0.0808,0.9994
0.0077,0.0033,0.0015,0.0000,0.0024,0.0015,0.3448,0.4216,0.3324,0.0000,0.0001,0.0001,0.0006,0.0011,0.0018,0.0051,0.0111,0.0066,0.0576,0.1119,0.2793,0.0025,0.0103,0.0016,0.0124,0.0045,0.4426,0.9462
0.0073,0.0059,0.0056,0.0022,0.0010,0.0028,0.0006,0.3324,0.0203,0.0003,0.0000,0.0001,0.0004,0.0002,0.0021,0.0167,0.0134,0.0058,0.0054,0.0507,0.1147,0.0269,0.0331,0.0096,0.0547,0.0107,0.4945,0.9295
0.0011,0.0043,0.0042,0.1747,0.0031,0.1214,0.0005,0.0000,0.0003,0.0009,0.0005,0.0000,0.0000,0.0000,0.0008,0.0067,0.2661,0.0465,0.2653,0.0105,0.0236,0.0065,0.7211,0.0277,0.9999,0.1167,0.7034,0.0120
0.0042,0.0015,0.0214,0.0081,0.0115,0.1332,0.0024,0.0001,0.0000,0.0005,0.0692,0.0006,0.0003,0.0017,0.0011,0.0051,0.0243,0.0286,0.0062,0.0075,0.0028,0.0058,0.0028,0.8276,0.0148,0.9920,0.0064,0.0238
0.0011,0.0384,0.0107,0.9767,0.0059,0.6430,0.0011,0.0001,0.0001,0.0000,0.0006,0.0102,0.0006,0.0001,0.0002,0.0002,0.0066,0.0229,0.1796,0.0058,0.0193,0.0027,0.9554,0.0191,0.9987,0.0094,0.0053,0.0024
0.0071,0.0106,0.0246,0.0231,0.0788,0.0118,0.0032,0.0006,0.0004,0.0000,0.0003,0.0006,0.1014,0.0130,0.0000,0.0006,0.0045,0.0148,0.0105,0.0260,0.0111,0.0194,0.0127,0.9345,0.0353,0.6126,0.0025,0.0082
0.0308,0.3262,0.0037,0.1822,0.0027,0.0046,0.0004,0.0011,0.0002,0.0000,0.0017,0.0001,0.0130,0.0031,0.0098,0.0000,0.0003,0.0012,0.0072,0.0596,0.9649,0.0861,0.9935,0.0248,0.1135,0.0042,0.0100,0.0023
0.0563,0.0811,0.0117,0.0468,0.0112,0.0031,0.0033,0.0018,0.0021,0.0008,0.0011,0.0002,0.0000,0.0098,0.0143,0.0067,0.0000,0.0024,0.0023,0.0137,0.1905,0.9285,0.4316,0.0278,0.0927,0.0108,0.0040,0.0028
0.1569,0.1511,0.0137,0.0123,0.0071,0.0045,0.0040,0.0051,0.0167,0.0067,0.0051,0.0002,0.0006,0.0000,0.0067,0.0185,0.0006,0.0002,0.0551,0.0130,0.7639,0.0740,0.0529,0.0075,0.0062,0.0030,0.0030,0.0026
0.0146,0.0408,0.0217,0.0044,0.0200,0.0017,0.0058,0.0111,0.0134,0.2661,0.0243,0.0066,0.0045,0.0003,0.0000,0.0006,0.0111,0.0267,0.0001,0.0022,0.0029,0.2334,0.1080,0.2749,0.0053,0.0293,0.0022,0.0025
0.0255,0.0442,0.0140,0.0161,0.0231,0.0028,0.0060,0.0066,0.0058,0.0465,0.0286,0.0229,0.0148,0.0012,0.0024,0.0002,0.0267,0.0233,0.1197,0.0004,0.0014,0.0035,0.0030,0.0038,0.0039,0.0058,0.0031,0.0056
0.0123,0.2431,0.0051,0.0668,0.0070,0.0194,0.0018,0.0576,0.0054,0.2653,0.0062,0.1796,0.0105,0.0072,0.0023,0.0551,0.0001,0.1197,0.0009,0.0407,0.0000,0.0002,0.0021,0.0013,0.0132,0.0024,0.0056,0.0014
0.0906,0.0347,0.0071,0.0057,0.0235,0.0079,0.0726,0.1119,0.0507,0.0105,0.0075,0.0058,0.0260,0.0596,0.0137,0.0130,0.0022,0.0004,0.0407,0.0163,0.0003,0.0001,0.0002,0.0021,0.0006,0.0039,0.0050,0.0047
0.1648,0.2307,0.0039,0.0117,0.0031,0.0703,0.0154,0.2793,0.1147,0.0236,0.0028,0.0193,0.0111,0.9649,0.1905,0.7639,0.0029,0.0014,0.0000,0.0003,0.0052,0.0047,0.0000,0.0001,0.0000,0.0004,0.0108,0.0009
0.7686,0.0175,0.0579,0.0056,0.0197,0.0020,0.0048,0.0025,0.0269,0.0065,0.0058,0.0027,0.0194,0.0861,0.9285,0.0740,0.2334,0.0035,0.0002,0.0001,0.0047,0.0527,0.0003,0.0001,0.0001,0.0014,0.0013,0.0018
0.0103,0.9648,0.0099,0.9483,0.0078,0.0067,0.0309,0.0103,0.0331,0.7211,0.0028,0.9554,0.0127,0.9935,0.4316,0.0529,0.1080,0.0030,0.0021,0.0002,0.0000,0.0003,0.0022,0.0006,0.0000,0.0000,0.0000,0.0001
0.0168,0.0030,0.8122,0.0057,0.1592,0.0010,0.0038,0.0016,0.0096,0.0277,0.8276,0.0191,0.9345,0.0248,0.0278,0.0075,0.2749,0.0038,0.0013,0.0021,0.0001,0.0001,0.0006,0.0823,0.0000,0.0001,0.0002,0.0008
0.0023,0.3543,0.0192,1.0000,0.0199,0.0107,0.0358,0.0124,0.0547,0.9999,0.0148,0.9987,0.0353,0.1135,0.0927,0.0062,0.0053,0.0039,0.0132,0.0006,0.0000,0.0001,0.0000,0.0000,0.0000,0.0005,0.0000,0.0000
0.0042,0.0017,0.1123,0.0164,0.9869,0.0015,0.0110,0.0045,0.0107,0.1167,0.9920,0.0094,0.6126,0.0042,0.0108,0.0030,0.0293,0.0058,0.0024,0.0039,0.0004,0.0014,0.0000,0.0001,0.0005,0.0085,0.0003,0.0000
0.0032,0.0063,0.0022,0.0174,0.0034,0.9994,0.0808,0.4426,0.4945,0.7034,0.0064,0.0053,0.0025,0.0100,0.0040,0.0030,0.0022,0.0031,0.0056,0.0050,0.0108,0.0013,0.0000,0.0002,0.0000,0.0003,0.1176,0.0113
0.0065,0.0008,0.0042,0.0015,0.0245,0.0269,0.9994,0.9462,0.9295,0.0120,0.0238,0.0024,0.0082,0.0023,0.0028,0.0026,0.0025,0.0056,0.0014,0.0047,0.0009,0.0018,0.0001,0.0008,0.0000,0.0000,0.0113,0.0228