c1,c2,c3,c4,c5,c6,c7,c8,c9,c10,c11,c12,c13,c14,c15,c16,c17,c18,c19,c20,c21,c22,c23,c24,c25,c26,c27,c28
0.0001,0.0000,0.0003,0.0007,0.0179,0.0097,0.0377,0.0210,0.0293,0.0087,0.0238,0.0056,0.0151,0.0156,0.0114,0.0141,0.0098,0.0140,0.0275,0.0231,0.0084,0.0151,0.0080,0.0067,0.0127,0.0060,0.0078,0.0132
0.0000,0.0004,0.0037,0.0000,0.0002,0.0027,0.0083,0.0384,0.0410,0.0880,0.0176,0.0743,0.0119,0.0228,0.0095,0.0147,0.0064,0.0195,0.0612,0.0229,0.0235,0.0063,0.0369,0.0032,0.1332,0.0040,0.0203,0.0048
0.0003,0.0037,0.0728,0.0018,0.0001,0.0032,0.0124,0.0120,0.0595,0.0262,0.0358,0.0280,0.0174,0.0043,0.0054,0.0078,0.0053,0.0066,0.0119,0.0046,0.0035,0.0053,0.0071,0.0047,0.0171,0.0098,0.0110,0.0155
0.0007,0.0000,0.0018,0.0002,0.0041,0.0001,0.0056,0.0193,0.0462,0.1646,0.0354,0.0595,0.0241,0.0201,0.0106,0.0086,0.0053,0.0092,0.0293,0.0106,0.0088,0.0063,0.0149,0.0048,0.0652,0.0123,0.0643,0.0131
0.0179,0.0002,0.0001,0.0041,0.0096,0.0091,0.0004,0.0105,0.0108,0.0380,0.0386,0.0239,0.0170,0.0042,0.0075,0.0070,0.0057,0.0072,0.0103,0.0135,0.0055,0.0078,0.0105,0.0062,0.0259,0.0102,0.0214,0.0187
0.0097,0.0027,0.0032,0.0001,0.0091,0.0354,0.1906,0.0003,0.0042,0.0108,0.0111,0.0282,0.0132,0.0027,0.0054,0.0049,0.0041,0.0052,0.0134,0.0154,0.0068,0.0056,0.0077,0.0025,0.0213,0.0069,0.0350,0.0203
0.0377,0.0083,0.0124,0.0056,0.0004,0.1906,0.0082,0.0296,0.0005,0.0010,0.0031,0.0037,0.0060,0.0003,0.0040,0.0056,0.0046,0.0043,0.0030,0.0118,0.0089,0.0046,0.0153,0.0060,0.0651,0.0159,0.0479,0.0471
0.0210,0.0384,0.0120,0.0193,0.0105,0.0003,0.0296,0.0251,0.0771,0.0001,0.0018,0.0038,0.0024,0.0018,0.0042,0.0053,0.0059,0.0037,0.0114,0.0076,0.0074,0.0029,0.0058,0.0023,0.0206,0.0128,0.0545,0.0685
0.0293,0.0410,0.0595,0.0462,0.0108,0.0042,0.0005,0.0771,0.0038,0.0042,0.0001,0.0003,0.0008,0.0001,0.0042,0.0055,0.0069,0.0042,0.0032,0.0065,0.0076,0.0037,0.0127,0.0110,0.1695,0.0904,0.1073,0.0722
0.0087,0.0880,0.0262,0.1646,0.0380,0.0108,0.0010,0.0001,0.0042,0.0013,0.0009,0.0000,0.0001,0.0005,0.0031,0.0121,0.0097,0.0056,0.0204,0.0066,0.0104,0.0063,0.0512,0.0108,0.5848,0.0674,0.5072,0.0193
0.0238,0.0176,0.0358,0.0354,0.0386,0.0111,0.0031,0.0018,0.0001,0.0009,0.0028,0.0003,0.0001,0.0008,0.0022,0.0028,0.0112,0.0043,0.0104,0.0054,0.0041,0.0045,0.0177,0.1277,0.1411,0.4773,0.0339,0.0410
0.0056,0.0743,0.0280,0.0595,0.0239,0.0282,0.0037,0.0038,0.0003,0.0000,0.0003,0.0001,0.0009,0.0000,0.0002,0.0007,0.0034,0.0126,0.0195,0.0096,0.1455,0.0102,0.9821,0.2813,0.5675,0.0443,0.0324,0.0106
0.0151,0.0119,0.0174,0.0241,0.0170,0.0132,0.0060,0.0024,0.0008,0.0001,0.0001,0.0009,0.0054,0.0058,0.0000,0.0004,0.0028,0.0033,0.0108,0.0100,0.0187,0.0267,0.0495,0.9765,0.0311,0.1845,0.0062,0.0177
0.0156,0.0228,0.0043,0.0201,0.0042,0.0027,0.0003,0.0018,0.0001,0.0005,0.0008,0.0000,0.0058,0.0000,0.0023,0.0000,0.0001,0.0021,0.0156,0.0280,1.0000,0.5342,0.9985,0.0266,0.1133,0.0080,0.0048,0.0036
0.0114,0.0095,0.0054,0.0106,0.0075,0.0054,0.0040,0.0042,0.0042,0.0031,0.0022,0.0002,0.0000,0.0023,0.0023,0.0021,0.0001,0.0024,0.0137,0.0098,0.1667,0.9669,0.1711,0.1712,0.0436,0.0136,0.0035,0.0039
0.0141,0.0147,0.0078,0.0086,0.0070,0.0049,0.0056,0.0053,0.0055,0.0121,0.0028,0.0007,0.0004,0.0000,0.0021,0.0214,0.0021,0.0007,0.1617,0.0141,0.9643,0.1063,0.0567,0.0060,0.0090,0.0024,0.0034,0.0034
0.0098,0.0064,0.0053,0.0053,0.0057,0.0041,0.0046,0.0059,0.0069,0.0097,0.0112,0.0034,0.0028,0.0001,0.0001,0.0021,0.0132,0.1186,0.0004,0.0098,0.0027,0.8605,0.0288,0.1381,0.0097,0.0188,0.0044,0.0070
0.0140,0.0195,0.0066,0.0092,0.0072,0.0052,0.0043,0.0037,0.0042,0.0056,0.0043,0.0126,0.0033,0.0021,0.0024,0.0007,0.1186,0.0825,0.1237,0.0012,0.0011,0.0181,0.0063,0.0106,0.0076,0.0073,0.0064,0.0059
0.0275,0.0612,0.0119,0.0293,0.0103,0.0134,0.0030,0.0114,0.0032,0.0204,0.0104,0.0195,0.0108,0.0156,0.0137,0.1617,0.0004,0.1237,0.0069,0.1026,0.0000,0.0001,0.0007,0.0009,0.0050,0.0058,0.0074,0.0045
0.0231,0.0229,0.0046,0.0106,0.0135,0.0154,0.0118,0.0076,0.0065,0.0066,0.0054,0.0096,0.0100,0.0280,0.0098,0.0141,0.0098,0.0012,0.1026,0.0167,0.0006,0.0001,0.0011,0.0100,0.0031,0.0119,0.0071,0.0065
0.0084,0.0235,0.0035,0.0088,0.0055,0.0068,0.0089,0.0074,0.0076,0.0104,0.0041,0.1455,0.0187,1.0000,0.1667,0.9643,0.0027,0.0011,0.0000,0.0006,0.0023,0.0012,0.0000,0.0002,0.0004,0.0006,0.0033,0.0019
0.0151,0.0063,0.0053,0.0063,0.0078,0.0056,0.0046,0.0029,0.0037,0.0063,0.0045,0.0102,0.0267,0.5342,0.9669,0.1063,0.8605,0.0181,0.0001,0.0001,0.0012,0.0083,0.0009,0.0000,0.0004,0.0054,0.0013,0.0082
0.0080,0.0369,0.0071,0.0149,0.0105,0.0077,0.0153,0.0058,0.0127,0.0512,0.0177,0.9821,0.0495,0.9985,0.1711,0.0567,0.0288,0.0063,0.0007,0.0011,0.0000,0.0009,0.0004,0.0035,0.0000,0.0001,0.0003,0.0012
0.0067,0.0032,0.0047,0.0048,0.0062,0.0025,0.0060,0.0023,0.0110,0.0108,0.1277,0.2813,0.9765,0.0266,0.1712,0.0060,0.1381,0.0106,0.0009,0.0100,0.0002,0.0000,0.0035,0.0044,0.0022,0.0001,0.0007,0.0048
0.0127,0.1332,0.0171,0.0652,0.0259,0.0213,0.0651,0.0206,0.1695,0.5848,0.1411,0.5675,0.0311,0.1133,0.0436,0.0090,0.0097,0.0076,0.0050,0.0031,0.0004,0.0004,0.0000,0.0022,0.0001,0.0023,0.0000,0.0002
0.0060,0.0040,0.0098,0.0123,0.0102,0.0069,0.0159,0.0128,0.0904,0.0674,0.4773,0.0443,0.1845,0.0080,0.0136,0.0024,0.0188,0.0073,0.0058,0.0119,0.0006,0.0054,0.0001,0.0001,0.0023,0.0059,0.0019,0.0001
0.0078,0.0203,0.0110,0.0643,0.0214,0.0350,0.0479,0.0545,0.1073,0.5072,0.0339,0.0324,0.0062,0.0048,0.0035,0.0034,0.0044,0.0064,0.0074,0.0071,0.0033,0.0013,0.0003,0.0007,0.0000,0.0019,0.0122,0.0016
0.0132,0.0048,0.0155,0.0131,0.0187,0.0203,0.0471,0.0685,0.0722,0.0193,0.0410,0.0106,0.0177,0.0036,0.0039,0.0034,0.0070,0.0059,0.0045,0.0065,0.0019,0.0082,0.0012,0.0048,0.0002,0.0001,0.0016,0.0178