c1,c2,c3,c4,c5,c6,c7,c8,c9,c10,c11,c12,c13,c14,c15,c16,c17,c18,c19,c20
0.0018,0.0168,0.0002,0.0096,0.0192,0.0072,0.0205,0.0345,0.0298,0.0033,0.0251,0.0091,0.0042,0.0069,0.0041,0.0045,0.0034,0.0170,0.0046,0.0074
0.0168,0.0433,0.0117,0.0004,0.0124,0.0126,0.0059,0.0129,0.0061,0.0052,0.0071,0.0042,0.0051,0.0113,0.0073,0.0045,0.0045,0.0152,0.0042,0.0050
0.0002,0.0117,0.0204,0.0200,0.0006,0.0355,0.0957,0.0066,0.0096,0.0054,0.0087,0.0059,0.0056,0.0093,0.0068,0.0079,0.0094,0.0046,0.0052,0.0060
0.0096,0.0004,0.0200,0.0643,0.0228,0.0001,0.0122,0.0470,0.0049,0.0040,0.0081,0.0068,0.0070,0.0090,0.0222,0.0055,0.0198,0.0088,0.0028,0.0031
0.0192,0.0124,0.0006,0.0228,0.0280,0.0084,0.0002,0.0072,0.0304,0.0052,0.0112,0.0072,0.0074,0.0117,0.0083,0.0089,0.0091,0.0111,0.0041,0.0032
0.0072,0.0126,0.0355,0.0001,0.0084,0.0108,0.0013,0.0001,0.0055,0.0554,0.0065,0.0146,0.0087,0.0169,0.0191,0.0256,0.0224,0.0106,0.0079,0.0049
0.0205,0.0059,0.0957,0.0122,0.0002,0.0013,0.0049,0.0009,0.0003,0.0346,0.0459,0.0054,0.0163,0.0098,0.0210,0.0108,0.0263,0.0060,0.0076,0.0062
0.0345,0.0129,0.0066,0.0470,0.0072,0.0001,0.0009,0.0036,0.0035,0.0027,0.0120,0.0225,0.0091,0.0104,0.0090,0.0131,0.0152,0.0117,0.0062,0.0091
0.0298,0.0061,0.0096,0.0049,0.0304,0.0055,0.0003,0.0035,0.0049,0.0182,0.0003,0.0124,0.0446,0.0078,0.0253,0.0072,0.0143,0.0120,0.0047,0.0045
0.0033,0.0052,0.0054,0.0040,0.0052,0.0554,0.0346,0.0027,0.0182,0.0001,0.0115,0.0023,0.0497,0.0381,0.0056,0.0139,0.0056,0.0117,0.0052,0.0059
0.0251,0.0071,0.0087,0.0081,0.0112,0.0065,0.0459,0.0120,0.0003,0.0115,0.0064,0.0027,0.0003,0.0223,0.0195,0.0085,0.0161,0.0071,0.0041,0.0072
0.0091,0.0042,0.0059,0.0068,0.0072,0.0146,0.0054,0.0225,0.0124,0.0023,0.0027,0.0145,0.0079,0.0003,0.0104,0.0325,0.0056,0.0184,0.0066,0.0079
0.0042,0.0051,0.0056,0.0070,0.0074,0.0087,0.0163,0.0091,0.0446,0.0497,0.0003,0.0079,0.0027,0.0028,0.0006,0.0100,0.0327,0.0080,0.0163,0.0125
0.0069,0.0113,0.0093,0.0090,0.0117,0.0169,0.0098,0.0104,0.0078,0.0381,0.0223,0.0003,0.0028,0.0055,0.0028,0.0004,0.0066,0.0203,0.0052,0.0274
0.0041,0.0073,0.0068,0.0222,0.0083,0.0191,0.0210,0.0090,0.0253,0.0056,0.0195,0.0104,0.0006,0.0028,0.0162,0.0032,0.0001,0.0087,0.0260,0.0162
0.0045,0.0045,0.0079,0.0055,0.0089,0.0256,0.0108,0.0131,0.0072,0.0139,0.0085,0.0325,0.0100,0.0004,0.0032,0.0113,0.0078,0.0002,0.0115,0.0446
0.0034,0.0045,0.0094,0.0198,0.0091,0.0224,0.0263,0.0152,0.0143,0.0056,0.0161,0.0056,0.0327,0.0066,0.0001,0.0078,0.0260,0.0033,0.0006,0.0086
0.0170,0.0152,0.0046,0.0088,0.0111,0.0106,0.0060,0.0117,0.0120,0.0117,0.0071,0.0184,0.0080,0.0203,0.0087,0.0002,0.0033,0.0127,0.0274,0.0002
0.0046,0.0042,0.0052,0.0028,0.0041,0.0079,0.0076,0.0062,0.0047,0.0052,0.0041,0.0066,0.0163,0.0052,0.0260,0.0115,0.0006,0.0274,0.0603,0.0146
0.0074,0.0050,0.0060,0.0031,0.0032,0.0049,0.0062,0.0091,0.0045,0.0059,0.0072,0.0079,0.0125,0.0274,0.0162,0.0446,0.0086,0.0002,0.0146,0.0193