c1,c2,c3,c4,c5,c6,c7,c8,c9,c10,c11,c12,c13,c14,c15,c16,c17,c18,c19,c20,c21,c22,c23,c24,c25,c26,c27,c28
0.2112,0.0001,0.0015,0.0001,0.0029,0.0005,0.0023,0.0033,0.0025,0.0010,0.0024,0.0021,0.0113,0.0087,0.0270,0.0262,0.0199,0.0479,0.0620,0.3933,0.0127,0.0827,0.0331,0.0162,0.0045,0.0109,0.0027,0.0050
0.0001,0.0985,0.0032,0.0000,0.0001,0.0000,0.0003,0.0038,0.0024,0.0021,0.0010,0.0767,0.0040,0.0649,0.0069,0.0153,0.0042,0.0143,0.0784,0.0481,0.2436,0.0100,0.9492,0.0032,0.8756,0.0022,0.0247,0.0011
0.0015,0.0032,0.3431,0.0001,0.0002,0.0001,0.0004,0.0016,0.0019,0.0023,0.0045,0.0048,0.0100,0.0043,0.0157,0.0079,0.0236,0.0162,0.0334,0.3830,0.0079,0.4667,0.0549,0.0781,0.0074,0.0114,0.0028,0.0053
0.0001,0.0000,0.0001,0.0012,0.0011,0.0000,0.0000,0.0002,0.0009,0.1757,0.0028,0.8630,0.0125,0.1812,0.0028,0.0046,0.0019,0.0036,0.0251,0.0058,0.2033,0.0039,0.9999,0.0043,0.9977,0.0049,0.1043,0.0013
0.0029,0.0001,0.0002,0.0011,0.0433,0.0005,0.0017,0.0017,0.0004,0.0031,0.0147,0.0041,0.0166,0.0014,0.0247,0.0058,0.0501,0.0170,0.0277,0.1290,0.0050,0.5739,0.0317,0.1327,0.0172,0.0158,0.0041,0.0068
0.0005,0.0000,0.0001,0.0000,0.0005,0.0114,0.0654,0.0001,0.0003,0.4629,0.1522,0.7651,0.0231,0.0377,0.0128,0.0091,0.0029,0.0082,0.0632,0.0096,0.1202,0.0023,0.4417,0.0023,0.2368,0.0040,0.0527,0.0051
0.0023,0.0003,0.0004,0.0000,0.0017,0.0654,0.0049,0.4157,0.0107,0.0543,0.0070,0.0009,0.0051,0.0001,0.0053,0.0028,0.0028,0.0035,0.0026,0.0091,0.0066,0.0072,0.1337,0.0749,0.3182,0.0291,0.0844,0.0475
0.0033,0.0038,0.0016,0.0002,0.0017,0.0001,0.4157,0.1824,0.4468,0.0000,0.0004,0.0001,0.0014,0.0006,0.0036,0.0094,0.0135,0.0287,0.2465,0.0133,0.0088,0.0019,0.0087,0.0022,0.0335,0.0117,0.5728,0.9991
0.0025,0.0024,0.0019,0.0009,0.0004,0.0003,0.0107,0.4468,0.0252,0.0000,0.0000,0.0000,0.0002,0.0001,0.0013,0.0076,0.0032,0.0042,0.0194,0.0056,0.0049,0.0014,0.0198,0.0036,0.1089,0.1228,0.9993,1.0000
0.0010,0.0021,0.0023,0.1757,0.0031,0.4629,0.0543,0.0000,0.0000,0.0011,0.0001,0.0000,0.0000,0.0000,0.0002,0.0059,0.0116,0.0147,0.0439,0.0057,0.0214,0.0047,0.8991,0.0202,1.0000,0.1041,0.9991,0.0502
0.0024,0.0010,0.0045,0.0028,0.0147,0.1522,0.0070,0.0004,0.0000,0.0001,0.0041,0.0000,0.0004,0.0002,0.0046,0.0042,0.0067,0.0050,0.0072,0.0018,0.0007,0.0017,0.0089,0.4413,0.0350,1.0000,0.0092,0.9412
0.0021,0.0767,0.0048,0.8630,0.0041,0.7651,0.0009,0.0001,0.0000,0.0000,0.0000,0.0189,0.0004,0.0000,0.0000,0.0002,0.0015,0.0065,0.0085,0.0021,0.1037,0.0029,1.0000,0.3325,0.9999,0.0166,0.0386,0.0046
0.0113,0.0040,0.0100,0.0125,0.0166,0.0231,0.0051,0.0014,0.0002,0.0000,0.0004,0.0004,0.0573,0.0004,0.0001,0.0002,0.0030,0.0045,0.0084,0.0053,0.0020,0.0822,0.0333,0.9999,0.0146,0.9608,0.0026,0.0202
0.0087,0.0649,0.0043,0.1812,0.0014,0.0377,0.0001,0.0006,0.0001,0.0000,0.0002,0.0000,0.0004,0.0003,0.0077,0.0001,0.0000,0.0016,0.0049,0.0359,1.0000,0.0657,0.9999,0.0554,0.1221,0.0064,0.0068,0.0011
0.0270,0.0069,0.0157,0.0028,0.0247,0.0128,0.0053,0.0036,0.0013,0.0002,0.0046,0.0000,0.0001,0.0077,0.0156,0.0019,0.0000,0.0013,0.0013,0.0079,0.0133,0.9999,0.0273,0.8997,0.0046,0.0875,0.0013,0.0019
0.0262,0.0153,0.0079,0.0046,0.0058,0.0091,0.0028,0.0094,0.0076,0.0059,0.0042,0.0002,0.0002,0.0001,0.0019,0.0987,0.0003,0.0002,0.4356,0.0330,0.9985,0.0830,0.0355,0.0059,0.0016,0.0029,0.0022,0.0021
0.0199,0.0042,0.0236,0.0019,0.0501,0.0029,0.0028,0.0135,0.0032,0.0116,0.0067,0.0015,0.0030,0.0000,0.0000,0.0003,0.0204,0.4265,0.0001,0.5789,0.0009,0.9964,0.0084,0.1068,0.0022,0.0167,0.0027,0.0022
0.0479,0.0143,0.0162,0.0036,0.0170,0.0082,0.0035,0.0287,0.0042,0.0147,0.0050,0.0065,0.0045,0.0016,0.0013,0.0002,0.4265,0.1314,0.1961,0.0040,0.0009,0.0098,0.0008,0.0038,0.0014,0.0052,0.0032,0.0054
0.0620,0.0784,0.0334,0.0251,0.0277,0.0632,0.0026,0.2465,0.0194,0.0439,0.0072,0.0085,0.0084,0.0049,0.0013,0.4356,0.0001,0.1961,0.0579,0.3736,0.0000,0.0002,0.0000,0.0004,0.0006,0.0014,0.0039,0.0020
0.3933,0.0481,0.3830,0.0058,0.1290,0.0096,0.0091,0.0133,0.0056,0.0057,0.0018,0.0021,0.0053,0.0359,0.0079,0.0330,0.5789,0.0040,0.3736,0.0246,0.0005,0.0001,0.0000,0.0005,0.0002,0.0018,0.0015,0.0009
0.0127,0.2436,0.0079,0.2033,0.0050,0.1202,0.0066,0.0088,0.0049,0.0214,0.0007,0.1037,0.0020,1.0000,0.0133,0.9985,0.0009,0.0009,0.0000,0.0005,0.0048,0.0007,0.0000,0.0000,0.0001,0.0002,0.0149,0.0004
0.0827,0.0100,0.4667,0.0039,0.5739,0.0023,0.0072,0.0019,0.0014,0.0047,0.0017,0.0029,0.0822,0.0657,0.9999,0.0830,0.9964,0.0098,0.0002,0.0001,0.0007,0.0029,0.0000,0.0000,0.0000,0.0009,0.0003,0.0006
0.0331,0.9492,0.0549,0.9999,0.0317,0.4417,0.1337,0.0087,0.0198,0.8991,0.0089,1.0000,0.0333,0.9999,0.0273,0.0355,0.0084,0.0008,0.0000,0.0000,0.0000,0.0000,0.0000,0.0001,0.0000,0.0000,0.0000,0.0001
0.0162,0.0032,0.0781,0.0043,0.1327,0.0023,0.0749,0.0022,0.0036,0.0202,0.4413,0.3325,0.9999,0.0554,0.8997,0.0059,0.1068,0.0038,0.0004,0.0005,0.0000,0.0000,0.0001,0.0041,0.0000,0.0000,0.0002,0.0003
0.0045,0.8756,0.0074,0.9977,0.0172,0.2368,0.3182,0.0335,0.1089,1.0000,0.0350,0.9999,0.0146,0.1221,0.0046,0.0016,0.0022,0.0014,0.0006,0.0002,0.0001,0.0000,0.0000,0.0000,0.0007,0.0002,0.0000,0.0000
0.0109,0.0022,0.0114,0.0049,0.0158,0.0040,0.0291,0.0117,0.1228,0.1041,1.0000,0.0166,0.9608,0.0064,0.0875,0.0029,0.0167,0.0052,0.0014,0.0018,0.0002,0.0009,0.0000,0.0000,0.0002,0.0045,0.0001,0.0000
0.0027,0.0247,0.0028,0.1043,0.0041,0.0527,0.0844,0.5728,0.9993,0.9991,0.0092,0.0386,0.0026,0.0068,0.0013,0.0022,0.0027,0.0032,0.0039,0.0015,0.0149,0.0003,0.0000,0.0002,0.0000,0.0001,0.0314,0.0062
0.0050,0.0011,0.0053,0.0013,0.0068,0.0051,0.0475,0.9991,1.0000,0.0502,0.9412,0.0046,0.0202,0.0011,0.0019,0.0021,0.0022,0.0054,0.0020,0.0009,0.0004,0.0006,0.0001,0.0003,0.0000,0.0000,0.0062,0.0010