c1,c2,c3,c4,c5,c6,c7,c8,c9,c10,c11,c12,c13,c14,c15,c16,c17,c18,c19,c20,c21,c22,c23,c24,c25,c26,c27,c28
0.0004,0.0000,0.0002,0.0002,0.0058,0.0027,0.0271,0.0119,0.0200,0.0048,0.0293,0.0041,0.0532,0.0152,0.0344,0.0341,0.0159,0.0341,0.0311,0.0604,0.0074,0.0114,0.0091,0.0066,0.0095,0.0073,0.0052,0.0145
0.0000,0.0007,0.0019,0.0000,0.0002,0.0014,0.0057,0.0159,0.0252,0.0258,0.0083,0.3832,0.0523,0.5213,0.0108,0.0400,0.0045,0.0118,0.0665,0.0126,0.0219,0.0042,0.0939,0.0024,0.2060,0.0020,0.0124,0.0028
0.0002,0.0019,0.0068,0.0004,0.0000,0.0005,0.0275,0.0049,0.0526,0.0137,0.3365,0.0157,0.1491,0.0054,0.0087,0.0125,0.0067,0.0107,0.0140,0.0123,0.0046,0.0063,0.0093,0.0065,0.0134,0.0154,0.0050,0.0211
0.0002,0.0000,0.0004,0.0001,0.0024,0.0000,0.0018,0.0092,0.0279,0.1930,0.1100,0.9979,0.0934,0.0351,0.0038,0.0137,0.0022,0.0103,0.0271,0.0060,0.0127,0.0028,0.0655,0.0034,0.2195,0.0044,0.0277,0.0063
0.0058,0.0002,0.0000,0.0024,0.0196,0.0025,0.0023,0.0067,0.0287,0.0309,0.6371,0.1361,0.0179,0.0028,0.0067,0.0066,0.0061,0.0052,0.0107,0.0116,0.0052,0.0040,0.0089,0.0048,0.0178,0.0051,0.0053,0.0091
0.0027,0.0014,0.0005,0.0000,0.0025,0.0098,0.1626,0.0053,0.0057,0.2045,0.0274,0.3502,0.0073,0.0032,0.0025,0.0078,0.0028,0.0057,0.0226,0.0070,0.0134,0.0029,0.0149,0.0019,0.0700,0.0026,0.0285,0.0074
0.0271,0.0057,0.0275,0.0018,0.0023,0.1626,0.0009,0.1763,0.0032,0.0047,0.0072,0.0041,0.0056,0.0001,0.0039,0.0071,0.0048,0.0049,0.0017,0.0072,0.0100,0.0031,0.0183,0.0040,0.0757,0.0070,0.0261,0.0176
0.0119,0.0159,0.0049,0.0092,0.0067,0.0053,0.1763,0.0371,0.0315,0.0001,0.0003,0.0016,0.0009,0.0017,0.0040,0.0088,0.0044,0.0042,0.0148,0.0064,0.0070,0.0022,0.0112,0.0021,0.0803,0.0117,0.1213,0.0357
0.0200,0.0252,0.0526,0.0279,0.0287,0.0057,0.0032,0.0315,0.0051,0.0011,0.0000,0.0000,0.0005,0.0001,0.0044,0.0115,0.0079,0.0045,0.0068,0.0076,0.0080,0.0041,0.0187,0.0133,0.0807,0.2299,0.1805,0.1632
0.0048,0.0258,0.0137,0.1930,0.0309,0.2045,0.0047,0.0001,0.0011,0.0008,0.0013,0.0000,0.0000,0.0001,0.0009,0.0088,0.0073,0.0044,0.0182,0.0056,0.0095,0.0031,0.1804,0.0166,0.9119,0.1118,0.6935,0.0266
0.0293,0.0083,0.3365,0.1100,0.6371,0.0274,0.0072,0.0003,0.0000,0.0013,0.0022,0.0001,0.0002,0.0004,0.0009,0.0023,0.0040,0.0022,0.0039,0.0021,0.0011,0.0016,0.0055,0.0494,0.0320,0.9913,0.0289,0.1275
0.0041,0.3832,0.0157,0.9979,0.1361,0.3502,0.0041,0.0016,0.0000,0.0000,0.0001,0.0000,0.0003,0.0000,0.0000,0.0002,0.0017,0.0061,0.0145,0.0026,0.2676,0.0038,0.9992,0.0505,0.9632,0.0184,0.0307,0.0042
0.0532,0.0523,0.1491,0.0934,0.0179,0.0073,0.0056,0.0009,0.0005,0.0000,0.0002,0.0003,0.0018,0.0022,0.0001,0.0004,0.0026,0.0035,0.0109,0.0079,0.0031,0.0141,0.0215,0.9961,0.0395,0.1386,0.0047,0.0399
0.0152,0.5213,0.0054,0.0351,0.0028,0.0032,0.0001,0.0017,0.0001,0.0001,0.0004,0.0000,0.0022,0.0000,0.0044,0.0000,0.0001,0.0017,0.0252,0.0165,1.0000,0.1170,0.9998,0.0634,0.1863,0.0042,0.0046,0.0021
0.0344,0.0108,0.0087,0.0038,0.0067,0.0025,0.0039,0.0040,0.0044,0.0009,0.0009,0.0000,0.0001,0.0044,0.0042,0.0022,0.0001,0.0008,0.0063,0.0155,0.0500,0.9997,0.1340,0.2490,0.0298,0.0342,0.0035,0.0052
0.0341,0.0400,0.0125,0.0137,0.0066,0.0078,0.0071,0.0088,0.0115,0.0088,0.0023,0.0002,0.0004,0.0000,0.0022,0.0201,0.0010,0.0004,0.1249,0.0125,0.9885,0.1807,0.0270,0.0044,0.0029,0.0015,0.0022,0.0030
0.0159,0.0045,0.0067,0.0022,0.0061,0.0028,0.0048,0.0044,0.0079,0.0073,0.0040,0.0017,0.0026,0.0001,0.0001,0.0010,0.0166,0.1403,0.0004,0.0989,0.0020,0.9952,0.0197,0.2396,0.0053,0.0140,0.0033,0.0055
0.0341,0.0118,0.0107,0.0103,0.0052,0.0057,0.0049,0.0042,0.0045,0.0044,0.0022,0.0061,0.0035,0.0017,0.0008,0.0004,0.1403,0.0589,0.1035,0.0038,0.0011,0.0804,0.0042,0.0117,0.0062,0.0074,0.0065,0.0078
0.0311,0.0665,0.0140,0.0271,0.0107,0.0226,0.0017,0.0148,0.0068,0.0182,0.0039,0.0145,0.0109,0.0252,0.0063,0.1249,0.0004,0.1035,0.0122,0.0973,0.0000,0.0001,0.0004,0.0011,0.0045,0.0049,0.0127,0.0070
0.0604,0.0126,0.0123,0.0060,0.0116,0.0070,0.0072,0.0064,0.0076,0.0056,0.0021,0.0026,0.0079,0.0165,0.0155,0.0125,0.0989,0.0038,0.0973,0.0227,0.0003,0.0002,0.0003,0.0046,0.0016,0.0215,0.0125,0.0190
0.0074,0.0219,0.0046,0.0127,0.0052,0.0134,0.0100,0.0070,0.0080,0.0095,0.0011,0.2676,0.0031,1.0000,0.0500,0.9885,0.0020,0.0011,0.0000,0.0003,0.0015,0.0009,0.0000,0.0001,0.0007,0.0006,0.0062,0.0026
0.0114,0.0042,0.0063,0.0028,0.0040,0.0029,0.0031,0.0022,0.0041,0.0031,0.0016,0.0038,0.0141,0.1170,0.9997,0.1807,0.9952,0.0804,0.0001,0.0002,0.0009,0.0095,0.0000,0.0001,0.0002,0.0043,0.0011,0.0092
0.0091,0.0939,0.0093,0.0655,0.0089,0.0149,0.0183,0.0112,0.0187,0.1804,0.0055,0.9992,0.0215,0.9998,0.1340,0.0270,0.0197,0.0042,0.0004,0.0003,0.0000,0.0000,0.0006,0.0011,0.0000,0.0000,0.0002,0.0012
0.0066,0.0024,0.0065,0.0034,0.0048,0.0019,0.0040,0.0021,0.0133,0.0166,0.0494,0.0505,0.9961,0.0634,0.2490,0.0044,0.2396,0.0117,0.0011,0.0046,0.0001,0.0001,0.0011,0.0100,0.0005,0.0001,0.0024,0.0076
0.0095,0.2060,0.0134,0.2195,0.0178,0.0700,0.0757,0.0803,0.0807,0.9119,0.0320,0.9632,0.0395,0.1863,0.0298,0.0029,0.0053,0.0062,0.0045,0.0016,0.0007,0.0002,0.0000,0.0005,0.0000,0.0013,0.0000,0.0001
0.0073,0.0020,0.0154,0.0044,0.0051,0.0026,0.0070,0.0117,0.2299,0.1118,0.9913,0.0184,0.1386,0.0042,0.0342,0.0015,0.0140,0.0074,0.0049,0.0215,0.0006,0.0043,0.0000,0.0001,0.0013,0.0032,0.0014,0.0003
0.0052,0.0124,0.0050,0.0277,0.0053,0.0285,0.0261,0.1213,0.1805,0.6935,0.0289,0.0307,0.0047,0.0046,0.0035,0.0022,0.0033,0.0065,0.0127,0.0125,0.0062,0.0011,0.0002,0.0024,0.0000,0.0014,0.0255,0.0023
0.0145,0.0028,0.0211,0.0063,0.0091,0.0074,0.0176,0.0357,0.1632,0.0266,0.1275,0.0042,0.0399,0.0021,0.0052,0.0030,0.0055,0.0078,0.0070,0.0190,0.0026,0.0092,0.0012,0.0076,0.0001,0.0003,0.0023,0.0107