c1,c2,c3,c4,c5,c6,c7,c8,c9,c10,c11,c12,c13,c14,c15,c16,c17,c18,c19,c20,c21,c22,c23,c24,c25,c26,c27,c28
0.0005,0.0001,0.0002,0.0005,0.0088,0.0053,0.0452,0.0177,0.0323,0.0066,0.0188,0.0093,0.0128,0.0075,0.0107,0.0131,0.0077,0.0154,0.0257,0.0303,0.0091,0.0154,0.0116,0.0077,0.0096,0.0073,0.0056,0.0117
0.0001,0.0022,0.0053,0.0000,0.0005,0.0066,0.0075,0.0240,0.0264,0.0768,0.0067,0.3455,0.0053,0.0126,0.0056,0.0080,0.0034,0.0086,0.0292,0.0096,0.0183,0.0035,0.0862,0.0024,0.2658,0.0022,0.0258,0.0040
0.0002,0.0053,0.0119,0.0019,0.0001,0.0013,0.0276,0.0097,0.1236,0.0365,0.0352,0.0098,0.0092,0.0021,0.0052,0.0055,0.0037,0.0077,0.0112,0.0137,0.0057,0.0075,0.0138,0.0071,0.0172,0.0150,0.0075,0.0270
0.0005,0.0000,0.0019,0.0002,0.0055,0.0000,0.0036,0.0324,0.0233,0.3887,0.0172,0.2303,0.0065,0.0066,0.0024,0.0062,0.0024,0.0094,0.0235,0.0108,0.0130,0.0039,0.0886,0.0064,0.2359,0.0060,0.1718,0.0095
0.0088,0.0005,0.0001,0.0055,0.0090,0.0029,0.0003,0.0091,0.0212,0.0591,0.0176,0.0397,0.0067,0.0026,0.0074,0.0063,0.0054,0.0066,0.0126,0.0174,0.0076,0.0052,0.0236,0.0062,0.0721,0.0086,0.0254,0.0086
0.0053,0.0066,0.0013,0.0000,0.0029,0.0295,0.0683,0.0003,0.0031,0.0576,0.0039,0.0406,0.0035,0.0027,0.0025,0.0084,0.0038,0.0080,0.0266,0.0104,0.0181,0.0027,0.0243,0.0029,0.0659,0.0035,0.2438,0.0167
0.0452,0.0075,0.0276,0.0036,0.0003,0.0683,0.0056,0.0405,0.0005,0.0002,0.0020,0.0037,0.0034,0.0003,0.0051,0.0069,0.0052,0.0061,0.0040,0.0084,0.0100,0.0039,0.0276,0.0074,0.1612,0.0080,0.1410,0.0697
0.0177,0.0240,0.0097,0.0324,0.0091,0.0003,0.0405,0.0132,0.0332,0.0000,0.0001,0.0005,0.0007,0.0012,0.0029,0.0107,0.0047,0.0054,0.0311,0.0054,0.0076,0.0023,0.0118,0.0048,0.0955,0.0165,0.8405,0.2760
0.0323,0.0264,0.1236,0.0233,0.0212,0.0031,0.0005,0.0332,0.0010,0.0005,0.0001,0.0000,0.0005,0.0001,0.0057,0.0103,0.0058,0.0044,0.0025,0.0047,0.0052,0.0031,0.0150,0.0182,0.0931,0.4715,0.2376,0.8157
0.0066,0.0768,0.0365,0.3887,0.0591,0.0576,0.0002,0.0000,0.0005,0.0004,0.0012,0.0000,0.0000,0.0000,0.0006,0.0059,0.0062,0.0050,0.0257,0.0042,0.0101,0.0027,0.3243,0.0231,0.9971,0.1783,0.9079,0.0218
0.0188,0.0067,0.0352,0.0172,0.0176,0.0039,0.0020,0.0001,0.0001,0.0012,0.0024,0.0002,0.0002,0.0008,0.0024,0.0026,0.0071,0.0032,0.0055,0.0031,0.0013,0.0022,0.0078,0.1724,0.0568,0.9999,0.0165,0.4264
0.0093,0.3455,0.0098,0.2303,0.0397,0.0406,0.0037,0.0005,0.0000,0.0000,0.0002,0.0001,0.0021,0.0000,0.0001,0.0002,0.0011,0.0062,0.0269,0.0055,0.2846,0.0041,0.9997,0.0803,0.9823,0.0245,0.0145,0.0072
0.0128,0.0053,0.0092,0.0065,0.0067,0.0035,0.0034,0.0007,0.0005,0.0000,0.0002,0.0021,0.0105,0.0031,0.0002,0.0010,0.0063,0.0058,0.0135,0.0102,0.0046,0.0315,0.0290,0.9995,0.0806,0.2920,0.0029,0.0291
0.0075,0.0126,0.0021,0.0066,0.0026,0.0027,0.0003,0.0012,0.0001,0.0000,0.0008,0.0000,0.0031,0.0000,0.0048,0.0001,0.0002,0.0025,0.0256,0.0240,1.0000,0.2089,0.9996,0.0438,0.3591,0.0065,0.0042,0.0023
0.0107,0.0056,0.0052,0.0024,0.0074,0.0025,0.0051,0.0029,0.0057,0.0006,0.0024,0.0001,0.0002,0.0048,0.0034,0.0019,0.0002,0.0019,0.0132,0.0210,0.0454,0.9998,0.0440,0.2086,0.0294,0.0237,0.0019,0.0032
0.0131,0.0080,0.0055,0.0062,0.0063,0.0084,0.0069,0.0107,0.0103,0.0059,0.0026,0.0002,0.0010,0.0001,0.0019,0.0334,0.0012,0.0008,0.2342,0.0665,0.9849,0.1419,0.0214,0.0047,0.0034,0.0012,0.0017,0.0027
0.0077,0.0034,0.0037,0.0024,0.0054,0.0038,0.0052,0.0047,0.0058,0.0062,0.0071,0.0011,0.0063,0.0002,0.0002,0.0012,0.0148,0.2164,0.0003,0.2621,0.0021,0.9941,0.0125,0.1037,0.0048,0.0090,0.0023,0.0042
0.0154,0.0086,0.0077,0.0094,0.0066,0.0080,0.0061,0.0054,0.0044,0.0050,0.0032,0.0062,0.0058,0.0025,0.0019,0.0008,0.2164,0.0856,0.0740,0.0059,0.0007,0.0385,0.0026,0.0106,0.0051,0.0039,0.0043,0.0065
0.0257,0.0292,0.0112,0.0235,0.0126,0.0266,0.0040,0.0311,0.0025,0.0257,0.0055,0.0269,0.0135,0.0256,0.0132,0.2342,0.0003,0.0740,0.0078,0.1043,0.0000,0.0001,0.0004,0.0007,0.0047,0.0025,0.0089,0.0043
0.0303,0.0096,0.0137,0.0108,0.0174,0.0104,0.0084,0.0054,0.0047,0.0042,0.0031,0.0055,0.0102,0.0240,0.0210,0.0665,0.2621,0.0059,0.1043,0.0195,0.0002,0.0001,0.0001,0.0031,0.0008,0.0079,0.0051,0.0090
0.0091,0.0183,0.0057,0.0130,0.0076,0.0181,0.0100,0.0076,0.0052,0.0101,0.0013,0.2846,0.0046,1.0000,0.0454,0.9849,0.0021,0.0007,0.0000,0.0002,0.0016,0.0012,0.0000,0.0001,0.0003,0.0004,0.0048,0.0013
0.0154,0.0035,0.0075,0.0039,0.0052,0.0027,0.0039,0.0023,0.0031,0.0027,0.0022,0.0041,0.0315,0.2089,0.9998,0.1419,0.9941,0.0385,0.0001,0.0001,0.0012,0.0156,0.0001,0.0001,0.0001,0.0048,0.0005,0.0046
0.0116,0.0862,0.0138,0.0886,0.0236,0.0243,0.0276,0.0118,0.0150,0.3243,0.0078,0.9997,0.0290,0.9996,0.0440,0.0214,0.0125,0.0026,0.0004,0.0001,0.0000,0.0001,0.0007,0.0014,0.0000,0.0000,0.0001,0.0005
0.0077,0.0024,0.0071,0.0064,0.0062,0.0029,0.0074,0.0048,0.0182,0.0231,0.1724,0.0803,0.9995,0.0438,0.2086,0.0047,0.1037,0.0106,0.0007,0.0031,0.0001,0.0001,0.0014,0.0069,0.0003,0.0000,0.0004,0.0050
0.0096,0.2658,0.0172,0.2359,0.0721,0.0659,0.1612,0.0955,0.0931,0.9971,0.0568,0.9823,0.0806,0.3591,0.0294,0.0034,0.0048,0.0051,0.0047,0.0008,0.0003,0.0001,0.0000,0.0003,0.0000,0.0004,0.0000,0.0000
0.0073,0.0022,0.0150,0.0060,0.0086,0.0035,0.0080,0.0165,0.4715,0.1783,0.9999,0.0245,0.2920,0.0065,0.0237,0.0012,0.0090,0.0039,0.0025,0.0079,0.0004,0.0048,0.0000,0.0000,0.0004,0.0015,0.0005,0.0001
0.0056,0.0258,0.0075,0.1718,0.0254,0.2438,0.1410,0.8405,0.2376,0.9079,0.0165,0.0145,0.0029,0.0042,0.0019,0.0017,0.0023,0.0043,0.0089,0.0051,0.0048,0.0005,0.0001,0.0004,0.0000,0.0005,0.0116,0.0007
0.0117,0.0040,0.0270,0.0095,0.0086,0.0167,0.0697,0.2760,0.8157,0.0218,0.4264,0.0072,0.0291,0.0023,0.0032,0.0027,0.0042,0.0065,0.0043,0.0090,0.0013,0.0046,0.0005,0.0050,0.0000,0.0001,0.0007,0.0048