c1,c2,c3,c4,c5,c6,c7,c8,c9,c10,c11,c12,c13,c14,c15,c16,c17,c18,c19,c20,c21,c22,c23,c24,c25,c26,c27,c28
0.0000,0.0001,0.0011,0.0012,0.0203,0.0071,0.0193,0.0127,0.0121,0.0075,0.0052,0.0084,0.0111,0.0087,0.0141,0.0256,0.0093,0.0166,0.0253,0.0351,0.0152,0.0081,0.0312,0.0080,0.0220,0.0049,0.0076,0.0082
0.0001,0.0038,0.0032,0.0000,0.0006,0.0036,0.0067,0.0213,0.0121,0.0085,0.0026,0.0925,0.0106,0.2470,0.0055,0.0404,0.0040,0.0100,0.0261,0.0117,0.0171,0.0029,0.1247,0.0028,0.2548,0.0022,0.0299,0.0037
0.0011,0.0032,0.0328,0.0017,0.0005,0.0015,0.0111,0.0068,0.0216,0.0072,0.0051,0.0193,0.0109,0.0168,0.0062,0.0142,0.0042,0.0060,0.0088,0.0085,0.0072,0.0032,0.0260,0.0044,0.0264,0.0122,0.0106,0.0163
0.0012,0.0000,0.0017,0.0001,0.0070,0.0000,0.0009,0.0868,0.0229,0.0245,0.0165,0.9873,0.0130,0.3624,0.0030,0.0120,0.0024,0.0044,0.0111,0.0039,0.0103,0.0018,0.1903,0.0033,0.1769,0.0021,0.0144,0.0027
0.0203,0.0006,0.0005,0.0070,0.0099,0.0055,0.0001,0.0054,0.0593,0.0331,0.0607,0.2045,0.0104,0.0125,0.0048,0.0095,0.0037,0.0043,0.0044,0.0041,0.0044,0.0027,0.0169,0.0043,0.0164,0.0051,0.0180,0.0129
0.0071,0.0036,0.0015,0.0000,0.0055,0.0102,0.0039,0.0043,0.0152,0.0602,0.0382,0.3271,0.0073,0.0146,0.0019,0.0064,0.0019,0.0030,0.0059,0.0055,0.0056,0.0029,0.0145,0.0033,0.0307,0.0050,0.0601,0.0143
0.0193,0.0067,0.0111,0.0009,0.0001,0.0039,0.0057,0.1443,0.0058,0.0107,0.0021,0.0141,0.0084,0.0075,0.0032,0.0061,0.0033,0.0031,0.0110,0.0054,0.0055,0.0023,0.0236,0.0040,0.0530,0.0060,0.1233,0.0305
0.0127,0.0213,0.0068,0.0868,0.0054,0.0043,0.1443,0.0056,0.4426,0.0002,0.0004,0.0020,0.0006,0.0015,0.0012,0.0053,0.0018,0.0018,0.0033,0.0035,0.0038,0.0010,0.0101,0.0013,0.0679,0.0218,0.3808,0.2066
0.0121,0.0121,0.0216,0.0229,0.0593,0.0152,0.0058,0.4426,0.0005,0.0086,0.0001,0.0000,0.0006,0.0002,0.0021,0.0031,0.0030,0.0023,0.0002,0.0027,0.0042,0.0014,0.0245,0.0073,0.2737,0.2210,0.7129,0.2806
0.0075,0.0085,0.0072,0.0245,0.0331,0.0602,0.0107,0.0002,0.0086,0.0007,0.0005,0.0000,0.0000,0.0001,0.0005,0.0046,0.0017,0.0017,0.0082,0.0020,0.0041,0.0013,0.0818,0.0126,0.9975,0.4502,0.9986,0.0517
0.0052,0.0026,0.0051,0.0165,0.0607,0.0382,0.0021,0.0004,0.0001,0.0005,0.0019,0.0001,0.0002,0.0001,0.0019,0.0015,0.0041,0.0016,0.0025,0.0017,0.0013,0.0012,0.0166,0.0777,0.1215,1.0000,0.0287,0.7450
0.0084,0.0925,0.0193,0.9873,0.2045,0.3271,0.0141,0.0020,0.0000,0.0000,0.0001,0.0001,0.0002,0.0000,0.0000,0.0001,0.0006,0.0031,0.0085,0.0034,0.0821,0.0050,1.0000,0.0972,0.9978,0.0601,0.0258,0.0034
0.0111,0.0106,0.0109,0.0130,0.0104,0.0073,0.0084,0.0006,0.0006,0.0000,0.0002,0.0002,0.0102,0.0000,0.0006,0.0003,0.0061,0.0042,0.0151,0.0085,0.0030,0.0206,0.0516,1.0000,0.0255,0.6848,0.0032,0.0412
0.0087,0.2470,0.0168,0.3624,0.0125,0.0146,0.0075,0.0015,0.0002,0.0001,0.0001,0.0000,0.0000,0.0001,0.0003,0.0000,0.0000,0.0004,0.0299,0.0161,1.0000,0.0730,1.0000,0.0241,0.0653,0.0019,0.0014,0.0014
0.0141,0.0055,0.0062,0.0030,0.0048,0.0019,0.0032,0.0012,0.0021,0.0005,0.0019,0.0000,0.0006,0.0003,0.0024,0.0017,0.0002,0.0026,0.0371,0.0400,0.0761,1.0000,0.1575,0.7920,0.0066,0.0153,0.0011,0.0032
0.0256,0.0404,0.0142,0.0120,0.0095,0.0064,0.0061,0.0053,0.0031,0.0046,0.0015,0.0001,0.0003,0.0000,0.0017,0.0112,0.0011,0.0005,0.5522,0.0139,0.9999,0.2409,0.0398,0.0038,0.0022,0.0010,0.0014,0.0021
0.0093,0.0040,0.0042,0.0024,0.0037,0.0019,0.0033,0.0018,0.0030,0.0017,0.0041,0.0006,0.0061,0.0000,0.0002,0.0011,0.0097,0.7993,0.0019,0.7588,0.0011,0.9999,0.0090,0.1306,0.0025,0.0071,0.0016,0.0022
0.0166,0.0100,0.0060,0.0044,0.0043,0.0030,0.0031,0.0018,0.0023,0.0017,0.0016,0.0031,0.0042,0.0004,0.0026,0.0005,0.7993,0.1829,0.3692,0.0613,0.0008,0.1591,0.0017,0.0096,0.0029,0.0065,0.0062,0.0075
0.0253,0.0261,0.0088,0.0111,0.0044,0.0059,0.0110,0.0033,0.0002,0.0082,0.0025,0.0085,0.0151,0.0299,0.0371,0.5522,0.0019,0.3692,0.0041,0.4022,0.0001,0.0002,0.0002,0.0010,0.0028,0.0061,0.0186,0.0057
0.0351,0.0117,0.0085,0.0039,0.0041,0.0055,0.0054,0.0035,0.0027,0.0020,0.0017,0.0034,0.0085,0.0161,0.0400,0.0139,0.7588,0.0613,0.4022,0.0513,0.0002,0.0002,0.0000,0.0045,0.0010,0.0120,0.0093,0.0092
0.0152,0.0171,0.0072,0.0103,0.0044,0.0056,0.0055,0.0038,0.0042,0.0041,0.0013,0.0821,0.0030,1.0000,0.0761,0.9999,0.0011,0.0008,0.0001,0.0002,0.0014,0.0006,0.0000,0.0000,0.0002,0.0001,0.0060,0.0013
0.0081,0.0029,0.0032,0.0018,0.0027,0.0029,0.0023,0.0010,0.0014,0.0013,0.0012,0.0050,0.0206,0.0730,1.0000,0.2409,0.9999,0.1591,0.0002,0.0002,0.0006,0.0067,0.0000,0.0003,0.0003,0.0018,0.0010,0.0035
0.0312,0.1247,0.0260,0.1903,0.0169,0.0145,0.0236,0.0101,0.0245,0.0818,0.0166,1.0000,0.0516,1.0000,0.1575,0.0398,0.0090,0.0017,0.0002,0.0000,0.0000,0.0000,0.0009,0.0005,0.0000,0.0000,0.0000,0.0005
0.0080,0.0028,0.0044,0.0033,0.0043,0.0033,0.0040,0.0013,0.0073,0.0126,0.0777,0.0972,1.0000,0.0241,0.7920,0.0038,0.1306,0.0096,0.0010,0.0045,0.0000,0.0003,0.0005,0.0105,0.0002,0.0000,0.0003,0.0056
0.0220,0.2548,0.0264,0.1769,0.0164,0.0307,0.0530,0.0679,0.2737,0.9975,0.1215,0.9978,0.0255,0.0653,0.0066,0.0022,0.0025,0.0029,0.0028,0.0010,0.0002,0.0003,0.0000,0.0002,0.0001,0.0004,0.0000,0.0001
0.0049,0.0022,0.0122,0.0021,0.0051,0.0050,0.0060,0.0218,0.2210,0.4502,1.0000,0.0601,0.6848,0.0019,0.0153,0.0010,0.0071,0.0065,0.0061,0.0120,0.0001,0.0018,0.0000,0.0000,0.0004,0.0004,0.0001,0.0002
0.0076,0.0299,0.0106,0.0144,0.0180,0.0601,0.1233,0.3808,0.7129,0.9986,0.0287,0.0258,0.0032,0.0014,0.0011,0.0014,0.0016,0.0062,0.0186,0.0093,0.0060,0.0010,0.0000,0.0003,0.0000,0.0001,0.0045,0.0033
0.0082,0.0037,0.0163,0.0027,0.0129,0.0143,0.0305,0.2066,0.2806,0.0517,0.7450,0.0034,0.0412,0.0014,0.0032,0.0021,0.0022,0.0075,0.0057,0.0092,0.0013,0.0035,0.0005,0.0056,0.0001,0.0002,0.0033,0.0104