c1,c2,c3,c4,c5,c6,c7,c8,c9,c10,c11,c12,c13,c14,c15,c16,c17,c18,c19,c20,c21,c22,c23,c24,c25,c26,c27,c28
0.0003,0.0000,0.0002,0.0003,0.0039,0.0079,0.0232,0.0222,0.0828,0.0136,0.0621,0.0098,0.0366,0.0236,0.0208,0.0155,0.0084,0.0153,0.0237,0.0106,0.0092,0.0088,0.0072,0.0060,0.0099,0.0073,0.0062,0.0112
0.0000,0.0004,0.0022,0.0000,0.0003,0.0109,0.0096,0.0239,0.2048,0.3698,0.0417,0.3204,0.0305,0.0303,0.0077,0.0118,0.0031,0.0101,0.0273,0.0065,0.0103,0.0056,0.0355,0.0024,0.0427,0.0033,0.0057,0.0040
0.0002,0.0022,0.0077,0.0018,0.0000,0.0024,0.0350,0.0119,0.4562,0.0420,0.0897,0.0200,0.0173,0.0036,0.0064,0.0061,0.0048,0.0069,0.0095,0.0042,0.0043,0.0060,0.0078,0.0072,0.0109,0.0100,0.0071,0.0150
0.0003,0.0000,0.0018,0.0001,0.0055,0.0009,0.0100,0.0375,0.1195,0.3830,0.0824,0.1145,0.0482,0.0102,0.0030,0.0082,0.0027,0.0080,0.0159,0.0074,0.0050,0.0045,0.0139,0.0049,0.0394,0.0097,0.0278,0.0079
0.0039,0.0003,0.0000,0.0055,0.0211,0.0204,0.0007,0.0108,0.0242,0.0277,0.0303,0.0211,0.0161,0.0050,0.0074,0.0065,0.0085,0.0095,0.0130,0.0062,0.0061,0.0051,0.0096,0.0081,0.0140,0.0151,0.0106,0.0131
0.0079,0.0109,0.0024,0.0009,0.0204,0.0525,0.1261,0.0011,0.0063,0.0167,0.0013,0.0140,0.0035,0.0039,0.0034,0.0037,0.0051,0.0057,0.0097,0.0076,0.0056,0.0048,0.0099,0.0024,0.0219,0.0062,0.0452,0.0085
0.0232,0.0096,0.0350,0.0100,0.0007,0.1261,0.0037,0.0523,0.0003,0.0002,0.0006,0.0022,0.0057,0.0004,0.0053,0.0077,0.0075,0.0054,0.0039,0.0093,0.0088,0.0057,0.0220,0.0097,0.0453,0.0208,0.0492,0.0490
0.0222,0.0239,0.0119,0.0375,0.0108,0.0011,0.0523,0.0318,0.0067,0.0000,0.0005,0.0014,0.0014,0.0019,0.0042,0.0088,0.0096,0.0073,0.0145,0.0115,0.0068,0.0042,0.0086,0.0058,0.0159,0.0178,0.0684,0.0427
0.0828,0.2048,0.4562,0.1195,0.0242,0.0063,0.0003,0.0067,0.0009,0.0014,0.0001,0.0001,0.0009,0.0001,0.0037,0.0079,0.0090,0.0044,0.0019,0.0042,0.0049,0.0083,0.0147,0.0158,0.0559,0.1131,0.0540,0.0484
0.0136,0.3698,0.0420,0.3830,0.0277,0.0167,0.0002,0.0000,0.0014,0.0009,0.0022,0.0000,0.0002,0.0004,0.0010,0.0110,0.0107,0.0072,0.0208,0.0105,0.0084,0.0074,0.0686,0.0147,0.7466,0.0501,0.1130,0.0217
0.0621,0.0417,0.0897,0.0824,0.0303,0.0013,0.0006,0.0005,0.0001,0.0022,0.0046,0.0010,0.0005,0.0023,0.0028,0.0024,0.0085,0.0024,0.0066,0.0053,0.0029,0.0095,0.0091,0.0590,0.0659,0.3642,0.0184,0.0376
0.0098,0.3204,0.0200,0.1145,0.0211,0.0140,0.0022,0.0014,0.0001,0.0000,0.0010,0.0001,0.0019,0.0000,0.0001,0.0004,0.0020,0.0149,0.0291,0.0128,0.0882,0.0149,0.8812,0.1394,0.8903,0.0605,0.0523,0.0226
0.0366,0.0305,0.0173,0.0482,0.0161,0.0035,0.0057,0.0014,0.0009,0.0002,0.0005,0.0019,0.0091,0.0167,0.0001,0.0006,0.0049,0.0028,0.0112,0.0079,0.0145,0.0299,0.0378,0.3396,0.0366,0.0398,0.0061,0.0172
0.0236,0.0303,0.0036,0.0102,0.0050,0.0039,0.0004,0.0019,0.0001,0.0004,0.0023,0.0000,0.0167,0.0002,0.0027,0.0001,0.0004,0.0020,0.0100,0.0308,0.9879,0.3542,0.9530,0.0443,0.4141,0.0143,0.0163,0.0051
0.0208,0.0077,0.0064,0.0030,0.0074,0.0034,0.0053,0.0042,0.0037,0.0010,0.0028,0.0001,0.0001,0.0027,0.0038,0.0042,0.0001,0.0028,0.0067,0.0568,0.2434,0.9749,0.1495,0.0367,0.0421,0.0184,0.0054,0.0055
0.0155,0.0118,0.0061,0.0082,0.0065,0.0037,0.0077,0.0088,0.0079,0.0110,0.0024,0.0004,0.0006,0.0001,0.0042,0.0082,0.0040,0.0011,0.0789,0.0228,0.6414,0.2198,0.0438,0.0067,0.0136,0.0028,0.0027,0.0036
0.0084,0.0031,0.0048,0.0027,0.0085,0.0051,0.0075,0.0096,0.0090,0.0107,0.0085,0.0020,0.0049,0.0004,0.0001,0.0040,0.0060,0.0391,0.0016,0.0214,0.0284,0.3358,0.0897,0.0534,0.0090,0.0078,0.0029,0.0055
0.0153,0.0101,0.0069,0.0080,0.0095,0.0057,0.0054,0.0073,0.0044,0.0072,0.0024,0.0149,0.0028,0.0020,0.0028,0.0011,0.0391,0.0265,0.1526,0.0017,0.0050,0.0132,0.0091,0.0079,0.0114,0.0042,0.0055,0.0057
0.0237,0.0273,0.0095,0.0159,0.0130,0.0097,0.0039,0.0145,0.0019,0.0208,0.0066,0.0291,0.0112,0.0100,0.0067,0.0789,0.0016,0.1526,0.0032,0.1022,0.0001,0.0002,0.0007,0.0016,0.0060,0.0061,0.0074,0.0054
0.0106,0.0065,0.0042,0.0074,0.0062,0.0076,0.0093,0.0115,0.0042,0.0105,0.0053,0.0128,0.0079,0.0308,0.0568,0.0228,0.0214,0.0017,0.1022,0.0073,0.0023,0.0001,0.0008,0.0068,0.0030,0.0123,0.0071,0.0084
0.0092,0.0103,0.0043,0.0050,0.0061,0.0056,0.0088,0.0068,0.0049,0.0084,0.0029,0.0882,0.0145,0.9879,0.2434,0.6414,0.0284,0.0050,0.0001,0.0023,0.0033,0.0048,0.0000,0.0004,0.0007,0.0014,0.0045,0.0030
0.0088,0.0056,0.0060,0.0045,0.0051,0.0048,0.0057,0.0042,0.0083,0.0074,0.0095,0.0149,0.0299,0.3542,0.9749,0.2198,0.3358,0.0132,0.0002,0.0001,0.0048,0.0222,0.0002,0.0001,0.0001,0.0031,0.0011,0.0078
0.0072,0.0355,0.0078,0.0139,0.0096,0.0099,0.0220,0.0086,0.0147,0.0686,0.0091,0.8812,0.0378,0.9530,0.1495,0.0438,0.0897,0.0091,0.0007,0.0008,0.0000,0.0002,0.0018,0.0034,0.0000,0.0002,0.0009,0.0021
0.0060,0.0024,0.0072,0.0049,0.0081,0.0024,0.0097,0.0058,0.0158,0.0147,0.0590,0.1394,0.3396,0.0443,0.0367,0.0067,0.0534,0.0079,0.0016,0.0068,0.0004,0.0001,0.0034,0.0132,0.0014,0.0002,0.0045,0.0128
0.0099,0.0427,0.0109,0.0394,0.0140,0.0219,0.0453,0.0159,0.0559,0.7466,0.0659,0.8903,0.0366,0.4141,0.0421,0.0136,0.0090,0.0114,0.0060,0.0030,0.0007,0.0001,0.0000,0.0014,0.0001,0.0019,0.0000,0.0003
0.0073,0.0033,0.0100,0.0097,0.0151,0.0062,0.0208,0.0178,0.1131,0.0501,0.3642,0.0605,0.0398,0.0143,0.0184,0.0028,0.0078,0.0042,0.0061,0.0123,0.0014,0.0031,0.0002,0.0002,0.0019,0.0096,0.0038,0.0000
0.0062,0.0057,0.0071,0.0278,0.0106,0.0452,0.0492,0.0684,0.0540,0.1130,0.0184,0.0523,0.0061,0.0163,0.0054,0.0027,0.0029,0.0055,0.0074,0.0071,0.0045,0.0011,0.0009,0.0045,0.0000,0.0038,0.0402,0.0017
0.0112,0.0040,0.0150,0.0079,0.0131,0.0085,0.0490,0.0427,0.0484,0.0217,0.0376,0.0226,0.0172,0.0051,0.0055,0.0036,0.0055,0.0057,0.0054,0.0084,0.0030,0.0078,0.0021,0.0128,0.0003,0.0000,0.0017,0.0134