c1,c2,c3,c4,c5,c6,c7,c8,c9,c10,c11,c12,c13,c14,c15,c16,c17,c18,c19,c20,c21,c22,c23,c24,c25,c26,c27
0.0005,0.0001,0.0006,0.0001,0.0082,0.0063,0.0101,0.0062,0.0054,0.0062,0.0041,0.0132,0.0067,0.0038,0.0041,0.0025,0.0106,0.2177,0.0155,0.0587,0.1224,0.0516,0.0356,0.0125,0.0164,0.0110,0.0095
0.0001,0.0124,0.0244,0.0000,0.0010,0.0025,0.0012,0.0010,0.0024,0.0017,0.0017,0.0024,0.0039,0.0015,0.0031,0.0085,0.0081,0.9508,0.0525,0.3262,0.9052,0.0155,0.0587,0.0102,0.0152,0.0056,0.0028
0.0006,0.0244,0.0411,0.0012,0.0001,0.0004,0.0016,0.0009,0.0020,0.0023,0.0014,0.0037,0.0048,0.0042,0.0046,0.0071,0.0164,0.4075,0.0302,0.0651,0.2734,0.0208,0.0439,0.0138,0.0125,0.0154,0.0075
0.0001,0.0000,0.0012,0.0006,0.0020,0.0000,0.0000,0.0001,0.0008,0.0047,0.0024,0.0022,0.0063,0.0093,0.0088,0.0255,0.0453,0.9935,0.4307,0.7247,0.9826,0.0747,0.0883,0.0084,0.0313,0.0094,0.0031
0.0082,0.0010,0.0001,0.0020,0.0098,0.0013,0.0000,0.0002,0.0010,0.0012,0.0025,0.0048,0.0059,0.0087,0.0101,0.0160,0.0937,0.4401,0.4086,0.1821,0.1045,0.0265,0.0375,0.0111,0.0171,0.0100,0.0066
0.0063,0.0025,0.0004,0.0000,0.0013,0.0064,0.0002,0.0000,0.0001,0.0014,0.0018,0.0058,0.0138,0.0267,0.0096,0.6789,0.0462,0.4766,0.7302,0.3219,0.1651,0.0432,0.0317,0.0068,0.0170,0.0094,0.0064
0.0101,0.0012,0.0016,0.0000,0.0000,0.0002,0.0033,0.0001,0.0001,0.0006,0.0038,0.0046,0.0463,0.0462,0.0736,0.2595,0.2762,0.1327,0.8327,0.0772,0.0408,0.0281,0.0124,0.0084,0.0070,0.0101,0.0082
0.0062,0.0010,0.0009,0.0001,0.0002,0.0000,0.0001,0.0001,0.0010,0.0003,0.0032,0.0040,0.2842,0.4510,0.4721,0.9000,0.0836,0.0607,0.1723,0.0266,0.0146,0.0334,0.0106,0.0106,0.0115,0.0218,0.0242
0.0054,0.0024,0.0020,0.0008,0.0010,0.0001,0.0001,0.0010,0.0049,0.0032,0.0021,0.0060,0.0536,0.8055,0.2389,0.7499,0.0091,0.0315,0.0193,0.0047,0.0122,0.0152,0.0044,0.0042,0.0044,0.0058,0.0063
0.0062,0.0017,0.0023,0.0047,0.0012,0.0014,0.0006,0.0003,0.0032,0.0142,0.2417,0.0012,0.0176,0.1950,0.1695,0.0405,0.0073,0.0268,0.0058,0.0054,0.0126,0.0100,0.0049,0.0076,0.0036,0.0083,0.0079
0.0041,0.0017,0.0014,0.0024,0.0025,0.0018,0.0038,0.0032,0.0021,0.2417,0.0022,0.2545,0.0019,0.3812,0.0346,0.0138,0.0038,0.0080,0.0084,0.0050,0.0130,0.0070,0.0027,0.0054,0.0040,0.0067,0.0070
0.0132,0.0024,0.0037,0.0022,0.0048,0.0058,0.0046,0.0040,0.0060,0.0012,0.2545,0.0776,0.3167,0.0011,0.0057,0.0013,0.0018,0.0019,0.0081,0.0072,0.0113,0.0134,0.0032,0.0088,0.0022,0.0211,0.0272
0.0067,0.0039,0.0048,0.0063,0.0059,0.0138,0.0463,0.2842,0.0536,0.0176,0.0019,0.3167,0.0017,0.0150,0.0002,0.0005,0.0021,0.0004,0.0072,0.0039,0.0129,0.0052,0.0039,0.0100,0.0053,0.0155,0.0095
0.0038,0.0015,0.0042,0.0093,0.0087,0.0267,0.0462,0.4510,0.8055,0.1950,0.3812,0.0011,0.0150,0.0081,0.0041,0.0000,0.0005,0.0001,0.0015,0.0021,0.0020,0.0041,0.0024,0.0043,0.0016,0.0149,0.0281
0.0041,0.0031,0.0046,0.0088,0.0101,0.0096,0.0736,0.4721,0.2389,0.1695,0.0346,0.0057,0.0002,0.0041,0.0180,0.0001,0.0000,0.0001,0.0010,0.0012,0.0172,0.0103,0.0067,0.1388,0.0152,0.0231,0.0056
0.0025,0.0085,0.0071,0.0255,0.0160,0.6789,0.2595,0.9000,0.7499,0.0405,0.0138,0.0013,0.0005,0.0000,0.0001,0.0005,0.0008,0.0000,0.0000,0.0001,0.0004,0.0099,0.0074,0.0080,0.9991,0.0360,0.0480
0.0106,0.0081,0.0164,0.0453,0.0937,0.0462,0.2762,0.0836,0.0091,0.0073,0.0038,0.0018,0.0021,0.0005,0.0000,0.0008,0.0028,0.0001,0.0001,0.0002,0.0004,0.7964,0.0379,0.7816,0.0453,0.0095,0.0050
0.2177,0.9508,0.4075,0.9935,0.4401,0.4766,0.1327,0.0607,0.0315,0.0268,0.0080,0.0019,0.0004,0.0001,0.0001,0.0000,0.0001,0.0004,0.0046,0.0000,0.0000,0.0027,0.0065,0.0084,0.0166,0.0036,0.0048
0.0155,0.0525,0.0302,0.4307,0.4086,0.7302,0.8327,0.1723,0.0193,0.0058,0.0084,0.0081,0.0072,0.0015,0.0010,0.0000,0.0001,0.0046,0.0053,0.0049,0.0000,0.0013,0.0032,0.0013,0.0028,0.0026,0.0016
0.0587,0.3262,0.0651,0.7247,0.1821,0.3219,0.0772,0.0266,0.0047,0.0054,0.0050,0.0072,0.0039,0.0021,0.0012,0.0001,0.0002,0.0000,0.0049,0.0096,0.0005,0.0001,0.0077,0.0062,0.0042,0.0054,0.0044
0.1224,0.9052,0.2734,0.9826,0.1045,0.1651,0.0408,0.0146,0.0122,0.0126,0.0130,0.0113,0.0129,0.0020,0.0172,0.0004,0.0004,0.0000,0.0000,0.0005,0.0011,0.0032,0.0001,0.0002,0.0023,0.0026,0.0172
0.0516,0.0155,0.0208,0.0747,0.0265,0.0432,0.0281,0.0334,0.0152,0.0100,0.0070,0.0134,0.0052,0.0041,0.0103,0.0099,0.7964,0.0027,0.0013,0.0001,0.0032,0.0100,0.0111,0.0000,0.0000,0.0013,0.0030
0.0356,0.0587,0.0439,0.0883,0.0375,0.0317,0.0124,0.0106,0.0044,0.0049,0.0027,0.0032,0.0039,0.0024,0.0067,0.0074,0.0379,0.0065,0.0032,0.0077,0.0001,0.0111,0.0383,0.0253,0.0001,0.0005,0.0026
0.0125,0.0102,0.0138,0.0084,0.0111,0.0068,0.0084,0.0106,0.0042,0.0076,0.0054,0.0088,0.0100,0.0043,0.1388,0.0080,0.7816,0.0084,0.0013,0.0062,0.0002,0.0000,0.0253,0.0347,0.0037,0.0003,0.0077
0.0164,0.0152,0.0125,0.0313,0.0171,0.0170,0.0070,0.0115,0.0044,0.0036,0.0040,0.0022,0.0053,0.0016,0.0152,0.9991,0.0453,0.0166,0.0028,0.0042,0.0023,0.0000,0.0001,0.0037,0.0079,0.0055,0.0003
0.0110,0.0056,0.0154,0.0094,0.0100,0.0094,0.0101,0.0218,0.0058,0.0083,0.0067,0.0211,0.0155,0.0149,0.0231,0.0360,0.0095,0.0036,0.0026,0.0054,0.0026,0.0013,0.0005,0.0003,0.0055,0.0153,0.0179
0.0095,0.0028,0.0075,0.0031,0.0066,0.0064,0.0082,0.0242,0.0063,0.0079,0.0070,0.0272,0.0095,0.0281,0.0056,0.0480,0.0050,0.0048,0.0016,0.0044,0.0172,0.0030,0.0026,0.0077,0.0003,0.0179,0.0286