c1,c2,c3,c4,c5,c6,c7,c8,c9,c10,c11,c12,c13,c14,c15,c16,c17,c18,c19,c20,c21,c22,c23,c24,c25,c26,c27,c28
0.0002,0.0003,0.0000,0.0005,0.0125,0.0090,0.0236,0.0129,0.0188,0.0305,0.0231,0.1024,0.0666,0.1016,0.1050,0.0125,0.0306,0.0092,0.0115,0.0119,0.0087,0.0052,0.0029,0.0037,0.0048,0.0032,0.0021,0.0021
0.0003,0.0114,0.0150,0.0000,0.0011,0.0090,0.0042,0.0179,0.0216,0.0168,0.0141,0.1940,0.0180,0.1640,0.0900,0.0831,0.0162,0.0099,0.0111,0.0046,0.0057,0.0034,0.0027,0.0027,0.0036,0.0028,0.0032,0.0023
0.0000,0.0150,0.0652,0.0033,0.0000,0.0020,0.0212,0.0066,0.0323,0.0228,0.0200,0.2562,0.0124,0.0503,0.0243,0.0191,0.0071,0.0064,0.0108,0.0049,0.0062,0.0043,0.0050,0.0038,0.0049,0.0036,0.0039,0.0037
0.0005,0.0000,0.0033,0.0019,0.0037,0.0003,0.0025,0.0191,0.0220,0.0605,0.0422,0.3942,0.0097,0.0810,0.0124,0.0141,0.0093,0.0067,0.0132,0.0062,0.0096,0.0089,0.0099,0.0079,0.0134,0.0102,0.0073,0.0032
0.0125,0.0011,0.0000,0.0037,0.0571,0.0307,0.0001,0.0031,0.0124,0.0211,0.0862,0.6342,0.0190,0.0332,0.0239,0.0064,0.0111,0.0073,0.0057,0.0050,0.0056,0.0043,0.0056,0.0044,0.0055,0.0030,0.0034,0.0026
0.0090,0.0090,0.0020,0.0003,0.0307,0.0586,0.0465,0.0001,0.0113,0.0067,0.0192,0.3380,0.0096,0.0124,0.0127,0.0108,0.0095,0.0051,0.0106,0.0056,0.0064,0.0052,0.0035,0.0022,0.0054,0.0028,0.0040,0.0044
0.0236,0.0042,0.0212,0.0025,0.0001,0.0465,0.0180,0.0221,0.0001,0.0195,0.1350,0.0838,0.0370,0.0134,0.0085,0.0190,0.0061,0.0041,0.0080,0.0072,0.0060,0.0043,0.0032,0.0029,0.0037,0.0035,0.0026,0.0033
0.0129,0.0179,0.0066,0.0191,0.0031,0.0001,0.0221,0.0222,0.0342,0.0039,0.3059,0.0142,0.0046,0.0150,0.0060,0.0100,0.0158,0.0047,0.0037,0.0065,0.0079,0.0050,0.0024,0.0018,0.0041,0.0032,0.0034,0.0039
0.0188,0.0216,0.0323,0.0220,0.0124,0.0113,0.0001,0.0342,0.0717,0.0229,0.0000,0.0056,0.0021,0.0047,0.0137,0.0207,0.0216,0.0089,0.0054,0.0045,0.0056,0.0056,0.0044,0.0035,0.0070,0.0053,0.0055,0.0066
0.0305,0.0168,0.0228,0.0605,0.0211,0.0067,0.0195,0.0039,0.0229,0.0485,0.0142,0.0000,0.0024,0.0004,0.0048,0.0693,0.0070,0.0038,0.0083,0.0124,0.0108,0.0061,0.0035,0.0020,0.0045,0.0078,0.0060,0.0060
0.0231,0.0141,0.0200,0.0422,0.0862,0.0192,0.1350,0.3059,0.0000,0.0142,0.0271,0.0006,0.0000,0.0003,0.0031,0.0111,0.0406,0.0085,0.0117,0.0063,0.0051,0.0016,0.0027,0.0043,0.0046,0.0048,0.0143,0.0051
0.1024,0.1940,0.2562,0.3942,0.6342,0.3380,0.0838,0.0142,0.0056,0.0000,0.0006,0.0024,0.0007,0.0000,0.0000,0.0012,0.0022,0.0097,0.0193,0.0148,0.0089,0.0063,0.0037,0.0136,0.0047,0.0042,0.0032,0.0038
0.0666,0.0180,0.0124,0.0097,0.0190,0.0096,0.0370,0.0046,0.0021,0.0024,0.0000,0.0007,0.0586,0.0031,0.0003,0.0012,0.0249,0.0098,0.0268,0.0470,0.0095,0.0097,0.0113,0.0087,0.0090,0.0106,0.0049,0.0102
0.1016,0.1640,0.0503,0.0810,0.0332,0.0124,0.0134,0.0150,0.0047,0.0004,0.0003,0.0000,0.0031,0.4946,0.0057,0.0000,0.0006,0.0002,0.0050,0.0312,0.0156,0.0133,0.0184,0.0110,0.0175,0.0200,0.0180,0.0583
0.1050,0.0900,0.0243,0.0124,0.0239,0.0127,0.0085,0.0060,0.0137,0.0048,0.0031,0.0000,0.0003,0.0057,0.3484,0.0126,0.0000,0.0005,0.0031,0.0024,0.0121,0.0201,0.0167,0.0067,0.0161,0.0348,0.0120,0.0231
0.0125,0.0831,0.0191,0.0141,0.0064,0.0108,0.0190,0.0100,0.0207,0.0693,0.0111,0.0012,0.0012,0.0000,0.0126,0.9631,0.0004,0.0000,0.0007,0.0013,0.0005,0.0119,0.0175,0.0160,0.0343,0.0099,0.0553,0.0594
0.0306,0.0162,0.0071,0.0093,0.0111,0.0095,0.0061,0.0158,0.0216,0.0070,0.0406,0.0022,0.0249,0.0006,0.0000,0.0004,0.0127,0.0109,0.0002,0.0009,0.0057,0.0042,0.0221,0.0319,0.0752,0.0495,0.0646,0.0298
0.0092,0.0099,0.0064,0.0067,0.0073,0.0051,0.0041,0.0047,0.0089,0.0038,0.0085,0.0097,0.0098,0.0002,0.0005,0.0000,0.0109,0.0631,0.1145,0.0002,0.0178,0.0079,0.0146,0.0449,0.0284,0.0258,0.1032,0.0313
0.0115,0.0111,0.0108,0.0132,0.0057,0.0106,0.0080,0.0037,0.0054,0.0083,0.0117,0.0193,0.0268,0.0050,0.0031,0.0007,0.0002,0.1145,0.0463,0.0156,0.0006,0.0100,0.0011,0.0023,0.0109,0.0100,0.0203,0.0137
0.0119,0.0046,0.0049,0.0062,0.0050,0.0056,0.0072,0.0065,0.0045,0.0124,0.0063,0.0148,0.0470,0.0312,0.0024,0.0013,0.0009,0.0002,0.0156,0.0757,0.0190,0.0001,0.0167,0.0130,0.0098,0.0255,0.0138,0.0287
0.0087,0.0057,0.0062,0.0096,0.0056,0.0064,0.0060,0.0079,0.0056,0.0108,0.0051,0.0089,0.0095,0.0156,0.0121,0.0005,0.0057,0.0178,0.0006,0.0190,0.0346,0.0299,0.0001,0.0111,0.0079,0.0145,0.0157,0.0198
0.0052,0.0034,0.0043,0.0089,0.0043,0.0052,0.0043,0.0050,0.0056,0.0061,0.0016,0.0063,0.0097,0.0133,0.0201,0.0119,0.0042,0.0079,0.0100,0.0001,0.0299,0.1168,0.0385,0.0002,0.0064,0.0331,0.0108,0.0659
0.0029,0.0027,0.0050,0.0099,0.0056,0.0035,0.0032,0.0024,0.0044,0.0035,0.0027,0.0037,0.0113,0.0184,0.0167,0.0175,0.0221,0.0146,0.0011,0.0167,0.0001,0.0385,0.2998,0.2084,0.0002,0.0035,0.0068,0.0886
0.0037,0.0027,0.0038,0.0079,0.0044,0.0022,0.0029,0.0018,0.0035,0.0020,0.0043,0.0136,0.0087,0.0110,0.0067,0.0160,0.0319,0.0449,0.0023,0.0130,0.0111,0.0002,0.2084,0.0595,0.0470,0.0002,0.0412,0.0163
0.0048,0.0036,0.0049,0.0134,0.0055,0.0054,0.0037,0.0041,0.0070,0.0045,0.0046,0.0047,0.0090,0.0175,0.0161,0.0343,0.0752,0.0284,0.0109,0.0098,0.0079,0.0064,0.0002,0.0470,0.0424,0.0194,0.0000,0.0054
0.0032,0.0028,0.0036,0.0102,0.0030,0.0028,0.0035,0.0032,0.0053,0.0078,0.0048,0.0042,0.0106,0.0200,0.0348,0.0099,0.0495,0.0258,0.0100,0.0255,0.0145,0.0331,0.0035,0.0002,0.0194,0.0400,0.0187,0.0002
0.0021,0.0032,0.0039,0.0073,0.0034,0.0040,0.0026,0.0034,0.0055,0.0060,0.0143,0.0032,0.0049,0.0180,0.0120,0.0553,0.0646,0.1032,0.0203,0.0138,0.0157,0.0108,0.0068,0.0412,0.0000,0.0187,0.0147,0.0002
0.0021,0.0023,0.0037,0.0032,0.0026,0.0044,0.0033,0.0039,0.0066,0.0060,0.0051,0.0038,0.0102,0.0583,0.0231,0.0594,0.0298,0.0313,0.0137,0.0287,0.0198,0.0659,0.0886,0.0163,0.0054,0.0002,0.0002,0.0007