c1,c2,c3,c4,c5,c6,c7,c8,c9,c10,c11,c12,c13,c14,c15,c16,c17,c18,c19,c20,c21,c22,c23,c24,c25,c26,c27,c28,c29
0.0001,0.0062,0.0021,0.0768,0.0396,0.0597,0.0840,0.5081,0.0248,0.3351,0.0137,0.0212,0.0134,0.0022,0.0032,0.0026,0.0028,0.0016,0.0018,0.0027,0.0028,0.0032,0.0035,0.0012,0.0034,0.0040,0.0040,0.0017,0.0034
0.0062,0.3612,0.4394,0.2804,0.0106,0.0226,0.0472,0.0870,0.0168,0.0095,0.0044,0.0034,0.0025,0.0018,0.0023,0.0013,0.0017,0.0014,0.0020,0.0035,0.0025,0.0030,0.0027,0.0017,0.0023,0.0059,0.0035,0.0020,0.0026
0.0021,0.4394,0.8892,0.9910,0.0011,0.0158,0.0090,0.0053,0.0123,0.0102,0.0061,0.0027,0.0026,0.0021,0.0025,0.0013,0.0018,0.0017,0.0020,0.0026,0.0020,0.0031,0.0024,0.0018,0.0026,0.0055,0.0026,0.0032,0.0027
0.0768,0.2804,0.9910,0.9536,0.3507,0.0024,0.0083,0.0024,0.0057,0.0052,0.0037,0.0040,0.0023,0.0016,0.0018,0.0011,0.0015,0.0009,0.0013,0.0017,0.0010,0.0024,0.0022,0.0011,0.0016,0.0027,0.0016,0.0025,0.0033
0.0396,0.0106,0.0011,0.3507,0.6669,0.0565,0.0002,0.0210,0.0056,0.0085,0.0282,0.0159,0.0068,0.0035,0.0037,0.0021,0.0048,0.0044,0.0034,0.0032,0.0017,0.0033,0.0039,0.0021,0.0025,0.0051,0.0039,0.0032,0.0060
0.0597,0.0226,0.0158,0.0024,0.0565,0.7635,0.3413,0.0000,0.0099,0.0008,0.0047,0.0129,0.0071,0.0049,0.0044,0.0034,0.0046,0.0061,0.0047,0.0039,0.0048,0.0045,0.0051,0.0029,0.0036,0.0040,0.0051,0.0043,0.0070
0.0840,0.0472,0.0090,0.0083,0.0002,0.3413,0.9899,0.0018,0.0029,0.0007,0.0023,0.0027,0.0055,0.0033,0.0044,0.0034,0.0053,0.0042,0.0038,0.0042,0.0021,0.0034,0.0036,0.0026,0.0055,0.0060,0.0041,0.0066,0.0129
0.5081,0.0870,0.0053,0.0024,0.0210,0.0000,0.0018,0.9474,0.0123,0.0037,0.0035,0.0008,0.0014,0.0023,0.0068,0.0050,0.0096,0.0014,0.0054,0.0105,0.0029,0.0040,0.0049,0.0018,0.0042,0.0140,0.0101,0.0138,0.0659
0.0248,0.0168,0.0123,0.0057,0.0056,0.0099,0.0029,0.0123,0.9163,0.0014,0.0004,0.0031,0.0003,0.0021,0.0082,0.0072,0.0069,0.0074,0.0033,0.0039,0.0059,0.0078,0.0068,0.0136,0.0051,0.0072,0.0068,0.0124,0.0175
0.3351,0.0095,0.0102,0.0052,0.0085,0.0008,0.0007,0.0037,0.0014,0.7229,0.0013,0.0004,0.0010,0.0004,0.0131,0.0195,0.0039,0.0023,0.0051,0.0015,0.0067,0.0150,0.0176,0.0142,0.0046,0.0092,0.0359,0.0317,0.0676
0.0137,0.0044,0.0061,0.0037,0.0282,0.0047,0.0023,0.0035,0.0004,0.0013,0.9489,0.0833,0.0002,0.0023,0.0011,0.0055,0.0136,0.0098,0.0037,0.0036,0.0027,0.0074,0.0229,0.0274,0.0061,0.0136,0.0053,0.0091,0.0170
0.0212,0.0034,0.0027,0.0040,0.0159,0.0129,0.0027,0.0008,0.0031,0.0004,0.0833,0.2677,0.0116,0.0000,0.0003,0.0010,0.0058,0.0267,0.0098,0.0085,0.0110,0.0056,0.0111,0.0674,0.0101,0.0149,0.0355,0.0216,0.0314
0.0134,0.0025,0.0026,0.0023,0.0068,0.0071,0.0055,0.0014,0.0003,0.0010,0.0002,0.0116,0.0257,0.0207,0.0019,0.0142,0.0016,0.0060,0.0044,0.0105,0.0154,0.0222,0.0239,0.1187,0.0083,0.0417,0.1058,0.0184,0.0157
0.0022,0.0018,0.0021,0.0016,0.0035,0.0049,0.0033,0.0023,0.0021,0.0004,0.0023,0.0000,0.0207,0.3035,0.1619,0.0007,0.0041,0.0033,0.0166,0.0428,0.0657,0.0346,0.0771,0.0475,0.0084,0.0191,0.0453,0.0105,0.0056
0.0032,0.0023,0.0025,0.0018,0.0037,0.0044,0.0044,0.0068,0.0082,0.0131,0.0011,0.0003,0.0019,0.1619,0.1041,0.1260,0.0003,0.0118,0.0014,0.0048,0.0201,0.0143,0.0313,0.0387,0.0098,0.0093,0.0361,0.0088,0.0049
0.0026,0.0013,0.0013,0.0011,0.0021,0.0034,0.0034,0.0050,0.0072,0.0195,0.0055,0.0010,0.0142,0.0007,0.1260,0.1569,0.1029,0.0004,0.0309,0.0037,0.0026,0.0084,0.0333,0.0387,0.0122,0.0087,0.0291,0.0165,0.0055
0.0028,0.0017,0.0018,0.0015,0.0048,0.0046,0.0053,0.0096,0.0069,0.0039,0.0136,0.0058,0.0016,0.0041,0.0003,0.1029,0.4405,0.1635,0.0012,0.0314,0.0071,0.0045,0.0184,0.0129,0.0084,0.0085,0.0075,0.0060,0.0051
0.0016,0.0014,0.0017,0.0009,0.0044,0.0061,0.0042,0.0014,0.0074,0.0023,0.0098,0.0267,0.0060,0.0033,0.0118,0.0004,0.1635,0.1904,0.0701,0.0013,0.0459,0.0048,0.0055,0.0271,0.0137,0.0081,0.0249,0.0089,0.0059
0.0018,0.0020,0.0020,0.0013,0.0034,0.0047,0.0038,0.0054,0.0033,0.0051,0.0037,0.0098,0.0044,0.0166,0.0014,0.0309,0.0012,0.0701,0.0144,0.0183,0.0013,0.0521,0.0137,0.0248,0.0424,0.0085,0.0226,0.0174,0.0107
0.0027,0.0035,0.0026,0.0017,0.0032,0.0039,0.0042,0.0105,0.0039,0.0015,0.0036,0.0085,0.0105,0.0428,0.0048,0.0037,0.0314,0.0013,0.0183,0.0094,0.0137,0.0002,0.0089,0.0601,0.1579,0.0176,0.0166,0.0350,0.0075
0.0028,0.0025,0.0020,0.0010,0.0017,0.0048,0.0021,0.0029,0.0059,0.0067,0.0027,0.0110,0.0154,0.0657,0.0201,0.0026,0.0071,0.0459,0.0013,0.0137,0.0063,0.0300,0.0004,0.0681,0.1346,0.0182,0.0070,0.0106,0.0182
0.0032,0.0030,0.0031,0.0024,0.0033,0.0045,0.0034,0.0040,0.0078,0.0150,0.0074,0.0056,0.0222,0.0346,0.0143,0.0084,0.0045,0.0048,0.0521,0.0002,0.0300,0.0230,0.0042,0.0002,0.0406,0.0590,0.0109,0.0167,0.0135
0.0035,0.0027,0.0024,0.0022,0.0039,0.0051,0.0036,0.0049,0.0068,0.0176,0.0229,0.0111,0.0239,0.0771,0.0313,0.0333,0.0184,0.0055,0.0137,0.0089,0.0004,0.0042,0.0083,0.0111,0.0006,0.0101,0.0066,0.0053,0.0119
0.0012,0.0017,0.0018,0.0011,0.0021,0.0029,0.0026,0.0018,0.0136,0.0142,0.0274,0.0674,0.1187,0.0475,0.0387,0.0387,0.0129,0.0271,0.0248,0.0601,0.0681,0.0002,0.0111,0.0121,0.0183,0.0001,0.0005,0.0053,0.0025
0.0034,0.0023,0.0026,0.0016,0.0025,0.0036,0.0055,0.0042,0.0051,0.0046,0.0061,0.0101,0.0083,0.0084,0.0098,0.0122,0.0084,0.0137,0.0424,0.1579,0.1346,0.0406,0.0006,0.0183,0.0238,0.0232,0.0000,0.0028,0.0141
0.0040,0.0059,0.0055,0.0027,0.0051,0.0040,0.0060,0.0140,0.0072,0.0092,0.0136,0.0149,0.0417,0.0191,0.0093,0.0087,0.0085,0.0081,0.0085,0.0176,0.0182,0.0590,0.0101,0.0001,0.0232,0.0189,0.0050,0.0002,0.0019
0.0040,0.0035,0.0026,0.0016,0.0039,0.0051,0.0041,0.0101,0.0068,0.0359,0.0053,0.0355,0.1058,0.0453,0.0361,0.0291,0.0075,0.0249,0.0226,0.0166,0.0070,0.0109,0.0066,0.0005,0.0000,0.0050,0.0020,0.0138,0.0037
0.0017,0.0020,0.0032,0.0025,0.0032,0.0043,0.0066,0.0138,0.0124,0.0317,0.0091,0.0216,0.0184,0.0105,0.0088,0.0165,0.0060,0.0089,0.0174,0.0350,0.0106,0.0167,0.0053,0.0053,0.0028,0.0002,0.0138,0.0163,0.0035
0.0034,0.0026,0.0027,0.0033,0.0060,0.0070,0.0129,0.0659,0.0175,0.0676,0.0170,0.0314,0.0157,0.0056,0.0049,0.0055,0.0051,0.0059,0.0107,0.0075,0.0182,0.0135,0.0119,0.0025,0.0141,0.0019,0.0037,0.0035,0.0002