c1,c2,c3,c4,c5,c6,c7,c8,c9,c10,c11,c12,c13,c14,c15,c16,c17,c18,c19,c20,c21,c22,c23,c24,c25,c26,c27,c28,c29
0.0000,0.0002,0.0000,0.0009,0.0018,0.0053,0.0164,0.0015,0.0024,0.0072,0.0033,0.0026,0.0045,0.0070,0.0006,0.0096,0.0117,0.0029,0.0268,0.1068,0.6049,0.0651,0.1884,0.2035,0.2411,0.2149,0.1392,0.0544,0.0054
0.0002,0.0508,0.0417,0.0002,0.0049,0.0083,0.0396,0.0162,0.0030,0.0051,0.0082,0.0028,0.0051,0.0098,0.0056,0.0065,0.0031,0.0016,0.0019,0.0089,0.0162,0.0071,0.0196,0.0104,0.0166,0.0221,0.0344,0.0107,0.0182
0.0000,0.0417,0.0377,0.0354,0.0001,0.0090,0.0237,0.0049,0.0042,0.0047,0.0151,0.0038,0.0053,0.0049,0.0037,0.0064,0.0031,0.0024,0.0026,0.0079,0.0105,0.0070,0.0218,0.0110,0.0642,0.0204,0.0272,0.0154,0.0264
0.0009,0.0002,0.0354,0.0335,0.0080,0.0007,0.0275,0.0031,0.0042,0.0144,0.0047,0.0018,0.0057,0.0112,0.0036,0.0060,0.0064,0.0027,0.0023,0.0063,0.0211,0.0082,0.0459,0.0092,0.0516,0.0135,0.0275,0.0092,0.0244
0.0018,0.0049,0.0001,0.0080,0.0150,0.0123,0.0002,0.0051,0.0149,0.0025,0.0149,0.0052,0.0036,0.0046,0.0024,0.0048,0.0079,0.0034,0.0047,0.0079,0.0081,0.0123,0.0529,0.0290,0.0817,0.0321,0.0626,0.0155,0.0302
0.0053,0.0083,0.0090,0.0007,0.0123,0.1131,0.0152,0.0000,0.0613,0.0212,0.0066,0.0099,0.0079,0.0142,0.0030,0.0094,0.0052,0.0029,0.0050,0.0057,0.0052,0.0055,0.0080,0.0065,0.0068,0.0068,0.0147,0.0092,0.0185
0.0164,0.0396,0.0237,0.0275,0.0002,0.0152,0.1704,0.0035,0.0017,0.0165,0.0073,0.0010,0.0050,0.0040,0.0061,0.0061,0.0023,0.0020,0.0018,0.0044,0.0087,0.0055,0.0696,0.0050,0.0156,0.0064,0.0097,0.0058,0.0139
0.0015,0.0162,0.0049,0.0031,0.0051,0.0000,0.0035,0.0014,0.0121,0.0007,0.0036,0.0049,0.0017,0.0069,0.0110,0.0052,0.0043,0.0072,0.0139,0.0102,0.1782,0.0146,0.6453,0.0172,0.0693,0.0063,0.0082,0.0098,0.0107
0.0024,0.0030,0.0042,0.0042,0.0149,0.0613,0.0017,0.0121,0.0154,0.0853,0.0003,0.0112,0.1780,0.0044,0.0047,0.0131,0.0067,0.0056,0.0116,0.0081,0.0080,0.0073,0.0056,0.0065,0.0053,0.0022,0.0022,0.0035,0.0115
0.0072,0.0051,0.0047,0.0144,0.0025,0.0212,0.0165,0.0007,0.0853,0.2610,0.0018,0.0004,0.0065,0.0428,0.0118,0.0129,0.0116,0.0055,0.0036,0.0073,0.0118,0.0097,0.0060,0.0054,0.0047,0.0037,0.0024,0.0031,0.0042
0.0033,0.0082,0.0151,0.0047,0.0149,0.0066,0.0073,0.0036,0.0003,0.0018,0.0167,0.0021,0.0002,0.0065,0.0357,0.0105,0.0517,0.0099,0.0094,0.0088,0.2194,0.0121,0.0626,0.0089,0.0085,0.0042,0.0038,0.0035,0.0031
0.0026,0.0028,0.0038,0.0018,0.0052,0.0099,0.0010,0.0049,0.0112,0.0004,0.0021,0.0245,0.0423,0.0003,0.0055,0.0092,0.0241,0.0543,0.0209,0.0205,0.5957,0.0137,0.0448,0.0227,0.0041,0.0025,0.0026,0.0027,0.0032
0.0045,0.0051,0.0053,0.0057,0.0036,0.0079,0.0050,0.0017,0.1780,0.0065,0.0002,0.0423,0.1152,0.0673,0.0002,0.0107,0.0140,0.0058,0.0233,0.0149,0.0248,0.0102,0.0061,0.0073,0.0034,0.0038,0.0025,0.0025,0.0061
0.0070,0.0098,0.0049,0.0112,0.0046,0.0142,0.0040,0.0069,0.0044,0.0428,0.0065,0.0003,0.0673,0.2996,0.0044,0.0056,0.0036,0.0004,0.0117,0.0179,0.0391,0.0077,0.0098,0.0072,0.0045,0.0050,0.0024,0.0024,0.0035
0.0006,0.0056,0.0037,0.0036,0.0024,0.0030,0.0061,0.0110,0.0047,0.0118,0.0357,0.0055,0.0002,0.0044,0.3815,0.3364,0.0011,0.0008,0.0251,0.0329,0.6568,0.0225,0.0283,0.0047,0.0048,0.0020,0.0019,0.0021,0.0006
0.0096,0.0065,0.0064,0.0060,0.0048,0.0094,0.0061,0.0052,0.0131,0.0129,0.0105,0.0092,0.0107,0.0056,0.3364,0.7742,0.2450,0.0000,0.0042,0.0012,0.0033,0.0034,0.0044,0.0043,0.0039,0.0058,0.0023,0.0032,0.0036
0.0117,0.0031,0.0031,0.0064,0.0079,0.0052,0.0023,0.0043,0.0067,0.0116,0.0517,0.0241,0.0140,0.0036,0.0011,0.2450,0.9813,0.0211,0.0010,0.0017,0.0017,0.0017,0.0036,0.0040,0.0019,0.0043,0.0022,0.0031,0.0028
0.0029,0.0016,0.0024,0.0027,0.0034,0.0029,0.0020,0.0072,0.0056,0.0055,0.0099,0.0543,0.0058,0.0004,0.0008,0.0000,0.0211,1.0000,0.1456,0.0001,0.0579,0.0042,0.0067,0.0099,0.0035,0.0039,0.0047,0.0025,0.0024
0.0268,0.0019,0.0026,0.0023,0.0047,0.0050,0.0018,0.0139,0.0116,0.0036,0.0094,0.0209,0.0233,0.0117,0.0251,0.0042,0.0010,0.1456,0.9104,0.5412,0.0000,0.0194,0.0005,0.0036,0.0011,0.0027,0.0043,0.0031,0.0043
0.1068,0.0089,0.0079,0.0063,0.0079,0.0057,0.0044,0.0102,0.0081,0.0073,0.0088,0.0205,0.0149,0.0179,0.0329,0.0012,0.0017,0.0001,0.5412,0.7337,0.0002,0.0019,0.0005,0.0016,0.0025,0.0050,0.0051,0.0056,0.0077
0.6049,0.0162,0.0105,0.0211,0.0081,0.0052,0.0087,0.1782,0.0080,0.0118,0.2194,0.5957,0.0248,0.0391,0.6568,0.0033,0.0017,0.0579,0.0000,0.0002,0.0928,0.0085,0.0000,0.0002,0.0000,0.0001,0.0021,0.0134,0.0268
0.0651,0.0071,0.0070,0.0082,0.0123,0.0055,0.0055,0.0146,0.0073,0.0097,0.0121,0.0137,0.0102,0.0077,0.0225,0.0034,0.0017,0.0042,0.0194,0.0019,0.0085,0.4870,0.0003,0.0000,0.0030,0.0044,0.0045,0.0116,0.0276
0.1884,0.0196,0.0218,0.0459,0.0529,0.0080,0.0696,0.6453,0.0056,0.0060,0.0626,0.0448,0.0061,0.0098,0.0283,0.0044,0.0036,0.0067,0.0005,0.0005,0.0000,0.0003,0.1576,0.0045,0.0001,0.0008,0.0006,0.0069,0.0638
0.2035,0.0104,0.0110,0.0092,0.0290,0.0065,0.0050,0.0172,0.0065,0.0054,0.0089,0.0227,0.0073,0.0072,0.0047,0.0043,0.0040,0.0099,0.0036,0.0016,0.0002,0.0000,0.0045,0.3824,0.0141,0.0005,0.0160,0.0142,0.0242
0.2411,0.0166,0.0642,0.0516,0.0817,0.0068,0.0156,0.0693,0.0053,0.0047,0.0085,0.0041,0.0034,0.0045,0.0048,0.0039,0.0019,0.0035,0.0011,0.0025,0.0000,0.0030,0.0001,0.0141,0.1198,0.3112,0.0002,0.0055,0.0102
0.2149,0.0221,0.0204,0.0135,0.0321,0.0068,0.0064,0.0063,0.0022,0.0037,0.0042,0.0025,0.0038,0.0050,0.0020,0.0058,0.0043,0.0039,0.0027,0.0050,0.0001,0.0044,0.0008,0.0005,0.3112,0.3891,0.1699,0.0007,0.0122
0.1392,0.0344,0.0272,0.0275,0.0626,0.0147,0.0097,0.0082,0.0022,0.0024,0.0038,0.0026,0.0025,0.0024,0.0019,0.0023,0.0022,0.0047,0.0043,0.0051,0.0021,0.0045,0.0006,0.0160,0.0002,0.1699,0.0509,0.2093,0.0013
0.0544,0.0107,0.0154,0.0092,0.0155,0.0092,0.0058,0.0098,0.0035,0.0031,0.0035,0.0027,0.0025,0.0024,0.0021,0.0032,0.0031,0.0025,0.0031,0.0056,0.0134,0.0116,0.0069,0.0142,0.0055,0.0007,0.2093,0.1329,0.0057
0.0054,0.0182,0.0264,0.0244,0.0302,0.0185,0.0139,0.0107,0.0115,0.0042,0.0031,0.0032,0.0061,0.0035,0.0006,0.0036,0.0028,0.0024,0.0043,0.0077,0.0268,0.0276,0.0638,0.0242,0.0102,0.0122,0.0013,0.0057,0.0002