c1,c2,c3,c4,c5,c6,c7,c8,c9,c10,c11,c12,c13,c14,c15,c16,c17,c18,c19,c20,c21,c22,c23,c24,c25,c26,c27,c28
0.0003,0.0000,0.0003,0.0000,0.0053,0.0058,0.0086,0.0056,0.0060,0.0034,0.0035,0.0014,0.0180,0.0106,0.1005,0.0473,0.0299,0.0279,0.0280,0.0455,0.0103,0.0134,0.0089,0.0321,0.0153,0.2038,0.0084,0.0461
0.0000,0.0025,0.0016,0.0000,0.0001,0.0004,0.0015,0.0105,0.0092,0.0071,0.0028,0.0739,0.0091,0.5868,0.0165,0.0687,0.0080,0.0185,0.0634,0.0167,0.0402,0.0045,0.1688,0.0032,0.9126,0.0025,0.0997,0.0064
0.0003,0.0016,0.0131,0.0001,0.0002,0.0008,0.0044,0.0039,0.0103,0.0036,0.0247,0.0091,0.0691,0.0153,0.0145,0.0226,0.0076,0.0081,0.0141,0.0158,0.0080,0.0123,0.0117,0.0191,0.0171,0.0803,0.0054,0.0386
0.0000,0.0000,0.0001,0.0001,0.0024,0.0000,0.0001,0.0055,0.0111,0.0795,0.0525,0.9663,0.0122,0.3102,0.0079,0.0132,0.0036,0.0081,0.0616,0.0239,0.0603,0.0128,0.7306,0.0095,0.8458,0.0025,0.0283,0.0054
0.0053,0.0001,0.0002,0.0024,0.0119,0.0021,0.0001,0.0024,0.0223,0.0094,0.4767,0.1478,0.0276,0.0084,0.0083,0.0052,0.0062,0.0070,0.0093,0.0293,0.0073,0.0117,0.0131,0.0154,0.0186,0.0077,0.0060,0.0128
0.0058,0.0004,0.0008,0.0000,0.0021,0.0059,0.0040,0.0019,0.0213,0.1129,0.0422,0.6518,0.0097,0.0058,0.0026,0.0062,0.0021,0.0035,0.0134,0.0128,0.0228,0.0217,0.0303,0.0024,0.0463,0.0035,0.0484,0.0131
0.0086,0.0015,0.0044,0.0001,0.0001,0.0040,0.0125,0.3446,0.0110,0.0103,0.0041,0.0085,0.0094,0.0019,0.0039,0.0056,0.0047,0.0048,0.0209,0.0240,0.0133,0.0043,0.0180,0.0062,0.0365,0.0067,0.0948,0.0280
0.0056,0.0105,0.0039,0.0055,0.0024,0.0019,0.3446,0.0129,0.4029,0.0003,0.0006,0.0033,0.0005,0.0010,0.0018,0.0049,0.0027,0.0030,0.0089,0.0198,0.0091,0.0017,0.0114,0.0014,0.0875,0.0097,0.3371,0.0661
0.0060,0.0092,0.0103,0.0111,0.0223,0.0213,0.0110,0.4029,0.0042,0.0038,0.0000,0.0000,0.0001,0.0000,0.0015,0.0057,0.0041,0.0036,0.0021,0.0073,0.0075,0.0020,0.0178,0.0058,0.1457,0.1041,0.9197,0.6552
0.0034,0.0071,0.0036,0.0795,0.0094,0.1129,0.0103,0.0003,0.0038,0.0001,0.0005,0.0000,0.0000,0.0000,0.0003,0.0055,0.0020,0.0030,0.0154,0.0029,0.0093,0.0023,0.0888,0.0157,0.9976,0.3368,0.9995,0.0461
0.0035,0.0028,0.0247,0.0525,0.4767,0.0422,0.0041,0.0006,0.0000,0.0005,0.0011,0.0001,0.0002,0.0003,0.0021,0.0018,0.0046,0.0017,0.0036,0.0017,0.0015,0.0013,0.0034,0.0693,0.0163,1.0000,0.0092,0.9188
0.0014,0.0739,0.0091,0.9663,0.1478,0.6518,0.0085,0.0033,0.0000,0.0000,0.0001,0.0001,0.0005,0.0000,0.0000,0.0001,0.0008,0.0043,0.0080,0.0043,0.0726,0.0034,0.9946,0.1335,0.9992,0.0268,0.0598,0.0041
0.0180,0.0091,0.0691,0.0122,0.0276,0.0097,0.0094,0.0005,0.0001,0.0000,0.0002,0.0005,0.0171,0.0017,0.0003,0.0008,0.0036,0.0041,0.0058,0.0056,0.0025,0.0145,0.0106,0.9997,0.0307,0.4821,0.0022,0.0417
0.0106,0.5868,0.0153,0.3102,0.0084,0.0058,0.0019,0.0010,0.0000,0.0000,0.0003,0.0000,0.0017,0.0000,0.0030,0.0000,0.0000,0.0007,0.0045,0.0073,1.0000,0.0697,1.0000,0.0698,0.3236,0.0042,0.0036,0.0016
0.1005,0.0165,0.0145,0.0079,0.0083,0.0026,0.0039,0.0018,0.0015,0.0003,0.0021,0.0000,0.0003,0.0030,0.0020,0.0008,0.0001,0.0008,0.0043,0.0068,0.0490,0.9999,0.2168,0.5737,0.0198,0.0118,0.0016,0.0033
0.0473,0.0687,0.0226,0.0132,0.0052,0.0062,0.0056,0.0049,0.0057,0.0055,0.0018,0.0001,0.0008,0.0000,0.0008,0.0193,0.0006,0.0010,0.4425,0.0043,0.9996,0.0735,0.0547,0.0046,0.0027,0.0017,0.0018,0.0021
0.0299,0.0080,0.0076,0.0036,0.0062,0.0021,0.0047,0.0027,0.0041,0.0020,0.0046,0.0008,0.0036,0.0000,0.0001,0.0006,0.0139,0.6279,0.0016,0.2235,0.0017,0.9995,0.0206,0.1119,0.0015,0.0054,0.0022,0.0021
0.0279,0.0185,0.0081,0.0081,0.0070,0.0035,0.0048,0.0030,0.0036,0.0030,0.0017,0.0043,0.0041,0.0007,0.0008,0.0010,0.6279,0.1062,0.4640,0.0091,0.0017,0.0698,0.0032,0.0060,0.0021,0.0031,0.0037,0.0038
0.0280,0.0634,0.0141,0.0616,0.0093,0.0134,0.0209,0.0089,0.0021,0.0154,0.0036,0.0080,0.0058,0.0045,0.0043,0.4425,0.0016,0.4640,0.0103,0.1928,0.0000,0.0001,0.0003,0.0006,0.0032,0.0038,0.0089,0.0036
0.0455,0.0167,0.0158,0.0239,0.0293,0.0128,0.0240,0.0198,0.0073,0.0029,0.0017,0.0043,0.0056,0.0073,0.0068,0.0043,0.2235,0.0091,0.1928,0.0435,0.0004,0.0001,0.0002,0.0028,0.0007,0.0065,0.0037,0.0058
0.0103,0.0402,0.0080,0.0603,0.0073,0.0228,0.0133,0.0091,0.0075,0.0093,0.0015,0.0726,0.0025,1.0000,0.0490,0.9996,0.0017,0.0017,0.0000,0.0004,0.0018,0.0011,0.0000,0.0001,0.0001,0.0001,0.0034,0.0011
0.0134,0.0045,0.0123,0.0128,0.0117,0.0217,0.0043,0.0017,0.0020,0.0023,0.0013,0.0034,0.0145,0.0697,0.9999,0.0735,0.9995,0.0698,0.0001,0.0001,0.0011,0.0026,0.0000,0.0001,0.0001,0.0017,0.0006,0.0026
0.0089,0.1688,0.0117,0.7306,0.0131,0.0303,0.0180,0.0114,0.0178,0.0888,0.0034,0.9946,0.0106,1.0000,0.2168,0.0547,0.0206,0.0032,0.0003,0.0002,0.0000,0.0000,0.0013,0.0010,0.0000,0.0000,0.0001,0.0005
0.0321,0.0032,0.0191,0.0095,0.0154,0.0024,0.0062,0.0014,0.0058,0.0157,0.0693,0.1335,0.9997,0.0698,0.5737,0.0046,0.1119,0.0060,0.0006,0.0028,0.0001,0.0001,0.0010,0.0109,0.0001,0.0001,0.0002,0.0027
0.0153,0.9126,0.0171,0.8458,0.0186,0.0463,0.0365,0.0875,0.1457,0.9976,0.0163,0.9992,0.0307,0.3236,0.0198,0.0027,0.0015,0.0021,0.0032,0.0007,0.0001,0.0001,0.0000,0.0001,0.0000,0.0002,0.0000,0.0000
0.2038,0.0025,0.0803,0.0025,0.0077,0.0035,0.0067,0.0097,0.1041,0.3368,1.0000,0.0268,0.4821,0.0042,0.0118,0.0017,0.0054,0.0031,0.0038,0.0065,0.0001,0.0017,0.0000,0.0001,0.0002,0.0007,0.0001,0.0001
0.0084,0.0997,0.0054,0.0283,0.0060,0.0484,0.0948,0.3371,0.9197,0.9995,0.0092,0.0598,0.0022,0.0036,0.0016,0.0018,0.0022,0.0037,0.0089,0.0037,0.0034,0.0006,0.0001,0.0002,0.0000,0.0001,0.0069,0.0016
0.0461,0.0064,0.0386,0.0054,0.0128,0.0131,0.0280,0.0661,0.6552,0.0461,0.9188,0.0041,0.0417,0.0016,0.0033,0.0021,0.0021,0.0038,0.0036,0.0058,0.0011,0.0026,0.0005,0.0027,0.0000,0.0001,0.0016,0.0071