c1,c2,c3,c4,c5,c6,c7,c8,c9,c10,c11,c12,c13,c14,c15,c16,c17,c18,c19,c20,c21,c22,c23,c24,c25,c26,c27,c28
0.0120,0.0028,0.0011,0.0006,0.0049,0.0008,0.0020,0.0031,0.0018,0.0012,0.0021,0.0036,0.0131,0.0701,0.1149,0.0387,0.0458,0.0391,0.0709,0.2321,0.0122,0.0146,0.0133,0.0031,0.0036,0.0024,0.0026,0.0024
0.0028,0.1316,0.0218,0.0000,0.0002,0.0000,0.0004,0.0039,0.0029,0.0022,0.0018,0.0762,0.0163,0.5282,0.0056,0.0502,0.0171,0.0177,0.3044,0.0527,0.1373,0.0040,0.2581,0.0016,0.0098,0.0014,0.0035,0.0018
0.0011,0.0218,0.6249,0.0002,0.0007,0.0001,0.0005,0.0010,0.0021,0.0015,0.0081,0.0078,0.0308,0.0187,0.0139,0.0233,0.0366,0.0110,0.0397,0.1200,0.0047,0.0967,0.0299,0.0076,0.0074,0.0053,0.0023,0.0021
0.0006,0.0000,0.0002,0.0124,0.0004,0.0000,0.0001,0.0004,0.0007,0.0170,0.0167,0.9552,0.0060,0.7971,0.0027,0.0131,0.0050,0.0050,0.0709,0.0084,0.3693,0.0069,0.9982,0.0049,0.2064,0.0038,0.0088,0.0016
0.0049,0.0002,0.0007,0.0004,0.0145,0.0003,0.0004,0.0007,0.0002,0.0035,0.0395,0.0310,0.0285,0.0085,0.0414,0.0192,0.0373,0.0119,0.0146,0.1127,0.0062,0.1847,0.1125,0.0545,0.0142,0.0076,0.0036,0.0048
0.0008,0.0000,0.0001,0.0000,0.0003,0.0066,0.0604,0.0001,0.0002,0.4578,0.1227,0.9140,0.0335,0.1593,0.0014,0.0166,0.0094,0.0150,0.0634,0.0136,0.0244,0.0037,0.5018,0.0039,0.0730,0.0040,0.0111,0.0075
0.0020,0.0004,0.0005,0.0001,0.0004,0.0604,0.0011,0.2511,0.0107,0.0053,0.0401,0.0065,0.0098,0.0040,0.0041,0.0026,0.0052,0.0033,0.0005,0.0133,0.0072,0.0178,0.4175,0.0956,0.1136,0.0132,0.0042,0.0354
0.0031,0.0039,0.0010,0.0004,0.0007,0.0001,0.2511,0.4550,0.3446,0.0000,0.0004,0.0001,0.0009,0.0016,0.0017,0.0152,0.0101,0.0083,0.0774,0.0142,0.0071,0.0018,0.0215,0.0030,0.0857,0.1809,0.5829,0.9241
0.0018,0.0029,0.0021,0.0007,0.0002,0.0002,0.0107,0.3446,0.0076,0.0001,0.0000,0.0000,0.0003,0.0003,0.0007,0.0066,0.0051,0.0045,0.0051,0.0051,0.0035,0.0017,0.0739,0.0072,0.8409,0.9981,0.9883,0.9372
0.0012,0.0022,0.0015,0.0170,0.0035,0.4578,0.0053,0.0000,0.0001,0.0002,0.0001,0.0000,0.0000,0.0000,0.0001,0.0030,0.0190,0.0064,0.0461,0.0081,0.0521,0.0053,1.0000,0.0838,1.0000,0.3432,0.2568,0.0079
0.0021,0.0018,0.0081,0.0167,0.0395,0.1227,0.0401,0.0004,0.0000,0.0001,0.0036,0.0001,0.0002,0.0003,0.0007,0.0017,0.0041,0.0029,0.0020,0.0015,0.0005,0.0039,0.0327,0.9999,0.0179,0.9999,0.0064,0.0255
0.0036,0.0762,0.0078,0.9552,0.0310,0.9140,0.0065,0.0001,0.0000,0.0000,0.0001,0.0150,0.0002,0.0000,0.0000,0.0002,0.0013,0.0027,0.0363,0.0040,0.7698,0.0168,1.0000,0.0649,0.1508,0.0076,0.0059,0.0028
0.0131,0.0163,0.0308,0.0060,0.0285,0.0335,0.0098,0.0009,0.0003,0.0000,0.0002,0.0002,0.0370,0.0001,0.0001,0.0006,0.0012,0.0032,0.0086,0.0252,0.0110,0.9653,0.1762,0.9995,0.0077,0.0588,0.0036,0.0066
0.0701,0.5282,0.0187,0.7971,0.0085,0.1593,0.0040,0.0016,0.0003,0.0000,0.0003,0.0000,0.0001,0.0008,0.0001,0.0001,0.0001,0.0005,0.1225,0.0153,1.0000,0.0533,0.8473,0.0095,0.0082,0.0021,0.0032,0.0032
0.1149,0.0056,0.0139,0.0027,0.0414,0.0014,0.0041,0.0017,0.0007,0.0001,0.0007,0.0000,0.0001,0.0001,0.0011,0.0063,0.0003,0.6979,0.0106,0.0457,0.0985,1.0000,0.0165,0.8822,0.0008,0.0050,0.0009,0.0020
0.0387,0.0502,0.0233,0.0131,0.0192,0.0166,0.0026,0.0152,0.0066,0.0030,0.0017,0.0002,0.0006,0.0001,0.0063,0.0110,0.0025,0.0004,0.1021,0.0113,0.9770,0.0196,0.0096,0.0048,0.0026,0.0034,0.0026,0.0026
0.0458,0.0171,0.0366,0.0050,0.0373,0.0094,0.0052,0.0101,0.0051,0.0190,0.0041,0.0013,0.0012,0.0001,0.0003,0.0025,0.0502,0.4876,0.0000,0.2519,0.0014,0.2704,0.0115,0.0189,0.0022,0.0036,0.0027,0.0047
0.0391,0.0177,0.0110,0.0050,0.0119,0.0150,0.0033,0.0083,0.0045,0.0064,0.0029,0.0027,0.0032,0.0005,0.6979,0.0004,0.4876,0.0115,0.1877,0.0184,0.0009,0.0326,0.0006,0.0025,0.0008,0.0014,0.0017,0.0033
0.0709,0.3044,0.0397,0.0709,0.0146,0.0634,0.0005,0.0774,0.0051,0.0461,0.0020,0.0363,0.0086,0.1225,0.0106,0.1021,0.0000,0.1877,0.0061,0.1276,0.0000,0.0001,0.0001,0.0004,0.0021,0.0007,0.0011,0.0036
0.2321,0.0527,0.1200,0.0084,0.1127,0.0136,0.0133,0.0142,0.0051,0.0081,0.0015,0.0040,0.0252,0.0153,0.0457,0.0113,0.2519,0.0184,0.1276,0.0068,0.0002,0.0001,0.0000,0.0008,0.0004,0.0027,0.0016,0.0033
0.0122,0.1373,0.0047,0.3693,0.0062,0.0244,0.0072,0.0071,0.0035,0.0521,0.0005,0.7698,0.0110,1.0000,0.0985,0.9770,0.0014,0.0009,0.0000,0.0002,0.0071,0.0004,0.0000,0.0000,0.0004,0.0001,0.0015,0.0010
0.0146,0.0040,0.0967,0.0069,0.1847,0.0037,0.0178,0.0018,0.0017,0.0053,0.0039,0.0168,0.9653,0.0533,1.0000,0.0196,0.2704,0.0326,0.0001,0.0001,0.0004,0.0202,0.0000,0.0000,0.0000,0.0003,0.0002,0.0017
0.0133,0.2581,0.0299,0.9982,0.1125,0.5018,0.4175,0.0215,0.0739,1.0000,0.0327,1.0000,0.1762,0.8473,0.0165,0.0096,0.0115,0.0006,0.0001,0.0000,0.0000,0.0000,0.0000,0.0001,0.0000,0.0000,0.0000,0.0002
0.0031,0.0016,0.0076,0.0049,0.0545,0.0039,0.0956,0.0030,0.0072,0.0838,0.9999,0.0649,0.9995,0.0095,0.8822,0.0048,0.0189,0.0025,0.0004,0.0008,0.0000,0.0000,0.0001,0.0074,0.0000,0.0000,0.0003,0.0013
0.0036,0.0098,0.0074,0.2064,0.0142,0.0730,0.1136,0.0857,0.8409,1.0000,0.0179,0.1508,0.0077,0.0082,0.0008,0.0026,0.0022,0.0008,0.0021,0.0004,0.0004,0.0000,0.0000,0.0000,0.0020,0.0020,0.0025,0.0009
0.0024,0.0014,0.0053,0.0038,0.0076,0.0040,0.0132,0.1809,0.9981,0.3432,0.9999,0.0076,0.0588,0.0021,0.0050,0.0034,0.0036,0.0014,0.0007,0.0027,0.0001,0.0003,0.0000,0.0000,0.0020,0.0044,0.0738,0.0006
0.0026,0.0035,0.0023,0.0088,0.0036,0.0111,0.0042,0.5829,0.9883,0.2568,0.0064,0.0059,0.0036,0.0032,0.0009,0.0026,0.0027,0.0017,0.0011,0.0016,0.0015,0.0002,0.0000,0.0003,0.0025,0.0738,0.5146,0.3500
0.0024,0.0018,0.0021,0.0016,0.0048,0.0075,0.0354,0.9241,0.9372,0.0079,0.0255,0.0028,0.0066,0.0032,0.0020,0.0026,0.0047,0.0033,0.0036,0.0033,0.0010,0.0017,0.0002,0.0013,0.0009,0.0006,0.3500,0.1543