c1,c2,c3,c4,c5,c6,c7,c8,c9,c10,c11,c12,c13,c14,c15,c16,c17,c18,c19,c20,c21,c22,c23,c24,c25,c26,c27,c28
0.0000,0.0000,0.0000,0.0001,0.0034,0.0049,0.0102,0.0147,0.0247,0.0154,0.0270,0.0054,0.0287,0.0293,0.0161,0.0163,0.0114,0.0219,0.0547,0.0401,0.0222,0.0389,0.0186,0.0360,0.0458,0.0194,0.0156,0.0272
0.0000,0.0000,0.0002,0.0000,0.0001,0.0007,0.0035,0.0203,0.0737,0.0846,0.0892,0.0739,0.0299,0.0381,0.0166,0.0198,0.0099,0.0271,0.1123,0.0336,0.0344,0.0379,0.0799,0.0139,0.3579,0.0123,0.0351,0.0090
0.0000,0.0002,0.0023,0.0003,0.0000,0.0009,0.0082,0.0089,0.1534,0.0477,0.3820,0.0247,0.0239,0.0078,0.0071,0.0099,0.0071,0.0091,0.0120,0.0156,0.0053,0.0241,0.0073,0.0140,0.0532,0.0282,0.0118,0.0149
0.0001,0.0000,0.0003,0.0001,0.0038,0.0002,0.0048,0.0195,0.0335,0.2972,0.1947,0.1304,0.0869,0.0141,0.0085,0.0082,0.0061,0.0126,0.0334,0.0126,0.0133,0.0067,0.0198,0.0075,0.0833,0.0105,0.0506,0.0087
0.0034,0.0001,0.0000,0.0038,0.0089,0.0271,0.0001,0.0071,0.0154,0.0311,0.0491,0.0244,0.0125,0.0073,0.0079,0.0096,0.0114,0.0111,0.0156,0.0125,0.0107,0.0099,0.0115,0.0123,0.0350,0.0105,0.0193,0.0104
0.0049,0.0007,0.0009,0.0002,0.0271,0.0340,0.0884,0.0004,0.0066,0.0052,0.0036,0.0167,0.0072,0.0052,0.0048,0.0055,0.0069,0.0080,0.0199,0.0107,0.0124,0.0067,0.0137,0.0052,0.0342,0.0088,0.0484,0.0123
0.0102,0.0035,0.0082,0.0048,0.0001,0.0884,0.0026,0.0469,0.0001,0.0004,0.0006,0.0035,0.0062,0.0008,0.0060,0.0115,0.0122,0.0088,0.0079,0.0203,0.0173,0.0081,0.0347,0.0132,0.1275,0.0221,0.0560,0.0351
0.0147,0.0203,0.0089,0.0195,0.0071,0.0004,0.0469,0.0320,0.0186,0.0000,0.0004,0.0013,0.0012,0.0036,0.0069,0.0079,0.0082,0.0080,0.0240,0.0118,0.0121,0.0062,0.0094,0.0081,0.0292,0.0153,0.0498,0.0192
0.0247,0.0737,0.1534,0.0335,0.0154,0.0066,0.0001,0.0186,0.0007,0.0016,0.0000,0.0002,0.0007,0.0002,0.0066,0.0197,0.0236,0.0080,0.0035,0.0070,0.0092,0.0122,0.0168,0.0366,0.1401,0.0887,0.0324,0.0259
0.0154,0.0846,0.0477,0.2972,0.0311,0.0052,0.0004,0.0000,0.0016,0.0004,0.0011,0.0000,0.0002,0.0009,0.0037,0.0812,0.0434,0.0083,0.0595,0.0103,0.0106,0.0123,0.0335,0.0202,0.3153,0.0270,0.0613,0.0104
0.0270,0.0892,0.3820,0.1947,0.0491,0.0036,0.0006,0.0004,0.0000,0.0011,0.0007,0.0055,0.0004,0.0084,0.0118,0.0031,0.0194,0.0030,0.0058,0.0058,0.0048,0.0066,0.0083,0.0288,0.0495,0.0863,0.0072,0.0106
0.0054,0.0739,0.0247,0.1304,0.0244,0.0167,0.0035,0.0013,0.0002,0.0000,0.0055,0.0004,0.0021,0.0000,0.0003,0.0008,0.0113,0.0199,0.0451,0.0120,0.0547,0.0130,0.7927,0.0525,0.2453,0.0403,0.0117,0.0074
0.0287,0.0299,0.0239,0.0869,0.0125,0.0072,0.0062,0.0012,0.0007,0.0002,0.0004,0.0021,0.0056,0.0149,0.0000,0.0008,0.0039,0.0047,0.0152,0.0105,0.0210,0.0354,0.0416,0.2535,0.0228,0.0272,0.0057,0.0125
0.0293,0.0381,0.0078,0.0141,0.0073,0.0052,0.0008,0.0036,0.0002,0.0009,0.0084,0.0000,0.0149,0.0005,0.0040,0.0000,0.0001,0.0015,0.0054,0.0182,0.9655,0.3146,0.8837,0.0301,0.0905,0.0157,0.0095,0.0058
0.0161,0.0166,0.0071,0.0085,0.0079,0.0048,0.0060,0.0069,0.0066,0.0037,0.0118,0.0003,0.0000,0.0040,0.0051,0.0045,0.0000,0.0019,0.0074,0.0119,0.2773,0.7597,0.0944,0.0259,0.0191,0.0095,0.0065,0.0045
0.0163,0.0198,0.0099,0.0082,0.0096,0.0055,0.0115,0.0079,0.0197,0.0812,0.0031,0.0008,0.0008,0.0000,0.0045,0.0071,0.0019,0.0005,0.0467,0.0120,0.6951,0.1922,0.0304,0.0046,0.0033,0.0022,0.0023,0.0034
0.0114,0.0099,0.0071,0.0061,0.0114,0.0069,0.0122,0.0082,0.0236,0.0434,0.0194,0.0113,0.0039,0.0001,0.0000,0.0019,0.0089,0.0372,0.0003,0.0064,0.0063,0.3076,0.0307,0.0341,0.0091,0.0097,0.0045,0.0055
0.0219,0.0271,0.0091,0.0126,0.0111,0.0080,0.0088,0.0080,0.0080,0.0083,0.0030,0.0199,0.0047,0.0015,0.0019,0.0005,0.0372,0.0230,0.0385,0.0011,0.0019,0.0100,0.0085,0.0079,0.0071,0.0051,0.0054,0.0074
0.0547,0.1123,0.0120,0.0334,0.0156,0.0199,0.0079,0.0240,0.0035,0.0595,0.0058,0.0451,0.0152,0.0054,0.0074,0.0467,0.0003,0.0385,0.0023,0.1177,0.0000,0.0001,0.0010,0.0008,0.0051,0.0057,0.0039,0.0041
0.0401,0.0336,0.0156,0.0126,0.0125,0.0107,0.0203,0.0118,0.0070,0.0103,0.0058,0.0120,0.0105,0.0182,0.0119,0.0120,0.0064,0.0011,0.1177,0.0116,0.0014,0.0000,0.0006,0.0035,0.0034,0.0053,0.0059,0.0072
0.0222,0.0344,0.0053,0.0133,0.0107,0.0124,0.0173,0.0121,0.0092,0.0106,0.0048,0.0547,0.0210,0.9655,0.2773,0.6951,0.0063,0.0019,0.0000,0.0014,0.0029,0.0016,0.0000,0.0004,0.0004,0.0017,0.0044,0.0020
0.0389,0.0379,0.0241,0.0067,0.0099,0.0067,0.0081,0.0062,0.0122,0.0123,0.0066,0.0130,0.0354,0.3146,0.7597,0.1922,0.3076,0.0100,0.0001,0.0000,0.0016,0.0028,0.0004,0.0000,0.0002,0.0026,0.0020,0.0074
0.0186,0.0799,0.0073,0.0198,0.0115,0.0137,0.0347,0.0094,0.0168,0.0335,0.0083,0.7927,0.0416,0.8837,0.0944,0.0304,0.0307,0.0085,0.0010,0.0006,0.0000,0.0004,0.0019,0.0080,0.0000,0.0002,0.0018,0.0025
0.0360,0.0139,0.0140,0.0075,0.0123,0.0052,0.0132,0.0081,0.0366,0.0202,0.0288,0.0525,0.2535,0.0301,0.0259,0.0046,0.0341,0.0079,0.0008,0.0035,0.0004,0.0000,0.0080,0.0147,0.0005,0.0002,0.0010,0.0077
0.0458,0.3579,0.0532,0.0833,0.0350,0.0342,0.1275,0.0292,0.1401,0.3153,0.0495,0.2453,0.0228,0.0905,0.0191,0.0033,0.0091,0.0071,0.0051,0.0034,0.0004,0.0002,0.0000,0.0005,0.0003,0.0018,0.0000,0.0003
0.0194,0.0123,0.0282,0.0105,0.0105,0.0088,0.0221,0.0153,0.0887,0.0270,0.0863,0.0403,0.0272,0.0157,0.0095,0.0022,0.0097,0.0051,0.0057,0.0053,0.0017,0.0026,0.0002,0.0002,0.0018,0.0075,0.0020,0.0004
0.0156,0.0351,0.0118,0.0506,0.0193,0.0484,0.0560,0.0498,0.0324,0.0613,0.0072,0.0117,0.0057,0.0095,0.0065,0.0023,0.0045,0.0054,0.0039,0.0059,0.0044,0.0020,0.0018,0.0010,0.0000,0.0020,0.0356,0.0050
0.0272,0.0090,0.0149,0.0087,0.0104,0.0123,0.0351,0.0192,0.0259,0.0104,0.0106,0.0074,0.0125,0.0058,0.0045,0.0034,0.0055,0.0074,0.0041,0.0072,0.0020,0.0074,0.0025,0.0077,0.0003,0.0004,0.0050,0.0578