c1,c2,c3,c4,c5,c6,c7,c8,c9,c10,c11,c12,c13,c14,c15,c16,c17,c18,c19,c20,c21,c22,c23,c24,c25,c26,c27,c28
0.0002,0.0001,0.0001,0.0002,0.0134,0.0079,0.0242,0.0093,0.0115,0.0049,0.0257,0.0068,0.0170,0.0369,0.0255,0.0263,0.0115,0.0227,0.0391,0.0298,0.0076,0.0084,0.0117,0.0101,0.0166,0.0099,0.0047,0.0093
0.0001,0.0005,0.0011,0.0000,0.0002,0.0007,0.0057,0.0171,0.0141,0.0146,0.0129,0.3549,0.0193,0.0622,0.0095,0.0308,0.0067,0.0195,0.0496,0.0162,0.0328,0.0073,0.1726,0.0047,0.2339,0.0039,0.0206,0.0064
0.0001,0.0011,0.0132,0.0003,0.0000,0.0005,0.0112,0.0088,0.0278,0.0181,0.2393,0.0440,0.0769,0.0054,0.0091,0.0078,0.0074,0.0071,0.0133,0.0096,0.0061,0.0137,0.0157,0.0181,0.0236,0.0183,0.0051,0.0167
0.0002,0.0000,0.0003,0.0001,0.0025,0.0000,0.0040,0.0602,0.0149,0.3380,0.0303,0.8985,0.0618,0.0335,0.0046,0.0085,0.0021,0.0072,0.0207,0.0068,0.0227,0.0033,0.3091,0.0070,0.3369,0.0076,0.0364,0.0051
0.0134,0.0002,0.0000,0.0025,0.0095,0.0019,0.0008,0.0384,0.0055,0.0177,0.0523,0.0572,0.0120,0.0035,0.0082,0.0065,0.0056,0.0092,0.0105,0.0164,0.0086,0.0063,0.0281,0.0065,0.0338,0.0086,0.0169,0.0151
0.0079,0.0007,0.0005,0.0000,0.0019,0.0080,0.1417,0.0030,0.0009,0.0220,0.0192,0.1205,0.0061,0.0059,0.0022,0.0064,0.0026,0.0091,0.0235,0.0159,0.0222,0.0050,0.0494,0.0031,0.0448,0.0037,0.2326,0.0189
0.0242,0.0057,0.0112,0.0040,0.0008,0.1417,0.0011,0.5420,0.0018,0.0071,0.0051,0.0042,0.0023,0.0001,0.0024,0.0046,0.0026,0.0032,0.0013,0.0085,0.0073,0.0028,0.0244,0.0037,0.0625,0.0089,0.1383,0.0741
0.0093,0.0171,0.0088,0.0602,0.0384,0.0030,0.5420,0.0169,0.0389,0.0001,0.0008,0.0007,0.0002,0.0008,0.0018,0.0022,0.0025,0.0029,0.0107,0.0067,0.0027,0.0016,0.0067,0.0014,0.0495,0.0094,0.5747,0.2290
0.0115,0.0141,0.0278,0.0149,0.0055,0.0009,0.0018,0.0389,0.0039,0.0004,0.0000,0.0000,0.0004,0.0001,0.0040,0.0081,0.0055,0.0056,0.0132,0.0078,0.0054,0.0032,0.0180,0.0081,0.0997,0.5057,0.6026,0.9708
0.0049,0.0146,0.0181,0.3380,0.0177,0.0220,0.0071,0.0001,0.0004,0.0004,0.0002,0.0000,0.0000,0.0000,0.0006,0.0067,0.0062,0.0062,0.0408,0.0073,0.0105,0.0034,0.3057,0.0127,0.9984,0.1542,0.9712,0.0631
0.0257,0.0129,0.2393,0.0303,0.0523,0.0192,0.0051,0.0008,0.0000,0.0002,0.0006,0.0000,0.0001,0.0003,0.0018,0.0021,0.0045,0.0036,0.0064,0.0027,0.0018,0.0026,0.0048,0.5551,0.0669,1.0000,0.0126,0.1887
0.0068,0.3549,0.0440,0.8985,0.0572,0.1205,0.0042,0.0007,0.0000,0.0000,0.0000,0.0000,0.0009,0.0000,0.0000,0.0001,0.0009,0.0103,0.0130,0.0068,0.1185,0.0036,0.9998,0.0650,0.9980,0.0241,0.0254,0.0088
0.0170,0.0193,0.0769,0.0618,0.0120,0.0061,0.0023,0.0002,0.0004,0.0000,0.0001,0.0009,0.0065,0.0022,0.0002,0.0003,0.0058,0.0045,0.0090,0.0068,0.0045,0.0815,0.0367,0.9999,0.0597,0.1956,0.0024,0.0083
0.0369,0.0622,0.0054,0.0335,0.0035,0.0059,0.0001,0.0008,0.0001,0.0000,0.0003,0.0000,0.0022,0.0000,0.0040,0.0000,0.0001,0.0025,0.0146,0.0283,1.0000,0.1630,0.9992,0.0756,0.2994,0.0082,0.0067,0.0017
0.0255,0.0095,0.0091,0.0046,0.0082,0.0022,0.0024,0.0018,0.0040,0.0006,0.0018,0.0000,0.0002,0.0040,0.0068,0.0025,0.0001,0.0013,0.0069,0.0338,0.1002,0.9998,0.0952,0.2309,0.0263,0.0176,0.0022,0.0035
0.0263,0.0308,0.0078,0.0085,0.0065,0.0064,0.0046,0.0022,0.0081,0.0067,0.0021,0.0001,0.0003,0.0000,0.0025,0.0132,0.0016,0.0006,0.4173,0.0736,0.9957,0.1557,0.0508,0.0057,0.0025,0.0016,0.0015,0.0017
0.0115,0.0067,0.0074,0.0021,0.0056,0.0026,0.0026,0.0025,0.0055,0.0062,0.0045,0.0009,0.0058,0.0001,0.0001,0.0016,0.0146,0.2169,0.0004,0.1771,0.0020,0.9978,0.0235,0.2531,0.0031,0.0168,0.0018,0.0037
0.0227,0.0195,0.0071,0.0072,0.0092,0.0091,0.0032,0.0029,0.0056,0.0062,0.0036,0.0103,0.0045,0.0025,0.0013,0.0006,0.2169,0.0582,0.1510,0.0030,0.0008,0.0365,0.0035,0.0108,0.0033,0.0052,0.0047,0.0049
0.0391,0.0496,0.0133,0.0207,0.0105,0.0235,0.0013,0.0107,0.0132,0.0408,0.0064,0.0130,0.0090,0.0146,0.0069,0.4173,0.0004,0.1510,0.0070,0.1220,0.0000,0.0001,0.0005,0.0007,0.0039,0.0032,0.0087,0.0033
0.0298,0.0162,0.0096,0.0068,0.0164,0.0159,0.0085,0.0067,0.0078,0.0073,0.0027,0.0068,0.0068,0.0283,0.0338,0.0736,0.1771,0.0030,0.1220,0.0229,0.0009,0.0000,0.0001,0.0021,0.0008,0.0075,0.0052,0.0052
0.0076,0.0328,0.0061,0.0227,0.0086,0.0222,0.0073,0.0027,0.0054,0.0105,0.0018,0.1185,0.0045,1.0000,0.1002,0.9957,0.0020,0.0008,0.0000,0.0009,0.0047,0.0023,0.0000,0.0001,0.0001,0.0003,0.0069,0.0014
0.0084,0.0073,0.0137,0.0033,0.0063,0.0050,0.0028,0.0016,0.0032,0.0034,0.0026,0.0036,0.0815,0.1630,0.9998,0.1557,0.9978,0.0365,0.0001,0.0000,0.0023,0.0044,0.0000,0.0001,0.0001,0.0035,0.0006,0.0030
0.0117,0.1726,0.0157,0.3091,0.0281,0.0494,0.0244,0.0067,0.0180,0.3057,0.0048,0.9998,0.0367,0.9992,0.0952,0.0508,0.0235,0.0035,0.0005,0.0001,0.0000,0.0000,0.0005,0.0006,0.0000,0.0000,0.0000,0.0005
0.0101,0.0047,0.0181,0.0070,0.0065,0.0031,0.0037,0.0014,0.0081,0.0127,0.5551,0.0650,0.9999,0.0756,0.2309,0.0057,0.2531,0.0108,0.0007,0.0021,0.0001,0.0001,0.0006,0.0040,0.0002,0.0000,0.0003,0.0015
0.0166,0.2339,0.0236,0.3369,0.0338,0.0448,0.0625,0.0495,0.0997,0.9984,0.0669,0.9980,0.0597,0.2994,0.0263,0.0025,0.0031,0.0033,0.0039,0.0008,0.0001,0.0001,0.0000,0.0002,0.0000,0.0006,0.0000,0.0001
0.0099,0.0039,0.0183,0.0076,0.0086,0.0037,0.0089,0.0094,0.5057,0.1542,1.0000,0.0241,0.1956,0.0082,0.0176,0.0016,0.0168,0.0052,0.0032,0.0075,0.0003,0.0035,0.0000,0.0000,0.0006,0.0019,0.0003,0.0001
0.0047,0.0206,0.0051,0.0364,0.0169,0.2326,0.1383,0.5747,0.6026,0.9712,0.0126,0.0254,0.0024,0.0067,0.0022,0.0015,0.0018,0.0047,0.0087,0.0052,0.0069,0.0006,0.0000,0.0003,0.0000,0.0003,0.0121,0.0044
0.0093,0.0064,0.0167,0.0051,0.0151,0.0189,0.0741,0.2290,0.9708,0.0631,0.1887,0.0088,0.0083,0.0017,0.0035,0.0017,0.0037,0.0049,0.0033,0.0052,0.0014,0.0030,0.0005,0.0015,0.0001,0.0001,0.0044,0.0043