c1,c2,c3,c4,c5,c6,c7,c8,c9,c10,c11,c12,c13,c14,c15,c16,c17,c18,c19,c20,c21,c22,c23,c24,c25,c26,c27,c28
0.0001,0.0001,0.0001,0.0002,0.0121,0.0042,0.0250,0.0101,0.0138,0.0074,0.0198,0.0099,0.0214,0.0465,0.0196,0.0229,0.0141,0.0178,0.0397,0.0289,0.0120,0.0101,0.0212,0.0089,0.0234,0.0091,0.0051,0.0082
0.0001,0.0002,0.0007,0.0000,0.0002,0.0017,0.0063,0.0278,0.0209,0.0373,0.0140,0.4841,0.0316,0.0350,0.0073,0.0204,0.0056,0.0140,0.0509,0.0144,0.0383,0.0070,0.1648,0.0037,0.3314,0.0030,0.0194,0.0067
0.0001,0.0007,0.0051,0.0002,0.0001,0.0005,0.0190,0.0103,0.0521,0.0280,0.1940,0.0533,0.0452,0.0054,0.0066,0.0066,0.0060,0.0068,0.0138,0.0133,0.0054,0.0100,0.0163,0.0135,0.0426,0.0149,0.0076,0.0207
0.0002,0.0000,0.0002,0.0001,0.0034,0.0001,0.0103,0.1285,0.0299,0.7465,0.0364,0.9251,0.0347,0.0206,0.0032,0.0068,0.0017,0.0058,0.0192,0.0061,0.0166,0.0032,0.0768,0.0048,0.1375,0.0042,0.0475,0.0058
0.0121,0.0002,0.0001,0.0034,0.0062,0.0039,0.0012,0.0171,0.0077,0.0310,0.0583,0.0396,0.0068,0.0030,0.0056,0.0063,0.0064,0.0097,0.0121,0.0198,0.0101,0.0048,0.0211,0.0074,0.0276,0.0100,0.0155,0.0147
0.0042,0.0017,0.0005,0.0001,0.0039,0.0232,0.2508,0.0034,0.0015,0.0634,0.0078,0.0669,0.0029,0.0030,0.0020,0.0053,0.0028,0.0059,0.0183,0.0197,0.0152,0.0043,0.0151,0.0028,0.0399,0.0031,0.1634,0.0178
0.0250,0.0063,0.0190,0.0103,0.0012,0.2508,0.0014,0.2209,0.0010,0.0032,0.0045,0.0045,0.0022,0.0001,0.0022,0.0047,0.0030,0.0032,0.0018,0.0057,0.0103,0.0028,0.0203,0.0044,0.0885,0.0096,0.1084,0.0387
0.0101,0.0278,0.0103,0.1285,0.0171,0.0034,0.2209,0.0134,0.0242,0.0000,0.0006,0.0005,0.0003,0.0008,0.0021,0.0035,0.0025,0.0036,0.0111,0.0052,0.0057,0.0018,0.0063,0.0019,0.0633,0.0168,0.6160,0.1611
0.0138,0.0209,0.0521,0.0299,0.0077,0.0015,0.0010,0.0242,0.0032,0.0004,0.0000,0.0000,0.0003,0.0001,0.0036,0.0079,0.0063,0.0045,0.0101,0.0057,0.0065,0.0030,0.0147,0.0114,0.1783,0.5898,0.5147,0.8575
0.0074,0.0373,0.0280,0.7465,0.0310,0.0634,0.0032,0.0000,0.0004,0.0003,0.0001,0.0000,0.0000,0.0000,0.0004,0.0068,0.0042,0.0039,0.0289,0.0043,0.0061,0.0024,0.1445,0.0131,0.9998,0.2596,0.9578,0.0359
0.0198,0.0140,0.1940,0.0364,0.0583,0.0078,0.0045,0.0006,0.0000,0.0001,0.0005,0.0000,0.0001,0.0003,0.0016,0.0020,0.0052,0.0030,0.0068,0.0026,0.0010,0.0021,0.0043,0.5859,0.0717,1.0000,0.0126,0.2933
0.0099,0.4841,0.0533,0.9251,0.0396,0.0669,0.0045,0.0005,0.0000,0.0000,0.0000,0.0001,0.0006,0.0000,0.0000,0.0002,0.0012,0.0090,0.0141,0.0048,0.1185,0.0038,0.9999,0.0860,0.9975,0.0228,0.0196,0.0067
0.0214,0.0316,0.0452,0.0347,0.0068,0.0029,0.0022,0.0003,0.0003,0.0000,0.0001,0.0006,0.0082,0.0017,0.0002,0.0004,0.0078,0.0032,0.0090,0.0066,0.0063,0.0478,0.0877,1.0000,0.0379,0.2741,0.0017,0.0070
0.0465,0.0350,0.0054,0.0206,0.0030,0.0030,0.0001,0.0008,0.0001,0.0000,0.0003,0.0000,0.0017,0.0000,0.0038,0.0000,0.0001,0.0026,0.0141,0.0340,1.0000,0.2982,0.9998,0.0785,0.1704,0.0039,0.0045,0.0016
0.0196,0.0073,0.0066,0.0032,0.0056,0.0020,0.0022,0.0021,0.0036,0.0004,0.0016,0.0000,0.0002,0.0038,0.0060,0.0032,0.0001,0.0016,0.0083,0.0341,0.1520,0.9999,0.0958,0.3068,0.0179,0.0176,0.0018,0.0032
0.0229,0.0204,0.0066,0.0068,0.0063,0.0053,0.0047,0.0035,0.0079,0.0068,0.0020,0.0002,0.0004,0.0000,0.0032,0.0193,0.0024,0.0016,0.4413,0.0951,0.9945,0.1361,0.0269,0.0033,0.0023,0.0010,0.0012,0.0019
0.0141,0.0056,0.0060,0.0017,0.0064,0.0028,0.0030,0.0025,0.0063,0.0042,0.0052,0.0012,0.0078,0.0001,0.0001,0.0024,0.0146,0.2811,0.0009,0.1799,0.0012,0.9976,0.0155,0.1005,0.0025,0.0117,0.0015,0.0036
0.0178,0.0140,0.0068,0.0058,0.0097,0.0059,0.0032,0.0036,0.0045,0.0039,0.0030,0.0090,0.0032,0.0026,0.0016,0.0016,0.2811,0.0733,0.1588,0.0062,0.0012,0.0451,0.0027,0.0085,0.0025,0.0038,0.0051,0.0054
0.0397,0.0509,0.0138,0.0192,0.0121,0.0183,0.0018,0.0111,0.0101,0.0289,0.0068,0.0141,0.0090,0.0141,0.0083,0.4413,0.0009,0.1588,0.0163,0.1541,0.0000,0.0001,0.0003,0.0005,0.0020,0.0018,0.0111,0.0037
0.0289,0.0144,0.0133,0.0061,0.0198,0.0197,0.0057,0.0052,0.0057,0.0043,0.0026,0.0048,0.0066,0.0340,0.0341,0.0951,0.1799,0.0062,0.1541,0.0309,0.0003,0.0001,0.0001,0.0020,0.0009,0.0077,0.0042,0.0063
0.0120,0.0383,0.0054,0.0166,0.0101,0.0152,0.0103,0.0057,0.0065,0.0061,0.0010,0.1185,0.0063,1.0000,0.1520,0.9945,0.0012,0.0012,0.0000,0.0003,0.0016,0.0009,0.0000,0.0000,0.0001,0.0004,0.0070,0.0016
0.0101,0.0070,0.0100,0.0032,0.0048,0.0043,0.0028,0.0018,0.0030,0.0024,0.0021,0.0038,0.0478,0.2982,0.9999,0.1361,0.9976,0.0451,0.0001,0.0001,0.0009,0.0053,0.0001,0.0001,0.0001,0.0030,0.0008,0.0051
0.0212,0.1648,0.0163,0.0768,0.0211,0.0151,0.0203,0.0063,0.0147,0.1445,0.0043,0.9999,0.0877,0.9998,0.0958,0.0269,0.0155,0.0027,0.0003,0.0001,0.0000,0.0001,0.0011,0.0007,0.0000,0.0000,0.0001,0.0011
0.0089,0.0037,0.0135,0.0048,0.0074,0.0028,0.0044,0.0019,0.0114,0.0131,0.5859,0.0860,1.0000,0.0785,0.3068,0.0033,0.1005,0.0085,0.0005,0.0020,0.0000,0.0001,0.0007,0.0037,0.0001,0.0000,0.0003,0.0032
0.0234,0.3314,0.0426,0.1375,0.0276,0.0399,0.0885,0.0633,0.1783,0.9998,0.0717,0.9975,0.0379,0.1704,0.0179,0.0023,0.0025,0.0025,0.0020,0.0009,0.0001,0.0001,0.0000,0.0001,0.0000,0.0003,0.0000,0.0001
0.0091,0.0030,0.0149,0.0042,0.0100,0.0031,0.0096,0.0168,0.5898,0.2596,1.0000,0.0228,0.2741,0.0039,0.0176,0.0010,0.0117,0.0038,0.0018,0.0077,0.0004,0.0030,0.0000,0.0000,0.0003,0.0010,0.0002,0.0001
0.0051,0.0194,0.0076,0.0475,0.0155,0.1634,0.1084,0.6160,0.5147,0.9578,0.0126,0.0196,0.0017,0.0045,0.0018,0.0012,0.0015,0.0051,0.0111,0.0042,0.0070,0.0008,0.0001,0.0003,0.0000,0.0002,0.0174,0.0053
0.0082,0.0067,0.0207,0.0058,0.0147,0.0178,0.0387,0.1611,0.8575,0.0359,0.2933,0.0067,0.0070,0.0016,0.0032,0.0019,0.0036,0.0054,0.0037,0.0063,0.0016,0.0051,0.0011,0.0032,0.0001,0.0001,0.0053,0.0039