c1,c2,c3,c4,c5,c6,c7,c8,c9,c10,c11,c12,c13,c14,c15,c16,c17,c18,c19,c20,c21,c22,c23,c24,c25,c26,c27,c28,c29
0.0007,0.0004,0.0000,0.0057,0.0535,0.0070,0.0323,0.0081,0.0537,0.0261,0.0792,0.0251,0.0089,0.0125,0.0046,0.0061,0.0034,0.0162,0.0045,0.0235,0.0265,0.0115,0.0186,0.0034,0.0024,0.0017,0.0038,0.0083,0.0052
0.0004,0.0165,0.0625,0.0004,0.0210,0.0287,0.0519,0.0161,0.0372,0.0186,0.0114,0.0089,0.0054,0.0034,0.0066,0.0031,0.0038,0.0314,0.0012,0.0058,0.0072,0.0042,0.0119,0.0028,0.0041,0.0044,0.0070,0.0054,0.0038
0.0000,0.0625,0.0104,0.0147,0.0001,0.0111,0.0078,0.0168,0.0856,0.0216,0.0131,0.0095,0.0262,0.0176,0.0076,0.0069,0.0037,0.0120,0.0052,0.0072,0.0077,0.0068,0.0065,0.0039,0.0070,0.0024,0.0080,0.0093,0.0093
0.0057,0.0004,0.0147,0.0712,0.0023,0.0003,0.0092,0.0240,0.2282,0.0448,0.0318,0.0040,0.0062,0.0134,0.0048,0.0055,0.0041,0.0123,0.0030,0.0056,0.0052,0.0064,0.0081,0.0053,0.0063,0.0039,0.0060,0.0047,0.0040
0.0535,0.0210,0.0001,0.0023,0.3029,0.0190,0.0000,0.0003,0.3189,0.0337,0.6105,0.0118,0.0176,0.0084,0.0036,0.0041,0.0025,0.0314,0.0013,0.0027,0.0020,0.0041,0.0175,0.0022,0.0049,0.0035,0.0180,0.0047,0.0039
0.0070,0.0287,0.0111,0.0003,0.0190,0.0367,0.0050,0.0030,0.0273,0.0088,0.0093,0.0068,0.0056,0.0125,0.0088,0.0054,0.0034,0.0216,0.0032,0.0053,0.0058,0.0035,0.0057,0.0041,0.0069,0.0043,0.0097,0.0111,0.0070
0.0323,0.0519,0.0078,0.0092,0.0000,0.0050,0.0514,0.3666,0.0001,0.0033,0.0015,0.0020,0.0042,0.0054,0.0344,0.0049,0.0059,0.1617,0.0047,0.0078,0.0110,0.0039,0.0063,0.0036,0.0065,0.0049,0.0144,0.0123,0.0163
0.0081,0.0161,0.0168,0.0240,0.0003,0.0030,0.3666,0.0147,0.0077,0.0032,0.0001,0.0039,0.0022,0.0219,0.0630,0.0217,0.0034,0.0079,0.0046,0.0075,0.0139,0.0013,0.0172,0.0035,0.0050,0.0100,0.0124,0.0068,0.0063
0.0537,0.0372,0.0856,0.2282,0.3189,0.0273,0.0001,0.0077,0.0321,0.0147,0.0000,0.0022,0.0031,0.0015,0.0148,0.0045,0.0021,0.0198,0.0021,0.0070,0.0022,0.0034,0.0047,0.0013,0.0076,0.0056,0.0374,0.0106,0.0125
0.0261,0.0186,0.0216,0.0448,0.0337,0.0088,0.0033,0.0032,0.0147,0.0586,0.0021,0.0065,0.0009,0.0020,0.0005,0.0054,0.0044,0.0043,0.0048,0.0048,0.0033,0.0109,0.0087,0.0027,0.0093,0.0055,0.0088,0.0196,0.0168
0.0792,0.0114,0.0131,0.0318,0.6105,0.0093,0.0015,0.0001,0.0000,0.0021,0.0550,0.0808,0.0000,0.0004,0.0000,0.0012,0.0046,0.0070,0.0039,0.0072,0.0139,0.0133,0.0168,0.0065,0.1277,0.0088,0.3781,0.0725,0.1369
0.0251,0.0089,0.0095,0.0040,0.0118,0.0068,0.0020,0.0039,0.0022,0.0065,0.0808,0.1086,0.0050,0.0006,0.0001,0.0053,0.0008,0.0039,0.0024,0.0096,0.0072,0.0060,0.0167,0.0051,0.0225,0.0093,0.0123,0.1655,0.0288
0.0089,0.0054,0.0262,0.0062,0.0176,0.0056,0.0042,0.0022,0.0031,0.0009,0.0000,0.0050,0.0600,0.0120,0.0000,0.0003,0.0005,0.0016,0.0039,0.0076,0.0291,0.0037,0.0186,0.0081,0.9872,0.0539,0.8984,0.0390,0.0373
0.0125,0.0034,0.0176,0.0134,0.0084,0.0125,0.0054,0.0219,0.0015,0.0020,0.0004,0.0006,0.0120,0.0004,0.0001,0.0001,0.0005,0.0019,0.0012,0.0097,0.0028,0.0058,0.0086,0.0105,0.2052,0.9944,0.0193,0.5844,0.0999
0.0046,0.0066,0.0076,0.0048,0.0036,0.0088,0.0344,0.0630,0.0148,0.0005,0.0000,0.0001,0.0000,0.0001,0.0060,0.0003,0.0000,0.0004,0.0008,0.0670,0.1244,0.2191,0.9792,0.1673,0.9992,0.0501,0.0459,0.0193,0.0268
0.0061,0.0031,0.0069,0.0055,0.0041,0.0054,0.0049,0.0217,0.0045,0.0054,0.0012,0.0053,0.0003,0.0001,0.0003,0.0035,0.0111,0.0000,0.0028,0.0028,0.0028,0.0168,0.0809,0.7509,0.3777,0.9360,0.0115,0.0454,0.0297
0.0034,0.0038,0.0037,0.0041,0.0025,0.0034,0.0059,0.0034,0.0021,0.0044,0.0046,0.0008,0.0005,0.0005,0.0000,0.0111,0.0999,0.0063,0.0010,0.0129,0.0194,0.0195,0.0831,0.9986,0.0721,0.1884,0.0042,0.0020,0.0050
0.0162,0.0314,0.0120,0.0123,0.0314,0.0216,0.1617,0.0079,0.0198,0.0043,0.0070,0.0039,0.0016,0.0019,0.0004,0.0000,0.0063,0.0111,0.0010,0.0002,0.0069,0.0357,0.6009,0.0600,0.0378,0.0078,0.0031,0.0031,0.0065
0.0045,0.0012,0.0052,0.0030,0.0013,0.0032,0.0047,0.0046,0.0021,0.0048,0.0039,0.0024,0.0039,0.0012,0.0008,0.0028,0.0010,0.0010,0.0359,0.1652,0.0004,0.9548,0.0241,0.8850,0.0460,0.0190,0.0056,0.0031,0.0040
0.0235,0.0058,0.0072,0.0056,0.0027,0.0053,0.0078,0.0075,0.0070,0.0048,0.0072,0.0096,0.0076,0.0097,0.0670,0.0028,0.0129,0.0002,0.1652,0.0893,0.0132,0.0004,0.0013,0.0110,0.0061,0.0092,0.0084,0.0041,0.0043
0.0265,0.0072,0.0077,0.0052,0.0020,0.0058,0.0110,0.0139,0.0022,0.0033,0.0139,0.0072,0.0291,0.0028,0.1244,0.0028,0.0194,0.0069,0.0004,0.0132,0.1322,0.7531,0.0000,0.0036,0.0011,0.0031,0.0112,0.0046,0.0060
0.0115,0.0042,0.0068,0.0064,0.0041,0.0035,0.0039,0.0013,0.0034,0.0109,0.0133,0.0060,0.0037,0.0058,0.2191,0.0168,0.0195,0.0357,0.9548,0.0004,0.7531,0.0037,0.0100,0.0002,0.0000,0.0008,0.0010,0.0064,0.0050
0.0186,0.0119,0.0065,0.0081,0.0175,0.0057,0.0063,0.0172,0.0047,0.0087,0.0168,0.0167,0.0186,0.0086,0.9792,0.0809,0.0831,0.6009,0.0241,0.0013,0.0000,0.0100,0.0046,0.0007,0.0000,0.0001,0.0007,0.0021,0.0142
0.0034,0.0028,0.0039,0.0053,0.0022,0.0041,0.0036,0.0035,0.0013,0.0027,0.0065,0.0051,0.0081,0.0105,0.1673,0.7509,0.9986,0.0600,0.8850,0.0110,0.0036,0.0002,0.0007,0.0045,0.0002,0.0000,0.0004,0.0012,0.0073
0.0024,0.0041,0.0070,0.0063,0.0049,0.0069,0.0065,0.0050,0.0076,0.0093,0.1277,0.0225,0.9872,0.2052,0.9992,0.3777,0.0721,0.0378,0.0460,0.0061,0.0011,0.0000,0.0000,0.0002,0.0000,0.0026,0.0000,0.0002,0.0047
0.0017,0.0044,0.0024,0.0039,0.0035,0.0043,0.0049,0.0100,0.0056,0.0055,0.0088,0.0093,0.0539,0.9944,0.0501,0.9360,0.1884,0.0078,0.0190,0.0092,0.0031,0.0008,0.0001,0.0000,0.0026,0.0162,0.0014,0.0000,0.0038
0.0038,0.0070,0.0080,0.0060,0.0180,0.0097,0.0144,0.0124,0.0374,0.0088,0.3781,0.0123,0.8984,0.0193,0.0459,0.0115,0.0042,0.0031,0.0056,0.0084,0.0112,0.0010,0.0007,0.0004,0.0000,0.0014,0.0399,0.0145,0.0001
0.0083,0.0054,0.0093,0.0047,0.0047,0.0111,0.0123,0.0068,0.0106,0.0196,0.0725,0.1655,0.0390,0.5844,0.0193,0.0454,0.0020,0.0031,0.0031,0.0041,0.0046,0.0064,0.0021,0.0012,0.0002,0.0000,0.0145,0.0121,0.0007
0.0052,0.0038,0.0093,0.0040,0.0039,0.0070,0.0163,0.0063,0.0125,0.0168,0.1369,0.0288,0.0373,0.0999,0.0268,0.0297,0.0050,0.0065,0.0040,0.0043,0.0060,0.0050,0.0142,0.0073,0.0047,0.0038,0.0001,0.0007,0.0005