c1,c2,c3,c4,c5,c6,c7,c8,c9,c10,c11,c12,c13,c14,c15
0.0001,0.0083,0.0000,0.0133,0.0052,0.0062,0.0307,0.0105,0.0305,0.0250,0.0108,0.0518,0.0117,0.0140,0.0372
0.0083,0.0027,0.0349,0.0001,0.0282,0.0030,0.0018,0.0071,0.0051,0.0101,0.0150,0.0136,0.0108,0.0232,0.0344
0.0000,0.0349,0.0035,0.0128,0.0000,0.0075,0.0246,0.0106,0.0623,0.0650,0.0309,0.0363,0.0182,0.0073,0.0110
0.0133,0.0001,0.0128,0.0102,0.0119,0.0001,0.0106,0.0133,0.0078,0.0279,0.0193,0.0229,0.0226,0.0096,0.0135
0.0052,0.0282,0.0000,0.0119,0.0010,0.0102,0.0001,0.0099,0.0125,0.0306,0.0937,0.0672,0.0418,0.0153,0.0171
0.0062,0.0030,0.0075,0.0001,0.0102,0.0272,0.0110,0.0002,0.0173,0.0148,0.0179,0.0433,0.0232,0.0130,0.0117
0.0307,0.0018,0.0246,0.0106,0.0001,0.0110,0.0432,0.0108,0.0009,0.0052,0.0068,0.0118,0.0235,0.0125,0.0102
0.0105,0.0071,0.0106,0.0133,0.0099,0.0002,0.0108,0.0432,0.1041,0.0001,0.0033,0.0086,0.0151,0.0142,0.0080
0.0305,0.0051,0.0623,0.0078,0.0125,0.0173,0.0009,0.1041,0.0000,0.0382,0.0003,0.0040,0.0140,0.0083,0.0273
0.0250,0.0101,0.0650,0.0279,0.0306,0.0148,0.0052,0.0001,0.0382,0.0098,0.0080,0.0001,0.0041,0.0106,0.0061
0.0108,0.0150,0.0309,0.0193,0.0937,0.0179,0.0068,0.0033,0.0003,0.0080,0.0213,0.0146,0.0001,0.0027,0.0087
0.0518,0.0136,0.0363,0.0229,0.0672,0.0433,0.0118,0.0086,0.0040,0.0001,0.0146,0.0230,0.0039,0.0000,0.0031
0.0117,0.0108,0.0182,0.0226,0.0418,0.0232,0.0235,0.0151,0.0140,0.0041,0.0001,0.0039,0.0426,0.0207,0.0000
0.0140,0.0232,0.0073,0.0096,0.0153,0.0130,0.0125,0.0142,0.0083,0.0106,0.0027,0.0000,0.0207,0.0195,0.0023
0.0372,0.0344,0.0110,0.0135,0.0171,0.0117,0.0102,0.0080,0.0273,0.0061,0.0087,0.0031,0.0000,0.0023,0.0105