c1,c2,c3,c4,c5,c6,c7,c8,c9,c10,c11,c12,c13,c14,c15
0.0006,0.0600,0.0002,0.0064,0.0337,0.0122,0.0095,0.0287,0.0058,0.0154,0.0179,0.0075,0.0062,0.0049,0.0040
0.0600,0.0752,0.0372,0.0000,0.0084,0.0033,0.0035,0.0106,0.0067,0.0053,0.0072,0.0073,0.0060,0.0126,0.0056
0.0002,0.0372,0.0616,0.0107,0.0003,0.0097,0.0148,0.0121,0.0168,0.0092,0.0070,0.0073,0.0062,0.0071,0.0096
0.0064,0.0000,0.0107,0.0746,0.0379,0.0003,0.0357,0.0113,0.0076,0.0131,0.0057,0.0126,0.0097,0.0082,0.0090
0.0337,0.0084,0.0003,0.0379,0.0612,0.0638,0.0001,0.0057,0.0223,0.0036,0.0092,0.0071,0.0054,0.0044,0.0069
0.0122,0.0033,0.0097,0.0003,0.0638,0.1489,0.0078,0.0002,0.0183,0.0087,0.0046,0.0112,0.0076,0.0073,0.0065
0.0095,0.0035,0.0148,0.0357,0.0001,0.0078,0.0325,0.0163,0.0006,0.0107,0.0127,0.0065,0.0107,0.0124,0.0115
0.0287,0.0106,0.0121,0.0113,0.0057,0.0002,0.0163,0.0143,0.0246,0.0002,0.0051,0.0068,0.0070,0.0301,0.0168
0.0058,0.0067,0.0168,0.0076,0.0223,0.0183,0.0006,0.0246,0.0285,0.0165,0.0004,0.0029,0.0082,0.0043,0.0115
0.0154,0.0053,0.0092,0.0131,0.0036,0.0087,0.0107,0.0002,0.0165,0.0199,0.0274,0.0008,0.0300,0.0058,0.0075
0.0179,0.0072,0.0070,0.0057,0.0092,0.0046,0.0127,0.0051,0.0004,0.0274,0.0278,0.0621,0.0009,0.0028,0.0088
0.0075,0.0073,0.0073,0.0126,0.0071,0.0112,0.0065,0.0068,0.0029,0.0008,0.0621,0.0671,0.0129,0.0002,0.0116
0.0062,0.0060,0.0062,0.0097,0.0054,0.0076,0.0107,0.0070,0.0082,0.0300,0.0009,0.0129,0.0110,0.0341,0.0008
0.0049,0.0126,0.0071,0.0082,0.0044,0.0073,0.0124,0.0301,0.0043,0.0058,0.0028,0.0002,0.0341,0.0644,0.0038
0.0040,0.0056,0.0096,0.0090,0.0069,0.0065,0.0115,0.0168,0.0115,0.0075,0.0088,0.0116,0.0008,0.0038,0.0142