c1,c2,c3,c4,c5,c6,c7,c8,c9,c10,c11,c12,c13,c14,c15,c16,c17,c18,c19,c20,c21,c22,c23,c24,c25,c26
0.0000,0.0000,0.0000,0.0000,0.0000,0.0003,0.0033,0.0018,0.0078,0.0023,0.0075,0.0010,0.6723,0.1099,1.0000,0.6561,0.2553,0.1224,0.0421,0.0643,0.0060,0.4671,0.0070,0.0043,0.1320,0.1337
0.0000,0.0094,0.0007,0.0000,0.0001,0.0000,0.0015,0.0015,0.0057,0.0022,0.0156,0.0098,0.4581,0.9985,0.0275,0.9847,0.0402,0.0062,0.0193,0.0055,0.0030,0.0033,0.0098,0.0056,0.0069,0.0044
0.0000,0.0007,0.0119,0.0008,0.0002,0.0000,0.0002,0.0002,0.0104,0.0092,1.0000,0.0281,0.9997,0.1939,0.0017,0.0794,0.0075,0.0019,0.0306,0.0026,0.0021,0.0030,0.0071,0.0022,0.0182,0.0035
0.0000,0.0000,0.0008,0.0001,0.0005,0.0000,0.0000,0.0002,0.0028,0.0272,0.6349,1.0000,0.9498,0.9122,0.0015,0.0117,0.0037,0.0021,0.0054,0.0050,0.0578,0.0016,0.0281,0.0023,0.0050,0.0030
0.0000,0.0001,0.0002,0.0005,0.1941,0.0013,0.0001,0.0010,0.7773,0.0230,0.9995,0.5673,0.0524,0.0067,0.0016,0.0091,0.0096,0.0030,0.0073,0.0042,0.0036,0.0026,0.0071,0.0061,0.0042,0.0027
0.0003,0.0000,0.0000,0.0000,0.0013,0.0071,0.0987,0.8093,0.0523,0.4134,0.1218,0.9713,0.0024,0.0110,0.0020,0.0063,0.0017,0.0020,0.0050,0.0034,0.0433,0.0034,0.4162,0.0032,0.0062,0.0065
0.0033,0.0015,0.0002,0.0000,0.0001,0.0987,0.0948,0.5728,0.0058,0.0612,0.0030,0.0633,0.0043,0.0066,0.0010,0.0114,0.0071,0.0028,0.0254,0.0064,0.0354,0.0026,0.0842,0.0258,0.0075,0.0030
0.0018,0.0015,0.0002,0.0002,0.0010,0.8093,0.5728,0.0440,0.2284,0.0144,0.0003,0.0032,0.0004,0.0045,0.0005,0.0048,0.0066,0.0018,0.0136,0.0038,0.0130,0.0026,0.6416,0.0380,0.0086,0.0030
0.0078,0.0057,0.0104,0.0028,0.7773,0.0523,0.0058,0.2284,0.0274,0.1616,0.0000,0.0000,0.0000,0.0001,0.0012,0.0104,0.0281,0.0030,0.0061,0.0131,0.0109,0.0086,0.0834,0.0338,0.0399,0.0282
0.0023,0.0022,0.0092,0.0272,0.0230,0.4134,0.0612,0.0144,0.1616,0.0076,0.0009,0.0000,0.0000,0.0001,0.0006,0.0055,0.0073,0.0021,0.0025,0.0024,0.0153,0.0044,0.9686,0.0643,0.1629,0.1971
0.0075,0.0156,1.0000,0.6349,0.9995,0.1218,0.0030,0.0003,0.0000,0.0009,0.0148,0.0000,0.0000,0.0000,0.0000,0.0005,0.0033,0.0012,0.0027,0.0026,0.0027,0.0039,0.0584,0.1044,0.2842,0.0218
0.0010,0.0098,0.0281,1.0000,0.5673,0.9713,0.0633,0.0032,0.0000,0.0000,0.0000,0.0000,0.0000,0.0000,0.0000,0.0004,0.0002,0.0020,0.0216,0.0129,0.9994,0.0285,0.9995,0.1376,0.0035,0.0007
0.6723,0.4581,0.9997,0.9498,0.0524,0.0024,0.0043,0.0004,0.0000,0.0000,0.0000,0.0000,0.0000,0.0000,0.0000,0.0000,0.0000,0.0004,0.0386,0.0825,0.1271,0.9999,0.3725,0.8836,0.6354,0.6603
0.1099,0.9985,0.1939,0.9122,0.0067,0.0110,0.0066,0.0045,0.0001,0.0001,0.0000,0.0000,0.0000,0.0000,0.0001,0.0010,0.0005,0.0086,0.9984,0.8050,0.9999,0.0073,0.0153,0.0022,0.0008,0.0002
1.0000,0.0275,0.0017,0.0015,0.0016,0.0020,0.0010,0.0005,0.0012,0.0006,0.0000,0.0000,0.0000,0.0001,0.0040,0.0060,0.4128,0.9984,0.0107,0.8336,0.0191,0.0490,0.0010,0.0043,0.0047,0.0038
0.6561,0.9847,0.0794,0.0117,0.0091,0.0063,0.0114,0.0048,0.0104,0.0055,0.0005,0.0004,0.0000,0.0010,0.0060,0.0139,0.1166,0.0001,0.0131,0.0057,0.0148,0.0059,0.0034,0.0016,0.0035,0.0035
0.2553,0.0402,0.0075,0.0037,0.0096,0.0017,0.0071,0.0066,0.0281,0.0073,0.0033,0.0002,0.0000,0.0005,0.4128,0.1166,0.2505,0.3273,0.0005,0.0056,0.0005,0.0018,0.0032,0.0116,0.0103,0.0120
0.1224,0.0062,0.0019,0.0021,0.0030,0.0020,0.0028,0.0018,0.0030,0.0021,0.0012,0.0020,0.0004,0.0086,0.9984,0.0001,0.3273,0.1281,0.0943,0.0033,0.0006,0.0034,0.0024,0.0130,0.0058,0.0067
0.0421,0.0193,0.0306,0.0054,0.0073,0.0050,0.0254,0.0136,0.0061,0.0025,0.0027,0.0216,0.0386,0.9984,0.0107,0.0131,0.0005,0.0943,0.5529,0.0021,0.0000,0.0000,0.0001,0.0007,0.0119,0.0154
0.0643,0.0055,0.0026,0.0050,0.0042,0.0034,0.0064,0.0038,0.0131,0.0024,0.0026,0.0129,0.0825,0.8050,0.8336,0.0057,0.0056,0.0033,0.0021,0.0387,0.0008,0.0000,0.0001,0.0046,0.0050,0.0178
0.0060,0.0030,0.0021,0.0578,0.0036,0.0433,0.0354,0.0130,0.0109,0.0153,0.0027,0.9994,0.1271,0.9999,0.0191,0.0148,0.0005,0.0006,0.0000,0.0008,0.1139,0.0001,0.0000,0.0002,0.0001,0.0005
0.4671,0.0033,0.0030,0.0016,0.0026,0.0034,0.0026,0.0026,0.0086,0.0044,0.0039,0.0285,0.9999,0.0073,0.0490,0.0059,0.0018,0.0034,0.0000,0.0000,0.0001,0.9993,0.0000,0.0025,0.0019,0.0530
0.0070,0.0098,0.0071,0.0281,0.0071,0.4162,0.0842,0.6416,0.0834,0.9686,0.0584,0.9995,0.3725,0.0153,0.0010,0.0034,0.0032,0.0024,0.0001,0.0001,0.0000,0.0000,0.0012,0.0014,0.0000,0.0000
0.0043,0.0056,0.0022,0.0023,0.0061,0.0032,0.0258,0.0380,0.0338,0.0643,0.1044,0.1376,0.8836,0.0022,0.0043,0.0016,0.0116,0.0130,0.0007,0.0046,0.0002,0.0025,0.0014,0.1067,0.0008,0.0000
0.1320,0.0069,0.0182,0.0050,0.0042,0.0062,0.0075,0.0086,0.0399,0.1629,0.2842,0.0035,0.6354,0.0008,0.0047,0.0035,0.0103,0.0058,0.0119,0.0050,0.0001,0.0019,0.0000,0.0008,0.0204,0.0562
0.1337,0.0044,0.0035,0.0030,0.0027,0.0065,0.0030,0.0030,0.0282,0.1971,0.0218,0.0007,0.6603,0.0002,0.0038,0.0035,0.0120,0.0067,0.0154,0.0178,0.0005,0.0530,0.0000,0.0000,0.0562,0.5075