c1,c2,c3,c4,c5,c6,c7,c8,c9,c10,c11,c12,c13,c14,c15,c16,c17,c18,c19,c20,c21,c22,c23,c24,c25,c26
0.0000,0.0000,0.0000,0.0000,0.0000,0.0002,0.0031,0.0017,0.0095,0.0024,0.0083,0.0010,0.7518,0.1055,1.0000,0.6878,0.3354,0.1470,0.0721,0.0256,0.0039,0.3999,0.0078,0.0034,0.1557,0.1534
0.0000,0.0122,0.0010,0.0000,0.0001,0.0000,0.0017,0.0015,0.0055,0.0027,0.0126,0.0073,0.4663,0.9993,0.0320,0.9954,0.0252,0.0045,0.0187,0.0047,0.0023,0.0028,0.0093,0.0054,0.0056,0.0043
0.0000,0.0010,0.0184,0.0010,0.0003,0.0000,0.0002,0.0002,0.0107,0.0130,1.0000,0.0348,0.9999,0.1013,0.0014,0.0359,0.0050,0.0014,0.0239,0.0024,0.0026,0.0028,0.0098,0.0022,0.0128,0.0032
0.0000,0.0000,0.0010,0.0001,0.0004,0.0000,0.0000,0.0002,0.0058,0.0494,0.6540,1.0000,0.9834,0.9274,0.0013,0.0069,0.0037,0.0020,0.0050,0.0038,0.0285,0.0020,0.0431,0.0025,0.0060,0.0027
0.0000,0.0001,0.0003,0.0004,0.2309,0.0015,0.0001,0.0012,0.7369,0.0333,0.9995,0.6476,0.0803,0.0069,0.0015,0.0074,0.0067,0.0025,0.0077,0.0043,0.0034,0.0027,0.0083,0.0074,0.0037,0.0020
0.0002,0.0000,0.0000,0.0000,0.0015,0.0048,0.1033,0.8462,0.0917,0.4544,0.1760,0.9758,0.0030,0.0094,0.0015,0.0073,0.0020,0.0013,0.0053,0.0027,0.0378,0.0030,0.3182,0.0031,0.0069,0.0057
0.0031,0.0017,0.0002,0.0000,0.0001,0.1033,0.1234,0.6423,0.0050,0.0661,0.0034,0.0972,0.0056,0.0067,0.0008,0.0052,0.0073,0.0030,0.0245,0.0070,0.0265,0.0026,0.0715,0.0193,0.0065,0.0027
0.0017,0.0015,0.0002,0.0002,0.0012,0.8462,0.6423,0.0502,0.2389,0.0096,0.0003,0.0042,0.0005,0.0058,0.0004,0.0036,0.0081,0.0015,0.0139,0.0040,0.0160,0.0028,0.4471,0.0288,0.0089,0.0031
0.0095,0.0055,0.0107,0.0058,0.7369,0.0917,0.0050,0.2389,0.0256,0.1695,0.0000,0.0000,0.0001,0.0001,0.0012,0.0091,0.0244,0.0019,0.0040,0.0122,0.0137,0.0077,0.0666,0.0334,0.0390,0.0286
0.0024,0.0027,0.0130,0.0494,0.0333,0.4544,0.0661,0.0096,0.1695,0.0114,0.0016,0.0000,0.0001,0.0001,0.0004,0.0047,0.0079,0.0019,0.0021,0.0034,0.0118,0.0034,0.8526,0.0432,0.1610,0.1830
0.0083,0.0126,1.0000,0.6540,0.9995,0.1760,0.0034,0.0003,0.0000,0.0016,0.0130,0.0000,0.0000,0.0000,0.0000,0.0003,0.0026,0.0012,0.0032,0.0028,0.0025,0.0025,0.0589,0.1051,0.3827,0.0237
0.0010,0.0073,0.0348,1.0000,0.6476,0.9758,0.0972,0.0042,0.0000,0.0000,0.0000,0.0000,0.0000,0.0000,0.0000,0.0003,0.0002,0.0018,0.0160,0.0115,0.9990,0.0108,0.9996,0.1801,0.0058,0.0008
0.7518,0.4663,0.9999,0.9834,0.0803,0.0030,0.0056,0.0005,0.0001,0.0001,0.0000,0.0000,0.0000,0.0000,0.0000,0.0000,0.0000,0.0003,0.0510,0.0372,0.2750,0.9997,0.4163,0.8647,0.6263,0.5902
0.1055,0.9993,0.1013,0.9274,0.0069,0.0094,0.0067,0.0058,0.0001,0.0001,0.0000,0.0000,0.0000,0.0000,0.0001,0.0012,0.0005,0.0072,0.9968,0.6480,0.9999,0.0127,0.0277,0.0049,0.0010,0.0002
1.0000,0.0320,0.0014,0.0013,0.0015,0.0015,0.0008,0.0004,0.0012,0.0004,0.0000,0.0000,0.0000,0.0001,0.0053,0.0041,0.4286,0.9976,0.0146,0.6575,0.0202,0.0734,0.0012,0.0057,0.0067,0.0053
0.6878,0.9954,0.0359,0.0069,0.0074,0.0073,0.0052,0.0036,0.0091,0.0047,0.0003,0.0003,0.0000,0.0012,0.0041,0.0300,0.1262,0.0002,0.0144,0.0076,0.0258,0.0053,0.0027,0.0029,0.0038,0.0027
0.3354,0.0252,0.0050,0.0037,0.0067,0.0020,0.0073,0.0081,0.0244,0.0079,0.0026,0.0002,0.0000,0.0005,0.4286,0.1262,0.1278,0.3665,0.0003,0.0095,0.0005,0.0019,0.0045,0.0171,0.0080,0.0149
0.1470,0.0045,0.0014,0.0020,0.0025,0.0013,0.0030,0.0015,0.0019,0.0019,0.0012,0.0018,0.0003,0.0072,0.9976,0.0002,0.3665,0.0445,0.2030,0.0187,0.0004,0.0047,0.0028,0.0107,0.0054,0.0089
0.0721,0.0187,0.0239,0.0050,0.0077,0.0053,0.0245,0.0139,0.0040,0.0021,0.0032,0.0160,0.0510,0.9968,0.0146,0.0144,0.0003,0.2030,0.7075,0.0022,0.0000,0.0000,0.0000,0.0008,0.0103,0.0156
0.0256,0.0047,0.0024,0.0038,0.0043,0.0027,0.0070,0.0040,0.0122,0.0034,0.0028,0.0115,0.0372,0.6480,0.6575,0.0076,0.0095,0.0187,0.0022,0.1054,0.0009,0.0000,0.0001,0.0044,0.0048,0.0140
0.0039,0.0023,0.0026,0.0285,0.0034,0.0378,0.0265,0.0160,0.0137,0.0118,0.0025,0.9990,0.2750,0.9999,0.0202,0.0258,0.0005,0.0004,0.0000,0.0009,0.1387,0.0002,0.0000,0.0002,0.0001,0.0006
0.3999,0.0028,0.0028,0.0020,0.0027,0.0030,0.0026,0.0028,0.0077,0.0034,0.0025,0.0108,0.9997,0.0127,0.0734,0.0053,0.0019,0.0047,0.0000,0.0000,0.0002,0.9997,0.0001,0.0021,0.0028,0.0566
0.0078,0.0093,0.0098,0.0431,0.0083,0.3182,0.0715,0.4471,0.0666,0.8526,0.0589,0.9996,0.4163,0.0277,0.0012,0.0027,0.0045,0.0028,0.0000,0.0001,0.0000,0.0001,0.0028,0.0010,0.0000,0.0000
0.0034,0.0054,0.0022,0.0025,0.0074,0.0031,0.0193,0.0288,0.0334,0.0432,0.1051,0.1801,0.8647,0.0049,0.0057,0.0029,0.0171,0.0107,0.0008,0.0044,0.0002,0.0021,0.0010,0.1542,0.0005,0.0000
0.1557,0.0056,0.0128,0.0060,0.0037,0.0069,0.0065,0.0089,0.0390,0.1610,0.3827,0.0058,0.6263,0.0010,0.0067,0.0038,0.0080,0.0054,0.0103,0.0048,0.0001,0.0028,0.0000,0.0005,0.0153,0.0629
0.1534,0.0043,0.0032,0.0027,0.0020,0.0057,0.0027,0.0031,0.0286,0.1830,0.0237,0.0008,0.5902,0.0002,0.0053,0.0027,0.0149,0.0089,0.0156,0.0140,0.0006,0.0566,0.0000,0.0000,0.0629,0.5215