c1,c2,c3,c4,c5,c6,c7,c8,c9,c10,c11,c12,c13,c14,c15,c16,c17,c18,c19,c20,c21,c22,c23,c24,c25,c26
0.0000,0.0000,0.0000,0.0000,0.0000,0.0004,0.0040,0.0020,0.0079,0.0027,0.0089,0.0017,0.6010,0.0700,1.0000,0.7068,0.2713,0.1157,0.0681,0.0214,0.0082,0.2049,0.0083,0.0031,0.1115,0.0931
0.0000,0.0148,0.0012,0.0000,0.0001,0.0002,0.0016,0.0025,0.0058,0.0032,0.0220,0.0212,0.3661,0.9967,0.0468,0.9645,0.0150,0.0052,0.0220,0.0031,0.0043,0.0021,0.0119,0.0040,0.0043,0.0047
0.0000,0.0012,0.0427,0.0015,0.0005,0.0000,0.0002,0.0002,0.0059,0.0105,1.0000,0.0497,0.9996,0.0804,0.0028,0.0373,0.0057,0.0016,0.0151,0.0022,0.0026,0.0020,0.0102,0.0018,0.0140,0.0034
0.0000,0.0000,0.0015,0.0001,0.0001,0.0000,0.0001,0.0010,0.0043,0.0508,0.7763,1.0000,0.9757,0.8794,0.0080,0.0117,0.0062,0.0036,0.0097,0.0026,0.0153,0.0011,0.0218,0.0015,0.0039,0.0030
0.0000,0.0001,0.0005,0.0001,0.1033,0.0011,0.0002,0.0019,0.2112,0.0138,0.9883,0.9785,0.0851,0.0177,0.0028,0.0056,0.0052,0.0027,0.0073,0.0032,0.0072,0.0029,0.0156,0.0058,0.0051,0.0029
0.0004,0.0002,0.0000,0.0000,0.0011,0.0084,0.0257,0.6669,0.3358,0.0384,0.0981,0.9631,0.0024,0.0109,0.0014,0.0227,0.0028,0.0023,0.0048,0.0032,0.0183,0.0025,0.1941,0.0029,0.0047,0.0032
0.0040,0.0016,0.0002,0.0001,0.0002,0.0257,0.0762,0.7555,0.0027,0.0074,0.0027,0.5089,0.0047,0.0178,0.0010,0.0069,0.0060,0.0025,0.0130,0.0057,0.0189,0.0025,0.2508,0.0092,0.0073,0.0030
0.0020,0.0025,0.0002,0.0010,0.0019,0.6669,0.7555,0.0128,0.5311,0.0098,0.0009,0.0049,0.0005,0.0081,0.0006,0.0054,0.0107,0.0008,0.0056,0.0035,0.0056,0.0016,0.1808,0.0140,0.0094,0.0036
0.0079,0.0058,0.0059,0.0043,0.2112,0.3358,0.0027,0.5311,0.0047,0.2750,0.0000,0.0000,0.0001,0.0002,0.0016,0.0083,0.0211,0.0023,0.0047,0.0139,0.0213,0.0073,0.0741,0.0297,0.0506,0.0284
0.0027,0.0032,0.0105,0.0508,0.0138,0.0384,0.0074,0.0098,0.2750,0.0161,0.0020,0.0000,0.0001,0.0002,0.0007,0.0064,0.0140,0.0025,0.0030,0.0044,0.0157,0.0046,0.8724,0.0615,0.2447,0.1505
0.0089,0.0220,1.0000,0.7763,0.9883,0.0981,0.0027,0.0009,0.0000,0.0020,0.0236,0.0000,0.0000,0.0000,0.0000,0.0003,0.0029,0.0014,0.0059,0.0039,0.0060,0.0034,0.0985,0.1006,0.3080,0.0369
0.0017,0.0212,0.0497,1.0000,0.9785,0.9631,0.5089,0.0049,0.0000,0.0000,0.0000,0.0000,0.0000,0.0000,0.0000,0.0002,0.0002,0.0023,0.0230,0.0100,0.9954,0.0129,0.9991,0.1490,0.0028,0.0008
0.6010,0.3661,0.9996,0.9757,0.0851,0.0024,0.0047,0.0005,0.0001,0.0001,0.0000,0.0000,0.0000,0.0000,0.0000,0.0000,0.0000,0.0004,0.0843,0.0787,0.1821,0.9999,0.4292,0.8597,0.5400,0.7518
0.0700,0.9967,0.0804,0.8794,0.0177,0.0109,0.0178,0.0081,0.0002,0.0002,0.0000,0.0000,0.0000,0.0000,0.0001,0.0011,0.0006,0.0068,0.9783,0.4896,0.9996,0.0121,0.0309,0.0061,0.0011,0.0002
1.0000,0.0468,0.0028,0.0080,0.0028,0.0014,0.0010,0.0006,0.0016,0.0007,0.0000,0.0000,0.0000,0.0001,0.0041,0.0032,0.1388,0.9906,0.0089,0.8437,0.0212,0.0521,0.0015,0.0085,0.0059,0.0051
0.7068,0.9645,0.0373,0.0117,0.0056,0.0227,0.0069,0.0054,0.0083,0.0064,0.0003,0.0002,0.0000,0.0011,0.0032,0.0874,0.2050,0.0001,0.0261,0.0066,0.0414,0.0027,0.0016,0.0034,0.0044,0.0022
0.2713,0.0150,0.0057,0.0062,0.0052,0.0028,0.0060,0.0107,0.0211,0.0140,0.0029,0.0002,0.0000,0.0006,0.1388,0.2050,0.1350,0.4586,0.0002,0.0054,0.0008,0.0017,0.0050,0.0207,0.0097,0.0162
0.1157,0.0052,0.0016,0.0036,0.0027,0.0023,0.0025,0.0008,0.0023,0.0025,0.0014,0.0023,0.0004,0.0068,0.9906,0.0001,0.4586,0.0221,0.1393,0.0157,0.0005,0.0026,0.0045,0.0239,0.0071,0.0132
0.0681,0.0220,0.0151,0.0097,0.0073,0.0048,0.0130,0.0056,0.0047,0.0030,0.0059,0.0230,0.0843,0.9783,0.0089,0.0261,0.0002,0.1393,0.6619,0.0022,0.0000,0.0000,0.0002,0.0017,0.0126,0.0118
0.0214,0.0031,0.0022,0.0026,0.0032,0.0032,0.0057,0.0035,0.0139,0.0044,0.0039,0.0100,0.0787,0.4896,0.8437,0.0066,0.0054,0.0157,0.0022,0.0871,0.0012,0.0000,0.0001,0.0054,0.0050,0.0201
0.0082,0.0043,0.0026,0.0153,0.0072,0.0183,0.0189,0.0056,0.0213,0.0157,0.0060,0.9954,0.1821,0.9996,0.0212,0.0414,0.0008,0.0005,0.0000,0.0012,0.1555,0.0004,0.0000,0.0002,0.0002,0.0007
0.2049,0.0021,0.0020,0.0011,0.0029,0.0025,0.0025,0.0016,0.0073,0.0046,0.0034,0.0129,0.9999,0.0121,0.0521,0.0027,0.0017,0.0026,0.0000,0.0000,0.0004,0.9994,0.0000,0.0040,0.0047,0.1534
0.0083,0.0119,0.0102,0.0218,0.0156,0.1941,0.2508,0.1808,0.0741,0.8724,0.0985,0.9991,0.4292,0.0309,0.0015,0.0016,0.0050,0.0045,0.0002,0.0001,0.0000,0.0000,0.0009,0.0012,0.0000,0.0000
0.0031,0.0040,0.0018,0.0015,0.0058,0.0029,0.0092,0.0140,0.0297,0.0615,0.1006,0.1490,0.8597,0.0061,0.0085,0.0034,0.0207,0.0239,0.0017,0.0054,0.0002,0.0040,0.0012,0.0982,0.0006,0.0000
0.1115,0.0043,0.0140,0.0039,0.0051,0.0047,0.0073,0.0094,0.0506,0.2447,0.3080,0.0028,0.5400,0.0011,0.0059,0.0044,0.0097,0.0071,0.0126,0.0050,0.0002,0.0047,0.0000,0.0006,0.0166,0.0438
0.0931,0.0047,0.0034,0.0030,0.0029,0.0032,0.0030,0.0036,0.0284,0.1505,0.0369,0.0008,0.7518,0.0002,0.0051,0.0022,0.0162,0.0132,0.0118,0.0201,0.0007,0.1534,0.0000,0.0000,0.0438,0.1996