c1,c2,c3,c4,c5,c6,c7,c8,c9,c10,c11,c12,c13,c14,c15,c16,c17,c18,c19,c20,c21,c22,c23,c24,c25,c26
0.0000,0.0000,0.0000,0.0000,0.0000,0.0004,0.0032,0.0017,0.0094,0.0024,0.0066,0.0010,0.7448,0.0889,1.0000,0.6940,0.4237,0.1215,0.0527,0.0383,0.0042,0.3162,0.0091,0.0033,0.1312,0.0603
0.0000,0.0095,0.0011,0.0000,0.0001,0.0000,0.0016,0.0014,0.0059,0.0024,0.0134,0.0096,0.4182,0.9990,0.0590,0.9846,0.0305,0.0049,0.0196,0.0042,0.0027,0.0034,0.0096,0.0045,0.0053,0.0051
0.0000,0.0011,0.0127,0.0010,0.0002,0.0000,0.0002,0.0002,0.0126,0.0136,1.0000,0.0470,0.9999,0.1353,0.0019,0.0282,0.0072,0.0015,0.0141,0.0025,0.0022,0.0035,0.0107,0.0019,0.0105,0.0034
0.0000,0.0000,0.0010,0.0001,0.0003,0.0000,0.0000,0.0002,0.0040,0.0364,0.6990,1.0000,0.9691,0.9084,0.0012,0.0067,0.0038,0.0025,0.0044,0.0045,0.0262,0.0021,0.0521,0.0021,0.0049,0.0035
0.0000,0.0001,0.0002,0.0003,0.1550,0.0014,0.0001,0.0009,0.6166,0.0287,0.9995,0.7544,0.0615,0.0088,0.0017,0.0072,0.0078,0.0026,0.0093,0.0039,0.0038,0.0029,0.0099,0.0056,0.0041,0.0031
0.0004,0.0000,0.0000,0.0000,0.0014,0.0037,0.0813,0.8218,0.0778,0.3018,0.1857,0.9668,0.0022,0.0062,0.0022,0.0061,0.0022,0.0015,0.0049,0.0043,0.0307,0.0037,0.3916,0.0039,0.0105,0.0081
0.0032,0.0016,0.0002,0.0000,0.0001,0.0813,0.0686,0.5842,0.0056,0.0483,0.0027,0.0784,0.0045,0.0063,0.0009,0.0050,0.0085,0.0037,0.0335,0.0072,0.0462,0.0030,0.0901,0.0223,0.0091,0.0040
0.0017,0.0014,0.0002,0.0002,0.0009,0.8218,0.5842,0.0615,0.1940,0.0100,0.0003,0.0032,0.0004,0.0040,0.0005,0.0032,0.0084,0.0017,0.0158,0.0043,0.0154,0.0030,0.4568,0.0476,0.0135,0.0038
0.0094,0.0059,0.0126,0.0040,0.6166,0.0778,0.0056,0.1940,0.0061,0.1427,0.0000,0.0000,0.0001,0.0001,0.0016,0.0078,0.0265,0.0031,0.0068,0.0128,0.0138,0.0079,0.0676,0.0266,0.0501,0.0460
0.0024,0.0024,0.0136,0.0364,0.0287,0.3018,0.0483,0.0100,0.1427,0.0057,0.0015,0.0000,0.0001,0.0001,0.0005,0.0042,0.0094,0.0022,0.0022,0.0026,0.0119,0.0042,0.8765,0.0644,0.3357,0.2783
0.0066,0.0134,1.0000,0.6990,0.9995,0.1857,0.0027,0.0003,0.0000,0.0015,0.0092,0.0000,0.0000,0.0000,0.0000,0.0004,0.0024,0.0013,0.0042,0.0025,0.0025,0.0027,0.0878,0.0694,0.2402,0.0299
0.0010,0.0096,0.0470,1.0000,0.7544,0.9668,0.0784,0.0032,0.0000,0.0000,0.0000,0.0000,0.0000,0.0000,0.0000,0.0003,0.0002,0.0024,0.0234,0.0092,0.9968,0.0139,0.9989,0.2097,0.0049,0.0011
0.7448,0.4182,0.9999,0.9691,0.0615,0.0022,0.0045,0.0004,0.0001,0.0001,0.0000,0.0000,0.0000,0.0000,0.0000,0.0000,0.0000,0.0003,0.0452,0.1092,0.1513,0.9998,0.5082,0.8356,0.4678,0.4988
0.0889,0.9990,0.1353,0.9084,0.0088,0.0062,0.0063,0.0040,0.0001,0.0001,0.0000,0.0000,0.0000,0.0000,0.0001,0.0010,0.0006,0.0074,0.9954,0.6416,0.9997,0.0103,0.0239,0.0067,0.0010,0.0002
1.0000,0.0590,0.0019,0.0012,0.0017,0.0022,0.0009,0.0005,0.0016,0.0005,0.0000,0.0000,0.0000,0.0001,0.0029,0.0067,0.1889,0.9937,0.0073,0.8541,0.0386,0.0502,0.0016,0.0056,0.0049,0.0038
0.6940,0.9846,0.0282,0.0067,0.0072,0.0061,0.0050,0.0032,0.0078,0.0042,0.0004,0.0003,0.0000,0.0010,0.0067,0.0493,0.2028,0.0002,0.0189,0.0066,0.0206,0.0052,0.0028,0.0030,0.0057,0.0027
0.4237,0.0305,0.0072,0.0038,0.0078,0.0022,0.0085,0.0084,0.0265,0.0094,0.0024,0.0002,0.0000,0.0006,0.1889,0.2028,0.0729,0.3726,0.0003,0.0045,0.0006,0.0022,0.0051,0.0207,0.0080,0.0144
0.1215,0.0049,0.0015,0.0025,0.0026,0.0015,0.0037,0.0017,0.0031,0.0022,0.0013,0.0024,0.0003,0.0074,0.9937,0.0002,0.3726,0.0361,0.1581,0.0101,0.0004,0.0041,0.0026,0.0155,0.0062,0.0084
0.0527,0.0196,0.0141,0.0044,0.0093,0.0049,0.0335,0.0158,0.0068,0.0022,0.0042,0.0234,0.0452,0.9954,0.0073,0.0189,0.0003,0.1581,0.2925,0.0014,0.0000,0.0000,0.0001,0.0008,0.0110,0.0186
0.0383,0.0042,0.0025,0.0045,0.0039,0.0043,0.0072,0.0043,0.0128,0.0026,0.0025,0.0092,0.1092,0.6416,0.8541,0.0066,0.0045,0.0101,0.0014,0.0816,0.0009,0.0000,0.0001,0.0038,0.0050,0.0137
0.0042,0.0027,0.0022,0.0262,0.0038,0.0307,0.0462,0.0154,0.0138,0.0119,0.0025,0.9968,0.1513,0.9997,0.0386,0.0206,0.0006,0.0004,0.0000,0.0009,0.1727,0.0002,0.0000,0.0002,0.0001,0.0007
0.3162,0.0034,0.0035,0.0021,0.0029,0.0037,0.0030,0.0030,0.0079,0.0042,0.0027,0.0139,0.9998,0.0103,0.0502,0.0052,0.0022,0.0041,0.0000,0.0000,0.0002,0.9990,0.0000,0.0023,0.0017,0.0322
0.0091,0.0096,0.0107,0.0521,0.0099,0.3916,0.0901,0.4568,0.0676,0.8765,0.0878,0.9989,0.5082,0.0239,0.0016,0.0028,0.0051,0.0026,0.0001,0.0001,0.0000,0.0000,0.0012,0.0014,0.0000,0.0000
0.0033,0.0045,0.0019,0.0021,0.0056,0.0039,0.0223,0.0476,0.0266,0.0644,0.0694,0.2097,0.8356,0.0067,0.0056,0.0030,0.0207,0.0155,0.0008,0.0038,0.0002,0.0023,0.0014,0.0663,0.0005,0.0000
0.1312,0.0053,0.0105,0.0049,0.0041,0.0105,0.0091,0.0135,0.0501,0.3357,0.2402,0.0049,0.4678,0.0010,0.0049,0.0057,0.0080,0.0062,0.0110,0.0050,0.0001,0.0017,0.0000,0.0005,0.0159,0.0542
0.0603,0.0051,0.0034,0.0035,0.0031,0.0081,0.0040,0.0038,0.0460,0.2783,0.0299,0.0011,0.4988,0.0002,0.0038,0.0027,0.0144,0.0084,0.0186,0.0137,0.0007,0.0322,0.0000,0.0000,0.0542,0.2713