c1,c2,c3,c4,c5,c6,c7,c8,c9,c10,c11,c12,c13,c14,c15,c16,c17,c18,c19,c20,c21,c22,c23,c24,c25,c26
0.0000,0.0000,0.0000,0.0000,0.0000,0.0002,0.0030,0.0027,0.0093,0.0034,0.0115,0.0014,0.7092,0.4348,1.0000,0.7565,0.3348,0.0983,0.0369,0.0438,0.0038,0.1527,0.0082,0.0022,0.0816,0.0643
0.0000,0.0177,0.0018,0.0000,0.0001,0.0001,0.0021,0.0018,0.0043,0.0044,0.1258,0.0256,0.8171,0.9902,0.0099,0.9139,0.0100,0.0037,0.0252,0.0037,0.0028,0.0028,0.0107,0.0049,0.0056,0.0035
0.0000,0.0018,0.0821,0.0056,0.0004,0.0000,0.0002,0.0002,0.0136,0.0121,1.0000,0.2831,0.9993,0.1315,0.0011,0.0356,0.0047,0.0013,0.0139,0.0027,0.0025,0.0022,0.0092,0.0021,0.0092,0.0018
0.0000,0.0000,0.0056,0.0002,0.0005,0.0000,0.0001,0.0003,0.0132,0.0964,0.7590,1.0000,0.9253,0.6421,0.0007,0.0045,0.0047,0.0022,0.0061,0.0028,0.0175,0.0017,0.0265,0.0016,0.0046,0.0027
0.0000,0.0001,0.0004,0.0005,0.4780,0.0034,0.0008,0.0014,0.2750,0.0305,0.9998,0.6809,0.0286,0.0034,0.0014,0.0085,0.0067,0.0016,0.0041,0.0042,0.0030,0.0018,0.0075,0.0046,0.0032,0.0018
0.0002,0.0001,0.0000,0.0000,0.0034,0.0042,0.1011,0.6959,0.0892,0.3205,0.0802,0.9297,0.0027,0.0081,0.0023,0.0069,0.0025,0.0023,0.0102,0.0040,0.0256,0.0033,0.1900,0.0030,0.0064,0.0059
0.0030,0.0021,0.0002,0.0001,0.0008,0.1011,0.1561,0.6169,0.0106,0.0323,0.0046,0.0625,0.0037,0.0043,0.0009,0.0058,0.0078,0.0031,0.0229,0.0065,0.0141,0.0021,0.0354,0.0145,0.0063,0.0020
0.0027,0.0018,0.0002,0.0003,0.0014,0.6959,0.6169,0.0554,0.4810,0.0031,0.0003,0.0031,0.0004,0.0068,0.0005,0.0042,0.0108,0.0016,0.0109,0.0041,0.0235,0.0026,0.3181,0.0302,0.0072,0.0026
0.0093,0.0043,0.0136,0.0132,0.2750,0.0892,0.0106,0.4810,0.0204,0.1456,0.0000,0.0000,0.0000,0.0001,0.0016,0.0106,0.0289,0.0022,0.0021,0.0119,0.0097,0.0073,0.0795,0.0370,0.0491,0.0319
0.0034,0.0044,0.0121,0.0964,0.0305,0.3205,0.0323,0.0031,0.1456,0.0140,0.0013,0.0000,0.0001,0.0001,0.0006,0.0057,0.0093,0.0023,0.0019,0.0026,0.0123,0.0037,0.8077,0.0504,0.2010,0.1675
0.0115,0.1258,1.0000,0.7590,0.9998,0.0802,0.0046,0.0003,0.0000,0.0013,0.0109,0.0000,0.0000,0.0000,0.0000,0.0003,0.0027,0.0011,0.0034,0.0029,0.0026,0.0028,0.0784,0.1055,0.4183,0.0232
0.0014,0.0256,0.2831,1.0000,0.6809,0.9297,0.0625,0.0031,0.0000,0.0000,0.0000,0.0000,0.0000,0.0000,0.0000,0.0004,0.0002,0.0019,0.0169,0.0105,0.9983,0.0117,0.9994,0.1806,0.0054,0.0009
0.7092,0.8171,0.9993,0.9253,0.0286,0.0027,0.0037,0.0004,0.0000,0.0001,0.0000,0.0000,0.0000,0.0000,0.0000,0.0000,0.0000,0.0004,0.0511,0.0882,0.3446,0.9998,0.4625,0.8004,0.5120,0.5574
0.4348,0.9902,0.1315,0.6421,0.0034,0.0081,0.0043,0.0068,0.0001,0.0001,0.0000,0.0000,0.0000,0.0000,0.0001,0.0050,0.0006,0.0087,0.9965,0.7919,0.9999,0.0087,0.0197,0.0049,0.0012,0.0002
1.0000,0.0099,0.0011,0.0007,0.0014,0.0023,0.0009,0.0005,0.0016,0.0006,0.0000,0.0000,0.0000,0.0001,0.0063,0.0039,0.2685,0.9936,0.0127,0.7866,0.0191,0.0417,0.0018,0.0065,0.0056,0.0054
0.7565,0.9139,0.0356,0.0045,0.0085,0.0069,0.0058,0.0042,0.0106,0.0057,0.0003,0.0004,0.0000,0.0050,0.0039,0.0662,0.1586,0.0002,0.0143,0.0059,0.0215,0.0038,0.0035,0.0032,0.0048,0.0031
0.3348,0.0100,0.0047,0.0047,0.0067,0.0025,0.0078,0.0108,0.0289,0.0093,0.0027,0.0002,0.0000,0.0006,0.2685,0.1586,0.1698,0.3410,0.0003,0.0047,0.0005,0.0019,0.0049,0.0172,0.0117,0.0176
0.0983,0.0037,0.0013,0.0022,0.0016,0.0023,0.0031,0.0016,0.0022,0.0023,0.0011,0.0019,0.0004,0.0087,0.9936,0.0002,0.3410,0.0285,0.1964,0.0138,0.0008,0.0037,0.0035,0.0147,0.0072,0.0149
0.0369,0.0252,0.0139,0.0061,0.0041,0.0102,0.0229,0.0109,0.0021,0.0019,0.0034,0.0169,0.0511,0.9965,0.0127,0.0143,0.0003,0.1964,0.7355,0.0022,0.0000,0.0000,0.0001,0.0010,0.0123,0.0149
0.0438,0.0037,0.0027,0.0028,0.0042,0.0040,0.0065,0.0041,0.0119,0.0026,0.0029,0.0105,0.0882,0.7919,0.7866,0.0059,0.0047,0.0138,0.0022,0.0572,0.0010,0.0000,0.0001,0.0032,0.0047,0.0190
0.0038,0.0028,0.0025,0.0175,0.0030,0.0256,0.0141,0.0235,0.0097,0.0123,0.0026,0.9983,0.3446,0.9999,0.0191,0.0215,0.0005,0.0008,0.0000,0.0010,0.1297,0.0003,0.0000,0.0002,0.0001,0.0008
0.1527,0.0028,0.0022,0.0017,0.0018,0.0033,0.0021,0.0026,0.0073,0.0037,0.0028,0.0117,0.9998,0.0087,0.0417,0.0038,0.0019,0.0037,0.0000,0.0000,0.0003,0.9998,0.0001,0.0034,0.0036,0.1720
0.0082,0.0107,0.0092,0.0265,0.0075,0.1900,0.0354,0.3181,0.0795,0.8077,0.0784,0.9994,0.4625,0.0197,0.0018,0.0035,0.0049,0.0035,0.0001,0.0001,0.0000,0.0001,0.0045,0.0013,0.0000,0.0000
0.0022,0.0049,0.0021,0.0016,0.0046,0.0030,0.0145,0.0302,0.0370,0.0504,0.1055,0.1806,0.8004,0.0049,0.0065,0.0032,0.0172,0.0147,0.0010,0.0032,0.0002,0.0034,0.0013,0.1854,0.0007,0.0000
0.0816,0.0056,0.0092,0.0046,0.0032,0.0064,0.0063,0.0072,0.0491,0.2010,0.4183,0.0054,0.5120,0.0012,0.0056,0.0048,0.0117,0.0072,0.0123,0.0047,0.0001,0.0036,0.0000,0.0007,0.0125,0.0307
0.0643,0.0035,0.0018,0.0027,0.0018,0.0059,0.0020,0.0026,0.0319,0.1675,0.0232,0.0009,0.5574,0.0002,0.0054,0.0031,0.0176,0.0149,0.0149,0.0190,0.0008,0.1720,0.0000,0.0000,0.0307,0.4580