c1,c2,c3,c4,c5,c6,c7,c8,c9,c10,c11,c12,c13,c14,c15,c16,c17,c18,c19,c20,c21,c22,c23,c24,c25,c26
0.0000,0.0000,0.0000,0.0000,0.0000,0.0003,0.0039,0.0017,0.0087,0.0025,0.0078,0.0022,0.8736,0.1358,1.0000,0.6840,0.3591,0.0849,0.0390,0.0248,0.0028,0.3328,0.0118,0.0019,0.0939,0.0469
0.0000,0.0099,0.0012,0.0000,0.0001,0.0000,0.0020,0.0016,0.0068,0.0022,0.0180,0.0177,0.4712,0.9957,0.0339,0.9939,0.0259,0.0047,0.0192,0.0034,0.0034,0.0030,0.0055,0.0038,0.0047,0.0036
0.0000,0.0012,0.0177,0.0023,0.0003,0.0000,0.0002,0.0002,0.0130,0.0117,1.0000,0.0641,0.9999,0.1041,0.0017,0.0209,0.0090,0.0014,0.0158,0.0029,0.0021,0.0027,0.0084,0.0028,0.0111,0.0035
0.0000,0.0000,0.0023,0.0003,0.0004,0.0000,0.0000,0.0002,0.0043,0.0349,0.7315,1.0000,0.9698,0.8230,0.0015,0.0064,0.0046,0.0035,0.0091,0.0055,0.0154,0.0021,0.0371,0.0020,0.0037,0.0026
0.0000,0.0001,0.0003,0.0004,0.1577,0.0010,0.0001,0.0014,0.5551,0.0278,0.9994,0.5813,0.0885,0.0072,0.0012,0.0061,0.0098,0.0028,0.0131,0.0041,0.0037,0.0022,0.0067,0.0049,0.0049,0.0031
0.0003,0.0000,0.0000,0.0000,0.0010,0.0046,0.0657,0.8513,0.1065,0.3750,0.1820,0.9667,0.0034,0.0071,0.0017,0.0046,0.0026,0.0019,0.0064,0.0046,0.0202,0.0035,0.2105,0.0047,0.0083,0.0061
0.0039,0.0020,0.0002,0.0000,0.0001,0.0657,0.0671,0.6574,0.0036,0.0534,0.0030,0.1015,0.0058,0.0069,0.0010,0.0053,0.0081,0.0033,0.0256,0.0075,0.0450,0.0031,0.0771,0.0154,0.0069,0.0050
0.0017,0.0016,0.0002,0.0002,0.0014,0.8513,0.6574,0.0510,0.1990,0.0209,0.0005,0.0040,0.0004,0.0040,0.0004,0.0032,0.0087,0.0017,0.0104,0.0039,0.0300,0.0024,0.2228,0.0344,0.0068,0.0039
0.0087,0.0068,0.0130,0.0043,0.5551,0.1065,0.0036,0.1990,0.0116,0.2356,0.0000,0.0000,0.0001,0.0002,0.0015,0.0093,0.0232,0.0042,0.0033,0.0143,0.0137,0.0075,0.0574,0.0185,0.0391,0.0408
0.0025,0.0022,0.0117,0.0349,0.0278,0.3750,0.0534,0.0209,0.2356,0.0074,0.0012,0.0000,0.0000,0.0002,0.0004,0.0075,0.0151,0.0029,0.0024,0.0029,0.0109,0.0025,0.6288,0.0404,0.2942,0.1287
0.0078,0.0180,1.0000,0.7315,0.9994,0.1820,0.0030,0.0005,0.0000,0.0012,0.0087,0.0000,0.0000,0.0000,0.0000,0.0006,0.0027,0.0014,0.0035,0.0024,0.0027,0.0021,0.0596,0.0691,0.3014,0.0339
0.0022,0.0177,0.0641,1.0000,0.5813,0.9667,0.1015,0.0040,0.0000,0.0000,0.0000,0.0000,0.0000,0.0000,0.0000,0.0002,0.0002,0.0021,0.0096,0.0067,0.9945,0.0172,0.9993,0.3596,0.0058,0.0010
0.8736,0.4712,0.9999,0.9698,0.0885,0.0034,0.0058,0.0004,0.0001,0.0000,0.0000,0.0000,0.0000,0.0000,0.0000,0.0000,0.0000,0.0003,0.0279,0.0788,0.1183,0.9996,0.5372,0.9416,0.3806,0.5898
0.1358,0.9957,0.1041,0.8230,0.0072,0.0071,0.0069,0.0040,0.0002,0.0002,0.0000,0.0000,0.0000,0.0000,0.0000,0.0002,0.0005,0.0036,0.9905,0.5436,0.9997,0.0489,0.0772,0.0099,0.0016,0.0003
1.0000,0.0339,0.0017,0.0015,0.0012,0.0017,0.0010,0.0004,0.0015,0.0004,0.0000,0.0000,0.0000,0.0000,0.0014,0.0057,0.1689,0.9866,0.0228,0.9081,0.0521,0.0705,0.0029,0.0063,0.0066,0.0051
0.6840,0.9939,0.0209,0.0064,0.0061,0.0046,0.0053,0.0032,0.0093,0.0075,0.0006,0.0002,0.0000,0.0002,0.0057,0.0164,0.1457,0.0002,0.0274,0.0082,0.0447,0.0068,0.0051,0.0022,0.0054,0.0032
0.3591,0.0259,0.0090,0.0046,0.0098,0.0026,0.0081,0.0087,0.0232,0.0151,0.0027,0.0002,0.0000,0.0005,0.1689,0.1457,0.0519,0.1512,0.0003,0.0056,0.0011,0.0025,0.0082,0.0136,0.0097,0.0125
0.0849,0.0047,0.0014,0.0035,0.0028,0.0019,0.0033,0.0017,0.0042,0.0029,0.0014,0.0021,0.0003,0.0036,0.9866,0.0002,0.1512,0.0199,0.2021,0.0127,0.0022,0.0052,0.0045,0.0190,0.0050,0.0090
0.0390,0.0192,0.0158,0.0091,0.0131,0.0064,0.0256,0.0104,0.0033,0.0024,0.0035,0.0096,0.0279,0.9905,0.0228,0.0274,0.0003,0.2021,0.2658,0.0050,0.0000,0.0000,0.0001,0.0006,0.0140,0.0230
0.0248,0.0034,0.0029,0.0055,0.0041,0.0046,0.0075,0.0039,0.0143,0.0029,0.0024,0.0067,0.0788,0.5436,0.9081,0.0082,0.0056,0.0127,0.0050,0.0559,0.0009,0.0000,0.0001,0.0025,0.0039,0.0073
0.0028,0.0034,0.0021,0.0154,0.0037,0.0202,0.0450,0.0300,0.0137,0.0109,0.0027,0.9945,0.1183,0.9997,0.0521,0.0447,0.0011,0.0022,0.0000,0.0009,0.0425,0.0002,0.0000,0.0003,0.0001,0.0006
0.3328,0.0030,0.0027,0.0021,0.0022,0.0035,0.0031,0.0024,0.0075,0.0025,0.0021,0.0172,0.9996,0.0489,0.0705,0.0068,0.0025,0.0052,0.0000,0.0000,0.0002,0.9966,0.0001,0.0046,0.0014,0.0909
0.0118,0.0055,0.0084,0.0371,0.0067,0.2105,0.0771,0.2228,0.0574,0.6288,0.0596,0.9993,0.5372,0.0772,0.0029,0.0051,0.0082,0.0045,0.0001,0.0001,0.0000,0.0001,0.0009,0.0019,0.0000,0.0000
0.0019,0.0038,0.0028,0.0020,0.0049,0.0047,0.0154,0.0344,0.0185,0.0404,0.0691,0.3596,0.9416,0.0099,0.0063,0.0022,0.0136,0.0190,0.0006,0.0025,0.0003,0.0046,0.0019,0.0332,0.0007,0.0000
0.0939,0.0047,0.0111,0.0037,0.0049,0.0083,0.0069,0.0068,0.0391,0.2942,0.3014,0.0058,0.3806,0.0016,0.0066,0.0054,0.0097,0.0050,0.0140,0.0039,0.0001,0.0014,0.0000,0.0007,0.0145,0.1461
0.0469,0.0036,0.0035,0.0026,0.0031,0.0061,0.0050,0.0039,0.0408,0.1287,0.0339,0.0010,0.5898,0.0003,0.0051,0.0032,0.0125,0.0090,0.0230,0.0073,0.0006,0.0909,0.0000,0.0000,0.1461,0.1964