c1,c2,c3,c4,c5,c6,c7,c8,c9,c10,c11,c12,c13,c14,c15,c16,c17,c18,c19,c20,c21,c22,c23,c24,c25,c26
0.0000,0.0000,0.0000,0.0000,0.0000,0.0011,0.0039,0.0024,0.0183,0.0025,0.0196,0.0009,0.4458,0.2923,0.9999,0.9307,0.4634,0.1080,0.0622,0.0361,0.0216,0.3004,0.0127,0.0060,0.0335,0.0193
0.0000,0.0101,0.0012,0.0000,0.0001,0.0003,0.0020,0.0042,0.0095,0.0037,0.0815,0.0217,0.4820,0.9991,0.0242,0.9144,0.0124,0.0052,0.0191,0.0038,0.0057,0.0046,0.0049,0.0046,0.0025,0.0030
0.0000,0.0012,0.0101,0.0020,0.0002,0.0000,0.0008,0.0003,0.0240,0.0098,0.9999,0.1010,0.9979,0.1388,0.0040,0.0306,0.0058,0.0012,0.0110,0.0025,0.0032,0.0019,0.0062,0.0026,0.0060,0.0036
0.0000,0.0000,0.0020,0.0000,0.0004,0.0000,0.0002,0.0025,0.0114,0.0686,0.6671,1.0000,0.8839,0.9703,0.0071,0.0176,0.0039,0.0062,0.0101,0.0028,0.0171,0.0020,0.0063,0.0030,0.0018,0.0022
0.0000,0.0001,0.0002,0.0004,0.0327,0.0032,0.0002,0.0115,0.4354,0.0177,0.9961,0.9622,0.0304,0.0136,0.0017,0.0078,0.0047,0.0024,0.0096,0.0026,0.0063,0.0027,0.0040,0.0035,0.0042,0.0051
0.0011,0.0003,0.0000,0.0000,0.0032,0.0049,0.0442,0.1377,0.0600,0.0411,0.0356,0.9942,0.0043,0.0116,0.0026,0.0118,0.0027,0.0022,0.0111,0.0042,0.0134,0.0044,0.0398,0.0049,0.0043,0.0065
0.0039,0.0020,0.0008,0.0002,0.0002,0.0442,0.1283,0.2880,0.0018,0.0069,0.0035,0.1586,0.0042,0.0251,0.0024,0.0043,0.0050,0.0042,0.0170,0.0061,0.0131,0.0040,0.0422,0.0129,0.0051,0.0073
0.0024,0.0042,0.0003,0.0025,0.0115,0.1377,0.2880,0.0075,0.3136,0.0130,0.0016,0.0071,0.0013,0.0025,0.0014,0.0026,0.0063,0.0010,0.0075,0.0056,0.0089,0.0023,0.0493,0.0083,0.0190,0.0091
0.0183,0.0095,0.0240,0.0114,0.4354,0.0600,0.0018,0.3136,0.0048,0.2365,0.0000,0.0000,0.0001,0.0002,0.0048,0.0076,0.0163,0.0035,0.0019,0.0063,0.0124,0.0076,0.0267,0.0248,0.0491,0.0553
0.0025,0.0037,0.0098,0.0686,0.0177,0.0411,0.0069,0.0130,0.2365,0.0188,0.0020,0.0000,0.0001,0.0002,0.0009,0.0058,0.0109,0.0043,0.0057,0.0056,0.0122,0.0074,0.6726,0.0459,0.1622,0.1166
0.0196,0.0815,0.9999,0.6671,0.9961,0.0356,0.0035,0.0016,0.0000,0.0020,0.0047,0.0000,0.0000,0.0001,0.0000,0.0007,0.0038,0.0019,0.0058,0.0032,0.0056,0.0026,0.0853,0.0493,0.1857,0.0266
0.0009,0.0217,0.1010,1.0000,0.9622,0.9942,0.1586,0.0071,0.0000,0.0000,0.0000,0.0000,0.0000,0.0000,0.0000,0.0002,0.0001,0.0026,0.0131,0.0097,0.9876,0.0329,0.9832,0.1891,0.0020,0.0014
0.4458,0.4820,0.9979,0.8839,0.0304,0.0043,0.0042,0.0013,0.0001,0.0001,0.0000,0.0000,0.0000,0.0000,0.0000,0.0000,0.0000,0.0014,0.2327,0.2437,0.4756,0.9993,0.3717,0.8317,0.0706,0.1601
0.2923,0.9991,0.1388,0.9703,0.0136,0.0116,0.0251,0.0025,0.0002,0.0002,0.0001,0.0000,0.0000,0.0001,0.0001,0.0000,0.0014,0.0013,0.1260,0.2621,0.9969,0.0303,0.0584,0.0059,0.0014,0.0010
0.9999,0.0242,0.0040,0.0071,0.0017,0.0026,0.0024,0.0014,0.0048,0.0009,0.0000,0.0000,0.0000,0.0001,0.0022,0.0064,0.0184,0.9355,0.0280,0.6886,0.0559,0.0678,0.0023,0.0065,0.0068,0.0033
0.9307,0.9144,0.0306,0.0176,0.0078,0.0118,0.0043,0.0026,0.0076,0.0058,0.0007,0.0002,0.0000,0.0000,0.0064,0.0052,0.0839,0.0004,0.0769,0.0039,0.0046,0.0117,0.0056,0.0044,0.0079,0.0047
0.4634,0.0124,0.0058,0.0039,0.0047,0.0027,0.0050,0.0063,0.0163,0.0109,0.0038,0.0001,0.0000,0.0014,0.0184,0.0839,0.3006,0.2665,0.0003,0.0078,0.0008,0.0023,0.0075,0.0200,0.0246,0.0226
0.1080,0.0052,0.0012,0.0062,0.0024,0.0022,0.0042,0.0010,0.0035,0.0043,0.0019,0.0026,0.0014,0.0013,0.9355,0.0004,0.2665,0.0278,0.1237,0.0028,0.0005,0.0040,0.0046,0.0290,0.0081,0.0221
0.0622,0.0191,0.0110,0.0101,0.0096,0.0111,0.0170,0.0075,0.0019,0.0057,0.0058,0.0131,0.2327,0.1260,0.0280,0.0769,0.0003,0.1237,0.0513,0.0022,0.0000,0.0000,0.0003,0.0029,0.0303,0.0633
0.0361,0.0038,0.0025,0.0028,0.0026,0.0042,0.0061,0.0056,0.0063,0.0056,0.0032,0.0097,0.2437,0.2621,0.6886,0.0039,0.0078,0.0028,0.0022,0.0358,0.0007,0.0000,0.0017,0.0060,0.0113,0.0187
0.0216,0.0057,0.0032,0.0171,0.0063,0.0134,0.0131,0.0089,0.0124,0.0122,0.0056,0.9876,0.4756,0.9969,0.0559,0.0046,0.0008,0.0005,0.0000,0.0007,0.1788,0.0003,0.0000,0.0002,0.0007,0.0024
0.3004,0.0046,0.0019,0.0020,0.0027,0.0044,0.0040,0.0023,0.0076,0.0074,0.0026,0.0329,0.9993,0.0303,0.0678,0.0117,0.0023,0.0040,0.0000,0.0000,0.0003,0.9391,0.0003,0.0005,0.0186,0.0120
0.0127,0.0049,0.0062,0.0063,0.0040,0.0398,0.0422,0.0493,0.0267,0.6726,0.0853,0.9832,0.3717,0.0584,0.0023,0.0056,0.0075,0.0046,0.0003,0.0017,0.0000,0.0003,0.0048,0.0028,0.0000,0.0002
0.0060,0.0046,0.0026,0.0030,0.0035,0.0049,0.0129,0.0083,0.0248,0.0459,0.0493,0.1891,0.8317,0.0059,0.0065,0.0044,0.0200,0.0290,0.0029,0.0060,0.0002,0.0005,0.0028,0.0181,0.0025,0.0000
0.0335,0.0025,0.0060,0.0018,0.0042,0.0043,0.0051,0.0190,0.0491,0.1622,0.1857,0.0020,0.0706,0.0014,0.0068,0.0079,0.0246,0.0081,0.0303,0.0113,0.0007,0.0186,0.0000,0.0025,0.0077,0.0071
0.0193,0.0030,0.0036,0.0022,0.0051,0.0065,0.0073,0.0091,0.0553,0.1166,0.0266,0.0014,0.1601,0.0010,0.0033,0.0047,0.0226,0.0221,0.0633,0.0187,0.0024,0.0120,0.0002,0.0000,0.0071,0.0299