c1,c2,c3,c4,c5,c6,c7,c8,c9,c10,c11,c12,c13,c14,c15,c16,c17,c18,c19,c20,c21,c22,c23,c24,c25,c26
0.0000,0.0000,0.0000,0.0000,0.0000,0.0006,0.0033,0.0037,0.0132,0.0029,0.0034,0.0004,0.9649,0.7769,1.0000,0.9617,0.5758,0.0867,0.1713,0.0366,0.0059,0.2882,0.0043,0.0028,0.1206,0.0591
0.0000,0.0077,0.0007,0.0000,0.0001,0.0001,0.0018,0.0020,0.0044,0.0030,0.0152,0.0097,0.4348,0.9999,0.0112,0.9973,0.0125,0.0037,0.0257,0.0035,0.0058,0.0041,0.0167,0.0076,0.0036,0.0029
0.0000,0.0007,0.0155,0.0001,0.0000,0.0000,0.0004,0.0006,0.0178,0.0155,1.0000,0.0495,0.9999,0.0709,0.0016,0.0218,0.0039,0.0026,0.0229,0.0030,0.0044,0.0047,0.0065,0.0036,0.0076,0.0026
0.0000,0.0000,0.0001,0.0000,0.0006,0.0000,0.0002,0.0004,0.0155,0.0625,0.3829,1.0000,0.6915,0.9835,0.0009,0.0196,0.0042,0.0046,0.0325,0.0065,0.0185,0.0021,0.0180,0.0027,0.0031,0.0021
0.0000,0.0001,0.0000,0.0006,0.0497,0.0069,0.0004,0.0120,0.6935,0.0352,0.9998,0.3663,0.0097,0.0094,0.0016,0.0066,0.0090,0.0027,0.0110,0.0039,0.0030,0.0031,0.0068,0.0069,0.0050,0.0031
0.0006,0.0001,0.0000,0.0000,0.0069,0.0010,0.1324,0.8431,0.0868,0.1517,0.0520,0.9780,0.0015,0.0127,0.0018,0.0058,0.0022,0.0013,0.0089,0.0050,0.0134,0.0029,0.3454,0.0024,0.0037,0.0046
0.0033,0.0018,0.0004,0.0002,0.0004,0.1324,0.0691,0.6352,0.0054,0.0166,0.0030,0.0177,0.0034,0.0060,0.0012,0.0043,0.0106,0.0047,0.0204,0.0105,0.0100,0.0032,0.0389,0.0169,0.0088,0.0046
0.0037,0.0020,0.0006,0.0004,0.0120,0.8431,0.6352,0.0055,0.7902,0.0048,0.0005,0.0022,0.0010,0.0018,0.0007,0.0021,0.0062,0.0008,0.0079,0.0052,0.0044,0.0023,0.0918,0.0124,0.0175,0.0065
0.0132,0.0044,0.0178,0.0155,0.6935,0.0868,0.0054,0.7902,0.0232,0.0737,0.0000,0.0000,0.0001,0.0001,0.0022,0.0073,0.0230,0.0012,0.0010,0.0058,0.0054,0.0071,0.0462,0.0336,0.0932,0.0410
0.0029,0.0030,0.0155,0.0625,0.0352,0.1517,0.0166,0.0048,0.0737,0.0188,0.0016,0.0000,0.0000,0.0001,0.0004,0.0027,0.0064,0.0021,0.0021,0.0040,0.0212,0.0037,0.9971,0.0540,0.1326,0.1489
0.0034,0.0152,1.0000,0.3829,0.9998,0.0520,0.0030,0.0005,0.0000,0.0016,0.0062,0.0000,0.0000,0.0000,0.0000,0.0004,0.0030,0.0017,0.0044,0.0023,0.0049,0.0019,0.1174,0.1139,0.1865,0.0194
0.0004,0.0097,0.0495,1.0000,0.3663,0.9780,0.0177,0.0022,0.0000,0.0000,0.0000,0.0000,0.0000,0.0000,0.0000,0.0004,0.0002,0.0026,0.0332,0.0109,0.9990,0.0148,0.9999,0.1555,0.0042,0.0015
0.9649,0.4348,0.9999,0.6915,0.0097,0.0015,0.0034,0.0010,0.0001,0.0000,0.0000,0.0000,0.0000,0.0000,0.0000,0.0000,0.0000,0.0004,0.2526,0.0421,0.4398,0.9997,0.5318,0.7814,0.5763,0.9268
0.7769,0.9999,0.0709,0.9835,0.0094,0.0127,0.0060,0.0018,0.0001,0.0001,0.0000,0.0000,0.0000,0.0000,0.0000,0.0000,0.0003,0.0009,0.3778,0.4401,0.9996,0.0132,0.0512,0.0058,0.0020,0.0004
1.0000,0.0112,0.0016,0.0009,0.0016,0.0018,0.0012,0.0007,0.0022,0.0004,0.0000,0.0000,0.0000,0.0000,0.0019,0.0348,0.4467,0.9985,0.0273,0.8504,0.0158,0.0391,0.0011,0.0049,0.0069,0.0024
0.9617,0.9973,0.0218,0.0196,0.0066,0.0058,0.0043,0.0021,0.0073,0.0027,0.0004,0.0004,0.0000,0.0000,0.0348,0.0170,0.0900,0.0004,0.0286,0.0067,0.0114,0.0049,0.0027,0.0022,0.0026,0.0031
0.5758,0.0125,0.0039,0.0042,0.0090,0.0022,0.0106,0.0062,0.0230,0.0064,0.0030,0.0002,0.0000,0.0003,0.4467,0.0900,0.2139,0.5696,0.0002,0.0048,0.0006,0.0021,0.0038,0.0144,0.0090,0.0096
0.0867,0.0037,0.0026,0.0046,0.0027,0.0013,0.0047,0.0008,0.0012,0.0021,0.0017,0.0026,0.0004,0.0009,0.9985,0.0004,0.5696,0.0258,0.1506,0.0312,0.0005,0.0026,0.0025,0.0106,0.0043,0.0078
0.1713,0.0257,0.0229,0.0325,0.0110,0.0089,0.0204,0.0079,0.0010,0.0021,0.0044,0.0332,0.2526,0.3778,0.0273,0.0286,0.0002,0.1506,0.3673,0.0019,0.0000,0.0000,0.0001,0.0011,0.0150,0.0236
0.0366,0.0035,0.0030,0.0065,0.0039,0.0050,0.0105,0.0052,0.0058,0.0040,0.0023,0.0109,0.0421,0.4401,0.8504,0.0067,0.0048,0.0312,0.0019,0.0399,0.0009,0.0000,0.0002,0.0038,0.0056,0.0096
0.0059,0.0058,0.0044,0.0185,0.0030,0.0134,0.0100,0.0044,0.0054,0.0212,0.0049,0.9990,0.4398,0.9996,0.0158,0.0114,0.0006,0.0005,0.0000,0.0009,0.2037,0.0003,0.0000,0.0002,0.0004,0.0010
0.2882,0.0041,0.0047,0.0021,0.0031,0.0029,0.0032,0.0023,0.0071,0.0037,0.0019,0.0148,0.9997,0.0132,0.0391,0.0049,0.0021,0.0026,0.0000,0.0000,0.0003,0.9990,0.0000,0.0038,0.0092,0.0334
0.0043,0.0167,0.0065,0.0180,0.0068,0.3454,0.0389,0.0918,0.0462,0.9971,0.1174,0.9999,0.5318,0.0512,0.0011,0.0027,0.0038,0.0025,0.0001,0.0002,0.0000,0.0000,0.0009,0.0009,0.0000,0.0000
0.0028,0.0076,0.0036,0.0027,0.0069,0.0024,0.0169,0.0124,0.0336,0.0540,0.1139,0.1555,0.7814,0.0058,0.0049,0.0022,0.0144,0.0106,0.0011,0.0038,0.0002,0.0038,0.0009,0.1623,0.0009,0.0000
0.1206,0.0036,0.0076,0.0031,0.0050,0.0037,0.0088,0.0175,0.0932,0.1326,0.1865,0.0042,0.5763,0.0020,0.0069,0.0026,0.0090,0.0043,0.0150,0.0056,0.0004,0.0092,0.0000,0.0009,0.0078,0.0212
0.0591,0.0029,0.0026,0.0021,0.0031,0.0046,0.0046,0.0065,0.0410,0.1489,0.0194,0.0015,0.9268,0.0004,0.0024,0.0031,0.0096,0.0078,0.0236,0.0096,0.0010,0.0334,0.0000,0.0000,0.0212,0.3938