c1,c2,c3,c4,c5,c6,c7,c8,c9,c10,c11,c12,c13,c14,c15,c16,c17,c18,c19,c20
0.0003,0.0188,0.0383,0.0110,0.0732,0.0114,0.0100,0.0133,0.0145,0.0060,0.0058,0.0083,0.0038,0.0016,0.0030,0.0038,0.0042,0.0069,0.0063,0.0066
0.0188,0.1352,0.6157,0.0017,0.0922,0.0472,0.0085,0.0063,0.0012,0.0021,0.0030,0.0035,0.0016,0.0019,0.0028,0.0024,0.0015,0.0043,0.0038,0.0043
0.0383,0.6157,0.0270,0.2057,0.0043,0.0808,0.0622,0.0076,0.0070,0.0016,0.0035,0.0019,0.0009,0.0008,0.0020,0.0034,0.0012,0.0011,0.0020,0.0015
0.0110,0.0017,0.2057,0.0593,0.0137,0.0013,0.0255,0.0579,0.0097,0.0084,0.0026,0.0050,0.0034,0.0028,0.0046,0.0052,0.0041,0.0022,0.0021,0.0032
0.0732,0.0922,0.0043,0.0137,0.0080,0.0057,0.0005,0.0593,0.2138,0.0062,0.0061,0.0014,0.0024,0.0031,0.0034,0.0031,0.0044,0.0039,0.0023,0.0041
0.0114,0.0472,0.0808,0.0013,0.0057,0.0236,0.0053,0.0004,0.0263,0.0583,0.0090,0.0119,0.0040,0.0061,0.0060,0.0037,0.0037,0.0032,0.0025,0.0021
0.0100,0.0085,0.0622,0.0255,0.0005,0.0053,0.0104,0.0030,0.0004,0.0363,0.0895,0.0063,0.0224,0.0105,0.0071,0.0040,0.0026,0.0023,0.0045,0.0057
0.0133,0.0063,0.0076,0.0579,0.0593,0.0004,0.0030,0.0124,0.0029,0.0008,0.0313,0.0720,0.0074,0.0207,0.0053,0.0044,0.0031,0.0034,0.0036,0.0039
0.0145,0.0012,0.0070,0.0097,0.2138,0.0263,0.0004,0.0029,0.0135,0.0033,0.0030,0.1145,0.1558,0.0092,0.0246,0.0038,0.0018,0.0025,0.0010,0.0010
0.0060,0.0021,0.0016,0.0084,0.0062,0.0583,0.0363,0.0008,0.0033,0.0062,0.0091,0.0023,0.1266,0.1611,0.0116,0.0104,0.0052,0.0040,0.0013,0.0016
0.0058,0.0030,0.0035,0.0026,0.0061,0.0090,0.0895,0.0313,0.0030,0.0091,0.0074,0.0023,0.0016,0.0554,0.0854,0.0036,0.0230,0.0030,0.0016,0.0029
0.0083,0.0035,0.0019,0.0050,0.0014,0.0119,0.0063,0.0720,0.1145,0.0023,0.0023,0.0176,0.0024,0.0010,0.0562,0.0265,0.0079,0.0239,0.0031,0.0021
0.0038,0.0016,0.0009,0.0034,0.0024,0.0040,0.0224,0.0074,0.1558,0.1266,0.0016,0.0024,0.0145,0.0052,0.0011,0.0267,0.0701,0.0081,0.0081,0.0036
0.0016,0.0019,0.0008,0.0028,0.0031,0.0061,0.0105,0.0207,0.0092,0.1611,0.0554,0.0010,0.0052,0.0028,0.0039,0.0021,0.0344,0.1124,0.0074,0.0102
0.0030,0.0028,0.0020,0.0046,0.0034,0.0060,0.0071,0.0053,0.0246,0.0116,0.0854,0.0562,0.0011,0.0039,0.0047,0.0028,0.0010,0.0184,0.0596,0.0184
0.0038,0.0024,0.0034,0.0052,0.0031,0.0037,0.0040,0.0044,0.0038,0.0104,0.0036,0.0265,0.0267,0.0021,0.0028,0.0216,0.0178,0.0019,0.0397,0.1598
0.0042,0.0015,0.0012,0.0041,0.0044,0.0037,0.0026,0.0031,0.0018,0.0052,0.0230,0.0079,0.0701,0.0344,0.0010,0.0178,0.1124,0.0265,0.0016,0.0625
0.0069,0.0043,0.0011,0.0022,0.0039,0.0032,0.0023,0.0034,0.0025,0.0040,0.0030,0.0239,0.0081,0.1124,0.0184,0.0019,0.0265,0.0535,0.0865,0.0048
0.0063,0.0038,0.0020,0.0021,0.0023,0.0025,0.0045,0.0036,0.0010,0.0013,0.0016,0.0031,0.0081,0.0074,0.0596,0.0397,0.0016,0.0865,0.4680,0.0909
0.0066,0.0043,0.0015,0.0032,0.0041,0.0021,0.0057,0.0039,0.0010,0.0016,0.0029,0.0021,0.0036,0.0102,0.0184,0.1598,0.0625,0.0048,0.0909,0.1063
