c1,c2,c3,c4,c5,c6,c7,c8,c9,c10,c11,c12,c13,c14,c15,c16,c17,c18,c19,c20
0.0007,0.0756,0.0013,0.0191,0.0863,0.0243,0.0266,0.0237,0.0182,0.0038,0.0152,0.0051,0.0078,0.0046,0.0048,0.0004,0.0042,0.0078,0.0006,0.0074
0.0756,0.0464,0.2821,0.0041,0.0229,0.0139,0.0053,0.0094,0.0145,0.0030,0.0060,0.0026,0.0041,0.0039,0.0049,0.0006,0.0026,0.0045,0.0005,0.0062
0.0013,0.2821,0.0744,0.0288,0.0010,0.0133,0.0092,0.0033,0.0104,0.0031,0.0060,0.0036,0.0096,0.0064,0.0082,0.0034,0.0048,0.0065,0.0016,0.0041
0.0191,0.0041,0.0288,0.0139,0.0053,0.0005,0.0043,0.0172,0.0049,0.0113,0.0096,0.0077,0.0047,0.0070,0.0109,0.0083,0.0075,0.0082,0.0036,0.0063
0.0863,0.0229,0.0010,0.0053,0.0147,0.0065,0.0027,0.0102,0.0173,0.0033,0.0073,0.0043,0.0071,0.0057,0.0079,0.0109,0.0077,0.0082,0.0026,0.0035
0.0243,0.0139,0.0133,0.0005,0.0065,0.0028,0.0076,0.0004,0.0028,0.0502,0.0084,0.0121,0.0067,0.0136,0.0101,0.0176,0.0074,0.0126,0.0075,0.0057
0.0266,0.0053,0.0092,0.0043,0.0027,0.0076,0.0133,0.0088,0.0005,0.0078,0.0130,0.0046,0.0113,0.0089,0.0101,0.0106,0.0078,0.0092,0.0066,0.0064
0.0237,0.0094,0.0033,0.0172,0.0102,0.0004,0.0088,0.0078,0.0045,0.0010,0.0098,0.0184,0.0114,0.0156,0.0132,0.0092,0.0064,0.0077,0.0057,0.0069
0.0182,0.0145,0.0104,0.0049,0.0173,0.0028,0.0005,0.0045,0.0021,0.0075,0.0004,0.0074,0.0372,0.0080,0.0202,0.0228,0.0088,0.0117,0.0141,0.0072
0.0038,0.0030,0.0031,0.0113,0.0033,0.0502,0.0078,0.0010,0.0075,0.0039,0.0086,0.0028,0.0204,0.0441,0.0084,0.0220,0.0075,0.0093,0.0037,0.0065
0.0152,0.0060,0.0060,0.0096,0.0073,0.0084,0.0130,0.0098,0.0004,0.0086,0.0220,0.0059,0.0005,0.0054,0.0265,0.0092,0.0165,0.0108,0.0061,0.0084
0.0051,0.0026,0.0036,0.0077,0.0043,0.0121,0.0046,0.0184,0.0074,0.0028,0.0059,0.0126,0.0038,0.0012,0.0053,0.0393,0.0084,0.0233,0.0213,0.0108
0.0078,0.0041,0.0096,0.0047,0.0071,0.0067,0.0113,0.0114,0.0372,0.0204,0.0005,0.0038,0.0013,0.0027,0.0003,0.0189,0.0264,0.0148,0.0468,0.0206
0.0046,0.0039,0.0064,0.0070,0.0057,0.0136,0.0089,0.0156,0.0080,0.0441,0.0054,0.0012,0.0027,0.0094,0.0025,0.0041,0.0116,0.0125,0.0093,0.0152
0.0048,0.0049,0.0082,0.0109,0.0079,0.0101,0.0101,0.0132,0.0202,0.0084,0.0265,0.0053,0.0003,0.0025,0.0133,0.0359,0.0003,0.0046,0.0228,0.0160
0.0004,0.0006,0.0034,0.0083,0.0109,0.0176,0.0106,0.0092,0.0228,0.0220,0.0092,0.0393,0.0189,0.0041,0.0359,0.0015,0.0323,0.0002,0.0054,0.0341
0.0042,0.0026,0.0048,0.0075,0.0077,0.0074,0.0078,0.0064,0.0088,0.0075,0.0165,0.0084,0.0264,0.0116,0.0003,0.0323,0.0677,0.0047,0.0019,0.0055
0.0078,0.0045,0.0065,0.0082,0.0082,0.0126,0.0092,0.0077,0.0117,0.0093,0.0108,0.0233,0.0148,0.0125,0.0046,0.0002,0.0047,0.0320,0.2193,0.0000
0.0006,0.0005,0.0016,0.0036,0.0026,0.0075,0.0066,0.0057,0.0141,0.0037,0.0061,0.0213,0.0468,0.0093,0.0228,0.0054,0.0019,0.2193,0.0064,0.0575
0.0074,0.0062,0.0041,0.0063,0.0035,0.0057,0.0064,0.0069,0.0072,0.0065,0.0084,0.0108,0.0206,0.0152,0.0160,0.0341,0.0055,0.0000,0.0575,0.0106