c1,c2,c3,c4,c5,c6,c7,c8,c9,c10,c11,c12,c13,c14,c15,c16,c17,c18,c19,c20,c21,c22,c23,c24,c25,c26,c27,c28,c29
0.0001,0.0332,0.0002,0.0001,0.0076,0.0025,0.0129,0.0148,0.0246,0.0482,0.0187,0.1025,0.0064,0.0347,0.0438,0.0014,0.0101,0.0155,0.0178,0.0115,0.0081,0.0090,0.0048,0.0222,0.0052,0.0082,0.0057,0.0031,0.0052
0.0332,0.0370,0.0096,0.0000,0.0016,0.0011,0.0034,0.0041,0.0089,0.0091,0.0073,0.0453,0.0055,0.0407,0.5685,0.0132,0.0206,0.0220,0.0091,0.0080,0.0035,0.0044,0.0022,0.0103,0.0044,0.0052,0.0058,0.0045,0.0063
0.0002,0.0096,0.0060,0.0001,0.0002,0.0000,0.0083,0.0028,0.0121,0.0322,0.0110,0.9217,0.0153,0.7140,0.2147,0.0504,0.0103,0.0105,0.0108,0.0056,0.0035,0.0037,0.0029,0.0071,0.0032,0.0041,0.0027,0.0044,0.0058
0.0001,0.0000,0.0001,0.0004,0.0014,0.0000,0.0003,0.0006,0.0013,0.0175,0.0099,0.0339,0.9997,0.2121,0.8621,0.1137,0.0202,0.0416,0.0482,0.0217,0.0058,0.0331,0.0055,0.0407,0.0096,0.0076,0.0052,0.0099,0.0093
0.0076,0.0016,0.0002,0.0014,0.0068,0.0003,0.0006,0.0032,0.0053,0.6139,0.0315,0.8616,0.0140,0.0234,0.0105,0.0031,0.0040,0.0042,0.0052,0.0068,0.0033,0.0102,0.0085,0.0315,0.0078,0.0108,0.0040,0.0033,0.0058
0.0025,0.0011,0.0000,0.0000,0.0003,0.0006,0.0040,0.0001,0.0005,0.0089,0.0411,0.0224,0.1046,0.0258,0.0291,0.0219,0.0090,0.0136,0.0204,0.0212,0.0201,0.0523,0.0269,0.3854,0.0272,0.0626,0.3066,0.0194,0.0241
0.0129,0.0034,0.0083,0.0003,0.0006,0.0040,0.0026,0.0162,0.0000,0.0354,0.0059,0.0095,0.0086,0.0090,0.0038,0.0047,0.0057,0.0071,0.0067,0.0146,0.0166,0.0260,0.0156,0.0697,0.0611,0.0144,0.0089,0.0179,0.0179
0.0148,0.0041,0.0028,0.0006,0.0032,0.0001,0.0162,0.0446,0.0028,0.0012,0.0187,0.0111,0.0011,0.0059,0.0034,0.0029,0.0044,0.0072,0.0054,0.0096,0.0118,0.0189,0.0493,0.0756,0.0198,0.0583,0.0186,0.0128,0.0176
0.0246,0.0089,0.0121,0.0013,0.0053,0.0005,0.0000,0.0028,0.0185,0.0020,0.0000,0.0006,0.0030,0.0043,0.0142,0.0028,0.0042,0.0090,0.0088,0.0225,0.0319,0.0799,0.0606,0.4338,0.0576,0.0478,0.1054,0.0110,0.0080
0.0482,0.0091,0.0322,0.0175,0.6139,0.0089,0.0354,0.0012,0.0020,0.0737,0.0024,0.0000,0.0000,0.0013,0.0004,0.0016,0.0040,0.0051,0.0039,0.0052,0.0156,0.0129,0.0317,0.0484,0.0299,0.0357,0.0085,0.0127,0.0120
0.0187,0.0073,0.0110,0.0099,0.0315,0.0411,0.0059,0.0187,0.0000,0.0024,0.0050,0.0205,0.0000,0.0006,0.0002,0.0019,0.0091,0.0140,0.0225,0.0236,0.0217,0.1452,0.1016,0.0696,0.0355,0.0745,0.0052,0.0052,0.0059
0.1025,0.0453,0.9217,0.0339,0.8616,0.0224,0.0095,0.0111,0.0006,0.0000,0.0205,0.0043,0.0006,0.0000,0.0010,0.0015,0.0014,0.0041,0.0069,0.0023,0.0058,0.0056,0.0059,0.0187,0.0074,0.0073,0.0062,0.0039,0.0036
0.0064,0.0055,0.0153,0.9997,0.0140,0.1046,0.0086,0.0011,0.0030,0.0000,0.0000,0.0006,0.0029,0.0019,0.0000,0.0001,0.0021,0.0509,0.1600,0.0587,0.0500,0.7344,0.0395,0.0489,0.0339,0.0115,0.0026,0.0056,0.0022
0.0347,0.0407,0.7140,0.2121,0.0234,0.0258,0.0090,0.0059,0.0043,0.0013,0.0006,0.0000,0.0019,0.0051,0.0051,0.0010,0.0058,0.0028,0.0050,0.0094,0.0082,0.0163,0.0071,0.0076,0.0051,0.0065,0.0042,0.0067,0.0044
0.0438,0.5685,0.2147,0.8621,0.0105,0.0291,0.0038,0.0034,0.0142,0.0004,0.0002,0.0010,0.0000,0.0051,0.0024,0.0810,0.0008,0.0035,0.0079,0.0107,0.0291,0.0278,0.0052,0.0098,0.0031,0.0046,0.0016,0.0060,0.0043
0.0014,0.0132,0.0504,0.1137,0.0031,0.0219,0.0047,0.0029,0.0028,0.0016,0.0019,0.0015,0.0001,0.0010,0.0810,0.0001,0.1288,0.0011,0.0288,0.0439,0.0211,0.0678,0.0250,0.0400,0.0061,0.0087,0.0060,0.0062,0.0052
0.0101,0.0206,0.0103,0.0202,0.0040,0.0090,0.0057,0.0044,0.0042,0.0040,0.0091,0.0014,0.0021,0.0058,0.0008,0.1288,0.0051,0.0080,0.0010,0.0275,0.0315,0.0137,0.0086,0.0073,0.0045,0.0081,0.0070,0.0083,0.0065
0.0155,0.0220,0.0105,0.0416,0.0042,0.0136,0.0071,0.0072,0.0090,0.0051,0.0140,0.0041,0.0509,0.0028,0.0035,0.0011,0.0080,0.0100,0.0049,0.0008,0.0127,0.0065,0.0033,0.0080,0.0042,0.0089,0.0073,0.0083,0.0052
0.0178,0.0091,0.0108,0.0482,0.0052,0.0204,0.0067,0.0054,0.0088,0.0039,0.0225,0.0069,0.1600,0.0050,0.0079,0.0288,0.0010,0.0049,0.0057,0.0041,0.0004,0.0016,0.0120,0.0010,0.0095,0.0089,0.0073,0.0059,0.0041
0.0115,0.0080,0.0056,0.0217,0.0068,0.0212,0.0146,0.0096,0.0225,0.0052,0.0236,0.0023,0.0587,0.0094,0.0107,0.0439,0.0275,0.0008,0.0041,0.0082,0.0144,0.0000,0.0013,0.0019,0.0060,0.0100,0.0082,0.0057,0.0049
0.0081,0.0035,0.0035,0.0058,0.0033,0.0201,0.0166,0.0118,0.0319,0.0156,0.0217,0.0058,0.0500,0.0082,0.0291,0.0211,0.0315,0.0127,0.0004,0.0144,0.0065,0.0020,0.0001,0.0002,0.0128,0.0052,0.0213,0.0057,0.0078
0.0090,0.0044,0.0037,0.0331,0.0102,0.0523,0.0260,0.0189,0.0799,0.0129,0.1452,0.0056,0.7344,0.0163,0.0278,0.0678,0.0137,0.0065,0.0016,0.0000,0.0020,0.0076,0.0046,0.0000,0.0006,0.0012,0.0021,0.0088,0.0071
0.0048,0.0022,0.0029,0.0055,0.0085,0.0269,0.0156,0.0493,0.0606,0.0317,0.1016,0.0059,0.0395,0.0071,0.0052,0.0250,0.0086,0.0033,0.0120,0.0013,0.0001,0.0046,0.0174,0.0006,0.0002,0.0032,0.0255,0.0062,0.0141
0.0222,0.0103,0.0071,0.0407,0.0315,0.3854,0.0697,0.0756,0.4338,0.0484,0.0696,0.0187,0.0489,0.0076,0.0098,0.0400,0.0073,0.0080,0.0010,0.0019,0.0002,0.0000,0.0006,0.0015,0.0072,0.0000,0.0012,0.0020,0.0144
0.0052,0.0044,0.0032,0.0096,0.0078,0.0272,0.0611,0.0198,0.0576,0.0299,0.0355,0.0074,0.0339,0.0051,0.0031,0.0061,0.0045,0.0042,0.0095,0.0060,0.0128,0.0006,0.0002,0.0072,0.0306,0.0150,0.0002,0.0058,0.0038
0.0082,0.0052,0.0041,0.0076,0.0108,0.0626,0.0144,0.0583,0.0478,0.0357,0.0745,0.0073,0.0115,0.0065,0.0046,0.0087,0.0081,0.0089,0.0089,0.0100,0.0052,0.0012,0.0032,0.0000,0.0150,0.0140,0.0032,0.0005,0.0032
0.0057,0.0058,0.0027,0.0052,0.0040,0.3066,0.0089,0.0186,0.1054,0.0085,0.0052,0.0062,0.0026,0.0042,0.0016,0.0060,0.0070,0.0073,0.0073,0.0082,0.0213,0.0021,0.0255,0.0012,0.0002,0.0032,0.0136,0.1371,0.0025
0.0031,0.0045,0.0044,0.0099,0.0033,0.0194,0.0179,0.0128,0.0110,0.0127,0.0052,0.0039,0.0056,0.0067,0.0060,0.0062,0.0083,0.0083,0.0059,0.0057,0.0057,0.0088,0.0062,0.0020,0.0058,0.0005,0.1371,0.0158,0.0157
0.0052,0.0063,0.0058,0.0093,0.0058,0.0241,0.0179,0.0176,0.0080,0.0120,0.0059,0.0036,0.0022,0.0044,0.0043,0.0052,0.0065,0.0052,0.0041,0.0049,0.0078,0.0071,0.0141,0.0144,0.0038,0.0032,0.0025,0.0157,0.0388
