c1,c2,c3,c4,c5,c6,c7,c8,c9,c10,c11,c12,c13,c14,c15,c16,c17,c18,c19,c20
0.0000,0.0178,0.0004,0.0213,0.0309,0.0215,0.0368,0.0440,0.0131,0.0007,0.0255,0.0196,0.0092,0.0047,0.0058,0.0065,0.0111,0.0116,0.0073,0.0312
0.0178,0.0967,0.1004,0.0017,0.0246,0.0701,0.0057,0.0053,0.0033,0.0026,0.0017,0.0026,0.0047,0.0038,0.0044,0.0026,0.0040,0.0043,0.0049,0.0089
0.0004,0.1004,0.0004,0.0809,0.0034,0.0947,0.0512,0.0059,0.0125,0.0022,0.0072,0.0057,0.0092,0.0048,0.0058,0.0055,0.0057,0.0034,0.0031,0.0064
0.0213,0.0017,0.0809,0.0203,0.0074,0.0003,0.0072,0.0176,0.0104,0.0124,0.0052,0.0045,0.0095,0.0138,0.0048,0.0052,0.0081,0.0049,0.0023,0.0063
0.0309,0.0246,0.0034,0.0074,0.0146,0.0088,0.0005,0.0234,0.1209,0.0085,0.0087,0.0024,0.0073,0.0080,0.0100,0.0039,0.0062,0.0043,0.0015,0.0018
0.0215,0.0701,0.0947,0.0003,0.0088,0.0041,0.0036,0.0001,0.0050,0.1061,0.0074,0.0087,0.0135,0.0129,0.0126,0.0062,0.0051,0.0036,0.0056,0.0026
0.0368,0.0057,0.0512,0.0072,0.0005,0.0036,0.0126,0.0032,0.0004,0.0304,0.0782,0.0049,0.0174,0.0084,0.0054,0.0090,0.0042,0.0046,0.0043,0.0070
0.0440,0.0053,0.0059,0.0176,0.0234,0.0001,0.0032,0.0064,0.0043,0.0123,0.0757,0.0259,0.0095,0.0254,0.0047,0.0053,0.0055,0.0035,0.0029,0.0022
0.0131,0.0033,0.0125,0.0104,0.1209,0.0050,0.0004,0.0043,0.0009,0.0173,0.0006,0.0321,0.2275,0.0132,0.0184,0.0009,0.0136,0.0079,0.0030,0.0034
0.0007,0.0026,0.0022,0.0124,0.0085,0.1061,0.0304,0.0123,0.0173,0.0010,0.0129,0.0019,0.0170,0.0365,0.0045,0.0145,0.0090,0.0137,0.0017,0.0016
0.0255,0.0017,0.0072,0.0052,0.0087,0.0074,0.0782,0.0757,0.0006,0.0129,0.0024,0.0019,0.0002,0.0320,0.0388,0.0128,0.0211,0.0053,0.0026,0.0041
0.0196,0.0026,0.0057,0.0045,0.0024,0.0087,0.0049,0.0259,0.0321,0.0019,0.0019,0.0041,0.0012,0.0025,0.0166,0.0780,0.0101,0.0194,0.0130,0.0061
0.0092,0.0047,0.0092,0.0095,0.0073,0.0135,0.0174,0.0095,0.2275,0.0170,0.0002,0.0012,0.0032,0.0017,0.0007,0.0117,0.0469,0.0084,0.0185,0.0040
0.0047,0.0038,0.0048,0.0138,0.0080,0.0129,0.0084,0.0254,0.0132,0.0365,0.0320,0.0025,0.0017,0.0048,0.0020,0.0008,0.0083,0.0376,0.0032,0.0080
0.0058,0.0044,0.0058,0.0048,0.0100,0.0126,0.0054,0.0047,0.0184,0.0045,0.0388,0.0166,0.0007,0.0020,0.0078,0.0060,0.0009,0.0145,0.0278,0.0392
0.0065,0.0026,0.0055,0.0052,0.0039,0.0062,0.0090,0.0053,0.0009,0.0145,0.0128,0.0780,0.0117,0.0008,0.0060,0.0122,0.0078,0.0022,0.0098,0.1200
0.0111,0.0040,0.0057,0.0081,0.0062,0.0051,0.0042,0.0055,0.0136,0.0090,0.0211,0.0101,0.0469,0.0083,0.0009,0.0078,0.0128,0.0040,0.0033,0.0062
0.0116,0.0043,0.0034,0.0049,0.0043,0.0036,0.0046,0.0035,0.0079,0.0137,0.0053,0.0194,0.0084,0.0376,0.0145,0.0022,0.0040,0.0330,0.0510,0.0007
0.0073,0.0049,0.0031,0.0023,0.0015,0.0056,0.0043,0.0029,0.0030,0.0017,0.0026,0.0130,0.0185,0.0032,0.0278,0.0098,0.0033,0.0510,0.3129,0.0184
0.0312,0.0089,0.0064,0.0063,0.0018,0.0026,0.0070,0.0022,0.0034,0.0016,0.0041,0.0061,0.0040,0.0080,0.0392,0.1200,0.0062,0.0007,0.0184,0.0748
