c1,c2,c3,c4,c5,c6,c7,c8,c9,c10,c11,c12,c13,c14,c15,c16,c17,c18,c19,c20
0.0013,0.0451,0.0001,0.0173,0.0121,0.0079,0.0126,0.0217,0.0284,0.0197,0.0082,0.0089,0.0052,0.0065,0.0050,0.0031,0.0079,0.0068,0.0056,0.0040
0.0451,0.0639,0.0177,0.0001,0.0045,0.0046,0.0048,0.0113,0.0109,0.0080,0.0053,0.0085,0.0053,0.0071,0.0089,0.0050,0.0091,0.0073,0.0118,0.0047
0.0001,0.0177,0.0358,0.0301,0.0007,0.0398,0.0213,0.0091,0.0122,0.0064,0.0122,0.0127,0.0073,0.0051,0.0067,0.0038,0.0050,0.0056,0.0047,0.0044
0.0173,0.0001,0.0301,0.0425,0.0188,0.0003,0.0099,0.0107,0.0053,0.0067,0.0109,0.0171,0.0057,0.0107,0.0101,0.0075,0.0122,0.0080,0.0047,0.0065
0.0121,0.0045,0.0007,0.0188,0.0675,0.0125,0.0002,0.0202,0.0097,0.0023,0.0087,0.0148,0.0071,0.0074,0.0096,0.0079,0.0102,0.0097,0.0059,0.0074
0.0079,0.0046,0.0398,0.0003,0.0125,0.0412,0.0130,0.0002,0.0117,0.0065,0.0088,0.0147,0.0096,0.0071,0.0070,0.0099,0.0075,0.0070,0.0080,0.0077
0.0126,0.0048,0.0213,0.0099,0.0002,0.0130,0.0351,0.0150,0.0005,0.0057,0.0256,0.0168,0.0124,0.0102,0.0134,0.0070,0.0056,0.0054,0.0046,0.0037
0.0217,0.0113,0.0091,0.0107,0.0202,0.0002,0.0150,0.0096,0.0030,0.0009,0.0206,0.0183,0.0081,0.0114,0.0075,0.0109,0.0095,0.0065,0.0057,0.0027
0.0284,0.0109,0.0122,0.0053,0.0097,0.0117,0.0005,0.0030,0.0121,0.0308,0.0004,0.0247,0.0208,0.0060,0.0076,0.0074,0.0080,0.0057,0.0042,0.0065
0.0197,0.0080,0.0064,0.0067,0.0023,0.0065,0.0057,0.0009,0.0308,0.0352,0.0054,0.0014,0.0182,0.0155,0.0072,0.0110,0.0113,0.0069,0.0021,0.0070
0.0082,0.0053,0.0122,0.0109,0.0087,0.0088,0.0256,0.0206,0.0004,0.0054,0.0260,0.0122,0.0009,0.0192,0.0195,0.0041,0.0051,0.0059,0.0026,0.0064
0.0089,0.0085,0.0127,0.0171,0.0148,0.0147,0.0168,0.0183,0.0247,0.0014,0.0122,0.0080,0.0040,0.0001,0.0085,0.0137,0.0038,0.0076,0.0032,0.0049
0.0052,0.0053,0.0073,0.0057,0.0071,0.0096,0.0124,0.0081,0.0208,0.0182,0.0009,0.0040,0.0178,0.0249,0.0006,0.0258,0.0049,0.0048,0.0058,0.0117
0.0065,0.0071,0.0051,0.0107,0.0074,0.0071,0.0102,0.0114,0.0060,0.0155,0.0192,0.0001,0.0249,0.0204,0.0072,0.0004,0.0197,0.0127,0.0053,0.0138
0.0050,0.0089,0.0067,0.0101,0.0096,0.0070,0.0134,0.0075,0.0076,0.0072,0.0195,0.0085,0.0006,0.0072,0.0150,0.0261,0.0001,0.0121,0.0240,0.0111
0.0031,0.0050,0.0038,0.0075,0.0079,0.0099,0.0070,0.0109,0.0074,0.0110,0.0041,0.0137,0.0258,0.0004,0.0261,0.0467,0.0168,0.0004,0.0048,0.0227
0.0079,0.0091,0.0050,0.0122,0.0102,0.0075,0.0056,0.0095,0.0080,0.0113,0.0051,0.0038,0.0049,0.0197,0.0001,0.0168,0.0522,0.0283,0.0003,0.0440
0.0068,0.0073,0.0056,0.0080,0.0097,0.0070,0.0054,0.0065,0.0057,0.0069,0.0059,0.0076,0.0048,0.0127,0.0121,0.0004,0.0283,0.1057,0.0875,0.0001
0.0056,0.0118,0.0047,0.0047,0.0059,0.0080,0.0046,0.0057,0.0042,0.0021,0.0026,0.0032,0.0058,0.0053,0.0240,0.0048,0.0003,0.0875,0.1951,0.0392
0.0040,0.0047,0.0044,0.0065,0.0074,0.0077,0.0037,0.0027,0.0065,0.0070,0.0064,0.0049,0.0117,0.0138,0.0111,0.0227,0.0440,0.0001,0.0392,0.0236