c1,c2,c3,c4,c5,c6,c7,c8,c9,c10,c11,c12,c13,c14,c15,c16,c17,c18,c19,c20
0.0069,0.0678,0.0012,0.0755,0.0195,0.0199,0.0171,0.0246,0.0228,0.0087,0.0119,0.0087,0.0040,0.0042,0.0025,0.0001,0.0037,0.0061,0.0044,0.0026
0.0678,0.0402,0.0265,0.0005,0.0061,0.0088,0.0042,0.0067,0.0090,0.0070,0.0070,0.0058,0.0067,0.0072,0.0081,0.0014,0.0072,0.0054,0.0090,0.0041
0.0012,0.0265,0.0456,0.0657,0.0011,0.0332,0.0279,0.0087,0.0090,0.0040,0.0119,0.0083,0.0053,0.0054,0.0054,0.0009,0.0047,0.0046,0.0036,0.0030
0.0755,0.0005,0.0657,0.0305,0.0091,0.0010,0.0088,0.0121,0.0041,0.0058,0.0096,0.0096,0.0073,0.0065,0.0135,0.0052,0.0051,0.0039,0.0034,0.0030
0.0195,0.0061,0.0011,0.0091,0.0160,0.0596,0.0015,0.0211,0.0107,0.0032,0.0075,0.0068,0.0103,0.0065,0.0076,0.0078,0.0039,0.0055,0.0045,0.0042
0.0199,0.0088,0.0332,0.0010,0.0596,0.0314,0.0080,0.0006,0.0158,0.0086,0.0107,0.0148,0.0100,0.0068,0.0047,0.0046,0.0034,0.0038,0.0029,0.0019
0.0171,0.0042,0.0279,0.0088,0.0015,0.0080,0.0240,0.0084,0.0006,0.0110,0.0299,0.0148,0.0148,0.0108,0.0083,0.0061,0.0033,0.0041,0.0035,0.0023
0.0246,0.0067,0.0087,0.0121,0.0211,0.0006,0.0084,0.0109,0.0109,0.0004,0.0241,0.0381,0.0110,0.0102,0.0055,0.0083,0.0038,0.0043,0.0053,0.0035
0.0228,0.0090,0.0090,0.0041,0.0107,0.0158,0.0006,0.0109,0.0242,0.0151,0.0004,0.0250,0.0542,0.0063,0.0046,0.0090,0.0050,0.0041,0.0029,0.0047
0.0087,0.0070,0.0040,0.0058,0.0032,0.0086,0.0110,0.0004,0.0151,0.0556,0.0093,0.0023,0.0323,0.0233,0.0061,0.0140,0.0090,0.0070,0.0021,0.0042
0.0119,0.0070,0.0119,0.0096,0.0075,0.0107,0.0299,0.0241,0.0004,0.0093,0.0298,0.0113,0.0004,0.0092,0.0153,0.0097,0.0060,0.0075,0.0020,0.0036
0.0087,0.0058,0.0083,0.0096,0.0068,0.0148,0.0148,0.0381,0.0250,0.0023,0.0113,0.0173,0.0046,0.0002,0.0034,0.0309,0.0023,0.0092,0.0042,0.0046
0.0040,0.0067,0.0053,0.0073,0.0103,0.0100,0.0148,0.0110,0.0542,0.0323,0.0004,0.0046,0.0231,0.0080,0.0001,0.0306,0.0065,0.0064,0.0070,0.0091
0.0042,0.0072,0.0054,0.0065,0.0065,0.0068,0.0108,0.0102,0.0063,0.0233,0.0092,0.0002,0.0080,0.0190,0.0043,0.0051,0.0081,0.0133,0.0077,0.0269
0.0025,0.0081,0.0054,0.0135,0.0076,0.0047,0.0083,0.0055,0.0046,0.0061,0.0153,0.0034,0.0001,0.0043,0.0120,0.2428,0.0010,0.0278,0.0095,0.0587
0.0001,0.0014,0.0009,0.0052,0.0078,0.0046,0.0061,0.0083,0.0090,0.0140,0.0097,0.0309,0.0306,0.0051,0.2428,0.0004,0.1359,0.0011,0.0164,0.0713
0.0037,0.0072,0.0047,0.0051,0.0039,0.0034,0.0033,0.0038,0.0050,0.0090,0.0060,0.0023,0.0065,0.0081,0.0010,0.1359,0.1360,0.0135,0.0019,0.0565
0.0061,0.0054,0.0046,0.0039,0.0055,0.0038,0.0041,0.0043,0.0041,0.0070,0.0075,0.0092,0.0064,0.0133,0.0278,0.0011,0.0135,0.1217,0.1005,0.0005
0.0044,0.0090,0.0036,0.0034,0.0045,0.0029,0.0035,0.0053,0.0029,0.0021,0.0020,0.0042,0.0070,0.0077,0.0095,0.0164,0.0019,0.1005,0.1644,0.0572
0.0026,0.0041,0.0030,0.0030,0.0042,0.0019,0.0023,0.0035,0.0047,0.0042,0.0036,0.0046,0.0091,0.0269,0.0587,0.0713,0.0565,0.0005,0.0572,0.0279