c1,c2,c3,c4,c5,c6,c7,c8,c9,c10,c11,c12,c13,c14,c15,c16,c17,c18,c19,c20
0.0040,0.0640,0.0008,0.0434,0.0113,0.0194,0.0093,0.0119,0.0222,0.0146,0.0055,0.0058,0.0042,0.0033,0.0041,0.0021,0.0035,0.0051,0.0050,0.0043
0.0640,0.0775,0.0255,0.0003,0.0085,0.0055,0.0021,0.0051,0.0106,0.0052,0.0045,0.0070,0.0046,0.0059,0.0084,0.0060,0.0076,0.0060,0.0102,0.0052
0.0008,0.0255,0.0768,0.0758,0.0012,0.0358,0.0157,0.0056,0.0094,0.0043,0.0079,0.0085,0.0057,0.0045,0.0043,0.0026,0.0033,0.0047,0.0036,0.0046
0.0434,0.0003,0.0758,0.0429,0.0187,0.0005,0.0049,0.0053,0.0047,0.0088,0.0082,0.0172,0.0049,0.0083,0.0081,0.0051,0.0105,0.0061,0.0035,0.0043
0.0113,0.0085,0.0012,0.0187,0.1275,0.0238,0.0004,0.0231,0.0185,0.0035,0.0041,0.0153,0.0053,0.0061,0.0055,0.0051,0.0051,0.0047,0.0032,0.0055
0.0194,0.0055,0.0358,0.0005,0.0238,0.0112,0.0157,0.0003,0.0221,0.0101,0.0097,0.0181,0.0144,0.0073,0.0097,0.0044,0.0054,0.0044,0.0031,0.0034
0.0093,0.0021,0.0157,0.0049,0.0004,0.0157,0.0788,0.0216,0.0020,0.0229,0.0352,0.0162,0.0189,0.0070,0.0088,0.0041,0.0049,0.0028,0.0023,0.0016
0.0119,0.0051,0.0056,0.0053,0.0231,0.0003,0.0216,0.0277,0.0133,0.0008,0.0504,0.0264,0.0091,0.0149,0.0084,0.0054,0.0053,0.0044,0.0033,0.0024
0.0222,0.0106,0.0094,0.0047,0.0185,0.0221,0.0020,0.0133,0.0206,0.0229,0.0005,0.0245,0.0199,0.0047,0.0058,0.0041,0.0038,0.0033,0.0021,0.0030
0.0146,0.0052,0.0043,0.0088,0.0035,0.0101,0.0229,0.0008,0.0229,0.0477,0.0094,0.0020,0.0257,0.0133,0.0061,0.0059,0.0105,0.0043,0.0011,0.0047
0.0055,0.0045,0.0079,0.0082,0.0041,0.0097,0.0352,0.0504,0.0005,0.0094,0.0359,0.0208,0.0006,0.0257,0.0222,0.0029,0.0058,0.0054,0.0020,0.0042
0.0058,0.0070,0.0085,0.0172,0.0153,0.0181,0.0162,0.0264,0.0245,0.0020,0.0208,0.0093,0.0030,0.0002,0.0089,0.0090,0.0041,0.0071,0.0028,0.0046
0.0042,0.0046,0.0057,0.0049,0.0053,0.0144,0.0189,0.0091,0.0199,0.0257,0.0006,0.0030,0.0268,0.0204,0.0005,0.0179,0.0073,0.0052,0.0071,0.0123
0.0033,0.0059,0.0045,0.0083,0.0061,0.0073,0.0070,0.0149,0.0047,0.0133,0.0257,0.0002,0.0204,0.0143,0.0103,0.0007,0.0193,0.0157,0.0090,0.0189
0.0041,0.0084,0.0043,0.0081,0.0055,0.0097,0.0088,0.0084,0.0058,0.0061,0.0222,0.0089,0.0005,0.0103,0.0164,0.0452,0.0002,0.0138,0.0255,0.0149
0.0021,0.0060,0.0026,0.0051,0.0051,0.0044,0.0041,0.0054,0.0041,0.0059,0.0029,0.0090,0.0179,0.0007,0.0452,0.1685,0.0398,0.0009,0.0126,0.0399
0.0035,0.0076,0.0033,0.0105,0.0051,0.0054,0.0049,0.0053,0.0038,0.0105,0.0058,0.0041,0.0073,0.0193,0.0002,0.0398,0.0696,0.0599,0.0006,0.0696
0.0051,0.0060,0.0047,0.0061,0.0047,0.0044,0.0028,0.0044,0.0033,0.0043,0.0054,0.0071,0.0052,0.0157,0.0138,0.0009,0.0599,0.2062,0.2015,0.0002
0.0050,0.0102,0.0036,0.0035,0.0032,0.0031,0.0023,0.0033,0.0021,0.0011,0.0020,0.0028,0.0071,0.0090,0.0255,0.0126,0.0006,0.2015,0.4862,0.0630
0.0043,0.0052,0.0046,0.0043,0.0055,0.0034,0.0016,0.0024,0.0030,0.0047,0.0042,0.0046,0.0123,0.0189,0.0149,0.0399,0.0696,0.0002,0.0630,0.0720