c1,c2,c3,c4,c5,c6,c7,c8,c9,c10,c11,c12,c13,c14,c15,c16,c17,c18,c19,c20
0.0055,0.0368,0.0004,0.0424,0.0290,0.0103,0.0143,0.0236,0.0307,0.0163,0.0115,0.0130,0.0042,0.0042,0.0057,0.0027,0.0048,0.0041,0.0003,0.0024
0.0368,0.0399,0.0184,0.0003,0.0107,0.0070,0.0047,0.0097,0.0090,0.0064,0.0050,0.0102,0.0048,0.0070,0.0086,0.0062,0.0062,0.0089,0.0020,0.0062
0.0004,0.0184,0.0421,0.0711,0.0008,0.0723,0.0294,0.0093,0.0136,0.0064,0.0120,0.0132,0.0066,0.0049,0.0047,0.0040,0.0037,0.0067,0.0008,0.0018
0.0424,0.0003,0.0711,0.0194,0.0061,0.0005,0.0063,0.0111,0.0069,0.0070,0.0082,0.0225,0.0070,0.0077,0.0085,0.0070,0.0079,0.0071,0.0029,0.0060
0.0290,0.0107,0.0008,0.0061,0.0395,0.0129,0.0006,0.0370,0.0180,0.0033,0.0050,0.0107,0.0091,0.0053,0.0069,0.0091,0.0109,0.0066,0.0029,0.0030
0.0103,0.0070,0.0723,0.0005,0.0129,0.0267,0.0150,0.0003,0.0231,0.0115,0.0075,0.0129,0.0092,0.0062,0.0038,0.0103,0.0057,0.0064,0.0034,0.0037
0.0143,0.0047,0.0294,0.0063,0.0006,0.0150,0.0397,0.0110,0.0003,0.0056,0.0283,0.0102,0.0251,0.0145,0.0070,0.0086,0.0046,0.0065,0.0029,0.0022
0.0236,0.0097,0.0093,0.0111,0.0370,0.0003,0.0110,0.0126,0.0053,0.0004,0.0148,0.0135,0.0182,0.0114,0.0083,0.0070,0.0066,0.0060,0.0062,0.0024
0.0307,0.0090,0.0136,0.0069,0.0180,0.0231,0.0003,0.0053,0.0184,0.0195,0.0002,0.0128,0.0149,0.0076,0.0050,0.0123,0.0061,0.0061,0.0053,0.0044
0.0163,0.0064,0.0064,0.0070,0.0033,0.0115,0.0056,0.0004,0.0195,0.0345,0.0067,0.0005,0.0171,0.0252,0.0076,0.0178,0.0132,0.0141,0.0027,0.0042
0.0115,0.0050,0.0120,0.0082,0.0050,0.0075,0.0283,0.0148,0.0002,0.0067,0.0246,0.0061,0.0011,0.0337,0.0199,0.0051,0.0095,0.0084,0.0045,0.0042
0.0130,0.0102,0.0132,0.0225,0.0107,0.0129,0.0102,0.0135,0.0128,0.0005,0.0061,0.0279,0.0033,0.0002,0.0079,0.0079,0.0043,0.0150,0.0084,0.0057
0.0042,0.0048,0.0066,0.0070,0.0091,0.0092,0.0251,0.0182,0.0149,0.0171,0.0011,0.0033,0.0144,0.0090,0.0008,0.0075,0.0046,0.0057,0.0170,0.0099
0.0042,0.0070,0.0049,0.0077,0.0053,0.0062,0.0145,0.0114,0.0076,0.0252,0.0337,0.0002,0.0090,0.0273,0.0086,0.0001,0.0078,0.0153,0.0177,0.0218
0.0057,0.0086,0.0047,0.0085,0.0069,0.0038,0.0070,0.0083,0.0050,0.0076,0.0199,0.0079,0.0008,0.0086,0.0153,0.0160,0.0003,0.0102,0.0514,0.0198
0.0027,0.0062,0.0040,0.0070,0.0091,0.0103,0.0086,0.0070,0.0123,0.0178,0.0051,0.0079,0.0075,0.0001,0.0160,0.0689,0.0116,0.0006,0.0305,0.0192
0.0048,0.0062,0.0037,0.0079,0.0109,0.0057,0.0046,0.0066,0.0061,0.0132,0.0095,0.0043,0.0046,0.0078,0.0003,0.0116,0.1936,0.0054,0.0027,0.0449
0.0041,0.0089,0.0067,0.0071,0.0066,0.0064,0.0065,0.0060,0.0061,0.0141,0.0084,0.0150,0.0057,0.0153,0.0102,0.0006,0.0054,0.0303,0.2171,0.0002
0.0003,0.0020,0.0008,0.0029,0.0029,0.0034,0.0029,0.0062,0.0053,0.0027,0.0045,0.0084,0.0170,0.0177,0.0514,0.0305,0.0027,0.2171,0.0031,0.3906
0.0024,0.0062,0.0018,0.0060,0.0030,0.0037,0.0022,0.0024,0.0044,0.0042,0.0042,0.0057,0.0099,0.0218,0.0198,0.0192,0.0449,0.0002,0.3906,0.0645