c1,c2,c3,c4,c5,c6,c7,c8,c9,c10,c11,c12,c13,c14,c15,c16,c17,c18,c19,c20
0.0018,0.0643,0.0003,0.0588,0.0293,0.0123,0.0124,0.0176,0.0244,0.0147,0.0088,0.0082,0.0045,0.0039,0.0040,0.0020,0.0036,0.0041,0.0043,0.0031
0.0643,0.0579,0.0138,0.0002,0.0123,0.0075,0.0041,0.0073,0.0092,0.0060,0.0045,0.0072,0.0047,0.0061,0.0072,0.0053,0.0068,0.0058,0.0100,0.0044
0.0003,0.0138,0.0271,0.0324,0.0014,0.0436,0.0242,0.0071,0.0121,0.0063,0.0095,0.0115,0.0081,0.0058,0.0062,0.0036,0.0045,0.0050,0.0043,0.0035
0.0588,0.0002,0.0324,0.0220,0.0066,0.0002,0.0134,0.0105,0.0075,0.0125,0.0084,0.0216,0.0078,0.0054,0.0086,0.0063,0.0091,0.0068,0.0050,0.0049
0.0293,0.0123,0.0014,0.0066,0.0275,0.0317,0.0005,0.0191,0.0084,0.0038,0.0074,0.0124,0.0091,0.0075,0.0052,0.0101,0.0088,0.0052,0.0028,0.0029
0.0123,0.0075,0.0436,0.0002,0.0317,0.0127,0.0084,0.0006,0.0352,0.0113,0.0058,0.0115,0.0072,0.0068,0.0058,0.0063,0.0097,0.0051,0.0047,0.0055
0.0124,0.0041,0.0242,0.0134,0.0005,0.0084,0.0299,0.0111,0.0005,0.0109,0.0241,0.0151,0.0116,0.0103,0.0199,0.0049,0.0043,0.0044,0.0035,0.0028
0.0176,0.0073,0.0071,0.0105,0.0191,0.0006,0.0111,0.0238,0.0058,0.0005,0.0229,0.0237,0.0087,0.0105,0.0078,0.0107,0.0061,0.0049,0.0042,0.0023
0.0244,0.0092,0.0121,0.0075,0.0084,0.0352,0.0005,0.0058,0.0210,0.0321,0.0006,0.0225,0.0142,0.0057,0.0067,0.0045,0.0055,0.0041,0.0029,0.0041
0.0147,0.0060,0.0063,0.0125,0.0038,0.0113,0.0109,0.0005,0.0321,0.0607,0.0094,0.0007,0.0144,0.0129,0.0060,0.0093,0.0095,0.0059,0.0016,0.0057
0.0088,0.0045,0.0095,0.0084,0.0074,0.0058,0.0241,0.0229,0.0006,0.0094,0.0334,0.0224,0.0008,0.0214,0.0202,0.0033,0.0041,0.0047,0.0025,0.0060
0.0082,0.0072,0.0115,0.0216,0.0124,0.0115,0.0151,0.0237,0.0225,0.0007,0.0224,0.0071,0.0044,0.0001,0.0113,0.0117,0.0046,0.0087,0.0034,0.0055
0.0045,0.0047,0.0081,0.0078,0.0091,0.0072,0.0116,0.0087,0.0142,0.0144,0.0008,0.0044,0.0229,0.0257,0.0007,0.0255,0.0044,0.0047,0.0061,0.0116
0.0039,0.0061,0.0058,0.0054,0.0075,0.0068,0.0103,0.0105,0.0057,0.0129,0.0214,0.0001,0.0257,0.0199,0.0072,0.0008,0.0229,0.0150,0.0070,0.0160
0.0040,0.0072,0.0062,0.0086,0.0052,0.0058,0.0199,0.0078,0.0067,0.0060,0.0202,0.0113,0.0007,0.0072,0.0167,0.0302,0.0001,0.0141,0.0231,0.0147
0.0020,0.0053,0.0036,0.0063,0.0101,0.0063,0.0049,0.0107,0.0045,0.0093,0.0033,0.0117,0.0255,0.0008,0.0302,0.0790,0.0171,0.0005,0.0060,0.0292
0.0036,0.0068,0.0045,0.0091,0.0088,0.0097,0.0043,0.0061,0.0055,0.0095,0.0041,0.0046,0.0044,0.0229,0.0001,0.0171,0.0642,0.0575,0.0007,0.0804
0.0041,0.0058,0.0050,0.0068,0.0052,0.0051,0.0044,0.0049,0.0041,0.0059,0.0047,0.0087,0.0047,0.0150,0.0141,0.0005,0.0575,0.1494,0.1393,0.0003
0.0043,0.0100,0.0043,0.0050,0.0028,0.0047,0.0035,0.0042,0.0029,0.0016,0.0025,0.0034,0.0061,0.0070,0.0231,0.0060,0.0007,0.1393,0.2842,0.0624
0.0031,0.0044,0.0035,0.0049,0.0029,0.0055,0.0028,0.0023,0.0041,0.0057,0.0060,0.0055,0.0116,0.0160,0.0147,0.0292,0.0804,0.0003,0.0624,0.0439