c1,c2,c3,c4,c5,c6,c7,c8,c9,c10,c11,c12,c13,c14,c15,c16,c17,c18,c19,c20
0.0053,0.0774,0.0005,0.0437,0.0221,0.0110,0.0136,0.0075,0.0211,0.0063,0.0109,0.0131,0.0061,0.0048,0.0044,0.0008,0.0049,0.0035,0.0051,0.0026
0.0774,0.1150,0.0259,0.0003,0.0136,0.0052,0.0034,0.0043,0.0095,0.0054,0.0059,0.0063,0.0064,0.0061,0.0072,0.0022,0.0060,0.0050,0.0073,0.0052
0.0005,0.0259,0.0328,0.0335,0.0019,0.0241,0.0135,0.0054,0.0103,0.0041,0.0133,0.0093,0.0115,0.0059,0.0066,0.0020,0.0060,0.0055,0.0034,0.0040
0.0437,0.0003,0.0335,0.0261,0.0104,0.0003,0.0116,0.0088,0.0102,0.0109,0.0176,0.0126,0.0084,0.0053,0.0072,0.0060,0.0075,0.0063,0.0035,0.0034
0.0221,0.0136,0.0019,0.0104,0.0235,0.0132,0.0013,0.0157,0.0114,0.0044,0.0095,0.0214,0.0095,0.0062,0.0070,0.0050,0.0057,0.0042,0.0021,0.0025
0.0110,0.0052,0.0241,0.0003,0.0132,0.0191,0.0284,0.0006,0.0773,0.0088,0.0086,0.0115,0.0082,0.0109,0.0029,0.0067,0.0053,0.0072,0.0027,0.0049
0.0136,0.0034,0.0135,0.0116,0.0013,0.0284,0.0246,0.0120,0.0048,0.0048,0.0123,0.0103,0.0105,0.0072,0.0102,0.0068,0.0047,0.0035,0.0025,0.0022
0.0075,0.0043,0.0054,0.0088,0.0157,0.0006,0.0120,0.0114,0.0097,0.0031,0.0369,0.0515,0.0082,0.0103,0.0041,0.0076,0.0043,0.0063,0.0034,0.0038
0.0211,0.0095,0.0103,0.0102,0.0114,0.0773,0.0048,0.0097,0.0090,0.0080,0.0001,0.0208,0.0168,0.0062,0.0043,0.0098,0.0042,0.0050,0.0021,0.0032
0.0063,0.0054,0.0041,0.0109,0.0044,0.0088,0.0048,0.0031,0.0080,0.0597,0.0051,0.0012,0.0199,0.0247,0.0052,0.0154,0.0089,0.0099,0.0027,0.0044
0.0109,0.0059,0.0133,0.0176,0.0095,0.0086,0.0123,0.0369,0.0001,0.0051,0.0314,0.0096,0.0005,0.0122,0.0139,0.0095,0.0087,0.0112,0.0030,0.0042
0.0131,0.0063,0.0093,0.0126,0.0214,0.0115,0.0103,0.0515,0.0208,0.0012,0.0096,0.0107,0.0036,0.0002,0.0040,0.0118,0.0027,0.0123,0.0039,0.0066
0.0061,0.0064,0.0115,0.0084,0.0095,0.0082,0.0105,0.0082,0.0168,0.0199,0.0005,0.0036,0.0308,0.0088,0.0003,0.0230,0.0047,0.0068,0.0090,0.0163
0.0048,0.0061,0.0059,0.0053,0.0062,0.0109,0.0072,0.0103,0.0062,0.0247,0.0122,0.0002,0.0088,0.0421,0.0133,0.0008,0.0073,0.0113,0.0105,0.0170
0.0044,0.0072,0.0066,0.0072,0.0070,0.0029,0.0102,0.0041,0.0043,0.0052,0.0139,0.0040,0.0003,0.0133,0.0032,0.0202,0.0025,0.1129,0.0123,0.0777
0.0008,0.0022,0.0020,0.0060,0.0050,0.0067,0.0068,0.0076,0.0098,0.0154,0.0095,0.0118,0.0230,0.0008,0.0202,0.1533,0.0242,0.0004,0.0073,0.0431
0.0049,0.0060,0.0060,0.0075,0.0057,0.0053,0.0047,0.0043,0.0042,0.0089,0.0087,0.0027,0.0047,0.0073,0.0025,0.0242,0.0493,0.0084,0.0035,0.0493
0.0035,0.0050,0.0055,0.0063,0.0042,0.0072,0.0035,0.0063,0.0050,0.0099,0.0112,0.0123,0.0068,0.0113,0.1129,0.0004,0.0084,0.0717,0.0711,0.0002
0.0051,0.0073,0.0034,0.0035,0.0021,0.0027,0.0025,0.0034,0.0021,0.0027,0.0030,0.0039,0.0090,0.0105,0.0123,0.0073,0.0035,0.0711,0.3262,0.0733
0.0026,0.0052,0.0040,0.0034,0.0025,0.0049,0.0022,0.0038,0.0032,0.0044,0.0042,0.0066,0.0163,0.0170,0.0777,0.0431,0.0493,0.0002,0.0733,0.0158