c1,c2,c3,c4,c5,c6,c7,c8,c9,c10,c11,c12,c13,c14,c15,c16,c17,c18,c19,c20
0.0009,0.0395,0.0004,0.0353,0.0872,0.0125,0.0115,0.0264,0.0284,0.0102,0.0114,0.0093,0.0054,0.0047,0.0041,0.0016,0.0036,0.0038,0.0039,0.0021
0.0395,0.0640,0.0197,0.0001,0.0103,0.0067,0.0039,0.0086,0.0084,0.0053,0.0044,0.0070,0.0058,0.0073,0.0088,0.0068,0.0074,0.0064,0.0141,0.0036
0.0004,0.0197,0.0306,0.0340,0.0006,0.0331,0.0164,0.0091,0.0124,0.0067,0.0092,0.0144,0.0081,0.0071,0.0065,0.0035,0.0044,0.0062,0.0034,0.0035
0.0353,0.0001,0.0340,0.0239,0.0169,0.0001,0.0136,0.0165,0.0094,0.0104,0.0096,0.0170,0.0091,0.0082,0.0084,0.0075,0.0086,0.0075,0.0037,0.0044
0.0872,0.0103,0.0006,0.0169,0.0655,0.0244,0.0002,0.0156,0.0050,0.0019,0.0068,0.0117,0.0096,0.0154,0.0081,0.0042,0.0083,0.0052,0.0037,0.0030
0.0125,0.0067,0.0331,0.0001,0.0244,0.0176,0.0092,0.0002,0.0397,0.0086,0.0078,0.0188,0.0104,0.0081,0.0076,0.0083,0.0076,0.0064,0.0049,0.0069
0.0115,0.0039,0.0164,0.0136,0.0002,0.0092,0.0287,0.0063,0.0005,0.0059,0.0219,0.0159,0.0162,0.0112,0.0076,0.0190,0.0068,0.0074,0.0046,0.0041
0.0264,0.0086,0.0091,0.0165,0.0156,0.0002,0.0063,0.0311,0.0032,0.0003,0.0157,0.0270,0.0144,0.0110,0.0071,0.0082,0.0102,0.0059,0.0065,0.0039
0.0284,0.0084,0.0124,0.0094,0.0050,0.0397,0.0005,0.0032,0.0223,0.0387,0.0002,0.0267,0.0161,0.0046,0.0035,0.0074,0.0051,0.0053,0.0040,0.0105
0.0102,0.0053,0.0067,0.0104,0.0019,0.0086,0.0059,0.0003,0.0387,0.0669,0.0127,0.0005,0.0201,0.0124,0.0063,0.0119,0.0096,0.0099,0.0035,0.0097
0.0114,0.0044,0.0092,0.0096,0.0068,0.0078,0.0219,0.0157,0.0002,0.0127,0.0446,0.0126,0.0006,0.0302,0.0100,0.0034,0.0066,0.0078,0.0029,0.0093
0.0093,0.0070,0.0144,0.0170,0.0117,0.0188,0.0159,0.0270,0.0267,0.0005,0.0126,0.0078,0.0083,0.0001,0.0067,0.0094,0.0043,0.0090,0.0051,0.0054
0.0054,0.0058,0.0081,0.0091,0.0096,0.0104,0.0162,0.0144,0.0161,0.0201,0.0006,0.0083,0.0454,0.0080,0.0002,0.0105,0.0042,0.0063,0.0078,0.0112
0.0047,0.0073,0.0071,0.0082,0.0154,0.0081,0.0112,0.0110,0.0046,0.0124,0.0302,0.0001,0.0080,0.0192,0.0107,0.0005,0.0155,0.0135,0.0095,0.0148
0.0041,0.0088,0.0065,0.0084,0.0081,0.0076,0.0076,0.0071,0.0035,0.0063,0.0100,0.0067,0.0002,0.0107,0.0157,0.0207,0.0006,0.0400,0.0156,0.0570
0.0016,0.0068,0.0035,0.0075,0.0042,0.0083,0.0190,0.0082,0.0074,0.0119,0.0034,0.0094,0.0105,0.0005,0.0207,0.1132,0.0173,0.0003,0.0110,0.0350
0.0036,0.0074,0.0044,0.0086,0.0083,0.0076,0.0068,0.0102,0.0051,0.0096,0.0066,0.0043,0.0042,0.0155,0.0006,0.0173,0.1118,0.0152,0.0004,0.0345
0.0038,0.0064,0.0062,0.0075,0.0052,0.0064,0.0074,0.0059,0.0053,0.0099,0.0078,0.0090,0.0063,0.0135,0.0400,0.0003,0.0152,0.1178,0.0626,0.0001
0.0039,0.0141,0.0034,0.0037,0.0037,0.0049,0.0046,0.0065,0.0040,0.0035,0.0029,0.0051,0.0078,0.0095,0.0156,0.0110,0.0004,0.0626,0.1760,0.0193
0.0021,0.0036,0.0035,0.0044,0.0030,0.0069,0.0041,0.0039,0.0105,0.0097,0.0093,0.0054,0.0112,0.0148,0.0570,0.0350,0.0345,0.0001,0.0193,0.0167