c1,c2,c3,c4,c5,c6,c7,c8,c9,c10,c11,c12,c13,c14,c15,c16,c17,c18,c19,c20
0.0010,0.0519,0.0054,0.0298,0.0858,0.0190,0.0168,0.0082,0.0301,0.0111,0.0101,0.0048,0.0048,0.0042,0.0020,0.0001,0.0043,0.0078,0.0048,0.0057
0.0519,0.0596,0.0587,0.0003,0.0058,0.0144,0.0061,0.0062,0.0156,0.0122,0.0091,0.0048,0.0071,0.0058,0.0031,0.0021,0.0038,0.0036,0.0046,0.0050
0.0054,0.0587,0.1109,0.0045,0.0007,0.0166,0.0262,0.0056,0.0105,0.0047,0.0073,0.0057,0.0058,0.0050,0.0039,0.0040,0.0036,0.0054,0.0044,0.0045
0.0298,0.0003,0.0045,0.0040,0.0139,0.0004,0.0196,0.0271,0.0132,0.0223,0.0114,0.0144,0.0052,0.0075,0.0101,0.0070,0.0071,0.0110,0.0033,0.0075
0.0858,0.0058,0.0007,0.0139,0.0630,0.0245,0.0004,0.0048,0.0174,0.0057,0.0108,0.0047,0.0060,0.0043,0.0042,0.0106,0.0069,0.0071,0.0066,0.0036
0.0190,0.0144,0.0166,0.0004,0.0245,0.0179,0.0038,0.0003,0.0081,0.0500,0.0053,0.0099,0.0066,0.0091,0.0048,0.0096,0.0058,0.0063,0.0088,0.0058
0.0168,0.0061,0.0262,0.0196,0.0004,0.0038,0.0180,0.0075,0.0002,0.0162,0.0234,0.0054,0.0103,0.0144,0.0108,0.0106,0.0062,0.0054,0.0074,0.0052
0.0082,0.0062,0.0056,0.0271,0.0048,0.0003,0.0075,0.0166,0.0047,0.0018,0.0060,0.0260,0.0087,0.0192,0.0163,0.0064,0.0089,0.0070,0.0086,0.0061
0.0301,0.0156,0.0105,0.0132,0.0174,0.0081,0.0002,0.0047,0.0070,0.0044,0.0003,0.0122,0.0202,0.0063,0.0241,0.0101,0.0181,0.0062,0.0057,0.0052
0.0111,0.0122,0.0047,0.0223,0.0057,0.0500,0.0162,0.0018,0.0044,0.0110,0.0027,0.0001,0.0141,0.0358,0.0029,0.0250,0.0085,0.0065,0.0046,0.0054
0.0101,0.0091,0.0073,0.0114,0.0108,0.0053,0.0234,0.0060,0.0003,0.0027,0.0128,0.0073,0.0004,0.0084,0.0595,0.0361,0.0135,0.0119,0.0040,0.0047
0.0048,0.0048,0.0057,0.0144,0.0047,0.0099,0.0054,0.0260,0.0122,0.0001,0.0073,0.0201,0.0104,0.0010,0.0045,0.0729,0.0098,0.0191,0.0045,0.0115
0.0048,0.0071,0.0058,0.0052,0.0060,0.0066,0.0103,0.0087,0.0202,0.0141,0.0004,0.0104,0.0265,0.0032,0.0003,0.0291,0.0590,0.0058,0.0115,0.0069
0.0042,0.0058,0.0050,0.0075,0.0043,0.0091,0.0144,0.0192,0.0063,0.0358,0.0084,0.0010,0.0032,0.0187,0.0047,0.0005,0.0103,0.0224,0.0083,0.0199
0.0020,0.0031,0.0039,0.0101,0.0042,0.0048,0.0108,0.0163,0.0241,0.0029,0.0595,0.0045,0.0003,0.0047,0.0403,0.0558,0.0005,0.0135,0.0137,0.0193
0.0001,0.0021,0.0040,0.0070,0.0106,0.0096,0.0106,0.0064,0.0101,0.0250,0.0361,0.0729,0.0291,0.0005,0.0558,0.0005,0.0480,0.0004,0.0117,0.0432
0.0043,0.0038,0.0036,0.0071,0.0069,0.0058,0.0062,0.0089,0.0181,0.0085,0.0135,0.0098,0.0590,0.0103,0.0005,0.0480,0.0188,0.0037,0.0004,0.0161
0.0078,0.0036,0.0054,0.0110,0.0071,0.0063,0.0054,0.0070,0.0062,0.0065,0.0119,0.0191,0.0058,0.0224,0.0135,0.0004,0.0037,0.1579,0.0491,0.0002
0.0048,0.0046,0.0044,0.0033,0.0066,0.0088,0.0074,0.0086,0.0057,0.0046,0.0040,0.0045,0.0115,0.0083,0.0137,0.0117,0.0004,0.0491,0.1034,0.0066
0.0057,0.0050,0.0045,0.0075,0.0036,0.0058,0.0052,0.0061,0.0052,0.0054,0.0047,0.0115,0.0069,0.0199,0.0193,0.0432,0.0161,0.0002,0.0066,0.0551