c1,c2,c3,c4,c5,c6,c7,c8,c9,c10,c11,c12,c13,c14,c15,c16,c17,c18,c19,c20
0.0021,0.0170,0.0014,0.0351,0.0322,0.0082,0.0089,0.0171,0.0170,0.0013,0.0219,0.0149,0.0068,0.0030,0.0032,0.0040,0.0069,0.0072,0.0044,0.0036
0.0170,0.0377,0.2133,0.0025,0.2022,0.3167,0.0118,0.0045,0.0021,0.0037,0.0052,0.0028,0.0022,0.0030,0.0033,0.0011,0.0018,0.0025,0.0021,0.0017
0.0014,0.2133,0.0193,0.0417,0.0008,0.0274,0.0468,0.0054,0.0083,0.0005,0.0113,0.0055,0.0029,0.0050,0.0078,0.0086,0.0082,0.0026,0.0037,0.0033
0.0351,0.0025,0.0417,0.0232,0.0126,0.0007,0.0214,0.0477,0.0067,0.0103,0.0043,0.0047,0.0038,0.0053,0.0022,0.0084,0.0089,0.0033,0.0015,0.0057
0.0322,0.2022,0.0008,0.0126,0.0029,0.0043,0.0006,0.0467,0.2155,0.0199,0.0103,0.0017,0.0056,0.0053,0.0161,0.0030,0.0050,0.0052,0.0011,0.0010
0.0082,0.3167,0.0274,0.0007,0.0043,0.0044,0.0038,0.0003,0.0132,0.0801,0.0076,0.0129,0.0069,0.0096,0.0151,0.0081,0.0036,0.0050,0.0037,0.0012
0.0089,0.0118,0.0468,0.0214,0.0006,0.0038,0.0075,0.0032,0.0003,0.0466,0.0366,0.0054,0.0139,0.0067,0.0095,0.0089,0.0046,0.0034,0.0051,0.0105
0.0171,0.0045,0.0054,0.0477,0.0467,0.0003,0.0032,0.0095,0.0024,0.0038,0.0381,0.0459,0.0072,0.0253,0.0051,0.0043,0.0036,0.0038,0.0028,0.0047
0.0170,0.0021,0.0083,0.0067,0.2155,0.0132,0.0003,0.0024,0.0091,0.0127,0.0010,0.0317,0.0619,0.0124,0.0199,0.0031,0.0046,0.0039,0.0022,0.0032
0.0013,0.0037,0.0005,0.0103,0.0199,0.0801,0.0466,0.0038,0.0127,0.0002,0.0166,0.0009,0.0470,0.3118,0.0150,0.0292,0.0025,0.0078,0.0020,0.0008
0.0219,0.0052,0.0113,0.0043,0.0103,0.0076,0.0366,0.0381,0.0010,0.0166,0.0107,0.0016,0.0004,0.0325,0.0624,0.0039,0.0084,0.0034,0.0019,0.0033
0.0149,0.0028,0.0055,0.0047,0.0017,0.0129,0.0054,0.0459,0.0317,0.0009,0.0016,0.0186,0.0027,0.0012,0.0218,0.0359,0.0085,0.0163,0.0085,0.0063
0.0068,0.0022,0.0029,0.0038,0.0056,0.0069,0.0139,0.0072,0.0619,0.0470,0.0004,0.0027,0.0116,0.0026,0.0006,0.0152,0.0784,0.0125,0.0201,0.0085
0.0030,0.0030,0.0050,0.0053,0.0053,0.0096,0.0067,0.0253,0.0124,0.3118,0.0325,0.0012,0.0026,0.0022,0.0024,0.0003,0.0197,0.0838,0.0036,0.0094
0.0032,0.0033,0.0078,0.0022,0.0161,0.0151,0.0095,0.0051,0.0199,0.0150,0.0624,0.0218,0.0006,0.0024,0.0030,0.0014,0.0013,0.0098,0.0691,0.0194
0.0040,0.0011,0.0086,0.0084,0.0030,0.0081,0.0089,0.0043,0.0031,0.0292,0.0039,0.0359,0.0152,0.0003,0.0014,0.0122,0.0237,0.0007,0.0603,0.2648
0.0069,0.0018,0.0082,0.0089,0.0050,0.0036,0.0046,0.0036,0.0046,0.0025,0.0084,0.0085,0.0784,0.0197,0.0013,0.0238,0.0782,0.0136,0.0010,0.0084
0.0072,0.0025,0.0026,0.0033,0.0052,0.0050,0.0034,0.0038,0.0039,0.0078,0.0034,0.0163,0.0125,0.0838,0.0098,0.0007,0.0136,0.0435,0.0465,0.0062
0.0044,0.0021,0.0037,0.0015,0.0011,0.0037,0.0051,0.0028,0.0022,0.0020,0.0019,0.0085,0.0201,0.0036,0.0691,0.0603,0.0010,0.0465,0.3093,0.0690
0.0036,0.0017,0.0033,0.0057,0.0010,0.0012,0.0105,0.0047,0.0032,0.0008,0.0033,0.0063,0.0085,0.0094,0.0194,0.2648,0.0084,0.0062,0.0690,0.1317
