c1,c2,c3,c4,c5,c6,c7,c8,c9,c10,c11,c12,c13,c14,c15,c16,c17,c18,c19,c20,c21,c22,c23,c24,c25,c26,c27,c28
0.0003,0.0000,0.0001,0.0000,0.0009,0.0010,0.0113,0.0173,0.0617,0.0806,0.0876,0.0122,0.0497,0.0200,0.0092,0.0325,0.0097,0.0077,0.0057,0.0168,0.0092,0.0234,0.0283,0.0224,0.0091,0.0717,0.0298,0.0382
0.0000,0.0004,0.0090,0.0000,0.0002,0.0011,0.0032,0.0093,0.0453,0.8691,0.0121,0.1729,0.0121,0.0092,0.0019,0.0027,0.0025,0.0085,0.0099,0.0083,0.0207,0.0053,0.7976,0.0040,0.3708,0.0049,0.8673,0.0067
0.0001,0.0090,0.0211,0.0001,0.0005,0.0011,0.0016,0.0086,0.0879,0.2894,0.0197,0.0335,0.0062,0.0026,0.0026,0.0034,0.0025,0.0035,0.0045,0.0058,0.0141,0.0074,0.0954,0.0088,0.0873,0.0154,0.0428,0.0147
0.0000,0.0000,0.0001,0.0003,0.0028,0.0001,0.0011,0.0064,0.2860,0.7712,0.0634,0.5741,0.0372,0.0075,0.0040,0.0032,0.0025,0.0038,0.0059,0.0065,0.0153,0.0061,0.5607,0.0036,0.6083,0.0112,0.8942,0.0165
0.0009,0.0002,0.0005,0.0028,0.0346,0.1284,0.0002,0.0040,0.1299,0.1199,0.0119,0.0098,0.0088,0.0031,0.0035,0.0032,0.0034,0.0041,0.0027,0.0055,0.0095,0.0061,0.0558,0.0080,0.0449,0.0086,0.0396,0.0156
0.0010,0.0011,0.0011,0.0001,0.1284,0.0056,0.1025,0.0126,0.6535,0.0418,0.0022,0.0074,0.0025,0.0035,0.0013,0.0047,0.0020,0.0015,0.0001,0.0018,0.0081,0.0024,0.0578,0.0035,0.6701,0.0064,0.2712,0.0086
0.0113,0.0032,0.0016,0.0011,0.0002,0.1025,0.0144,0.0846,0.0002,0.0002,0.0012,0.0023,0.0035,0.0064,0.0022,0.0057,0.0032,0.0034,0.0046,0.0055,0.0165,0.0044,0.1227,0.0041,0.8740,0.0128,0.2776,0.0293
0.0173,0.0093,0.0086,0.0064,0.0040,0.0126,0.0846,0.0334,0.0368,0.0000,0.0003,0.0001,0.0010,0.0025,0.0025,0.0047,0.0041,0.0037,0.0042,0.0042,0.0113,0.0042,0.0515,0.0064,0.3282,0.0357,0.6428,0.0614
0.0617,0.0453,0.0879,0.2860,0.1299,0.6535,0.0002,0.0368,0.0149,0.0002,0.0001,0.0000,0.0003,0.0003,0.0012,0.0021,0.0022,0.0006,0.0007,0.0011,0.0046,0.0028,0.0144,0.0129,0.1639,0.0750,0.2714,0.2205
0.0806,0.8691,0.2894,0.7712,0.1199,0.0418,0.0002,0.0000,0.0002,0.0001,0.0010,0.0000,0.0000,0.0001,0.0001,0.0010,0.0019,0.0032,0.0063,0.0044,0.0383,0.0050,0.2454,0.0150,0.9779,0.0167,0.9999,0.0324
0.0876,0.0121,0.0197,0.0634,0.0119,0.0022,0.0012,0.0003,0.0001,0.0010,0.0020,0.0000,0.0001,0.0000,0.0008,0.0013,0.0033,0.0042,0.0132,0.0051,0.0094,0.0029,0.0592,0.4034,0.1290,0.8258,0.3142,0.9430
0.0122,0.1729,0.0335,0.5741,0.0098,0.0074,0.0023,0.0001,0.0000,0.0000,0.0000,0.0000,0.0001,0.0000,0.0000,0.0002,0.0005,0.0094,0.0749,0.0223,0.9762,0.0294,0.9989,0.2818,0.9997,0.0417,0.9874,0.0074
0.0497,0.0121,0.0062,0.0372,0.0088,0.0025,0.0035,0.0010,0.0003,0.0000,0.0001,0.0001,0.0010,0.0001,0.0000,0.0001,0.0016,0.0038,0.0188,0.0156,0.0220,0.3272,0.1317,0.9884,0.0212,0.9620,0.0687,0.2246
0.0200,0.0092,0.0026,0.0075,0.0031,0.0035,0.0064,0.0025,0.0003,0.0001,0.0000,0.0000,0.0001,0.0006,0.0000,0.0001,0.0020,0.0085,0.4367,0.0470,0.9995,0.5831,0.9960,0.2016,0.2491,0.0258,0.0094,0.0026
0.0092,0.0019,0.0026,0.0040,0.0035,0.0013,0.0022,0.0025,0.0012,0.0001,0.0008,0.0000,0.0000,0.0000,0.0004,0.0008,0.0003,0.2980,0.1627,0.0660,0.0887,0.9550,0.1436,0.9972,0.0058,0.6778,0.0094,0.0256
0.0325,0.0027,0.0034,0.0032,0.0032,0.0047,0.0057,0.0047,0.0021,0.0010,0.0013,0.0002,0.0001,0.0001,0.0008,0.0157,0.0008,0.0028,0.3984,0.0678,0.9588,0.3338,0.1837,0.0653,0.0040,0.0169,0.0024,0.0049
0.0097,0.0025,0.0025,0.0025,0.0034,0.0020,0.0032,0.0041,0.0022,0.0019,0.0033,0.0005,0.0016,0.0020,0.0003,0.0008,0.0155,0.3491,0.0026,0.3803,0.0039,0.9119,0.0040,0.5287,0.0022,0.1056,0.0020,0.0090
0.0077,0.0085,0.0035,0.0038,0.0041,0.0015,0.0034,0.0037,0.0006,0.0032,0.0042,0.0094,0.0038,0.0085,0.2980,0.0028,0.3491,0.0054,0.3846,0.0049,0.0026,0.0241,0.0006,0.0222,0.0028,0.0092,0.0027,0.0084
0.0057,0.0099,0.0045,0.0059,0.0027,0.0001,0.0046,0.0042,0.0007,0.0063,0.0132,0.0749,0.0188,0.4367,0.1627,0.3984,0.0026,0.3846,0.0001,0.4210,0.0000,0.0044,0.0024,0.0018,0.0024,0.0041,0.0039,0.0043
0.0168,0.0083,0.0058,0.0065,0.0055,0.0018,0.0055,0.0042,0.0011,0.0044,0.0051,0.0223,0.0156,0.0470,0.0660,0.0678,0.3803,0.0049,0.4210,0.0413,0.0007,0.0003,0.0002,0.0076,0.0004,0.0072,0.0008,0.0032
0.0092,0.0207,0.0141,0.0153,0.0095,0.0081,0.0165,0.0113,0.0046,0.0383,0.0094,0.9762,0.0220,0.9995,0.0887,0.9588,0.0039,0.0026,0.0000,0.0007,0.0067,0.0035,0.0000,0.0001,0.0000,0.0001,0.0002,0.0007
0.0234,0.0053,0.0074,0.0061,0.0061,0.0024,0.0044,0.0042,0.0028,0.0050,0.0029,0.0294,0.3272,0.5831,0.9550,0.3338,0.9119,0.0241,0.0044,0.0003,0.0035,0.0057,0.0000,0.0000,0.0001,0.0015,0.0001,0.0020
0.0283,0.7976,0.0954,0.5607,0.0558,0.0578,0.1227,0.0515,0.0144,0.2454,0.0592,0.9989,0.1317,0.9960,0.1436,0.1837,0.0040,0.0006,0.0024,0.0002,0.0000,0.0000,0.0008,0.0001,0.0000,0.0000,0.0000,0.0002
0.0224,0.0040,0.0088,0.0036,0.0080,0.0035,0.0041,0.0064,0.0129,0.0150,0.4034,0.2818,0.9884,0.2016,0.9972,0.0653,0.5287,0.0222,0.0018,0.0076,0.0001,0.0000,0.0001,0.0010,0.0000,0.0000,0.0000,0.0010
0.0091,0.3708,0.0873,0.6083,0.0449,0.6701,0.8740,0.3282,0.1639,0.9779,0.1290,0.9997,0.0212,0.2491,0.0058,0.0040,0.0022,0.0028,0.0024,0.0004,0.0000,0.0001,0.0000,0.0000,0.0002,0.0001,0.0000,0.0000
0.0717,0.0049,0.0154,0.0112,0.0086,0.0064,0.0128,0.0357,0.0750,0.0167,0.8258,0.0417,0.9620,0.0258,0.6778,0.0169,0.1056,0.0092,0.0041,0.0072,0.0001,0.0015,0.0000,0.0000,0.0001,0.0038,0.0000,0.0001
0.0298,0.8673,0.0428,0.8942,0.0396,0.2712,0.2776,0.6428,0.2714,0.9999,0.3142,0.9874,0.0687,0.0094,0.0094,0.0024,0.0020,0.0027,0.0039,0.0008,0.0002,0.0001,0.0000,0.0000,0.0000,0.0000,0.0000,0.0003
0.0382,0.0067,0.0147,0.0165,0.0156,0.0086,0.0293,0.0614,0.2205,0.0324,0.9430,0.0074,0.2246,0.0026,0.0256,0.0049,0.0090,0.0084,0.0043,0.0032,0.0007,0.0020,0.0002,0.0010,0.0000,0.0001,0.0003,0.0029