c1,c2,c3,c4,c5,c6,c7,c8,c9,c10,c11,c12,c13,c14,c15,c16,c17,c18,c19,c20,c21,c22,c23,c24,c25,c26,c27,c28
0.0062,0.0089,0.0015,0.0293,0.0440,0.0099,0.0311,0.0284,0.0108,0.0091,0.0132,0.0232,0.0055,0.0049,0.0086,0.0018,0.0076,0.0070,0.0088,0.0062,0.0035,0.0048,0.0070,0.0022,0.0019,0.0045,0.0055,0.0017
0.0089,0.0282,0.0387,0.0002,0.0061,0.0073,0.0057,0.0331,0.0111,0.0038,0.0091,0.0219,0.0293,0.0043,0.0104,0.0023,0.0124,0.0097,0.0070,0.0133,0.0075,0.0068,0.0060,0.0043,0.0019,0.0054,0.0035,0.0026
0.0015,0.0387,0.0147,0.0255,0.0012,0.0059,0.0149,0.0102,0.0136,0.0054,0.0111,0.0136,0.0072,0.0072,0.0149,0.0079,0.0092,0.0050,0.0036,0.0055,0.0049,0.0070,0.0039,0.0048,0.0027,0.0043,0.0079,0.0087
0.0293,0.0002,0.0255,0.0120,0.0118,0.0001,0.0091,0.0220,0.0193,0.0229,0.0231,0.0132,0.0042,0.0057,0.0183,0.0025,0.0085,0.0072,0.0053,0.0083,0.0064,0.0059,0.0073,0.0100,0.0035,0.0102,0.0061,0.0073
0.0440,0.0061,0.0012,0.0118,0.0404,0.0018,0.0004,0.0174,0.0144,0.0134,0.0299,0.0166,0.0031,0.0056,0.0163,0.0032,0.0065,0.0067,0.0033,0.0042,0.0043,0.0080,0.0074,0.0094,0.0048,0.0084,0.0068,0.0107
0.0099,0.0073,0.0059,0.0001,0.0018,0.0026,0.0045,0.0020,0.3260,0.5233,0.0328,0.3447,0.0275,0.0083,0.0043,0.0007,0.0029,0.0036,0.0026,0.0069,0.0057,0.0046,0.0058,0.0077,0.0023,0.0089,0.0033,0.0063
0.0311,0.0057,0.0149,0.0091,0.0004,0.0045,0.0088,0.0154,0.0007,0.0305,0.0126,0.0337,0.0271,0.0057,0.0188,0.0010,0.0069,0.0039,0.0024,0.0071,0.0063,0.0090,0.0054,0.0113,0.0036,0.0146,0.0046,0.0122
0.0284,0.0331,0.0102,0.0220,0.0174,0.0020,0.0154,0.0526,0.2808,0.0001,0.0029,0.0070,0.0024,0.0062,0.0039,0.0012,0.0046,0.0037,0.0028,0.0067,0.0041,0.0063,0.0031,0.0045,0.0042,0.0144,0.0160,0.0192
0.0108,0.0111,0.0136,0.0193,0.0144,0.3260,0.0007,0.2808,0.0053,0.0565,0.0018,0.0063,0.0042,0.0029,0.0058,0.0015,0.0030,0.0003,0.0009,0.0096,0.0105,0.0089,0.0019,0.0045,0.0041,0.0272,0.0016,0.0281
0.0091,0.0038,0.0054,0.0229,0.0134,0.5233,0.0305,0.0001,0.0565,0.0369,0.0402,0.0000,0.0008,0.0018,0.0021,0.0011,0.0039,0.0017,0.0021,0.0169,0.0084,0.0071,0.0054,0.0131,0.0175,0.0396,0.0163,0.0380
0.0132,0.0091,0.0111,0.0231,0.0299,0.0328,0.0126,0.0029,0.0018,0.0402,0.0404,0.0265,0.0000,0.0013,0.0001,0.0003,0.0032,0.0028,0.0027,0.0089,0.0057,0.0297,0.0086,0.0143,0.0228,0.0287,0.0436,0.0782
0.0232,0.0219,0.0136,0.0132,0.0166,0.3447,0.0337,0.0070,0.0063,0.0000,0.0265,0.0175,0.0013,0.0000,0.0000,0.0000,0.0004,0.0063,0.0051,0.0097,0.0107,0.0379,0.0119,0.1278,0.0164,0.2121,0.0380,0.0641
0.0055,0.0293,0.0072,0.0042,0.0031,0.0275,0.0271,0.0024,0.0042,0.0008,0.0000,0.0013,0.0050,0.0007,0.0000,0.0000,0.0002,0.0007,0.0087,0.0072,0.0075,0.0415,0.0339,0.9924,0.2183,0.6809,0.1860,0.2003
0.0049,0.0043,0.0072,0.0057,0.0056,0.0083,0.0057,0.0062,0.0029,0.0018,0.0013,0.0000,0.0007,0.0093,0.0002,0.0000,0.0002,0.0015,0.0025,0.0140,0.0220,0.0461,0.0444,0.6818,0.3222,0.1677,0.6436,0.7127
0.0086,0.0104,0.0149,0.0183,0.0163,0.0043,0.0188,0.0039,0.0058,0.0021,0.0001,0.0000,0.0000,0.0002,0.0017,0.0000,0.0006,0.0033,0.0086,0.0045,0.2481,0.2431,0.3449,0.9979,0.1709,0.0068,0.0444,0.0281
0.0018,0.0023,0.0079,0.0025,0.0032,0.0007,0.0010,0.0012,0.0015,0.0011,0.0003,0.0000,0.0000,0.0000,0.0000,0.0514,0.0005,0.0000,0.0001,0.0003,0.0310,0.6434,0.9992,0.9678,0.9989,0.4501,0.7212,0.6142
0.0076,0.0124,0.0092,0.0085,0.0065,0.0029,0.0069,0.0046,0.0030,0.0039,0.0032,0.0004,0.0002,0.0002,0.0006,0.0005,0.2346,0.2274,0.0008,0.0059,0.0064,0.0303,0.1512,0.1531,0.0489,0.0125,0.0187,0.0237
0.0070,0.0097,0.0050,0.0072,0.0067,0.0036,0.0039,0.0037,0.0003,0.0017,0.0028,0.0063,0.0007,0.0015,0.0033,0.0000,0.2274,0.0185,0.6766,0.0001,0.0250,0.1182,0.0317,0.1295,0.0787,0.0064,0.0035,0.0256
0.0088,0.0070,0.0036,0.0053,0.0033,0.0026,0.0024,0.0028,0.0009,0.0021,0.0027,0.0051,0.0087,0.0025,0.0086,0.0001,0.0008,0.6766,0.1349,0.1608,0.0023,0.0933,0.0037,0.0090,0.3447,0.0129,0.0021,0.0076
0.0062,0.0133,0.0055,0.0083,0.0042,0.0069,0.0071,0.0067,0.0096,0.0169,0.0089,0.0097,0.0072,0.0140,0.0045,0.0003,0.0059,0.0001,0.1608,0.3956,0.0864,0.0003,0.0008,0.0010,0.0178,0.0183,0.0153,0.0065
0.0035,0.0075,0.0049,0.0064,0.0043,0.0057,0.0063,0.0041,0.0105,0.0084,0.0057,0.0107,0.0075,0.0220,0.2481,0.0310,0.0064,0.0250,0.0023,0.0864,0.1343,0.0018,0.0002,0.0001,0.0087,0.0032,0.0039,0.0064
0.0048,0.0068,0.0070,0.0059,0.0080,0.0046,0.0090,0.0063,0.0089,0.0071,0.0297,0.0379,0.0415,0.0461,0.2431,0.6434,0.0303,0.1182,0.0933,0.0003,0.0018,0.0029,0.0202,0.0000,0.0002,0.0004,0.0010,0.0062
0.0070,0.0060,0.0039,0.0073,0.0074,0.0058,0.0054,0.0031,0.0019,0.0054,0.0086,0.0119,0.0339,0.0444,0.3449,0.9992,0.1512,0.0317,0.0037,0.0008,0.0002,0.0202,0.0038,0.0019,0.0000,0.0002,0.0001,0.0037
0.0022,0.0043,0.0048,0.0100,0.0094,0.0077,0.0113,0.0045,0.0045,0.0131,0.0143,0.1278,0.9924,0.6818,0.9979,0.9678,0.1531,0.1295,0.0090,0.0010,0.0001,0.0000,0.0019,0.0003,0.0001,0.0000,0.0000,0.0000
0.0019,0.0019,0.0027,0.0035,0.0048,0.0023,0.0036,0.0042,0.0041,0.0175,0.0228,0.0164,0.2183,0.3222,0.1709,0.9989,0.0489,0.0787,0.3447,0.0178,0.0087,0.0002,0.0000,0.0001,0.0007,0.0010,0.0000,0.0001
0.0045,0.0054,0.0043,0.0102,0.0084,0.0089,0.0146,0.0144,0.0272,0.0396,0.0287,0.2121,0.6809,0.1677,0.0068,0.4501,0.0125,0.0064,0.0129,0.0183,0.0032,0.0004,0.0002,0.0000,0.0010,0.0018,0.0520,0.0000
0.0055,0.0035,0.0079,0.0061,0.0068,0.0033,0.0046,0.0160,0.0016,0.0163,0.0436,0.0380,0.1860,0.6436,0.0444,0.7212,0.0187,0.0035,0.0021,0.0153,0.0039,0.0010,0.0001,0.0000,0.0000,0.0520,0.0022,0.0032
0.0017,0.0026,0.0087,0.0073,0.0107,0.0063,0.0122,0.0192,0.0281,0.0380,0.0782,0.0641,0.2003,0.7127,0.0281,0.6142,0.0237,0.0256,0.0076,0.0065,0.0064,0.0062,0.0037,0.0000,0.0001,0.0000,0.0032,0.0000
