c1,c2,c3,c4,c5,c6,c7,c8,c9,c10,c11,c12,c13,c14,c15,c16,c17,c18,c19,c20,c21,c22,c23,c24,c25,c26,c27,c28
0.0001,0.0009,0.0000,0.0104,0.0110,0.0067,0.0298,0.0160,0.0204,0.0235,0.0175,0.0191,0.0350,0.0136,0.0160,0.0101,0.0102,0.0112,0.0102,0.0101,0.0080,0.0108,0.0065,0.0047,0.0089,0.0056,0.0057,0.0032
0.0009,0.0027,0.0022,0.0000,0.0016,0.0048,0.0041,0.0254,0.0273,0.0734,0.0261,0.0201,0.0219,0.0162,0.0129,0.0107,0.0097,0.0206,0.0080,0.0121,0.0098,0.0137,0.0054,0.0052,0.0104,0.0074,0.0067,0.0036
0.0000,0.0022,0.0019,0.0126,0.0001,0.0039,0.0091,0.0121,0.0584,0.0313,0.0247,0.0225,0.0499,0.0159,0.0075,0.0103,0.0102,0.0109,0.0115,0.0084,0.0110,0.0108,0.0053,0.0064,0.0139,0.0098,0.0063,0.0058
0.0104,0.0000,0.0126,0.0141,0.0190,0.0000,0.0039,0.0062,0.0090,0.0443,0.0166,0.0256,0.0097,0.0186,0.0079,0.0088,0.0099,0.0149,0.0131,0.0077,0.0087,0.0070,0.0100,0.0063,0.0147,0.0068,0.0077,0.0080
0.0110,0.0016,0.0001,0.0190,0.0426,0.0079,0.0001,0.0189,0.0106,0.0230,0.0187,0.0308,0.0156,0.0158,0.0106,0.0080,0.0366,0.0076,0.0087,0.0061,0.0050,0.0039,0.0056,0.0041,0.0103,0.0049,0.0068,0.0109
0.0067,0.0048,0.0039,0.0000,0.0079,0.0251,0.0267,0.0005,0.0118,0.0124,0.0063,0.0370,0.0126,0.0177,0.0088,0.0106,0.0096,0.0344,0.0151,0.0054,0.0190,0.0050,0.0056,0.0031,0.0073,0.0053,0.0056,0.0068
0.0298,0.0041,0.0091,0.0039,0.0001,0.0267,0.0190,0.0084,0.0000,0.0071,0.0068,0.0087,0.0186,0.0154,0.0118,0.0078,0.0102,0.0091,0.0265,0.0089,0.0065,0.0098,0.0111,0.0053,0.0149,0.0068,0.0101,0.0135
0.0160,0.0254,0.0121,0.0062,0.0189,0.0005,0.0084,0.0157,0.0043,0.0000,0.0055,0.0106,0.0075,0.0200,0.0092,0.0098,0.0094,0.0082,0.0069,0.0115,0.0068,0.0064,0.0093,0.0078,0.0102,0.0061,0.0132,0.0100
0.0204,0.0273,0.0584,0.0090,0.0106,0.0118,0.0000,0.0043,0.0084,0.0026,0.0001,0.0064,0.0062,0.0196,0.0137,0.0186,0.0184,0.0121,0.0143,0.0071,0.0076,0.0079,0.0053,0.0081,0.0104,0.0042,0.0105,0.0092
0.0235,0.0734,0.0313,0.0443,0.0230,0.0124,0.0071,0.0000,0.0026,0.0001,0.0073,0.0000,0.0062,0.0278,0.0086,0.0162,0.0187,0.0082,0.0157,0.0075,0.0073,0.0125,0.0058,0.0046,0.0148,0.0096,0.0195,0.0227
0.0175,0.0261,0.0247,0.0166,0.0187,0.0063,0.0068,0.0055,0.0001,0.0073,0.0118,0.0062,0.0001,0.0113,0.0072,0.0070,0.0158,0.0096,0.0073,0.0040,0.0042,0.0060,0.0087,0.0105,0.0146,0.0106,0.0118,0.0189
0.0191,0.0201,0.0225,0.0256,0.0308,0.0370,0.0087,0.0106,0.0064,0.0000,0.0062,0.0048,0.0046,0.0000,0.0017,0.0056,0.0057,0.0213,0.0202,0.0130,0.0062,0.0123,0.0071,0.0099,0.0111,0.0102,0.0116,0.0151
0.0350,0.0219,0.0499,0.0097,0.0156,0.0126,0.0186,0.0075,0.0062,0.0062,0.0001,0.0046,0.0088,0.0087,0.0001,0.0057,0.0076,0.0027,0.0113,0.0076,0.0099,0.0086,0.0063,0.0131,0.0139,0.0058,0.0107,0.0147
0.0136,0.0162,0.0159,0.0186,0.0158,0.0177,0.0154,0.0200,0.0196,0.0278,0.0113,0.0000,0.0087,0.0024,0.0069,0.0000,0.0011,0.0031,0.0041,0.0097,0.0091,0.0097,0.0073,0.0074,0.0249,0.0142,0.0521,0.0202
0.0160,0.0129,0.0075,0.0079,0.0106,0.0088,0.0118,0.0092,0.0137,0.0086,0.0072,0.0017,0.0001,0.0069,0.0091,0.0078,0.0000,0.0027,0.0115,0.0072,0.0224,0.0252,0.0136,0.0113,0.0233,0.0192,0.0109,0.0369
0.0101,0.0107,0.0103,0.0088,0.0080,0.0106,0.0078,0.0098,0.0186,0.0162,0.0070,0.0056,0.0057,0.0000,0.0078,0.0060,0.0021,0.0000,0.0016,0.0061,0.0120,0.0269,0.0361,0.0376,0.0554,0.0430,0.0177,0.0130
0.0102,0.0097,0.0102,0.0099,0.0366,0.0096,0.0102,0.0094,0.0184,0.0187,0.0158,0.0057,0.0076,0.0011,0.0000,0.0021,0.0025,0.0010,0.0000,0.0051,0.0194,0.0305,0.0457,0.0829,0.0766,0.0176,0.0167,0.0072
0.0112,0.0206,0.0109,0.0149,0.0076,0.0344,0.0091,0.0082,0.0121,0.0082,0.0096,0.0213,0.0027,0.0031,0.0027,0.0000,0.0010,0.0018,0.0029,0.0001,0.0174,0.0426,0.0251,0.0915,0.0583,0.0100,0.0094,0.0076
0.0102,0.0080,0.0115,0.0131,0.0087,0.0151,0.0265,0.0069,0.0143,0.0157,0.0073,0.0202,0.0113,0.0041,0.0115,0.0016,0.0000,0.0029,0.0054,0.0088,0.0001,0.0117,0.0105,0.0190,0.0484,0.0179,0.0209,0.0113
0.0101,0.0121,0.0084,0.0077,0.0061,0.0054,0.0089,0.0115,0.0071,0.0075,0.0040,0.0130,0.0076,0.0097,0.0072,0.0061,0.0051,0.0001,0.0088,0.0224,0.0122,0.0004,0.0101,0.0121,0.0128,0.0161,0.0116,0.0148
0.0080,0.0098,0.0110,0.0087,0.0050,0.0190,0.0065,0.0068,0.0076,0.0073,0.0042,0.0062,0.0099,0.0091,0.0224,0.0120,0.0194,0.0174,0.0001,0.0122,0.0271,0.0736,0.0002,0.0033,0.0040,0.0065,0.0079,0.0084
0.0108,0.0137,0.0108,0.0070,0.0039,0.0050,0.0098,0.0064,0.0079,0.0125,0.0060,0.0123,0.0086,0.0097,0.0252,0.0269,0.0305,0.0426,0.0117,0.0004,0.0736,0.0001,0.0223,0.0001,0.0015,0.0093,0.0053,0.0158
0.0065,0.0054,0.0053,0.0100,0.0056,0.0056,0.0111,0.0093,0.0053,0.0058,0.0087,0.0071,0.0063,0.0073,0.0136,0.0361,0.0457,0.0251,0.0105,0.0101,0.0002,0.0223,0.0239,0.0037,0.0000,0.0091,0.0177,0.0093
0.0047,0.0052,0.0064,0.0063,0.0041,0.0031,0.0053,0.0078,0.0081,0.0046,0.0105,0.0099,0.0131,0.0074,0.0113,0.0376,0.0829,0.0915,0.0190,0.0121,0.0033,0.0001,0.0037,0.0364,0.0030,0.0001,0.0129,0.0156
0.0089,0.0104,0.0139,0.0147,0.0103,0.0073,0.0149,0.0102,0.0104,0.0148,0.0146,0.0111,0.0139,0.0249,0.0233,0.0554,0.0766,0.0583,0.0484,0.0128,0.0040,0.0015,0.0000,0.0030,0.0016,0.0080,0.0000,0.0019
0.0056,0.0074,0.0098,0.0068,0.0049,0.0053,0.0068,0.0061,0.0042,0.0096,0.0106,0.0102,0.0058,0.0142,0.0192,0.0430,0.0176,0.0100,0.0179,0.0161,0.0065,0.0093,0.0091,0.0001,0.0080,0.0500,0.0057,0.0001
0.0057,0.0067,0.0063,0.0077,0.0068,0.0056,0.0101,0.0132,0.0105,0.0195,0.0118,0.0116,0.0107,0.0521,0.0109,0.0177,0.0167,0.0094,0.0209,0.0116,0.0079,0.0053,0.0177,0.0129,0.0000,0.0057,0.0086,0.0002
0.0032,0.0036,0.0058,0.0080,0.0109,0.0068,0.0135,0.0100,0.0092,0.0227,0.0189,0.0151,0.0147,0.0202,0.0369,0.0130,0.0072,0.0076,0.0113,0.0148,0.0084,0.0158,0.0093,0.0156,0.0019,0.0001,0.0002,0.0025
