c1,c2,c3,c4,c5,c6,c7,c8,c9,c10,c11,c12,c13,c14,c15,c16,c17,c18,c19,c20
0.0000,0.0057,0.0001,0.0000,0.0067,0.0019,0.0665,0.0288,0.0413,0.0379,0.0214,0.0166,0.0410,0.0164,0.0222,0.0126,0.0280,0.0137,0.0077,0.0142
0.0057,0.1419,0.0263,0.0000,0.0028,0.0006,0.0035,0.0064,0.0120,0.0031,0.0092,0.0063,0.0365,0.0084,0.0474,0.0189,0.0675,0.0124,0.0094,0.0115
0.0001,0.0263,0.0402,0.0019,0.0001,0.0003,0.0024,0.0019,0.0062,0.0066,0.0087,0.0143,0.0908,0.0197,0.0529,0.0390,0.0819,0.0142,0.0127,0.0181
0.0000,0.0000,0.0019,0.0005,0.0051,0.0000,0.0002,0.0011,0.0043,0.0237,0.0581,0.0288,0.4991,0.0770,0.9291,0.2025,0.8814,0.0418,0.0489,0.0263
0.0067,0.0028,0.0001,0.0051,0.0051,0.0021,0.0000,0.0035,0.0051,0.0052,0.0180,0.0375,0.1694,0.0611,0.0656,0.0626,0.0258,0.0197,0.0049,0.0130
0.0019,0.0006,0.0003,0.0000,0.0021,0.0003,0.0048,0.0000,0.0010,0.0112,0.0505,0.0533,0.5473,0.0874,0.7840,0.1962,0.5510,0.0756,0.0307,0.0288
0.0665,0.0035,0.0024,0.0002,0.0000,0.0048,0.0026,0.0072,0.0000,0.0092,0.0069,0.0161,0.1631,0.0796,0.0533,0.1077,0.0229,0.0339,0.0099,0.0187
0.0288,0.0064,0.0019,0.0011,0.0035,0.0000,0.0072,0.0021,0.0064,0.0004,0.0143,0.0215,0.0493,0.0348,0.0452,0.0311,0.0296,0.0328,0.0277,0.0133
0.0413,0.0120,0.0062,0.0043,0.0051,0.0010,0.0000,0.0064,0.0127,0.0272,0.0001,0.0174,0.0120,0.0107,0.0455,0.0186,0.0224,0.0153,0.0100,0.0267
0.0379,0.0031,0.0066,0.0237,0.0052,0.0112,0.0092,0.0004,0.0272,0.0077,0.0088,0.0001,0.0011,0.0060,0.0020,0.0216,0.0323,0.0186,0.0138,0.0366
0.0214,0.0092,0.0087,0.0581,0.0180,0.0505,0.0069,0.0143,0.0001,0.0088,0.0285,0.0140,0.0000,0.0028,0.0012,0.0072,0.0166,0.0149,0.0075,0.0251
0.0166,0.0063,0.0143,0.0288,0.0375,0.0533,0.0161,0.0215,0.0174,0.0001,0.0140,0.0086,0.0016,0.0000,0.0007,0.0153,0.0036,0.0268,0.0114,0.0174
0.0410,0.0365,0.0908,0.4991,0.1694,0.5473,0.1631,0.0493,0.0120,0.0011,0.0000,0.0016,0.0017,0.0020,0.0000,0.0008,0.0002,0.0041,0.0109,0.0073
0.0164,0.0084,0.0197,0.0770,0.0611,0.0874,0.0796,0.0348,0.0107,0.0060,0.0028,0.0000,0.0020,0.0213,0.0005,0.0004,0.0007,0.0163,0.0061,0.0074
0.0222,0.0474,0.0529,0.9291,0.0656,0.7840,0.0533,0.0452,0.0455,0.0020,0.0012,0.0007,0.0000,0.0005,0.0138,0.0016,0.0000,0.0010,0.0116,0.0014
0.0126,0.0189,0.0390,0.2025,0.0626,0.1962,0.1077,0.0311,0.0186,0.0216,0.0072,0.0153,0.0008,0.0004,0.0016,0.0024,0.0004,0.0000,0.0006,0.0021
0.0280,0.0675,0.0819,0.8814,0.0258,0.5510,0.0229,0.0296,0.0224,0.0323,0.0166,0.0036,0.0002,0.0007,0.0000,0.0004,0.0088,0.0036,0.0000,0.0004
0.0137,0.0124,0.0142,0.0418,0.0197,0.0756,0.0339,0.0328,0.0153,0.0186,0.0149,0.0268,0.0041,0.0163,0.0010,0.0000,0.0036,0.0032,0.0112,0.0000
0.0077,0.0094,0.0127,0.0489,0.0049,0.0307,0.0099,0.0277,0.0100,0.0138,0.0075,0.0114,0.0109,0.0061,0.0116,0.0006,0.0000,0.0112,0.0061,0.0057
0.0142,0.0115,0.0181,0.0263,0.0130,0.0288,0.0187,0.0133,0.0267,0.0366,0.0251,0.0174,0.0073,0.0074,0.0014,0.0021,0.0004,0.0000,0.0057,0.0049