c1,c2,c3,c4,c5,c6,c7,c8,c9,c10,c11,c12,c13,c14,c15,c16,c17,c18,c19,c20
0.0016,0.0121,0.0017,0.0116,0.0601,0.0059,0.0109,0.0093,0.0156,0.0101,0.0105,0.0117,0.0057,0.0035,0.0025,0.0034,0.0069,0.0102,0.0072,0.0048
0.0121,0.1123,0.1774,0.0010,0.0656,0.0216,0.0071,0.0058,0.0019,0.0035,0.0043,0.0025,0.0022,0.0034,0.0058,0.0025,0.0028,0.0074,0.0078,0.0048
0.0017,0.1774,0.0024,0.0914,0.0027,0.0863,0.0641,0.0058,0.0068,0.0016,0.0069,0.0040,0.0028,0.0032,0.0040,0.0069,0.0058,0.0044,0.0046,0.0016
0.0116,0.0010,0.0914,0.0462,0.0081,0.0009,0.0338,0.0684,0.0069,0.0090,0.0031,0.0047,0.0069,0.0063,0.0051,0.0041,0.0054,0.0035,0.0032,0.0024
0.0601,0.0656,0.0027,0.0081,0.0037,0.0037,0.0028,0.0368,0.1296,0.0064,0.0106,0.0020,0.0066,0.0028,0.0044,0.0021,0.0032,0.0041,0.0028,0.0070
0.0059,0.0216,0.0863,0.0009,0.0037,0.0105,0.0025,0.0008,0.0209,0.0661,0.0096,0.0098,0.0079,0.0133,0.0066,0.0045,0.0034,0.0065,0.0044,0.0034
0.0109,0.0071,0.0641,0.0338,0.0028,0.0025,0.0077,0.0055,0.0005,0.0161,0.0709,0.0065,0.0203,0.0068,0.0042,0.0042,0.0022,0.0035,0.0042,0.0066
0.0093,0.0058,0.0058,0.0684,0.0368,0.0008,0.0055,0.0090,0.0050,0.0020,0.0282,0.0478,0.0087,0.0293,0.0023,0.0042,0.0037,0.0030,0.0024,0.0037
0.0156,0.0019,0.0068,0.0069,0.1296,0.0209,0.0005,0.0050,0.0145,0.0034,0.0015,0.0406,0.1139,0.0086,0.0121,0.0038,0.0034,0.0026,0.0024,0.0031
0.0101,0.0035,0.0016,0.0090,0.0064,0.0661,0.0161,0.0020,0.0034,0.0031,0.0028,0.0023,0.0484,0.1780,0.0080,0.0130,0.0024,0.0048,0.0046,0.0038
0.0105,0.0043,0.0069,0.0031,0.0106,0.0096,0.0709,0.0282,0.0015,0.0028,0.0068,0.0061,0.0007,0.0208,0.0409,0.0074,0.0089,0.0045,0.0029,0.0060
0.0117,0.0025,0.0040,0.0047,0.0020,0.0098,0.0065,0.0478,0.0406,0.0023,0.0061,0.0050,0.0016,0.0019,0.0151,0.0545,0.0061,0.0382,0.0047,0.0039
0.0057,0.0022,0.0028,0.0069,0.0066,0.0079,0.0203,0.0087,0.1139,0.0484,0.0007,0.0016,0.0051,0.0006,0.0025,0.0188,0.0403,0.0066,0.0158,0.0113
0.0035,0.0034,0.0032,0.0063,0.0028,0.0133,0.0068,0.0293,0.0086,0.1780,0.0208,0.0019,0.0006,0.0002,0.0061,0.0008,0.0492,0.1152,0.0103,0.0168
0.0025,0.0058,0.0040,0.0051,0.0044,0.0066,0.0042,0.0023,0.0121,0.0080,0.0409,0.0151,0.0025,0.0061,0.0087,0.0190,0.0029,0.0055,0.0376,0.0147
0.0034,0.0025,0.0069,0.0041,0.0021,0.0045,0.0042,0.0042,0.0038,0.0130,0.0074,0.0545,0.0188,0.0008,0.0190,0.0092,0.0158,0.0007,0.0252,0.1425
0.0069,0.0028,0.0058,0.0054,0.0032,0.0034,0.0022,0.0037,0.0034,0.0024,0.0089,0.0061,0.0403,0.0492,0.0029,0.0158,0.0460,0.0171,0.0014,0.0410
0.0102,0.0074,0.0044,0.0035,0.0041,0.0065,0.0035,0.0030,0.0026,0.0048,0.0045,0.0382,0.0066,0.1152,0.0055,0.0007,0.0171,0.0155,0.0210,0.0079
0.0072,0.0078,0.0046,0.0032,0.0028,0.0044,0.0042,0.0024,0.0024,0.0046,0.0029,0.0047,0.0158,0.0103,0.0376,0.0252,0.0014,0.0210,0.0360,0.0388
0.0048,0.0048,0.0016,0.0024,0.0070,0.0034,0.0066,0.0037,0.0031,0.0038,0.0060,0.0039,0.0113,0.0168,0.0147,0.1425,0.0410,0.0079,0.0388,0.0014
