c1,c2,c3,c4,c5,c6,c7,c8,c9,c10,c11,c12,c13,c14,c15,c16,c17,c18,c19,c20,c21,c22,c23,c24,c25,c26,c27,c28
0.0003,0.0002,0.0010,0.0002,0.0195,0.0015,0.0248,0.0063,0.0121,0.0055,0.0132,0.0041,0.0642,0.0215,0.1168,0.1527,0.0109,0.0195,0.0345,0.0153,0.0036,0.0054,0.0049,0.0017,0.0089,0.0049,0.0086,0.0188
0.0002,0.0015,0.0088,0.0000,0.0004,0.0002,0.0024,0.0063,0.0095,0.0041,0.0054,0.0848,0.0646,0.9999,0.0103,0.2058,0.0045,0.0082,0.0333,0.0063,0.0091,0.0035,0.0179,0.0016,0.0305,0.0018,0.0096,0.0035
0.0010,0.0088,0.0423,0.0002,0.0004,0.0001,0.0026,0.0014,0.0111,0.0033,0.9695,0.0125,0.8393,0.0127,0.0146,0.0090,0.0038,0.0053,0.0090,0.0068,0.0022,0.0048,0.0059,0.0038,0.0047,0.0080,0.0032,0.0154
0.0002,0.0000,0.0002,0.0002,0.0034,0.0000,0.0007,0.0021,0.0056,0.0187,0.0130,1.0000,0.0134,0.9391,0.0081,0.0143,0.0048,0.0067,0.0233,0.0076,0.0161,0.0034,0.1606,0.0044,0.1028,0.0028,0.0071,0.0019
0.0195,0.0004,0.0004,0.0034,0.0097,0.0010,0.0002,0.0061,0.1664,0.0067,0.9902,0.0231,0.0171,0.0031,0.0070,0.0035,0.0039,0.0071,0.0091,0.0081,0.0025,0.0037,0.0062,0.0034,0.0035,0.0057,0.0046,0.0479
0.0015,0.0002,0.0001,0.0000,0.0010,0.0022,0.0373,0.2366,0.0159,0.9650,0.0288,0.9803,0.0046,0.0197,0.0013,0.0038,0.0008,0.0020,0.0039,0.0052,0.0088,0.0018,0.0516,0.0016,0.0974,0.0014,0.0284,0.0036
0.0248,0.0024,0.0026,0.0007,0.0002,0.0373,0.0388,0.0617,0.0009,0.0064,0.0015,0.0075,0.0052,0.0088,0.0035,0.0065,0.0048,0.0042,0.0147,0.0101,0.0090,0.0036,0.0278,0.0038,0.0613,0.0049,0.0371,0.0482
0.0063,0.0063,0.0014,0.0021,0.0061,0.2366,0.0617,0.0125,0.1412,0.0107,0.0002,0.0025,0.0005,0.0020,0.0011,0.0096,0.0024,0.0021,0.0070,0.0048,0.0029,0.0015,0.0091,0.0012,0.0641,0.0058,0.6288,0.0774
0.0121,0.0095,0.0111,0.0056,0.1664,0.0159,0.0009,0.1412,0.0014,0.0044,0.0000,0.0000,0.0002,0.0001,0.0028,0.0089,0.0068,0.0037,0.0009,0.0038,0.0049,0.0016,0.0172,0.0060,0.1324,0.1787,0.9546,0.8393
0.0055,0.0041,0.0033,0.0187,0.0067,0.9650,0.0064,0.0107,0.0044,0.0009,0.0002,0.0000,0.0000,0.0001,0.0003,0.0053,0.0023,0.0015,0.0082,0.0030,0.0035,0.0012,0.0714,0.0047,0.9988,0.1517,0.9973,0.0206
0.0132,0.0054,0.9695,0.0130,0.9902,0.0288,0.0015,0.0002,0.0000,0.0002,0.0017,0.0000,0.0000,0.0000,0.0004,0.0011,0.0027,0.0021,0.0034,0.0014,0.0006,0.0008,0.0050,0.0444,0.0299,1.0000,0.0423,0.9015
0.0041,0.0848,0.0125,1.0000,0.0231,0.9803,0.0075,0.0025,0.0000,0.0000,0.0000,0.0002,0.0001,0.0000,0.0000,0.0000,0.0002,0.0017,0.0032,0.0020,0.0726,0.0019,1.0000,0.0431,0.9997,0.0779,0.0351,0.0026
0.0642,0.0646,0.8393,0.0134,0.0171,0.0046,0.0052,0.0005,0.0002,0.0000,0.0000,0.0001,0.0028,0.0000,0.0001,0.0001,0.0017,0.0021,0.0120,0.0087,0.0030,0.0240,0.0428,1.0000,0.0165,0.8349,0.0034,0.0625
0.0215,0.9999,0.0127,0.9391,0.0031,0.0197,0.0088,0.0020,0.0001,0.0001,0.0000,0.0000,0.0000,0.0000,0.0001,0.0000,0.0000,0.0001,0.0156,0.0130,1.0000,0.0300,1.0000,0.1026,0.0574,0.0026,0.0012,0.0010
0.1168,0.0103,0.0146,0.0081,0.0070,0.0013,0.0035,0.0011,0.0028,0.0003,0.0004,0.0000,0.0001,0.0001,0.0010,0.0009,0.0002,0.0023,0.0210,0.0256,0.1791,0.9999,0.0891,0.9928,0.0052,0.0647,0.0011,0.0021
0.1527,0.2058,0.0090,0.0143,0.0035,0.0038,0.0065,0.0096,0.0089,0.0053,0.0011,0.0000,0.0001,0.0000,0.0009,0.0083,0.0008,0.0010,0.6180,0.0373,1.0000,0.2503,0.0242,0.0026,0.0013,0.0007,0.0011,0.0017
0.0109,0.0045,0.0038,0.0048,0.0039,0.0008,0.0048,0.0024,0.0068,0.0023,0.0027,0.0002,0.0017,0.0000,0.0002,0.0008,0.0076,0.7165,0.0034,0.7496,0.0063,0.9999,0.0145,0.1682,0.0026,0.0043,0.0015,0.0021
0.0195,0.0082,0.0053,0.0067,0.0071,0.0020,0.0042,0.0021,0.0037,0.0015,0.0021,0.0017,0.0021,0.0001,0.0023,0.0010,0.7165,0.2060,0.5526,0.0163,0.0013,0.1598,0.0027,0.0103,0.0036,0.0053,0.0053,0.0087
0.0345,0.0333,0.0090,0.0233,0.0091,0.0039,0.0147,0.0070,0.0009,0.0082,0.0034,0.0032,0.0120,0.0156,0.0210,0.6180,0.0034,0.5526,0.0032,0.3216,0.0000,0.0001,0.0001,0.0009,0.0027,0.0042,0.0092,0.0042
0.0153,0.0063,0.0068,0.0076,0.0081,0.0052,0.0101,0.0048,0.0038,0.0030,0.0014,0.0020,0.0087,0.0130,0.0256,0.0373,0.7496,0.0163,0.3216,0.0275,0.0002,0.0001,0.0002,0.0026,0.0018,0.0124,0.0129,0.0121
0.0036,0.0091,0.0022,0.0161,0.0025,0.0088,0.0090,0.0029,0.0049,0.0035,0.0006,0.0726,0.0030,1.0000,0.1791,1.0000,0.0063,0.0013,0.0000,0.0002,0.0027,0.0009,0.0000,0.0000,0.0010,0.0002,0.0037,0.0013
0.0054,0.0035,0.0048,0.0034,0.0037,0.0018,0.0036,0.0015,0.0016,0.0012,0.0008,0.0019,0.0240,0.0300,0.9999,0.2503,0.9999,0.1598,0.0001,0.0001,0.0009,0.0111,0.0000,0.0003,0.0003,0.0024,0.0009,0.0056
0.0049,0.0179,0.0059,0.1606,0.0062,0.0516,0.0278,0.0091,0.0172,0.0714,0.0050,1.0000,0.0428,1.0000,0.0891,0.0242,0.0145,0.0027,0.0001,0.0002,0.0000,0.0000,0.0020,0.0007,0.0000,0.0000,0.0000,0.0005
0.0017,0.0016,0.0038,0.0044,0.0034,0.0016,0.0038,0.0012,0.0060,0.0047,0.0444,0.0431,1.0000,0.1026,0.9928,0.0026,0.1682,0.0103,0.0009,0.0026,0.0000,0.0003,0.0007,0.0173,0.0002,0.0001,0.0003,0.0017
0.0089,0.0305,0.0047,0.1028,0.0035,0.0974,0.0613,0.0641,0.1324,0.9988,0.0299,0.9997,0.0165,0.0574,0.0052,0.0013,0.0026,0.0036,0.0027,0.0018,0.0010,0.0003,0.0000,0.0002,0.0002,0.0005,0.0000,0.0001
0.0049,0.0018,0.0080,0.0028,0.0057,0.0014,0.0049,0.0058,0.1787,0.1517,1.0000,0.0779,0.8349,0.0026,0.0647,0.0007,0.0043,0.0053,0.0042,0.0124,0.0002,0.0024,0.0000,0.0001,0.0005,0.0029,0.0005,0.0002
0.0086,0.0096,0.0032,0.0071,0.0046,0.0284,0.0371,0.6288,0.9546,0.9973,0.0423,0.0351,0.0034,0.0012,0.0011,0.0011,0.0015,0.0053,0.0092,0.0129,0.0037,0.0009,0.0000,0.0003,0.0000,0.0005,0.0125,0.0017
0.0188,0.0035,0.0154,0.0019,0.0479,0.0036,0.0482,0.0774,0.8393,0.0206,0.9015,0.0026,0.0625,0.0010,0.0021,0.0017,0.0021,0.0087,0.0042,0.0121,0.0013,0.0056,0.0005,0.0017,0.0001,0.0002,0.0017,0.0086