c1,c2,c3,c4,c5,c6,c7,c8,c9,c10,c11,c12,c13,c14,c15,c16,c17,c18,c19,c20,c21,c22,c23,c24,c25,c26,c27,c28
0.0006,0.0058,0.0001,0.0059,0.0073,0.0332,0.0139,0.0288,0.0147,0.0153,0.0083,0.0066,0.0078,0.0095,0.0084,0.0081,0.0074,0.0069,0.0058,0.0061,0.0079,0.0092,0.0102,0.0101,0.0092,0.0091,0.0078,0.0082
0.0058,0.0469,0.0291,0.0002,0.0072,0.0148,0.0049,0.0127,0.0153,0.0087,0.0082,0.0100,0.0085,0.0086,0.0069,0.0069,0.0059,0.0055,0.0043,0.0046,0.0057,0.0071,0.0090,0.0052,0.0075,0.0071,0.0053,0.0057
0.0001,0.0291,0.0446,0.0215,0.0000,0.0098,0.0139,0.0071,0.0168,0.0170,0.0164,0.0194,0.0119,0.0089,0.0091,0.0086,0.0072,0.0057,0.0049,0.0078,0.0075,0.0160,0.0089,0.0059,0.0089,0.0067,0.0044,0.0042
0.0059,0.0002,0.0215,0.0652,0.0023,0.0002,0.0050,0.0046,0.0038,0.0117,0.0237,0.0764,0.0129,0.0122,0.0110,0.0101,0.0075,0.0082,0.0066,0.0113,0.0068,0.0106,0.0113,0.0061,0.0090,0.0060,0.0061,0.0032
0.0073,0.0072,0.0000,0.0023,0.0081,0.0207,0.0001,0.0073,0.0173,0.0111,0.0349,0.0693,0.0340,0.0195,0.0122,0.0197,0.0144,0.0058,0.0074,0.0085,0.0059,0.0082,0.0057,0.0050,0.0076,0.0070,0.0085,0.0032
0.0332,0.0148,0.0098,0.0002,0.0207,0.1207,0.0062,0.0003,0.0015,0.0049,0.0092,0.0180,0.0140,0.0099,0.0071,0.0089,0.0119,0.0067,0.0052,0.0067,0.0064,0.0085,0.0102,0.0060,0.0066,0.0052,0.0072,0.0057
0.0139,0.0049,0.0139,0.0050,0.0001,0.0062,0.0234,0.0160,0.0004,0.0289,0.0199,0.0104,0.0437,0.0382,0.0175,0.0172,0.0161,0.0084,0.0061,0.0047,0.0045,0.0070,0.0043,0.0037,0.0041,0.0047,0.0035,0.0031
0.0288,0.0127,0.0071,0.0046,0.0073,0.0003,0.0160,0.0039,0.0202,0.0008,0.0294,0.0099,0.0040,0.0146,0.0045,0.0081,0.0069,0.0126,0.0068,0.0085,0.0132,0.0077,0.0068,0.0069,0.0082,0.0073,0.0067,0.0049
0.0147,0.0153,0.0168,0.0038,0.0173,0.0015,0.0004,0.0202,0.1394,0.0248,0.0001,0.0035,0.0172,0.0122,0.0142,0.0381,0.0154,0.0103,0.0046,0.0061,0.0064,0.0069,0.0051,0.0041,0.0044,0.0049,0.0044,0.0039
0.0153,0.0087,0.0170,0.0117,0.0111,0.0049,0.0289,0.0008,0.0248,0.0298,0.0064,0.0001,0.0051,0.0312,0.0115,0.0245,0.0210,0.0127,0.0049,0.0051,0.0046,0.0059,0.0035,0.0035,0.0033,0.0056,0.0047,0.0039
0.0083,0.0082,0.0164,0.0237,0.0349,0.0092,0.0199,0.0294,0.0001,0.0064,0.0367,0.0029,0.0002,0.0168,0.0394,0.0104,0.0347,0.0322,0.0064,0.0085,0.0050,0.0049,0.0027,0.0026,0.0031,0.0034,0.0031,0.0034
0.0066,0.0100,0.0194,0.0764,0.0693,0.0180,0.0104,0.0099,0.0035,0.0001,0.0029,0.0034,0.0143,0.0005,0.0124,0.0147,0.0091,0.0143,0.0201,0.0165,0.0061,0.0066,0.0030,0.0051,0.0042,0.0039,0.0043,0.0044
0.0078,0.0085,0.0119,0.0129,0.0340,0.0140,0.0437,0.0040,0.0172,0.0051,0.0002,0.0143,0.0864,0.0437,0.0001,0.0116,0.0100,0.0034,0.0149,0.0084,0.0077,0.0046,0.0053,0.0050,0.0027,0.0042,0.0039,0.0038
0.0095,0.0086,0.0089,0.0122,0.0195,0.0099,0.0382,0.0146,0.0122,0.0312,0.0168,0.0005,0.0437,0.0000,0.0165,0.0006,0.0227,0.0136,0.0051,0.0133,0.0104,0.0040,0.0104,0.0051,0.0033,0.0054,0.0036,0.0044
0.0084,0.0069,0.0091,0.0110,0.0122,0.0071,0.0175,0.0045,0.0142,0.0115,0.0394,0.0124,0.0001,0.0165,0.0123,0.0136,0.0008,0.0074,0.0098,0.0068,0.0131,0.0058,0.0076,0.0056,0.0052,0.0055,0.0047,0.0051
0.0081,0.0069,0.0086,0.0101,0.0197,0.0089,0.0172,0.0081,0.0381,0.0245,0.0104,0.0147,0.0116,0.0006,0.0136,0.0399,0.0222,0.0000,0.0024,0.0154,0.0041,0.0054,0.0053,0.0062,0.0035,0.0055,0.0052,0.0041
0.0074,0.0059,0.0072,0.0075,0.0144,0.0119,0.0161,0.0069,0.0154,0.0210,0.0347,0.0091,0.0100,0.0227,0.0008,0.0222,0.0323,0.0035,0.0003,0.0029,0.0096,0.0029,0.0063,0.0053,0.0035,0.0068,0.0049,0.0039
0.0069,0.0055,0.0057,0.0082,0.0058,0.0067,0.0084,0.0126,0.0103,0.0127,0.0322,0.0143,0.0034,0.0136,0.0074,0.0000,0.0035,0.0189,0.0155,0.0003,0.0144,0.0123,0.0094,0.0153,0.0106,0.0173,0.0113,0.0072
0.0058,0.0043,0.0049,0.0066,0.0074,0.0052,0.0061,0.0068,0.0046,0.0049,0.0064,0.0201,0.0149,0.0051,0.0098,0.0024,0.0003,0.0155,0.0365,0.0476,0.0007,0.0102,0.0299,0.0074,0.0120,0.0130,0.0088,0.0068
0.0061,0.0046,0.0078,0.0113,0.0085,0.0067,0.0047,0.0085,0.0061,0.0051,0.0085,0.0165,0.0084,0.0133,0.0068,0.0154,0.0029,0.0003,0.0476,0.0110,0.0128,0.0001,0.0087,0.0207,0.0081,0.0115,0.0101,0.0205
0.0079,0.0057,0.0075,0.0068,0.0059,0.0064,0.0045,0.0132,0.0064,0.0046,0.0050,0.0061,0.0077,0.0104,0.0131,0.0041,0.0096,0.0144,0.0007,0.0128,0.0440,0.0035,0.0002,0.0092,0.0211,0.0118,0.0246,0.0182
0.0092,0.0071,0.0160,0.0106,0.0082,0.0085,0.0070,0.0077,0.0069,0.0059,0.0049,0.0066,0.0046,0.0040,0.0058,0.0054,0.0029,0.0123,0.0102,0.0001,0.0035,0.0341,0.0120,0.0005,0.0163,0.0320,0.0278,0.0477
0.0102,0.0090,0.0089,0.0113,0.0057,0.0102,0.0043,0.0068,0.0051,0.0035,0.0027,0.0030,0.0053,0.0104,0.0076,0.0053,0.0063,0.0094,0.0299,0.0087,0.0002,0.0120,0.0228,0.0161,0.0009,0.0178,0.0214,0.0303
0.0101,0.0052,0.0059,0.0061,0.0050,0.0060,0.0037,0.0069,0.0041,0.0035,0.0026,0.0051,0.0050,0.0051,0.0056,0.0062,0.0053,0.0153,0.0074,0.0207,0.0092,0.0005,0.0161,0.0705,0.0421,0.0006,0.0194,0.0826
0.0092,0.0075,0.0089,0.0090,0.0076,0.0066,0.0041,0.0082,0.0044,0.0033,0.0031,0.0042,0.0027,0.0033,0.0052,0.0035,0.0035,0.0106,0.0120,0.0081,0.0211,0.0163,0.0009,0.0421,0.0988,0.0396,0.0002,0.0671
0.0091,0.0071,0.0067,0.0060,0.0070,0.0052,0.0047,0.0073,0.0049,0.0056,0.0034,0.0039,0.0042,0.0054,0.0055,0.0055,0.0068,0.0173,0.0130,0.0115,0.0118,0.0320,0.0178,0.0006,0.0396,0.0956,0.0190,0.0002
0.0078,0.0053,0.0044,0.0061,0.0085,0.0072,0.0035,0.0067,0.0044,0.0047,0.0031,0.0043,0.0039,0.0036,0.0047,0.0052,0.0049,0.0113,0.0088,0.0101,0.0246,0.0278,0.0214,0.0194,0.0002,0.0190,0.0352,0.0272
0.0082,0.0057,0.0042,0.0032,0.0032,0.0057,0.0031,0.0049,0.0039,0.0039,0.0034,0.0044,0.0038,0.0044,0.0051,0.0041,0.0039,0.0072,0.0068,0.0205,0.0182,0.0477,0.0303,0.0826,0.0671,0.0002,0.0272,0.0182