c1,c2,c3,c4,c5,c6,c7,c8,c9,c10,c11,c12,c13,c14,c15,c16,c17,c18,c19,c20
0.0002,0.0200,0.0011,0.0241,0.0712,0.0449,0.0125,0.0146,0.0276,0.0052,0.0103,0.0106,0.0079,0.0019,0.0018,0.0031,0.0070,0.0085,0.0033,0.0063
0.0200,0.5790,0.1297,0.0011,0.2741,0.0395,0.0024,0.0019,0.0015,0.0015,0.0027,0.0031,0.0029,0.0018,0.0029,0.0020,0.0050,0.0085,0.0040,0.0040
0.0011,0.1297,0.0230,0.0292,0.0005,0.0929,0.1730,0.0059,0.0105,0.0028,0.0022,0.0057,0.0099,0.0025,0.0040,0.0055,0.0040,0.0025,0.0024,0.0036
0.0241,0.0011,0.0292,0.0377,0.0298,0.0010,0.0146,0.0479,0.0116,0.0144,0.0030,0.0083,0.0048,0.0034,0.0034,0.0065,0.0090,0.0029,0.0015,0.0029
0.0712,0.2741,0.0005,0.0298,0.0035,0.0149,0.0007,0.0214,0.0725,0.0063,0.0044,0.0015,0.0090,0.0048,0.0055,0.0017,0.0094,0.0052,0.0012,0.0046
0.0449,0.0395,0.0929,0.0010,0.0149,0.0082,0.0027,0.0003,0.0064,0.0721,0.0041,0.0082,0.0076,0.0074,0.0059,0.0039,0.0078,0.0050,0.0031,0.0021
0.0125,0.0024,0.1730,0.0146,0.0007,0.0027,0.0089,0.0045,0.0015,0.0303,0.1138,0.0131,0.0267,0.0034,0.0064,0.0035,0.0029,0.0015,0.0037,0.0068
0.0146,0.0019,0.0059,0.0479,0.0214,0.0003,0.0045,0.0132,0.0029,0.0027,0.0360,0.0733,0.0117,0.0181,0.0064,0.0040,0.0076,0.0023,0.0028,0.0050
0.0276,0.0015,0.0105,0.0116,0.0725,0.0064,0.0015,0.0029,0.0100,0.0076,0.0022,0.0412,0.0869,0.0053,0.0212,0.0032,0.0049,0.0032,0.0019,0.0014
0.0052,0.0015,0.0028,0.0144,0.0063,0.0721,0.0303,0.0027,0.0076,0.0066,0.0077,0.0022,0.0656,0.0696,0.0077,0.0073,0.0037,0.0037,0.0011,0.0024
0.0103,0.0027,0.0022,0.0030,0.0044,0.0041,0.1138,0.0360,0.0022,0.0077,0.0038,0.0046,0.0014,0.0645,0.1583,0.0066,0.0070,0.0037,0.0021,0.0042
0.0106,0.0031,0.0057,0.0083,0.0015,0.0082,0.0131,0.0733,0.0412,0.0022,0.0046,0.0085,0.0011,0.0056,0.0276,0.0381,0.0019,0.0117,0.0034,0.0030
0.0079,0.0029,0.0099,0.0048,0.0090,0.0076,0.0267,0.0117,0.0869,0.0656,0.0014,0.0011,0.0031,0.0016,0.0004,0.0102,0.0218,0.0078,0.0168,0.0095
0.0019,0.0018,0.0025,0.0034,0.0048,0.0074,0.0034,0.0181,0.0053,0.0696,0.0645,0.0056,0.0016,0.0031,0.0018,0.0016,0.0439,0.1400,0.0094,0.0127
0.0018,0.0029,0.0040,0.0034,0.0055,0.0059,0.0064,0.0064,0.0212,0.0077,0.1583,0.0276,0.0004,0.0018,0.0090,0.0044,0.0006,0.0331,0.1678,0.0134
0.0031,0.0020,0.0055,0.0065,0.0017,0.0039,0.0035,0.0040,0.0032,0.0073,0.0066,0.0381,0.0102,0.0016,0.0044,0.0048,0.0177,0.0029,0.0851,0.3690
0.0070,0.0050,0.0040,0.0090,0.0094,0.0078,0.0029,0.0076,0.0049,0.0037,0.0070,0.0019,0.0218,0.0439,0.0006,0.0177,0.0217,0.0123,0.0032,0.0244
0.0085,0.0085,0.0025,0.0029,0.0052,0.0050,0.0015,0.0023,0.0032,0.0037,0.0037,0.0117,0.0078,0.1400,0.0331,0.0029,0.0123,0.0870,0.0191,0.0018
0.0033,0.0040,0.0024,0.0015,0.0012,0.0031,0.0037,0.0028,0.0019,0.0011,0.0021,0.0034,0.0168,0.0094,0.1678,0.0851,0.0032,0.0191,0.3094,0.0492
0.0063,0.0040,0.0036,0.0029,0.0046,0.0021,0.0068,0.0050,0.0014,0.0024,0.0042,0.0030,0.0095,0.0127,0.0134,0.3690,0.0244,0.0018,0.0492,0.0147
