c1,c2,c3,c4,c5,c6,c7,c8,c9,c10,c11,c12,c13,c14,c15,c16,c17,c18,c19,c20
0.0001,0.0295,0.0005,0.0158,0.1029,0.0363,0.0187,0.0074,0.0282,0.0011,0.0101,0.0245,0.0072,0.0023,0.0048,0.0037,0.0079,0.0098,0.0037,0.0111
0.0295,0.4722,0.1477,0.0014,0.1141,0.0280,0.0022,0.0018,0.0015,0.0010,0.0026,0.0023,0.0016,0.0020,0.0035,0.0040,0.0065,0.0095,0.0061,0.0086
0.0005,0.1477,0.0212,0.0374,0.0005,0.1082,0.1206,0.0065,0.0225,0.0023,0.0031,0.0040,0.0106,0.0021,0.0023,0.0063,0.0076,0.0026,0.0020,0.0039
0.0158,0.0014,0.0374,0.0882,0.0738,0.0016,0.0143,0.0479,0.0192,0.0097,0.0022,0.0076,0.0040,0.0020,0.0017,0.0048,0.0068,0.0020,0.0015,0.0036
0.1029,0.1141,0.0005,0.0738,0.0099,0.0132,0.0003,0.0191,0.1581,0.0057,0.0034,0.0019,0.0052,0.0032,0.0035,0.0038,0.0065,0.0053,0.0009,0.0051
0.0363,0.0280,0.1082,0.0016,0.0132,0.0081,0.0017,0.0005,0.0112,0.2083,0.0044,0.0099,0.0079,0.0048,0.0049,0.0046,0.0048,0.0035,0.0019,0.0019
0.0187,0.0022,0.1206,0.0143,0.0003,0.0017,0.0052,0.0050,0.0024,0.1724,0.0827,0.0277,0.0363,0.0035,0.0087,0.0026,0.0011,0.0013,0.0026,0.0073
0.0074,0.0018,0.0065,0.0479,0.0191,0.0005,0.0050,0.0170,0.0046,0.0052,0.0386,0.1880,0.0167,0.0122,0.0119,0.0039,0.0019,0.0017,0.0015,0.0033
0.0282,0.0015,0.0225,0.0192,0.1581,0.0112,0.0024,0.0046,0.0176,0.0256,0.0008,0.0180,0.0940,0.0024,0.0154,0.0030,0.0022,0.0020,0.0008,0.0010
0.0011,0.0010,0.0023,0.0097,0.0057,0.2083,0.1724,0.0052,0.0256,0.0000,0.0343,0.0204,0.2872,0.1159,0.0049,0.0165,0.0021,0.0034,0.0003,0.0010
0.0101,0.0026,0.0031,0.0022,0.0034,0.0044,0.0827,0.0386,0.0008,0.0343,0.0145,0.0060,0.0020,0.0528,0.1927,0.0069,0.0050,0.0024,0.0012,0.0020
0.0245,0.0023,0.0040,0.0076,0.0019,0.0099,0.0277,0.1880,0.0180,0.0204,0.0060,0.0090,0.0013,0.0032,0.0294,0.0228,0.0010,0.0045,0.0016,0.0014
0.0072,0.0016,0.0106,0.0040,0.0052,0.0079,0.0363,0.0167,0.0940,0.2872,0.0020,0.0013,0.0086,0.0028,0.0003,0.0066,0.0156,0.0036,0.0073,0.0042
0.0023,0.0020,0.0021,0.0020,0.0032,0.0048,0.0035,0.0122,0.0024,0.1159,0.0528,0.0032,0.0028,0.0035,0.0020,0.0078,0.0477,0.1431,0.0114,0.0121
0.0048,0.0035,0.0023,0.0017,0.0035,0.0049,0.0087,0.0119,0.0154,0.0049,0.1927,0.0294,0.0003,0.0020,0.0016,0.0091,0.0023,0.0230,0.1039,0.0300
0.0037,0.0040,0.0063,0.0048,0.0038,0.0046,0.0026,0.0039,0.0030,0.0165,0.0069,0.0228,0.0066,0.0078,0.0091,0.0128,0.0088,0.0013,0.0272,0.0917
0.0079,0.0065,0.0076,0.0068,0.0065,0.0048,0.0011,0.0019,0.0022,0.0021,0.0050,0.0010,0.0156,0.0477,0.0023,0.0088,0.0417,0.0290,0.0159,0.0869
0.0098,0.0095,0.0026,0.0020,0.0053,0.0035,0.0013,0.0017,0.0020,0.0034,0.0024,0.0045,0.0036,0.1431,0.0230,0.0013,0.0290,0.0877,0.1765,0.0080
0.0037,0.0061,0.0020,0.0015,0.0009,0.0019,0.0026,0.0015,0.0008,0.0003,0.0012,0.0016,0.0073,0.0114,0.1039,0.0272,0.0159,0.1765,0.8078,0.1172
0.0111,0.0086,0.0039,0.0036,0.0051,0.0019,0.0073,0.0033,0.0010,0.0010,0.0020,0.0014,0.0042,0.0121,0.0300,0.0917,0.0869,0.0080,0.1172,0.0082
