c1,c2,c3,c4,c5,c6,c7,c8,c9,c10,c11,c12,c13,c14,c15,c16,c17,c18,c19,c20
0.0006,0.0449,0.0020,0.0314,0.1382,0.0213,0.0141,0.0073,0.0169,0.0021,0.0068,0.0086,0.0076,0.0026,0.0012,0.0023,0.0067,0.0095,0.0071,0.0035
0.0449,0.5354,0.1234,0.0008,0.3198,0.0486,0.0042,0.0019,0.0016,0.0011,0.0025,0.0023,0.0032,0.0020,0.0027,0.0016,0.0049,0.0065,0.0049,0.0024
0.0020,0.1234,0.0198,0.0273,0.0006,0.1074,0.1891,0.0056,0.0128,0.0025,0.0024,0.0049,0.0092,0.0037,0.0045,0.0034,0.0031,0.0022,0.0034,0.0020
0.0314,0.0008,0.0273,0.0250,0.0225,0.0009,0.0163,0.0950,0.0121,0.0149,0.0037,0.0064,0.0052,0.0048,0.0024,0.0059,0.0084,0.0022,0.0022,0.0028
0.1382,0.3198,0.0006,0.0225,0.0037,0.0115,0.0003,0.0166,0.0788,0.0089,0.0048,0.0015,0.0094,0.0054,0.0052,0.0020,0.0056,0.0049,0.0020,0.0033
0.0213,0.0486,0.1074,0.0009,0.0115,0.0041,0.0013,0.0003,0.0130,0.2712,0.0048,0.0065,0.0079,0.0092,0.0062,0.0050,0.0044,0.0044,0.0041,0.0018
0.0141,0.0042,0.1891,0.0163,0.0003,0.0013,0.0028,0.0044,0.0018,0.1523,0.0658,0.0115,0.0284,0.0043,0.0072,0.0048,0.0016,0.0020,0.0034,0.0088
0.0073,0.0019,0.0056,0.0950,0.0166,0.0003,0.0044,0.0113,0.0060,0.0065,0.0233,0.0602,0.0120,0.0222,0.0075,0.0042,0.0056,0.0024,0.0022,0.0035
0.0169,0.0016,0.0128,0.0121,0.0788,0.0130,0.0018,0.0060,0.0124,0.0173,0.0009,0.0185,0.0902,0.0040,0.0106,0.0034,0.0060,0.0024,0.0018,0.0019
0.0021,0.0011,0.0025,0.0149,0.0089,0.2712,0.1523,0.0065,0.0173,0.0000,0.0132,0.0065,0.1044,0.0903,0.0034,0.0109,0.0030,0.0045,0.0012,0.0025
0.0068,0.0025,0.0024,0.0037,0.0048,0.0048,0.0658,0.0233,0.0009,0.0132,0.0053,0.0030,0.0008,0.0760,0.1235,0.0101,0.0137,0.0063,0.0030,0.0047
0.0086,0.0023,0.0049,0.0064,0.0015,0.0065,0.0115,0.0602,0.0185,0.0065,0.0030,0.0050,0.0007,0.0035,0.0423,0.0722,0.0046,0.0137,0.0050,0.0057
0.0076,0.0032,0.0092,0.0052,0.0094,0.0079,0.0284,0.0120,0.0902,0.1044,0.0008,0.0007,0.0033,0.0018,0.0007,0.0126,0.0285,0.0049,0.0134,0.0066
0.0026,0.0020,0.0037,0.0048,0.0054,0.0092,0.0043,0.0222,0.0040,0.0903,0.0760,0.0035,0.0018,0.0033,0.0018,0.0017,0.0249,0.0916,0.0087,0.0055
0.0012,0.0027,0.0045,0.0024,0.0052,0.0062,0.0072,0.0075,0.0106,0.0034,0.1235,0.0423,0.0007,0.0018,0.0041,0.0052,0.0024,0.0323,0.1908,0.0180
0.0023,0.0016,0.0034,0.0059,0.0020,0.0050,0.0048,0.0042,0.0034,0.0109,0.0101,0.0722,0.0126,0.0017,0.0052,0.0040,0.0182,0.0024,0.0252,0.3430
0.0067,0.0049,0.0031,0.0084,0.0056,0.0044,0.0016,0.0056,0.0060,0.0030,0.0137,0.0046,0.0285,0.0249,0.0024,0.0182,0.0179,0.0137,0.0018,0.0377
0.0095,0.0065,0.0022,0.0022,0.0049,0.0044,0.0020,0.0024,0.0024,0.0045,0.0063,0.0137,0.0049,0.0916,0.0323,0.0024,0.0137,0.0801,0.0203,0.0044
0.0071,0.0049,0.0034,0.0022,0.0020,0.0041,0.0034,0.0022,0.0018,0.0012,0.0030,0.0050,0.0134,0.0087,0.1908,0.0252,0.0018,0.0203,0.0764,0.0936
0.0035,0.0024,0.0020,0.0028,0.0033,0.0018,0.0088,0.0035,0.0019,0.0025,0.0047,0.0057,0.0066,0.0055,0.0180,0.3430,0.0377,0.0044,0.0936,0.0188
