c1,c2,c3,c4,c5,c6,c7,c8,c9,c10,c11,c12,c13,c14,c15,c16,c17,c18,c19,c20
0.0004,0.0094,0.0013,0.0215,0.0482,0.0167,0.0110,0.0107,0.0165,0.0051,0.0112,0.0186,0.0076,0.0029,0.0026,0.0038,0.0109,0.0085,0.0046,0.0059
0.0094,0.3206,0.0923,0.0021,0.1757,0.0288,0.0028,0.0032,0.0016,0.0031,0.0036,0.0030,0.0031,0.0022,0.0029,0.0024,0.0070,0.0067,0.0047,0.0044
0.0013,0.0923,0.0230,0.0234,0.0003,0.0746,0.0412,0.0072,0.0125,0.0059,0.0028,0.0058,0.0123,0.0040,0.0045,0.0047,0.0081,0.0033,0.0028,0.0027
0.0215,0.0021,0.0234,0.0288,0.0221,0.0004,0.0090,0.0209,0.0033,0.0191,0.0037,0.0086,0.0096,0.0058,0.0041,0.0050,0.0149,0.0051,0.0025,0.0049
0.0482,0.1757,0.0003,0.0221,0.0027,0.0048,0.0003,0.0189,0.0492,0.0228,0.0043,0.0024,0.0105,0.0075,0.0112,0.0041,0.0127,0.0064,0.0015,0.0042
0.0167,0.0288,0.0746,0.0004,0.0048,0.0084,0.0018,0.0002,0.0047,0.3537,0.0070,0.0082,0.0113,0.0107,0.0104,0.0109,0.0078,0.0063,0.0029,0.0021
0.0110,0.0028,0.0412,0.0090,0.0003,0.0018,0.0055,0.0062,0.0010,0.0530,0.0638,0.0116,0.0367,0.0092,0.0180,0.0078,0.0031,0.0031,0.0040,0.0061
0.0107,0.0032,0.0072,0.0209,0.0189,0.0002,0.0062,0.0138,0.0041,0.0022,0.0218,0.0299,0.0072,0.0180,0.0098,0.0095,0.0101,0.0063,0.0028,0.0061
0.0165,0.0016,0.0125,0.0033,0.0492,0.0047,0.0010,0.0041,0.0122,0.0200,0.0020,0.0195,0.0613,0.0084,0.0144,0.0060,0.0087,0.0045,0.0018,0.0033
0.0051,0.0031,0.0059,0.0191,0.0228,0.3537,0.0530,0.0022,0.0200,0.0000,0.0422,0.0057,0.0578,0.1432,0.0104,0.0115,0.0069,0.0126,0.0010,0.0024
0.0112,0.0036,0.0028,0.0037,0.0043,0.0070,0.0638,0.0218,0.0020,0.0422,0.0195,0.0065,0.0004,0.0330,0.0477,0.0034,0.0078,0.0029,0.0022,0.0052
0.0186,0.0030,0.0058,0.0086,0.0024,0.0082,0.0116,0.0299,0.0195,0.0057,0.0065,0.0100,0.0014,0.0017,0.0365,0.0552,0.0034,0.0088,0.0021,0.0025
0.0076,0.0031,0.0123,0.0096,0.0105,0.0113,0.0367,0.0072,0.0613,0.0578,0.0004,0.0014,0.0054,0.0022,0.0005,0.0110,0.0340,0.0064,0.0106,0.0040
0.0029,0.0022,0.0040,0.0058,0.0075,0.0107,0.0092,0.0180,0.0084,0.1432,0.0330,0.0017,0.0022,0.0028,0.0038,0.0011,0.0165,0.0476,0.0046,0.0078
0.0026,0.0029,0.0045,0.0041,0.0112,0.0104,0.0180,0.0098,0.0144,0.0104,0.0477,0.0365,0.0005,0.0038,0.0117,0.0037,0.0004,0.0090,0.0645,0.0075
0.0038,0.0024,0.0047,0.0050,0.0041,0.0109,0.0078,0.0095,0.0060,0.0115,0.0034,0.0552,0.0110,0.0011,0.0037,0.0166,0.0051,0.0009,0.0281,0.1040
0.0109,0.0070,0.0081,0.0149,0.0127,0.0078,0.0031,0.0101,0.0087,0.0069,0.0078,0.0034,0.0340,0.0165,0.0004,0.0051,0.0117,0.0065,0.0023,0.0128
0.0085,0.0067,0.0033,0.0051,0.0064,0.0063,0.0031,0.0063,0.0045,0.0126,0.0029,0.0088,0.0064,0.0476,0.0090,0.0009,0.0065,0.0418,0.0360,0.0037
0.0046,0.0047,0.0028,0.0025,0.0015,0.0029,0.0040,0.0028,0.0018,0.0010,0.0022,0.0021,0.0106,0.0046,0.0645,0.0281,0.0023,0.0360,0.5396,0.1688
0.0059,0.0044,0.0027,0.0049,0.0042,0.0021,0.0061,0.0061,0.0033,0.0024,0.0052,0.0025,0.0040,0.0078,0.0075,0.1040,0.0128,0.0037,0.1688,0.0382
