c1,c2,c3,c4,c5,c6,c7,c8,c9,c10,c11,c12,c13,c14,c15,c16,c17,c18,c19,c20
0.0012,0.0422,0.0035,0.0490,0.0621,0.0341,0.0156,0.0057,0.0115,0.0081,0.0117,0.0060,0.0074,0.0030,0.0016,0.0016,0.0049,0.0050,0.0023,0.0029
0.0422,0.2812,0.1238,0.0014,0.2741,0.0266,0.0034,0.0021,0.0017,0.0017,0.0035,0.0025,0.0036,0.0022,0.0037,0.0016,0.0045,0.0064,0.0039,0.0038
0.0035,0.1238,0.0203,0.0314,0.0008,0.0779,0.0769,0.0065,0.0095,0.0022,0.0031,0.0055,0.0086,0.0032,0.0052,0.0025,0.0038,0.0026,0.0027,0.0029
0.0490,0.0014,0.0314,0.0225,0.0237,0.0009,0.0118,0.0352,0.0124,0.0211,0.0064,0.0061,0.0058,0.0035,0.0040,0.0040,0.0070,0.0025,0.0016,0.0025
0.0621,0.2741,0.0008,0.0237,0.0060,0.0238,0.0005,0.0119,0.0488,0.0042,0.0089,0.0028,0.0072,0.0048,0.0057,0.0015,0.0046,0.0048,0.0019,0.0041
0.0341,0.0266,0.0779,0.0009,0.0238,0.0120,0.0038,0.0005,0.0229,0.0467,0.0051,0.0068,0.0059,0.0057,0.0056,0.0040,0.0030,0.0045,0.0024,0.0029
0.0156,0.0034,0.0769,0.0118,0.0005,0.0038,0.0080,0.0075,0.0035,0.0379,0.0435,0.0088,0.0259,0.0046,0.0056,0.0064,0.0022,0.0020,0.0028,0.0067
0.0057,0.0021,0.0065,0.0352,0.0119,0.0005,0.0075,0.0091,0.0097,0.0073,0.0234,0.0952,0.0097,0.0191,0.0052,0.0058,0.0042,0.0024,0.0021,0.0048
0.0115,0.0017,0.0095,0.0124,0.0488,0.0229,0.0035,0.0097,0.0068,0.0551,0.0010,0.0165,0.0595,0.0042,0.0083,0.0025,0.0034,0.0031,0.0020,0.0018
0.0081,0.0017,0.0022,0.0211,0.0042,0.0467,0.0379,0.0073,0.0551,0.0056,0.0063,0.0009,0.0132,0.0118,0.0031,0.0120,0.0019,0.0070,0.0032,0.0066
0.0117,0.0035,0.0031,0.0064,0.0089,0.0051,0.0435,0.0234,0.0010,0.0063,0.0050,0.0032,0.0010,0.0468,0.0773,0.0097,0.0089,0.0067,0.0034,0.0037
0.0060,0.0025,0.0055,0.0061,0.0028,0.0068,0.0088,0.0952,0.0165,0.0009,0.0032,0.0097,0.0021,0.0055,0.0350,0.0423,0.0032,0.0148,0.0059,0.0059
0.0074,0.0036,0.0086,0.0058,0.0072,0.0059,0.0259,0.0097,0.0595,0.0132,0.0010,0.0021,0.0026,0.0023,0.0009,0.0236,0.0318,0.0051,0.0140,0.0152
0.0030,0.0022,0.0032,0.0035,0.0048,0.0057,0.0046,0.0191,0.0042,0.0118,0.0468,0.0055,0.0023,0.0055,0.0033,0.0022,0.0268,0.1919,0.0072,0.0115
0.0016,0.0037,0.0052,0.0040,0.0057,0.0056,0.0056,0.0052,0.0083,0.0031,0.0773,0.0350,0.0009,0.0033,0.0056,0.0139,0.0037,0.0191,0.0683,0.0117
0.0016,0.0016,0.0025,0.0040,0.0015,0.0040,0.0064,0.0058,0.0025,0.0120,0.0097,0.0423,0.0236,0.0022,0.0139,0.0149,0.0374,0.0018,0.0289,0.0678
0.0049,0.0045,0.0038,0.0070,0.0046,0.0030,0.0022,0.0042,0.0034,0.0019,0.0089,0.0032,0.0318,0.0268,0.0037,0.0374,0.0793,0.0101,0.0035,0.0220
0.0050,0.0064,0.0026,0.0025,0.0048,0.0045,0.0020,0.0024,0.0031,0.0070,0.0067,0.0148,0.0051,0.1919,0.0191,0.0018,0.0101,0.0526,0.0225,0.0048
0.0023,0.0039,0.0027,0.0016,0.0019,0.0024,0.0028,0.0021,0.0020,0.0032,0.0034,0.0059,0.0140,0.0072,0.0683,0.0289,0.0035,0.0225,0.2856,0.1117
0.0029,0.0038,0.0029,0.0025,0.0041,0.0029,0.0067,0.0048,0.0018,0.0066,0.0037,0.0059,0.0152,0.0115,0.0117,0.0678,0.0220,0.0048,0.1117,0.0074
