c1,c2,c3,c4,c5,c6,c7,c8,c9,c10,c11,c12,c13,c14,c15,c16,c17,c18,c19,c20
0.0003,0.0263,0.0011,0.0198,0.0813,0.0175,0.0131,0.0114,0.0209,0.0027,0.0108,0.0130,0.0066,0.0025,0.0037,0.0021,0.0065,0.0111,0.0090,0.0040
0.0263,0.4878,0.1549,0.0022,0.2021,0.0381,0.0037,0.0023,0.0013,0.0013,0.0027,0.0025,0.0022,0.0018,0.0038,0.0015,0.0039,0.0073,0.0062,0.0032
0.0011,0.1549,0.0176,0.0668,0.0004,0.0851,0.1633,0.0133,0.0150,0.0018,0.0026,0.0046,0.0061,0.0037,0.0064,0.0025,0.0041,0.0021,0.0023,0.0023
0.0198,0.0022,0.0668,0.0344,0.0323,0.0008,0.0116,0.0513,0.0114,0.0123,0.0016,0.0053,0.0032,0.0044,0.0038,0.0040,0.0088,0.0031,0.0023,0.0038
0.0813,0.2021,0.0004,0.0323,0.0055,0.0080,0.0003,0.0257,0.0929,0.0086,0.0041,0.0016,0.0052,0.0049,0.0126,0.0030,0.0059,0.0064,0.0015,0.0037
0.0175,0.0381,0.0851,0.0008,0.0080,0.0063,0.0023,0.0005,0.0155,0.3228,0.0096,0.0094,0.0046,0.0068,0.0066,0.0022,0.0037,0.0045,0.0032,0.0023
0.0131,0.0037,0.1633,0.0116,0.0003,0.0023,0.0058,0.0069,0.0018,0.1364,0.1180,0.0076,0.0195,0.0050,0.0062,0.0028,0.0015,0.0017,0.0022,0.0131
0.0114,0.0023,0.0133,0.0513,0.0257,0.0005,0.0069,0.0114,0.0041,0.0032,0.0304,0.0388,0.0087,0.0159,0.0043,0.0037,0.0040,0.0027,0.0021,0.0068
0.0209,0.0013,0.0150,0.0114,0.0929,0.0155,0.0018,0.0041,0.0089,0.0301,0.0015,0.0236,0.0645,0.0053,0.0081,0.0018,0.0041,0.0023,0.0019,0.0023
0.0027,0.0013,0.0018,0.0123,0.0086,0.3228,0.1364,0.0032,0.0301,0.0000,0.0430,0.0188,0.1215,0.1347,0.0074,0.0062,0.0023,0.0035,0.0013,0.0013
0.0108,0.0027,0.0026,0.0016,0.0041,0.0096,0.1180,0.0304,0.0015,0.0430,0.0143,0.0042,0.0011,0.0663,0.0660,0.0028,0.0086,0.0024,0.0015,0.0031
0.0130,0.0025,0.0046,0.0053,0.0016,0.0094,0.0076,0.0388,0.0236,0.0188,0.0042,0.0107,0.0008,0.0035,0.0104,0.0660,0.0040,0.0102,0.0047,0.0039
0.0066,0.0022,0.0061,0.0032,0.0052,0.0046,0.0195,0.0087,0.0645,0.1215,0.0011,0.0008,0.0028,0.0031,0.0024,0.0296,0.0305,0.0095,0.0096,0.0073
0.0025,0.0018,0.0037,0.0044,0.0049,0.0068,0.0050,0.0159,0.0053,0.1347,0.0663,0.0035,0.0031,0.0037,0.0021,0.0021,0.0255,0.0679,0.0055,0.0058
0.0037,0.0038,0.0064,0.0038,0.0126,0.0066,0.0062,0.0043,0.0081,0.0074,0.0660,0.0104,0.0024,0.0021,0.0038,0.0027,0.0009,0.0110,0.2119,0.0246
0.0021,0.0015,0.0025,0.0040,0.0030,0.0022,0.0028,0.0037,0.0018,0.0062,0.0028,0.0660,0.0296,0.0021,0.0027,0.0035,0.0472,0.0048,0.1219,0.5704
0.0065,0.0039,0.0041,0.0088,0.0059,0.0037,0.0015,0.0040,0.0041,0.0023,0.0086,0.0040,0.0305,0.0255,0.0009,0.0472,0.0456,0.0526,0.0020,0.0156
0.0111,0.0073,0.0021,0.0031,0.0064,0.0045,0.0017,0.0027,0.0023,0.0035,0.0024,0.0102,0.0095,0.0679,0.0110,0.0048,0.0526,0.0933,0.0173,0.0023
0.0090,0.0062,0.0023,0.0023,0.0015,0.0032,0.0022,0.0021,0.0019,0.0013,0.0015,0.0047,0.0096,0.0055,0.2119,0.1219,0.0020,0.0173,0.1429,0.0803
0.0040,0.0032,0.0023,0.0038,0.0037,0.0023,0.0131,0.0068,0.0023,0.0013,0.0031,0.0039,0.0073,0.0058,0.0246,0.5704,0.0156,0.0023,0.0803,0.0082
