c1,c2,c3,c4,c5,c6,c7,c8,c9,c10,c11,c12,c13,c14,c15,c16,c17,c18,c19,c20,c21,c22,c23,c24,c25,c26,c27,c28
0.0125,0.0613,0.0010,0.0299,0.0288,0.0126,0.0108,0.0109,0.0091,0.0065,0.0077,0.0087,0.0063,0.0061,0.0048,0.0047,0.0055,0.0083,0.0055,0.0043,0.0044,0.0045,0.0094,0.0070,0.0066,0.0028,0.0026,0.0030
0.0613,0.2376,0.0785,0.0045,0.0224,0.0148,0.0050,0.0094,0.0066,0.0088,0.0049,0.0066,0.0058,0.0074,0.0065,0.0050,0.0063,0.0056,0.0031,0.0039,0.0039,0.0036,0.0034,0.0021,0.0034,0.0024,0.0025,0.0028
0.0010,0.0785,0.1516,0.1607,0.0009,0.0085,0.0127,0.0046,0.0083,0.0124,0.0079,0.0117,0.0098,0.0116,0.0069,0.0069,0.0087,0.0059,0.0047,0.0053,0.0042,0.0037,0.0048,0.0020,0.0031,0.0027,0.0026,0.0027
0.0299,0.0045,0.1607,0.0645,0.0142,0.0137,0.0078,0.0054,0.0045,0.0120,0.0084,0.0119,0.0076,0.0094,0.0076,0.0085,0.0091,0.0055,0.0033,0.0045,0.0042,0.0036,0.0034,0.0016,0.0025,0.0025,0.0024,0.0025
0.0288,0.0224,0.0009,0.0142,0.0065,0.0675,0.0061,0.0262,0.0161,0.0243,0.0384,0.0398,0.0229,0.0388,0.0227,0.0200,0.0212,0.0094,0.0032,0.0024,0.0015,0.0013,0.0011,0.0007,0.0012,0.0014,0.0009,0.0012
0.0126,0.0148,0.0085,0.0137,0.0675,0.0254,0.0189,0.0089,0.0052,0.0027,0.0057,0.0091,0.0104,0.0165,0.0117,0.0084,0.0157,0.0086,0.0042,0.0056,0.0036,0.0022,0.0026,0.0016,0.0031,0.0029,0.0036,0.0026
0.0108,0.0050,0.0127,0.0078,0.0061,0.0189,0.0670,0.0424,0.0119,0.0180,0.0224,0.0096,0.0089,0.0196,0.0125,0.0146,0.0100,0.0092,0.0034,0.0046,0.0025,0.0021,0.0015,0.0013,0.0017,0.0025,0.0017,0.0025
0.0109,0.0094,0.0046,0.0054,0.0262,0.0089,0.0424,0.0162,0.0124,0.0067,0.0158,0.0064,0.0083,0.0188,0.0168,0.0173,0.0140,0.0061,0.0048,0.0067,0.0036,0.0019,0.0023,0.0013,0.0029,0.0032,0.0036,0.0024
0.0091,0.0066,0.0083,0.0045,0.0161,0.0052,0.0119,0.0124,0.0317,0.0325,0.0130,0.0133,0.0100,0.0127,0.0189,0.0246,0.0300,0.0104,0.0036,0.0055,0.0029,0.0023,0.0021,0.0013,0.0019,0.0024,0.0019,0.0024
0.0065,0.0088,0.0124,0.0120,0.0243,0.0027,0.0180,0.0067,0.0325,0.0978,0.0314,0.0059,0.0126,0.0088,0.0115,0.0271,0.0217,0.0083,0.0041,0.0054,0.0026,0.0019,0.0019,0.0011,0.0016,0.0022,0.0016,0.0019
0.0077,0.0049,0.0079,0.0084,0.0384,0.0057,0.0224,0.0158,0.0130,0.0314,0.0230,0.0175,0.0039,0.0087,0.0268,0.0203,0.0695,0.0025,0.0043,0.0069,0.0032,0.0025,0.0018,0.0015,0.0018,0.0020,0.0015,0.0018
0.0087,0.0066,0.0117,0.0119,0.0398,0.0091,0.0096,0.0064,0.0133,0.0059,0.0175,0.0185,0.0833,0.0019,0.0284,0.0368,0.0130,0.0020,0.0065,0.0088,0.0049,0.0029,0.0031,0.0013,0.0020,0.0017,0.0017,0.0017
0.0063,0.0058,0.0098,0.0076,0.0229,0.0104,0.0089,0.0083,0.0100,0.0126,0.0039,0.0833,0.0204,0.0654,0.0052,0.0585,0.0192,0.0030,0.0063,0.0083,0.0054,0.0028,0.0020,0.0011,0.0018,0.0020,0.0013,0.0016
0.0061,0.0074,0.0116,0.0094,0.0388,0.0165,0.0196,0.0188,0.0127,0.0088,0.0087,0.0019,0.0654,0.0232,0.0243,0.0013,0.0175,0.0041,0.0032,0.0139,0.0063,0.0042,0.0033,0.0012,0.0022,0.0020,0.0022,0.0019
0.0048,0.0065,0.0069,0.0076,0.0227,0.0117,0.0125,0.0168,0.0189,0.0115,0.0268,0.0284,0.0052,0.0243,0.0419,0.0623,0.0027,0.0056,0.0068,0.0054,0.0043,0.0035,0.0020,0.0014,0.0012,0.0018,0.0014,0.0018
0.0047,0.0050,0.0069,0.0085,0.0200,0.0084,0.0146,0.0173,0.0246,0.0271,0.0203,0.0368,0.0585,0.0013,0.0623,0.0532,0.0076,0.0005,0.0032,0.0093,0.0027,0.0030,0.0024,0.0013,0.0026,0.0022,0.0020,0.0025
0.0055,0.0063,0.0087,0.0091,0.0212,0.0157,0.0100,0.0140,0.0300,0.0217,0.0695,0.0130,0.0192,0.0175,0.0027,0.0076,0.0582,0.0536,0.0001,0.0050,0.0035,0.0018,0.0019,0.0015,0.0029,0.0034,0.0018,0.0026
0.0083,0.0056,0.0059,0.0055,0.0094,0.0086,0.0092,0.0061,0.0104,0.0083,0.0025,0.0020,0.0030,0.0041,0.0056,0.0005,0.0536,0.0364,0.1394,0.0012,0.0236,0.0099,0.0043,0.0036,0.0083,0.0075,0.0140,0.0054
0.0055,0.0031,0.0047,0.0033,0.0032,0.0042,0.0034,0.0048,0.0036,0.0041,0.0043,0.0065,0.0063,0.0032,0.0068,0.0032,0.0001,0.1394,0.2138,0.0533,0.0089,0.0640,0.0156,0.0043,0.0089,0.0126,0.0106,0.0073
0.0043,0.0039,0.0053,0.0045,0.0024,0.0056,0.0046,0.0067,0.0055,0.0054,0.0069,0.0088,0.0083,0.0139,0.0054,0.0093,0.0050,0.0012,0.0533,0.0329,0.0487,0.0023,0.0147,0.0085,0.0051,0.0074,0.0118,0.0061
0.0044,0.0039,0.0042,0.0042,0.0015,0.0036,0.0025,0.0036,0.0029,0.0026,0.0032,0.0049,0.0054,0.0063,0.0043,0.0027,0.0035,0.0236,0.0089,0.0487,0.1218,0.0361,0.0012,0.0284,0.0130,0.0162,0.0270,0.0259
0.0045,0.0036,0.0037,0.0036,0.0013,0.0022,0.0021,0.0019,0.0023,0.0019,0.0025,0.0029,0.0028,0.0042,0.0035,0.0030,0.0018,0.0099,0.0640,0.0023,0.0361,0.0625,0.0896,0.0182,0.0550,0.0390,0.0455,0.0611
0.0094,0.0034,0.0048,0.0034,0.0011,0.0026,0.0015,0.0023,0.0021,0.0019,0.0018,0.0031,0.0020,0.0033,0.0020,0.0024,0.0019,0.0043,0.0156,0.0147,0.0012,0.0896,0.1794,0.2867,0.0079,0.3164,0.0377,0.0829
0.0070,0.0021,0.0020,0.0016,0.0007,0.0016,0.0013,0.0013,0.0013,0.0011,0.0015,0.0013,0.0011,0.0012,0.0014,0.0013,0.0015,0.0036,0.0043,0.0085,0.0284,0.0182,0.2867,0.1138,0.3610,0.1822,0.8239,0.3146
0.0066,0.0034,0.0031,0.0025,0.0012,0.0031,0.0017,0.0029,0.0019,0.0016,0.0018,0.0020,0.0018,0.0022,0.0012,0.0026,0.0029,0.0083,0.0089,0.0051,0.0130,0.0550,0.0079,0.3610,0.2484,0.2981,0.0057,0.4165
0.0028,0.0024,0.0027,0.0025,0.0014,0.0029,0.0025,0.0032,0.0024,0.0022,0.0020,0.0017,0.0020,0.0020,0.0018,0.0022,0.0034,0.0075,0.0126,0.0074,0.0162,0.0390,0.3164,0.1822,0.2981,0.0426,0.1129,0.0055
0.0026,0.0025,0.0026,0.0024,0.0009,0.0036,0.0017,0.0036,0.0019,0.0016,0.0015,0.0017,0.0013,0.0022,0.0014,0.0020,0.0018,0.0140,0.0106,0.0118,0.0270,0.0455,0.0377,0.8239,0.0057,0.1129,0.0323,0.4554
0.0030,0.0028,0.0027,0.0025,0.0012,0.0026,0.0025,0.0024,0.0024,0.0019,0.0018,0.0017,0.0016,0.0019,0.0018,0.0025,0.0026,0.0054,0.0073,0.0061,0.0259,0.0611,0.0829,0.3146,0.4165,0.0055,0.4554,0.0286