c1,c2,c3,c4,c5,c6,c7,c8,c9,c10,c11,c12,c13,c14,c15,c16,c17,c18,c19,c20,c21,c22,c23,c24,c25,c26,c27,c28
0.0141,0.1155,0.0014,0.0325,0.0218,0.0127,0.0085,0.0103,0.0069,0.0050,0.0046,0.0067,0.0038,0.0060,0.0051,0.0044,0.0058,0.0095,0.0068,0.0054,0.0053,0.0050,0.0098,0.0087,0.0063,0.0033,0.0023,0.0032
0.1155,0.3884,0.1096,0.0061,0.0294,0.0131,0.0035,0.0076,0.0047,0.0066,0.0031,0.0047,0.0036,0.0053,0.0058,0.0044,0.0052,0.0050,0.0034,0.0048,0.0046,0.0043,0.0040,0.0025,0.0033,0.0030,0.0021,0.0033
0.0014,0.1096,0.1698,0.1942,0.0011,0.0109,0.0115,0.0041,0.0072,0.0105,0.0056,0.0076,0.0071,0.0077,0.0069,0.0059,0.0078,0.0055,0.0053,0.0066,0.0050,0.0053,0.0038,0.0026,0.0035,0.0028,0.0020,0.0030
0.0325,0.0061,0.1942,0.1022,0.0151,0.0257,0.0090,0.0050,0.0039,0.0100,0.0063,0.0089,0.0057,0.0066,0.0066,0.0072,0.0072,0.0048,0.0037,0.0051,0.0041,0.0039,0.0031,0.0020,0.0027,0.0024,0.0018,0.0027
0.0218,0.0294,0.0011,0.0151,0.0053,0.0781,0.0106,0.0306,0.0182,0.0199,0.0291,0.0445,0.0202,0.0474,0.0228,0.0195,0.0232,0.0085,0.0034,0.0022,0.0014,0.0012,0.0011,0.0007,0.0011,0.0011,0.0008,0.0011
0.0127,0.0131,0.0109,0.0257,0.0781,0.0274,0.0189,0.0083,0.0041,0.0024,0.0039,0.0089,0.0096,0.0173,0.0101,0.0061,0.0123,0.0078,0.0046,0.0060,0.0037,0.0027,0.0028,0.0018,0.0034,0.0028,0.0029,0.0032
0.0085,0.0035,0.0115,0.0090,0.0106,0.0189,0.0500,0.0370,0.0133,0.0190,0.0215,0.0130,0.0128,0.0325,0.0207,0.0205,0.0097,0.0079,0.0027,0.0036,0.0021,0.0019,0.0015,0.0012,0.0015,0.0021,0.0014,0.0020
0.0103,0.0076,0.0041,0.0050,0.0306,0.0083,0.0370,0.0136,0.0105,0.0062,0.0118,0.0054,0.0114,0.0287,0.0170,0.0157,0.0132,0.0055,0.0052,0.0067,0.0038,0.0026,0.0026,0.0014,0.0034,0.0030,0.0036,0.0027
0.0069,0.0047,0.0072,0.0039,0.0182,0.0041,0.0133,0.0105,0.0287,0.0243,0.0170,0.0178,0.0140,0.0253,0.0325,0.0467,0.0382,0.0084,0.0030,0.0043,0.0026,0.0022,0.0019,0.0012,0.0018,0.0018,0.0016,0.0020
0.0050,0.0066,0.0105,0.0100,0.0199,0.0024,0.0190,0.0062,0.0243,0.0928,0.0261,0.0070,0.0300,0.0180,0.0108,0.0274,0.0322,0.0075,0.0039,0.0048,0.0023,0.0020,0.0021,0.0011,0.0018,0.0019,0.0016,0.0017
0.0046,0.0031,0.0056,0.0063,0.0291,0.0039,0.0215,0.0118,0.0170,0.0261,0.0310,0.0268,0.0478,0.0279,0.0496,0.0374,0.0806,0.0017,0.0031,0.0042,0.0022,0.0018,0.0019,0.0011,0.0015,0.0014,0.0012,0.0013
0.0067,0.0047,0.0076,0.0089,0.0445,0.0089,0.0130,0.0054,0.0178,0.0070,0.0268,0.0318,0.1886,0.0041,0.0406,0.0283,0.0280,0.0011,0.0065,0.0061,0.0032,0.0026,0.0023,0.0011,0.0017,0.0014,0.0012,0.0014
0.0038,0.0036,0.0071,0.0057,0.0202,0.0096,0.0128,0.0114,0.0140,0.0300,0.0478,0.1886,0.0192,0.0918,0.0368,0.0308,0.0174,0.0024,0.0040,0.0037,0.0028,0.0022,0.0016,0.0008,0.0011,0.0011,0.0007,0.0011
0.0060,0.0053,0.0077,0.0066,0.0474,0.0173,0.0325,0.0287,0.0253,0.0180,0.0279,0.0041,0.0918,0.0371,0.0208,0.0012,0.0173,0.0016,0.0022,0.0072,0.0036,0.0031,0.0029,0.0013,0.0018,0.0018,0.0013,0.0014
0.0051,0.0058,0.0069,0.0066,0.0228,0.0101,0.0207,0.0170,0.0325,0.0108,0.0496,0.0406,0.0368,0.0208,0.0193,0.0215,0.0006,0.0033,0.0033,0.0029,0.0033,0.0037,0.0033,0.0015,0.0023,0.0022,0.0019,0.0022
0.0044,0.0044,0.0059,0.0072,0.0195,0.0061,0.0205,0.0157,0.0467,0.0274,0.0374,0.0283,0.0308,0.0012,0.0215,0.0803,0.0151,0.0020,0.0026,0.0042,0.0023,0.0033,0.0031,0.0016,0.0028,0.0018,0.0016,0.0023
0.0058,0.0052,0.0078,0.0072,0.0232,0.0123,0.0097,0.0132,0.0382,0.0322,0.0806,0.0280,0.0174,0.0173,0.0006,0.0151,0.0918,0.1160,0.0001,0.0030,0.0026,0.0017,0.0025,0.0017,0.0039,0.0025,0.0016,0.0021
0.0095,0.0050,0.0055,0.0048,0.0085,0.0078,0.0079,0.0055,0.0084,0.0075,0.0017,0.0011,0.0024,0.0016,0.0033,0.0020,0.1160,0.0452,0.2083,0.0025,0.0172,0.0127,0.0062,0.0041,0.0074,0.0098,0.0101,0.0043
0.0068,0.0034,0.0053,0.0037,0.0034,0.0046,0.0027,0.0052,0.0030,0.0039,0.0031,0.0065,0.0040,0.0022,0.0033,0.0026,0.0001,0.2083,0.3959,0.0915,0.0092,0.0787,0.0246,0.0046,0.0095,0.0105,0.0099,0.0055
0.0054,0.0048,0.0066,0.0051,0.0022,0.0060,0.0036,0.0067,0.0043,0.0048,0.0042,0.0061,0.0037,0.0072,0.0029,0.0042,0.0030,0.0025,0.0915,0.0527,0.0825,0.0021,0.0263,0.0127,0.0065,0.0090,0.0192,0.0054
0.0053,0.0046,0.0050,0.0041,0.0014,0.0037,0.0021,0.0038,0.0026,0.0023,0.0022,0.0032,0.0028,0.0036,0.0033,0.0023,0.0026,0.0172,0.0092,0.0825,0.1481,0.0750,0.0023,0.0354,0.0292,0.0140,0.0270,0.0235
0.0050,0.0043,0.0053,0.0039,0.0012,0.0027,0.0019,0.0026,0.0022,0.0020,0.0018,0.0026,0.0022,0.0031,0.0037,0.0033,0.0017,0.0127,0.0787,0.0021,0.0750,0.0822,0.0464,0.0080,0.0693,0.0330,0.0388,0.0564
0.0098,0.0040,0.0038,0.0031,0.0011,0.0028,0.0015,0.0026,0.0019,0.0021,0.0019,0.0023,0.0016,0.0029,0.0033,0.0031,0.0025,0.0062,0.0246,0.0263,0.0023,0.0464,0.1109,0.1782,0.0050,0.0797,0.1070,0.0989
0.0087,0.0025,0.0026,0.0020,0.0007,0.0018,0.0012,0.0014,0.0012,0.0011,0.0011,0.0011,0.0008,0.0013,0.0015,0.0016,0.0017,0.0041,0.0046,0.0127,0.0354,0.0080,0.1782,0.3069,0.3929,0.1006,0.6884,0.3525
0.0063,0.0033,0.0035,0.0027,0.0011,0.0034,0.0015,0.0034,0.0018,0.0018,0.0015,0.0017,0.0011,0.0018,0.0023,0.0028,0.0039,0.0074,0.0095,0.0065,0.0292,0.0693,0.0050,0.3929,0.1320,0.4034,0.0019,0.4647
0.0033,0.0030,0.0028,0.0024,0.0011,0.0028,0.0021,0.0030,0.0018,0.0019,0.0014,0.0014,0.0011,0.0018,0.0022,0.0018,0.0025,0.0098,0.0105,0.0090,0.0140,0.0330,0.0797,0.1006,0.4034,0.1396,0.6199,0.0060
0.0023,0.0021,0.0020,0.0018,0.0008,0.0029,0.0014,0.0036,0.0016,0.0016,0.0012,0.0012,0.0007,0.0013,0.0019,0.0016,0.0016,0.0101,0.0099,0.0192,0.0270,0.0388,0.1070,0.6884,0.0019,0.6199,0.0412,0.7904
0.0032,0.0033,0.0030,0.0027,0.0011,0.0032,0.0020,0.0027,0.0020,0.0017,0.0013,0.0014,0.0011,0.0014,0.0022,0.0023,0.0021,0.0043,0.0055,0.0054,0.0235,0.0564,0.0989,0.3525,0.4647,0.0060,0.7904,0.0243