c1,c2,c3,c4,c5,c6,c7,c8,c9,c10,c11,c12,c13,c14,c15,c16,c17,c18,c19,c20,c21,c22,c23,c24,c25,c26,c27,c28
0.0116,0.1167,0.0018,0.0389,0.0248,0.0130,0.0092,0.0104,0.0072,0.0053,0.0056,0.0070,0.0048,0.0060,0.0040,0.0050,0.0062,0.0090,0.0065,0.0049,0.0048,0.0044,0.0085,0.0083,0.0060,0.0031,0.0019,0.0030
0.1167,0.2980,0.0897,0.0058,0.0235,0.0139,0.0042,0.0078,0.0050,0.0072,0.0041,0.0059,0.0045,0.0072,0.0063,0.0053,0.0059,0.0049,0.0032,0.0042,0.0040,0.0038,0.0035,0.0023,0.0030,0.0028,0.0019,0.0033
0.0018,0.0897,0.1649,0.1871,0.0007,0.0098,0.0121,0.0044,0.0076,0.0118,0.0070,0.0090,0.0084,0.0106,0.0073,0.0067,0.0095,0.0053,0.0049,0.0060,0.0044,0.0047,0.0035,0.0024,0.0032,0.0025,0.0018,0.0028
0.0389,0.0058,0.1871,0.0949,0.0090,0.0164,0.0085,0.0054,0.0042,0.0108,0.0080,0.0098,0.0070,0.0095,0.0080,0.0082,0.0085,0.0045,0.0034,0.0049,0.0038,0.0037,0.0029,0.0020,0.0025,0.0023,0.0017,0.0026
0.0248,0.0235,0.0007,0.0090,0.0049,0.0724,0.0068,0.0313,0.0181,0.0207,0.0366,0.0433,0.0238,0.0458,0.0321,0.0221,0.0261,0.0075,0.0033,0.0024,0.0015,0.0013,0.0012,0.0008,0.0012,0.0012,0.0008,0.0013
0.0130,0.0139,0.0098,0.0164,0.0724,0.0258,0.0139,0.0091,0.0048,0.0026,0.0050,0.0094,0.0107,0.0188,0.0128,0.0081,0.0124,0.0071,0.0042,0.0058,0.0036,0.0026,0.0027,0.0018,0.0032,0.0029,0.0028,0.0032
0.0092,0.0042,0.0121,0.0085,0.0068,0.0139,0.0613,0.0469,0.0143,0.0216,0.0248,0.0118,0.0108,0.0247,0.0231,0.0169,0.0122,0.0074,0.0026,0.0038,0.0022,0.0019,0.0014,0.0012,0.0016,0.0021,0.0015,0.0020
0.0104,0.0078,0.0044,0.0054,0.0313,0.0091,0.0469,0.0147,0.0120,0.0072,0.0122,0.0066,0.0096,0.0198,0.0195,0.0170,0.0125,0.0049,0.0044,0.0060,0.0036,0.0024,0.0025,0.0014,0.0031,0.0030,0.0035,0.0026
0.0072,0.0050,0.0076,0.0042,0.0181,0.0048,0.0143,0.0120,0.0284,0.0421,0.0132,0.0213,0.0144,0.0176,0.0377,0.0286,0.0383,0.0081,0.0025,0.0040,0.0025,0.0021,0.0018,0.0012,0.0018,0.0019,0.0016,0.0020
0.0053,0.0072,0.0118,0.0108,0.0207,0.0026,0.0216,0.0072,0.0421,0.1217,0.0251,0.0064,0.0221,0.0105,0.0114,0.0237,0.0260,0.0067,0.0033,0.0044,0.0023,0.0019,0.0021,0.0011,0.0017,0.0021,0.0017,0.0018
0.0056,0.0041,0.0070,0.0080,0.0366,0.0050,0.0248,0.0122,0.0132,0.0251,0.0250,0.0284,0.0089,0.0173,0.0703,0.0230,0.0794,0.0015,0.0030,0.0047,0.0025,0.0022,0.0022,0.0013,0.0017,0.0016,0.0014,0.0015
0.0070,0.0059,0.0090,0.0098,0.0433,0.0094,0.0118,0.0066,0.0213,0.0064,0.0284,0.0219,0.1099,0.0028,0.0428,0.0273,0.0249,0.0010,0.0052,0.0064,0.0033,0.0030,0.0026,0.0013,0.0018,0.0016,0.0012,0.0016
0.0048,0.0045,0.0084,0.0070,0.0238,0.0107,0.0108,0.0096,0.0144,0.0221,0.0089,0.1099,0.0202,0.0963,0.0104,0.0346,0.0158,0.0022,0.0050,0.0056,0.0037,0.0028,0.0020,0.0011,0.0017,0.0016,0.0010,0.0014
0.0060,0.0072,0.0106,0.0095,0.0458,0.0188,0.0247,0.0198,0.0176,0.0105,0.0173,0.0028,0.0963,0.0190,0.0291,0.0011,0.0158,0.0021,0.0022,0.0091,0.0046,0.0043,0.0035,0.0014,0.0019,0.0020,0.0015,0.0016
0.0040,0.0063,0.0073,0.0080,0.0321,0.0128,0.0231,0.0195,0.0377,0.0114,0.0703,0.0428,0.0104,0.0291,0.0370,0.0271,0.0008,0.0053,0.0047,0.0040,0.0034,0.0030,0.0025,0.0012,0.0014,0.0016,0.0008,0.0013
0.0050,0.0053,0.0067,0.0082,0.0221,0.0081,0.0169,0.0170,0.0286,0.0237,0.0230,0.0273,0.0346,0.0011,0.0271,0.0755,0.0148,0.0014,0.0026,0.0054,0.0023,0.0031,0.0032,0.0016,0.0027,0.0022,0.0016,0.0023
0.0062,0.0059,0.0095,0.0085,0.0261,0.0124,0.0122,0.0125,0.0383,0.0260,0.0794,0.0249,0.0158,0.0158,0.0008,0.0148,0.0823,0.0888,0.0001,0.0029,0.0027,0.0016,0.0025,0.0017,0.0034,0.0027,0.0016,0.0021
0.0090,0.0049,0.0053,0.0045,0.0075,0.0071,0.0074,0.0049,0.0081,0.0067,0.0015,0.0010,0.0022,0.0021,0.0053,0.0014,0.0888,0.0369,0.2089,0.0024,0.0205,0.0130,0.0070,0.0051,0.0079,0.0113,0.0121,0.0056
0.0065,0.0032,0.0049,0.0034,0.0033,0.0042,0.0026,0.0044,0.0025,0.0033,0.0030,0.0052,0.0050,0.0022,0.0047,0.0026,0.0001,0.2089,0.2975,0.0778,0.0097,0.0875,0.0288,0.0054,0.0113,0.0117,0.0117,0.0070
0.0049,0.0042,0.0060,0.0049,0.0024,0.0058,0.0038,0.0060,0.0040,0.0044,0.0047,0.0064,0.0056,0.0091,0.0040,0.0054,0.0029,0.0024,0.0778,0.0433,0.0597,0.0020,0.0318,0.0137,0.0061,0.0083,0.0188,0.0051
0.0048,0.0040,0.0044,0.0038,0.0015,0.0036,0.0022,0.0036,0.0025,0.0023,0.0025,0.0033,0.0037,0.0046,0.0034,0.0023,0.0027,0.0205,0.0097,0.0597,0.1342,0.0578,0.0024,0.0375,0.0283,0.0135,0.0311,0.0241
0.0044,0.0038,0.0047,0.0037,0.0013,0.0026,0.0019,0.0024,0.0021,0.0019,0.0022,0.0030,0.0028,0.0043,0.0030,0.0031,0.0016,0.0130,0.0875,0.0020,0.0578,0.0913,0.0452,0.0066,0.0726,0.0323,0.0461,0.0595
0.0085,0.0035,0.0035,0.0029,0.0012,0.0027,0.0014,0.0025,0.0018,0.0021,0.0022,0.0026,0.0020,0.0035,0.0025,0.0032,0.0025,0.0070,0.0288,0.0318,0.0024,0.0452,0.1057,0.1385,0.0052,0.0651,0.1138,0.1079
0.0083,0.0023,0.0024,0.0020,0.0008,0.0018,0.0012,0.0014,0.0012,0.0011,0.0013,0.0013,0.0011,0.0014,0.0012,0.0016,0.0017,0.0051,0.0054,0.0137,0.0375,0.0066,0.1385,0.2427,0.3911,0.0729,0.6988,0.3860
0.0060,0.0030,0.0032,0.0025,0.0012,0.0032,0.0016,0.0031,0.0018,0.0017,0.0017,0.0018,0.0017,0.0019,0.0014,0.0027,0.0034,0.0079,0.0113,0.0061,0.0283,0.0726,0.0052,0.3911,0.1382,0.3881,0.0021,0.4781
0.0031,0.0028,0.0025,0.0023,0.0012,0.0029,0.0021,0.0030,0.0019,0.0021,0.0016,0.0016,0.0016,0.0020,0.0016,0.0022,0.0027,0.0113,0.0117,0.0083,0.0135,0.0323,0.0651,0.0729,0.3881,0.1522,0.5754,0.0056
0.0019,0.0019,0.0018,0.0017,0.0008,0.0028,0.0015,0.0035,0.0016,0.0017,0.0014,0.0012,0.0010,0.0015,0.0008,0.0016,0.0016,0.0121,0.0117,0.0188,0.0311,0.0461,0.1138,0.6988,0.0021,0.5754,0.0565,0.6704
0.0030,0.0033,0.0028,0.0026,0.0013,0.0032,0.0020,0.0026,0.0020,0.0018,0.0015,0.0016,0.0014,0.0016,0.0013,0.0023,0.0021,0.0056,0.0070,0.0051,0.0241,0.0595,0.1079,0.3860,0.4781,0.0056,0.6704,0.0178