c1,c2,c3,c4,c5,c6,c7,c8,c9,c10,c11,c12,c13,c14,c15,c16,c17,c18,c19,c20,c21,c22,c23,c24,c25,c26,c27,c28
0.0122,0.0823,0.0015,0.0344,0.0289,0.0130,0.0097,0.0102,0.0087,0.0064,0.0076,0.0088,0.0066,0.0060,0.0046,0.0049,0.0058,0.0087,0.0051,0.0043,0.0040,0.0038,0.0098,0.0057,0.0057,0.0028,0.0024,0.0029
0.0823,0.2689,0.0821,0.0049,0.0224,0.0148,0.0047,0.0082,0.0060,0.0080,0.0048,0.0067,0.0060,0.0075,0.0070,0.0051,0.0061,0.0050,0.0029,0.0039,0.0036,0.0036,0.0035,0.0023,0.0027,0.0024,0.0024,0.0030
0.0015,0.0821,0.1508,0.1656,0.0009,0.0095,0.0136,0.0046,0.0082,0.0126,0.0081,0.0115,0.0097,0.0114,0.0068,0.0073,0.0084,0.0055,0.0043,0.0055,0.0040,0.0046,0.0034,0.0023,0.0026,0.0025,0.0023,0.0026
0.0344,0.0049,0.1656,0.0756,0.0119,0.0158,0.0087,0.0055,0.0045,0.0120,0.0089,0.0118,0.0078,0.0097,0.0078,0.0090,0.0092,0.0051,0.0031,0.0044,0.0033,0.0036,0.0029,0.0019,0.0021,0.0023,0.0021,0.0024
0.0289,0.0224,0.0009,0.0119,0.0051,0.0716,0.0063,0.0273,0.0163,0.0247,0.0431,0.0400,0.0234,0.0427,0.0240,0.0210,0.0242,0.0087,0.0030,0.0025,0.0013,0.0014,0.0010,0.0009,0.0010,0.0013,0.0010,0.0013
0.0130,0.0148,0.0095,0.0158,0.0716,0.0265,0.0171,0.0087,0.0055,0.0026,0.0060,0.0091,0.0106,0.0174,0.0119,0.0087,0.0139,0.0080,0.0039,0.0053,0.0031,0.0024,0.0023,0.0018,0.0027,0.0032,0.0032,0.0027
0.0097,0.0047,0.0136,0.0087,0.0063,0.0171,0.0669,0.0411,0.0123,0.0199,0.0235,0.0101,0.0093,0.0216,0.0136,0.0154,0.0110,0.0087,0.0029,0.0040,0.0022,0.0020,0.0015,0.0014,0.0015,0.0026,0.0017,0.0024
0.0102,0.0082,0.0046,0.0055,0.0273,0.0087,0.0411,0.0153,0.0117,0.0072,0.0160,0.0063,0.0087,0.0193,0.0178,0.0188,0.0129,0.0061,0.0043,0.0058,0.0032,0.0022,0.0022,0.0014,0.0030,0.0033,0.0041,0.0026
0.0087,0.0060,0.0082,0.0045,0.0163,0.0055,0.0123,0.0117,0.0313,0.0399,0.0119,0.0142,0.0100,0.0137,0.0202,0.0243,0.0311,0.0099,0.0030,0.0046,0.0026,0.0025,0.0021,0.0015,0.0018,0.0025,0.0020,0.0024
0.0064,0.0080,0.0126,0.0120,0.0247,0.0026,0.0199,0.0072,0.0399,0.1119,0.0249,0.0064,0.0143,0.0093,0.0116,0.0268,0.0211,0.0073,0.0032,0.0045,0.0023,0.0020,0.0019,0.0013,0.0016,0.0024,0.0017,0.0019
0.0076,0.0048,0.0081,0.0089,0.0431,0.0060,0.0235,0.0160,0.0119,0.0249,0.0216,0.0189,0.0035,0.0089,0.0286,0.0212,0.0789,0.0021,0.0034,0.0059,0.0027,0.0026,0.0023,0.0018,0.0018,0.0022,0.0016,0.0018
0.0088,0.0067,0.0115,0.0118,0.0400,0.0091,0.0101,0.0063,0.0142,0.0064,0.0189,0.0187,0.0865,0.0017,0.0293,0.0398,0.0140,0.0016,0.0054,0.0082,0.0041,0.0035,0.0027,0.0016,0.0019,0.0019,0.0016,0.0017
0.0066,0.0060,0.0097,0.0078,0.0234,0.0106,0.0093,0.0087,0.0100,0.0143,0.0035,0.0865,0.0214,0.0753,0.0040,0.0557,0.0196,0.0023,0.0054,0.0070,0.0045,0.0032,0.0024,0.0015,0.0016,0.0021,0.0012,0.0018
0.0060,0.0075,0.0114,0.0097,0.0427,0.0174,0.0216,0.0193,0.0137,0.0093,0.0089,0.0017,0.0753,0.0240,0.0239,0.0013,0.0192,0.0032,0.0026,0.0122,0.0048,0.0047,0.0040,0.0016,0.0019,0.0021,0.0019,0.0018
0.0046,0.0070,0.0068,0.0078,0.0240,0.0119,0.0136,0.0178,0.0202,0.0116,0.0286,0.0293,0.0040,0.0239,0.0372,0.0641,0.0025,0.0051,0.0054,0.0048,0.0036,0.0037,0.0030,0.0015,0.0013,0.0019,0.0014,0.0019
0.0049,0.0051,0.0073,0.0090,0.0210,0.0087,0.0154,0.0188,0.0243,0.0268,0.0212,0.0398,0.0557,0.0013,0.0641,0.0576,0.0069,0.0005,0.0025,0.0075,0.0023,0.0031,0.0027,0.0016,0.0022,0.0026,0.0019,0.0025
0.0058,0.0061,0.0084,0.0092,0.0242,0.0139,0.0110,0.0129,0.0311,0.0211,0.0789,0.0140,0.0196,0.0192,0.0025,0.0069,0.0608,0.0562,0.0001,0.0040,0.0029,0.0017,0.0023,0.0019,0.0029,0.0033,0.0018,0.0027
0.0087,0.0050,0.0055,0.0051,0.0087,0.0080,0.0087,0.0061,0.0099,0.0073,0.0021,0.0016,0.0023,0.0032,0.0051,0.0005,0.0562,0.0408,0.1731,0.0016,0.0202,0.0118,0.0062,0.0047,0.0086,0.0095,0.0135,0.0062
0.0051,0.0029,0.0043,0.0031,0.0030,0.0039,0.0029,0.0043,0.0030,0.0032,0.0034,0.0054,0.0054,0.0026,0.0054,0.0025,0.0001,0.1731,0.3028,0.0706,0.0105,0.0903,0.0256,0.0051,0.0108,0.0130,0.0108,0.0079
0.0043,0.0039,0.0055,0.0044,0.0025,0.0053,0.0040,0.0058,0.0046,0.0045,0.0059,0.0082,0.0070,0.0122,0.0048,0.0075,0.0040,0.0016,0.0706,0.0525,0.0724,0.0015,0.0211,0.0080,0.0060,0.0069,0.0151,0.0060
0.0040,0.0036,0.0040,0.0033,0.0013,0.0031,0.0022,0.0032,0.0026,0.0023,0.0027,0.0041,0.0045,0.0048,0.0036,0.0023,0.0029,0.0202,0.0105,0.0724,0.1597,0.0697,0.0018,0.0275,0.0280,0.0174,0.0323,0.0225
0.0038,0.0036,0.0046,0.0036,0.0014,0.0024,0.0020,0.0022,0.0025,0.0020,0.0026,0.0035,0.0032,0.0047,0.0037,0.0031,0.0017,0.0118,0.0903,0.0015,0.0697,0.1007,0.0379,0.0073,0.0476,0.0484,0.0268,0.0600
0.0098,0.0035,0.0034,0.0029,0.0010,0.0023,0.0015,0.0022,0.0021,0.0019,0.0023,0.0027,0.0024,0.0040,0.0030,0.0027,0.0023,0.0062,0.0256,0.0211,0.0018,0.0379,0.1237,0.1892,0.0146,0.0826,0.0921,0.0623
0.0057,0.0023,0.0023,0.0019,0.0009,0.0018,0.0014,0.0014,0.0015,0.0013,0.0018,0.0016,0.0015,0.0016,0.0015,0.0016,0.0019,0.0047,0.0051,0.0080,0.0275,0.0073,0.1892,0.2679,0.4768,0.0574,0.5917,0.2385
0.0057,0.0027,0.0026,0.0021,0.0010,0.0027,0.0015,0.0030,0.0018,0.0016,0.0018,0.0019,0.0016,0.0019,0.0013,0.0022,0.0029,0.0086,0.0108,0.0060,0.0280,0.0476,0.0146,0.4768,0.1555,0.3777,0.0038,0.4218
0.0028,0.0024,0.0025,0.0023,0.0013,0.0032,0.0026,0.0033,0.0025,0.0024,0.0022,0.0019,0.0021,0.0021,0.0019,0.0026,0.0033,0.0095,0.0130,0.0069,0.0174,0.0484,0.0826,0.0574,0.3777,0.0618,0.2055,0.0085
0.0024,0.0024,0.0023,0.0021,0.0010,0.0032,0.0017,0.0041,0.0020,0.0017,0.0016,0.0016,0.0012,0.0019,0.0014,0.0019,0.0018,0.0135,0.0108,0.0151,0.0323,0.0268,0.0921,0.5917,0.0038,0.2055,0.0732,0.3875
0.0029,0.0030,0.0026,0.0024,0.0013,0.0027,0.0024,0.0026,0.0024,0.0019,0.0018,0.0017,0.0018,0.0018,0.0019,0.0025,0.0027,0.0062,0.0079,0.0060,0.0225,0.0600,0.0623,0.2385,0.4218,0.0085,0.3875,0.0339