c1,c2,c3,c4,c5,c6,c7,c8,c9,c10,c11,c12,c13,c14,c15,c16,c17,c18,c19,c20,c21,c22,c23,c24,c25,c26,c27,c28
0.0013,0.0327,0.0005,0.0155,0.0346,0.0303,0.0166,0.0182,0.0155,0.0100,0.0045,0.0079,0.0080,0.0069,0.0077,0.0066,0.0070,0.0067,0.0053,0.0050,0.0051,0.0049,0.0063,0.0064,0.0043,0.0046,0.0042,0.0040
0.0327,0.2042,0.0668,0.0059,0.0526,0.0450,0.0091,0.0085,0.0077,0.0085,0.0083,0.0055,0.0039,0.0059,0.0049,0.0046,0.0048,0.0035,0.0024,0.0032,0.0025,0.0033,0.0032,0.0027,0.0023,0.0028,0.0025,0.0044
0.0005,0.0668,0.1389,0.0808,0.0010,0.0200,0.0265,0.0065,0.0123,0.0149,0.0226,0.0102,0.0098,0.0086,0.0065,0.0062,0.0077,0.0040,0.0040,0.0042,0.0027,0.0038,0.0047,0.0027,0.0027,0.0026,0.0020,0.0031
0.0155,0.0059,0.0808,0.0924,0.0125,0.0096,0.0086,0.0104,0.0066,0.0143,0.0178,0.0107,0.0082,0.0073,0.0070,0.0085,0.0090,0.0042,0.0032,0.0040,0.0028,0.0034,0.0031,0.0022,0.0025,0.0030,0.0022,0.0029
0.0346,0.0526,0.0010,0.0125,0.0301,0.1062,0.0005,0.0194,0.0153,0.0106,0.0203,0.0210,0.0153,0.0146,0.0139,0.0132,0.0195,0.0072,0.0048,0.0035,0.0018,0.0026,0.0017,0.0016,0.0016,0.0020,0.0017,0.0020
0.0303,0.0450,0.0200,0.0096,0.1062,0.0480,0.0098,0.0017,0.0072,0.0047,0.0056,0.0099,0.0076,0.0116,0.0077,0.0073,0.0080,0.0050,0.0037,0.0049,0.0030,0.0032,0.0030,0.0021,0.0025,0.0032,0.0028,0.0032
0.0166,0.0091,0.0265,0.0086,0.0005,0.0098,0.0542,0.0367,0.0095,0.0156,0.0882,0.0099,0.0198,0.0156,0.0222,0.0130,0.0168,0.0080,0.0039,0.0040,0.0020,0.0023,0.0014,0.0015,0.0016,0.0020,0.0015,0.0018
0.0182,0.0085,0.0065,0.0104,0.0194,0.0017,0.0367,0.0217,0.0098,0.0007,0.0138,0.0154,0.0095,0.0153,0.0185,0.0249,0.0134,0.0075,0.0054,0.0063,0.0035,0.0034,0.0028,0.0018,0.0028,0.0038,0.0035,0.0032
0.0155,0.0077,0.0123,0.0066,0.0153,0.0072,0.0095,0.0098,0.0262,0.0418,0.0010,0.0318,0.0194,0.0101,0.0146,0.0156,0.0250,0.0105,0.0048,0.0051,0.0023,0.0031,0.0023,0.0016,0.0026,0.0022,0.0020,0.0024
0.0100,0.0085,0.0149,0.0143,0.0106,0.0047,0.0156,0.0007,0.0418,0.0557,0.0099,0.0063,0.0096,0.0116,0.0084,0.0247,0.0211,0.0107,0.0049,0.0074,0.0032,0.0033,0.0024,0.0014,0.0025,0.0028,0.0034,0.0030
0.0045,0.0083,0.0226,0.0178,0.0203,0.0056,0.0882,0.0138,0.0010,0.0099,0.0015,0.2230,0.0015,0.0792,0.1599,0.0455,0.2577,0.0267,0.0101,0.0080,0.0022,0.0019,0.0006,0.0003,0.0006,0.0006,0.0005,0.0007
0.0079,0.0055,0.0102,0.0107,0.0210,0.0099,0.0099,0.0154,0.0318,0.0063,0.2230,0.0053,0.1117,0.0001,0.0068,0.0192,0.0119,0.0017,0.0065,0.0124,0.0051,0.0036,0.0033,0.0016,0.0021,0.0028,0.0029,0.0025
0.0080,0.0039,0.0098,0.0082,0.0153,0.0076,0.0198,0.0095,0.0194,0.0096,0.0015,0.1117,0.0202,0.0781,0.0011,0.0238,0.0145,0.0025,0.0084,0.0095,0.0056,0.0031,0.0027,0.0017,0.0024,0.0029,0.0024,0.0020
0.0069,0.0059,0.0086,0.0073,0.0146,0.0116,0.0156,0.0153,0.0101,0.0116,0.0792,0.0001,0.0781,0.0043,0.0177,0.0010,0.0170,0.0063,0.0049,0.0217,0.0086,0.0053,0.0045,0.0023,0.0035,0.0035,0.0041,0.0031
0.0077,0.0049,0.0065,0.0070,0.0139,0.0077,0.0222,0.0185,0.0146,0.0084,0.1599,0.0068,0.0011,0.0177,0.0253,0.0316,0.0008,0.0045,0.0093,0.0065,0.0055,0.0051,0.0040,0.0023,0.0027,0.0033,0.0024,0.0031
0.0066,0.0046,0.0062,0.0085,0.0132,0.0073,0.0130,0.0249,0.0156,0.0247,0.0455,0.0192,0.0238,0.0010,0.0316,0.0271,0.0048,0.0003,0.0045,0.0117,0.0037,0.0039,0.0045,0.0026,0.0034,0.0036,0.0031,0.0035
0.0070,0.0048,0.0077,0.0090,0.0195,0.0080,0.0168,0.0134,0.0250,0.0211,0.2577,0.0119,0.0145,0.0170,0.0008,0.0048,0.0503,0.0271,0.0001,0.0042,0.0031,0.0015,0.0024,0.0026,0.0043,0.0049,0.0031,0.0031
0.0067,0.0035,0.0040,0.0042,0.0072,0.0050,0.0080,0.0075,0.0105,0.0107,0.0267,0.0017,0.0025,0.0063,0.0045,0.0003,0.0271,0.0342,0.0787,0.0012,0.0209,0.0085,0.0054,0.0067,0.0087,0.0132,0.0143,0.0069
0.0053,0.0024,0.0040,0.0032,0.0048,0.0037,0.0039,0.0054,0.0048,0.0049,0.0101,0.0065,0.0084,0.0049,0.0093,0.0045,0.0001,0.0787,0.1644,0.0318,0.0070,0.0271,0.0105,0.0050,0.0094,0.0101,0.0101,0.0074
0.0050,0.0032,0.0042,0.0040,0.0035,0.0049,0.0040,0.0063,0.0051,0.0074,0.0080,0.0124,0.0095,0.0217,0.0065,0.0117,0.0042,0.0012,0.0318,0.0176,0.0387,0.0007,0.0124,0.0118,0.0097,0.0110,0.0120,0.0077
0.0051,0.0025,0.0027,0.0028,0.0018,0.0030,0.0020,0.0035,0.0023,0.0032,0.0022,0.0051,0.0056,0.0086,0.0055,0.0037,0.0031,0.0209,0.0070,0.0387,0.1299,0.0924,0.0008,0.0381,0.0263,0.0129,0.0271,0.0327
0.0049,0.0033,0.0038,0.0034,0.0026,0.0032,0.0023,0.0034,0.0031,0.0033,0.0019,0.0036,0.0031,0.0053,0.0051,0.0039,0.0015,0.0085,0.0271,0.0007,0.0924,0.0893,0.0643,0.0043,0.0486,0.0337,0.0345,0.0592
0.0063,0.0032,0.0047,0.0031,0.0017,0.0030,0.0014,0.0028,0.0023,0.0024,0.0006,0.0033,0.0027,0.0045,0.0040,0.0045,0.0024,0.0054,0.0105,0.0124,0.0008,0.0643,0.1731,0.2557,0.0035,0.0961,0.1039,0.1858
0.0064,0.0027,0.0027,0.0022,0.0016,0.0021,0.0015,0.0018,0.0016,0.0014,0.0003,0.0016,0.0017,0.0023,0.0023,0.0026,0.0026,0.0067,0.0050,0.0118,0.0381,0.0043,0.2557,0.1732,0.2238,0.0279,0.3272,0.3808
0.0043,0.0023,0.0027,0.0025,0.0016,0.0025,0.0016,0.0028,0.0026,0.0025,0.0006,0.0021,0.0024,0.0035,0.0027,0.0034,0.0043,0.0087,0.0094,0.0097,0.0263,0.0486,0.0035,0.2238,0.1666,0.2477,0.0076,0.3314
0.0046,0.0028,0.0026,0.0030,0.0020,0.0032,0.0020,0.0038,0.0022,0.0028,0.0006,0.0028,0.0029,0.0035,0.0033,0.0036,0.0049,0.0132,0.0101,0.0110,0.0129,0.0337,0.0961,0.0279,0.2477,0.2414,0.0949,0.0012
0.0042,0.0025,0.0020,0.0022,0.0017,0.0028,0.0015,0.0035,0.0020,0.0034,0.0005,0.0029,0.0024,0.0041,0.0024,0.0031,0.0031,0.0143,0.0101,0.0120,0.0271,0.0345,0.1039,0.3272,0.0076,0.0949,0.0823,0.0445
0.0040,0.0044,0.0031,0.0029,0.0020,0.0032,0.0018,0.0032,0.0024,0.0030,0.0007,0.0025,0.0020,0.0031,0.0031,0.0035,0.0031,0.0069,0.0074,0.0077,0.0327,0.0592,0.1858,0.3808,0.3314,0.0012,0.0445,0.0173