c1,c2,c3,c4,c5,c6,c7,c8,c9,c10,c11,c12,c13,c14,c15,c16,c17,c18,c19,c20,c21,c22,c23,c24,c25,c26,c27,c28
0.0029,0.0384,0.0006,0.0194,0.0387,0.0316,0.0139,0.0159,0.0170,0.0108,0.0040,0.0077,0.0107,0.0062,0.0065,0.0054,0.0059,0.0079,0.0058,0.0047,0.0041,0.0035,0.0064,0.0094,0.0059,0.0037,0.0019,0.0030
0.0384,0.2043,0.0691,0.0059,0.0358,0.0421,0.0071,0.0074,0.0095,0.0086,0.0150,0.0061,0.0054,0.0051,0.0057,0.0047,0.0053,0.0038,0.0026,0.0036,0.0027,0.0029,0.0034,0.0021,0.0024,0.0023,0.0018,0.0036
0.0006,0.0691,0.1743,0.1250,0.0010,0.0238,0.0284,0.0082,0.0148,0.0149,0.0279,0.0110,0.0098,0.0081,0.0064,0.0060,0.0070,0.0037,0.0034,0.0045,0.0031,0.0036,0.0034,0.0018,0.0027,0.0019,0.0014,0.0023
0.0194,0.0059,0.1250,0.1687,0.0124,0.0090,0.0097,0.0111,0.0081,0.0138,0.0198,0.0120,0.0090,0.0084,0.0079,0.0079,0.0085,0.0040,0.0028,0.0040,0.0029,0.0026,0.0028,0.0016,0.0021,0.0020,0.0014,0.0021
0.0387,0.0358,0.0010,0.0124,0.0400,0.0936,0.0005,0.0268,0.0173,0.0132,0.0283,0.0263,0.0181,0.0170,0.0163,0.0154,0.0224,0.0083,0.0043,0.0037,0.0018,0.0015,0.0016,0.0012,0.0015,0.0014,0.0009,0.0019
0.0316,0.0421,0.0238,0.0090,0.0936,0.0430,0.0083,0.0008,0.0088,0.0072,0.0093,0.0111,0.0078,0.0116,0.0103,0.0084,0.0096,0.0053,0.0032,0.0050,0.0038,0.0026,0.0026,0.0017,0.0023,0.0029,0.0021,0.0032
0.0139,0.0071,0.0284,0.0097,0.0005,0.0083,0.0464,0.0354,0.0043,0.0288,0.2234,0.0148,0.0214,0.0207,0.0236,0.0156,0.0206,0.0096,0.0032,0.0037,0.0021,0.0017,0.0016,0.0010,0.0012,0.0016,0.0009,0.0016
0.0159,0.0074,0.0082,0.0111,0.0268,0.0008,0.0354,0.0298,0.0083,0.0005,0.0210,0.0429,0.0119,0.0218,0.0229,0.0257,0.0152,0.0088,0.0044,0.0055,0.0033,0.0025,0.0023,0.0016,0.0023,0.0031,0.0026,0.0027
0.0170,0.0095,0.0148,0.0081,0.0173,0.0088,0.0043,0.0083,0.0224,0.0251,0.0006,0.0249,0.0211,0.0103,0.0141,0.0161,0.0223,0.0137,0.0056,0.0056,0.0037,0.0032,0.0025,0.0018,0.0024,0.0024,0.0021,0.0023
0.0108,0.0086,0.0149,0.0138,0.0132,0.0072,0.0288,0.0005,0.0251,0.0593,0.0152,0.0038,0.0084,0.0147,0.0099,0.0239,0.0186,0.0100,0.0048,0.0051,0.0035,0.0030,0.0032,0.0018,0.0024,0.0026,0.0022,0.0028
0.0040,0.0150,0.0279,0.0198,0.0283,0.0093,0.2234,0.0210,0.0006,0.0152,0.0010,0.1151,0.0042,0.0847,0.2392,0.0529,0.3670,0.0156,0.0050,0.0051,0.0014,0.0010,0.0005,0.0003,0.0005,0.0004,0.0003,0.0005
0.0077,0.0061,0.0110,0.0120,0.0263,0.0111,0.0148,0.0429,0.0249,0.0038,0.1151,0.0045,0.0345,0.0008,0.0118,0.0351,0.0138,0.0006,0.0034,0.0085,0.0053,0.0047,0.0036,0.0020,0.0024,0.0026,0.0018,0.0020
0.0107,0.0054,0.0098,0.0090,0.0181,0.0078,0.0214,0.0119,0.0211,0.0084,0.0042,0.0345,0.0101,0.1170,0.0020,0.0341,0.0239,0.0012,0.0029,0.0073,0.0051,0.0042,0.0035,0.0020,0.0024,0.0023,0.0016,0.0021
0.0062,0.0051,0.0081,0.0084,0.0170,0.0116,0.0207,0.0218,0.0103,0.0147,0.0847,0.0008,0.1170,0.0136,0.0271,0.0013,0.0180,0.0035,0.0024,0.0097,0.0049,0.0051,0.0044,0.0017,0.0022,0.0026,0.0018,0.0019
0.0065,0.0057,0.0064,0.0079,0.0163,0.0103,0.0236,0.0229,0.0141,0.0099,0.2392,0.0118,0.0020,0.0271,0.0206,0.0335,0.0008,0.0037,0.0048,0.0049,0.0038,0.0039,0.0046,0.0018,0.0024,0.0024,0.0016,0.0026
0.0054,0.0047,0.0060,0.0079,0.0154,0.0084,0.0156,0.0257,0.0161,0.0239,0.0529,0.0351,0.0341,0.0013,0.0335,0.0419,0.0071,0.0004,0.0024,0.0091,0.0028,0.0034,0.0033,0.0018,0.0029,0.0031,0.0024,0.0029
0.0059,0.0053,0.0070,0.0085,0.0224,0.0096,0.0206,0.0152,0.0223,0.0186,0.3670,0.0138,0.0239,0.0180,0.0008,0.0071,0.0382,0.0343,0.0001,0.0029,0.0030,0.0015,0.0024,0.0017,0.0041,0.0034,0.0024,0.0033
0.0079,0.0038,0.0037,0.0040,0.0083,0.0053,0.0096,0.0088,0.0137,0.0100,0.0156,0.0006,0.0012,0.0035,0.0037,0.0004,0.0343,0.0378,0.2254,0.0021,0.0298,0.0146,0.0051,0.0047,0.0064,0.0116,0.0121,0.0073
0.0058,0.0026,0.0034,0.0028,0.0043,0.0032,0.0032,0.0044,0.0056,0.0048,0.0050,0.0034,0.0029,0.0024,0.0048,0.0024,0.0001,0.2254,0.1882,0.0640,0.0107,0.0750,0.0256,0.0053,0.0101,0.0133,0.0134,0.0099
0.0047,0.0036,0.0045,0.0040,0.0037,0.0050,0.0037,0.0055,0.0056,0.0051,0.0051,0.0085,0.0073,0.0097,0.0049,0.0091,0.0029,0.0021,0.0640,0.0433,0.0400,0.0014,0.0226,0.0144,0.0059,0.0085,0.0183,0.0054
0.0041,0.0027,0.0031,0.0029,0.0018,0.0038,0.0021,0.0033,0.0037,0.0035,0.0014,0.0053,0.0051,0.0049,0.0038,0.0028,0.0030,0.0298,0.0107,0.0400,0.1183,0.0568,0.0017,0.0360,0.0315,0.0115,0.0354,0.0213
0.0035,0.0029,0.0036,0.0026,0.0015,0.0026,0.0017,0.0025,0.0032,0.0030,0.0010,0.0047,0.0042,0.0051,0.0039,0.0034,0.0015,0.0146,0.0750,0.0014,0.0568,0.0663,0.0473,0.0117,0.0696,0.0255,0.0532,0.0583
0.0064,0.0034,0.0034,0.0028,0.0016,0.0026,0.0016,0.0023,0.0025,0.0032,0.0005,0.0036,0.0035,0.0044,0.0046,0.0033,0.0024,0.0051,0.0256,0.0226,0.0017,0.0473,0.0994,0.1168,0.0080,0.0459,0.1398,0.1118
0.0094,0.0021,0.0018,0.0016,0.0012,0.0017,0.0010,0.0016,0.0018,0.0018,0.0003,0.0020,0.0020,0.0017,0.0018,0.0018,0.0017,0.0047,0.0053,0.0144,0.0360,0.0117,0.1168,0.2056,0.3687,0.0499,0.6068,0.3353
0.0059,0.0024,0.0027,0.0021,0.0015,0.0023,0.0012,0.0023,0.0024,0.0024,0.0005,0.0024,0.0024,0.0022,0.0024,0.0029,0.0041,0.0064,0.0101,0.0059,0.0315,0.0696,0.0080,0.3687,0.1657,0.3270,0.0048,0.3507
0.0037,0.0023,0.0019,0.0020,0.0014,0.0029,0.0016,0.0031,0.0024,0.0026,0.0004,0.0026,0.0023,0.0026,0.0024,0.0031,0.0034,0.0116,0.0133,0.0085,0.0115,0.0255,0.0459,0.0499,0.3270,0.1947,0.4987,0.0113
0.0019,0.0018,0.0014,0.0014,0.0009,0.0021,0.0009,0.0026,0.0021,0.0022,0.0003,0.0018,0.0016,0.0018,0.0016,0.0024,0.0024,0.0121,0.0134,0.0183,0.0354,0.0532,0.1398,0.6068,0.0048,0.4987,0.1147,0.2783
0.0030,0.0036,0.0023,0.0021,0.0019,0.0032,0.0016,0.0027,0.0023,0.0028,0.0005,0.0020,0.0021,0.0019,0.0026,0.0029,0.0033,0.0073,0.0099,0.0054,0.0213,0.0583,0.1118,0.3353,0.3507,0.0113,0.2783,0.0137