c1,c2,c3,c4,c5,c6,c7,c8,c9,c10,c11,c12,c13,c14,c15,c16,c17,c18,c19,c20,c21,c22,c23,c24,c25,c26,c27,c28
0.0019,0.0268,0.0057,0.0422,0.0536,0.0308,0.0117,0.0150,0.0078,0.0070,0.0084,0.0081,0.0055,0.0061,0.0051,0.0050,0.0052,0.0070,0.0053,0.0041,0.0043,0.0036,0.0076,0.0079,0.0053,0.0033,0.0015,0.0030
0.0268,0.2257,0.2783,0.0021,0.0375,0.0238,0.0094,0.0120,0.0080,0.0085,0.0056,0.0051,0.0062,0.0066,0.0088,0.0049,0.0064,0.0042,0.0027,0.0035,0.0031,0.0029,0.0028,0.0019,0.0024,0.0024,0.0016,0.0029
0.0057,0.2783,0.0344,0.1833,0.0055,0.0320,0.0187,0.0083,0.0099,0.0098,0.0034,0.0050,0.0084,0.0041,0.0043,0.0054,0.0065,0.0017,0.0036,0.0050,0.0035,0.0040,0.0038,0.0024,0.0029,0.0029,0.0020,0.0030
0.0422,0.0021,0.1833,0.0874,0.0124,0.0032,0.0150,0.0082,0.0055,0.0143,0.0115,0.0140,0.0146,0.0112,0.0158,0.0101,0.0110,0.0043,0.0031,0.0036,0.0032,0.0033,0.0024,0.0017,0.0020,0.0022,0.0012,0.0020
0.0536,0.0375,0.0055,0.0124,0.0506,0.2099,0.0004,0.0284,0.0164,0.0105,0.0243,0.0207,0.0188,0.0239,0.0144,0.0155,0.0141,0.0065,0.0032,0.0025,0.0016,0.0014,0.0011,0.0009,0.0011,0.0014,0.0008,0.0015
0.0308,0.0238,0.0320,0.0032,0.2099,0.0748,0.0158,0.0046,0.0062,0.0040,0.0045,0.0074,0.0095,0.0143,0.0092,0.0074,0.0110,0.0056,0.0031,0.0046,0.0032,0.0024,0.0025,0.0015,0.0025,0.0024,0.0020,0.0026
0.0117,0.0094,0.0187,0.0150,0.0004,0.0158,0.1093,0.0220,0.0067,0.0228,0.0323,0.0143,0.0296,0.0403,0.0419,0.0181,0.0165,0.0079,0.0031,0.0035,0.0022,0.0017,0.0014,0.0010,0.0011,0.0018,0.0008,0.0016
0.0150,0.0120,0.0083,0.0082,0.0284,0.0046,0.0220,0.0218,0.0142,0.0029,0.0152,0.0095,0.0094,0.0189,0.0187,0.0200,0.0198,0.0069,0.0034,0.0050,0.0032,0.0024,0.0023,0.0014,0.0025,0.0028,0.0025,0.0023
0.0078,0.0080,0.0099,0.0055,0.0164,0.0062,0.0067,0.0142,0.0316,0.0598,0.0092,0.0322,0.0154,0.0175,0.0217,0.0225,0.0297,0.0120,0.0030,0.0038,0.0023,0.0021,0.0017,0.0011,0.0015,0.0018,0.0013,0.0020
0.0070,0.0085,0.0098,0.0143,0.0105,0.0040,0.0228,0.0029,0.0598,0.0646,0.0230,0.0057,0.0192,0.0093,0.0117,0.0286,0.0273,0.0086,0.0038,0.0053,0.0027,0.0020,0.0022,0.0011,0.0020,0.0020,0.0019,0.0020
0.0084,0.0056,0.0034,0.0115,0.0243,0.0045,0.0323,0.0152,0.0092,0.0230,0.0229,0.0210,0.0020,0.0127,0.0239,0.0189,0.0904,0.0027,0.0038,0.0067,0.0034,0.0028,0.0028,0.0017,0.0023,0.0021,0.0018,0.0022
0.0081,0.0051,0.0050,0.0140,0.0207,0.0074,0.0143,0.0095,0.0322,0.0057,0.0210,0.0209,0.0821,0.0021,0.0254,0.0300,0.0134,0.0019,0.0061,0.0074,0.0040,0.0034,0.0030,0.0015,0.0023,0.0020,0.0015,0.0020
0.0055,0.0062,0.0084,0.0146,0.0188,0.0095,0.0296,0.0094,0.0154,0.0192,0.0020,0.0821,0.0168,0.0764,0.0029,0.0548,0.0170,0.0021,0.0040,0.0068,0.0044,0.0030,0.0025,0.0013,0.0020,0.0019,0.0012,0.0016
0.0061,0.0066,0.0041,0.0112,0.0239,0.0143,0.0403,0.0189,0.0175,0.0093,0.0127,0.0021,0.0764,0.0270,0.0204,0.0011,0.0154,0.0035,0.0027,0.0130,0.0051,0.0052,0.0042,0.0015,0.0023,0.0023,0.0019,0.0020
0.0051,0.0088,0.0043,0.0158,0.0144,0.0092,0.0419,0.0187,0.0217,0.0117,0.0239,0.0254,0.0029,0.0204,0.0488,0.0531,0.0021,0.0049,0.0044,0.0040,0.0033,0.0033,0.0033,0.0014,0.0018,0.0020,0.0012,0.0020
0.0050,0.0049,0.0054,0.0101,0.0155,0.0074,0.0181,0.0200,0.0225,0.0286,0.0189,0.0300,0.0548,0.0011,0.0531,0.0460,0.0054,0.0006,0.0029,0.0083,0.0027,0.0035,0.0035,0.0018,0.0032,0.0025,0.0021,0.0026
0.0052,0.0064,0.0065,0.0110,0.0141,0.0110,0.0165,0.0198,0.0297,0.0273,0.0904,0.0134,0.0170,0.0154,0.0021,0.0054,0.0467,0.0671,0.0001,0.0042,0.0031,0.0018,0.0026,0.0018,0.0040,0.0031,0.0019,0.0023
0.0070,0.0042,0.0017,0.0043,0.0065,0.0056,0.0079,0.0069,0.0120,0.0086,0.0027,0.0019,0.0021,0.0035,0.0049,0.0006,0.0671,0.0524,0.1913,0.0024,0.0223,0.0145,0.0070,0.0048,0.0081,0.0106,0.0125,0.0061
0.0053,0.0027,0.0036,0.0031,0.0032,0.0031,0.0031,0.0034,0.0030,0.0038,0.0038,0.0061,0.0040,0.0027,0.0044,0.0029,0.0001,0.1913,0.3011,0.0837,0.0106,0.0894,0.0286,0.0054,0.0116,0.0116,0.0119,0.0065
0.0041,0.0035,0.0050,0.0036,0.0025,0.0046,0.0035,0.0050,0.0038,0.0053,0.0067,0.0074,0.0068,0.0130,0.0040,0.0083,0.0042,0.0024,0.0837,0.0417,0.0425,0.0015,0.0273,0.0126,0.0058,0.0085,0.0198,0.0052
0.0043,0.0031,0.0035,0.0032,0.0016,0.0032,0.0022,0.0032,0.0023,0.0027,0.0034,0.0040,0.0044,0.0051,0.0033,0.0027,0.0031,0.0223,0.0106,0.0425,0.1314,0.0563,0.0023,0.0361,0.0275,0.0138,0.0345,0.0252
0.0036,0.0029,0.0040,0.0033,0.0014,0.0024,0.0017,0.0024,0.0021,0.0020,0.0028,0.0034,0.0030,0.0052,0.0033,0.0035,0.0018,0.0145,0.0894,0.0015,0.0563,0.0905,0.0408,0.0067,0.0686,0.0334,0.0516,0.0619
0.0076,0.0028,0.0038,0.0024,0.0011,0.0025,0.0014,0.0023,0.0017,0.0022,0.0028,0.0030,0.0025,0.0042,0.0033,0.0035,0.0026,0.0070,0.0286,0.0273,0.0023,0.0408,0.0973,0.1401,0.0046,0.0664,0.1201,0.1024
0.0079,0.0019,0.0024,0.0017,0.0009,0.0015,0.0010,0.0014,0.0011,0.0011,0.0017,0.0015,0.0013,0.0015,0.0014,0.0018,0.0018,0.0048,0.0054,0.0126,0.0361,0.0067,0.1401,0.2437,0.4611,0.0647,0.6925,0.3124
0.0053,0.0024,0.0029,0.0020,0.0011,0.0025,0.0011,0.0025,0.0015,0.0020,0.0023,0.0023,0.0020,0.0023,0.0018,0.0032,0.0040,0.0081,0.0116,0.0058,0.0275,0.0686,0.0046,0.4611,0.1290,0.3629,0.0023,0.4817
0.0033,0.0024,0.0029,0.0022,0.0014,0.0024,0.0018,0.0028,0.0018,0.0020,0.0021,0.0020,0.0019,0.0023,0.0020,0.0025,0.0031,0.0106,0.0116,0.0085,0.0138,0.0334,0.0664,0.0647,0.3629,0.1253,0.6148,0.0029
0.0015,0.0016,0.0020,0.0012,0.0008,0.0020,0.0008,0.0025,0.0013,0.0019,0.0018,0.0015,0.0012,0.0019,0.0012,0.0021,0.0019,0.0125,0.0119,0.0198,0.0345,0.0516,0.1201,0.6925,0.0023,0.6148,0.0564,0.6239
0.0030,0.0029,0.0030,0.0020,0.0015,0.0026,0.0016,0.0023,0.0020,0.0020,0.0022,0.0020,0.0016,0.0020,0.0020,0.0026,0.0023,0.0061,0.0065,0.0052,0.0252,0.0619,0.1024,0.3124,0.4817,0.0029,0.6239,0.0227