c1,c2,c3,c4,c5,c6,c7,c8,c9,c10,c11,c12,c13,c14,c15,c16,c17,c18,c19,c20,c21,c22,c23,c24,c25,c26,c27,c28
0.0010,0.0098,0.0023,0.0258,0.0422,0.0263,0.0199,0.0216,0.0158,0.0115,0.0055,0.0093,0.0069,0.0078,0.0072,0.0072,0.0073,0.0075,0.0060,0.0047,0.0046,0.0036,0.0069,0.0054,0.0040,0.0030,0.0038,0.0022
0.0098,0.1750,0.2608,0.0034,0.0412,0.0317,0.0112,0.0099,0.0082,0.0106,0.0124,0.0060,0.0068,0.0053,0.0067,0.0058,0.0057,0.0036,0.0025,0.0030,0.0026,0.0024,0.0029,0.0017,0.0021,0.0022,0.0037,0.0030
0.0023,0.2608,0.0196,0.1729,0.0045,0.0387,0.0245,0.0078,0.0114,0.0130,0.0256,0.0038,0.0093,0.0023,0.0040,0.0060,0.0062,0.0014,0.0036,0.0043,0.0030,0.0032,0.0036,0.0022,0.0029,0.0026,0.0039,0.0029
0.0258,0.0034,0.1729,0.0972,0.0070,0.0044,0.0146,0.0100,0.0082,0.0201,0.0295,0.0132,0.0132,0.0097,0.0114,0.0109,0.0099,0.0036,0.0029,0.0030,0.0025,0.0023,0.0021,0.0015,0.0019,0.0022,0.0023,0.0017
0.0422,0.0412,0.0045,0.0070,0.0263,0.1116,0.0004,0.0244,0.0133,0.0126,0.0276,0.0197,0.0170,0.0178,0.0147,0.0171,0.0225,0.0081,0.0042,0.0030,0.0016,0.0015,0.0013,0.0010,0.0014,0.0014,0.0027,0.0014
0.0263,0.0317,0.0387,0.0044,0.1116,0.0521,0.0129,0.0022,0.0074,0.0057,0.0082,0.0090,0.0068,0.0118,0.0077,0.0084,0.0104,0.0049,0.0035,0.0044,0.0032,0.0022,0.0026,0.0015,0.0025,0.0029,0.0037,0.0028
0.0199,0.0112,0.0245,0.0146,0.0004,0.0129,0.0470,0.0205,0.0107,0.0170,0.0938,0.0094,0.0189,0.0188,0.0277,0.0164,0.0150,0.0093,0.0034,0.0033,0.0020,0.0016,0.0015,0.0008,0.0015,0.0017,0.0024,0.0015
0.0216,0.0099,0.0078,0.0100,0.0244,0.0022,0.0205,0.0181,0.0084,0.0010,0.0166,0.0132,0.0077,0.0177,0.0178,0.0304,0.0162,0.0091,0.0049,0.0051,0.0032,0.0025,0.0026,0.0014,0.0029,0.0038,0.0046,0.0030
0.0158,0.0082,0.0114,0.0082,0.0133,0.0074,0.0107,0.0084,0.0167,0.0408,0.0016,0.0309,0.0250,0.0152,0.0180,0.0184,0.0252,0.0140,0.0039,0.0039,0.0023,0.0024,0.0020,0.0011,0.0021,0.0021,0.0027,0.0020
0.0115,0.0106,0.0130,0.0201,0.0126,0.0057,0.0170,0.0010,0.0408,0.0457,0.0106,0.0055,0.0109,0.0160,0.0089,0.0245,0.0180,0.0109,0.0042,0.0060,0.0033,0.0024,0.0029,0.0011,0.0019,0.0021,0.0036,0.0025
0.0055,0.0124,0.0256,0.0295,0.0276,0.0082,0.0938,0.0166,0.0016,0.0106,0.0019,0.2323,0.0016,0.0751,0.1766,0.0508,0.2537,0.0240,0.0061,0.0040,0.0012,0.0008,0.0006,0.0002,0.0005,0.0006,0.0008,0.0006
0.0093,0.0060,0.0038,0.0132,0.0197,0.0090,0.0094,0.0132,0.0309,0.0055,0.2323,0.0178,0.0942,0.0004,0.0070,0.0188,0.0179,0.0028,0.0060,0.0085,0.0038,0.0027,0.0029,0.0011,0.0020,0.0021,0.0031,0.0020
0.0069,0.0068,0.0093,0.0132,0.0170,0.0068,0.0189,0.0077,0.0250,0.0109,0.0016,0.0942,0.0214,0.1110,0.0007,0.0181,0.0169,0.0022,0.0067,0.0091,0.0048,0.0034,0.0033,0.0017,0.0022,0.0024,0.0027,0.0018
0.0078,0.0053,0.0023,0.0097,0.0178,0.0118,0.0188,0.0177,0.0152,0.0160,0.0751,0.0004,0.1110,0.0075,0.0244,0.0006,0.0156,0.0052,0.0043,0.0170,0.0057,0.0052,0.0048,0.0015,0.0028,0.0027,0.0044,0.0022
0.0072,0.0067,0.0040,0.0114,0.0147,0.0077,0.0277,0.0178,0.0180,0.0089,0.1766,0.0070,0.0007,0.0244,0.0412,0.0352,0.0009,0.0049,0.0062,0.0042,0.0044,0.0048,0.0048,0.0015,0.0027,0.0029,0.0026,0.0026
0.0072,0.0058,0.0060,0.0109,0.0171,0.0084,0.0164,0.0304,0.0184,0.0245,0.0508,0.0188,0.0181,0.0006,0.0352,0.0319,0.0048,0.0002,0.0032,0.0114,0.0035,0.0042,0.0050,0.0018,0.0037,0.0029,0.0035,0.0029
0.0073,0.0057,0.0062,0.0099,0.0225,0.0104,0.0150,0.0162,0.0252,0.0180,0.2537,0.0179,0.0169,0.0156,0.0009,0.0048,0.0306,0.0271,0.0001,0.0038,0.0038,0.0017,0.0032,0.0019,0.0047,0.0032,0.0034,0.0027
0.0075,0.0036,0.0014,0.0036,0.0081,0.0049,0.0093,0.0091,0.0140,0.0109,0.0240,0.0028,0.0022,0.0052,0.0049,0.0002,0.0271,0.0460,0.1528,0.0013,0.0176,0.0099,0.0063,0.0040,0.0103,0.0111,0.0126,0.0062
0.0060,0.0025,0.0036,0.0029,0.0042,0.0035,0.0034,0.0049,0.0039,0.0042,0.0061,0.0060,0.0067,0.0043,0.0062,0.0032,0.0001,0.1528,0.2615,0.0399,0.0057,0.0514,0.0165,0.0046,0.0124,0.0100,0.0116,0.0078
0.0047,0.0030,0.0043,0.0030,0.0030,0.0044,0.0033,0.0051,0.0039,0.0060,0.0040,0.0085,0.0091,0.0170,0.0042,0.0114,0.0038,0.0013,0.0399,0.0431,0.0578,0.0012,0.0224,0.0140,0.0121,0.0079,0.0167,0.0098
0.0046,0.0026,0.0030,0.0025,0.0016,0.0032,0.0020,0.0032,0.0023,0.0033,0.0012,0.0038,0.0048,0.0057,0.0044,0.0035,0.0038,0.0176,0.0057,0.0578,0.1409,0.0499,0.0016,0.0424,0.0573,0.0164,0.0218,0.0582
0.0036,0.0024,0.0032,0.0023,0.0015,0.0022,0.0016,0.0025,0.0024,0.0024,0.0008,0.0027,0.0034,0.0052,0.0048,0.0042,0.0017,0.0099,0.0514,0.0012,0.0499,0.1166,0.0517,0.0138,0.1196,0.0625,0.0341,0.1101
0.0069,0.0029,0.0036,0.0021,0.0013,0.0026,0.0015,0.0026,0.0020,0.0029,0.0006,0.0029,0.0033,0.0048,0.0048,0.0050,0.0032,0.0063,0.0165,0.0224,0.0016,0.0517,0.0872,0.2227,0.0028,0.0730,0.0610,0.3053
0.0054,0.0017,0.0022,0.0015,0.0010,0.0015,0.0008,0.0014,0.0011,0.0011,0.0002,0.0011,0.0017,0.0015,0.0015,0.0018,0.0019,0.0040,0.0046,0.0140,0.0424,0.0138,0.2227,0.6059,0.2473,0.0559,0.3512,0.8597
0.0040,0.0021,0.0029,0.0019,0.0014,0.0025,0.0015,0.0029,0.0021,0.0019,0.0005,0.0020,0.0022,0.0028,0.0027,0.0037,0.0047,0.0103,0.0124,0.0121,0.0573,0.1196,0.0028,0.2473,0.0910,0.5235,0.0010,0.4685
0.0030,0.0022,0.0026,0.0022,0.0014,0.0029,0.0017,0.0038,0.0021,0.0021,0.0006,0.0021,0.0024,0.0027,0.0029,0.0029,0.0032,0.0111,0.0100,0.0079,0.0164,0.0625,0.0730,0.0559,0.5235,0.7392,0.1003,0.0006
0.0038,0.0037,0.0039,0.0023,0.0027,0.0037,0.0024,0.0046,0.0027,0.0036,0.0008,0.0031,0.0027,0.0044,0.0026,0.0035,0.0034,0.0126,0.0116,0.0167,0.0218,0.0341,0.0610,0.3512,0.0010,0.1003,0.0374,0.0243
0.0022,0.0030,0.0029,0.0017,0.0014,0.0028,0.0015,0.0030,0.0020,0.0025,0.0006,0.0020,0.0018,0.0022,0.0026,0.0029,0.0027,0.0062,0.0078,0.0098,0.0582,0.1101,0.3053,0.8597,0.4685,0.0006,0.0243,0.0232