c1,c2,c3,c4,c5,c6,c7,c8,c9,c10,c11,c12,c13,c14,c15,c16,c17,c18,c19,c20,c21,c22,c23,c24,c25,c26,c27,c28
0.0013,0.0113,0.0015,0.0318,0.0304,0.0187,0.0128,0.0164,0.0113,0.0128,0.0073,0.0112,0.0082,0.0092,0.0077,0.0070,0.0060,0.0081,0.0068,0.0050,0.0050,0.0033,0.0071,0.0059,0.0046,0.0031,0.0034,0.0031
0.0113,0.2968,0.2789,0.0013,0.0247,0.0208,0.0067,0.0097,0.0131,0.0111,0.0123,0.0062,0.0080,0.0058,0.0061,0.0047,0.0052,0.0038,0.0027,0.0034,0.0028,0.0025,0.0030,0.0020,0.0025,0.0028,0.0040,0.0030
0.0015,0.2789,0.0160,0.1629,0.0016,0.0341,0.0160,0.0077,0.0123,0.0138,0.0163,0.0049,0.0102,0.0034,0.0038,0.0053,0.0046,0.0016,0.0043,0.0051,0.0037,0.0036,0.0044,0.0028,0.0038,0.0037,0.0048,0.0036
0.0318,0.0013,0.1629,0.0804,0.0087,0.0022,0.0143,0.0093,0.0068,0.0156,0.0168,0.0115,0.0155,0.0118,0.0115,0.0083,0.0072,0.0040,0.0035,0.0035,0.0032,0.0030,0.0028,0.0021,0.0027,0.0032,0.0028,0.0023
0.0304,0.0247,0.0016,0.0087,0.0202,0.0932,0.0009,0.0572,0.0183,0.0161,0.0317,0.0371,0.0205,0.0198,0.0134,0.0149,0.0149,0.0081,0.0038,0.0030,0.0017,0.0013,0.0013,0.0010,0.0015,0.0014,0.0023,0.0011
0.0187,0.0208,0.0341,0.0022,0.0932,0.0574,0.0389,0.0005,0.0075,0.0106,0.0068,0.0125,0.0109,0.0146,0.0110,0.0086,0.0083,0.0055,0.0033,0.0038,0.0027,0.0021,0.0034,0.0017,0.0031,0.0032,0.0042,0.0026
0.0128,0.0067,0.0160,0.0143,0.0009,0.0389,0.1048,0.0679,0.0037,0.0169,0.0564,0.0057,0.0131,0.0143,0.0133,0.0105,0.0080,0.0078,0.0044,0.0039,0.0020,0.0019,0.0015,0.0013,0.0019,0.0030,0.0025,0.0020
0.0164,0.0097,0.0077,0.0093,0.0572,0.0005,0.0679,0.0179,0.0059,0.0009,0.0133,0.0198,0.0078,0.0305,0.0209,0.0292,0.0170,0.0086,0.0044,0.0066,0.0029,0.0021,0.0025,0.0014,0.0035,0.0032,0.0038,0.0021
0.0113,0.0131,0.0123,0.0068,0.0183,0.0075,0.0037,0.0059,0.0491,0.0094,0.0004,0.0055,0.0104,0.0110,0.0394,0.0269,0.0849,0.0124,0.0042,0.0066,0.0035,0.0031,0.0026,0.0015,0.0037,0.0031,0.0045,0.0024
0.0128,0.0111,0.0138,0.0156,0.0161,0.0106,0.0169,0.0009,0.0094,0.0454,0.0134,0.0019,0.0105,0.0098,0.0106,0.0239,0.0286,0.0153,0.0046,0.0057,0.0034,0.0025,0.0025,0.0012,0.0026,0.0034,0.0041,0.0029
0.0073,0.0123,0.0163,0.0168,0.0317,0.0068,0.0564,0.0133,0.0004,0.0134,0.0741,0.0607,0.0008,0.0133,0.0291,0.0173,0.0880,0.0114,0.0057,0.0043,0.0022,0.0019,0.0014,0.0009,0.0015,0.0016,0.0023,0.0017
0.0112,0.0062,0.0049,0.0115,0.0371,0.0125,0.0057,0.0198,0.0055,0.0019,0.0607,0.0114,0.0410,0.0010,0.0113,0.0227,0.0161,0.0035,0.0084,0.0130,0.0050,0.0037,0.0036,0.0016,0.0023,0.0026,0.0039,0.0027
0.0082,0.0080,0.0102,0.0155,0.0205,0.0109,0.0131,0.0078,0.0104,0.0105,0.0008,0.0410,0.0328,0.0752,0.0008,0.0204,0.0163,0.0029,0.0105,0.0084,0.0052,0.0037,0.0043,0.0020,0.0021,0.0025,0.0026,0.0020
0.0092,0.0058,0.0034,0.0118,0.0198,0.0146,0.0143,0.0305,0.0110,0.0098,0.0133,0.0010,0.0752,0.0149,0.0222,0.0008,0.0119,0.0052,0.0049,0.0161,0.0051,0.0049,0.0051,0.0017,0.0025,0.0029,0.0049,0.0023
0.0077,0.0061,0.0038,0.0115,0.0134,0.0110,0.0133,0.0209,0.0394,0.0106,0.0291,0.0113,0.0008,0.0222,0.0523,0.0462,0.0009,0.0046,0.0068,0.0051,0.0043,0.0046,0.0054,0.0018,0.0023,0.0029,0.0026,0.0025
0.0070,0.0047,0.0053,0.0083,0.0149,0.0086,0.0105,0.0292,0.0269,0.0239,0.0173,0.0227,0.0204,0.0008,0.0462,0.0447,0.0062,0.0003,0.0041,0.0118,0.0036,0.0042,0.0048,0.0019,0.0031,0.0026,0.0040,0.0028
0.0060,0.0052,0.0046,0.0072,0.0149,0.0083,0.0080,0.0170,0.0849,0.0286,0.0880,0.0161,0.0163,0.0119,0.0009,0.0062,0.0607,0.0404,0.0001,0.0044,0.0041,0.0020,0.0040,0.0021,0.0038,0.0032,0.0038,0.0026
0.0081,0.0038,0.0016,0.0040,0.0081,0.0055,0.0078,0.0086,0.0124,0.0153,0.0114,0.0035,0.0029,0.0052,0.0046,0.0003,0.0404,0.0459,0.1256,0.0010,0.0146,0.0091,0.0064,0.0042,0.0096,0.0114,0.0126,0.0054
0.0068,0.0027,0.0043,0.0035,0.0038,0.0033,0.0044,0.0044,0.0042,0.0046,0.0057,0.0084,0.0105,0.0049,0.0068,0.0041,0.0001,0.1256,0.2383,0.0271,0.0032,0.0371,0.0134,0.0042,0.0123,0.0095,0.0116,0.0077
0.0050,0.0034,0.0051,0.0035,0.0030,0.0038,0.0039,0.0066,0.0066,0.0057,0.0043,0.0130,0.0084,0.0161,0.0051,0.0118,0.0044,0.0010,0.0271,0.0355,0.0386,0.0011,0.0199,0.0114,0.0096,0.0074,0.0162,0.0101
0.0050,0.0028,0.0037,0.0032,0.0017,0.0027,0.0020,0.0029,0.0035,0.0034,0.0022,0.0050,0.0052,0.0051,0.0043,0.0036,0.0041,0.0146,0.0032,0.0386,0.1200,0.0477,0.0012,0.0407,0.0477,0.0170,0.0219,0.0595
0.0033,0.0025,0.0036,0.0030,0.0013,0.0021,0.0019,0.0021,0.0031,0.0025,0.0019,0.0037,0.0037,0.0049,0.0046,0.0042,0.0020,0.0091,0.0371,0.0011,0.0477,0.1015,0.0413,0.0056,0.1169,0.0694,0.0303,0.1156
0.0071,0.0030,0.0044,0.0028,0.0013,0.0034,0.0015,0.0025,0.0026,0.0025,0.0014,0.0036,0.0043,0.0051,0.0054,0.0048,0.0040,0.0064,0.0134,0.0199,0.0012,0.0413,0.0689,0.1746,0.0019,0.0470,0.0621,0.2266
0.0059,0.0020,0.0028,0.0021,0.0010,0.0017,0.0013,0.0014,0.0015,0.0012,0.0009,0.0016,0.0020,0.0017,0.0018,0.0019,0.0021,0.0042,0.0042,0.0114,0.0407,0.0056,0.1746,0.4520,0.1586,0.0215,0.2675,0.8253
0.0046,0.0025,0.0038,0.0027,0.0015,0.0031,0.0019,0.0035,0.0037,0.0026,0.0015,0.0023,0.0021,0.0025,0.0023,0.0031,0.0038,0.0096,0.0123,0.0096,0.0477,0.1169,0.0019,0.1586,0.0457,0.4167,0.0008,0.4053
0.0031,0.0028,0.0037,0.0032,0.0014,0.0032,0.0030,0.0032,0.0031,0.0034,0.0016,0.0026,0.0025,0.0029,0.0029,0.0026,0.0032,0.0114,0.0095,0.0074,0.0170,0.0694,0.0470,0.0215,0.4167,0.6767,0.0597,0.0003
0.0034,0.0040,0.0048,0.0028,0.0023,0.0042,0.0025,0.0038,0.0045,0.0041,0.0023,0.0039,0.0026,0.0049,0.0026,0.0040,0.0038,0.0126,0.0116,0.0162,0.0219,0.0303,0.0621,0.2675,0.0008,0.0597,0.0234,0.0120
0.0031,0.0030,0.0036,0.0023,0.0011,0.0026,0.0020,0.0021,0.0024,0.0029,0.0017,0.0027,0.0020,0.0023,0.0025,0.0028,0.0026,0.0054,0.0077,0.0101,0.0595,0.1156,0.2266,0.8253,0.4053,0.0003,0.0120,0.0350