c1,c2,c3,c4,c5,c6,c7,c8,c9,c10,c11,c12,c13,c14,c15,c16,c17,c18,c19,c20,c21,c22,c23,c24,c25,c26,c27,c28
0.0007,0.0026,0.0007,0.0196,0.0157,0.0285,0.0152,0.0240,0.0124,0.0158,0.0083,0.0134,0.0073,0.0133,0.0088,0.0080,0.0068,0.0069,0.0081,0.0067,0.0061,0.0045,0.0098,0.0060,0.0054,0.0043,0.0037,0.0034
0.0026,0.2279,0.2697,0.0002,0.0216,0.0185,0.0093,0.0145,0.0189,0.0122,0.0171,0.0074,0.0055,0.0063,0.0063,0.0053,0.0080,0.0036,0.0031,0.0039,0.0035,0.0036,0.0045,0.0028,0.0028,0.0033,0.0042,0.0040
0.0007,0.2697,0.0142,0.0730,0.0014,0.0390,0.0168,0.0063,0.0171,0.0144,0.0182,0.0045,0.0119,0.0027,0.0042,0.0056,0.0046,0.0013,0.0048,0.0051,0.0044,0.0045,0.0066,0.0042,0.0048,0.0044,0.0047,0.0035
0.0196,0.0002,0.0730,0.0414,0.0254,0.0019,0.0126,0.0087,0.0088,0.0252,0.0300,0.0156,0.0247,0.0150,0.0125,0.0092,0.0097,0.0032,0.0040,0.0042,0.0036,0.0039,0.0031,0.0022,0.0024,0.0030,0.0027,0.0028
0.0157,0.0216,0.0014,0.0254,0.0149,0.0985,0.0003,0.0179,0.0191,0.0140,0.0510,0.0553,0.0255,0.0312,0.0158,0.0240,0.0164,0.0094,0.0042,0.0037,0.0018,0.0017,0.0012,0.0007,0.0010,0.0020,0.0016,0.0013
0.0285,0.0185,0.0390,0.0019,0.0985,0.2241,0.0235,0.0007,0.0040,0.0074,0.0079,0.0103,0.0493,0.0100,0.0126,0.0082,0.0080,0.0029,0.0031,0.0031,0.0028,0.0023,0.0029,0.0017,0.0022,0.0029,0.0028,0.0025
0.0152,0.0093,0.0168,0.0126,0.0003,0.0235,0.0789,0.0180,0.0013,0.0108,0.0405,0.0102,0.0407,0.0344,0.0339,0.0191,0.0161,0.0115,0.0040,0.0035,0.0018,0.0017,0.0021,0.0013,0.0017,0.0030,0.0022,0.0017
0.0240,0.0145,0.0063,0.0087,0.0179,0.0007,0.0180,0.0270,0.0064,0.0008,0.0087,0.0124,0.0061,0.0210,0.0238,0.0229,0.0264,0.0128,0.0046,0.0055,0.0031,0.0029,0.0037,0.0025,0.0041,0.0049,0.0041,0.0028
0.0124,0.0189,0.0171,0.0088,0.0191,0.0040,0.0013,0.0064,0.1253,0.0098,0.0002,0.0048,0.0132,0.0081,0.0386,0.0184,0.0371,0.0223,0.0067,0.0068,0.0035,0.0037,0.0025,0.0021,0.0037,0.0043,0.0035,0.0025
0.0158,0.0122,0.0144,0.0252,0.0140,0.0074,0.0108,0.0008,0.0098,0.0378,0.0041,0.0009,0.0100,0.0088,0.0137,0.0245,0.0351,0.0165,0.0052,0.0068,0.0037,0.0029,0.0035,0.0021,0.0028,0.0050,0.0038,0.0033
0.0083,0.0171,0.0182,0.0300,0.0510,0.0079,0.0405,0.0087,0.0002,0.0041,0.0671,0.0478,0.0003,0.0101,0.0515,0.0196,0.0878,0.0178,0.0084,0.0044,0.0026,0.0024,0.0015,0.0013,0.0013,0.0024,0.0018,0.0021
0.0134,0.0074,0.0045,0.0156,0.0553,0.0103,0.0102,0.0124,0.0048,0.0009,0.0478,0.0113,0.0318,0.0001,0.0059,0.0159,0.0144,0.0030,0.0132,0.0189,0.0079,0.0054,0.0059,0.0031,0.0032,0.0044,0.0042,0.0031
0.0073,0.0055,0.0119,0.0247,0.0255,0.0493,0.0407,0.0061,0.0132,0.0100,0.0003,0.0318,0.0483,0.0485,0.0001,0.0153,0.0199,0.0027,0.0098,0.0083,0.0049,0.0033,0.0052,0.0027,0.0021,0.0032,0.0022,0.0022
0.0133,0.0063,0.0027,0.0150,0.0312,0.0100,0.0344,0.0210,0.0081,0.0088,0.0101,0.0001,0.0485,0.0127,0.0187,0.0004,0.0128,0.0037,0.0053,0.0216,0.0077,0.0062,0.0091,0.0032,0.0035,0.0043,0.0052,0.0032
0.0088,0.0063,0.0042,0.0125,0.0158,0.0126,0.0339,0.0238,0.0386,0.0137,0.0515,0.0059,0.0001,0.0187,0.0966,0.0556,0.0007,0.0040,0.0046,0.0043,0.0041,0.0043,0.0048,0.0020,0.0022,0.0036,0.0023,0.0031
0.0080,0.0053,0.0056,0.0092,0.0240,0.0082,0.0191,0.0229,0.0184,0.0245,0.0196,0.0159,0.0153,0.0004,0.0556,0.0481,0.0100,0.0002,0.0033,0.0091,0.0036,0.0040,0.0055,0.0026,0.0032,0.0039,0.0034,0.0029
0.0068,0.0080,0.0046,0.0097,0.0164,0.0080,0.0161,0.0264,0.0371,0.0351,0.0878,0.0144,0.0199,0.0128,0.0007,0.0100,0.0783,0.0360,0.0001,0.0038,0.0041,0.0013,0.0027,0.0022,0.0031,0.0035,0.0027,0.0025
0.0069,0.0036,0.0013,0.0032,0.0094,0.0029,0.0115,0.0128,0.0223,0.0165,0.0178,0.0030,0.0027,0.0037,0.0040,0.0002,0.0360,0.0530,0.1005,0.0011,0.0143,0.0081,0.0048,0.0051,0.0141,0.0164,0.0118,0.0069
0.0081,0.0031,0.0048,0.0040,0.0042,0.0031,0.0040,0.0046,0.0067,0.0052,0.0084,0.0132,0.0098,0.0053,0.0046,0.0033,0.0001,0.1005,0.2515,0.0217,0.0018,0.0279,0.0105,0.0044,0.0114,0.0149,0.0119,0.0099
0.0067,0.0039,0.0051,0.0042,0.0037,0.0031,0.0035,0.0055,0.0068,0.0068,0.0044,0.0189,0.0083,0.0216,0.0043,0.0091,0.0038,0.0011,0.0217,0.0539,0.0390,0.0007,0.0127,0.0085,0.0095,0.0087,0.0148,0.0118
0.0061,0.0035,0.0044,0.0036,0.0018,0.0028,0.0018,0.0031,0.0035,0.0037,0.0026,0.0079,0.0049,0.0077,0.0041,0.0036,0.0041,0.0143,0.0018,0.0390,0.1344,0.0660,0.0009,0.0196,0.0342,0.0141,0.0224,0.0570
0.0045,0.0036,0.0045,0.0039,0.0017,0.0023,0.0017,0.0029,0.0037,0.0029,0.0024,0.0054,0.0033,0.0062,0.0043,0.0040,0.0013,0.0081,0.0279,0.0007,0.0660,0.0833,0.0524,0.0060,0.0603,0.0519,0.0166,0.1017
0.0098,0.0045,0.0066,0.0031,0.0012,0.0029,0.0021,0.0037,0.0025,0.0035,0.0015,0.0059,0.0052,0.0091,0.0048,0.0055,0.0027,0.0048,0.0105,0.0127,0.0009,0.0524,0.1216,0.1160,0.0025,0.0358,0.0412,0.0560
0.0060,0.0028,0.0042,0.0022,0.0007,0.0017,0.0013,0.0025,0.0021,0.0021,0.0013,0.0031,0.0027,0.0032,0.0020,0.0026,0.0022,0.0051,0.0044,0.0085,0.0196,0.0060,0.1160,0.4242,0.2320,0.0099,0.1592,0.3743
0.0054,0.0028,0.0048,0.0024,0.0010,0.0022,0.0017,0.0041,0.0037,0.0028,0.0013,0.0032,0.0021,0.0035,0.0022,0.0032,0.0031,0.0141,0.0114,0.0095,0.0342,0.0603,0.0025,0.2320,0.0681,0.1350,0.0028,0.3431
0.0043,0.0033,0.0044,0.0030,0.0020,0.0029,0.0030,0.0049,0.0043,0.0050,0.0024,0.0044,0.0032,0.0043,0.0036,0.0039,0.0035,0.0164,0.0149,0.0087,0.0141,0.0519,0.0358,0.0099,0.1350,0.2246,0.0459,0.0003
0.0037,0.0042,0.0047,0.0027,0.0016,0.0028,0.0022,0.0041,0.0035,0.0038,0.0018,0.0042,0.0022,0.0052,0.0023,0.0034,0.0027,0.0118,0.0119,0.0148,0.0224,0.0166,0.0412,0.1592,0.0028,0.0459,0.1943,0.0201
0.0034,0.0040,0.0035,0.0028,0.0013,0.0025,0.0017,0.0028,0.0025,0.0033,0.0021,0.0031,0.0022,0.0032,0.0031,0.0029,0.0025,0.0069,0.0099,0.0118,0.0570,0.1017,0.0560,0.3743,0.3431,0.0003,0.0201,0.0750