c1,c2,c3,c4,c5,c6,c7,c8,c9,c10,c11,c12,c13,c14,c15,c16,c17,c18,c19,c20,c21,c22,c23,c24,c25,c26,c27,c28
0.0007,0.0072,0.0018,0.0199,0.0379,0.0262,0.0174,0.0190,0.0141,0.0112,0.0050,0.0091,0.0071,0.0074,0.0070,0.0072,0.0080,0.0082,0.0068,0.0052,0.0053,0.0042,0.0072,0.0086,0.0053,0.0036,0.0040,0.0026
0.0072,0.1900,0.2692,0.0026,0.0399,0.0320,0.0101,0.0100,0.0084,0.0109,0.0123,0.0056,0.0073,0.0054,0.0070,0.0059,0.0055,0.0037,0.0025,0.0030,0.0028,0.0024,0.0025,0.0029,0.0021,0.0023,0.0031,0.0032
0.0018,0.2692,0.0232,0.1962,0.0035,0.0408,0.0228,0.0075,0.0114,0.0128,0.0244,0.0032,0.0090,0.0023,0.0040,0.0057,0.0061,0.0017,0.0037,0.0041,0.0033,0.0040,0.0033,0.0028,0.0032,0.0026,0.0033,0.0030
0.0199,0.0026,0.1962,0.1147,0.0057,0.0043,0.0147,0.0109,0.0082,0.0199,0.0274,0.0122,0.0129,0.0094,0.0114,0.0102,0.0108,0.0038,0.0030,0.0028,0.0026,0.0022,0.0019,0.0023,0.0020,0.0023,0.0020,0.0019
0.0379,0.0399,0.0035,0.0057,0.0263,0.1170,0.0004,0.0280,0.0143,0.0130,0.0258,0.0199,0.0173,0.0162,0.0151,0.0167,0.0230,0.0080,0.0043,0.0026,0.0017,0.0014,0.0013,0.0021,0.0014,0.0014,0.0022,0.0015
0.0262,0.0320,0.0408,0.0043,0.1170,0.0631,0.0137,0.0019,0.0079,0.0055,0.0075,0.0086,0.0065,0.0111,0.0075,0.0079,0.0109,0.0052,0.0037,0.0039,0.0030,0.0021,0.0022,0.0024,0.0023,0.0026,0.0041,0.0027
0.0174,0.0101,0.0228,0.0147,0.0004,0.0137,0.0634,0.0219,0.0094,0.0168,0.0772,0.0088,0.0186,0.0185,0.0275,0.0151,0.0159,0.0091,0.0034,0.0031,0.0021,0.0014,0.0016,0.0017,0.0017,0.0016,0.0020,0.0015
0.0190,0.0100,0.0075,0.0109,0.0280,0.0019,0.0219,0.0196,0.0094,0.0007,0.0157,0.0139,0.0072,0.0166,0.0174,0.0267,0.0169,0.0089,0.0047,0.0048,0.0033,0.0024,0.0028,0.0028,0.0029,0.0033,0.0041,0.0029
0.0141,0.0084,0.0114,0.0082,0.0143,0.0079,0.0094,0.0094,0.0216,0.0391,0.0013,0.0293,0.0237,0.0129,0.0156,0.0167,0.0230,0.0140,0.0042,0.0038,0.0026,0.0022,0.0020,0.0018,0.0024,0.0021,0.0024,0.0020
0.0112,0.0109,0.0128,0.0199,0.0130,0.0055,0.0168,0.0007,0.0391,0.0475,0.0091,0.0047,0.0107,0.0145,0.0082,0.0225,0.0181,0.0100,0.0045,0.0065,0.0041,0.0026,0.0028,0.0018,0.0022,0.0021,0.0031,0.0026
0.0050,0.0123,0.0244,0.0274,0.0258,0.0075,0.0772,0.0157,0.0013,0.0091,0.0011,0.2330,0.0016,0.0625,0.1410,0.0455,0.2566,0.0259,0.0065,0.0042,0.0014,0.0009,0.0005,0.0009,0.0005,0.0006,0.0007,0.0007
0.0091,0.0056,0.0032,0.0122,0.0199,0.0086,0.0088,0.0139,0.0293,0.0047,0.2330,0.0129,0.1076,0.0004,0.0068,0.0166,0.0173,0.0024,0.0058,0.0088,0.0043,0.0031,0.0033,0.0019,0.0025,0.0023,0.0028,0.0024
0.0071,0.0073,0.0090,0.0129,0.0173,0.0065,0.0186,0.0072,0.0237,0.0107,0.0016,0.1076,0.0240,0.0825,0.0006,0.0154,0.0128,0.0023,0.0076,0.0111,0.0049,0.0031,0.0033,0.0021,0.0026,0.0023,0.0024,0.0021
0.0074,0.0054,0.0023,0.0094,0.0162,0.0111,0.0185,0.0166,0.0129,0.0145,0.0625,0.0004,0.0825,0.0081,0.0217,0.0006,0.0155,0.0051,0.0044,0.0185,0.0064,0.0056,0.0058,0.0025,0.0030,0.0031,0.0040,0.0027
0.0070,0.0070,0.0040,0.0114,0.0151,0.0075,0.0275,0.0174,0.0156,0.0082,0.1410,0.0068,0.0006,0.0217,0.0349,0.0315,0.0009,0.0045,0.0057,0.0046,0.0052,0.0048,0.0053,0.0027,0.0033,0.0028,0.0025,0.0029
0.0072,0.0059,0.0057,0.0102,0.0167,0.0079,0.0151,0.0267,0.0167,0.0225,0.0455,0.0166,0.0154,0.0006,0.0315,0.0305,0.0047,0.0003,0.0034,0.0121,0.0038,0.0043,0.0049,0.0029,0.0044,0.0031,0.0037,0.0032
0.0080,0.0055,0.0061,0.0108,0.0230,0.0109,0.0159,0.0169,0.0230,0.0181,0.2566,0.0173,0.0128,0.0155,0.0009,0.0047,0.0302,0.0249,0.0001,0.0036,0.0039,0.0016,0.0031,0.0023,0.0047,0.0032,0.0037,0.0031
0.0082,0.0037,0.0017,0.0038,0.0080,0.0052,0.0091,0.0089,0.0140,0.0100,0.0259,0.0024,0.0023,0.0051,0.0045,0.0003,0.0249,0.0491,0.1018,0.0010,0.0141,0.0106,0.0075,0.0046,0.0121,0.0119,0.0128,0.0070
0.0068,0.0025,0.0037,0.0030,0.0043,0.0037,0.0034,0.0047,0.0042,0.0045,0.0065,0.0058,0.0076,0.0044,0.0057,0.0034,0.0001,0.1018,0.2378,0.0384,0.0039,0.0508,0.0227,0.0044,0.0124,0.0113,0.0123,0.0089
0.0052,0.0030,0.0041,0.0028,0.0026,0.0039,0.0031,0.0048,0.0038,0.0065,0.0042,0.0088,0.0111,0.0185,0.0046,0.0121,0.0036,0.0010,0.0384,0.0258,0.0364,0.0013,0.0418,0.0098,0.0146,0.0104,0.0195,0.0121
0.0053,0.0028,0.0033,0.0026,0.0017,0.0030,0.0021,0.0033,0.0026,0.0041,0.0014,0.0043,0.0049,0.0064,0.0052,0.0038,0.0039,0.0141,0.0039,0.0364,0.1323,0.0468,0.0020,0.0172,0.0668,0.0194,0.0264,0.0581
0.0042,0.0024,0.0040,0.0022,0.0014,0.0021,0.0014,0.0024,0.0022,0.0026,0.0009,0.0031,0.0031,0.0056,0.0048,0.0043,0.0016,0.0106,0.0508,0.0013,0.0468,0.1117,0.0711,0.0052,0.1148,0.0607,0.0404,0.1485
0.0072,0.0025,0.0033,0.0019,0.0013,0.0022,0.0016,0.0028,0.0020,0.0028,0.0005,0.0033,0.0033,0.0058,0.0053,0.0049,0.0031,0.0075,0.0227,0.0418,0.0020,0.0711,0.0597,0.2049,0.0009,0.1376,0.0626,0.1940
0.0086,0.0029,0.0028,0.0023,0.0021,0.0024,0.0017,0.0028,0.0018,0.0018,0.0009,0.0019,0.0021,0.0025,0.0027,0.0029,0.0023,0.0046,0.0044,0.0098,0.0172,0.0052,0.2049,0.3701,0.0493,0.0325,0.1365,0.3785
0.0053,0.0021,0.0032,0.0020,0.0014,0.0023,0.0017,0.0029,0.0024,0.0022,0.0005,0.0025,0.0026,0.0030,0.0033,0.0044,0.0047,0.0121,0.0124,0.0146,0.0668,0.1148,0.0009,0.0493,0.1012,0.4135,0.0031,0.4294
0.0036,0.0023,0.0026,0.0023,0.0014,0.0026,0.0016,0.0033,0.0021,0.0021,0.0006,0.0023,0.0023,0.0031,0.0028,0.0031,0.0032,0.0119,0.0113,0.0104,0.0194,0.0607,0.1376,0.0325,0.4135,0.2981,0.1386,0.0015
0.0040,0.0031,0.0033,0.0020,0.0022,0.0041,0.0020,0.0041,0.0024,0.0031,0.0007,0.0028,0.0024,0.0040,0.0025,0.0037,0.0037,0.0128,0.0123,0.0195,0.0264,0.0404,0.0626,0.1365,0.0031,0.1386,0.0614,0.0235
0.0026,0.0032,0.0030,0.0019,0.0015,0.0027,0.0015,0.0029,0.0020,0.0026,0.0007,0.0024,0.0021,0.0027,0.0029,0.0032,0.0031,0.0070,0.0089,0.0121,0.0581,0.1485,0.1940,0.3785,0.4294,0.0015,0.0235,0.0218