c1,c2,c3,c4,c5,c6,c7,c8,c9,c10,c11,c12,c13,c14,c15,c16,c17,c18,c19,c20,c21,c22,c23,c24,c25,c26,c27,c28
0.0014,0.0104,0.0009,0.0090,0.0136,0.0102,0.0109,0.0207,0.0077,0.0102,0.0094,0.0103,0.0089,0.0071,0.0060,0.0048,0.0052,0.0089,0.0065,0.0055,0.0068,0.0089,0.0182,0.0141,0.0091,0.0048,0.0038,0.0035
0.0104,0.1606,0.0475,0.0013,0.0099,0.0193,0.0055,0.0142,0.0078,0.0063,0.0051,0.0056,0.0055,0.0067,0.0053,0.0055,0.0059,0.0065,0.0032,0.0049,0.0055,0.0050,0.0134,0.0030,0.0054,0.0050,0.0035,0.0045
0.0009,0.0475,0.0498,0.0279,0.0002,0.0155,0.0177,0.0132,0.0095,0.0170,0.0215,0.0176,0.0142,0.0119,0.0065,0.0059,0.0070,0.0090,0.0054,0.0056,0.0037,0.0047,0.0137,0.0021,0.0036,0.0030,0.0020,0.0020
0.0090,0.0013,0.0279,0.0407,0.0032,0.0029,0.0061,0.0178,0.0046,0.0110,0.0130,0.0159,0.0104,0.0094,0.0093,0.0087,0.0090,0.0081,0.0046,0.0065,0.0068,0.0100,0.0057,0.0026,0.0040,0.0053,0.0038,0.0035
0.0136,0.0099,0.0002,0.0032,0.0053,0.0202,0.0010,0.0250,0.0120,0.0111,0.0341,0.0300,0.0257,0.0281,0.0165,0.0159,0.0281,0.0175,0.0075,0.0078,0.0042,0.0042,0.0030,0.0019,0.0032,0.0027,0.0028,0.0017
0.0102,0.0193,0.0155,0.0029,0.0202,0.0329,0.0076,0.0006,0.0065,0.0041,0.0064,0.0126,0.0132,0.0229,0.0133,0.0116,0.0103,0.0130,0.0053,0.0079,0.0058,0.0029,0.0055,0.0023,0.0035,0.0045,0.0044,0.0033
0.0109,0.0055,0.0177,0.0061,0.0010,0.0076,0.0265,0.0416,0.0020,0.0056,0.0080,0.0037,0.0142,0.0321,0.0215,0.0180,0.0244,0.0178,0.0082,0.0088,0.0044,0.0032,0.0021,0.0022,0.0029,0.0039,0.0029,0.0030
0.0207,0.0142,0.0132,0.0178,0.0250,0.0006,0.0416,0.0134,0.0040,0.0010,0.0099,0.0067,0.0050,0.0240,0.0209,0.0209,0.0137,0.0083,0.0053,0.0115,0.0071,0.0023,0.0025,0.0017,0.0033,0.0039,0.0044,0.0031
0.0077,0.0078,0.0095,0.0046,0.0120,0.0065,0.0020,0.0040,0.0376,0.0190,0.0023,0.0250,0.0222,0.0167,0.0528,0.0284,0.0698,0.0209,0.0071,0.0081,0.0036,0.0021,0.0023,0.0010,0.0017,0.0020,0.0016,0.0019
0.0102,0.0063,0.0170,0.0110,0.0111,0.0041,0.0056,0.0010,0.0190,0.0192,0.0364,0.0028,0.0120,0.0116,0.0062,0.0330,0.0337,0.0143,0.0066,0.0116,0.0052,0.0025,0.0032,0.0016,0.0027,0.0035,0.0037,0.0026
0.0094,0.0051,0.0215,0.0130,0.0341,0.0064,0.0080,0.0099,0.0023,0.0364,0.0057,0.0125,0.0017,0.0130,0.0125,0.0124,0.0389,0.0023,0.0080,0.0144,0.0066,0.0034,0.0027,0.0019,0.0026,0.0034,0.0046,0.0028
0.0103,0.0056,0.0176,0.0159,0.0300,0.0126,0.0037,0.0067,0.0250,0.0028,0.0125,0.0078,0.0282,0.0006,0.0219,0.0141,0.0106,0.0033,0.0083,0.0134,0.0085,0.0043,0.0044,0.0021,0.0029,0.0037,0.0036,0.0027
0.0089,0.0055,0.0142,0.0104,0.0257,0.0132,0.0142,0.0050,0.0222,0.0120,0.0017,0.0282,0.0117,0.0312,0.0006,0.0503,0.0073,0.0031,0.0071,0.0114,0.0092,0.0033,0.0033,0.0022,0.0027,0.0033,0.0030,0.0023
0.0071,0.0067,0.0119,0.0094,0.0281,0.0229,0.0321,0.0240,0.0167,0.0116,0.0130,0.0006,0.0312,0.0105,0.0122,0.0006,0.0124,0.0036,0.0038,0.0127,0.0092,0.0048,0.0036,0.0019,0.0030,0.0035,0.0037,0.0028
0.0060,0.0053,0.0065,0.0093,0.0165,0.0133,0.0215,0.0209,0.0528,0.0062,0.0125,0.0219,0.0006,0.0122,0.0410,0.0393,0.0015,0.0067,0.0092,0.0067,0.0060,0.0037,0.0028,0.0019,0.0023,0.0038,0.0023,0.0022
0.0048,0.0055,0.0059,0.0087,0.0159,0.0116,0.0180,0.0209,0.0284,0.0330,0.0124,0.0141,0.0503,0.0006,0.0393,0.0403,0.0068,0.0002,0.0056,0.0095,0.0051,0.0031,0.0033,0.0020,0.0035,0.0034,0.0032,0.0028
0.0052,0.0059,0.0070,0.0090,0.0281,0.0103,0.0244,0.0137,0.0698,0.0337,0.0389,0.0106,0.0073,0.0124,0.0015,0.0068,0.0380,0.0383,0.0001,0.0049,0.0039,0.0013,0.0018,0.0026,0.0038,0.0047,0.0036,0.0025
0.0089,0.0065,0.0090,0.0081,0.0175,0.0130,0.0178,0.0083,0.0209,0.0143,0.0023,0.0033,0.0031,0.0036,0.0067,0.0002,0.0383,0.0263,0.0493,0.0005,0.0095,0.0050,0.0034,0.0048,0.0078,0.0121,0.0108,0.0062
0.0065,0.0032,0.0054,0.0046,0.0075,0.0053,0.0082,0.0053,0.0071,0.0066,0.0080,0.0083,0.0071,0.0038,0.0092,0.0056,0.0001,0.0493,0.1046,0.0242,0.0020,0.0118,0.0080,0.0054,0.0115,0.0111,0.0107,0.0068
0.0055,0.0049,0.0056,0.0065,0.0078,0.0079,0.0088,0.0115,0.0081,0.0116,0.0144,0.0134,0.0114,0.0127,0.0067,0.0095,0.0049,0.0005,0.0242,0.0214,0.0237,0.0002,0.0089,0.0069,0.0055,0.0078,0.0079,0.0071
0.0068,0.0055,0.0037,0.0068,0.0042,0.0058,0.0044,0.0071,0.0036,0.0052,0.0066,0.0085,0.0092,0.0092,0.0060,0.0051,0.0039,0.0095,0.0020,0.0237,0.0635,0.0090,0.0005,0.0177,0.0084,0.0078,0.0195,0.0327
0.0089,0.0050,0.0047,0.0100,0.0042,0.0029,0.0032,0.0023,0.0021,0.0025,0.0034,0.0043,0.0033,0.0048,0.0037,0.0031,0.0013,0.0050,0.0118,0.0002,0.0090,0.0963,0.0395,0.0172,0.0796,0.0452,0.0830,0.0967
0.0182,0.0134,0.0137,0.0057,0.0030,0.0055,0.0021,0.0025,0.0023,0.0032,0.0027,0.0044,0.0033,0.0036,0.0028,0.0033,0.0018,0.0034,0.0080,0.0089,0.0005,0.0395,0.0387,0.1495,0.0009,0.0864,0.0775,0.1108
0.0141,0.0030,0.0021,0.0026,0.0019,0.0023,0.0022,0.0017,0.0010,0.0016,0.0019,0.0021,0.0022,0.0019,0.0019,0.0020,0.0026,0.0048,0.0054,0.0069,0.0177,0.0172,0.1495,0.1094,0.1783,0.0072,0.4019,0.4143
0.0091,0.0054,0.0036,0.0040,0.0032,0.0035,0.0029,0.0033,0.0017,0.0027,0.0026,0.0029,0.0027,0.0030,0.0023,0.0035,0.0038,0.0078,0.0115,0.0055,0.0084,0.0796,0.0009,0.1783,0.1041,0.1833,0.0015,0.3208
0.0048,0.0050,0.0030,0.0053,0.0027,0.0045,0.0039,0.0039,0.0020,0.0035,0.0034,0.0037,0.0033,0.0035,0.0038,0.0034,0.0047,0.0121,0.0111,0.0078,0.0078,0.0452,0.0864,0.0072,0.1833,0.2578,0.0318,0.0003
0.0038,0.0035,0.0020,0.0038,0.0028,0.0044,0.0029,0.0044,0.0016,0.0037,0.0046,0.0036,0.0030,0.0037,0.0023,0.0032,0.0036,0.0108,0.0107,0.0079,0.0195,0.0830,0.0775,0.4019,0.0015,0.0318,0.0140,0.0268
0.0035,0.0045,0.0020,0.0035,0.0017,0.0033,0.0030,0.0031,0.0019,0.0026,0.0028,0.0027,0.0023,0.0028,0.0022,0.0028,0.0025,0.0062,0.0068,0.0071,0.0327,0.0967,0.1108,0.4143,0.3208,0.0003,0.0268,0.1028