c1,c2,c3,c4,c5,c6,c7,c8,c9,c10,c11,c12,c13,c14,c15,c16,c17,c18,c19,c20,c21,c22,c23,c24,c25,c26,c27,c28
0.0015,0.0129,0.0003,0.0115,0.0122,0.0247,0.0092,0.0266,0.0099,0.0143,0.0077,0.0089,0.0055,0.0073,0.0047,0.0062,0.0052,0.0076,0.0073,0.0080,0.0091,0.0059,0.0118,0.0093,0.0087,0.0052,0.0046,0.0042
0.0129,0.1446,0.0665,0.0017,0.0257,0.0210,0.0066,0.0135,0.0083,0.0098,0.0076,0.0067,0.0042,0.0049,0.0024,0.0046,0.0042,0.0042,0.0019,0.0046,0.0046,0.0048,0.0108,0.0037,0.0049,0.0045,0.0042,0.0051
0.0003,0.0665,0.0400,0.0314,0.0002,0.0316,0.0130,0.0139,0.0101,0.0210,0.0173,0.0171,0.0090,0.0098,0.0057,0.0066,0.0063,0.0078,0.0052,0.0077,0.0043,0.0039,0.0082,0.0031,0.0050,0.0031,0.0034,0.0026
0.0115,0.0017,0.0314,0.0675,0.0039,0.0051,0.0044,0.0137,0.0050,0.0109,0.0104,0.0132,0.0083,0.0097,0.0057,0.0067,0.0071,0.0064,0.0049,0.0066,0.0054,0.0065,0.0068,0.0030,0.0050,0.0054,0.0055,0.0040
0.0122,0.0257,0.0002,0.0039,0.0080,0.0438,0.0018,0.0101,0.0158,0.0068,0.0208,0.0432,0.0238,0.0178,0.0129,0.0094,0.0185,0.0109,0.0058,0.0066,0.0032,0.0030,0.0041,0.0024,0.0041,0.0030,0.0054,0.0021
0.0247,0.0210,0.0316,0.0051,0.0438,0.0423,0.0073,0.0020,0.0101,0.0061,0.0038,0.0179,0.0116,0.0183,0.0061,0.0071,0.0045,0.0044,0.0033,0.0053,0.0041,0.0030,0.0040,0.0017,0.0036,0.0044,0.0045,0.0037
0.0092,0.0066,0.0130,0.0044,0.0018,0.0073,0.0218,0.0146,0.0070,0.0133,0.0242,0.0135,0.0321,0.0266,0.0177,0.0137,0.0131,0.0126,0.0058,0.0050,0.0026,0.0021,0.0026,0.0014,0.0028,0.0033,0.0031,0.0029
0.0266,0.0135,0.0139,0.0137,0.0101,0.0020,0.0146,0.0207,0.0060,0.0008,0.0078,0.0265,0.0095,0.0370,0.0198,0.0170,0.0080,0.0087,0.0031,0.0052,0.0038,0.0032,0.0035,0.0017,0.0036,0.0038,0.0043,0.0029
0.0099,0.0083,0.0101,0.0050,0.0158,0.0101,0.0070,0.0060,0.0190,0.0254,0.0012,0.0266,0.0602,0.0207,0.0453,0.0190,0.0359,0.0222,0.0058,0.0047,0.0022,0.0017,0.0018,0.0009,0.0017,0.0017,0.0019,0.0019
0.0143,0.0098,0.0210,0.0109,0.0068,0.0061,0.0133,0.0008,0.0254,0.0379,0.0049,0.0010,0.0146,0.0195,0.0079,0.0221,0.0159,0.0105,0.0054,0.0080,0.0049,0.0038,0.0037,0.0020,0.0036,0.0037,0.0050,0.0032
0.0077,0.0076,0.0173,0.0104,0.0208,0.0038,0.0242,0.0078,0.0012,0.0049,0.0792,0.1196,0.0003,0.0119,0.0220,0.0095,0.0659,0.0149,0.0089,0.0066,0.0039,0.0037,0.0024,0.0013,0.0021,0.0022,0.0025,0.0028
0.0089,0.0067,0.0171,0.0132,0.0432,0.0179,0.0135,0.0265,0.0266,0.0010,0.1196,0.0048,0.0398,0.0001,0.0089,0.0118,0.0096,0.0019,0.0074,0.0127,0.0056,0.0058,0.0043,0.0018,0.0024,0.0023,0.0044,0.0029
0.0055,0.0042,0.0090,0.0083,0.0238,0.0116,0.0321,0.0095,0.0602,0.0146,0.0003,0.0398,0.1584,0.0811,0.0020,0.0102,0.0298,0.0033,0.0201,0.0062,0.0031,0.0018,0.0022,0.0011,0.0016,0.0014,0.0018,0.0018
0.0073,0.0049,0.0098,0.0097,0.0178,0.0183,0.0266,0.0370,0.0207,0.0195,0.0119,0.0001,0.0811,0.0133,0.0199,0.0005,0.0291,0.0023,0.0049,0.0108,0.0065,0.0058,0.0059,0.0018,0.0025,0.0025,0.0058,0.0024
0.0047,0.0024,0.0057,0.0057,0.0129,0.0061,0.0177,0.0198,0.0453,0.0079,0.0220,0.0089,0.0020,0.0199,0.0785,0.0463,0.0012,0.0038,0.0071,0.0064,0.0060,0.0064,0.0072,0.0017,0.0026,0.0031,0.0029,0.0029
0.0062,0.0046,0.0066,0.0067,0.0094,0.0071,0.0137,0.0170,0.0190,0.0221,0.0095,0.0118,0.0102,0.0005,0.0463,0.0592,0.0140,0.0003,0.0053,0.0124,0.0050,0.0059,0.0082,0.0030,0.0041,0.0035,0.0052,0.0033
0.0052,0.0042,0.0063,0.0071,0.0185,0.0045,0.0131,0.0080,0.0359,0.0159,0.0659,0.0096,0.0298,0.0291,0.0012,0.0140,0.0639,0.0457,0.0001,0.0046,0.0056,0.0022,0.0039,0.0020,0.0038,0.0033,0.0044,0.0031
0.0076,0.0042,0.0078,0.0064,0.0109,0.0044,0.0126,0.0087,0.0222,0.0105,0.0149,0.0019,0.0033,0.0023,0.0038,0.0003,0.0457,0.0285,0.0979,0.0007,0.0100,0.0076,0.0057,0.0039,0.0089,0.0108,0.0135,0.0066
0.0073,0.0019,0.0052,0.0049,0.0058,0.0033,0.0058,0.0031,0.0058,0.0054,0.0089,0.0074,0.0201,0.0049,0.0071,0.0053,0.0001,0.0979,0.1459,0.0239,0.0020,0.0294,0.0153,0.0038,0.0100,0.0094,0.0116,0.0074
0.0080,0.0046,0.0077,0.0066,0.0066,0.0053,0.0050,0.0052,0.0047,0.0080,0.0066,0.0127,0.0062,0.0108,0.0064,0.0124,0.0046,0.0007,0.0239,0.0349,0.0251,0.0005,0.0112,0.0092,0.0065,0.0081,0.0124,0.0101
0.0091,0.0046,0.0043,0.0054,0.0032,0.0041,0.0026,0.0038,0.0022,0.0049,0.0039,0.0056,0.0031,0.0065,0.0060,0.0050,0.0056,0.0100,0.0020,0.0251,0.0817,0.0351,0.0009,0.0294,0.0200,0.0121,0.0160,0.0393
0.0059,0.0048,0.0039,0.0065,0.0030,0.0030,0.0021,0.0032,0.0017,0.0038,0.0037,0.0058,0.0018,0.0058,0.0064,0.0059,0.0022,0.0076,0.0294,0.0005,0.0351,0.0638,0.0257,0.0077,0.0445,0.0372,0.0217,0.0620
0.0118,0.0108,0.0082,0.0068,0.0041,0.0040,0.0026,0.0035,0.0018,0.0037,0.0024,0.0043,0.0022,0.0059,0.0072,0.0082,0.0039,0.0057,0.0153,0.0112,0.0009,0.0257,0.0349,0.0518,0.0012,0.0238,0.0373,0.0658
0.0093,0.0037,0.0031,0.0030,0.0024,0.0017,0.0014,0.0017,0.0009,0.0020,0.0013,0.0018,0.0011,0.0018,0.0017,0.0030,0.0020,0.0039,0.0038,0.0092,0.0294,0.0077,0.0518,0.4283,0.1214,0.0279,0.2071,0.7152
0.0087,0.0049,0.0050,0.0050,0.0041,0.0036,0.0028,0.0036,0.0017,0.0036,0.0021,0.0024,0.0016,0.0025,0.0026,0.0041,0.0038,0.0089,0.0100,0.0065,0.0200,0.0445,0.0012,0.1214,0.0423,0.2150,0.0017,0.3528
0.0052,0.0045,0.0031,0.0054,0.0030,0.0044,0.0033,0.0038,0.0017,0.0037,0.0022,0.0023,0.0014,0.0025,0.0031,0.0035,0.0033,0.0108,0.0094,0.0081,0.0121,0.0372,0.0238,0.0279,0.2150,0.6486,0.0556,0.0004
0.0046,0.0042,0.0034,0.0055,0.0054,0.0045,0.0031,0.0043,0.0019,0.0050,0.0025,0.0044,0.0018,0.0058,0.0029,0.0052,0.0044,0.0135,0.0116,0.0124,0.0160,0.0217,0.0373,0.2071,0.0017,0.0556,0.0158,0.0088
0.0042,0.0051,0.0026,0.0040,0.0021,0.0037,0.0029,0.0029,0.0019,0.0032,0.0028,0.0029,0.0018,0.0024,0.0029,0.0033,0.0031,0.0066,0.0074,0.0101,0.0393,0.0620,0.0658,0.7152,0.3528,0.0004,0.0088,0.0184