c1,c2,c3,c4,c5,c6,c7,c8,c9,c10,c11,c12,c13,c14,c15,c16,c17,c18,c19,c20,c21,c22,c23,c24,c25,c26,c27,c28
0.0015,0.0133,0.0005,0.0079,0.0171,0.0139,0.0098,0.0154,0.0136,0.0073,0.0029,0.0091,0.0055,0.0069,0.0064,0.0067,0.0055,0.0086,0.0074,0.0072,0.0088,0.0075,0.0156,0.0090,0.0086,0.0074,0.0062,0.0060
0.0133,0.2378,0.0676,0.0034,0.0290,0.0241,0.0046,0.0097,0.0100,0.0081,0.0047,0.0061,0.0034,0.0052,0.0031,0.0047,0.0037,0.0036,0.0024,0.0040,0.0037,0.0057,0.0098,0.0045,0.0035,0.0041,0.0042,0.0058
0.0005,0.0676,0.0469,0.0298,0.0003,0.0167,0.0099,0.0100,0.0110,0.0183,0.0111,0.0127,0.0100,0.0099,0.0056,0.0062,0.0051,0.0075,0.0054,0.0066,0.0047,0.0048,0.0065,0.0060,0.0044,0.0044,0.0032,0.0036
0.0079,0.0034,0.0298,0.0535,0.0048,0.0054,0.0066,0.0105,0.0061,0.0122,0.0118,0.0203,0.0075,0.0080,0.0069,0.0076,0.0066,0.0056,0.0049,0.0055,0.0044,0.0058,0.0057,0.0036,0.0035,0.0049,0.0042,0.0042
0.0171,0.0290,0.0003,0.0048,0.0073,0.0355,0.0016,0.0186,0.0110,0.0094,0.0177,0.0239,0.0186,0.0150,0.0136,0.0098,0.0220,0.0123,0.0102,0.0062,0.0029,0.0030,0.0029,0.0023,0.0024,0.0034,0.0041,0.0023
0.0139,0.0241,0.0167,0.0054,0.0355,0.0477,0.0111,0.0006,0.0074,0.0079,0.0067,0.0135,0.0082,0.0202,0.0110,0.0093,0.0057,0.0071,0.0053,0.0053,0.0036,0.0028,0.0035,0.0024,0.0031,0.0054,0.0041,0.0035
0.0098,0.0046,0.0099,0.0066,0.0016,0.0111,0.0380,0.0305,0.0029,0.0137,0.0381,0.0039,0.0161,0.0133,0.0182,0.0144,0.0131,0.0147,0.0072,0.0050,0.0030,0.0030,0.0022,0.0024,0.0024,0.0048,0.0030,0.0030
0.0154,0.0097,0.0100,0.0105,0.0186,0.0006,0.0305,0.0131,0.0041,0.0007,0.0097,0.0095,0.0061,0.0239,0.0165,0.0222,0.0157,0.0118,0.0071,0.0111,0.0041,0.0028,0.0034,0.0028,0.0044,0.0060,0.0048,0.0035
0.0136,0.0100,0.0110,0.0061,0.0110,0.0074,0.0029,0.0041,0.0278,0.0158,0.0005,0.0078,0.0093,0.0101,0.0339,0.0233,0.0829,0.0140,0.0047,0.0060,0.0044,0.0034,0.0030,0.0025,0.0032,0.0047,0.0037,0.0033
0.0073,0.0081,0.0183,0.0122,0.0094,0.0079,0.0137,0.0007,0.0158,0.0617,0.0215,0.0012,0.0127,0.0085,0.0120,0.0188,0.0302,0.0208,0.0058,0.0062,0.0034,0.0030,0.0030,0.0019,0.0022,0.0037,0.0033,0.0033
0.0029,0.0047,0.0111,0.0118,0.0177,0.0067,0.0381,0.0097,0.0005,0.0215,0.0069,0.1433,0.0011,0.0236,0.0427,0.0312,0.3253,0.0528,0.0170,0.0076,0.0024,0.0016,0.0009,0.0006,0.0009,0.0020,0.0011,0.0014
0.0091,0.0061,0.0127,0.0203,0.0239,0.0135,0.0039,0.0095,0.0078,0.0012,0.1433,0.0097,0.0620,0.0001,0.0043,0.0088,0.0131,0.0044,0.0162,0.0237,0.0073,0.0067,0.0045,0.0023,0.0032,0.0041,0.0039,0.0034
0.0055,0.0034,0.0100,0.0075,0.0186,0.0082,0.0161,0.0061,0.0093,0.0127,0.0011,0.0620,0.0621,0.0744,0.0005,0.0121,0.0174,0.0030,0.0121,0.0098,0.0058,0.0058,0.0044,0.0028,0.0021,0.0037,0.0024,0.0027
0.0069,0.0052,0.0099,0.0080,0.0150,0.0202,0.0133,0.0239,0.0101,0.0085,0.0236,0.0001,0.0744,0.0027,0.0249,0.0004,0.0151,0.0047,0.0061,0.0437,0.0097,0.0072,0.0083,0.0034,0.0036,0.0043,0.0049,0.0032
0.0064,0.0031,0.0056,0.0069,0.0136,0.0110,0.0182,0.0165,0.0339,0.0120,0.0427,0.0043,0.0005,0.0249,0.0891,0.0453,0.0006,0.0054,0.0088,0.0060,0.0056,0.0047,0.0048,0.0024,0.0022,0.0043,0.0028,0.0036
0.0067,0.0047,0.0062,0.0076,0.0098,0.0093,0.0144,0.0222,0.0233,0.0188,0.0312,0.0088,0.0121,0.0004,0.0453,0.0314,0.0083,0.0002,0.0045,0.0166,0.0054,0.0050,0.0053,0.0032,0.0043,0.0051,0.0044,0.0039
0.0055,0.0037,0.0051,0.0066,0.0220,0.0057,0.0131,0.0157,0.0829,0.0302,0.3253,0.0131,0.0174,0.0151,0.0006,0.0083,0.0430,0.0316,0.0001,0.0035,0.0044,0.0013,0.0025,0.0021,0.0036,0.0040,0.0038,0.0032
0.0086,0.0036,0.0075,0.0056,0.0123,0.0071,0.0147,0.0118,0.0140,0.0208,0.0528,0.0044,0.0030,0.0047,0.0054,0.0002,0.0316,0.0255,0.0556,0.0004,0.0074,0.0060,0.0034,0.0038,0.0072,0.0106,0.0089,0.0054
0.0074,0.0024,0.0054,0.0049,0.0102,0.0053,0.0072,0.0071,0.0047,0.0058,0.0170,0.0162,0.0121,0.0061,0.0088,0.0045,0.0001,0.0556,0.2017,0.0219,0.0004,0.0189,0.0088,0.0035,0.0074,0.0107,0.0084,0.0074
0.0072,0.0040,0.0066,0.0055,0.0062,0.0053,0.0050,0.0111,0.0060,0.0062,0.0076,0.0237,0.0098,0.0437,0.0060,0.0166,0.0035,0.0004,0.0219,0.0490,0.0069,0.0006,0.0080,0.0066,0.0062,0.0070,0.0102,0.0081
0.0088,0.0037,0.0047,0.0044,0.0029,0.0036,0.0030,0.0041,0.0044,0.0034,0.0024,0.0073,0.0058,0.0097,0.0056,0.0054,0.0044,0.0074,0.0004,0.0069,0.1554,0.0739,0.0008,0.0233,0.0466,0.0146,0.0284,0.0393
0.0075,0.0057,0.0048,0.0058,0.0030,0.0028,0.0030,0.0028,0.0034,0.0030,0.0016,0.0067,0.0058,0.0072,0.0047,0.0050,0.0013,0.0060,0.0189,0.0006,0.0739,0.0655,0.0515,0.0029,0.0288,0.0442,0.0141,0.0548
0.0156,0.0098,0.0065,0.0057,0.0029,0.0035,0.0022,0.0034,0.0030,0.0030,0.0009,0.0045,0.0044,0.0083,0.0048,0.0053,0.0025,0.0034,0.0088,0.0080,0.0008,0.0515,0.0931,0.0824,0.0027,0.0316,0.0435,0.0583
0.0090,0.0045,0.0060,0.0036,0.0023,0.0024,0.0024,0.0028,0.0025,0.0019,0.0006,0.0023,0.0028,0.0034,0.0024,0.0032,0.0021,0.0038,0.0035,0.0066,0.0233,0.0029,0.0824,0.3340,0.1884,0.0049,0.1398,0.3433
0.0086,0.0035,0.0044,0.0035,0.0024,0.0031,0.0024,0.0044,0.0032,0.0022,0.0009,0.0032,0.0021,0.0036,0.0022,0.0043,0.0036,0.0072,0.0074,0.0062,0.0466,0.0288,0.0027,0.1884,0.0511,0.1124,0.0057,0.2835
0.0074,0.0041,0.0044,0.0049,0.0034,0.0054,0.0048,0.0060,0.0047,0.0037,0.0020,0.0041,0.0037,0.0043,0.0043,0.0051,0.0040,0.0106,0.0107,0.0070,0.0146,0.0442,0.0316,0.0049,0.1124,0.1190,0.0309,0.0003
0.0062,0.0042,0.0032,0.0042,0.0041,0.0041,0.0030,0.0048,0.0037,0.0033,0.0011,0.0039,0.0024,0.0049,0.0028,0.0044,0.0038,0.0089,0.0084,0.0102,0.0284,0.0141,0.0435,0.1398,0.0057,0.0309,0.0992,0.0076
0.0060,0.0058,0.0036,0.0042,0.0023,0.0035,0.0030,0.0035,0.0033,0.0033,0.0014,0.0034,0.0027,0.0032,0.0036,0.0039,0.0032,0.0054,0.0074,0.0081,0.0393,0.0548,0.0583,0.3433,0.2835,0.0003,0.0076,0.0450