c1,c2,c3,c4,c5,c6,c7,c8,c9,c10,c11,c12,c13,c14,c15,c16,c17,c18,c19,c20,c21,c22,c23,c24,c25,c26,c27,c28
0.0000,0.0023,0.0001,0.0012,0.0170,0.0102,0.0740,0.0325,0.0512,0.0293,0.1442,0.0261,0.0093,0.0012,0.0022,0.0019,0.0053,0.0108,0.0118,0.0250,0.0665,0.2608,0.1596,0.1664,0.0307,0.0098,0.0021,0.0008
0.0023,0.0149,0.0005,0.0005,0.0072,0.0063,0.0136,0.0354,0.0087,0.0060,0.0077,0.0173,0.0059,0.0032,0.0044,0.0050,0.0030,0.0060,0.0040,0.0096,0.0139,0.0248,0.0080,0.0246,0.0113,0.0107,0.0187,0.0134
0.0001,0.0005,0.0008,0.0080,0.0001,0.0013,0.0372,0.0168,0.4060,0.0488,0.0747,0.0124,0.0124,0.0035,0.0069,0.0054,0.0029,0.0049,0.0036,0.0062,0.0139,0.0152,0.0228,0.0326,0.0234,0.0171,0.0108,0.0044
0.0012,0.0005,0.0080,0.0154,0.0046,0.0006,0.0062,0.0010,0.0063,0.0127,0.0109,0.0113,0.0075,0.0095,0.0057,0.0067,0.0043,0.0096,0.0064,0.0135,0.0159,0.0244,0.0148,0.0349,0.0122,0.0158,0.0131,0.0117
0.0170,0.0072,0.0001,0.0046,0.0145,0.0897,0.0001,0.0047,0.0003,0.0026,0.0071,0.0049,0.0049,0.0132,0.0054,0.0086,0.0084,0.0091,0.0059,0.0135,0.0090,0.0161,0.0126,0.0240,0.0174,0.0241,0.0599,0.0441
0.0102,0.0063,0.0013,0.0006,0.0897,0.0382,0.0268,0.0018,0.0000,0.0008,0.0013,0.0056,0.0035,0.0042,0.0069,0.0079,0.0050,0.0151,0.0062,0.0137,0.0207,0.0219,0.0234,0.0203,0.0140,0.0194,0.0406,0.0668
0.0740,0.0136,0.0372,0.0062,0.0001,0.0268,0.0345,0.0890,0.0000,0.0015,0.0036,0.0033,0.0094,0.0060,0.0061,0.0113,0.0065,0.0141,0.0070,0.0155,0.0080,0.0149,0.0207,0.0177,0.0204,0.0133,0.0119,0.0083
0.0325,0.0354,0.0168,0.0010,0.0047,0.0018,0.0890,0.0737,0.0001,0.0003,0.0012,0.0347,0.0048,0.0076,0.0066,0.0027,0.0047,0.0086,0.0054,0.0082,0.0089,0.0218,0.0125,0.0226,0.0092,0.0087,0.0104,0.0079
0.0512,0.0087,0.4060,0.0063,0.0003,0.0000,0.0000,0.0001,0.0001,0.0147,0.0000,0.0000,0.0001,0.0004,0.0053,0.0087,0.0141,0.1242,0.0616,0.4598,0.3245,0.7971,0.9363,0.5170,0.2612,0.0690,0.0193,0.0089
0.0293,0.0060,0.0488,0.0127,0.0026,0.0008,0.0015,0.0003,0.0147,0.1060,0.0025,0.0003,0.0074,0.0045,0.0018,0.0060,0.0057,0.0151,0.0094,0.0164,0.0216,0.0475,0.0339,0.0316,0.0083,0.0061,0.0043,0.0041
0.1442,0.0077,0.0747,0.0109,0.0071,0.0013,0.0036,0.0012,0.0000,0.0025,0.0031,0.0008,0.0000,0.0007,0.0012,0.0053,0.0603,0.1194,0.0555,0.0634,0.1224,0.1199,0.1196,0.0165,0.0094,0.0119,0.0089,0.0040
0.0261,0.0173,0.0124,0.0113,0.0049,0.0056,0.0033,0.0347,0.0000,0.0003,0.0008,0.0032,0.0277,0.0018,0.0121,0.0089,0.0080,0.0878,0.0451,0.0375,0.0658,0.0187,0.0336,0.0059,0.0048,0.0026,0.0021,0.0031
0.0093,0.0059,0.0124,0.0075,0.0049,0.0035,0.0094,0.0048,0.0001,0.0074,0.0000,0.0277,0.0076,0.0100,0.0003,0.0039,0.0165,0.1090,0.0739,0.1211,0.0414,0.0307,0.0223,0.0099,0.0049,0.0046,0.0042,0.0067
0.0012,0.0032,0.0035,0.0095,0.0132,0.0042,0.0060,0.0076,0.0004,0.0045,0.0007,0.0018,0.0100,0.0000,0.6968,0.0095,0.0291,0.4658,0.3774,0.4266,0.0549,0.0101,0.0094,0.0048,0.0001,0.0020,0.0035,0.0032
0.0022,0.0044,0.0069,0.0057,0.0054,0.0069,0.0061,0.0066,0.0053,0.0018,0.0012,0.0121,0.0003,0.6968,0.0250,0.0951,0.0005,0.0096,0.0069,0.0094,0.0300,0.0080,0.0085,0.0067,0.0029,0.0058,0.0085,0.0084
0.0019,0.0050,0.0054,0.0067,0.0086,0.0079,0.0113,0.0027,0.0087,0.0060,0.0053,0.0089,0.0039,0.0095,0.0951,0.1555,0.1924,0.0000,0.0021,0.0095,0.0086,0.0081,0.0039,0.0055,0.0024,0.0051,0.0116,0.0212
0.0053,0.0030,0.0029,0.0043,0.0084,0.0050,0.0065,0.0047,0.0141,0.0057,0.0603,0.0080,0.0165,0.0291,0.0005,0.1924,0.0305,0.0136,0.0001,0.0023,0.0070,0.0027,0.0077,0.0062,0.0030,0.0089,0.0258,0.0185
0.0108,0.0060,0.0049,0.0096,0.0091,0.0151,0.0141,0.0086,0.1242,0.0151,0.1194,0.0878,0.1090,0.4658,0.0096,0.0000,0.0136,0.0204,0.0008,0.0000,0.0002,0.0005,0.0031,0.0056,0.0045,0.0043,0.0110,0.0059
0.0118,0.0040,0.0036,0.0064,0.0059,0.0062,0.0070,0.0054,0.0616,0.0094,0.0555,0.0451,0.0739,0.3774,0.0069,0.0021,0.0001,0.0008,0.0162,0.0025,0.0001,0.0007,0.0025,0.0052,0.0216,0.0124,0.0357,0.0163
0.0250,0.0096,0.0062,0.0135,0.0135,0.0137,0.0155,0.0082,0.4598,0.0164,0.0634,0.0375,0.1211,0.4266,0.0094,0.0095,0.0023,0.0000,0.0025,0.0028,0.0005,0.0000,0.0000,0.0012,0.0090,0.0241,0.0163,0.0381
0.0665,0.0139,0.0139,0.0159,0.0090,0.0207,0.0080,0.0089,0.3245,0.0216,0.1224,0.0658,0.0414,0.0549,0.0300,0.0086,0.0070,0.0002,0.0001,0.0005,0.0089,0.0007,0.0000,0.0001,0.0118,0.0036,0.0187,0.0255
0.2608,0.0248,0.0152,0.0244,0.0161,0.0219,0.0149,0.0218,0.7971,0.0475,0.1199,0.0187,0.0307,0.0101,0.0080,0.0081,0.0027,0.0005,0.0007,0.0000,0.0007,0.0069,0.0017,0.0000,0.0008,0.0065,0.0015,0.0177
0.1596,0.0080,0.0228,0.0148,0.0126,0.0234,0.0207,0.0125,0.9363,0.0339,0.1196,0.0336,0.0223,0.0094,0.0085,0.0039,0.0077,0.0031,0.0025,0.0000,0.0000,0.0017,0.0261,0.0039,0.0005,0.0002,0.0015,0.0048
0.1664,0.0246,0.0326,0.0349,0.0240,0.0203,0.0177,0.0226,0.5170,0.0316,0.0165,0.0059,0.0099,0.0048,0.0067,0.0055,0.0062,0.0056,0.0052,0.0012,0.0001,0.0000,0.0039,0.0176,0.0293,0.0001,0.0002,0.0027
0.0307,0.0113,0.0234,0.0122,0.0174,0.0140,0.0204,0.0092,0.2612,0.0083,0.0094,0.0048,0.0049,0.0001,0.0029,0.0024,0.0030,0.0045,0.0216,0.0090,0.0118,0.0008,0.0005,0.0293,0.0165,0.0915,0.0004,0.0011
0.0098,0.0107,0.0171,0.0158,0.0241,0.0194,0.0133,0.0087,0.0690,0.0061,0.0119,0.0026,0.0046,0.0020,0.0058,0.0051,0.0089,0.0043,0.0124,0.0241,0.0036,0.0065,0.0002,0.0001,0.0915,0.0236,0.0151,0.0006
0.0021,0.0187,0.0108,0.0131,0.0599,0.0406,0.0119,0.0104,0.0193,0.0043,0.0089,0.0021,0.0042,0.0035,0.0085,0.0116,0.0258,0.0110,0.0357,0.0163,0.0187,0.0015,0.0015,0.0002,0.0004,0.0151,0.0141,0.0014
0.0008,0.0134,0.0044,0.0117,0.0441,0.0668,0.0083,0.0079,0.0089,0.0041,0.0040,0.0031,0.0067,0.0032,0.0084,0.0212,0.0185,0.0059,0.0163,0.0381,0.0255,0.0177,0.0048,0.0027,0.0011,0.0006,0.0014,0.0088