c1,c2,c3,c4,c5,c6,c7,c8,c9,c10,c11,c12,c13,c14,c15,c16,c17,c18,c19,c20,c21,c22,c23,c24,c25,c26
0.0007,0.0011,0.0001,0.0000,0.0004,0.0002,0.0009,0.0004,0.0017,0.0018,0.0034,0.0030,0.0035,0.0017,0.0017,0.0010,0.0016,0.0026,0.0040,0.0093,0.0100,0.3575,0.9624,0.9858,0.9996,0.6659
0.0011,0.0441,0.0121,0.0000,0.0002,0.0000,0.0002,0.0015,0.0016,0.0016,0.0026,0.0026,0.0039,0.0037,0.0025,0.0020,0.0027,0.0039,0.0062,0.0071,0.0811,0.1007,0.9999,0.1150,0.9964,0.0165
0.0001,0.0121,0.0177,0.0000,0.0000,0.0000,0.0006,0.0002,0.0033,0.0012,0.0022,0.0013,0.0032,0.0021,0.0027,0.0017,0.0038,0.0163,0.0115,0.9996,0.0318,0.9972,0.2796,0.2347,0.0103,0.0154
0.0000,0.0000,0.0000,0.0035,0.0008,0.0000,0.0000,0.0001,0.0003,0.0026,0.0046,0.0016,0.0053,0.0078,0.0060,0.0023,0.0087,0.0366,0.5612,0.1119,0.9991,0.2543,1.0000,0.0294,0.1866,0.0093
0.0004,0.0002,0.0000,0.0008,0.0114,0.0001,0.0007,0.0003,0.0039,0.0006,0.0029,0.0012,0.0062,0.0052,0.0114,0.0095,0.0275,0.8211,0.0411,0.9992,0.0417,0.1995,0.0639,0.0093,0.0041,0.0056
0.0002,0.0000,0.0000,0.0000,0.0001,0.0023,0.0002,0.0000,0.0000,0.0000,0.0003,0.0018,0.0090,0.0083,0.0095,0.0234,0.1285,0.9593,1.0000,0.1633,0.9994,0.0541,0.9388,0.0179,0.0337,0.0054
0.0009,0.0002,0.0006,0.0000,0.0007,0.0002,0.4420,0.0000,0.0002,0.0007,0.0013,0.0009,0.0472,0.0554,0.9871,0.5729,0.4898,0.9659,0.0115,0.1510,0.0048,0.0049,0.0027,0.0028,0.0014,0.0028
0.0004,0.0015,0.0002,0.0001,0.0003,0.0000,0.0000,0.0024,0.0022,0.0001,0.0026,0.0005,0.0145,0.1864,0.3140,0.9999,0.9998,0.2987,0.4031,0.0043,0.0182,0.0022,0.0079,0.0017,0.0020,0.0016
0.0017,0.0016,0.0033,0.0003,0.0039,0.0000,0.0002,0.0022,0.0079,0.0097,0.0003,0.0034,0.0550,0.6048,0.9915,0.9654,0.1600,0.0156,0.0112,0.0054,0.0039,0.0020,0.0018,0.0018,0.0029,0.0017
0.0018,0.0016,0.0012,0.0026,0.0006,0.0000,0.0007,0.0001,0.0097,0.0073,0.0673,0.0194,0.2198,0.1402,0.2049,0.9766,0.4549,0.0063,0.0037,0.0021,0.0071,0.0025,0.0055,0.0027,0.0061,0.0014
0.0034,0.0026,0.0022,0.0046,0.0029,0.0003,0.0013,0.0026,0.0003,0.0673,0.0443,0.4776,0.0012,0.1637,0.0625,0.3359,0.0697,0.0092,0.0035,0.0029,0.0032,0.0019,0.0036,0.0027,0.0048,0.0035
0.0030,0.0026,0.0013,0.0016,0.0012,0.0018,0.0009,0.0005,0.0034,0.0194,0.4776,0.9104,0.1976,0.0062,0.0126,0.1057,0.0165,0.0049,0.0022,0.0016,0.0043,0.0036,0.0014,0.0057,0.0044,0.0048
0.0035,0.0039,0.0032,0.0053,0.0062,0.0090,0.0472,0.0145,0.0550,0.2198,0.0012,0.1976,0.1964,0.3300,0.0001,0.0006,0.0024,0.0014,0.0023,0.0035,0.0043,0.0023,0.0018,0.0051,0.0047,0.0050
0.0017,0.0037,0.0021,0.0078,0.0052,0.0083,0.0554,0.1864,0.6048,0.1402,0.1637,0.0062,0.3300,0.0017,0.0210,0.0001,0.0005,0.0002,0.0003,0.0022,0.0053,0.0168,0.0029,0.0045,0.0033,0.0028
0.0017,0.0025,0.0027,0.0060,0.0114,0.0095,0.9871,0.3140,0.9915,0.2049,0.0625,0.0126,0.0001,0.0210,0.0070,0.0012,0.0000,0.0003,0.0003,0.0005,0.0033,0.0025,0.0018,0.0038,0.0010,0.0049
0.0010,0.0020,0.0017,0.0023,0.0095,0.0234,0.5729,0.9999,0.9654,0.9766,0.3359,0.1057,0.0006,0.0001,0.0012,0.0020,0.0003,0.0000,0.0001,0.0002,0.0003,0.0027,0.0006,0.0021,0.0013,0.0020
0.0016,0.0027,0.0038,0.0087,0.0275,0.1285,0.4898,0.9998,0.1600,0.4549,0.0697,0.0165,0.0024,0.0005,0.0000,0.0003,0.0062,0.0058,0.0000,0.0002,0.0010,0.0026,0.0010,0.0050,0.0020,0.0024
0.0026,0.0039,0.0163,0.0366,0.8211,0.9593,0.9659,0.2987,0.0156,0.0063,0.0092,0.0049,0.0014,0.0002,0.0003,0.0000,0.0058,0.0094,0.0060,0.0002,0.0008,0.0013,0.0006,0.0030,0.0021,0.0025
0.0040,0.0062,0.0115,0.5612,0.0411,1.0000,0.0115,0.4031,0.0112,0.0037,0.0035,0.0022,0.0023,0.0003,0.0003,0.0001,0.0000,0.0060,0.0699,0.0483,0.0009,0.0005,0.0001,0.0018,0.0024,0.0031
0.0093,0.0071,0.9996,0.1119,0.9992,0.1633,0.1510,0.0043,0.0054,0.0021,0.0029,0.0016,0.0035,0.0022,0.0005,0.0002,0.0002,0.0002,0.0483,0.0288,0.0001,0.0004,0.0000,0.0033,0.0003,0.0071
0.0100,0.0811,0.0318,0.9991,0.0417,0.9994,0.0048,0.0182,0.0039,0.0071,0.0032,0.0043,0.0043,0.0053,0.0033,0.0003,0.0010,0.0008,0.0009,0.0001,0.1169,0.0206,0.0000,0.0003,0.0005,0.0039
0.3575,0.1007,0.9972,0.2543,0.1995,0.0541,0.0049,0.0022,0.0020,0.0025,0.0019,0.0036,0.0023,0.0168,0.0025,0.0027,0.0026,0.0013,0.0005,0.0004,0.0206,0.0177,0.0001,0.0000,0.0002,0.0077
0.9624,0.9999,0.2796,1.0000,0.0639,0.9388,0.0027,0.0079,0.0018,0.0055,0.0036,0.0014,0.0018,0.0029,0.0018,0.0006,0.0010,0.0006,0.0001,0.0000,0.0000,0.0001,0.0049,0.0033,0.0000,0.0001
0.9858,0.1150,0.2347,0.0294,0.0093,0.0179,0.0028,0.0017,0.0018,0.0027,0.0027,0.0057,0.0051,0.0045,0.0038,0.0021,0.0050,0.0030,0.0018,0.0033,0.0003,0.0000,0.0033,0.1118,0.0016,0.0395
0.9996,0.9964,0.0103,0.1866,0.0041,0.0337,0.0014,0.0020,0.0029,0.0061,0.0048,0.0044,0.0047,0.0033,0.0010,0.0013,0.0020,0.0021,0.0024,0.0003,0.0005,0.0002,0.0000,0.0016,0.1611,0.1034
0.6659,0.0165,0.0154,0.0093,0.0056,0.0054,0.0028,0.0016,0.0017,0.0014,0.0035,0.0048,0.0050,0.0028,0.0049,0.0020,0.0024,0.0025,0.0031,0.0071,0.0039,0.0077,0.0001,0.0395,0.1034,0.6750