c1,c2,c3,c4,c5,c6,c7,c8,c9,c10,c11,c12,c13,c14,c15,c16,c17,c18,c19,c20,c21,c22,c23,c24,c25,c26
0.0004,0.0001,0.0002,0.0000,0.0011,0.0003,0.0032,0.0005,0.0022,0.0026,0.0048,0.0033,0.0028,0.0024,0.0023,0.0012,0.0020,0.0029,0.0108,0.0443,0.0278,0.8277,0.6279,0.9884,0.3872,0.7183
0.0001,0.0024,0.0028,0.0000,0.0000,0.0002,0.0001,0.0015,0.0020,0.0031,0.0039,0.0035,0.0051,0.0041,0.0045,0.0018,0.0026,0.0084,0.0179,0.0091,0.5089,0.2497,1.0000,0.0426,0.9852,0.0104
0.0002,0.0028,0.0123,0.0001,0.0001,0.0001,0.0030,0.0003,0.0048,0.0017,0.0029,0.0013,0.0039,0.0027,0.0034,0.0027,0.0084,0.0287,0.0168,0.9144,0.0682,0.9128,0.5191,0.1440,0.0129,0.0112
0.0000,0.0000,0.0001,0.0071,0.0018,0.0000,0.0000,0.0001,0.0003,0.0027,0.0057,0.0022,0.0058,0.0102,0.0097,0.0039,0.0119,0.0935,0.5047,0.1066,0.9982,0.1664,0.9999,0.0171,0.1626,0.0077
0.0011,0.0000,0.0001,0.0018,0.0026,0.0006,0.0007,0.0007,0.0023,0.0003,0.0017,0.0009,0.0064,0.0060,0.0083,0.0682,0.0248,0.6727,0.0378,0.9978,0.0622,0.0811,0.1220,0.0110,0.0037,0.0031
0.0003,0.0002,0.0001,0.0000,0.0006,0.0202,0.0002,0.0000,0.0000,0.0001,0.0010,0.0039,0.0227,0.0374,0.0178,0.0745,0.1463,0.9511,0.9998,0.0410,0.8798,0.0143,0.3412,0.0070,0.0275,0.0032
0.0032,0.0001,0.0030,0.0000,0.0007,0.0002,0.0785,0.0001,0.0000,0.0007,0.0027,0.0021,0.0799,0.1266,0.6252,0.8448,0.2847,0.8182,0.0091,0.1927,0.0079,0.0072,0.0041,0.0052,0.0022,0.0023
0.0005,0.0015,0.0003,0.0001,0.0007,0.0000,0.0001,0.0005,0.0038,0.0001,0.0028,0.0039,0.0623,0.4202,0.7229,0.9997,0.9997,0.2367,0.1171,0.0020,0.0092,0.0012,0.0029,0.0010,0.0023,0.0012
0.0022,0.0020,0.0048,0.0003,0.0023,0.0000,0.0000,0.0038,0.0077,0.0188,0.0003,0.0074,0.0975,0.6417,0.9331,0.9429,0.1027,0.0120,0.0066,0.0071,0.0042,0.0022,0.0019,0.0031,0.0035,0.0018
0.0026,0.0031,0.0017,0.0027,0.0003,0.0001,0.0007,0.0001,0.0188,0.0026,0.1010,0.0122,0.2245,0.1471,0.1405,0.8388,0.3332,0.0046,0.0025,0.0022,0.0067,0.0023,0.0071,0.0035,0.0094,0.0022
0.0048,0.0039,0.0029,0.0057,0.0017,0.0010,0.0027,0.0028,0.0003,0.1010,0.1396,0.1927,0.0005,0.0429,0.0498,0.1192,0.0527,0.0071,0.0026,0.0035,0.0045,0.0020,0.0052,0.0053,0.0067,0.0039
0.0033,0.0035,0.0013,0.0022,0.0009,0.0039,0.0021,0.0039,0.0074,0.0122,0.1927,0.6170,0.0427,0.0030,0.0075,0.0358,0.0111,0.0057,0.0016,0.0036,0.0052,0.0028,0.0027,0.0089,0.0120,0.0082
0.0028,0.0051,0.0039,0.0058,0.0064,0.0227,0.0799,0.0623,0.0975,0.2245,0.0005,0.0427,0.1585,0.0699,0.0001,0.0006,0.0048,0.0012,0.0017,0.0024,0.0056,0.0020,0.0023,0.0066,0.0063,0.0056
0.0024,0.0041,0.0027,0.0102,0.0060,0.0374,0.1266,0.4202,0.6417,0.1471,0.0429,0.0030,0.0699,0.0001,0.0174,0.0000,0.0006,0.0004,0.0004,0.0032,0.0056,0.0135,0.0033,0.0075,0.0052,0.0027
0.0023,0.0045,0.0034,0.0097,0.0083,0.0178,0.6252,0.7229,0.9331,0.1405,0.0498,0.0075,0.0001,0.0174,0.0102,0.0009,0.0000,0.0002,0.0005,0.0008,0.0052,0.0042,0.0024,0.0049,0.0033,0.0050
0.0012,0.0018,0.0027,0.0039,0.0682,0.0745,0.8448,0.9997,0.9429,0.8388,0.1192,0.0358,0.0006,0.0000,0.0009,0.0010,0.0001,0.0000,0.0001,0.0005,0.0005,0.0028,0.0009,0.0017,0.0021,0.0026
0.0020,0.0026,0.0084,0.0119,0.0248,0.1463,0.2847,0.9997,0.1027,0.3332,0.0527,0.0111,0.0048,0.0006,0.0000,0.0001,0.0052,0.0046,0.0000,0.0004,0.0008,0.0057,0.0018,0.0055,0.0037,0.0032
0.0029,0.0084,0.0287,0.0935,0.6727,0.9511,0.8182,0.2367,0.0120,0.0046,0.0071,0.0057,0.0012,0.0004,0.0002,0.0000,0.0046,0.0105,0.0047,0.0001,0.0004,0.0026,0.0022,0.0037,0.0040,0.0028
0.0108,0.0179,0.0168,0.5047,0.0378,0.9998,0.0091,0.1171,0.0066,0.0025,0.0026,0.0016,0.0017,0.0004,0.0005,0.0001,0.0000,0.0047,0.0732,0.1250,0.0004,0.0009,0.0007,0.0035,0.0091,0.0044
0.0443,0.0091,0.9144,0.1066,0.9978,0.0410,0.1927,0.0020,0.0071,0.0022,0.0035,0.0036,0.0024,0.0032,0.0008,0.0005,0.0004,0.0001,0.1250,0.0548,0.0003,0.0002,0.0000,0.0057,0.0007,0.0078
0.0278,0.5089,0.0682,0.9982,0.0622,0.8798,0.0079,0.0092,0.0042,0.0067,0.0045,0.0052,0.0056,0.0056,0.0052,0.0005,0.0008,0.0004,0.0004,0.0003,0.0173,0.0183,0.0000,0.0002,0.0013,0.0059
0.8277,0.2497,0.9128,0.1664,0.0811,0.0143,0.0072,0.0012,0.0022,0.0023,0.0020,0.0028,0.0020,0.0135,0.0042,0.0028,0.0057,0.0026,0.0009,0.0002,0.0183,0.0233,0.0004,0.0001,0.0004,0.0068
0.6279,1.0000,0.5191,0.9999,0.1220,0.3412,0.0041,0.0029,0.0019,0.0071,0.0052,0.0027,0.0023,0.0033,0.0024,0.0009,0.0018,0.0022,0.0007,0.0000,0.0000,0.0004,0.0077,0.0013,0.0000,0.0001
0.9884,0.0426,0.1440,0.0171,0.0110,0.0070,0.0052,0.0010,0.0031,0.0035,0.0053,0.0089,0.0066,0.0075,0.0049,0.0017,0.0055,0.0037,0.0035,0.0057,0.0002,0.0001,0.0013,0.0332,0.0015,0.0655
0.3872,0.9852,0.0129,0.1626,0.0037,0.0275,0.0022,0.0023,0.0035,0.0094,0.0067,0.0120,0.0063,0.0052,0.0033,0.0021,0.0037,0.0040,0.0091,0.0007,0.0013,0.0004,0.0000,0.0015,0.1018,0.1124
0.7183,0.0104,0.0112,0.0077,0.0031,0.0032,0.0023,0.0012,0.0018,0.0022,0.0039,0.0082,0.0056,0.0027,0.0050,0.0026,0.0032,0.0028,0.0044,0.0078,0.0059,0.0068,0.0001,0.0655,0.1124,0.4363