c1,c2,c3,c4,c5,c6,c7,c8,c9,c10,c11,c12,c13,c14,c15,c16,c17,c18,c19,c20,c21,c22,c23,c24,c25,c26,c27,c28
0.0001,0.0002,0.0007,0.0003,0.0175,0.0058,0.0418,0.0122,0.0168,0.0033,0.0079,0.0022,0.0185,0.0148,0.0273,0.0324,0.0141,0.0268,0.0810,0.0739,0.0069,0.0079,0.0070,0.0063,0.0057,0.0061,0.0051,0.0196
0.0002,0.0028,0.0045,0.0000,0.0002,0.0005,0.0041,0.0111,0.0095,0.0040,0.0023,0.0535,0.0059,0.7398,0.0088,0.0529,0.0053,0.0099,0.0448,0.0867,0.0353,0.0028,0.1233,0.0028,0.2750,0.0029,0.0185,0.0061
0.0007,0.0045,0.0268,0.0006,0.0002,0.0010,0.0104,0.0039,0.0128,0.0032,0.0578,0.0249,0.0887,0.0169,0.0116,0.0156,0.0071,0.0076,0.0116,0.0115,0.0045,0.0070,0.0103,0.0091,0.0097,0.0101,0.0037,0.0096
0.0003,0.0000,0.0006,0.0002,0.0034,0.0000,0.0003,0.0164,0.0135,0.0066,0.0134,0.9936,0.0209,0.2870,0.0070,0.0129,0.0031,0.0073,0.0430,0.0183,0.0343,0.0029,0.3409,0.0047,0.1664,0.0057,0.0120,0.0054
0.0175,0.0002,0.0002,0.0034,0.0108,0.0050,0.0001,0.0051,0.0513,0.0174,0.1789,0.2962,0.0133,0.0065,0.0066,0.0092,0.0046,0.0072,0.0085,0.0186,0.0058,0.0041,0.0145,0.0072,0.0111,0.0053,0.0045,0.0093
0.0058,0.0005,0.0010,0.0000,0.0050,0.0096,0.0048,0.0054,0.0180,0.1255,0.0617,0.4637,0.0093,0.0043,0.0022,0.0091,0.0023,0.0042,0.0132,0.0116,0.0124,0.0075,0.0122,0.0038,0.0294,0.0041,0.0131,0.0134
0.0418,0.0041,0.0104,0.0003,0.0001,0.0048,0.0134,0.6905,0.0197,0.0108,0.0028,0.0046,0.0071,0.0017,0.0021,0.0048,0.0033,0.0051,0.0301,0.0116,0.0090,0.0026,0.0119,0.0040,0.0083,0.0050,0.0395,0.0283
0.0122,0.0111,0.0039,0.0164,0.0051,0.0054,0.6905,0.0136,0.4430,0.0008,0.0006,0.0026,0.0007,0.0008,0.0012,0.0052,0.0019,0.0038,0.0080,0.0073,0.0042,0.0010,0.0058,0.0012,0.0210,0.0060,0.1501,0.0993
0.0168,0.0095,0.0128,0.0135,0.0513,0.0180,0.0197,0.4430,0.0027,0.0054,0.0000,0.0000,0.0003,0.0000,0.0022,0.0045,0.0039,0.0044,0.0031,0.0037,0.0051,0.0025,0.0140,0.0050,0.1530,0.0777,0.3909,0.7438
0.0033,0.0040,0.0032,0.0066,0.0174,0.1255,0.0108,0.0008,0.0054,0.0001,0.0004,0.0000,0.0000,0.0000,0.0004,0.0066,0.0031,0.0038,0.0273,0.0025,0.0085,0.0016,0.0543,0.0060,1.0000,0.2417,0.9999,0.1060
0.0079,0.0023,0.0578,0.0134,0.1789,0.0617,0.0028,0.0006,0.0000,0.0004,0.0020,0.0000,0.0001,0.0002,0.0019,0.0051,0.0061,0.0028,0.0041,0.0013,0.0014,0.0015,0.0045,0.0690,0.0503,1.0000,0.0529,0.3646
0.0022,0.0535,0.0249,0.9936,0.2962,0.4637,0.0046,0.0026,0.0000,0.0000,0.0000,0.0000,0.0003,0.0000,0.0000,0.0001,0.0010,0.0038,0.0065,0.0037,0.1079,0.0041,0.9998,0.0361,0.9999,0.0970,0.0291,0.0039
0.0185,0.0059,0.0887,0.0209,0.0133,0.0093,0.0071,0.0007,0.0003,0.0000,0.0001,0.0003,0.0078,0.0012,0.0001,0.0004,0.0038,0.0054,0.0091,0.0046,0.0030,0.0114,0.0598,0.9999,0.0320,0.5812,0.0029,0.0242
0.0148,0.7398,0.0169,0.2870,0.0065,0.0043,0.0017,0.0008,0.0000,0.0000,0.0002,0.0000,0.0012,0.0000,0.0018,0.0000,0.0000,0.0006,0.0104,0.0105,1.0000,0.1261,1.0000,0.1657,0.2671,0.0055,0.0006,0.0007
0.0273,0.0088,0.0116,0.0070,0.0066,0.0022,0.0021,0.0012,0.0022,0.0004,0.0019,0.0000,0.0001,0.0018,0.0007,0.0013,0.0002,0.0010,0.0105,0.0204,0.0980,1.0000,0.3986,0.6966,0.0141,0.0208,0.0012,0.0027
0.0324,0.0529,0.0156,0.0129,0.0092,0.0091,0.0048,0.0052,0.0045,0.0066,0.0051,0.0001,0.0004,0.0000,0.0013,0.0281,0.0008,0.0005,0.3197,0.0097,0.9977,0.2292,0.0286,0.0075,0.0014,0.0016,0.0014,0.0024
0.0141,0.0053,0.0071,0.0031,0.0046,0.0023,0.0033,0.0019,0.0039,0.0031,0.0061,0.0010,0.0038,0.0000,0.0002,0.0008,0.0115,0.5651,0.0009,0.6436,0.0016,0.9997,0.0149,0.1396,0.0016,0.0068,0.0015,0.0021
0.0268,0.0099,0.0076,0.0073,0.0072,0.0042,0.0051,0.0038,0.0044,0.0038,0.0028,0.0038,0.0054,0.0006,0.0010,0.0005,0.5651,0.0928,0.2867,0.0142,0.0009,0.0928,0.0026,0.0120,0.0016,0.0050,0.0033,0.0058
0.0810,0.0448,0.0116,0.0430,0.0085,0.0132,0.0301,0.0080,0.0031,0.0273,0.0041,0.0065,0.0091,0.0104,0.0105,0.3197,0.0009,0.2867,0.0143,0.1551,0.0000,0.0001,0.0004,0.0008,0.0016,0.0045,0.0026,0.0045
0.0739,0.0867,0.0115,0.0183,0.0186,0.0116,0.0116,0.0073,0.0037,0.0025,0.0013,0.0037,0.0046,0.0105,0.0204,0.0097,0.6436,0.0142,0.1551,0.0342,0.0002,0.0001,0.0001,0.0038,0.0006,0.0055,0.0033,0.0064
0.0069,0.0353,0.0045,0.0343,0.0058,0.0124,0.0090,0.0042,0.0051,0.0085,0.0014,0.1079,0.0030,1.0000,0.0980,0.9977,0.0016,0.0009,0.0000,0.0002,0.0025,0.0013,0.0000,0.0001,0.0004,0.0003,0.0017,0.0015
0.0079,0.0028,0.0070,0.0029,0.0041,0.0075,0.0026,0.0010,0.0025,0.0016,0.0015,0.0041,0.0114,0.1261,1.0000,0.2292,0.9997,0.0928,0.0001,0.0001,0.0013,0.0204,0.0000,0.0001,0.0001,0.0023,0.0007,0.0054
0.0070,0.1233,0.0103,0.3409,0.0145,0.0122,0.0119,0.0058,0.0140,0.0543,0.0045,0.9998,0.0598,1.0000,0.3986,0.0286,0.0149,0.0026,0.0004,0.0001,0.0000,0.0000,0.0008,0.0006,0.0000,0.0000,0.0000,0.0009
0.0063,0.0028,0.0091,0.0047,0.0072,0.0038,0.0040,0.0012,0.0050,0.0060,0.0690,0.0361,0.9999,0.1657,0.6966,0.0075,0.1396,0.0120,0.0008,0.0038,0.0001,0.0001,0.0006,0.0081,0.0002,0.0001,0.0005,0.0048
0.0057,0.2750,0.0097,0.1664,0.0111,0.0294,0.0083,0.0210,0.1530,1.0000,0.0503,0.9999,0.0320,0.2671,0.0141,0.0014,0.0016,0.0016,0.0016,0.0006,0.0004,0.0001,0.0000,0.0002,0.0000,0.0002,0.0000,0.0002
0.0061,0.0029,0.0101,0.0057,0.0053,0.0041,0.0050,0.0060,0.0777,0.2417,1.0000,0.0970,0.5812,0.0055,0.0208,0.0016,0.0068,0.0050,0.0045,0.0055,0.0003,0.0023,0.0000,0.0001,0.0002,0.0011,0.0086,0.0000
0.0051,0.0185,0.0037,0.0120,0.0045,0.0131,0.0395,0.1501,0.3909,0.9999,0.0529,0.0291,0.0029,0.0006,0.0012,0.0014,0.0015,0.0033,0.0026,0.0033,0.0017,0.0007,0.0000,0.0005,0.0000,0.0086,0.0109,0.0204
0.0196,0.0061,0.0096,0.0054,0.0093,0.0134,0.0283,0.0993,0.7438,0.1060,0.3646,0.0039,0.0242,0.0007,0.0027,0.0024,0.0021,0.0058,0.0045,0.0064,0.0015,0.0054,0.0009,0.0048,0.0002,0.0000,0.0204,0.0040