c1,c2,c3,c4,c5,c6,c7,c8,c9,c10,c11,c12,c13,c14,c15,c16,c17,c18,c19,c20
0.0001,0.0240,0.0232,0.0386,0.1379,0.0066,0.0072,0.0147,0.0197,0.0018,0.0159,0.0126,0.0029,0.0025,0.0035,0.0029,0.0075,0.0052,0.0078,0.0025
0.0240,0.0620,0.5136,0.0033,0.1409,0.0677,0.0094,0.0062,0.0024,0.0018,0.0032,0.0036,0.0023,0.0015,0.0048,0.0011,0.0020,0.0023,0.0033,0.0025
0.0232,0.5136,0.0070,0.0932,0.0008,0.0766,0.1559,0.0064,0.0073,0.0004,0.0033,0.0027,0.0016,0.0044,0.0032,0.0033,0.0047,0.0026,0.0022,0.0016
0.0386,0.0033,0.0932,0.0268,0.0050,0.0005,0.0129,0.0423,0.0063,0.0062,0.0019,0.0065,0.0032,0.0078,0.0078,0.0070,0.0085,0.0065,0.0019,0.0034
0.1379,0.1409,0.0008,0.0050,0.0031,0.0025,0.0010,0.1384,0.2908,0.0062,0.0048,0.0028,0.0024,0.0034,0.0095,0.0021,0.0040,0.0043,0.0019,0.0052
0.0066,0.0677,0.0766,0.0005,0.0025,0.0174,0.0072,0.0002,0.0126,0.4047,0.0084,0.0070,0.0066,0.0158,0.0052,0.0020,0.0088,0.0043,0.0025,0.0019
0.0072,0.0094,0.1559,0.0129,0.0010,0.0072,0.0071,0.0025,0.0004,0.0618,0.0567,0.0033,0.0131,0.0078,0.0063,0.0038,0.0042,0.0031,0.0038,0.0088
0.0147,0.0062,0.0064,0.0423,0.1384,0.0002,0.0025,0.0129,0.0023,0.0022,0.0178,0.0603,0.0082,0.0186,0.0078,0.0024,0.0043,0.0039,0.0029,0.0055
0.0197,0.0024,0.0073,0.0063,0.2908,0.0126,0.0004,0.0023,0.0060,0.0316,0.0014,0.0454,0.1247,0.0075,0.0143,0.0018,0.0040,0.0024,0.0011,0.0028
0.0018,0.0018,0.0004,0.0062,0.0062,0.4047,0.0618,0.0022,0.0316,0.0003,0.0214,0.0019,0.0545,0.3492,0.0060,0.0050,0.0067,0.0085,0.0006,0.0022
0.0159,0.0032,0.0033,0.0019,0.0048,0.0084,0.0567,0.0178,0.0014,0.0214,0.0089,0.0021,0.0011,0.0625,0.0653,0.0032,0.0120,0.0068,0.0016,0.0069
0.0126,0.0036,0.0027,0.0065,0.0028,0.0070,0.0033,0.0603,0.0454,0.0019,0.0021,0.0132,0.0019,0.0021,0.0270,0.0587,0.0038,0.0172,0.0063,0.0052
0.0029,0.0023,0.0016,0.0032,0.0024,0.0066,0.0131,0.0082,0.1247,0.0545,0.0011,0.0019,0.0033,0.0020,0.0009,0.0932,0.1787,0.0139,0.0082,0.0082
0.0025,0.0015,0.0044,0.0078,0.0034,0.0158,0.0078,0.0186,0.0075,0.3492,0.0625,0.0021,0.0020,0.0031,0.0019,0.0011,0.0176,0.0648,0.0015,0.0083
0.0035,0.0048,0.0032,0.0078,0.0095,0.0052,0.0063,0.0078,0.0143,0.0060,0.0653,0.0270,0.0009,0.0019,0.0090,0.0044,0.0004,0.0180,0.0962,0.0143
0.0029,0.0011,0.0033,0.0070,0.0021,0.0020,0.0038,0.0024,0.0018,0.0050,0.0032,0.0587,0.0932,0.0011,0.0044,0.0435,0.0147,0.0024,0.0452,0.3853
0.0075,0.0020,0.0047,0.0085,0.0040,0.0088,0.0042,0.0043,0.0040,0.0067,0.0120,0.0038,0.1787,0.0176,0.0004,0.0147,0.0287,0.0055,0.0033,0.0215
0.0052,0.0023,0.0026,0.0065,0.0043,0.0043,0.0031,0.0039,0.0024,0.0085,0.0068,0.0172,0.0139,0.0648,0.0180,0.0024,0.0055,0.0174,0.0334,0.0076
0.0078,0.0033,0.0022,0.0019,0.0019,0.0025,0.0038,0.0029,0.0011,0.0006,0.0016,0.0063,0.0082,0.0015,0.0962,0.0452,0.0033,0.0334,0.7225,0.1442
0.0025,0.0025,0.0016,0.0034,0.0052,0.0019,0.0088,0.0055,0.0028,0.0022,0.0069,0.0052,0.0082,0.0083,0.0143,0.3853,0.0215,0.0076,0.1442,0.0020
