c1,c2,c3,c4,c5,c6,c7,c8,c9,c10,c11,c12,c13,c14,c15,c16,c17,c18,c19,c20
0.0000,0.0413,0.0066,0.0242,0.1228,0.0128,0.0136,0.0113,0.0238,0.0086,0.0087,0.0089,0.0077,0.0020,0.0011,0.0064,0.0099,0.0087,0.0028,0.0055
0.0413,0.0880,0.6155,0.0015,0.0648,0.0698,0.0069,0.0020,0.0017,0.0012,0.0019,0.0018,0.0024,0.0018,0.0041,0.0031,0.0026,0.0070,0.0044,0.0061
0.0066,0.6155,0.0048,0.1426,0.0016,0.1827,0.1096,0.0080,0.0101,0.0014,0.0029,0.0017,0.0020,0.0008,0.0018,0.0056,0.0049,0.0020,0.0018,0.0019
0.0242,0.0015,0.1426,0.0700,0.0127,0.0008,0.0775,0.1354,0.0099,0.0098,0.0026,0.0027,0.0029,0.0017,0.0018,0.0043,0.0061,0.0021,0.0017,0.0037
0.1228,0.0648,0.0016,0.0127,0.0100,0.0080,0.0005,0.0480,0.2650,0.0073,0.0064,0.0014,0.0047,0.0014,0.0015,0.0021,0.0079,0.0048,0.0018,0.0082
0.0128,0.0698,0.1827,0.0008,0.0080,0.0145,0.0028,0.0005,0.0216,0.0728,0.0056,0.0080,0.0082,0.0046,0.0032,0.0036,0.0054,0.0038,0.0023,0.0030
0.0136,0.0069,0.1096,0.0775,0.0005,0.0028,0.0098,0.0062,0.0012,0.0395,0.1617,0.0112,0.0164,0.0035,0.0037,0.0024,0.0014,0.0013,0.0028,0.0057
0.0113,0.0020,0.0080,0.1354,0.0480,0.0005,0.0062,0.0080,0.0041,0.0022,0.0990,0.1056,0.0110,0.0225,0.0038,0.0034,0.0034,0.0014,0.0011,0.0020
0.0238,0.0017,0.0101,0.0099,0.2650,0.0216,0.0012,0.0041,0.0391,0.0021,0.0005,0.0714,0.2277,0.0034,0.0204,0.0035,0.0026,0.0020,0.0009,0.0007
0.0086,0.0012,0.0014,0.0098,0.0073,0.0728,0.0395,0.0022,0.0021,0.0019,0.0023,0.0120,0.2254,0.2059,0.0195,0.0123,0.0024,0.0028,0.0015,0.0008
0.0087,0.0019,0.0029,0.0026,0.0064,0.0056,0.1617,0.0990,0.0005,0.0023,0.0087,0.0044,0.0013,0.1008,0.1440,0.0086,0.0106,0.0035,0.0017,0.0022
0.0089,0.0018,0.0017,0.0027,0.0014,0.0080,0.0112,0.1056,0.0714,0.0120,0.0044,0.0074,0.0017,0.0033,0.0339,0.0543,0.0043,0.0080,0.0050,0.0020
0.0077,0.0024,0.0020,0.0029,0.0047,0.0082,0.0164,0.0110,0.2277,0.2254,0.0013,0.0017,0.0110,0.0019,0.0009,0.0105,0.0281,0.0021,0.0201,0.0034
0.0020,0.0018,0.0008,0.0017,0.0014,0.0046,0.0035,0.0225,0.0034,0.2059,0.1008,0.0033,0.0019,0.0035,0.0058,0.0039,0.0394,0.1432,0.0155,0.0095
0.0011,0.0041,0.0018,0.0018,0.0015,0.0032,0.0037,0.0038,0.0204,0.0195,0.1440,0.0339,0.0009,0.0058,0.0081,0.0123,0.0011,0.0266,0.1266,0.0212
0.0064,0.0031,0.0056,0.0043,0.0021,0.0036,0.0024,0.0034,0.0035,0.0123,0.0086,0.0543,0.0105,0.0039,0.0123,0.0174,0.0033,0.0021,0.0231,0.1217
0.0099,0.0026,0.0049,0.0061,0.0079,0.0054,0.0014,0.0034,0.0026,0.0024,0.0106,0.0043,0.0281,0.0394,0.0011,0.0033,0.0448,0.0191,0.0064,0.0992
0.0087,0.0070,0.0020,0.0021,0.0048,0.0038,0.0013,0.0014,0.0020,0.0028,0.0035,0.0080,0.0021,0.1432,0.0266,0.0021,0.0191,0.0989,0.1204,0.0175
0.0028,0.0044,0.0018,0.0017,0.0018,0.0023,0.0028,0.0011,0.0009,0.0015,0.0017,0.0050,0.0201,0.0155,0.1266,0.0231,0.0064,0.1204,0.2145,0.0776
0.0055,0.0061,0.0019,0.0037,0.0082,0.0030,0.0057,0.0020,0.0007,0.0008,0.0022,0.0020,0.0034,0.0095,0.0212,0.1217,0.0992,0.0175,0.0776,0.0455
