c1,c2,c3,c4,c5,c6,c7,c8,c9,c10,c11,c12,c13,c14,c15,c16,c17,c18,c19,c20
0.0005,0.0475,0.0060,0.0263,0.1773,0.0037,0.0076,0.0094,0.0221,0.0128,0.0072,0.0078,0.0084,0.0022,0.0010,0.0027,0.0046,0.0082,0.0061,0.0028
0.0475,0.0657,0.3683,0.0010,0.1386,0.1893,0.0062,0.0039,0.0036,0.0038,0.0017,0.0029,0.0044,0.0016,0.0032,0.0008,0.0015,0.0049,0.0031,0.0024
0.0060,0.3683,0.0091,0.0876,0.0021,0.1182,0.1103,0.0105,0.0092,0.0020,0.0030,0.0032,0.0054,0.0020,0.0019,0.0034,0.0022,0.0018,0.0027,0.0008
0.0263,0.0010,0.0876,0.0483,0.0067,0.0008,0.0656,0.1062,0.0106,0.0114,0.0024,0.0040,0.0053,0.0037,0.0042,0.0057,0.0047,0.0020,0.0026,0.0015
0.1773,0.1386,0.0021,0.0067,0.0025,0.0085,0.0007,0.0340,0.3186,0.0117,0.0052,0.0013,0.0072,0.0017,0.0022,0.0023,0.0038,0.0038,0.0028,0.0053
0.0037,0.1893,0.1182,0.0008,0.0085,0.0298,0.0086,0.0004,0.0192,0.0769,0.0070,0.0059,0.0061,0.0046,0.0028,0.0024,0.0032,0.0047,0.0040,0.0022
0.0076,0.0062,0.1103,0.0656,0.0007,0.0086,0.0126,0.0046,0.0008,0.0349,0.1220,0.0069,0.0165,0.0040,0.0048,0.0025,0.0018,0.0021,0.0032,0.0034
0.0094,0.0039,0.0105,0.1062,0.0340,0.0004,0.0046,0.0118,0.0059,0.0026,0.0397,0.0398,0.0102,0.0325,0.0041,0.0032,0.0034,0.0019,0.0018,0.0029
0.0221,0.0036,0.0092,0.0106,0.3186,0.0192,0.0008,0.0059,0.0085,0.0048,0.0021,0.0174,0.1158,0.0050,0.0104,0.0027,0.0027,0.0017,0.0016,0.0018
0.0128,0.0038,0.0020,0.0114,0.0117,0.0769,0.0349,0.0026,0.0048,0.0046,0.0030,0.0015,0.0259,0.1169,0.0088,0.0088,0.0026,0.0042,0.0024,0.0017
0.0072,0.0017,0.0030,0.0024,0.0052,0.0070,0.1220,0.0397,0.0021,0.0030,0.0054,0.0037,0.0013,0.1064,0.1205,0.0061,0.0092,0.0037,0.0019,0.0067
0.0078,0.0029,0.0032,0.0040,0.0013,0.0059,0.0069,0.0398,0.0174,0.0015,0.0037,0.0033,0.0013,0.0045,0.0468,0.1269,0.0103,0.0207,0.0089,0.0074
0.0084,0.0044,0.0054,0.0053,0.0072,0.0061,0.0165,0.0102,0.1158,0.0259,0.0013,0.0013,0.0040,0.0019,0.0007,0.0220,0.0434,0.0042,0.0155,0.0076
0.0022,0.0016,0.0020,0.0037,0.0017,0.0046,0.0040,0.0325,0.0050,0.1169,0.1064,0.0045,0.0019,0.0029,0.0031,0.0014,0.0565,0.1055,0.0078,0.0098
0.0010,0.0032,0.0019,0.0042,0.0022,0.0028,0.0048,0.0041,0.0104,0.0088,0.1205,0.0468,0.0007,0.0031,0.0068,0.0072,0.0023,0.0454,0.1706,0.0260
0.0027,0.0008,0.0034,0.0057,0.0023,0.0024,0.0025,0.0032,0.0027,0.0088,0.0061,0.1269,0.0220,0.0014,0.0072,0.0087,0.0261,0.0027,0.0295,0.4158
0.0046,0.0015,0.0022,0.0047,0.0038,0.0032,0.0018,0.0034,0.0027,0.0026,0.0092,0.0103,0.0434,0.0565,0.0023,0.0261,0.0506,0.0227,0.0016,0.0924
0.0082,0.0049,0.0018,0.0020,0.0038,0.0047,0.0021,0.0019,0.0017,0.0042,0.0037,0.0207,0.0042,0.1055,0.0454,0.0027,0.0227,0.0938,0.0254,0.0057
0.0061,0.0031,0.0027,0.0026,0.0028,0.0040,0.0032,0.0018,0.0016,0.0024,0.0019,0.0089,0.0155,0.0078,0.1706,0.0295,0.0016,0.0254,0.0625,0.1046
0.0028,0.0024,0.0008,0.0015,0.0053,0.0022,0.0034,0.0029,0.0018,0.0017,0.0067,0.0074,0.0076,0.0098,0.0260,0.4158,0.0924,0.0057,0.1046,0.0087
