c1,c2,c3,c4,c5,c6,c7,c8,c9,c10,c11,c12,c13,c14,c15,c16,c17,c18,c19,c20
0.0002,0.0875,0.0475,0.0487,0.2435,0.0090,0.0046,0.0128,0.0182,0.0012,0.0105,0.0090,0.0051,0.0015,0.0024,0.0021,0.0039,0.0040,0.0047,0.0032
0.0875,0.1252,0.6264,0.0047,0.2604,0.1101,0.0053,0.0065,0.0030,0.0011,0.0012,0.0030,0.0025,0.0008,0.0030,0.0009,0.0013,0.0016,0.0021,0.0028
0.0475,0.6264,0.0107,0.1329,0.0016,0.1417,0.1708,0.0105,0.0076,0.0004,0.0022,0.0023,0.0021,0.0028,0.0020,0.0023,0.0021,0.0015,0.0012,0.0009
0.0487,0.0047,0.1329,0.0450,0.0059,0.0011,0.0328,0.1020,0.0113,0.0050,0.0013,0.0059,0.0039,0.0054,0.0043,0.0045,0.0040,0.0034,0.0008,0.0015
0.2435,0.2604,0.0016,0.0059,0.0045,0.0038,0.0005,0.0746,0.4390,0.0045,0.0021,0.0022,0.0059,0.0014,0.0059,0.0024,0.0034,0.0028,0.0017,0.0060
0.0090,0.1101,0.1417,0.0011,0.0038,0.0171,0.0103,0.0003,0.0129,0.2671,0.0051,0.0070,0.0060,0.0086,0.0070,0.0021,0.0029,0.0032,0.0024,0.0013
0.0046,0.0053,0.1708,0.0328,0.0005,0.0103,0.0232,0.0030,0.0003,0.4307,0.1345,0.0024,0.0103,0.0137,0.0041,0.0012,0.0016,0.0020,0.0019,0.0054
0.0128,0.0065,0.0105,0.1020,0.0746,0.0003,0.0030,0.0123,0.0036,0.0018,0.0251,0.0450,0.0065,0.0181,0.0063,0.0020,0.0029,0.0032,0.0023,0.0059
0.0182,0.0030,0.0076,0.0113,0.4390,0.0129,0.0003,0.0036,0.0110,0.0167,0.0021,0.0625,0.0901,0.0033,0.0110,0.0016,0.0022,0.0016,0.0015,0.0029
0.0012,0.0011,0.0004,0.0050,0.0045,0.2671,0.4307,0.0018,0.0167,0.0001,0.0718,0.0024,0.1234,0.4901,0.0085,0.0032,0.0065,0.0076,0.0004,0.0007
0.0105,0.0012,0.0022,0.0013,0.0021,0.0051,0.1345,0.0251,0.0021,0.0718,0.0140,0.0030,0.0017,0.1431,0.1551,0.0027,0.0075,0.0048,0.0008,0.0027
0.0090,0.0030,0.0023,0.0059,0.0022,0.0070,0.0024,0.0450,0.0625,0.0024,0.0030,0.0099,0.0015,0.0018,0.0344,0.1043,0.0044,0.0162,0.0075,0.0069
0.0051,0.0025,0.0021,0.0039,0.0059,0.0060,0.0103,0.0065,0.0901,0.1234,0.0017,0.0015,0.0037,0.0012,0.0010,0.0289,0.0759,0.0133,0.0129,0.0075
0.0015,0.0008,0.0028,0.0054,0.0014,0.0086,0.0137,0.0181,0.0033,0.4901,0.1431,0.0018,0.0012,0.0030,0.0016,0.0013,0.0650,0.1985,0.0023,0.0078
0.0024,0.0030,0.0020,0.0043,0.0059,0.0070,0.0041,0.0063,0.0110,0.0085,0.1551,0.0344,0.0010,0.0016,0.0056,0.0044,0.0009,0.0376,0.1129,0.0160
0.0021,0.0009,0.0023,0.0045,0.0024,0.0021,0.0012,0.0020,0.0016,0.0032,0.0027,0.1043,0.0289,0.0013,0.0044,0.0844,0.0501,0.0027,0.1625,0.4345
0.0039,0.0013,0.0021,0.0040,0.0034,0.0029,0.0016,0.0029,0.0022,0.0065,0.0075,0.0044,0.0759,0.0650,0.0009,0.0501,0.0710,0.0115,0.0102,0.0503
0.0040,0.0016,0.0015,0.0034,0.0028,0.0032,0.0020,0.0032,0.0016,0.0076,0.0048,0.0162,0.0133,0.1985,0.0376,0.0027,0.0115,0.0431,0.0394,0.0095
0.0047,0.0021,0.0012,0.0008,0.0017,0.0024,0.0019,0.0023,0.0015,0.0004,0.0008,0.0075,0.0129,0.0023,0.1129,0.1625,0.0102,0.0394,0.7140,0.2016
0.0032,0.0028,0.0009,0.0015,0.0060,0.0013,0.0054,0.0059,0.0029,0.0007,0.0027,0.0069,0.0075,0.0078,0.0160,0.4345,0.0503,0.0095,0.2016,0.0103
