c1,c2,c3,c4,c5,c6,c7,c8,c9,c10,c11,c12,c13,c14,c15,c16,c17,c18,c19,c20,c21,c22,c23,c24,c25,c26,c27,c28,c29
0.0004,0.0078,0.0005,0.0022,0.0140,0.0255,0.0181,0.0027,0.0028,0.0026,0.0034,0.0048,0.0073,0.0024,0.0016,0.0031,0.0060,0.0069,0.0074,0.0076,0.0120,0.0184,0.0800,0.1352,0.0358,0.0753,0.0239,0.0138,0.0013
0.0078,0.0740,0.0282,0.0000,0.0008,0.0018,0.0020,0.0023,0.0029,0.0018,0.0026,0.0046,0.0048,0.0026,0.0027,0.0037,0.0062,0.0062,0.0065,0.0130,0.0316,0.0509,0.0827,0.2699,0.0570,0.0718,0.0184,0.0082,0.0029
0.0005,0.0282,0.0375,0.0034,0.0011,0.0001,0.0019,0.0004,0.0039,0.0021,0.0010,0.0050,0.0054,0.0062,0.0029,0.0030,0.0075,0.0144,0.0709,0.0093,0.3623,0.0187,0.6437,0.0344,0.0379,0.0148,0.0076,0.0053,0.0021
0.0022,0.0000,0.0034,0.0023,0.0016,0.0000,0.0001,0.0000,0.0002,0.0031,0.0048,0.0086,0.0050,0.0023,0.0020,0.0060,0.0257,0.0200,0.0191,0.0832,0.0402,0.9676,0.1081,0.9782,0.4813,0.0778,0.0346,0.0180,0.0080
0.0140,0.0008,0.0011,0.0016,0.0022,0.0000,0.0000,0.0001,0.0015,0.0009,0.0035,0.0233,0.0064,0.0191,0.0059,0.0192,0.4776,0.2762,0.9319,0.0155,0.6650,0.0094,0.1599,0.0153,0.0155,0.0074,0.0032,0.0023,0.0017
0.0255,0.0018,0.0001,0.0000,0.0000,0.0000,0.0009,0.0000,0.0001,0.0002,0.0013,0.0134,0.0137,0.0089,0.0166,0.0216,0.3560,0.3886,0.2324,0.8652,0.1742,0.7328,0.1120,0.2987,0.2081,0.1328,0.0359,0.0403,0.0428
0.0181,0.0020,0.0019,0.0001,0.0000,0.0009,0.0053,0.0001,0.0000,0.0010,0.0019,0.0324,0.0144,0.4437,0.2536,0.0876,0.5049,0.0511,0.5437,0.0211,0.0510,0.0207,0.0126,0.0046,0.0083,0.0074,0.0041,0.0027,0.0088
0.0027,0.0023,0.0004,0.0000,0.0001,0.0000,0.0001,0.0000,0.0000,0.0000,0.0019,0.0067,0.0134,0.1508,0.6628,0.5084,0.6973,0.2376,0.0204,0.9002,0.0896,0.4874,0.0271,0.0186,0.0308,0.0703,0.0594,0.0601,0.1962
0.0028,0.0029,0.0039,0.0002,0.0015,0.0001,0.0000,0.0000,0.0083,0.0067,0.0009,0.1131,0.0092,0.8756,0.5501,0.3520,0.2150,0.0124,0.0424,0.0067,0.0269,0.0048,0.0235,0.0022,0.0050,0.0066,0.0058,0.0049,0.0098
0.0026,0.0018,0.0021,0.0031,0.0009,0.0002,0.0010,0.0000,0.0067,0.0723,0.0551,0.0021,0.0027,0.0026,0.2944,0.0960,0.0257,0.0123,0.0107,0.0375,0.0212,0.0227,0.0122,0.0117,0.0117,0.0092,0.0169,0.0117,0.0128
0.0034,0.0026,0.0010,0.0048,0.0035,0.0013,0.0019,0.0019,0.0009,0.0551,0.0190,0.4589,0.0023,0.0118,0.0725,0.0015,0.0093,0.0051,0.0093,0.0081,0.0063,0.0131,0.0068,0.0059,0.0107,0.0118,0.0172,0.0139,0.0085
0.0048,0.0046,0.0050,0.0086,0.0233,0.0134,0.0324,0.0067,0.1131,0.0021,0.4589,0.0002,0.0096,0.0005,0.0008,0.0012,0.0001,0.0083,0.0871,0.0200,0.0090,0.0171,0.0071,0.0036,0.0108,0.0089,0.0138,0.0071,0.0057
0.0073,0.0048,0.0054,0.0050,0.0064,0.0137,0.0144,0.0134,0.0092,0.0027,0.0023,0.0096,0.0162,0.0033,0.0001,0.0010,0.0054,0.0105,0.0467,0.0253,0.0076,0.0170,0.0115,0.0052,0.0163,0.0187,0.0118,0.0098,0.0085
0.0024,0.0026,0.0062,0.0023,0.0191,0.0089,0.4437,0.1508,0.8756,0.0026,0.0118,0.0005,0.0033,0.0167,0.0031,0.0002,0.0172,0.0054,0.0396,0.0317,0.0063,0.0037,0.0032,0.0017,0.0031,0.0033,0.0019,0.0015,0.0013
0.0016,0.0027,0.0029,0.0020,0.0059,0.0166,0.2536,0.6628,0.5501,0.2944,0.0725,0.0008,0.0001,0.0031,0.0013,0.0716,0.0002,0.0133,0.0017,0.0232,0.0062,0.0032,0.0017,0.0008,0.0035,0.0044,0.0057,0.0077,0.0032
0.0031,0.0037,0.0030,0.0060,0.0192,0.0216,0.0876,0.5084,0.3520,0.0960,0.0015,0.0012,0.0010,0.0002,0.0716,0.0090,0.0310,0.0009,0.0140,0.0090,0.0027,0.0056,0.0022,0.0019,0.0021,0.0015,0.0029,0.0040,0.0049
0.0060,0.0062,0.0075,0.0257,0.4776,0.3560,0.5049,0.6973,0.2150,0.0257,0.0093,0.0001,0.0054,0.0172,0.0002,0.0310,0.0003,0.0327,0.0000,0.0001,0.0001,0.0010,0.0025,0.0022,0.0040,0.0029,0.0091,0.0071,0.0184
0.0069,0.0062,0.0144,0.0200,0.2762,0.3886,0.0511,0.2376,0.0124,0.0123,0.0051,0.0083,0.0105,0.0054,0.0133,0.0009,0.0327,0.0061,0.0008,0.0000,0.0005,0.0007,0.0018,0.0031,0.0051,0.0035,0.0047,0.0053,0.0053
0.0074,0.0065,0.0709,0.0191,0.9319,0.2324,0.5437,0.0204,0.0424,0.0107,0.0093,0.0871,0.0467,0.0396,0.0017,0.0140,0.0000,0.0008,0.0030,0.0001,0.0001,0.0000,0.0016,0.0010,0.0093,0.0039,0.0042,0.0032,0.0029
0.0076,0.0130,0.0093,0.0832,0.0155,0.8652,0.0211,0.9002,0.0067,0.0375,0.0081,0.0200,0.0253,0.0317,0.0232,0.0090,0.0001,0.0000,0.0001,0.0021,0.0039,0.0000,0.0005,0.0018,0.0039,0.0071,0.0127,0.0105,0.0070
0.0120,0.0316,0.3623,0.0402,0.6650,0.1742,0.0510,0.0896,0.0269,0.0212,0.0063,0.0090,0.0076,0.0063,0.0062,0.0027,0.0001,0.0005,0.0001,0.0039,0.0035,0.0013,0.0003,0.0015,0.0024,0.0009,0.0048,0.0087,0.0062
0.0184,0.0509,0.0187,0.9676,0.0094,0.7328,0.0207,0.4874,0.0048,0.0227,0.0131,0.0171,0.0170,0.0037,0.0032,0.0056,0.0010,0.0007,0.0000,0.0000,0.0013,0.0036,0.0081,0.0000,0.0005,0.0005,0.0064,0.0566,0.0852
0.0800,0.0827,0.6437,0.1081,0.1599,0.1120,0.0126,0.0271,0.0235,0.0122,0.0068,0.0071,0.0115,0.0032,0.0017,0.0022,0.0025,0.0018,0.0016,0.0005,0.0003,0.0081,0.0055,0.0026,0.0001,0.0007,0.0015,0.0031,0.0084
0.1352,0.2699,0.0344,0.9782,0.0153,0.2987,0.0046,0.0186,0.0022,0.0117,0.0059,0.0036,0.0052,0.0017,0.0008,0.0019,0.0022,0.0031,0.0010,0.0018,0.0015,0.0000,0.0026,0.0002,0.0090,0.0005,0.0017,0.0253,0.2203
0.0358,0.0570,0.0379,0.4813,0.0155,0.2081,0.0083,0.0308,0.0050,0.0117,0.0107,0.0108,0.0163,0.0031,0.0035,0.0021,0.0040,0.0051,0.0093,0.0039,0.0024,0.0005,0.0001,0.0090,0.0046,0.0139,0.0000,0.0015,0.0100
0.0753,0.0718,0.0148,0.0778,0.0074,0.1328,0.0074,0.0703,0.0066,0.0092,0.0118,0.0089,0.0187,0.0033,0.0044,0.0015,0.0029,0.0035,0.0039,0.0071,0.0009,0.0005,0.0007,0.0005,0.0139,0.0317,0.0130,0.0007,0.0024
0.0239,0.0184,0.0076,0.0346,0.0032,0.0359,0.0041,0.0594,0.0058,0.0169,0.0172,0.0138,0.0118,0.0019,0.0057,0.0029,0.0091,0.0047,0.0042,0.0127,0.0048,0.0064,0.0015,0.0017,0.0000,0.0130,0.0623,0.0100,0.0021
0.0138,0.0082,0.0053,0.0180,0.0023,0.0403,0.0027,0.0601,0.0049,0.0117,0.0139,0.0071,0.0098,0.0015,0.0077,0.0040,0.0071,0.0053,0.0032,0.0105,0.0087,0.0566,0.0031,0.0253,0.0015,0.0007,0.0100,0.0227,0.0010
0.0013,0.0029,0.0021,0.0080,0.0017,0.0428,0.0088,0.1962,0.0098,0.0128,0.0085,0.0057,0.0085,0.0013,0.0032,0.0049,0.0184,0.0053,0.0029,0.0070,0.0062,0.0852,0.0084,0.2203,0.0100,0.0024,0.0021,0.0010,0.0038