c1,c2,c3,c4,c5,c6,c7,c8,c9,c10,c11,c12,c13,c14,c15,c16,c17,c18,c19,c20,c21,c22,c23,c24,c25,c26,c27,c28,c29
0.0361,0.0121,0.0013,0.0000,0.0114,0.0018,0.0167,0.0049,0.0099,0.0346,0.0086,0.4127,0.0226,0.3354,0.0406,0.0304,0.0051,0.0039,0.0066,0.0033,0.0027,0.0015,0.0024,0.0020,0.0040,0.0031,0.0047,0.0029,0.0056
0.0121,0.1388,0.0199,0.0000,0.0024,0.0004,0.0039,0.0017,0.0127,0.0173,0.0059,0.3262,0.3198,0.0345,0.3569,0.0257,0.0019,0.0119,0.0048,0.0025,0.0031,0.0032,0.0021,0.0016,0.0122,0.0032,0.0043,0.0044,0.0081
0.0013,0.0199,0.1473,0.0001,0.0000,0.0001,0.0010,0.0006,0.0233,0.0203,0.0138,0.9999,0.0166,0.4300,0.0140,0.0141,0.0024,0.0087,0.0036,0.0024,0.0046,0.0023,0.0018,0.0021,0.0091,0.0036,0.0027,0.0039,0.0083
0.0000,0.0000,0.0001,0.0000,0.0030,0.0000,0.0000,0.0000,0.0080,0.0442,0.0151,0.0574,0.9997,0.5250,0.9997,0.3107,0.0035,1.0000,0.0258,0.0012,0.0225,0.0264,0.0010,0.0009,0.0151,0.0007,0.0003,0.0018,0.0017
0.0114,0.0024,0.0000,0.0030,0.2404,0.0004,0.0001,0.0003,0.0038,0.9979,0.0152,0.9988,0.0058,0.0027,0.0038,0.0022,0.0016,0.0447,0.0025,0.0010,0.0269,0.0131,0.0032,0.0017,0.0079,0.0026,0.0019,0.0031,0.0036
0.0018,0.0004,0.0001,0.0000,0.0004,0.0180,0.0040,0.0000,0.0384,0.0085,0.0502,0.0391,0.0227,0.0040,0.0209,0.0125,0.0070,0.2494,0.0064,0.0040,0.9635,0.0516,0.0053,0.0041,0.9729,0.0137,0.0033,0.0081,0.0021
0.0167,0.0039,0.0010,0.0000,0.0001,0.0040,0.2941,0.0055,0.0000,0.0217,0.0004,0.0025,0.0055,0.0020,0.0058,0.0085,0.0045,0.0964,0.0117,0.0025,0.0230,0.9905,0.0069,0.0048,0.0834,0.2232,0.0202,0.0201,0.0105
0.0049,0.0017,0.0006,0.0000,0.0003,0.0000,0.0055,0.2239,0.0003,0.0001,0.0003,0.0004,0.0005,0.0019,0.0028,0.0016,0.0041,0.0248,0.0066,0.0025,0.2836,0.9013,0.0094,0.0106,0.9962,0.5360,0.3737,0.1660,0.0111
0.0099,0.0127,0.0233,0.0080,0.0038,0.0384,0.0000,0.0003,0.0006,0.0031,0.0000,0.0005,0.0013,0.0105,0.0157,0.0031,0.0038,0.0523,0.0082,0.0031,0.9707,0.0375,0.0056,0.0043,0.9919,0.0272,0.0330,0.0077,0.0051
0.0346,0.0173,0.0203,0.0442,0.9979,0.0085,0.0217,0.0001,0.0031,0.6836,0.0002,0.0000,0.0000,0.0002,0.0016,0.0038,0.0051,0.0094,0.0095,0.0039,0.0451,0.0109,0.0084,0.0035,0.1117,0.0071,0.0070,0.0156,0.0093
0.0086,0.0059,0.0138,0.0151,0.0152,0.0502,0.0004,0.0003,0.0000,0.0002,0.4212,0.0140,0.0002,0.0010,0.0005,0.0056,0.2669,0.0055,0.0034,0.0551,0.1329,0.0030,0.0046,0.3372,0.1173,0.0160,0.0142,0.0098,0.0091
0.4127,0.3262,0.9999,0.0574,0.9988,0.0391,0.0025,0.0004,0.0005,0.0000,0.0140,0.6263,0.0002,0.0000,0.0002,0.0009,0.0009,0.0050,0.0027,0.0040,0.0065,0.0004,0.0030,0.0055,0.0060,0.0030,0.0008,0.0024,0.0028
0.0226,0.3198,0.0166,0.9997,0.0058,0.0227,0.0055,0.0005,0.0013,0.0000,0.0002,0.0002,0.0134,0.0047,0.0000,0.0001,0.0102,0.9942,0.0102,0.0081,0.3892,0.0026,0.0014,0.0230,0.0148,0.0066,0.0008,0.0028,0.0017
0.3354,0.0345,0.4300,0.5250,0.0027,0.0040,0.0020,0.0019,0.0105,0.0002,0.0010,0.0000,0.0047,0.3605,0.0068,0.0079,0.6111,0.0000,0.0019,0.0971,0.0026,0.0008,0.0116,0.0292,0.0012,0.0021,0.0729,0.0018,0.0027
0.0406,0.3569,0.0140,0.9997,0.0038,0.0209,0.0058,0.0028,0.0157,0.0016,0.0005,0.0002,0.0000,0.0068,0.1422,0.0579,0.0001,0.0001,0.0588,0.0090,0.0017,0.0020,0.0064,0.0213,0.0009,0.0099,0.0096,0.0083,0.0059
0.0304,0.0257,0.0141,0.3107,0.0022,0.0125,0.0085,0.0016,0.0031,0.0038,0.0056,0.0009,0.0001,0.0079,0.0579,0.3003,0.1391,0.0000,0.0408,0.1409,0.0034,0.0017,0.0302,0.0094,0.0013,0.0038,0.0024,0.0040,0.0221
0.0051,0.0019,0.0024,0.0035,0.0016,0.0070,0.0045,0.0041,0.0038,0.0051,0.2669,0.0009,0.0102,0.6111,0.0001,0.1391,0.6452,0.0000,0.0022,0.9205,0.0012,0.0003,0.0651,0.0395,0.0014,0.0018,0.0078,0.0018,0.0126
0.0039,0.0119,0.0087,1.0000,0.0447,0.2494,0.0964,0.0248,0.0523,0.0094,0.0055,0.0050,0.9942,0.0000,0.0001,0.0000,0.0000,0.0287,0.0171,0.0001,0.0001,0.0147,0.0024,0.0057,0.0033,0.0058,0.0006,0.0026,0.0037
0.0066,0.0048,0.0036,0.0258,0.0025,0.0064,0.0117,0.0066,0.0082,0.0095,0.0034,0.0027,0.0102,0.0019,0.0588,0.0408,0.0022,0.0171,0.0774,0.0210,0.0000,0.0012,0.0373,0.0043,0.0036,0.0306,0.0144,0.0136,0.0832
0.0033,0.0025,0.0024,0.0012,0.0010,0.0040,0.0025,0.0025,0.0031,0.0039,0.0551,0.0040,0.0081,0.0971,0.0090,0.1409,0.9205,0.0001,0.0210,0.3102,0.0001,0.0000,0.1806,0.0354,0.0018,0.0088,0.0094,0.0073,0.0198
0.0027,0.0031,0.0046,0.0225,0.0269,0.9635,0.0230,0.2836,0.9707,0.0451,0.1329,0.0065,0.3892,0.0026,0.0017,0.0034,0.0012,0.0001,0.0000,0.0001,0.9713,0.0001,0.0000,0.0008,0.0103,0.0076,0.0058,0.0013,0.0011
0.0015,0.0032,0.0023,0.0264,0.0131,0.0516,0.9905,0.9013,0.0375,0.0109,0.0030,0.0004,0.0026,0.0008,0.0020,0.0017,0.0003,0.0147,0.0012,0.0000,0.0001,0.7506,0.0026,0.0001,0.0000,0.1889,0.0096,0.3137,0.0287
0.0024,0.0021,0.0018,0.0010,0.0032,0.0053,0.0069,0.0094,0.0056,0.0084,0.0046,0.0030,0.0014,0.0116,0.0064,0.0302,0.0651,0.0024,0.0373,0.1806,0.0000,0.0026,0.0748,0.0257,0.0000,0.0127,0.0667,0.0625,0.9531
0.0020,0.0016,0.0021,0.0009,0.0017,0.0041,0.0048,0.0106,0.0043,0.0035,0.3372,0.0055,0.0230,0.0292,0.0213,0.0094,0.0395,0.0057,0.0043,0.0354,0.0008,0.0001,0.0257,0.7778,0.0002,0.0003,0.0411,0.0072,0.0742
0.0040,0.0122,0.0091,0.0151,0.0079,0.9729,0.0834,0.9962,0.9919,0.1117,0.1173,0.0060,0.0148,0.0012,0.0009,0.0013,0.0014,0.0033,0.0036,0.0018,0.0103,0.0000,0.0000,0.0002,0.1172,0.0000,0.0009,0.0001,0.0001
0.0031,0.0032,0.0036,0.0007,0.0026,0.0137,0.2232,0.5360,0.0272,0.0071,0.0160,0.0030,0.0066,0.0021,0.0099,0.0038,0.0018,0.0058,0.0306,0.0088,0.0076,0.1889,0.0127,0.0003,0.0000,0.2595,0.1288,0.0021,0.0001
0.0047,0.0043,0.0027,0.0003,0.0019,0.0033,0.0202,0.3737,0.0330,0.0070,0.0142,0.0008,0.0008,0.0729,0.0096,0.0024,0.0078,0.0006,0.0144,0.0094,0.0058,0.0096,0.0667,0.0411,0.0009,0.1288,0.0105,0.0071,0.0011
0.0029,0.0044,0.0039,0.0018,0.0031,0.0081,0.0201,0.1660,0.0077,0.0156,0.0098,0.0024,0.0028,0.0018,0.0083,0.0040,0.0018,0.0026,0.0136,0.0073,0.0013,0.3137,0.0625,0.0072,0.0001,0.0021,0.0071,0.2697,0.0125
0.0056,0.0081,0.0083,0.0017,0.0036,0.0021,0.0105,0.0111,0.0051,0.0093,0.0091,0.0028,0.0017,0.0027,0.0059,0.0221,0.0126,0.0037,0.0832,0.0198,0.0011,0.0287,0.9531,0.0742,0.0001,0.0001,0.0011,0.0125,0.0408