c1,c2,c3,c4,c5,c6,c7,c8,c9,c10,c11,c12,c13,c14,c15,c16,c17,c18,c19,c20,c21,c22,c23,c24,c25,c26,c27,c28,c29
0.0115,0.0081,0.0002,0.0000,0.0080,0.0005,0.0212,0.0054,0.0048,0.0826,0.0108,0.3993,0.0465,0.2150,0.0702,0.0560,0.0082,0.0039,0.0099,0.0072,0.0028,0.0043,0.0036,0.0054,0.0037,0.0034,0.0034,0.0028,0.0034
0.0081,0.0470,0.0175,0.0000,0.0045,0.0001,0.0106,0.0015,0.0023,0.0227,0.0084,0.8267,0.1618,0.1519,0.2072,0.0468,0.0074,0.0111,0.0096,0.0073,0.0024,0.0046,0.0023,0.0027,0.0027,0.0026,0.0022,0.0026,0.0030
0.0002,0.0175,0.0788,0.0000,0.0000,0.0000,0.0021,0.0007,0.0057,0.0227,0.0126,0.9997,0.0445,0.8028,0.0698,0.0199,0.0051,0.0069,0.0071,0.0042,0.0024,0.0036,0.0019,0.0032,0.0046,0.0067,0.0038,0.0047,0.0046
0.0000,0.0000,0.0000,0.0000,0.0016,0.0000,0.0004,0.0000,0.0010,0.0175,0.0272,0.4584,0.9998,0.7551,0.9998,0.9527,0.0097,0.9790,0.0602,0.0053,0.0011,0.0107,0.0060,0.0018,0.0053,0.0020,0.0008,0.0013,0.0022
0.0080,0.0045,0.0000,0.0016,0.0488,0.0000,0.0014,0.0004,0.0014,0.9963,0.0371,0.9995,0.0244,0.0048,0.0087,0.0046,0.0020,0.0234,0.0120,0.0028,0.0032,0.0080,0.0048,0.0020,0.0028,0.0023,0.0014,0.0022,0.0050
0.0005,0.0001,0.0000,0.0000,0.0000,0.0014,0.0042,0.0000,0.0002,0.0177,0.0909,0.0988,0.0824,0.0296,0.1928,0.0812,0.0196,0.0734,0.0460,0.0096,0.3300,0.0876,0.1205,0.0103,0.2806,0.3414,0.0659,0.0307,0.0131
0.0212,0.0106,0.0021,0.0004,0.0014,0.0042,0.0758,0.0053,0.0000,0.0393,0.0019,0.0085,0.0027,0.0051,0.0078,0.0168,0.0094,0.1295,0.0507,0.0075,0.0137,0.1593,0.0246,0.0038,0.0065,0.0094,0.0029,0.0063,0.0104
0.0054,0.0015,0.0007,0.0000,0.0004,0.0000,0.0053,0.0726,0.0004,0.0002,0.0026,0.0015,0.0010,0.0038,0.0056,0.0041,0.0070,0.0173,0.0142,0.0072,0.2360,0.2407,0.0932,0.0180,0.4344,0.6976,0.1374,0.1038,0.0361
0.0048,0.0023,0.0057,0.0010,0.0014,0.0002,0.0000,0.0004,0.0000,0.0021,0.0000,0.0001,0.0009,0.0151,0.0609,0.0073,0.0043,0.0289,0.0207,0.0142,0.9491,0.1713,0.2392,0.0324,0.8006,0.6557,0.5565,0.0916,0.0145
0.0826,0.0227,0.0227,0.0175,0.9963,0.0177,0.0393,0.0002,0.0021,0.7625,0.0014,0.0000,0.0000,0.0007,0.0013,0.0110,0.0056,0.0077,0.0073,0.0048,0.0220,0.0098,0.0046,0.0036,0.0046,0.0087,0.0022,0.0084,0.0086
0.0108,0.0084,0.0126,0.0272,0.0371,0.0909,0.0019,0.0026,0.0000,0.0014,0.1870,0.0412,0.0000,0.0024,0.0011,0.0058,0.2329,0.0096,0.0086,0.0151,0.0190,0.0072,0.0060,0.0260,0.1239,0.0225,0.0074,0.0064,0.0028
0.3993,0.8267,0.9997,0.4584,0.9995,0.0988,0.0085,0.0015,0.0001,0.0000,0.0412,0.0693,0.0001,0.0000,0.0005,0.0006,0.0012,0.0044,0.0026,0.0022,0.0020,0.0005,0.0007,0.0016,0.0018,0.0012,0.0007,0.0009,0.0010
0.0465,0.1618,0.0445,0.9998,0.0244,0.0824,0.0027,0.0010,0.0009,0.0000,0.0000,0.0001,0.0000,0.0042,0.0000,0.0006,0.0290,0.7483,0.1075,0.0117,0.2591,0.0067,0.0037,0.0130,0.0362,0.0212,0.0050,0.0027,0.0033
0.2150,0.1519,0.8028,0.7551,0.0048,0.0296,0.0051,0.0038,0.0151,0.0007,0.0024,0.0000,0.0042,0.0123,0.0020,0.0009,0.1892,0.0002,0.0012,0.0110,0.0041,0.0018,0.0028,0.0071,0.0024,0.0038,0.0043,0.0033,0.0044
0.0702,0.2072,0.0698,0.9998,0.0087,0.1928,0.0078,0.0056,0.0609,0.0013,0.0011,0.0005,0.0000,0.0020,0.0197,0.0462,0.0003,0.0005,0.0014,0.0030,0.0032,0.0004,0.0016,0.0077,0.0048,0.0051,0.0045,0.0054,0.0030
0.0560,0.0468,0.0199,0.9527,0.0046,0.0812,0.0168,0.0041,0.0073,0.0110,0.0058,0.0006,0.0006,0.0009,0.0462,0.0468,0.0636,0.0000,0.0062,0.0113,0.0025,0.0038,0.0022,0.0037,0.0021,0.0021,0.0014,0.0026,0.0057
0.0082,0.0074,0.0051,0.0097,0.0020,0.0196,0.0094,0.0070,0.0043,0.0056,0.2329,0.0012,0.0290,0.1892,0.0003,0.0636,0.3707,0.0002,0.0003,0.2036,0.0036,0.0009,0.0041,0.0132,0.0059,0.0020,0.0025,0.0019,0.0087
0.0039,0.0111,0.0069,0.9790,0.0234,0.0734,0.1295,0.0173,0.0289,0.0077,0.0096,0.0044,0.7483,0.0002,0.0005,0.0000,0.0002,0.0028,0.0047,0.0004,0.0000,0.0444,0.0171,0.0068,0.0052,0.0049,0.0046,0.0070,0.0152
0.0099,0.0096,0.0071,0.0602,0.0120,0.0460,0.0507,0.0142,0.0207,0.0073,0.0086,0.0026,0.1075,0.0012,0.0014,0.0062,0.0003,0.0047,0.0261,0.0217,0.0000,0.0021,0.0803,0.0071,0.0116,0.0049,0.0096,0.0049,0.0226
0.0072,0.0073,0.0042,0.0053,0.0028,0.0096,0.0075,0.0072,0.0142,0.0048,0.0151,0.0022,0.0117,0.0110,0.0030,0.0113,0.2036,0.0004,0.0217,0.0658,0.0004,0.0001,0.0097,0.0595,0.0066,0.0086,0.0093,0.0079,0.0213
0.0028,0.0024,0.0024,0.0011,0.0032,0.3300,0.0137,0.2360,0.9491,0.0220,0.0190,0.0020,0.2591,0.0041,0.0032,0.0025,0.0036,0.0000,0.0000,0.0004,0.5489,0.0000,0.0000,0.0034,0.0656,0.4085,0.1558,0.0149,0.0070
0.0043,0.0046,0.0036,0.0107,0.0080,0.0876,0.1593,0.2407,0.1713,0.0098,0.0072,0.0005,0.0067,0.0018,0.0004,0.0038,0.0009,0.0444,0.0021,0.0001,0.0000,0.0059,0.0086,0.0004,0.0006,0.0055,0.0753,0.6212,0.2895
0.0036,0.0023,0.0019,0.0060,0.0048,0.1205,0.0246,0.0932,0.2392,0.0046,0.0060,0.0007,0.0037,0.0028,0.0016,0.0022,0.0041,0.0171,0.0803,0.0097,0.0000,0.0086,0.0558,0.0180,0.0000,0.0010,0.0445,0.0464,0.0993
0.0054,0.0027,0.0032,0.0018,0.0020,0.0103,0.0038,0.0180,0.0324,0.0036,0.0260,0.0016,0.0130,0.0071,0.0077,0.0037,0.0132,0.0068,0.0071,0.0595,0.0034,0.0004,0.0180,0.1065,0.0123,0.0001,0.0590,0.0105,0.0406
0.0037,0.0027,0.0046,0.0053,0.0028,0.2806,0.0065,0.4344,0.8006,0.0046,0.1239,0.0018,0.0362,0.0024,0.0048,0.0021,0.0059,0.0052,0.0116,0.0066,0.0656,0.0006,0.0000,0.0123,0.0465,0.0004,0.0004,0.0006,0.0033
0.0034,0.0026,0.0067,0.0020,0.0023,0.3414,0.0094,0.6976,0.6557,0.0087,0.0225,0.0012,0.0212,0.0038,0.0051,0.0021,0.0020,0.0049,0.0049,0.0086,0.4085,0.0055,0.0010,0.0001,0.0004,0.0139,0.1179,0.0000,0.0011
0.0034,0.0022,0.0038,0.0008,0.0014,0.0659,0.0029,0.1374,0.5565,0.0022,0.0074,0.0007,0.0050,0.0043,0.0045,0.0014,0.0025,0.0046,0.0096,0.0093,0.1558,0.0753,0.0445,0.0590,0.0004,0.1179,0.0002,0.0368,0.0001
0.0028,0.0026,0.0047,0.0013,0.0022,0.0307,0.0063,0.1038,0.0916,0.0084,0.0064,0.0009,0.0027,0.0033,0.0054,0.0026,0.0019,0.0070,0.0049,0.0079,0.0149,0.6212,0.0464,0.0105,0.0006,0.0000,0.0368,0.0477,0.0129
0.0034,0.0030,0.0046,0.0022,0.0050,0.0131,0.0104,0.0361,0.0145,0.0086,0.0028,0.0010,0.0033,0.0044,0.0030,0.0057,0.0087,0.0152,0.0226,0.0213,0.0070,0.2895,0.0993,0.0406,0.0033,0.0011,0.0001,0.0129,0.0046