c1,c2,c3,c4,c5,c6,c7,c8,c9,c10,c11,c12,c13,c14,c15,c16,c17,c18,c19,c20,c21,c22,c23,c24,c25,c26,c27,c28,c29
0.0751,0.0083,0.0002,0.0000,0.0046,0.0005,0.0343,0.0072,0.0077,0.0654,0.0109,0.6740,0.0317,0.1166,0.0188,0.0110,0.0058,0.0038,0.0046,0.0067,0.0036,0.0029,0.0038,0.0044,0.0050,0.0035,0.0046,0.0048,0.0081
0.0083,0.0398,0.0082,0.0000,0.0034,0.0001,0.0076,0.0015,0.0054,0.0132,0.0123,0.9798,0.1807,0.3861,0.0474,0.0193,0.0147,0.0046,0.0039,0.0044,0.0030,0.0019,0.0020,0.0031,0.0106,0.0029,0.0038,0.0059,0.0080
0.0002,0.0082,0.0201,0.0001,0.0000,0.0000,0.0029,0.0011,0.0054,0.0427,0.0100,0.9936,0.0385,0.2691,0.0362,0.0165,0.0044,0.0053,0.0067,0.0035,0.0025,0.0042,0.0067,0.0060,0.0220,0.0107,0.0080,0.0173,0.0374
0.0000,0.0000,0.0001,0.0000,0.0008,0.0000,0.0001,0.0000,0.0006,0.0233,0.0453,0.4773,0.9985,0.7417,0.8511,1.0000,0.0338,0.0168,0.4136,0.0212,0.0034,0.0081,0.0082,0.0014,0.0143,0.0031,0.0022,0.0048,0.0075
0.0046,0.0034,0.0000,0.0008,0.3792,0.0000,0.0080,0.0003,0.0007,0.9940,0.0239,0.9999,0.0203,0.0064,0.0051,0.0048,0.0017,0.0022,0.0185,0.0017,0.0018,0.0064,0.0127,0.0019,0.0057,0.0031,0.0012,0.0027,0.0075
0.0005,0.0001,0.0000,0.0000,0.0000,0.0118,0.0025,0.0000,0.0006,0.0128,0.0798,0.1664,0.0824,0.0111,0.0414,0.0427,0.0108,0.0222,0.4736,0.0083,0.2972,0.8142,0.1127,0.0060,0.3795,0.0481,0.0484,0.0191,0.0116
0.0343,0.0076,0.0029,0.0001,0.0080,0.0025,0.3636,0.0044,0.0000,0.0559,0.0016,0.0235,0.0032,0.0035,0.0037,0.0287,0.0104,0.0023,0.0809,0.0182,0.0030,0.0128,0.2303,0.0028,0.0180,0.0089,0.0038,0.0117,0.0103
0.0072,0.0015,0.0011,0.0000,0.0003,0.0000,0.0044,0.3184,0.0003,0.0003,0.0014,0.0017,0.0026,0.0037,0.0040,0.0027,0.0054,0.0047,0.1183,0.0043,0.0449,0.1409,0.2235,0.0232,0.5502,0.1646,0.6859,0.0885,0.0230
0.0077,0.0054,0.0054,0.0006,0.0007,0.0006,0.0000,0.0003,0.0001,0.0021,0.0000,0.0004,0.0020,0.0086,0.0647,0.0086,0.0040,0.0708,0.1319,0.0130,0.5962,0.6243,0.0518,0.0148,0.9405,0.0467,0.0983,0.0293,0.0103
0.0654,0.0132,0.0427,0.0233,0.9940,0.0128,0.0559,0.0003,0.0021,0.9565,0.0004,0.0000,0.0000,0.0008,0.0011,0.0065,0.0070,0.0019,0.0171,0.0032,0.0077,0.0151,0.0074,0.0029,0.0123,0.0047,0.0013,0.0090,0.0113
0.0109,0.0123,0.0100,0.0453,0.0239,0.0798,0.0016,0.0014,0.0000,0.0004,0.1762,0.0108,0.0000,0.0043,0.0014,0.0061,0.0706,0.0378,0.0064,0.0091,0.0310,0.0076,0.0056,0.0464,0.0632,0.0269,0.0298,0.0098,0.0079
0.6740,0.9798,0.9936,0.4773,0.9999,0.1664,0.0235,0.0017,0.0004,0.0000,0.0108,0.2509,0.0000,0.0000,0.0002,0.0002,0.0002,0.0012,0.0016,0.0011,0.0011,0.0017,0.0009,0.0015,0.0039,0.0013,0.0006,0.0016,0.0016
0.0317,0.1807,0.0385,0.9985,0.0203,0.0824,0.0032,0.0026,0.0020,0.0000,0.0000,0.0000,0.0005,0.0015,0.0000,0.0002,0.0030,0.0703,0.2387,0.0046,0.4329,0.0879,0.0023,0.0057,0.0745,0.0422,0.0103,0.0065,0.0050
0.1166,0.3861,0.2691,0.7417,0.0064,0.0111,0.0035,0.0037,0.0086,0.0008,0.0043,0.0000,0.0015,0.1915,0.0101,0.0001,0.0343,0.0012,0.0014,0.0073,0.0016,0.0019,0.0037,0.0093,0.0039,0.0102,0.0071,0.0091,0.0061
0.0188,0.0474,0.0362,0.8511,0.0051,0.0414,0.0037,0.0040,0.0647,0.0011,0.0014,0.0002,0.0000,0.0101,0.0553,0.0019,0.0829,0.0198,0.0001,0.0023,0.0097,0.0010,0.0010,0.0106,0.0328,0.0123,0.0223,0.0147,0.0034
0.0110,0.0193,0.0165,1.0000,0.0048,0.0427,0.0287,0.0027,0.0086,0.0065,0.0061,0.0002,0.0002,0.0001,0.0019,0.5530,0.0809,0.0000,0.0004,0.0277,0.0014,0.0017,0.0060,0.0029,0.0010,0.0041,0.0016,0.0081,0.0132
0.0058,0.0147,0.0044,0.0338,0.0017,0.0108,0.0104,0.0054,0.0040,0.0070,0.0706,0.0002,0.0030,0.0343,0.0829,0.0809,0.0477,0.0682,0.0000,0.0781,0.0147,0.0024,0.0041,0.0051,0.0034,0.0026,0.0021,0.0026,0.0090
0.0038,0.0046,0.0053,0.0168,0.0022,0.0222,0.0023,0.0047,0.0708,0.0019,0.0378,0.0012,0.0703,0.0012,0.0198,0.0000,0.0682,0.1785,0.0004,0.0013,0.0184,0.0065,0.0062,0.0342,0.0099,0.0090,0.0091,0.0059,0.0114
0.0046,0.0039,0.0067,0.4136,0.0185,0.4736,0.0809,0.1183,0.1319,0.0171,0.0064,0.0016,0.2387,0.0014,0.0001,0.0004,0.0000,0.0004,0.0091,0.0050,0.0000,0.0008,0.0148,0.0086,0.0343,0.0340,0.0148,0.0065,0.0176
0.0067,0.0044,0.0035,0.0212,0.0017,0.0083,0.0182,0.0043,0.0130,0.0032,0.0091,0.0011,0.0046,0.0073,0.0023,0.0277,0.0781,0.0013,0.0050,0.2956,0.0075,0.0000,0.0193,0.0118,0.0030,0.0130,0.0272,0.0066,0.0339
0.0036,0.0030,0.0025,0.0034,0.0018,0.2972,0.0030,0.0449,0.5962,0.0077,0.0310,0.0011,0.4329,0.0016,0.0097,0.0014,0.0147,0.0184,0.0000,0.0075,0.2058,0.0034,0.0001,0.0047,0.0052,0.0071,0.0131,0.0033,0.0027
0.0029,0.0019,0.0042,0.0081,0.0064,0.8142,0.0128,0.1409,0.6243,0.0151,0.0076,0.0017,0.0879,0.0019,0.0010,0.0017,0.0024,0.0065,0.0008,0.0000,0.0034,0.2658,0.0014,0.0003,0.0001,0.0017,0.0498,0.0501,0.0466
0.0038,0.0020,0.0067,0.0082,0.0127,0.1127,0.2303,0.2235,0.0518,0.0074,0.0056,0.0009,0.0023,0.0037,0.0010,0.0060,0.0041,0.0062,0.0148,0.0193,0.0001,0.0014,0.0642,0.0261,0.0000,0.0012,0.0210,0.0159,0.1286
0.0044,0.0031,0.0060,0.0014,0.0019,0.0060,0.0028,0.0232,0.0148,0.0029,0.0464,0.0015,0.0057,0.0093,0.0106,0.0029,0.0051,0.0342,0.0086,0.0118,0.0047,0.0003,0.0261,0.6559,0.0005,0.0007,0.0618,0.0109,0.0362
0.0050,0.0106,0.0220,0.0143,0.0057,0.3795,0.0180,0.5502,0.9405,0.0123,0.0632,0.0039,0.0745,0.0039,0.0328,0.0010,0.0034,0.0099,0.0343,0.0030,0.0052,0.0001,0.0000,0.0005,0.2332,0.0010,0.0002,0.0002,0.0001
0.0035,0.0029,0.0107,0.0031,0.0031,0.0481,0.0089,0.1646,0.0467,0.0047,0.0269,0.0013,0.0422,0.0102,0.0123,0.0041,0.0026,0.0090,0.0340,0.0130,0.0071,0.0017,0.0012,0.0007,0.0010,0.4440,0.0343,0.0001,0.0010
0.0046,0.0038,0.0080,0.0022,0.0012,0.0484,0.0038,0.6859,0.0983,0.0013,0.0298,0.0006,0.0103,0.0071,0.0223,0.0016,0.0021,0.0091,0.0148,0.0272,0.0131,0.0498,0.0210,0.0618,0.0002,0.0343,0.0003,0.0078,0.0001
0.0048,0.0059,0.0173,0.0048,0.0027,0.0191,0.0117,0.0885,0.0293,0.0090,0.0098,0.0016,0.0065,0.0091,0.0147,0.0081,0.0026,0.0059,0.0065,0.0066,0.0033,0.0501,0.0159,0.0109,0.0002,0.0001,0.0078,0.0846,0.0062
0.0081,0.0080,0.0374,0.0075,0.0075,0.0116,0.0103,0.0230,0.0103,0.0113,0.0079,0.0016,0.0050,0.0061,0.0034,0.0132,0.0090,0.0114,0.0176,0.0339,0.0027,0.0466,0.1286,0.0362,0.0001,0.0010,0.0001,0.0062,0.0037