c1,c2,c3,c4,c5,c6,c7,c8,c9,c10,c11,c12,c13,c14,c15,c16,c17,c18,c19,c20,c21,c22,c23,c24,c25,c26,c27,c28,c29
0.1993,0.0102,0.0004,0.0001,0.0059,0.0007,0.0135,0.0022,0.0072,0.0387,0.0052,0.3424,0.0127,0.1338,0.1446,0.1097,0.0053,0.0038,0.0098,0.0038,0.0026,0.0011,0.0028,0.0021,0.0019,0.0022,0.0037,0.0062,0.0128
0.0102,0.0843,0.0068,0.0000,0.0054,0.0001,0.0031,0.0009,0.0051,0.0150,0.0055,0.8906,0.1421,0.2156,0.2735,0.0303,0.0055,0.0097,0.0065,0.0033,0.0034,0.0019,0.0015,0.0016,0.0039,0.0019,0.0047,0.0040,0.0101
0.0004,0.0068,0.0251,0.0001,0.0001,0.0000,0.0015,0.0002,0.0082,0.0150,0.0043,0.9991,0.0898,0.5400,0.2044,0.0951,0.0036,0.0155,0.0101,0.0030,0.0038,0.0044,0.0018,0.0026,0.0105,0.0033,0.0030,0.0060,0.0117
0.0001,0.0000,0.0001,0.0000,0.0016,0.0000,0.0000,0.0000,0.0003,0.0067,0.0112,0.1913,0.9999,0.4245,1.0000,0.9355,0.0101,0.9999,0.0267,0.0016,0.0082,0.0058,0.0004,0.0005,0.0070,0.0004,0.0003,0.0019,0.0016
0.0059,0.0054,0.0001,0.0016,0.8320,0.0001,0.0008,0.0002,0.0003,0.9955,0.0082,0.9999,0.0166,0.0023,0.0061,0.0055,0.0017,0.1372,0.0032,0.0012,0.0049,0.0151,0.0011,0.0015,0.0039,0.0016,0.0010,0.0030,0.0030
0.0007,0.0001,0.0000,0.0000,0.0001,0.3614,0.0031,0.0000,0.0064,0.0024,0.0115,0.0838,0.0946,0.0081,0.0779,0.0577,0.0172,0.5513,0.0107,0.0050,0.9082,0.0614,0.0046,0.0051,0.9812,0.0108,0.0021,0.0083,0.0055
0.0135,0.0031,0.0015,0.0000,0.0008,0.0031,0.8069,0.0008,0.0000,0.0257,0.0003,0.0130,0.0026,0.0018,0.0056,0.0138,0.0061,0.1206,0.0154,0.0036,0.0191,0.9982,0.0035,0.0043,0.0253,0.0631,0.0132,0.0071,0.0060
0.0022,0.0009,0.0002,0.0000,0.0002,0.0000,0.0008,0.6196,0.0001,0.0001,0.0005,0.0003,0.0011,0.0014,0.0037,0.0031,0.0026,0.0252,0.0071,0.0056,0.5425,0.9965,0.0267,0.0303,0.9960,0.5378,0.6279,0.0576,0.0147
0.0072,0.0051,0.0082,0.0003,0.0003,0.0064,0.0000,0.0001,0.0025,0.0026,0.0000,0.0002,0.0028,0.0106,0.0360,0.0084,0.0107,0.0501,0.0096,0.0122,0.9946,0.0297,0.0089,0.0075,0.9987,0.0213,0.0395,0.0153,0.0094
0.0387,0.0150,0.0150,0.0067,0.9955,0.0024,0.0257,0.0001,0.0026,0.9379,0.0008,0.0000,0.0000,0.0003,0.0016,0.0111,0.0057,0.0076,0.0084,0.0042,0.0394,0.0188,0.0060,0.0070,0.0594,0.0039,0.0048,0.0128,0.0096
0.0052,0.0055,0.0043,0.0112,0.0082,0.0115,0.0003,0.0005,0.0000,0.0008,0.1722,0.0124,0.0000,0.0104,0.0005,0.0045,0.2845,0.0029,0.0083,0.0680,0.0195,0.0024,0.0243,0.4848,0.1406,0.0320,0.0336,0.0092,0.0197
0.3424,0.8906,0.9991,0.1913,0.9999,0.0838,0.0130,0.0003,0.0002,0.0000,0.0124,0.6626,0.0001,0.0000,0.0001,0.0004,0.0008,0.0081,0.0030,0.0017,0.0042,0.0006,0.0011,0.0017,0.0065,0.0021,0.0004,0.0016,0.0022
0.0127,0.1421,0.0898,0.9999,0.0166,0.0946,0.0026,0.0011,0.0028,0.0000,0.0000,0.0001,0.0039,0.0033,0.0000,0.0002,0.0198,0.6602,0.0085,0.0140,0.3009,0.0017,0.0007,0.0807,0.1007,0.0035,0.0022,0.0034,0.0020
0.1338,0.2156,0.5400,0.4245,0.0023,0.0081,0.0018,0.0014,0.0106,0.0003,0.0104,0.0000,0.0033,0.0360,0.0072,0.0007,0.5415,0.0001,0.0014,0.0165,0.0046,0.0017,0.0138,0.0197,0.0038,0.0014,0.0383,0.0040,0.0051
0.1446,0.2735,0.2044,1.0000,0.0061,0.0779,0.0056,0.0037,0.0360,0.0016,0.0005,0.0001,0.0000,0.0072,0.1221,0.1097,0.0000,0.0002,0.0062,0.0023,0.0023,0.0004,0.0008,0.0034,0.0009,0.0030,0.0044,0.0022,0.0019
0.1097,0.0303,0.0951,0.9355,0.0055,0.0577,0.0138,0.0031,0.0084,0.0111,0.0045,0.0004,0.0002,0.0007,0.1097,0.1602,0.0442,0.0000,0.0151,0.0066,0.0023,0.0014,0.0049,0.0032,0.0011,0.0025,0.0032,0.0029,0.0125
0.0053,0.0055,0.0036,0.0101,0.0017,0.0172,0.0061,0.0026,0.0107,0.0057,0.2845,0.0008,0.0198,0.5415,0.0000,0.0442,0.9213,0.0000,0.0002,0.2230,0.0023,0.0005,0.0165,0.0270,0.0014,0.0025,0.0055,0.0035,0.0216
0.0038,0.0096,0.0155,0.9999,0.1372,0.5513,0.1206,0.0252,0.0501,0.0076,0.0029,0.0081,0.6602,0.0001,0.0002,0.0000,0.0000,0.0304,0.0068,0.0001,0.0003,0.0326,0.0006,0.0033,0.0030,0.0072,0.0010,0.0026,0.0047
0.0098,0.0065,0.0101,0.0267,0.0032,0.0107,0.0154,0.0071,0.0096,0.0084,0.0083,0.0030,0.0085,0.0014,0.0062,0.0151,0.0002,0.0068,0.1573,0.0224,0.0000,0.0012,0.1044,0.0039,0.0080,0.0495,0.0355,0.0107,0.0770
0.0038,0.0033,0.0030,0.0016,0.0012,0.0050,0.0036,0.0056,0.0122,0.0042,0.0680,0.0017,0.0140,0.0165,0.0023,0.0066,0.2230,0.0001,0.0224,0.3148,0.0002,0.0000,0.2194,0.0160,0.0030,0.0288,0.0488,0.0232,0.0472
0.0026,0.0034,0.0038,0.0082,0.0049,0.9082,0.0191,0.5425,0.9946,0.0394,0.0195,0.0042,0.3009,0.0046,0.0023,0.0023,0.0023,0.0003,0.0000,0.0002,0.9750,0.0003,0.0000,0.0006,0.0066,0.0023,0.0043,0.0036,0.0025
0.0011,0.0019,0.0044,0.0058,0.0151,0.0614,0.9982,0.9965,0.0297,0.0188,0.0024,0.0006,0.0017,0.0017,0.0004,0.0014,0.0005,0.0326,0.0012,0.0000,0.0003,0.5040,0.0054,0.0000,0.0001,0.0793,0.0044,0.0362,0.0165
0.0028,0.0015,0.0018,0.0004,0.0011,0.0046,0.0035,0.0267,0.0089,0.0060,0.0243,0.0011,0.0007,0.0138,0.0008,0.0049,0.0165,0.0006,0.1044,0.2194,0.0000,0.0054,0.6596,0.0963,0.0000,0.0192,0.2575,0.2265,0.7970
0.0021,0.0016,0.0026,0.0005,0.0015,0.0051,0.0043,0.0303,0.0075,0.0070,0.4848,0.0017,0.0807,0.0197,0.0034,0.0032,0.0270,0.0033,0.0039,0.0160,0.0006,0.0000,0.0963,0.9399,0.0003,0.0004,0.0856,0.0098,0.0510
0.0019,0.0039,0.0105,0.0070,0.0039,0.9812,0.0253,0.9960,0.9987,0.0594,0.1406,0.0065,0.1007,0.0038,0.0009,0.0011,0.0014,0.0030,0.0080,0.0030,0.0066,0.0001,0.0000,0.0003,0.0289,0.0003,0.0001,0.0002,0.0000
0.0022,0.0019,0.0033,0.0004,0.0016,0.0108,0.0631,0.5378,0.0213,0.0039,0.0320,0.0021,0.0035,0.0014,0.0030,0.0025,0.0025,0.0072,0.0495,0.0288,0.0023,0.0793,0.0192,0.0004,0.0003,0.8892,0.2159,0.0017,0.0001
0.0037,0.0047,0.0030,0.0003,0.0010,0.0021,0.0132,0.6279,0.0395,0.0048,0.0336,0.0004,0.0022,0.0383,0.0044,0.0032,0.0055,0.0010,0.0355,0.0488,0.0043,0.0044,0.2575,0.0856,0.0001,0.2159,0.0026,0.0158,0.0005
0.0062,0.0040,0.0060,0.0019,0.0030,0.0083,0.0071,0.0576,0.0153,0.0128,0.0092,0.0016,0.0034,0.0040,0.0022,0.0029,0.0035,0.0026,0.0107,0.0232,0.0036,0.0362,0.2265,0.0098,0.0002,0.0017,0.0158,0.1804,0.0074
0.0128,0.0101,0.0117,0.0016,0.0030,0.0055,0.0060,0.0147,0.0094,0.0096,0.0197,0.0022,0.0020,0.0051,0.0019,0.0125,0.0216,0.0047,0.0770,0.0472,0.0025,0.0165,0.7970,0.0510,0.0000,0.0001,0.0005,0.0074,0.0289