c1,c2,c3,c4,c5,c6,c7,c8,c9,c10,c11,c12,c13,c14,c15,c16,c17,c18,c19,c20,c21,c22,c23,c24,c25,c26
0.0034,0.0536,0.0000,0.0014,0.0030,0.0021,0.0065,0.0068,0.0013,0.0043,0.0105,0.0070,0.0026,0.0024,0.0009,0.0446,0.0020,0.2755,0.2099,0.3630,0.3296,0.0079,0.0183,0.0014,0.0045,0.0024
0.0536,0.3996,0.0690,0.0001,0.0001,0.0001,0.0006,0.0030,0.0007,0.0039,0.0040,0.0049,0.0019,0.0027,0.0018,0.0840,0.0063,0.3750,0.9334,0.1341,0.0323,0.0048,0.0089,0.0017,0.0028,0.0017
0.0000,0.0690,0.0212,0.0168,0.0000,0.0001,0.0003,0.0008,0.0004,0.0031,0.0017,0.0029,0.0010,0.0047,0.0018,0.8651,0.6436,0.9669,0.9188,0.0794,0.0114,0.0049,0.0067,0.0012,0.0034,0.0013
0.0014,0.0001,0.0168,0.0476,0.0040,0.0000,0.0000,0.0001,0.0007,0.0041,0.0046,0.0091,0.0014,0.0074,0.0006,0.9949,0.7347,0.9869,0.7792,0.0974,0.0139,0.0051,0.0090,0.0018,0.0070,0.0022
0.0030,0.0001,0.0000,0.0040,0.3697,0.0016,0.0000,0.0002,0.0003,0.0021,0.0021,0.0053,0.0029,0.0136,0.0205,0.7270,1.0000,0.0268,0.0275,0.0061,0.0059,0.0096,0.0039,0.0024,0.0025,0.0017
0.0021,0.0001,0.0001,0.0000,0.0016,0.1921,0.0033,0.0000,0.0000,0.0003,0.0020,0.0274,0.0136,0.9977,0.1130,1.0000,0.0925,0.0155,0.0122,0.0083,0.0033,0.0151,0.0178,0.0051,0.0137,0.0024
0.0065,0.0006,0.0003,0.0000,0.0000,0.0033,0.0114,0.0023,0.0002,0.0074,0.0033,0.0562,0.0669,0.2755,1.0000,0.1218,0.0617,0.0026,0.0032,0.0039,0.0011,0.0663,0.0024,0.0044,0.0028,0.0021
0.0068,0.0030,0.0008,0.0001,0.0002,0.0000,0.0023,0.6013,0.0987,0.0021,0.0130,0.9935,0.0716,0.9999,0.0145,0.0021,0.0016,0.0014,0.0018,0.0024,0.0012,0.0025,0.0018,0.0012,0.0028,0.0021
0.0013,0.0007,0.0004,0.0007,0.0003,0.0000,0.0002,0.0987,0.0005,0.5822,0.1378,0.1665,0.7426,0.1287,0.9999,0.0013,0.0068,0.0003,0.0014,0.0007,0.0009,0.0096,0.0027,0.0049,0.0045,0.0061
0.0043,0.0039,0.0031,0.0041,0.0021,0.0003,0.0074,0.0021,0.5822,0.3797,0.4619,0.0229,0.0050,0.0024,0.0324,0.0010,0.0032,0.0019,0.0050,0.0041,0.0022,0.0083,0.0032,0.0036,0.0043,0.0117
0.0105,0.0040,0.0017,0.0046,0.0021,0.0020,0.0033,0.0130,0.1378,0.4619,0.0692,0.1794,0.0006,0.0005,0.0108,0.0005,0.0019,0.0018,0.0047,0.0054,0.0036,0.0066,0.0035,0.0171,0.0151,0.0430
0.0070,0.0049,0.0029,0.0091,0.0053,0.0274,0.0562,0.9935,0.1665,0.0229,0.1794,0.0565,0.0525,0.0000,0.0001,0.0000,0.0002,0.0009,0.0047,0.0043,0.0011,0.0046,0.0028,0.0191,0.0333,0.0653
0.0026,0.0019,0.0010,0.0014,0.0029,0.0136,0.0669,0.0716,0.7426,0.0050,0.0006,0.0525,0.0160,0.0008,0.0000,0.0001,0.0001,0.0005,0.0023,0.0047,0.0036,0.0238,0.0116,0.9850,0.2680,0.7393
0.0024,0.0027,0.0047,0.0074,0.0136,0.9977,0.2755,0.9999,0.1287,0.0024,0.0005,0.0000,0.0008,0.0202,0.0000,0.0000,0.0000,0.0000,0.0005,0.0027,0.0009,0.0396,0.0078,0.0322,0.9966,0.5503
0.0009,0.0018,0.0018,0.0006,0.0205,0.1130,1.0000,0.0145,0.9999,0.0324,0.0108,0.0001,0.0000,0.0000,0.0000,0.0000,0.0000,0.0000,0.0000,0.0015,0.0055,0.9954,0.0741,0.9989,0.1019,0.0222
0.0446,0.0840,0.8651,0.9949,0.7270,1.0000,0.1218,0.0021,0.0013,0.0010,0.0005,0.0000,0.0001,0.0000,0.0000,0.0020,0.0000,0.0000,0.0001,0.0003,0.0016,0.0055,0.9925,0.0170,0.1051,0.0153
0.0020,0.0063,0.6436,0.7347,1.0000,0.0925,0.0617,0.0016,0.0068,0.0032,0.0019,0.0002,0.0001,0.0000,0.0000,0.0000,0.0156,0.0006,0.0000,0.0014,0.1024,0.9946,0.0424,0.0412,0.0018,0.0020
0.2755,0.3750,0.9669,0.9869,0.0268,0.0155,0.0026,0.0014,0.0003,0.0019,0.0018,0.0009,0.0005,0.0000,0.0000,0.0000,0.0006,0.2151,0.0256,0.0281,0.9654,0.0012,0.0369,0.0026,0.0029,0.0013
0.2099,0.9334,0.9188,0.7792,0.0275,0.0122,0.0032,0.0018,0.0014,0.0050,0.0047,0.0047,0.0023,0.0005,0.0000,0.0001,0.0000,0.0256,0.0376,0.0621,0.0032,0.0010,0.0035,0.0008,0.0022,0.0027
0.3630,0.1341,0.0794,0.0974,0.0061,0.0083,0.0039,0.0024,0.0007,0.0041,0.0054,0.0043,0.0047,0.0027,0.0015,0.0003,0.0014,0.0281,0.0621,0.4446,0.4038,0.0000,0.0022,0.0009,0.0010,0.0064
0.3296,0.0323,0.0114,0.0139,0.0059,0.0033,0.0011,0.0012,0.0009,0.0022,0.0036,0.0011,0.0036,0.0009,0.0055,0.0016,0.1024,0.9654,0.0032,0.4038,0.0795,0.0015,0.0005,0.0008,0.0009,0.0034
0.0079,0.0048,0.0049,0.0051,0.0096,0.0151,0.0663,0.0025,0.0096,0.0083,0.0066,0.0046,0.0238,0.0396,0.9954,0.0055,0.9946,0.0012,0.0010,0.0000,0.0015,0.1090,0.0012,0.0000,0.0002,0.0003
0.0183,0.0089,0.0067,0.0090,0.0039,0.0178,0.0024,0.0018,0.0027,0.0032,0.0035,0.0028,0.0116,0.0078,0.0741,0.9925,0.0424,0.0369,0.0035,0.0022,0.0005,0.0012,0.2358,0.0033,0.0000,0.0028
0.0014,0.0017,0.0012,0.0018,0.0024,0.0051,0.0044,0.0012,0.0049,0.0036,0.0171,0.0191,0.9850,0.0322,0.9989,0.0170,0.0412,0.0026,0.0008,0.0009,0.0008,0.0000,0.0033,0.2493,0.0008,0.0005
0.0045,0.0028,0.0034,0.0070,0.0025,0.0137,0.0028,0.0028,0.0045,0.0043,0.0151,0.0333,0.2680,0.9966,0.1019,0.1051,0.0018,0.0029,0.0022,0.0010,0.0009,0.0002,0.0000,0.0008,0.1260,0.0193
0.0024,0.0017,0.0013,0.0022,0.0017,0.0024,0.0021,0.0021,0.0061,0.0117,0.0430,0.0653,0.7393,0.5503,0.0222,0.0153,0.0020,0.0013,0.0027,0.0064,0.0034,0.0003,0.0028,0.0005,0.0193,0.2203