c1,c2,c3,c4,c5,c6,c7,c8,c9,c10,c11,c12,c13,c14,c15,c16,c17,c18,c19,c20
0.0005,0.0062,0.0000,0.0015,0.0211,0.0201,0.0235,0.0415,0.0227,0.0095,0.0131,0.0172,0.0195,0.0036,0.0064,0.0051,0.0170,0.0084,0.0050,0.0167
0.0062,0.0084,0.0143,0.0001,0.0059,0.0071,0.0104,0.0211,0.0145,0.0063,0.0142,0.0120,0.0097,0.0082,0.0061,0.0063,0.0178,0.0093,0.0027,0.0092
0.0000,0.0143,0.0359,0.0055,0.0005,0.0080,0.0101,0.0031,0.0085,0.0080,0.0364,0.0137,0.0247,0.0120,0.0110,0.0117,0.0161,0.0066,0.0050,0.0098
0.0015,0.0001,0.0055,0.0009,0.0512,0.0001,0.0019,0.0382,0.0103,0.0187,0.0488,0.0416,0.0286,0.0093,0.0366,0.0178,0.0106,0.0071,0.0059,0.0105
0.0211,0.0059,0.0005,0.0512,0.0000,0.0722,0.0002,0.0042,0.0063,0.0069,0.0390,0.0243,0.0155,0.0135,0.0278,0.0123,0.0164,0.0086,0.0043,0.0064
0.0201,0.0071,0.0080,0.0001,0.0722,0.0481,0.0083,0.0001,0.0029,0.0081,0.0064,0.0196,0.0114,0.0108,0.0106,0.0100,0.0106,0.0080,0.0051,0.0098
0.0235,0.0104,0.0101,0.0019,0.0002,0.0083,0.0021,0.0088,0.0008,0.0128,0.0143,0.0110,0.0258,0.0138,0.0215,0.0107,0.0124,0.0092,0.0080,0.0051
0.0415,0.0211,0.0031,0.0382,0.0042,0.0001,0.0088,0.0050,0.0161,0.0002,0.0084,0.0181,0.0058,0.0249,0.0070,0.0043,0.0136,0.0105,0.0088,0.0118
0.0227,0.0145,0.0085,0.0103,0.0063,0.0029,0.0008,0.0161,0.0273,0.0106,0.0001,0.0029,0.0107,0.0105,0.0227,0.0172,0.0135,0.0108,0.0054,0.0096
0.0095,0.0063,0.0080,0.0187,0.0069,0.0081,0.0128,0.0002,0.0106,0.0090,0.0052,0.0003,0.0044,0.0308,0.0072,0.0222,0.0201,0.0167,0.0109,0.0066
0.0131,0.0142,0.0364,0.0488,0.0390,0.0064,0.0143,0.0084,0.0001,0.0052,0.0040,0.0022,0.0001,0.0035,0.0325,0.0151,0.0490,0.0150,0.0082,0.0030
0.0172,0.0120,0.0137,0.0416,0.0243,0.0196,0.0110,0.0181,0.0029,0.0003,0.0022,0.0099,0.0035,0.0001,0.0037,0.0148,0.0129,0.0390,0.0119,0.0091
0.0195,0.0097,0.0247,0.0286,0.0155,0.0114,0.0258,0.0058,0.0107,0.0044,0.0001,0.0035,0.0073,0.0050,0.0001,0.0081,0.0144,0.0108,0.0242,0.0246
0.0036,0.0082,0.0120,0.0093,0.0135,0.0108,0.0138,0.0249,0.0105,0.0308,0.0035,0.0001,0.0050,0.0062,0.0057,0.0007,0.0055,0.0284,0.0326,0.0174
0.0064,0.0061,0.0110,0.0366,0.0278,0.0106,0.0215,0.0070,0.0227,0.0072,0.0325,0.0037,0.0001,0.0057,0.0184,0.0127,0.0001,0.0102,0.0147,0.0107
0.0051,0.0063,0.0117,0.0178,0.0123,0.0100,0.0107,0.0043,0.0172,0.0222,0.0151,0.0148,0.0081,0.0007,0.0127,0.0180,0.0028,0.0002,0.0036,0.0152
0.0170,0.0178,0.0161,0.0106,0.0164,0.0106,0.0124,0.0136,0.0135,0.0201,0.0490,0.0129,0.0144,0.0055,0.0001,0.0028,0.0090,0.0017,0.0003,0.0054
0.0084,0.0093,0.0066,0.0071,0.0086,0.0080,0.0092,0.0105,0.0108,0.0167,0.0150,0.0390,0.0108,0.0284,0.0102,0.0002,0.0017,0.0105,0.0265,0.0002
0.0050,0.0027,0.0050,0.0059,0.0043,0.0051,0.0080,0.0088,0.0054,0.0109,0.0082,0.0119,0.0242,0.0326,0.0147,0.0036,0.0003,0.0265,0.0171,0.0051
0.0167,0.0092,0.0098,0.0105,0.0064,0.0098,0.0051,0.0118,0.0096,0.0066,0.0030,0.0091,0.0246,0.0174,0.0107,0.0152,0.0054,0.0002,0.0051,0.0033