c1,c2,c3,c4,c5,c6,c7,c8,c9,c10,c11,c12,c13,c14,c15,c16,c17,c18,c19,c20,c21,c22,c23,c24,c25,c26
0.0003,0.0005,0.0004,0.0179,0.0177,0.2290,0.0162,0.0389,0.0569,0.0129,0.0171,0.0104,0.0095,0.0078,0.0088,0.0053,0.0034,0.0043,0.0044,0.0056,0.0050,0.0040,0.0042,0.0068,0.0076,0.0055
0.0005,0.0036,0.1155,0.0001,0.0020,0.0389,0.0089,0.0313,0.0307,0.0195,0.0153,0.0056,0.0068,0.0077,0.0118,0.0062,0.0036,0.0053,0.0069,0.0075,0.0036,0.0071,0.0089,0.0086,0.0089,0.0060
0.0004,0.1155,0.0058,0.1328,0.0000,0.0240,0.0067,0.0085,0.0216,0.0120,0.0086,0.0060,0.0048,0.0069,0.0064,0.0049,0.0038,0.0064,0.0110,0.0063,0.0107,0.0118,0.0062,0.0069,0.0077,0.0048
0.0179,0.0001,0.1328,0.0878,0.0164,0.0006,0.0073,0.0118,0.0054,0.0174,0.0084,0.0091,0.0067,0.0088,0.0054,0.0055,0.0073,0.0060,0.0074,0.0065,0.0086,0.0095,0.0052,0.0045,0.0039,0.0028
0.0177,0.0020,0.0000,0.0164,0.0122,0.0065,0.0000,0.0034,0.0040,0.0069,0.0149,0.0128,0.0104,0.0165,0.0250,0.0125,0.0136,0.0238,0.0168,0.0441,0.0140,0.0143,0.0146,0.0109,0.0066,0.0057
0.2290,0.0389,0.0240,0.0006,0.0065,0.0303,0.0077,0.0000,0.0033,0.0088,0.0049,0.0111,0.0067,0.0069,0.0084,0.0073,0.0175,0.0098,0.0091,0.0047,0.0066,0.0047,0.0068,0.0056,0.0069,0.0069
0.0162,0.0089,0.0067,0.0073,0.0000,0.0077,0.0010,0.0035,0.0000,0.0024,0.0079,0.0051,0.0170,0.0174,0.0246,0.0135,0.0189,0.1500,0.0146,0.0552,0.0068,0.0117,0.0125,0.0135,0.0202,0.0106
0.0389,0.0313,0.0085,0.0118,0.0034,0.0000,0.0035,0.0054,0.0012,0.0001,0.0051,0.0075,0.0055,0.0354,0.0322,0.0167,0.0452,0.0644,0.0152,0.0186,0.0088,0.0072,0.0082,0.0076,0.0078,0.0041
0.0569,0.0307,0.0216,0.0054,0.0040,0.0033,0.0000,0.0012,0.0035,0.0049,0.0001,0.0028,0.0057,0.0277,0.1058,0.0274,0.0306,0.0390,0.0183,0.0102,0.0080,0.0111,0.0084,0.0055,0.0079,0.0057
0.0129,0.0195,0.0120,0.0174,0.0069,0.0088,0.0024,0.0001,0.0049,0.0153,0.0244,0.0002,0.0060,0.0080,0.0131,0.0204,0.0229,0.0241,0.0080,0.0140,0.0078,0.0086,0.0079,0.0046,0.0048,0.0047
0.0171,0.0153,0.0086,0.0084,0.0149,0.0049,0.0079,0.0051,0.0001,0.0244,0.0202,0.0248,0.0002,0.0190,0.0061,0.0102,0.0225,0.0150,0.0073,0.0099,0.0098,0.0087,0.0043,0.0055,0.0040,0.0042
0.0104,0.0056,0.0060,0.0091,0.0128,0.0111,0.0051,0.0075,0.0028,0.0002,0.0248,0.0218,0.0233,0.0005,0.0051,0.0130,0.0107,0.0217,0.0138,0.0083,0.0122,0.0089,0.0067,0.0079,0.0057,0.0034
0.0095,0.0068,0.0048,0.0067,0.0104,0.0067,0.0170,0.0055,0.0057,0.0060,0.0002,0.0233,0.0348,0.0185,0.0003,0.0284,0.0091,0.0067,0.0206,0.0074,0.0162,0.0100,0.0040,0.0042,0.0069,0.0060
0.0078,0.0077,0.0069,0.0088,0.0165,0.0069,0.0174,0.0354,0.0277,0.0080,0.0190,0.0005,0.0185,0.0366,0.0104,0.0002,0.0053,0.0076,0.0040,0.0061,0.0077,0.0037,0.0036,0.0044,0.0064,0.0055
0.0088,0.0118,0.0064,0.0054,0.0250,0.0084,0.0246,0.0322,0.1058,0.0131,0.0061,0.0051,0.0003,0.0104,0.0226,0.0177,0.0001,0.0052,0.0098,0.0063,0.0113,0.0043,0.0030,0.0038,0.0053,0.0053
0.0053,0.0062,0.0049,0.0055,0.0125,0.0073,0.0135,0.0167,0.0274,0.0204,0.0102,0.0130,0.0284,0.0002,0.0177,0.0271,0.0080,0.0000,0.0076,0.0141,0.0089,0.0084,0.0064,0.0047,0.0051,0.0100
0.0034,0.0036,0.0038,0.0073,0.0136,0.0175,0.0189,0.0452,0.0306,0.0229,0.0225,0.0107,0.0091,0.0053,0.0001,0.0080,0.0192,0.0026,0.0005,0.0027,0.0298,0.0055,0.0087,0.0072,0.0051,0.0099
0.0043,0.0053,0.0064,0.0060,0.0238,0.0098,0.1500,0.0644,0.0390,0.0241,0.0150,0.0217,0.0067,0.0076,0.0052,0.0000,0.0026,0.0042,0.0086,0.0001,0.0032,0.0141,0.0074,0.0103,0.0088,0.0122
0.0044,0.0069,0.0110,0.0074,0.0168,0.0091,0.0146,0.0152,0.0183,0.0080,0.0073,0.0138,0.0206,0.0040,0.0098,0.0076,0.0005,0.0086,0.0073,0.0042,0.0001,0.0060,0.0185,0.0058,0.0099,0.0194
0.0056,0.0075,0.0063,0.0065,0.0441,0.0047,0.0552,0.0186,0.0102,0.0140,0.0099,0.0083,0.0074,0.0061,0.0063,0.0141,0.0027,0.0001,0.0042,0.0144,0.0056,0.0004,0.0049,0.0167,0.0076,0.0522
0.0050,0.0036,0.0107,0.0086,0.0140,0.0066,0.0068,0.0088,0.0080,0.0078,0.0098,0.0122,0.0162,0.0077,0.0113,0.0089,0.0298,0.0032,0.0001,0.0056,0.0044,0.0082,0.0002,0.0109,0.0392,0.0685
0.0040,0.0071,0.0118,0.0095,0.0143,0.0047,0.0117,0.0072,0.0111,0.0086,0.0087,0.0089,0.0100,0.0037,0.0043,0.0084,0.0055,0.0141,0.0060,0.0004,0.0082,0.0217,0.0363,0.0004,0.0035,0.0449
0.0042,0.0089,0.0062,0.0052,0.0146,0.0068,0.0125,0.0082,0.0084,0.0079,0.0043,0.0067,0.0040,0.0036,0.0030,0.0064,0.0087,0.0074,0.0185,0.0049,0.0002,0.0363,0.0831,0.1014,0.0002,0.0202
0.0068,0.0086,0.0069,0.0045,0.0109,0.0056,0.0135,0.0076,0.0055,0.0046,0.0055,0.0079,0.0042,0.0044,0.0038,0.0047,0.0072,0.0103,0.0058,0.0167,0.0109,0.0004,0.1014,0.0990,0.0207,0.0005
0.0076,0.0089,0.0077,0.0039,0.0066,0.0069,0.0202,0.0078,0.0079,0.0048,0.0040,0.0057,0.0069,0.0064,0.0053,0.0051,0.0051,0.0088,0.0099,0.0076,0.0392,0.0035,0.0002,0.0207,0.1459,0.0026
0.0055,0.0060,0.0048,0.0028,0.0057,0.0069,0.0106,0.0041,0.0057,0.0047,0.0042,0.0034,0.0060,0.0055,0.0053,0.0100,0.0099,0.0122,0.0194,0.0522,0.0685,0.0449,0.0202,0.0005,0.0026,0.0026