c1,c2,c3,c4,c5,c6,c7,c8,c9,c10,c11,c12,c13,c14,c15,c16,c17,c18,c19,c20,c21,c22,c23,c24,c25,c26,c27,c28
0.0112,0.0003,0.0002,0.0000,0.0022,0.0035,0.0203,0.0086,0.0257,0.0137,0.0584,0.0174,0.0196,0.0128,0.0064,0.0117,0.0095,0.0136,0.0088,0.0222,0.0082,0.0213,0.0340,0.0260,0.0029,0.0207,0.0062,0.0099
0.0003,0.0099,0.0912,0.0000,0.0032,0.0005,0.0014,0.0074,0.0339,0.0261,0.0209,0.0149,0.0127,0.0129,0.0047,0.0196,0.0068,0.0114,0.0108,0.0115,0.0104,0.0116,0.0928,0.0628,0.0172,0.0259,0.0262,0.0097
0.0002,0.0912,0.0991,0.0000,0.0001,0.0002,0.0004,0.0024,0.0396,0.0340,0.0131,0.0444,0.0136,0.0104,0.0070,0.0099,0.0066,0.0090,0.0077,0.0133,0.0134,0.0222,0.1102,0.0186,0.0158,0.0181,0.0239,0.0116
0.0000,0.0000,0.0000,0.0012,0.0014,0.0000,0.0001,0.0013,0.1775,0.0927,0.0614,0.5320,0.0287,0.0230,0.0283,0.0078,0.0084,0.0308,0.0196,0.0228,0.0338,0.0145,0.9205,0.0100,0.6401,0.0128,0.5799,0.0196
0.0022,0.0032,0.0001,0.0014,0.0606,0.0112,0.0000,0.0038,0.1415,0.0105,0.0241,0.0658,0.0073,0.0087,0.0112,0.0083,0.0048,0.0056,0.0045,0.0086,0.0101,0.0143,0.0878,0.0097,0.0225,0.0075,0.0082,0.0041
0.0035,0.0005,0.0002,0.0000,0.0112,0.0995,0.0068,0.0071,0.7448,0.0012,0.0055,0.0125,0.0077,0.0117,0.0034,0.0445,0.0039,0.0041,0.0072,0.0066,0.0119,0.0075,0.1121,0.0068,0.0303,0.0073,0.0450,0.0065
0.0203,0.0014,0.0004,0.0001,0.0000,0.0068,0.0027,0.0323,0.0017,0.0000,0.0078,0.0332,0.0188,0.0186,0.0191,0.0394,0.0058,0.0105,0.0106,0.0132,0.0239,0.0072,0.1604,0.0156,0.1569,0.0216,0.1099,0.0098
0.0086,0.0074,0.0024,0.0013,0.0038,0.0071,0.0323,0.0364,0.1565,0.0000,0.0017,0.0022,0.0038,0.0061,0.0099,0.0069,0.0090,0.0077,0.0086,0.0090,0.0177,0.0047,0.0540,0.0069,0.0291,0.0097,0.0761,0.0122
0.0257,0.0339,0.0396,0.1775,0.1415,0.7448,0.0017,0.1565,0.0042,0.0008,0.0002,0.0003,0.0016,0.0014,0.0039,0.0036,0.0050,0.0002,0.0019,0.0011,0.0055,0.0012,0.0090,0.0083,0.0255,0.0083,0.0267,0.0148
0.0137,0.0261,0.0340,0.0927,0.0105,0.0012,0.0000,0.0000,0.0008,0.0003,0.0298,0.0000,0.0005,0.0014,0.0052,0.0211,0.0366,0.0171,0.0116,0.0138,0.0599,0.0106,0.1663,0.0167,0.8377,0.0327,0.8900,0.0289
0.0584,0.0209,0.0131,0.0614,0.0241,0.0055,0.0078,0.0017,0.0002,0.0298,0.1312,0.0027,0.0001,0.0001,0.0008,0.0011,0.0042,0.0014,0.0021,0.0042,0.0102,0.0032,0.0464,0.0117,0.0306,0.0186,0.1523,0.1197
0.0174,0.0149,0.0444,0.5320,0.0658,0.0125,0.0332,0.0022,0.0003,0.0000,0.0027,0.0001,0.0007,0.0000,0.0001,0.0004,0.0009,0.0049,0.0133,0.0152,0.1236,0.0218,0.7692,0.0139,0.4622,0.0137,0.9762,0.0322
0.0196,0.0127,0.0136,0.0287,0.0073,0.0077,0.0188,0.0038,0.0016,0.0005,0.0001,0.0007,0.0030,0.0003,0.0000,0.0000,0.0017,0.0013,0.0115,0.0103,0.0187,0.0238,0.1547,0.2357,0.0340,0.4792,0.2119,0.6084
0.0128,0.0129,0.0104,0.0230,0.0087,0.0117,0.0186,0.0061,0.0014,0.0014,0.0001,0.0000,0.0003,0.0002,0.0000,0.0000,0.0001,0.0030,0.0208,0.0271,0.6636,0.1316,0.6146,0.2013,0.9611,0.1252,0.5812,0.0407
0.0064,0.0047,0.0070,0.0283,0.0112,0.0034,0.0191,0.0099,0.0039,0.0052,0.0008,0.0001,0.0000,0.0000,0.0003,0.0004,0.0000,0.0016,0.0374,0.0127,0.1999,0.2346,0.1662,0.7226,0.2010,0.5877,0.0429,0.1988
0.0117,0.0196,0.0099,0.0078,0.0083,0.0445,0.0394,0.0069,0.0036,0.0211,0.0011,0.0004,0.0000,0.0000,0.0004,0.0014,0.0002,0.0004,0.0196,0.0131,0.6281,0.2483,0.0532,0.0670,0.3974,0.0394,0.0104,0.0089
0.0095,0.0068,0.0066,0.0084,0.0048,0.0039,0.0058,0.0090,0.0050,0.0366,0.0042,0.0009,0.0017,0.0001,0.0000,0.0002,0.0035,0.0790,0.0002,0.0075,0.0075,0.4407,0.0282,0.2653,0.0483,0.3945,0.0148,0.0632
0.0136,0.0114,0.0090,0.0308,0.0056,0.0041,0.0105,0.0077,0.0002,0.0171,0.0014,0.0049,0.0013,0.0030,0.0016,0.0004,0.0790,0.0036,0.2321,0.0007,0.0055,0.0227,0.0019,0.0205,0.0467,0.0217,0.0213,0.0175
0.0088,0.0108,0.0077,0.0196,0.0045,0.0072,0.0106,0.0086,0.0019,0.0116,0.0021,0.0133,0.0115,0.0208,0.0374,0.0196,0.0002,0.2321,0.0000,0.0923,0.0001,0.0058,0.0059,0.0092,0.0299,0.0175,0.0199,0.0211
0.0222,0.0115,0.0133,0.0228,0.0086,0.0066,0.0132,0.0090,0.0011,0.0138,0.0042,0.0152,0.0103,0.0271,0.0127,0.0131,0.0075,0.0007,0.0923,0.0234,0.0020,0.0001,0.0005,0.0175,0.0029,0.0131,0.0037,0.0078
0.0082,0.0104,0.0134,0.0338,0.0101,0.0119,0.0239,0.0177,0.0055,0.0599,0.0102,0.1236,0.0187,0.6636,0.1999,0.6281,0.0075,0.0055,0.0001,0.0020,0.0087,0.0059,0.0000,0.0004,0.0002,0.0006,0.0021,0.0028
0.0213,0.0116,0.0222,0.0145,0.0143,0.0075,0.0072,0.0047,0.0012,0.0106,0.0032,0.0218,0.0238,0.1316,0.2346,0.2483,0.4407,0.0227,0.0058,0.0001,0.0059,0.0076,0.0001,0.0002,0.0001,0.0030,0.0003,0.0036
0.0340,0.0928,0.1102,0.9205,0.0878,0.1121,0.1604,0.0540,0.0090,0.1663,0.0464,0.7692,0.1547,0.6146,0.1662,0.0532,0.0282,0.0019,0.0059,0.0005,0.0000,0.0001,0.0009,0.0004,0.0000,0.0000,0.0000,0.0002
0.0260,0.0628,0.0186,0.0100,0.0097,0.0068,0.0156,0.0069,0.0083,0.0167,0.0117,0.0139,0.2357,0.2013,0.7226,0.0670,0.2653,0.0205,0.0092,0.0175,0.0004,0.0002,0.0004,0.0142,0.0000,0.0000,0.0000,0.0015
0.0029,0.0172,0.0158,0.6401,0.0225,0.0303,0.1569,0.0291,0.0255,0.8377,0.0306,0.4622,0.0340,0.9611,0.2010,0.3974,0.0483,0.0467,0.0299,0.0029,0.0002,0.0001,0.0000,0.0000,0.0005,0.0003,0.0000,0.0000
0.0207,0.0259,0.0181,0.0128,0.0075,0.0073,0.0216,0.0097,0.0083,0.0327,0.0186,0.0137,0.4792,0.1252,0.5877,0.0394,0.3945,0.0217,0.0175,0.0131,0.0006,0.0030,0.0000,0.0000,0.0003,0.0081,0.0000,0.0000
0.0062,0.0262,0.0239,0.5799,0.0082,0.0450,0.1099,0.0761,0.0267,0.8900,0.1523,0.9762,0.2119,0.5812,0.0429,0.0104,0.0148,0.0213,0.0199,0.0037,0.0021,0.0003,0.0000,0.0000,0.0000,0.0000,0.0002,0.0002
0.0099,0.0097,0.0116,0.0196,0.0041,0.0065,0.0098,0.0122,0.0148,0.0289,0.1197,0.0322,0.6084,0.0407,0.1988,0.0089,0.0632,0.0175,0.0211,0.0078,0.0028,0.0036,0.0002,0.0015,0.0000,0.0000,0.0002,0.0010