c1,c2,c3,c4,c5,c6,c7,c8,c9,c10,c11,c12,c13,c14,c15,c16,c17,c18,c19,c20
0.1100,0.1222,0.0021,0.0646,0.0164,0.0140,0.0229,0.0089,0.0100,0.0082,0.0041,0.0054,0.0019,0.0013,0.0022,0.0023,0.0028,0.0044,0.0031,0.0012
0.1222,0.1550,0.1028,0.0010,0.0349,0.0371,0.0040,0.0066,0.0049,0.0030,0.0029,0.0058,0.0023,0.0014,0.0019,0.0028,0.0037,0.0048,0.0042,0.0037
0.0021,0.1028,0.0438,0.0174,0.0005,0.0109,0.0058,0.0048,0.0068,0.0057,0.0041,0.0075,0.0054,0.0044,0.0059,0.0056,0.0098,0.0114,0.0065,0.0063
0.0646,0.0010,0.0174,0.0589,0.0280,0.0002,0.0093,0.0103,0.0053,0.0068,0.0099,0.0113,0.0057,0.0043,0.0070,0.0076,0.0057,0.0058,0.0037,0.0037
0.0164,0.0349,0.0005,0.0280,0.1366,0.0099,0.0011,0.0174,0.0083,0.0026,0.0079,0.0090,0.0064,0.0046,0.0051,0.0046,0.0065,0.0057,0.0030,0.0042
0.0140,0.0371,0.0109,0.0002,0.0099,0.0193,0.0674,0.0007,0.0261,0.0056,0.0046,0.0160,0.0094,0.0102,0.0037,0.0062,0.0054,0.0058,0.0029,0.0042
0.0229,0.0040,0.0058,0.0093,0.0011,0.0674,0.0777,0.0361,0.0071,0.0057,0.0116,0.0087,0.0082,0.0036,0.0029,0.0045,0.0036,0.0031,0.0020,0.0028
0.0089,0.0066,0.0048,0.0103,0.0174,0.0007,0.0361,0.0365,0.0031,0.0005,0.0427,0.0221,0.0100,0.0059,0.0045,0.0074,0.0082,0.0057,0.0043,0.0042
0.0100,0.0049,0.0068,0.0053,0.0083,0.0261,0.0071,0.0031,0.0370,0.0410,0.0003,0.0260,0.0240,0.0040,0.0029,0.0076,0.0059,0.0042,0.0043,0.0051
0.0082,0.0030,0.0057,0.0068,0.0026,0.0056,0.0057,0.0005,0.0410,0.0954,0.0229,0.0010,0.0259,0.0129,0.0077,0.0123,0.0090,0.0087,0.0024,0.0046
0.0041,0.0029,0.0041,0.0099,0.0079,0.0046,0.0116,0.0427,0.0003,0.0229,0.0322,0.0140,0.0015,0.0446,0.0127,0.0064,0.0093,0.0072,0.0030,0.0040
0.0054,0.0058,0.0075,0.0113,0.0090,0.0160,0.0087,0.0221,0.0260,0.0010,0.0140,0.0123,0.0085,0.0004,0.0134,0.0071,0.0048,0.0084,0.0043,0.0054
0.0019,0.0023,0.0054,0.0057,0.0064,0.0094,0.0082,0.0100,0.0240,0.0259,0.0015,0.0085,0.0393,0.0255,0.0005,0.0153,0.0086,0.0061,0.0066,0.0081
0.0013,0.0014,0.0044,0.0043,0.0046,0.0102,0.0036,0.0059,0.0040,0.0129,0.0446,0.0004,0.0255,0.0295,0.0278,0.0020,0.0115,0.0204,0.0130,0.0267
0.0022,0.0019,0.0059,0.0070,0.0051,0.0037,0.0029,0.0045,0.0029,0.0077,0.0127,0.0134,0.0005,0.0278,0.0188,0.0301,0.0008,0.0619,0.0289,0.0521
0.0023,0.0028,0.0056,0.0076,0.0046,0.0062,0.0045,0.0074,0.0076,0.0123,0.0064,0.0071,0.0153,0.0020,0.0301,0.0814,0.0175,0.0003,0.0083,0.0261
0.0028,0.0037,0.0098,0.0057,0.0065,0.0054,0.0036,0.0082,0.0059,0.0090,0.0093,0.0048,0.0086,0.0115,0.0008,0.0175,0.2030,0.0155,0.0007,0.0211
0.0044,0.0048,0.0114,0.0058,0.0057,0.0058,0.0031,0.0057,0.0042,0.0087,0.0072,0.0084,0.0061,0.0204,0.0619,0.0003,0.0155,0.1102,0.0477,0.0003
0.0031,0.0042,0.0065,0.0037,0.0030,0.0029,0.0020,0.0043,0.0043,0.0024,0.0030,0.0043,0.0066,0.0130,0.0289,0.0083,0.0007,0.0477,0.4791,0.0559
0.0012,0.0037,0.0063,0.0037,0.0042,0.0042,0.0028,0.0042,0.0051,0.0046,0.0040,0.0054,0.0081,0.0267,0.0521,0.0261,0.0211,0.0003,0.0559,0.0961