c1,c2,c3,c4,c5,c6,c7,c8,c9,c10,c11,c12,c13,c14,c15,c16,c17,c18,c19,c20
0.2323,0.0776,0.0008,0.0541,0.0133,0.0119,0.0141,0.0107,0.0098,0.0123,0.0058,0.0070,0.0040,0.0021,0.0039,0.0012,0.0018,0.0029,0.0027,0.0014
0.0776,0.0773,0.0866,0.0009,0.0417,0.0292,0.0036,0.0079,0.0057,0.0037,0.0042,0.0087,0.0035,0.0023,0.0043,0.0021,0.0021,0.0031,0.0048,0.0031
0.0008,0.0866,0.0488,0.0102,0.0005,0.0103,0.0065,0.0052,0.0087,0.0060,0.0066,0.0099,0.0063,0.0067,0.0132,0.0049,0.0052,0.0069,0.0082,0.0053
0.0541,0.0009,0.0102,0.0374,0.0301,0.0003,0.0115,0.0094,0.0056,0.0080,0.0119,0.0155,0.0076,0.0064,0.0087,0.0051,0.0034,0.0034,0.0069,0.0037
0.0133,0.0417,0.0005,0.0301,0.1016,0.0099,0.0012,0.0180,0.0084,0.0025,0.0094,0.0095,0.0083,0.0059,0.0072,0.0029,0.0039,0.0037,0.0046,0.0041
0.0119,0.0292,0.0103,0.0003,0.0099,0.0220,0.0845,0.0005,0.0221,0.0058,0.0063,0.0155,0.0125,0.0128,0.0067,0.0046,0.0027,0.0030,0.0048,0.0038
0.0141,0.0036,0.0065,0.0115,0.0012,0.0845,0.0997,0.0493,0.0066,0.0051,0.0136,0.0087,0.0122,0.0039,0.0034,0.0024,0.0016,0.0020,0.0028,0.0034
0.0107,0.0079,0.0052,0.0094,0.0180,0.0005,0.0493,0.0390,0.0026,0.0005,0.0447,0.0158,0.0097,0.0061,0.0088,0.0074,0.0037,0.0031,0.0080,0.0039
0.0098,0.0057,0.0087,0.0056,0.0084,0.0221,0.0066,0.0026,0.0304,0.0609,0.0003,0.0187,0.0215,0.0037,0.0042,0.0099,0.0038,0.0025,0.0066,0.0050
0.0123,0.0037,0.0060,0.0080,0.0025,0.0058,0.0051,0.0005,0.0609,0.0482,0.0160,0.0025,0.0287,0.0140,0.0073,0.0091,0.0045,0.0041,0.0039,0.0055
0.0058,0.0042,0.0066,0.0119,0.0094,0.0063,0.0136,0.0447,0.0003,0.0160,0.0444,0.0181,0.0010,0.0370,0.0065,0.0061,0.0027,0.0045,0.0035,0.0055
0.0070,0.0087,0.0099,0.0155,0.0095,0.0155,0.0087,0.0158,0.0187,0.0025,0.0181,0.0177,0.0059,0.0003,0.0054,0.0082,0.0027,0.0062,0.0048,0.0053
0.0040,0.0035,0.0063,0.0076,0.0083,0.0125,0.0122,0.0097,0.0215,0.0287,0.0010,0.0059,0.0508,0.0206,0.0002,0.0127,0.0060,0.0047,0.0053,0.0067
0.0021,0.0023,0.0067,0.0064,0.0059,0.0128,0.0039,0.0061,0.0037,0.0140,0.0370,0.0003,0.0206,0.0309,0.0052,0.0091,0.0159,0.0079,0.0076,0.0147
0.0039,0.0043,0.0132,0.0087,0.0072,0.0067,0.0034,0.0088,0.0042,0.0073,0.0065,0.0054,0.0002,0.0052,0.0125,0.2842,0.0021,0.0255,0.0049,0.0231
0.0012,0.0021,0.0049,0.0051,0.0029,0.0046,0.0024,0.0074,0.0099,0.0091,0.0061,0.0082,0.0127,0.0091,0.2842,0.0000,0.2235,0.0060,0.0438,0.0287
0.0018,0.0021,0.0052,0.0034,0.0039,0.0027,0.0016,0.0037,0.0038,0.0045,0.0027,0.0027,0.0060,0.0159,0.0021,0.2235,0.0838,0.2431,0.0024,0.0562
0.0029,0.0031,0.0069,0.0034,0.0037,0.0030,0.0020,0.0031,0.0025,0.0041,0.0045,0.0062,0.0047,0.0079,0.0255,0.0060,0.2431,0.2202,0.0535,0.0009
0.0027,0.0048,0.0082,0.0069,0.0046,0.0048,0.0028,0.0080,0.0066,0.0039,0.0035,0.0048,0.0053,0.0076,0.0049,0.0438,0.0024,0.0535,0.0135,0.0445
0.0014,0.0031,0.0053,0.0037,0.0041,0.0038,0.0034,0.0039,0.0050,0.0055,0.0055,0.0053,0.0067,0.0147,0.0231,0.0287,0.0562,0.0009,0.0445,0.0463