c1,c2,c3,c4,c5,c6,c7,c8,c9,c10,c11,c12,c13,c14,c15,c16,c17,c18,c19,c20
0.1753,0.0681,0.0009,0.0640,0.0137,0.0132,0.0223,0.0109,0.0073,0.0078,0.0046,0.0053,0.0032,0.0024,0.0039,0.0017,0.0029,0.0038,0.0019,0.0017
0.0681,0.0802,0.0602,0.0005,0.0361,0.0369,0.0047,0.0073,0.0041,0.0038,0.0040,0.0055,0.0031,0.0026,0.0044,0.0029,0.0044,0.0057,0.0023,0.0057
0.0009,0.0602,0.0350,0.0124,0.0004,0.0091,0.0069,0.0056,0.0086,0.0070,0.0066,0.0074,0.0055,0.0067,0.0148,0.0056,0.0081,0.0154,0.0046,0.0066
0.0640,0.0005,0.0124,0.0520,0.0233,0.0002,0.0137,0.0108,0.0049,0.0075,0.0114,0.0114,0.0067,0.0070,0.0108,0.0067,0.0056,0.0063,0.0031,0.0040
0.0137,0.0361,0.0004,0.0233,0.1284,0.0071,0.0009,0.0171,0.0071,0.0028,0.0097,0.0082,0.0078,0.0073,0.0068,0.0038,0.0055,0.0068,0.0042,0.0045
0.0132,0.0369,0.0091,0.0002,0.0071,0.0186,0.0581,0.0004,0.0195,0.0068,0.0042,0.0155,0.0103,0.0136,0.0055,0.0086,0.0038,0.0082,0.0038,0.0051
0.0223,0.0047,0.0069,0.0137,0.0009,0.0581,0.0545,0.0285,0.0019,0.0054,0.0100,0.0069,0.0117,0.0057,0.0052,0.0053,0.0028,0.0039,0.0028,0.0032
0.0109,0.0073,0.0056,0.0108,0.0171,0.0004,0.0285,0.0352,0.0030,0.0003,0.0240,0.0158,0.0117,0.0091,0.0074,0.0104,0.0056,0.0064,0.0066,0.0039
0.0073,0.0041,0.0086,0.0049,0.0071,0.0195,0.0019,0.0030,0.0279,0.0302,0.0002,0.0235,0.0200,0.0047,0.0052,0.0118,0.0121,0.0080,0.0055,0.0089
0.0078,0.0038,0.0070,0.0075,0.0028,0.0068,0.0054,0.0003,0.0302,0.0737,0.0154,0.0014,0.0220,0.0130,0.0077,0.0100,0.0071,0.0089,0.0036,0.0077
0.0046,0.0040,0.0066,0.0114,0.0097,0.0042,0.0100,0.0240,0.0002,0.0154,0.0481,0.0163,0.0014,0.0426,0.0078,0.0061,0.0041,0.0080,0.0030,0.0111
0.0053,0.0055,0.0074,0.0114,0.0082,0.0155,0.0069,0.0158,0.0235,0.0014,0.0163,0.0183,0.0065,0.0003,0.0088,0.0097,0.0033,0.0115,0.0053,0.0109
0.0032,0.0031,0.0055,0.0067,0.0078,0.0103,0.0117,0.0117,0.0200,0.0220,0.0014,0.0065,0.0459,0.0131,0.0002,0.0295,0.0039,0.0077,0.0100,0.0068
0.0024,0.0026,0.0067,0.0070,0.0073,0.0136,0.0057,0.0091,0.0047,0.0130,0.0426,0.0003,0.0131,0.0278,0.0046,0.0041,0.0076,0.0080,0.0144,0.0166
0.0039,0.0044,0.0148,0.0108,0.0068,0.0055,0.0052,0.0074,0.0052,0.0077,0.0078,0.0088,0.0002,0.0046,0.0114,0.2177,0.0008,0.0181,0.0092,0.0282
0.0017,0.0029,0.0056,0.0067,0.0038,0.0086,0.0053,0.0104,0.0118,0.0100,0.0061,0.0097,0.0295,0.0041,0.2177,0.0001,0.1234,0.0002,0.0194,0.0202
0.0029,0.0044,0.0081,0.0056,0.0055,0.0038,0.0028,0.0056,0.0121,0.0071,0.0041,0.0033,0.0039,0.0076,0.0008,0.1234,0.2359,0.0123,0.0009,0.0408
0.0038,0.0057,0.0154,0.0063,0.0068,0.0082,0.0039,0.0064,0.0080,0.0089,0.0080,0.0115,0.0077,0.0080,0.0181,0.0002,0.0123,0.1330,0.0875,0.0002
0.0019,0.0023,0.0046,0.0031,0.0042,0.0038,0.0028,0.0066,0.0055,0.0036,0.0030,0.0053,0.0100,0.0144,0.0092,0.0194,0.0009,0.0875,0.2828,0.0209
0.0017,0.0057,0.0066,0.0040,0.0045,0.0051,0.0032,0.0039,0.0089,0.0077,0.0111,0.0109,0.0068,0.0166,0.0282,0.0202,0.0408,0.0002,0.0209,0.0195