c1,c2,c3,c4,c5,c6,c7,c8,c9,c10,c11,c12,c13,c14,c15,c16,c17,c18,c19,c20
0.0794,0.1139,0.0016,0.0493,0.0122,0.0130,0.0156,0.0104,0.0080,0.0091,0.0039,0.0044,0.0020,0.0027,0.0026,0.0026,0.0044,0.0040,0.0041,0.0016
0.1139,0.1814,0.0937,0.0009,0.0369,0.0412,0.0036,0.0059,0.0047,0.0025,0.0034,0.0054,0.0026,0.0021,0.0020,0.0022,0.0040,0.0046,0.0044,0.0034
0.0016,0.0937,0.0460,0.0247,0.0005,0.0116,0.0066,0.0045,0.0082,0.0055,0.0048,0.0085,0.0053,0.0057,0.0041,0.0041,0.0092,0.0105,0.0079,0.0050
0.0493,0.0009,0.0247,0.0515,0.0250,0.0002,0.0098,0.0093,0.0060,0.0070,0.0082,0.0129,0.0052,0.0080,0.0067,0.0039,0.0078,0.0065,0.0031,0.0048
0.0122,0.0369,0.0005,0.0250,0.1229,0.0056,0.0008,0.0161,0.0081,0.0031,0.0073,0.0097,0.0062,0.0073,0.0051,0.0074,0.0075,0.0068,0.0035,0.0039
0.0130,0.0412,0.0116,0.0002,0.0056,0.0106,0.0589,0.0003,0.0235,0.0066,0.0036,0.0156,0.0117,0.0097,0.0101,0.0048,0.0094,0.0095,0.0043,0.0037
0.0156,0.0036,0.0066,0.0098,0.0008,0.0589,0.0669,0.0190,0.0043,0.0073,0.0092,0.0073,0.0065,0.0046,0.0068,0.0046,0.0049,0.0063,0.0024,0.0034
0.0104,0.0059,0.0045,0.0093,0.0161,0.0003,0.0190,0.0433,0.0033,0.0003,0.0424,0.0118,0.0078,0.0087,0.0053,0.0100,0.0199,0.0107,0.0065,0.0039
0.0080,0.0047,0.0082,0.0060,0.0081,0.0235,0.0043,0.0033,0.0189,0.0237,0.0004,0.0132,0.0074,0.0054,0.0070,0.0091,0.0155,0.0111,0.0039,0.0053
0.0091,0.0025,0.0055,0.0070,0.0031,0.0066,0.0073,0.0003,0.0237,0.1006,0.0097,0.0033,0.0181,0.0125,0.0084,0.0101,0.0114,0.0146,0.0020,0.0050
0.0039,0.0034,0.0048,0.0082,0.0073,0.0036,0.0092,0.0424,0.0004,0.0097,0.0491,0.0122,0.0006,0.0222,0.0316,0.0102,0.0105,0.0124,0.0035,0.0037
0.0044,0.0054,0.0085,0.0129,0.0097,0.0156,0.0073,0.0118,0.0132,0.0033,0.0122,0.0165,0.0078,0.0002,0.0139,0.0092,0.0042,0.0152,0.0038,0.0082
0.0020,0.0026,0.0053,0.0052,0.0062,0.0117,0.0065,0.0078,0.0074,0.0181,0.0006,0.0078,0.0145,0.0583,0.0021,0.0158,0.0101,0.0070,0.0106,0.0148
0.0027,0.0021,0.0057,0.0080,0.0073,0.0097,0.0046,0.0087,0.0054,0.0125,0.0222,0.0002,0.0583,0.0133,0.0119,0.0015,0.0121,0.0164,0.0117,0.0162
0.0026,0.0020,0.0041,0.0067,0.0051,0.0101,0.0068,0.0053,0.0070,0.0084,0.0316,0.0139,0.0021,0.0119,0.0243,0.0393,0.0004,0.0080,0.0158,0.0119
0.0026,0.0022,0.0041,0.0039,0.0074,0.0048,0.0046,0.0100,0.0091,0.0101,0.0102,0.0092,0.0158,0.0015,0.0393,0.1146,0.0225,0.0003,0.0037,0.0297
0.0044,0.0040,0.0092,0.0078,0.0075,0.0094,0.0049,0.0199,0.0155,0.0114,0.0105,0.0042,0.0101,0.0121,0.0004,0.0225,0.0254,0.0060,0.0005,0.0179
0.0040,0.0046,0.0105,0.0065,0.0068,0.0095,0.0063,0.0107,0.0111,0.0146,0.0124,0.0152,0.0070,0.0164,0.0080,0.0003,0.0060,0.0404,0.0666,0.0001
0.0041,0.0044,0.0079,0.0031,0.0035,0.0043,0.0024,0.0065,0.0039,0.0020,0.0035,0.0038,0.0106,0.0117,0.0158,0.0037,0.0005,0.0666,0.1127,0.2476
0.0016,0.0034,0.0050,0.0048,0.0039,0.0037,0.0034,0.0039,0.0053,0.0050,0.0037,0.0082,0.0148,0.0162,0.0119,0.0297,0.0179,0.0001,0.2476,0.0754