c1,c2,c3,c4,c5,c6,c7,c8,c9,c10,c11,c12,c13,c14,c15,c16,c17,c18,c19,c20
0.1357,0.0221,0.0005,0.0337,0.0132,0.0209,0.0139,0.0174,0.0076,0.0102,0.0052,0.0049,0.0037,0.0028,0.0036,0.0022,0.0038,0.0039,0.0040,0.0028
0.0221,0.0374,0.0571,0.0005,0.0302,0.0564,0.0066,0.0072,0.0064,0.0023,0.0041,0.0062,0.0042,0.0055,0.0047,0.0029,0.0047,0.0057,0.0032,0.0056
0.0005,0.0571,0.0720,0.0189,0.0004,0.0149,0.0118,0.0072,0.0085,0.0046,0.0062,0.0044,0.0073,0.0094,0.0100,0.0048,0.0063,0.0102,0.0041,0.0053
0.0337,0.0005,0.0189,0.0458,0.0228,0.0002,0.0167,0.0113,0.0049,0.0111,0.0108,0.0111,0.0079,0.0070,0.0108,0.0052,0.0058,0.0061,0.0028,0.0037
0.0132,0.0302,0.0004,0.0228,0.0965,0.0091,0.0008,0.0126,0.0084,0.0041,0.0125,0.0076,0.0090,0.0062,0.0079,0.0034,0.0063,0.0074,0.0030,0.0046
0.0209,0.0564,0.0149,0.0002,0.0091,0.0127,0.0103,0.0004,0.0131,0.0095,0.0052,0.0156,0.0111,0.0154,0.0057,0.0077,0.0043,0.0086,0.0041,0.0044
0.0139,0.0066,0.0118,0.0167,0.0008,0.0103,0.0162,0.0045,0.0007,0.0154,0.0156,0.0110,0.0105,0.0121,0.0056,0.0115,0.0045,0.0060,0.0056,0.0049
0.0174,0.0072,0.0072,0.0113,0.0126,0.0004,0.0045,0.0094,0.0064,0.0003,0.0222,0.0258,0.0086,0.0239,0.0076,0.0135,0.0056,0.0088,0.0077,0.0056
0.0076,0.0064,0.0085,0.0049,0.0084,0.0131,0.0007,0.0064,0.0416,0.0480,0.0011,0.0308,0.0124,0.0061,0.0040,0.0065,0.0048,0.0058,0.0037,0.0082
0.0102,0.0023,0.0046,0.0111,0.0041,0.0095,0.0154,0.0003,0.0480,0.0269,0.0053,0.0034,0.0197,0.0137,0.0073,0.0128,0.0075,0.0099,0.0026,0.0043
0.0052,0.0041,0.0062,0.0108,0.0125,0.0052,0.0156,0.0222,0.0011,0.0053,0.0277,0.0101,0.0020,0.0239,0.0058,0.0071,0.0075,0.0119,0.0024,0.0052
0.0049,0.0062,0.0044,0.0111,0.0076,0.0156,0.0110,0.0258,0.0308,0.0034,0.0101,0.0300,0.0045,0.0004,0.0068,0.0166,0.0023,0.0103,0.0031,0.0044
0.0037,0.0042,0.0073,0.0079,0.0090,0.0111,0.0105,0.0086,0.0124,0.0197,0.0020,0.0045,0.0164,0.0050,0.0003,0.0402,0.0071,0.0084,0.0114,0.0090
0.0028,0.0055,0.0094,0.0070,0.0062,0.0154,0.0121,0.0239,0.0061,0.0137,0.0239,0.0004,0.0050,0.0101,0.0037,0.0033,0.0045,0.0084,0.0103,0.0198
0.0036,0.0047,0.0100,0.0108,0.0079,0.0057,0.0056,0.0076,0.0040,0.0073,0.0058,0.0068,0.0003,0.0037,0.0112,0.0812,0.0035,0.0179,0.0213,0.0182
0.0022,0.0029,0.0048,0.0052,0.0034,0.0077,0.0115,0.0135,0.0065,0.0128,0.0071,0.0166,0.0402,0.0033,0.0812,0.0001,0.1107,0.0007,0.0115,0.0140
0.0038,0.0047,0.0063,0.0058,0.0063,0.0043,0.0045,0.0056,0.0048,0.0075,0.0075,0.0023,0.0071,0.0045,0.0035,0.1107,0.0826,0.0099,0.0023,0.0158
0.0039,0.0057,0.0102,0.0061,0.0074,0.0086,0.0060,0.0088,0.0058,0.0099,0.0119,0.0103,0.0084,0.0084,0.0179,0.0007,0.0099,0.0560,0.0440,0.0001
0.0040,0.0032,0.0041,0.0028,0.0030,0.0041,0.0056,0.0077,0.0037,0.0026,0.0024,0.0031,0.0114,0.0103,0.0213,0.0115,0.0023,0.0440,0.2141,0.0251
0.0028,0.0056,0.0053,0.0037,0.0046,0.0044,0.0049,0.0056,0.0082,0.0043,0.0052,0.0044,0.0090,0.0198,0.0182,0.0140,0.0158,0.0001,0.0251,0.2434