c1,c2,c3,c4,c5,c6,c7,c8,c9,c10,c11,c12,c13,c14,c15,c16,c17,c18,c19,c20
0.2841,0.1336,0.0302,0.0136,0.0059,0.0042,0.0056,0.0049,0.0063,0.0036,0.0045,0.0043,0.0033,0.0019,0.0027,0.0025,0.0040,0.0073,0.0026,0.0045
0.1336,0.6501,0.5254,0.0001,0.0134,0.0081,0.0042,0.0064,0.0052,0.0046,0.0047,0.0032,0.0034,0.0023,0.0023,0.0019,0.0022,0.0047,0.0033,0.0039
0.0302,0.5254,0.0750,0.0028,0.0036,0.0127,0.0139,0.0036,0.0042,0.0026,0.0048,0.0028,0.0065,0.0049,0.0046,0.0031,0.0027,0.0033,0.0036,0.0032
0.0136,0.0001,0.0028,0.0009,0.0359,0.0002,0.0151,0.0683,0.0176,0.0165,0.0163,0.0071,0.0171,0.0177,0.0218,0.0115,0.0119,0.0081,0.0028,0.0087
0.0059,0.0134,0.0036,0.0359,0.0422,0.0298,0.0004,0.0068,0.0146,0.0037,0.0055,0.0029,0.0032,0.0026,0.0055,0.0119,0.0154,0.0129,0.0056,0.0057
0.0042,0.0081,0.0127,0.0002,0.0298,0.0151,0.0038,0.0001,0.0151,0.0665,0.0096,0.0140,0.0077,0.0097,0.0098,0.0098,0.0098,0.0106,0.0074,0.0098
0.0056,0.0042,0.0139,0.0151,0.0004,0.0038,0.0099,0.0047,0.0001,0.0117,0.0372,0.0097,0.0241,0.0168,0.0114,0.0117,0.0185,0.0101,0.0099,0.0116
0.0049,0.0064,0.0036,0.0683,0.0068,0.0001,0.0047,0.0132,0.0048,0.0004,0.0190,0.0189,0.0141,0.0266,0.0171,0.0099,0.0131,0.0097,0.0060,0.0086
0.0063,0.0052,0.0042,0.0176,0.0146,0.0151,0.0001,0.0048,0.0268,0.0097,0.0005,0.0080,0.0455,0.0140,0.0430,0.0064,0.0138,0.0089,0.0063,0.0047
0.0036,0.0046,0.0026,0.0165,0.0037,0.0665,0.0117,0.0004,0.0097,0.0256,0.0070,0.0003,0.0168,0.0347,0.0122,0.0254,0.0146,0.0118,0.0026,0.0025
0.0045,0.0047,0.0048,0.0163,0.0055,0.0096,0.0372,0.0190,0.0005,0.0070,0.0109,0.0040,0.0007,0.0137,0.0632,0.0102,0.0376,0.0065,0.0043,0.0016
0.0043,0.0032,0.0028,0.0071,0.0029,0.0140,0.0097,0.0189,0.0080,0.0003,0.0040,0.0272,0.0076,0.0008,0.0174,0.0320,0.0114,0.0265,0.0075,0.0216
0.0033,0.0034,0.0065,0.0171,0.0032,0.0077,0.0241,0.0141,0.0455,0.0168,0.0007,0.0076,0.0236,0.0016,0.0004,0.0089,0.0170,0.0055,0.0150,0.0130
0.0019,0.0023,0.0049,0.0177,0.0026,0.0097,0.0168,0.0266,0.0140,0.0347,0.0137,0.0008,0.0016,0.0114,0.0021,0.0008,0.0057,0.0273,0.0172,0.0483
0.0027,0.0023,0.0046,0.0218,0.0055,0.0098,0.0114,0.0171,0.0430,0.0122,0.0632,0.0174,0.0004,0.0021,0.0255,0.0089,0.0001,0.0044,0.0239,0.0160
0.0025,0.0019,0.0031,0.0115,0.0119,0.0098,0.0117,0.0099,0.0064,0.0254,0.0102,0.0320,0.0089,0.0008,0.0089,0.1012,0.0060,0.0002,0.0030,0.0288
0.0040,0.0022,0.0027,0.0119,0.0154,0.0098,0.0185,0.0131,0.0138,0.0146,0.0376,0.0114,0.0170,0.0057,0.0001,0.0060,0.0968,0.0070,0.0003,0.0115
0.0073,0.0047,0.0033,0.0081,0.0129,0.0106,0.0101,0.0097,0.0089,0.0118,0.0065,0.0265,0.0055,0.0273,0.0044,0.0002,0.0070,0.1828,0.0231,0.0001
0.0026,0.0033,0.0036,0.0028,0.0056,0.0074,0.0099,0.0060,0.0063,0.0026,0.0043,0.0075,0.0150,0.0172,0.0239,0.0030,0.0003,0.0231,0.2724,0.0199
0.0045,0.0039,0.0032,0.0087,0.0057,0.0098,0.0116,0.0086,0.0047,0.0025,0.0016,0.0216,0.0130,0.0483,0.0160,0.0288,0.0115,0.0001,0.0199,0.0154