c1,c2,c3,c4,c5,c6,c7,c8,c9,c10,c11,c12,c13,c14,c15,c16,c17,c18,c19,c20
0.0068,0.0044,0.0005,0.0178,0.0184,0.0076,0.0149,0.0145,0.0117,0.0045,0.0076,0.0099,0.0074,0.0048,0.0049,0.0058,0.0089,0.0141,0.0055,0.0049
0.0044,0.0169,0.1948,0.0005,0.0115,0.0220,0.0040,0.0039,0.0047,0.0032,0.0053,0.0084,0.0097,0.0059,0.0102,0.0048,0.0071,0.0072,0.0086,0.0040
0.0005,0.1948,0.0000,0.0425,0.0004,0.0228,0.0268,0.0054,0.0063,0.0038,0.0056,0.0200,0.0221,0.0088,0.0127,0.0117,0.0145,0.0091,0.0078,0.0047
0.0178,0.0005,0.0425,0.0350,0.0103,0.0002,0.0059,0.0083,0.0046,0.0068,0.0098,0.0173,0.0102,0.0074,0.0099,0.0079,0.0128,0.0088,0.0057,0.0043
0.0184,0.0115,0.0004,0.0103,0.0152,0.0099,0.0004,0.0082,0.0164,0.0022,0.0132,0.0126,0.0178,0.0070,0.0143,0.0081,0.0118,0.0120,0.0051,0.0053
0.0076,0.0220,0.0228,0.0002,0.0099,0.0080,0.0014,0.0004,0.0085,0.0286,0.0127,0.0115,0.0203,0.0136,0.0170,0.0117,0.0065,0.0102,0.0060,0.0045
0.0149,0.0040,0.0268,0.0059,0.0004,0.0014,0.0059,0.0129,0.0007,0.0119,0.0326,0.0060,0.0173,0.0123,0.0185,0.0117,0.0092,0.0082,0.0075,0.0070
0.0145,0.0039,0.0054,0.0083,0.0082,0.0004,0.0129,0.0463,0.0426,0.0012,0.0277,0.0109,0.0048,0.0118,0.0073,0.0052,0.0051,0.0038,0.0050,0.0065
0.0117,0.0047,0.0063,0.0046,0.0164,0.0085,0.0007,0.0426,0.0104,0.0077,0.0013,0.0140,0.0206,0.0137,0.0118,0.0041,0.0075,0.0051,0.0036,0.0059
0.0045,0.0032,0.0038,0.0068,0.0022,0.0286,0.0119,0.0012,0.0077,0.0331,0.0107,0.0046,0.0211,0.0258,0.0070,0.0116,0.0081,0.0090,0.0037,0.0021
0.0076,0.0053,0.0056,0.0098,0.0132,0.0127,0.0326,0.0277,0.0013,0.0107,0.0117,0.0112,0.0002,0.0060,0.0202,0.0062,0.0117,0.0145,0.0023,0.0026
0.0099,0.0084,0.0200,0.0173,0.0126,0.0115,0.0060,0.0109,0.0140,0.0046,0.0112,0.0038,0.0018,0.0005,0.0099,0.0099,0.0043,0.0171,0.0063,0.0037
0.0074,0.0097,0.0221,0.0102,0.0178,0.0203,0.0173,0.0048,0.0206,0.0211,0.0002,0.0018,0.0085,0.0054,0.0004,0.0055,0.0132,0.0047,0.0135,0.0128
0.0048,0.0059,0.0088,0.0074,0.0070,0.0136,0.0123,0.0118,0.0137,0.0258,0.0060,0.0005,0.0054,0.0194,0.0049,0.0013,0.0095,0.0114,0.0049,0.0118
0.0049,0.0102,0.0127,0.0099,0.0143,0.0170,0.0185,0.0073,0.0118,0.0070,0.0202,0.0099,0.0004,0.0049,0.0185,0.0044,0.0003,0.0041,0.0183,0.0079
0.0058,0.0048,0.0117,0.0079,0.0081,0.0117,0.0117,0.0052,0.0041,0.0116,0.0062,0.0099,0.0055,0.0013,0.0044,0.0189,0.0105,0.0007,0.0114,0.0454
0.0089,0.0071,0.0145,0.0128,0.0118,0.0065,0.0092,0.0051,0.0075,0.0081,0.0117,0.0043,0.0132,0.0095,0.0003,0.0105,0.0161,0.0083,0.0004,0.0440
0.0141,0.0072,0.0091,0.0088,0.0120,0.0102,0.0082,0.0038,0.0051,0.0090,0.0145,0.0171,0.0047,0.0114,0.0041,0.0007,0.0083,0.0891,0.0165,0.0001
0.0055,0.0086,0.0078,0.0057,0.0051,0.0060,0.0075,0.0050,0.0036,0.0037,0.0023,0.0063,0.0135,0.0049,0.0183,0.0114,0.0004,0.0165,0.0579,0.0475
0.0049,0.0040,0.0047,0.0043,0.0053,0.0045,0.0070,0.0065,0.0059,0.0021,0.0026,0.0037,0.0128,0.0118,0.0079,0.0454,0.0440,0.0001,0.0475,0.1052