c1,c2,c3,c4,c5,c6,c7,c8,c9,c10,c11,c12,c13,c14,c15,c16,c17,c18,c19,c20,c21,c22,c23,c24,c25,c26
0.0003,0.0021,0.0000,0.0003,0.0287,0.1169,0.8093,0.0296,0.0895,0.0061,0.0102,0.0025,0.0042,0.0044,0.0072,0.0042,0.0095,0.0149,0.0151,0.0084,0.0060,0.0823,0.0057,0.0339,0.0190,0.0421
0.0021,0.0153,0.0001,0.0019,0.0062,0.0133,0.1675,0.0262,0.0415,0.0177,0.0053,0.0021,0.0035,0.0122,0.0056,0.0025,0.0025,0.0040,0.0036,0.0057,0.0064,0.0257,0.0065,0.0467,0.0104,0.0105
0.0000,0.0001,0.0006,0.1159,0.0003,0.0029,0.0825,0.0158,0.0550,0.0186,0.0232,0.0047,0.0083,0.0096,0.0100,0.0040,0.0031,0.0055,0.0096,0.0061,0.0102,0.1214,0.0152,0.6835,0.0576,0.0982
0.0003,0.0019,0.1159,0.0529,0.0231,0.0002,0.0015,0.0020,0.0021,0.0075,0.0033,0.0053,0.0049,0.0037,0.0042,0.0043,0.0124,0.0077,0.0071,0.0026,0.0088,0.0288,0.0112,0.2194,0.0280,0.0701
0.0287,0.0062,0.0003,0.0231,0.0069,0.0659,0.0000,0.0003,0.0026,0.0035,0.0045,0.0023,0.0028,0.0044,0.0043,0.0023,0.0053,0.0015,0.0041,0.0056,0.0273,0.1202,0.0194,0.9133,0.0577,0.4731
0.1169,0.0133,0.0029,0.0002,0.0659,0.1694,0.0331,0.0000,0.0001,0.0012,0.0007,0.0014,0.0018,0.0019,0.0045,0.0057,0.0038,0.0078,0.0065,0.0025,0.0089,0.0397,0.0259,0.3130,0.3649,0.3201
0.8093,0.1675,0.0825,0.0015,0.0000,0.0331,0.0000,0.0086,0.0000,0.0000,0.0001,0.0008,0.0058,0.0076,0.0028,0.0035,0.0054,0.0027,0.0120,0.0324,0.0303,0.9711,0.0924,0.8383,0.3269,0.0752
0.0296,0.0262,0.0158,0.0020,0.0003,0.0000,0.0086,0.0103,0.0003,0.0000,0.0001,0.0004,0.0032,0.0341,0.0072,0.0174,0.0069,0.0186,0.0246,0.0315,0.1099,0.3480,0.6241,0.0676,0.1732,0.0095
0.0895,0.0415,0.0550,0.0021,0.0026,0.0001,0.0000,0.0003,0.0134,0.0012,0.0000,0.0000,0.0004,0.0040,0.0104,0.0086,0.0033,0.0546,0.0223,0.3894,0.1668,0.9627,0.7152,0.0562,0.0706,0.0059
0.0061,0.0177,0.0186,0.0075,0.0035,0.0012,0.0000,0.0000,0.0012,0.0216,0.0037,0.0000,0.0005,0.0008,0.0095,0.0824,0.0174,0.0192,0.0208,0.0817,0.8564,0.2621,0.4502,0.0206,0.0215,0.0045
0.0102,0.0053,0.0232,0.0033,0.0045,0.0007,0.0001,0.0001,0.0000,0.0037,0.0039,0.0051,0.0000,0.0010,0.0042,0.0283,0.0606,0.0920,0.0676,0.6235,0.9235,0.5749,0.1032,0.0226,0.0032,0.0026
0.0025,0.0021,0.0047,0.0053,0.0023,0.0014,0.0008,0.0004,0.0000,0.0000,0.0051,0.0019,0.0011,0.0000,0.0011,0.0098,0.0532,0.5153,0.4551,0.9206,0.9080,0.4315,0.1215,0.0107,0.0046,0.0020
0.0042,0.0035,0.0083,0.0049,0.0028,0.0018,0.0058,0.0032,0.0004,0.0005,0.0000,0.0011,0.0048,0.0157,0.0001,0.0028,0.0656,0.0590,0.7769,0.2548,0.7618,0.0305,0.0353,0.0111,0.0028,0.0050
0.0044,0.0122,0.0096,0.0037,0.0044,0.0019,0.0076,0.0341,0.0040,0.0008,0.0010,0.0000,0.0157,0.0178,0.0219,0.0001,0.0289,0.0245,0.0938,0.1403,0.0942,0.0075,0.0163,0.0076,0.0043,0.0054
0.0072,0.0056,0.0100,0.0042,0.0043,0.0045,0.0028,0.0072,0.0104,0.0095,0.0042,0.0011,0.0001,0.0219,0.1558,0.0215,0.0012,0.0274,0.0176,0.0248,0.0672,0.0053,0.0077,0.0105,0.0022,0.0057
0.0042,0.0025,0.0040,0.0043,0.0023,0.0057,0.0035,0.0174,0.0086,0.0824,0.0283,0.0098,0.0028,0.0001,0.0215,0.0100,0.0187,0.0011,0.0995,0.0102,0.0195,0.0063,0.0182,0.0089,0.0022,0.0056
0.0095,0.0025,0.0031,0.0124,0.0053,0.0038,0.0054,0.0069,0.0033,0.0174,0.0606,0.0532,0.0656,0.0289,0.0012,0.0187,0.0476,0.1649,0.0002,0.0011,0.0026,0.0015,0.0048,0.0086,0.0013,0.0068
0.0149,0.0040,0.0055,0.0077,0.0015,0.0078,0.0027,0.0186,0.0546,0.0192,0.0920,0.5153,0.0590,0.0245,0.0274,0.0011,0.1649,0.0249,0.0051,0.0001,0.0000,0.0004,0.0007,0.0093,0.0032,0.0057
0.0151,0.0036,0.0096,0.0071,0.0041,0.0065,0.0120,0.0246,0.0223,0.0208,0.0676,0.4551,0.7769,0.0938,0.0176,0.0995,0.0002,0.0051,0.0079,0.0029,0.0000,0.0000,0.0010,0.0009,0.0030,0.0063
0.0084,0.0057,0.0061,0.0026,0.0056,0.0025,0.0324,0.0315,0.3894,0.0817,0.6235,0.9206,0.2548,0.1403,0.0248,0.0102,0.0011,0.0001,0.0029,0.0138,0.0001,0.0000,0.0000,0.0003,0.0010,0.0052
0.0060,0.0064,0.0102,0.0088,0.0273,0.0089,0.0303,0.1099,0.1668,0.8564,0.9235,0.9080,0.7618,0.0942,0.0672,0.0195,0.0026,0.0000,0.0000,0.0001,0.0009,0.0001,0.0000,0.0000,0.0005,0.0042
0.0823,0.0257,0.1214,0.0288,0.1202,0.0397,0.9711,0.3480,0.9627,0.2621,0.5749,0.4315,0.0305,0.0075,0.0053,0.0063,0.0015,0.0004,0.0000,0.0000,0.0001,0.0002,0.0029,0.0000,0.0001,0.0001
0.0057,0.0065,0.0152,0.0112,0.0194,0.0259,0.0924,0.6241,0.7152,0.4502,0.1032,0.1215,0.0353,0.0163,0.0077,0.0182,0.0048,0.0007,0.0010,0.0000,0.0000,0.0029,0.0036,0.0000,0.0001,0.0006
0.0339,0.0467,0.6835,0.2194,0.9133,0.3130,0.8383,0.0676,0.0562,0.0206,0.0226,0.0107,0.0111,0.0076,0.0105,0.0089,0.0086,0.0093,0.0009,0.0003,0.0000,0.0000,0.0000,0.0001,0.0098,0.0000
0.0190,0.0104,0.0576,0.0280,0.0577,0.3649,0.3269,0.1732,0.0706,0.0215,0.0032,0.0046,0.0028,0.0043,0.0022,0.0022,0.0013,0.0032,0.0030,0.0010,0.0005,0.0001,0.0001,0.0098,0.0112,0.0019
0.0421,0.0105,0.0982,0.0701,0.4731,0.3201,0.0752,0.0095,0.0059,0.0045,0.0026,0.0020,0.0050,0.0054,0.0057,0.0056,0.0068,0.0057,0.0063,0.0052,0.0042,0.0001,0.0006,0.0000,0.0019,0.0056