c1,c2,c3,c4,c5,c6,c7,c8,c9,c10,c11,c12,c13,c14,c15,c16,c17,c18,c19,c20,c21,c22,c23,c24,c25,c26
0.0000,0.0009,0.0005,0.0137,0.0289,0.0361,0.1326,0.0305,0.0482,0.0270,0.0331,0.0248,0.0105,0.0097,0.0030,0.0097,0.0054,0.0139,0.0145,0.0125,0.0087,0.0126,0.0059,0.0011,0.0031,0.0023
0.0009,0.0178,0.0591,0.0007,0.0041,0.0126,0.0271,0.0167,0.0191,0.0081,0.0069,0.0081,0.0030,0.0057,0.0063,0.0068,0.0075,0.0182,0.0061,0.0081,0.0066,0.0070,0.0049,0.0030,0.0072,0.0037
0.0005,0.0591,0.0216,0.0969,0.0005,0.0062,0.0117,0.0066,0.0055,0.0091,0.0028,0.0146,0.0022,0.0064,0.0054,0.0079,0.0080,0.0265,0.0067,0.0078,0.0092,0.0080,0.0051,0.0032,0.0110,0.0055
0.0137,0.0007,0.0969,0.0010,0.0426,0.0000,0.0008,0.0023,0.0010,0.0077,0.0067,0.0256,0.0044,0.0200,0.0298,0.0281,0.0227,0.0337,0.0114,0.0114,0.0094,0.0104,0.0112,0.0070,0.0153,0.0046
0.0289,0.0041,0.0005,0.0426,0.0222,0.0027,0.0001,0.0020,0.0023,0.0054,0.0063,0.0143,0.0050,0.0128,0.0132,0.0917,0.0351,0.0195,0.0133,0.0062,0.0078,0.0049,0.0073,0.0075,0.0087,0.0044
0.0361,0.0126,0.0062,0.0000,0.0027,0.0098,0.0010,0.0000,0.0008,0.0051,0.0046,0.0313,0.0163,0.0617,0.0293,0.4390,0.0315,0.0154,0.0122,0.0101,0.0069,0.0070,0.0174,0.0064,0.0132,0.0040
0.1326,0.0271,0.0117,0.0008,0.0001,0.0010,0.0043,0.0002,0.0001,0.0010,0.0044,0.0198,0.0312,0.1207,0.0738,0.2662,0.0341,0.0117,0.0093,0.0114,0.0060,0.0089,0.0106,0.0057,0.0072,0.0048
0.0305,0.0167,0.0066,0.0023,0.0020,0.0000,0.0002,0.0008,0.0062,0.0003,0.0090,0.0353,0.0546,0.1732,0.1189,0.0627,0.0140,0.0130,0.0092,0.0147,0.0045,0.0048,0.0073,0.0065,0.0110,0.0104
0.0482,0.0191,0.0055,0.0010,0.0023,0.0008,0.0001,0.0062,0.0089,0.0136,0.0017,0.0374,0.0127,0.0368,0.0748,0.0312,0.0186,0.0076,0.0070,0.0080,0.0054,0.0056,0.0065,0.0065,0.0066,0.0060
0.0270,0.0081,0.0091,0.0077,0.0054,0.0051,0.0010,0.0003,0.0136,0.0240,0.0686,0.0001,0.0065,0.0082,0.0080,0.0114,0.0173,0.0088,0.0127,0.0094,0.0103,0.0057,0.0074,0.0058,0.0130,0.0220
0.0331,0.0069,0.0028,0.0067,0.0063,0.0046,0.0044,0.0090,0.0017,0.0686,0.0152,0.0237,0.0011,0.0053,0.0078,0.0040,0.0107,0.0053,0.0066,0.0064,0.0069,0.0035,0.0049,0.0148,0.0093,0.0090
0.0248,0.0081,0.0146,0.0256,0.0143,0.0313,0.0198,0.0353,0.0374,0.0001,0.0237,0.0056,0.0138,0.0000,0.0008,0.0023,0.0017,0.0086,0.0090,0.0101,0.0188,0.0020,0.0072,0.0159,0.0161,0.0195
0.0105,0.0030,0.0022,0.0044,0.0050,0.0163,0.0312,0.0546,0.0127,0.0065,0.0011,0.0138,0.0062,0.0017,0.0001,0.0015,0.0039,0.0024,0.0055,0.0059,0.0099,0.0136,0.0095,0.3823,0.0209,0.0268
0.0097,0.0057,0.0064,0.0200,0.0128,0.0617,0.1207,0.1732,0.0368,0.0082,0.0053,0.0000,0.0017,0.0015,0.0007,0.0000,0.0002,0.0010,0.0033,0.0136,0.0229,0.0345,0.0530,0.4232,0.0538,0.0184
0.0030,0.0063,0.0054,0.0298,0.0132,0.0293,0.0738,0.1189,0.0748,0.0080,0.0078,0.0008,0.0001,0.0007,0.0021,0.0004,0.0001,0.0007,0.0053,0.0070,0.0141,0.2001,0.0225,0.1091,0.0148,0.0145
0.0097,0.0068,0.0079,0.0281,0.0917,0.4390,0.2662,0.0627,0.0312,0.0114,0.0040,0.0023,0.0015,0.0000,0.0004,0.0006,0.0003,0.0000,0.0016,0.0079,0.0163,0.1647,0.1463,0.0105,0.0175,0.0136
0.0054,0.0075,0.0080,0.0227,0.0351,0.0315,0.0341,0.0140,0.0186,0.0173,0.0107,0.0017,0.0039,0.0002,0.0001,0.0003,0.0025,0.0018,0.0002,0.0048,0.0190,0.2284,0.1380,0.0520,0.0152,0.0108
0.0139,0.0182,0.0265,0.0337,0.0195,0.0154,0.0117,0.0130,0.0076,0.0088,0.0053,0.0086,0.0024,0.0010,0.0007,0.0000,0.0018,0.0140,0.0411,0.0022,0.0163,0.0139,0.0214,0.0139,0.0159,0.0033
0.0145,0.0061,0.0067,0.0114,0.0133,0.0122,0.0093,0.0092,0.0070,0.0127,0.0066,0.0090,0.0055,0.0033,0.0053,0.0016,0.0002,0.0411,0.0377,0.0520,0.0004,0.0068,0.0195,0.0034,0.0110,0.0072
0.0125,0.0081,0.0078,0.0114,0.0062,0.0101,0.0114,0.0147,0.0080,0.0094,0.0064,0.0101,0.0059,0.0136,0.0070,0.0079,0.0048,0.0022,0.0520,0.0482,0.0161,0.0002,0.0019,0.0031,0.0023,0.0071
0.0087,0.0066,0.0092,0.0094,0.0078,0.0069,0.0060,0.0045,0.0054,0.0103,0.0069,0.0188,0.0099,0.0229,0.0141,0.0163,0.0190,0.0163,0.0004,0.0161,0.0132,0.0015,0.0002,0.0028,0.0116,0.0191
0.0126,0.0070,0.0080,0.0104,0.0049,0.0070,0.0089,0.0048,0.0056,0.0057,0.0035,0.0020,0.0136,0.0345,0.2001,0.1647,0.2284,0.0139,0.0068,0.0002,0.0015,0.0052,0.0035,0.0004,0.0007,0.0078
0.0059,0.0049,0.0051,0.0112,0.0073,0.0174,0.0106,0.0073,0.0065,0.0074,0.0049,0.0072,0.0095,0.0530,0.0225,0.1463,0.1380,0.0214,0.0195,0.0019,0.0002,0.0035,0.0157,0.0052,0.0000,0.0017
0.0011,0.0030,0.0032,0.0070,0.0075,0.0064,0.0057,0.0065,0.0065,0.0058,0.0148,0.0159,0.3823,0.4232,0.1091,0.0105,0.0520,0.0139,0.0034,0.0031,0.0028,0.0004,0.0052,0.0020,0.0011,0.0002
0.0031,0.0072,0.0110,0.0153,0.0087,0.0132,0.0072,0.0110,0.0066,0.0130,0.0093,0.0161,0.0209,0.0538,0.0148,0.0175,0.0152,0.0159,0.0110,0.0023,0.0116,0.0007,0.0000,0.0011,0.0044,0.0204
0.0023,0.0037,0.0055,0.0046,0.0044,0.0040,0.0048,0.0104,0.0060,0.0220,0.0090,0.0195,0.0268,0.0184,0.0145,0.0136,0.0108,0.0033,0.0072,0.0071,0.0191,0.0078,0.0017,0.0002,0.0204,0.0156