c1,c2,c3,c4,c5,c6,c7,c8,c9,c10,c11,c12,c13,c14,c15,c16,c17,c18,c19,c20,c21,c22,c23,c24,c25,c26
0.0024,0.0238,0.0000,0.0002,0.0020,0.0026,0.0161,0.0140,0.0020,0.0037,0.0113,0.0085,0.0041,0.0041,0.0028,0.0932,0.0025,0.1188,0.1088,0.2593,0.2137,0.0159,0.0130,0.0026,0.0081,0.0034
0.0238,0.2579,0.0464,0.0000,0.0002,0.0002,0.0007,0.0051,0.0015,0.0044,0.0037,0.0067,0.0021,0.0038,0.0015,0.0738,0.0112,0.3011,0.9253,0.0914,0.0400,0.0109,0.0046,0.0027,0.0033,0.0027
0.0000,0.0464,0.0094,0.0162,0.0000,0.0001,0.0002,0.0009,0.0002,0.0027,0.0010,0.0028,0.0010,0.0050,0.0016,0.9426,0.4494,0.9991,0.8242,0.0317,0.0225,0.0065,0.0054,0.0020,0.0068,0.0012
0.0002,0.0000,0.0162,0.0039,0.0022,0.0000,0.0000,0.0002,0.0006,0.0065,0.0052,0.0155,0.0034,0.0115,0.0024,0.9727,0.8028,0.9762,0.8839,0.0966,0.0464,0.0134,0.0118,0.0039,0.0079,0.0028
0.0020,0.0002,0.0000,0.0022,0.4568,0.0028,0.0000,0.0002,0.0002,0.0019,0.0020,0.0103,0.0025,0.0172,0.0131,0.6162,1.0000,0.0091,0.0314,0.0074,0.0070,0.0141,0.0049,0.0027,0.0025,0.0015
0.0026,0.0002,0.0001,0.0000,0.0028,0.0549,0.0001,0.0000,0.0000,0.0002,0.0015,0.1367,0.0055,0.9999,0.0236,1.0000,0.0356,0.0065,0.0129,0.0113,0.0077,0.0168,0.0163,0.0060,0.0099,0.0030
0.0161,0.0007,0.0002,0.0000,0.0000,0.0001,0.1030,0.0011,0.0002,0.0044,0.0013,0.0305,0.0097,0.0776,1.0000,0.1721,0.5267,0.0028,0.0046,0.0054,0.0016,0.0423,0.0026,0.0038,0.0024,0.0022
0.0140,0.0051,0.0009,0.0002,0.0002,0.0000,0.0011,0.1121,0.0534,0.0015,0.0060,0.9970,0.0604,0.9998,0.0317,0.0045,0.0014,0.0007,0.0049,0.0022,0.0009,0.0022,0.0016,0.0012,0.0031,0.0023
0.0020,0.0015,0.0002,0.0006,0.0002,0.0000,0.0002,0.0534,0.0008,0.5585,0.1908,0.0540,0.6742,0.0801,0.9999,0.0011,0.0114,0.0004,0.0048,0.0012,0.0023,0.0078,0.0022,0.0025,0.0063,0.0042
0.0037,0.0044,0.0027,0.0065,0.0019,0.0002,0.0044,0.0015,0.5585,0.4169,0.5832,0.0133,0.0135,0.0028,0.0177,0.0011,0.0034,0.0013,0.0063,0.0036,0.0041,0.0111,0.0028,0.0035,0.0037,0.0085
0.0113,0.0037,0.0010,0.0052,0.0020,0.0015,0.0013,0.0060,0.1908,0.5832,0.2504,0.1314,0.0078,0.0002,0.0128,0.0005,0.0020,0.0013,0.0058,0.0059,0.0038,0.0077,0.0029,0.0122,0.0092,0.0239
0.0085,0.0067,0.0028,0.0155,0.0103,0.1367,0.0305,0.9970,0.0540,0.0133,0.1314,0.0644,0.3569,0.0000,0.0000,0.0000,0.0003,0.0007,0.0038,0.0036,0.0013,0.0065,0.0021,0.0138,0.0137,0.0170
0.0041,0.0021,0.0010,0.0034,0.0025,0.0055,0.0097,0.0604,0.6742,0.0135,0.0078,0.3569,0.0875,0.0029,0.0000,0.0001,0.0001,0.0009,0.0033,0.0069,0.0043,0.0193,0.0067,0.6164,0.0498,0.2747
0.0041,0.0038,0.0050,0.0115,0.0172,0.9999,0.0776,0.9998,0.0801,0.0028,0.0002,0.0000,0.0029,0.0352,0.0000,0.0000,0.0000,0.0000,0.0006,0.0036,0.0019,0.0136,0.0059,0.0168,0.9487,0.5607
0.0028,0.0015,0.0016,0.0024,0.0131,0.0236,1.0000,0.0317,0.9999,0.0177,0.0128,0.0000,0.0000,0.0000,0.0000,0.0000,0.0000,0.0000,0.0001,0.0020,0.0073,0.9895,0.0916,0.9954,0.0352,0.0286
0.0932,0.0738,0.9426,0.9727,0.6162,1.0000,0.1721,0.0045,0.0011,0.0011,0.0005,0.0000,0.0001,0.0000,0.0000,0.0111,0.0000,0.0000,0.0001,0.0003,0.0028,0.0082,0.9807,0.0335,0.1501,0.0275
0.0025,0.0112,0.4494,0.8028,1.0000,0.0356,0.5267,0.0014,0.0114,0.0034,0.0020,0.0003,0.0001,0.0000,0.0000,0.0000,0.0140,0.0005,0.0000,0.0015,0.0329,0.8963,0.1847,0.0248,0.0023,0.0036
0.1188,0.3011,0.9991,0.9762,0.0091,0.0065,0.0028,0.0007,0.0004,0.0013,0.0013,0.0007,0.0009,0.0000,0.0000,0.0000,0.0005,0.1935,0.0205,0.0023,0.8383,0.0013,0.1033,0.0313,0.0144,0.0020
0.1088,0.9253,0.8242,0.8839,0.0314,0.0129,0.0046,0.0049,0.0048,0.0063,0.0058,0.0038,0.0033,0.0006,0.0001,0.0001,0.0000,0.0205,0.0030,0.0867,0.0007,0.0015,0.0057,0.0008,0.0031,0.0033
0.2593,0.0914,0.0317,0.0966,0.0074,0.0113,0.0054,0.0022,0.0012,0.0036,0.0059,0.0036,0.0069,0.0036,0.0020,0.0003,0.0015,0.0023,0.0867,0.1424,0.1993,0.0000,0.0037,0.0038,0.0026,0.0118
0.2137,0.0400,0.0225,0.0464,0.0070,0.0077,0.0016,0.0009,0.0023,0.0041,0.0038,0.0013,0.0043,0.0019,0.0073,0.0028,0.0329,0.8383,0.0007,0.1993,0.0318,0.0033,0.0001,0.0010,0.0006,0.0094
0.0159,0.0109,0.0065,0.0134,0.0141,0.0168,0.0423,0.0022,0.0078,0.0111,0.0077,0.0065,0.0193,0.0136,0.9895,0.0082,0.8963,0.0013,0.0015,0.0000,0.0033,0.0098,0.0015,0.0000,0.0005,0.0004
0.0130,0.0046,0.0054,0.0118,0.0049,0.0163,0.0026,0.0016,0.0022,0.0028,0.0029,0.0021,0.0067,0.0059,0.0916,0.9807,0.1847,0.1033,0.0057,0.0037,0.0001,0.0015,0.4298,0.0038,0.0000,0.0014
0.0026,0.0027,0.0020,0.0039,0.0027,0.0060,0.0038,0.0012,0.0025,0.0035,0.0122,0.0138,0.6164,0.0168,0.9954,0.0335,0.0248,0.0313,0.0008,0.0038,0.0010,0.0000,0.0038,0.1908,0.0015,0.0003
0.0081,0.0033,0.0068,0.0079,0.0025,0.0099,0.0024,0.0031,0.0063,0.0037,0.0092,0.0137,0.0498,0.9487,0.0352,0.1501,0.0023,0.0144,0.0031,0.0026,0.0006,0.0005,0.0000,0.0015,0.1057,0.0396
0.0034,0.0027,0.0012,0.0028,0.0015,0.0030,0.0022,0.0023,0.0042,0.0085,0.0239,0.0170,0.2747,0.5607,0.0286,0.0275,0.0036,0.0020,0.0033,0.0118,0.0094,0.0004,0.0014,0.0003,0.0396,0.2248