c1,c2,c3,c4,c5,c6,c7,c8,c9,c10,c11,c12,c13,c14,c15,c16,c17,c18,c19,c20,c21,c22,c23,c24,c25,c26
0.0155,0.0229,0.0000,0.0001,0.0010,0.0017,0.0135,0.0128,0.0013,0.0083,0.0116,0.0170,0.0033,0.0066,0.0026,0.1150,0.0015,0.0337,0.1044,0.2971,0.2164,0.0193,0.0095,0.0025,0.0086,0.0036
0.0229,0.6845,0.1067,0.0000,0.0001,0.0000,0.0005,0.0046,0.0012,0.0046,0.0042,0.0093,0.0024,0.0045,0.0020,0.1757,0.0074,0.1838,0.9260,0.1125,0.0571,0.0125,0.0042,0.0019,0.0035,0.0032
0.0000,0.1067,0.0478,0.0070,0.0000,0.0000,0.0000,0.0004,0.0003,0.0027,0.0010,0.0044,0.0009,0.0030,0.0018,0.7865,0.1917,0.9997,0.9450,0.1179,0.0689,0.0136,0.0069,0.0024,0.0054,0.0015
0.0001,0.0000,0.0070,0.0590,0.0039,0.0000,0.0000,0.0000,0.0006,0.0056,0.0035,0.0086,0.0025,0.0142,0.0027,0.9982,0.9536,0.9826,0.6019,0.0644,0.0324,0.0174,0.0071,0.0034,0.0099,0.0023
0.0010,0.0001,0.0000,0.0039,0.6899,0.0045,0.0000,0.0002,0.0001,0.0011,0.0011,0.0043,0.0013,0.0098,0.0171,0.4954,1.0000,0.0194,0.1137,0.0089,0.0088,0.0130,0.0033,0.0020,0.0024,0.0014
0.0017,0.0000,0.0000,0.0000,0.0045,0.7517,0.0019,0.0000,0.0000,0.0002,0.0007,0.0286,0.0039,0.9985,0.2379,1.0000,0.3950,0.0044,0.0078,0.0057,0.0069,0.0169,0.0083,0.0039,0.0104,0.0025
0.0135,0.0005,0.0000,0.0000,0.0000,0.0019,0.2418,0.0029,0.0001,0.0011,0.0006,0.0318,0.0120,0.3337,1.0000,0.5563,0.3125,0.0042,0.0065,0.0054,0.0030,0.0278,0.0035,0.0023,0.0043,0.0017
0.0128,0.0046,0.0004,0.0000,0.0002,0.0000,0.0029,0.7607,0.0985,0.0063,0.0060,0.9871,0.0313,0.9979,0.0278,0.0022,0.0018,0.0007,0.0050,0.0015,0.0013,0.0023,0.0018,0.0012,0.0038,0.0028
0.0013,0.0012,0.0003,0.0006,0.0001,0.0000,0.0001,0.0985,0.0099,0.6275,0.2098,0.1300,0.4515,0.1692,0.9995,0.0009,0.0068,0.0004,0.0042,0.0015,0.0023,0.0072,0.0035,0.0027,0.0093,0.0031
0.0083,0.0046,0.0027,0.0056,0.0011,0.0002,0.0011,0.0063,0.6275,0.8246,0.4950,0.0342,0.0124,0.0030,0.0093,0.0010,0.0020,0.0009,0.0077,0.0034,0.0041,0.0062,0.0027,0.0024,0.0036,0.0082
0.0116,0.0042,0.0010,0.0035,0.0011,0.0007,0.0006,0.0060,0.2098,0.4950,0.5814,0.2241,0.0182,0.0001,0.0160,0.0003,0.0012,0.0010,0.0068,0.0060,0.0048,0.0064,0.0052,0.0147,0.0074,0.0277
0.0170,0.0093,0.0044,0.0086,0.0043,0.0286,0.0318,0.9871,0.1300,0.0342,0.2241,0.3767,0.4826,0.0000,0.0000,0.0000,0.0002,0.0004,0.0040,0.0029,0.0027,0.0063,0.0030,0.0134,0.0130,0.0194
0.0033,0.0024,0.0009,0.0025,0.0013,0.0039,0.0120,0.0313,0.4515,0.0124,0.0182,0.4826,0.5690,0.0061,0.0000,0.0000,0.0000,0.0006,0.0039,0.0087,0.0077,0.0100,0.0174,0.7432,0.0446,0.3063
0.0066,0.0045,0.0030,0.0142,0.0098,0.9985,0.3337,0.9979,0.1692,0.0030,0.0001,0.0000,0.0061,0.2218,0.0000,0.0000,0.0000,0.0000,0.0007,0.0043,0.0025,0.0090,0.0043,0.0109,0.9232,0.3586
0.0026,0.0020,0.0018,0.0027,0.0171,0.2379,1.0000,0.0278,0.9995,0.0093,0.0160,0.0000,0.0000,0.0000,0.0004,0.0000,0.0000,0.0000,0.0000,0.0012,0.0094,0.9813,0.5800,0.9893,0.0595,0.0330
0.1150,0.1757,0.7865,0.9982,0.4954,1.0000,0.5563,0.0022,0.0009,0.0010,0.0003,0.0000,0.0000,0.0000,0.0000,0.0609,0.0000,0.0000,0.0001,0.0001,0.0010,0.0061,0.5529,0.0363,0.5399,0.0430
0.0015,0.0074,0.1917,0.9536,1.0000,0.3950,0.3125,0.0018,0.0068,0.0020,0.0012,0.0002,0.0000,0.0000,0.0000,0.0000,0.2112,0.0002,0.0000,0.0004,0.0054,0.6121,0.2659,0.0145,0.0029,0.0027
0.0337,0.1838,0.9997,0.9826,0.0194,0.0044,0.0042,0.0007,0.0004,0.0009,0.0010,0.0004,0.0006,0.0000,0.0000,0.0000,0.0002,0.8170,0.0232,0.0019,0.7004,0.0062,0.0545,0.0365,0.0095,0.0012
0.1044,0.9260,0.9450,0.6019,0.1137,0.0078,0.0065,0.0050,0.0042,0.0077,0.0068,0.0040,0.0039,0.0007,0.0000,0.0001,0.0000,0.0232,0.0395,0.1801,0.0003,0.0018,0.0017,0.0006,0.0019,0.0027
0.2971,0.1125,0.1179,0.0644,0.0089,0.0057,0.0054,0.0015,0.0015,0.0034,0.0060,0.0029,0.0087,0.0043,0.0012,0.0001,0.0004,0.0019,0.1801,0.5843,0.4701,0.0000,0.0039,0.0028,0.0014,0.0073
0.2164,0.0571,0.0689,0.0324,0.0088,0.0069,0.0030,0.0013,0.0023,0.0041,0.0048,0.0027,0.0077,0.0025,0.0094,0.0010,0.0054,0.7004,0.0003,0.4701,0.6989,0.0008,0.0000,0.0005,0.0001,0.0048
0.0193,0.0125,0.0136,0.0174,0.0130,0.0169,0.0278,0.0023,0.0072,0.0062,0.0064,0.0063,0.0100,0.0090,0.9813,0.0061,0.6121,0.0062,0.0018,0.0000,0.0008,0.2338,0.0059,0.0000,0.0003,0.0002
0.0095,0.0042,0.0069,0.0071,0.0033,0.0083,0.0035,0.0018,0.0035,0.0027,0.0052,0.0030,0.0174,0.0043,0.5800,0.5529,0.2659,0.0545,0.0017,0.0039,0.0000,0.0059,0.6129,0.0051,0.0000,0.0018
0.0025,0.0019,0.0024,0.0034,0.0020,0.0039,0.0023,0.0012,0.0027,0.0024,0.0147,0.0134,0.7432,0.0109,0.9893,0.0363,0.0145,0.0365,0.0006,0.0028,0.0005,0.0000,0.0051,0.5213,0.0021,0.0012
0.0086,0.0035,0.0054,0.0099,0.0024,0.0104,0.0043,0.0038,0.0093,0.0036,0.0074,0.0130,0.0446,0.9232,0.0595,0.5399,0.0029,0.0095,0.0019,0.0014,0.0001,0.0003,0.0000,0.0021,0.1226,0.0496
0.0036,0.0032,0.0015,0.0023,0.0014,0.0025,0.0017,0.0028,0.0031,0.0082,0.0277,0.0194,0.3063,0.3586,0.0330,0.0430,0.0027,0.0012,0.0027,0.0073,0.0048,0.0002,0.0018,0.0012,0.0496,0.4434