c1,c2,c3,c4,c5,c6,c7,c8,c9,c10,c11,c12,c13,c14,c15,c16,c17,c18,c19,c20,c21,c22,c23,c24,c25,c26
0.0027,0.0565,0.0000,0.0004,0.0017,0.0039,0.0032,0.0062,0.0017,0.0050,0.0026,0.0101,0.0022,0.0024,0.0004,0.0341,0.0021,0.3874,0.3643,0.6946,0.3197,0.0081,0.0164,0.0018,0.0073,0.0055
0.0565,0.8429,0.0246,0.0001,0.0001,0.0001,0.0002,0.0026,0.0006,0.0030,0.0027,0.0033,0.0007,0.0015,0.0005,0.0462,0.0035,0.2876,1.0000,0.3140,0.0281,0.0016,0.0026,0.0007,0.0019,0.0014
0.0000,0.0246,0.0136,0.0083,0.0000,0.0001,0.0001,0.0008,0.0005,0.0020,0.0019,0.0017,0.0006,0.0047,0.0005,1.0000,0.0856,0.9989,0.4492,0.0611,0.0282,0.0028,0.0070,0.0008,0.0057,0.0012
0.0004,0.0001,0.0083,0.0750,0.0084,0.0000,0.0000,0.0001,0.0005,0.0041,0.0064,0.0072,0.0009,0.0031,0.0013,0.8214,0.9800,0.5490,0.9979,0.0816,0.2521,0.0043,0.0068,0.0011,0.0022,0.0014
0.0017,0.0001,0.0000,0.0084,0.5758,0.0034,0.0001,0.0001,0.0002,0.0012,0.0034,0.0063,0.0017,0.0045,0.0101,0.7086,1.0000,0.0059,0.0294,0.0071,0.0125,0.0142,0.0057,0.0021,0.0019,0.0014
0.0039,0.0001,0.0001,0.0000,0.0034,0.3614,0.0038,0.0000,0.0000,0.0004,0.0018,0.0293,0.0084,0.9998,0.0069,1.0000,0.0228,0.0079,0.0096,0.0053,0.0075,0.0097,0.0124,0.0040,0.0177,0.0022
0.0032,0.0002,0.0001,0.0000,0.0001,0.0038,0.5967,0.0062,0.0003,0.0170,0.0039,0.0326,0.0232,0.0315,0.9999,0.0140,0.0570,0.0005,0.0010,0.0024,0.0027,0.6726,0.0052,0.0055,0.0017,0.0016
0.0062,0.0026,0.0008,0.0001,0.0001,0.0000,0.0062,0.4873,0.0562,0.0008,0.0038,0.9355,0.0490,1.0000,0.0046,0.0063,0.0030,0.0011,0.0014,0.0024,0.0027,0.0029,0.0029,0.0015,0.0031,0.0030
0.0017,0.0006,0.0005,0.0005,0.0002,0.0000,0.0003,0.0562,0.0026,0.6692,0.0633,0.3033,0.9759,0.0788,0.9998,0.0008,0.0041,0.0001,0.0008,0.0008,0.0017,0.0121,0.0024,0.0041,0.0030,0.0070
0.0050,0.0030,0.0020,0.0041,0.0012,0.0004,0.0170,0.0008,0.6692,0.9251,0.5814,0.0259,0.0092,0.0014,0.0079,0.0006,0.0022,0.0010,0.0048,0.0045,0.0029,0.0046,0.0026,0.0030,0.0040,0.0176
0.0026,0.0027,0.0019,0.0064,0.0034,0.0018,0.0039,0.0038,0.0633,0.5814,0.1711,0.1572,0.0012,0.0001,0.0021,0.0005,0.0020,0.0053,0.0066,0.0076,0.0053,0.0033,0.0037,0.0284,0.0128,0.2080
0.0101,0.0033,0.0017,0.0072,0.0063,0.0293,0.0326,0.9355,0.3033,0.0259,0.1572,0.1613,0.0660,0.0000,0.0000,0.0000,0.0002,0.0006,0.0055,0.0042,0.0016,0.0022,0.0019,0.0227,0.0315,0.3492
0.0022,0.0007,0.0006,0.0009,0.0017,0.0084,0.0232,0.0490,0.9759,0.0092,0.0012,0.0660,0.0096,0.0003,0.0000,0.0000,0.0000,0.0002,0.0010,0.0032,0.0021,0.0071,0.0058,0.9983,0.5602,0.9965
0.0024,0.0015,0.0047,0.0031,0.0045,0.9998,0.0315,1.0000,0.0788,0.0014,0.0001,0.0000,0.0003,0.0506,0.0000,0.0000,0.0000,0.0000,0.0003,0.0031,0.0013,0.0104,0.0042,0.0511,0.9996,0.6797
0.0004,0.0005,0.0005,0.0013,0.0101,0.0069,0.9999,0.0046,0.9998,0.0079,0.0021,0.0000,0.0000,0.0000,0.0005,0.0000,0.0000,0.0000,0.0000,0.0008,0.0032,1.0000,0.5776,0.9999,0.2554,0.0207
0.0341,0.0462,1.0000,0.8214,0.7086,1.0000,0.0140,0.0063,0.0008,0.0006,0.0005,0.0000,0.0000,0.0000,0.0000,0.0034,0.0000,0.0000,0.0000,0.0002,0.0013,0.0017,0.9984,0.0146,0.5150,0.0126
0.0021,0.0035,0.0856,0.9800,1.0000,0.0228,0.0570,0.0030,0.0041,0.0022,0.0020,0.0002,0.0000,0.0000,0.0000,0.0000,0.0586,0.0012,0.0000,0.0003,0.2422,0.9970,0.5578,0.0107,0.0014,0.0021
0.3874,0.2876,0.9989,0.5490,0.0059,0.0079,0.0005,0.0011,0.0001,0.0010,0.0053,0.0006,0.0002,0.0000,0.0000,0.0000,0.0012,0.2143,0.0079,0.2013,0.9906,0.0052,0.1960,0.0064,0.0039,0.0007
0.3643,1.0000,0.4492,0.9979,0.0294,0.0096,0.0010,0.0014,0.0008,0.0048,0.0066,0.0055,0.0010,0.0003,0.0000,0.0000,0.0000,0.0079,0.0762,0.1084,0.0023,0.0001,0.0017,0.0003,0.0006,0.0014
0.6946,0.3140,0.0611,0.0816,0.0071,0.0053,0.0024,0.0024,0.0008,0.0045,0.0076,0.0042,0.0032,0.0031,0.0008,0.0002,0.0003,0.2013,0.1084,0.6872,0.5628,0.0000,0.0021,0.0005,0.0005,0.0043
0.3197,0.0281,0.0282,0.2521,0.0125,0.0075,0.0027,0.0027,0.0017,0.0029,0.0053,0.0016,0.0021,0.0013,0.0032,0.0013,0.2422,0.9906,0.0023,0.5628,0.0311,0.0006,0.0000,0.0004,0.0001,0.0009
0.0081,0.0016,0.0028,0.0043,0.0142,0.0097,0.6726,0.0029,0.0121,0.0046,0.0033,0.0022,0.0071,0.0104,1.0000,0.0017,0.9970,0.0052,0.0001,0.0000,0.0006,0.0153,0.0008,0.0000,0.0002,0.0000
0.0164,0.0026,0.0070,0.0068,0.0057,0.0124,0.0052,0.0029,0.0024,0.0026,0.0037,0.0019,0.0058,0.0042,0.5776,0.9984,0.5578,0.1960,0.0017,0.0021,0.0000,0.0008,0.2893,0.0023,0.0000,0.0004
0.0018,0.0007,0.0008,0.0011,0.0021,0.0040,0.0055,0.0015,0.0041,0.0030,0.0284,0.0227,0.9983,0.0511,0.9999,0.0146,0.0107,0.0064,0.0003,0.0005,0.0004,0.0000,0.0023,0.3698,0.0003,0.0001
0.0073,0.0019,0.0057,0.0022,0.0019,0.0177,0.0017,0.0031,0.0030,0.0040,0.0128,0.0315,0.5602,0.9996,0.2554,0.5150,0.0014,0.0039,0.0006,0.0005,0.0001,0.0002,0.0000,0.0003,0.1105,0.0158
0.0055,0.0014,0.0012,0.0014,0.0014,0.0022,0.0016,0.0030,0.0070,0.0176,0.2080,0.3492,0.9965,0.6797,0.0207,0.0126,0.0021,0.0007,0.0014,0.0043,0.0009,0.0000,0.0004,0.0001,0.0158,0.1412