c1,c2,c3,c4,c5,c6,c7,c8,c9,c10,c11,c12,c13,c14,c15,c16,c17,c18,c19,c20,c21,c22,c23,c24,c25,c26
0.0013,0.0049,0.0000,0.0001,0.0013,0.0065,0.0080,0.0172,0.0034,0.0133,0.0239,0.0274,0.0043,0.0154,0.0019,0.1099,0.0044,0.0687,0.1162,0.1279,0.2370,0.0159,0.0044,0.0038,0.0061,0.0036
0.0049,0.2465,0.0637,0.0000,0.0002,0.0002,0.0011,0.0109,0.0023,0.0072,0.0067,0.0155,0.0033,0.0083,0.0022,0.0957,0.0139,0.1190,0.7652,0.0280,0.0975,0.0164,0.0031,0.0023,0.0033,0.0023
0.0000,0.0637,0.0102,0.0061,0.0000,0.0001,0.0003,0.0014,0.0006,0.0057,0.0027,0.0069,0.0014,0.0117,0.0032,0.3472,0.8175,0.8640,0.8288,0.0331,0.1545,0.0108,0.0040,0.0026,0.0040,0.0015
0.0001,0.0000,0.0061,0.1233,0.0042,0.0000,0.0000,0.0001,0.0009,0.0082,0.0107,0.0433,0.0058,0.3156,0.0057,0.9907,0.4531,0.7409,0.2119,0.0193,0.0920,0.0098,0.0106,0.0039,0.0096,0.0026
0.0013,0.0002,0.0000,0.0042,0.3172,0.0111,0.0002,0.0007,0.0001,0.0022,0.0018,0.0110,0.0012,0.0228,0.0310,0.6666,1.0000,0.0103,0.0539,0.0050,0.0185,0.0036,0.0035,0.0014,0.0020,0.0019
0.0065,0.0002,0.0001,0.0000,0.0111,0.7862,0.0103,0.0000,0.0000,0.0007,0.0016,0.0435,0.0063,0.9958,0.0617,0.9992,0.1041,0.0035,0.0108,0.0043,0.0150,0.0061,0.0067,0.0025,0.0040,0.0018
0.0080,0.0011,0.0003,0.0000,0.0002,0.0103,0.0012,0.0174,0.0000,0.0007,0.0007,0.0096,0.0264,0.2513,1.0000,0.2676,0.6527,0.0045,0.0080,0.0024,0.0108,0.0074,0.0036,0.0016,0.0034,0.0016
0.0172,0.0109,0.0014,0.0001,0.0007,0.0000,0.0174,0.1212,0.0448,0.0018,0.0125,0.9401,0.0310,0.9759,0.0547,0.0031,0.0017,0.0019,0.0229,0.0024,0.0047,0.0013,0.0017,0.0014,0.0015,0.0014
0.0034,0.0023,0.0006,0.0009,0.0001,0.0000,0.0000,0.0448,0.0109,0.4340,0.1065,0.0651,0.6287,0.0305,0.9991,0.0018,0.0120,0.0008,0.0073,0.0015,0.0093,0.0042,0.0033,0.0023,0.0059,0.0021
0.0133,0.0072,0.0057,0.0082,0.0022,0.0007,0.0007,0.0018,0.4340,0.4273,0.3559,0.0185,0.0088,0.0014,0.0042,0.0019,0.0020,0.0015,0.0116,0.0045,0.0126,0.0057,0.0041,0.0028,0.0058,0.0048
0.0239,0.0067,0.0027,0.0107,0.0018,0.0016,0.0007,0.0125,0.1065,0.3559,0.1988,0.1197,0.0037,0.0001,0.0042,0.0006,0.0020,0.0021,0.0166,0.0058,0.0081,0.0077,0.0040,0.0051,0.0132,0.0072
0.0274,0.0155,0.0069,0.0433,0.0110,0.0435,0.0096,0.9401,0.0651,0.0185,0.1197,0.0880,0.1250,0.0000,0.0000,0.0000,0.0002,0.0013,0.0131,0.0049,0.0054,0.0060,0.0058,0.0113,0.0176,0.0109
0.0043,0.0033,0.0014,0.0058,0.0012,0.0063,0.0264,0.0310,0.6287,0.0088,0.0037,0.1250,0.1449,0.0064,0.0000,0.0001,0.0001,0.0036,0.0130,0.0081,0.0184,0.0151,0.0123,0.0269,0.2302,0.0900
0.0154,0.0083,0.0117,0.3156,0.0228,0.9958,0.2513,0.9759,0.0305,0.0014,0.0001,0.0000,0.0064,0.2361,0.0001,0.0000,0.0000,0.0000,0.0008,0.0041,0.0100,0.0045,0.0089,0.0062,0.1715,0.8931
0.0019,0.0022,0.0032,0.0057,0.0310,0.0617,1.0000,0.0547,0.9991,0.0042,0.0042,0.0000,0.0000,0.0001,0.0002,0.0000,0.0000,0.0000,0.0000,0.0006,0.0260,0.8081,0.9428,0.2719,0.2131,0.0372
0.1099,0.0957,0.3472,0.9907,0.6666,0.9992,0.2676,0.0031,0.0018,0.0019,0.0006,0.0000,0.0001,0.0000,0.0000,0.0045,0.0000,0.0000,0.0001,0.0004,0.0144,0.0086,0.0562,0.9684,0.0757,0.1603
0.0044,0.0139,0.8175,0.4531,1.0000,0.1041,0.6527,0.0017,0.0120,0.0020,0.0020,0.0002,0.0001,0.0000,0.0000,0.0000,0.0083,0.0006,0.0000,0.0010,0.0235,0.0785,0.9312,0.0270,0.0044,0.0060
0.0687,0.1190,0.8640,0.7409,0.0103,0.0035,0.0045,0.0019,0.0008,0.0015,0.0021,0.0013,0.0036,0.0000,0.0000,0.0000,0.0006,0.5340,0.0148,0.0121,0.0085,0.0250,0.0307,0.6504,0.0160,0.0031
0.1162,0.7652,0.8288,0.2119,0.0539,0.0108,0.0080,0.0229,0.0073,0.0116,0.0166,0.0131,0.0130,0.0008,0.0000,0.0001,0.0000,0.0148,0.0030,0.0693,0.0002,0.0031,0.0019,0.0019,0.0034,0.0047
0.1279,0.0280,0.0331,0.0193,0.0050,0.0043,0.0024,0.0024,0.0015,0.0045,0.0058,0.0049,0.0081,0.0041,0.0006,0.0004,0.0010,0.0121,0.0693,0.2496,0.0212,0.0003,0.0055,0.0265,0.0060,0.0165
0.2370,0.0975,0.1545,0.0920,0.0185,0.0150,0.0108,0.0047,0.0093,0.0126,0.0081,0.0054,0.0184,0.0100,0.0260,0.0144,0.0235,0.0085,0.0002,0.0212,0.0183,0.0050,0.0000,0.0000,0.0001,0.0015
0.0159,0.0164,0.0108,0.0098,0.0036,0.0061,0.0074,0.0013,0.0042,0.0057,0.0077,0.0060,0.0151,0.0045,0.8081,0.0086,0.0785,0.0250,0.0031,0.0003,0.0050,0.1415,0.0036,0.0000,0.0020,0.0018
0.0044,0.0031,0.0040,0.0106,0.0035,0.0067,0.0036,0.0017,0.0033,0.0041,0.0040,0.0058,0.0123,0.0089,0.9428,0.0562,0.9312,0.0307,0.0019,0.0055,0.0000,0.0036,0.7225,0.0026,0.0000,0.0008
0.0038,0.0023,0.0026,0.0039,0.0014,0.0025,0.0016,0.0014,0.0023,0.0028,0.0051,0.0113,0.0269,0.0062,0.2719,0.9684,0.0270,0.6504,0.0019,0.0265,0.0000,0.0000,0.0026,0.7123,0.0045,0.0002
0.0061,0.0033,0.0040,0.0096,0.0020,0.0040,0.0034,0.0015,0.0059,0.0058,0.0132,0.0176,0.2302,0.1715,0.2131,0.0757,0.0044,0.0160,0.0034,0.0060,0.0001,0.0020,0.0000,0.0045,0.1327,0.0413
0.0036,0.0023,0.0015,0.0026,0.0019,0.0018,0.0016,0.0014,0.0021,0.0048,0.0072,0.0109,0.0900,0.8931,0.0372,0.1603,0.0060,0.0031,0.0047,0.0165,0.0015,0.0018,0.0008,0.0002,0.0413,0.3268