c1,c2,c3,c4,c5,c6,c7,c8,c9,c10,c11,c12,c13,c14,c15,c16,c17,c18,c19,c20,c21,c22,c23,c24,c25,c26
0.0037,0.0221,0.0000,0.0011,0.0023,0.0026,0.0037,0.0032,0.0012,0.0023,0.0058,0.0047,0.0016,0.0018,0.0008,0.0343,0.0026,0.7881,0.4918,0.5937,0.4965,0.0177,0.0165,0.0015,0.0038,0.0020
0.0221,0.7950,0.1791,0.0000,0.0001,0.0001,0.0003,0.0014,0.0006,0.0030,0.0031,0.0041,0.0013,0.0022,0.0014,0.0313,0.0140,0.3419,0.9916,0.3243,0.0832,0.0060,0.0061,0.0013,0.0027,0.0013
0.0000,0.1791,0.2076,0.0407,0.0001,0.0001,0.0004,0.0005,0.0004,0.0019,0.0011,0.0024,0.0008,0.0028,0.0018,0.3998,0.4590,0.9634,0.9127,0.2069,0.0176,0.0085,0.0054,0.0010,0.0021,0.0009
0.0011,0.0000,0.0407,0.3874,0.0051,0.0000,0.0000,0.0000,0.0008,0.0040,0.0050,0.0106,0.0016,0.0161,0.0010,0.9941,0.3811,0.9655,0.6441,0.0908,0.0132,0.0069,0.0134,0.0021,0.0070,0.0016
0.0023,0.0001,0.0001,0.0051,0.7023,0.0009,0.0001,0.0001,0.0004,0.0021,0.0025,0.0054,0.0024,0.0082,0.0226,0.7852,1.0000,0.0255,0.0240,0.0050,0.0076,0.0104,0.0066,0.0026,0.0025,0.0015
0.0026,0.0001,0.0001,0.0000,0.0009,0.1189,0.0013,0.0000,0.0000,0.0004,0.0025,0.0217,0.0138,0.9991,0.0593,1.0000,0.0531,0.0231,0.0134,0.0078,0.0054,0.0157,0.0403,0.0063,0.0196,0.0030
0.0037,0.0003,0.0004,0.0000,0.0001,0.0013,0.0232,0.0029,0.0001,0.0088,0.0049,0.0407,0.0896,0.2152,1.0000,0.1383,0.0547,0.0018,0.0019,0.0025,0.0015,0.0302,0.0054,0.0052,0.0029,0.0022
0.0032,0.0014,0.0005,0.0000,0.0001,0.0000,0.0029,0.6731,0.0589,0.0022,0.0172,0.9920,0.1744,1.0000,0.0510,0.0047,0.0016,0.0013,0.0016,0.0022,0.0017,0.0020,0.0025,0.0014,0.0026,0.0018
0.0012,0.0006,0.0004,0.0008,0.0004,0.0000,0.0001,0.0589,0.0002,0.5554,0.1199,0.1421,0.8586,0.0580,1.0000,0.0010,0.0099,0.0003,0.0011,0.0012,0.0014,0.0083,0.0041,0.0060,0.0045,0.0069
0.0023,0.0030,0.0019,0.0040,0.0021,0.0004,0.0088,0.0022,0.5554,0.4899,0.4632,0.0139,0.0078,0.0026,0.0377,0.0007,0.0030,0.0019,0.0052,0.0041,0.0027,0.0082,0.0046,0.0032,0.0046,0.0134
0.0058,0.0031,0.0011,0.0050,0.0025,0.0025,0.0049,0.0172,0.1199,0.4632,0.1273,0.2158,0.0004,0.0005,0.0113,0.0004,0.0015,0.0017,0.0050,0.0056,0.0033,0.0073,0.0054,0.0105,0.0172,0.0431
0.0047,0.0041,0.0024,0.0106,0.0054,0.0217,0.0407,0.9920,0.1421,0.0139,0.2158,0.1025,0.0571,0.0000,0.0001,0.0000,0.0003,0.0008,0.0059,0.0050,0.0019,0.0029,0.0027,0.0168,0.0241,0.0591
0.0016,0.0013,0.0008,0.0016,0.0024,0.0138,0.0896,0.1744,0.8586,0.0078,0.0004,0.0571,0.0262,0.0007,0.0000,0.0001,0.0001,0.0003,0.0016,0.0029,0.0030,0.0115,0.0075,0.9852,0.1713,0.7769
0.0018,0.0022,0.0028,0.0161,0.0082,0.9991,0.2152,1.0000,0.0580,0.0026,0.0005,0.0000,0.0007,0.0182,0.0000,0.0000,0.0000,0.0000,0.0005,0.0033,0.0027,0.0266,0.0125,0.0466,0.9891,0.6455
0.0008,0.0014,0.0018,0.0010,0.0226,0.0593,1.0000,0.0510,1.0000,0.0377,0.0113,0.0001,0.0000,0.0000,0.0001,0.0000,0.0000,0.0000,0.0000,0.0009,0.0111,0.8165,0.0938,0.9971,0.0349,0.0200
0.0343,0.0313,0.3998,0.9941,0.7852,1.0000,0.1383,0.0047,0.0010,0.0007,0.0004,0.0000,0.0001,0.0000,0.0000,0.0007,0.0000,0.0000,0.0001,0.0002,0.0041,0.0067,0.9921,0.0848,0.2479,0.0250
0.0026,0.0140,0.4590,0.3811,1.0000,0.0531,0.0547,0.0016,0.0099,0.0030,0.0015,0.0003,0.0001,0.0000,0.0000,0.0000,0.0110,0.0005,0.0000,0.0009,0.3697,0.9874,0.2118,0.0432,0.0030,0.0037
0.7881,0.3419,0.9634,0.9655,0.0255,0.0231,0.0018,0.0013,0.0003,0.0019,0.0017,0.0008,0.0003,0.0000,0.0000,0.0000,0.0005,0.3199,0.0060,0.0184,0.6758,0.0095,0.0394,0.0033,0.0029,0.0021
0.4918,0.9916,0.9127,0.6441,0.0240,0.0134,0.0019,0.0016,0.0011,0.0052,0.0050,0.0059,0.0016,0.0005,0.0000,0.0001,0.0000,0.0060,0.0421,0.0897,0.0009,0.0026,0.0044,0.0009,0.0024,0.0023
0.5937,0.3243,0.2069,0.0908,0.0050,0.0078,0.0025,0.0022,0.0012,0.0041,0.0056,0.0050,0.0029,0.0033,0.0009,0.0002,0.0009,0.0184,0.0897,0.4971,0.1354,0.0000,0.0015,0.0006,0.0009,0.0049
0.4965,0.0832,0.0176,0.0132,0.0076,0.0054,0.0015,0.0017,0.0014,0.0027,0.0033,0.0019,0.0030,0.0027,0.0111,0.0041,0.3697,0.6758,0.0009,0.1354,0.0122,0.0050,0.0000,0.0006,0.0012,0.0037
0.0177,0.0060,0.0085,0.0069,0.0104,0.0157,0.0302,0.0020,0.0083,0.0082,0.0073,0.0029,0.0115,0.0266,0.8165,0.0067,0.9874,0.0095,0.0026,0.0000,0.0050,0.1229,0.0011,0.0000,0.0003,0.0005
0.0165,0.0061,0.0054,0.0134,0.0066,0.0403,0.0054,0.0025,0.0041,0.0046,0.0054,0.0027,0.0075,0.0125,0.0938,0.9921,0.2118,0.0394,0.0044,0.0015,0.0000,0.0011,0.0154,0.0056,0.0000,0.0027
0.0015,0.0013,0.0010,0.0021,0.0026,0.0063,0.0052,0.0014,0.0060,0.0032,0.0105,0.0168,0.9852,0.0466,0.9971,0.0848,0.0432,0.0033,0.0009,0.0006,0.0006,0.0000,0.0056,0.1319,0.0021,0.0003
0.0038,0.0027,0.0021,0.0070,0.0025,0.0196,0.0029,0.0026,0.0045,0.0046,0.0172,0.0241,0.1713,0.9891,0.0349,0.2479,0.0030,0.0029,0.0024,0.0009,0.0012,0.0003,0.0000,0.0021,0.1174,0.0286
0.0020,0.0013,0.0009,0.0016,0.0015,0.0030,0.0022,0.0018,0.0069,0.0134,0.0431,0.0591,0.7769,0.6455,0.0200,0.0250,0.0037,0.0021,0.0023,0.0049,0.0037,0.0005,0.0027,0.0003,0.0286,0.0799