c1,c2,c3,c4,c5,c6,c7,c8,c9,c10,c11,c12,c13,c14,c15,c16,c17,c18,c19,c20,c21,c22,c23,c24,c25,c26
0.0018,0.0508,0.0000,0.0002,0.0018,0.0070,0.0209,0.0110,0.0011,0.0068,0.0109,0.0093,0.0030,0.0059,0.0016,0.1252,0.0018,0.0730,0.0987,0.1763,0.1112,0.0130,0.0339,0.0009,0.0059,0.0024
0.0508,0.6833,0.0626,0.0000,0.0001,0.0001,0.0006,0.0040,0.0008,0.0044,0.0055,0.0080,0.0016,0.0037,0.0025,0.2317,0.0082,0.2252,0.6994,0.1302,0.0201,0.0081,0.0120,0.0013,0.0029,0.0020
0.0000,0.0626,0.0172,0.0087,0.0001,0.0000,0.0001,0.0004,0.0003,0.0035,0.0016,0.0029,0.0009,0.0036,0.0024,0.9950,0.2152,0.9906,0.6949,0.0862,0.0078,0.0180,0.0113,0.0012,0.0088,0.0012
0.0002,0.0000,0.0087,0.0569,0.0052,0.0000,0.0000,0.0001,0.0007,0.0063,0.0040,0.0050,0.0011,0.0155,0.0058,0.9961,0.9866,0.8113,0.7781,0.0748,0.0064,0.0226,0.0056,0.0016,0.0068,0.0016
0.0018,0.0001,0.0001,0.0052,0.5123,0.0044,0.0000,0.0001,0.0001,0.0009,0.0017,0.0052,0.0013,0.0070,0.0121,0.6388,1.0000,0.0186,0.1275,0.0129,0.0041,0.0243,0.0024,0.0023,0.0021,0.0012
0.0070,0.0001,0.0000,0.0000,0.0044,0.6634,0.0020,0.0000,0.0000,0.0001,0.0010,0.0281,0.0058,0.9996,0.0545,1.0000,0.3095,0.0088,0.0095,0.0080,0.0029,0.0142,0.0087,0.0025,0.0076,0.0015
0.0209,0.0006,0.0001,0.0000,0.0000,0.0020,0.0437,0.0031,0.0000,0.0027,0.0021,0.0570,0.0181,0.3051,1.0000,0.3555,0.5403,0.0052,0.0056,0.0059,0.0010,0.0615,0.0027,0.0033,0.0039,0.0019
0.0110,0.0040,0.0004,0.0001,0.0001,0.0000,0.0031,0.6693,0.2021,0.0120,0.0087,0.9826,0.0295,0.9997,0.0175,0.0014,0.0040,0.0012,0.0022,0.0022,0.0007,0.0027,0.0011,0.0010,0.0028,0.0029
0.0011,0.0008,0.0003,0.0007,0.0001,0.0000,0.0000,0.2021,0.0003,0.6457,0.1882,0.2916,0.4924,0.1790,0.9999,0.0015,0.0097,0.0007,0.0023,0.0010,0.0015,0.0112,0.0035,0.0071,0.0108,0.0031
0.0068,0.0044,0.0035,0.0063,0.0009,0.0001,0.0027,0.0120,0.6457,0.7371,0.4848,0.0238,0.0078,0.0014,0.0084,0.0009,0.0028,0.0013,0.0068,0.0047,0.0024,0.0065,0.0015,0.0042,0.0040,0.0177
0.0109,0.0055,0.0016,0.0040,0.0017,0.0010,0.0021,0.0087,0.1882,0.4848,0.2097,0.1616,0.0014,0.0002,0.0051,0.0003,0.0016,0.0015,0.0032,0.0050,0.0045,0.0065,0.0032,0.0444,0.0108,0.1374
0.0093,0.0080,0.0029,0.0050,0.0052,0.0281,0.0570,0.9826,0.2916,0.0238,0.1616,0.4262,0.0732,0.0000,0.0000,0.0000,0.0003,0.0008,0.0034,0.0045,0.0019,0.0041,0.0021,0.0186,0.0182,0.2062
0.0030,0.0016,0.0009,0.0011,0.0013,0.0058,0.0181,0.0295,0.4924,0.0078,0.0014,0.0732,0.0484,0.0006,0.0000,0.0000,0.0000,0.0003,0.0019,0.0060,0.0040,0.0166,0.0080,1.0000,0.1451,0.9783
0.0059,0.0037,0.0036,0.0155,0.0070,0.9996,0.3051,0.9997,0.1790,0.0014,0.0002,0.0000,0.0006,0.0562,0.0000,0.0000,0.0000,0.0000,0.0007,0.0027,0.0009,0.0128,0.0038,0.0245,0.9966,0.2124
0.0016,0.0025,0.0024,0.0058,0.0121,0.0545,1.0000,0.0175,0.9999,0.0084,0.0051,0.0000,0.0000,0.0000,0.0000,0.0000,0.0000,0.0000,0.0001,0.0014,0.0139,1.0000,0.0846,0.9999,0.0981,0.0208
0.1252,0.2317,0.9950,0.9961,0.6388,1.0000,0.3555,0.0014,0.0015,0.0009,0.0003,0.0000,0.0000,0.0000,0.0000,0.0027,0.0000,0.0000,0.0000,0.0000,0.0006,0.0063,0.9979,0.0017,0.8865,0.0080
0.0018,0.0082,0.2152,0.9866,1.0000,0.3095,0.5403,0.0040,0.0097,0.0028,0.0016,0.0003,0.0000,0.0000,0.0000,0.0000,0.4575,0.0003,0.0000,0.0012,0.0041,0.5978,0.0199,0.0081,0.0010,0.0010
0.0730,0.2252,0.9906,0.8113,0.0186,0.0088,0.0052,0.0012,0.0007,0.0013,0.0015,0.0008,0.0003,0.0000,0.0000,0.0000,0.0003,0.7172,0.0365,0.0028,0.9935,0.0005,0.5233,0.0018,0.0046,0.0006
0.0987,0.6994,0.6949,0.7781,0.1275,0.0095,0.0056,0.0022,0.0023,0.0068,0.0032,0.0034,0.0019,0.0007,0.0001,0.0000,0.0000,0.0365,0.2390,0.5134,0.0052,0.0005,0.0023,0.0003,0.0019,0.0023
0.1763,0.1302,0.0862,0.0748,0.0129,0.0080,0.0059,0.0022,0.0010,0.0047,0.0050,0.0045,0.0060,0.0027,0.0014,0.0000,0.0012,0.0028,0.5134,0.9522,0.6594,0.0000,0.0019,0.0003,0.0004,0.0038
0.1112,0.0201,0.0078,0.0064,0.0041,0.0029,0.0010,0.0007,0.0015,0.0024,0.0045,0.0019,0.0040,0.0009,0.0139,0.0006,0.0041,0.9935,0.0052,0.6594,0.9781,0.0002,0.0005,0.0009,0.0002,0.0044
0.0130,0.0081,0.0180,0.0226,0.0243,0.0142,0.0615,0.0027,0.0112,0.0065,0.0065,0.0041,0.0166,0.0128,1.0000,0.0063,0.5978,0.0005,0.0005,0.0000,0.0002,0.4448,0.0020,0.0000,0.0001,0.0001
0.0339,0.0120,0.0113,0.0056,0.0024,0.0087,0.0027,0.0011,0.0035,0.0015,0.0032,0.0021,0.0080,0.0038,0.0846,0.9979,0.0199,0.5233,0.0023,0.0019,0.0005,0.0020,0.2707,0.0019,0.0000,0.0008
0.0009,0.0013,0.0012,0.0016,0.0023,0.0025,0.0033,0.0010,0.0071,0.0042,0.0444,0.0186,1.0000,0.0245,0.9999,0.0017,0.0081,0.0018,0.0003,0.0003,0.0009,0.0000,0.0019,0.1218,0.0002,0.0003
0.0059,0.0029,0.0088,0.0068,0.0021,0.0076,0.0039,0.0028,0.0108,0.0040,0.0108,0.0182,0.1451,0.9966,0.0981,0.8865,0.0010,0.0046,0.0019,0.0004,0.0002,0.0001,0.0000,0.0002,0.0588,0.0545
0.0024,0.0020,0.0012,0.0016,0.0012,0.0015,0.0019,0.0029,0.0031,0.0177,0.1374,0.2062,0.9783,0.2124,0.0208,0.0080,0.0010,0.0006,0.0023,0.0038,0.0044,0.0001,0.0008,0.0003,0.0545,0.6795