c1,c2,c3,c4,c5,c6,c7,c8,c9,c10,c11,c12,c13,c14,c15,c16,c17,c18,c19,c20,c21,c22,c23,c24,c25,c26
0.0001,0.0018,0.0002,0.0016,0.0170,0.0055,0.0119,0.0149,0.0195,0.0220,0.0269,0.0128,0.0062,0.0051,0.0029,0.0045,0.0056,0.0192,0.0260,0.0316,0.0228,0.0311,0.0153,0.0047,0.0079,0.0075
0.0018,0.0697,0.0601,0.0000,0.0019,0.0032,0.0033,0.0088,0.0072,0.0070,0.0083,0.0082,0.0031,0.0056,0.0060,0.0097,0.0078,0.0303,0.0162,0.0203,0.0146,0.0109,0.0112,0.0067,0.0113,0.0055
0.0002,0.0601,0.0233,0.0097,0.0001,0.0010,0.0029,0.0024,0.0033,0.0090,0.0055,0.0106,0.0038,0.0090,0.0119,0.0228,0.0196,0.0273,0.0218,0.0266,0.0213,0.0133,0.0130,0.0046,0.0124,0.0071
0.0016,0.0000,0.0097,0.0047,0.0052,0.0000,0.0002,0.0017,0.0018,0.0162,0.0151,0.0243,0.0076,0.0459,0.0286,0.1012,0.0265,0.1340,0.0449,0.0346,0.0251,0.0084,0.0285,0.0078,0.0268,0.0054
0.0170,0.0019,0.0001,0.0052,0.0082,0.0019,0.0000,0.0007,0.0015,0.0038,0.0061,0.0086,0.0077,0.0370,0.0322,0.6533,0.2077,0.0333,0.0134,0.0084,0.0070,0.0093,0.0099,0.0208,0.0101,0.0074
0.0055,0.0032,0.0010,0.0000,0.0019,0.0013,0.0002,0.0000,0.0004,0.0049,0.0053,0.0339,0.0239,0.8087,0.0822,0.9903,0.1448,0.0359,0.0156,0.0121,0.0090,0.0028,0.0209,0.0062,0.0172,0.0025
0.0119,0.0033,0.0029,0.0002,0.0000,0.0002,0.0006,0.0001,0.0001,0.0023,0.0096,0.0475,0.2116,0.5452,0.6559,0.2173,0.2009,0.0208,0.0128,0.0173,0.0065,0.0094,0.0069,0.0162,0.0049,0.0035
0.0149,0.0088,0.0024,0.0017,0.0007,0.0000,0.0001,0.0004,0.0248,0.0005,0.0048,0.1208,0.1492,0.9562,0.2718,0.0638,0.0191,0.0454,0.0077,0.0086,0.0037,0.0028,0.0028,0.0037,0.0068,0.0034
0.0195,0.0072,0.0033,0.0018,0.0015,0.0004,0.0001,0.0248,0.0024,0.0356,0.0053,0.0431,0.0413,0.2772,0.1431,0.0212,0.0230,0.0036,0.0040,0.0037,0.0050,0.0052,0.0034,0.0037,0.0047,0.0047
0.0220,0.0070,0.0090,0.0162,0.0038,0.0049,0.0023,0.0005,0.0356,0.0262,0.0335,0.0002,0.0068,0.0079,0.0071,0.0063,0.0136,0.0044,0.0132,0.0126,0.0107,0.0059,0.0062,0.0046,0.0099,0.0086
0.0269,0.0083,0.0055,0.0151,0.0061,0.0053,0.0096,0.0048,0.0053,0.0335,0.0101,0.0172,0.0007,0.0032,0.0050,0.0027,0.0081,0.0056,0.0099,0.0058,0.0069,0.0052,0.0062,0.0060,0.0185,0.0087
0.0128,0.0082,0.0106,0.0243,0.0086,0.0339,0.0475,0.1208,0.0431,0.0002,0.0172,0.0311,0.0117,0.0000,0.0002,0.0006,0.0012,0.0058,0.0084,0.0086,0.0192,0.0050,0.0096,0.0129,0.0273,0.0189
0.0062,0.0031,0.0038,0.0076,0.0077,0.0239,0.2116,0.1492,0.0413,0.0068,0.0007,0.0117,0.0053,0.0009,0.0001,0.0005,0.0020,0.0012,0.0047,0.0048,0.0065,0.0144,0.0082,0.0934,0.0288,0.0434
0.0051,0.0056,0.0090,0.0459,0.0370,0.8087,0.5452,0.9562,0.2772,0.0079,0.0032,0.0000,0.0009,0.0002,0.0003,0.0000,0.0001,0.0004,0.0022,0.0099,0.0082,0.0105,0.0409,0.0418,0.1145,0.0108
0.0029,0.0060,0.0119,0.0286,0.0322,0.0822,0.6559,0.2718,0.1431,0.0071,0.0050,0.0002,0.0001,0.0003,0.0011,0.0002,0.0000,0.0003,0.0018,0.0037,0.0105,0.3266,0.0166,0.2702,0.0114,0.0133
0.0045,0.0097,0.0228,0.1012,0.6533,0.9903,0.2173,0.0638,0.0212,0.0063,0.0027,0.0006,0.0005,0.0000,0.0002,0.0003,0.0001,0.0000,0.0007,0.0028,0.0176,0.0807,0.6276,0.0217,0.0182,0.0096
0.0056,0.0078,0.0196,0.0265,0.2077,0.1448,0.2009,0.0191,0.0230,0.0136,0.0081,0.0012,0.0020,0.0001,0.0000,0.0001,0.0015,0.0004,0.0002,0.0029,0.0176,0.3533,0.0930,0.1946,0.0081,0.0058
0.0192,0.0303,0.0273,0.1340,0.0333,0.0359,0.0208,0.0454,0.0036,0.0044,0.0056,0.0058,0.0012,0.0004,0.0003,0.0000,0.0004,0.0113,0.0279,0.0015,0.0574,0.0104,0.0660,0.0134,0.0266,0.0027
0.0260,0.0162,0.0218,0.0449,0.0134,0.0156,0.0128,0.0077,0.0040,0.0132,0.0099,0.0084,0.0047,0.0022,0.0018,0.0007,0.0002,0.0279,0.0269,0.0454,0.0002,0.0051,0.0124,0.0028,0.0139,0.0067
0.0316,0.0203,0.0266,0.0346,0.0084,0.0121,0.0173,0.0086,0.0037,0.0126,0.0058,0.0086,0.0048,0.0099,0.0037,0.0028,0.0029,0.0015,0.0454,0.0719,0.0134,0.0001,0.0019,0.0012,0.0023,0.0139
0.0228,0.0146,0.0213,0.0251,0.0070,0.0090,0.0065,0.0037,0.0050,0.0107,0.0069,0.0192,0.0065,0.0082,0.0105,0.0176,0.0176,0.0574,0.0002,0.0134,0.0033,0.0031,0.0002,0.0012,0.0061,0.0163
0.0311,0.0109,0.0133,0.0084,0.0093,0.0028,0.0094,0.0028,0.0052,0.0059,0.0052,0.0050,0.0144,0.0105,0.3266,0.0807,0.3533,0.0104,0.0051,0.0001,0.0031,0.0270,0.0015,0.0001,0.0005,0.0127
0.0153,0.0112,0.0130,0.0285,0.0099,0.0209,0.0069,0.0028,0.0034,0.0062,0.0062,0.0096,0.0082,0.0409,0.0166,0.6276,0.0930,0.0660,0.0124,0.0019,0.0002,0.0015,0.0054,0.0030,0.0000,0.0007
0.0047,0.0067,0.0046,0.0078,0.0208,0.0062,0.0162,0.0037,0.0037,0.0046,0.0060,0.0129,0.0934,0.0418,0.2702,0.0217,0.1946,0.0134,0.0028,0.0012,0.0012,0.0001,0.0030,0.0245,0.0011,0.0006
0.0079,0.0113,0.0124,0.0268,0.0101,0.0172,0.0049,0.0068,0.0047,0.0099,0.0185,0.0273,0.0288,0.1145,0.0114,0.0182,0.0081,0.0266,0.0139,0.0023,0.0061,0.0005,0.0000,0.0011,0.0014,0.0145
0.0075,0.0055,0.0071,0.0054,0.0074,0.0025,0.0035,0.0034,0.0047,0.0086,0.0087,0.0189,0.0434,0.0108,0.0133,0.0096,0.0058,0.0027,0.0067,0.0139,0.0163,0.0127,0.0007,0.0006,0.0145,0.0486