c1,c2,c3,c4,c5,c6,c7,c8,c9,c10,c11,c12,c13,c14,c15,c16,c17,c18,c19,c20,c21,c22,c23,c24,c25,c26
0.0000,0.0031,0.0001,0.0006,0.0077,0.0043,0.0122,0.0194,0.0047,0.0091,0.0150,0.0145,0.0045,0.0035,0.0016,0.0123,0.0050,0.0822,0.1138,0.1274,0.1775,0.0402,0.0123,0.0043,0.0080,0.0063
0.0031,0.1175,0.0319,0.0000,0.0003,0.0002,0.0006,0.0062,0.0013,0.0066,0.0047,0.0091,0.0020,0.0025,0.0020,0.0538,0.0060,0.2838,0.7066,0.4357,0.0540,0.0072,0.0062,0.0039,0.0051,0.0051
0.0001,0.0319,0.0044,0.0105,0.0000,0.0001,0.0008,0.0010,0.0006,0.0032,0.0016,0.0042,0.0013,0.0054,0.0031,0.7155,0.0462,0.9562,0.8407,0.3210,0.0250,0.0084,0.0041,0.0024,0.0056,0.0033
0.0006,0.0000,0.0105,0.0030,0.0015,0.0000,0.0000,0.0002,0.0007,0.0096,0.0075,0.0135,0.0024,0.0138,0.0032,0.8904,0.2346,0.9848,0.7364,0.2429,0.0468,0.0101,0.0104,0.0047,0.0085,0.0046
0.0077,0.0003,0.0000,0.0015,0.0122,0.0010,0.0000,0.0002,0.0003,0.0020,0.0025,0.0069,0.0027,0.0120,0.0153,0.8961,1.0000,0.0627,0.0840,0.0118,0.0065,0.0127,0.0067,0.0051,0.0041,0.0036
0.0043,0.0002,0.0001,0.0000,0.0010,0.0194,0.0004,0.0000,0.0000,0.0006,0.0024,0.0423,0.0183,0.9996,0.0415,1.0000,0.2485,0.0266,0.0216,0.0067,0.0042,0.0073,0.0145,0.0053,0.0109,0.0021
0.0122,0.0006,0.0008,0.0000,0.0000,0.0004,0.0000,0.0001,0.0002,0.0041,0.0041,0.0290,0.1317,0.3531,1.0000,0.2479,0.6308,0.0063,0.0099,0.0046,0.0020,0.0416,0.0058,0.0085,0.0021,0.0030
0.0194,0.0062,0.0010,0.0002,0.0002,0.0000,0.0001,0.0098,0.0493,0.0006,0.0040,0.9079,0.1170,1.0000,0.0257,0.0072,0.0088,0.0035,0.0026,0.0038,0.0031,0.0031,0.0032,0.0024,0.0068,0.0039
0.0047,0.0013,0.0006,0.0007,0.0003,0.0000,0.0002,0.0493,0.0002,0.2318,0.1517,0.0265,0.6547,0.5216,0.9952,0.0046,0.0230,0.0005,0.0019,0.0028,0.0023,0.0071,0.0022,0.0043,0.0035,0.0054
0.0091,0.0066,0.0032,0.0096,0.0020,0.0006,0.0041,0.0006,0.2318,0.1077,0.2035,0.0027,0.0062,0.0076,0.0110,0.0023,0.0073,0.0025,0.0079,0.0085,0.0076,0.0086,0.0044,0.0048,0.0059,0.0102
0.0150,0.0047,0.0016,0.0075,0.0025,0.0024,0.0041,0.0040,0.1517,0.2035,0.0283,0.0432,0.0022,0.0038,0.0043,0.0010,0.0040,0.0023,0.0036,0.0060,0.0106,0.0071,0.0046,0.0103,0.0102,0.0128
0.0145,0.0091,0.0042,0.0135,0.0069,0.0423,0.0290,0.9079,0.0265,0.0027,0.0432,0.0563,0.0373,0.0000,0.0000,0.0001,0.0004,0.0034,0.0087,0.0052,0.0055,0.0041,0.0039,0.0144,0.0232,0.0249
0.0045,0.0020,0.0013,0.0024,0.0027,0.0183,0.1317,0.1170,0.6547,0.0062,0.0022,0.0373,0.0120,0.0012,0.0000,0.0003,0.0006,0.0010,0.0033,0.0083,0.0043,0.0132,0.0072,0.3304,0.0369,0.1317
0.0035,0.0025,0.0054,0.0138,0.0120,0.9996,0.3531,1.0000,0.5216,0.0076,0.0038,0.0000,0.0012,0.0002,0.0000,0.0000,0.0000,0.0001,0.0010,0.0022,0.0013,0.0097,0.0063,0.0114,0.7240,0.1126
0.0016,0.0020,0.0031,0.0032,0.0153,0.0415,1.0000,0.0257,0.9952,0.0110,0.0043,0.0000,0.0000,0.0000,0.0001,0.0000,0.0000,0.0000,0.0002,0.0021,0.0068,0.9811,0.0356,0.8425,0.0260,0.0183
0.0123,0.0538,0.7155,0.8904,0.8961,1.0000,0.2479,0.0072,0.0046,0.0023,0.0010,0.0001,0.0003,0.0000,0.0000,0.0002,0.0000,0.0000,0.0001,0.0003,0.0017,0.0193,0.9844,0.0211,0.0533,0.0237
0.0050,0.0060,0.0462,0.2346,1.0000,0.2485,0.6308,0.0088,0.0230,0.0073,0.0040,0.0004,0.0006,0.0000,0.0000,0.0000,0.0008,0.0001,0.0000,0.0009,0.0095,0.9338,0.0617,0.0668,0.0056,0.0023
0.0822,0.2838,0.9562,0.9848,0.0627,0.0266,0.0063,0.0035,0.0005,0.0025,0.0023,0.0034,0.0010,0.0001,0.0000,0.0000,0.0001,0.0897,0.0082,0.0012,0.1098,0.0045,0.0366,0.0090,0.0149,0.0021
0.1138,0.7066,0.8407,0.7364,0.0840,0.0216,0.0099,0.0026,0.0019,0.0079,0.0036,0.0087,0.0033,0.0010,0.0002,0.0001,0.0000,0.0082,0.0052,0.0126,0.0003,0.0020,0.0082,0.0012,0.0049,0.0046
0.1274,0.4357,0.3210,0.2429,0.0118,0.0067,0.0046,0.0038,0.0028,0.0085,0.0060,0.0052,0.0083,0.0022,0.0021,0.0003,0.0009,0.0012,0.0126,0.1526,0.1113,0.0000,0.0005,0.0023,0.0018,0.0110
0.1775,0.0540,0.0250,0.0468,0.0065,0.0042,0.0020,0.0031,0.0023,0.0076,0.0106,0.0055,0.0043,0.0013,0.0068,0.0017,0.0095,0.1098,0.0003,0.1113,0.0099,0.0024,0.0005,0.0024,0.0041,0.0167
0.0402,0.0072,0.0084,0.0101,0.0127,0.0073,0.0416,0.0031,0.0071,0.0086,0.0071,0.0041,0.0132,0.0097,0.9811,0.0193,0.9338,0.0045,0.0020,0.0000,0.0024,0.0017,0.0022,0.0000,0.0002,0.0027
0.0123,0.0062,0.0041,0.0104,0.0067,0.0145,0.0058,0.0032,0.0022,0.0044,0.0046,0.0039,0.0072,0.0063,0.0356,0.9844,0.0617,0.0366,0.0082,0.0005,0.0005,0.0022,0.0820,0.0065,0.0000,0.0012
0.0043,0.0039,0.0024,0.0047,0.0051,0.0053,0.0085,0.0024,0.0043,0.0048,0.0103,0.0144,0.3304,0.0114,0.8425,0.0211,0.0668,0.0090,0.0012,0.0023,0.0024,0.0000,0.0065,0.1002,0.0021,0.0006
0.0080,0.0051,0.0056,0.0085,0.0041,0.0109,0.0021,0.0068,0.0035,0.0059,0.0102,0.0232,0.0369,0.7240,0.0260,0.0533,0.0056,0.0149,0.0049,0.0018,0.0041,0.0002,0.0000,0.0021,0.0240,0.0215
0.0063,0.0051,0.0033,0.0046,0.0036,0.0021,0.0030,0.0039,0.0054,0.0102,0.0128,0.0249,0.1317,0.1126,0.0183,0.0237,0.0023,0.0021,0.0046,0.0110,0.0167,0.0027,0.0012,0.0006,0.0215,0.0138