c1,c2,c3,c4,c5,c6,c7,c8,c9,c10,c11,c12,c13,c14,c15,c16,c17,c18,c19,c20,c21,c22,c23,c24,c25,c26
0.0001,0.0018,0.0004,0.0036,0.0122,0.0067,0.0224,0.0134,0.0219,0.0109,0.0261,0.0177,0.0089,0.0106,0.0022,0.0085,0.0069,0.0112,0.0158,0.0096,0.0141,0.0244,0.0079,0.0075,0.0088,0.0044
0.0018,0.0811,0.0449,0.0001,0.0027,0.0043,0.0070,0.0073,0.0091,0.0115,0.0080,0.0102,0.0039,0.0096,0.0060,0.0079,0.0100,0.0123,0.0087,0.0094,0.0089,0.0176,0.0064,0.0059,0.0084,0.0041
0.0004,0.0449,0.0501,0.0358,0.0002,0.0222,0.0098,0.0048,0.0043,0.0063,0.0038,0.0124,0.0037,0.0086,0.0076,0.0071,0.0107,0.0175,0.0064,0.0066,0.0104,0.0101,0.0054,0.0051,0.0088,0.0039
0.0036,0.0001,0.0358,0.0028,0.0156,0.0000,0.0035,0.0071,0.0047,0.0186,0.0126,0.0185,0.0148,0.0174,0.0164,0.0135,0.0157,0.0492,0.0109,0.0120,0.0090,0.0105,0.0081,0.0066,0.0082,0.0042
0.0122,0.0027,0.0002,0.0156,0.0287,0.0087,0.0001,0.0027,0.0051,0.0047,0.0096,0.0145,0.0087,0.0191,0.0210,0.0954,0.0268,0.0136,0.0113,0.0048,0.0073,0.0049,0.0088,0.0078,0.0103,0.0040
0.0067,0.0043,0.0222,0.0000,0.0087,0.0080,0.0018,0.0000,0.0021,0.0099,0.0070,0.0288,0.0191,0.0561,0.0119,0.3453,0.0223,0.0155,0.0088,0.0075,0.0066,0.0042,0.0116,0.0117,0.0100,0.0035
0.0224,0.0070,0.0098,0.0035,0.0001,0.0018,0.0019,0.0004,0.0001,0.0032,0.0126,0.0155,0.0435,0.0726,0.0417,0.0375,0.0260,0.0178,0.0113,0.0127,0.0071,0.0078,0.0116,0.0155,0.0119,0.0069
0.0134,0.0073,0.0048,0.0071,0.0027,0.0000,0.0004,0.0004,0.0137,0.0004,0.0099,0.0249,0.0520,0.0759,0.0453,0.0567,0.0484,0.0607,0.0117,0.0132,0.0067,0.0030,0.0060,0.0061,0.0073,0.0056
0.0219,0.0091,0.0043,0.0047,0.0051,0.0021,0.0001,0.0137,0.0161,0.0155,0.0008,0.0132,0.0142,0.0170,0.0275,0.0221,0.0262,0.0089,0.0105,0.0060,0.0077,0.0050,0.0051,0.0047,0.0067,0.0050
0.0109,0.0115,0.0063,0.0186,0.0047,0.0099,0.0032,0.0004,0.0155,0.0233,0.0337,0.0002,0.0061,0.0121,0.0020,0.0117,0.0160,0.0070,0.0101,0.0087,0.0131,0.0104,0.0063,0.0068,0.0092,0.0102
0.0261,0.0080,0.0038,0.0126,0.0096,0.0070,0.0126,0.0099,0.0008,0.0337,0.0330,0.0183,0.0008,0.0090,0.0082,0.0054,0.0109,0.0044,0.0048,0.0042,0.0078,0.0047,0.0050,0.0055,0.0059,0.0054
0.0177,0.0102,0.0124,0.0185,0.0145,0.0288,0.0155,0.0249,0.0132,0.0002,0.0183,0.0114,0.0370,0.0001,0.0034,0.0035,0.0035,0.0068,0.0067,0.0062,0.0116,0.0038,0.0067,0.0067,0.0086,0.0067
0.0089,0.0039,0.0037,0.0148,0.0087,0.0191,0.0435,0.0520,0.0142,0.0061,0.0008,0.0370,0.0114,0.0077,0.0004,0.0038,0.0041,0.0022,0.0056,0.0040,0.0096,0.0068,0.0059,0.0082,0.0115,0.0072
0.0106,0.0096,0.0086,0.0174,0.0191,0.0561,0.0726,0.0759,0.0170,0.0121,0.0090,0.0001,0.0077,0.0016,0.0059,0.0000,0.0007,0.0023,0.0042,0.0122,0.0163,0.0126,0.0170,0.0221,0.0160,0.0091
0.0022,0.0060,0.0076,0.0164,0.0210,0.0119,0.0417,0.0453,0.0275,0.0020,0.0082,0.0034,0.0004,0.0059,0.0056,0.0014,0.0002,0.0034,0.0072,0.0072,0.0273,0.0321,0.0184,0.0114,0.0120,0.0101
0.0085,0.0079,0.0071,0.0135,0.0954,0.3453,0.0375,0.0567,0.0221,0.0117,0.0054,0.0035,0.0038,0.0000,0.0014,0.0041,0.0009,0.0000,0.0017,0.0042,0.0117,0.0313,0.0293,0.0239,0.0215,0.0130
0.0069,0.0100,0.0107,0.0157,0.0268,0.0223,0.0260,0.0484,0.0262,0.0160,0.0109,0.0035,0.0041,0.0007,0.0002,0.0009,0.0069,0.0020,0.0002,0.0045,0.0099,0.0179,0.0305,0.0210,0.0154,0.0122
0.0112,0.0123,0.0175,0.0492,0.0136,0.0155,0.0178,0.0607,0.0089,0.0070,0.0044,0.0068,0.0022,0.0023,0.0034,0.0000,0.0020,0.0042,0.0129,0.0007,0.0156,0.0186,0.0141,0.0171,0.0178,0.0055
0.0158,0.0087,0.0064,0.0109,0.0113,0.0088,0.0113,0.0117,0.0105,0.0101,0.0048,0.0067,0.0056,0.0042,0.0072,0.0017,0.0002,0.0129,0.0853,0.0456,0.0001,0.0040,0.0105,0.0090,0.0164,0.0162
0.0096,0.0094,0.0066,0.0120,0.0048,0.0075,0.0127,0.0132,0.0060,0.0087,0.0042,0.0062,0.0040,0.0122,0.0072,0.0042,0.0045,0.0007,0.0456,0.0574,0.0188,0.0004,0.0062,0.0054,0.0068,0.0116
0.0141,0.0089,0.0104,0.0090,0.0073,0.0066,0.0071,0.0067,0.0077,0.0131,0.0078,0.0116,0.0096,0.0163,0.0273,0.0117,0.0099,0.0156,0.0001,0.0188,0.0051,0.0055,0.0002,0.0034,0.0065,0.0324
0.0244,0.0176,0.0101,0.0105,0.0049,0.0042,0.0078,0.0030,0.0050,0.0104,0.0047,0.0038,0.0068,0.0126,0.0321,0.0313,0.0179,0.0186,0.0040,0.0004,0.0055,0.0173,0.0131,0.0002,0.0023,0.0200
0.0079,0.0064,0.0054,0.0081,0.0088,0.0116,0.0116,0.0060,0.0051,0.0063,0.0050,0.0067,0.0059,0.0170,0.0184,0.0293,0.0305,0.0141,0.0105,0.0062,0.0002,0.0131,0.0365,0.0274,0.0000,0.0081
0.0075,0.0059,0.0051,0.0066,0.0078,0.0117,0.0155,0.0061,0.0047,0.0068,0.0055,0.0067,0.0082,0.0221,0.0114,0.0239,0.0210,0.0171,0.0090,0.0054,0.0034,0.0002,0.0274,0.0669,0.0026,0.0002
0.0088,0.0084,0.0088,0.0082,0.0103,0.0100,0.0119,0.0073,0.0067,0.0092,0.0059,0.0086,0.0115,0.0160,0.0120,0.0215,0.0154,0.0178,0.0164,0.0068,0.0065,0.0023,0.0000,0.0026,0.0043,0.0139
0.0044,0.0041,0.0039,0.0042,0.0040,0.0035,0.0069,0.0056,0.0050,0.0102,0.0054,0.0067,0.0072,0.0091,0.0101,0.0130,0.0122,0.0055,0.0162,0.0116,0.0324,0.0200,0.0081,0.0002,0.0139,0.0238