c1,c2,c3,c4,c5,c6,c7,c8,c9,c10,c11,c12,c13,c14,c15,c16,c17,c18,c19,c20,c21,c22,c23,c24,c25,c26
0.0000,0.0016,0.0004,0.0014,0.0207,0.0068,0.0254,0.0143,0.0172,0.0141,0.0198,0.0231,0.0046,0.0061,0.0013,0.0092,0.0050,0.0456,0.0370,0.0453,0.0451,0.0398,0.0150,0.0061,0.0125,0.0112
0.0016,0.0843,0.0774,0.0001,0.0007,0.0013,0.0043,0.0062,0.0032,0.0088,0.0059,0.0118,0.0025,0.0077,0.0050,0.0157,0.0082,0.0465,0.0167,0.0207,0.0224,0.0122,0.0190,0.0061,0.0133,0.0061
0.0004,0.0774,0.0308,0.0166,0.0003,0.0046,0.0040,0.0019,0.0018,0.0037,0.0026,0.0108,0.0024,0.0116,0.0048,0.0207,0.0176,0.0577,0.0136,0.0155,0.0213,0.0110,0.0132,0.0054,0.0113,0.0044
0.0014,0.0001,0.0166,0.0005,0.0031,0.0000,0.0002,0.0027,0.0030,0.0230,0.0206,0.0293,0.0172,0.0253,0.0102,0.0790,0.0379,0.1023,0.0813,0.0278,0.0347,0.0087,0.0178,0.0083,0.0244,0.0060
0.0207,0.0007,0.0003,0.0031,0.0035,0.0027,0.0000,0.0007,0.0023,0.0039,0.0070,0.0148,0.0080,0.0667,0.0735,0.1666,0.5491,0.0395,0.0197,0.0069,0.0111,0.0066,0.0114,0.0085,0.0136,0.0037
0.0068,0.0013,0.0046,0.0000,0.0027,0.0054,0.0003,0.0000,0.0002,0.0043,0.0033,0.0414,0.0130,0.9158,0.1447,0.6247,0.1497,0.0198,0.0097,0.0095,0.0090,0.0068,0.0220,0.0044,0.0118,0.0036
0.0254,0.0043,0.0040,0.0002,0.0000,0.0003,0.0001,0.0001,0.0005,0.0044,0.0245,0.0486,0.1711,0.5046,0.3423,0.1457,0.3765,0.0181,0.0175,0.0201,0.0062,0.0054,0.0073,0.0084,0.0041,0.0033
0.0143,0.0062,0.0019,0.0027,0.0007,0.0000,0.0001,0.0007,0.0451,0.0005,0.0033,0.1462,0.1487,0.8640,0.0799,0.0497,0.0340,0.0187,0.0074,0.0079,0.0081,0.0047,0.0051,0.0060,0.0045,0.0031
0.0172,0.0032,0.0018,0.0030,0.0023,0.0002,0.0005,0.0451,0.0011,0.0602,0.0094,0.0216,0.1082,0.1529,0.1001,0.0114,0.0326,0.0024,0.0025,0.0029,0.0064,0.0065,0.0057,0.0058,0.0045,0.0039
0.0141,0.0088,0.0037,0.0230,0.0039,0.0043,0.0044,0.0005,0.0602,0.0261,0.0523,0.0003,0.0049,0.0266,0.0042,0.0071,0.0113,0.0082,0.0051,0.0085,0.0096,0.0043,0.0081,0.0042,0.0089,0.0063
0.0198,0.0059,0.0026,0.0206,0.0070,0.0033,0.0245,0.0033,0.0094,0.0523,0.0198,0.0040,0.0016,0.0043,0.0086,0.0038,0.0099,0.0056,0.0055,0.0047,0.0093,0.0041,0.0088,0.0054,0.0101,0.0052
0.0231,0.0118,0.0108,0.0293,0.0148,0.0414,0.0486,0.1462,0.0216,0.0003,0.0040,0.0144,0.0241,0.0000,0.0007,0.0006,0.0012,0.0079,0.0065,0.0063,0.0136,0.0040,0.0109,0.0119,0.0246,0.0127
0.0046,0.0025,0.0024,0.0172,0.0080,0.0130,0.1711,0.1487,0.1082,0.0049,0.0016,0.0241,0.0048,0.0035,0.0009,0.0018,0.0051,0.0016,0.0050,0.0037,0.0034,0.0056,0.0047,0.0137,0.0101,0.0074
0.0061,0.0077,0.0116,0.0253,0.0667,0.9158,0.5046,0.8640,0.1529,0.0266,0.0043,0.0000,0.0035,0.0000,0.0014,0.0000,0.0000,0.0022,0.0044,0.0100,0.0068,0.0083,0.0178,0.0106,0.0280,0.0081
0.0013,0.0050,0.0048,0.0102,0.0735,0.1447,0.3423,0.0799,0.1001,0.0042,0.0086,0.0007,0.0009,0.0014,0.0011,0.0005,0.0001,0.0004,0.0066,0.0090,0.0229,0.0215,0.0250,0.0294,0.0089,0.0073
0.0092,0.0157,0.0207,0.0790,0.1666,0.6247,0.1457,0.0497,0.0114,0.0071,0.0038,0.0006,0.0018,0.0000,0.0005,0.0011,0.0001,0.0000,0.0004,0.0037,0.0307,0.2400,0.2374,0.0481,0.0185,0.0087
0.0050,0.0082,0.0176,0.0379,0.5491,0.1497,0.3765,0.0340,0.0326,0.0113,0.0099,0.0012,0.0051,0.0000,0.0001,0.0001,0.0003,0.0010,0.0002,0.0023,0.0190,0.1341,0.0437,0.0421,0.0082,0.0058
0.0456,0.0465,0.0577,0.1023,0.0395,0.0198,0.0181,0.0187,0.0024,0.0082,0.0056,0.0079,0.0016,0.0022,0.0004,0.0000,0.0010,0.0105,0.0171,0.0065,0.0068,0.0032,0.0261,0.0064,0.0078,0.0026
0.0370,0.0167,0.0136,0.0813,0.0197,0.0097,0.0175,0.0074,0.0025,0.0051,0.0055,0.0065,0.0050,0.0044,0.0066,0.0004,0.0002,0.0171,0.0255,0.0465,0.0002,0.0050,0.0179,0.0039,0.0136,0.0078
0.0453,0.0207,0.0155,0.0278,0.0069,0.0095,0.0201,0.0079,0.0029,0.0085,0.0047,0.0063,0.0037,0.0100,0.0090,0.0037,0.0023,0.0065,0.0465,0.0437,0.0043,0.0003,0.0011,0.0031,0.0033,0.0085
0.0451,0.0224,0.0213,0.0347,0.0111,0.0090,0.0062,0.0081,0.0064,0.0096,0.0093,0.0136,0.0034,0.0068,0.0229,0.0307,0.0190,0.0068,0.0002,0.0043,0.0027,0.0043,0.0001,0.0012,0.0089,0.0140
0.0398,0.0122,0.0110,0.0087,0.0066,0.0068,0.0054,0.0047,0.0065,0.0043,0.0041,0.0040,0.0056,0.0083,0.0215,0.2400,0.1341,0.0032,0.0050,0.0003,0.0043,0.0106,0.0027,0.0004,0.0014,0.0355
0.0150,0.0190,0.0132,0.0178,0.0114,0.0220,0.0073,0.0051,0.0057,0.0081,0.0088,0.0109,0.0047,0.0178,0.0250,0.2374,0.0437,0.0261,0.0179,0.0011,0.0001,0.0027,0.0058,0.0070,0.0000,0.0013
0.0061,0.0061,0.0054,0.0083,0.0085,0.0044,0.0084,0.0060,0.0058,0.0042,0.0054,0.0119,0.0137,0.0106,0.0294,0.0481,0.0421,0.0064,0.0039,0.0031,0.0012,0.0004,0.0070,0.0878,0.0023,0.0052
0.0125,0.0133,0.0113,0.0244,0.0136,0.0118,0.0041,0.0045,0.0045,0.0089,0.0101,0.0246,0.0101,0.0280,0.0089,0.0185,0.0082,0.0078,0.0136,0.0033,0.0089,0.0014,0.0000,0.0023,0.0035,0.0457
0.0112,0.0061,0.0044,0.0060,0.0037,0.0036,0.0033,0.0031,0.0039,0.0063,0.0052,0.0127,0.0074,0.0081,0.0073,0.0087,0.0058,0.0026,0.0078,0.0085,0.0140,0.0355,0.0013,0.0052,0.0457,0.0570