c1,c2,c3,c4,c5,c6,c7,c8,c9,c10,c11,c12,c13,c14,c15,c16,c17,c18,c19,c20,c21,c22,c23,c24,c25,c26
0.0000,0.0013,0.0005,0.0034,0.0235,0.0135,0.0161,0.0120,0.0159,0.0136,0.0193,0.0188,0.0091,0.0098,0.0049,0.0113,0.0083,0.0220,0.0224,0.0168,0.0157,0.0261,0.0105,0.0045,0.0060,0.0039
0.0013,0.1134,0.0685,0.0002,0.0017,0.0035,0.0073,0.0067,0.0068,0.0081,0.0064,0.0092,0.0028,0.0080,0.0075,0.0108,0.0123,0.0191,0.0096,0.0113,0.0085,0.0089,0.0111,0.0045,0.0081,0.0044
0.0005,0.0685,0.0518,0.0272,0.0004,0.0174,0.0081,0.0044,0.0041,0.0047,0.0025,0.0135,0.0028,0.0083,0.0073,0.0109,0.0130,0.0109,0.0097,0.0075,0.0087,0.0077,0.0070,0.0036,0.0096,0.0051
0.0034,0.0002,0.0272,0.0011,0.0070,0.0001,0.0011,0.0039,0.0032,0.0155,0.0102,0.0141,0.0114,0.0169,0.0353,0.0196,0.0146,0.0418,0.0259,0.0199,0.0117,0.0085,0.0169,0.0062,0.0162,0.0057
0.0235,0.0017,0.0004,0.0070,0.0100,0.0097,0.0000,0.0016,0.0055,0.0058,0.0097,0.0154,0.0082,0.0223,0.0266,0.0884,0.0415,0.0221,0.0235,0.0052,0.0068,0.0054,0.0115,0.0060,0.0104,0.0041
0.0135,0.0035,0.0174,0.0001,0.0097,0.0156,0.0016,0.0000,0.0010,0.0062,0.0053,0.0293,0.0117,0.0614,0.0171,0.0955,0.0170,0.0115,0.0099,0.0078,0.0057,0.0078,0.0425,0.0131,0.0164,0.0050
0.0161,0.0073,0.0081,0.0011,0.0000,0.0016,0.0031,0.0002,0.0002,0.0027,0.0215,0.0368,0.0627,0.0735,0.0332,0.0430,0.0297,0.0155,0.0173,0.0167,0.0048,0.0069,0.0142,0.0165,0.0127,0.0070
0.0120,0.0067,0.0044,0.0039,0.0016,0.0000,0.0002,0.0002,0.0102,0.0007,0.0120,0.0425,0.0979,0.1837,0.0569,0.1021,0.0193,0.0254,0.0137,0.0170,0.0047,0.0041,0.0091,0.0054,0.0125,0.0057
0.0159,0.0068,0.0041,0.0032,0.0055,0.0010,0.0002,0.0102,0.0155,0.0152,0.0013,0.0155,0.0196,0.0251,0.0351,0.0201,0.0177,0.0111,0.0078,0.0056,0.0054,0.0054,0.0052,0.0043,0.0085,0.0096
0.0136,0.0081,0.0047,0.0155,0.0058,0.0062,0.0027,0.0007,0.0152,0.0206,0.0500,0.0002,0.0091,0.0121,0.0055,0.0098,0.0091,0.0068,0.0078,0.0067,0.0092,0.0069,0.0085,0.0054,0.0123,0.0140
0.0193,0.0064,0.0025,0.0102,0.0097,0.0053,0.0215,0.0120,0.0013,0.0500,0.0242,0.0324,0.0024,0.0089,0.0075,0.0030,0.0065,0.0036,0.0028,0.0036,0.0059,0.0043,0.0057,0.0057,0.0101,0.0065
0.0188,0.0092,0.0135,0.0141,0.0154,0.0293,0.0368,0.0425,0.0155,0.0002,0.0324,0.0065,0.0217,0.0000,0.0015,0.0020,0.0015,0.0062,0.0074,0.0070,0.0159,0.0027,0.0102,0.0093,0.0209,0.0103
0.0091,0.0028,0.0028,0.0114,0.0082,0.0117,0.0627,0.0979,0.0196,0.0091,0.0024,0.0217,0.0049,0.0024,0.0002,0.0024,0.0036,0.0017,0.0033,0.0037,0.0087,0.0089,0.0067,0.0227,0.0227,0.0221
0.0098,0.0080,0.0083,0.0169,0.0223,0.0614,0.0735,0.1837,0.0251,0.0121,0.0089,0.0000,0.0024,0.0016,0.0008,0.0000,0.0003,0.0012,0.0051,0.0148,0.0326,0.0129,0.0940,0.0285,0.0753,0.0121
0.0049,0.0075,0.0073,0.0353,0.0266,0.0171,0.0332,0.0569,0.0351,0.0055,0.0075,0.0015,0.0002,0.0008,0.0030,0.0007,0.0002,0.0006,0.0048,0.0038,0.0199,0.1304,0.0122,0.0575,0.0131,0.0389
0.0113,0.0108,0.0109,0.0196,0.0884,0.0955,0.0430,0.1021,0.0201,0.0098,0.0030,0.0020,0.0024,0.0000,0.0007,0.0013,0.0005,0.0000,0.0011,0.0057,0.0371,0.1124,0.1525,0.0183,0.0275,0.0304
0.0083,0.0123,0.0130,0.0146,0.0415,0.0170,0.0297,0.0193,0.0177,0.0091,0.0065,0.0015,0.0036,0.0003,0.0002,0.0005,0.0062,0.0010,0.0003,0.0043,0.0199,0.1443,0.0707,0.0850,0.0096,0.0084
0.0220,0.0191,0.0109,0.0418,0.0221,0.0115,0.0155,0.0254,0.0111,0.0068,0.0036,0.0062,0.0017,0.0012,0.0006,0.0000,0.0010,0.0131,0.0231,0.0010,0.0138,0.0169,0.0412,0.0191,0.0436,0.0073
0.0224,0.0096,0.0097,0.0259,0.0235,0.0099,0.0173,0.0137,0.0078,0.0078,0.0028,0.0074,0.0033,0.0051,0.0048,0.0011,0.0003,0.0231,0.0249,0.0381,0.0004,0.0045,0.0089,0.0043,0.0116,0.0090
0.0168,0.0113,0.0075,0.0199,0.0052,0.0078,0.0167,0.0170,0.0056,0.0067,0.0036,0.0070,0.0037,0.0148,0.0038,0.0057,0.0043,0.0010,0.0381,0.0676,0.0175,0.0004,0.0025,0.0041,0.0039,0.0110
0.0157,0.0085,0.0087,0.0117,0.0068,0.0057,0.0048,0.0047,0.0054,0.0092,0.0059,0.0159,0.0087,0.0326,0.0199,0.0371,0.0199,0.0138,0.0004,0.0175,0.0106,0.0076,0.0001,0.0016,0.0039,0.0171
0.0261,0.0089,0.0077,0.0085,0.0054,0.0078,0.0069,0.0041,0.0054,0.0069,0.0043,0.0027,0.0089,0.0129,0.1304,0.1124,0.1443,0.0169,0.0045,0.0004,0.0076,0.0144,0.0016,0.0002,0.0005,0.0100
0.0105,0.0111,0.0070,0.0169,0.0115,0.0425,0.0142,0.0091,0.0052,0.0085,0.0057,0.0102,0.0067,0.0940,0.0122,0.1525,0.0707,0.0412,0.0089,0.0025,0.0001,0.0016,0.0206,0.0056,0.0000,0.0004
0.0045,0.0045,0.0036,0.0062,0.0060,0.0131,0.0165,0.0054,0.0043,0.0054,0.0057,0.0093,0.0227,0.0285,0.0575,0.0183,0.0850,0.0191,0.0043,0.0041,0.0016,0.0002,0.0056,0.0407,0.0021,0.0013
0.0060,0.0081,0.0096,0.0162,0.0104,0.0164,0.0127,0.0125,0.0085,0.0123,0.0101,0.0209,0.0227,0.0753,0.0131,0.0275,0.0096,0.0436,0.0116,0.0039,0.0039,0.0005,0.0000,0.0021,0.0024,0.0023
0.0039,0.0044,0.0051,0.0057,0.0041,0.0050,0.0070,0.0057,0.0096,0.0140,0.0065,0.0103,0.0221,0.0121,0.0389,0.0304,0.0084,0.0073,0.0090,0.0110,0.0171,0.0100,0.0004,0.0013,0.0023,0.0088