c1,c2,c3,c4,c5,c6,c7,c8,c9,c10,c11,c12,c13,c14,c15,c16,c17,c18,c19,c20,c21,c22,c23,c24,c25,c26
0.0000,0.0006,0.0004,0.0042,0.0183,0.0090,0.0168,0.0105,0.0177,0.0135,0.0311,0.0207,0.0102,0.0116,0.0049,0.0091,0.0070,0.0206,0.0248,0.0206,0.0137,0.0254,0.0084,0.0042,0.0050,0.0042
0.0006,0.0706,0.0744,0.0001,0.0041,0.0063,0.0052,0.0123,0.0079,0.0075,0.0081,0.0087,0.0027,0.0073,0.0085,0.0109,0.0098,0.0157,0.0093,0.0117,0.0075,0.0175,0.0087,0.0050,0.0090,0.0038
0.0004,0.0744,0.0460,0.0184,0.0007,0.0085,0.0098,0.0089,0.0054,0.0052,0.0062,0.0162,0.0029,0.0073,0.0113,0.0080,0.0095,0.0072,0.0079,0.0085,0.0079,0.0076,0.0055,0.0034,0.0075,0.0049
0.0042,0.0001,0.0184,0.0019,0.0219,0.0000,0.0017,0.0085,0.0042,0.0184,0.0142,0.0190,0.0118,0.0123,0.0324,0.0186,0.0181,0.0355,0.0262,0.0196,0.0122,0.0069,0.0104,0.0049,0.0087,0.0054
0.0183,0.0041,0.0007,0.0219,0.0156,0.0087,0.0001,0.0037,0.0062,0.0053,0.0100,0.0157,0.0073,0.0165,0.0168,0.0587,0.0418,0.0110,0.0091,0.0047,0.0048,0.0037,0.0063,0.0059,0.0093,0.0034
0.0090,0.0063,0.0085,0.0000,0.0087,0.0097,0.0016,0.0000,0.0015,0.0085,0.0075,0.0352,0.0165,0.0809,0.0171,0.2668,0.0188,0.0157,0.0119,0.0098,0.0077,0.0049,0.0181,0.0103,0.0111,0.0043
0.0168,0.0052,0.0098,0.0017,0.0001,0.0016,0.0040,0.0006,0.0002,0.0032,0.0173,0.0214,0.0460,0.0964,0.0572,0.0300,0.0329,0.0172,0.0122,0.0131,0.0051,0.0066,0.0073,0.0147,0.0060,0.0065
0.0105,0.0123,0.0089,0.0085,0.0037,0.0000,0.0006,0.0004,0.0142,0.0007,0.0124,0.0274,0.0669,0.1873,0.0554,0.0492,0.0143,0.0220,0.0135,0.0118,0.0038,0.0027,0.0056,0.0045,0.0062,0.0046
0.0177,0.0079,0.0054,0.0042,0.0062,0.0015,0.0002,0.0142,0.0133,0.0142,0.0013,0.0166,0.0145,0.0206,0.0357,0.0173,0.0175,0.0081,0.0097,0.0050,0.0054,0.0045,0.0041,0.0062,0.0079,0.0070
0.0135,0.0075,0.0052,0.0184,0.0053,0.0085,0.0032,0.0007,0.0142,0.0234,0.0461,0.0001,0.0062,0.0114,0.0056,0.0116,0.0142,0.0069,0.0088,0.0070,0.0084,0.0063,0.0062,0.0052,0.0102,0.0145
0.0311,0.0081,0.0062,0.0142,0.0100,0.0075,0.0173,0.0124,0.0013,0.0461,0.0220,0.0200,0.0007,0.0055,0.0066,0.0029,0.0070,0.0038,0.0035,0.0045,0.0050,0.0039,0.0043,0.0086,0.0096,0.0067
0.0207,0.0087,0.0162,0.0190,0.0157,0.0352,0.0214,0.0274,0.0166,0.0001,0.0200,0.0071,0.0182,0.0000,0.0017,0.0019,0.0015,0.0068,0.0098,0.0085,0.0212,0.0029,0.0085,0.0097,0.0190,0.0141
0.0102,0.0027,0.0029,0.0118,0.0073,0.0165,0.0460,0.0669,0.0145,0.0062,0.0007,0.0182,0.0056,0.0040,0.0002,0.0026,0.0047,0.0017,0.0040,0.0051,0.0082,0.0097,0.0071,0.0857,0.0250,0.0146
0.0116,0.0073,0.0073,0.0123,0.0165,0.0809,0.0964,0.1873,0.0206,0.0114,0.0055,0.0000,0.0040,0.0009,0.0009,0.0000,0.0005,0.0013,0.0051,0.0158,0.0271,0.0141,0.0645,0.1332,0.0476,0.0110
0.0049,0.0085,0.0113,0.0324,0.0168,0.0171,0.0572,0.0554,0.0357,0.0056,0.0066,0.0017,0.0002,0.0009,0.0031,0.0007,0.0001,0.0006,0.0067,0.0060,0.0160,0.0919,0.0160,0.0833,0.0172,0.0166
0.0091,0.0109,0.0080,0.0186,0.0587,0.2668,0.0300,0.0492,0.0173,0.0116,0.0029,0.0019,0.0026,0.0000,0.0007,0.0012,0.0005,0.0000,0.0014,0.0059,0.0232,0.1376,0.3512,0.0196,0.0290,0.0214
0.0070,0.0098,0.0095,0.0181,0.0418,0.0188,0.0329,0.0143,0.0175,0.0142,0.0070,0.0015,0.0047,0.0005,0.0001,0.0005,0.0037,0.0014,0.0002,0.0042,0.0192,0.1310,0.0975,0.1013,0.0139,0.0072
0.0206,0.0157,0.0072,0.0355,0.0110,0.0157,0.0172,0.0220,0.0081,0.0069,0.0038,0.0068,0.0017,0.0013,0.0006,0.0000,0.0014,0.0101,0.0275,0.0010,0.0227,0.0240,0.0332,0.0229,0.0442,0.0045
0.0248,0.0093,0.0079,0.0262,0.0091,0.0119,0.0122,0.0135,0.0097,0.0088,0.0035,0.0098,0.0040,0.0051,0.0067,0.0014,0.0002,0.0275,0.0242,0.0353,0.0002,0.0065,0.0132,0.0034,0.0136,0.0069
0.0206,0.0117,0.0085,0.0196,0.0047,0.0098,0.0131,0.0118,0.0050,0.0070,0.0045,0.0085,0.0051,0.0158,0.0060,0.0059,0.0042,0.0010,0.0353,0.0479,0.0147,0.0003,0.0030,0.0027,0.0033,0.0151
0.0137,0.0075,0.0079,0.0122,0.0048,0.0077,0.0051,0.0038,0.0054,0.0084,0.0050,0.0212,0.0082,0.0271,0.0160,0.0232,0.0192,0.0227,0.0002,0.0147,0.0157,0.0049,0.0002,0.0017,0.0078,0.0228
0.0254,0.0175,0.0076,0.0069,0.0037,0.0049,0.0066,0.0027,0.0045,0.0063,0.0039,0.0029,0.0097,0.0141,0.0919,0.1376,0.1310,0.0240,0.0065,0.0003,0.0049,0.0204,0.0032,0.0001,0.0009,0.0151
0.0084,0.0087,0.0055,0.0104,0.0063,0.0181,0.0073,0.0056,0.0041,0.0062,0.0043,0.0085,0.0071,0.0645,0.0160,0.3512,0.0975,0.0332,0.0132,0.0030,0.0002,0.0032,0.0248,0.0043,0.0000,0.0015
0.0042,0.0050,0.0034,0.0049,0.0059,0.0103,0.0147,0.0045,0.0062,0.0052,0.0086,0.0097,0.0857,0.1332,0.0833,0.0196,0.1013,0.0229,0.0034,0.0027,0.0017,0.0001,0.0043,0.0240,0.0013,0.0003
0.0050,0.0090,0.0075,0.0087,0.0093,0.0111,0.0060,0.0062,0.0079,0.0102,0.0096,0.0190,0.0250,0.0476,0.0172,0.0290,0.0139,0.0442,0.0136,0.0033,0.0078,0.0009,0.0000,0.0013,0.0023,0.0142
0.0042,0.0038,0.0049,0.0054,0.0034,0.0043,0.0065,0.0046,0.0070,0.0145,0.0067,0.0141,0.0146,0.0110,0.0166,0.0214,0.0072,0.0045,0.0069,0.0151,0.0228,0.0151,0.0015,0.0003,0.0142,0.0183