c1,c2,c3,c4,c5,c6,c7,c8,c9,c10,c11,c12,c13,c14,c15,c16,c17,c18,c19,c20
0.0011,0.0044,0.0008,0.0078,0.0399,0.0050,0.0322,0.0148,0.0080,0.0038,0.0074,0.0101,0.0119,0.0075,0.0046,0.0036,0.0118,0.0099,0.0108,0.0095
0.0044,0.0299,0.2041,0.0001,0.0309,0.0044,0.0044,0.0085,0.0061,0.0019,0.0046,0.0071,0.0071,0.0056,0.0083,0.0056,0.0122,0.0071,0.0087,0.0094
0.0008,0.2041,0.0009,0.0553,0.0002,0.0065,0.0091,0.0027,0.0098,0.0001,0.0073,0.0166,0.0126,0.0146,0.0288,0.0128,0.0372,0.0140,0.0114,0.0109
0.0078,0.0001,0.0553,0.0151,0.0038,0.0000,0.0061,0.0053,0.0102,0.0094,0.0226,0.0209,0.0124,0.0124,0.0152,0.0165,0.0326,0.0081,0.0087,0.0064
0.0399,0.0309,0.0002,0.0038,0.0062,0.0022,0.0001,0.0023,0.0070,0.0037,0.0094,0.0354,0.0153,0.0238,0.0808,0.0192,0.0245,0.0154,0.0059,0.0075
0.0050,0.0044,0.0065,0.0000,0.0022,0.0066,0.0075,0.0000,0.0045,0.0086,0.0061,0.0317,0.0469,0.0443,0.1607,0.0234,0.1367,0.0094,0.0054,0.0101
0.0322,0.0044,0.0091,0.0061,0.0001,0.0075,0.0274,0.0038,0.0002,0.0065,0.0042,0.0269,0.0318,0.0285,0.0241,0.0077,0.0192,0.0082,0.0076,0.0096
0.0148,0.0085,0.0027,0.0053,0.0023,0.0000,0.0038,0.0078,0.0026,0.0026,0.0027,0.0101,0.0122,0.0860,0.0938,0.0202,0.0477,0.0084,0.0087,0.0177
0.0080,0.0061,0.0098,0.0102,0.0070,0.0045,0.0002,0.0026,0.0263,0.2182,0.0003,0.0054,0.0115,0.0058,0.0227,0.0191,0.0103,0.0062,0.0061,0.0082
0.0038,0.0019,0.0001,0.0094,0.0037,0.0086,0.0065,0.0026,0.2182,0.0004,0.0859,0.0010,0.0096,0.0091,0.0370,0.0180,0.0298,0.0181,0.0108,0.0096
0.0074,0.0046,0.0073,0.0226,0.0094,0.0061,0.0042,0.0027,0.0003,0.0859,0.0765,0.0038,0.0003,0.0039,0.0140,0.0116,0.0297,0.0108,0.0074,0.0081
0.0101,0.0071,0.0166,0.0209,0.0354,0.0317,0.0269,0.0101,0.0054,0.0010,0.0038,0.0116,0.0063,0.0003,0.0013,0.0095,0.0034,0.0194,0.0066,0.0056
0.0119,0.0071,0.0126,0.0124,0.0153,0.0469,0.0318,0.0122,0.0115,0.0096,0.0003,0.0063,0.0332,0.0122,0.0001,0.0022,0.0095,0.0047,0.0106,0.0055
0.0075,0.0056,0.0146,0.0124,0.0238,0.0443,0.0285,0.0860,0.0058,0.0091,0.0039,0.0003,0.0122,0.0207,0.0023,0.0002,0.0017,0.0075,0.0044,0.0105
0.0046,0.0083,0.0288,0.0152,0.0808,0.1607,0.0241,0.0938,0.0227,0.0370,0.0140,0.0013,0.0001,0.0023,0.0018,0.0077,0.0000,0.0023,0.0082,0.0089
0.0036,0.0056,0.0128,0.0165,0.0192,0.0234,0.0077,0.0202,0.0191,0.0180,0.0116,0.0095,0.0022,0.0002,0.0077,0.0100,0.0038,0.0003,0.0101,0.0231
0.0118,0.0122,0.0372,0.0326,0.0245,0.1367,0.0192,0.0477,0.0103,0.0298,0.0297,0.0034,0.0095,0.0017,0.0000,0.0038,0.0013,0.0209,0.0000,0.0029
0.0099,0.0071,0.0140,0.0081,0.0154,0.0094,0.0082,0.0084,0.0062,0.0181,0.0108,0.0194,0.0047,0.0075,0.0023,0.0003,0.0209,0.0463,0.0482,0.0000
0.0108,0.0087,0.0114,0.0087,0.0059,0.0054,0.0076,0.0087,0.0061,0.0108,0.0074,0.0066,0.0106,0.0044,0.0082,0.0101,0.0000,0.0482,0.0451,0.0057
0.0095,0.0094,0.0109,0.0064,0.0075,0.0101,0.0096,0.0177,0.0082,0.0096,0.0081,0.0056,0.0055,0.0105,0.0089,0.0231,0.0029,0.0000,0.0057,0.0386