c1,c2,c3,c4,c5,c6,c7,c8,c9,c10,c11,c12,c13,c14,c15,c16,c17,c18,c19,c20
0.0185,0.0217,0.0009,0.0105,0.0146,0.0118,0.0118,0.0211,0.0108,0.0125,0.0102,0.0067,0.0050,0.0048,0.0056,0.0024,0.0058,0.0037,0.0046,0.0021
0.0217,0.2905,0.2910,0.0003,0.0193,0.0159,0.0028,0.0075,0.0038,0.0051,0.0034,0.0044,0.0017,0.0039,0.0060,0.0018,0.0070,0.0047,0.0099,0.0028
0.0009,0.2910,0.0357,0.0404,0.0005,0.0210,0.0155,0.0087,0.0056,0.0037,0.0075,0.0060,0.0035,0.0054,0.0075,0.0037,0.0060,0.0040,0.0049,0.0025
0.0105,0.0003,0.0404,0.2090,0.0306,0.0003,0.0092,0.0076,0.0032,0.0046,0.0075,0.0084,0.0048,0.0058,0.0122,0.0065,0.0078,0.0095,0.0049,0.0085
0.0146,0.0193,0.0005,0.0306,0.1007,0.0308,0.0004,0.0150,0.0066,0.0030,0.0054,0.0080,0.0062,0.0076,0.0080,0.0117,0.0048,0.0065,0.0031,0.0030
0.0118,0.0159,0.0210,0.0003,0.0308,0.0715,0.0150,0.0003,0.0107,0.0051,0.0100,0.0077,0.0056,0.0052,0.0086,0.0062,0.0090,0.0093,0.0038,0.0054
0.0118,0.0028,0.0155,0.0092,0.0004,0.0150,0.0860,0.0137,0.0014,0.0116,0.0236,0.0104,0.0079,0.0118,0.0106,0.0058,0.0040,0.0044,0.0027,0.0025
0.0211,0.0075,0.0087,0.0076,0.0150,0.0003,0.0137,0.0134,0.0035,0.0018,0.0346,0.0152,0.0061,0.0110,0.0085,0.0137,0.0062,0.0056,0.0051,0.0033
0.0108,0.0038,0.0056,0.0032,0.0066,0.0107,0.0014,0.0035,0.0195,0.0299,0.0017,0.0367,0.0859,0.0062,0.0066,0.0043,0.0059,0.0061,0.0025,0.0080
0.0125,0.0051,0.0037,0.0046,0.0030,0.0051,0.0116,0.0018,0.0299,0.0485,0.0133,0.0034,0.0375,0.0123,0.0059,0.0071,0.0067,0.0094,0.0011,0.0035
0.0102,0.0034,0.0075,0.0075,0.0054,0.0100,0.0236,0.0346,0.0017,0.0133,0.0454,0.0151,0.0004,0.0286,0.0141,0.0044,0.0052,0.0054,0.0017,0.0025
0.0067,0.0044,0.0060,0.0084,0.0080,0.0077,0.0104,0.0152,0.0367,0.0034,0.0151,0.0072,0.0055,0.0005,0.0066,0.0147,0.0057,0.0149,0.0034,0.0073
0.0050,0.0017,0.0035,0.0048,0.0062,0.0056,0.0079,0.0061,0.0859,0.0375,0.0004,0.0055,0.0368,0.0473,0.0011,0.0152,0.0055,0.0052,0.0038,0.0196
0.0048,0.0039,0.0054,0.0058,0.0076,0.0052,0.0118,0.0110,0.0062,0.0123,0.0286,0.0005,0.0473,0.0042,0.0170,0.0007,0.0144,0.0150,0.0044,0.0153
0.0056,0.0060,0.0075,0.0122,0.0080,0.0086,0.0106,0.0085,0.0066,0.0059,0.0141,0.0066,0.0011,0.0170,0.0212,0.0341,0.0001,0.0082,0.0144,0.0090
0.0024,0.0018,0.0037,0.0065,0.0117,0.0062,0.0058,0.0137,0.0043,0.0071,0.0044,0.0147,0.0152,0.0007,0.0341,0.0723,0.0273,0.0003,0.0100,0.0422
0.0058,0.0070,0.0060,0.0078,0.0048,0.0090,0.0040,0.0062,0.0059,0.0067,0.0052,0.0057,0.0055,0.0144,0.0001,0.0273,0.0745,0.0183,0.0030,0.0473
0.0037,0.0047,0.0040,0.0095,0.0065,0.0093,0.0044,0.0056,0.0061,0.0094,0.0054,0.0149,0.0052,0.0150,0.0082,0.0003,0.0183,0.2918,0.0859,0.0002
0.0046,0.0099,0.0049,0.0049,0.0031,0.0038,0.0027,0.0051,0.0025,0.0011,0.0017,0.0034,0.0038,0.0044,0.0144,0.0100,0.0030,0.0859,0.2874,0.1437
0.0021,0.0028,0.0025,0.0085,0.0030,0.0054,0.0025,0.0033,0.0080,0.0035,0.0025,0.0073,0.0196,0.0153,0.0090,0.0422,0.0473,0.0002,0.1437,0.0683