c1,c2,c3,c4,c5,c6,c7,c8,c9,c10,c11,c12,c13,c14,c15,c16,c17,c18,c19,c20
0.0352,0.0169,0.0021,0.0077,0.0127,0.0094,0.0145,0.0109,0.0193,0.0108,0.0063,0.0081,0.0049,0.0053,0.0042,0.0021,0.0040,0.0050,0.0039,0.0031
0.0169,0.0475,0.0765,0.0011,0.0213,0.0121,0.0079,0.0072,0.0053,0.0051,0.0053,0.0048,0.0025,0.0043,0.0065,0.0025,0.0050,0.0087,0.0046,0.0042
0.0021,0.0765,0.0520,0.0577,0.0012,0.0203,0.0602,0.0090,0.0069,0.0037,0.0095,0.0048,0.0040,0.0041,0.0055,0.0010,0.0042,0.0047,0.0028,0.0026
0.0077,0.0011,0.0577,0.1277,0.0070,0.0006,0.0069,0.0159,0.0045,0.0066,0.0157,0.0093,0.0028,0.0055,0.0114,0.0058,0.0075,0.0057,0.0033,0.0049
0.0127,0.0213,0.0012,0.0070,0.0740,0.0377,0.0002,0.0088,0.0070,0.0030,0.0049,0.0119,0.0065,0.0069,0.0140,0.0098,0.0062,0.0095,0.0039,0.0063
0.0094,0.0121,0.0203,0.0006,0.0377,0.0800,0.0115,0.0007,0.0078,0.0082,0.0051,0.0120,0.0102,0.0096,0.0062,0.0034,0.0047,0.0061,0.0040,0.0031
0.0145,0.0079,0.0602,0.0069,0.0002,0.0115,0.0192,0.0035,0.0006,0.0063,0.0164,0.0074,0.0167,0.0142,0.0083,0.0130,0.0084,0.0074,0.0059,0.0036
0.0109,0.0072,0.0090,0.0159,0.0088,0.0007,0.0035,0.0094,0.0037,0.0006,0.0160,0.0235,0.0089,0.0187,0.0103,0.0207,0.0086,0.0103,0.0060,0.0034
0.0193,0.0053,0.0069,0.0045,0.0070,0.0078,0.0006,0.0037,0.0129,0.0133,0.0002,0.0223,0.0337,0.0080,0.0115,0.0209,0.0092,0.0107,0.0056,0.0080
0.0108,0.0051,0.0037,0.0066,0.0030,0.0082,0.0063,0.0006,0.0133,0.0344,0.0065,0.0006,0.0299,0.0257,0.0073,0.0214,0.0113,0.0111,0.0044,0.0071
0.0063,0.0053,0.0095,0.0157,0.0049,0.0051,0.0164,0.0160,0.0002,0.0065,0.0258,0.0090,0.0010,0.0456,0.0073,0.0104,0.0054,0.0116,0.0033,0.0120
0.0081,0.0048,0.0048,0.0093,0.0119,0.0120,0.0074,0.0235,0.0223,0.0006,0.0090,0.0239,0.0066,0.0003,0.0101,0.0358,0.0037,0.0106,0.0044,0.0073
0.0049,0.0025,0.0040,0.0028,0.0065,0.0102,0.0167,0.0089,0.0337,0.0299,0.0010,0.0066,0.0377,0.0069,0.0003,0.0391,0.0074,0.0092,0.0083,0.0065
0.0053,0.0043,0.0041,0.0055,0.0069,0.0096,0.0142,0.0187,0.0080,0.0257,0.0456,0.0003,0.0069,0.0144,0.0040,0.0013,0.0056,0.0094,0.0095,0.0187
0.0042,0.0065,0.0055,0.0114,0.0140,0.0062,0.0083,0.0103,0.0115,0.0073,0.0073,0.0101,0.0003,0.0040,0.0238,0.0908,0.0004,0.0108,0.0072,0.0171
0.0021,0.0025,0.0010,0.0058,0.0098,0.0034,0.0130,0.0207,0.0209,0.0214,0.0104,0.0358,0.0391,0.0013,0.0908,0.0000,0.1119,0.0002,0.0165,0.0242
0.0040,0.0050,0.0042,0.0075,0.0062,0.0047,0.0084,0.0086,0.0092,0.0113,0.0054,0.0037,0.0074,0.0056,0.0004,0.1119,0.0964,0.0073,0.0009,0.0315
0.0050,0.0087,0.0047,0.0057,0.0095,0.0061,0.0074,0.0103,0.0107,0.0111,0.0116,0.0106,0.0092,0.0094,0.0108,0.0002,0.0073,0.0750,0.0746,0.0002
0.0039,0.0046,0.0028,0.0033,0.0039,0.0040,0.0059,0.0060,0.0056,0.0044,0.0033,0.0044,0.0083,0.0095,0.0072,0.0165,0.0009,0.0746,0.1449,0.0323
0.0031,0.0042,0.0026,0.0049,0.0063,0.0031,0.0036,0.0034,0.0080,0.0071,0.0120,0.0073,0.0065,0.0187,0.0171,0.0242,0.0315,0.0002,0.0323,0.0590