c1,c2,c3,c4,c5,c6,c7,c8,c9,c10,c11,c12,c13,c14,c15,c16,c17,c18,c19,c20
0.0557,0.0175,0.0024,0.0158,0.0110,0.0053,0.0230,0.0097,0.0095,0.0100,0.0059,0.0060,0.0060,0.0058,0.0049,0.0026,0.0047,0.0048,0.0037,0.0018
0.0175,0.0468,0.0967,0.0008,0.0206,0.0130,0.0034,0.0065,0.0063,0.0063,0.0040,0.0061,0.0039,0.0046,0.0071,0.0024,0.0055,0.0070,0.0069,0.0035
0.0024,0.0967,0.0278,0.0828,0.0009,0.0301,0.0163,0.0083,0.0068,0.0056,0.0058,0.0081,0.0043,0.0061,0.0048,0.0011,0.0048,0.0061,0.0029,0.0024
0.0158,0.0008,0.0828,0.0283,0.0128,0.0003,0.0120,0.0112,0.0041,0.0069,0.0089,0.0128,0.0076,0.0071,0.0071,0.0060,0.0080,0.0069,0.0041,0.0037
0.0110,0.0206,0.0009,0.0128,0.0601,0.0076,0.0009,0.0273,0.0083,0.0033,0.0056,0.0073,0.0062,0.0086,0.0111,0.0049,0.0042,0.0072,0.0047,0.0074
0.0053,0.0130,0.0301,0.0003,0.0076,0.0145,0.0215,0.0004,0.0168,0.0060,0.0055,0.0126,0.0087,0.0090,0.0081,0.0091,0.0065,0.0094,0.0058,0.0108
0.0230,0.0034,0.0163,0.0120,0.0009,0.0215,0.0408,0.0109,0.0004,0.0048,0.0105,0.0090,0.0105,0.0080,0.0089,0.0072,0.0072,0.0057,0.0042,0.0046
0.0097,0.0065,0.0083,0.0112,0.0273,0.0004,0.0109,0.0278,0.0034,0.0003,0.0211,0.0142,0.0075,0.0112,0.0068,0.0131,0.0077,0.0064,0.0083,0.0047
0.0095,0.0063,0.0068,0.0041,0.0083,0.0168,0.0004,0.0034,0.0152,0.0155,0.0003,0.0360,0.0143,0.0064,0.0060,0.0162,0.0131,0.0141,0.0069,0.0128
0.0100,0.0063,0.0056,0.0069,0.0033,0.0060,0.0048,0.0003,0.0155,0.0298,0.0094,0.0005,0.0131,0.0147,0.0095,0.0165,0.0149,0.0147,0.0057,0.0163
0.0059,0.0040,0.0058,0.0089,0.0056,0.0055,0.0105,0.0211,0.0003,0.0094,0.0457,0.0136,0.0007,0.0211,0.0081,0.0087,0.0058,0.0124,0.0048,0.0215
0.0060,0.0061,0.0081,0.0128,0.0073,0.0126,0.0090,0.0142,0.0360,0.0005,0.0136,0.0111,0.0130,0.0001,0.0094,0.0157,0.0038,0.0159,0.0066,0.0083
0.0060,0.0039,0.0043,0.0076,0.0062,0.0087,0.0105,0.0075,0.0143,0.0131,0.0007,0.0130,0.0491,0.0074,0.0002,0.0299,0.0058,0.0153,0.0093,0.0126
0.0058,0.0046,0.0061,0.0071,0.0086,0.0090,0.0080,0.0112,0.0064,0.0147,0.0211,0.0001,0.0074,0.0220,0.0057,0.0028,0.0083,0.0113,0.0103,0.0195
0.0049,0.0071,0.0048,0.0071,0.0111,0.0081,0.0089,0.0068,0.0060,0.0095,0.0081,0.0094,0.0002,0.0057,0.0196,0.1844,0.0003,0.0122,0.0054,0.0440
0.0026,0.0024,0.0011,0.0060,0.0049,0.0091,0.0072,0.0131,0.0162,0.0165,0.0087,0.0157,0.0299,0.0028,0.1844,0.0001,0.1372,0.0002,0.0161,0.0307
0.0047,0.0055,0.0048,0.0080,0.0042,0.0065,0.0072,0.0077,0.0131,0.0149,0.0058,0.0038,0.0058,0.0083,0.0003,0.1372,0.0966,0.0113,0.0003,0.0238
0.0048,0.0070,0.0061,0.0069,0.0072,0.0094,0.0057,0.0064,0.0141,0.0147,0.0124,0.0159,0.0153,0.0113,0.0122,0.0002,0.0113,0.0630,0.0366,0.0001
0.0037,0.0069,0.0029,0.0041,0.0047,0.0058,0.0042,0.0083,0.0069,0.0057,0.0048,0.0066,0.0093,0.0103,0.0054,0.0161,0.0003,0.0366,0.3179,0.0088
0.0018,0.0035,0.0024,0.0037,0.0074,0.0108,0.0046,0.0047,0.0128,0.0163,0.0215,0.0083,0.0126,0.0195,0.0440,0.0307,0.0238,0.0001,0.0088,0.0061