c1,c2,c3,c4,c5,c6,c7,c8,c9,c10,c11,c12,c13,c14,c15,c16,c17,c18,c19,c20
0.0313,0.0395,0.0036,0.0322,0.0191,0.0041,0.0125,0.0110,0.0101,0.0139,0.0051,0.0052,0.0039,0.0048,0.0040,0.0022,0.0041,0.0047,0.0025,0.0024
0.0395,0.1196,0.1452,0.0026,0.0217,0.0094,0.0036,0.0053,0.0032,0.0032,0.0039,0.0044,0.0024,0.0039,0.0068,0.0020,0.0052,0.0072,0.0032,0.0045
0.0036,0.1452,0.1235,0.2349,0.0013,0.0462,0.0204,0.0062,0.0044,0.0028,0.0048,0.0050,0.0028,0.0039,0.0039,0.0005,0.0037,0.0043,0.0021,0.0025
0.0322,0.0026,0.2349,0.0793,0.0204,0.0006,0.0054,0.0061,0.0021,0.0046,0.0084,0.0088,0.0046,0.0047,0.0062,0.0046,0.0060,0.0058,0.0026,0.0035
0.0191,0.0217,0.0013,0.0204,0.1129,0.0547,0.0003,0.0204,0.0086,0.0035,0.0061,0.0060,0.0047,0.0047,0.0160,0.0036,0.0028,0.0053,0.0028,0.0035
0.0041,0.0094,0.0462,0.0006,0.0547,0.0778,0.0088,0.0008,0.0278,0.0114,0.0065,0.0091,0.0064,0.0059,0.0045,0.0056,0.0028,0.0039,0.0035,0.0043
0.0125,0.0036,0.0204,0.0054,0.0003,0.0088,0.0359,0.0381,0.0006,0.0081,0.0229,0.0142,0.0168,0.0096,0.0080,0.0112,0.0043,0.0052,0.0042,0.0024
0.0110,0.0053,0.0062,0.0061,0.0204,0.0008,0.0381,0.0335,0.0211,0.0005,0.0164,0.0194,0.0113,0.0054,0.0057,0.0095,0.0040,0.0049,0.0042,0.0024
0.0101,0.0032,0.0044,0.0021,0.0086,0.0278,0.0006,0.0211,0.0471,0.1089,0.0003,0.0335,0.0312,0.0051,0.0034,0.0118,0.0054,0.0052,0.0030,0.0042
0.0139,0.0032,0.0028,0.0046,0.0035,0.0114,0.0081,0.0005,0.1089,0.0479,0.0079,0.0014,0.0286,0.0118,0.0083,0.0111,0.0065,0.0078,0.0025,0.0046
0.0051,0.0039,0.0048,0.0084,0.0061,0.0065,0.0229,0.0164,0.0003,0.0079,0.0472,0.0387,0.0012,0.0279,0.0080,0.0070,0.0046,0.0091,0.0033,0.0088
0.0052,0.0044,0.0050,0.0088,0.0060,0.0091,0.0142,0.0194,0.0335,0.0014,0.0387,0.0361,0.0132,0.0001,0.0078,0.0106,0.0028,0.0092,0.0044,0.0067
0.0039,0.0024,0.0028,0.0046,0.0047,0.0064,0.0168,0.0113,0.0312,0.0286,0.0012,0.0132,0.0760,0.0180,0.0002,0.0316,0.0036,0.0085,0.0078,0.0062
0.0048,0.0039,0.0039,0.0047,0.0047,0.0059,0.0096,0.0054,0.0051,0.0118,0.0279,0.0001,0.0180,0.0382,0.0086,0.0044,0.0091,0.0103,0.0176,0.0237
0.0040,0.0068,0.0039,0.0062,0.0160,0.0045,0.0080,0.0057,0.0034,0.0083,0.0080,0.0078,0.0002,0.0086,0.0172,0.2297,0.0009,0.0242,0.0078,0.0261
0.0022,0.0020,0.0005,0.0046,0.0036,0.0056,0.0112,0.0095,0.0118,0.0111,0.0070,0.0106,0.0316,0.0044,0.2297,0.0002,0.1835,0.0003,0.0273,0.0307
0.0041,0.0052,0.0037,0.0060,0.0028,0.0028,0.0043,0.0040,0.0054,0.0065,0.0046,0.0028,0.0036,0.0091,0.0009,0.1835,0.3181,0.0195,0.0012,0.0556
0.0047,0.0072,0.0043,0.0058,0.0053,0.0039,0.0052,0.0049,0.0052,0.0078,0.0091,0.0092,0.0085,0.0103,0.0242,0.0003,0.0195,0.1404,0.1216,0.0003
0.0025,0.0032,0.0021,0.0026,0.0028,0.0035,0.0042,0.0042,0.0030,0.0025,0.0033,0.0044,0.0078,0.0176,0.0078,0.0273,0.0012,0.1216,0.3054,0.0667
0.0024,0.0045,0.0025,0.0035,0.0035,0.0043,0.0024,0.0024,0.0042,0.0046,0.0088,0.0067,0.0062,0.0237,0.0261,0.0307,0.0556,0.0003,0.0667,0.0834