c1,c2,c3,c4,c5,c6,c7,c8,c9,c10,c11,c12,c13,c14,c15,c16,c17,c18,c19,c20
0.0065,0.0127,0.0004,0.0130,0.0212,0.0064,0.0119,0.0153,0.0140,0.0139,0.0183,0.0087,0.0045,0.0070,0.0040,0.0024,0.0048,0.0101,0.0051,0.0049
0.0127,0.1600,0.0637,0.0014,0.0144,0.0248,0.0031,0.0053,0.0041,0.0035,0.0046,0.0044,0.0026,0.0048,0.0065,0.0022,0.0047,0.0100,0.0053,0.0063
0.0004,0.0637,0.0216,0.0559,0.0010,0.0589,0.0592,0.0087,0.0078,0.0050,0.0125,0.0052,0.0039,0.0064,0.0045,0.0017,0.0042,0.0049,0.0029,0.0038
0.0130,0.0014,0.0559,0.0491,0.0017,0.0013,0.0081,0.0135,0.0042,0.0083,0.0104,0.0079,0.0115,0.0059,0.0064,0.0092,0.0073,0.0073,0.0037,0.0038
0.0212,0.0144,0.0010,0.0017,0.0322,0.0212,0.0010,0.0200,0.0214,0.0043,0.0097,0.0084,0.0061,0.0080,0.0087,0.0103,0.0067,0.0066,0.0030,0.0034
0.0064,0.0248,0.0589,0.0013,0.0212,0.0090,0.0141,0.0016,0.0168,0.0076,0.0062,0.0054,0.0062,0.0119,0.0023,0.0050,0.0032,0.0062,0.0053,0.0054
0.0119,0.0031,0.0592,0.0081,0.0010,0.0141,0.0105,0.0036,0.0009,0.0049,0.0246,0.0089,0.0217,0.0113,0.0074,0.0110,0.0060,0.0042,0.0056,0.0039
0.0153,0.0053,0.0087,0.0135,0.0200,0.0016,0.0036,0.0050,0.0039,0.0008,0.0209,0.0873,0.0133,0.0176,0.0050,0.0122,0.0045,0.0043,0.0040,0.0030
0.0140,0.0041,0.0078,0.0042,0.0214,0.0168,0.0009,0.0039,0.0115,0.0132,0.0006,0.0359,0.0716,0.0112,0.0059,0.0098,0.0065,0.0049,0.0023,0.0035
0.0139,0.0035,0.0050,0.0083,0.0043,0.0076,0.0049,0.0008,0.0132,0.0466,0.0065,0.0014,0.0344,0.0326,0.0061,0.0148,0.0115,0.0077,0.0026,0.0031
0.0183,0.0046,0.0125,0.0104,0.0097,0.0062,0.0246,0.0209,0.0006,0.0065,0.0130,0.0061,0.0004,0.0103,0.0194,0.0124,0.0115,0.0084,0.0023,0.0048
0.0087,0.0044,0.0052,0.0079,0.0084,0.0054,0.0089,0.0873,0.0359,0.0014,0.0061,0.0159,0.0036,0.0003,0.0066,0.0533,0.0036,0.0101,0.0046,0.0050
0.0045,0.0026,0.0039,0.0115,0.0061,0.0062,0.0217,0.0133,0.0716,0.0344,0.0004,0.0036,0.0368,0.0052,0.0005,0.0262,0.0150,0.0042,0.0073,0.0047
0.0070,0.0048,0.0064,0.0059,0.0080,0.0119,0.0113,0.0176,0.0112,0.0326,0.0103,0.0003,0.0052,0.0105,0.0035,0.0016,0.0081,0.0125,0.0067,0.0164
0.0040,0.0065,0.0045,0.0064,0.0087,0.0023,0.0074,0.0050,0.0059,0.0061,0.0194,0.0066,0.0005,0.0035,0.0156,0.0901,0.0011,0.0210,0.0151,0.0466
0.0024,0.0022,0.0017,0.0092,0.0103,0.0050,0.0110,0.0122,0.0098,0.0148,0.0124,0.0533,0.0262,0.0016,0.0901,0.0000,0.0492,0.0006,0.0105,0.0288
0.0048,0.0047,0.0042,0.0073,0.0067,0.0032,0.0060,0.0045,0.0065,0.0115,0.0115,0.0036,0.0150,0.0081,0.0011,0.0492,0.0482,0.0070,0.0016,0.0243
0.0101,0.0100,0.0049,0.0073,0.0066,0.0062,0.0042,0.0043,0.0049,0.0077,0.0084,0.0101,0.0042,0.0125,0.0210,0.0006,0.0070,0.0620,0.0820,0.0005
0.0051,0.0053,0.0029,0.0037,0.0030,0.0053,0.0056,0.0040,0.0023,0.0026,0.0023,0.0046,0.0073,0.0067,0.0151,0.0105,0.0016,0.0820,0.2357,0.0515
0.0049,0.0063,0.0038,0.0038,0.0034,0.0054,0.0039,0.0030,0.0035,0.0031,0.0048,0.0050,0.0047,0.0164,0.0466,0.0288,0.0243,0.0005,0.0515,0.0667