c1,c2,c3,c4,c5,c6,c7,c8,c9,c10,c11,c12,c13,c14,c15,c16,c17,c18,c19,c20
0.0203,0.0068,0.0010,0.0104,0.0136,0.0045,0.0157,0.0064,0.0100,0.0071,0.0080,0.0106,0.0044,0.0087,0.0065,0.0036,0.0082,0.0103,0.0063,0.0044
0.0068,0.0333,0.0470,0.0004,0.0121,0.0105,0.0056,0.0050,0.0071,0.0066,0.0059,0.0114,0.0033,0.0060,0.0092,0.0029,0.0096,0.0101,0.0098,0.0050
0.0010,0.0470,0.0194,0.0446,0.0007,0.0321,0.0222,0.0089,0.0086,0.0067,0.0094,0.0101,0.0037,0.0068,0.0051,0.0017,0.0078,0.0061,0.0031,0.0033
0.0104,0.0004,0.0446,0.0113,0.0039,0.0003,0.0052,0.0118,0.0071,0.0104,0.0152,0.0251,0.0076,0.0125,0.0113,0.0068,0.0135,0.0085,0.0057,0.0060
0.0136,0.0121,0.0007,0.0039,0.0198,0.0091,0.0002,0.0730,0.0146,0.0048,0.0083,0.0163,0.0077,0.0078,0.0126,0.0058,0.0066,0.0080,0.0042,0.0085
0.0045,0.0105,0.0321,0.0003,0.0091,0.0163,0.0062,0.0002,0.0127,0.0116,0.0078,0.0137,0.0076,0.0118,0.0084,0.0240,0.0068,0.0065,0.0073,0.0128
0.0157,0.0056,0.0222,0.0052,0.0002,0.0062,0.0173,0.0052,0.0004,0.0074,0.0126,0.0111,0.0191,0.0140,0.0167,0.0090,0.0129,0.0082,0.0073,0.0064
0.0064,0.0050,0.0089,0.0118,0.0730,0.0002,0.0052,0.0025,0.0038,0.0003,0.0174,0.0278,0.0234,0.0092,0.0148,0.0194,0.0115,0.0132,0.0047,0.0063
0.0100,0.0071,0.0086,0.0071,0.0146,0.0127,0.0004,0.0038,0.0076,0.0193,0.0001,0.0168,0.0110,0.0119,0.0080,0.0229,0.0167,0.0106,0.0087,0.0088
0.0071,0.0066,0.0067,0.0104,0.0048,0.0116,0.0074,0.0003,0.0193,0.0164,0.0038,0.0002,0.0332,0.0116,0.0103,0.0194,0.0255,0.0152,0.0054,0.0088
0.0080,0.0059,0.0094,0.0152,0.0083,0.0078,0.0126,0.0174,0.0001,0.0038,0.0156,0.0028,0.0001,0.0331,0.0105,0.0184,0.0195,0.0223,0.0094,0.0170
0.0106,0.0114,0.0101,0.0251,0.0163,0.0137,0.0111,0.0278,0.0168,0.0002,0.0028,0.0067,0.0097,0.0000,0.0058,0.0418,0.0088,0.0161,0.0101,0.0061
0.0044,0.0033,0.0037,0.0076,0.0077,0.0076,0.0191,0.0234,0.0110,0.0332,0.0001,0.0097,0.0271,0.0085,0.0002,0.0274,0.0130,0.0124,0.0092,0.0126
0.0087,0.0060,0.0068,0.0125,0.0078,0.0118,0.0140,0.0092,0.0119,0.0116,0.0331,0.0000,0.0085,0.0104,0.0050,0.0007,0.0055,0.0105,0.0281,0.0206
0.0065,0.0092,0.0051,0.0113,0.0126,0.0084,0.0167,0.0148,0.0080,0.0103,0.0105,0.0058,0.0002,0.0050,0.0100,0.1183,0.0001,0.0127,0.0060,0.0281
0.0036,0.0029,0.0017,0.0068,0.0058,0.0240,0.0090,0.0194,0.0229,0.0194,0.0184,0.0418,0.0274,0.0007,0.1183,0.0000,0.0701,0.0002,0.0081,0.0105
0.0082,0.0096,0.0078,0.0135,0.0066,0.0068,0.0129,0.0115,0.0167,0.0255,0.0195,0.0088,0.0130,0.0055,0.0001,0.0701,0.0169,0.0048,0.0001,0.0065
0.0103,0.0101,0.0061,0.0085,0.0080,0.0065,0.0082,0.0132,0.0106,0.0152,0.0223,0.0161,0.0124,0.0105,0.0127,0.0002,0.0048,0.0424,0.0148,0.0001
0.0063,0.0098,0.0031,0.0057,0.0042,0.0073,0.0073,0.0047,0.0087,0.0054,0.0094,0.0101,0.0092,0.0281,0.0060,0.0081,0.0001,0.0148,0.1513,0.0067
0.0044,0.0050,0.0033,0.0060,0.0085,0.0128,0.0064,0.0063,0.0088,0.0088,0.0170,0.0061,0.0126,0.0206,0.0281,0.0105,0.0065,0.0001,0.0067,0.0307