c1,c2,c3,c4,c5,c6,c7,c8,c9,c10,c11,c12,c13,c14,c15,c16,c17,c18,c19,c20
0.0610,0.0773,0.0033,0.0089,0.0130,0.0077,0.0159,0.0120,0.0153,0.0116,0.0091,0.0062,0.0033,0.0039,0.0030,0.0016,0.0035,0.0040,0.0021,0.0020
0.0773,0.2595,0.1857,0.0004,0.0163,0.0143,0.0052,0.0051,0.0046,0.0033,0.0044,0.0059,0.0024,0.0026,0.0042,0.0017,0.0048,0.0066,0.0029,0.0041
0.0033,0.1857,0.0648,0.0584,0.0015,0.0310,0.0241,0.0049,0.0040,0.0031,0.0054,0.0048,0.0034,0.0032,0.0055,0.0035,0.0039,0.0041,0.0027,0.0023
0.0089,0.0004,0.0584,0.2133,0.1277,0.0011,0.0085,0.0150,0.0044,0.0036,0.0050,0.0105,0.0034,0.0039,0.0131,0.0038,0.0046,0.0054,0.0024,0.0027
0.0130,0.0163,0.0015,0.1277,0.0768,0.0417,0.0009,0.0186,0.0092,0.0029,0.0043,0.0057,0.0039,0.0037,0.0068,0.0038,0.0043,0.0037,0.0030,0.0036
0.0077,0.0143,0.0310,0.0011,0.0417,0.0471,0.0355,0.0014,0.0135,0.0073,0.0062,0.0079,0.0060,0.0059,0.0034,0.0027,0.0038,0.0039,0.0035,0.0038
0.0159,0.0052,0.0241,0.0085,0.0009,0.0355,0.0275,0.0078,0.0006,0.0112,0.0292,0.0102,0.0133,0.0076,0.0056,0.0066,0.0033,0.0038,0.0031,0.0027
0.0120,0.0051,0.0049,0.0150,0.0186,0.0014,0.0078,0.0172,0.0078,0.0006,0.0256,0.0506,0.0104,0.0080,0.0055,0.0090,0.0037,0.0058,0.0048,0.0026
0.0153,0.0046,0.0040,0.0044,0.0092,0.0135,0.0006,0.0078,0.0303,0.0380,0.0004,0.0427,0.0609,0.0066,0.0041,0.0093,0.0049,0.0048,0.0036,0.0051
0.0116,0.0033,0.0031,0.0036,0.0029,0.0073,0.0112,0.0006,0.0380,0.1328,0.0205,0.0048,0.0407,0.0148,0.0036,0.0079,0.0046,0.0057,0.0021,0.0033
0.0091,0.0044,0.0054,0.0050,0.0043,0.0062,0.0292,0.0256,0.0004,0.0205,0.0437,0.0113,0.0013,0.0137,0.0094,0.0099,0.0063,0.0089,0.0032,0.0042
0.0062,0.0059,0.0048,0.0105,0.0057,0.0079,0.0102,0.0506,0.0427,0.0048,0.0113,0.0247,0.0065,0.0005,0.0030,0.0162,0.0018,0.0068,0.0040,0.0058
0.0033,0.0024,0.0034,0.0034,0.0039,0.0060,0.0133,0.0104,0.0609,0.0407,0.0013,0.0065,0.0497,0.0314,0.0003,0.0290,0.0039,0.0050,0.0075,0.0080
0.0039,0.0026,0.0032,0.0039,0.0037,0.0059,0.0076,0.0080,0.0066,0.0148,0.0137,0.0005,0.0314,0.0354,0.0065,0.0063,0.0087,0.0095,0.0124,0.0212
0.0030,0.0042,0.0055,0.0131,0.0068,0.0034,0.0056,0.0055,0.0041,0.0036,0.0094,0.0030,0.0003,0.0065,0.0176,0.3030,0.0022,0.0280,0.0122,0.0354
0.0016,0.0017,0.0035,0.0038,0.0038,0.0027,0.0066,0.0090,0.0093,0.0079,0.0099,0.0162,0.0290,0.0063,0.3030,0.0001,0.1561,0.0005,0.0219,0.0382
0.0035,0.0048,0.0039,0.0046,0.0043,0.0038,0.0033,0.0037,0.0049,0.0046,0.0063,0.0018,0.0039,0.0087,0.0022,0.1561,0.2100,0.0192,0.0017,0.0608
0.0040,0.0066,0.0041,0.0054,0.0037,0.0039,0.0038,0.0058,0.0048,0.0057,0.0089,0.0068,0.0050,0.0095,0.0280,0.0005,0.0192,0.1935,0.1745,0.0006
0.0021,0.0029,0.0027,0.0024,0.0030,0.0035,0.0031,0.0048,0.0036,0.0021,0.0032,0.0040,0.0075,0.0124,0.0122,0.0219,0.0017,0.1745,0.2536,0.0605
0.0020,0.0041,0.0023,0.0027,0.0036,0.0038,0.0027,0.0026,0.0051,0.0033,0.0042,0.0058,0.0080,0.0212,0.0354,0.0382,0.0608,0.0006,0.0605,0.0870