c1,c2,c3,c4,c5,c6,c7,c8,c9,c10,c11,c12,c13,c14,c15,c16,c17,c18,c19,c20
0.0120,0.0146,0.0011,0.0347,0.0148,0.0062,0.0241,0.0112,0.0175,0.0166,0.0065,0.0072,0.0056,0.0056,0.0039,0.0024,0.0041,0.0060,0.0027,0.0024
0.0146,0.0703,0.0249,0.0004,0.0127,0.0062,0.0046,0.0065,0.0064,0.0058,0.0055,0.0058,0.0045,0.0066,0.0142,0.0030,0.0081,0.0099,0.0052,0.0066
0.0011,0.0249,0.0302,0.0404,0.0015,0.0461,0.0275,0.0077,0.0095,0.0061,0.0092,0.0078,0.0050,0.0057,0.0059,0.0017,0.0049,0.0058,0.0020,0.0031
0.0347,0.0004,0.0404,0.0372,0.0112,0.0006,0.0072,0.0111,0.0047,0.0068,0.0108,0.0120,0.0057,0.0071,0.0082,0.0063,0.0085,0.0074,0.0035,0.0047
0.0148,0.0127,0.0015,0.0112,0.0727,0.0369,0.0008,0.0351,0.0108,0.0030,0.0057,0.0059,0.0055,0.0058,0.0156,0.0046,0.0027,0.0057,0.0027,0.0040
0.0062,0.0062,0.0461,0.0006,0.0369,0.0575,0.0190,0.0006,0.0212,0.0089,0.0070,0.0076,0.0067,0.0080,0.0058,0.0072,0.0032,0.0045,0.0031,0.0044
0.0241,0.0046,0.0275,0.0072,0.0008,0.0190,0.0279,0.0088,0.0004,0.0064,0.0224,0.0088,0.0179,0.0092,0.0063,0.0091,0.0048,0.0052,0.0037,0.0029
0.0112,0.0065,0.0077,0.0111,0.0351,0.0006,0.0088,0.0128,0.0045,0.0006,0.0198,0.0255,0.0081,0.0104,0.0061,0.0133,0.0062,0.0067,0.0063,0.0031
0.0175,0.0064,0.0095,0.0047,0.0108,0.0212,0.0004,0.0045,0.0176,0.0322,0.0002,0.0307,0.0204,0.0059,0.0047,0.0144,0.0081,0.0071,0.0040,0.0067
0.0166,0.0058,0.0061,0.0068,0.0030,0.0089,0.0064,0.0006,0.0322,0.0290,0.0038,0.0016,0.0185,0.0128,0.0069,0.0113,0.0111,0.0102,0.0031,0.0074
0.0065,0.0055,0.0092,0.0108,0.0057,0.0070,0.0224,0.0198,0.0002,0.0038,0.0262,0.0238,0.0014,0.0276,0.0065,0.0083,0.0053,0.0090,0.0034,0.0093
0.0072,0.0058,0.0078,0.0120,0.0059,0.0076,0.0088,0.0255,0.0307,0.0016,0.0238,0.0192,0.0087,0.0001,0.0078,0.0172,0.0028,0.0105,0.0038,0.0062
0.0056,0.0045,0.0050,0.0057,0.0055,0.0067,0.0179,0.0081,0.0204,0.0185,0.0014,0.0087,0.0427,0.0072,0.0001,0.0277,0.0048,0.0103,0.0108,0.0099
0.0056,0.0066,0.0057,0.0071,0.0058,0.0080,0.0092,0.0104,0.0059,0.0128,0.0276,0.0001,0.0072,0.0218,0.0045,0.0028,0.0069,0.0102,0.0200,0.0189
0.0039,0.0142,0.0059,0.0082,0.0156,0.0058,0.0063,0.0061,0.0047,0.0069,0.0065,0.0078,0.0001,0.0045,0.0158,0.1592,0.0005,0.0228,0.0137,0.0236
0.0024,0.0030,0.0017,0.0063,0.0046,0.0072,0.0091,0.0133,0.0144,0.0113,0.0083,0.0172,0.0277,0.0028,0.1592,0.0000,0.1165,0.0004,0.0109,0.0409
0.0041,0.0081,0.0049,0.0085,0.0027,0.0032,0.0048,0.0062,0.0081,0.0111,0.0053,0.0028,0.0048,0.0069,0.0005,0.1165,0.1542,0.0097,0.0016,0.0358
0.0060,0.0099,0.0058,0.0074,0.0057,0.0045,0.0052,0.0067,0.0071,0.0102,0.0090,0.0105,0.0103,0.0102,0.0228,0.0004,0.0097,0.0775,0.0727,0.0001
0.0027,0.0052,0.0020,0.0035,0.0027,0.0031,0.0037,0.0063,0.0040,0.0031,0.0034,0.0038,0.0108,0.0200,0.0137,0.0109,0.0016,0.0727,0.1959,0.0371
0.0024,0.0066,0.0031,0.0047,0.0040,0.0044,0.0029,0.0031,0.0067,0.0074,0.0093,0.0062,0.0099,0.0189,0.0236,0.0409,0.0358,0.0001,0.0371,0.0317