c1,c2,c3,c4,c5,c6,c7,c8,c9,c10,c11,c12,c13,c14,c15,c16,c17,c18,c19,c20,c21,c22,c23,c24,c25,c26,c27,c28
0.0013,0.0023,0.0004,0.0075,0.0153,0.0256,0.0252,0.0126,0.0181,0.0050,0.0070,0.0097,0.0074,0.0086,0.0058,0.0108,0.0055,0.0096,0.0181,0.0098,0.0036,0.0068,0.0095,0.0043,0.0102,0.0056,0.0063,0.0087
0.0023,0.0145,0.0159,0.0002,0.0037,0.0080,0.0158,0.0143,0.0113,0.0121,0.0080,0.0152,0.0095,0.0265,0.0066,0.0071,0.0050,0.0058,0.0099,0.0062,0.0047,0.0038,0.0067,0.0033,0.0185,0.0051,0.0093,0.0108
0.0004,0.0159,0.0333,0.0045,0.0003,0.0022,0.0231,0.0051,0.0160,0.0149,0.0073,0.0160,0.0101,0.0199,0.0075,0.0081,0.0048,0.0064,0.0159,0.0059,0.0041,0.0040,0.0089,0.0040,0.0159,0.0074,0.0108,0.0142
0.0075,0.0002,0.0045,0.0054,0.0039,0.0000,0.0013,0.0142,0.0309,0.0331,0.0373,0.3167,0.0139,0.2042,0.0035,0.0090,0.0032,0.0060,0.0128,0.0066,0.0054,0.0016,0.0178,0.0029,0.0169,0.0063,0.0097,0.0066
0.0153,0.0037,0.0003,0.0039,0.0109,0.0080,0.0001,0.0023,0.0751,0.0197,0.0359,0.4517,0.0161,0.0160,0.0043,0.0083,0.0038,0.0060,0.0066,0.0060,0.0029,0.0024,0.0090,0.0038,0.0101,0.0073,0.0116,0.0113
0.0256,0.0080,0.0022,0.0000,0.0080,0.0098,0.0068,0.0010,0.0663,0.0339,0.0236,0.1053,0.0071,0.0083,0.0037,0.0055,0.0032,0.0046,0.0097,0.0047,0.0041,0.0023,0.0054,0.0035,0.0118,0.0076,0.0247,0.0381
0.0252,0.0158,0.0231,0.0013,0.0001,0.0068,0.0020,0.0343,0.0014,0.0050,0.0073,0.0361,0.0249,0.0139,0.0039,0.0037,0.0020,0.0037,0.0080,0.0040,0.0025,0.0007,0.0084,0.0060,0.0426,0.0180,0.1729,0.0548
0.0126,0.0143,0.0051,0.0142,0.0023,0.0010,0.0343,0.0178,0.1646,0.0001,0.0012,0.0022,0.0012,0.0066,0.0016,0.0059,0.0037,0.0065,0.0112,0.0054,0.0035,0.0017,0.0087,0.0051,0.0393,0.0276,0.3013,0.0728
0.0181,0.0113,0.0160,0.0309,0.0751,0.0663,0.0014,0.1646,0.0007,0.0112,0.0002,0.0000,0.0006,0.0007,0.0020,0.0029,0.0039,0.0006,0.0003,0.0031,0.0042,0.0016,0.0214,0.0128,0.2264,0.1264,0.3788,0.2944
0.0050,0.0121,0.0149,0.0331,0.0197,0.0339,0.0050,0.0001,0.0112,0.0006,0.0008,0.0000,0.0001,0.0002,0.0006,0.0050,0.0029,0.0023,0.0084,0.0046,0.0026,0.0006,0.0464,0.0393,0.9935,0.5855,0.9870,0.0858
0.0070,0.0080,0.0073,0.0373,0.0359,0.0236,0.0073,0.0012,0.0002,0.0008,0.0015,0.0002,0.0000,0.0001,0.0004,0.0052,0.0045,0.0030,0.0122,0.0038,0.0029,0.0027,0.0402,0.0783,0.6738,0.9648,0.1832,0.1138
0.0097,0.0152,0.0160,0.3167,0.4517,0.1053,0.0361,0.0022,0.0000,0.0000,0.0002,0.0000,0.0002,0.0000,0.0000,0.0003,0.0004,0.0054,0.0065,0.0058,0.0155,0.0046,0.9998,0.5324,0.9999,0.1477,0.0597,0.0059
0.0074,0.0095,0.0101,0.0139,0.0161,0.0071,0.0249,0.0012,0.0006,0.0001,0.0000,0.0002,0.0028,0.0003,0.0000,0.0007,0.0018,0.0046,0.0173,0.0066,0.0070,0.0414,0.1260,0.9998,0.2114,0.2932,0.0123,0.0207
0.0086,0.0265,0.0199,0.2042,0.0160,0.0083,0.0139,0.0066,0.0007,0.0002,0.0001,0.0000,0.0003,0.0005,0.0000,0.0001,0.0001,0.0027,0.0282,0.0464,1.0000,0.2210,0.9943,0.0250,0.0614,0.0069,0.0011,0.0014
0.0058,0.0066,0.0075,0.0035,0.0043,0.0037,0.0039,0.0016,0.0020,0.0006,0.0004,0.0000,0.0000,0.0000,0.0012,0.0040,0.0000,0.0020,0.0118,0.0192,0.1330,1.0000,0.0435,0.9899,0.0254,0.0404,0.0021,0.0021
0.0108,0.0071,0.0081,0.0090,0.0083,0.0055,0.0037,0.0059,0.0029,0.0050,0.0052,0.0003,0.0007,0.0001,0.0040,0.0150,0.0014,0.0019,0.5346,0.0184,0.9954,0.4584,0.0120,0.0029,0.0014,0.0019,0.0013,0.0025
0.0055,0.0050,0.0048,0.0032,0.0038,0.0032,0.0020,0.0037,0.0039,0.0029,0.0045,0.0004,0.0018,0.0001,0.0000,0.0014,0.0072,0.6551,0.0087,0.0484,0.0154,0.9998,0.0479,0.0621,0.0032,0.0042,0.0030,0.0035
0.0096,0.0058,0.0064,0.0060,0.0060,0.0046,0.0037,0.0065,0.0006,0.0023,0.0030,0.0054,0.0046,0.0027,0.0020,0.0019,0.6551,0.0420,0.3528,0.0026,0.0034,0.0318,0.0052,0.0132,0.0066,0.0029,0.0039,0.0071
0.0181,0.0099,0.0159,0.0128,0.0066,0.0097,0.0080,0.0112,0.0003,0.0084,0.0122,0.0065,0.0173,0.0282,0.0118,0.5346,0.0087,0.3528,0.0019,0.3559,0.0005,0.0002,0.0002,0.0003,0.0023,0.0023,0.0028,0.0097
0.0098,0.0062,0.0059,0.0066,0.0060,0.0047,0.0040,0.0054,0.0031,0.0046,0.0038,0.0058,0.0066,0.0464,0.0192,0.0184,0.0484,0.0026,0.3559,0.0373,0.0040,0.0001,0.0014,0.0063,0.0016,0.0070,0.0087,0.0165
0.0036,0.0047,0.0041,0.0054,0.0029,0.0041,0.0025,0.0035,0.0042,0.0026,0.0029,0.0155,0.0070,1.0000,0.1330,0.9954,0.0154,0.0034,0.0005,0.0040,0.0156,0.0008,0.0000,0.0001,0.0001,0.0007,0.0018,0.0038
0.0068,0.0038,0.0040,0.0016,0.0024,0.0023,0.0007,0.0017,0.0016,0.0006,0.0027,0.0046,0.0414,0.2210,1.0000,0.4584,0.9998,0.0318,0.0002,0.0001,0.0008,0.0001,0.0001,0.0000,0.0000,0.0017,0.0028,0.0069
0.0095,0.0067,0.0089,0.0178,0.0090,0.0054,0.0084,0.0087,0.0214,0.0464,0.0402,0.9998,0.1260,0.9943,0.0435,0.0120,0.0479,0.0052,0.0002,0.0014,0.0000,0.0001,0.0006,0.0005,0.0000,0.0001,0.0005,0.0032
0.0043,0.0033,0.0040,0.0029,0.0038,0.0035,0.0060,0.0051,0.0128,0.0393,0.0783,0.5324,0.9998,0.0250,0.9899,0.0029,0.0621,0.0132,0.0003,0.0063,0.0001,0.0000,0.0005,0.0010,0.0001,0.0001,0.0002,0.0039
0.0102,0.0185,0.0159,0.0169,0.0101,0.0118,0.0426,0.0393,0.2264,0.9935,0.6738,0.9999,0.2114,0.0614,0.0254,0.0014,0.0032,0.0066,0.0023,0.0016,0.0001,0.0000,0.0000,0.0001,0.0003,0.0003,0.0000,0.0000
0.0056,0.0051,0.0074,0.0063,0.0073,0.0076,0.0180,0.0276,0.1264,0.5855,0.9648,0.1477,0.2932,0.0069,0.0404,0.0019,0.0042,0.0029,0.0023,0.0070,0.0007,0.0017,0.0001,0.0001,0.0003,0.0026,0.0010,0.0002
0.0063,0.0093,0.0108,0.0097,0.0116,0.0247,0.1729,0.3013,0.3788,0.9870,0.1832,0.0597,0.0123,0.0011,0.0021,0.0013,0.0030,0.0039,0.0028,0.0087,0.0018,0.0028,0.0005,0.0002,0.0000,0.0010,0.0029,0.0006
0.0087,0.0108,0.0142,0.0066,0.0113,0.0381,0.0548,0.0728,0.2944,0.0858,0.1138,0.0059,0.0207,0.0014,0.0021,0.0025,0.0035,0.0071,0.0097,0.0165,0.0038,0.0069,0.0032,0.0039,0.0000,0.0002,0.0006,0.0020
