c1,c2,c3,c4,c5,c6,c7,c8,c9,c10,c11,c12,c13,c14,c15,c16,c17,c18,c19,c20,c21,c22,c23,c24,c25,c26,c27,c28
0.0000,0.0001,0.0000,0.0002,0.0024,0.0062,0.0205,0.0137,0.0266,0.0197,0.0091,0.0109,0.0179,0.0475,0.0299,0.0152,0.0261,0.0416,0.0181,0.0109,0.6023,0.0225,0.0049,0.0137,0.7615,0.0066,0.0057,0.0171
0.0001,0.0270,0.0080,0.0000,0.0018,0.0014,0.0033,0.0058,0.0218,0.0050,0.0241,0.0028,0.0077,0.1111,0.0159,0.0050,0.0346,0.0266,0.0040,0.0081,0.6281,0.0131,0.0025,0.0062,0.0756,0.0051,0.0031,0.0052
0.0000,0.0080,0.0069,0.0003,0.0006,0.0019,0.0019,0.0078,0.0623,0.0130,0.0131,0.0053,0.0098,0.0206,0.0259,0.0095,0.0378,0.0435,0.0064,0.0071,0.2223,0.0161,0.0032,0.0077,0.0315,0.0061,0.0028,0.0076
0.0002,0.0000,0.0003,0.0006,0.0314,0.0002,0.0058,0.0020,0.0412,0.0576,0.0678,0.0073,0.0159,0.3900,0.0035,0.0075,0.7561,0.1123,0.0037,0.0046,0.1638,0.0065,0.0018,0.0041,0.0110,0.0040,0.0018,0.0048
0.0024,0.0018,0.0006,0.0314,0.0006,0.2626,0.0002,0.0012,0.0067,0.0044,0.0697,0.0035,0.0141,0.5447,0.0084,0.0034,0.0490,0.0916,0.0026,0.0050,0.0812,0.0048,0.0017,0.0047,0.0117,0.0043,0.0017,0.0023
0.0062,0.0014,0.0019,0.0002,0.2626,0.0409,0.0101,0.0011,0.0025,0.0042,0.0149,0.0082,0.0122,0.2971,0.0213,0.0061,0.0124,0.0120,0.0034,0.0066,0.0052,0.0047,0.0024,0.0055,0.0135,0.0050,0.0035,0.0058
0.0205,0.0033,0.0019,0.0058,0.0002,0.0101,0.0876,0.0188,0.0019,0.0037,0.0110,0.0060,0.0461,0.5149,0.0138,0.0036,0.0025,0.0455,0.0036,0.0035,0.0026,0.0072,0.0020,0.0025,0.0194,0.0080,0.0031,0.0031
0.0137,0.0058,0.0078,0.0020,0.0012,0.0011,0.0188,0.0487,0.2521,0.0014,0.0134,0.0443,0.0216,0.0159,0.0385,0.0023,0.0031,0.0074,0.0034,0.0038,0.0032,0.0124,0.0025,0.0022,0.0085,0.0097,0.0032,0.0028
0.0266,0.0218,0.0623,0.0412,0.0067,0.0025,0.0019,0.2521,0.0032,0.0071,0.0001,0.0010,0.0002,0.0018,0.0154,0.0027,0.0052,0.1277,0.0070,0.0046,0.0086,0.1108,0.0031,0.0033,0.0243,0.0216,0.0033,0.0042
0.0197,0.0050,0.0130,0.0576,0.0044,0.0042,0.0037,0.0014,0.0071,0.0208,0.0078,0.0142,0.1506,0.0031,0.0309,0.0028,0.0022,0.1090,0.0041,0.0014,0.0092,0.0311,0.0029,0.0016,0.0069,0.0037,0.0015,0.0016
0.0091,0.0241,0.0131,0.0678,0.0697,0.0149,0.0110,0.0134,0.0001,0.0078,0.0061,0.0230,0.0034,0.0007,0.0043,0.0027,0.0042,0.9851,0.0051,0.0014,0.0108,0.0698,0.0016,0.0013,0.0018,0.0017,0.0010,0.0011
0.0109,0.0028,0.0053,0.0073,0.0035,0.0082,0.0060,0.0443,0.0010,0.0142,0.0230,0.2300,0.0839,0.0002,0.0507,0.0038,0.0015,0.1941,0.0085,0.0029,0.0027,0.0109,0.0027,0.0052,0.0040,0.0038,0.0028,0.0021
0.0179,0.0077,0.0098,0.0159,0.0141,0.0122,0.0461,0.0216,0.0002,0.1506,0.0034,0.0839,0.0517,0.0471,0.0018,0.0038,0.0023,0.0029,0.0057,0.0024,0.0035,0.0045,0.0024,0.0031,0.0041,0.0040,0.0024,0.0024
0.0475,0.1111,0.0206,0.3900,0.5447,0.2971,0.5149,0.0159,0.0018,0.0031,0.0007,0.0002,0.0471,0.0005,0.0001,0.0015,0.5253,0.0005,0.0008,0.0087,0.0061,0.0015,0.0009,0.0030,0.0017,0.0015,0.0016,0.0021
0.0299,0.0159,0.0259,0.0035,0.0084,0.0213,0.0138,0.0385,0.0154,0.0309,0.0043,0.0507,0.0018,0.0001,0.0018,0.1199,0.0005,0.0002,0.0711,0.0064,0.0026,0.0171,0.0286,0.0054,0.0008,0.0053,0.0068,0.0048
0.0152,0.0050,0.0095,0.0075,0.0034,0.0061,0.0036,0.0023,0.0027,0.0028,0.0027,0.0038,0.0038,0.0015,0.1199,0.0970,0.0885,0.0000,0.0070,0.1193,0.0017,0.0053,0.0267,0.0285,0.0043,0.0063,0.0160,0.0134
0.0261,0.0346,0.0378,0.7561,0.0490,0.0124,0.0025,0.0031,0.0052,0.0022,0.0042,0.0015,0.0023,0.5253,0.0005,0.0885,0.0130,0.0000,0.0003,0.0144,0.0089,0.0009,0.0040,0.0096,0.0063,0.0017,0.0037,0.0061
0.0416,0.0266,0.0435,0.1123,0.0916,0.0120,0.0455,0.0074,0.1277,0.1090,0.9851,0.1941,0.0029,0.0005,0.0002,0.0000,0.0000,0.0012,0.0018,0.0001,0.0002,0.0685,0.0010,0.0043,0.0125,0.0051,0.0010,0.0017
0.0181,0.0040,0.0064,0.0037,0.0026,0.0034,0.0036,0.0034,0.0070,0.0041,0.0051,0.0085,0.0057,0.0008,0.0711,0.0070,0.0003,0.0018,0.0848,0.0507,0.0003,0.0039,0.2288,0.0052,0.0129,0.0913,0.0213,0.0101
0.0109,0.0081,0.0071,0.0046,0.0050,0.0066,0.0035,0.0038,0.0046,0.0014,0.0014,0.0029,0.0024,0.0087,0.0064,0.1193,0.0144,0.0001,0.0507,0.0777,0.0030,0.0001,0.0176,0.3155,0.0018,0.0108,0.0999,0.0446
0.6023,0.6281,0.2223,0.1638,0.0812,0.0052,0.0026,0.0032,0.0086,0.0092,0.0108,0.0027,0.0035,0.0061,0.0026,0.0017,0.0089,0.0002,0.0003,0.0030,0.0056,0.0003,0.0002,0.0099,0.0198,0.0015,0.0061,0.0072
0.0225,0.0131,0.0161,0.0065,0.0048,0.0047,0.0072,0.0124,0.1108,0.0311,0.0698,0.0109,0.0045,0.0015,0.0171,0.0053,0.0009,0.0685,0.0039,0.0001,0.0003,0.1074,0.0306,0.0005,0.0019,0.0377,0.0027,0.0037
0.0049,0.0025,0.0032,0.0018,0.0017,0.0024,0.0020,0.0025,0.0031,0.0029,0.0016,0.0027,0.0024,0.0009,0.0286,0.0267,0.0040,0.0010,0.2288,0.0176,0.0002,0.0306,0.5043,0.0861,0.0000,0.1065,0.8067,0.0366
0.0137,0.0062,0.0077,0.0041,0.0047,0.0055,0.0025,0.0022,0.0033,0.0016,0.0013,0.0052,0.0031,0.0030,0.0054,0.0285,0.0096,0.0043,0.0052,0.3155,0.0099,0.0005,0.0861,0.0602,0.0022,0.0001,0.0474,0.4573
0.7615,0.0756,0.0315,0.0110,0.0117,0.0135,0.0194,0.0085,0.0243,0.0069,0.0018,0.0040,0.0041,0.0017,0.0008,0.0043,0.0063,0.0125,0.0129,0.0018,0.0198,0.0019,0.0000,0.0022,0.5129,0.0029,0.0001,0.0053
0.0066,0.0051,0.0061,0.0040,0.0043,0.0050,0.0080,0.0097,0.0216,0.0037,0.0017,0.0038,0.0040,0.0015,0.0053,0.0063,0.0017,0.0051,0.0913,0.0108,0.0015,0.0377,0.1065,0.0001,0.0029,0.6184,0.1476,0.0008
0.0057,0.0031,0.0028,0.0018,0.0017,0.0035,0.0031,0.0032,0.0033,0.0015,0.0010,0.0028,0.0024,0.0016,0.0068,0.0160,0.0037,0.0010,0.0213,0.0999,0.0061,0.0027,0.8067,0.0474,0.0001,0.1476,0.3275,0.0794
0.0171,0.0052,0.0076,0.0048,0.0023,0.0058,0.0031,0.0028,0.0042,0.0016,0.0011,0.0021,0.0024,0.0021,0.0048,0.0134,0.0061,0.0017,0.0101,0.0446,0.0072,0.0037,0.0366,0.4573,0.0053,0.0008,0.0794,0.2381