c1,c2,c3,c4,c5,c6,c7,c8,c9,c10,c11,c12,c13,c14,c15,c16,c17,c18,c19,c20
0.0013,0.0135,0.0802,0.0225,0.0569,0.0078,0.0105,0.0021,0.0095,0.0053,0.0128,0.0096,0.0056,0.0024,0.0026,0.0030,0.0073,0.0068,0.0043,0.0023
0.0135,0.0552,0.5681,0.0020,0.1804,0.1179,0.0109,0.0024,0.0015,0.0021,0.0041,0.0036,0.0045,0.0015,0.0055,0.0009,0.0016,0.0029,0.0033,0.0034
0.0802,0.5681,0.0044,0.1231,0.0014,0.0783,0.1465,0.0025,0.0053,0.0005,0.0038,0.0017,0.0034,0.0022,0.0039,0.0038,0.0027,0.0021,0.0017,0.0017
0.0225,0.0020,0.1231,0.0431,0.0066,0.0003,0.0195,0.1681,0.0077,0.0107,0.0038,0.0054,0.0034,0.0037,0.0062,0.0050,0.0064,0.0034,0.0013,0.0024
0.0569,0.1804,0.0014,0.0066,0.0027,0.0021,0.0006,0.1042,0.2007,0.0067,0.0112,0.0023,0.0102,0.0035,0.0052,0.0031,0.0048,0.0032,0.0025,0.0024
0.0078,0.1179,0.0783,0.0003,0.0021,0.0114,0.0044,0.0011,0.0080,0.0552,0.0092,0.0077,0.0077,0.0092,0.0072,0.0024,0.0084,0.0042,0.0077,0.0031
0.0105,0.0109,0.1465,0.0195,0.0006,0.0044,0.0036,0.0175,0.0007,0.0334,0.0853,0.0072,0.0099,0.0059,0.0062,0.0027,0.0024,0.0021,0.0067,0.0033
0.0021,0.0024,0.0025,0.1681,0.1042,0.0011,0.0175,0.0002,0.0160,0.0058,0.0664,0.1689,0.0195,0.0251,0.0070,0.0026,0.0045,0.0023,0.0008,0.0013
0.0095,0.0015,0.0053,0.0077,0.2007,0.0080,0.0007,0.0160,0.0098,0.0059,0.0033,0.0391,0.1388,0.0160,0.0215,0.0014,0.0029,0.0020,0.0023,0.0011
0.0053,0.0021,0.0005,0.0107,0.0067,0.0552,0.0334,0.0058,0.0059,0.0192,0.0047,0.0069,0.0294,0.2015,0.0089,0.0075,0.0020,0.0058,0.0012,0.0009
0.0128,0.0041,0.0038,0.0038,0.0112,0.0092,0.0853,0.0664,0.0033,0.0047,0.0074,0.0022,0.0041,0.0706,0.0395,0.0015,0.0054,0.0023,0.0019,0.0021
0.0096,0.0036,0.0017,0.0054,0.0023,0.0077,0.0072,0.1689,0.0391,0.0069,0.0022,0.0063,0.0010,0.0037,0.0191,0.0430,0.0036,0.0173,0.0064,0.0028
0.0056,0.0045,0.0034,0.0034,0.0102,0.0077,0.0099,0.0195,0.1388,0.0294,0.0041,0.0010,0.0027,0.0012,0.0009,0.0202,0.0612,0.0056,0.0150,0.0040
0.0024,0.0015,0.0022,0.0037,0.0035,0.0092,0.0059,0.0251,0.0160,0.2015,0.0706,0.0037,0.0012,0.0015,0.0022,0.0034,0.0250,0.0772,0.0047,0.0053
0.0026,0.0055,0.0039,0.0062,0.0052,0.0072,0.0062,0.0070,0.0215,0.0089,0.0395,0.0191,0.0009,0.0022,0.0035,0.0036,0.0013,0.0177,0.0853,0.0266
0.0030,0.0009,0.0038,0.0050,0.0031,0.0024,0.0027,0.0026,0.0014,0.0075,0.0015,0.0430,0.0202,0.0034,0.0036,0.0108,0.0529,0.0062,0.0758,0.4615
0.0073,0.0016,0.0027,0.0064,0.0048,0.0084,0.0024,0.0045,0.0029,0.0020,0.0054,0.0036,0.0612,0.0250,0.0013,0.0529,0.0225,0.0063,0.0060,0.1038
0.0068,0.0029,0.0021,0.0034,0.0032,0.0042,0.0021,0.0023,0.0020,0.0058,0.0023,0.0173,0.0056,0.0772,0.0177,0.0062,0.0063,0.0351,0.0593,0.0375
0.0043,0.0033,0.0017,0.0013,0.0025,0.0077,0.0067,0.0008,0.0023,0.0012,0.0019,0.0064,0.0150,0.0047,0.0853,0.0758,0.0060,0.0593,0.0553,0.0862
0.0023,0.0034,0.0017,0.0024,0.0024,0.0031,0.0033,0.0013,0.0011,0.0009,0.0021,0.0028,0.0040,0.0053,0.0266,0.4615,0.1038,0.0375,0.0862,0.0918
