c1,c2,c3,c4,c5,c6,c7,c8,c9,c10,c11,c12,c13,c14,c15
0.0002,0.0208,0.0000,0.0035,0.0155,0.0125,0.0112,0.0195,0.0147,0.0564,0.0188,0.0179,0.0165,0.0138,0.0049
0.0208,0.0404,0.0570,0.0001,0.0082,0.0023,0.0027,0.0112,0.0113,0.0042,0.0038,0.0066,0.0064,0.0136,0.0139
0.0000,0.0570,0.0060,0.0124,0.0003,0.0130,0.0080,0.0193,0.0128,0.0285,0.0205,0.0065,0.0127,0.0138,0.0082
0.0035,0.0001,0.0124,0.0214,0.0135,0.0003,0.0245,0.0086,0.0172,0.0156,0.0106,0.0108,0.0138,0.0113,0.0114
0.0155,0.0082,0.0003,0.0135,0.0526,0.0296,0.0001,0.0031,0.0232,0.0053,0.0252,0.0153,0.0072,0.0095,0.0099
0.0125,0.0023,0.0130,0.0003,0.0296,0.0786,0.0108,0.0001,0.0147,0.0118,0.0033,0.0275,0.0082,0.0123,0.0109
0.0112,0.0027,0.0080,0.0245,0.0001,0.0108,0.0083,0.0081,0.0003,0.0070,0.0208,0.0165,0.0240,0.0295,0.0373
0.0195,0.0112,0.0193,0.0086,0.0031,0.0001,0.0081,0.0114,0.0357,0.0005,0.0091,0.0208,0.0074,0.0133,0.0151
0.0147,0.0113,0.0128,0.0172,0.0232,0.0147,0.0003,0.0357,0.0086,0.0129,0.0001,0.0026,0.0148,0.0034,0.0263
0.0564,0.0042,0.0285,0.0156,0.0053,0.0118,0.0070,0.0005,0.0129,0.0223,0.0141,0.0002,0.0116,0.0053,0.0061
0.0188,0.0038,0.0205,0.0106,0.0252,0.0033,0.0208,0.0091,0.0001,0.0141,0.0232,0.0119,0.0004,0.0069,0.0187
0.0179,0.0066,0.0065,0.0108,0.0153,0.0275,0.0165,0.0208,0.0026,0.0002,0.0119,0.0175,0.0227,0.0002,0.0104
0.0165,0.0064,0.0127,0.0138,0.0072,0.0082,0.0240,0.0074,0.0148,0.0116,0.0004,0.0227,0.0246,0.0082,0.0001
0.0138,0.0136,0.0138,0.0113,0.0095,0.0123,0.0295,0.0133,0.0034,0.0053,0.0069,0.0002,0.0082,0.0252,0.0008
0.0049,0.0139,0.0082,0.0114,0.0099,0.0109,0.0373,0.0151,0.0263,0.0061,0.0187,0.0104,0.0001,0.0008,0.0065