c1,c2,c3,c4,c5,c6,c7,c8,c9,c10,c11,c12,c13,c14,c15
0.0013,0.0185,0.0000,0.0073,0.0157,0.0086,0.0096,0.0159,0.0092,0.0101,0.0220,0.0188,0.0075,0.0073,0.0163
0.0185,0.0271,0.0463,0.0005,0.0064,0.0024,0.0024,0.0093,0.0092,0.0053,0.0049,0.0067,0.0069,0.0127,0.0094
0.0000,0.0463,0.0064,0.0179,0.0012,0.0110,0.0216,0.0114,0.0143,0.0102,0.0116,0.0103,0.0084,0.0045,0.0111
0.0073,0.0005,0.0179,0.0866,0.0204,0.0012,0.0146,0.0089,0.0056,0.0084,0.0038,0.0117,0.0055,0.0036,0.0071
0.0157,0.0064,0.0012,0.0204,0.0365,0.0124,0.0009,0.0047,0.0054,0.0076,0.0090,0.0132,0.0071,0.0065,0.0057
0.0086,0.0024,0.0110,0.0012,0.0124,0.0140,0.0226,0.0004,0.0122,0.0136,0.0074,0.0159,0.0118,0.0125,0.0052
0.0096,0.0024,0.0216,0.0146,0.0009,0.0226,0.0108,0.0139,0.0012,0.0092,0.0065,0.0045,0.0073,0.0123,0.0093
0.0159,0.0093,0.0114,0.0089,0.0047,0.0004,0.0139,0.0186,0.0247,0.0025,0.0035,0.0055,0.0053,0.0119,0.0116
0.0092,0.0092,0.0143,0.0056,0.0054,0.0122,0.0012,0.0247,0.0077,0.0331,0.0022,0.0039,0.0035,0.0032,0.0193
0.0101,0.0053,0.0102,0.0084,0.0076,0.0136,0.0092,0.0025,0.0331,0.0104,0.0056,0.0015,0.0065,0.0104,0.0028
0.0220,0.0049,0.0116,0.0038,0.0090,0.0074,0.0065,0.0035,0.0022,0.0056,0.0115,0.0042,0.0070,0.0155,0.0128
0.0188,0.0067,0.0103,0.0117,0.0132,0.0159,0.0045,0.0055,0.0039,0.0015,0.0042,0.0108,0.0298,0.0014,0.0067
0.0075,0.0069,0.0084,0.0055,0.0071,0.0118,0.0073,0.0053,0.0035,0.0065,0.0070,0.0298,0.0129,0.0157,0.0008
0.0073,0.0127,0.0045,0.0036,0.0065,0.0125,0.0123,0.0119,0.0032,0.0104,0.0155,0.0014,0.0157,0.0246,0.0012
0.0163,0.0094,0.0111,0.0071,0.0057,0.0052,0.0093,0.0116,0.0193,0.0028,0.0128,0.0067,0.0008,0.0012,0.0341