c1,c2,c3,c4,c5,c6,c7,c8,c9,c10,c11,c12,c13,c14,c15
0.0001,0.0291,0.0000,0.0060,0.0236,0.0168,0.0156,0.0272,0.0120,0.0115,0.0236,0.0248,0.0094,0.0113,0.0103
0.0291,0.0598,0.1069,0.0003,0.0104,0.0018,0.0022,0.0100,0.0063,0.0039,0.0023,0.0053,0.0073,0.0123,0.0081
0.0000,0.1069,0.0085,0.0173,0.0006,0.0126,0.0083,0.0173,0.0075,0.0125,0.0154,0.0098,0.0087,0.0126,0.0102
0.0060,0.0003,0.0173,0.0374,0.0198,0.0003,0.0221,0.0078,0.0080,0.0081,0.0084,0.0176,0.0077,0.0073,0.0091
0.0236,0.0104,0.0006,0.0198,0.0576,0.0386,0.0001,0.0038,0.0093,0.0060,0.0109,0.0090,0.0068,0.0072,0.0062
0.0168,0.0018,0.0126,0.0003,0.0386,0.0566,0.0125,0.0003,0.0175,0.0140,0.0035,0.0163,0.0081,0.0074,0.0070
0.0156,0.0022,0.0083,0.0221,0.0001,0.0125,0.0134,0.0142,0.0010,0.0059,0.0176,0.0045,0.0106,0.0300,0.0180
0.0272,0.0100,0.0173,0.0078,0.0038,0.0003,0.0142,0.0136,0.0284,0.0005,0.0054,0.0100,0.0046,0.0158,0.0135
0.0120,0.0063,0.0075,0.0080,0.0093,0.0175,0.0010,0.0284,0.0070,0.0190,0.0007,0.0048,0.0063,0.0062,0.0176
0.0115,0.0039,0.0125,0.0081,0.0060,0.0140,0.0059,0.0005,0.0190,0.0230,0.0171,0.0004,0.0186,0.0187,0.0056
0.0236,0.0023,0.0154,0.0084,0.0109,0.0035,0.0176,0.0054,0.0007,0.0171,0.0111,0.0178,0.0011,0.0073,0.0137
0.0248,0.0053,0.0098,0.0176,0.0090,0.0163,0.0045,0.0100,0.0048,0.0004,0.0178,0.0187,0.0240,0.0003,0.0072
0.0094,0.0073,0.0087,0.0077,0.0068,0.0081,0.0106,0.0046,0.0063,0.0186,0.0011,0.0240,0.0341,0.0115,0.0004
0.0113,0.0123,0.0126,0.0073,0.0072,0.0074,0.0300,0.0158,0.0062,0.0187,0.0073,0.0003,0.0115,0.0080,0.0007
0.0103,0.0081,0.0102,0.0091,0.0062,0.0070,0.0180,0.0135,0.0176,0.0056,0.0137,0.0072,0.0004,0.0007,0.0263