c1,c2,c3,c4,c5,c6,c7,c8,c9,c10,c11,c12,c13,c14,c15
0.0003,0.0495,0.0000,0.0060,0.0211,0.0195,0.0148,0.0149,0.0308,0.0108,0.0183,0.0090,0.0072,0.0092,0.0060
0.0495,0.0118,0.0264,0.0000,0.0095,0.0022,0.0041,0.0127,0.0082,0.0034,0.0040,0.0118,0.0112,0.0312,0.0183
0.0000,0.0264,0.0117,0.0102,0.0000,0.0051,0.0122,0.0079,0.0274,0.0181,0.0125,0.0189,0.0272,0.0200,0.0400
0.0060,0.0000,0.0102,0.0115,0.0122,0.0001,0.0360,0.0175,0.0201,0.0079,0.0094,0.0150,0.0215,0.0171,0.0234
0.0211,0.0095,0.0000,0.0122,0.0527,0.0241,0.0000,0.0057,0.0361,0.0068,0.0171,0.0195,0.0127,0.0175,0.0135
0.0195,0.0022,0.0051,0.0001,0.0241,0.0354,0.0207,0.0003,0.0279,0.0074,0.0031,0.0212,0.0082,0.0202,0.0166
0.0148,0.0041,0.0122,0.0360,0.0000,0.0207,0.0210,0.0046,0.0029,0.0080,0.0091,0.0060,0.0143,0.0177,0.0109
0.0149,0.0127,0.0079,0.0175,0.0057,0.0003,0.0046,0.0330,0.1692,0.0000,0.0046,0.0044,0.0053,0.0315,0.0287
0.0308,0.0082,0.0274,0.0201,0.0361,0.0279,0.0029,0.1692,0.0000,0.0527,0.0002,0.0014,0.0082,0.0057,0.0189
0.0108,0.0034,0.0181,0.0079,0.0068,0.0074,0.0080,0.0000,0.0527,0.0516,0.0117,0.0008,0.0312,0.0066,0.0105
0.0183,0.0040,0.0125,0.0094,0.0171,0.0031,0.0091,0.0046,0.0002,0.0117,0.0334,0.0376,0.0013,0.0077,0.0115
0.0090,0.0118,0.0189,0.0150,0.0195,0.0212,0.0060,0.0044,0.0014,0.0008,0.0376,0.0668,0.0107,0.0001,0.0076
0.0072,0.0112,0.0272,0.0215,0.0127,0.0082,0.0143,0.0053,0.0082,0.0312,0.0013,0.0107,0.0077,0.0063,0.0001
0.0092,0.0312,0.0200,0.0171,0.0175,0.0202,0.0177,0.0315,0.0057,0.0066,0.0077,0.0001,0.0063,0.0092,0.0002
0.0060,0.0183,0.0400,0.0234,0.0135,0.0166,0.0109,0.0287,0.0189,0.0105,0.0115,0.0076,0.0001,0.0002,0.0022