c1,c2,c3,c4,c5,c6,c7,c8,c9,c10,c11,c12,c13,c14,c15,c16,c17,c18,c19,c20,c21,c22,c23,c24,c25,c26,c27,c28,c29
0.0000,0.0062,0.0000,0.0090,0.1852,0.6907,0.3032,0.4207,0.0316,0.0624,0.0062,0.0070,0.0002,0.0029,0.0027,0.0055,0.0119,0.0086,0.0034,0.1303,0.0028,0.0989,0.0085,0.0204,0.0048,0.0028,0.0035,0.0023,0.0008
0.0062,0.0660,0.0772,0.0007,0.0085,0.0079,0.0391,0.0484,0.0048,0.0136,0.0021,0.0058,0.0009,0.0033,0.0021,0.0035,0.0017,0.0020,0.0014,0.0197,0.0017,0.0183,0.0040,0.0254,0.0182,0.0211,0.0074,0.0087,0.0114
0.0000,0.0772,0.0072,0.0293,0.0004,0.0024,0.0035,0.0040,0.0124,0.0145,0.0028,0.0090,0.0010,0.0044,0.0047,0.0059,0.0068,0.0038,0.0020,0.0308,0.0019,0.0503,0.0073,0.4568,0.0677,0.0650,0.0165,0.0106,0.0062
0.0090,0.0007,0.0293,0.0274,0.0371,0.0000,0.0008,0.0015,0.0029,0.0069,0.0044,0.0026,0.0008,0.0059,0.0032,0.0061,0.0055,0.0064,0.0025,0.0306,0.0071,0.0650,0.0157,0.0905,0.1846,0.0388,0.0117,0.0114,0.0086
0.1852,0.0085,0.0004,0.0371,0.0226,0.0020,0.0000,0.0000,0.0010,0.0017,0.0042,0.0038,0.0015,0.0038,0.0061,0.0067,0.0097,0.0062,0.0023,0.0489,0.0027,0.0799,0.0281,0.1311,0.5049,0.0418,0.0132,0.0143,0.0096
0.6907,0.0079,0.0024,0.0000,0.0020,0.0033,0.0057,0.0000,0.0001,0.0002,0.0014,0.0039,0.0018,0.0040,0.0049,0.0074,0.0083,0.0090,0.0028,0.0904,0.0073,0.4097,0.0629,0.6771,0.5115,0.1152,0.0184,0.0074,0.0060
0.3032,0.0391,0.0035,0.0008,0.0000,0.0057,0.0025,0.0000,0.0007,0.0000,0.0024,0.0012,0.0001,0.0027,0.0018,0.0056,0.0054,0.0031,0.0084,0.0981,0.0565,0.4649,1.0000,0.0351,0.1240,0.0043,0.0028,0.0016,0.0027
0.4207,0.0484,0.0040,0.0015,0.0000,0.0000,0.0000,0.0011,0.0080,0.0000,0.0001,0.0004,0.0003,0.0147,0.0090,0.0077,0.0228,0.0495,0.0159,0.9999,0.0663,0.9964,0.5179,0.1645,0.0073,0.0060,0.0030,0.0021,0.0027
0.0316,0.0048,0.0124,0.0029,0.0010,0.0001,0.0007,0.0080,0.0203,0.0003,0.0002,0.0010,0.0011,0.0063,0.0035,0.0033,0.0029,0.0024,0.0186,0.1575,1.0000,0.0492,0.0909,0.0066,0.0030,0.0030,0.0021,0.0015,0.0033
0.0624,0.0136,0.0145,0.0069,0.0017,0.0002,0.0000,0.0000,0.0003,0.0002,0.0005,0.0000,0.0000,0.0019,0.0191,0.0329,0.0829,0.9953,0.0381,1.0000,0.0503,0.2071,0.0081,0.0294,0.0058,0.0131,0.0060,0.0039,0.0044
0.0062,0.0021,0.0028,0.0044,0.0042,0.0014,0.0024,0.0001,0.0002,0.0005,0.0033,0.0089,0.0000,0.0010,0.0020,0.0315,0.0827,0.0185,0.9995,0.2321,0.9872,0.0713,0.0137,0.0047,0.0018,0.0023,0.0022,0.0016,0.0027
0.0070,0.0058,0.0090,0.0026,0.0038,0.0039,0.0012,0.0004,0.0010,0.0000,0.0089,0.0154,0.0145,0.0007,0.0024,0.0062,0.1423,0.9960,0.0254,0.5120,0.0064,0.0348,0.0038,0.0086,0.0042,0.0077,0.0022,0.0023,0.0020
0.0002,0.0009,0.0010,0.0008,0.0015,0.0018,0.0001,0.0003,0.0011,0.0000,0.0000,0.0145,0.0023,0.0443,0.0008,0.4077,0.9655,0.9807,0.9999,0.1372,0.2438,0.0041,0.0067,0.0025,0.0041,0.0020,0.0020,0.0019,0.0019
0.0029,0.0033,0.0044,0.0059,0.0038,0.0040,0.0027,0.0147,0.0063,0.0019,0.0010,0.0007,0.0443,0.0271,0.1724,0.0010,0.0303,0.1110,0.0417,0.0266,0.0123,0.0093,0.0054,0.0069,0.0038,0.0077,0.0036,0.0031,0.0029
0.0027,0.0021,0.0047,0.0032,0.0061,0.0049,0.0018,0.0090,0.0035,0.0191,0.0020,0.0024,0.0008,0.1724,0.0885,0.1804,0.0044,0.0172,0.0046,0.0041,0.0202,0.0235,0.0047,0.0145,0.0064,0.0062,0.0029,0.0035,0.0060
0.0055,0.0035,0.0059,0.0061,0.0067,0.0074,0.0056,0.0077,0.0033,0.0329,0.0315,0.0062,0.4077,0.0010,0.1804,0.0565,0.2347,0.0000,0.0067,0.0001,0.0043,0.0112,0.0054,0.0059,0.0071,0.0081,0.0024,0.0036,0.0035
0.0119,0.0017,0.0068,0.0055,0.0097,0.0083,0.0054,0.0228,0.0029,0.0829,0.0827,0.1423,0.9655,0.0303,0.0044,0.2347,0.0023,0.0036,0.0002,0.0000,0.0007,0.0010,0.0076,0.0078,0.0058,0.0073,0.0004,0.0023,0.0029
0.0086,0.0020,0.0038,0.0064,0.0062,0.0090,0.0031,0.0495,0.0024,0.9953,0.0185,0.9960,0.9807,0.1110,0.0172,0.0000,0.0036,0.0122,0.0035,0.0000,0.0001,0.0001,0.0002,0.0071,0.0030,0.0100,0.0020,0.0015,0.0014
0.0034,0.0014,0.0020,0.0025,0.0023,0.0028,0.0084,0.0159,0.0186,0.0381,0.9995,0.0254,0.9999,0.0417,0.0046,0.0067,0.0002,0.0035,0.0091,0.0000,0.0002,0.0001,0.0015,0.0027,0.0024,0.0030,0.0035,0.0018,0.0026
0.1303,0.0197,0.0308,0.0306,0.0489,0.0904,0.0981,0.9999,0.1575,1.0000,0.2321,0.5120,0.1372,0.0266,0.0041,0.0001,0.0000,0.0000,0.0000,0.0720,0.0005,0.0000,0.0000,0.0002,0.0001,0.0019,0.0016,0.0016,0.0010
0.0028,0.0017,0.0019,0.0071,0.0027,0.0073,0.0565,0.0663,1.0000,0.0503,0.9872,0.0064,0.2438,0.0123,0.0202,0.0043,0.0007,0.0001,0.0002,0.0005,0.0028,0.0004,0.0000,0.0009,0.0003,0.0012,0.0038,0.0018,0.0035
0.0989,0.0183,0.0503,0.0650,0.0799,0.4097,0.4649,0.9964,0.0492,0.2071,0.0713,0.0348,0.0041,0.0093,0.0235,0.0112,0.0010,0.0001,0.0001,0.0000,0.0004,0.0503,0.0043,0.0000,0.0001,0.0003,0.0015,0.0050,0.0312
0.0085,0.0040,0.0073,0.0157,0.0281,0.0629,1.0000,0.5179,0.0909,0.0081,0.0137,0.0038,0.0067,0.0054,0.0047,0.0054,0.0076,0.0002,0.0015,0.0000,0.0000,0.0043,0.0061,0.0004,0.0006,0.0019,0.0043,0.0026,0.0254
0.0204,0.0254,0.4568,0.0905,0.1311,0.6771,0.0351,0.1645,0.0066,0.0294,0.0047,0.0086,0.0025,0.0069,0.0145,0.0059,0.0078,0.0071,0.0027,0.0002,0.0009,0.0000,0.0004,0.0284,0.0312,0.0000,0.0013,0.0017,0.0384
0.0048,0.0182,0.0677,0.1846,0.5049,0.5115,0.1240,0.0073,0.0030,0.0058,0.0018,0.0042,0.0041,0.0038,0.0064,0.0071,0.0058,0.0030,0.0024,0.0001,0.0003,0.0001,0.0006,0.0312,0.0150,0.0093,0.0018,0.0045,0.0289
0.0028,0.0211,0.0650,0.0388,0.0418,0.1152,0.0043,0.0060,0.0030,0.0131,0.0023,0.0077,0.0020,0.0077,0.0062,0.0081,0.0073,0.0100,0.0030,0.0019,0.0012,0.0003,0.0019,0.0000,0.0093,0.1329,0.7688,0.0047,0.0061
0.0035,0.0074,0.0165,0.0117,0.0132,0.0184,0.0028,0.0030,0.0021,0.0060,0.0022,0.0022,0.0020,0.0036,0.0029,0.0024,0.0004,0.0020,0.0035,0.0016,0.0038,0.0015,0.0043,0.0013,0.0018,0.7688,0.1287,0.9636,0.0561
0.0023,0.0087,0.0106,0.0114,0.0143,0.0074,0.0016,0.0021,0.0015,0.0039,0.0016,0.0023,0.0019,0.0031,0.0035,0.0036,0.0023,0.0015,0.0018,0.0016,0.0018,0.0050,0.0026,0.0017,0.0045,0.0047,0.9636,0.8619,0.7531
0.0008,0.0114,0.0062,0.0086,0.0096,0.0060,0.0027,0.0027,0.0033,0.0044,0.0027,0.0020,0.0019,0.0029,0.0060,0.0035,0.0029,0.0014,0.0026,0.0010,0.0035,0.0312,0.0254,0.0384,0.0289,0.0061,0.0561,0.7531,0.0729