c1,c2,c3,c4,c5,c6,c7,c8,c9,c10,c11,c12,c13,c14,c15,c16,c17,c18,c19,c20,c21,c22,c23,c24,c25,c26,c27,c28,c29
0.0269,0.0075,0.0007,0.0001,0.0079,0.0010,0.0747,0.0073,0.0089,0.0364,0.0054,0.5577,0.0139,0.1351,0.0359,0.0483,0.0042,0.0034,0.0051,0.0038,0.0021,0.0014,0.0035,0.0023,0.0039,0.0041,0.0052,0.0051,0.0053
0.0075,0.0254,0.0102,0.0000,0.0017,0.0002,0.0044,0.0014,0.0036,0.0089,0.0106,0.9698,0.1674,0.3764,0.0695,0.0576,0.0056,0.0055,0.0067,0.0038,0.0034,0.0023,0.0025,0.0027,0.0069,0.0036,0.0054,0.0048,0.0094
0.0007,0.0102,0.0437,0.0000,0.0000,0.0000,0.0009,0.0004,0.0067,0.0115,0.0075,0.9997,0.0250,0.9661,0.0942,0.0496,0.0039,0.0039,0.0052,0.0022,0.0021,0.0023,0.0037,0.0032,0.0105,0.0057,0.0090,0.0045,0.0114
0.0001,0.0000,0.0000,0.0001,0.0010,0.0000,0.0001,0.0000,0.0003,0.0060,0.0112,0.2424,0.9994,0.6139,0.9980,0.9998,0.0084,0.4684,0.3974,0.0047,0.0049,0.0387,0.0028,0.0017,0.0122,0.0019,0.0011,0.0028,0.0038
0.0079,0.0017,0.0000,0.0010,0.2445,0.0001,0.0009,0.0004,0.0006,0.9998,0.0079,1.0000,0.0039,0.0068,0.0043,0.0048,0.0024,0.0045,0.0096,0.0014,0.0034,0.0063,0.0052,0.0015,0.0034,0.0024,0.0013,0.0021,0.0093
0.0010,0.0002,0.0000,0.0000,0.0001,0.1208,0.0020,0.0000,0.0024,0.0037,0.0235,0.0748,0.1627,0.0098,0.0806,0.0386,0.0122,0.4319,0.1820,0.0053,0.4691,0.3969,0.0131,0.0045,0.8091,0.0188,0.0067,0.0057,0.0062
0.0747,0.0044,0.0009,0.0001,0.0009,0.0020,0.7596,0.0027,0.0000,0.0323,0.0005,0.0095,0.0020,0.0046,0.0029,0.0164,0.0051,0.0064,0.0496,0.0047,0.0075,0.4390,0.0280,0.0055,0.0437,0.0365,0.0141,0.0377,0.0299
0.0073,0.0014,0.0004,0.0000,0.0004,0.0000,0.0027,0.5047,0.0002,0.0001,0.0004,0.0005,0.0006,0.0020,0.0028,0.0020,0.0034,0.0143,0.0222,0.0087,0.1139,0.8535,0.1867,0.0467,0.9419,0.3034,0.4975,0.1037,0.0177
0.0089,0.0036,0.0067,0.0003,0.0006,0.0024,0.0000,0.0002,0.0005,0.0028,0.0000,0.0001,0.0062,0.0111,0.0474,0.0070,0.0069,0.1277,0.0581,0.0073,0.8593,0.2558,0.0216,0.0074,0.9954,0.0392,0.0523,0.0210,0.0059
0.0364,0.0089,0.0115,0.0060,0.9998,0.0037,0.0323,0.0001,0.0028,0.9790,0.0002,0.0000,0.0000,0.0005,0.0009,0.0056,0.0054,0.0044,0.0194,0.0028,0.0100,0.0161,0.0113,0.0038,0.0335,0.0094,0.0043,0.0101,0.0085
0.0054,0.0106,0.0075,0.0112,0.0079,0.0235,0.0005,0.0004,0.0000,0.0002,0.2461,0.0103,0.0000,0.0070,0.0027,0.0043,0.0484,0.0194,0.0062,0.0226,0.0574,0.0060,0.0103,0.5623,0.0958,0.0251,0.0589,0.0110,0.0081
0.5577,0.9698,0.9997,0.2424,1.0000,0.0748,0.0095,0.0005,0.0001,0.0000,0.0103,0.7097,0.0000,0.0000,0.0001,0.0002,0.0006,0.0009,0.0017,0.0008,0.0041,0.0005,0.0019,0.0021,0.0029,0.0022,0.0009,0.0012,0.0013
0.0139,0.1674,0.0250,0.9994,0.0039,0.1627,0.0020,0.0006,0.0062,0.0000,0.0000,0.0000,0.0001,0.0019,0.0001,0.0000,0.0018,0.9913,0.5377,0.0038,0.3267,0.0495,0.0019,0.0650,0.0310,0.0100,0.0043,0.0019,0.0016
0.1351,0.3764,0.9661,0.6139,0.0068,0.0098,0.0046,0.0020,0.0111,0.0005,0.0070,0.0000,0.0019,0.1121,0.0215,0.0003,0.1603,0.0002,0.0011,0.0130,0.0015,0.0009,0.0047,0.0125,0.0008,0.0035,0.0055,0.0013,0.0023
0.0359,0.0695,0.0942,0.9980,0.0043,0.0806,0.0029,0.0028,0.0474,0.0009,0.0027,0.0001,0.0001,0.0215,0.0918,0.0463,0.0005,0.0025,0.0008,0.0070,0.0060,0.0005,0.0026,0.0097,0.0033,0.0033,0.0029,0.0022,0.0027
0.0483,0.0576,0.0496,0.9998,0.0048,0.0386,0.0164,0.0020,0.0070,0.0056,0.0043,0.0002,0.0000,0.0003,0.0463,0.0334,0.0966,0.0000,0.0044,0.1305,0.0019,0.0022,0.0049,0.0034,0.0002,0.0030,0.0012,0.0026,0.0064
0.0042,0.0056,0.0039,0.0084,0.0024,0.0122,0.0051,0.0034,0.0069,0.0054,0.0484,0.0006,0.0018,0.1603,0.0005,0.0966,0.4250,0.0020,0.0002,0.8689,0.0287,0.0006,0.0165,0.0140,0.0012,0.0026,0.0024,0.0009,0.0113
0.0034,0.0055,0.0039,0.4684,0.0045,0.4319,0.0064,0.0143,0.1277,0.0044,0.0194,0.0009,0.9913,0.0002,0.0025,0.0000,0.0020,0.0467,0.0022,0.0008,0.0045,0.0042,0.0041,0.0126,0.0020,0.0039,0.0018,0.0014,0.0051
0.0051,0.0067,0.0052,0.3974,0.0096,0.1820,0.0496,0.0222,0.0581,0.0194,0.0062,0.0017,0.5377,0.0011,0.0008,0.0044,0.0002,0.0022,0.0272,0.0158,0.0000,0.0003,0.0025,0.0036,0.0151,0.0170,0.0030,0.0046,0.0157
0.0038,0.0038,0.0022,0.0047,0.0014,0.0053,0.0047,0.0087,0.0073,0.0028,0.0226,0.0008,0.0038,0.0130,0.0070,0.1305,0.8689,0.0008,0.0158,0.5253,0.0005,0.0001,0.0296,0.0174,0.0024,0.0106,0.0034,0.0026,0.0115
0.0021,0.0034,0.0021,0.0049,0.0034,0.4691,0.0075,0.1139,0.8593,0.0100,0.0574,0.0041,0.3267,0.0015,0.0060,0.0019,0.0287,0.0045,0.0000,0.0005,0.9627,0.0001,0.0000,0.0019,0.0078,0.0044,0.0048,0.0021,0.0048
0.0014,0.0023,0.0023,0.0387,0.0063,0.3969,0.4390,0.8535,0.2558,0.0161,0.0060,0.0005,0.0495,0.0009,0.0005,0.0022,0.0006,0.0042,0.0003,0.0001,0.0001,0.1252,0.0032,0.0002,0.0002,0.0099,0.0178,0.2587,0.1397
0.0035,0.0025,0.0037,0.0028,0.0052,0.0131,0.0280,0.1867,0.0216,0.0113,0.0103,0.0019,0.0019,0.0047,0.0026,0.0049,0.0165,0.0041,0.0025,0.0296,0.0000,0.0032,0.1309,0.0214,0.0000,0.0024,0.0222,0.2675,0.5836
0.0023,0.0027,0.0032,0.0017,0.0015,0.0045,0.0055,0.0467,0.0074,0.0038,0.5623,0.0021,0.0650,0.0125,0.0097,0.0034,0.0140,0.0126,0.0036,0.0174,0.0019,0.0002,0.0214,0.8178,0.0003,0.0005,0.0235,0.0030,0.0109
0.0039,0.0069,0.0105,0.0122,0.0034,0.8091,0.0437,0.9419,0.9954,0.0335,0.0958,0.0029,0.0310,0.0008,0.0033,0.0002,0.0012,0.0020,0.0151,0.0024,0.0078,0.0002,0.0000,0.0003,0.6327,0.0003,0.0004,0.0006,0.0001
0.0041,0.0036,0.0057,0.0019,0.0024,0.0188,0.0365,0.3034,0.0392,0.0094,0.0251,0.0022,0.0100,0.0035,0.0033,0.0030,0.0026,0.0039,0.0170,0.0106,0.0044,0.0099,0.0024,0.0005,0.0003,0.6496,0.1499,0.0015,0.0005
0.0052,0.0054,0.0090,0.0011,0.0013,0.0067,0.0141,0.4975,0.0523,0.0043,0.0589,0.0009,0.0043,0.0055,0.0029,0.0012,0.0024,0.0018,0.0030,0.0034,0.0048,0.0178,0.0222,0.0235,0.0004,0.1499,0.0406,0.0427,0.0006
0.0051,0.0048,0.0045,0.0028,0.0021,0.0057,0.0377,0.1037,0.0210,0.0101,0.0110,0.0012,0.0019,0.0013,0.0022,0.0026,0.0009,0.0014,0.0046,0.0026,0.0021,0.2587,0.2675,0.0030,0.0006,0.0015,0.0427,0.2206,0.0531
0.0053,0.0094,0.0114,0.0038,0.0093,0.0062,0.0299,0.0177,0.0059,0.0085,0.0081,0.0013,0.0016,0.0023,0.0027,0.0064,0.0113,0.0051,0.0157,0.0115,0.0048,0.1397,0.5836,0.0109,0.0001,0.0005,0.0006,0.0531,0.0093