c1,c2,c3,c4,c5,c6,c7,c8,c9,c10,c11,c12,c13,c14,c15,c16,c17,c18,c19,c20,c21,c22,c23,c24,c25,c26,c27,c28,c29
0.0062,0.0087,0.0001,0.0000,0.0078,0.0008,0.0328,0.0134,0.0058,0.0416,0.0115,0.5087,0.0373,0.1451,0.0282,0.0227,0.0132,0.0056,0.0036,0.0110,0.0043,0.0018,0.0037,0.0126,0.0056,0.0058,0.0060,0.0032,0.0024
0.0087,0.0369,0.0142,0.0000,0.0070,0.0001,0.0062,0.0020,0.0014,0.0319,0.0119,0.9977,0.1965,0.7012,0.0567,0.0349,0.0139,0.0039,0.0035,0.0044,0.0027,0.0011,0.0015,0.0027,0.0019,0.0024,0.0023,0.0026,0.0030
0.0001,0.0142,0.0514,0.0001,0.0000,0.0000,0.0030,0.0026,0.0026,0.0508,0.0116,0.9995,0.0237,0.6213,0.0470,0.0649,0.0057,0.0056,0.0102,0.0043,0.0021,0.0020,0.0035,0.0050,0.0042,0.0068,0.0046,0.0046,0.0076
0.0000,0.0000,0.0001,0.0003,0.0011,0.0000,0.0004,0.0002,0.0006,0.0232,0.0240,0.7989,0.9997,0.6716,0.5791,0.9998,0.0112,0.0023,0.8554,0.0145,0.0008,0.0062,0.0215,0.0015,0.0042,0.0043,0.0030,0.0024,0.0037
0.0078,0.0070,0.0000,0.0011,0.0624,0.0000,0.0004,0.0003,0.0003,0.9997,0.0115,1.0000,0.0091,0.0094,0.0056,0.0109,0.0025,0.0030,0.0772,0.0040,0.0008,0.0027,0.0051,0.0021,0.0013,0.0019,0.0010,0.0010,0.0033
0.0008,0.0001,0.0000,0.0000,0.0000,0.0018,0.0013,0.0000,0.0005,0.0132,0.0655,0.0849,0.1018,0.0135,0.0671,0.0417,0.0030,0.0108,0.5803,0.0055,0.0110,0.9325,0.2015,0.0088,0.0742,0.1122,0.2615,0.2311,0.0209
0.0328,0.0062,0.0030,0.0004,0.0004,0.0013,0.1807,0.0710,0.0000,0.0911,0.0017,0.0093,0.0051,0.0049,0.0056,0.1096,0.0083,0.0028,0.4194,0.0238,0.0009,0.0027,0.3427,0.0048,0.0032,0.0065,0.0022,0.0047,0.0234
0.0134,0.0020,0.0026,0.0002,0.0003,0.0000,0.0710,0.0103,0.0113,0.0005,0.0035,0.0036,0.0083,0.0028,0.0086,0.0043,0.0026,0.0070,0.2804,0.0030,0.0030,0.0325,0.4125,0.0076,0.0155,0.1664,0.0048,0.2134,0.0338
0.0058,0.0014,0.0026,0.0006,0.0003,0.0005,0.0000,0.0113,0.0000,0.0010,0.0000,0.0001,0.0032,0.0109,0.0482,0.0094,0.0023,0.0456,0.1219,0.0087,0.0401,0.9270,0.1238,0.0159,0.3465,0.2884,0.5634,0.7430,0.0331
0.0416,0.0319,0.0508,0.0232,0.9997,0.0132,0.0911,0.0005,0.0010,0.7831,0.0011,0.0000,0.0000,0.0015,0.0006,0.0183,0.0028,0.0024,0.0435,0.0046,0.0015,0.0117,0.0105,0.0077,0.0019,0.0037,0.0009,0.0045,0.0105
0.0115,0.0119,0.0116,0.0240,0.0115,0.0655,0.0017,0.0035,0.0000,0.0011,0.1045,0.0180,0.0000,0.0096,0.0007,0.0014,0.0680,0.1759,0.0064,0.0059,0.4846,0.0202,0.0031,0.0217,0.0392,0.0492,0.0101,0.0071,0.0044
0.5087,0.9977,0.9995,0.7989,1.0000,0.0849,0.0093,0.0036,0.0001,0.0000,0.0180,0.0240,0.0001,0.0001,0.0001,0.0002,0.0005,0.0009,0.0008,0.0008,0.0010,0.0008,0.0006,0.0010,0.0008,0.0009,0.0006,0.0006,0.0009
0.0373,0.1965,0.0237,0.9997,0.0091,0.1018,0.0051,0.0083,0.0032,0.0000,0.0000,0.0001,0.0001,0.0024,0.0000,0.0002,0.0012,0.0110,0.7648,0.0060,0.0434,0.8437,0.0037,0.0026,0.0330,0.1664,0.0090,0.0043,0.0028
0.1451,0.7012,0.6213,0.6716,0.0094,0.0135,0.0049,0.0028,0.0109,0.0015,0.0096,0.0001,0.0024,0.1282,0.0450,0.0002,0.0157,0.0115,0.0013,0.0041,0.0025,0.0001,0.0012,0.0023,0.0023,0.0051,0.0020,0.0016,0.0023
0.0282,0.0567,0.0470,0.5791,0.0056,0.0671,0.0056,0.0086,0.0482,0.0006,0.0007,0.0001,0.0000,0.0450,0.0108,0.0030,0.4483,0.1719,0.0000,0.0055,0.0729,0.0004,0.0008,0.0072,0.0191,0.0089,0.0048,0.0050,0.0024
0.0227,0.0349,0.0649,0.9998,0.0109,0.0417,0.1096,0.0043,0.0094,0.0183,0.0014,0.0002,0.0002,0.0002,0.0030,0.1473,0.0648,0.0001,0.0009,0.1714,0.0006,0.0006,0.0071,0.0042,0.0011,0.0018,0.0007,0.0009,0.0082
0.0132,0.0139,0.0057,0.0112,0.0025,0.0030,0.0083,0.0026,0.0023,0.0028,0.0680,0.0005,0.0012,0.0157,0.4483,0.0648,0.3982,0.5794,0.0000,0.0792,0.1192,0.0007,0.0031,0.0036,0.0033,0.0020,0.0017,0.0011,0.0064
0.0056,0.0039,0.0056,0.0023,0.0030,0.0108,0.0028,0.0070,0.0456,0.0024,0.1759,0.0009,0.0110,0.0115,0.1719,0.0001,0.5794,0.5176,0.0000,0.0015,0.3859,0.0007,0.0013,0.0347,0.0060,0.0025,0.0044,0.0013,0.0085
0.0036,0.0035,0.0102,0.8554,0.0772,0.5803,0.4194,0.2804,0.1219,0.0435,0.0064,0.0008,0.7648,0.0013,0.0000,0.0009,0.0000,0.0000,0.0348,0.0198,0.0000,0.0000,0.0345,0.0042,0.0063,0.0068,0.0036,0.0078,0.0130
0.0110,0.0044,0.0043,0.0145,0.0040,0.0055,0.0238,0.0030,0.0087,0.0046,0.0059,0.0008,0.0060,0.0041,0.0055,0.1714,0.0792,0.0015,0.0198,0.0777,0.0108,0.0000,0.0195,0.0983,0.0034,0.0054,0.0050,0.0024,0.0284
0.0043,0.0027,0.0021,0.0008,0.0008,0.0110,0.0009,0.0030,0.0401,0.0015,0.4846,0.0010,0.0434,0.0025,0.0729,0.0006,0.1192,0.3859,0.0000,0.0108,0.0128,0.0000,0.0010,0.0429,0.2503,0.1108,0.0202,0.0145,0.0059
0.0018,0.0011,0.0020,0.0062,0.0027,0.9325,0.0027,0.0325,0.9270,0.0117,0.0202,0.0008,0.8437,0.0001,0.0004,0.0006,0.0007,0.0007,0.0000,0.0000,0.0000,0.7283,0.0005,0.0001,0.0188,0.0256,0.8265,0.8835,0.0515
0.0037,0.0015,0.0035,0.0215,0.0051,0.2015,0.3427,0.4125,0.1238,0.0105,0.0031,0.0006,0.0037,0.0012,0.0008,0.0071,0.0031,0.0013,0.0345,0.0195,0.0010,0.0005,0.0122,0.0267,0.0000,0.0002,0.0378,0.0198,0.1621
0.0126,0.0027,0.0050,0.0015,0.0021,0.0088,0.0048,0.0076,0.0159,0.0077,0.0217,0.0010,0.0026,0.0023,0.0072,0.0042,0.0036,0.0347,0.0042,0.0983,0.0429,0.0001,0.0267,0.5585,0.0071,0.0003,0.0305,0.0038,0.0323
0.0056,0.0019,0.0042,0.0042,0.0013,0.0742,0.0032,0.0155,0.3465,0.0019,0.0392,0.0008,0.0330,0.0023,0.0191,0.0011,0.0033,0.0060,0.0063,0.0034,0.2503,0.0188,0.0000,0.0071,0.1697,0.0097,0.0072,0.0031,0.0038
0.0058,0.0024,0.0068,0.0043,0.0019,0.1122,0.0065,0.1664,0.2884,0.0037,0.0492,0.0009,0.1664,0.0051,0.0089,0.0018,0.0020,0.0025,0.0068,0.0054,0.1108,0.0256,0.0002,0.0003,0.0097,0.0333,0.0294,0.0001,0.0021
0.0060,0.0023,0.0046,0.0030,0.0010,0.2615,0.0022,0.0048,0.5634,0.0009,0.0101,0.0006,0.0090,0.0020,0.0048,0.0007,0.0017,0.0044,0.0036,0.0050,0.0202,0.8265,0.0378,0.0305,0.0072,0.0294,0.0021,0.0203,0.0001
0.0032,0.0026,0.0046,0.0024,0.0010,0.2311,0.0047,0.2134,0.7430,0.0045,0.0071,0.0006,0.0043,0.0016,0.0050,0.0009,0.0011,0.0013,0.0078,0.0024,0.0145,0.8835,0.0198,0.0038,0.0031,0.0001,0.0203,0.0194,0.0076
0.0024,0.0030,0.0076,0.0037,0.0033,0.0209,0.0234,0.0338,0.0331,0.0105,0.0044,0.0009,0.0028,0.0023,0.0024,0.0082,0.0064,0.0085,0.0130,0.0284,0.0059,0.0515,0.1621,0.0323,0.0038,0.0021,0.0001,0.0076,0.0080