c1,c2,c3,c4,c5,c6,c7,c8,c9,c10,c11,c12,c13,c14,c15,c16,c17,c18,c19,c20,c21,c22,c23,c24,c25,c26,c27,c28,c29
0.0512,0.0115,0.0004,0.0000,0.0058,0.0007,0.0887,0.0074,0.0088,0.0372,0.0032,0.1468,0.0106,0.2221,0.0342,0.0413,0.0077,0.0022,0.0052,0.0046,0.0025,0.0021,0.0056,0.0037,0.0048,0.0044,0.0052,0.0089,0.0163
0.0115,0.0507,0.0129,0.0000,0.0017,0.0001,0.0069,0.0017,0.0035,0.0149,0.0063,0.6171,0.2383,0.3030,0.0816,0.0520,0.0053,0.0027,0.0075,0.0028,0.0024,0.0040,0.0041,0.0023,0.0072,0.0045,0.0056,0.0067,0.0170
0.0004,0.0129,0.1333,0.0000,0.0000,0.0000,0.0026,0.0005,0.0070,0.0136,0.0050,0.9778,0.0336,0.9150,0.0612,0.0383,0.0036,0.0040,0.0089,0.0019,0.0032,0.0045,0.0051,0.0043,0.0204,0.0063,0.0086,0.0081,0.0120
0.0000,0.0000,0.0000,0.0000,0.0010,0.0000,0.0001,0.0000,0.0007,0.0121,0.0402,0.2470,0.9986,0.8847,0.9421,0.9990,0.0093,0.8350,0.8658,0.0031,0.0032,0.0829,0.0039,0.0015,0.0080,0.0012,0.0007,0.0024,0.0029
0.0058,0.0017,0.0000,0.0010,0.5112,0.0001,0.0006,0.0003,0.0008,0.8955,0.0122,0.9987,0.0304,0.0071,0.0054,0.0043,0.0021,0.0058,0.0156,0.0025,0.0047,0.0335,0.0076,0.0036,0.0067,0.0044,0.0027,0.0028,0.0061
0.0007,0.0001,0.0000,0.0000,0.0001,0.0770,0.0041,0.0000,0.0026,0.0049,0.0929,0.1147,0.0199,0.0131,0.0827,0.0307,0.0064,0.4351,0.2050,0.0042,0.5724,0.2445,0.0135,0.0039,0.9617,0.0181,0.0091,0.0044,0.0041
0.0887,0.0069,0.0026,0.0001,0.0006,0.0041,0.9275,0.0030,0.0000,0.0098,0.0004,0.0032,0.0027,0.0025,0.0030,0.0071,0.0028,0.0043,0.1383,0.0048,0.0061,0.9266,0.0272,0.0047,0.0492,0.0653,0.0165,0.0061,0.0076
0.0074,0.0017,0.0005,0.0000,0.0003,0.0000,0.0030,0.3368,0.0001,0.0002,0.0004,0.0007,0.0008,0.0025,0.0039,0.0020,0.0028,0.0211,0.0158,0.0048,0.1889,0.8832,0.1598,0.0327,0.9977,0.2951,0.1345,0.0254,0.0070
0.0088,0.0035,0.0070,0.0007,0.0008,0.0026,0.0000,0.0001,0.0001,0.0032,0.0000,0.0005,0.0034,0.0186,0.0827,0.0097,0.0063,0.1769,0.0307,0.0074,0.9792,0.0537,0.0206,0.0083,0.9923,0.0287,0.0669,0.0114,0.0088
0.0372,0.0149,0.0136,0.0121,0.8955,0.0049,0.0098,0.0002,0.0032,0.9909,0.0001,0.0000,0.0000,0.0005,0.0011,0.0068,0.0044,0.0037,0.0247,0.0038,0.0164,0.0393,0.0120,0.0078,0.0359,0.0089,0.0151,0.0080,0.0093
0.0032,0.0063,0.0050,0.0402,0.0122,0.0929,0.0004,0.0004,0.0000,0.0001,0.2756,0.0122,0.0000,0.0039,0.0017,0.0019,0.0828,0.5053,0.0085,0.0124,0.5963,0.0054,0.0030,0.0820,0.1245,0.0093,0.0160,0.0068,0.0026
0.1468,0.6171,0.9778,0.2470,0.9987,0.1147,0.0032,0.0007,0.0005,0.0000,0.0122,0.7159,0.0001,0.0000,0.0009,0.0007,0.0009,0.0032,0.0038,0.0014,0.0058,0.0013,0.0013,0.0035,0.0059,0.0018,0.0006,0.0014,0.0012
0.0106,0.2383,0.0336,0.9986,0.0304,0.0199,0.0027,0.0008,0.0034,0.0000,0.0000,0.0001,0.0814,0.0120,0.0000,0.0002,0.0019,0.9999,0.1618,0.0012,0.0235,0.0041,0.0013,0.0100,0.0062,0.0055,0.0009,0.0017,0.0017
0.2221,0.3030,0.9150,0.8847,0.0071,0.0131,0.0025,0.0025,0.0186,0.0005,0.0039,0.0000,0.0120,0.1456,0.0067,0.0005,0.0583,0.0002,0.0004,0.0060,0.0015,0.0008,0.0041,0.0074,0.0009,0.0017,0.0120,0.0022,0.0020
0.0342,0.0816,0.0612,0.9421,0.0054,0.0827,0.0030,0.0039,0.0827,0.0011,0.0017,0.0009,0.0000,0.0067,0.2570,0.0064,0.0056,0.0021,0.0007,0.0081,0.0035,0.0007,0.0049,0.0129,0.0024,0.0026,0.0230,0.0052,0.0021
0.0413,0.0520,0.0383,0.9990,0.0043,0.0307,0.0071,0.0020,0.0097,0.0068,0.0019,0.0007,0.0002,0.0005,0.0064,0.1473,0.1167,0.0000,0.0027,0.0259,0.0013,0.0027,0.0051,0.0045,0.0007,0.0032,0.0056,0.0057,0.0128
0.0077,0.0053,0.0036,0.0093,0.0021,0.0064,0.0028,0.0028,0.0063,0.0044,0.0828,0.0009,0.0019,0.0583,0.0056,0.1167,0.7416,0.0004,0.0004,0.5691,0.0161,0.0007,0.0085,0.0129,0.0011,0.0017,0.0035,0.0038,0.0111
0.0022,0.0027,0.0040,0.8350,0.0058,0.4351,0.0043,0.0211,0.1769,0.0037,0.5053,0.0032,0.9999,0.0002,0.0021,0.0000,0.0004,0.1649,0.0007,0.0002,0.0027,0.0035,0.0009,0.0106,0.0005,0.0016,0.0008,0.0013,0.0025
0.0052,0.0075,0.0089,0.8658,0.0156,0.2050,0.1383,0.0158,0.0307,0.0247,0.0085,0.0038,0.1618,0.0004,0.0007,0.0027,0.0004,0.0007,0.0398,0.0058,0.0000,0.0002,0.0051,0.0030,0.0090,0.0207,0.0082,0.0046,0.0111
0.0046,0.0028,0.0019,0.0031,0.0025,0.0042,0.0048,0.0048,0.0074,0.0038,0.0124,0.0014,0.0012,0.0060,0.0081,0.0259,0.5691,0.0002,0.0058,0.8115,0.0006,0.0002,0.0743,0.0474,0.0029,0.0392,0.0103,0.0116,0.0145
0.0025,0.0024,0.0032,0.0032,0.0047,0.5724,0.0061,0.1889,0.9792,0.0164,0.5963,0.0058,0.0235,0.0015,0.0035,0.0013,0.0161,0.0027,0.0000,0.0006,0.9864,0.0001,0.0000,0.0026,0.0099,0.0036,0.0046,0.0008,0.0031
0.0021,0.0040,0.0045,0.0829,0.0335,0.2445,0.9266,0.8832,0.0537,0.0393,0.0054,0.0013,0.0041,0.0008,0.0007,0.0027,0.0007,0.0035,0.0002,0.0002,0.0001,0.0861,0.0045,0.0005,0.0000,0.0251,0.0101,0.0601,0.0320
0.0056,0.0041,0.0051,0.0039,0.0076,0.0135,0.0272,0.1598,0.0206,0.0120,0.0030,0.0013,0.0013,0.0041,0.0049,0.0051,0.0085,0.0009,0.0051,0.0743,0.0000,0.0045,0.5525,0.0341,0.0000,0.0029,0.0338,0.1130,0.1782
0.0037,0.0023,0.0043,0.0015,0.0036,0.0039,0.0047,0.0327,0.0083,0.0078,0.0820,0.0035,0.0100,0.0074,0.0129,0.0045,0.0129,0.0106,0.0030,0.0474,0.0026,0.0005,0.0341,0.8516,0.0001,0.0005,0.0179,0.0061,0.0129
0.0048,0.0072,0.0204,0.0080,0.0067,0.9617,0.0492,0.9977,0.9923,0.0359,0.1245,0.0059,0.0062,0.0009,0.0024,0.0007,0.0011,0.0005,0.0090,0.0029,0.0099,0.0000,0.0000,0.0001,0.4433,0.0006,0.0001,0.0003,0.0002
0.0044,0.0045,0.0063,0.0012,0.0044,0.0181,0.0653,0.2951,0.0287,0.0089,0.0093,0.0018,0.0055,0.0017,0.0026,0.0032,0.0017,0.0016,0.0207,0.0392,0.0036,0.0251,0.0029,0.0005,0.0006,0.7851,0.0936,0.0007,0.0011
0.0052,0.0056,0.0086,0.0007,0.0027,0.0091,0.0165,0.1345,0.0669,0.0151,0.0160,0.0006,0.0009,0.0120,0.0230,0.0056,0.0035,0.0008,0.0082,0.0103,0.0046,0.0101,0.0338,0.0179,0.0001,0.0936,0.0414,0.0576,0.0002
0.0089,0.0067,0.0081,0.0024,0.0028,0.0044,0.0061,0.0254,0.0114,0.0080,0.0068,0.0014,0.0017,0.0022,0.0052,0.0057,0.0038,0.0013,0.0046,0.0116,0.0008,0.0601,0.1130,0.0061,0.0003,0.0007,0.0576,0.3967,0.2281
0.0163,0.0170,0.0120,0.0029,0.0061,0.0041,0.0076,0.0070,0.0088,0.0093,0.0026,0.0012,0.0017,0.0020,0.0021,0.0128,0.0111,0.0025,0.0111,0.0145,0.0031,0.0320,0.1782,0.0129,0.0002,0.0011,0.0002,0.2281,0.5358