c1,c2,c3,c4,c5,c6,c7,c8,c9,c10,c11,c12,c13,c14,c15,c16,c17,c18,c19,c20,c21,c22,c23,c24,c25,c26,c27,c28,c29
0.0000,0.0012,0.0000,0.0000,0.0081,0.0009,0.0324,0.0555,0.0218,0.0428,0.0164,0.0790,0.0318,0.0957,0.0346,0.0960,0.0304,0.0144,0.0146,0.0112,0.0040,0.0102,0.0074,0.0102,0.0091,0.0136,0.0072,0.0058,0.0027
0.0012,0.0121,0.0089,0.0000,0.0051,0.0019,0.0097,0.0077,0.0063,0.0187,0.0071,0.0827,0.0174,0.0384,0.2081,0.0766,0.0159,0.0183,0.0132,0.0071,0.0057,0.0098,0.0052,0.0037,0.0057,0.0054,0.0039,0.0029,0.0027
0.0000,0.0089,0.0108,0.0002,0.0001,0.0001,0.0039,0.0044,0.0074,0.0499,0.0196,0.9224,0.0287,0.4147,0.1472,0.0546,0.0100,0.0260,0.0106,0.0053,0.0039,0.0086,0.0041,0.0036,0.0061,0.0054,0.0037,0.0025,0.0029
0.0000,0.0000,0.0002,0.0001,0.0099,0.0000,0.0006,0.0009,0.0008,0.0135,0.0290,0.1695,0.9980,0.1820,0.8474,0.3671,0.0465,0.2089,0.0691,0.0154,0.0088,0.0356,0.0096,0.0025,0.0230,0.0074,0.0062,0.0028,0.0025
0.0081,0.0051,0.0001,0.0099,0.0624,0.0012,0.0084,0.0205,0.0030,0.7000,0.0528,0.9653,0.0154,0.0047,0.0140,0.0052,0.0019,0.0106,0.0058,0.0025,0.0031,0.0049,0.0032,0.0024,0.0029,0.0018,0.0012,0.0010,0.0017
0.0009,0.0019,0.0001,0.0000,0.0012,0.0001,0.0113,0.0011,0.0000,0.0472,0.1074,0.1518,0.0535,0.0234,0.0886,0.0218,0.0101,0.0749,0.0213,0.0082,0.4363,0.1470,0.0209,0.0070,0.1601,0.0106,0.0124,0.0059,0.0039
0.0324,0.0097,0.0039,0.0006,0.0084,0.0113,0.0200,0.1694,0.0000,0.0313,0.0071,0.0104,0.0073,0.0065,0.0062,0.0088,0.0091,0.0137,0.0093,0.0105,0.0050,0.0055,0.0039,0.0084,0.0107,0.0087,0.0048,0.0071,0.0068
0.0555,0.0077,0.0044,0.0009,0.0205,0.0011,0.1694,0.0014,0.0018,0.0053,0.0062,0.0155,0.0040,0.0054,0.0111,0.0062,0.0067,0.0246,0.0096,0.0059,0.0557,0.0118,0.0045,0.0108,0.0357,0.0102,0.0005,0.0020,0.0032
0.0218,0.0063,0.0074,0.0008,0.0030,0.0000,0.0000,0.0018,0.0000,0.0139,0.0000,0.0007,0.0156,0.0117,0.1035,0.0201,0.0149,0.1910,0.0379,0.0099,0.6382,0.6657,0.0270,0.0086,0.4133,0.0427,0.0130,0.0072,0.0036
0.0428,0.0187,0.0499,0.0135,0.7000,0.0472,0.0313,0.0053,0.0139,0.0253,0.0068,0.0000,0.0000,0.0030,0.0010,0.0057,0.0082,0.0073,0.0036,0.0045,0.0067,0.0067,0.0060,0.0118,0.0083,0.0055,0.0048,0.0032,0.0051
0.0164,0.0071,0.0196,0.0290,0.0528,0.1074,0.0071,0.0062,0.0000,0.0068,0.0534,0.0171,0.0000,0.0006,0.0004,0.0020,0.0293,0.0671,0.0101,0.0112,0.1645,0.0171,0.0092,0.0185,0.0287,0.0059,0.0066,0.0031,0.0032
0.0790,0.0827,0.9224,0.1695,0.9653,0.1518,0.0104,0.0155,0.0007,0.0000,0.0171,0.0274,0.0035,0.0001,0.0016,0.0014,0.0023,0.0099,0.0029,0.0018,0.0043,0.0023,0.0019,0.0031,0.0032,0.0015,0.0016,0.0010,0.0012
0.0318,0.0174,0.0287,0.9980,0.0154,0.0535,0.0073,0.0040,0.0156,0.0000,0.0000,0.0035,0.0015,0.0078,0.0000,0.0002,0.0077,0.5115,0.0450,0.0074,0.2046,0.0685,0.0046,0.0040,0.0077,0.0065,0.0032,0.0016,0.0017
0.0957,0.0384,0.4147,0.1820,0.0047,0.0234,0.0065,0.0054,0.0117,0.0030,0.0006,0.0001,0.0078,0.0063,0.0169,0.0035,0.3057,0.0052,0.0078,0.0065,0.0015,0.0042,0.0035,0.0041,0.0023,0.0024,0.0027,0.0013,0.0028
0.0346,0.2081,0.1472,0.8474,0.0140,0.0886,0.0062,0.0111,0.1035,0.0010,0.0004,0.0016,0.0000,0.0169,0.0055,0.0063,0.0007,0.0028,0.0087,0.0045,0.0022,0.0032,0.0053,0.0042,0.0031,0.0063,0.0063,0.0058,0.0066
0.0960,0.0766,0.0546,0.3671,0.0052,0.0218,0.0088,0.0062,0.0201,0.0057,0.0020,0.0014,0.0002,0.0035,0.0063,0.0086,0.0120,0.0001,0.0064,0.0389,0.0013,0.0068,0.0057,0.0069,0.0026,0.0051,0.0044,0.0074,0.0093
0.0304,0.0159,0.0100,0.0465,0.0019,0.0101,0.0091,0.0067,0.0149,0.0082,0.0293,0.0023,0.0077,0.3057,0.0007,0.0120,0.0100,0.0029,0.0012,0.0109,0.0109,0.0030,0.0053,0.0048,0.0034,0.0030,0.0031,0.0018,0.0045
0.0144,0.0183,0.0260,0.2089,0.0106,0.0749,0.0137,0.0246,0.1910,0.0073,0.0671,0.0099,0.5115,0.0052,0.0028,0.0001,0.0029,0.0032,0.0012,0.0004,0.0004,0.0028,0.0030,0.0045,0.0042,0.0020,0.0031,0.0020,0.0030
0.0146,0.0132,0.0106,0.0691,0.0058,0.0213,0.0093,0.0096,0.0379,0.0036,0.0101,0.0029,0.0450,0.0078,0.0087,0.0064,0.0012,0.0012,0.0063,0.0127,0.0000,0.0004,0.0448,0.0033,0.0075,0.0115,0.0089,0.0128,0.0431
0.0112,0.0071,0.0053,0.0154,0.0025,0.0082,0.0105,0.0059,0.0099,0.0045,0.0112,0.0018,0.0074,0.0065,0.0045,0.0389,0.0109,0.0004,0.0127,0.0164,0.0016,0.0001,0.0249,0.0686,0.0081,0.0143,0.0084,0.0071,0.0412
0.0040,0.0057,0.0039,0.0088,0.0031,0.4363,0.0050,0.0557,0.6382,0.0067,0.1645,0.0043,0.2046,0.0015,0.0022,0.0013,0.0109,0.0004,0.0000,0.0016,0.0013,0.0001,0.0004,0.0025,0.2844,0.0443,0.0518,0.0212,0.0071
0.0102,0.0098,0.0086,0.0356,0.0049,0.1470,0.0055,0.0118,0.6657,0.0067,0.0171,0.0023,0.0685,0.0042,0.0032,0.0068,0.0030,0.0028,0.0004,0.0001,0.0001,0.0010,0.0039,0.0002,0.0001,0.0171,0.0524,0.4647,0.2564
0.0074,0.0052,0.0041,0.0096,0.0032,0.0209,0.0039,0.0045,0.0270,0.0060,0.0092,0.0019,0.0046,0.0035,0.0053,0.0057,0.0053,0.0030,0.0448,0.0249,0.0004,0.0039,0.0241,0.0281,0.0000,0.0044,0.0309,0.0862,0.3774
0.0102,0.0037,0.0036,0.0025,0.0024,0.0070,0.0084,0.0108,0.0086,0.0118,0.0185,0.0031,0.0040,0.0041,0.0042,0.0069,0.0048,0.0045,0.0033,0.0686,0.0025,0.0002,0.0281,0.2849,0.0091,0.0005,0.0101,0.0253,0.0864
0.0091,0.0057,0.0061,0.0230,0.0029,0.1601,0.0107,0.0357,0.4133,0.0083,0.0287,0.0032,0.0077,0.0023,0.0031,0.0026,0.0034,0.0042,0.0075,0.0081,0.2844,0.0001,0.0000,0.0091,0.1391,0.0048,0.0008,0.0032,0.0041
0.0136,0.0054,0.0054,0.0074,0.0018,0.0106,0.0087,0.0102,0.0427,0.0055,0.0059,0.0015,0.0065,0.0024,0.0063,0.0051,0.0030,0.0020,0.0115,0.0143,0.0443,0.0171,0.0044,0.0005,0.0048,0.0103,0.2069,0.0024,0.0184
0.0072,0.0039,0.0037,0.0062,0.0012,0.0124,0.0048,0.0005,0.0130,0.0048,0.0066,0.0016,0.0032,0.0027,0.0063,0.0044,0.0031,0.0031,0.0089,0.0084,0.0518,0.0524,0.0309,0.0101,0.0008,0.2069,0.0217,0.3901,0.0009
0.0058,0.0029,0.0025,0.0028,0.0010,0.0059,0.0071,0.0020,0.0072,0.0032,0.0031,0.0010,0.0016,0.0013,0.0058,0.0074,0.0018,0.0020,0.0128,0.0071,0.0212,0.4647,0.0862,0.0253,0.0032,0.0024,0.3901,0.0414,0.0266
0.0027,0.0027,0.0029,0.0025,0.0017,0.0039,0.0068,0.0032,0.0036,0.0051,0.0032,0.0012,0.0017,0.0028,0.0066,0.0093,0.0045,0.0030,0.0431,0.0412,0.0071,0.2564,0.3774,0.0864,0.0041,0.0184,0.0009,0.0266,0.0059