c1,c2,c3,c4,c5,c6,c7,c8,c9,c10,c11,c12,c13,c14,c15,c16,c17,c18,c19,c20,c21,c22,c23,c24,c25,c26,c27,c28,c29
0.0587,0.0018,0.0015,0.0000,0.0051,0.0004,0.0164,0.0028,0.0126,0.0411,0.0083,0.4930,0.0104,0.2223,0.1109,0.1012,0.0064,0.0029,0.0072,0.0057,0.0022,0.0011,0.0042,0.0025,0.0027,0.0023,0.0075,0.0087,0.0100
0.0018,0.0238,0.0083,0.0000,0.0008,0.0000,0.0012,0.0009,0.0065,0.0076,0.0188,0.9988,0.3694,0.8329,0.0864,0.0497,0.0048,0.0054,0.0034,0.0045,0.0022,0.0010,0.0015,0.0023,0.0109,0.0025,0.0070,0.0076,0.0138
0.0015,0.0083,0.0289,0.0000,0.0000,0.0000,0.0003,0.0004,0.0071,0.0134,0.0096,0.9954,0.0610,0.9166,0.2530,0.2121,0.0040,0.0088,0.0067,0.0033,0.0030,0.0025,0.0028,0.0029,0.0085,0.0038,0.0075,0.0076,0.0094
0.0000,0.0000,0.0000,0.0000,0.0005,0.0000,0.0000,0.0000,0.0007,0.0049,0.0109,0.1232,0.9999,0.6995,0.9998,0.9592,0.0098,0.9984,0.3055,0.0023,0.0064,0.0944,0.0023,0.0016,0.0093,0.0014,0.0006,0.0038,0.0031
0.0051,0.0008,0.0000,0.0005,0.6328,0.0000,0.0020,0.0003,0.0003,0.9999,0.0161,1.0000,0.0051,0.0014,0.0049,0.0013,0.0005,0.0112,0.0029,0.0010,0.0039,0.0188,0.0026,0.0011,0.0063,0.0026,0.0020,0.0051,0.0050
0.0004,0.0000,0.0000,0.0000,0.0000,0.4485,0.0043,0.0000,0.0071,0.0051,0.0330,0.0830,0.1421,0.0047,0.0286,0.0117,0.0102,0.5735,0.0196,0.0049,0.8255,0.0728,0.0176,0.0049,0.9861,0.0222,0.0059,0.0148,0.0054
0.0164,0.0012,0.0003,0.0000,0.0020,0.0043,0.8226,0.0018,0.0000,0.1569,0.0004,0.0066,0.0013,0.0011,0.0038,0.0098,0.0021,0.0493,0.0765,0.0016,0.0150,1.0000,0.0022,0.0015,0.0229,0.0201,0.0099,0.0092,0.0053
0.0028,0.0009,0.0004,0.0000,0.0003,0.0000,0.0018,0.9143,0.0004,0.0003,0.0002,0.0005,0.0003,0.0009,0.0018,0.0010,0.0015,0.0314,0.0115,0.0038,0.2665,0.9958,0.0487,0.0156,0.9884,0.3948,0.3525,0.0631,0.0098
0.0126,0.0065,0.0071,0.0007,0.0003,0.0071,0.0000,0.0004,0.0011,0.0015,0.0000,0.0001,0.0050,0.0075,0.0711,0.0043,0.0040,0.0548,0.0074,0.0077,0.9039,0.0396,0.0187,0.0072,0.9979,0.0537,0.0900,0.0259,0.0075
0.0411,0.0076,0.0134,0.0049,0.9999,0.0051,0.1569,0.0003,0.0015,0.9944,0.0004,0.0000,0.0000,0.0001,0.0010,0.0029,0.0018,0.0037,0.0067,0.0027,0.0184,0.0180,0.0039,0.0037,0.0621,0.0061,0.0044,0.0260,0.0114
0.0083,0.0188,0.0096,0.0109,0.0161,0.0330,0.0004,0.0002,0.0000,0.0004,0.0643,0.0065,0.0000,0.0034,0.0008,0.0094,0.1229,0.0060,0.0105,0.0337,0.0197,0.0030,0.0080,0.6861,0.0846,0.0263,0.0566,0.0212,0.0206
0.4930,0.9988,0.9954,0.1232,1.0000,0.0830,0.0066,0.0005,0.0001,0.0000,0.0065,0.5039,0.0000,0.0000,0.0003,0.0001,0.0002,0.0028,0.0015,0.0011,0.0026,0.0002,0.0014,0.0043,0.0067,0.0029,0.0009,0.0028,0.0017
0.0104,0.3694,0.0610,0.9999,0.0051,0.1421,0.0013,0.0003,0.0050,0.0000,0.0000,0.0000,0.0008,0.0010,0.0000,0.0002,0.0462,0.7919,0.0046,0.0083,0.3584,0.0016,0.0046,0.4955,0.0333,0.0094,0.0107,0.0036,0.0018
0.2223,0.8329,0.9166,0.6995,0.0014,0.0047,0.0011,0.0009,0.0075,0.0001,0.0034,0.0000,0.0010,0.1113,0.0258,0.0062,0.5449,0.0001,0.0031,0.0221,0.0011,0.0006,0.0208,0.0242,0.0008,0.0018,0.0126,0.0020,0.0020
0.1109,0.0864,0.2530,0.9998,0.0049,0.0286,0.0038,0.0018,0.0711,0.0010,0.0008,0.0003,0.0000,0.0258,0.0248,0.0473,0.0002,0.0001,0.0012,0.0101,0.0024,0.0004,0.0048,0.0115,0.0031,0.0062,0.0178,0.0073,0.0033
0.1012,0.0497,0.2121,0.9592,0.0013,0.0117,0.0098,0.0010,0.0043,0.0029,0.0094,0.0001,0.0002,0.0062,0.0473,0.4882,0.4022,0.0000,0.0166,0.0699,0.0026,0.0008,0.0114,0.0032,0.0004,0.0026,0.0012,0.0025,0.0064
0.0064,0.0048,0.0040,0.0098,0.0005,0.0102,0.0021,0.0015,0.0040,0.0018,0.1229,0.0002,0.0462,0.5449,0.0002,0.4022,0.9854,0.0001,0.0003,0.7285,0.0059,0.0002,0.0429,0.0198,0.0011,0.0022,0.0025,0.0012,0.0093
0.0029,0.0054,0.0088,0.9984,0.0112,0.5735,0.0493,0.0314,0.0548,0.0037,0.0060,0.0028,0.7919,0.0001,0.0001,0.0000,0.0001,0.0636,0.0432,0.0001,0.0036,0.0238,0.0023,0.0040,0.0050,0.0107,0.0007,0.0048,0.0106
0.0072,0.0034,0.0067,0.3055,0.0029,0.0196,0.0765,0.0115,0.0074,0.0067,0.0105,0.0015,0.0046,0.0031,0.0012,0.0166,0.0003,0.0432,0.5148,0.0134,0.0000,0.0014,0.0197,0.0024,0.0073,0.0297,0.0034,0.0083,0.0376
0.0057,0.0045,0.0033,0.0023,0.0010,0.0049,0.0016,0.0038,0.0077,0.0027,0.0337,0.0011,0.0083,0.0221,0.0101,0.0699,0.7285,0.0001,0.0134,0.4706,0.0004,0.0000,0.0822,0.0284,0.0022,0.0115,0.0202,0.0054,0.0281
0.0022,0.0022,0.0030,0.0064,0.0039,0.8255,0.0150,0.2665,0.9039,0.0184,0.0197,0.0026,0.3584,0.0011,0.0024,0.0026,0.0059,0.0036,0.0000,0.0004,0.9918,0.0003,0.0000,0.0008,0.0093,0.0050,0.0076,0.0028,0.0022
0.0011,0.0010,0.0025,0.0944,0.0188,0.0728,1.0000,0.9958,0.0396,0.0180,0.0030,0.0002,0.0016,0.0006,0.0004,0.0008,0.0002,0.0238,0.0014,0.0000,0.0003,0.5212,0.0024,0.0000,0.0001,0.0219,0.0033,0.0189,0.0111
0.0042,0.0015,0.0028,0.0023,0.0026,0.0176,0.0022,0.0487,0.0187,0.0039,0.0080,0.0014,0.0046,0.0208,0.0048,0.0114,0.0429,0.0023,0.0197,0.0822,0.0000,0.0024,0.1199,0.0236,0.0000,0.0054,0.0677,0.0281,0.7145
0.0025,0.0023,0.0029,0.0016,0.0011,0.0049,0.0015,0.0156,0.0072,0.0037,0.6861,0.0043,0.4955,0.0242,0.0115,0.0032,0.0198,0.0040,0.0024,0.0284,0.0008,0.0000,0.0236,0.8129,0.0002,0.0009,0.0277,0.0049,0.0228
0.0027,0.0109,0.0085,0.0093,0.0063,0.9861,0.0229,0.9884,0.9979,0.0621,0.0846,0.0067,0.0333,0.0008,0.0031,0.0004,0.0011,0.0050,0.0073,0.0022,0.0093,0.0001,0.0000,0.0002,0.1559,0.0002,0.0001,0.0001,0.0001
0.0023,0.0025,0.0038,0.0014,0.0026,0.0222,0.0201,0.3948,0.0537,0.0061,0.0263,0.0029,0.0094,0.0018,0.0062,0.0026,0.0022,0.0107,0.0297,0.0115,0.0050,0.0219,0.0054,0.0009,0.0002,0.7200,0.0569,0.0008,0.0003
0.0075,0.0070,0.0075,0.0006,0.0020,0.0059,0.0099,0.3525,0.0900,0.0044,0.0566,0.0009,0.0107,0.0126,0.0178,0.0012,0.0025,0.0007,0.0034,0.0202,0.0076,0.0033,0.0677,0.0277,0.0001,0.0569,0.0174,0.0074,0.0008
0.0087,0.0076,0.0076,0.0038,0.0051,0.0148,0.0092,0.0631,0.0259,0.0260,0.0212,0.0028,0.0036,0.0020,0.0073,0.0025,0.0012,0.0048,0.0083,0.0054,0.0028,0.0189,0.0281,0.0049,0.0001,0.0008,0.0074,0.2101,0.0277
0.0100,0.0138,0.0094,0.0031,0.0050,0.0054,0.0053,0.0098,0.0075,0.0114,0.0206,0.0017,0.0018,0.0020,0.0033,0.0064,0.0093,0.0106,0.0376,0.0281,0.0022,0.0111,0.7145,0.0228,0.0001,0.0003,0.0008,0.0277,0.0647