c1,c2,c3,c4,c5,c6,c7,c8,c9,c10,c11,c12,c13,c14,c15,c16,c17,c18,c19,c20,c21,c22,c23,c24,c25,c26,c27,c28,c29
0.0064,0.0021,0.0002,0.0000,0.0083,0.0009,0.0222,0.0044,0.0061,0.0440,0.0068,0.6337,0.0126,0.4063,0.1168,0.1068,0.0071,0.0038,0.0126,0.0062,0.0035,0.0015,0.0043,0.0028,0.0046,0.0023,0.0080,0.0036,0.0054
0.0021,0.0228,0.0263,0.0000,0.0035,0.0001,0.0044,0.0010,0.0023,0.0195,0.0042,0.6784,0.2070,0.3772,0.6063,0.0928,0.0049,0.0106,0.0084,0.0050,0.0036,0.0019,0.0018,0.0023,0.0141,0.0022,0.0037,0.0036,0.0060
0.0002,0.0263,0.0496,0.0000,0.0000,0.0000,0.0006,0.0003,0.0062,0.0157,0.0106,1.0000,0.0650,0.9639,0.1984,0.0571,0.0032,0.0057,0.0052,0.0031,0.0031,0.0017,0.0019,0.0027,0.0066,0.0030,0.0057,0.0020,0.0044
0.0000,0.0000,0.0000,0.0000,0.0010,0.0000,0.0000,0.0000,0.0003,0.0120,0.0091,0.1556,1.0000,0.5823,1.0000,0.8001,0.0033,1.0000,0.0600,0.0017,0.0160,0.0252,0.0011,0.0008,0.0146,0.0006,0.0005,0.0010,0.0011
0.0083,0.0035,0.0000,0.0010,0.1221,0.0000,0.0007,0.0003,0.0002,0.9999,0.0109,0.9999,0.0056,0.0045,0.0075,0.0031,0.0014,0.0497,0.0041,0.0016,0.0053,0.0185,0.0023,0.0017,0.0042,0.0024,0.0021,0.0027,0.0052
0.0009,0.0001,0.0000,0.0000,0.0000,0.0224,0.0018,0.0000,0.0057,0.0084,0.0348,0.0662,0.1563,0.0083,0.0526,0.0221,0.0118,0.3768,0.0136,0.0067,0.9039,0.0678,0.0084,0.0047,0.9937,0.0283,0.0034,0.0054,0.0043
0.0222,0.0044,0.0006,0.0000,0.0007,0.0018,0.2411,0.0037,0.0000,0.0213,0.0008,0.0043,0.0019,0.0025,0.0054,0.0094,0.0051,0.0908,0.0218,0.0027,0.0160,0.9997,0.0038,0.0027,0.0253,0.0706,0.0089,0.0351,0.0143
0.0044,0.0010,0.0003,0.0000,0.0003,0.0000,0.0037,0.0488,0.0001,0.0001,0.0002,0.0004,0.0004,0.0012,0.0033,0.0017,0.0025,0.0145,0.0052,0.0029,0.2965,0.9893,0.0252,0.0176,0.9993,0.8236,0.6328,0.1493,0.0356
0.0061,0.0023,0.0062,0.0003,0.0002,0.0057,0.0000,0.0001,0.0006,0.0017,0.0000,0.0002,0.0044,0.0073,0.0527,0.0075,0.0100,0.0609,0.0101,0.0102,0.9985,0.0281,0.0137,0.0140,0.9996,0.0583,0.0750,0.0082,0.0038
0.0440,0.0195,0.0157,0.0120,0.9999,0.0084,0.0213,0.0001,0.0017,0.7684,0.0006,0.0000,0.0000,0.0003,0.0008,0.0038,0.0035,0.0103,0.0118,0.0040,0.0250,0.0112,0.0080,0.0041,0.0489,0.0124,0.0043,0.0098,0.0137
0.0068,0.0042,0.0106,0.0091,0.0109,0.0348,0.0008,0.0002,0.0000,0.0006,0.1285,0.0238,0.0001,0.0013,0.0005,0.0062,0.2253,0.0045,0.0085,0.0770,0.0324,0.0026,0.0093,0.5727,0.0853,0.0116,0.0644,0.0053,0.0081
0.6337,0.6784,1.0000,0.1556,0.9999,0.0662,0.0043,0.0004,0.0002,0.0000,0.0238,0.1874,0.0001,0.0000,0.0003,0.0006,0.0007,0.0022,0.0023,0.0027,0.0040,0.0004,0.0012,0.0040,0.0026,0.0015,0.0011,0.0013,0.0018
0.0126,0.2070,0.0650,1.0000,0.0056,0.1563,0.0019,0.0004,0.0044,0.0000,0.0001,0.0001,0.0007,0.0006,0.0000,0.0001,0.2096,0.6150,0.0064,0.0181,0.8828,0.0015,0.0011,0.0895,0.0298,0.0038,0.0024,0.0010,0.0011
0.4063,0.3772,0.9639,0.5823,0.0045,0.0083,0.0025,0.0012,0.0073,0.0003,0.0013,0.0000,0.0006,0.0222,0.0068,0.0179,0.6279,0.0000,0.0043,0.0430,0.0028,0.0010,0.0060,0.0587,0.0007,0.0013,0.0043,0.0009,0.0021
0.1168,0.6063,0.1984,1.0000,0.0075,0.0526,0.0054,0.0033,0.0527,0.0008,0.0005,0.0003,0.0000,0.0068,0.0117,0.0435,0.0001,0.0001,0.0029,0.0062,0.0032,0.0010,0.0032,0.0155,0.0013,0.0034,0.0059,0.0034,0.0034
0.1068,0.0928,0.0571,0.8001,0.0031,0.0221,0.0094,0.0017,0.0075,0.0038,0.0062,0.0006,0.0001,0.0179,0.0435,0.2019,0.0888,0.0000,0.0068,0.0283,0.0036,0.0013,0.0082,0.0066,0.0007,0.0020,0.0014,0.0018,0.0061
0.0071,0.0049,0.0032,0.0033,0.0014,0.0118,0.0051,0.0025,0.0100,0.0035,0.2253,0.0007,0.2096,0.6279,0.0001,0.0888,0.5973,0.0000,0.0007,0.8918,0.0035,0.0005,0.0152,0.0553,0.0016,0.0010,0.0016,0.0005,0.0042
0.0038,0.0106,0.0057,1.0000,0.0497,0.3768,0.0908,0.0145,0.0609,0.0103,0.0045,0.0022,0.6150,0.0000,0.0001,0.0000,0.0000,0.0807,0.0232,0.0002,0.0003,0.0133,0.0013,0.0060,0.0020,0.0035,0.0010,0.0021,0.0034
0.0126,0.0084,0.0052,0.0600,0.0041,0.0136,0.0218,0.0052,0.0101,0.0118,0.0085,0.0023,0.0064,0.0043,0.0029,0.0068,0.0007,0.0232,0.1493,0.0216,0.0000,0.0014,0.0341,0.0041,0.0037,0.0304,0.0101,0.0150,0.0557
0.0062,0.0050,0.0031,0.0017,0.0016,0.0067,0.0027,0.0029,0.0102,0.0040,0.0770,0.0027,0.0181,0.0430,0.0062,0.0283,0.8918,0.0002,0.0216,0.4260,0.0001,0.0000,0.0404,0.0352,0.0019,0.0073,0.0058,0.0031,0.0138
0.0035,0.0036,0.0031,0.0160,0.0053,0.9039,0.0160,0.2965,0.9985,0.0250,0.0324,0.0040,0.8828,0.0028,0.0032,0.0036,0.0035,0.0003,0.0000,0.0001,0.8965,0.0001,0.0000,0.0007,0.0153,0.0048,0.0024,0.0007,0.0018
0.0015,0.0019,0.0017,0.0252,0.0185,0.0678,0.9997,0.9893,0.0281,0.0112,0.0026,0.0004,0.0015,0.0010,0.0010,0.0013,0.0005,0.0133,0.0014,0.0000,0.0001,0.2440,0.0025,0.0001,0.0000,0.0951,0.0062,0.3507,0.0554
0.0043,0.0018,0.0019,0.0011,0.0023,0.0084,0.0038,0.0252,0.0137,0.0080,0.0093,0.0012,0.0011,0.0060,0.0032,0.0082,0.0152,0.0013,0.0341,0.0404,0.0000,0.0025,0.7659,0.0098,0.0000,0.0131,0.1075,0.4914,0.9094
0.0028,0.0023,0.0027,0.0008,0.0017,0.0047,0.0027,0.0176,0.0140,0.0041,0.5727,0.0040,0.0895,0.0587,0.0155,0.0066,0.0553,0.0060,0.0041,0.0352,0.0007,0.0001,0.0098,0.6000,0.0002,0.0004,0.0241,0.0032,0.0204
0.0046,0.0141,0.0066,0.0146,0.0042,0.9937,0.0253,0.9993,0.9996,0.0489,0.0853,0.0026,0.0298,0.0007,0.0013,0.0007,0.0016,0.0020,0.0037,0.0019,0.0153,0.0000,0.0000,0.0002,0.1470,0.0000,0.0001,0.0001,0.0002
0.0023,0.0022,0.0030,0.0006,0.0024,0.0283,0.0706,0.8236,0.0583,0.0124,0.0116,0.0015,0.0038,0.0013,0.0034,0.0020,0.0010,0.0035,0.0304,0.0073,0.0048,0.0951,0.0131,0.0004,0.0000,0.5555,0.1821,0.0072,0.0003
0.0080,0.0037,0.0057,0.0005,0.0021,0.0034,0.0089,0.6328,0.0750,0.0043,0.0644,0.0011,0.0024,0.0043,0.0059,0.0014,0.0016,0.0010,0.0101,0.0058,0.0024,0.0062,0.1075,0.0241,0.0001,0.1821,0.0119,0.1516,0.0016
0.0036,0.0036,0.0020,0.0010,0.0027,0.0054,0.0351,0.1493,0.0082,0.0098,0.0053,0.0013,0.0010,0.0009,0.0034,0.0018,0.0005,0.0021,0.0150,0.0031,0.0007,0.3507,0.4914,0.0032,0.0001,0.0072,0.1516,0.4985,0.1334
0.0054,0.0060,0.0044,0.0011,0.0052,0.0043,0.0143,0.0356,0.0038,0.0137,0.0081,0.0018,0.0011,0.0021,0.0034,0.0061,0.0042,0.0034,0.0557,0.0138,0.0018,0.0554,0.9094,0.0204,0.0002,0.0003,0.0016,0.1334,0.0319