c1,c2,c3,c4,c5,c6,c7,c8,c9,c10,c11,c12,c13,c14,c15,c16,c17,c18,c19,c20,c21,c22,c23,c24,c25,c26,c27,c28,c29
0.0352,0.0020,0.0014,0.0000,0.0043,0.0004,0.0295,0.0037,0.0082,0.0576,0.0088,0.7515,0.0132,0.1578,0.1017,0.0612,0.0045,0.0032,0.0086,0.0040,0.0031,0.0013,0.0054,0.0023,0.0030,0.0024,0.0054,0.0083,0.0102
0.0020,0.0282,0.0287,0.0000,0.0012,0.0001,0.0029,0.0010,0.0037,0.0058,0.0152,0.9917,0.3285,0.8929,0.1696,0.0573,0.0063,0.0068,0.0048,0.0031,0.0033,0.0014,0.0018,0.0019,0.0072,0.0023,0.0037,0.0036,0.0084
0.0014,0.0287,0.0889,0.0000,0.0000,0.0000,0.0003,0.0004,0.0077,0.0133,0.0089,0.9990,0.0401,0.6681,0.0932,0.0817,0.0049,0.0063,0.0068,0.0028,0.0038,0.0032,0.0032,0.0018,0.0085,0.0038,0.0068,0.0078,0.0105
0.0000,0.0000,0.0000,0.0001,0.0004,0.0000,0.0001,0.0000,0.0008,0.0047,0.0131,0.0877,0.9997,0.8922,0.9999,0.9945,0.0096,0.9972,0.3609,0.0017,0.0100,0.0272,0.0023,0.0013,0.0147,0.0011,0.0005,0.0019,0.0018
0.0043,0.0012,0.0000,0.0004,0.3047,0.0000,0.0087,0.0004,0.0003,1.0000,0.0104,1.0000,0.0033,0.0023,0.0035,0.0011,0.0006,0.0180,0.0034,0.0010,0.0053,0.0131,0.0024,0.0007,0.0032,0.0015,0.0011,0.0021,0.0020
0.0004,0.0001,0.0000,0.0000,0.0000,0.1499,0.0029,0.0000,0.0091,0.0054,0.0325,0.0872,0.1052,0.0199,0.0504,0.0192,0.0080,0.5927,0.0206,0.0045,0.8104,0.1558,0.0102,0.0051,0.9886,0.0303,0.0091,0.0058,0.0042
0.0295,0.0029,0.0003,0.0001,0.0087,0.0029,0.7797,0.0016,0.0000,0.0900,0.0004,0.0140,0.0015,0.0024,0.0031,0.0058,0.0027,0.0268,0.0393,0.0020,0.0113,0.9993,0.0044,0.0017,0.0301,0.0425,0.0101,0.0081,0.0062
0.0037,0.0010,0.0004,0.0000,0.0004,0.0000,0.0016,0.8722,0.0005,0.0002,0.0003,0.0004,0.0003,0.0010,0.0027,0.0010,0.0041,0.0273,0.0066,0.0037,0.2732,0.9404,0.0595,0.0152,0.9971,0.8560,0.2591,0.0298,0.0105
0.0082,0.0037,0.0077,0.0008,0.0003,0.0091,0.0000,0.0005,0.0005,0.0020,0.0000,0.0001,0.0031,0.0105,0.0483,0.0029,0.0042,0.1155,0.0085,0.0081,0.9383,0.0342,0.0122,0.0056,0.9994,0.0897,0.0937,0.0202,0.0080
0.0576,0.0058,0.0133,0.0047,1.0000,0.0054,0.0900,0.0002,0.0020,0.9976,0.0002,0.0000,0.0000,0.0002,0.0006,0.0022,0.0019,0.0056,0.0077,0.0025,0.0122,0.0075,0.0048,0.0017,0.0427,0.0047,0.0024,0.0072,0.0046
0.0088,0.0152,0.0089,0.0131,0.0104,0.0325,0.0004,0.0003,0.0000,0.0002,0.6719,0.0134,0.0001,0.0039,0.0014,0.0052,0.0738,0.0038,0.0047,0.0293,0.0113,0.0018,0.0079,0.8780,0.0834,0.0255,0.0141,0.0086,0.0145
0.7515,0.9917,0.9990,0.0877,1.0000,0.0872,0.0140,0.0004,0.0001,0.0000,0.0134,0.8839,0.0000,0.0000,0.0002,0.0002,0.0003,0.0012,0.0013,0.0018,0.0038,0.0003,0.0012,0.0012,0.0032,0.0012,0.0007,0.0013,0.0011
0.0132,0.3285,0.0401,0.9997,0.0033,0.1052,0.0015,0.0003,0.0031,0.0000,0.0001,0.0000,0.0099,0.0009,0.0000,0.0001,0.0398,0.8289,0.0084,0.0031,0.4581,0.0041,0.0010,0.2243,0.0480,0.0107,0.0028,0.0019,0.0021
0.1578,0.8929,0.6681,0.8922,0.0023,0.0199,0.0024,0.0010,0.0105,0.0002,0.0039,0.0000,0.0009,0.2362,0.0123,0.0063,0.1654,0.0000,0.0008,0.0467,0.0024,0.0011,0.0065,0.0348,0.0006,0.0023,0.0085,0.0021,0.0021
0.1017,0.1696,0.0932,0.9999,0.0035,0.0504,0.0031,0.0027,0.0483,0.0006,0.0014,0.0002,0.0000,0.0123,0.0138,0.0546,0.0004,0.0001,0.0022,0.0069,0.0032,0.0006,0.0034,0.0077,0.0019,0.0035,0.0067,0.0051,0.0028
0.0612,0.0573,0.0817,0.9945,0.0011,0.0192,0.0058,0.0010,0.0029,0.0022,0.0052,0.0002,0.0001,0.0063,0.0546,0.7293,0.3862,0.0000,0.0184,0.1102,0.0026,0.0014,0.0056,0.0032,0.0003,0.0019,0.0007,0.0027,0.0031
0.0045,0.0063,0.0049,0.0096,0.0006,0.0080,0.0027,0.0041,0.0042,0.0019,0.0738,0.0003,0.0398,0.1654,0.0004,0.3862,0.6668,0.0001,0.0009,0.9104,0.0092,0.0008,0.0476,0.0352,0.0007,0.0012,0.0011,0.0017,0.0046
0.0032,0.0068,0.0063,0.9972,0.0180,0.5927,0.0268,0.0273,0.1155,0.0056,0.0038,0.0012,0.8289,0.0000,0.0001,0.0000,0.0001,0.1016,0.0339,0.0003,0.0010,0.0184,0.0021,0.0049,0.0035,0.0071,0.0013,0.0029,0.0061
0.0086,0.0048,0.0068,0.3609,0.0034,0.0206,0.0393,0.0066,0.0085,0.0077,0.0047,0.0013,0.0084,0.0008,0.0022,0.0184,0.0009,0.0339,0.1365,0.0169,0.0000,0.0006,0.0279,0.0028,0.0070,0.0313,0.0109,0.0147,0.0411
0.0040,0.0031,0.0028,0.0017,0.0010,0.0045,0.0020,0.0037,0.0081,0.0025,0.0293,0.0018,0.0031,0.0467,0.0069,0.1102,0.9104,0.0003,0.0169,0.6897,0.0002,0.0000,0.0256,0.0475,0.0021,0.0100,0.0122,0.0072,0.0165
0.0031,0.0033,0.0038,0.0100,0.0053,0.8104,0.0113,0.2732,0.9383,0.0122,0.0113,0.0038,0.4581,0.0024,0.0032,0.0026,0.0092,0.0010,0.0000,0.0002,0.9774,0.0001,0.0000,0.0011,0.0094,0.0123,0.0058,0.0015,0.0034
0.0013,0.0014,0.0032,0.0272,0.0131,0.1558,0.9993,0.9404,0.0342,0.0075,0.0018,0.0003,0.0041,0.0011,0.0006,0.0014,0.0008,0.0184,0.0006,0.0000,0.0001,0.4089,0.0027,0.0001,0.0000,0.0664,0.0179,0.1016,0.0343
0.0054,0.0018,0.0032,0.0023,0.0024,0.0102,0.0044,0.0595,0.0122,0.0048,0.0079,0.0012,0.0010,0.0065,0.0034,0.0056,0.0476,0.0021,0.0279,0.0256,0.0000,0.0027,0.2713,0.0255,0.0000,0.0030,0.1195,0.3350,0.8555
0.0023,0.0019,0.0018,0.0013,0.0007,0.0051,0.0017,0.0152,0.0056,0.0017,0.8780,0.0012,0.2243,0.0348,0.0077,0.0032,0.0352,0.0049,0.0028,0.0475,0.0011,0.0001,0.0255,0.9548,0.0001,0.0003,0.0494,0.0072,0.0171
0.0030,0.0072,0.0085,0.0147,0.0032,0.9886,0.0301,0.9971,0.9994,0.0427,0.0834,0.0032,0.0480,0.0006,0.0019,0.0003,0.0007,0.0035,0.0070,0.0021,0.0094,0.0000,0.0000,0.0001,0.4892,0.0001,0.0002,0.0001,0.0001
0.0024,0.0023,0.0038,0.0011,0.0015,0.0303,0.0425,0.8560,0.0897,0.0047,0.0255,0.0012,0.0107,0.0023,0.0035,0.0019,0.0012,0.0071,0.0313,0.0100,0.0123,0.0664,0.0030,0.0003,0.0001,0.6950,0.1322,0.0003,0.0003
0.0054,0.0037,0.0068,0.0005,0.0011,0.0091,0.0101,0.2591,0.0937,0.0024,0.0141,0.0007,0.0028,0.0085,0.0067,0.0007,0.0011,0.0013,0.0109,0.0122,0.0058,0.0179,0.1195,0.0494,0.0002,0.1322,0.0676,0.0487,0.0007
0.0083,0.0036,0.0078,0.0019,0.0021,0.0058,0.0081,0.0298,0.0202,0.0072,0.0086,0.0013,0.0019,0.0021,0.0051,0.0027,0.0017,0.0029,0.0147,0.0072,0.0015,0.1016,0.3350,0.0072,0.0001,0.0003,0.0487,0.3630,0.1284
0.0102,0.0084,0.0105,0.0018,0.0020,0.0042,0.0062,0.0105,0.0080,0.0046,0.0145,0.0011,0.0021,0.0021,0.0028,0.0031,0.0046,0.0061,0.0411,0.0165,0.0034,0.0343,0.8555,0.0171,0.0001,0.0003,0.0007,0.1284,0.2551