c1,c2,c3,c4,c5,c6,c7,c8,c9,c10,c11,c12,c13,c14,c15,c16,c17,c18,c19,c20,c21,c22,c23,c24,c25,c26,c27,c28,c29
0.0421,0.0023,0.0011,0.0000,0.0139,0.0004,0.0292,0.0037,0.0093,0.0813,0.0074,0.8927,0.0084,0.1342,0.0919,0.0722,0.0036,0.0023,0.0098,0.0036,0.0021,0.0012,0.0039,0.0022,0.0034,0.0025,0.0033,0.0116,0.0058
0.0023,0.0314,0.0122,0.0000,0.0015,0.0001,0.0025,0.0015,0.0058,0.0076,0.0169,0.9803,0.3978,0.7905,0.1052,0.0335,0.0058,0.0042,0.0047,0.0041,0.0030,0.0014,0.0015,0.0024,0.0095,0.0022,0.0061,0.0078,0.0169
0.0011,0.0122,0.0918,0.0001,0.0000,0.0000,0.0010,0.0005,0.0083,0.0139,0.0086,0.9902,0.0390,0.4749,0.1200,0.0581,0.0029,0.0063,0.0093,0.0028,0.0041,0.0031,0.0030,0.0029,0.0169,0.0052,0.0094,0.0114,0.0148
0.0000,0.0000,0.0001,0.0000,0.0004,0.0000,0.0001,0.0000,0.0005,0.0062,0.0168,0.2382,0.9996,0.8858,0.9999,0.9965,0.0135,0.9805,0.3730,0.0027,0.0064,0.0448,0.0018,0.0025,0.0152,0.0011,0.0007,0.0035,0.0027
0.0139,0.0015,0.0000,0.0004,0.4413,0.0000,0.0029,0.0003,0.0005,0.9965,0.0117,1.0000,0.0088,0.0055,0.0047,0.0023,0.0010,0.0173,0.0075,0.0011,0.0041,0.0227,0.0029,0.0017,0.0040,0.0028,0.0014,0.0044,0.0066
0.0004,0.0001,0.0000,0.0000,0.0000,0.1074,0.0027,0.0000,0.0049,0.0055,0.0503,0.1137,0.1135,0.0137,0.0560,0.0236,0.0205,0.6120,0.0291,0.0039,0.7798,0.1164,0.0138,0.0059,0.9770,0.0215,0.0066,0.0080,0.0048
0.0292,0.0025,0.0010,0.0001,0.0029,0.0027,0.8419,0.0019,0.0000,0.0514,0.0005,0.0062,0.0014,0.0018,0.0031,0.0074,0.0035,0.1043,0.0365,0.0013,0.0094,0.9997,0.0044,0.0019,0.0206,0.0274,0.0051,0.0174,0.0045
0.0037,0.0015,0.0005,0.0000,0.0003,0.0000,0.0019,0.7154,0.0003,0.0002,0.0006,0.0003,0.0005,0.0012,0.0025,0.0011,0.0034,0.0534,0.0102,0.0022,0.2022,0.9127,0.0849,0.0119,0.9878,0.8448,0.5492,0.0441,0.0072
0.0093,0.0058,0.0083,0.0005,0.0005,0.0049,0.0000,0.0003,0.0005,0.0016,0.0000,0.0002,0.0055,0.0167,0.0500,0.0050,0.0074,0.2053,0.0118,0.0066,0.9314,0.0298,0.0226,0.0056,0.9964,0.0301,0.0852,0.0150,0.0060
0.0813,0.0076,0.0139,0.0062,0.9965,0.0055,0.0514,0.0002,0.0016,0.9928,0.0004,0.0000,0.0000,0.0003,0.0009,0.0032,0.0028,0.0105,0.0158,0.0028,0.0151,0.0160,0.0076,0.0041,0.0602,0.0061,0.0011,0.0154,0.0148
0.0074,0.0169,0.0086,0.0168,0.0117,0.0503,0.0005,0.0006,0.0000,0.0004,0.5264,0.0078,0.0001,0.0048,0.0009,0.0042,0.1079,0.0047,0.0061,0.0186,0.0148,0.0023,0.0060,0.2266,0.1389,0.0152,0.0228,0.0116,0.0119
0.8927,0.9803,0.9902,0.2382,1.0000,0.1137,0.0062,0.0003,0.0002,0.0000,0.0078,0.6446,0.0000,0.0000,0.0002,0.0003,0.0003,0.0016,0.0018,0.0015,0.0041,0.0004,0.0021,0.0022,0.0051,0.0024,0.0006,0.0025,0.0015
0.0084,0.3978,0.0390,0.9996,0.0088,0.1135,0.0014,0.0005,0.0055,0.0000,0.0001,0.0000,0.0008,0.0010,0.0000,0.0001,0.0438,0.7181,0.0073,0.0091,0.6647,0.0040,0.0012,0.1806,0.0292,0.0047,0.0059,0.0029,0.0019
0.1342,0.7905,0.4749,0.8858,0.0055,0.0137,0.0018,0.0012,0.0167,0.0003,0.0048,0.0000,0.0010,0.1215,0.0052,0.0032,0.1809,0.0000,0.0013,0.0464,0.0020,0.0012,0.0110,0.0321,0.0009,0.0016,0.0125,0.0026,0.0028
0.0919,0.1052,0.1200,0.9999,0.0047,0.0560,0.0031,0.0025,0.0500,0.0009,0.0009,0.0002,0.0000,0.0052,0.0260,0.0518,0.0006,0.0001,0.0011,0.0099,0.0026,0.0007,0.0031,0.0118,0.0021,0.0029,0.0169,0.0056,0.0022
0.0722,0.0335,0.0581,0.9965,0.0023,0.0236,0.0074,0.0011,0.0050,0.0032,0.0042,0.0003,0.0001,0.0032,0.0518,0.5853,0.1789,0.0000,0.0107,0.0487,0.0027,0.0013,0.0090,0.0030,0.0006,0.0020,0.0012,0.0034,0.0076
0.0036,0.0058,0.0029,0.0135,0.0010,0.0205,0.0035,0.0034,0.0074,0.0028,0.1079,0.0003,0.0438,0.1809,0.0006,0.1789,0.9763,0.0000,0.0004,0.7269,0.0098,0.0003,0.0379,0.0149,0.0010,0.0008,0.0018,0.0010,0.0062
0.0023,0.0042,0.0063,0.9805,0.0173,0.6120,0.1043,0.0534,0.2053,0.0105,0.0047,0.0016,0.7181,0.0000,0.0001,0.0000,0.0000,0.5205,0.0353,0.0002,0.0015,0.0350,0.0022,0.0048,0.0024,0.0032,0.0014,0.0042,0.0064
0.0098,0.0047,0.0093,0.3730,0.0075,0.0291,0.0365,0.0102,0.0118,0.0158,0.0061,0.0018,0.0073,0.0013,0.0011,0.0107,0.0004,0.0353,0.2616,0.0103,0.0000,0.0005,0.0123,0.0029,0.0106,0.0179,0.0069,0.0135,0.0380
0.0036,0.0041,0.0028,0.0027,0.0011,0.0039,0.0013,0.0022,0.0066,0.0028,0.0186,0.0015,0.0091,0.0464,0.0099,0.0487,0.7269,0.0002,0.0103,0.6478,0.0002,0.0000,0.0896,0.0278,0.0025,0.0116,0.0187,0.0087,0.0349
0.0021,0.0030,0.0041,0.0064,0.0041,0.7798,0.0094,0.2022,0.9314,0.0151,0.0148,0.0041,0.6647,0.0020,0.0026,0.0027,0.0098,0.0015,0.0000,0.0002,0.9811,0.0002,0.0000,0.0010,0.0251,0.0076,0.0068,0.0023,0.0017
0.0012,0.0014,0.0031,0.0448,0.0227,0.1164,0.9997,0.9127,0.0298,0.0160,0.0023,0.0004,0.0040,0.0012,0.0007,0.0013,0.0003,0.0350,0.0005,0.0000,0.0002,0.3329,0.0041,0.0001,0.0000,0.0845,0.0072,0.0392,0.0160
0.0039,0.0015,0.0030,0.0018,0.0029,0.0138,0.0044,0.0849,0.0226,0.0076,0.0060,0.0021,0.0012,0.0110,0.0031,0.0090,0.0379,0.0022,0.0123,0.0896,0.0000,0.0041,0.2240,0.0292,0.0000,0.0049,0.1024,0.0714,0.5524
0.0022,0.0024,0.0029,0.0025,0.0017,0.0059,0.0019,0.0119,0.0056,0.0041,0.2266,0.0022,0.1806,0.0321,0.0118,0.0030,0.0149,0.0048,0.0029,0.0278,0.0010,0.0001,0.0292,0.8214,0.0002,0.0005,0.0462,0.0091,0.0572
0.0034,0.0095,0.0169,0.0152,0.0040,0.9770,0.0206,0.9878,0.9964,0.0602,0.1389,0.0051,0.0292,0.0009,0.0021,0.0006,0.0010,0.0024,0.0106,0.0025,0.0251,0.0000,0.0000,0.0002,0.2585,0.0003,0.0001,0.0001,0.0001
0.0025,0.0022,0.0052,0.0011,0.0028,0.0215,0.0274,0.8448,0.0301,0.0061,0.0152,0.0024,0.0047,0.0016,0.0029,0.0020,0.0008,0.0032,0.0179,0.0116,0.0076,0.0845,0.0049,0.0005,0.0003,0.7431,0.1976,0.0004,0.0006
0.0033,0.0061,0.0094,0.0007,0.0014,0.0066,0.0051,0.5492,0.0852,0.0011,0.0228,0.0006,0.0059,0.0125,0.0169,0.0012,0.0018,0.0014,0.0069,0.0187,0.0068,0.0072,0.1024,0.0462,0.0001,0.1976,0.0662,0.0089,0.0004
0.0116,0.0078,0.0114,0.0035,0.0044,0.0080,0.0174,0.0441,0.0150,0.0154,0.0116,0.0025,0.0029,0.0026,0.0056,0.0034,0.0010,0.0042,0.0135,0.0087,0.0023,0.0392,0.0714,0.0091,0.0001,0.0004,0.0089,0.1592,0.0274
0.0058,0.0169,0.0148,0.0027,0.0066,0.0048,0.0045,0.0072,0.0060,0.0148,0.0119,0.0015,0.0019,0.0028,0.0022,0.0076,0.0062,0.0064,0.0380,0.0349,0.0017,0.0160,0.5524,0.0572,0.0001,0.0006,0.0004,0.0274,0.0962