c1,c2,c3,c4,c5,c6,c7,c8,c9,c10,c11,c12,c13,c14,c15,c16,c17,c18,c19,c20,c21,c22,c23,c24,c25,c26,c27,c28,c29
0.0626,0.0024,0.0005,0.0000,0.0123,0.0004,0.0782,0.0057,0.0109,0.0475,0.0122,0.7528,0.0070,0.1097,0.0538,0.0303,0.0059,0.0034,0.0034,0.0051,0.0027,0.0013,0.0036,0.0034,0.0049,0.0022,0.0040,0.0082,0.0065
0.0024,0.0363,0.0104,0.0000,0.0024,0.0001,0.0039,0.0016,0.0046,0.0078,0.0216,0.9891,0.3048,0.5322,0.1116,0.0161,0.0054,0.0031,0.0034,0.0042,0.0035,0.0015,0.0021,0.0039,0.0098,0.0029,0.0037,0.0069,0.0073
0.0005,0.0104,0.0314,0.0001,0.0000,0.0000,0.0024,0.0005,0.0058,0.0158,0.0105,0.9841,0.0525,0.2905,0.1976,0.0255,0.0053,0.0083,0.0124,0.0031,0.0033,0.0028,0.0041,0.0054,0.0128,0.0058,0.0081,0.0113,0.0178
0.0000,0.0000,0.0001,0.0001,0.0004,0.0000,0.0000,0.0000,0.0003,0.0018,0.0197,0.1826,0.9994,0.7662,0.9998,1.0000,0.0421,0.7866,0.1472,0.0073,0.0049,0.0059,0.0026,0.0020,0.0111,0.0014,0.0011,0.0021,0.0027
0.0123,0.0024,0.0000,0.0004,0.2323,0.0000,0.0023,0.0004,0.0006,0.9997,0.0152,0.9999,0.0111,0.0063,0.0028,0.0027,0.0015,0.0078,0.0097,0.0016,0.0033,0.0112,0.0066,0.0020,0.0044,0.0026,0.0014,0.0018,0.0038
0.0004,0.0001,0.0000,0.0000,0.0000,0.0800,0.0008,0.0000,0.0021,0.0038,0.0338,0.1125,0.1315,0.0146,0.0844,0.0392,0.0551,0.1922,0.1966,0.0075,0.7557,0.2880,0.0259,0.0092,0.8959,0.0150,0.0084,0.0065,0.0061
0.0782,0.0039,0.0024,0.0000,0.0023,0.0008,0.5751,0.0018,0.0000,0.0504,0.0006,0.0098,0.0030,0.0036,0.0026,0.0103,0.0047,0.0238,0.0636,0.0044,0.0066,0.9383,0.0256,0.0061,0.0254,0.0483,0.0074,0.0065,0.0137
0.0057,0.0016,0.0005,0.0000,0.0004,0.0000,0.0018,0.2612,0.0002,0.0001,0.0014,0.0004,0.0011,0.0021,0.0023,0.0019,0.0076,0.0104,0.0193,0.0072,0.0709,0.9019,0.4905,0.0716,0.9719,0.3607,0.5317,0.0236,0.0226
0.0109,0.0046,0.0058,0.0003,0.0006,0.0021,0.0000,0.0002,0.0006,0.0017,0.0000,0.0001,0.0025,0.0132,0.0572,0.0034,0.0119,0.0588,0.0358,0.0091,0.9493,0.1908,0.0287,0.0117,0.9980,0.0357,0.0505,0.0171,0.0090
0.0475,0.0078,0.0158,0.0018,0.9997,0.0038,0.0504,0.0001,0.0017,0.9903,0.0003,0.0000,0.0000,0.0003,0.0012,0.0042,0.0050,0.0096,0.0177,0.0032,0.0119,0.0481,0.0137,0.0069,0.0427,0.0046,0.0039,0.0069,0.0072
0.0122,0.0216,0.0105,0.0197,0.0152,0.0338,0.0006,0.0014,0.0000,0.0003,0.2385,0.0125,0.0000,0.0041,0.0021,0.0031,0.0907,0.0099,0.0054,0.0127,0.0171,0.0092,0.0196,0.2674,0.1693,0.0357,0.0179,0.0103,0.0066
0.7528,0.9891,0.9841,0.1826,0.9999,0.1125,0.0098,0.0004,0.0001,0.0000,0.0125,0.3436,0.0000,0.0000,0.0001,0.0002,0.0005,0.0026,0.0014,0.0017,0.0038,0.0012,0.0031,0.0032,0.0066,0.0018,0.0007,0.0015,0.0013
0.0070,0.3048,0.0525,0.9994,0.0111,0.1315,0.0030,0.0011,0.0025,0.0000,0.0000,0.0000,0.0010,0.0026,0.0000,0.0002,0.0023,0.4812,0.1920,0.0073,0.4481,0.0098,0.0037,0.0223,0.1097,0.0156,0.0058,0.0035,0.0032
0.1097,0.5322,0.2905,0.7662,0.0063,0.0146,0.0036,0.0021,0.0132,0.0003,0.0041,0.0000,0.0026,0.0538,0.0131,0.0009,0.3972,0.0015,0.0016,0.0113,0.0018,0.0014,0.0076,0.0082,0.0013,0.0026,0.0025,0.0017,0.0024
0.0538,0.1116,0.1976,0.9998,0.0028,0.0844,0.0026,0.0023,0.0572,0.0012,0.0021,0.0001,0.0000,0.0131,0.1008,0.2091,0.0014,0.0006,0.0015,0.0055,0.0021,0.0004,0.0013,0.0042,0.0026,0.0026,0.0050,0.0034,0.0026
0.0303,0.0161,0.0255,1.0000,0.0027,0.0392,0.0103,0.0019,0.0034,0.0042,0.0031,0.0002,0.0002,0.0009,0.2091,0.4222,0.0174,0.0000,0.0081,0.0130,0.0013,0.0009,0.0055,0.0013,0.0008,0.0037,0.0007,0.0022,0.0042
0.0059,0.0054,0.0053,0.0421,0.0015,0.0551,0.0047,0.0076,0.0119,0.0050,0.0907,0.0005,0.0023,0.3972,0.0014,0.0174,0.8253,0.0019,0.0000,0.2239,0.0137,0.0004,0.0060,0.0083,0.0016,0.0030,0.0024,0.0019,0.0058
0.0034,0.0031,0.0083,0.7866,0.0078,0.1922,0.0238,0.0104,0.0588,0.0096,0.0099,0.0026,0.4812,0.0015,0.0006,0.0000,0.0019,0.0103,0.0071,0.0005,0.0029,0.0080,0.0042,0.0048,0.0031,0.0070,0.0031,0.0044,0.0115
0.0034,0.0034,0.0124,0.1472,0.0097,0.1966,0.0636,0.0193,0.0358,0.0177,0.0054,0.0014,0.1920,0.0016,0.0015,0.0081,0.0000,0.0071,0.0893,0.0229,0.0000,0.0002,0.0045,0.0058,0.0187,0.0421,0.0037,0.0075,0.0124
0.0051,0.0042,0.0031,0.0073,0.0016,0.0075,0.0044,0.0072,0.0091,0.0032,0.0127,0.0017,0.0073,0.0113,0.0055,0.0130,0.2239,0.0005,0.0229,0.7900,0.0003,0.0002,0.0348,0.0108,0.0037,0.0166,0.0087,0.0047,0.0146
0.0027,0.0035,0.0033,0.0049,0.0033,0.7557,0.0066,0.0709,0.9493,0.0119,0.0171,0.0038,0.4481,0.0018,0.0021,0.0013,0.0137,0.0029,0.0000,0.0003,0.9409,0.0002,0.0000,0.0031,0.0245,0.0060,0.0089,0.0026,0.0047
0.0013,0.0015,0.0028,0.0059,0.0112,0.2880,0.9383,0.9019,0.1908,0.0481,0.0092,0.0012,0.0098,0.0014,0.0004,0.0009,0.0004,0.0080,0.0002,0.0002,0.0002,0.2143,0.0063,0.0004,0.0000,0.0165,0.0408,0.0401,0.0257
0.0036,0.0021,0.0041,0.0026,0.0066,0.0259,0.0256,0.4905,0.0287,0.0137,0.0196,0.0031,0.0037,0.0076,0.0013,0.0055,0.0060,0.0042,0.0045,0.0348,0.0000,0.0063,0.1513,0.0322,0.0000,0.0022,0.0245,0.0550,0.0950
0.0034,0.0039,0.0054,0.0020,0.0020,0.0092,0.0061,0.0716,0.0117,0.0069,0.2674,0.0032,0.0223,0.0082,0.0042,0.0013,0.0083,0.0048,0.0058,0.0108,0.0031,0.0004,0.0322,0.6310,0.0002,0.0007,0.0397,0.0044,0.0109
0.0049,0.0098,0.0128,0.0111,0.0044,0.8959,0.0254,0.9719,0.9980,0.0427,0.1693,0.0066,0.1097,0.0013,0.0026,0.0008,0.0016,0.0031,0.0187,0.0037,0.0245,0.0000,0.0000,0.0002,0.1228,0.0003,0.0000,0.0001,0.0001
0.0022,0.0029,0.0058,0.0014,0.0026,0.0150,0.0483,0.3607,0.0357,0.0046,0.0357,0.0018,0.0156,0.0026,0.0026,0.0037,0.0030,0.0070,0.0421,0.0166,0.0060,0.0165,0.0022,0.0007,0.0003,0.6223,0.0681,0.0006,0.0004
0.0040,0.0037,0.0081,0.0011,0.0014,0.0084,0.0074,0.5317,0.0505,0.0039,0.0179,0.0007,0.0058,0.0025,0.0050,0.0007,0.0024,0.0031,0.0037,0.0087,0.0089,0.0408,0.0245,0.0397,0.0000,0.0681,0.0572,0.1322,0.0022
0.0082,0.0069,0.0113,0.0021,0.0018,0.0065,0.0065,0.0236,0.0171,0.0069,0.0103,0.0015,0.0035,0.0017,0.0034,0.0022,0.0019,0.0044,0.0075,0.0047,0.0026,0.0401,0.0550,0.0044,0.0001,0.0006,0.1322,0.4495,0.2702
0.0065,0.0073,0.0178,0.0027,0.0038,0.0061,0.0137,0.0226,0.0090,0.0072,0.0066,0.0013,0.0032,0.0024,0.0026,0.0042,0.0058,0.0115,0.0124,0.0146,0.0047,0.0257,0.0950,0.0109,0.0001,0.0004,0.0022,0.2702,0.1385