c1,c2,c3,c4,c5,c6,c7,c8,c9,c10,c11,c12,c13,c14,c15,c16,c17,c18,c19,c20,c21,c22,c23,c24,c25,c26,c27,c28,c29
0.0149,0.0016,0.0008,0.0000,0.0078,0.0004,0.0467,0.0040,0.0069,0.0292,0.0064,0.6244,0.0123,0.3253,0.1010,0.0791,0.0054,0.0030,0.0108,0.0058,0.0025,0.0015,0.0070,0.0030,0.0033,0.0027,0.0056,0.0090,0.0064
0.0016,0.0181,0.0112,0.0000,0.0019,0.0001,0.0058,0.0011,0.0026,0.0060,0.0115,0.9123,0.2805,0.8247,0.2720,0.0435,0.0086,0.0076,0.0051,0.0061,0.0028,0.0016,0.0018,0.0043,0.0081,0.0026,0.0064,0.0058,0.0128
0.0008,0.0112,0.0485,0.0001,0.0000,0.0000,0.0011,0.0004,0.0045,0.0100,0.0078,0.9949,0.0530,0.7828,0.1164,0.0432,0.0043,0.0081,0.0063,0.0035,0.0037,0.0035,0.0043,0.0042,0.0124,0.0047,0.0122,0.0081,0.0151
0.0000,0.0000,0.0001,0.0000,0.0009,0.0000,0.0001,0.0000,0.0003,0.0041,0.0072,0.2265,0.9994,0.9075,0.9998,0.9987,0.0121,0.9843,0.3842,0.0048,0.0060,0.0418,0.0018,0.0023,0.0144,0.0011,0.0010,0.0031,0.0030
0.0078,0.0019,0.0000,0.0009,0.3096,0.0000,0.0017,0.0002,0.0004,0.9991,0.0062,1.0000,0.0042,0.0077,0.0051,0.0032,0.0016,0.0226,0.0075,0.0016,0.0041,0.0186,0.0026,0.0015,0.0036,0.0025,0.0016,0.0032,0.0067
0.0004,0.0001,0.0000,0.0000,0.0000,0.1089,0.0020,0.0000,0.0042,0.0050,0.1521,0.1326,0.0758,0.0155,0.0423,0.0243,0.0162,0.4432,0.0294,0.0060,0.7393,0.1280,0.0084,0.0056,0.9812,0.0152,0.0079,0.0076,0.0040
0.0467,0.0058,0.0011,0.0001,0.0017,0.0020,0.5961,0.0021,0.0000,0.0504,0.0001,0.0100,0.0022,0.0038,0.0033,0.0080,0.0036,0.0302,0.0499,0.0031,0.0091,0.9938,0.0070,0.0032,0.0246,0.0728,0.0081,0.0171,0.0090
0.0040,0.0011,0.0004,0.0000,0.0002,0.0000,0.0021,0.4208,0.0003,0.0002,0.0005,0.0004,0.0006,0.0014,0.0024,0.0014,0.0034,0.0352,0.0105,0.0039,0.2118,0.9788,0.0533,0.0168,0.9969,0.7144,0.3057,0.0644,0.0120
0.0069,0.0026,0.0045,0.0003,0.0004,0.0042,0.0000,0.0003,0.0009,0.0052,0.0000,0.0003,0.0053,0.0106,0.0471,0.0066,0.0064,0.1543,0.0143,0.0072,0.9407,0.0682,0.0111,0.0081,0.9984,0.0462,0.0828,0.0181,0.0070
0.0292,0.0060,0.0100,0.0041,0.9991,0.0050,0.0504,0.0002,0.0052,0.9847,0.0004,0.0000,0.0000,0.0003,0.0006,0.0040,0.0028,0.0118,0.0112,0.0028,0.0164,0.0204,0.0064,0.0034,0.0509,0.0093,0.0018,0.0219,0.0102
0.0064,0.0115,0.0078,0.0072,0.0062,0.1521,0.0001,0.0005,0.0000,0.0004,0.5594,0.0117,0.0008,0.0021,0.0010,0.0048,0.1985,0.0148,0.0041,0.0227,0.0594,0.0034,0.0037,0.2696,0.1340,0.0079,0.0221,0.0056,0.0042
0.6244,0.9123,0.9949,0.2265,1.0000,0.1326,0.0100,0.0004,0.0003,0.0000,0.0117,0.6173,0.0001,0.0000,0.0002,0.0004,0.0007,0.0016,0.0013,0.0014,0.0040,0.0005,0.0013,0.0021,0.0045,0.0014,0.0007,0.0018,0.0015
0.0123,0.2805,0.0530,0.9994,0.0042,0.0758,0.0022,0.0006,0.0053,0.0000,0.0008,0.0001,0.0011,0.0014,0.0000,0.0000,0.0184,0.8740,0.0149,0.0104,0.5122,0.0025,0.0009,0.0985,0.0202,0.0059,0.0029,0.0022,0.0020
0.3253,0.8247,0.7828,0.9075,0.0077,0.0155,0.0038,0.0014,0.0106,0.0003,0.0021,0.0000,0.0014,0.0491,0.0078,0.0020,0.0852,0.0001,0.0011,0.0136,0.0019,0.0009,0.0079,0.0199,0.0009,0.0022,0.0060,0.0019,0.0030
0.1010,0.2720,0.1164,0.9998,0.0051,0.0423,0.0033,0.0024,0.0471,0.0006,0.0010,0.0002,0.0000,0.0078,0.0162,0.0209,0.0007,0.0002,0.0008,0.0069,0.0049,0.0006,0.0046,0.0189,0.0024,0.0032,0.0105,0.0064,0.0036
0.0791,0.0435,0.0432,0.9987,0.0032,0.0243,0.0080,0.0014,0.0066,0.0040,0.0048,0.0004,0.0000,0.0020,0.0209,0.2346,0.1513,0.0000,0.0086,0.0380,0.0015,0.0021,0.0057,0.0035,0.0004,0.0028,0.0024,0.0049,0.0073
0.0054,0.0086,0.0043,0.0121,0.0016,0.0162,0.0036,0.0034,0.0064,0.0028,0.1985,0.0007,0.0184,0.0852,0.0007,0.1513,0.1230,0.0001,0.0012,0.6804,0.0056,0.0008,0.0274,0.0250,0.0016,0.0012,0.0029,0.0023,0.0126
0.0030,0.0076,0.0081,0.9843,0.0226,0.4432,0.0302,0.0352,0.1543,0.0118,0.0148,0.0016,0.8740,0.0001,0.0002,0.0000,0.0001,0.0458,0.0149,0.0002,0.0013,0.0119,0.0019,0.0094,0.0020,0.0034,0.0016,0.0026,0.0052
0.0108,0.0051,0.0063,0.3842,0.0075,0.0294,0.0499,0.0105,0.0143,0.0112,0.0041,0.0013,0.0149,0.0011,0.0008,0.0086,0.0012,0.0149,0.1384,0.0091,0.0000,0.0005,0.0310,0.0032,0.0070,0.0376,0.0089,0.0103,0.0277
0.0058,0.0061,0.0035,0.0048,0.0016,0.0060,0.0031,0.0039,0.0072,0.0028,0.0227,0.0014,0.0104,0.0136,0.0069,0.0380,0.6804,0.0002,0.0091,0.4838,0.0003,0.0000,0.0706,0.0234,0.0025,0.0119,0.0169,0.0060,0.0269
0.0025,0.0028,0.0037,0.0060,0.0041,0.7393,0.0091,0.2118,0.9407,0.0164,0.0594,0.0040,0.5122,0.0019,0.0049,0.0015,0.0056,0.0013,0.0000,0.0003,0.9270,0.0001,0.0000,0.0015,0.0208,0.0085,0.0091,0.0017,0.0019
0.0015,0.0016,0.0035,0.0418,0.0186,0.1280,0.9938,0.9788,0.0682,0.0204,0.0034,0.0005,0.0025,0.0009,0.0006,0.0021,0.0008,0.0119,0.0005,0.0000,0.0001,0.1222,0.0029,0.0001,0.0001,0.0594,0.0153,0.1162,0.0291
0.0070,0.0018,0.0043,0.0018,0.0026,0.0084,0.0070,0.0533,0.0111,0.0064,0.0037,0.0013,0.0009,0.0079,0.0046,0.0057,0.0274,0.0019,0.0310,0.0706,0.0000,0.0029,0.5372,0.0344,0.0000,0.0058,0.1037,0.0900,0.5472
0.0030,0.0043,0.0042,0.0023,0.0015,0.0056,0.0032,0.0168,0.0081,0.0034,0.2696,0.0021,0.0985,0.0199,0.0189,0.0035,0.0250,0.0094,0.0032,0.0234,0.0015,0.0001,0.0344,0.7003,0.0001,0.0003,0.0220,0.0048,0.0310
0.0033,0.0081,0.0124,0.0144,0.0036,0.9812,0.0246,0.9969,0.9984,0.0509,0.1340,0.0045,0.0202,0.0009,0.0024,0.0004,0.0016,0.0020,0.0070,0.0025,0.0208,0.0001,0.0000,0.0001,0.2314,0.0003,0.0000,0.0001,0.0001
0.0027,0.0026,0.0047,0.0011,0.0025,0.0152,0.0728,0.7144,0.0462,0.0093,0.0079,0.0014,0.0059,0.0022,0.0032,0.0028,0.0012,0.0034,0.0376,0.0119,0.0085,0.0594,0.0058,0.0003,0.0003,0.6445,0.1308,0.0005,0.0005
0.0056,0.0064,0.0122,0.0010,0.0016,0.0079,0.0081,0.3057,0.0828,0.0018,0.0221,0.0007,0.0029,0.0060,0.0105,0.0024,0.0029,0.0016,0.0089,0.0169,0.0091,0.0153,0.1037,0.0220,0.0000,0.1308,0.0064,0.0328,0.0007
0.0090,0.0058,0.0081,0.0031,0.0032,0.0076,0.0171,0.0644,0.0181,0.0219,0.0056,0.0018,0.0022,0.0019,0.0064,0.0049,0.0023,0.0026,0.0103,0.0060,0.0017,0.1162,0.0900,0.0048,0.0001,0.0005,0.0328,0.2060,0.0184
0.0064,0.0128,0.0151,0.0030,0.0067,0.0040,0.0090,0.0120,0.0070,0.0102,0.0042,0.0015,0.0020,0.0030,0.0036,0.0073,0.0126,0.0052,0.0277,0.0269,0.0019,0.0291,0.5472,0.0310,0.0001,0.0005,0.0007,0.0184,0.0784