c1,c2,c3,c4,c5,c6,c7,c8,c9,c10,c11,c12,c13,c14,c15,c16,c17,c18,c19,c20,c21,c22,c23,c24,c25,c26,c27,c28,c29
0.0352,0.0035,0.0005,0.0000,0.0214,0.0007,0.0689,0.0111,0.0077,0.0569,0.0114,0.6800,0.0105,0.1009,0.0216,0.0184,0.0141,0.0058,0.0021,0.0082,0.0040,0.0011,0.0029,0.0061,0.0042,0.0034,0.0058,0.0026,0.0032
0.0035,0.0119,0.0268,0.0000,0.0050,0.0001,0.0172,0.0049,0.0049,0.0152,0.0210,0.9945,0.3752,0.5176,0.0436,0.0406,0.0116,0.0042,0.0045,0.0049,0.0023,0.0007,0.0014,0.0021,0.0023,0.0019,0.0029,0.0026,0.0032
0.0005,0.0268,0.0405,0.0001,0.0001,0.0000,0.0063,0.0011,0.0023,0.0357,0.0090,0.9958,0.0228,0.0743,0.0397,0.0583,0.0071,0.0080,0.0141,0.0048,0.0032,0.0017,0.0041,0.0046,0.0037,0.0083,0.0046,0.0055,0.0207
0.0000,0.0000,0.0001,0.0001,0.0006,0.0000,0.0001,0.0000,0.0004,0.0040,0.0338,0.5852,0.9997,0.7722,0.9523,1.0000,0.1062,0.0158,0.2823,0.0321,0.0018,0.0008,0.0153,0.0025,0.0028,0.0026,0.0017,0.0010,0.0035
0.0214,0.0050,0.0001,0.0006,0.2668,0.0000,0.0062,0.0009,0.0003,0.9998,0.0137,0.9998,0.0059,0.0056,0.0031,0.0093,0.0021,0.0031,0.0351,0.0032,0.0009,0.0017,0.0076,0.0020,0.0020,0.0014,0.0011,0.0007,0.0029
0.0007,0.0001,0.0000,0.0000,0.0000,0.0161,0.0006,0.0000,0.0013,0.0071,0.0505,0.1230,0.2688,0.0153,0.0775,0.0491,0.0200,0.0223,0.6906,0.0090,0.0156,0.8207,0.0989,0.0159,0.0318,0.0728,0.0330,0.1551,0.0193
0.0689,0.0172,0.0063,0.0001,0.0062,0.0006,0.9279,0.0122,0.0000,0.0456,0.0011,0.0053,0.0026,0.0065,0.0046,0.1543,0.0064,0.0049,0.0570,0.0391,0.0012,0.0023,0.4706,0.0059,0.0040,0.0044,0.0030,0.0023,0.0218
0.0111,0.0049,0.0011,0.0000,0.0009,0.0000,0.0122,0.7716,0.0003,0.0002,0.0059,0.0018,0.0021,0.0068,0.0075,0.0035,0.0063,0.0162,0.0396,0.0078,0.0041,0.0199,0.4552,0.0221,0.0205,0.1801,0.1547,0.1321,0.0253
0.0077,0.0049,0.0023,0.0004,0.0003,0.0013,0.0000,0.0003,0.0000,0.0005,0.0000,0.0002,0.0029,0.0084,0.0378,0.0036,0.0049,0.0312,0.1598,0.0085,0.0601,0.7964,0.0872,0.0380,0.3619,0.5433,0.4555,0.9153,0.0156
0.0569,0.0152,0.0357,0.0040,0.9998,0.0071,0.0456,0.0002,0.0005,0.9035,0.0004,0.0000,0.0000,0.0009,0.0015,0.0085,0.0064,0.0067,0.0216,0.0041,0.0029,0.0073,0.0234,0.0065,0.0032,0.0040,0.0027,0.0085,0.0107
0.0114,0.0210,0.0090,0.0338,0.0137,0.0505,0.0011,0.0059,0.0000,0.0004,0.1301,0.0176,0.0000,0.0250,0.0050,0.0022,0.0463,0.0873,0.0050,0.0091,0.0383,0.0058,0.0041,0.0112,0.0482,0.0403,0.0172,0.0113,0.0052
0.6800,0.9945,0.9958,0.5852,0.9998,0.1230,0.0053,0.0018,0.0002,0.0000,0.0176,0.0705,0.0001,0.0001,0.0002,0.0003,0.0005,0.0034,0.0013,0.0015,0.0011,0.0009,0.0015,0.0014,0.0022,0.0012,0.0006,0.0006,0.0009
0.0105,0.3752,0.0228,0.9997,0.0059,0.2688,0.0026,0.0021,0.0029,0.0000,0.0000,0.0001,0.0001,0.0020,0.0000,0.0004,0.0012,0.0394,0.8893,0.0082,0.1611,0.1832,0.0023,0.0048,0.0407,0.0894,0.0094,0.0036,0.0025
0.1009,0.5176,0.0743,0.7722,0.0056,0.0153,0.0065,0.0068,0.0084,0.0009,0.0250,0.0001,0.0020,0.2085,0.0601,0.0002,0.0092,0.0206,0.0004,0.0094,0.0027,0.0002,0.0025,0.0031,0.0054,0.0043,0.0019,0.0019,0.0025
0.0216,0.0436,0.0397,0.9523,0.0031,0.0775,0.0046,0.0075,0.0378,0.0015,0.0050,0.0002,0.0000,0.0601,0.0625,0.0067,0.2766,0.2072,0.0001,0.0053,0.0089,0.0002,0.0005,0.0038,0.0066,0.0065,0.0022,0.0030,0.0026
0.0184,0.0406,0.0583,1.0000,0.0093,0.0491,0.1543,0.0035,0.0036,0.0085,0.0022,0.0003,0.0004,0.0002,0.0067,0.3198,0.0284,0.0000,0.0003,0.0323,0.0007,0.0004,0.0032,0.0025,0.0015,0.0019,0.0004,0.0005,0.0049
0.0141,0.0116,0.0071,0.1062,0.0021,0.0200,0.0064,0.0063,0.0049,0.0064,0.0463,0.0005,0.0012,0.0092,0.2766,0.0284,0.2652,0.1653,0.0000,0.0585,0.0717,0.0003,0.0026,0.0036,0.0026,0.0042,0.0012,0.0013,0.0060
0.0058,0.0042,0.0080,0.0158,0.0031,0.0223,0.0049,0.0162,0.0312,0.0067,0.0873,0.0034,0.0394,0.0206,0.2072,0.0000,0.1653,0.0521,0.0001,0.0004,0.0173,0.0011,0.0007,0.0111,0.0157,0.0094,0.0048,0.0021,0.0072
0.0021,0.0045,0.0141,0.2823,0.0351,0.6906,0.0570,0.0396,0.1598,0.0216,0.0050,0.0013,0.8893,0.0004,0.0001,0.0003,0.0000,0.0001,0.2474,0.0039,0.0001,0.0001,0.0182,0.0071,0.0174,0.0313,0.0086,0.0110,0.0212
0.0082,0.0049,0.0048,0.0321,0.0032,0.0090,0.0391,0.0078,0.0085,0.0041,0.0091,0.0015,0.0082,0.0094,0.0053,0.0323,0.0585,0.0004,0.0039,0.4006,0.0088,0.0000,0.0086,0.0217,0.0046,0.0085,0.0068,0.0023,0.0235
0.0040,0.0023,0.0032,0.0018,0.0009,0.0156,0.0012,0.0041,0.0601,0.0029,0.0383,0.0011,0.1611,0.0027,0.0089,0.0007,0.0717,0.0173,0.0001,0.0088,0.0323,0.0005,0.0003,0.0196,0.1510,0.0742,0.0867,0.0343,0.0151
0.0011,0.0007,0.0017,0.0008,0.0017,0.8207,0.0023,0.0199,0.7964,0.0073,0.0058,0.0009,0.1832,0.0002,0.0002,0.0004,0.0003,0.0011,0.0001,0.0000,0.0005,0.6458,0.0015,0.0013,0.0262,0.1971,0.7622,0.9472,0.1412
0.0029,0.0014,0.0041,0.0153,0.0076,0.0989,0.4706,0.4552,0.0872,0.0234,0.0041,0.0015,0.0023,0.0025,0.0005,0.0032,0.0026,0.0007,0.0182,0.0086,0.0003,0.0015,0.0181,0.0663,0.0000,0.0004,0.0095,0.0555,0.2500
0.0061,0.0021,0.0046,0.0025,0.0020,0.0159,0.0059,0.0221,0.0380,0.0065,0.0112,0.0014,0.0048,0.0031,0.0038,0.0025,0.0036,0.0111,0.0071,0.0217,0.0196,0.0013,0.0663,0.1612,0.0088,0.0001,0.0454,0.0047,0.0354
0.0042,0.0023,0.0037,0.0028,0.0020,0.0318,0.0040,0.0205,0.3619,0.0032,0.0482,0.0022,0.0407,0.0054,0.0066,0.0015,0.0026,0.0157,0.0174,0.0046,0.1510,0.0262,0.0000,0.0088,0.0583,0.0026,0.0017,0.0036,0.0065
0.0034,0.0019,0.0083,0.0026,0.0014,0.0728,0.0044,0.1801,0.5433,0.0040,0.0403,0.0012,0.0894,0.0043,0.0065,0.0019,0.0042,0.0094,0.0313,0.0085,0.0742,0.1971,0.0004,0.0001,0.0026,0.0146,0.0507,0.0000,0.0004
0.0058,0.0029,0.0046,0.0017,0.0011,0.0330,0.0030,0.1547,0.4555,0.0027,0.0172,0.0006,0.0094,0.0019,0.0022,0.0004,0.0012,0.0048,0.0086,0.0068,0.0867,0.7622,0.0095,0.0454,0.0017,0.0507,0.0015,0.0036,0.0003
0.0026,0.0026,0.0055,0.0010,0.0007,0.1551,0.0023,0.1321,0.9153,0.0085,0.0113,0.0006,0.0036,0.0019,0.0030,0.0005,0.0013,0.0021,0.0110,0.0023,0.0343,0.9472,0.0555,0.0047,0.0036,0.0000,0.0036,0.0318,0.0027
0.0032,0.0032,0.0207,0.0035,0.0029,0.0193,0.0218,0.0253,0.0156,0.0107,0.0052,0.0009,0.0025,0.0025,0.0026,0.0049,0.0060,0.0072,0.0212,0.0235,0.0151,0.1412,0.2500,0.0354,0.0065,0.0004,0.0003,0.0027,0.0024