c1,c2,c3,c4,c5,c6,c7,c8,c9,c10,c11,c12,c13,c14,c15,c16,c17,c18,c19,c20,c21,c22,c23,c24,c25,c26,c27,c28,c29
0.0224,0.0012,0.0004,0.0000,0.0081,0.0007,0.0277,0.0043,0.0086,0.0594,0.0086,0.5549,0.0159,0.2876,0.1248,0.0816,0.0078,0.0032,0.0087,0.0059,0.0019,0.0011,0.0059,0.0044,0.0037,0.0025,0.0064,0.0044,0.0047
0.0012,0.0165,0.0054,0.0000,0.0029,0.0001,0.0037,0.0015,0.0037,0.0164,0.0198,0.9863,0.3279,0.4157,0.1608,0.0473,0.0068,0.0083,0.0042,0.0030,0.0028,0.0013,0.0021,0.0059,0.0157,0.0019,0.0042,0.0053,0.0092
0.0004,0.0054,0.0353,0.0001,0.0000,0.0000,0.0010,0.0005,0.0051,0.0224,0.0127,0.9975,0.1009,0.7151,0.1219,0.0480,0.0040,0.0080,0.0066,0.0048,0.0033,0.0035,0.0032,0.0048,0.0158,0.0041,0.0073,0.0038,0.0075
0.0000,0.0000,0.0001,0.0000,0.0007,0.0000,0.0001,0.0000,0.0001,0.0057,0.0110,0.4767,0.9998,0.8101,1.0000,0.9728,0.0025,0.9991,0.1192,0.0030,0.0028,0.0119,0.0011,0.0015,0.0155,0.0008,0.0007,0.0015,0.0023
0.0081,0.0029,0.0000,0.0007,0.1875,0.0000,0.0012,0.0005,0.0003,0.9997,0.0203,0.9999,0.0067,0.0034,0.0072,0.0033,0.0016,0.0278,0.0037,0.0015,0.0036,0.0107,0.0030,0.0023,0.0048,0.0022,0.0023,0.0027,0.0066
0.0007,0.0001,0.0000,0.0000,0.0000,0.0614,0.0014,0.0000,0.0049,0.0030,0.0520,0.0332,0.1045,0.0116,0.0465,0.0373,0.0249,0.3701,0.0187,0.0089,0.9580,0.0741,0.0111,0.0070,0.9879,0.0125,0.0034,0.0077,0.0058
0.0277,0.0037,0.0010,0.0001,0.0012,0.0014,0.6229,0.0028,0.0000,0.0101,0.0005,0.0115,0.0017,0.0025,0.0047,0.0087,0.0039,0.0388,0.0158,0.0038,0.0131,0.9968,0.0058,0.0065,0.0333,0.0905,0.0087,0.0165,0.0122
0.0043,0.0015,0.0005,0.0000,0.0005,0.0000,0.0028,0.2434,0.0001,0.0001,0.0002,0.0005,0.0009,0.0024,0.0038,0.0020,0.0028,0.0335,0.0093,0.0059,0.2383,0.9384,0.0220,0.0357,0.9976,0.4037,0.5149,0.0665,0.0310
0.0086,0.0037,0.0051,0.0001,0.0003,0.0049,0.0000,0.0001,0.0009,0.0013,0.0000,0.0001,0.0040,0.0121,0.0382,0.0087,0.0091,0.1080,0.0182,0.0131,0.9974,0.0629,0.0130,0.0139,0.9987,0.0331,0.0448,0.0116,0.0081
0.0594,0.0164,0.0224,0.0057,0.9997,0.0030,0.0101,0.0001,0.0013,0.9545,0.0003,0.0000,0.0000,0.0005,0.0016,0.0070,0.0044,0.0046,0.0160,0.0049,0.0179,0.0084,0.0111,0.0072,0.0367,0.0054,0.0046,0.0086,0.0078
0.0086,0.0198,0.0127,0.0110,0.0203,0.0520,0.0005,0.0002,0.0000,0.0003,0.0908,0.0188,0.0000,0.0056,0.0009,0.0084,0.2793,0.0098,0.0065,0.0328,0.0401,0.0037,0.0114,0.1873,0.0879,0.0160,0.0321,0.0063,0.0100
0.5549,0.9863,0.9975,0.4767,0.9999,0.0332,0.0115,0.0005,0.0001,0.0000,0.0188,0.3785,0.0001,0.0000,0.0003,0.0005,0.0005,0.0028,0.0019,0.0015,0.0056,0.0003,0.0021,0.0035,0.0043,0.0014,0.0003,0.0006,0.0009
0.0159,0.3279,0.1009,0.9998,0.0067,0.1045,0.0017,0.0009,0.0040,0.0000,0.0000,0.0001,0.0038,0.0020,0.0000,0.0002,0.0333,0.6044,0.0117,0.0139,0.4030,0.0017,0.0012,0.1143,0.0531,0.0033,0.0029,0.0014,0.0016
0.2876,0.4157,0.7151,0.8101,0.0034,0.0116,0.0025,0.0024,0.0121,0.0005,0.0056,0.0000,0.0020,0.0439,0.0235,0.0015,0.5853,0.0000,0.0010,0.0068,0.0018,0.0011,0.0041,0.0214,0.0014,0.0016,0.0073,0.0016,0.0028
0.1248,0.1608,0.1219,1.0000,0.0072,0.0465,0.0047,0.0038,0.0382,0.0016,0.0009,0.0003,0.0000,0.0235,0.0335,0.0525,0.0001,0.0002,0.0028,0.0030,0.0021,0.0003,0.0016,0.0036,0.0011,0.0025,0.0041,0.0043,0.0032
0.0816,0.0473,0.0480,0.9728,0.0033,0.0373,0.0087,0.0020,0.0087,0.0070,0.0084,0.0005,0.0002,0.0015,0.0525,0.2051,0.1527,0.0000,0.0164,0.0077,0.0019,0.0013,0.0031,0.0025,0.0006,0.0035,0.0013,0.0032,0.0082
0.0078,0.0068,0.0040,0.0025,0.0016,0.0249,0.0039,0.0028,0.0091,0.0044,0.2793,0.0005,0.0333,0.5853,0.0001,0.1527,0.8732,0.0001,0.0004,0.3166,0.0045,0.0004,0.0137,0.0168,0.0017,0.0015,0.0031,0.0010,0.0122
0.0032,0.0083,0.0080,0.9991,0.0278,0.3701,0.0388,0.0335,0.1080,0.0046,0.0098,0.0028,0.6044,0.0000,0.0002,0.0000,0.0001,0.0247,0.0277,0.0002,0.0002,0.0560,0.0012,0.0081,0.0021,0.0059,0.0014,0.0030,0.0094
0.0087,0.0042,0.0066,0.1192,0.0037,0.0187,0.0158,0.0093,0.0182,0.0160,0.0065,0.0019,0.0117,0.0010,0.0028,0.0164,0.0004,0.0277,0.1310,0.0355,0.0000,0.0015,0.0190,0.0021,0.0033,0.0251,0.0127,0.0227,0.0402
0.0059,0.0030,0.0048,0.0030,0.0015,0.0089,0.0038,0.0059,0.0131,0.0049,0.0328,0.0015,0.0139,0.0068,0.0030,0.0077,0.3166,0.0002,0.0355,0.5153,0.0003,0.0000,0.0738,0.0108,0.0028,0.0202,0.0277,0.0080,0.0205
0.0019,0.0028,0.0033,0.0028,0.0036,0.9580,0.0131,0.2383,0.9974,0.0179,0.0401,0.0056,0.4030,0.0018,0.0021,0.0019,0.0045,0.0002,0.0000,0.0003,0.7777,0.0002,0.0001,0.0010,0.0045,0.0052,0.0098,0.0025,0.0062
0.0011,0.0013,0.0035,0.0119,0.0107,0.0741,0.9968,0.9384,0.0629,0.0084,0.0037,0.0003,0.0017,0.0011,0.0003,0.0013,0.0004,0.0560,0.0015,0.0000,0.0002,0.6479,0.0092,0.0001,0.0001,0.1019,0.0071,0.0912,0.0333
0.0059,0.0021,0.0032,0.0011,0.0030,0.0111,0.0058,0.0220,0.0130,0.0111,0.0114,0.0021,0.0012,0.0041,0.0016,0.0031,0.0137,0.0012,0.0190,0.0738,0.0001,0.0092,0.2034,0.0277,0.0000,0.0135,0.1235,0.1482,0.4819
0.0044,0.0059,0.0048,0.0015,0.0023,0.0070,0.0065,0.0357,0.0139,0.0072,0.1873,0.0035,0.1143,0.0214,0.0036,0.0025,0.0168,0.0081,0.0021,0.0108,0.0010,0.0001,0.0277,0.6329,0.0003,0.0005,0.0279,0.0033,0.0204
0.0037,0.0157,0.0158,0.0155,0.0048,0.9879,0.0333,0.9976,0.9987,0.0367,0.0879,0.0043,0.0531,0.0014,0.0011,0.0006,0.0017,0.0021,0.0033,0.0028,0.0045,0.0001,0.0000,0.0003,0.0212,0.0002,0.0001,0.0001,0.0001
0.0025,0.0019,0.0041,0.0008,0.0022,0.0125,0.0905,0.4037,0.0331,0.0054,0.0160,0.0014,0.0033,0.0016,0.0025,0.0035,0.0015,0.0059,0.0251,0.0202,0.0052,0.1019,0.0135,0.0005,0.0002,0.6182,0.1421,0.0053,0.0003
0.0064,0.0042,0.0073,0.0007,0.0023,0.0034,0.0087,0.5149,0.0448,0.0046,0.0321,0.0003,0.0029,0.0073,0.0041,0.0013,0.0031,0.0014,0.0127,0.0277,0.0098,0.0071,0.1235,0.0279,0.0001,0.1421,0.0020,0.1028,0.0012
0.0044,0.0053,0.0038,0.0015,0.0027,0.0077,0.0165,0.0665,0.0116,0.0086,0.0063,0.0006,0.0014,0.0016,0.0043,0.0032,0.0010,0.0030,0.0227,0.0080,0.0025,0.0912,0.1482,0.0033,0.0001,0.0053,0.1028,0.4157,0.0532
0.0047,0.0092,0.0075,0.0023,0.0066,0.0058,0.0122,0.0310,0.0081,0.0078,0.0100,0.0009,0.0016,0.0028,0.0032,0.0082,0.0122,0.0094,0.0402,0.0205,0.0062,0.0333,0.4819,0.0204,0.0001,0.0003,0.0012,0.0532,0.0107