c1,c2,c3,c4,c5,c6,c7,c8,c9,c10,c11,c12,c13,c14,c15,c16,c17,c18,c19,c20,c21,c22,c23,c24,c25,c26,c27,c28,c29
0.0083,0.0010,0.0004,0.0000,0.0088,0.0005,0.0506,0.0067,0.0069,0.0368,0.0101,0.5613,0.0187,0.3845,0.0926,0.0480,0.0088,0.0045,0.0059,0.0076,0.0033,0.0018,0.0054,0.0059,0.0024,0.0022,0.0048,0.0077,0.0034
0.0010,0.0149,0.0155,0.0000,0.0021,0.0001,0.0055,0.0013,0.0021,0.0063,0.0160,0.9206,0.3960,0.9150,0.2752,0.0482,0.0132,0.0117,0.0058,0.0045,0.0020,0.0020,0.0018,0.0056,0.0041,0.0019,0.0038,0.0046,0.0082
0.0004,0.0155,0.0283,0.0001,0.0000,0.0000,0.0016,0.0006,0.0046,0.0177,0.0114,0.9970,0.0530,0.8222,0.0880,0.0295,0.0043,0.0090,0.0065,0.0031,0.0040,0.0032,0.0022,0.0046,0.0067,0.0045,0.0093,0.0072,0.0133
0.0000,0.0000,0.0001,0.0000,0.0007,0.0000,0.0001,0.0000,0.0002,0.0052,0.0115,0.2901,0.9982,0.8278,0.9910,1.0000,0.0262,0.3681,0.1156,0.0112,0.0046,0.0833,0.0037,0.0020,0.0206,0.0013,0.0021,0.0039,0.0051
0.0088,0.0021,0.0000,0.0007,0.1382,0.0000,0.0023,0.0003,0.0003,0.9998,0.0142,1.0000,0.0038,0.0118,0.0055,0.0038,0.0017,0.0072,0.0095,0.0018,0.0024,0.0065,0.0042,0.0016,0.0020,0.0024,0.0014,0.0032,0.0064
0.0005,0.0001,0.0000,0.0000,0.0000,0.0329,0.0017,0.0000,0.0036,0.0075,0.0416,0.0845,0.1777,0.0109,0.0652,0.0553,0.0127,0.0642,0.1014,0.0073,0.3546,0.2404,0.0218,0.0070,0.9825,0.0237,0.0122,0.0123,0.0079
0.0506,0.0055,0.0016,0.0001,0.0023,0.0017,0.5912,0.0027,0.0000,0.0502,0.0010,0.0243,0.0026,0.0060,0.0032,0.0136,0.0041,0.0064,0.0316,0.0064,0.0060,0.4398,0.0283,0.0030,0.0178,0.0823,0.0084,0.0238,0.0199
0.0067,0.0013,0.0006,0.0000,0.0003,0.0000,0.0027,0.1433,0.0003,0.0002,0.0007,0.0007,0.0008,0.0022,0.0044,0.0021,0.0046,0.0066,0.0196,0.0045,0.0557,0.8425,0.1373,0.0159,0.9801,0.8314,0.2329,0.0554,0.0330
0.0069,0.0021,0.0046,0.0002,0.0003,0.0036,0.0000,0.0003,0.0002,0.0028,0.0000,0.0002,0.0036,0.0061,0.0324,0.0064,0.0046,0.0394,0.0462,0.0106,0.9506,0.1729,0.0252,0.0102,0.9996,0.0690,0.0804,0.0244,0.0075
0.0368,0.0063,0.0177,0.0052,0.9998,0.0075,0.0502,0.0002,0.0028,0.9512,0.0005,0.0000,0.0000,0.0005,0.0006,0.0052,0.0038,0.0036,0.0101,0.0030,0.0141,0.0206,0.0094,0.0034,0.0164,0.0067,0.0023,0.0183,0.0126
0.0101,0.0160,0.0114,0.0115,0.0142,0.0416,0.0010,0.0007,0.0000,0.0005,0.2498,0.0297,0.0000,0.0035,0.0010,0.0024,0.0775,0.0213,0.0031,0.0112,0.0094,0.0079,0.0055,0.1392,0.1663,0.0224,0.0338,0.0095,0.0115
0.5613,0.9206,0.9970,0.2901,1.0000,0.0845,0.0243,0.0007,0.0002,0.0000,0.0297,0.1480,0.0000,0.0000,0.0002,0.0003,0.0005,0.0013,0.0010,0.0013,0.0036,0.0007,0.0007,0.0025,0.0019,0.0013,0.0009,0.0018,0.0020
0.0187,0.3960,0.0530,0.9982,0.0038,0.1777,0.0026,0.0008,0.0036,0.0000,0.0000,0.0000,0.0000,0.0008,0.0001,0.0001,0.0127,0.7060,0.2929,0.0187,0.0891,0.0248,0.0026,0.0357,0.0443,0.0147,0.0075,0.0033,0.0035
0.3845,0.9150,0.8222,0.8278,0.0118,0.0109,0.0060,0.0022,0.0061,0.0005,0.0035,0.0000,0.0008,0.0719,0.0098,0.0003,0.0538,0.0003,0.0015,0.0138,0.0010,0.0008,0.0026,0.0109,0.0004,0.0020,0.0057,0.0027,0.0040
0.0926,0.2752,0.0880,0.9910,0.0055,0.0652,0.0032,0.0044,0.0324,0.0006,0.0010,0.0002,0.0001,0.0098,0.0196,0.0038,0.0076,0.0031,0.0006,0.0048,0.0081,0.0009,0.0015,0.0192,0.0023,0.0026,0.0076,0.0058,0.0038
0.0480,0.0482,0.0295,1.0000,0.0038,0.0553,0.0136,0.0021,0.0064,0.0052,0.0024,0.0003,0.0001,0.0003,0.0038,0.1373,0.0756,0.0001,0.0028,0.0174,0.0016,0.0024,0.0045,0.0026,0.0005,0.0019,0.0017,0.0044,0.0095
0.0088,0.0132,0.0043,0.0262,0.0017,0.0127,0.0041,0.0046,0.0046,0.0038,0.0775,0.0005,0.0127,0.0538,0.0076,0.0756,0.0950,0.0055,0.0003,0.3826,0.0032,0.0009,0.0024,0.0293,0.0017,0.0013,0.0022,0.0028,0.0129
0.0045,0.0117,0.0090,0.3681,0.0072,0.0642,0.0064,0.0066,0.0394,0.0036,0.0213,0.0013,0.7060,0.0003,0.0031,0.0001,0.0055,0.0337,0.0031,0.0030,0.0032,0.0051,0.0036,0.0087,0.0016,0.0036,0.0029,0.0044,0.0302
0.0059,0.0058,0.0065,0.1156,0.0095,0.1014,0.0316,0.0196,0.0462,0.0101,0.0031,0.0010,0.2929,0.0015,0.0006,0.0028,0.0003,0.0031,0.0309,0.0105,0.0000,0.0003,0.0183,0.0065,0.0150,0.0226,0.0123,0.0094,0.0416
0.0076,0.0045,0.0031,0.0112,0.0018,0.0073,0.0064,0.0045,0.0106,0.0030,0.0112,0.0013,0.0187,0.0138,0.0048,0.0174,0.3826,0.0030,0.0105,0.1477,0.0030,0.0000,0.0064,0.0154,0.0018,0.0070,0.0191,0.0050,0.0238
0.0033,0.0020,0.0040,0.0046,0.0024,0.3546,0.0060,0.0557,0.9506,0.0141,0.0094,0.0036,0.0891,0.0010,0.0081,0.0016,0.0032,0.0032,0.0000,0.0030,0.8320,0.0001,0.0001,0.0097,0.0335,0.0095,0.0155,0.0026,0.0030
0.0018,0.0020,0.0032,0.0833,0.0065,0.2404,0.4398,0.8425,0.1729,0.0206,0.0079,0.0007,0.0248,0.0008,0.0009,0.0024,0.0009,0.0051,0.0003,0.0000,0.0001,0.0183,0.0074,0.0003,0.0002,0.0096,0.0739,0.1240,0.0996
0.0054,0.0018,0.0022,0.0037,0.0042,0.0218,0.0283,0.1373,0.0252,0.0094,0.0055,0.0007,0.0026,0.0026,0.0015,0.0045,0.0024,0.0036,0.0183,0.0064,0.0001,0.0074,0.0535,0.0297,0.0000,0.0288,0.0665,0.1139,0.4116
0.0059,0.0056,0.0046,0.0020,0.0016,0.0070,0.0030,0.0159,0.0102,0.0034,0.1392,0.0025,0.0357,0.0109,0.0192,0.0026,0.0293,0.0087,0.0065,0.0154,0.0097,0.0003,0.0297,0.2523,0.0002,0.0007,0.0263,0.0029,0.0146
0.0024,0.0041,0.0067,0.0206,0.0020,0.9825,0.0178,0.9801,0.9996,0.0164,0.1663,0.0019,0.0443,0.0004,0.0023,0.0005,0.0017,0.0016,0.0150,0.0018,0.0335,0.0002,0.0000,0.0002,0.1352,0.0005,0.0001,0.0001,0.0001
0.0022,0.0019,0.0045,0.0013,0.0024,0.0237,0.0823,0.8314,0.0690,0.0067,0.0224,0.0013,0.0147,0.0020,0.0026,0.0019,0.0013,0.0036,0.0226,0.0070,0.0095,0.0096,0.0288,0.0007,0.0005,0.4451,0.0814,0.0002,0.0004
0.0048,0.0038,0.0093,0.0021,0.0014,0.0122,0.0084,0.2329,0.0804,0.0023,0.0338,0.0009,0.0075,0.0057,0.0076,0.0017,0.0022,0.0029,0.0123,0.0191,0.0155,0.0739,0.0665,0.0263,0.0001,0.0814,0.0007,0.0406,0.0001
0.0077,0.0046,0.0072,0.0039,0.0032,0.0123,0.0238,0.0554,0.0244,0.0183,0.0095,0.0018,0.0033,0.0027,0.0058,0.0044,0.0028,0.0044,0.0094,0.0050,0.0026,0.1240,0.1139,0.0029,0.0001,0.0002,0.0406,0.1217,0.0055
0.0034,0.0082,0.0133,0.0051,0.0064,0.0079,0.0199,0.0330,0.0075,0.0126,0.0115,0.0020,0.0035,0.0040,0.0038,0.0095,0.0129,0.0302,0.0416,0.0238,0.0030,0.0996,0.4116,0.0146,0.0001,0.0004,0.0001,0.0055,0.0028