c1,c2,c3,c4,c5,c6,c7,c8,c9,c10,c11,c12,c13,c14,c15,c16,c17,c18,c19,c20,c21,c22,c23,c24,c25,c26,c27,c28,c29
0.0052,0.0003,0.0001,0.0000,0.0073,0.0004,0.0223,0.0050,0.0212,0.0259,0.0118,0.6826,0.0145,0.6724,0.1533,0.2341,0.0088,0.0049,0.0105,0.0062,0.0030,0.0017,0.0057,0.0022,0.0031,0.0027,0.0055,0.0035,0.0105
0.0003,0.0255,0.0051,0.0000,0.0009,0.0001,0.0026,0.0017,0.0186,0.0107,0.0060,0.4984,0.2487,0.1663,0.3708,0.0662,0.0046,0.0127,0.0057,0.0040,0.0030,0.0021,0.0043,0.0029,0.0227,0.0086,0.0135,0.0112,0.0512
0.0001,0.0051,0.0113,0.0000,0.0000,0.0000,0.0011,0.0003,0.0111,0.0152,0.0145,0.9998,0.0484,0.9446,0.2096,0.0527,0.0045,0.0082,0.0063,0.0048,0.0049,0.0037,0.0023,0.0035,0.0100,0.0056,0.0041,0.0060,0.0155
0.0000,0.0000,0.0000,0.0000,0.0013,0.0000,0.0001,0.0000,0.0012,0.0169,0.0221,0.2220,0.9999,0.7476,1.0000,0.2946,0.0045,0.9998,0.0406,0.0031,0.0032,0.0267,0.0015,0.0011,0.0071,0.0013,0.0013,0.0026,0.0038
0.0073,0.0009,0.0000,0.0013,0.2234,0.0000,0.0007,0.0002,0.0010,0.9866,0.0290,0.9986,0.0107,0.0024,0.0082,0.0024,0.0015,0.0224,0.0040,0.0026,0.0082,0.0393,0.0027,0.0036,0.0104,0.0045,0.0043,0.0072,0.0244
0.0004,0.0001,0.0000,0.0000,0.0000,0.0184,0.0093,0.0000,0.0142,0.0403,0.0982,0.0536,0.0960,0.0034,0.0152,0.0103,0.0085,0.2179,0.0087,0.0084,0.9596,0.0426,0.0070,0.0084,0.9912,0.0360,0.0097,0.0089,0.0062
0.0223,0.0026,0.0011,0.0001,0.0007,0.0093,0.3830,0.0029,0.0000,0.0043,0.0009,0.0039,0.0052,0.0015,0.0067,0.0087,0.0034,0.0639,0.0187,0.0059,0.0295,0.9810,0.0057,0.0080,0.0256,0.0568,0.0111,0.0138,0.0152
0.0050,0.0017,0.0003,0.0000,0.0002,0.0000,0.0029,0.2155,0.0002,0.0001,0.0009,0.0009,0.0017,0.0017,0.0019,0.0026,0.0027,0.0303,0.0044,0.0057,0.4818,0.5817,0.0110,0.0746,0.9952,0.2980,0.2941,0.0432,0.0294
0.0212,0.0186,0.0111,0.0012,0.0010,0.0142,0.0000,0.0002,0.0022,0.0010,0.0000,0.0001,0.0029,0.0055,0.0127,0.0060,0.0052,0.0245,0.0047,0.0086,0.9879,0.0173,0.0072,0.0167,0.9984,0.0290,0.0273,0.0150,0.0117
0.0259,0.0107,0.0152,0.0169,0.9866,0.0403,0.0043,0.0001,0.0010,0.9439,0.0006,0.0000,0.0000,0.0001,0.0010,0.0039,0.0044,0.0038,0.0075,0.0055,0.0980,0.0269,0.0097,0.0173,0.0618,0.0084,0.0125,0.0149,0.0128
0.0118,0.0060,0.0145,0.0221,0.0290,0.0982,0.0009,0.0009,0.0000,0.0006,0.1065,0.0068,0.0000,0.0008,0.0006,0.0042,0.0403,0.0081,0.0040,0.0395,0.1080,0.0048,0.0092,0.1600,0.3200,0.0086,0.0072,0.0118,0.0126
0.6826,0.4984,0.9998,0.2220,0.9986,0.0536,0.0039,0.0009,0.0001,0.0000,0.0068,0.1238,0.0002,0.0000,0.0002,0.0003,0.0012,0.0110,0.0023,0.0025,0.0076,0.0006,0.0016,0.0057,0.0082,0.0026,0.0008,0.0017,0.0018
0.0145,0.2487,0.0484,0.9999,0.0107,0.0960,0.0052,0.0017,0.0029,0.0000,0.0000,0.0002,0.0013,0.0012,0.0000,0.0002,0.0040,0.2041,0.0094,0.0292,0.2284,0.0038,0.0035,0.0982,0.0112,0.0111,0.0114,0.0041,0.0022
0.6724,0.1663,0.9446,0.7476,0.0024,0.0034,0.0015,0.0017,0.0055,0.0001,0.0008,0.0000,0.0012,0.0680,0.0147,0.0014,0.5049,0.0001,0.0027,0.0200,0.0014,0.0018,0.0199,0.0195,0.0018,0.0024,0.0162,0.0025,0.0019
0.1533,0.3708,0.2096,1.0000,0.0082,0.0152,0.0067,0.0019,0.0127,0.0010,0.0006,0.0002,0.0000,0.0147,0.0271,0.0264,0.0001,0.0003,0.0190,0.0020,0.0011,0.0013,0.0071,0.0047,0.0004,0.0040,0.0042,0.0067,0.0075
0.2341,0.0662,0.0527,0.2946,0.0024,0.0103,0.0087,0.0026,0.0060,0.0039,0.0042,0.0003,0.0002,0.0014,0.0264,0.3290,0.3883,0.0000,0.0161,0.0214,0.0025,0.0016,0.0277,0.0108,0.0008,0.0039,0.0024,0.0052,0.0103
0.0088,0.0046,0.0045,0.0045,0.0015,0.0085,0.0034,0.0027,0.0052,0.0044,0.0403,0.0012,0.0040,0.5049,0.0001,0.3883,0.3844,0.0000,0.0043,0.5269,0.0027,0.0003,0.0406,0.0208,0.0013,0.0035,0.0070,0.0038,0.0134
0.0049,0.0127,0.0082,0.9998,0.0224,0.2179,0.0639,0.0303,0.0245,0.0038,0.0081,0.0110,0.2041,0.0001,0.0003,0.0000,0.0000,0.0443,0.0274,0.0001,0.0002,0.0613,0.0013,0.0050,0.0022,0.0062,0.0027,0.0034,0.0222
0.0105,0.0057,0.0063,0.0406,0.0040,0.0087,0.0187,0.0044,0.0047,0.0075,0.0040,0.0023,0.0094,0.0027,0.0190,0.0161,0.0043,0.0274,0.1450,0.0377,0.0000,0.0017,0.0296,0.0026,0.0036,0.0266,0.0076,0.0091,0.0790
0.0062,0.0040,0.0048,0.0031,0.0026,0.0084,0.0059,0.0057,0.0086,0.0055,0.0395,0.0025,0.0292,0.0200,0.0020,0.0214,0.5269,0.0001,0.0377,0.0942,0.0001,0.0000,0.0697,0.0120,0.0022,0.0136,0.0096,0.0097,0.0219
0.0030,0.0030,0.0049,0.0032,0.0082,0.9596,0.0295,0.4818,0.9879,0.0980,0.1080,0.0076,0.2284,0.0014,0.0011,0.0025,0.0027,0.0002,0.0000,0.0001,0.6296,0.0001,0.0000,0.0004,0.0059,0.0199,0.0099,0.0067,0.0085
0.0017,0.0021,0.0037,0.0267,0.0393,0.0426,0.9810,0.5817,0.0173,0.0269,0.0048,0.0006,0.0038,0.0018,0.0013,0.0016,0.0003,0.0613,0.0017,0.0000,0.0001,0.6612,0.0042,0.0000,0.0000,0.0683,0.0074,0.0324,0.1668
0.0057,0.0043,0.0023,0.0015,0.0027,0.0070,0.0057,0.0110,0.0072,0.0097,0.0092,0.0016,0.0035,0.0199,0.0071,0.0277,0.0406,0.0013,0.0296,0.0697,0.0000,0.0042,0.2423,0.0258,0.0000,0.0078,0.0324,0.3096,0.4211
0.0022,0.0029,0.0035,0.0011,0.0036,0.0084,0.0080,0.0746,0.0167,0.0173,0.1600,0.0057,0.0982,0.0195,0.0047,0.0108,0.0208,0.0050,0.0026,0.0120,0.0004,0.0000,0.0258,0.6330,0.0002,0.0006,0.0179,0.0070,0.0096
0.0031,0.0227,0.0100,0.0071,0.0104,0.9912,0.0256,0.9952,0.9984,0.0618,0.3200,0.0082,0.0112,0.0018,0.0004,0.0008,0.0013,0.0022,0.0036,0.0022,0.0059,0.0000,0.0000,0.0002,0.0276,0.0003,0.0004,0.0003,0.0001
0.0027,0.0086,0.0056,0.0013,0.0045,0.0360,0.0568,0.2980,0.0290,0.0084,0.0086,0.0026,0.0111,0.0024,0.0040,0.0039,0.0035,0.0062,0.0266,0.0136,0.0199,0.0683,0.0078,0.0006,0.0003,0.0756,0.1964,0.0001,0.0001
0.0055,0.0135,0.0041,0.0013,0.0043,0.0097,0.0111,0.2941,0.0273,0.0125,0.0072,0.0008,0.0114,0.0162,0.0042,0.0024,0.0070,0.0027,0.0076,0.0096,0.0099,0.0074,0.0324,0.0179,0.0004,0.1964,0.0069,0.0215,0.0000
0.0035,0.0112,0.0060,0.0026,0.0072,0.0089,0.0138,0.0432,0.0150,0.0149,0.0118,0.0017,0.0041,0.0025,0.0067,0.0052,0.0038,0.0034,0.0091,0.0097,0.0067,0.0324,0.3096,0.0070,0.0003,0.0001,0.0215,0.1446,0.0014
0.0105,0.0512,0.0155,0.0038,0.0244,0.0062,0.0152,0.0294,0.0117,0.0128,0.0126,0.0018,0.0022,0.0019,0.0075,0.0103,0.0134,0.0222,0.0790,0.0219,0.0085,0.1668,0.4211,0.0096,0.0001,0.0001,0.0000,0.0014,0.0012