c1,c2,c3,c4,c5,c6,c7,c8,c9,c10,c11,c12,c13,c14,c15,c16,c17,c18,c19,c20,c21,c22,c23,c24,c25,c26,c27,c28,c29
0.0310,0.0019,0.0008,0.0000,0.0043,0.0003,0.0383,0.0032,0.0078,0.0499,0.0090,0.8964,0.0099,0.2105,0.1627,0.0871,0.0038,0.0028,0.0108,0.0039,0.0024,0.0014,0.0040,0.0023,0.0032,0.0028,0.0038,0.0128,0.0061
0.0019,0.0232,0.0130,0.0000,0.0009,0.0001,0.0022,0.0011,0.0039,0.0064,0.0278,0.9982,0.3823,0.9071,0.1086,0.0420,0.0054,0.0041,0.0040,0.0037,0.0027,0.0010,0.0011,0.0019,0.0072,0.0020,0.0049,0.0060,0.0137
0.0008,0.0130,0.0808,0.0001,0.0000,0.0000,0.0005,0.0005,0.0071,0.0155,0.0112,0.9975,0.0503,0.5651,0.1657,0.0817,0.0032,0.0068,0.0085,0.0024,0.0035,0.0030,0.0022,0.0027,0.0162,0.0045,0.0072,0.0100,0.0112
0.0000,0.0000,0.0001,0.0000,0.0003,0.0000,0.0001,0.0000,0.0005,0.0043,0.0186,0.1058,0.9999,0.8235,0.9999,0.9962,0.0145,0.9888,0.2697,0.0026,0.0086,0.0809,0.0016,0.0021,0.0145,0.0013,0.0007,0.0035,0.0030
0.0043,0.0009,0.0000,0.0003,0.1918,0.0000,0.0032,0.0005,0.0003,0.9999,0.0083,1.0000,0.0051,0.0038,0.0058,0.0013,0.0006,0.0248,0.0051,0.0008,0.0045,0.0164,0.0024,0.0012,0.0062,0.0026,0.0008,0.0041,0.0043
0.0003,0.0001,0.0000,0.0000,0.0000,0.1314,0.0030,0.0000,0.0059,0.0108,0.0416,0.0710,0.0884,0.0117,0.0458,0.0210,0.0159,0.7229,0.0265,0.0037,0.8651,0.1800,0.0124,0.0056,0.9645,0.0203,0.0068,0.0079,0.0039
0.0383,0.0022,0.0005,0.0001,0.0032,0.0030,0.8590,0.0014,0.0000,0.1224,0.0005,0.0212,0.0017,0.0021,0.0021,0.0089,0.0027,0.0441,0.0677,0.0012,0.0104,0.9989,0.0042,0.0017,0.0226,0.0214,0.0069,0.0162,0.0061
0.0032,0.0011,0.0005,0.0000,0.0005,0.0000,0.0014,0.8353,0.0004,0.0002,0.0004,0.0003,0.0004,0.0012,0.0018,0.0012,0.0034,0.0644,0.0124,0.0027,0.2320,0.9335,0.0751,0.0137,0.9862,0.7458,0.4153,0.0342,0.0061
0.0078,0.0039,0.0071,0.0005,0.0003,0.0059,0.0000,0.0004,0.0007,0.0027,0.0000,0.0001,0.0027,0.0120,0.0452,0.0045,0.0050,0.2029,0.0108,0.0057,0.9659,0.0493,0.0200,0.0053,0.9992,0.0398,0.1078,0.0172,0.0051
0.0499,0.0064,0.0155,0.0043,0.9999,0.0108,0.1224,0.0002,0.0027,0.9974,0.0003,0.0000,0.0000,0.0002,0.0006,0.0022,0.0021,0.0131,0.0128,0.0020,0.0148,0.0142,0.0049,0.0024,0.0622,0.0041,0.0012,0.0143,0.0079
0.0090,0.0278,0.0112,0.0186,0.0083,0.0416,0.0005,0.0004,0.0000,0.0003,0.5394,0.0085,0.0001,0.0035,0.0008,0.0035,0.0815,0.0034,0.0063,0.0159,0.0118,0.0026,0.0081,0.4519,0.1260,0.0214,0.0301,0.0133,0.0129
0.8964,0.9982,0.9975,0.1058,1.0000,0.0710,0.0212,0.0003,0.0001,0.0000,0.0085,0.6047,0.0000,0.0000,0.0001,0.0002,0.0002,0.0010,0.0013,0.0008,0.0026,0.0002,0.0015,0.0015,0.0033,0.0019,0.0005,0.0022,0.0013
0.0099,0.3823,0.0503,0.9999,0.0051,0.0884,0.0017,0.0004,0.0027,0.0000,0.0001,0.0000,0.0008,0.0006,0.0000,0.0001,0.0972,0.8270,0.0087,0.0079,0.6279,0.0055,0.0014,0.2716,0.0324,0.0054,0.0044,0.0027,0.0018
0.2105,0.9071,0.5651,0.8235,0.0038,0.0117,0.0021,0.0012,0.0120,0.0002,0.0035,0.0000,0.0006,0.1639,0.0055,0.0055,0.3289,0.0000,0.0013,0.0552,0.0013,0.0010,0.0143,0.0350,0.0009,0.0017,0.0154,0.0023,0.0028
0.1627,0.1086,0.1657,0.9999,0.0058,0.0458,0.0021,0.0018,0.0452,0.0006,0.0008,0.0001,0.0000,0.0055,0.0200,0.0790,0.0006,0.0001,0.0012,0.0172,0.0028,0.0007,0.0038,0.0142,0.0017,0.0032,0.0219,0.0062,0.0024
0.0871,0.0420,0.0817,0.9962,0.0013,0.0210,0.0089,0.0012,0.0045,0.0022,0.0035,0.0002,0.0001,0.0055,0.0790,0.4869,0.1738,0.0000,0.0122,0.0699,0.0025,0.0014,0.0107,0.0033,0.0006,0.0024,0.0010,0.0031,0.0073
0.0038,0.0054,0.0032,0.0145,0.0006,0.0159,0.0027,0.0034,0.0050,0.0021,0.0815,0.0002,0.0972,0.3289,0.0006,0.1738,0.9773,0.0000,0.0004,0.8069,0.0082,0.0003,0.0416,0.0158,0.0009,0.0010,0.0020,0.0010,0.0066
0.0028,0.0041,0.0068,0.9888,0.0248,0.7229,0.0441,0.0644,0.2029,0.0131,0.0034,0.0010,0.8270,0.0000,0.0001,0.0000,0.0000,0.4146,0.0326,0.0003,0.0017,0.0517,0.0019,0.0051,0.0023,0.0032,0.0012,0.0043,0.0060
0.0108,0.0040,0.0085,0.2697,0.0051,0.0265,0.0677,0.0124,0.0108,0.0128,0.0063,0.0013,0.0087,0.0013,0.0012,0.0122,0.0004,0.0326,0.2372,0.0110,0.0000,0.0006,0.0130,0.0028,0.0110,0.0210,0.0068,0.0155,0.0484
0.0039,0.0037,0.0024,0.0026,0.0008,0.0037,0.0012,0.0027,0.0057,0.0020,0.0159,0.0008,0.0079,0.0552,0.0172,0.0699,0.8069,0.0003,0.0110,0.6356,0.0002,0.0000,0.0962,0.0230,0.0025,0.0131,0.0173,0.0101,0.0359
0.0024,0.0027,0.0035,0.0086,0.0045,0.8651,0.0104,0.2320,0.9659,0.0148,0.0118,0.0026,0.6279,0.0013,0.0028,0.0025,0.0082,0.0017,0.0000,0.0002,0.9881,0.0002,0.0000,0.0009,0.0232,0.0094,0.0045,0.0021,0.0014
0.0014,0.0010,0.0030,0.0809,0.0164,0.1800,0.9989,0.9335,0.0493,0.0142,0.0026,0.0002,0.0055,0.0010,0.0007,0.0014,0.0003,0.0517,0.0006,0.0000,0.0002,0.3327,0.0040,0.0001,0.0001,0.0651,0.0070,0.0344,0.0132
0.0040,0.0011,0.0022,0.0016,0.0024,0.0124,0.0042,0.0751,0.0200,0.0049,0.0081,0.0015,0.0014,0.0143,0.0038,0.0107,0.0416,0.0019,0.0130,0.0962,0.0000,0.0040,0.2173,0.0264,0.0000,0.0065,0.1078,0.0942,0.7031
0.0023,0.0019,0.0027,0.0021,0.0012,0.0056,0.0017,0.0137,0.0053,0.0024,0.4519,0.0015,0.2716,0.0350,0.0142,0.0033,0.0158,0.0051,0.0028,0.0230,0.0009,0.0001,0.0264,0.8186,0.0002,0.0006,0.0551,0.0106,0.0533
0.0032,0.0072,0.0162,0.0145,0.0062,0.9645,0.0226,0.9862,0.9992,0.0622,0.1260,0.0033,0.0324,0.0009,0.0017,0.0006,0.0009,0.0023,0.0110,0.0025,0.0232,0.0001,0.0000,0.0002,0.3622,0.0003,0.0000,0.0001,0.0001
0.0028,0.0020,0.0045,0.0013,0.0026,0.0203,0.0214,0.7458,0.0398,0.0041,0.0214,0.0019,0.0054,0.0017,0.0032,0.0024,0.0010,0.0032,0.0210,0.0131,0.0094,0.0651,0.0065,0.0006,0.0003,0.7376,0.2195,0.0003,0.0007
0.0038,0.0049,0.0072,0.0007,0.0008,0.0068,0.0069,0.4153,0.1078,0.0012,0.0301,0.0005,0.0044,0.0154,0.0219,0.0010,0.0020,0.0012,0.0068,0.0173,0.0045,0.0070,0.1078,0.0551,0.0000,0.2195,0.0997,0.0087,0.0008
0.0128,0.0060,0.0100,0.0035,0.0041,0.0079,0.0162,0.0342,0.0172,0.0143,0.0133,0.0022,0.0027,0.0023,0.0062,0.0031,0.0010,0.0043,0.0155,0.0101,0.0021,0.0344,0.0942,0.0106,0.0001,0.0003,0.0087,0.1840,0.0372
0.0061,0.0137,0.0112,0.0030,0.0043,0.0039,0.0061,0.0061,0.0051,0.0079,0.0129,0.0013,0.0018,0.0028,0.0024,0.0073,0.0066,0.0060,0.0484,0.0359,0.0014,0.0132,0.7031,0.0533,0.0001,0.0007,0.0008,0.0372,0.1242