c1,c2,c3,c4,c5,c6,c7,c8,c9,c10,c11,c12,c13,c14,c15,c16,c17,c18,c19,c20,c21,c22,c23,c24,c25,c26,c27,c28,c29
0.0014,0.0062,0.0002,0.0000,0.0132,0.0009,0.0259,0.0047,0.0030,0.0704,0.0094,0.5138,0.0231,0.4729,0.1197,0.1547,0.0106,0.0044,0.0158,0.0074,0.0029,0.0024,0.0045,0.0030,0.0031,0.0016,0.0034,0.0028,0.0036
0.0062,0.0606,0.0178,0.0000,0.0021,0.0004,0.0055,0.0010,0.0014,0.0214,0.0044,0.1692,0.0876,0.1456,0.7787,0.0571,0.0049,0.0217,0.0117,0.0044,0.0025,0.0038,0.0023,0.0019,0.0026,0.0024,0.0028,0.0036,0.0074
0.0002,0.0178,0.0185,0.0000,0.0000,0.0000,0.0013,0.0003,0.0031,0.0330,0.0101,1.0000,0.0380,0.9826,0.0570,0.0365,0.0037,0.0051,0.0052,0.0040,0.0024,0.0025,0.0015,0.0020,0.0027,0.0014,0.0029,0.0024,0.0036
0.0000,0.0000,0.0000,0.0000,0.0023,0.0000,0.0001,0.0000,0.0009,0.0108,0.0067,0.1422,1.0000,0.6931,1.0000,0.5037,0.0049,0.9986,0.0250,0.0029,0.0027,0.0159,0.0020,0.0012,0.0042,0.0024,0.0012,0.0022,0.0014
0.0132,0.0021,0.0000,0.0023,0.0068,0.0001,0.0007,0.0002,0.0003,0.9999,0.1071,0.9989,0.0185,0.0067,0.0094,0.0028,0.0019,0.0514,0.0059,0.0029,0.0074,0.0096,0.0025,0.0022,0.0054,0.0030,0.0012,0.0022,0.0038
0.0009,0.0004,0.0000,0.0000,0.0001,0.0007,0.0040,0.0000,0.0002,0.0176,0.0392,0.0574,0.1513,0.0096,0.0655,0.0447,0.0194,0.2007,0.0092,0.0063,0.8709,0.1363,0.0188,0.0098,0.9099,0.2297,0.0179,0.0217,0.0085
0.0259,0.0055,0.0013,0.0001,0.0007,0.0040,0.0311,0.0048,0.0000,0.0612,0.0020,0.0128,0.0036,0.0049,0.0083,0.0118,0.0107,0.2599,0.0120,0.0057,0.0237,0.7264,0.0055,0.0058,0.0199,0.0207,0.0045,0.0089,0.0123
0.0047,0.0010,0.0003,0.0000,0.0002,0.0000,0.0048,0.0540,0.0002,0.0001,0.0007,0.0005,0.0004,0.0025,0.0027,0.0039,0.0110,0.0414,0.0090,0.0176,0.3637,0.5103,0.0293,0.0511,0.9733,0.5631,0.3503,0.1920,0.0767
0.0030,0.0014,0.0031,0.0009,0.0003,0.0002,0.0000,0.0002,0.0000,0.0006,0.0000,0.0001,0.0012,0.0226,0.0176,0.0116,0.0277,0.0282,0.0108,0.0313,0.9971,0.0594,0.0413,0.0843,0.9958,0.5807,0.2797,0.0301,0.0093
0.0704,0.0214,0.0330,0.0108,0.9999,0.0176,0.0612,0.0001,0.0006,0.7810,0.0023,0.0000,0.0000,0.0013,0.0008,0.0133,0.0050,0.0055,0.0040,0.0054,0.0266,0.0032,0.0057,0.0052,0.0102,0.0036,0.0017,0.0068,0.0099
0.0094,0.0044,0.0101,0.0067,0.1071,0.0392,0.0020,0.0007,0.0000,0.0023,0.0380,0.0257,0.0000,0.0019,0.0009,0.0046,0.2707,0.0042,0.0091,0.0382,0.0255,0.0024,0.0048,0.0601,0.2239,0.0138,0.0086,0.0075,0.0057
0.5138,0.1692,1.0000,0.1422,0.9989,0.0574,0.0128,0.0005,0.0001,0.0000,0.0257,0.1112,0.0003,0.0000,0.0003,0.0007,0.0007,0.0041,0.0019,0.0018,0.0032,0.0002,0.0009,0.0019,0.0015,0.0007,0.0007,0.0010,0.0014
0.0231,0.0876,0.0380,1.0000,0.0185,0.1513,0.0036,0.0004,0.0012,0.0000,0.0000,0.0003,0.0001,0.0097,0.0000,0.0003,0.1168,0.9608,0.0112,0.0105,0.2005,0.0017,0.0028,0.0208,0.0287,0.0127,0.0031,0.0019,0.0021
0.4729,0.1456,0.9826,0.6931,0.0067,0.0096,0.0049,0.0025,0.0226,0.0013,0.0019,0.0000,0.0097,0.0077,0.0063,0.0036,0.6098,0.0000,0.0015,0.0058,0.0006,0.0016,0.0034,0.0044,0.0011,0.0008,0.0019,0.0031,0.0026
0.1197,0.7787,0.0570,1.0000,0.0094,0.0655,0.0083,0.0027,0.0176,0.0008,0.0009,0.0003,0.0000,0.0063,0.0094,0.0524,0.0001,0.0002,0.0141,0.0025,0.0015,0.0007,0.0041,0.0046,0.0022,0.0020,0.0018,0.0043,0.0017
0.1547,0.0571,0.0365,0.5037,0.0028,0.0447,0.0118,0.0039,0.0116,0.0133,0.0046,0.0007,0.0003,0.0036,0.0524,0.0478,0.0268,0.0000,0.0127,0.0172,0.0027,0.0027,0.0041,0.0050,0.0023,0.0023,0.0021,0.0055,0.0060
0.0106,0.0049,0.0037,0.0049,0.0019,0.0194,0.0107,0.0110,0.0277,0.0050,0.2707,0.0007,0.1168,0.6098,0.0001,0.0268,0.0845,0.0001,0.0005,0.2536,0.0028,0.0010,0.0073,0.0126,0.0065,0.0018,0.0021,0.0018,0.0055
0.0044,0.0217,0.0051,0.9986,0.0514,0.2007,0.2599,0.0414,0.0282,0.0055,0.0042,0.0041,0.9608,0.0000,0.0002,0.0000,0.0001,0.0022,0.0086,0.0002,0.0000,0.0867,0.0038,0.0067,0.0029,0.0063,0.0040,0.0048,0.0061
0.0158,0.0117,0.0052,0.0250,0.0059,0.0092,0.0120,0.0090,0.0108,0.0040,0.0091,0.0019,0.0112,0.0015,0.0141,0.0127,0.0005,0.0086,0.0685,0.0235,0.0000,0.0033,0.1266,0.0042,0.0168,0.0163,0.0156,0.0122,0.0278
0.0074,0.0044,0.0040,0.0029,0.0029,0.0063,0.0057,0.0176,0.0313,0.0054,0.0382,0.0018,0.0105,0.0058,0.0025,0.0172,0.2536,0.0002,0.0235,0.0445,0.0001,0.0001,0.0261,0.0442,0.0051,0.0104,0.0117,0.0148,0.0203
0.0029,0.0025,0.0024,0.0027,0.0074,0.8709,0.0237,0.3637,0.9971,0.0266,0.0255,0.0032,0.2005,0.0006,0.0015,0.0027,0.0028,0.0000,0.0000,0.0001,0.7862,0.0004,0.0001,0.0015,0.0064,0.1269,0.0361,0.0069,0.0045
0.0024,0.0038,0.0025,0.0159,0.0096,0.1363,0.7264,0.5103,0.0594,0.0032,0.0024,0.0002,0.0017,0.0016,0.0007,0.0027,0.0010,0.0867,0.0033,0.0001,0.0004,0.1195,0.0231,0.0001,0.0001,0.0857,0.0166,0.1861,0.0471
0.0045,0.0023,0.0015,0.0020,0.0025,0.0188,0.0055,0.0293,0.0413,0.0057,0.0048,0.0009,0.0028,0.0034,0.0041,0.0041,0.0073,0.0038,0.1266,0.0261,0.0001,0.0231,0.2641,0.0346,0.0000,0.0035,0.1188,0.0695,0.2201
0.0030,0.0019,0.0020,0.0012,0.0022,0.0098,0.0058,0.0511,0.0843,0.0052,0.0601,0.0019,0.0208,0.0044,0.0046,0.0050,0.0126,0.0067,0.0042,0.0442,0.0015,0.0001,0.0346,0.6229,0.0070,0.0001,0.0178,0.0107,0.0347
0.0031,0.0026,0.0027,0.0042,0.0054,0.9099,0.0199,0.9733,0.9958,0.0102,0.2239,0.0015,0.0287,0.0011,0.0022,0.0023,0.0065,0.0029,0.0168,0.0051,0.0064,0.0001,0.0000,0.0070,0.0022,0.0001,0.0004,0.0004,0.0021
0.0016,0.0024,0.0014,0.0024,0.0030,0.2297,0.0207,0.5631,0.5807,0.0036,0.0138,0.0007,0.0127,0.0008,0.0020,0.0023,0.0018,0.0063,0.0163,0.0104,0.1269,0.0857,0.0035,0.0001,0.0001,0.0108,0.4895,0.0002,0.0037
0.0034,0.0028,0.0029,0.0012,0.0012,0.0179,0.0045,0.3503,0.2797,0.0017,0.0086,0.0007,0.0031,0.0019,0.0018,0.0021,0.0021,0.0040,0.0156,0.0117,0.0361,0.0166,0.1188,0.0178,0.0004,0.4895,0.0012,0.0878,0.0004
0.0028,0.0036,0.0024,0.0022,0.0022,0.0217,0.0089,0.1920,0.0301,0.0068,0.0075,0.0010,0.0019,0.0031,0.0043,0.0055,0.0018,0.0048,0.0122,0.0148,0.0069,0.1861,0.0695,0.0107,0.0004,0.0002,0.0878,0.0367,0.0066
0.0036,0.0074,0.0036,0.0014,0.0038,0.0085,0.0123,0.0767,0.0093,0.0099,0.0057,0.0014,0.0021,0.0026,0.0017,0.0060,0.0055,0.0061,0.0278,0.0203,0.0045,0.0471,0.2201,0.0347,0.0021,0.0037,0.0004,0.0066,0.0401