c1,c2,c3,c4,c5,c6,c7,c8,c9,c10,c11,c12,c13,c14,c15,c16,c17,c18,c19,c20,c21,c22,c23,c24,c25,c26,c27,c28,c29
0.0490,0.0079,0.0010,0.0001,0.0051,0.0009,0.0196,0.0043,0.0086,0.0475,0.0101,0.3848,0.0203,0.2119,0.1393,0.0629,0.0118,0.0025,0.0069,0.0042,0.0030,0.0014,0.0027,0.0021,0.0023,0.0017,0.0028,0.0037,0.0051
0.0079,0.0875,0.0213,0.0000,0.0053,0.0001,0.0023,0.0011,0.0048,0.0173,0.0123,0.9547,0.2153,0.0951,0.4056,0.0155,0.0043,0.0101,0.0059,0.0024,0.0036,0.0015,0.0016,0.0013,0.0038,0.0013,0.0021,0.0023,0.0057
0.0010,0.0213,0.0225,0.0000,0.0000,0.0001,0.0008,0.0003,0.0067,0.0113,0.0174,0.9999,0.1071,0.9125,0.1241,0.0142,0.0042,0.0090,0.0068,0.0026,0.0035,0.0025,0.0026,0.0019,0.0076,0.0023,0.0049,0.0023,0.0044
0.0001,0.0000,0.0000,0.0000,0.0023,0.0000,0.0001,0.0000,0.0005,0.0123,0.0148,0.0922,1.0000,0.5972,1.0000,0.2537,0.0025,1.0000,0.0197,0.0010,0.0055,0.0075,0.0008,0.0006,0.0112,0.0005,0.0006,0.0012,0.0012
0.0051,0.0053,0.0000,0.0023,0.2783,0.0001,0.0004,0.0004,0.0003,0.9886,0.0880,0.9994,0.0149,0.0031,0.0080,0.0033,0.0017,0.2153,0.0034,0.0013,0.0082,0.0087,0.0027,0.0021,0.0052,0.0017,0.0023,0.0029,0.0041
0.0009,0.0001,0.0001,0.0000,0.0001,0.0446,0.0038,0.0000,0.0138,0.0061,0.0250,0.0665,0.1201,0.0124,0.0167,0.0107,0.0125,0.4664,0.0035,0.0050,0.9221,0.0827,0.0080,0.0057,0.9991,0.0090,0.0030,0.0035,0.0042
0.0196,0.0023,0.0008,0.0001,0.0004,0.0038,0.3530,0.0025,0.0000,0.0067,0.0007,0.0026,0.0032,0.0022,0.0056,0.0171,0.0051,0.9286,0.0111,0.0035,0.0362,0.9919,0.0038,0.0067,0.0332,0.0188,0.0086,0.0086,0.0078
0.0043,0.0011,0.0003,0.0000,0.0004,0.0000,0.0025,0.4771,0.0002,0.0000,0.0003,0.0003,0.0007,0.0012,0.0018,0.0018,0.0046,0.1131,0.0072,0.0049,0.4445,0.9420,0.0198,0.0188,0.9964,0.3782,0.7588,0.0472,0.0152
0.0086,0.0048,0.0067,0.0005,0.0003,0.0138,0.0000,0.0002,0.0003,0.0006,0.0000,0.0002,0.0031,0.0164,0.0173,0.0041,0.0096,0.0317,0.0039,0.0089,0.9995,0.0318,0.0131,0.0105,0.9996,0.0243,0.0722,0.0097,0.0073
0.0475,0.0173,0.0113,0.0123,0.9886,0.0061,0.0067,0.0000,0.0006,0.9906,0.0006,0.0000,0.0000,0.0005,0.0008,0.0097,0.0070,0.0116,0.0084,0.0078,0.0585,0.0090,0.0106,0.0080,0.0641,0.0037,0.0103,0.0172,0.0191
0.0101,0.0123,0.0174,0.0148,0.0880,0.0250,0.0007,0.0003,0.0000,0.0006,0.0940,0.0117,0.0002,0.0033,0.0009,0.0079,0.2304,0.0021,0.0039,0.0286,0.0609,0.0022,0.0060,0.0991,0.0720,0.0091,0.0255,0.0072,0.0104
0.3848,0.9547,0.9999,0.0922,0.9994,0.0665,0.0026,0.0003,0.0002,0.0000,0.0117,0.6211,0.0001,0.0000,0.0003,0.0006,0.0008,0.0034,0.0027,0.0037,0.0066,0.0002,0.0014,0.0047,0.0025,0.0019,0.0011,0.0017,0.0016
0.0203,0.2153,0.1071,1.0000,0.0149,0.1201,0.0032,0.0007,0.0031,0.0000,0.0002,0.0001,0.0023,0.0016,0.0000,0.0001,0.0556,0.5687,0.0053,0.0044,0.2786,0.0022,0.0012,0.0578,0.0811,0.0020,0.0021,0.0010,0.0024
0.2119,0.0951,0.9125,0.5972,0.0031,0.0124,0.0022,0.0012,0.0164,0.0005,0.0033,0.0000,0.0016,0.0789,0.0120,0.0208,0.3527,0.0000,0.0023,0.0228,0.0012,0.0011,0.0075,0.0213,0.0015,0.0008,0.0089,0.0012,0.0035
0.1393,0.4056,0.1241,1.0000,0.0080,0.0167,0.0056,0.0018,0.0173,0.0008,0.0009,0.0003,0.0000,0.0120,0.0293,0.1375,0.0001,0.0001,0.0746,0.0020,0.0014,0.0011,0.0025,0.0050,0.0005,0.0046,0.0037,0.0034,0.0024
0.0629,0.0155,0.0142,0.2537,0.0033,0.0107,0.0171,0.0018,0.0041,0.0097,0.0079,0.0006,0.0001,0.0208,0.1375,0.2925,0.0643,0.0000,0.2347,0.0406,0.0013,0.0026,0.0084,0.0037,0.0006,0.0052,0.0013,0.0033,0.0109
0.0118,0.0043,0.0042,0.0025,0.0017,0.0125,0.0051,0.0046,0.0096,0.0070,0.2304,0.0008,0.0556,0.3527,0.0001,0.0643,0.9501,0.0000,0.0002,0.7842,0.0031,0.0004,0.0172,0.0308,0.0014,0.0019,0.0046,0.0013,0.0123
0.0025,0.0101,0.0090,1.0000,0.2153,0.4664,0.9286,0.1131,0.0317,0.0116,0.0021,0.0034,0.5687,0.0000,0.0001,0.0000,0.0000,0.0098,0.0044,0.0001,0.0000,0.2184,0.0018,0.0059,0.0018,0.0042,0.0006,0.0019,0.0033
0.0069,0.0059,0.0068,0.0197,0.0034,0.0035,0.0111,0.0072,0.0039,0.0084,0.0039,0.0027,0.0053,0.0023,0.0746,0.2347,0.0002,0.0044,0.6516,0.0345,0.0000,0.0030,0.0645,0.0034,0.0029,0.0507,0.0131,0.0071,0.0320
0.0042,0.0024,0.0026,0.0010,0.0013,0.0050,0.0035,0.0049,0.0089,0.0078,0.0286,0.0037,0.0044,0.0228,0.0020,0.0406,0.7842,0.0001,0.0345,0.5086,0.0002,0.0001,0.0565,0.0444,0.0033,0.0332,0.0076,0.0043,0.0159
0.0030,0.0036,0.0035,0.0055,0.0082,0.9221,0.0362,0.4445,0.9995,0.0585,0.0609,0.0066,0.2786,0.0012,0.0014,0.0013,0.0031,0.0000,0.0000,0.0002,0.9616,0.0002,0.0000,0.0015,0.0108,0.0045,0.0025,0.0015,0.0021
0.0014,0.0015,0.0025,0.0075,0.0087,0.0827,0.9919,0.9420,0.0318,0.0090,0.0022,0.0002,0.0022,0.0011,0.0011,0.0026,0.0004,0.2184,0.0030,0.0001,0.0002,0.6333,0.0048,0.0001,0.0000,0.1076,0.0052,0.0485,0.0226
0.0027,0.0016,0.0026,0.0008,0.0027,0.0080,0.0038,0.0198,0.0131,0.0106,0.0060,0.0014,0.0012,0.0075,0.0025,0.0084,0.0172,0.0018,0.0645,0.0565,0.0000,0.0048,0.5722,0.0193,0.0000,0.0417,0.1408,0.4170,0.4136
0.0021,0.0013,0.0019,0.0006,0.0021,0.0057,0.0067,0.0188,0.0105,0.0080,0.0991,0.0047,0.0578,0.0213,0.0050,0.0037,0.0308,0.0059,0.0034,0.0444,0.0015,0.0001,0.0193,0.7878,0.0003,0.0005,0.0620,0.0089,0.0386
0.0023,0.0038,0.0076,0.0112,0.0052,0.9991,0.0332,0.9964,0.9996,0.0641,0.0720,0.0025,0.0811,0.0015,0.0005,0.0006,0.0014,0.0018,0.0029,0.0033,0.0108,0.0000,0.0000,0.0003,0.3240,0.0001,0.0000,0.0001,0.0001
0.0017,0.0013,0.0023,0.0005,0.0017,0.0090,0.0188,0.3782,0.0243,0.0037,0.0091,0.0019,0.0020,0.0008,0.0046,0.0052,0.0019,0.0042,0.0507,0.0332,0.0045,0.1076,0.0417,0.0005,0.0001,0.5235,0.4856,0.0115,0.0010
0.0028,0.0021,0.0049,0.0006,0.0023,0.0030,0.0086,0.7588,0.0722,0.0103,0.0255,0.0011,0.0021,0.0089,0.0037,0.0013,0.0046,0.0006,0.0131,0.0076,0.0025,0.0052,0.1408,0.0620,0.0000,0.4856,0.0012,0.3918,0.0011
0.0037,0.0023,0.0023,0.0012,0.0029,0.0035,0.0086,0.0472,0.0097,0.0172,0.0072,0.0017,0.0010,0.0012,0.0034,0.0033,0.0013,0.0019,0.0071,0.0043,0.0015,0.0485,0.4170,0.0089,0.0001,0.0115,0.3918,0.2779,0.2278
0.0051,0.0057,0.0044,0.0012,0.0041,0.0042,0.0078,0.0152,0.0073,0.0191,0.0104,0.0016,0.0024,0.0035,0.0024,0.0109,0.0123,0.0033,0.0320,0.0159,0.0021,0.0226,0.4136,0.0386,0.0001,0.0010,0.0011,0.2278,0.0366