c1,c2,c3,c4,c5,c6,c7,c8,c9,c10,c11,c12,c13,c14,c15,c16,c17,c18,c19,c20,c21,c22,c23,c24,c25,c26,c27,c28,c29
0.0092,0.0047,0.0001,0.0000,0.0090,0.0014,0.0324,0.0085,0.0076,0.1068,0.0121,0.4140,0.0438,0.1831,0.0675,0.0591,0.0082,0.0041,0.0063,0.0062,0.0035,0.0017,0.0039,0.0035,0.0035,0.0028,0.0036,0.0029,0.0039
0.0047,0.0642,0.0366,0.0000,0.0060,0.0004,0.0085,0.0020,0.0033,0.0276,0.0065,0.7970,0.1640,0.0711,0.2531,0.0315,0.0054,0.0064,0.0060,0.0045,0.0036,0.0027,0.0021,0.0019,0.0027,0.0025,0.0023,0.0015,0.0024
0.0001,0.0366,0.0213,0.0001,0.0000,0.0001,0.0027,0.0004,0.0092,0.0192,0.0167,0.9995,0.1241,0.8016,0.1124,0.0298,0.0053,0.0051,0.0047,0.0029,0.0032,0.0024,0.0022,0.0026,0.0045,0.0056,0.0047,0.0029,0.0031
0.0000,0.0000,0.0001,0.0000,0.0036,0.0000,0.0002,0.0000,0.0010,0.0119,0.0273,0.1501,0.9999,0.6792,0.9998,0.8946,0.0068,0.8330,0.0499,0.0026,0.0034,0.0224,0.0065,0.0018,0.0100,0.0020,0.0010,0.0018,0.0024
0.0090,0.0060,0.0000,0.0036,0.0499,0.0003,0.0009,0.0005,0.0009,0.9912,0.0391,0.9985,0.0430,0.0071,0.0099,0.0046,0.0036,0.0107,0.0042,0.0022,0.0055,0.0053,0.0030,0.0025,0.0034,0.0027,0.0015,0.0019,0.0033
0.0014,0.0004,0.0001,0.0000,0.0003,0.0005,0.0054,0.0000,0.0000,0.0064,0.1211,0.1013,0.0513,0.0410,0.1333,0.0889,0.0171,0.2089,0.0195,0.0083,0.3340,0.1288,0.0212,0.0097,0.3820,0.1475,0.0467,0.0284,0.0106
0.0324,0.0085,0.0027,0.0002,0.0009,0.0054,0.0893,0.0035,0.0000,0.0389,0.0016,0.0062,0.0050,0.0066,0.0072,0.0171,0.0131,0.0792,0.0370,0.0119,0.0161,0.2005,0.0099,0.0043,0.0092,0.0115,0.0042,0.0095,0.0243
0.0085,0.0020,0.0004,0.0000,0.0005,0.0000,0.0035,0.0190,0.0002,0.0002,0.0018,0.0021,0.0008,0.0040,0.0062,0.0042,0.0111,0.0236,0.0118,0.0085,0.1563,0.6708,0.0441,0.0204,0.8414,0.6116,0.1340,0.1558,0.0356
0.0076,0.0033,0.0092,0.0010,0.0009,0.0000,0.0000,0.0002,0.0000,0.0014,0.0000,0.0003,0.0014,0.0425,0.1492,0.0088,0.0201,0.1497,0.0112,0.0200,0.9456,0.0575,0.0579,0.0170,0.9612,0.2970,0.4081,0.0387,0.0077
0.1068,0.0276,0.0192,0.0119,0.9912,0.0064,0.0389,0.0002,0.0014,0.7380,0.0019,0.0000,0.0000,0.0013,0.0010,0.0173,0.0064,0.0053,0.0050,0.0062,0.0263,0.0120,0.0091,0.0038,0.0051,0.0059,0.0034,0.0112,0.0217
0.0121,0.0065,0.0167,0.0273,0.0391,0.1211,0.0016,0.0018,0.0000,0.0019,0.0170,0.0224,0.0000,0.0014,0.0013,0.0036,0.1300,0.0150,0.0109,0.0207,0.0344,0.0107,0.0051,0.0212,0.1538,0.0357,0.0106,0.0063,0.0052
0.4140,0.7970,0.9995,0.1501,0.9985,0.1013,0.0062,0.0021,0.0003,0.0000,0.0224,0.0184,0.0009,0.0000,0.0007,0.0013,0.0012,0.0059,0.0025,0.0017,0.0029,0.0005,0.0010,0.0020,0.0024,0.0013,0.0009,0.0011,0.0018
0.0438,0.1640,0.1241,0.9999,0.0430,0.0513,0.0050,0.0008,0.0014,0.0000,0.0000,0.0009,0.0000,0.0067,0.0000,0.0005,0.0172,0.5859,0.1356,0.0079,0.1720,0.0025,0.0025,0.0114,0.0293,0.0181,0.0045,0.0021,0.0032
0.1831,0.0711,0.8016,0.6792,0.0071,0.0410,0.0066,0.0040,0.0425,0.0013,0.0014,0.0000,0.0067,0.0084,0.0068,0.0003,0.0789,0.0002,0.0017,0.0062,0.0028,0.0041,0.0040,0.0047,0.0020,0.0034,0.0041,0.0041,0.0045
0.0675,0.2531,0.1124,0.9998,0.0099,0.1333,0.0072,0.0062,0.1492,0.0010,0.0013,0.0007,0.0000,0.0068,0.0050,0.0334,0.0002,0.0004,0.0018,0.0028,0.0028,0.0004,0.0019,0.0065,0.0040,0.0045,0.0037,0.0051,0.0032
0.0591,0.0315,0.0298,0.8946,0.0046,0.0889,0.0171,0.0042,0.0088,0.0173,0.0036,0.0013,0.0005,0.0003,0.0334,0.0822,0.0264,0.0000,0.0056,0.0070,0.0031,0.0031,0.0042,0.0033,0.0019,0.0024,0.0021,0.0033,0.0064
0.0082,0.0054,0.0053,0.0068,0.0036,0.0171,0.0131,0.0111,0.0201,0.0064,0.1300,0.0012,0.0172,0.0789,0.0002,0.0264,0.4827,0.0002,0.0001,0.0428,0.0084,0.0025,0.0060,0.0118,0.0036,0.0038,0.0045,0.0042,0.0073
0.0041,0.0064,0.0051,0.8330,0.0107,0.2089,0.0792,0.0236,0.1497,0.0053,0.0150,0.0059,0.5859,0.0002,0.0004,0.0000,0.0002,0.0564,0.0087,0.0005,0.0001,0.0094,0.0049,0.0123,0.0042,0.0046,0.0033,0.0046,0.0073
0.0063,0.0060,0.0047,0.0499,0.0042,0.0195,0.0370,0.0118,0.0112,0.0050,0.0109,0.0025,0.1356,0.0017,0.0018,0.0056,0.0001,0.0087,0.0125,0.0375,0.0000,0.0011,0.1504,0.0109,0.0309,0.0183,0.0171,0.0106,0.0266
0.0062,0.0045,0.0029,0.0026,0.0022,0.0083,0.0119,0.0085,0.0200,0.0062,0.0207,0.0017,0.0079,0.0062,0.0028,0.0070,0.0428,0.0005,0.0375,0.1634,0.0007,0.0001,0.0313,0.0481,0.0057,0.0121,0.0137,0.0103,0.0174
0.0035,0.0036,0.0032,0.0034,0.0055,0.3340,0.0161,0.1563,0.9456,0.0263,0.0344,0.0029,0.1720,0.0028,0.0028,0.0031,0.0084,0.0001,0.0000,0.0007,0.1806,0.0000,0.0001,0.0037,0.0680,0.0884,0.0426,0.0118,0.0081
0.0017,0.0027,0.0024,0.0224,0.0053,0.1288,0.2005,0.6708,0.0575,0.0120,0.0107,0.0005,0.0025,0.0041,0.0004,0.0031,0.0025,0.0094,0.0011,0.0001,0.0000,0.0092,0.0152,0.0008,0.0004,0.0226,0.0681,0.6314,0.1534
0.0039,0.0021,0.0022,0.0065,0.0030,0.0212,0.0099,0.0441,0.0579,0.0091,0.0051,0.0010,0.0025,0.0040,0.0019,0.0042,0.0060,0.0049,0.1504,0.0313,0.0001,0.0152,0.0795,0.0352,0.0000,0.0036,0.0434,0.0300,0.0878
0.0035,0.0019,0.0026,0.0018,0.0025,0.0097,0.0043,0.0204,0.0170,0.0038,0.0212,0.0020,0.0114,0.0047,0.0065,0.0033,0.0118,0.0123,0.0109,0.0481,0.0037,0.0008,0.0352,0.2981,0.0030,0.0002,0.0384,0.0119,0.0302
0.0035,0.0027,0.0045,0.0100,0.0034,0.3820,0.0092,0.8414,0.9612,0.0051,0.1538,0.0024,0.0293,0.0020,0.0040,0.0019,0.0036,0.0042,0.0309,0.0057,0.0680,0.0004,0.0000,0.0030,0.0095,0.0005,0.0002,0.0005,0.0017
0.0028,0.0025,0.0056,0.0020,0.0027,0.1475,0.0115,0.6116,0.2970,0.0059,0.0357,0.0013,0.0181,0.0034,0.0045,0.0024,0.0038,0.0046,0.0183,0.0121,0.0884,0.0226,0.0036,0.0002,0.0005,0.0075,0.1243,0.0001,0.0005
0.0036,0.0023,0.0047,0.0010,0.0015,0.0467,0.0042,0.1340,0.4081,0.0034,0.0106,0.0009,0.0045,0.0041,0.0037,0.0021,0.0045,0.0033,0.0171,0.0137,0.0426,0.0681,0.0434,0.0384,0.0002,0.1243,0.0003,0.0289,0.0002
0.0029,0.0015,0.0029,0.0018,0.0019,0.0284,0.0095,0.1558,0.0387,0.0112,0.0063,0.0011,0.0021,0.0041,0.0051,0.0033,0.0042,0.0046,0.0106,0.0103,0.0118,0.6314,0.0300,0.0119,0.0005,0.0001,0.0289,0.0317,0.0113
0.0039,0.0024,0.0031,0.0024,0.0033,0.0106,0.0243,0.0356,0.0077,0.0217,0.0052,0.0018,0.0032,0.0045,0.0032,0.0064,0.0073,0.0073,0.0266,0.0174,0.0081,0.1534,0.0878,0.0302,0.0017,0.0005,0.0002,0.0113,0.0272