c1,c2,c3,c4,c5,c6,c7,c8,c9,c10,c11,c12,c13,c14,c15,c16,c17,c18,c19,c20,c21,c22,c23,c24,c25,c26,c27,c28,c29
0.0354,0.0078,0.0005,0.0001,0.0073,0.0009,0.0287,0.0053,0.0089,0.0483,0.0098,0.2582,0.0165,0.1678,0.0779,0.0951,0.0100,0.0028,0.0056,0.0052,0.0027,0.0011,0.0039,0.0028,0.0022,0.0021,0.0045,0.0050,0.0054
0.0078,0.0765,0.0130,0.0000,0.0021,0.0001,0.0023,0.0008,0.0049,0.0164,0.0108,0.9649,0.5001,0.3278,0.3032,0.0442,0.0069,0.0116,0.0035,0.0029,0.0030,0.0009,0.0010,0.0012,0.0077,0.0012,0.0020,0.0024,0.0030
0.0005,0.0130,0.0130,0.0001,0.0000,0.0001,0.0009,0.0003,0.0071,0.0153,0.0092,0.9999,0.2003,0.9442,0.1280,0.0166,0.0044,0.0073,0.0041,0.0029,0.0031,0.0020,0.0025,0.0021,0.0119,0.0028,0.0043,0.0027,0.0047
0.0001,0.0000,0.0001,0.0001,0.0025,0.0000,0.0001,0.0000,0.0003,0.0096,0.0104,0.1448,0.9999,0.7892,1.0000,0.2597,0.0032,1.0000,0.0083,0.0012,0.0077,0.0092,0.0006,0.0006,0.0133,0.0003,0.0005,0.0008,0.0007
0.0073,0.0021,0.0000,0.0025,0.0899,0.0001,0.0006,0.0004,0.0002,0.9993,0.0413,1.0000,0.0253,0.0036,0.0079,0.0029,0.0018,0.0880,0.0030,0.0013,0.0064,0.0060,0.0018,0.0012,0.0068,0.0015,0.0013,0.0013,0.0025
0.0009,0.0001,0.0001,0.0000,0.0001,0.0445,0.0017,0.0000,0.0060,0.0128,0.0226,0.0591,0.1284,0.0186,0.0234,0.0121,0.0146,0.2179,0.0055,0.0068,0.9876,0.0761,0.0075,0.0054,0.9993,0.0069,0.0023,0.0040,0.0034
0.0287,0.0023,0.0009,0.0001,0.0006,0.0017,0.2484,0.0015,0.0000,0.0255,0.0010,0.0062,0.0028,0.0039,0.0109,0.0188,0.0077,0.6031,0.0412,0.0036,0.0211,0.9969,0.0020,0.0046,0.0213,0.0249,0.0062,0.0055,0.0054
0.0053,0.0008,0.0003,0.0000,0.0004,0.0000,0.0015,0.3199,0.0001,0.0001,0.0005,0.0003,0.0005,0.0019,0.0021,0.0020,0.0060,0.0320,0.0071,0.0079,0.4866,0.9876,0.0208,0.0537,0.9989,0.2323,0.5280,0.0218,0.0267
0.0089,0.0049,0.0071,0.0003,0.0002,0.0060,0.0000,0.0001,0.0004,0.0008,0.0000,0.0002,0.0027,0.0180,0.0129,0.0035,0.0135,0.0469,0.0039,0.0083,0.9999,0.0353,0.0132,0.0095,0.9999,0.0217,0.0405,0.0077,0.0041
0.0483,0.0164,0.0153,0.0096,0.9993,0.0128,0.0255,0.0001,0.0008,0.9046,0.0009,0.0000,0.0000,0.0007,0.0008,0.0109,0.0105,0.0150,0.0038,0.0045,0.0253,0.0147,0.0079,0.0038,0.0470,0.0038,0.0044,0.0071,0.0088
0.0098,0.0108,0.0092,0.0104,0.0413,0.0226,0.0010,0.0005,0.0000,0.0009,0.1901,0.0174,0.0001,0.0023,0.0006,0.0039,0.2477,0.0059,0.0052,0.0204,0.0783,0.0037,0.0052,0.1268,0.1519,0.0113,0.0174,0.0053,0.0112
0.2582,0.9649,0.9999,0.1448,1.0000,0.0591,0.0062,0.0003,0.0002,0.0000,0.0174,0.2493,0.0000,0.0000,0.0002,0.0007,0.0013,0.0027,0.0020,0.0032,0.0044,0.0003,0.0010,0.0028,0.0029,0.0020,0.0010,0.0010,0.0010
0.0165,0.5001,0.2003,0.9999,0.0253,0.1284,0.0028,0.0005,0.0027,0.0000,0.0001,0.0000,0.0004,0.0047,0.0000,0.0002,0.1242,0.9334,0.0033,0.0032,0.4182,0.0009,0.0013,0.0904,0.0658,0.0010,0.0051,0.0009,0.0014
0.1678,0.3278,0.9442,0.7892,0.0036,0.0186,0.0039,0.0019,0.0180,0.0007,0.0023,0.0000,0.0047,0.0466,0.0131,0.0049,0.4912,0.0000,0.0008,0.0171,0.0008,0.0009,0.0038,0.0219,0.0012,0.0008,0.0063,0.0011,0.0024
0.0779,0.3032,0.1280,1.0000,0.0079,0.0234,0.0109,0.0021,0.0129,0.0008,0.0006,0.0002,0.0000,0.0131,0.0788,0.0904,0.0001,0.0003,0.0974,0.0033,0.0010,0.0009,0.0013,0.0044,0.0004,0.0033,0.0022,0.0019,0.0023
0.0951,0.0442,0.0166,0.2597,0.0029,0.0121,0.0188,0.0020,0.0035,0.0109,0.0039,0.0007,0.0002,0.0049,0.0904,0.1064,0.0259,0.0000,0.0863,0.0274,0.0014,0.0039,0.0097,0.0041,0.0008,0.0075,0.0088,0.0034,0.0138
0.0100,0.0069,0.0044,0.0032,0.0018,0.0146,0.0077,0.0060,0.0135,0.0105,0.2477,0.0013,0.1242,0.4912,0.0001,0.0259,0.7066,0.0000,0.0003,0.2741,0.0025,0.0004,0.0063,0.0223,0.0019,0.0021,0.0057,0.0012,0.0112
0.0028,0.0116,0.0073,1.0000,0.0880,0.2179,0.6031,0.0320,0.0469,0.0150,0.0059,0.0027,0.9334,0.0000,0.0003,0.0000,0.0000,0.0092,0.0088,0.0002,0.0000,0.1093,0.0018,0.0036,0.0009,0.0054,0.0013,0.0019,0.0030
0.0056,0.0035,0.0041,0.0083,0.0030,0.0055,0.0412,0.0071,0.0039,0.0038,0.0052,0.0020,0.0033,0.0008,0.0974,0.0863,0.0003,0.0088,0.6461,0.0461,0.0000,0.0046,0.0904,0.0051,0.0023,0.0725,0.0116,0.0115,0.0250
0.0052,0.0029,0.0029,0.0012,0.0013,0.0068,0.0036,0.0079,0.0083,0.0045,0.0204,0.0032,0.0032,0.0171,0.0033,0.0274,0.2741,0.0002,0.0461,0.6126,0.0001,0.0001,0.0608,0.0414,0.0020,0.0459,0.0265,0.0082,0.0242
0.0027,0.0030,0.0031,0.0077,0.0064,0.9876,0.0211,0.4866,0.9999,0.0253,0.0783,0.0044,0.4182,0.0008,0.0010,0.0014,0.0025,0.0000,0.0000,0.0001,0.6127,0.0001,0.0000,0.0021,0.0640,0.0033,0.0037,0.0015,0.0025
0.0011,0.0009,0.0020,0.0092,0.0060,0.0761,0.9969,0.9876,0.0353,0.0147,0.0037,0.0003,0.0009,0.0009,0.0009,0.0039,0.0004,0.1093,0.0046,0.0001,0.0001,0.5244,0.0053,0.0001,0.0000,0.1811,0.0052,0.0445,0.0145
0.0039,0.0010,0.0025,0.0006,0.0018,0.0075,0.0020,0.0208,0.0132,0.0079,0.0052,0.0010,0.0013,0.0038,0.0013,0.0097,0.0063,0.0018,0.0904,0.0608,0.0000,0.0053,0.4485,0.0280,0.0000,0.0445,0.2643,0.6121,0.7897
0.0028,0.0012,0.0021,0.0006,0.0012,0.0054,0.0046,0.0537,0.0095,0.0038,0.1268,0.0028,0.0904,0.0219,0.0044,0.0041,0.0223,0.0036,0.0051,0.0414,0.0021,0.0001,0.0280,0.8991,0.0003,0.0004,0.0318,0.0052,0.0568
0.0022,0.0077,0.0119,0.0133,0.0068,0.9993,0.0213,0.9989,0.9999,0.0470,0.1519,0.0029,0.0658,0.0012,0.0004,0.0008,0.0019,0.0009,0.0023,0.0020,0.0640,0.0000,0.0000,0.0003,0.0248,0.0000,0.0000,0.0001,0.0001
0.0021,0.0012,0.0028,0.0003,0.0015,0.0069,0.0249,0.2323,0.0217,0.0038,0.0113,0.0020,0.0010,0.0008,0.0033,0.0075,0.0021,0.0054,0.0725,0.0459,0.0033,0.1811,0.0445,0.0004,0.0000,0.6326,0.1631,0.0989,0.0011
0.0045,0.0020,0.0043,0.0005,0.0013,0.0023,0.0062,0.5280,0.0405,0.0044,0.0174,0.0010,0.0051,0.0063,0.0022,0.0088,0.0057,0.0013,0.0116,0.0265,0.0037,0.0052,0.2643,0.0318,0.0000,0.1631,0.0026,0.3476,0.0050
0.0050,0.0024,0.0027,0.0008,0.0013,0.0040,0.0055,0.0218,0.0077,0.0071,0.0053,0.0010,0.0009,0.0011,0.0019,0.0034,0.0012,0.0019,0.0115,0.0082,0.0015,0.0445,0.6121,0.0052,0.0001,0.0989,0.3476,0.4234,0.3317
0.0054,0.0030,0.0047,0.0007,0.0025,0.0034,0.0054,0.0267,0.0041,0.0088,0.0112,0.0010,0.0014,0.0024,0.0023,0.0138,0.0112,0.0030,0.0250,0.0242,0.0025,0.0145,0.7897,0.0568,0.0001,0.0011,0.0050,0.3317,0.0366