c1,c2,c3,c4,c5,c6,c7,c8,c9,c10,c11,c12,c13,c14,c15,c16,c17,c18,c19,c20,c21,c22,c23,c24,c25,c26,c27,c28,c29
0.0417,0.0037,0.0004,0.0001,0.0064,0.0006,0.0142,0.0027,0.0096,0.0503,0.0089,0.2994,0.0118,0.1807,0.2043,0.1259,0.0107,0.0031,0.0107,0.0054,0.0034,0.0012,0.0033,0.0027,0.0026,0.0022,0.0044,0.0054,0.0077
0.0037,0.0204,0.0085,0.0000,0.0034,0.0001,0.0017,0.0007,0.0053,0.0149,0.0187,0.9923,0.3569,0.3870,0.3607,0.0686,0.0085,0.0093,0.0061,0.0026,0.0027,0.0010,0.0013,0.0014,0.0058,0.0013,0.0017,0.0028,0.0074
0.0004,0.0085,0.0430,0.0001,0.0000,0.0001,0.0004,0.0002,0.0070,0.0175,0.0125,0.9963,0.0872,0.8009,0.3734,0.1241,0.0046,0.0078,0.0097,0.0027,0.0037,0.0032,0.0018,0.0020,0.0122,0.0031,0.0026,0.0044,0.0112
0.0001,0.0000,0.0001,0.0000,0.0016,0.0000,0.0000,0.0000,0.0002,0.0047,0.0223,0.2969,0.9999,0.3776,1.0000,0.9757,0.0047,1.0000,0.0741,0.0018,0.0064,0.0159,0.0005,0.0004,0.0124,0.0004,0.0003,0.0009,0.0017
0.0064,0.0034,0.0000,0.0016,0.6841,0.0001,0.0007,0.0002,0.0003,0.9989,0.0295,0.9993,0.0289,0.0034,0.0085,0.0045,0.0014,0.0434,0.0054,0.0012,0.0065,0.0083,0.0014,0.0016,0.0040,0.0018,0.0017,0.0025,0.0034
0.0006,0.0001,0.0001,0.0000,0.0001,0.1771,0.0023,0.0000,0.0116,0.0023,0.0246,0.0479,0.0789,0.0093,0.0407,0.0368,0.0249,0.5766,0.0159,0.0056,0.9091,0.0498,0.0047,0.0055,0.9981,0.0080,0.0027,0.0043,0.0049
0.0142,0.0017,0.0004,0.0000,0.0007,0.0023,0.7829,0.0017,0.0000,0.0133,0.0004,0.0067,0.0016,0.0023,0.0049,0.0103,0.0051,0.4177,0.1517,0.0048,0.0279,0.9926,0.0042,0.0043,0.0211,0.0657,0.0104,0.0096,0.0082
0.0027,0.0007,0.0002,0.0000,0.0002,0.0000,0.0017,0.4310,0.0001,0.0000,0.0004,0.0004,0.0005,0.0025,0.0025,0.0023,0.0034,0.0572,0.0091,0.0054,0.2771,0.9971,0.0245,0.0210,0.9993,0.2683,0.5848,0.0457,0.0257
0.0096,0.0053,0.0070,0.0002,0.0003,0.0116,0.0000,0.0001,0.0017,0.0012,0.0000,0.0001,0.0039,0.0137,0.0379,0.0055,0.0106,0.1087,0.0092,0.0088,0.9986,0.0346,0.0078,0.0105,0.9995,0.0260,0.0223,0.0074,0.0084
0.0503,0.0149,0.0175,0.0047,0.9989,0.0023,0.0133,0.0000,0.0012,0.8270,0.0003,0.0000,0.0000,0.0005,0.0019,0.0102,0.0046,0.0037,0.0166,0.0057,0.0363,0.0202,0.0108,0.0139,0.0909,0.0065,0.0102,0.0160,0.0090
0.0089,0.0187,0.0125,0.0223,0.0295,0.0246,0.0004,0.0004,0.0000,0.0003,0.0609,0.0351,0.0000,0.0085,0.0014,0.0071,0.3045,0.0091,0.0060,0.0228,0.0204,0.0024,0.0086,0.1208,0.1141,0.0146,0.0131,0.0084,0.0155
0.2994,0.9923,0.9963,0.2969,0.9993,0.0479,0.0067,0.0004,0.0001,0.0000,0.0351,0.2082,0.0001,0.0000,0.0004,0.0005,0.0008,0.0028,0.0039,0.0024,0.0062,0.0002,0.0020,0.0028,0.0043,0.0034,0.0006,0.0015,0.0020
0.0118,0.3569,0.0872,0.9999,0.0289,0.0789,0.0016,0.0005,0.0039,0.0000,0.0000,0.0001,0.0022,0.0026,0.0000,0.0001,0.0362,0.7982,0.0063,0.0140,0.3028,0.0014,0.0008,0.0873,0.1371,0.0025,0.0021,0.0010,0.0017
0.1807,0.3870,0.8009,0.3776,0.0034,0.0093,0.0023,0.0025,0.0137,0.0005,0.0085,0.0000,0.0026,0.0862,0.0115,0.0003,0.6049,0.0000,0.0006,0.0119,0.0036,0.0015,0.0063,0.0234,0.0022,0.0012,0.0151,0.0020,0.0041
0.2043,0.3607,0.3734,1.0000,0.0085,0.0407,0.0049,0.0025,0.0379,0.0019,0.0014,0.0004,0.0000,0.0115,0.1913,0.0610,0.0001,0.0001,0.0039,0.0022,0.0021,0.0002,0.0011,0.0036,0.0012,0.0022,0.0039,0.0017,0.0019
0.1259,0.0686,0.1241,0.9757,0.0045,0.0368,0.0103,0.0023,0.0055,0.0102,0.0071,0.0005,0.0001,0.0003,0.0610,0.5467,0.0328,0.0000,0.0093,0.0083,0.0019,0.0012,0.0047,0.0058,0.0006,0.0029,0.0054,0.0022,0.0077
0.0107,0.0085,0.0046,0.0047,0.0014,0.0249,0.0051,0.0034,0.0106,0.0046,0.3045,0.0008,0.0362,0.6049,0.0001,0.0328,0.6478,0.0001,0.0000,0.4646,0.0024,0.0004,0.0215,0.0388,0.0015,0.0021,0.0099,0.0009,0.0122
0.0031,0.0093,0.0078,1.0000,0.0434,0.5766,0.4177,0.0572,0.1087,0.0037,0.0091,0.0028,0.7982,0.0000,0.0001,0.0000,0.0001,0.0568,0.0020,0.0001,0.0002,0.0858,0.0011,0.0055,0.0018,0.0057,0.0010,0.0016,0.0033
0.0107,0.0061,0.0097,0.0741,0.0054,0.0159,0.1517,0.0091,0.0092,0.0166,0.0060,0.0039,0.0063,0.0006,0.0039,0.0093,0.0000,0.0020,0.4055,0.0149,0.0000,0.0014,0.1317,0.0040,0.0043,0.0540,0.0259,0.0122,0.0243
0.0054,0.0026,0.0027,0.0018,0.0012,0.0056,0.0048,0.0054,0.0088,0.0057,0.0228,0.0024,0.0140,0.0119,0.0022,0.0083,0.4646,0.0001,0.0149,0.7437,0.0001,0.0000,0.1061,0.0374,0.0023,0.0324,0.0476,0.0106,0.0201
0.0034,0.0027,0.0037,0.0064,0.0065,0.9091,0.0279,0.2771,0.9986,0.0363,0.0204,0.0062,0.3028,0.0036,0.0021,0.0019,0.0024,0.0002,0.0000,0.0001,0.9684,0.0003,0.0000,0.0016,0.0046,0.0019,0.0036,0.0019,0.0030
0.0012,0.0010,0.0032,0.0159,0.0083,0.0498,0.9926,0.9971,0.0346,0.0202,0.0024,0.0002,0.0014,0.0015,0.0002,0.0012,0.0004,0.0858,0.0014,0.0000,0.0003,0.4604,0.0040,0.0001,0.0001,0.1244,0.0082,0.0775,0.0228
0.0033,0.0013,0.0018,0.0005,0.0014,0.0047,0.0042,0.0245,0.0078,0.0108,0.0086,0.0020,0.0008,0.0063,0.0011,0.0047,0.0215,0.0011,0.1317,0.1061,0.0000,0.0040,0.7489,0.0428,0.0000,0.0120,0.2348,0.5742,0.7578
0.0027,0.0014,0.0020,0.0004,0.0016,0.0055,0.0043,0.0210,0.0105,0.0139,0.1208,0.0028,0.0873,0.0234,0.0036,0.0058,0.0388,0.0055,0.0040,0.0374,0.0016,0.0001,0.0428,0.8724,0.0001,0.0003,0.0633,0.0083,0.0347
0.0026,0.0058,0.0122,0.0124,0.0040,0.9981,0.0211,0.9993,0.9995,0.0909,0.1141,0.0043,0.1371,0.0022,0.0012,0.0006,0.0015,0.0018,0.0043,0.0023,0.0046,0.0001,0.0000,0.0001,0.0276,0.0001,0.0000,0.0001,0.0001
0.0022,0.0013,0.0031,0.0004,0.0018,0.0080,0.0657,0.2683,0.0260,0.0065,0.0146,0.0034,0.0025,0.0012,0.0022,0.0029,0.0021,0.0057,0.0540,0.0324,0.0019,0.1244,0.0120,0.0003,0.0001,0.8377,0.2894,0.0144,0.0003
0.0044,0.0017,0.0026,0.0003,0.0017,0.0027,0.0104,0.5848,0.0223,0.0102,0.0131,0.0006,0.0021,0.0151,0.0039,0.0054,0.0099,0.0010,0.0259,0.0476,0.0036,0.0082,0.2348,0.0633,0.0000,0.2894,0.0005,0.1350,0.0011
0.0054,0.0028,0.0044,0.0009,0.0025,0.0043,0.0096,0.0457,0.0074,0.0160,0.0084,0.0015,0.0010,0.0020,0.0017,0.0022,0.0009,0.0016,0.0122,0.0106,0.0019,0.0775,0.5742,0.0083,0.0001,0.0144,0.1350,0.2106,0.0911
0.0077,0.0074,0.0112,0.0017,0.0034,0.0049,0.0082,0.0257,0.0084,0.0090,0.0155,0.0020,0.0017,0.0041,0.0019,0.0077,0.0122,0.0033,0.0243,0.0201,0.0030,0.0228,0.7578,0.0347,0.0001,0.0003,0.0011,0.0911,0.0127