c1,c2,c3,c4,c5,c6,c7,c8,c9,c10,c11,c12,c13,c14,c15,c16,c17,c18,c19,c20,c21,c22,c23
0.0000,0.0002,0.0000,0.0000,0.0000,0.0001,0.0012,0.0022,0.0020,0.0012,0.0029,0.0024,0.0089,0.0558,0.0311,0.9981,0.6857,0.9999,0.8786,0.2561,0.0409,0.0252,0.0146
0.0002,0.1352,0.0085,0.0000,0.0000,0.0001,0.0009,0.0027,0.0034,0.0036,0.0049,0.0076,0.0061,0.6225,0.1017,0.9837,0.9210,0.0317,0.0273,0.0066,0.0027,0.0022,0.0016
0.0000,0.0085,0.7594,0.0007,0.0000,0.0001,0.0003,0.0012,0.0025,0.0040,0.0119,0.0195,0.0226,0.9975,0.9407,0.6617,0.5775,0.0103,0.0063,0.0031,0.0027,0.0017,0.0015
0.0000,0.0000,0.0007,0.4893,0.0299,0.0001,0.0014,0.0023,0.0088,0.0901,0.0929,0.6545,0.2438,0.9056,0.4584,0.0382,0.0057,0.0019,0.0021,0.0022,0.0011,0.0015,0.0014
0.0000,0.0000,0.0000,0.0299,0.1233,0.0744,0.0003,0.0020,0.0035,0.0622,0.4735,0.8766,0.6454,0.8776,0.0848,0.0143,0.0135,0.0021,0.0003,0.0015,0.0022,0.0013,0.0015
0.0001,0.0001,0.0001,0.0001,0.0744,0.4028,0.0764,0.0002,0.0173,0.0975,0.0989,0.8343,0.5780,0.1651,0.0121,0.0066,0.0040,0.0024,0.0021,0.0013,0.0012,0.0013,0.0012
0.0012,0.0009,0.0003,0.0014,0.0003,0.0764,0.9707,0.2853,0.0002,0.0216,0.0094,0.0417,0.0613,0.0328,0.0319,0.0041,0.0044,0.0046,0.0023,0.0030,0.0019,0.0019,0.0012
0.0022,0.0027,0.0012,0.0023,0.0020,0.0002,0.2853,0.8576,0.0789,0.0004,0.0296,0.0256,0.0486,0.0376,0.0126,0.0064,0.0045,0.0030,0.0028,0.0021,0.0023,0.0017,0.0023
0.0020,0.0034,0.0025,0.0088,0.0035,0.0173,0.0002,0.0789,0.3759,0.0549,0.0016,0.0043,0.0381,0.0300,0.0136,0.0103,0.0040,0.0036,0.0031,0.0032,0.0041,0.0032,0.0039
0.0012,0.0036,0.0040,0.0901,0.0622,0.0975,0.0216,0.0004,0.0549,0.5760,0.0945,0.0000,0.0070,0.0023,0.0024,0.0044,0.0021,0.0053,0.0052,0.0028,0.0040,0.0046,0.0039
0.0029,0.0049,0.0119,0.0929,0.4735,0.0989,0.0094,0.0296,0.0016,0.0945,0.0624,0.0101,0.0003,0.0001,0.0010,0.0008,0.0047,0.0036,0.0064,0.0036,0.0027,0.0045,0.0067
0.0024,0.0076,0.0195,0.6545,0.8766,0.8343,0.0417,0.0256,0.0043,0.0000,0.0101,0.3640,0.0284,0.0000,0.0004,0.0002,0.0007,0.0033,0.0038,0.0039,0.0061,0.0032,0.0052
0.0089,0.0061,0.0226,0.2438,0.6454,0.5780,0.0613,0.0486,0.0381,0.0070,0.0003,0.0284,0.0704,0.0004,0.0000,0.0000,0.0004,0.0012,0.0065,0.0053,0.0031,0.0043,0.0031
0.0558,0.6225,0.9975,0.9056,0.8776,0.1651,0.0328,0.0376,0.0300,0.0023,0.0001,0.0000,0.0004,0.0088,0.0019,0.0000,0.0001,0.0000,0.0025,0.0056,0.0116,0.0072,0.0029
0.0311,0.1017,0.9407,0.4584,0.0848,0.0121,0.0319,0.0126,0.0136,0.0024,0.0010,0.0004,0.0000,0.0019,0.1047,0.0030,0.0000,0.0015,0.0040,0.0035,0.0096,0.0063,0.0042
0.9981,0.9837,0.6617,0.0382,0.0143,0.0066,0.0041,0.0064,0.0103,0.0044,0.0008,0.0002,0.0000,0.0000,0.0030,0.8999,0.0051,0.0000,0.0008,0.0001,0.0017,0.0209,0.0119
0.6857,0.9210,0.5775,0.0057,0.0135,0.0040,0.0044,0.0045,0.0040,0.0021,0.0047,0.0007,0.0004,0.0001,0.0000,0.0051,0.7930,0.0227,0.0000,0.0048,0.0065,0.0044,0.0184
0.9999,0.0317,0.0103,0.0019,0.0021,0.0024,0.0046,0.0030,0.0036,0.0053,0.0036,0.0033,0.0012,0.0000,0.0015,0.0000,0.0227,0.9645,0.0375,0.0011,0.0031,0.0022,0.0062
0.8786,0.0273,0.0063,0.0021,0.0003,0.0021,0.0023,0.0028,0.0031,0.0052,0.0064,0.0038,0.0065,0.0025,0.0040,0.0008,0.0000,0.0375,0.9379,0.2067,0.0010,0.0050,0.0091
0.2561,0.0066,0.0031,0.0022,0.0015,0.0013,0.0030,0.0021,0.0032,0.0028,0.0036,0.0039,0.0053,0.0056,0.0035,0.0001,0.0048,0.0011,0.2067,0.8479,0.0369,0.0073,0.0631
0.0409,0.0027,0.0027,0.0011,0.0022,0.0012,0.0019,0.0023,0.0041,0.0040,0.0027,0.0061,0.0031,0.0116,0.0096,0.0017,0.0065,0.0031,0.0010,0.0369,0.9900,0.1216,0.0070
0.0252,0.0022,0.0017,0.0015,0.0013,0.0013,0.0019,0.0017,0.0032,0.0046,0.0045,0.0032,0.0043,0.0072,0.0063,0.0209,0.0044,0.0022,0.0050,0.0073,0.1216,0.7492,0.3002
0.0146,0.0016,0.0015,0.0014,0.0015,0.0012,0.0012,0.0023,0.0039,0.0039,0.0067,0.0052,0.0031,0.0029,0.0042,0.0119,0.0184,0.0062,0.0091,0.0631,0.0070,0.3002,0.7793