c1,c2,c3,c4,c5,c6,c7,c8,c9,c10,c11,c12,c13,c14,c15,c16,c17,c18,c19,c20,c21,c22,c23
0.0000,0.0006,0.0000,0.0000,0.0001,0.0002,0.0022,0.0028,0.0023,0.0035,0.0033,0.0064,0.0093,0.7884,0.0650,0.9910,0.9637,0.9507,0.3512,0.0441,0.0125,0.0119,0.0050
0.0006,0.2680,0.0002,0.0000,0.0001,0.0001,0.0007,0.0023,0.0025,0.0046,0.0036,0.0188,0.0071,0.8787,0.1545,0.9934,0.3101,0.0424,0.0272,0.0048,0.0036,0.0021,0.0017
0.0000,0.0002,0.0430,0.0001,0.0000,0.0000,0.0001,0.0006,0.0020,0.0047,0.0036,0.5796,0.8197,0.9985,1.0000,0.7625,0.7691,0.0065,0.0078,0.0015,0.0009,0.0006,0.0004
0.0000,0.0000,0.0001,0.8548,0.0035,0.0002,0.0008,0.0009,0.0071,0.3529,0.1335,0.9975,0.7602,0.7356,0.0547,0.0219,0.0033,0.0013,0.0027,0.0012,0.0007,0.0010,0.0008
0.0001,0.0001,0.0000,0.0035,0.5442,0.0101,0.0001,0.0006,0.0018,0.0080,0.2586,0.4529,0.8439,0.5651,0.2028,0.0574,0.0237,0.0039,0.0010,0.0023,0.0026,0.0014,0.0015
0.0002,0.0001,0.0000,0.0002,0.0101,0.5260,0.0175,0.0005,0.2705,0.5408,0.5584,0.9620,0.1193,0.0790,0.0032,0.0047,0.0014,0.0015,0.0019,0.0010,0.0007,0.0010,0.0010
0.0022,0.0007,0.0001,0.0008,0.0001,0.0175,0.5023,0.1004,0.0026,0.0601,0.0750,0.1111,0.3909,0.0340,0.0653,0.0064,0.0041,0.0032,0.0016,0.0019,0.0012,0.0016,0.0008
0.0028,0.0023,0.0006,0.0009,0.0006,0.0005,0.1004,0.9521,0.0790,0.0028,0.1349,0.0110,0.0351,0.0506,0.0095,0.0118,0.0044,0.0028,0.0018,0.0022,0.0011,0.0019,0.0021
0.0023,0.0025,0.0020,0.0071,0.0018,0.2705,0.0026,0.0790,0.2368,0.4967,0.0081,0.0041,0.0273,0.0080,0.0025,0.0056,0.0028,0.0038,0.0009,0.0018,0.0016,0.0019,0.0024
0.0035,0.0046,0.0047,0.3529,0.0080,0.5408,0.0601,0.0028,0.4967,0.0408,0.1528,0.0001,0.0028,0.0025,0.0006,0.0022,0.0012,0.0030,0.0004,0.0031,0.0024,0.0033,0.0034
0.0033,0.0036,0.0036,0.1335,0.2586,0.5584,0.0750,0.1349,0.0081,0.1528,0.3272,0.0017,0.0001,0.0001,0.0011,0.0006,0.0023,0.0023,0.0019,0.0032,0.0013,0.0030,0.0031
0.0064,0.0188,0.5796,0.9975,0.4529,0.9620,0.1111,0.0110,0.0041,0.0001,0.0017,0.3981,0.0076,0.0000,0.0001,0.0001,0.0003,0.0018,0.0015,0.0016,0.0026,0.0016,0.0022
0.0093,0.0071,0.8197,0.7602,0.8439,0.1193,0.3909,0.0351,0.0273,0.0028,0.0001,0.0076,0.0423,0.0001,0.0000,0.0001,0.0008,0.0015,0.0028,0.0027,0.0013,0.0023,0.0019
0.7884,0.8787,0.9985,0.7356,0.5651,0.0790,0.0340,0.0506,0.0080,0.0025,0.0001,0.0000,0.0001,0.7780,0.0024,0.0000,0.0001,0.0000,0.0003,0.0028,0.0038,0.0042,0.0032
0.0650,0.1545,1.0000,0.0547,0.2028,0.0032,0.0653,0.0095,0.0025,0.0006,0.0011,0.0001,0.0000,0.0024,0.0195,0.0129,0.0000,0.0023,0.0034,0.0042,0.0090,0.0051,0.0062
0.9910,0.9934,0.7625,0.0219,0.0574,0.0047,0.0064,0.0118,0.0056,0.0022,0.0006,0.0001,0.0001,0.0000,0.0129,0.5559,0.0026,0.0000,0.0006,0.0004,0.0019,0.0270,0.0169
0.9637,0.3101,0.7691,0.0033,0.0237,0.0014,0.0041,0.0044,0.0028,0.0012,0.0023,0.0003,0.0008,0.0001,0.0000,0.0026,0.2969,0.0780,0.0002,0.0078,0.0341,0.0061,0.0385
0.9507,0.0424,0.0065,0.0013,0.0039,0.0015,0.0032,0.0028,0.0038,0.0030,0.0023,0.0018,0.0015,0.0000,0.0023,0.0000,0.0780,0.9375,0.0996,0.0033,0.0146,0.0115,0.0141
0.3512,0.0272,0.0078,0.0027,0.0010,0.0019,0.0016,0.0018,0.0009,0.0004,0.0019,0.0015,0.0028,0.0003,0.0034,0.0006,0.0002,0.0996,0.9704,0.4859,0.0464,0.0126,0.0301
0.0441,0.0048,0.0015,0.0012,0.0023,0.0010,0.0019,0.0022,0.0018,0.0031,0.0032,0.0016,0.0027,0.0028,0.0042,0.0004,0.0078,0.0033,0.4859,0.8406,0.1446,0.0089,0.1626
0.0125,0.0036,0.0009,0.0007,0.0026,0.0007,0.0012,0.0011,0.0016,0.0024,0.0013,0.0026,0.0013,0.0038,0.0090,0.0019,0.0341,0.0146,0.0464,0.1446,0.9747,0.1861,0.0167
0.0119,0.0021,0.0006,0.0010,0.0014,0.0010,0.0016,0.0019,0.0019,0.0033,0.0030,0.0016,0.0023,0.0042,0.0051,0.0270,0.0061,0.0115,0.0126,0.0089,0.1861,0.8680,0.5859
0.0050,0.0017,0.0004,0.0008,0.0015,0.0010,0.0008,0.0021,0.0024,0.0034,0.0031,0.0022,0.0019,0.0032,0.0062,0.0169,0.0385,0.0141,0.0301,0.1626,0.0167,0.5859,0.7173