c1,c2,c3,c4,c5,c6,c7,c8,c9,c10,c11,c12,c13,c14,c15,c16,c17,c18,c19,c20,c21,c22,c23
0.0001,0.0007,0.0000,0.0001,0.0003,0.0006,0.0040,0.0086,0.0056,0.0056,0.0074,0.0097,0.0212,0.0807,0.0571,0.4176,0.0299,0.9361,0.1001,0.0541,0.0157,0.0228,0.0276
0.0007,0.0222,0.0004,0.0000,0.0008,0.0009,0.0015,0.0072,0.0080,0.0104,0.0226,0.0129,0.0191,0.0334,0.0381,0.4747,0.0470,0.0362,0.0138,0.0081,0.0102,0.0069,0.0088
0.0000,0.0004,0.0026,0.0008,0.0000,0.0001,0.0001,0.0009,0.0115,0.0092,0.0424,0.1219,0.3317,0.9938,0.5732,0.9728,0.0517,0.0497,0.0115,0.0053,0.0036,0.0017,0.0018
0.0001,0.0000,0.0008,0.0640,0.0129,0.0003,0.0080,0.0055,0.0227,0.0395,0.0949,0.0222,0.1527,0.0724,0.0529,0.0790,0.0065,0.0035,0.0025,0.0065,0.0082,0.0056,0.0029
0.0003,0.0008,0.0000,0.0129,0.0333,0.1947,0.0003,0.0046,0.0013,0.0163,0.0993,0.3985,0.1001,0.5120,0.0340,0.1163,0.0066,0.0066,0.0005,0.0029,0.0021,0.0016,0.0019
0.0006,0.0009,0.0001,0.0003,0.1947,0.7628,0.0651,0.0010,0.0465,0.0150,0.0927,0.1089,0.0519,0.0362,0.0049,0.0079,0.0036,0.0042,0.0020,0.0019,0.0016,0.0015,0.0009
0.0040,0.0015,0.0001,0.0080,0.0003,0.0651,0.4064,0.1282,0.0003,0.0395,0.0348,0.3237,0.0379,0.0282,0.0077,0.0041,0.0027,0.0043,0.0018,0.0028,0.0038,0.0021,0.0010
0.0086,0.0072,0.0009,0.0055,0.0046,0.0010,0.1282,0.8337,0.0679,0.0023,0.0181,0.0106,0.0043,0.0120,0.0052,0.0035,0.0038,0.0036,0.0035,0.0028,0.0026,0.0019,0.0021
0.0056,0.0080,0.0115,0.0227,0.0013,0.0465,0.0003,0.0679,0.0975,0.0943,0.0005,0.0619,0.0118,0.0052,0.0072,0.0038,0.0070,0.0040,0.0017,0.0034,0.0047,0.0029,0.0023
0.0056,0.0104,0.0092,0.0395,0.0163,0.0150,0.0395,0.0023,0.0943,0.4120,0.0467,0.0000,0.0034,0.0011,0.0037,0.0038,0.0034,0.0066,0.0042,0.0048,0.0048,0.0035,0.0020
0.0074,0.0226,0.0424,0.0949,0.0993,0.0927,0.0348,0.0181,0.0005,0.0467,0.0509,0.0040,0.0000,0.0013,0.0038,0.0016,0.0045,0.0054,0.0023,0.0037,0.0033,0.0021,0.0039
0.0097,0.0129,0.1219,0.0222,0.3985,0.1089,0.3237,0.0106,0.0619,0.0000,0.0040,0.0936,0.0053,0.0000,0.0004,0.0005,0.0010,0.0090,0.0056,0.0045,0.0071,0.0038,0.0056
0.0212,0.0191,0.3317,0.1527,0.1001,0.0519,0.0379,0.0043,0.0118,0.0034,0.0000,0.0053,0.0824,0.0035,0.0000,0.0002,0.0032,0.0026,0.0090,0.0071,0.0075,0.0043,0.0060
0.0807,0.0334,0.9938,0.0724,0.5120,0.0362,0.0282,0.0120,0.0052,0.0011,0.0013,0.0000,0.0035,0.0641,0.0125,0.0000,0.0001,0.0008,0.0010,0.0072,0.0136,0.0060,0.0456
0.0571,0.0381,0.5732,0.0529,0.0340,0.0049,0.0077,0.0052,0.0072,0.0037,0.0038,0.0004,0.0000,0.0125,0.0031,0.0003,0.0003,0.0040,0.0123,0.0079,0.0184,0.0152,0.0568
0.4176,0.4747,0.9728,0.0790,0.1163,0.0079,0.0041,0.0035,0.0038,0.0038,0.0016,0.0005,0.0002,0.0000,0.0003,0.7836,0.0028,0.0000,0.0006,0.0006,0.0120,0.0781,0.3994
0.0299,0.0470,0.0517,0.0065,0.0066,0.0036,0.0027,0.0038,0.0070,0.0034,0.0045,0.0010,0.0032,0.0001,0.0003,0.0028,0.0061,0.0023,0.0005,0.0218,0.0219,0.1694,0.9227
0.9361,0.0362,0.0497,0.0035,0.0066,0.0042,0.0043,0.0036,0.0040,0.0066,0.0054,0.0090,0.0026,0.0008,0.0040,0.0000,0.0023,0.5830,0.1309,0.0002,0.0009,0.0033,0.0399
0.1001,0.0138,0.0115,0.0025,0.0005,0.0020,0.0018,0.0035,0.0017,0.0042,0.0023,0.0056,0.0090,0.0010,0.0123,0.0006,0.0005,0.1309,0.0038,0.2288,0.0009,0.0916,0.7994
0.0541,0.0081,0.0053,0.0065,0.0029,0.0019,0.0028,0.0028,0.0034,0.0048,0.0037,0.0045,0.0071,0.0072,0.0079,0.0006,0.0218,0.0002,0.2288,0.2701,0.1511,0.0011,0.0090
0.0157,0.0102,0.0036,0.0082,0.0021,0.0016,0.0038,0.0026,0.0047,0.0048,0.0033,0.0071,0.0075,0.0136,0.0184,0.0120,0.0219,0.0009,0.0009,0.1511,0.7786,0.0850,0.0000
0.0228,0.0069,0.0017,0.0056,0.0016,0.0015,0.0021,0.0019,0.0029,0.0035,0.0021,0.0038,0.0043,0.0060,0.0152,0.0781,0.1694,0.0033,0.0916,0.0011,0.0850,0.1585,0.0009
0.0276,0.0088,0.0018,0.0029,0.0019,0.0009,0.0010,0.0021,0.0023,0.0020,0.0039,0.0056,0.0060,0.0456,0.0568,0.3994,0.9227,0.0399,0.7994,0.0090,0.0000,0.0009,0.0000