c1,c2,c3,c4,c5,c6,c7,c8,c9,c10,c11,c12,c13,c14,c15,c16,c17,c18,c19,c20,c21,c22,c23
0.0000,0.0003,0.0000,0.0000,0.0012,0.0002,0.0036,0.0049,0.0046,0.0086,0.0098,0.0169,0.0289,0.8005,0.0451,0.9800,0.1129,0.8980,0.0613,0.0318,0.0088,0.0114,0.0110
0.0003,0.0392,0.0004,0.0000,0.0003,0.0004,0.0010,0.0037,0.0045,0.0065,0.0061,0.0114,0.0389,0.5645,0.6970,0.2295,0.0461,0.0117,0.0110,0.0071,0.0087,0.0073,0.0079
0.0000,0.0004,0.0048,0.0008,0.0000,0.0001,0.0003,0.0011,0.0118,0.0287,0.0725,0.6541,0.7781,0.9991,0.2258,0.4531,0.0085,0.0108,0.0063,0.0034,0.0017,0.0020,0.0017
0.0000,0.0000,0.0008,0.1157,0.0058,0.0002,0.0056,0.0028,0.0158,0.0793,0.0986,0.1300,0.6443,0.1841,0.0473,0.0447,0.0032,0.0028,0.0035,0.0033,0.0031,0.0045,0.0028
0.0012,0.0003,0.0000,0.0058,0.0215,0.1174,0.0002,0.0053,0.0076,0.1192,0.1643,0.5555,0.1678,0.1570,0.0258,0.0681,0.0041,0.0035,0.0003,0.0024,0.0021,0.0016,0.0020
0.0002,0.0004,0.0001,0.0002,0.1174,0.5327,0.0741,0.0075,0.2207,0.0786,0.3148,0.2016,0.1458,0.0171,0.0014,0.0027,0.0017,0.0023,0.0015,0.0013,0.0014,0.0012,0.0009
0.0036,0.0010,0.0003,0.0056,0.0002,0.0741,0.3750,0.2161,0.0015,0.0330,0.0559,0.1682,0.0681,0.0080,0.0061,0.0029,0.0018,0.0043,0.0016,0.0038,0.0035,0.0026,0.0010
0.0049,0.0037,0.0011,0.0028,0.0053,0.0075,0.2161,0.9144,0.0938,0.0013,0.0219,0.0349,0.0100,0.0122,0.0017,0.0029,0.0017,0.0026,0.0019,0.0028,0.0016,0.0019,0.0016
0.0046,0.0045,0.0118,0.0158,0.0076,0.2207,0.0015,0.0938,0.1680,0.0624,0.0005,0.0488,0.0099,0.0031,0.0031,0.0033,0.0032,0.0031,0.0013,0.0029,0.0024,0.0021,0.0017
0.0086,0.0065,0.0287,0.0793,0.1192,0.0786,0.0330,0.0013,0.0624,0.4865,0.0544,0.0000,0.0015,0.0006,0.0010,0.0026,0.0037,0.0046,0.0021,0.0042,0.0023,0.0031,0.0022
0.0098,0.0061,0.0725,0.0986,0.1643,0.3148,0.0559,0.0219,0.0005,0.0544,0.3156,0.0263,0.0001,0.0000,0.0009,0.0007,0.0031,0.0056,0.0020,0.0041,0.0017,0.0025,0.0032
0.0169,0.0114,0.6541,0.1300,0.5555,0.2016,0.1682,0.0349,0.0488,0.0000,0.0263,0.4284,0.0039,0.0000,0.0003,0.0001,0.0005,0.0026,0.0028,0.0023,0.0026,0.0032,0.0047
0.0289,0.0389,0.7781,0.6443,0.1678,0.1458,0.0681,0.0100,0.0099,0.0015,0.0001,0.0039,0.0046,0.0001,0.0001,0.0002,0.0017,0.0011,0.0063,0.0077,0.0040,0.0024,0.0060
0.8005,0.5645,0.9991,0.1841,0.1570,0.0171,0.0080,0.0122,0.0031,0.0006,0.0000,0.0000,0.0001,0.9102,0.0045,0.0000,0.0002,0.0006,0.0046,0.0062,0.0093,0.0067,0.0045
0.0451,0.6970,0.2258,0.0473,0.0258,0.0014,0.0061,0.0017,0.0031,0.0010,0.0009,0.0003,0.0001,0.0045,0.0724,0.0108,0.0000,0.0062,0.0079,0.0059,0.0415,0.0190,0.0302
0.9800,0.2295,0.4531,0.0447,0.0681,0.0027,0.0029,0.0029,0.0033,0.0026,0.0007,0.0001,0.0002,0.0000,0.0108,0.7199,0.0020,0.0000,0.0005,0.0009,0.0136,0.0631,0.1561
0.1129,0.0461,0.0085,0.0032,0.0041,0.0017,0.0018,0.0017,0.0032,0.0037,0.0031,0.0005,0.0017,0.0002,0.0000,0.0020,0.0016,0.0130,0.0010,0.0216,0.2169,0.7173,0.9924
0.8980,0.0117,0.0108,0.0028,0.0035,0.0023,0.0043,0.0026,0.0031,0.0046,0.0056,0.0026,0.0011,0.0006,0.0062,0.0000,0.0130,0.8092,0.2624,0.0011,0.0024,0.0037,0.0602
0.0613,0.0110,0.0063,0.0035,0.0003,0.0015,0.0016,0.0019,0.0013,0.0021,0.0020,0.0028,0.0063,0.0046,0.0079,0.0005,0.0010,0.2624,0.0557,0.3743,0.0136,0.0613,0.1035
0.0318,0.0071,0.0034,0.0033,0.0024,0.0013,0.0038,0.0028,0.0029,0.0042,0.0041,0.0023,0.0077,0.0062,0.0059,0.0009,0.0216,0.0011,0.3743,0.7425,0.1068,0.0006,0.0062
0.0088,0.0087,0.0017,0.0031,0.0021,0.0014,0.0035,0.0016,0.0024,0.0023,0.0017,0.0026,0.0040,0.0093,0.0415,0.0136,0.2169,0.0024,0.0136,0.1068,0.5838,0.0425,0.0002
0.0114,0.0073,0.0020,0.0045,0.0016,0.0012,0.0026,0.0019,0.0021,0.0031,0.0025,0.0032,0.0024,0.0067,0.0190,0.0631,0.7173,0.0037,0.0613,0.0006,0.0425,0.1577,0.0022
0.0110,0.0079,0.0017,0.0028,0.0020,0.0009,0.0010,0.0016,0.0017,0.0022,0.0032,0.0047,0.0060,0.0045,0.0302,0.1561,0.9924,0.0602,0.1035,0.0062,0.0002,0.0022,0.0018