c1,c2,c3,c4,c5,c6,c7,c8,c9,c10,c11,c12,c13,c14,c15,c16,c17,c18,c19,c20,c21,c22,c23
0.0000,0.0006,0.0001,0.0038,0.0026,0.0042,0.0101,0.0167,0.0099,0.0173,0.0124,0.0094,0.0165,0.0213,0.0128,0.0774,0.0434,0.1207,0.0230,0.0267,0.0083,0.0097,0.0107
0.0006,0.0130,0.0043,0.0000,0.0005,0.0029,0.0018,0.0075,0.0111,0.0222,0.0152,0.0076,0.0601,0.0447,0.0318,0.0947,0.0327,0.0201,0.0098,0.0084,0.0064,0.0039,0.0049
0.0001,0.0043,0.0002,0.0096,0.0000,0.0004,0.0031,0.0043,0.0138,0.0339,0.0215,0.0271,0.1542,0.1360,0.0374,0.5558,0.0111,0.0179,0.0217,0.0063,0.0054,0.0039,0.0049
0.0038,0.0000,0.0096,0.0102,0.0016,0.0001,0.0041,0.0065,0.0108,0.0282,0.0243,0.0113,0.0226,0.0289,0.0308,0.2307,0.0239,0.0082,0.0122,0.0046,0.0042,0.0070,0.0054
0.0026,0.0005,0.0000,0.0016,0.0011,0.0083,0.0001,0.0029,0.0062,0.0270,0.1267,0.0880,0.0691,0.2084,0.0215,0.5884,0.0091,0.0067,0.0079,0.0098,0.0055,0.0046,0.0042
0.0042,0.0029,0.0004,0.0001,0.0083,0.0105,0.0221,0.0006,0.0248,0.0079,0.0183,0.0493,0.1977,0.1152,0.0081,0.0156,0.0217,0.0087,0.0036,0.0037,0.0038,0.0029,0.0039
0.0101,0.0018,0.0031,0.0041,0.0001,0.0221,0.0288,0.0191,0.0001,0.0137,0.0368,0.0485,0.0351,0.0683,0.0094,0.0260,0.0090,0.0094,0.0034,0.0058,0.0040,0.0054,0.0035
0.0167,0.0075,0.0043,0.0065,0.0029,0.0006,0.0191,0.0140,0.0101,0.0005,0.0225,0.0356,0.0186,0.0849,0.0031,0.0102,0.0100,0.0057,0.0028,0.0052,0.0055,0.0043,0.0048
0.0099,0.0111,0.0138,0.0108,0.0062,0.0248,0.0001,0.0101,0.0219,0.0250,0.0002,0.0317,0.0183,0.0186,0.0089,0.0078,0.0147,0.0123,0.0022,0.0050,0.0052,0.0041,0.0049
0.0173,0.0222,0.0339,0.0282,0.0270,0.0079,0.0137,0.0005,0.0250,0.0423,0.0243,0.0001,0.0024,0.0058,0.0026,0.0046,0.0056,0.0071,0.0030,0.0055,0.0051,0.0068,0.0082
0.0124,0.0152,0.0215,0.0243,0.1267,0.0183,0.0368,0.0225,0.0002,0.0243,0.0100,0.0232,0.0001,0.0011,0.0026,0.0016,0.0092,0.0108,0.0023,0.0082,0.0048,0.0049,0.0085
0.0094,0.0076,0.0271,0.0113,0.0880,0.0493,0.0485,0.0356,0.0317,0.0001,0.0232,0.0208,0.0020,0.0000,0.0007,0.0046,0.0024,0.0297,0.0043,0.0062,0.0071,0.0064,0.0107
0.0165,0.0601,0.1542,0.0226,0.0691,0.1977,0.0351,0.0186,0.0183,0.0024,0.0001,0.0020,0.0065,0.0012,0.0001,0.0003,0.0094,0.0051,0.0105,0.0077,0.0033,0.0068,0.0059
0.0213,0.0447,0.1360,0.0289,0.2084,0.1152,0.0683,0.0849,0.0186,0.0058,0.0011,0.0000,0.0012,0.0011,0.0094,0.0000,0.0003,0.0047,0.0063,0.0111,0.0141,0.0076,0.0120
0.0128,0.0318,0.0374,0.0308,0.0215,0.0081,0.0094,0.0031,0.0089,0.0026,0.0026,0.0007,0.0001,0.0094,0.0079,0.0039,0.0002,0.0107,0.0402,0.0112,0.0378,0.0297,0.0185
0.0774,0.0947,0.5558,0.2307,0.5884,0.0156,0.0260,0.0102,0.0078,0.0046,0.0016,0.0046,0.0003,0.0000,0.0039,0.0069,0.0005,0.0000,0.0014,0.0030,0.0091,0.0180,0.0284
0.0434,0.0327,0.0111,0.0239,0.0091,0.0217,0.0090,0.0100,0.0147,0.0056,0.0092,0.0024,0.0094,0.0003,0.0002,0.0005,0.0044,0.0020,0.0028,0.0083,0.0275,0.0274,0.0767
0.1207,0.0201,0.0179,0.0082,0.0067,0.0087,0.0094,0.0057,0.0123,0.0071,0.0108,0.0297,0.0051,0.0047,0.0107,0.0000,0.0020,0.0181,0.1172,0.0006,0.0022,0.0035,0.0172
0.0230,0.0098,0.0217,0.0122,0.0079,0.0036,0.0034,0.0028,0.0022,0.0030,0.0023,0.0043,0.0105,0.0063,0.0402,0.0014,0.0028,0.1172,0.0040,0.1028,0.0009,0.0085,0.0070
0.0267,0.0084,0.0063,0.0046,0.0098,0.0037,0.0058,0.0052,0.0050,0.0055,0.0082,0.0062,0.0077,0.0111,0.0112,0.0030,0.0083,0.0006,0.1028,0.1235,0.0253,0.0002,0.0029
0.0083,0.0064,0.0054,0.0042,0.0055,0.0038,0.0040,0.0055,0.0052,0.0051,0.0048,0.0071,0.0033,0.0141,0.0378,0.0091,0.0275,0.0022,0.0009,0.0253,0.0783,0.0426,0.0009
0.0097,0.0039,0.0039,0.0070,0.0046,0.0029,0.0054,0.0043,0.0041,0.0068,0.0049,0.0064,0.0068,0.0076,0.0297,0.0180,0.0274,0.0035,0.0085,0.0002,0.0426,0.0748,0.0076
0.0107,0.0049,0.0049,0.0054,0.0042,0.0039,0.0035,0.0048,0.0049,0.0082,0.0085,0.0107,0.0059,0.0120,0.0185,0.0284,0.0767,0.0172,0.0070,0.0029,0.0009,0.0076,0.0040