c1,c2,c3,c4,c5,c6,c7,c8,c9,c10,c11,c12,c13,c14,c15,c16,c17,c18,c19,c20,c21,c22,c23
0.0000,0.0013,0.0000,0.0003,0.0015,0.0028,0.0081,0.0135,0.0126,0.0133,0.0170,0.0280,0.0204,0.1028,0.0472,0.5259,0.0612,0.2030,0.0351,0.0243,0.0091,0.0145,0.0096
0.0013,0.0126,0.0057,0.0001,0.0012,0.0041,0.0033,0.0125,0.0166,0.0222,0.0134,0.0181,0.0240,0.0391,0.0154,0.0834,0.0112,0.0094,0.0046,0.0060,0.0044,0.0038,0.0038
0.0000,0.0057,0.0009,0.0107,0.0001,0.0023,0.0020,0.0078,0.0417,0.0342,0.0385,0.1486,0.1070,0.2230,0.0312,0.1876,0.0030,0.0078,0.0067,0.0044,0.0032,0.0026,0.0026
0.0003,0.0001,0.0107,0.1146,0.0549,0.0003,0.0076,0.0070,0.0138,0.0437,0.0281,0.0191,0.0149,0.0429,0.0112,0.0320,0.0047,0.0049,0.0035,0.0041,0.0025,0.0042,0.0035
0.0015,0.0012,0.0001,0.0549,0.0108,0.1670,0.0001,0.0032,0.0069,0.0340,0.0532,0.0552,0.0325,0.0828,0.0098,0.0431,0.0077,0.0065,0.0004,0.0036,0.0048,0.0027,0.0042
0.0028,0.0041,0.0023,0.0003,0.1670,0.4350,0.0773,0.0006,0.0051,0.0049,0.0072,0.0268,0.0207,0.0227,0.0042,0.0104,0.0057,0.0056,0.0028,0.0037,0.0024,0.0024,0.0035
0.0081,0.0033,0.0020,0.0076,0.0001,0.0773,0.1376,0.0251,0.0002,0.0133,0.0061,0.0216,0.0218,0.0202,0.0057,0.0066,0.0098,0.0079,0.0024,0.0077,0.0089,0.0080,0.0041
0.0135,0.0125,0.0078,0.0070,0.0032,0.0006,0.0251,0.1604,0.0167,0.0008,0.0048,0.0074,0.0047,0.0310,0.0039,0.0212,0.0091,0.0059,0.0027,0.0060,0.0041,0.0046,0.0046
0.0126,0.0166,0.0417,0.0138,0.0069,0.0051,0.0002,0.0167,0.0527,0.0203,0.0002,0.0048,0.0062,0.0086,0.0077,0.0182,0.0185,0.0085,0.0037,0.0045,0.0067,0.0040,0.0055
0.0133,0.0222,0.0342,0.0437,0.0340,0.0049,0.0133,0.0008,0.0203,0.0268,0.0115,0.0001,0.0031,0.0011,0.0032,0.0054,0.0058,0.0123,0.0053,0.0077,0.0064,0.0080,0.0076
0.0170,0.0134,0.0385,0.0281,0.0532,0.0072,0.0061,0.0048,0.0002,0.0115,0.1220,0.0167,0.0003,0.0005,0.0040,0.0028,0.0146,0.0130,0.0063,0.0061,0.0049,0.0043,0.0087
0.0280,0.0181,0.1486,0.0191,0.0552,0.0268,0.0216,0.0074,0.0048,0.0001,0.0167,0.4134,0.0058,0.0000,0.0003,0.0004,0.0024,0.0191,0.0080,0.0055,0.0083,0.0057,0.0113
0.0204,0.0240,0.1070,0.0149,0.0325,0.0207,0.0218,0.0047,0.0062,0.0031,0.0003,0.0058,0.0680,0.0011,0.0002,0.0006,0.0130,0.0069,0.0180,0.0094,0.0031,0.0058,0.0080
0.1028,0.0391,0.2230,0.0429,0.0828,0.0227,0.0202,0.0310,0.0086,0.0011,0.0005,0.0000,0.0011,0.0952,0.0132,0.0000,0.0008,0.0015,0.0066,0.0136,0.0262,0.0117,0.0120
0.0472,0.0154,0.0312,0.0112,0.0098,0.0042,0.0057,0.0039,0.0077,0.0032,0.0040,0.0003,0.0002,0.0132,0.0171,0.0067,0.0003,0.0156,0.0293,0.0106,0.0325,0.0222,0.0244
0.5259,0.0834,0.1876,0.0320,0.0431,0.0104,0.0066,0.0212,0.0182,0.0054,0.0028,0.0004,0.0006,0.0000,0.0067,0.0647,0.0014,0.0000,0.0043,0.0025,0.0099,0.0263,0.0258
0.0612,0.0112,0.0030,0.0047,0.0077,0.0057,0.0098,0.0091,0.0185,0.0058,0.0146,0.0024,0.0130,0.0008,0.0003,0.0014,0.0177,0.0045,0.0026,0.0092,0.0210,0.0205,0.0789
0.2030,0.0094,0.0078,0.0049,0.0065,0.0056,0.0079,0.0059,0.0085,0.0123,0.0130,0.0191,0.0069,0.0015,0.0156,0.0000,0.0045,0.0386,0.1181,0.0007,0.0015,0.0041,0.0164
0.0351,0.0046,0.0067,0.0035,0.0004,0.0028,0.0024,0.0027,0.0037,0.0053,0.0063,0.0080,0.0180,0.0066,0.0293,0.0043,0.0026,0.1181,0.0159,0.0949,0.0020,0.0101,0.0081
0.0243,0.0060,0.0044,0.0041,0.0036,0.0037,0.0077,0.0060,0.0045,0.0077,0.0061,0.0055,0.0094,0.0136,0.0106,0.0025,0.0092,0.0007,0.0949,0.2031,0.0247,0.0003,0.0054
0.0091,0.0044,0.0032,0.0025,0.0048,0.0024,0.0089,0.0041,0.0067,0.0064,0.0049,0.0083,0.0031,0.0262,0.0325,0.0099,0.0210,0.0015,0.0020,0.0247,0.1874,0.0460,0.0004
0.0145,0.0038,0.0026,0.0042,0.0027,0.0024,0.0080,0.0046,0.0040,0.0080,0.0043,0.0057,0.0058,0.0117,0.0222,0.0263,0.0205,0.0041,0.0101,0.0003,0.0460,0.0755,0.0100
0.0096,0.0038,0.0026,0.0035,0.0042,0.0035,0.0041,0.0046,0.0055,0.0076,0.0087,0.0113,0.0080,0.0120,0.0244,0.0258,0.0789,0.0164,0.0081,0.0054,0.0004,0.0100,0.0077