c1,c2,c3,c4,c5,c6,c7,c8,c9,c10,c11,c12,c13,c14,c15,c16,c17,c18,c19,c20,c21,c22,c23
0.0001,0.0006,0.0000,0.0000,0.0000,0.0001,0.0020,0.0016,0.0016,0.0024,0.0031,0.0189,0.0191,0.9806,0.0407,0.9991,0.9493,0.7120,0.2655,0.0203,0.0080,0.0053,0.0024
0.0006,0.0265,0.0022,0.0000,0.0000,0.0001,0.0005,0.0020,0.0021,0.0029,0.0031,0.0307,0.0133,0.9418,0.9436,0.8088,0.7946,0.0105,0.0281,0.0035,0.0029,0.0017,0.0016
0.0000,0.0022,0.5545,0.0006,0.0000,0.0001,0.0005,0.0009,0.0032,0.0069,0.0080,0.6402,0.3526,0.9616,0.9852,0.2832,0.0646,0.0056,0.0080,0.0016,0.0011,0.0008,0.0006
0.0000,0.0000,0.0006,0.6244,0.0145,0.0000,0.0007,0.0020,0.0106,0.2292,0.3245,0.9809,0.6029,0.4421,0.1479,0.0120,0.0209,0.0015,0.0030,0.0011,0.0008,0.0009,0.0007
0.0000,0.0000,0.0000,0.0145,0.1759,0.0367,0.0000,0.0013,0.0175,0.1843,0.7646,0.9189,0.3990,0.1382,0.2208,0.0162,0.0169,0.0025,0.0004,0.0012,0.0011,0.0008,0.0009
0.0001,0.0001,0.0001,0.0000,0.0367,0.2837,0.0540,0.0029,0.2715,0.1791,0.7167,0.7329,0.0684,0.0295,0.0172,0.0045,0.0064,0.0024,0.0020,0.0006,0.0009,0.0007,0.0007
0.0020,0.0005,0.0005,0.0007,0.0000,0.0540,0.8546,0.1403,0.0008,0.0226,0.0431,0.1270,0.2358,0.0205,0.1338,0.0076,0.0040,0.0037,0.0023,0.0016,0.0015,0.0015,0.0007
0.0016,0.0020,0.0009,0.0020,0.0013,0.0029,0.1403,0.9365,0.0905,0.0065,0.3434,0.0577,0.0123,0.0123,0.0050,0.0038,0.0024,0.0013,0.0019,0.0011,0.0013,0.0011,0.0016
0.0016,0.0021,0.0032,0.0106,0.0175,0.2715,0.0008,0.0905,0.3425,0.3307,0.0017,0.0090,0.0136,0.0021,0.0066,0.0059,0.0036,0.0025,0.0009,0.0016,0.0026,0.0021,0.0025
0.0024,0.0029,0.0069,0.2292,0.1843,0.1791,0.0226,0.0065,0.3307,0.7985,0.0571,0.0000,0.0014,0.0003,0.0010,0.0017,0.0022,0.0019,0.0023,0.0022,0.0026,0.0031,0.0033
0.0031,0.0031,0.0080,0.3245,0.7646,0.7167,0.0431,0.3434,0.0017,0.0571,0.0897,0.0145,0.0001,0.0000,0.0014,0.0004,0.0019,0.0019,0.0031,0.0015,0.0011,0.0015,0.0016
0.0189,0.0307,0.6402,0.9809,0.9189,0.7329,0.1270,0.0577,0.0090,0.0000,0.0145,0.3208,0.0053,0.0000,0.0000,0.0000,0.0004,0.0011,0.0060,0.0020,0.0025,0.0013,0.0022
0.0191,0.0133,0.3526,0.6029,0.3990,0.0684,0.2358,0.0123,0.0136,0.0014,0.0001,0.0053,0.1658,0.0002,0.0000,0.0001,0.0013,0.0035,0.0061,0.0031,0.0025,0.0023,0.0019
0.9806,0.9418,0.9616,0.4421,0.1382,0.0295,0.0205,0.0123,0.0021,0.0003,0.0000,0.0000,0.0002,0.9813,0.0010,0.0000,0.0014,0.0000,0.0004,0.0071,0.0061,0.0072,0.0058
0.0407,0.9436,0.9852,0.1479,0.2208,0.0172,0.1338,0.0050,0.0066,0.0010,0.0014,0.0000,0.0000,0.0010,0.0336,0.0032,0.0000,0.0009,0.0016,0.0019,0.0092,0.0043,0.0046
0.9991,0.8088,0.2832,0.0120,0.0162,0.0045,0.0076,0.0038,0.0059,0.0017,0.0004,0.0000,0.0001,0.0000,0.0032,0.8333,0.0103,0.0001,0.0014,0.0008,0.0024,0.0573,0.0395
0.9493,0.7946,0.0646,0.0209,0.0169,0.0064,0.0040,0.0024,0.0036,0.0022,0.0019,0.0004,0.0013,0.0014,0.0000,0.0103,0.3487,0.0120,0.0001,0.0062,0.0050,0.0031,0.0248
0.7120,0.0105,0.0056,0.0015,0.0025,0.0024,0.0037,0.0013,0.0025,0.0019,0.0019,0.0011,0.0035,0.0000,0.0009,0.0001,0.0120,0.9951,0.1444,0.0066,0.0073,0.0318,0.0781
0.2655,0.0281,0.0080,0.0030,0.0004,0.0020,0.0023,0.0019,0.0009,0.0023,0.0031,0.0060,0.0061,0.0004,0.0016,0.0014,0.0001,0.1444,0.9246,0.5839,0.0127,0.0081,0.0126
0.0203,0.0035,0.0016,0.0011,0.0012,0.0006,0.0016,0.0011,0.0016,0.0022,0.0015,0.0020,0.0031,0.0071,0.0019,0.0008,0.0062,0.0066,0.5839,0.6264,0.3971,0.0244,0.3921
0.0080,0.0029,0.0011,0.0008,0.0011,0.0009,0.0015,0.0013,0.0026,0.0026,0.0011,0.0025,0.0025,0.0061,0.0092,0.0024,0.0050,0.0073,0.0127,0.3971,0.9758,0.3163,0.0294
0.0053,0.0017,0.0008,0.0009,0.0008,0.0007,0.0015,0.0011,0.0021,0.0031,0.0015,0.0013,0.0023,0.0072,0.0043,0.0573,0.0031,0.0318,0.0081,0.0244,0.3163,0.9034,0.5676
0.0024,0.0016,0.0006,0.0007,0.0009,0.0007,0.0007,0.0016,0.0025,0.0033,0.0016,0.0022,0.0019,0.0058,0.0046,0.0395,0.0248,0.0781,0.0126,0.3921,0.0294,0.5676,0.5300