c1,c2,c3,c4,c5,c6,c7,c8,c9,c10,c11,c12,c13,c14,c15,c16,c17,c18,c19,c20,c21,c22,c23
0.0000,0.0004,0.0000,0.0000,0.0005,0.0005,0.0039,0.0064,0.0037,0.0032,0.0043,0.0240,0.0451,0.4103,0.0594,0.9260,0.3326,0.6899,0.0924,0.0450,0.0110,0.0107,0.0103
0.0004,0.0766,0.0002,0.0000,0.0000,0.0004,0.0011,0.0030,0.0031,0.0039,0.0070,0.0105,0.0375,0.3024,0.2544,0.9616,0.2501,0.0287,0.0221,0.0070,0.0049,0.0035,0.0028
0.0000,0.0002,0.0053,0.0007,0.0000,0.0001,0.0001,0.0017,0.0064,0.0108,0.0247,0.4150,0.6840,0.9972,0.7787,0.8619,0.0728,0.0154,0.0078,0.0040,0.0018,0.0013,0.0013
0.0000,0.0000,0.0007,0.1196,0.0111,0.0004,0.0042,0.0049,0.0071,0.0485,0.2021,0.1351,0.2941,0.2401,0.0648,0.0447,0.0153,0.0029,0.0040,0.0023,0.0016,0.0023,0.0018
0.0005,0.0000,0.0000,0.0111,0.0580,0.0633,0.0002,0.0024,0.0068,0.1357,0.7815,0.4160,0.1240,0.2151,0.0245,0.0457,0.0162,0.0042,0.0002,0.0022,0.0020,0.0012,0.0016
0.0005,0.0004,0.0001,0.0004,0.0633,0.2446,0.0774,0.0054,0.0541,0.0385,0.2051,0.1873,0.0854,0.0278,0.0034,0.0048,0.0066,0.0033,0.0024,0.0016,0.0011,0.0012,0.0017
0.0039,0.0011,0.0001,0.0042,0.0002,0.0774,0.4111,0.1067,0.0011,0.0267,0.0456,0.0935,0.0850,0.0147,0.0114,0.0041,0.0099,0.0038,0.0021,0.0026,0.0017,0.0027,0.0013
0.0064,0.0030,0.0017,0.0049,0.0024,0.0054,0.1067,0.7603,0.0837,0.0010,0.0639,0.0189,0.0049,0.0228,0.0014,0.0033,0.0035,0.0028,0.0016,0.0035,0.0024,0.0026,0.0029
0.0037,0.0031,0.0064,0.0071,0.0068,0.0541,0.0011,0.0837,0.1900,0.1053,0.0010,0.0141,0.0081,0.0120,0.0060,0.0044,0.0063,0.0034,0.0017,0.0038,0.0027,0.0022,0.0027
0.0032,0.0039,0.0108,0.0485,0.1357,0.0385,0.0267,0.0010,0.1053,0.7100,0.0113,0.0003,0.0016,0.0018,0.0011,0.0019,0.0028,0.0046,0.0035,0.0038,0.0029,0.0031,0.0040
0.0043,0.0070,0.0247,0.2021,0.7815,0.2051,0.0456,0.0639,0.0010,0.0113,0.0083,0.0044,0.0002,0.0000,0.0070,0.0006,0.0034,0.0031,0.0043,0.0062,0.0022,0.0023,0.0038
0.0240,0.0105,0.4150,0.1351,0.4160,0.1873,0.0935,0.0189,0.0141,0.0003,0.0044,0.6355,0.0082,0.0000,0.0001,0.0001,0.0009,0.0053,0.0036,0.0018,0.0039,0.0024,0.0042
0.0451,0.0375,0.6840,0.2941,0.1240,0.0854,0.0850,0.0049,0.0081,0.0016,0.0002,0.0082,0.0454,0.0003,0.0001,0.0001,0.0040,0.0018,0.0079,0.0027,0.0027,0.0022,0.0035
0.4103,0.3024,0.9972,0.2401,0.2151,0.0278,0.0147,0.0228,0.0120,0.0018,0.0000,0.0000,0.0003,0.7074,0.0139,0.0000,0.0000,0.0003,0.0020,0.0056,0.0062,0.0045,0.0035
0.0594,0.2544,0.7787,0.0648,0.0245,0.0034,0.0114,0.0014,0.0060,0.0011,0.0070,0.0001,0.0001,0.0139,0.0106,0.0077,0.0001,0.0039,0.0158,0.0040,0.0175,0.0061,0.0063
0.9260,0.9616,0.8619,0.0447,0.0457,0.0048,0.0041,0.0033,0.0044,0.0019,0.0006,0.0001,0.0001,0.0000,0.0077,0.2683,0.0021,0.0001,0.0018,0.0021,0.0063,0.0216,0.0189
0.3326,0.2501,0.0728,0.0153,0.0162,0.0066,0.0099,0.0035,0.0063,0.0028,0.0034,0.0009,0.0040,0.0000,0.0001,0.0021,0.0623,0.0212,0.0004,0.0047,0.0393,0.0121,0.0315
0.6899,0.0287,0.0154,0.0029,0.0042,0.0033,0.0038,0.0028,0.0034,0.0046,0.0031,0.0053,0.0018,0.0003,0.0039,0.0001,0.0212,0.3226,0.3646,0.0009,0.0021,0.0101,0.0165
0.0924,0.0221,0.0078,0.0040,0.0002,0.0024,0.0021,0.0016,0.0017,0.0035,0.0043,0.0036,0.0079,0.0020,0.0158,0.0018,0.0004,0.3646,0.0814,0.4568,0.0058,0.0060,0.0127
0.0450,0.0070,0.0040,0.0023,0.0022,0.0016,0.0026,0.0035,0.0038,0.0038,0.0062,0.0018,0.0027,0.0056,0.0040,0.0021,0.0047,0.0009,0.4568,0.4332,0.0467,0.0032,0.0533
0.0110,0.0049,0.0018,0.0016,0.0020,0.0011,0.0017,0.0024,0.0027,0.0029,0.0022,0.0039,0.0027,0.0062,0.0175,0.0063,0.0393,0.0021,0.0058,0.0467,0.7345,0.2173,0.0145
0.0107,0.0035,0.0013,0.0023,0.0012,0.0012,0.0027,0.0026,0.0022,0.0031,0.0023,0.0024,0.0022,0.0045,0.0061,0.0216,0.0121,0.0101,0.0060,0.0032,0.2173,0.7994,0.2402
0.0103,0.0028,0.0013,0.0018,0.0016,0.0017,0.0013,0.0029,0.0027,0.0040,0.0038,0.0042,0.0035,0.0035,0.0063,0.0189,0.0315,0.0165,0.0127,0.0533,0.0145,0.2402,0.1356