c1,c2,c3,c4,c5,c6,c7,c8,c9,c10,c11,c12,c13,c14,c15,c16,c17,c18,c19,c20,c21,c22,c23
0.0000,0.0003,0.0000,0.0000,0.0002,0.0002,0.0024,0.0045,0.0073,0.0061,0.0040,0.0126,0.0136,0.3206,0.1097,0.9758,0.6668,0.4099,0.3969,0.0353,0.0118,0.0130,0.0107
0.0003,0.4913,0.0001,0.0000,0.0003,0.0002,0.0011,0.0027,0.0030,0.0060,0.0028,0.0170,0.0146,0.9443,0.0439,0.9991,0.0104,0.0163,0.0115,0.0042,0.0037,0.0022,0.0045
0.0000,0.0001,0.2897,0.0002,0.0000,0.0000,0.0005,0.0017,0.0027,0.0034,0.0018,0.3298,0.7950,0.9869,0.9997,0.3058,0.1750,0.0077,0.0081,0.0023,0.0016,0.0014,0.0013
0.0000,0.0000,0.0002,0.6252,0.0059,0.0002,0.0019,0.0040,0.0180,0.1973,0.0655,0.9998,0.4860,0.5194,0.0111,0.0136,0.0008,0.0010,0.0015,0.0018,0.0007,0.0010,0.0009
0.0002,0.0003,0.0000,0.0059,0.2884,0.0904,0.0002,0.0020,0.0023,0.0234,0.2358,0.3154,0.7209,0.1567,0.3922,0.0205,0.0046,0.0013,0.0002,0.0028,0.0028,0.0017,0.0022
0.0002,0.0002,0.0000,0.0002,0.0904,0.3978,0.0082,0.0034,0.6255,0.6573,0.8612,0.8781,0.0898,0.0110,0.0024,0.0019,0.0005,0.0005,0.0010,0.0022,0.0008,0.0009,0.0007
0.0024,0.0011,0.0005,0.0019,0.0002,0.0082,0.5365,0.1908,0.0002,0.0360,0.1416,0.0871,0.2197,0.0133,0.0261,0.0080,0.0020,0.0022,0.0018,0.0040,0.0033,0.0035,0.0013
0.0045,0.0027,0.0017,0.0040,0.0020,0.0034,0.1908,0.1306,0.2249,0.0018,0.6665,0.0478,0.0154,0.0086,0.0017,0.0044,0.0015,0.0003,0.0013,0.0048,0.0029,0.0028,0.0021
0.0073,0.0030,0.0027,0.0180,0.0023,0.6255,0.0002,0.2249,0.5516,0.1962,0.0007,0.0041,0.0117,0.0026,0.0029,0.0060,0.0044,0.0015,0.0011,0.0051,0.0030,0.0022,0.0015
0.0061,0.0060,0.0034,0.1973,0.0234,0.6573,0.0360,0.0018,0.1962,0.7106,0.1055,0.0000,0.0009,0.0007,0.0003,0.0018,0.0010,0.0032,0.0020,0.0070,0.0030,0.0039,0.0022
0.0040,0.0028,0.0018,0.0655,0.2358,0.8612,0.1416,0.6665,0.0007,0.1055,0.1861,0.0042,0.0000,0.0002,0.0010,0.0006,0.0012,0.0015,0.0015,0.0069,0.0019,0.0020,0.0025
0.0126,0.0170,0.3298,0.9998,0.3154,0.8781,0.0871,0.0478,0.0041,0.0000,0.0042,0.2598,0.0087,0.0000,0.0001,0.0000,0.0002,0.0013,0.0016,0.0027,0.0026,0.0018,0.0023
0.0136,0.0146,0.7950,0.4860,0.7209,0.0898,0.2197,0.0154,0.0117,0.0009,0.0000,0.0087,0.0743,0.0014,0.0000,0.0003,0.0002,0.0023,0.0055,0.0052,0.0034,0.0065,0.0058
0.3206,0.9443,0.9869,0.5194,0.1567,0.0110,0.0133,0.0086,0.0026,0.0007,0.0002,0.0000,0.0014,0.6685,0.0006,0.0000,0.0001,0.0002,0.0022,0.0111,0.0154,0.0330,0.0299
0.1097,0.0439,0.9997,0.0111,0.3922,0.0024,0.0261,0.0017,0.0029,0.0003,0.0010,0.0001,0.0000,0.0006,0.0121,0.0025,0.0000,0.0003,0.0046,0.0043,0.5189,0.9318,0.1475
0.9758,0.9991,0.3058,0.0136,0.0205,0.0019,0.0080,0.0044,0.0060,0.0018,0.0006,0.0000,0.0003,0.0000,0.0025,0.5821,0.0006,0.0000,0.0020,0.0008,0.0115,0.0337,0.1182
0.6668,0.0104,0.1750,0.0008,0.0046,0.0005,0.0020,0.0015,0.0044,0.0010,0.0012,0.0002,0.0002,0.0001,0.0000,0.0006,0.0352,0.3608,0.0145,0.0636,0.5748,0.8786,0.6654
0.4099,0.0163,0.0077,0.0010,0.0013,0.0005,0.0022,0.0003,0.0015,0.0032,0.0015,0.0013,0.0023,0.0002,0.0003,0.0000,0.3608,0.6970,0.7887,0.0062,0.1232,0.0415,0.3756
0.3969,0.0115,0.0081,0.0015,0.0002,0.0010,0.0018,0.0013,0.0011,0.0020,0.0015,0.0016,0.0055,0.0022,0.0046,0.0020,0.0145,0.7887,0.0557,0.5562,0.0091,0.0045,0.0148
0.0353,0.0042,0.0023,0.0018,0.0028,0.0022,0.0040,0.0048,0.0051,0.0070,0.0069,0.0027,0.0052,0.0111,0.0043,0.0008,0.0636,0.0062,0.5562,0.6817,0.0309,0.0000,0.0046
0.0118,0.0037,0.0016,0.0007,0.0028,0.0008,0.0033,0.0029,0.0030,0.0030,0.0019,0.0026,0.0034,0.0154,0.5189,0.0115,0.5748,0.1232,0.0091,0.0309,0.0668,0.0029,0.0001
0.0130,0.0022,0.0014,0.0010,0.0017,0.0009,0.0035,0.0028,0.0022,0.0039,0.0020,0.0018,0.0065,0.0330,0.9318,0.0337,0.8786,0.0415,0.0045,0.0000,0.0029,0.0304,0.0072
0.0107,0.0045,0.0013,0.0009,0.0022,0.0007,0.0013,0.0021,0.0015,0.0022,0.0025,0.0023,0.0058,0.0299,0.1475,0.1182,0.6654,0.3756,0.0148,0.0046,0.0001,0.0072,0.0302