c1,c2,c3,c4,c5,c6,c7,c8,c9,c10,c11,c12,c13,c14,c15,c16,c17,c18,c19,c20,c21,c22,c23
0.0004,0.0008,0.0000,0.0021,0.0058,0.0058,0.0135,0.0111,0.0337,0.0102,0.0285,0.0150,0.0281,0.0268,0.0139,0.0121,0.0099,0.0544,0.0151,0.0119,0.0197,0.0187,0.0139
0.0008,0.0063,0.0169,0.0001,0.0087,0.0109,0.0035,0.0103,0.0152,0.0138,0.0112,0.0050,0.0098,0.0123,0.0067,0.0253,0.0091,0.0132,0.0069,0.0124,0.0099,0.0072,0.0136
0.0000,0.0169,0.0020,0.0336,0.0002,0.0121,0.0209,0.0145,0.0281,0.0382,0.0230,0.0153,0.0245,0.0270,0.0184,0.0273,0.0037,0.0112,0.0057,0.0068,0.0072,0.0063,0.0041
0.0021,0.0001,0.0336,0.0741,0.1250,0.0001,0.0091,0.0107,0.0105,0.0308,0.0166,0.0052,0.0107,0.0138,0.0133,0.0145,0.0047,0.0105,0.0047,0.0068,0.0075,0.0037,0.0039
0.0058,0.0087,0.0002,0.1250,0.0001,0.0487,0.0001,0.0177,0.0063,0.0063,0.0182,0.0162,0.0245,0.0228,0.0085,0.0150,0.0168,0.0065,0.0137,0.0063,0.0074,0.0066,0.0109
0.0058,0.0109,0.0121,0.0001,0.0487,0.1149,0.0522,0.0000,0.0084,0.0043,0.0049,0.0131,0.0108,0.0202,0.0085,0.0095,0.0165,0.0086,0.0095,0.0061,0.0051,0.0057,0.0069
0.0135,0.0035,0.0209,0.0091,0.0001,0.0522,0.0111,0.0097,0.0000,0.0039,0.0071,0.0050,0.0265,0.0126,0.0085,0.0160,0.0223,0.0194,0.0158,0.0150,0.0118,0.0075,0.0093
0.0111,0.0103,0.0145,0.0107,0.0177,0.0000,0.0097,0.5950,0.0130,0.0000,0.0057,0.0038,0.0059,0.0172,0.0093,0.0241,0.0137,0.0063,0.0092,0.0115,0.0075,0.0037,0.0065
0.0337,0.0152,0.0281,0.0105,0.0063,0.0084,0.0000,0.0130,0.0268,0.0207,0.0000,0.0142,0.0066,0.0066,0.0149,0.0210,0.0187,0.0078,0.0091,0.0074,0.0068,0.0091,0.0075
0.0102,0.0138,0.0382,0.0308,0.0063,0.0043,0.0039,0.0000,0.0207,0.0827,0.0179,0.0000,0.0057,0.0103,0.0069,0.0234,0.0209,0.0096,0.0087,0.0127,0.0117,0.0094,0.0075
0.0285,0.0112,0.0230,0.0166,0.0182,0.0049,0.0071,0.0057,0.0000,0.0179,0.0185,0.0193,0.0000,0.0059,0.0063,0.0098,0.0233,0.0142,0.0238,0.0065,0.0077,0.0140,0.0134
0.0150,0.0050,0.0153,0.0052,0.0162,0.0131,0.0050,0.0038,0.0142,0.0000,0.0193,0.0551,0.0160,0.0000,0.0186,0.0102,0.0054,0.0143,0.0314,0.0101,0.0151,0.0123,0.0092
0.0281,0.0098,0.0245,0.0107,0.0245,0.0108,0.0265,0.0059,0.0066,0.0057,0.0000,0.0160,0.0119,0.0054,0.0000,0.0048,0.0147,0.0067,0.0233,0.0203,0.0139,0.0057,0.0524
0.0268,0.0123,0.0270,0.0138,0.0228,0.0202,0.0126,0.0172,0.0066,0.0103,0.0059,0.0000,0.0054,0.0011,0.0216,0.0000,0.0022,0.0085,0.0172,0.0314,0.0195,0.0158,0.0109
0.0139,0.0067,0.0184,0.0133,0.0085,0.0085,0.0085,0.0093,0.0149,0.0069,0.0063,0.0186,0.0000,0.0216,0.0117,0.0152,0.0001,0.0085,0.0122,0.0075,0.0158,0.0169,0.0088
0.0121,0.0253,0.0273,0.0145,0.0150,0.0095,0.0160,0.0241,0.0210,0.0234,0.0098,0.0102,0.0048,0.0000,0.0152,0.0036,0.0048,0.0000,0.0030,0.0073,0.0113,0.0212,0.0161
0.0099,0.0091,0.0037,0.0047,0.0168,0.0165,0.0223,0.0137,0.0187,0.0209,0.0233,0.0054,0.0147,0.0022,0.0001,0.0048,0.0049,0.0271,0.0001,0.0101,0.0112,0.0121,0.0234
0.0544,0.0132,0.0112,0.0105,0.0065,0.0086,0.0194,0.0063,0.0078,0.0096,0.0142,0.0143,0.0067,0.0085,0.0085,0.0000,0.0271,0.0584,0.0647,0.0000,0.0089,0.0020,0.0063
0.0151,0.0069,0.0057,0.0047,0.0137,0.0095,0.0158,0.0092,0.0091,0.0087,0.0238,0.0314,0.0233,0.0172,0.0122,0.0030,0.0001,0.0647,0.0075,0.0151,0.0000,0.0078,0.0094
0.0119,0.0124,0.0068,0.0068,0.0063,0.0061,0.0150,0.0115,0.0074,0.0127,0.0065,0.0101,0.0203,0.0314,0.0075,0.0073,0.0101,0.0000,0.0151,0.0526,0.0474,0.0000,0.0106
0.0197,0.0099,0.0072,0.0075,0.0074,0.0051,0.0118,0.0075,0.0068,0.0117,0.0077,0.0151,0.0139,0.0195,0.0158,0.0113,0.0112,0.0089,0.0000,0.0474,0.0443,0.0228,0.0000
0.0187,0.0072,0.0063,0.0037,0.0066,0.0057,0.0075,0.0037,0.0091,0.0094,0.0140,0.0123,0.0057,0.0158,0.0169,0.0212,0.0121,0.0020,0.0078,0.0000,0.0228,0.0344,0.0040
0.0139,0.0136,0.0041,0.0039,0.0109,0.0069,0.0093,0.0065,0.0075,0.0075,0.0134,0.0092,0.0524,0.0109,0.0088,0.0161,0.0234,0.0063,0.0094,0.0106,0.0000,0.0040,0.0041