c1,c2,c3,c4,c5,c6,c7,c8,c9,c10,c11,c12,c13,c14,c15,c16,c17,c18,c19,c20,c21,c22,c23
0.0000,0.0004,0.0000,0.0000,0.0001,0.0001,0.0034,0.0050,0.0049,0.0098,0.0051,0.0384,0.0417,0.8706,0.0536,0.9919,0.3026,0.9794,0.1490,0.0419,0.0061,0.0099,0.0077
0.0004,0.1581,0.0021,0.0000,0.0001,0.0002,0.0009,0.0020,0.0038,0.0035,0.0052,0.0137,0.0622,0.6977,0.7054,0.7598,0.2349,0.0144,0.0067,0.0032,0.0039,0.0028,0.0025
0.0000,0.0021,0.5442,0.0007,0.0000,0.0000,0.0005,0.0017,0.0061,0.0123,0.0092,0.4454,0.9490,0.9945,0.8772,0.2051,0.0294,0.0036,0.0036,0.0017,0.0011,0.0011,0.0009
0.0000,0.0000,0.0007,0.8518,0.0036,0.0004,0.0046,0.0044,0.0072,0.1207,0.3287,0.7277,0.9445,0.1538,0.0582,0.0146,0.0053,0.0021,0.0013,0.0013,0.0009,0.0017,0.0012
0.0001,0.0001,0.0000,0.0036,0.9543,0.0362,0.0003,0.0040,0.0039,0.1203,0.2266,0.4486,0.2027,0.1753,0.0199,0.0208,0.0056,0.0047,0.0004,0.0019,0.0015,0.0011,0.0013
0.0001,0.0002,0.0000,0.0004,0.0362,0.9490,0.0866,0.0234,0.3552,0.1425,0.6010,0.2481,0.1411,0.0082,0.0008,0.0016,0.0011,0.0019,0.0009,0.0008,0.0009,0.0009,0.0006
0.0034,0.0009,0.0005,0.0046,0.0003,0.0866,0.7638,0.4634,0.0013,0.0187,0.0726,0.0737,0.0539,0.0084,0.0053,0.0025,0.0032,0.0036,0.0013,0.0019,0.0017,0.0018,0.0010
0.0050,0.0020,0.0017,0.0044,0.0040,0.0234,0.4634,0.8518,0.0687,0.0016,0.2713,0.0440,0.0052,0.0119,0.0006,0.0020,0.0014,0.0017,0.0013,0.0016,0.0015,0.0010,0.0012
0.0049,0.0038,0.0061,0.0072,0.0039,0.3552,0.0013,0.0687,0.0480,0.0661,0.0026,0.0292,0.0293,0.0059,0.0035,0.0037,0.0073,0.0029,0.0005,0.0029,0.0027,0.0016,0.0029
0.0098,0.0035,0.0123,0.1207,0.1203,0.1425,0.0187,0.0016,0.0661,0.7288,0.0152,0.0000,0.0015,0.0021,0.0009,0.0033,0.0040,0.0053,0.0024,0.0036,0.0021,0.0026,0.0025
0.0051,0.0052,0.0092,0.3287,0.2266,0.6010,0.0726,0.2713,0.0026,0.0152,0.1258,0.0085,0.0000,0.0000,0.0020,0.0008,0.0025,0.0042,0.0027,0.0056,0.0018,0.0016,0.0024
0.0384,0.0137,0.4454,0.7277,0.4486,0.2481,0.0737,0.0440,0.0292,0.0000,0.0085,0.6856,0.0032,0.0000,0.0002,0.0001,0.0007,0.0029,0.0028,0.0023,0.0023,0.0029,0.0053
0.0417,0.0622,0.9490,0.9445,0.2027,0.1411,0.0539,0.0052,0.0293,0.0015,0.0000,0.0032,0.0051,0.0003,0.0000,0.0001,0.0031,0.0019,0.0062,0.0032,0.0018,0.0020,0.0047
0.8706,0.6977,0.9945,0.1538,0.1753,0.0082,0.0084,0.0119,0.0059,0.0021,0.0000,0.0000,0.0003,0.9042,0.0056,0.0000,0.0001,0.0004,0.0024,0.0067,0.0124,0.0097,0.0058
0.0536,0.7054,0.8772,0.0582,0.0199,0.0008,0.0053,0.0006,0.0035,0.0009,0.0020,0.0002,0.0000,0.0056,0.0697,0.0140,0.0000,0.0067,0.0113,0.0050,0.0488,0.0264,0.0211
0.9919,0.7598,0.2051,0.0146,0.0208,0.0016,0.0025,0.0020,0.0037,0.0033,0.0008,0.0001,0.0001,0.0000,0.0140,0.5378,0.0065,0.0000,0.0006,0.0015,0.0248,0.1196,0.2158
0.3026,0.2349,0.0294,0.0053,0.0056,0.0011,0.0032,0.0014,0.0073,0.0040,0.0025,0.0007,0.0031,0.0001,0.0000,0.0065,0.0147,0.0115,0.0003,0.0119,0.0813,0.2436,0.8143
0.9794,0.0144,0.0036,0.0021,0.0047,0.0019,0.0036,0.0017,0.0029,0.0053,0.0042,0.0029,0.0019,0.0004,0.0067,0.0000,0.0115,0.8644,0.2127,0.0006,0.0026,0.0039,0.0523
0.1490,0.0067,0.0036,0.0013,0.0004,0.0009,0.0013,0.0013,0.0005,0.0024,0.0027,0.0028,0.0062,0.0024,0.0113,0.0006,0.0003,0.2127,0.0344,0.5578,0.0418,0.1716,0.3183
0.0419,0.0032,0.0017,0.0013,0.0019,0.0008,0.0019,0.0016,0.0029,0.0036,0.0056,0.0023,0.0032,0.0067,0.0050,0.0015,0.0119,0.0006,0.5578,0.9003,0.1763,0.0028,0.0287
0.0061,0.0039,0.0011,0.0009,0.0015,0.0009,0.0017,0.0015,0.0027,0.0021,0.0018,0.0023,0.0018,0.0124,0.0488,0.0248,0.0813,0.0026,0.0418,0.1763,0.8759,0.1246,0.0004
0.0099,0.0028,0.0011,0.0017,0.0011,0.0009,0.0018,0.0010,0.0016,0.0026,0.0016,0.0029,0.0020,0.0097,0.0264,0.1196,0.2436,0.0039,0.1716,0.0028,0.1246,0.2582,0.0103
0.0077,0.0025,0.0009,0.0012,0.0013,0.0006,0.0010,0.0012,0.0029,0.0025,0.0024,0.0053,0.0047,0.0058,0.0211,0.2158,0.8143,0.0523,0.3183,0.0287,0.0004,0.0103,0.0123