c1,c2,c3,c4,c5,c6,c7,c8,c9,c10,c11,c12,c13,c14,c15,c16,c17,c18,c19,c20,c21,c22,c23
0.0000,0.0002,0.0000,0.0000,0.0002,0.0001,0.0029,0.0050,0.0065,0.0114,0.0148,0.0365,0.0488,0.9703,0.1251,0.9981,0.2951,0.9206,0.0458,0.0251,0.0055,0.0106,0.0096
0.0002,0.0396,0.0009,0.0000,0.0003,0.0003,0.0010,0.0031,0.0041,0.0057,0.0040,0.0131,0.0834,0.5874,0.9631,0.2349,0.1003,0.0111,0.0079,0.0039,0.0049,0.0037,0.0047
0.0000,0.0009,0.0598,0.0009,0.0001,0.0001,0.0004,0.0024,0.0208,0.0341,0.1429,0.8801,0.6942,0.9950,0.0731,0.1294,0.0027,0.0062,0.0033,0.0023,0.0010,0.0012,0.0015
0.0000,0.0000,0.0009,0.0863,0.0147,0.0002,0.0040,0.0040,0.0185,0.1084,0.3191,0.3528,0.4374,0.2923,0.0325,0.0477,0.0035,0.0031,0.0025,0.0027,0.0017,0.0027,0.0025
0.0002,0.0003,0.0001,0.0147,0.0122,0.1098,0.0001,0.0038,0.0215,0.2373,0.6208,0.8713,0.1454,0.1164,0.0096,0.0325,0.0044,0.0028,0.0001,0.0016,0.0014,0.0011,0.0015
0.0001,0.0003,0.0001,0.0002,0.1098,0.5454,0.1488,0.0051,0.3348,0.0697,0.4880,0.2676,0.1694,0.0165,0.0010,0.0026,0.0020,0.0028,0.0009,0.0012,0.0009,0.0008,0.0008
0.0029,0.0010,0.0004,0.0040,0.0001,0.1488,0.5506,0.1670,0.0010,0.0371,0.1033,0.1915,0.0530,0.0072,0.0055,0.0027,0.0031,0.0047,0.0014,0.0028,0.0025,0.0024,0.0013
0.0050,0.0031,0.0024,0.0040,0.0038,0.0051,0.1670,0.9005,0.1521,0.0014,0.0420,0.0584,0.0057,0.0102,0.0018,0.0035,0.0020,0.0027,0.0011,0.0021,0.0012,0.0014,0.0016
0.0065,0.0041,0.0208,0.0185,0.0215,0.3348,0.0010,0.1521,0.1576,0.0469,0.0006,0.0208,0.0056,0.0027,0.0024,0.0031,0.0038,0.0035,0.0011,0.0022,0.0018,0.0016,0.0018
0.0114,0.0057,0.0341,0.1084,0.2373,0.0697,0.0371,0.0014,0.0469,0.6541,0.0832,0.0000,0.0009,0.0005,0.0007,0.0025,0.0041,0.0050,0.0016,0.0036,0.0021,0.0028,0.0025
0.0148,0.0040,0.1429,0.3191,0.6208,0.4880,0.1033,0.0420,0.0006,0.0832,0.0450,0.0046,0.0000,0.0000,0.0004,0.0009,0.0032,0.0064,0.0014,0.0020,0.0016,0.0020,0.0028
0.0365,0.0131,0.8801,0.3528,0.8713,0.2676,0.1915,0.0584,0.0208,0.0000,0.0046,0.7210,0.0031,0.0000,0.0001,0.0001,0.0004,0.0025,0.0031,0.0020,0.0024,0.0021,0.0030
0.0488,0.0834,0.6942,0.4374,0.1454,0.1694,0.0530,0.0057,0.0056,0.0009,0.0000,0.0031,0.0143,0.0002,0.0001,0.0001,0.0058,0.0019,0.0089,0.0052,0.0047,0.0028,0.0046
0.9703,0.5874,0.9950,0.2923,0.1164,0.0165,0.0072,0.0102,0.0027,0.0005,0.0000,0.0000,0.0002,0.8603,0.0054,0.0000,0.0001,0.0006,0.0045,0.0076,0.0076,0.0086,0.0040
0.1251,0.9631,0.0731,0.0325,0.0096,0.0010,0.0055,0.0018,0.0024,0.0007,0.0004,0.0001,0.0001,0.0054,0.0719,0.0087,0.0000,0.0073,0.0163,0.0074,0.0838,0.0497,0.0405
0.9981,0.2349,0.1294,0.0477,0.0325,0.0026,0.0027,0.0035,0.0031,0.0025,0.0009,0.0001,0.0001,0.0000,0.0087,0.4760,0.0022,0.0000,0.0006,0.0033,0.0119,0.1135,0.1851
0.2951,0.1003,0.0027,0.0035,0.0044,0.0020,0.0031,0.0020,0.0038,0.0041,0.0032,0.0004,0.0058,0.0001,0.0000,0.0022,0.0172,0.0068,0.0010,0.0259,0.1694,0.4396,0.8382
0.9206,0.0111,0.0062,0.0031,0.0028,0.0028,0.0047,0.0027,0.0035,0.0050,0.0064,0.0025,0.0019,0.0006,0.0073,0.0000,0.0068,0.6706,0.3647,0.0015,0.0021,0.0055,0.0358
0.0458,0.0079,0.0033,0.0025,0.0001,0.0009,0.0014,0.0011,0.0011,0.0016,0.0014,0.0031,0.0089,0.0045,0.0163,0.0006,0.0010,0.3647,0.0997,0.5176,0.0584,0.1375,0.0728
0.0251,0.0039,0.0023,0.0027,0.0016,0.0012,0.0028,0.0021,0.0022,0.0036,0.0020,0.0020,0.0052,0.0076,0.0074,0.0033,0.0259,0.0015,0.5176,0.7114,0.1062,0.0009,0.0205
0.0055,0.0049,0.0010,0.0017,0.0014,0.0009,0.0025,0.0012,0.0018,0.0021,0.0016,0.0024,0.0047,0.0076,0.0838,0.0119,0.1694,0.0021,0.0584,0.1062,0.6968,0.0731,0.0008
0.0106,0.0037,0.0012,0.0027,0.0011,0.0008,0.0024,0.0014,0.0016,0.0028,0.0020,0.0021,0.0028,0.0086,0.0497,0.1135,0.4396,0.0055,0.1375,0.0009,0.0731,0.0961,0.0075
0.0096,0.0047,0.0015,0.0025,0.0015,0.0008,0.0013,0.0016,0.0018,0.0025,0.0028,0.0030,0.0046,0.0040,0.0405,0.1851,0.8382,0.0358,0.0728,0.0205,0.0008,0.0075,0.0087