c1,c2,c3,c4,c5,c6,c7,c8,c9,c10,c11,c12,c13,c14,c15,c16,c17,c18,c19,c20,c21,c22,c23
0.0000,0.0007,0.0000,0.0000,0.0003,0.0009,0.0056,0.0088,0.0062,0.0114,0.0090,0.0183,0.0219,0.6780,0.1919,0.9802,0.3211,0.5818,0.1684,0.0281,0.0041,0.0108,0.0041
0.0007,0.0129,0.0024,0.0000,0.0001,0.0003,0.0014,0.0047,0.0050,0.0088,0.0069,0.0309,0.0321,0.7447,0.6145,0.8436,0.0805,0.0099,0.0150,0.0036,0.0019,0.0021,0.0019
0.0000,0.0024,0.0356,0.0009,0.0000,0.0006,0.0010,0.0027,0.0098,0.0151,0.0305,0.4714,0.8075,0.7797,0.8659,0.1699,0.0134,0.0027,0.0075,0.0017,0.0007,0.0009,0.0008
0.0000,0.0000,0.0009,0.3030,0.0165,0.0002,0.0022,0.0056,0.0205,0.2635,0.1785,0.3957,0.2839,0.2583,0.0284,0.0428,0.0049,0.0018,0.0040,0.0017,0.0009,0.0014,0.0011
0.0003,0.0001,0.0000,0.0165,0.0158,0.0550,0.0000,0.0022,0.0041,0.0464,0.2489,0.2000,0.7569,0.2470,0.0270,0.0332,0.0162,0.0038,0.0049,0.0023,0.0017,0.0013,0.0018
0.0009,0.0003,0.0006,0.0002,0.0550,0.1669,0.0621,0.0007,0.0301,0.0334,0.1230,0.1498,0.1341,0.0652,0.0038,0.0068,0.0062,0.0023,0.0053,0.0014,0.0016,0.0013,0.0015
0.0056,0.0014,0.0010,0.0022,0.0000,0.0621,0.1701,0.0508,0.0003,0.0296,0.0493,0.0495,0.1763,0.0278,0.0100,0.0086,0.0120,0.0042,0.0043,0.0029,0.0023,0.0028,0.0014
0.0088,0.0047,0.0027,0.0056,0.0022,0.0007,0.0508,0.5128,0.0345,0.0014,0.0479,0.0306,0.0131,0.0360,0.0022,0.0073,0.0075,0.0016,0.0062,0.0017,0.0022,0.0016,0.0031
0.0062,0.0050,0.0098,0.0205,0.0041,0.0301,0.0003,0.0345,0.1008,0.0230,0.0006,0.0049,0.0182,0.0063,0.0067,0.0083,0.0181,0.0048,0.0095,0.0032,0.0034,0.0025,0.0037
0.0114,0.0088,0.0151,0.2635,0.0464,0.0334,0.0296,0.0014,0.0230,0.3247,0.0248,0.0001,0.0016,0.0018,0.0008,0.0033,0.0028,0.0037,0.0063,0.0029,0.0034,0.0028,0.0028
0.0090,0.0069,0.0305,0.1785,0.2489,0.1230,0.0493,0.0479,0.0006,0.0248,0.0288,0.0097,0.0003,0.0001,0.0017,0.0009,0.0086,0.0036,0.0065,0.0025,0.0019,0.0017,0.0027
0.0183,0.0309,0.4714,0.3957,0.2000,0.1498,0.0495,0.0306,0.0049,0.0001,0.0097,0.9406,0.0057,0.0000,0.0000,0.0001,0.0015,0.0029,0.0108,0.0028,0.0022,0.0023,0.0026
0.0219,0.0321,0.8075,0.2839,0.7569,0.1341,0.1763,0.0131,0.0182,0.0016,0.0003,0.0057,0.0053,0.0005,0.0000,0.0001,0.0022,0.0018,0.0062,0.0031,0.0009,0.0018,0.0013
0.6780,0.7447,0.7797,0.2583,0.2470,0.0652,0.0278,0.0360,0.0063,0.0018,0.0001,0.0000,0.0005,0.4111,0.0127,0.0000,0.0003,0.0002,0.0018,0.0053,0.0054,0.0060,0.0065
0.1919,0.6145,0.8659,0.0284,0.0270,0.0038,0.0100,0.0022,0.0067,0.0008,0.0017,0.0000,0.0000,0.0127,0.0337,0.0036,0.0002,0.0044,0.0116,0.0056,0.0085,0.0102,0.0112
0.9802,0.8436,0.1699,0.0428,0.0332,0.0068,0.0086,0.0073,0.0083,0.0033,0.0009,0.0001,0.0001,0.0000,0.0036,0.1706,0.0057,0.0002,0.0006,0.0030,0.0036,0.0206,0.0395
0.3211,0.0805,0.0134,0.0049,0.0162,0.0062,0.0120,0.0075,0.0181,0.0028,0.0086,0.0015,0.0022,0.0003,0.0002,0.0057,0.0530,0.0168,0.0001,0.0028,0.0113,0.0147,0.1131
0.5818,0.0099,0.0027,0.0018,0.0038,0.0023,0.0042,0.0016,0.0048,0.0037,0.0036,0.0029,0.0018,0.0002,0.0044,0.0002,0.0168,0.5964,0.0105,0.0134,0.0248,0.0378,0.0809
0.1684,0.0150,0.0075,0.0040,0.0049,0.0053,0.0043,0.0062,0.0095,0.0063,0.0065,0.0108,0.0062,0.0018,0.0116,0.0006,0.0001,0.0105,0.1279,0.0434,0.0026,0.0100,0.0137
0.0281,0.0036,0.0017,0.0017,0.0023,0.0014,0.0029,0.0017,0.0032,0.0029,0.0025,0.0028,0.0031,0.0053,0.0056,0.0030,0.0028,0.0134,0.0434,0.7662,0.1963,0.0036,0.0961
0.0041,0.0019,0.0007,0.0009,0.0017,0.0016,0.0023,0.0022,0.0034,0.0034,0.0019,0.0022,0.0009,0.0054,0.0085,0.0036,0.0113,0.0248,0.0026,0.1963,0.9835,0.3533,0.0140
0.0108,0.0021,0.0009,0.0014,0.0013,0.0013,0.0028,0.0016,0.0025,0.0028,0.0017,0.0023,0.0018,0.0060,0.0102,0.0206,0.0147,0.0378,0.0100,0.0036,0.3533,0.5959,0.1655
0.0041,0.0019,0.0008,0.0011,0.0018,0.0015,0.0014,0.0031,0.0037,0.0028,0.0027,0.0026,0.0013,0.0065,0.0112,0.0395,0.1131,0.0809,0.0137,0.0961,0.0140,0.1655,0.0433