c1,c2,c3,c4,c5,c6,c7,c8,c9,c10,c11,c12,c13,c14,c15,c16,c17,c18,c19,c20,c21,c22,c23
0.0000,0.0002,0.0000,0.0004,0.0015,0.0012,0.0040,0.0065,0.0130,0.0213,0.0065,0.1935,0.0569,0.4066,0.1456,0.1892,0.4386,0.1605,0.1389,0.0146,0.0105,0.0069,0.0018
0.0002,0.0028,0.0006,0.0000,0.0001,0.0014,0.0012,0.0095,0.0148,0.0736,0.0350,0.1655,0.0248,0.2891,0.0207,0.2469,0.1305,0.0117,0.0210,0.0046,0.0049,0.0023,0.0015
0.0000,0.0006,0.0015,0.0045,0.0003,0.0032,0.0042,0.0112,0.0321,0.3313,0.0169,0.5190,0.0385,0.5438,0.0257,0.0234,0.0195,0.0056,0.0178,0.0034,0.0055,0.0016,0.0018
0.0004,0.0000,0.0045,0.0058,0.0465,0.0001,0.0144,0.0225,0.0164,0.1376,0.0216,0.0530,0.0253,0.1683,0.0126,0.0177,0.0192,0.0025,0.0106,0.0024,0.0029,0.0026,0.0013
0.0015,0.0001,0.0003,0.0465,0.0003,0.0741,0.0003,0.0173,0.0075,0.0812,0.1300,0.0456,0.0447,0.0553,0.0075,0.0154,0.0221,0.0035,0.0081,0.0035,0.0070,0.0023,0.0023
0.0012,0.0014,0.0032,0.0001,0.0741,0.0491,0.2482,0.0012,0.0454,0.0328,0.0499,0.0259,0.0120,0.0142,0.0019,0.0029,0.0087,0.0038,0.0058,0.0027,0.0047,0.0025,0.0033
0.0040,0.0012,0.0042,0.0144,0.0003,0.2482,0.1039,0.0577,0.0002,0.0109,0.0350,0.0075,0.0247,0.0068,0.0050,0.0051,0.0086,0.0049,0.0073,0.0039,0.0043,0.0050,0.0034
0.0065,0.0095,0.0112,0.0225,0.0173,0.0012,0.0577,0.0315,0.0649,0.0001,0.0357,0.0073,0.0023,0.0097,0.0017,0.0031,0.0066,0.0061,0.0074,0.0058,0.0059,0.0051,0.0066
0.0130,0.0148,0.0321,0.0164,0.0075,0.0454,0.0002,0.0649,0.0233,0.0154,0.0003,0.0048,0.0090,0.0027,0.0046,0.0033,0.0060,0.0030,0.0056,0.0064,0.0122,0.0073,0.0092
0.0213,0.0736,0.3313,0.1376,0.0812,0.0328,0.0109,0.0001,0.0154,0.0342,0.0161,0.0000,0.0012,0.0007,0.0019,0.0043,0.0052,0.0061,0.0094,0.0036,0.0126,0.0047,0.0050
0.0065,0.0350,0.0169,0.0216,0.1300,0.0499,0.0350,0.0357,0.0003,0.0161,0.2225,0.0004,0.0009,0.0000,0.0038,0.0016,0.0063,0.0188,0.0061,0.0156,0.0037,0.0056,0.0083
0.1935,0.1655,0.5190,0.0530,0.0456,0.0259,0.0075,0.0073,0.0048,0.0000,0.0004,0.1820,0.0065,0.0000,0.0003,0.0006,0.0177,0.0070,0.0216,0.0046,0.0180,0.0039,0.0042
0.0569,0.0248,0.0385,0.0253,0.0447,0.0120,0.0247,0.0023,0.0090,0.0012,0.0009,0.0065,0.0649,0.0030,0.0000,0.0008,0.0052,0.0042,0.0120,0.0358,0.0053,0.0115,0.0049
0.4066,0.2891,0.5438,0.1683,0.0553,0.0142,0.0068,0.0097,0.0027,0.0007,0.0000,0.0000,0.0030,0.0078,0.0498,0.0000,0.0027,0.0022,0.0484,0.0225,0.0235,0.0056,0.0065
0.1456,0.0207,0.0257,0.0126,0.0075,0.0019,0.0050,0.0017,0.0046,0.0019,0.0038,0.0003,0.0000,0.0498,0.0635,0.4739,0.0003,0.0157,0.0044,0.0051,0.0129,0.0158,0.0166
0.1892,0.2469,0.0234,0.0177,0.0154,0.0029,0.0051,0.0031,0.0033,0.0043,0.0016,0.0006,0.0008,0.0000,0.4739,0.3116,0.0018,0.0002,0.0031,0.0244,0.0084,0.0158,0.0259
0.4386,0.1305,0.0195,0.0192,0.0221,0.0087,0.0086,0.0066,0.0060,0.0052,0.0063,0.0177,0.0052,0.0027,0.0003,0.0018,0.0291,0.0377,0.0001,0.0009,0.0006,0.0032,0.0210
0.1605,0.0117,0.0056,0.0025,0.0035,0.0038,0.0049,0.0061,0.0030,0.0061,0.0188,0.0070,0.0042,0.0022,0.0157,0.0002,0.0377,0.2435,0.0022,0.0004,0.0096,0.0196,0.0254
0.1389,0.0210,0.0178,0.0106,0.0081,0.0058,0.0073,0.0074,0.0056,0.0094,0.0061,0.0216,0.0120,0.0484,0.0044,0.0031,0.0001,0.0022,0.0802,0.0461,0.0001,0.0016,0.0049
0.0146,0.0046,0.0034,0.0024,0.0035,0.0027,0.0039,0.0058,0.0064,0.0036,0.0156,0.0046,0.0358,0.0225,0.0051,0.0244,0.0009,0.0004,0.0461,0.1511,0.0684,0.0003,0.0277
0.0105,0.0049,0.0055,0.0029,0.0070,0.0047,0.0043,0.0059,0.0122,0.0126,0.0037,0.0180,0.0053,0.0235,0.0129,0.0084,0.0006,0.0096,0.0001,0.0684,0.1713,0.1071,0.0006
0.0069,0.0023,0.0016,0.0026,0.0023,0.0025,0.0050,0.0051,0.0073,0.0047,0.0056,0.0039,0.0115,0.0056,0.0158,0.0158,0.0032,0.0196,0.0016,0.0003,0.1071,0.3303,0.1588
0.0018,0.0015,0.0018,0.0013,0.0023,0.0033,0.0034,0.0066,0.0092,0.0050,0.0083,0.0042,0.0049,0.0065,0.0166,0.0259,0.0210,0.0254,0.0049,0.0277,0.0006,0.1588,0.1857