c1,c2,c3,c4,c5,c6,c7,c8,c9,c10,c11,c12,c13,c14,c15,c16,c17,c18,c19,c20,c21,c22,c23
0.0000,0.0008,0.0000,0.0000,0.0001,0.0002,0.0014,0.0037,0.0025,0.0021,0.0019,0.0012,0.0076,0.0145,0.0428,0.9716,0.1886,1.0000,0.8890,0.4195,0.1463,0.0292,0.0111
0.0008,0.1569,0.0002,0.0000,0.0001,0.0001,0.0007,0.0022,0.0023,0.0026,0.0042,0.0040,0.0077,0.0799,0.0254,0.9979,0.3239,0.5991,0.1463,0.0081,0.0079,0.0031,0.0032
0.0000,0.0002,0.0805,0.0002,0.0000,0.0001,0.0006,0.0011,0.0027,0.0015,0.0029,0.0174,0.0190,0.9924,0.9985,0.9421,0.9964,0.0122,0.0167,0.0029,0.0024,0.0009,0.0010
0.0000,0.0000,0.0002,0.6605,0.0291,0.0001,0.0006,0.0010,0.0055,0.0217,0.0211,0.2447,0.1782,0.9954,0.3624,0.1818,0.0138,0.0019,0.0044,0.0020,0.0022,0.0016,0.0016
0.0001,0.0001,0.0000,0.0291,0.1212,0.0795,0.0002,0.0018,0.0005,0.0030,0.0420,0.1059,0.2243,0.8902,0.2340,0.0685,0.1058,0.0023,0.0037,0.0015,0.0017,0.0017,0.0023
0.0002,0.0001,0.0001,0.0001,0.0795,0.1386,0.0147,0.0005,0.0319,0.0099,0.1231,0.8804,0.4176,0.4250,0.0123,0.0086,0.0088,0.0014,0.0041,0.0009,0.0010,0.0012,0.0013
0.0014,0.0007,0.0006,0.0006,0.0002,0.0147,0.8115,0.1140,0.0002,0.0167,0.0192,0.0622,0.1842,0.0564,0.0734,0.0102,0.0207,0.0036,0.0029,0.0017,0.0017,0.0018,0.0016
0.0037,0.0022,0.0011,0.0010,0.0018,0.0005,0.1140,0.3877,0.0851,0.0005,0.1126,0.0732,0.1343,0.0179,0.0111,0.0065,0.0166,0.0027,0.0041,0.0010,0.0016,0.0015,0.0019
0.0025,0.0023,0.0027,0.0055,0.0005,0.0319,0.0002,0.0851,0.5184,0.0526,0.0018,0.0216,0.0322,0.0220,0.0115,0.0056,0.0124,0.0035,0.0052,0.0024,0.0032,0.0033,0.0032
0.0021,0.0026,0.0015,0.0217,0.0030,0.0099,0.0167,0.0005,0.0526,0.8879,0.1262,0.0003,0.0159,0.0239,0.0023,0.0036,0.0077,0.0030,0.0094,0.0022,0.0040,0.0033,0.0027
0.0019,0.0042,0.0029,0.0211,0.0420,0.1231,0.0192,0.1126,0.0018,0.1262,0.1825,0.0230,0.0004,0.0028,0.0033,0.0004,0.0069,0.0014,0.0073,0.0019,0.0021,0.0030,0.0035
0.0012,0.0040,0.0174,0.2447,0.1059,0.8804,0.0622,0.0732,0.0216,0.0003,0.0230,0.5073,0.0439,0.0000,0.0004,0.0001,0.0008,0.0016,0.0040,0.0018,0.0030,0.0018,0.0025
0.0076,0.0077,0.0190,0.1782,0.2243,0.4176,0.1842,0.1343,0.0322,0.0159,0.0004,0.0439,0.1580,0.0014,0.0000,0.0000,0.0008,0.0005,0.0043,0.0024,0.0021,0.0020,0.0025
0.0145,0.0799,0.9924,0.9954,0.8902,0.4250,0.0564,0.0179,0.0220,0.0239,0.0028,0.0000,0.0014,0.0256,0.0158,0.0000,0.0000,0.0000,0.0002,0.0016,0.0018,0.0018,0.0021
0.0428,0.0254,0.9985,0.3624,0.2340,0.0123,0.0734,0.0111,0.0115,0.0023,0.0033,0.0004,0.0000,0.0158,0.0400,0.0014,0.0000,0.0005,0.0003,0.0021,0.0031,0.0022,0.0031
0.9716,0.9979,0.9421,0.1818,0.0685,0.0086,0.0102,0.0065,0.0056,0.0036,0.0004,0.0001,0.0000,0.0000,0.0014,0.9584,0.0026,0.0000,0.0014,0.0002,0.0040,0.0083,0.0236
0.1886,0.3239,0.9964,0.0138,0.1058,0.0088,0.0207,0.0166,0.0124,0.0077,0.0069,0.0008,0.0008,0.0000,0.0000,0.0026,0.2067,0.0040,0.0000,0.0012,0.0041,0.0022,0.0140
1.0000,0.5991,0.0122,0.0019,0.0023,0.0014,0.0036,0.0027,0.0035,0.0030,0.0014,0.0016,0.0005,0.0000,0.0005,0.0000,0.0040,0.9944,0.0095,0.0007,0.0066,0.0036,0.0118
0.8890,0.1463,0.0167,0.0044,0.0037,0.0041,0.0029,0.0041,0.0052,0.0094,0.0073,0.0040,0.0043,0.0002,0.0003,0.0014,0.0000,0.0095,0.4260,0.2321,0.0003,0.0120,0.0550
0.4195,0.0081,0.0029,0.0020,0.0015,0.0009,0.0017,0.0010,0.0024,0.0022,0.0019,0.0018,0.0024,0.0016,0.0021,0.0002,0.0012,0.0007,0.2321,0.9618,0.2951,0.0355,0.1644
0.1463,0.0079,0.0024,0.0022,0.0017,0.0010,0.0017,0.0016,0.0032,0.0040,0.0021,0.0030,0.0021,0.0018,0.0031,0.0040,0.0041,0.0066,0.0003,0.2951,0.9792,0.5781,0.0018
0.0292,0.0031,0.0009,0.0016,0.0017,0.0012,0.0018,0.0015,0.0033,0.0033,0.0030,0.0018,0.0020,0.0018,0.0022,0.0083,0.0022,0.0036,0.0120,0.0355,0.5781,0.8648,0.3221
0.0111,0.0032,0.0010,0.0016,0.0023,0.0013,0.0016,0.0019,0.0032,0.0027,0.0035,0.0025,0.0025,0.0021,0.0031,0.0236,0.0140,0.0118,0.0550,0.1644,0.0018,0.3221,0.6511