c1,c2,c3,c4,c5,c6,c7,c8,c9,c10,c11,c12,c13,c14,c15,c16,c17,c18,c19,c20,c21,c22,c23
0.0000,0.0003,0.0000,0.0000,0.0002,0.0001,0.0032,0.0047,0.0069,0.0145,0.0116,0.0260,0.0496,0.9422,0.1093,0.9967,0.1344,0.9008,0.0461,0.0275,0.0082,0.0125,0.0150
0.0003,0.1435,0.0006,0.0000,0.0004,0.0005,0.0009,0.0030,0.0039,0.0064,0.0054,0.0111,0.0446,0.4779,0.8170,0.1486,0.0850,0.0137,0.0089,0.0043,0.0054,0.0051,0.0056
0.0000,0.0006,0.0339,0.0013,0.0000,0.0001,0.0004,0.0016,0.0177,0.0307,0.1265,0.7827,0.6330,0.9930,0.1343,0.1990,0.0031,0.0079,0.0052,0.0029,0.0011,0.0015,0.0023
0.0000,0.0000,0.0013,0.2047,0.0108,0.0002,0.0040,0.0037,0.0157,0.1080,0.1765,0.2706,0.3104,0.1995,0.0245,0.0430,0.0043,0.0034,0.0028,0.0031,0.0025,0.0035,0.0029
0.0002,0.0004,0.0000,0.0108,0.0320,0.1135,0.0001,0.0042,0.0252,0.1527,0.3993,0.6592,0.1313,0.1755,0.0111,0.0306,0.0047,0.0035,0.0002,0.0018,0.0011,0.0013,0.0016
0.0001,0.0005,0.0001,0.0002,0.1135,0.5846,0.1482,0.0034,0.2090,0.0450,0.4039,0.2465,0.0609,0.0232,0.0014,0.0038,0.0029,0.0038,0.0014,0.0014,0.0010,0.0010,0.0009
0.0032,0.0009,0.0004,0.0040,0.0001,0.1482,0.7035,0.2021,0.0011,0.0420,0.0745,0.1399,0.0414,0.0086,0.0057,0.0040,0.0031,0.0053,0.0015,0.0024,0.0017,0.0018,0.0010
0.0047,0.0030,0.0016,0.0037,0.0042,0.0034,0.2021,0.9422,0.1394,0.0022,0.0374,0.0502,0.0037,0.0134,0.0018,0.0046,0.0023,0.0034,0.0011,0.0018,0.0010,0.0012,0.0016
0.0069,0.0039,0.0177,0.0157,0.0252,0.2090,0.0011,0.1394,0.1669,0.0504,0.0006,0.0277,0.0074,0.0030,0.0026,0.0052,0.0051,0.0037,0.0012,0.0017,0.0014,0.0012,0.0015
0.0145,0.0064,0.0307,0.1080,0.1527,0.0450,0.0420,0.0022,0.0504,0.4640,0.0462,0.0000,0.0012,0.0008,0.0011,0.0024,0.0038,0.0046,0.0019,0.0031,0.0021,0.0026,0.0026
0.0116,0.0054,0.1265,0.1765,0.3993,0.4039,0.0745,0.0374,0.0006,0.0462,0.0496,0.0099,0.0001,0.0000,0.0007,0.0010,0.0033,0.0060,0.0016,0.0018,0.0020,0.0020,0.0032
0.0260,0.0111,0.7827,0.2706,0.6592,0.2465,0.1399,0.0502,0.0277,0.0000,0.0099,0.7107,0.0054,0.0000,0.0001,0.0001,0.0005,0.0028,0.0029,0.0021,0.0030,0.0021,0.0036
0.0496,0.0446,0.6330,0.3104,0.1313,0.0609,0.0414,0.0037,0.0074,0.0012,0.0001,0.0054,0.0316,0.0002,0.0001,0.0002,0.0055,0.0030,0.0080,0.0037,0.0056,0.0028,0.0063
0.9422,0.4779,0.9930,0.1995,0.1755,0.0232,0.0086,0.0134,0.0030,0.0008,0.0000,0.0000,0.0002,0.5412,0.0059,0.0000,0.0001,0.0008,0.0053,0.0086,0.0099,0.0094,0.0052
0.1093,0.8170,0.1343,0.0245,0.0111,0.0014,0.0057,0.0018,0.0026,0.0011,0.0007,0.0001,0.0001,0.0059,0.0559,0.0067,0.0000,0.0068,0.0148,0.0081,0.0664,0.0457,0.0484
0.9967,0.1486,0.1990,0.0430,0.0306,0.0038,0.0040,0.0046,0.0052,0.0024,0.0010,0.0001,0.0002,0.0000,0.0067,0.0867,0.0024,0.0000,0.0006,0.0043,0.0179,0.1754,0.2394
0.1344,0.0850,0.0031,0.0043,0.0047,0.0029,0.0031,0.0023,0.0051,0.0038,0.0033,0.0005,0.0055,0.0001,0.0000,0.0024,0.0222,0.0191,0.0007,0.0162,0.0986,0.3954,0.8367
0.9008,0.0137,0.0079,0.0034,0.0035,0.0038,0.0053,0.0034,0.0037,0.0046,0.0060,0.0028,0.0030,0.0008,0.0068,0.0000,0.0191,0.5999,0.2164,0.0006,0.0012,0.0044,0.0401
0.0461,0.0089,0.0052,0.0028,0.0002,0.0014,0.0015,0.0011,0.0012,0.0019,0.0016,0.0029,0.0080,0.0053,0.0148,0.0006,0.0007,0.2164,0.0528,0.4462,0.0421,0.1271,0.0761
0.0275,0.0043,0.0029,0.0031,0.0018,0.0014,0.0024,0.0018,0.0017,0.0031,0.0018,0.0021,0.0037,0.0086,0.0081,0.0043,0.0162,0.0006,0.4462,0.7865,0.1597,0.0014,0.0248
0.0082,0.0054,0.0011,0.0025,0.0011,0.0010,0.0017,0.0010,0.0014,0.0021,0.0020,0.0030,0.0056,0.0099,0.0664,0.0179,0.0986,0.0012,0.0421,0.1597,0.8952,0.0702,0.0002
0.0125,0.0051,0.0015,0.0035,0.0013,0.0010,0.0018,0.0012,0.0012,0.0026,0.0020,0.0021,0.0028,0.0094,0.0457,0.1754,0.3954,0.0044,0.1271,0.0014,0.0702,0.0715,0.0043
0.0150,0.0056,0.0023,0.0029,0.0016,0.0009,0.0010,0.0016,0.0015,0.0026,0.0032,0.0036,0.0063,0.0052,0.0484,0.2394,0.8367,0.0401,0.0761,0.0248,0.0002,0.0043,0.0029