c1,c2,c3,c4,c5,c6,c7,c8,c9,c10,c11,c12,c13,c14,c15,c16,c17,c18,c19,c20,c21,c22,c23
0.0001,0.0007,0.0000,0.0000,0.0002,0.0002,0.0015,0.0042,0.0070,0.0035,0.0051,0.0233,0.0300,0.3245,0.1166,0.8462,0.6522,0.1884,0.3714,0.0368,0.0134,0.0148,0.0108
0.0007,0.1869,0.0001,0.0000,0.0002,0.0003,0.0008,0.0023,0.0031,0.0053,0.0063,0.0317,0.0589,0.9930,0.0184,0.9970,0.0067,0.0168,0.0137,0.0037,0.0029,0.0021,0.0029
0.0000,0.0001,0.2852,0.0002,0.0000,0.0000,0.0006,0.0015,0.0038,0.0038,0.0043,0.7616,0.9281,0.9707,0.9979,0.0602,0.0948,0.0035,0.0065,0.0029,0.0017,0.0029,0.0028
0.0000,0.0000,0.0002,0.3072,0.0066,0.0002,0.0024,0.0038,0.0323,0.2575,0.1972,0.9999,0.4043,0.3452,0.0070,0.0055,0.0007,0.0010,0.0016,0.0017,0.0008,0.0011,0.0008
0.0002,0.0002,0.0000,0.0066,0.2693,0.1320,0.0004,0.0031,0.0032,0.0577,0.6160,0.2315,0.8761,0.0447,0.2822,0.0093,0.0020,0.0010,0.0001,0.0022,0.0021,0.0016,0.0022
0.0002,0.0003,0.0000,0.0002,0.1320,0.1805,0.0234,0.0137,0.5591,0.5432,0.9144,0.5979,0.0525,0.0078,0.0021,0.0011,0.0006,0.0005,0.0014,0.0022,0.0009,0.0010,0.0007
0.0015,0.0008,0.0006,0.0024,0.0004,0.0234,0.6415,0.3203,0.0004,0.0496,0.2419,0.0120,0.0993,0.0075,0.0200,0.0048,0.0013,0.0024,0.0020,0.0031,0.0032,0.0043,0.0017
0.0042,0.0023,0.0015,0.0038,0.0031,0.0137,0.3203,0.3288,0.1138,0.0034,0.6600,0.0219,0.0085,0.0076,0.0012,0.0027,0.0010,0.0004,0.0015,0.0044,0.0025,0.0022,0.0015
0.0070,0.0031,0.0038,0.0323,0.0032,0.5591,0.0004,0.1138,0.6396,0.0966,0.0008,0.0040,0.0054,0.0020,0.0024,0.0030,0.0046,0.0018,0.0014,0.0090,0.0035,0.0026,0.0019
0.0035,0.0053,0.0038,0.2575,0.0577,0.5432,0.0496,0.0034,0.0966,0.7349,0.0381,0.0000,0.0011,0.0004,0.0005,0.0016,0.0012,0.0031,0.0037,0.0059,0.0028,0.0038,0.0023
0.0051,0.0063,0.0043,0.1972,0.6160,0.9144,0.2419,0.6600,0.0008,0.0381,0.2021,0.0042,0.0000,0.0000,0.0004,0.0005,0.0005,0.0042,0.0020,0.0065,0.0012,0.0009,0.0017
0.0233,0.0317,0.7616,0.9999,0.2315,0.5979,0.0120,0.0219,0.0040,0.0000,0.0042,0.2618,0.0031,0.0000,0.0000,0.0000,0.0002,0.0014,0.0031,0.0023,0.0051,0.0020,0.0037
0.0300,0.0589,0.9281,0.4043,0.8761,0.0525,0.0993,0.0085,0.0054,0.0011,0.0000,0.0031,0.1070,0.0007,0.0000,0.0004,0.0001,0.0015,0.0054,0.0039,0.0041,0.0058,0.0139
0.3245,0.9930,0.9707,0.3452,0.0447,0.0078,0.0075,0.0076,0.0020,0.0004,0.0000,0.0000,0.0007,0.9146,0.0009,0.0000,0.0001,0.0001,0.0035,0.0162,0.0245,0.0838,0.0768
0.1166,0.0184,0.9979,0.0070,0.2822,0.0021,0.0200,0.0012,0.0024,0.0005,0.0004,0.0000,0.0000,0.0009,0.0079,0.0045,0.0000,0.0005,0.0072,0.0040,0.3241,0.9604,0.7725
0.8462,0.9970,0.0602,0.0055,0.0093,0.0011,0.0048,0.0027,0.0030,0.0016,0.0005,0.0000,0.0004,0.0000,0.0045,0.6513,0.0007,0.0000,0.0046,0.0017,0.0418,0.0816,0.7614
0.6522,0.0067,0.0948,0.0007,0.0020,0.0006,0.0013,0.0010,0.0046,0.0012,0.0005,0.0002,0.0001,0.0001,0.0000,0.0007,0.0312,0.1913,0.0083,0.1690,0.5787,0.9616,0.9439
0.1884,0.0168,0.0035,0.0010,0.0010,0.0005,0.0024,0.0004,0.0018,0.0031,0.0042,0.0014,0.0015,0.0001,0.0005,0.0000,0.1913,0.6667,0.7418,0.0130,0.4365,0.0298,0.2815
0.3714,0.0137,0.0065,0.0016,0.0001,0.0014,0.0020,0.0015,0.0014,0.0037,0.0020,0.0031,0.0054,0.0035,0.0072,0.0046,0.0083,0.7418,0.0118,0.6239,0.0054,0.0033,0.0056
0.0368,0.0037,0.0029,0.0017,0.0022,0.0022,0.0031,0.0044,0.0090,0.0059,0.0065,0.0023,0.0039,0.0162,0.0040,0.0017,0.1690,0.0130,0.6239,0.6673,0.0290,0.0000,0.0006
0.0134,0.0029,0.0017,0.0008,0.0021,0.0009,0.0032,0.0025,0.0035,0.0028,0.0012,0.0051,0.0041,0.0245,0.3241,0.0418,0.5787,0.4365,0.0054,0.0290,0.0635,0.0027,0.0000
0.0148,0.0021,0.0029,0.0011,0.0016,0.0010,0.0043,0.0022,0.0026,0.0038,0.0009,0.0020,0.0058,0.0838,0.9604,0.0816,0.9616,0.0298,0.0033,0.0000,0.0027,0.0374,0.0003
0.0108,0.0029,0.0028,0.0008,0.0022,0.0007,0.0017,0.0015,0.0019,0.0023,0.0017,0.0037,0.0139,0.0768,0.7725,0.7614,0.9439,0.2815,0.0056,0.0006,0.0000,0.0003,0.0057