c1,c2,c3,c4,c5,c6,c7,c8,c9,c10,c11,c12,c13,c14,c15,c16,c17,c18,c19,c20,c21,c22,c23,c24,c25,c26,c27,c28,c29
0.0004,0.0059,0.0003,0.0003,0.0093,0.0011,0.0322,0.0053,0.0047,0.0830,0.0044,0.0438,0.0075,0.0221,0.0165,0.0417,0.0256,0.0088,0.0224,0.0113,0.0118,0.0071,0.0079,0.0058,0.0070,0.0120,0.0093,0.0046,0.0018
0.0059,0.0489,0.0301,0.0000,0.0029,0.0004,0.0096,0.0029,0.0031,0.0134,0.0046,0.0228,0.0050,0.0513,0.1030,0.0709,0.0192,0.0092,0.0066,0.0060,0.0093,0.0092,0.0059,0.0060,0.0034,0.0067,0.0068,0.0044,0.0032
0.0003,0.0301,0.0664,0.0012,0.0001,0.0002,0.0102,0.0011,0.0067,0.0558,0.0173,0.8952,0.0099,0.3973,0.1100,0.0276,0.0132,0.0070,0.0049,0.0046,0.0044,0.0032,0.0032,0.0024,0.0026,0.0033,0.0040,0.0023,0.0016
0.0003,0.0000,0.0012,0.0007,0.0069,0.0000,0.0002,0.0003,0.0003,0.0190,0.0157,0.0983,0.9999,0.3300,0.9694,0.4538,0.0310,0.0157,0.0239,0.0057,0.0031,0.0098,0.0069,0.0046,0.0023,0.0034,0.0017,0.0021,0.0010
0.0093,0.0029,0.0001,0.0069,0.0337,0.0009,0.0009,0.0009,0.0059,0.9245,0.0631,0.9419,0.0171,0.0279,0.0025,0.0047,0.0043,0.0034,0.0037,0.0036,0.0043,0.0039,0.0038,0.0036,0.0043,0.0040,0.0031,0.0029,0.0033
0.0011,0.0004,0.0002,0.0000,0.0009,0.0041,0.0102,0.0000,0.0003,0.1186,0.2193,0.0643,0.2805,0.0403,0.0382,0.0371,0.0104,0.0158,0.0092,0.0098,0.0129,0.0451,0.0185,0.0114,0.0127,0.0173,0.0287,0.0198,0.0445
0.0322,0.0096,0.0102,0.0002,0.0009,0.0102,0.0322,0.0919,0.0001,0.0383,0.0068,0.0107,0.0200,0.0112,0.0041,0.0062,0.0067,0.0058,0.0021,0.0072,0.0089,0.0108,0.0101,0.0121,0.0117,0.0068,0.0050,0.0088,0.0126
0.0053,0.0029,0.0011,0.0003,0.0009,0.0000,0.0919,0.0980,0.0013,0.0179,0.0154,0.0031,0.0030,0.0044,0.0049,0.0051,0.0061,0.0071,0.0046,0.0100,0.0130,0.0261,0.0181,0.0296,0.0333,0.0306,0.0261,0.0220,0.0450
0.0047,0.0031,0.0067,0.0003,0.0059,0.0003,0.0001,0.0013,0.0007,0.0222,0.0024,0.0008,0.0062,0.0026,0.0231,0.0053,0.0084,0.0208,0.0072,0.0103,0.0222,0.0581,0.0409,0.0324,0.0895,0.1465,0.0288,0.0416,0.0577
0.0830,0.0134,0.0558,0.0190,0.9245,0.1186,0.0383,0.0179,0.0222,0.6933,0.1023,0.0001,0.0000,0.0004,0.0002,0.0029,0.0053,0.0030,0.0003,0.0014,0.0041,0.0060,0.0068,0.0045,0.0065,0.0031,0.0025,0.0037,0.0075
0.0044,0.0046,0.0173,0.0157,0.0631,0.2193,0.0068,0.0154,0.0024,0.1023,0.0011,0.2373,0.0000,0.0029,0.0005,0.0026,0.0060,0.0118,0.0104,0.0056,0.0101,0.0158,0.0045,0.0061,0.0036,0.0059,0.0046,0.0031,0.0060
0.0438,0.0228,0.8952,0.0983,0.9419,0.0643,0.0107,0.0031,0.0008,0.0001,0.2373,0.0129,0.0003,0.0001,0.0002,0.0016,0.0036,0.0060,0.0036,0.0034,0.0032,0.0064,0.0029,0.0043,0.0067,0.0049,0.0036,0.0024,0.0027
0.0075,0.0050,0.0099,0.9999,0.0171,0.2805,0.0200,0.0030,0.0062,0.0000,0.0000,0.0003,0.0019,0.0020,0.0000,0.0002,0.0013,0.3021,0.1542,0.0086,0.0079,0.1447,0.0121,0.0069,0.0246,0.0075,0.0021,0.0041,0.0024
0.0221,0.0513,0.3973,0.3300,0.0279,0.0403,0.0112,0.0044,0.0026,0.0004,0.0029,0.0001,0.0020,0.0033,0.0031,0.0001,0.0016,0.1409,0.1004,0.0103,0.0080,0.0170,0.0052,0.0065,0.0051,0.0039,0.0034,0.0031,0.0023
0.0165,0.1030,0.1100,0.9694,0.0025,0.0382,0.0041,0.0049,0.0231,0.0002,0.0005,0.0002,0.0000,0.0031,0.0009,0.0334,0.0010,0.1529,0.0518,0.0078,0.0106,0.0043,0.0073,0.0080,0.0043,0.0049,0.0050,0.0045,0.0022
0.0417,0.0709,0.0276,0.4538,0.0047,0.0371,0.0062,0.0051,0.0053,0.0029,0.0026,0.0016,0.0002,0.0001,0.0334,0.0155,0.0103,0.0001,0.0022,0.0273,0.0072,0.0254,0.0160,0.0128,0.0070,0.0076,0.0095,0.0055,0.0052
0.0256,0.0192,0.0132,0.0310,0.0043,0.0104,0.0067,0.0061,0.0084,0.0053,0.0060,0.0036,0.0013,0.0016,0.0010,0.0103,0.0156,0.0037,0.0003,0.0180,0.0705,0.0160,0.0199,0.0121,0.0049,0.0068,0.0062,0.0067,0.0048
0.0088,0.0092,0.0070,0.0157,0.0034,0.0158,0.0058,0.0071,0.0208,0.0030,0.0118,0.0060,0.3021,0.1409,0.1529,0.0001,0.0037,0.0034,0.0011,0.0002,0.0029,0.0120,0.0041,0.0105,0.0044,0.0124,0.0084,0.0070,0.0055
0.0224,0.0066,0.0049,0.0239,0.0037,0.0092,0.0021,0.0046,0.0072,0.0003,0.0104,0.0036,0.1542,0.1004,0.0518,0.0022,0.0003,0.0011,0.0042,0.0126,0.0002,0.0011,0.0417,0.0117,0.0259,0.0401,0.0413,0.0109,0.0042
0.0113,0.0060,0.0046,0.0057,0.0036,0.0098,0.0072,0.0100,0.0103,0.0014,0.0056,0.0034,0.0086,0.0103,0.0078,0.0273,0.0180,0.0002,0.0126,0.0426,0.0188,0.0001,0.0024,0.0381,0.0078,0.0177,0.0258,0.0109,0.0257
0.0118,0.0093,0.0044,0.0031,0.0043,0.0129,0.0089,0.0130,0.0222,0.0041,0.0101,0.0032,0.0079,0.0080,0.0106,0.0072,0.0705,0.0029,0.0002,0.0188,0.0175,0.0024,0.0002,0.0052,0.0238,0.0120,0.0225,0.0129,0.0093
0.0071,0.0092,0.0032,0.0098,0.0039,0.0451,0.0108,0.0261,0.0581,0.0060,0.0158,0.0064,0.1447,0.0170,0.0043,0.0254,0.0160,0.0120,0.0011,0.0001,0.0024,0.0071,0.0035,0.0002,0.0007,0.0138,0.0108,0.0184,0.0171
0.0079,0.0059,0.0032,0.0069,0.0038,0.0185,0.0101,0.0181,0.0409,0.0068,0.0045,0.0029,0.0121,0.0052,0.0073,0.0160,0.0199,0.0041,0.0417,0.0024,0.0002,0.0035,0.0079,0.0105,0.0002,0.0024,0.0442,0.0197,0.0478
0.0058,0.0060,0.0024,0.0046,0.0036,0.0114,0.0121,0.0296,0.0324,0.0045,0.0061,0.0043,0.0069,0.0065,0.0080,0.0128,0.0121,0.0105,0.0117,0.0381,0.0052,0.0002,0.0105,0.0096,0.0271,0.0001,0.0055,0.0214,0.0381
0.0070,0.0034,0.0026,0.0023,0.0043,0.0127,0.0117,0.0333,0.0895,0.0065,0.0036,0.0067,0.0246,0.0051,0.0043,0.0070,0.0049,0.0044,0.0259,0.0078,0.0238,0.0007,0.0002,0.0271,0.0347,0.0115,0.0003,0.0070,0.0679
0.0120,0.0067,0.0033,0.0034,0.0040,0.0173,0.0068,0.0306,0.1465,0.0031,0.0059,0.0049,0.0075,0.0039,0.0049,0.0076,0.0068,0.0124,0.0401,0.0177,0.0120,0.0138,0.0024,0.0001,0.0115,0.0174,0.0048,0.0008,0.0152
0.0093,0.0068,0.0040,0.0017,0.0031,0.0287,0.0050,0.0261,0.0288,0.0025,0.0046,0.0036,0.0021,0.0034,0.0050,0.0095,0.0062,0.0084,0.0413,0.0258,0.0225,0.0108,0.0442,0.0055,0.0003,0.0048,0.0058,0.0380,0.0023
0.0046,0.0044,0.0023,0.0021,0.0029,0.0198,0.0088,0.0220,0.0416,0.0037,0.0031,0.0024,0.0041,0.0031,0.0045,0.0055,0.0067,0.0070,0.0109,0.0109,0.0129,0.0184,0.0197,0.0214,0.0070,0.0008,0.0380,0.0276,0.0037
0.0018,0.0032,0.0016,0.0010,0.0033,0.0445,0.0126,0.0450,0.0577,0.0075,0.0060,0.0027,0.0024,0.0023,0.0022,0.0052,0.0048,0.0055,0.0042,0.0257,0.0093,0.0171,0.0478,0.0381,0.0679,0.0152,0.0023,0.0037,0.0017
