c1,c2,c3,c4,c5,c6,c7,c8,c9,c10,c11,c12,c13,c14,c15,c16,c17,c18,c19,c20,c21,c22,c23,c24,c25,c26,c27,c28,c29
0.0001,0.0015,0.0000,0.0001,0.0043,0.0004,0.0100,0.0051,0.0170,0.0248,0.0089,0.0084,0.0141,0.0043,0.0336,0.0813,0.0366,0.0112,0.0521,0.0382,0.0221,0.0222,0.0212,0.0169,0.0066,0.0162,0.0122,0.0079,0.0070
0.0015,0.0167,0.0160,0.0000,0.0010,0.0010,0.0032,0.0030,0.0069,0.0134,0.0048,0.0068,0.0154,0.0162,0.0742,0.0535,0.0224,0.0106,0.0607,0.0117,0.0077,0.0205,0.0134,0.0098,0.0085,0.0138,0.0082,0.0057,0.0060
0.0000,0.0160,0.0270,0.0002,0.0001,0.0004,0.0077,0.0012,0.0066,0.0207,0.0104,0.0152,0.0665,0.0273,0.1723,0.0832,0.0293,0.0154,0.0758,0.0091,0.0044,0.0083,0.0077,0.0041,0.0059,0.0073,0.0062,0.0052,0.0071
0.0001,0.0000,0.0002,0.0000,0.0008,0.0000,0.0000,0.0001,0.0017,0.0066,0.0194,0.0487,0.4335,0.9684,0.4183,0.9296,0.0351,0.0271,0.9759,0.0149,0.0043,0.2514,0.0452,0.0058,0.0043,0.0083,0.0039,0.0027,0.0027
0.0043,0.0010,0.0001,0.0008,0.0090,0.0009,0.0001,0.0016,0.0066,0.0741,0.1116,0.0804,0.5151,0.0347,0.0323,0.0157,0.0082,0.0070,0.0537,0.0071,0.0045,0.0106,0.0089,0.0075,0.0053,0.0047,0.0048,0.0038,0.0055
0.0004,0.0010,0.0004,0.0000,0.0009,0.0001,0.0038,0.0001,0.0009,0.0049,0.0657,0.0849,0.1524,0.7726,0.0510,0.0809,0.0120,0.0266,0.5625,0.0075,0.0057,0.1638,0.0422,0.0066,0.0115,0.0079,0.0077,0.0055,0.0046
0.0100,0.0032,0.0077,0.0000,0.0001,0.0038,0.0069,0.0019,0.0003,0.0288,0.0624,0.0194,0.0766,0.0349,0.0107,0.0104,0.0131,0.0090,0.0268,0.0136,0.0061,0.0157,0.0110,0.0085,0.0130,0.0075,0.0155,0.0068,0.0113
0.0051,0.0030,0.0012,0.0001,0.0016,0.0001,0.0019,0.0032,0.0427,0.0005,0.0405,0.0981,0.0294,0.2040,0.0106,0.0097,0.0106,0.0151,0.0497,0.0050,0.0054,0.0490,0.0132,0.0096,0.0087,0.0124,0.0069,0.0096,0.0077
0.0170,0.0069,0.0066,0.0017,0.0066,0.0009,0.0003,0.0427,0.0287,0.0018,0.0019,0.0044,0.0050,0.0263,0.0064,0.0045,0.0043,0.0079,0.0238,0.0074,0.0064,0.0431,0.0087,0.0060,0.0197,0.0125,0.0084,0.0127,0.0153
0.0248,0.0134,0.0207,0.0066,0.0741,0.0049,0.0288,0.0005,0.0018,0.0009,0.1072,0.0003,0.0007,0.0059,0.0018,0.0084,0.0065,0.0077,0.0178,0.0047,0.0080,0.0394,0.0193,0.0049,0.0124,0.0088,0.0124,0.0060,0.0070
0.0089,0.0048,0.0104,0.0194,0.1116,0.0657,0.0624,0.0405,0.0019,0.1072,0.0015,0.0425,0.0001,0.0003,0.0012,0.0020,0.0051,0.0056,0.0634,0.0044,0.0078,0.0109,0.0080,0.0052,0.0031,0.0054,0.0052,0.0027,0.0038
0.0084,0.0068,0.0152,0.0487,0.0804,0.0849,0.0194,0.0981,0.0044,0.0003,0.0425,0.0339,0.0125,0.0000,0.0012,0.0018,0.0022,0.0158,0.0090,0.0043,0.0075,0.0224,0.0064,0.0055,0.0068,0.0072,0.0047,0.0036,0.0041
0.0141,0.0154,0.0665,0.4335,0.5151,0.1524,0.0766,0.0294,0.0050,0.0007,0.0001,0.0125,0.0332,0.0004,0.0000,0.0014,0.0023,0.0080,0.0087,0.0068,0.0083,0.0117,0.0056,0.0025,0.0048,0.0041,0.0027,0.0019,0.0021
0.0043,0.0162,0.0273,0.9684,0.0347,0.7726,0.0349,0.2040,0.0263,0.0059,0.0003,0.0000,0.0004,0.0004,0.0116,0.0000,0.0003,0.0062,0.0160,0.0112,0.0123,0.1641,0.0168,0.0055,0.0069,0.0054,0.0015,0.0016,0.0013
0.0336,0.0742,0.1723,0.4183,0.0323,0.0510,0.0107,0.0106,0.0064,0.0018,0.0012,0.0012,0.0000,0.0116,0.0406,0.0060,0.0016,0.0881,0.0006,0.0033,0.0098,0.0035,0.0027,0.0036,0.0033,0.0035,0.0033,0.0027,0.0034
0.0813,0.0535,0.0832,0.9296,0.0157,0.0809,0.0104,0.0097,0.0045,0.0084,0.0020,0.0018,0.0014,0.0000,0.0060,0.0164,0.0090,0.0002,0.0002,0.0153,0.0053,0.0050,0.0119,0.0052,0.0037,0.0055,0.0056,0.0030,0.0046
0.0366,0.0224,0.0293,0.0351,0.0082,0.0120,0.0131,0.0106,0.0043,0.0065,0.0051,0.0022,0.0023,0.0003,0.0016,0.0090,0.0514,0.0131,0.0000,0.0245,0.0785,0.0028,0.0148,0.0136,0.0047,0.0078,0.0084,0.0044,0.0060
0.0112,0.0106,0.0154,0.0271,0.0070,0.0266,0.0090,0.0151,0.0079,0.0077,0.0056,0.0158,0.0080,0.0062,0.0881,0.0002,0.0131,0.0207,0.0005,0.0004,0.0138,0.0070,0.0050,0.0067,0.0045,0.0121,0.0052,0.0035,0.0061
0.0521,0.0607,0.0758,0.9759,0.0537,0.5625,0.0268,0.0497,0.0238,0.0178,0.0634,0.0090,0.0087,0.0160,0.0006,0.0002,0.0000,0.0005,0.0004,0.0050,0.0001,0.0001,0.0030,0.0016,0.0134,0.0028,0.0025,0.0035,0.0035
0.0382,0.0117,0.0091,0.0149,0.0071,0.0075,0.0136,0.0050,0.0074,0.0047,0.0044,0.0043,0.0068,0.0112,0.0033,0.0153,0.0245,0.0004,0.0050,0.0247,0.0169,0.0000,0.0021,0.0219,0.0074,0.0105,0.0209,0.0111,0.0098
0.0221,0.0077,0.0044,0.0043,0.0045,0.0057,0.0061,0.0054,0.0064,0.0080,0.0078,0.0075,0.0083,0.0123,0.0098,0.0053,0.0785,0.0138,0.0001,0.0169,0.0439,0.0011,0.0003,0.0088,0.0174,0.0085,0.0172,0.0197,0.0093
0.0222,0.0205,0.0083,0.2514,0.0106,0.1638,0.0157,0.0490,0.0431,0.0394,0.0109,0.0224,0.0117,0.1641,0.0035,0.0050,0.0028,0.0070,0.0001,0.0000,0.0011,0.0030,0.0041,0.0002,0.0008,0.0050,0.0032,0.0069,0.0087
0.0212,0.0134,0.0077,0.0452,0.0089,0.0422,0.0110,0.0132,0.0087,0.0193,0.0080,0.0064,0.0056,0.0168,0.0027,0.0119,0.0148,0.0050,0.0030,0.0021,0.0003,0.0041,0.0071,0.0083,0.0003,0.0016,0.0162,0.0072,0.0187
0.0169,0.0098,0.0041,0.0058,0.0075,0.0066,0.0085,0.0096,0.0060,0.0049,0.0052,0.0055,0.0025,0.0055,0.0036,0.0052,0.0136,0.0067,0.0016,0.0219,0.0088,0.0002,0.0083,0.0154,0.0291,0.0005,0.0194,0.0685,0.0913
0.0066,0.0085,0.0059,0.0043,0.0053,0.0115,0.0130,0.0087,0.0197,0.0124,0.0031,0.0068,0.0048,0.0069,0.0033,0.0037,0.0047,0.0045,0.0134,0.0074,0.0174,0.0008,0.0003,0.0291,0.0995,0.0379,0.0008,0.0117,0.0228
0.0162,0.0138,0.0073,0.0083,0.0047,0.0079,0.0075,0.0124,0.0125,0.0088,0.0054,0.0072,0.0041,0.0054,0.0035,0.0055,0.0078,0.0121,0.0028,0.0105,0.0085,0.0050,0.0016,0.0005,0.0379,0.0557,0.0156,0.0012,0.0140
0.0122,0.0082,0.0062,0.0039,0.0048,0.0077,0.0155,0.0069,0.0084,0.0124,0.0052,0.0047,0.0027,0.0015,0.0033,0.0056,0.0084,0.0052,0.0025,0.0209,0.0172,0.0032,0.0162,0.0194,0.0008,0.0156,0.0199,0.1631,0.0015
0.0079,0.0057,0.0052,0.0027,0.0038,0.0055,0.0068,0.0096,0.0127,0.0060,0.0027,0.0036,0.0019,0.0016,0.0027,0.0030,0.0044,0.0035,0.0035,0.0111,0.0197,0.0069,0.0072,0.0685,0.0117,0.0012,0.1631,0.2022,0.0122
0.0070,0.0060,0.0071,0.0027,0.0055,0.0046,0.0113,0.0077,0.0153,0.0070,0.0038,0.0041,0.0021,0.0013,0.0034,0.0046,0.0060,0.0061,0.0035,0.0098,0.0093,0.0087,0.0187,0.0913,0.0228,0.0140,0.0015,0.0122,0.0363
