c1,c2,c3,c4,c5,c6,c7,c8,c9,c10,c11,c12,c13,c14,c15,c16,c17,c18,c19,c20,c21,c22,c23,c24,c25,c26,c27,c28,c29
0.0005,0.0046,0.0001,0.0003,0.0028,0.0007,0.0067,0.0029,0.0077,0.0505,0.0047,0.0753,0.0055,0.0379,0.0752,0.0442,0.0114,0.0184,0.0070,0.0150,0.0342,0.0076,0.0191,0.0112,0.0256,0.0100,0.0113,0.0021,0.0022
0.0046,0.0441,0.0235,0.0000,0.0019,0.0002,0.0028,0.0020,0.0047,0.0249,0.0065,0.0499,0.0054,0.0663,0.2935,0.0332,0.0103,0.0122,0.0046,0.0134,0.0123,0.0121,0.0080,0.0082,0.0056,0.0048,0.0055,0.0023,0.0023
0.0001,0.0235,0.0645,0.0014,0.0001,0.0001,0.0035,0.0006,0.0070,0.0299,0.0197,0.8583,0.0112,0.5374,0.6181,0.0336,0.0127,0.0106,0.0054,0.0071,0.0055,0.0040,0.0035,0.0024,0.0035,0.0025,0.0025,0.0014,0.0015
0.0003,0.0000,0.0014,0.0012,0.0030,0.0000,0.0011,0.0001,0.0002,0.0174,0.0120,0.3554,0.9996,0.3725,0.9687,0.2524,0.0200,0.0092,0.0699,0.0203,0.0069,0.0059,0.0029,0.0027,0.0027,0.0018,0.0030,0.0013,0.0014
0.0028,0.0019,0.0001,0.0030,0.0243,0.0003,0.0005,0.0009,0.0015,0.8847,0.0830,0.9847,0.0095,0.0158,0.0130,0.0065,0.0060,0.0054,0.0050,0.0065,0.0083,0.0058,0.0052,0.0041,0.0055,0.0035,0.0040,0.0028,0.0050
0.0007,0.0002,0.0001,0.0000,0.0003,0.0058,0.0039,0.0000,0.0001,0.0270,0.1531,0.1072,0.4487,0.0223,0.0356,0.0298,0.0200,0.0184,0.0691,0.0370,0.0166,0.0515,0.0230,0.0166,0.0165,0.0126,0.0343,0.0094,0.1336
0.0067,0.0028,0.0035,0.0011,0.0005,0.0039,0.1112,0.0056,0.0000,0.0472,0.0052,0.0125,0.0270,0.0087,0.0070,0.0158,0.0175,0.0185,0.0501,0.0457,0.0117,0.0087,0.0137,0.0047,0.0076,0.0032,0.0053,0.0053,0.0165
0.0029,0.0020,0.0006,0.0001,0.0009,0.0000,0.0056,0.0688,0.0004,0.0092,0.0157,0.0038,0.0018,0.0046,0.0048,0.0069,0.0100,0.0114,0.0092,0.0795,0.0358,0.1036,0.0322,0.0771,0.0366,0.0098,0.0218,0.0277,0.2443
0.0077,0.0047,0.0070,0.0002,0.0015,0.0001,0.0000,0.0004,0.0135,0.0045,0.0017,0.0013,0.0058,0.0029,0.0214,0.0036,0.0039,0.0085,0.0260,0.0600,0.0534,0.0396,0.0323,0.0491,0.0687,0.0357,0.0302,0.0179,0.6992
0.0505,0.0249,0.0299,0.0174,0.8847,0.0270,0.0472,0.0092,0.0045,0.7175,0.0667,0.0002,0.0000,0.0014,0.0009,0.0065,0.0052,0.0031,0.0013,0.0032,0.0048,0.0042,0.0073,0.0029,0.0048,0.0027,0.0023,0.0019,0.0054
0.0047,0.0065,0.0197,0.0120,0.0830,0.1531,0.0052,0.0157,0.0017,0.0667,0.0097,0.2546,0.0000,0.0037,0.0021,0.0073,0.0573,0.0045,0.0087,0.0067,0.0123,0.0065,0.0037,0.0060,0.0034,0.0031,0.0026,0.0009,0.0043
0.0753,0.0499,0.8583,0.3554,0.9847,0.1072,0.0125,0.0038,0.0013,0.0002,0.2546,0.0152,0.0001,0.0001,0.0002,0.0006,0.0041,0.0033,0.0027,0.0026,0.0028,0.0048,0.0027,0.0032,0.0051,0.0030,0.0032,0.0017,0.0021
0.0055,0.0054,0.0112,0.9996,0.0095,0.4487,0.0270,0.0018,0.0058,0.0000,0.0000,0.0001,0.0014,0.0012,0.0000,0.0005,0.2062,0.0290,0.9908,0.0482,0.0110,0.0133,0.0051,0.0025,0.0072,0.0023,0.0034,0.0021,0.0131
0.0379,0.0663,0.5374,0.3725,0.0158,0.0223,0.0087,0.0046,0.0029,0.0014,0.0037,0.0001,0.0012,0.0045,0.0088,0.0010,0.5739,0.0009,0.0068,0.0085,0.0037,0.0041,0.0043,0.0035,0.0067,0.0026,0.0024,0.0023,0.0028
0.0752,0.2935,0.6181,0.9687,0.0130,0.0356,0.0070,0.0048,0.0214,0.0009,0.0021,0.0002,0.0000,0.0088,0.0129,0.0602,0.0001,0.0011,0.0030,0.0036,0.0054,0.0041,0.0049,0.0062,0.0114,0.0044,0.0038,0.0031,0.0024
0.0442,0.0332,0.0336,0.2524,0.0065,0.0298,0.0158,0.0069,0.0036,0.0065,0.0073,0.0006,0.0005,0.0010,0.0602,0.0685,0.0198,0.0002,0.0006,0.0012,0.0033,0.0060,0.0140,0.0055,0.0132,0.0059,0.0060,0.0030,0.0085
0.0114,0.0103,0.0127,0.0200,0.0060,0.0200,0.0175,0.0100,0.0039,0.0052,0.0573,0.0041,0.2062,0.5739,0.0001,0.0198,0.0227,0.0086,0.0000,0.0003,0.0033,0.0034,0.0111,0.0054,0.0044,0.0044,0.0044,0.0049,0.0101
0.0184,0.0122,0.0106,0.0092,0.0054,0.0184,0.0185,0.0114,0.0085,0.0031,0.0045,0.0033,0.0290,0.0009,0.0011,0.0002,0.0086,0.1019,0.0134,0.0002,0.0020,0.0044,0.0307,0.0113,0.0163,0.0125,0.0097,0.0092,0.0259
0.0070,0.0046,0.0054,0.0699,0.0050,0.0691,0.0501,0.0092,0.0260,0.0013,0.0087,0.0027,0.9908,0.0068,0.0030,0.0006,0.0000,0.0134,0.0095,0.0086,0.0002,0.0004,0.0055,0.0013,0.0121,0.0062,0.0126,0.0077,0.0230
0.0150,0.0134,0.0071,0.0203,0.0065,0.0370,0.0457,0.0795,0.0600,0.0032,0.0067,0.0026,0.0482,0.0085,0.0036,0.0012,0.0003,0.0002,0.0086,0.0232,0.0088,0.0001,0.0004,0.0015,0.0055,0.0153,0.0258,0.0240,0.0485
0.0342,0.0123,0.0055,0.0069,0.0083,0.0166,0.0117,0.0358,0.0534,0.0048,0.0123,0.0028,0.0110,0.0037,0.0054,0.0033,0.0033,0.0020,0.0002,0.0088,0.0132,0.0010,0.0002,0.0014,0.0061,0.0104,0.0748,0.1520,0.0210
0.0076,0.0121,0.0040,0.0059,0.0058,0.0515,0.0087,0.1036,0.0396,0.0042,0.0065,0.0048,0.0133,0.0041,0.0041,0.0060,0.0034,0.0044,0.0004,0.0001,0.0010,0.0164,0.0056,0.0003,0.0014,0.0098,0.0734,0.3892,0.0766
0.0191,0.0080,0.0035,0.0029,0.0052,0.0230,0.0137,0.0322,0.0323,0.0073,0.0037,0.0027,0.0051,0.0043,0.0049,0.0140,0.0111,0.0307,0.0055,0.0004,0.0002,0.0056,0.0121,0.0019,0.0002,0.0139,0.0646,0.1070,0.0282
0.0112,0.0082,0.0024,0.0027,0.0041,0.0166,0.0047,0.0771,0.0491,0.0029,0.0060,0.0032,0.0025,0.0035,0.0062,0.0055,0.0054,0.0113,0.0013,0.0015,0.0014,0.0003,0.0019,0.0257,0.0574,0.0033,0.0360,0.3671,0.0440
0.0256,0.0056,0.0035,0.0027,0.0055,0.0165,0.0076,0.0366,0.0687,0.0048,0.0034,0.0051,0.0072,0.0067,0.0114,0.0132,0.0044,0.0163,0.0121,0.0055,0.0061,0.0014,0.0002,0.0574,0.0424,0.0983,0.0002,0.0040,0.0016
0.0100,0.0048,0.0025,0.0018,0.0035,0.0126,0.0032,0.0098,0.0357,0.0027,0.0031,0.0030,0.0023,0.0026,0.0044,0.0059,0.0044,0.0125,0.0062,0.0153,0.0104,0.0098,0.0139,0.0033,0.0983,0.0882,0.0354,0.0029,0.0047
0.0113,0.0055,0.0025,0.0030,0.0040,0.0343,0.0053,0.0218,0.0302,0.0023,0.0026,0.0032,0.0034,0.0024,0.0038,0.0060,0.0044,0.0097,0.0126,0.0258,0.0748,0.0734,0.0646,0.0360,0.0002,0.0354,0.0156,0.0120,0.0000
0.0021,0.0023,0.0014,0.0013,0.0028,0.0094,0.0053,0.0277,0.0179,0.0019,0.0009,0.0017,0.0021,0.0023,0.0031,0.0030,0.0049,0.0092,0.0077,0.0240,0.1520,0.3892,0.1070,0.3671,0.0040,0.0029,0.0120,0.0395,0.0002
0.0022,0.0023,0.0015,0.0014,0.0050,0.1336,0.0165,0.2443,0.6992,0.0054,0.0043,0.0021,0.0131,0.0028,0.0024,0.0085,0.0101,0.0259,0.0230,0.0485,0.0210,0.0766,0.0282,0.0440,0.0016,0.0047,0.0000,0.0002,0.0001
