c1,c2,c3,c4,c5,c6,c7,c8,c9,c10,c11,c12,c13,c14,c15,c16,c17,c18,c19,c20,c21,c22,c23,c24,c25,c26,c27,c28,c29
0.0002,0.0076,0.0004,0.0008,0.0039,0.0008,0.0040,0.0033,0.0063,0.0393,0.0047,0.0728,0.0050,0.0575,0.0532,0.0632,0.0209,0.0104,0.0089,0.0136,0.0136,0.0067,0.0095,0.0129,0.0092,0.0093,0.0130,0.0046,0.0017
0.0076,0.0451,0.0279,0.0000,0.0016,0.0001,0.0020,0.0024,0.0030,0.0181,0.0078,0.0564,0.0061,0.0714,0.1408,0.0614,0.0151,0.0086,0.0049,0.0093,0.0101,0.0121,0.0086,0.0113,0.0067,0.0096,0.0064,0.0037,0.0019
0.0004,0.0279,0.0286,0.0015,0.0000,0.0001,0.0020,0.0005,0.0043,0.0231,0.0157,0.9651,0.0077,0.6046,0.1468,0.0426,0.0165,0.0125,0.0079,0.0075,0.0060,0.0032,0.0052,0.0038,0.0048,0.0051,0.0037,0.0021,0.0013
0.0008,0.0000,0.0015,0.0007,0.0074,0.0000,0.0004,0.0003,0.0002,0.0119,0.0093,0.3453,0.9980,0.1729,0.5963,0.5170,0.0226,0.0105,0.1972,0.0227,0.0113,0.0206,0.0046,0.0038,0.0036,0.0026,0.0025,0.0026,0.0016
0.0039,0.0016,0.0000,0.0074,0.0418,0.0004,0.0003,0.0006,0.0008,0.7267,0.1174,0.9912,0.0105,0.0242,0.0068,0.0084,0.0104,0.0059,0.0064,0.0059,0.0054,0.0052,0.0049,0.0046,0.0048,0.0041,0.0047,0.0045,0.0033
0.0008,0.0001,0.0001,0.0000,0.0004,0.0070,0.0022,0.0000,0.0002,0.0356,0.1287,0.0832,0.2147,0.0347,0.0303,0.0273,0.0172,0.0241,0.0432,0.0312,0.0269,0.0763,0.0227,0.0228,0.0147,0.0194,0.0286,0.0201,0.3277
0.0040,0.0020,0.0020,0.0004,0.0003,0.0022,0.1010,0.0824,0.0000,0.0288,0.0073,0.0094,0.0154,0.0070,0.0032,0.0087,0.0101,0.0128,0.0216,0.0239,0.0180,0.0238,0.0132,0.0165,0.0096,0.0092,0.0109,0.0157,0.0577
0.0033,0.0024,0.0005,0.0003,0.0006,0.0000,0.0824,0.2666,0.0007,0.0056,0.0057,0.0013,0.0033,0.0041,0.0030,0.0045,0.0112,0.0089,0.0161,0.0313,0.0186,0.0497,0.0179,0.0525,0.0130,0.0243,0.0305,0.0184,0.2518
0.0063,0.0030,0.0043,0.0002,0.0008,0.0002,0.0000,0.0007,0.0026,0.0088,0.0015,0.0011,0.0089,0.0035,0.0184,0.0050,0.0066,0.0145,0.0220,0.0379,0.0691,0.0690,0.0217,0.0682,0.0477,0.0415,0.0307,0.0240,0.8871
0.0393,0.0181,0.0231,0.0119,0.7267,0.0356,0.0288,0.0056,0.0088,0.7183,0.0355,0.0001,0.0000,0.0006,0.0003,0.0058,0.0062,0.0040,0.0021,0.0050,0.0097,0.0107,0.0112,0.0053,0.0045,0.0042,0.0056,0.0024,0.0151
0.0047,0.0078,0.0157,0.0093,0.1174,0.1287,0.0073,0.0057,0.0015,0.0355,0.0102,0.3209,0.0000,0.0050,0.0008,0.0036,0.0158,0.0116,0.0079,0.0065,0.0121,0.0098,0.0050,0.0067,0.0036,0.0052,0.0066,0.0018,0.0071
0.0728,0.0564,0.9651,0.3453,0.9912,0.0832,0.0094,0.0013,0.0011,0.0001,0.3209,0.0113,0.0001,0.0001,0.0001,0.0007,0.0029,0.0043,0.0027,0.0033,0.0035,0.0039,0.0027,0.0037,0.0048,0.0036,0.0035,0.0020,0.0019
0.0050,0.0061,0.0077,0.9980,0.0105,0.2147,0.0154,0.0033,0.0089,0.0000,0.0000,0.0001,0.0024,0.0012,0.0000,0.0005,0.0158,0.2702,0.9983,0.0820,0.0174,0.0591,0.0054,0.0032,0.0048,0.0021,0.0012,0.0021,0.0046
0.0575,0.0714,0.6046,0.1729,0.0242,0.0347,0.0070,0.0041,0.0035,0.0006,0.0050,0.0001,0.0012,0.0067,0.0371,0.0002,0.0056,0.0524,0.0172,0.0132,0.0055,0.0039,0.0067,0.0050,0.0047,0.0028,0.0018,0.0013,0.0012
0.0532,0.1408,0.1468,0.5963,0.0068,0.0303,0.0032,0.0030,0.0184,0.0003,0.0008,0.0001,0.0000,0.0371,0.0033,0.1851,0.0078,0.3892,0.0307,0.0129,0.0131,0.0011,0.0021,0.0035,0.0036,0.0029,0.0025,0.0013,0.0007
0.0632,0.0614,0.0426,0.5170,0.0084,0.0273,0.0087,0.0045,0.0050,0.0058,0.0036,0.0007,0.0005,0.0002,0.1851,0.0470,0.0136,0.0001,0.0010,0.0021,0.0046,0.0125,0.0136,0.0067,0.0089,0.0077,0.0039,0.0026,0.0064
0.0209,0.0151,0.0165,0.0226,0.0104,0.0172,0.0101,0.0112,0.0066,0.0062,0.0158,0.0029,0.0158,0.0056,0.0078,0.0136,0.0134,0.0139,0.0000,0.0011,0.0066,0.0082,0.0148,0.0060,0.0056,0.0056,0.0042,0.0039,0.0071
0.0104,0.0086,0.0125,0.0105,0.0059,0.0241,0.0128,0.0089,0.0145,0.0040,0.0116,0.0043,0.2702,0.0524,0.3892,0.0001,0.0139,0.0072,0.0007,0.0001,0.0008,0.0041,0.0095,0.0077,0.0067,0.0070,0.0048,0.0063,0.0091
0.0089,0.0049,0.0079,0.1972,0.0064,0.0432,0.0216,0.0161,0.0220,0.0021,0.0079,0.0027,0.9983,0.0172,0.0307,0.0010,0.0000,0.0007,0.0020,0.0078,0.0001,0.0002,0.0061,0.0018,0.0136,0.0043,0.0038,0.0132,0.0140
0.0136,0.0093,0.0075,0.0227,0.0059,0.0312,0.0239,0.0313,0.0379,0.0050,0.0065,0.0033,0.0820,0.0132,0.0129,0.0021,0.0011,0.0001,0.0078,0.0404,0.0174,0.0001,0.0006,0.0022,0.0063,0.0180,0.0120,0.0179,0.0176
0.0136,0.0101,0.0060,0.0113,0.0054,0.0269,0.0180,0.0186,0.0691,0.0097,0.0121,0.0035,0.0174,0.0055,0.0131,0.0046,0.0066,0.0008,0.0001,0.0174,0.0166,0.0013,0.0003,0.0008,0.0060,0.0126,0.0149,0.1346,0.0142
0.0067,0.0121,0.0032,0.0206,0.0052,0.0763,0.0238,0.0497,0.0690,0.0107,0.0098,0.0039,0.0591,0.0039,0.0011,0.0125,0.0082,0.0041,0.0002,0.0001,0.0013,0.0122,0.0062,0.0001,0.0003,0.0134,0.0342,0.2345,0.0795
0.0095,0.0086,0.0052,0.0046,0.0049,0.0227,0.0132,0.0179,0.0217,0.0112,0.0050,0.0027,0.0054,0.0067,0.0021,0.0136,0.0148,0.0095,0.0061,0.0006,0.0003,0.0062,0.0133,0.0020,0.0002,0.0046,0.0439,0.3334,0.0535
0.0129,0.0113,0.0038,0.0038,0.0046,0.0228,0.0165,0.0525,0.0682,0.0053,0.0067,0.0037,0.0032,0.0050,0.0035,0.0067,0.0060,0.0077,0.0018,0.0022,0.0008,0.0001,0.0020,0.0139,0.0196,0.0014,0.0580,0.0951,0.0746
0.0092,0.0067,0.0048,0.0036,0.0048,0.0147,0.0096,0.0130,0.0477,0.0045,0.0036,0.0048,0.0048,0.0047,0.0036,0.0089,0.0056,0.0067,0.0136,0.0063,0.0060,0.0003,0.0002,0.0196,0.0554,0.1022,0.0042,0.0293,0.0107
0.0093,0.0096,0.0051,0.0026,0.0041,0.0194,0.0092,0.0243,0.0415,0.0042,0.0052,0.0036,0.0021,0.0028,0.0029,0.0077,0.0056,0.0070,0.0043,0.0180,0.0126,0.0134,0.0046,0.0014,0.1022,0.0634,0.0438,0.0004,0.0014
0.0130,0.0064,0.0037,0.0025,0.0047,0.0286,0.0109,0.0305,0.0307,0.0056,0.0066,0.0035,0.0012,0.0018,0.0025,0.0039,0.0042,0.0048,0.0038,0.0120,0.0149,0.0342,0.0439,0.0580,0.0042,0.0438,0.0087,0.0094,0.0001
0.0046,0.0037,0.0021,0.0026,0.0045,0.0201,0.0157,0.0184,0.0240,0.0024,0.0018,0.0020,0.0021,0.0013,0.0013,0.0026,0.0039,0.0063,0.0132,0.0179,0.1346,0.2345,0.3334,0.0951,0.0293,0.0004,0.0094,0.0076,0.0001
0.0017,0.0019,0.0013,0.0016,0.0033,0.3277,0.0577,0.2518,0.8871,0.0151,0.0071,0.0019,0.0046,0.0012,0.0007,0.0064,0.0071,0.0091,0.0140,0.0176,0.0142,0.0795,0.0535,0.0746,0.0107,0.0014,0.0001,0.0001,0.0001
