c1,c2,c3,c4,c5,c6,c7,c8,c9,c10,c11,c12,c13,c14,c15,c16,c17,c18,c19,c20,c21,c22,c23,c24,c25,c26,c27,c28,c29
0.0000,0.0075,0.0001,0.0001,0.0016,0.0005,0.0060,0.0054,0.0067,0.0738,0.0081,0.0261,0.0124,0.0100,0.0332,0.1964,0.0579,0.0148,0.0452,0.0287,0.0256,0.0091,0.0186,0.0109,0.0054,0.0148,0.0113,0.0055,0.0057
0.0075,0.0534,0.0091,0.0000,0.0004,0.0003,0.0016,0.0022,0.0020,0.0091,0.0035,0.0343,0.0162,0.0403,0.2752,0.3938,0.0324,0.0108,0.0203,0.0120,0.0092,0.0088,0.0116,0.0057,0.0026,0.0059,0.0054,0.0045,0.0038
0.0001,0.0091,0.0162,0.0002,0.0000,0.0002,0.0051,0.0012,0.0031,0.0187,0.0103,0.6716,0.0551,0.3187,0.3066,0.2658,0.0233,0.0100,0.0214,0.0076,0.0070,0.0105,0.0060,0.0032,0.0028,0.0045,0.0045,0.0034,0.0038
0.0001,0.0000,0.0002,0.0001,0.0000,0.0000,0.0002,0.0003,0.0003,0.0118,0.0137,0.0824,0.9993,0.9584,0.8332,0.8978,0.0236,0.0276,0.6642,0.0052,0.0030,0.0658,0.0307,0.0020,0.0037,0.0097,0.0029,0.0017,0.0014
0.0016,0.0004,0.0000,0.0000,0.0006,0.0001,0.0002,0.0008,0.0007,0.3923,0.2678,0.9077,0.5348,0.4873,0.1007,0.0961,0.0129,0.0181,0.0716,0.0075,0.0066,0.0176,0.0070,0.0039,0.0057,0.0039,0.0041,0.0029,0.0027
0.0005,0.0003,0.0002,0.0000,0.0001,0.0018,0.0019,0.0004,0.0011,0.0743,0.5312,0.2399,0.5194,0.1690,0.0095,0.0092,0.0037,0.0218,0.0278,0.0057,0.0111,0.0714,0.0128,0.0071,0.0423,0.0262,0.0106,0.0075,0.0152
0.0060,0.0016,0.0051,0.0002,0.0002,0.0019,0.0237,0.1178,0.0020,0.0105,0.1215,0.0197,0.0164,0.0050,0.0020,0.0041,0.0049,0.0076,0.0082,0.0064,0.0108,0.0147,0.0111,0.0088,0.0188,0.0112,0.0081,0.0077,0.0251
0.0054,0.0022,0.0012,0.0003,0.0008,0.0004,0.1178,0.0530,0.0029,0.0036,0.0561,0.0095,0.0023,0.0064,0.0016,0.0025,0.0046,0.0140,0.0042,0.0067,0.0301,0.0262,0.0102,0.0218,0.0719,0.0323,0.0096,0.0092,0.0232
0.0067,0.0020,0.0031,0.0003,0.0007,0.0011,0.0020,0.0029,0.0159,0.0032,0.0052,0.0017,0.0148,0.0128,0.0103,0.0018,0.0030,0.0187,0.0059,0.0056,0.0299,0.0532,0.0132,0.0137,0.3181,0.0531,0.0145,0.0103,0.0239
0.0738,0.0091,0.0187,0.0118,0.3923,0.0743,0.0105,0.0036,0.0032,0.0938,0.1806,0.0000,0.0000,0.0014,0.0004,0.0029,0.0033,0.0105,0.0022,0.0021,0.0129,0.0146,0.0086,0.0070,0.0254,0.0060,0.0073,0.0069,0.0106
0.0081,0.0035,0.0103,0.0137,0.2678,0.5312,0.1215,0.0561,0.0052,0.1806,0.0023,0.1145,0.0000,0.0003,0.0003,0.0007,0.0030,0.0157,0.0041,0.0032,0.0095,0.0054,0.0035,0.0037,0.0095,0.0031,0.0036,0.0037,0.0046
0.0261,0.0343,0.6716,0.0824,0.9077,0.2399,0.0197,0.0095,0.0017,0.0000,0.1145,0.0465,0.0007,0.0001,0.0002,0.0006,0.0018,0.0069,0.0039,0.0024,0.0045,0.0065,0.0020,0.0040,0.0074,0.0027,0.0035,0.0029,0.0034
0.0124,0.0162,0.0551,0.9993,0.5348,0.5194,0.0164,0.0023,0.0148,0.0000,0.0000,0.0007,0.0064,0.0004,0.0001,0.0004,0.0015,0.0449,0.1570,0.0025,0.0049,0.0542,0.0037,0.0017,0.0089,0.0024,0.0022,0.0021,0.0022
0.0100,0.0403,0.3187,0.9584,0.4873,0.1690,0.0050,0.0064,0.0128,0.0014,0.0003,0.0001,0.0004,0.0023,0.0312,0.0001,0.0008,0.0251,0.0613,0.0080,0.0045,0.0146,0.0027,0.0017,0.0074,0.0021,0.0018,0.0012,0.0018
0.0332,0.2752,0.3066,0.8332,0.1007,0.0095,0.0020,0.0016,0.0103,0.0004,0.0003,0.0002,0.0001,0.0312,0.0035,0.0107,0.0121,0.0379,0.0063,0.0024,0.0056,0.0056,0.0036,0.0044,0.0048,0.0037,0.0039,0.0049,0.0022
0.1964,0.3938,0.2658,0.8978,0.0961,0.0092,0.0041,0.0025,0.0018,0.0029,0.0007,0.0006,0.0004,0.0001,0.0107,0.0149,0.0173,0.0001,0.0041,0.0224,0.0021,0.0068,0.0120,0.0054,0.0045,0.0064,0.0053,0.0041,0.0027
0.0579,0.0324,0.0233,0.0236,0.0129,0.0037,0.0049,0.0046,0.0030,0.0033,0.0030,0.0018,0.0015,0.0008,0.0121,0.0173,0.0129,0.0052,0.0006,0.0547,0.1200,0.0047,0.0095,0.0146,0.0053,0.0050,0.0042,0.0051,0.0033
0.0148,0.0108,0.0100,0.0276,0.0181,0.0218,0.0076,0.0140,0.0187,0.0105,0.0157,0.0069,0.0449,0.0251,0.0379,0.0001,0.0052,0.0058,0.0002,0.0005,0.0123,0.0347,0.0021,0.0041,0.0224,0.0094,0.0025,0.0031,0.0034
0.0452,0.0203,0.0214,0.6642,0.0716,0.0278,0.0082,0.0042,0.0059,0.0022,0.0041,0.0039,0.1570,0.0613,0.0063,0.0041,0.0006,0.0002,0.0006,0.0101,0.0001,0.0002,0.0564,0.0044,0.0084,0.0182,0.0084,0.0043,0.0020
0.0287,0.0120,0.0076,0.0052,0.0075,0.0057,0.0064,0.0067,0.0056,0.0021,0.0032,0.0024,0.0025,0.0080,0.0024,0.0224,0.0547,0.0005,0.0101,0.0508,0.0098,0.0001,0.0071,0.1487,0.0040,0.0179,0.0140,0.0155,0.0062
0.0256,0.0092,0.0070,0.0030,0.0066,0.0111,0.0108,0.0301,0.0299,0.0129,0.0095,0.0045,0.0049,0.0045,0.0056,0.0021,0.1200,0.0123,0.0001,0.0098,0.0069,0.0013,0.0003,0.0089,0.0249,0.0250,0.0087,0.0084,0.0059
0.0091,0.0088,0.0105,0.0658,0.0176,0.0714,0.0147,0.0262,0.0532,0.0146,0.0054,0.0065,0.0542,0.0146,0.0056,0.0068,0.0047,0.0347,0.0002,0.0001,0.0013,0.0044,0.0063,0.0003,0.0004,0.0105,0.0028,0.0263,0.0127
0.0186,0.0116,0.0060,0.0307,0.0070,0.0128,0.0111,0.0102,0.0132,0.0086,0.0035,0.0020,0.0037,0.0027,0.0036,0.0120,0.0095,0.0021,0.0564,0.0071,0.0003,0.0063,0.0387,0.0126,0.0001,0.0157,0.0473,0.0090,0.0096
0.0109,0.0057,0.0032,0.0020,0.0039,0.0071,0.0088,0.0218,0.0137,0.0070,0.0037,0.0040,0.0017,0.0017,0.0044,0.0054,0.0146,0.0041,0.0044,0.1487,0.0089,0.0003,0.0126,0.0448,0.0024,0.0002,0.0324,0.2866,0.0493
0.0054,0.0026,0.0028,0.0037,0.0057,0.0423,0.0188,0.0719,0.3181,0.0254,0.0095,0.0074,0.0089,0.0074,0.0048,0.0045,0.0053,0.0224,0.0084,0.0040,0.0249,0.0004,0.0001,0.0024,0.0684,0.0011,0.0009,0.0023,0.0818
0.0148,0.0059,0.0045,0.0097,0.0039,0.0262,0.0112,0.0323,0.0531,0.0060,0.0031,0.0027,0.0024,0.0021,0.0037,0.0064,0.0050,0.0094,0.0182,0.0179,0.0250,0.0105,0.0157,0.0002,0.0011,0.0030,0.0854,0.0015,0.0165
0.0113,0.0054,0.0045,0.0029,0.0041,0.0106,0.0081,0.0096,0.0145,0.0073,0.0036,0.0035,0.0022,0.0018,0.0039,0.0053,0.0042,0.0025,0.0084,0.0140,0.0087,0.0028,0.0473,0.0324,0.0009,0.0854,0.0842,0.0431,0.0011
0.0055,0.0045,0.0034,0.0017,0.0029,0.0075,0.0077,0.0092,0.0103,0.0069,0.0037,0.0029,0.0021,0.0012,0.0049,0.0041,0.0051,0.0031,0.0043,0.0155,0.0084,0.0263,0.0090,0.2866,0.0023,0.0015,0.0431,0.1105,0.0383
0.0057,0.0038,0.0038,0.0014,0.0027,0.0152,0.0251,0.0232,0.0239,0.0106,0.0046,0.0034,0.0022,0.0018,0.0022,0.0027,0.0033,0.0034,0.0020,0.0062,0.0059,0.0127,0.0096,0.0493,0.0818,0.0165,0.0011,0.0383,0.0614
