c1,c2,c3,c4,c5,c6,c7,c8,c9,c10,c11,c12,c13,c14,c15,c16,c17,c18,c19,c20,c21,c22,c23,c24,c25,c26,c27,c28,c29
0.0004,0.0095,0.0003,0.0006,0.0060,0.0011,0.0075,0.0048,0.0070,0.0693,0.0062,0.0708,0.0051,0.0261,0.0301,0.0623,0.0241,0.0071,0.0151,0.0129,0.0106,0.0061,0.0067,0.0088,0.0084,0.0068,0.0096,0.0041,0.0022
0.0095,0.0433,0.0302,0.0000,0.0019,0.0002,0.0034,0.0027,0.0037,0.0196,0.0089,0.0564,0.0044,0.0480,0.1164,0.0787,0.0168,0.0068,0.0055,0.0067,0.0077,0.0097,0.0070,0.0083,0.0051,0.0071,0.0069,0.0035,0.0026
0.0003,0.0302,0.0354,0.0007,0.0001,0.0002,0.0054,0.0008,0.0051,0.0452,0.0190,0.9254,0.0053,0.4518,0.1496,0.0388,0.0168,0.0079,0.0059,0.0061,0.0049,0.0032,0.0038,0.0038,0.0036,0.0049,0.0041,0.0022,0.0019
0.0006,0.0000,0.0007,0.0005,0.0072,0.0000,0.0004,0.0003,0.0004,0.0199,0.0155,0.2827,0.9989,0.4273,0.8089,0.7455,0.0154,0.0065,0.1197,0.0073,0.0032,0.0205,0.0056,0.0040,0.0026,0.0030,0.0021,0.0016,0.0014
0.0060,0.0019,0.0001,0.0072,0.0355,0.0008,0.0003,0.0006,0.0015,0.7510,0.0957,0.9539,0.0146,0.0335,0.0062,0.0076,0.0081,0.0056,0.0061,0.0051,0.0040,0.0047,0.0039,0.0046,0.0049,0.0041,0.0049,0.0034,0.0049
0.0011,0.0002,0.0002,0.0000,0.0008,0.0046,0.0026,0.0000,0.0002,0.1026,0.2074,0.0911,0.1843,0.0977,0.0316,0.0341,0.0119,0.0198,0.0155,0.0134,0.0121,0.0402,0.0128,0.0138,0.0118,0.0226,0.0158,0.0131,0.1747
0.0075,0.0034,0.0054,0.0004,0.0003,0.0026,0.0327,0.0403,0.0000,0.0366,0.0116,0.0118,0.0151,0.0095,0.0045,0.0084,0.0097,0.0101,0.0067,0.0144,0.0122,0.0172,0.0118,0.0146,0.0123,0.0135,0.0149,0.0160,0.0590
0.0048,0.0027,0.0008,0.0003,0.0006,0.0000,0.0403,0.1070,0.0005,0.0046,0.0082,0.0021,0.0036,0.0050,0.0039,0.0050,0.0086,0.0095,0.0095,0.0211,0.0179,0.0357,0.0197,0.0419,0.0213,0.0378,0.0281,0.0263,0.1967
0.0070,0.0037,0.0051,0.0004,0.0015,0.0002,0.0000,0.0005,0.0008,0.0188,0.0020,0.0014,0.0090,0.0055,0.0178,0.0074,0.0063,0.0207,0.0101,0.0127,0.0362,0.0677,0.0190,0.0364,0.0680,0.0654,0.0323,0.0311,0.7876
0.0693,0.0196,0.0452,0.0199,0.7510,0.1026,0.0366,0.0046,0.0188,0.4943,0.0785,0.0001,0.0000,0.0003,0.0002,0.0047,0.0053,0.0039,0.0011,0.0029,0.0056,0.0095,0.0069,0.0054,0.0047,0.0030,0.0042,0.0036,0.0108
0.0062,0.0089,0.0190,0.0155,0.0957,0.2074,0.0116,0.0082,0.0020,0.0785,0.0064,0.2080,0.0000,0.0037,0.0006,0.0022,0.0070,0.0097,0.0071,0.0047,0.0083,0.0135,0.0038,0.0054,0.0035,0.0046,0.0051,0.0023,0.0062
0.0708,0.0564,0.9254,0.2827,0.9539,0.0911,0.0118,0.0021,0.0014,0.0001,0.2080,0.0108,0.0002,0.0001,0.0001,0.0007,0.0022,0.0059,0.0021,0.0029,0.0031,0.0044,0.0024,0.0048,0.0055,0.0037,0.0039,0.0025,0.0025
0.0051,0.0044,0.0053,0.9989,0.0146,0.1843,0.0151,0.0036,0.0090,0.0000,0.0000,0.0002,0.0005,0.0010,0.0000,0.0003,0.0017,0.5418,0.9965,0.0193,0.0083,0.3580,0.0061,0.0039,0.0078,0.0032,0.0011,0.0023,0.0054
0.0261,0.0480,0.4518,0.4273,0.0335,0.0977,0.0095,0.0050,0.0055,0.0003,0.0037,0.0001,0.0010,0.0035,0.0435,0.0001,0.0012,0.0745,0.0944,0.0131,0.0050,0.0063,0.0045,0.0041,0.0039,0.0026,0.0018,0.0014,0.0020
0.0301,0.1164,0.1496,0.8089,0.0062,0.0316,0.0045,0.0039,0.0178,0.0002,0.0006,0.0001,0.0000,0.0435,0.0012,0.0334,0.0057,0.2080,0.0376,0.0097,0.0118,0.0014,0.0030,0.0064,0.0050,0.0035,0.0032,0.0018,0.0014
0.0623,0.0787,0.0388,0.7455,0.0076,0.0341,0.0084,0.0050,0.0074,0.0047,0.0022,0.0007,0.0003,0.0001,0.0334,0.0281,0.0127,0.0001,0.0014,0.0129,0.0039,0.0144,0.0108,0.0097,0.0066,0.0091,0.0050,0.0043,0.0059
0.0241,0.0168,0.0168,0.0154,0.0081,0.0119,0.0097,0.0086,0.0063,0.0053,0.0070,0.0022,0.0017,0.0012,0.0057,0.0127,0.0161,0.0039,0.0001,0.0087,0.0404,0.0113,0.0173,0.0106,0.0064,0.0075,0.0068,0.0046,0.0078
0.0071,0.0068,0.0079,0.0065,0.0056,0.0198,0.0101,0.0095,0.0207,0.0039,0.0097,0.0059,0.5418,0.0745,0.2080,0.0001,0.0039,0.0050,0.0004,0.0001,0.0019,0.0253,0.0052,0.0097,0.0063,0.0080,0.0062,0.0058,0.0109
0.0151,0.0055,0.0059,0.1197,0.0061,0.0155,0.0067,0.0095,0.0101,0.0011,0.0071,0.0021,0.9965,0.0944,0.0376,0.0014,0.0001,0.0004,0.0012,0.0088,0.0001,0.0002,0.0288,0.0041,0.0139,0.0066,0.0056,0.0123,0.0061
0.0129,0.0067,0.0061,0.0073,0.0051,0.0134,0.0144,0.0211,0.0127,0.0029,0.0047,0.0029,0.0193,0.0131,0.0097,0.0129,0.0087,0.0001,0.0088,0.0374,0.0139,0.0000,0.0019,0.0223,0.0068,0.0160,0.0119,0.0222,0.0192
0.0106,0.0077,0.0049,0.0032,0.0040,0.0121,0.0122,0.0179,0.0362,0.0056,0.0083,0.0031,0.0083,0.0050,0.0118,0.0039,0.0404,0.0019,0.0001,0.0139,0.0181,0.0015,0.0004,0.0042,0.0266,0.0239,0.0234,0.0314,0.0137
0.0061,0.0097,0.0032,0.0205,0.0047,0.0402,0.0172,0.0357,0.0677,0.0095,0.0135,0.0044,0.3580,0.0063,0.0014,0.0144,0.0113,0.0253,0.0002,0.0000,0.0015,0.0064,0.0037,0.0002,0.0005,0.0226,0.0138,0.0583,0.0274
0.0067,0.0070,0.0038,0.0056,0.0039,0.0128,0.0118,0.0197,0.0190,0.0069,0.0038,0.0024,0.0061,0.0045,0.0030,0.0108,0.0173,0.0052,0.0288,0.0019,0.0004,0.0037,0.0128,0.0083,0.0002,0.0073,0.0526,0.1450,0.0324
0.0088,0.0083,0.0038,0.0040,0.0046,0.0138,0.0146,0.0419,0.0364,0.0054,0.0054,0.0048,0.0039,0.0041,0.0064,0.0097,0.0106,0.0097,0.0041,0.0223,0.0042,0.0002,0.0083,0.0144,0.0198,0.0002,0.0069,0.0550,0.0159
0.0084,0.0051,0.0036,0.0026,0.0049,0.0118,0.0123,0.0213,0.0680,0.0047,0.0035,0.0055,0.0078,0.0039,0.0050,0.0066,0.0064,0.0063,0.0139,0.0068,0.0266,0.0005,0.0002,0.0198,0.0640,0.0333,0.0020,0.0079,0.0157
0.0068,0.0071,0.0049,0.0030,0.0041,0.0226,0.0135,0.0378,0.0654,0.0030,0.0046,0.0037,0.0032,0.0026,0.0035,0.0091,0.0075,0.0080,0.0066,0.0160,0.0239,0.0226,0.0073,0.0002,0.0333,0.0338,0.0356,0.0005,0.0016
0.0096,0.0069,0.0041,0.0021,0.0049,0.0158,0.0149,0.0281,0.0323,0.0042,0.0051,0.0039,0.0011,0.0018,0.0032,0.0050,0.0068,0.0062,0.0056,0.0119,0.0234,0.0138,0.0526,0.0069,0.0020,0.0356,0.0290,0.0373,0.0001
0.0041,0.0035,0.0022,0.0016,0.0034,0.0131,0.0160,0.0263,0.0311,0.0036,0.0023,0.0025,0.0023,0.0014,0.0018,0.0043,0.0046,0.0058,0.0123,0.0222,0.0314,0.0583,0.1450,0.0550,0.0079,0.0005,0.0373,0.0325,0.0004
0.0022,0.0026,0.0019,0.0014,0.0049,0.1747,0.0590,0.1967,0.7876,0.0108,0.0062,0.0025,0.0054,0.0020,0.0014,0.0059,0.0078,0.0109,0.0061,0.0192,0.0137,0.0274,0.0324,0.0159,0.0157,0.0016,0.0001,0.0004,0.0002
