c1,c2,c3,c4,c5,c6,c7,c8,c9,c10,c11,c12,c13,c14,c15,c16,c17,c18,c19,c20,c21,c22,c23,c24,c25,c26,c27,c28,c29
0.0285,0.0686,0.0005,0.0001,0.0125,0.0011,0.0178,0.0033,0.0089,0.0456,0.0058,0.5348,0.0263,0.1875,0.0983,0.0647,0.0056,0.0038,0.0107,0.0024,0.0019,0.0015,0.0033,0.0013,0.0015,0.0011,0.0019,0.0048,0.0042
0.0686,0.1224,0.0094,0.0000,0.0069,0.0001,0.0041,0.0009,0.0025,0.0304,0.0052,0.9550,0.1511,0.0492,0.3468,0.0149,0.0035,0.0088,0.0048,0.0025,0.0028,0.0027,0.0018,0.0014,0.0038,0.0016,0.0031,0.0050,0.0071
0.0005,0.0094,0.0370,0.0000,0.0001,0.0000,0.0008,0.0004,0.0035,0.0168,0.0084,1.0000,0.0354,0.8765,0.0346,0.0129,0.0033,0.0070,0.0061,0.0022,0.0025,0.0017,0.0020,0.0021,0.0046,0.0018,0.0038,0.0043,0.0061
0.0001,0.0000,0.0000,0.0000,0.0009,0.0000,0.0000,0.0000,0.0006,0.0082,0.0115,0.0243,1.0000,0.6895,1.0000,0.5797,0.0028,1.0000,0.0147,0.0013,0.0219,0.0072,0.0009,0.0014,0.0082,0.0007,0.0003,0.0022,0.0013
0.0125,0.0069,0.0001,0.0009,0.1937,0.0001,0.0004,0.0002,0.0005,0.9998,0.0127,0.9999,0.0047,0.0018,0.0066,0.0024,0.0017,0.1420,0.0029,0.0011,0.0046,0.0107,0.0019,0.0016,0.0041,0.0018,0.0015,0.0026,0.0056
0.0011,0.0001,0.0000,0.0000,0.0001,0.1279,0.0034,0.0000,0.0060,0.0093,0.0275,0.0683,0.1098,0.0099,0.0233,0.0116,0.0095,0.2407,0.0101,0.0038,0.9404,0.0602,0.0078,0.0034,0.9975,0.0138,0.0036,0.0127,0.0050
0.0178,0.0041,0.0008,0.0000,0.0004,0.0034,0.1929,0.0024,0.0000,0.0148,0.0005,0.0009,0.0024,0.0019,0.0056,0.0088,0.0058,0.6223,0.0217,0.0024,0.0182,0.9999,0.0032,0.0030,0.0283,0.0736,0.0089,0.0191,0.0097
0.0033,0.0009,0.0004,0.0000,0.0002,0.0000,0.0024,0.3919,0.0001,0.0001,0.0003,0.0002,0.0003,0.0012,0.0036,0.0015,0.0031,0.0291,0.0065,0.0041,0.4453,0.9505,0.0221,0.0159,0.9990,0.8094,0.7235,0.1380,0.0139
0.0089,0.0025,0.0035,0.0006,0.0005,0.0060,0.0000,0.0001,0.0001,0.0017,0.0000,0.0002,0.0021,0.0092,0.0226,0.0037,0.0069,0.0503,0.0089,0.0074,0.9990,0.0371,0.0125,0.0074,0.9999,0.0472,0.0996,0.0168,0.0054
0.0456,0.0304,0.0168,0.0082,0.9998,0.0093,0.0148,0.0001,0.0017,0.8839,0.0002,0.0000,0.0000,0.0002,0.0008,0.0053,0.0038,0.0061,0.0095,0.0040,0.0188,0.0171,0.0087,0.0056,0.0682,0.0097,0.0067,0.0207,0.0121
0.0058,0.0052,0.0084,0.0115,0.0127,0.0275,0.0005,0.0003,0.0000,0.0002,0.2000,0.0061,0.0008,0.0008,0.0010,0.0044,0.1641,0.0026,0.0059,0.0257,0.0358,0.0023,0.0087,0.1401,0.2881,0.0305,0.0701,0.0082,0.0241
0.5348,0.9550,1.0000,0.0243,0.9999,0.0683,0.0009,0.0002,0.0002,0.0000,0.0061,0.0936,0.0000,0.0000,0.0001,0.0004,0.0006,0.0030,0.0014,0.0017,0.0059,0.0002,0.0012,0.0041,0.0039,0.0020,0.0010,0.0018,0.0018
0.0263,0.1511,0.0354,1.0000,0.0047,0.1098,0.0024,0.0003,0.0021,0.0000,0.0008,0.0000,0.0124,0.0030,0.0000,0.0002,0.0776,0.7350,0.0032,0.0055,0.6618,0.0010,0.0012,0.0668,0.0211,0.0040,0.0017,0.0017,0.0015
0.1875,0.0492,0.8765,0.6895,0.0018,0.0099,0.0019,0.0012,0.0092,0.0002,0.0008,0.0000,0.0030,0.0334,0.0091,0.0117,0.7114,0.0000,0.0023,0.0262,0.0038,0.0005,0.0130,0.0452,0.0013,0.0014,0.0289,0.0030,0.0052
0.0983,0.3468,0.0346,1.0000,0.0066,0.0233,0.0056,0.0036,0.0226,0.0008,0.0010,0.0001,0.0000,0.0091,0.0193,0.0594,0.0000,0.0002,0.0175,0.0056,0.0015,0.0008,0.0038,0.0099,0.0006,0.0075,0.0070,0.0076,0.0059
0.0647,0.0149,0.0129,0.5797,0.0024,0.0116,0.0088,0.0015,0.0037,0.0053,0.0044,0.0004,0.0002,0.0117,0.0594,0.3640,0.1999,0.0000,0.0232,0.0307,0.0048,0.0013,0.0205,0.0081,0.0007,0.0033,0.0023,0.0066,0.0162
0.0056,0.0035,0.0033,0.0028,0.0017,0.0095,0.0058,0.0031,0.0069,0.0038,0.1641,0.0006,0.0776,0.7114,0.0000,0.1999,0.7184,0.0000,0.0005,0.7842,0.0026,0.0003,0.0276,0.0516,0.0017,0.0015,0.0035,0.0024,0.0203
0.0038,0.0088,0.0070,1.0000,0.1420,0.2407,0.6223,0.0291,0.0503,0.0061,0.0026,0.0030,0.7350,0.0000,0.0002,0.0000,0.0000,0.0194,0.0571,0.0001,0.0000,0.0529,0.0011,0.0057,0.0010,0.0072,0.0011,0.0029,0.0047
0.0107,0.0048,0.0061,0.0147,0.0029,0.0101,0.0217,0.0065,0.0089,0.0095,0.0059,0.0014,0.0032,0.0023,0.0175,0.0232,0.0005,0.0571,0.2560,0.0241,0.0000,0.0028,0.0373,0.0034,0.0036,0.0280,0.0096,0.0136,0.0612
0.0024,0.0025,0.0022,0.0013,0.0011,0.0038,0.0024,0.0041,0.0074,0.0040,0.0257,0.0017,0.0055,0.0262,0.0056,0.0307,0.7842,0.0001,0.0241,0.4795,0.0001,0.0000,0.1816,0.0462,0.0034,0.0239,0.0197,0.0075,0.0529
0.0019,0.0028,0.0025,0.0219,0.0046,0.9404,0.0182,0.4453,0.9990,0.0188,0.0358,0.0059,0.6618,0.0038,0.0015,0.0048,0.0026,0.0000,0.0000,0.0001,0.8517,0.0001,0.0000,0.0009,0.0235,0.0056,0.0079,0.0009,0.0018
0.0015,0.0027,0.0017,0.0072,0.0107,0.0602,0.9999,0.9505,0.0371,0.0171,0.0023,0.0002,0.0010,0.0005,0.0008,0.0013,0.0003,0.0529,0.0028,0.0000,0.0001,0.5120,0.0033,0.0001,0.0000,0.1684,0.0063,0.0772,0.0163
0.0033,0.0018,0.0020,0.0009,0.0019,0.0078,0.0032,0.0221,0.0125,0.0087,0.0087,0.0012,0.0012,0.0130,0.0038,0.0205,0.0276,0.0011,0.0373,0.1816,0.0000,0.0033,0.3971,0.0484,0.0000,0.0114,0.0731,0.1481,0.7948
0.0013,0.0014,0.0021,0.0014,0.0016,0.0034,0.0030,0.0159,0.0074,0.0056,0.1401,0.0041,0.0668,0.0452,0.0099,0.0081,0.0516,0.0057,0.0034,0.0462,0.0009,0.0001,0.0484,0.7864,0.0002,0.0007,0.0442,0.0046,0.0438
0.0015,0.0038,0.0046,0.0082,0.0041,0.9975,0.0283,0.9990,0.9999,0.0682,0.2881,0.0039,0.0211,0.0013,0.0006,0.0007,0.0017,0.0010,0.0036,0.0034,0.0235,0.0000,0.0000,0.0002,0.0705,0.0001,0.0003,0.0001,0.0001
0.0011,0.0016,0.0018,0.0007,0.0018,0.0138,0.0736,0.8094,0.0472,0.0097,0.0305,0.0020,0.0040,0.0014,0.0075,0.0033,0.0015,0.0072,0.0280,0.0239,0.0056,0.1684,0.0114,0.0007,0.0001,0.3063,0.0790,0.0028,0.0002
0.0019,0.0031,0.0038,0.0003,0.0015,0.0036,0.0089,0.7235,0.0996,0.0067,0.0701,0.0010,0.0017,0.0289,0.0070,0.0023,0.0035,0.0011,0.0096,0.0197,0.0079,0.0063,0.0731,0.0442,0.0003,0.0790,0.0031,0.0205,0.0007
0.0048,0.0050,0.0043,0.0022,0.0026,0.0127,0.0191,0.1380,0.0168,0.0207,0.0082,0.0018,0.0017,0.0030,0.0076,0.0066,0.0024,0.0029,0.0136,0.0075,0.0009,0.0772,0.1481,0.0046,0.0001,0.0028,0.0205,0.1701,0.0058
0.0042,0.0071,0.0061,0.0013,0.0056,0.0050,0.0097,0.0139,0.0054,0.0121,0.0241,0.0018,0.0015,0.0052,0.0059,0.0162,0.0203,0.0047,0.0612,0.0529,0.0018,0.0163,0.7948,0.0438,0.0001,0.0002,0.0007,0.0058,0.0206