c1,c2,c3,c4,c5,c6,c7,c8,c9,c10,c11,c12,c13,c14,c15,c16,c17,c18,c19,c20,c21,c22,c23,c24,c25,c26,c27,c28,c29
0.0005,0.0104,0.0003,0.0004,0.0040,0.0014,0.0099,0.0059,0.0191,0.0332,0.0064,0.0133,0.0144,0.0110,0.0083,0.0143,0.0153,0.0159,0.0133,0.0163,0.0156,0.0088,0.0102,0.0138,0.0087,0.0093,0.0084,0.0036,0.0094
0.0104,0.0566,0.0862,0.0001,0.0024,0.0023,0.0039,0.0047,0.0128,0.0341,0.0053,0.0149,0.0102,0.0126,0.0240,0.0153,0.0077,0.0067,0.0050,0.0061,0.0051,0.0056,0.0041,0.0081,0.0045,0.0062,0.0045,0.0035,0.0057
0.0003,0.0862,0.0572,0.0028,0.0002,0.0003,0.0109,0.0035,0.0065,0.0290,0.0165,0.1258,0.0140,0.0327,0.0391,0.0280,0.0108,0.0098,0.0074,0.0066,0.0043,0.0066,0.0063,0.0067,0.0041,0.0046,0.0016,0.0032,0.0044
0.0004,0.0001,0.0028,0.0045,0.0093,0.0000,0.0019,0.0020,0.0025,0.0552,0.0274,0.0511,0.9770,0.0363,0.1861,0.0300,0.0153,0.0135,0.0074,0.0131,0.0043,0.0294,0.0052,0.0155,0.0045,0.0039,0.0026,0.0031,0.0029
0.0040,0.0024,0.0002,0.0093,0.0160,0.0003,0.0002,0.0014,0.0049,0.4567,0.0787,0.3590,0.0439,0.0170,0.0124,0.0048,0.0059,0.0048,0.0043,0.0050,0.0042,0.0074,0.0122,0.0148,0.0078,0.0071,0.0042,0.0033,0.0088
0.0014,0.0023,0.0003,0.0000,0.0003,0.0001,0.0009,0.0000,0.0000,0.0334,0.1766,0.1734,0.0907,0.0353,0.0622,0.0633,0.0130,0.0199,0.0059,0.0151,0.0281,0.0585,0.0251,0.2535,0.0303,0.0474,0.0914,0.0118,0.0151
0.0099,0.0039,0.0109,0.0019,0.0002,0.0009,0.0047,0.0102,0.0000,0.0247,0.0197,0.0167,0.0278,0.0135,0.0094,0.0071,0.0065,0.0074,0.0026,0.0092,0.0098,0.0375,0.0067,0.0501,0.0245,0.0122,0.0080,0.0118,0.0298
0.0059,0.0047,0.0035,0.0020,0.0014,0.0000,0.0102,0.0332,0.0012,0.0007,0.0049,0.0081,0.0043,0.0063,0.0049,0.0053,0.0060,0.0068,0.0159,0.0091,0.0119,0.0241,0.0155,0.0652,0.0203,0.1056,0.0304,0.0202,0.0393
0.0191,0.0128,0.0065,0.0025,0.0049,0.0000,0.0000,0.0012,0.0083,0.0006,0.0010,0.0057,0.0086,0.0056,0.0250,0.0046,0.0042,0.0100,0.0071,0.0122,0.0255,0.0254,0.0174,0.1664,0.0449,0.0930,0.1197,0.0181,0.0142
0.0332,0.0341,0.0290,0.0552,0.4567,0.0334,0.0247,0.0007,0.0006,0.0018,0.0740,0.0001,0.0001,0.0018,0.0005,0.0038,0.0037,0.0058,0.0021,0.0040,0.0091,0.0104,0.0122,0.0219,0.0240,0.0418,0.0075,0.0083,0.0096
0.0064,0.0053,0.0165,0.0274,0.0787,0.1766,0.0197,0.0049,0.0010,0.0740,0.0000,0.0725,0.0000,0.0003,0.0006,0.0017,0.0034,0.0066,0.0165,0.0092,0.0086,0.0167,0.0051,0.0615,0.0153,0.1028,0.0158,0.0054,0.0059
0.0133,0.0149,0.1258,0.0511,0.3590,0.1734,0.0167,0.0081,0.0057,0.0001,0.0725,0.0154,0.0007,0.0001,0.0011,0.0018,0.0034,0.0115,0.0086,0.0028,0.0029,0.0053,0.0058,0.0176,0.0154,0.0086,0.0038,0.0019,0.0028
0.0144,0.0102,0.0140,0.9770,0.0439,0.0907,0.0278,0.0043,0.0086,0.0001,0.0000,0.0007,0.0022,0.0008,0.0000,0.0005,0.0013,0.0146,0.0176,0.0328,0.0123,0.5202,0.0092,0.0933,0.0238,0.0110,0.0036,0.0044,0.0027
0.0110,0.0126,0.0327,0.0363,0.0170,0.0353,0.0135,0.0063,0.0056,0.0018,0.0003,0.0001,0.0008,0.0056,0.0015,0.0001,0.0010,0.0087,0.0953,0.0499,0.0246,0.1580,0.0177,0.0356,0.0248,0.0104,0.0044,0.0058,0.0031
0.0083,0.0240,0.0391,0.1861,0.0124,0.0622,0.0094,0.0049,0.0250,0.0005,0.0006,0.0011,0.0000,0.0015,0.0123,0.1124,0.0013,0.0306,0.0171,0.0209,0.0139,0.0176,0.0045,0.0217,0.0052,0.0037,0.0031,0.0070,0.0027
0.0143,0.0153,0.0280,0.0300,0.0048,0.0633,0.0071,0.0053,0.0046,0.0038,0.0017,0.0018,0.0005,0.0001,0.1124,0.0142,0.0139,0.0001,0.0081,0.0410,0.0116,0.0713,0.0086,0.0109,0.0074,0.0059,0.0068,0.0071,0.0059
0.0153,0.0077,0.0108,0.0153,0.0059,0.0130,0.0065,0.0060,0.0042,0.0037,0.0034,0.0034,0.0013,0.0010,0.0013,0.0139,0.0157,0.0049,0.0013,0.0282,0.0406,0.0361,0.0250,0.0112,0.0055,0.0060,0.0058,0.0133,0.0063
0.0159,0.0067,0.0098,0.0135,0.0048,0.0199,0.0074,0.0068,0.0100,0.0058,0.0066,0.0115,0.0146,0.0087,0.0306,0.0001,0.0049,0.0163,0.0052,0.0005,0.0080,0.0196,0.0045,0.0117,0.0054,0.0102,0.0129,0.0093,0.0046
0.0133,0.0050,0.0074,0.0074,0.0043,0.0059,0.0026,0.0159,0.0071,0.0021,0.0165,0.0086,0.0176,0.0953,0.0171,0.0081,0.0013,0.0052,0.0051,0.0087,0.0004,0.0031,0.0195,0.0046,0.0127,0.0082,0.0126,0.0093,0.0055
0.0163,0.0061,0.0066,0.0131,0.0050,0.0151,0.0092,0.0091,0.0122,0.0040,0.0092,0.0028,0.0328,0.0499,0.0209,0.0410,0.0282,0.0005,0.0087,0.0171,0.0163,0.0000,0.0011,0.0024,0.0067,0.0089,0.0132,0.0091,0.0063
0.0156,0.0051,0.0043,0.0043,0.0042,0.0281,0.0098,0.0119,0.0255,0.0091,0.0086,0.0029,0.0123,0.0246,0.0139,0.0116,0.0406,0.0080,0.0004,0.0163,0.0134,0.0011,0.0003,0.0004,0.0160,0.0053,0.0331,0.0077,0.0115
0.0088,0.0056,0.0066,0.0294,0.0074,0.0585,0.0375,0.0241,0.0254,0.0104,0.0167,0.0053,0.5202,0.1580,0.0176,0.0713,0.0361,0.0196,0.0031,0.0000,0.0011,0.0060,0.0073,0.0000,0.0003,0.0004,0.0028,0.0165,0.0166
0.0102,0.0041,0.0063,0.0052,0.0122,0.0251,0.0067,0.0155,0.0174,0.0122,0.0051,0.0058,0.0092,0.0177,0.0045,0.0086,0.0250,0.0045,0.0195,0.0011,0.0003,0.0073,0.0256,0.0005,0.0002,0.0031,0.0558,0.0261,0.0380
0.0138,0.0081,0.0067,0.0155,0.0148,0.2535,0.0501,0.0652,0.1664,0.0219,0.0615,0.0176,0.0933,0.0356,0.0217,0.0109,0.0112,0.0117,0.0046,0.0024,0.0004,0.0000,0.0005,0.0003,0.0079,0.0000,0.0019,0.0038,0.0230
0.0087,0.0045,0.0041,0.0045,0.0078,0.0303,0.0245,0.0203,0.0449,0.0240,0.0153,0.0154,0.0238,0.0248,0.0052,0.0074,0.0055,0.0054,0.0127,0.0067,0.0160,0.0003,0.0002,0.0079,0.0119,0.0098,0.0001,0.0099,0.0079
0.0093,0.0062,0.0046,0.0039,0.0071,0.0474,0.0122,0.1056,0.0930,0.0418,0.1028,0.0086,0.0110,0.0104,0.0037,0.0059,0.0060,0.0102,0.0082,0.0089,0.0053,0.0004,0.0031,0.0000,0.0098,0.0136,0.0021,0.0008,0.0060
0.0084,0.0045,0.0016,0.0026,0.0042,0.0914,0.0080,0.0304,0.1197,0.0075,0.0158,0.0038,0.0036,0.0044,0.0031,0.0068,0.0058,0.0129,0.0126,0.0132,0.0331,0.0028,0.0558,0.0019,0.0001,0.0021,0.0127,0.1241,0.0006
0.0036,0.0035,0.0032,0.0031,0.0033,0.0118,0.0118,0.0202,0.0181,0.0083,0.0054,0.0019,0.0044,0.0058,0.0070,0.0071,0.0133,0.0093,0.0093,0.0091,0.0077,0.0165,0.0261,0.0038,0.0099,0.0008,0.1241,0.0043,0.0036
0.0094,0.0057,0.0044,0.0029,0.0088,0.0151,0.0298,0.0393,0.0142,0.0096,0.0059,0.0028,0.0027,0.0031,0.0027,0.0059,0.0063,0.0046,0.0055,0.0063,0.0115,0.0166,0.0380,0.0230,0.0079,0.0060,0.0006,0.0036,0.0093
