c1,c2,c3,c4,c5,c6,c7,c8,c9,c10,c11,c12,c13,c14,c15,c16,c17,c18,c19,c20,c21,c22,c23,c24,c25,c26,c27,c28,c29
0.0000,0.0010,0.0002,0.0002,0.0077,0.0030,0.0255,0.0068,0.0092,0.1428,0.0092,0.0292,0.0238,0.0087,0.0335,0.0823,0.0363,0.0154,0.0344,0.0086,0.0072,0.0121,0.0086,0.0043,0.0082,0.0111,0.0042,0.0041,0.0033
0.0010,0.0204,0.0122,0.0000,0.0022,0.0008,0.0105,0.0052,0.0156,0.0232,0.0102,0.0284,0.0137,0.0820,0.4991,0.1592,0.0317,0.0148,0.0078,0.0036,0.0053,0.0072,0.0032,0.0026,0.0026,0.0036,0.0032,0.0035,0.0030
0.0002,0.0122,0.0055,0.0004,0.0001,0.0001,0.0083,0.0024,0.0196,0.0862,0.0247,0.5705,0.1877,0.1675,0.1477,0.0909,0.0127,0.0065,0.0098,0.0037,0.0030,0.0094,0.0031,0.0020,0.0017,0.0031,0.0034,0.0028,0.0024
0.0002,0.0000,0.0004,0.0017,0.0017,0.0000,0.0003,0.0004,0.0025,0.0264,0.0192,0.0419,0.9994,0.8182,0.5932,0.2085,0.0111,0.0146,0.1622,0.0043,0.0026,0.0838,0.0115,0.0018,0.0028,0.0122,0.0038,0.0021,0.0027
0.0077,0.0022,0.0001,0.0017,0.0136,0.0006,0.0005,0.0017,0.0068,0.8560,0.0976,0.7964,0.1269,0.0388,0.0058,0.0045,0.0038,0.0060,0.0053,0.0030,0.0036,0.0090,0.0036,0.0026,0.0036,0.0051,0.0040,0.0034,0.0045
0.0030,0.0008,0.0001,0.0000,0.0006,0.0013,0.0057,0.0003,0.0006,0.1481,0.3058,0.0617,0.3158,0.1024,0.0367,0.0450,0.0117,0.0260,0.0111,0.0046,0.0082,0.0414,0.0143,0.0055,0.0091,0.0189,0.0091,0.0073,0.0261
0.0255,0.0105,0.0083,0.0003,0.0005,0.0057,0.0216,0.0397,0.0000,0.1327,0.0140,0.0107,0.0381,0.0112,0.0057,0.0078,0.0064,0.0109,0.0042,0.0050,0.0079,0.0124,0.0078,0.0061,0.0066,0.0119,0.0056,0.0060,0.0119
0.0068,0.0052,0.0024,0.0004,0.0017,0.0003,0.0397,0.0518,0.0021,0.0105,0.0228,0.0062,0.0098,0.0069,0.0033,0.0038,0.0051,0.0113,0.0037,0.0061,0.0097,0.0178,0.0100,0.0076,0.0475,0.0262,0.0127,0.0074,0.0227
0.0092,0.0156,0.0196,0.0025,0.0068,0.0006,0.0000,0.0021,0.0042,0.0033,0.0096,0.0023,0.0397,0.0062,0.0248,0.0046,0.0043,0.0273,0.0083,0.0034,0.0172,0.0365,0.0122,0.0058,0.0252,0.0588,0.0105,0.0077,0.0177
0.1428,0.0232,0.0862,0.0264,0.8560,0.1481,0.1327,0.0105,0.0033,0.4171,0.2142,0.0002,0.0000,0.0003,0.0003,0.0023,0.0042,0.0041,0.0004,0.0012,0.0062,0.0037,0.0037,0.0036,0.0022,0.0019,0.0047,0.0036,0.0053
0.0092,0.0102,0.0247,0.0192,0.0976,0.3058,0.0140,0.0228,0.0096,0.2142,0.0006,0.1348,0.0001,0.0010,0.0002,0.0025,0.0035,0.0164,0.0093,0.0034,0.0090,0.0081,0.0037,0.0029,0.0035,0.0035,0.0036,0.0024,0.0038
0.0292,0.0284,0.5705,0.0419,0.7964,0.0617,0.0107,0.0062,0.0023,0.0002,0.1348,0.0112,0.0016,0.0000,0.0003,0.0014,0.0032,0.0163,0.0049,0.0037,0.0060,0.0090,0.0021,0.0040,0.0059,0.0035,0.0037,0.0031,0.0032
0.0238,0.0137,0.1877,0.9994,0.1269,0.3158,0.0381,0.0098,0.0397,0.0000,0.0001,0.0016,0.0078,0.0003,0.0000,0.0003,0.0010,0.3004,0.0122,0.0034,0.0048,0.0184,0.0036,0.0018,0.0040,0.0030,0.0024,0.0019,0.0017
0.0087,0.0820,0.1675,0.8182,0.0388,0.1024,0.0112,0.0069,0.0062,0.0003,0.0010,0.0000,0.0003,0.0024,0.0161,0.0001,0.0010,0.0648,0.3412,0.0140,0.0065,0.0389,0.0028,0.0035,0.0040,0.0043,0.0033,0.0019,0.0023
0.0335,0.4991,0.1477,0.5932,0.0058,0.0367,0.0057,0.0033,0.0248,0.0003,0.0002,0.0003,0.0000,0.0161,0.0006,0.0176,0.0045,0.1247,0.0322,0.0055,0.0058,0.0064,0.0042,0.0054,0.0038,0.0063,0.0052,0.0029,0.0022
0.0823,0.1592,0.0909,0.2085,0.0045,0.0450,0.0078,0.0038,0.0046,0.0023,0.0025,0.0014,0.0003,0.0001,0.0176,0.0114,0.0151,0.0000,0.0062,0.0321,0.0040,0.0198,0.0204,0.0102,0.0062,0.0095,0.0055,0.0045,0.0044
0.0363,0.0317,0.0127,0.0111,0.0038,0.0117,0.0064,0.0051,0.0043,0.0042,0.0035,0.0032,0.0010,0.0010,0.0045,0.0151,0.0222,0.0011,0.0006,0.0795,0.1027,0.0081,0.0185,0.0171,0.0079,0.0039,0.0050,0.0044,0.0054
0.0154,0.0148,0.0065,0.0146,0.0060,0.0260,0.0109,0.0113,0.0273,0.0041,0.0164,0.0163,0.3004,0.0648,0.1247,0.0000,0.0011,0.0015,0.0014,0.0007,0.0098,0.0177,0.0022,0.0043,0.0078,0.0056,0.0023,0.0025,0.0036
0.0344,0.0078,0.0098,0.1622,0.0053,0.0111,0.0042,0.0037,0.0083,0.0004,0.0093,0.0049,0.0122,0.3412,0.0322,0.0062,0.0006,0.0014,0.0007,0.0241,0.0003,0.0002,0.1434,0.0080,0.0085,0.0145,0.0145,0.0064,0.0037
0.0086,0.0036,0.0037,0.0043,0.0030,0.0046,0.0050,0.0061,0.0034,0.0012,0.0034,0.0037,0.0034,0.0140,0.0055,0.0321,0.0795,0.0007,0.0241,0.0746,0.0095,0.0001,0.0061,0.2084,0.0086,0.0125,0.0176,0.0162,0.0102
0.0072,0.0053,0.0030,0.0026,0.0036,0.0082,0.0079,0.0097,0.0172,0.0062,0.0090,0.0060,0.0048,0.0065,0.0058,0.0040,0.1027,0.0098,0.0003,0.0095,0.0122,0.0025,0.0005,0.0142,0.2109,0.0130,0.0072,0.0124,0.0075
0.0121,0.0072,0.0094,0.0838,0.0090,0.0414,0.0124,0.0178,0.0365,0.0037,0.0081,0.0090,0.0184,0.0389,0.0064,0.0198,0.0081,0.0177,0.0002,0.0001,0.0025,0.0071,0.0112,0.0002,0.0013,0.0110,0.0025,0.0171,0.0102
0.0086,0.0032,0.0031,0.0115,0.0036,0.0143,0.0078,0.0100,0.0122,0.0037,0.0037,0.0021,0.0036,0.0028,0.0042,0.0204,0.0185,0.0022,0.1434,0.0061,0.0005,0.0112,0.0213,0.0159,0.0004,0.0092,0.0403,0.0207,0.0166
0.0043,0.0026,0.0020,0.0018,0.0026,0.0055,0.0061,0.0076,0.0058,0.0036,0.0029,0.0040,0.0018,0.0035,0.0054,0.0102,0.0171,0.0043,0.0080,0.2084,0.0142,0.0002,0.0159,0.0573,0.0168,0.0002,0.0324,0.4220,0.0567
0.0082,0.0026,0.0017,0.0028,0.0036,0.0091,0.0066,0.0475,0.0252,0.0022,0.0035,0.0059,0.0040,0.0040,0.0038,0.0062,0.0079,0.0078,0.0085,0.0086,0.2109,0.0013,0.0004,0.0168,0.0616,0.0022,0.0011,0.0096,0.4580
0.0111,0.0036,0.0031,0.0122,0.0051,0.0189,0.0119,0.0262,0.0588,0.0019,0.0035,0.0035,0.0030,0.0043,0.0063,0.0095,0.0039,0.0056,0.0145,0.0125,0.0130,0.0110,0.0092,0.0002,0.0022,0.0096,0.0889,0.0027,0.0142
0.0042,0.0032,0.0034,0.0038,0.0040,0.0091,0.0056,0.0127,0.0105,0.0047,0.0036,0.0037,0.0024,0.0033,0.0052,0.0055,0.0050,0.0023,0.0145,0.0176,0.0072,0.0025,0.0403,0.0324,0.0011,0.0889,0.1353,0.1083,0.0006
0.0041,0.0035,0.0028,0.0021,0.0034,0.0073,0.0060,0.0074,0.0077,0.0036,0.0024,0.0031,0.0019,0.0019,0.0029,0.0045,0.0044,0.0025,0.0064,0.0162,0.0124,0.0171,0.0207,0.4220,0.0096,0.0027,0.1083,0.0801,0.0061
0.0033,0.0030,0.0024,0.0027,0.0045,0.0261,0.0119,0.0227,0.0177,0.0053,0.0038,0.0032,0.0017,0.0023,0.0022,0.0044,0.0054,0.0036,0.0037,0.0102,0.0075,0.0102,0.0166,0.0567,0.4580,0.0142,0.0006,0.0061,0.0264
