c1,c2,c3,c4,c5,c6,c7,c8,c9,c10,c11,c12,c13,c14,c15,c16,c17,c18,c19,c20,c21,c22,c23,c24,c25,c26
0.0000,0.0000,0.0000,0.0000,0.0000,0.0007,0.0031,0.0020,0.0102,0.0023,0.0029,0.0018,0.4689,0.3055,1.0000,0.8336,0.2447,0.0586,0.0427,0.0286,0.0064,0.1377,0.0082,0.0028,0.1611,0.1250
0.0000,0.0154,0.0020,0.0001,0.0001,0.0001,0.0016,0.0015,0.0039,0.0020,0.0168,0.0115,0.7487,0.9982,0.0313,0.6792,0.0162,0.0044,0.0152,0.0046,0.0034,0.0026,0.0077,0.0043,0.0063,0.0075
0.0000,0.0020,0.0079,0.0041,0.0001,0.0000,0.0001,0.0001,0.0115,0.0117,1.0000,0.0910,0.9998,0.1333,0.0014,0.0351,0.0051,0.0020,0.0222,0.0031,0.0038,0.0017,0.0098,0.0015,0.0080,0.0027
0.0000,0.0001,0.0041,0.0003,0.0005,0.0000,0.0000,0.0001,0.0054,0.0257,0.6160,1.0000,0.9664,0.9402,0.0017,0.0065,0.0044,0.0028,0.0077,0.0054,0.0310,0.0016,0.0151,0.0021,0.0042,0.0040
0.0000,0.0001,0.0001,0.0005,0.0617,0.0010,0.0001,0.0011,0.3808,0.0647,0.9999,0.4600,0.0143,0.0089,0.0019,0.0098,0.0099,0.0052,0.0057,0.0065,0.0047,0.0031,0.0080,0.0056,0.0040,0.0031
0.0007,0.0001,0.0000,0.0000,0.0010,0.0058,0.0270,0.7563,0.0419,0.3820,0.1306,0.9506,0.0014,0.0239,0.0023,0.0153,0.0022,0.0036,0.0054,0.0053,0.0543,0.0030,0.3062,0.0034,0.0086,0.0076
0.0031,0.0016,0.0001,0.0000,0.0001,0.0270,0.0628,0.3566,0.0155,0.0309,0.0026,0.0458,0.0032,0.0053,0.0019,0.0094,0.0081,0.0041,0.0470,0.0091,0.0241,0.0033,0.0854,0.0287,0.0139,0.0048
0.0020,0.0015,0.0001,0.0001,0.0011,0.7563,0.3566,0.0148,0.2810,0.0187,0.0003,0.0022,0.0006,0.0022,0.0010,0.0033,0.0103,0.0032,0.0129,0.0056,0.0240,0.0036,0.2923,0.0696,0.0213,0.0061
0.0102,0.0039,0.0115,0.0054,0.3808,0.0419,0.0155,0.2810,0.0200,0.1014,0.0000,0.0000,0.0000,0.0001,0.0023,0.0126,0.0294,0.0065,0.0034,0.0135,0.0081,0.0082,0.0693,0.0330,0.0848,0.0702
0.0023,0.0020,0.0117,0.0257,0.0647,0.3820,0.0309,0.0187,0.1014,0.0046,0.0005,0.0000,0.0001,0.0001,0.0007,0.0030,0.0064,0.0021,0.0017,0.0028,0.0110,0.0041,0.9900,0.0560,0.3433,0.2194
0.0029,0.0168,1.0000,0.6160,0.9999,0.1306,0.0026,0.0003,0.0000,0.0005,0.0092,0.0000,0.0000,0.0000,0.0000,0.0002,0.0040,0.0022,0.0039,0.0027,0.0024,0.0035,0.1313,0.0807,0.1446,0.0119
0.0018,0.0115,0.0910,1.0000,0.4600,0.9506,0.0458,0.0022,0.0000,0.0000,0.0000,0.0000,0.0000,0.0000,0.0000,0.0002,0.0002,0.0044,0.0304,0.0137,0.9982,0.0577,0.9995,0.1761,0.0073,0.0012
0.4689,0.7487,0.9998,0.9664,0.0143,0.0014,0.0032,0.0006,0.0000,0.0001,0.0000,0.0000,0.0000,0.0000,0.0000,0.0000,0.0000,0.0006,0.0560,0.0564,0.1192,0.9999,0.4494,0.8503,0.2990,0.5192
0.3055,0.9982,0.1333,0.9402,0.0089,0.0239,0.0053,0.0022,0.0001,0.0001,0.0000,0.0000,0.0000,0.0000,0.0001,0.0025,0.0006,0.0077,0.9853,0.7698,0.9999,0.0086,0.0213,0.0036,0.0012,0.0002
1.0000,0.0313,0.0014,0.0017,0.0019,0.0023,0.0019,0.0010,0.0023,0.0007,0.0000,0.0000,0.0000,0.0001,0.0047,0.0044,0.0736,0.9754,0.0062,0.6727,0.0213,0.0742,0.0028,0.0124,0.0046,0.0077
0.8336,0.6792,0.0351,0.0065,0.0098,0.0153,0.0094,0.0033,0.0126,0.0030,0.0002,0.0002,0.0000,0.0025,0.0044,0.0035,0.2913,0.0001,0.1071,0.0037,0.1704,0.0044,0.0041,0.0020,0.0048,0.0048
0.2447,0.0162,0.0051,0.0044,0.0099,0.0022,0.0081,0.0103,0.0294,0.0064,0.0040,0.0002,0.0000,0.0006,0.0736,0.2913,0.0887,0.4124,0.0003,0.0066,0.0005,0.0021,0.0049,0.0179,0.0146,0.0194
0.0586,0.0044,0.0020,0.0028,0.0052,0.0036,0.0041,0.0032,0.0065,0.0021,0.0022,0.0044,0.0006,0.0077,0.9754,0.0001,0.4124,0.0753,0.0560,0.0008,0.0006,0.0039,0.0034,0.0167,0.0051,0.0073
0.0427,0.0152,0.0222,0.0077,0.0057,0.0054,0.0470,0.0129,0.0034,0.0017,0.0039,0.0304,0.0560,0.9853,0.0062,0.1071,0.0003,0.0560,0.5417,0.0013,0.0000,0.0000,0.0001,0.0008,0.0168,0.0183
0.0286,0.0046,0.0031,0.0054,0.0065,0.0053,0.0091,0.0056,0.0135,0.0028,0.0027,0.0137,0.0564,0.7698,0.6727,0.0037,0.0066,0.0008,0.0013,0.0627,0.0008,0.0000,0.0002,0.0096,0.0058,0.0201
0.0064,0.0034,0.0038,0.0310,0.0047,0.0543,0.0241,0.0240,0.0081,0.0110,0.0024,0.9982,0.1192,0.9999,0.0213,0.1704,0.0005,0.0006,0.0000,0.0008,0.0319,0.0002,0.0000,0.0001,0.0001,0.0006
0.1377,0.0026,0.0017,0.0016,0.0031,0.0030,0.0033,0.0036,0.0082,0.0041,0.0035,0.0577,0.9999,0.0086,0.0742,0.0044,0.0021,0.0039,0.0000,0.0000,0.0002,0.9991,0.0000,0.0021,0.0019,0.0236
0.0082,0.0077,0.0098,0.0151,0.0080,0.3062,0.0854,0.2923,0.0693,0.9900,0.1313,0.9995,0.4494,0.0213,0.0028,0.0041,0.0049,0.0034,0.0001,0.0002,0.0000,0.0000,0.0012,0.0007,0.0000,0.0000
0.0028,0.0043,0.0015,0.0021,0.0056,0.0034,0.0287,0.0696,0.0330,0.0560,0.0807,0.1761,0.8503,0.0036,0.0124,0.0020,0.0179,0.0167,0.0008,0.0096,0.0001,0.0021,0.0007,0.0783,0.0007,0.0000
0.1611,0.0063,0.0080,0.0042,0.0040,0.0086,0.0139,0.0213,0.0848,0.3433,0.1446,0.0073,0.2990,0.0012,0.0046,0.0048,0.0146,0.0051,0.0168,0.0058,0.0001,0.0019,0.0000,0.0007,0.0109,0.0229
0.1250,0.0075,0.0027,0.0040,0.0031,0.0076,0.0048,0.0061,0.0702,0.2194,0.0119,0.0012,0.5192,0.0002,0.0077,0.0048,0.0194,0.0073,0.0183,0.0201,0.0006,0.0236,0.0000,0.0000,0.0229,0.1564