c1,c2,c3,c4,c5,c6,c7,c8,c9,c10,c11,c12,c13,c14,c15,c16,c17,c18,c19,c20,c21,c22,c23,c24,c25,c26
0.0000,0.0001,0.0000,0.0000,0.0000,0.0012,0.0033,0.0026,0.0109,0.0024,0.0067,0.0014,0.4257,0.4851,0.9999,0.5171,0.2413,0.0559,0.0320,0.0181,0.0038,0.0939,0.0069,0.0022,0.0636,0.4741
0.0001,0.0176,0.0014,0.0000,0.0001,0.0005,0.0030,0.0045,0.0076,0.0068,0.1174,0.0692,0.5273,0.9107,0.0148,0.4042,0.0087,0.0041,0.0326,0.0039,0.0048,0.0037,0.0087,0.0051,0.0073,0.0045
0.0000,0.0014,0.0516,0.0149,0.0009,0.0000,0.0004,0.0002,0.0123,0.0106,0.9995,0.2050,0.9940,0.1240,0.0015,0.0251,0.0050,0.0012,0.0214,0.0027,0.0025,0.0015,0.0087,0.0022,0.0106,0.0024
0.0000,0.0000,0.0149,0.0006,0.0007,0.0000,0.0002,0.0014,0.0181,0.0887,0.4803,1.0000,0.8730,0.2479,0.0023,0.0102,0.0076,0.0038,0.0099,0.0038,0.0129,0.0014,0.0191,0.0025,0.0050,0.0027
0.0000,0.0001,0.0009,0.0007,0.2426,0.0079,0.0005,0.0095,0.2138,0.0154,0.9801,0.9613,0.0150,0.0070,0.0015,0.0057,0.0048,0.0021,0.0050,0.0028,0.0027,0.0018,0.0097,0.0043,0.0030,0.0017
0.0012,0.0005,0.0000,0.0000,0.0079,0.0181,0.0921,0.2306,0.1314,0.0235,0.0521,0.9665,0.0025,0.0105,0.0014,0.0136,0.0021,0.0019,0.0083,0.0032,0.0088,0.0024,0.0721,0.0024,0.0042,0.0038
0.0033,0.0030,0.0004,0.0002,0.0005,0.0921,0.1596,0.3580,0.0061,0.0049,0.0033,0.2320,0.0031,0.0125,0.0010,0.0055,0.0065,0.0031,0.0180,0.0061,0.0128,0.0028,0.0624,0.0089,0.0062,0.0025
0.0026,0.0045,0.0002,0.0014,0.0095,0.2306,0.3580,0.0228,0.5592,0.0018,0.0012,0.0054,0.0008,0.0056,0.0010,0.0037,0.0076,0.0011,0.0064,0.0056,0.0062,0.0025,0.1144,0.0089,0.0123,0.0058
0.0109,0.0076,0.0123,0.0181,0.2138,0.1314,0.0061,0.5592,0.0054,0.1576,0.0000,0.0000,0.0001,0.0001,0.0020,0.0154,0.0240,0.0020,0.0020,0.0081,0.0102,0.0064,0.0451,0.0280,0.0460,0.0243
0.0024,0.0068,0.0106,0.0887,0.0154,0.0235,0.0049,0.0018,0.1576,0.0307,0.0030,0.0000,0.0001,0.0003,0.0007,0.0106,0.0093,0.0030,0.0031,0.0039,0.0218,0.0051,0.9238,0.0584,0.1807,0.1041
0.0067,0.1174,0.9995,0.4803,0.9801,0.0521,0.0033,0.0012,0.0000,0.0030,0.0126,0.0000,0.0000,0.0000,0.0000,0.0006,0.0043,0.0015,0.0037,0.0028,0.0050,0.0032,0.2033,0.1550,0.5510,0.0339
0.0014,0.0692,0.2050,1.0000,0.9613,0.9665,0.2320,0.0054,0.0000,0.0000,0.0000,0.0000,0.0000,0.0000,0.0000,0.0003,0.0001,0.0019,0.0082,0.0051,0.9974,0.0152,0.9993,0.2494,0.0039,0.0013
0.4257,0.5273,0.9940,0.8730,0.0150,0.0025,0.0031,0.0008,0.0001,0.0001,0.0000,0.0000,0.0000,0.0000,0.0000,0.0000,0.0000,0.0006,0.0468,0.0753,0.2940,0.9999,0.4112,0.7597,0.8139,0.6678
0.4851,0.9107,0.1240,0.2479,0.0070,0.0105,0.0125,0.0056,0.0001,0.0003,0.0000,0.0000,0.0000,0.0000,0.0001,0.0008,0.0007,0.0078,0.9784,0.6851,0.9997,0.0233,0.0576,0.0106,0.0029,0.0007
0.9999,0.0148,0.0015,0.0023,0.0015,0.0014,0.0010,0.0010,0.0020,0.0007,0.0000,0.0000,0.0000,0.0001,0.0115,0.0067,0.0672,0.9857,0.0054,0.9298,0.0200,0.1626,0.0023,0.0055,0.0055,0.0129
0.5171,0.4042,0.0251,0.0102,0.0057,0.0136,0.0055,0.0037,0.0154,0.0106,0.0006,0.0003,0.0000,0.0008,0.0067,0.0647,0.3048,0.0002,0.0398,0.0090,0.0332,0.0052,0.0034,0.0046,0.0045,0.0025
0.2413,0.0087,0.0050,0.0076,0.0048,0.0021,0.0065,0.0076,0.0240,0.0093,0.0043,0.0001,0.0000,0.0007,0.0672,0.3048,0.1483,0.4353,0.0003,0.0082,0.0006,0.0018,0.0059,0.0182,0.0114,0.0217
0.0559,0.0041,0.0012,0.0038,0.0021,0.0019,0.0031,0.0011,0.0020,0.0030,0.0015,0.0019,0.0006,0.0078,0.9857,0.0002,0.4353,0.0343,0.2599,0.0192,0.0004,0.0033,0.0035,0.0146,0.0052,0.0152
0.0320,0.0326,0.0214,0.0099,0.0050,0.0083,0.0180,0.0064,0.0020,0.0031,0.0037,0.0082,0.0468,0.9784,0.0054,0.0398,0.0003,0.2599,0.7873,0.0024,0.0000,0.0000,0.0002,0.0012,0.0146,0.0082
0.0181,0.0039,0.0027,0.0038,0.0028,0.0032,0.0061,0.0056,0.0081,0.0039,0.0028,0.0051,0.0753,0.6851,0.9298,0.0090,0.0082,0.0192,0.0024,0.0532,0.0010,0.0000,0.0002,0.0040,0.0043,0.0115
0.0038,0.0048,0.0025,0.0129,0.0027,0.0088,0.0128,0.0062,0.0102,0.0218,0.0050,0.9974,0.2940,0.9997,0.0200,0.0332,0.0006,0.0004,0.0000,0.0010,0.2864,0.0004,0.0000,0.0003,0.0003,0.0012
0.0939,0.0037,0.0015,0.0014,0.0018,0.0024,0.0028,0.0025,0.0064,0.0051,0.0032,0.0152,0.9999,0.0233,0.1626,0.0052,0.0018,0.0033,0.0000,0.0000,0.0004,0.9997,0.0001,0.0016,0.0033,0.0330
0.0069,0.0087,0.0087,0.0191,0.0097,0.0721,0.0624,0.1144,0.0451,0.9238,0.2033,0.9993,0.4112,0.0576,0.0023,0.0034,0.0059,0.0035,0.0002,0.0002,0.0000,0.0001,0.0032,0.0017,0.0000,0.0000
0.0022,0.0051,0.0022,0.0025,0.0043,0.0024,0.0089,0.0089,0.0280,0.0584,0.1550,0.2494,0.7597,0.0106,0.0055,0.0046,0.0182,0.0146,0.0012,0.0040,0.0003,0.0016,0.0017,0.2806,0.0006,0.0000
0.0636,0.0073,0.0106,0.0050,0.0030,0.0042,0.0062,0.0123,0.0460,0.1807,0.5510,0.0039,0.8139,0.0029,0.0055,0.0045,0.0114,0.0052,0.0146,0.0043,0.0003,0.0033,0.0000,0.0006,0.0128,0.0035
0.4741,0.0045,0.0024,0.0027,0.0017,0.0038,0.0025,0.0058,0.0243,0.1041,0.0339,0.0013,0.6678,0.0007,0.0129,0.0025,0.0217,0.0152,0.0082,0.0115,0.0012,0.0330,0.0000,0.0000,0.0035,0.5300