c1,c2,c3,c4,c5,c6,c7,c8,c9,c10,c11,c12,c13,c14,c15,c16,c17,c18,c19,c20,c21,c22,c23,c24,c25,c26
0.0000,0.0003,0.0000,0.0000,0.0009,0.0083,0.0412,0.0098,0.0957,0.0265,0.0134,0.0081,0.1373,0.7768,0.9842,0.5424,0.3400,0.0269,0.0120,0.0067,0.0024,0.0067,0.0037,0.0021,0.0287,0.0181
0.0003,0.0532,0.0135,0.0000,0.0004,0.0015,0.0178,0.0120,0.0438,0.0112,0.0732,0.0605,0.0804,0.3225,0.0222,0.0275,0.0074,0.0011,0.0064,0.0039,0.0040,0.0033,0.0029,0.0044,0.0043,0.0055
0.0000,0.0135,0.0146,0.0097,0.0005,0.0006,0.0075,0.0045,0.0657,0.0227,0.2635,0.3815,0.3376,0.1116,0.0071,0.0089,0.0057,0.0018,0.0047,0.0040,0.0015,0.0013,0.0042,0.0024,0.0042,0.0106
0.0000,0.0000,0.0097,0.0002,0.0173,0.0000,0.0009,0.0311,0.0202,0.2033,0.3945,0.8559,0.5528,0.5511,0.0616,0.0192,0.0080,0.0047,0.0056,0.0039,0.0046,0.0027,0.0052,0.0024,0.0055,0.0058
0.0009,0.0004,0.0005,0.0173,0.1496,0.0057,0.0005,0.0020,0.0130,0.0141,0.5311,0.4736,0.0129,0.0180,0.0060,0.0067,0.0062,0.0044,0.0041,0.0035,0.0045,0.0033,0.0064,0.0033,0.0031,0.0077
0.0083,0.0015,0.0006,0.0000,0.0057,0.0141,0.0163,0.0008,0.0095,0.0118,0.1772,0.4277,0.0183,0.0142,0.0071,0.0073,0.0046,0.0038,0.0070,0.0055,0.0095,0.0057,0.0176,0.0059,0.0100,0.0120
0.0412,0.0178,0.0075,0.0009,0.0005,0.0163,0.0787,0.0446,0.0001,0.0046,0.0128,0.0373,0.0063,0.0156,0.0020,0.0044,0.0074,0.0085,0.0182,0.0059,0.0050,0.0050,0.0190,0.0055,0.0051,0.0042
0.0098,0.0120,0.0045,0.0311,0.0020,0.0008,0.0446,0.0193,0.0942,0.0009,0.0033,0.0078,0.0011,0.0069,0.0041,0.0039,0.0083,0.0063,0.0091,0.0061,0.0096,0.0039,0.0259,0.0086,0.0114,0.0070
0.0957,0.0438,0.0657,0.0202,0.0130,0.0095,0.0001,0.0942,0.0080,0.0326,0.0000,0.0000,0.0001,0.0004,0.0024,0.0044,0.0153,0.0363,0.0161,0.0052,0.0093,0.0150,0.0625,0.0244,0.1454,0.0314
0.0265,0.0112,0.0227,0.2033,0.0141,0.0118,0.0046,0.0009,0.0326,0.0047,0.0038,0.0000,0.0001,0.0003,0.0010,0.0100,0.0084,0.0059,0.0075,0.0040,0.0304,0.0074,0.2053,0.0426,0.0547,0.0886
0.0134,0.0732,0.2635,0.3945,0.5311,0.1772,0.0128,0.0033,0.0000,0.0038,0.0034,0.0001,0.0000,0.0001,0.0001,0.0016,0.0058,0.0031,0.0144,0.0030,0.0085,0.0048,0.5353,0.2610,0.1652,0.0646
0.0081,0.0605,0.3815,0.8559,0.4736,0.4277,0.0373,0.0078,0.0000,0.0000,0.0001,0.0000,0.0000,0.0000,0.0001,0.0007,0.0006,0.0077,0.1600,0.0177,0.9958,0.0306,0.9647,0.2723,0.0096,0.0032
0.1373,0.0804,0.3376,0.5528,0.0129,0.0183,0.0063,0.0011,0.0001,0.0001,0.0000,0.0000,0.0000,0.0000,0.0000,0.0001,0.0001,0.0041,0.3261,0.1341,0.3458,0.9995,0.7308,0.6033,0.0570,0.1412
0.7768,0.3225,0.1116,0.5511,0.0180,0.0142,0.0156,0.0069,0.0004,0.0003,0.0001,0.0000,0.0000,0.0002,0.0007,0.0001,0.0010,0.0023,0.5804,0.1587,0.9647,0.0940,0.1714,0.0355,0.0064,0.0016
0.9842,0.0222,0.0071,0.0616,0.0060,0.0071,0.0020,0.0041,0.0024,0.0010,0.0001,0.0001,0.0000,0.0007,0.0028,0.0291,0.0022,0.4278,0.0139,0.1493,0.0304,0.0408,0.0073,0.0033,0.0068,0.0046
0.5424,0.0275,0.0089,0.0192,0.0067,0.0073,0.0044,0.0039,0.0044,0.0100,0.0016,0.0007,0.0001,0.0001,0.0291,0.0146,0.1091,0.0009,0.0799,0.0063,0.0185,0.0152,0.0169,0.0039,0.0073,0.0052
0.3400,0.0074,0.0057,0.0080,0.0062,0.0046,0.0074,0.0083,0.0153,0.0084,0.0058,0.0006,0.0001,0.0010,0.0022,0.1091,0.0290,0.1224,0.0004,0.0060,0.0015,0.0024,0.0281,0.0175,0.0093,0.0322
0.0269,0.0011,0.0018,0.0047,0.0044,0.0038,0.0085,0.0063,0.0363,0.0059,0.0031,0.0077,0.0041,0.0023,0.4278,0.0009,0.1224,0.0057,0.0167,0.0001,0.0008,0.0205,0.0059,0.0448,0.0102,0.0284
0.0120,0.0064,0.0047,0.0056,0.0041,0.0070,0.0182,0.0091,0.0161,0.0075,0.0144,0.1600,0.3261,0.5804,0.0139,0.0799,0.0004,0.0167,0.3781,0.0038,0.0000,0.0000,0.0001,0.0008,0.0084,0.0106
0.0067,0.0039,0.0040,0.0039,0.0035,0.0055,0.0059,0.0061,0.0052,0.0040,0.0030,0.0177,0.1341,0.1587,0.1493,0.0063,0.0060,0.0001,0.0038,0.0830,0.0035,0.0001,0.0015,0.0384,0.0185,0.0137
0.0024,0.0040,0.0015,0.0046,0.0045,0.0095,0.0050,0.0096,0.0093,0.0304,0.0085,0.9958,0.3458,0.9647,0.0304,0.0185,0.0015,0.0008,0.0000,0.0035,0.1204,0.0004,0.0000,0.0004,0.0007,0.0016
0.0067,0.0033,0.0013,0.0027,0.0033,0.0057,0.0050,0.0039,0.0150,0.0074,0.0048,0.0306,0.9995,0.0940,0.0408,0.0152,0.0024,0.0205,0.0000,0.0001,0.0004,0.9263,0.0005,0.0002,0.0060,0.0045
0.0037,0.0029,0.0042,0.0052,0.0064,0.0176,0.0190,0.0259,0.0625,0.2053,0.5353,0.9647,0.7308,0.1714,0.0073,0.0169,0.0281,0.0059,0.0001,0.0015,0.0000,0.0005,0.0007,0.0020,0.0000,0.0001
0.0021,0.0044,0.0024,0.0024,0.0033,0.0059,0.0055,0.0086,0.0244,0.0426,0.2610,0.2723,0.6033,0.0355,0.0033,0.0039,0.0175,0.0448,0.0008,0.0384,0.0004,0.0002,0.0020,0.0251,0.0032,0.0000
0.0287,0.0043,0.0042,0.0055,0.0031,0.0100,0.0051,0.0114,0.1454,0.0547,0.1652,0.0096,0.0570,0.0064,0.0068,0.0073,0.0093,0.0102,0.0084,0.0185,0.0007,0.0060,0.0000,0.0032,0.0178,0.0020
0.0181,0.0055,0.0106,0.0058,0.0077,0.0120,0.0042,0.0070,0.0314,0.0886,0.0646,0.0032,0.1412,0.0016,0.0046,0.0052,0.0322,0.0284,0.0106,0.0137,0.0016,0.0045,0.0001,0.0000,0.0020,0.1389