c1,c2,c3,c4,c5,c6,c7,c8,c9,c10,c11,c12,c13,c14,c15,c16,c17,c18,c19,c20,c21,c22,c23,c24,c25,c26
0.0000,0.0001,0.0000,0.0000,0.0000,0.0027,0.0053,0.0042,0.0200,0.0031,0.0024,0.0011,0.5360,0.8189,0.9999,0.7846,0.2092,0.0349,0.0200,0.0082,0.0029,0.0334,0.0067,0.0019,0.0594,0.0970
0.0001,0.0226,0.0065,0.0000,0.0001,0.0002,0.0028,0.0030,0.0056,0.0068,0.0800,0.0210,0.4803,0.9806,0.0104,0.5268,0.0091,0.0032,0.0140,0.0043,0.0044,0.0025,0.0074,0.0041,0.0047,0.0062
0.0000,0.0065,0.0109,0.0101,0.0005,0.0000,0.0002,0.0002,0.0225,0.0203,1.0000,0.0941,0.9972,0.0928,0.0016,0.0232,0.0048,0.0012,0.0155,0.0022,0.0025,0.0011,0.0081,0.0014,0.0072,0.0042
0.0000,0.0000,0.0101,0.0010,0.0014,0.0000,0.0004,0.0004,0.0075,0.0262,0.2314,1.0000,0.7035,0.4325,0.0022,0.0126,0.0067,0.0044,0.0075,0.0045,0.0268,0.0018,0.0165,0.0018,0.0024,0.0037
0.0000,0.0001,0.0005,0.0014,0.1628,0.0026,0.0003,0.0039,0.2625,0.0218,0.9995,0.2181,0.0062,0.0055,0.0024,0.0068,0.0089,0.0036,0.0054,0.0052,0.0045,0.0021,0.0073,0.0040,0.0028,0.0044
0.0027,0.0002,0.0000,0.0000,0.0026,0.0066,0.0294,0.4098,0.0371,0.1312,0.0620,0.9746,0.0015,0.0139,0.0028,0.0176,0.0032,0.0029,0.0049,0.0044,0.0259,0.0023,0.1311,0.0045,0.0055,0.0070
0.0053,0.0028,0.0002,0.0004,0.0003,0.0294,0.0468,0.1133,0.0097,0.0050,0.0025,0.0188,0.0040,0.0103,0.0024,0.0075,0.0115,0.0055,0.0698,0.0078,0.0304,0.0032,0.0503,0.0128,0.0109,0.0055
0.0042,0.0030,0.0002,0.0004,0.0039,0.4098,0.1133,0.0200,0.1813,0.0051,0.0003,0.0019,0.0006,0.0038,0.0023,0.0043,0.0104,0.0026,0.0106,0.0075,0.0193,0.0040,0.1778,0.0296,0.0197,0.0090
0.0200,0.0056,0.0225,0.0075,0.2625,0.0371,0.0097,0.1813,0.0027,0.0357,0.0000,0.0000,0.0001,0.0001,0.0049,0.0116,0.0291,0.0031,0.0013,0.0090,0.0097,0.0092,0.0635,0.0242,0.1650,0.2371
0.0031,0.0068,0.0203,0.0262,0.0218,0.1312,0.0050,0.0051,0.0357,0.0050,0.0006,0.0000,0.0001,0.0001,0.0011,0.0050,0.0092,0.0029,0.0023,0.0042,0.0227,0.0055,0.9541,0.1019,0.5054,0.1531
0.0024,0.0800,1.0000,0.2314,0.9995,0.0620,0.0025,0.0003,0.0000,0.0006,0.0015,0.0000,0.0000,0.0000,0.0000,0.0005,0.0044,0.0017,0.0063,0.0026,0.0049,0.0022,0.4188,0.1225,0.1953,0.0332
0.0011,0.0210,0.0941,1.0000,0.2181,0.9746,0.0188,0.0019,0.0000,0.0000,0.0000,0.0000,0.0000,0.0000,0.0000,0.0005,0.0002,0.0045,0.0555,0.0161,0.9954,0.0366,0.9997,0.3664,0.0096,0.0010
0.5360,0.4803,0.9972,0.7035,0.0062,0.0015,0.0040,0.0006,0.0001,0.0001,0.0000,0.0000,0.0000,0.0000,0.0000,0.0000,0.0000,0.0008,0.0952,0.0773,0.2748,1.0000,0.7211,0.8659,0.4435,0.3027
0.8189,0.9806,0.0928,0.4325,0.0055,0.0139,0.0103,0.0038,0.0001,0.0001,0.0000,0.0000,0.0000,0.0000,0.0002,0.0003,0.0008,0.0087,0.9564,0.3409,0.9992,0.0332,0.0282,0.0065,0.0020,0.0003
0.9999,0.0104,0.0016,0.0022,0.0024,0.0028,0.0024,0.0023,0.0049,0.0011,0.0000,0.0000,0.0000,0.0002,0.0060,0.0090,0.0205,0.9573,0.0064,0.4159,0.0320,0.1027,0.0023,0.0062,0.0049,0.0082
0.7846,0.5268,0.0232,0.0126,0.0068,0.0176,0.0075,0.0043,0.0116,0.0050,0.0005,0.0005,0.0000,0.0003,0.0090,0.0264,0.1312,0.0001,0.0310,0.0074,0.0302,0.0078,0.0036,0.0030,0.0061,0.0053
0.2092,0.0091,0.0048,0.0067,0.0089,0.0032,0.0115,0.0104,0.0291,0.0092,0.0044,0.0002,0.0000,0.0008,0.0205,0.1312,0.0394,0.3579,0.0004,0.0056,0.0007,0.0024,0.0064,0.0234,0.0139,0.0275
0.0349,0.0032,0.0012,0.0044,0.0036,0.0029,0.0055,0.0026,0.0031,0.0029,0.0017,0.0045,0.0008,0.0087,0.9573,0.0001,0.3579,0.0174,0.1400,0.0031,0.0004,0.0047,0.0040,0.0332,0.0051,0.0199
0.0200,0.0140,0.0155,0.0075,0.0054,0.0049,0.0698,0.0106,0.0013,0.0023,0.0063,0.0555,0.0952,0.9564,0.0064,0.0310,0.0004,0.1400,0.3055,0.0023,0.0000,0.0000,0.0002,0.0014,0.0189,0.0681
0.0082,0.0043,0.0022,0.0045,0.0052,0.0044,0.0078,0.0075,0.0090,0.0042,0.0026,0.0161,0.0773,0.3409,0.4159,0.0074,0.0056,0.0031,0.0023,0.1041,0.0012,0.0001,0.0002,0.0149,0.0091,0.0111
0.0029,0.0044,0.0025,0.0268,0.0045,0.0259,0.0304,0.0193,0.0097,0.0227,0.0049,0.9954,0.2748,0.9992,0.0320,0.0302,0.0007,0.0004,0.0000,0.0012,0.1595,0.0002,0.0000,0.0001,0.0003,0.0007
0.0334,0.0025,0.0011,0.0018,0.0021,0.0023,0.0032,0.0040,0.0092,0.0055,0.0022,0.0366,1.0000,0.0332,0.1027,0.0078,0.0024,0.0047,0.0000,0.0001,0.0002,0.9989,0.0000,0.0025,0.0024,0.0104
0.0067,0.0074,0.0081,0.0165,0.0073,0.1311,0.0503,0.1778,0.0635,0.9541,0.4188,0.9997,0.7211,0.0282,0.0023,0.0036,0.0064,0.0040,0.0002,0.0002,0.0000,0.0000,0.0012,0.0006,0.0000,0.0000
0.0019,0.0041,0.0014,0.0018,0.0040,0.0045,0.0128,0.0296,0.0242,0.1019,0.1225,0.3664,0.8659,0.0065,0.0062,0.0030,0.0234,0.0332,0.0014,0.0149,0.0001,0.0025,0.0006,0.0356,0.0005,0.0000
0.0594,0.0047,0.0072,0.0024,0.0028,0.0055,0.0109,0.0197,0.1650,0.5054,0.1953,0.0096,0.4435,0.0020,0.0049,0.0061,0.0139,0.0051,0.0189,0.0091,0.0003,0.0024,0.0000,0.0005,0.0083,0.0113
0.0970,0.0062,0.0042,0.0037,0.0044,0.0070,0.0055,0.0090,0.2371,0.1531,0.0332,0.0010,0.3027,0.0003,0.0082,0.0053,0.0275,0.0199,0.0681,0.0111,0.0007,0.0104,0.0000,0.0000,0.0113,0.0453