c1,c2,c3,c4,c5,c6,c7,c8,c9,c10,c11,c12,c13,c14,c15,c16,c17,c18,c19,c20,c21,c22,c23,c24,c25,c26
0.0000,0.0001,0.0000,0.0000,0.0000,0.0028,0.0036,0.0037,0.0157,0.0033,0.0020,0.0015,0.6054,0.8550,0.9999,0.7908,0.2258,0.0621,0.0153,0.0142,0.0043,0.0258,0.0061,0.0023,0.0458,0.6300
0.0001,0.0181,0.0070,0.0000,0.0001,0.0002,0.0024,0.0027,0.0060,0.0064,0.0732,0.0190,0.3751,0.9745,0.0122,0.3980,0.0130,0.0034,0.0166,0.0040,0.0059,0.0031,0.0075,0.0079,0.0081,0.0067
0.0000,0.0070,0.0077,0.0173,0.0004,0.0000,0.0002,0.0002,0.0191,0.0258,1.0000,0.1047,0.9922,0.1173,0.0010,0.0295,0.0047,0.0010,0.0278,0.0014,0.0046,0.0012,0.0078,0.0019,0.0076,0.0027
0.0000,0.0000,0.0173,0.0007,0.0016,0.0000,0.0006,0.0003,0.0155,0.0404,0.2186,1.0000,0.4133,0.4045,0.0017,0.0110,0.0079,0.0041,0.0072,0.0041,0.0133,0.0020,0.0168,0.0035,0.0047,0.0052
0.0000,0.0001,0.0004,0.0016,0.0477,0.0031,0.0002,0.0036,0.2394,0.0354,0.9996,0.2450,0.0075,0.0075,0.0026,0.0067,0.0084,0.0042,0.0049,0.0050,0.0043,0.0024,0.0084,0.0055,0.0025,0.0047
0.0028,0.0002,0.0000,0.0000,0.0031,0.0058,0.0240,0.3786,0.0489,0.1114,0.1092,0.9871,0.0026,0.0142,0.0021,0.0137,0.0030,0.0023,0.0058,0.0033,0.0282,0.0025,0.0578,0.0051,0.0060,0.0067
0.0036,0.0024,0.0002,0.0006,0.0002,0.0240,0.0800,0.1527,0.0133,0.0050,0.0023,0.0150,0.0035,0.0076,0.0019,0.0064,0.0120,0.0065,0.0740,0.0084,0.0473,0.0043,0.0252,0.0225,0.0149,0.0034
0.0037,0.0027,0.0002,0.0003,0.0036,0.3786,0.1527,0.0246,0.2464,0.0034,0.0002,0.0022,0.0006,0.0048,0.0018,0.0045,0.0066,0.0026,0.0115,0.0057,0.0301,0.0064,0.1287,0.0362,0.0239,0.0079
0.0157,0.0060,0.0191,0.0155,0.2394,0.0489,0.0133,0.2464,0.0065,0.0347,0.0000,0.0000,0.0001,0.0001,0.0043,0.0133,0.0341,0.0029,0.0017,0.0123,0.0152,0.0091,0.0384,0.0245,0.1197,0.0846
0.0033,0.0064,0.0258,0.0404,0.0354,0.1114,0.0050,0.0034,0.0347,0.0062,0.0008,0.0000,0.0001,0.0002,0.0010,0.0071,0.0084,0.0038,0.0033,0.0040,0.0253,0.0076,0.8990,0.0742,0.3222,0.1119
0.0020,0.0732,1.0000,0.2186,0.9996,0.1092,0.0023,0.0002,0.0000,0.0008,0.0007,0.0000,0.0000,0.0000,0.0000,0.0005,0.0044,0.0021,0.0053,0.0022,0.0087,0.0026,0.3208,0.0984,0.2505,0.0161
0.0015,0.0190,0.1047,1.0000,0.2450,0.9871,0.0150,0.0022,0.0000,0.0000,0.0000,0.0001,0.0000,0.0000,0.0000,0.0004,0.0003,0.0047,0.0488,0.0090,0.9826,0.0474,0.9991,0.2663,0.0196,0.0029
0.6054,0.3751,0.9922,0.4133,0.0075,0.0026,0.0035,0.0006,0.0001,0.0001,0.0000,0.0000,0.0000,0.0000,0.0000,0.0000,0.0000,0.0007,0.0518,0.0691,0.3651,0.9999,0.7607,0.6024,0.8957,0.8374
0.8550,0.9745,0.1173,0.4045,0.0075,0.0142,0.0076,0.0048,0.0001,0.0002,0.0000,0.0000,0.0000,0.0001,0.0001,0.0001,0.0009,0.0030,0.8799,0.3208,0.9976,0.0313,0.1147,0.0099,0.0039,0.0006
0.9999,0.0122,0.0010,0.0017,0.0026,0.0021,0.0019,0.0018,0.0043,0.0010,0.0000,0.0000,0.0000,0.0001,0.0039,0.0120,0.0208,0.9253,0.0052,0.8124,0.0276,0.0984,0.0042,0.0079,0.0082,0.0114
0.7908,0.3980,0.0295,0.0110,0.0067,0.0137,0.0064,0.0045,0.0133,0.0071,0.0005,0.0004,0.0000,0.0001,0.0120,0.0242,0.1494,0.0002,0.0204,0.0053,0.0420,0.0066,0.0111,0.0033,0.0064,0.0040
0.2258,0.0130,0.0047,0.0079,0.0084,0.0030,0.0120,0.0066,0.0341,0.0084,0.0044,0.0003,0.0000,0.0009,0.0208,0.1494,0.0406,0.2602,0.0004,0.0049,0.0010,0.0029,0.0100,0.0208,0.0121,0.0169
0.0621,0.0034,0.0010,0.0041,0.0042,0.0023,0.0065,0.0026,0.0029,0.0038,0.0021,0.0047,0.0007,0.0030,0.9253,0.0002,0.2602,0.0328,0.1586,0.0034,0.0004,0.0052,0.0074,0.0240,0.0039,0.0169
0.0153,0.0166,0.0278,0.0072,0.0049,0.0058,0.0740,0.0115,0.0017,0.0033,0.0053,0.0488,0.0518,0.8799,0.0052,0.0204,0.0004,0.1586,0.8134,0.0052,0.0000,0.0000,0.0002,0.0008,0.0103,0.0113
0.0142,0.0040,0.0014,0.0041,0.0050,0.0033,0.0084,0.0057,0.0123,0.0040,0.0022,0.0090,0.0691,0.3208,0.8124,0.0053,0.0049,0.0034,0.0052,0.0640,0.0016,0.0000,0.0003,0.0129,0.0062,0.0079
0.0043,0.0059,0.0046,0.0133,0.0043,0.0282,0.0473,0.0301,0.0152,0.0253,0.0087,0.9826,0.3651,0.9976,0.0276,0.0420,0.0010,0.0004,0.0000,0.0016,0.0620,0.0002,0.0000,0.0001,0.0003,0.0008
0.0258,0.0031,0.0012,0.0020,0.0024,0.0025,0.0043,0.0064,0.0091,0.0076,0.0026,0.0474,0.9999,0.0313,0.0984,0.0066,0.0029,0.0052,0.0000,0.0000,0.0002,0.9991,0.0001,0.0009,0.0014,0.0138
0.0061,0.0075,0.0078,0.0168,0.0084,0.0578,0.0252,0.1287,0.0384,0.8990,0.3208,0.9991,0.7607,0.1147,0.0042,0.0111,0.0100,0.0074,0.0002,0.0003,0.0000,0.0001,0.0011,0.0005,0.0000,0.0000
0.0023,0.0079,0.0019,0.0035,0.0055,0.0051,0.0225,0.0362,0.0245,0.0742,0.0984,0.2663,0.6024,0.0099,0.0079,0.0033,0.0208,0.0240,0.0008,0.0129,0.0001,0.0009,0.0005,0.1900,0.0004,0.0000
0.0458,0.0081,0.0076,0.0047,0.0025,0.0060,0.0149,0.0239,0.1197,0.3222,0.2505,0.0196,0.8957,0.0039,0.0082,0.0064,0.0121,0.0039,0.0103,0.0062,0.0003,0.0014,0.0000,0.0004,0.0045,0.0010
0.6300,0.0067,0.0027,0.0052,0.0047,0.0067,0.0034,0.0079,0.0846,0.1119,0.0161,0.0029,0.8374,0.0006,0.0114,0.0040,0.0169,0.0169,0.0113,0.0079,0.0008,0.0138,0.0000,0.0000,0.0010,0.0845