c1,c2,c3,c4,c5,c6,c7,c8,c9,c10,c11,c12,c13,c14,c15,c16,c17,c18,c19,c20,c21,c22,c23,c24,c25,c26
0.0000,0.0000,0.0000,0.0000,0.0000,0.0016,0.0034,0.0043,0.0117,0.0025,0.0113,0.0014,0.7436,0.7824,0.9999,0.7307,0.2631,0.0655,0.0255,0.0223,0.0066,0.0769,0.0111,0.0038,0.1061,0.0487
0.0000,0.0102,0.0022,0.0000,0.0001,0.0001,0.0026,0.0031,0.0066,0.0049,0.1282,0.0170,0.6374,0.9959,0.0089,0.4514,0.0110,0.0041,0.0186,0.0046,0.0052,0.0040,0.0095,0.0068,0.0070,0.0062
0.0000,0.0022,0.0285,0.0089,0.0004,0.0000,0.0002,0.0003,0.0242,0.0178,1.0000,0.1668,0.9964,0.1374,0.0015,0.0313,0.0041,0.0017,0.0138,0.0022,0.0026,0.0017,0.0093,0.0023,0.0064,0.0025
0.0000,0.0000,0.0089,0.0001,0.0006,0.0000,0.0002,0.0003,0.0206,0.0523,0.6468,1.0000,0.4805,0.2893,0.0018,0.0114,0.0040,0.0049,0.0118,0.0041,0.0131,0.0019,0.0165,0.0027,0.0040,0.0041
0.0000,0.0001,0.0004,0.0006,0.1037,0.0027,0.0003,0.0063,0.4939,0.0252,0.9989,0.3186,0.0113,0.0044,0.0018,0.0091,0.0065,0.0034,0.0061,0.0045,0.0044,0.0027,0.0130,0.0066,0.0037,0.0046
0.0016,0.0001,0.0000,0.0000,0.0027,0.0018,0.0384,0.5725,0.0820,0.0968,0.0695,0.9697,0.0044,0.0034,0.0032,0.0082,0.0021,0.0019,0.0084,0.0047,0.0378,0.0042,0.1632,0.0061,0.0085,0.0116
0.0034,0.0026,0.0002,0.0002,0.0003,0.0384,0.0374,0.2905,0.0038,0.0108,0.0021,0.0061,0.0063,0.0066,0.0024,0.0054,0.0088,0.0079,0.0526,0.0078,0.0345,0.0056,0.0393,0.0276,0.0157,0.0063
0.0043,0.0031,0.0003,0.0003,0.0063,0.5725,0.2905,0.0104,0.2414,0.0038,0.0002,0.0028,0.0006,0.0037,0.0015,0.0031,0.0062,0.0020,0.0101,0.0067,0.0231,0.0047,0.2321,0.0186,0.0195,0.0065
0.0117,0.0066,0.0242,0.0206,0.4939,0.0820,0.0038,0.2414,0.0011,0.0712,0.0000,0.0000,0.0001,0.0001,0.0039,0.0082,0.0281,0.0023,0.0014,0.0090,0.0178,0.0100,0.0560,0.0411,0.0635,0.0655
0.0025,0.0049,0.0178,0.0523,0.0252,0.0968,0.0108,0.0038,0.0712,0.0152,0.0012,0.0000,0.0001,0.0001,0.0009,0.0062,0.0096,0.0042,0.0021,0.0058,0.0189,0.0060,0.8228,0.0542,0.2145,0.1919
0.0113,0.1282,1.0000,0.6468,0.9989,0.0695,0.0021,0.0002,0.0000,0.0012,0.0033,0.0000,0.0000,0.0000,0.0000,0.0006,0.0031,0.0019,0.0050,0.0031,0.0069,0.0027,0.3344,0.1186,0.1290,0.0136
0.0014,0.0170,0.1668,1.0000,0.3186,0.9697,0.0061,0.0028,0.0000,0.0000,0.0000,0.0000,0.0000,0.0000,0.0000,0.0004,0.0002,0.0036,0.0289,0.0149,0.9917,0.0427,0.9985,0.1020,0.0054,0.0015
0.7436,0.6374,0.9964,0.4805,0.0113,0.0044,0.0063,0.0006,0.0001,0.0001,0.0000,0.0000,0.0000,0.0000,0.0000,0.0000,0.0000,0.0010,0.1559,0.1281,0.3133,0.9996,0.3181,0.6297,0.2506,0.1921
0.7824,0.9959,0.1374,0.2893,0.0044,0.0034,0.0066,0.0037,0.0001,0.0001,0.0000,0.0000,0.0000,0.0000,0.0002,0.0002,0.0020,0.0071,0.7568,0.6082,0.9998,0.0234,0.0302,0.0033,0.0019,0.0004
0.9999,0.0089,0.0015,0.0018,0.0018,0.0032,0.0024,0.0015,0.0039,0.0009,0.0000,0.0000,0.0000,0.0002,0.0046,0.0155,0.0253,0.9230,0.0439,0.4503,0.0337,0.0937,0.0020,0.0066,0.0140,0.0069
0.7307,0.4514,0.0313,0.0114,0.0091,0.0082,0.0054,0.0031,0.0082,0.0062,0.0006,0.0004,0.0000,0.0002,0.0155,0.0688,0.1018,0.0005,0.0227,0.0062,0.0072,0.0061,0.0056,0.0037,0.0036,0.0079
0.2631,0.0110,0.0041,0.0040,0.0065,0.0021,0.0088,0.0062,0.0281,0.0096,0.0031,0.0002,0.0000,0.0020,0.0253,0.1018,0.1531,0.2774,0.0003,0.0051,0.0008,0.0023,0.0077,0.0173,0.0188,0.0254
0.0655,0.0041,0.0017,0.0049,0.0034,0.0019,0.0079,0.0020,0.0023,0.0042,0.0019,0.0036,0.0010,0.0071,0.9230,0.0005,0.2774,0.0298,0.1965,0.0014,0.0005,0.0023,0.0054,0.0156,0.0068,0.0102
0.0255,0.0186,0.0138,0.0118,0.0061,0.0084,0.0526,0.0101,0.0014,0.0021,0.0050,0.0289,0.1559,0.7568,0.0439,0.0227,0.0003,0.1965,0.3384,0.0016,0.0000,0.0000,0.0001,0.0014,0.0187,0.0341
0.0223,0.0046,0.0022,0.0041,0.0045,0.0047,0.0078,0.0067,0.0090,0.0058,0.0031,0.0149,0.1281,0.6082,0.4503,0.0062,0.0051,0.0014,0.0016,0.0680,0.0006,0.0000,0.0003,0.0075,0.0085,0.0150
0.0066,0.0052,0.0026,0.0131,0.0044,0.0378,0.0345,0.0231,0.0178,0.0189,0.0069,0.9917,0.3133,0.9998,0.0337,0.0072,0.0008,0.0005,0.0000,0.0006,0.0815,0.0002,0.0000,0.0001,0.0003,0.0012
0.0769,0.0040,0.0017,0.0019,0.0027,0.0042,0.0056,0.0047,0.0100,0.0060,0.0027,0.0427,0.9996,0.0234,0.0937,0.0061,0.0023,0.0023,0.0000,0.0000,0.0002,0.9966,0.0000,0.0018,0.0056,0.0216
0.0111,0.0095,0.0093,0.0165,0.0130,0.1632,0.0393,0.2321,0.0560,0.8228,0.3344,0.9985,0.3181,0.0302,0.0020,0.0056,0.0077,0.0054,0.0001,0.0003,0.0000,0.0000,0.0012,0.0014,0.0000,0.0000
0.0038,0.0068,0.0023,0.0027,0.0066,0.0061,0.0276,0.0186,0.0411,0.0542,0.1186,0.1020,0.6297,0.0033,0.0066,0.0037,0.0173,0.0156,0.0014,0.0075,0.0001,0.0018,0.0014,0.0682,0.0006,0.0000
0.1061,0.0070,0.0064,0.0040,0.0037,0.0085,0.0157,0.0195,0.0635,0.2145,0.1290,0.0054,0.2506,0.0019,0.0140,0.0036,0.0188,0.0068,0.0187,0.0085,0.0003,0.0056,0.0000,0.0006,0.0044,0.0057
0.0487,0.0062,0.0025,0.0041,0.0046,0.0116,0.0063,0.0065,0.0655,0.1919,0.0136,0.0015,0.1921,0.0004,0.0069,0.0079,0.0254,0.0102,0.0341,0.0150,0.0012,0.0216,0.0000,0.0000,0.0057,0.0854