c1,c2,c3,c4,c5,c6,c7,c8,c9,c10,c11,c12,c13,c14,c15,c16,c17,c18,c19,c20,c21,c22,c23,c24,c25,c26
0.0000,0.0001,0.0000,0.0000,0.0001,0.0021,0.0047,0.0033,0.0301,0.0062,0.0058,0.0043,0.5377,0.8310,0.9999,0.9030,0.2471,0.0970,0.0147,0.0151,0.0059,0.0367,0.0108,0.0023,0.0415,0.1898
0.0001,0.0248,0.0038,0.0000,0.0001,0.0004,0.0028,0.0038,0.0061,0.0064,0.0520,0.0501,0.3748,0.9448,0.0184,0.1832,0.0105,0.0055,0.0144,0.0044,0.0062,0.0027,0.0067,0.0048,0.0090,0.0078
0.0000,0.0038,0.0065,0.0030,0.0002,0.0000,0.0003,0.0003,0.0229,0.0228,1.0000,0.1638,0.9864,0.1114,0.0030,0.0193,0.0065,0.0021,0.0124,0.0018,0.0032,0.0012,0.0091,0.0015,0.0113,0.0053
0.0000,0.0000,0.0030,0.0004,0.0025,0.0000,0.0005,0.0007,0.0135,0.0560,0.3258,1.0000,0.6407,0.6714,0.0035,0.0176,0.0079,0.0051,0.0050,0.0029,0.0146,0.0024,0.0191,0.0024,0.0061,0.0055
0.0001,0.0001,0.0002,0.0025,0.0484,0.0033,0.0002,0.0041,0.2238,0.0308,0.9987,0.2057,0.0074,0.0096,0.0034,0.0051,0.0089,0.0055,0.0055,0.0035,0.0053,0.0029,0.0076,0.0032,0.0049,0.0071
0.0021,0.0004,0.0000,0.0000,0.0033,0.0044,0.0441,0.0542,0.0307,0.1158,0.0701,0.9436,0.0021,0.0164,0.0038,0.0079,0.0036,0.0092,0.0040,0.0048,0.0210,0.0027,0.1065,0.0050,0.0166,0.0057
0.0047,0.0028,0.0003,0.0005,0.0002,0.0441,0.0657,0.0784,0.0075,0.0050,0.0021,0.0205,0.0030,0.0129,0.0026,0.0062,0.0093,0.0083,0.0461,0.0084,0.0286,0.0046,0.0474,0.0130,0.0148,0.0036
0.0033,0.0038,0.0003,0.0007,0.0041,0.0542,0.0784,0.0571,0.1974,0.0032,0.0003,0.0016,0.0009,0.0054,0.0033,0.0033,0.0060,0.0050,0.0084,0.0112,0.0233,0.0053,0.1830,0.0126,0.0296,0.0085
0.0301,0.0061,0.0229,0.0135,0.2238,0.0307,0.0075,0.1974,0.0030,0.0348,0.0000,0.0000,0.0001,0.0002,0.0046,0.0120,0.0271,0.0078,0.0033,0.0063,0.0133,0.0093,0.0406,0.0151,0.1048,0.0690
0.0062,0.0064,0.0228,0.0560,0.0308,0.1158,0.0050,0.0032,0.0348,0.0143,0.0009,0.0000,0.0001,0.0002,0.0010,0.0058,0.0068,0.0045,0.0033,0.0071,0.0269,0.0086,0.6670,0.0490,0.1988,0.1010
0.0058,0.0520,1.0000,0.3258,0.9987,0.0701,0.0021,0.0003,0.0000,0.0009,0.0009,0.0000,0.0000,0.0000,0.0000,0.0008,0.0058,0.0024,0.0090,0.0028,0.0103,0.0038,0.1337,0.0561,0.0902,0.0347
0.0043,0.0501,0.1638,1.0000,0.2057,0.9436,0.0205,0.0016,0.0000,0.0000,0.0000,0.0001,0.0000,0.0000,0.0000,0.0004,0.0003,0.0099,0.0577,0.0142,0.9793,0.0355,0.9941,0.2774,0.0149,0.0042
0.5377,0.3748,0.9864,0.6407,0.0074,0.0021,0.0030,0.0009,0.0001,0.0001,0.0000,0.0000,0.0000,0.0000,0.0000,0.0000,0.0000,0.0016,0.0685,0.0993,0.2530,0.9999,0.8357,0.7763,0.2958,0.7294
0.8310,0.9448,0.1114,0.6714,0.0096,0.0164,0.0129,0.0054,0.0002,0.0002,0.0000,0.0000,0.0000,0.0001,0.0002,0.0000,0.0008,0.0021,0.4669,0.2275,0.9919,0.0475,0.1371,0.0322,0.0048,0.0014
0.9999,0.0184,0.0030,0.0035,0.0034,0.0038,0.0026,0.0033,0.0046,0.0010,0.0000,0.0000,0.0000,0.0002,0.0063,0.0200,0.0172,0.1422,0.0046,0.7257,0.0687,0.0420,0.0035,0.0108,0.0043,0.0120
0.9030,0.1832,0.0193,0.0176,0.0051,0.0079,0.0062,0.0033,0.0120,0.0058,0.0008,0.0004,0.0000,0.0000,0.0200,0.0293,0.1228,0.0001,0.0401,0.0068,0.0307,0.0071,0.0080,0.0040,0.0110,0.0088
0.2471,0.0105,0.0065,0.0079,0.0089,0.0036,0.0093,0.0060,0.0271,0.0068,0.0058,0.0003,0.0000,0.0008,0.0172,0.1228,0.0286,0.0699,0.0013,0.0053,0.0012,0.0026,0.0094,0.0216,0.0089,0.0328
0.0970,0.0055,0.0021,0.0051,0.0055,0.0092,0.0083,0.0050,0.0078,0.0045,0.0024,0.0099,0.0016,0.0021,0.1422,0.0001,0.0699,0.0464,0.0559,0.0003,0.0003,0.0089,0.0056,0.0648,0.0074,0.0494
0.0147,0.0144,0.0124,0.0050,0.0055,0.0040,0.0461,0.0084,0.0033,0.0033,0.0090,0.0577,0.0685,0.4669,0.0046,0.0401,0.0013,0.0559,0.4332,0.0082,0.0000,0.0000,0.0003,0.0009,0.0155,0.0328
0.0151,0.0044,0.0018,0.0029,0.0035,0.0048,0.0084,0.0112,0.0063,0.0071,0.0028,0.0142,0.0993,0.2275,0.7257,0.0068,0.0053,0.0003,0.0082,0.0771,0.0014,0.0001,0.0002,0.0248,0.0060,0.0057
0.0059,0.0062,0.0032,0.0146,0.0053,0.0210,0.0286,0.0233,0.0133,0.0269,0.0103,0.9793,0.2530,0.9919,0.0687,0.0307,0.0012,0.0003,0.0000,0.0014,0.0650,0.0001,0.0000,0.0001,0.0005,0.0008
0.0367,0.0027,0.0012,0.0024,0.0029,0.0027,0.0046,0.0053,0.0093,0.0086,0.0038,0.0355,0.9999,0.0475,0.0420,0.0071,0.0026,0.0089,0.0000,0.0001,0.0001,0.9881,0.0001,0.0007,0.0021,0.0192
0.0108,0.0067,0.0091,0.0191,0.0076,0.1065,0.0474,0.1830,0.0406,0.6670,0.1337,0.9941,0.8357,0.1371,0.0035,0.0080,0.0094,0.0056,0.0003,0.0002,0.0000,0.0001,0.0015,0.0006,0.0000,0.0000
0.0023,0.0048,0.0015,0.0024,0.0032,0.0050,0.0130,0.0126,0.0151,0.0490,0.0561,0.2774,0.7763,0.0322,0.0108,0.0040,0.0216,0.0648,0.0009,0.0248,0.0001,0.0007,0.0006,0.1449,0.0015,0.0000
0.0415,0.0090,0.0113,0.0061,0.0049,0.0166,0.0148,0.0296,0.1048,0.1988,0.0902,0.0149,0.2958,0.0048,0.0043,0.0110,0.0089,0.0074,0.0155,0.0060,0.0005,0.0021,0.0000,0.0015,0.0060,0.0004
0.1898,0.0078,0.0053,0.0055,0.0071,0.0057,0.0036,0.0085,0.0690,0.1010,0.0347,0.0042,0.7294,0.0014,0.0120,0.0088,0.0328,0.0494,0.0328,0.0057,0.0008,0.0192,0.0000,0.0000,0.0004,0.0062