c1,c2,c3,c4,c5,c6,c7,c8,c9,c10,c11,c12,c13,c14,c15,c16,c17,c18,c19,c20,c21,c22,c23,c24,c25,c26
0.0000,0.0000,0.0000,0.0000,0.0000,0.0011,0.0023,0.0020,0.0073,0.0022,0.0096,0.0032,0.6545,0.5640,1.0000,0.6756,0.1803,0.0472,0.0460,0.0132,0.0044,0.1383,0.0069,0.0027,0.0861,0.0727
0.0000,0.0134,0.0014,0.0000,0.0001,0.0005,0.0021,0.0036,0.0069,0.0058,0.1301,0.0730,0.5562,0.9552,0.0158,0.6926,0.0092,0.0039,0.0300,0.0042,0.0047,0.0035,0.0087,0.0059,0.0051,0.0051
0.0000,0.0014,0.0480,0.0122,0.0006,0.0000,0.0003,0.0002,0.0157,0.0102,0.9998,0.1860,0.9934,0.1174,0.0015,0.0324,0.0048,0.0010,0.0184,0.0024,0.0027,0.0016,0.0101,0.0025,0.0111,0.0025
0.0000,0.0000,0.0122,0.0004,0.0005,0.0000,0.0002,0.0013,0.0240,0.1106,0.6387,1.0000,0.8615,0.2006,0.0024,0.0100,0.0072,0.0035,0.0082,0.0035,0.0153,0.0015,0.0198,0.0024,0.0034,0.0031
0.0000,0.0001,0.0006,0.0005,0.2115,0.0061,0.0006,0.0121,0.3515,0.0180,0.9801,0.9682,0.0185,0.0093,0.0013,0.0067,0.0050,0.0019,0.0044,0.0027,0.0028,0.0018,0.0119,0.0046,0.0023,0.0019
0.0011,0.0005,0.0000,0.0000,0.0061,0.0179,0.0629,0.3381,0.1370,0.0299,0.0630,0.9713,0.0026,0.0091,0.0014,0.0135,0.0021,0.0016,0.0069,0.0025,0.0135,0.0023,0.0755,0.0026,0.0031,0.0044
0.0023,0.0021,0.0003,0.0002,0.0006,0.0629,0.1502,0.4559,0.0046,0.0071,0.0039,0.2214,0.0038,0.0147,0.0010,0.0053,0.0061,0.0031,0.0185,0.0064,0.0148,0.0025,0.0706,0.0092,0.0045,0.0033
0.0020,0.0036,0.0002,0.0013,0.0121,0.3381,0.4559,0.0165,0.5416,0.0031,0.0010,0.0055,0.0009,0.0061,0.0007,0.0034,0.0075,0.0010,0.0050,0.0052,0.0066,0.0024,0.1930,0.0087,0.0085,0.0062
0.0073,0.0069,0.0157,0.0240,0.3515,0.1370,0.0046,0.5416,0.0126,0.1504,0.0000,0.0000,0.0001,0.0001,0.0015,0.0093,0.0227,0.0017,0.0008,0.0090,0.0100,0.0064,0.0639,0.0352,0.0517,0.0338
0.0022,0.0058,0.0102,0.1106,0.0180,0.0299,0.0071,0.0031,0.1504,0.0192,0.0024,0.0000,0.0001,0.0003,0.0006,0.0074,0.0099,0.0025,0.0025,0.0042,0.0237,0.0033,0.9522,0.0535,0.1739,0.1481
0.0096,0.1301,0.9998,0.6387,0.9801,0.0630,0.0039,0.0010,0.0000,0.0024,0.0110,0.0000,0.0000,0.0000,0.0000,0.0005,0.0036,0.0012,0.0035,0.0027,0.0041,0.0025,0.1984,0.2003,0.6166,0.0295
0.0032,0.0730,0.1860,1.0000,0.9682,0.9713,0.2214,0.0055,0.0000,0.0000,0.0000,0.0000,0.0000,0.0000,0.0000,0.0002,0.0001,0.0016,0.0144,0.0055,0.9985,0.0101,0.9994,0.1701,0.0042,0.0008
0.6545,0.5562,0.9934,0.8615,0.0185,0.0026,0.0038,0.0009,0.0001,0.0001,0.0000,0.0000,0.0000,0.0000,0.0000,0.0000,0.0000,0.0005,0.1248,0.0469,0.2841,0.9998,0.3544,0.8072,0.8190,0.5497
0.5640,0.9552,0.1174,0.2006,0.0093,0.0091,0.0147,0.0061,0.0001,0.0003,0.0000,0.0000,0.0000,0.0000,0.0001,0.0012,0.0006,0.0097,0.9899,0.6882,0.9999,0.0223,0.0376,0.0101,0.0020,0.0005
1.0000,0.0158,0.0015,0.0024,0.0013,0.0014,0.0010,0.0007,0.0015,0.0006,0.0000,0.0000,0.0000,0.0001,0.0097,0.0064,0.1397,0.9934,0.0111,0.7866,0.0268,0.1191,0.0016,0.0060,0.0092,0.0121
0.6756,0.6926,0.0324,0.0100,0.0067,0.0135,0.0053,0.0034,0.0093,0.0074,0.0005,0.0002,0.0000,0.0012,0.0064,0.0250,0.1473,0.0002,0.0593,0.0085,0.0493,0.0054,0.0029,0.0046,0.0045,0.0021
0.1803,0.0092,0.0048,0.0072,0.0050,0.0021,0.0061,0.0075,0.0227,0.0099,0.0036,0.0001,0.0000,0.0006,0.1397,0.1473,0.1408,0.4571,0.0003,0.0111,0.0005,0.0018,0.0061,0.0192,0.0140,0.0193
0.0472,0.0039,0.0010,0.0035,0.0019,0.0016,0.0031,0.0010,0.0017,0.0025,0.0012,0.0016,0.0005,0.0097,0.9934,0.0002,0.4571,0.0493,0.2341,0.0212,0.0005,0.0047,0.0040,0.0134,0.0062,0.0097
0.0460,0.0300,0.0184,0.0082,0.0044,0.0069,0.0185,0.0050,0.0008,0.0025,0.0035,0.0144,0.1248,0.9899,0.0111,0.0593,0.0003,0.2341,0.7397,0.0018,0.0000,0.0000,0.0001,0.0010,0.0122,0.0187
0.0132,0.0042,0.0024,0.0035,0.0027,0.0025,0.0064,0.0052,0.0090,0.0042,0.0027,0.0055,0.0469,0.6882,0.7866,0.0085,0.0111,0.0212,0.0018,0.0943,0.0007,0.0000,0.0002,0.0065,0.0057,0.0188
0.0044,0.0047,0.0027,0.0153,0.0028,0.0135,0.0148,0.0066,0.0100,0.0237,0.0041,0.9985,0.2841,0.9999,0.0268,0.0493,0.0005,0.0005,0.0000,0.0007,0.1735,0.0002,0.0000,0.0001,0.0002,0.0009
0.1383,0.0035,0.0016,0.0015,0.0018,0.0023,0.0025,0.0024,0.0064,0.0033,0.0025,0.0101,0.9998,0.0223,0.1191,0.0054,0.0018,0.0047,0.0000,0.0000,0.0002,0.9999,0.0001,0.0017,0.0063,0.0593
0.0069,0.0087,0.0101,0.0198,0.0119,0.0755,0.0706,0.1930,0.0639,0.9522,0.1984,0.9994,0.3544,0.0376,0.0016,0.0029,0.0061,0.0040,0.0001,0.0002,0.0000,0.0001,0.0032,0.0013,0.0000,0.0000
0.0027,0.0059,0.0025,0.0024,0.0046,0.0026,0.0092,0.0087,0.0352,0.0535,0.2003,0.1701,0.8072,0.0101,0.0060,0.0046,0.0192,0.0134,0.0010,0.0065,0.0001,0.0017,0.0013,0.2145,0.0005,0.0000
0.0861,0.0051,0.0111,0.0034,0.0023,0.0031,0.0045,0.0085,0.0517,0.1739,0.6166,0.0042,0.8190,0.0020,0.0092,0.0045,0.0140,0.0062,0.0122,0.0057,0.0002,0.0063,0.0000,0.0005,0.0070,0.0193
0.0727,0.0051,0.0025,0.0031,0.0019,0.0044,0.0033,0.0062,0.0338,0.1481,0.0295,0.0008,0.5497,0.0005,0.0121,0.0021,0.0193,0.0097,0.0187,0.0188,0.0009,0.0593,0.0000,0.0000,0.0193,0.2933