c1,c2,c3,c4,c5,c6,c7,c8,c9,c10,c11,c12,c13,c14,c15,c16,c17,c18,c19,c20,c21,c22,c23,c24,c25,c26
0.0000,0.0000,0.0000,0.0000,0.0000,0.0003,0.0026,0.0014,0.0076,0.0017,0.0031,0.0006,0.5998,0.0617,1.0000,0.7596,0.3374,0.0880,0.0505,0.0195,0.0047,0.2634,0.0085,0.0030,0.1356,0.4801
0.0000,0.0108,0.0011,0.0000,0.0001,0.0000,0.0016,0.0014,0.0075,0.0034,0.0205,0.0070,0.5275,0.9940,0.0183,0.9278,0.0278,0.0053,0.0232,0.0058,0.0026,0.0027,0.0076,0.0073,0.0136,0.0064
0.0000,0.0011,0.0253,0.0022,0.0002,0.0000,0.0002,0.0001,0.0099,0.0126,1.0000,0.0311,0.9999,0.1143,0.0018,0.0331,0.0094,0.0018,0.0243,0.0028,0.0021,0.0019,0.0055,0.0025,0.0164,0.0046
0.0000,0.0000,0.0022,0.0003,0.0004,0.0000,0.0000,0.0001,0.0032,0.0319,0.7744,1.0000,0.9685,0.7693,0.0021,0.0067,0.0054,0.0032,0.0076,0.0061,0.0187,0.0020,0.0302,0.0028,0.0056,0.0038
0.0000,0.0001,0.0002,0.0004,0.1387,0.0009,0.0001,0.0011,0.4471,0.0234,0.9995,0.8247,0.0444,0.0069,0.0015,0.0088,0.0092,0.0027,0.0090,0.0053,0.0037,0.0026,0.0071,0.0058,0.0051,0.0036
0.0003,0.0000,0.0000,0.0000,0.0009,0.0043,0.0493,0.7335,0.0569,0.3564,0.1103,0.9825,0.0023,0.0120,0.0023,0.0106,0.0026,0.0023,0.0045,0.0036,0.0513,0.0035,0.4925,0.0052,0.0107,0.0064
0.0026,0.0016,0.0002,0.0000,0.0001,0.0493,0.0650,0.5183,0.0052,0.0393,0.0032,0.1578,0.0046,0.0066,0.0012,0.0074,0.0081,0.0042,0.0315,0.0098,0.0370,0.0029,0.0750,0.0196,0.0088,0.0041
0.0014,0.0014,0.0001,0.0001,0.0011,0.7335,0.5183,0.0573,0.1367,0.0306,0.0003,0.0064,0.0004,0.0030,0.0007,0.0052,0.0116,0.0023,0.0114,0.0041,0.0228,0.0026,0.5089,0.0435,0.0080,0.0037
0.0076,0.0075,0.0099,0.0032,0.4471,0.0569,0.0052,0.1367,0.0144,0.1127,0.0000,0.0000,0.0001,0.0001,0.0026,0.0164,0.0238,0.0036,0.0083,0.0174,0.0141,0.0097,0.0566,0.0259,0.0550,0.0437
0.0017,0.0034,0.0126,0.0319,0.0234,0.3564,0.0393,0.0306,0.1127,0.0087,0.0009,0.0000,0.0001,0.0001,0.0005,0.0056,0.0107,0.0025,0.0020,0.0042,0.0096,0.0032,0.8671,0.0984,0.2048,0.1635
0.0031,0.0205,1.0000,0.7744,0.9995,0.1103,0.0032,0.0003,0.0000,0.0009,0.0090,0.0000,0.0000,0.0000,0.0000,0.0005,0.0030,0.0014,0.0027,0.0031,0.0026,0.0028,0.0666,0.0872,0.2706,0.0514
0.0006,0.0070,0.0311,1.0000,0.8247,0.9825,0.1578,0.0064,0.0000,0.0000,0.0000,0.0000,0.0000,0.0000,0.0000,0.0003,0.0002,0.0030,0.0129,0.0127,0.9987,0.0169,0.9998,0.1674,0.0040,0.0009
0.5998,0.5275,0.9999,0.9685,0.0444,0.0023,0.0046,0.0004,0.0001,0.0001,0.0000,0.0000,0.0000,0.0000,0.0000,0.0000,0.0000,0.0004,0.0247,0.0609,0.1557,0.9999,0.6324,0.8542,0.7296,0.6641
0.0617,0.9940,0.1143,0.7693,0.0069,0.0120,0.0066,0.0030,0.0001,0.0001,0.0000,0.0000,0.0000,0.0000,0.0001,0.0028,0.0007,0.0069,0.9991,0.5884,0.9999,0.0165,0.0294,0.0042,0.0010,0.0002
1.0000,0.0183,0.0018,0.0021,0.0015,0.0023,0.0012,0.0007,0.0026,0.0005,0.0000,0.0000,0.0000,0.0001,0.0042,0.0037,0.1188,0.9940,0.0058,0.5692,0.0207,0.1785,0.0017,0.0060,0.0059,0.0080
0.7596,0.9278,0.0331,0.0067,0.0088,0.0106,0.0074,0.0052,0.0164,0.0056,0.0005,0.0003,0.0000,0.0028,0.0037,0.0275,0.1980,0.0001,0.0210,0.0081,0.0160,0.0063,0.0018,0.0024,0.0047,0.0036
0.3374,0.0278,0.0094,0.0054,0.0092,0.0026,0.0081,0.0116,0.0238,0.0107,0.0030,0.0002,0.0000,0.0007,0.1188,0.1980,0.0536,0.1871,0.0004,0.0047,0.0007,0.0016,0.0051,0.0146,0.0094,0.0126
0.0880,0.0053,0.0018,0.0032,0.0027,0.0023,0.0042,0.0023,0.0036,0.0025,0.0014,0.0030,0.0004,0.0069,0.9940,0.0001,0.1871,0.0242,0.1025,0.0065,0.0007,0.0051,0.0039,0.0243,0.0059,0.0109
0.0505,0.0232,0.0243,0.0076,0.0090,0.0045,0.0315,0.0114,0.0083,0.0020,0.0027,0.0129,0.0247,0.9991,0.0058,0.0210,0.0004,0.1025,0.6365,0.0026,0.0000,0.0000,0.0001,0.0008,0.0097,0.0115
0.0195,0.0058,0.0028,0.0061,0.0053,0.0036,0.0098,0.0041,0.0174,0.0042,0.0031,0.0127,0.0609,0.5884,0.5692,0.0081,0.0047,0.0065,0.0026,0.0861,0.0011,0.0000,0.0002,0.0082,0.0036,0.0054
0.0047,0.0026,0.0021,0.0187,0.0037,0.0513,0.0370,0.0228,0.0141,0.0096,0.0026,0.9987,0.1557,0.9999,0.0207,0.0160,0.0007,0.0007,0.0000,0.0011,0.1517,0.0002,0.0000,0.0002,0.0002,0.0003
0.2634,0.0027,0.0019,0.0020,0.0026,0.0035,0.0029,0.0026,0.0097,0.0032,0.0028,0.0169,0.9999,0.0165,0.1785,0.0063,0.0016,0.0051,0.0000,0.0000,0.0002,0.9996,0.0001,0.0020,0.0016,0.0223
0.0085,0.0076,0.0055,0.0302,0.0071,0.4925,0.0750,0.5089,0.0566,0.8671,0.0666,0.9998,0.6324,0.0294,0.0017,0.0018,0.0051,0.0039,0.0001,0.0002,0.0000,0.0001,0.0005,0.0007,0.0000,0.0000
0.0030,0.0073,0.0025,0.0028,0.0058,0.0052,0.0196,0.0435,0.0259,0.0984,0.0872,0.1674,0.8542,0.0042,0.0060,0.0024,0.0146,0.0243,0.0008,0.0082,0.0002,0.0020,0.0007,0.1029,0.0003,0.0000
0.1356,0.0136,0.0164,0.0056,0.0051,0.0107,0.0088,0.0080,0.0550,0.2048,0.2706,0.0040,0.7296,0.0010,0.0059,0.0047,0.0094,0.0059,0.0097,0.0036,0.0002,0.0016,0.0000,0.0003,0.0118,0.0381
0.4801,0.0064,0.0046,0.0038,0.0036,0.0064,0.0041,0.0037,0.0437,0.1635,0.0514,0.0009,0.6641,0.0002,0.0080,0.0036,0.0126,0.0109,0.0115,0.0054,0.0003,0.0223,0.0000,0.0000,0.0381,0.3151