c1,c2,c3,c4,c5,c6,c7,c8,c9,c10,c11,c12,c13,c14,c15,c16,c17,c18,c19,c20,c21,c22,c23,c24,c25,c26
0.0000,0.0001,0.0000,0.0000,0.0001,0.0034,0.0042,0.0041,0.0209,0.0037,0.0026,0.0008,0.4370,0.4966,0.9999,0.6891,0.2337,0.0446,0.0150,0.0112,0.0022,0.0156,0.0070,0.0020,0.0351,0.5309
0.0001,0.0324,0.0044,0.0000,0.0001,0.0002,0.0031,0.0026,0.0064,0.0086,0.2037,0.0221,0.3320,0.9504,0.0072,0.4264,0.0078,0.0029,0.0144,0.0040,0.0038,0.0021,0.0080,0.0058,0.0104,0.0070
0.0000,0.0044,0.0102,0.0162,0.0005,0.0000,0.0002,0.0002,0.0243,0.0164,1.0000,0.0679,0.9964,0.0880,0.0008,0.0150,0.0054,0.0010,0.0158,0.0025,0.0025,0.0012,0.0137,0.0018,0.0110,0.0028
0.0000,0.0000,0.0162,0.0023,0.0014,0.0000,0.0003,0.0003,0.0130,0.0240,0.2605,1.0000,0.3788,0.2273,0.0011,0.0089,0.0064,0.0032,0.0049,0.0040,0.0114,0.0015,0.0194,0.0029,0.0076,0.0044
0.0001,0.0001,0.0005,0.0014,0.0923,0.0042,0.0002,0.0041,0.2220,0.0252,0.9996,0.2483,0.0064,0.0046,0.0024,0.0051,0.0089,0.0033,0.0046,0.0065,0.0031,0.0021,0.0067,0.0076,0.0049,0.0026
0.0034,0.0002,0.0000,0.0000,0.0042,0.0062,0.0332,0.3940,0.0635,0.0994,0.1108,0.9848,0.0015,0.0113,0.0018,0.0079,0.0027,0.0026,0.0049,0.0058,0.0136,0.0026,0.0584,0.0054,0.0078,0.0049
0.0042,0.0031,0.0002,0.0003,0.0002,0.0332,0.0694,0.1208,0.0129,0.0040,0.0030,0.0173,0.0023,0.0057,0.0026,0.0093,0.0116,0.0047,0.0680,0.0082,0.0549,0.0044,0.0390,0.0332,0.0100,0.0030
0.0041,0.0026,0.0002,0.0003,0.0041,0.3940,0.1208,0.0200,0.2206,0.0019,0.0003,0.0028,0.0005,0.0029,0.0016,0.0059,0.0081,0.0026,0.0120,0.0055,0.0279,0.0055,0.2512,0.0519,0.0204,0.0074
0.0209,0.0064,0.0243,0.0130,0.2220,0.0635,0.0129,0.2206,0.0084,0.0476,0.0000,0.0000,0.0000,0.0001,0.0034,0.0175,0.0293,0.0032,0.0023,0.0097,0.0108,0.0079,0.0496,0.0340,0.1125,0.0767
0.0037,0.0086,0.0164,0.0240,0.0252,0.0994,0.0040,0.0019,0.0476,0.0060,0.0006,0.0000,0.0001,0.0001,0.0008,0.0094,0.0111,0.0035,0.0025,0.0048,0.0154,0.0061,0.9753,0.1561,0.2236,0.4530
0.0026,0.2037,1.0000,0.2605,0.9996,0.1108,0.0030,0.0003,0.0000,0.0006,0.0012,0.0000,0.0000,0.0000,0.0000,0.0005,0.0034,0.0024,0.0035,0.0023,0.0037,0.0022,0.2817,0.0571,0.3752,0.0238
0.0008,0.0221,0.0679,1.0000,0.2483,0.9848,0.0173,0.0028,0.0000,0.0000,0.0000,0.0001,0.0000,0.0000,0.0000,0.0006,0.0002,0.0045,0.0200,0.0132,0.9972,0.0308,0.9997,0.2714,0.0226,0.0019
0.4370,0.3320,0.9964,0.3788,0.0064,0.0015,0.0023,0.0005,0.0000,0.0001,0.0000,0.0000,0.0000,0.0000,0.0000,0.0000,0.0000,0.0010,0.0196,0.0741,0.3867,1.0000,0.8607,0.7399,0.9006,0.9843
0.4966,0.9504,0.0880,0.2273,0.0046,0.0113,0.0057,0.0029,0.0001,0.0001,0.0000,0.0000,0.0000,0.0000,0.0002,0.0007,0.0010,0.0084,0.9955,0.6002,0.9999,0.0328,0.1177,0.0098,0.0024,0.0002
0.9999,0.0072,0.0008,0.0011,0.0024,0.0018,0.0026,0.0016,0.0034,0.0008,0.0000,0.0000,0.0000,0.0002,0.0040,0.0151,0.0764,0.9815,0.0039,0.7568,0.0281,0.1125,0.0024,0.0083,0.0029,0.0158
0.6891,0.4264,0.0150,0.0089,0.0051,0.0079,0.0093,0.0059,0.0175,0.0094,0.0005,0.0006,0.0000,0.0007,0.0151,0.0329,0.2681,0.0001,0.0204,0.0061,0.0430,0.0053,0.0071,0.0026,0.0047,0.0028
0.2337,0.0078,0.0054,0.0064,0.0089,0.0027,0.0116,0.0081,0.0293,0.0111,0.0034,0.0002,0.0000,0.0010,0.0764,0.2681,0.0469,0.1716,0.0008,0.0045,0.0009,0.0019,0.0086,0.0190,0.0070,0.0127
0.0446,0.0029,0.0010,0.0032,0.0033,0.0026,0.0047,0.0026,0.0032,0.0035,0.0024,0.0045,0.0010,0.0084,0.9815,0.0001,0.1716,0.0215,0.2810,0.0100,0.0007,0.0042,0.0030,0.0138,0.0039,0.0102
0.0150,0.0144,0.0158,0.0049,0.0046,0.0049,0.0680,0.0120,0.0023,0.0025,0.0035,0.0200,0.0196,0.9955,0.0039,0.0204,0.0008,0.2810,0.3576,0.0066,0.0000,0.0000,0.0002,0.0018,0.0100,0.0100
0.0112,0.0040,0.0025,0.0040,0.0065,0.0058,0.0082,0.0055,0.0097,0.0048,0.0023,0.0132,0.0741,0.6002,0.7568,0.0061,0.0045,0.0100,0.0066,0.0699,0.0008,0.0000,0.0001,0.0076,0.0028,0.0077
0.0022,0.0038,0.0025,0.0114,0.0031,0.0136,0.0549,0.0279,0.0108,0.0154,0.0037,0.9972,0.3867,0.9999,0.0281,0.0430,0.0009,0.0007,0.0000,0.0008,0.0433,0.0002,0.0000,0.0002,0.0002,0.0003
0.0156,0.0021,0.0012,0.0015,0.0021,0.0026,0.0044,0.0055,0.0079,0.0061,0.0022,0.0308,1.0000,0.0328,0.1125,0.0053,0.0019,0.0042,0.0000,0.0000,0.0002,0.9992,0.0000,0.0017,0.0024,0.0650
0.0070,0.0080,0.0137,0.0194,0.0067,0.0584,0.0390,0.2512,0.0496,0.9753,0.2817,0.9997,0.8607,0.1177,0.0024,0.0071,0.0086,0.0030,0.0002,0.0001,0.0000,0.0000,0.0006,0.0002,0.0000,0.0000
0.0020,0.0058,0.0018,0.0029,0.0076,0.0054,0.0332,0.0519,0.0340,0.1561,0.0571,0.2714,0.7399,0.0098,0.0083,0.0026,0.0190,0.0138,0.0018,0.0076,0.0002,0.0017,0.0002,0.0908,0.0003,0.0000
0.0351,0.0104,0.0110,0.0076,0.0049,0.0078,0.0100,0.0204,0.1125,0.2236,0.3752,0.0226,0.9006,0.0024,0.0029,0.0047,0.0070,0.0039,0.0100,0.0028,0.0002,0.0024,0.0000,0.0003,0.0068,0.0018
0.5309,0.0070,0.0028,0.0044,0.0026,0.0049,0.0030,0.0074,0.0767,0.4530,0.0238,0.0019,0.9843,0.0002,0.0158,0.0028,0.0127,0.0102,0.0100,0.0077,0.0003,0.0650,0.0000,0.0000,0.0018,0.0315