c1,c2,c3,c4,c5,c6,c7,c8,c9,c10,c11,c12,c13,c14,c15,c16,c17,c18,c19,c20,c21,c22,c23,c24,c25,c26
0.0000,0.0000,0.0000,0.0000,0.0000,0.0014,0.0030,0.0033,0.0217,0.0042,0.0029,0.0009,0.5576,0.7405,0.9999,0.7470,0.2582,0.0501,0.0215,0.0148,0.0028,0.0304,0.0048,0.0019,0.0502,0.7932
0.0000,0.0287,0.0070,0.0000,0.0001,0.0001,0.0021,0.0025,0.0054,0.0068,0.0984,0.0260,0.4361,0.9714,0.0099,0.6538,0.0108,0.0032,0.0218,0.0044,0.0041,0.0026,0.0076,0.0063,0.0089,0.0057
0.0000,0.0070,0.0102,0.0164,0.0004,0.0000,0.0002,0.0002,0.0221,0.0199,1.0000,0.0781,0.9981,0.0891,0.0008,0.0211,0.0049,0.0009,0.0287,0.0022,0.0027,0.0011,0.0073,0.0015,0.0071,0.0024
0.0000,0.0000,0.0164,0.0015,0.0013,0.0000,0.0003,0.0003,0.0116,0.0290,0.2142,1.0000,0.5581,0.3735,0.0012,0.0091,0.0055,0.0037,0.0075,0.0048,0.0199,0.0019,0.0145,0.0027,0.0047,0.0038
0.0000,0.0001,0.0004,0.0013,0.0842,0.0035,0.0001,0.0036,0.2456,0.0331,0.9998,0.3040,0.0064,0.0050,0.0026,0.0061,0.0074,0.0031,0.0065,0.0056,0.0039,0.0022,0.0087,0.0058,0.0029,0.0032
0.0014,0.0001,0.0000,0.0000,0.0035,0.0045,0.0286,0.4946,0.0639,0.1429,0.0928,0.9827,0.0012,0.0120,0.0017,0.0120,0.0029,0.0023,0.0061,0.0055,0.0293,0.0030,0.1434,0.0061,0.0075,0.0051
0.0030,0.0021,0.0002,0.0003,0.0001,0.0286,0.0850,0.1559,0.0110,0.0047,0.0029,0.0164,0.0029,0.0073,0.0022,0.0090,0.0136,0.0052,0.0573,0.0093,0.0638,0.0045,0.0470,0.0285,0.0132,0.0032
0.0033,0.0025,0.0002,0.0003,0.0036,0.4946,0.1559,0.0185,0.2484,0.0023,0.0003,0.0019,0.0005,0.0030,0.0016,0.0056,0.0080,0.0023,0.0122,0.0063,0.0243,0.0056,0.2883,0.0438,0.0220,0.0056
0.0217,0.0054,0.0221,0.0116,0.2456,0.0639,0.0110,0.2484,0.0053,0.0571,0.0000,0.0000,0.0000,0.0001,0.0035,0.0166,0.0315,0.0024,0.0025,0.0097,0.0102,0.0084,0.0587,0.0280,0.1112,0.0793
0.0042,0.0068,0.0199,0.0290,0.0331,0.1429,0.0047,0.0023,0.0571,0.0072,0.0009,0.0000,0.0001,0.0001,0.0008,0.0070,0.0084,0.0027,0.0023,0.0052,0.0158,0.0060,0.9743,0.0897,0.2846,0.1557
0.0029,0.0984,1.0000,0.2142,0.9998,0.0928,0.0029,0.0003,0.0000,0.0009,0.0011,0.0000,0.0000,0.0000,0.0000,0.0003,0.0034,0.0019,0.0042,0.0023,0.0052,0.0030,0.2418,0.1064,0.2992,0.0158
0.0009,0.0260,0.0781,1.0000,0.3040,0.9827,0.0164,0.0019,0.0000,0.0000,0.0000,0.0000,0.0000,0.0000,0.0000,0.0006,0.0002,0.0034,0.0234,0.0128,0.9968,0.0424,0.9995,0.3813,0.0111,0.0019
0.5576,0.4361,0.9981,0.5581,0.0064,0.0012,0.0029,0.0005,0.0000,0.0001,0.0000,0.0000,0.0000,0.0000,0.0000,0.0000,0.0000,0.0008,0.0390,0.0793,0.2877,1.0000,0.6072,0.8016,0.8760,0.8517
0.7405,0.9714,0.0891,0.3735,0.0050,0.0120,0.0073,0.0030,0.0001,0.0001,0.0000,0.0000,0.0000,0.0000,0.0002,0.0004,0.0010,0.0107,0.9839,0.6236,0.9995,0.0252,0.0235,0.0086,0.0025,0.0004
0.9999,0.0099,0.0008,0.0012,0.0026,0.0017,0.0022,0.0016,0.0035,0.0008,0.0000,0.0000,0.0000,0.0002,0.0055,0.0098,0.0529,0.9847,0.0035,0.8056,0.0166,0.0942,0.0021,0.0072,0.0061,0.0110
0.7470,0.6538,0.0211,0.0091,0.0061,0.0120,0.0090,0.0056,0.0166,0.0070,0.0003,0.0006,0.0000,0.0004,0.0098,0.0296,0.2618,0.0001,0.0211,0.0068,0.0329,0.0050,0.0047,0.0029,0.0043,0.0034
0.2582,0.0108,0.0049,0.0055,0.0074,0.0029,0.0136,0.0080,0.0315,0.0084,0.0034,0.0002,0.0000,0.0010,0.0529,0.2618,0.0514,0.3578,0.0004,0.0055,0.0007,0.0022,0.0071,0.0154,0.0106,0.0156
0.0501,0.0032,0.0009,0.0037,0.0031,0.0023,0.0052,0.0023,0.0024,0.0027,0.0019,0.0034,0.0008,0.0107,0.9847,0.0001,0.3578,0.0201,0.2245,0.0074,0.0006,0.0031,0.0041,0.0152,0.0039,0.0144
0.0215,0.0218,0.0287,0.0075,0.0065,0.0061,0.0573,0.0122,0.0025,0.0023,0.0042,0.0234,0.0390,0.9839,0.0035,0.0211,0.0004,0.2245,0.4525,0.0027,0.0000,0.0000,0.0003,0.0012,0.0131,0.0101
0.0148,0.0044,0.0022,0.0048,0.0056,0.0055,0.0093,0.0063,0.0097,0.0052,0.0023,0.0128,0.0793,0.6236,0.8056,0.0068,0.0055,0.0074,0.0027,0.0616,0.0009,0.0000,0.0001,0.0046,0.0045,0.0083
0.0028,0.0041,0.0027,0.0199,0.0039,0.0293,0.0638,0.0243,0.0102,0.0158,0.0052,0.9968,0.2877,0.9995,0.0166,0.0329,0.0007,0.0006,0.0000,0.0009,0.0833,0.0002,0.0000,0.0002,0.0002,0.0005
0.0304,0.0026,0.0011,0.0019,0.0022,0.0030,0.0045,0.0056,0.0084,0.0060,0.0030,0.0424,1.0000,0.0252,0.0942,0.0050,0.0022,0.0031,0.0000,0.0000,0.0002,0.9994,0.0001,0.0013,0.0024,0.0136
0.0048,0.0076,0.0073,0.0145,0.0087,0.1434,0.0470,0.2883,0.0587,0.9743,0.2418,0.9995,0.6072,0.0235,0.0021,0.0047,0.0071,0.0041,0.0003,0.0001,0.0000,0.0001,0.0012,0.0006,0.0000,0.0000
0.0019,0.0063,0.0015,0.0027,0.0058,0.0061,0.0285,0.0438,0.0280,0.0897,0.1064,0.3813,0.8016,0.0086,0.0072,0.0029,0.0154,0.0152,0.0012,0.0046,0.0002,0.0013,0.0006,0.0856,0.0004,0.0000
0.0502,0.0089,0.0071,0.0047,0.0029,0.0075,0.0132,0.0220,0.1112,0.2846,0.2992,0.0111,0.8760,0.0025,0.0061,0.0043,0.0106,0.0039,0.0131,0.0045,0.0002,0.0024,0.0000,0.0004,0.0062,0.0027
0.7932,0.0057,0.0024,0.0038,0.0032,0.0051,0.0032,0.0056,0.0793,0.1557,0.0158,0.0019,0.8517,0.0004,0.0110,0.0034,0.0156,0.0144,0.0101,0.0083,0.0005,0.0136,0.0000,0.0000,0.0027,0.2218