c1,c2,c3,c4,c5,c6,c7,c8,c9,c10,c11,c12,c13,c14,c15,c16,c17,c18,c19,c20,c21,c22,c23,c24,c25,c26
0.0000,0.0001,0.0000,0.0000,0.0001,0.0026,0.0046,0.0038,0.0216,0.0041,0.0032,0.0010,0.5194,0.5972,0.9999,0.7724,0.2128,0.0757,0.0219,0.0122,0.0049,0.0232,0.0072,0.0024,0.0443,0.3005
0.0001,0.0266,0.0062,0.0000,0.0001,0.0002,0.0029,0.0031,0.0047,0.0066,0.0536,0.0176,0.2882,0.9869,0.0144,0.4157,0.0118,0.0049,0.0135,0.0053,0.0059,0.0023,0.0077,0.0059,0.0089,0.0057
0.0000,0.0062,0.0079,0.0050,0.0003,0.0000,0.0002,0.0002,0.0174,0.0255,1.0000,0.0881,0.9948,0.1117,0.0017,0.0187,0.0052,0.0024,0.0203,0.0025,0.0030,0.0010,0.0076,0.0017,0.0095,0.0043
0.0000,0.0000,0.0050,0.0007,0.0020,0.0000,0.0003,0.0004,0.0076,0.0287,0.1776,1.0000,0.4776,0.6650,0.0022,0.0136,0.0054,0.0044,0.0060,0.0052,0.0235,0.0020,0.0160,0.0022,0.0035,0.0039
0.0001,0.0001,0.0003,0.0020,0.0489,0.0029,0.0002,0.0033,0.2223,0.0284,0.9993,0.2247,0.0061,0.0068,0.0034,0.0054,0.0088,0.0055,0.0057,0.0065,0.0050,0.0026,0.0087,0.0041,0.0037,0.0049
0.0026,0.0002,0.0000,0.0000,0.0029,0.0044,0.0456,0.2692,0.0339,0.1097,0.0507,0.9808,0.0012,0.0253,0.0038,0.0121,0.0038,0.0082,0.0043,0.0049,0.0278,0.0023,0.0971,0.0046,0.0087,0.0037
0.0046,0.0029,0.0002,0.0003,0.0002,0.0456,0.0579,0.1140,0.0124,0.0046,0.0019,0.0167,0.0029,0.0117,0.0024,0.0067,0.0150,0.0092,0.0711,0.0080,0.0327,0.0036,0.0385,0.0134,0.0131,0.0041
0.0038,0.0031,0.0002,0.0004,0.0033,0.2692,0.1140,0.0264,0.1539,0.0027,0.0003,0.0015,0.0007,0.0042,0.0039,0.0054,0.0118,0.0062,0.0100,0.0092,0.0186,0.0047,0.1642,0.0220,0.0209,0.0059
0.0216,0.0047,0.0174,0.0076,0.2223,0.0339,0.0124,0.1539,0.0028,0.0296,0.0000,0.0000,0.0001,0.0001,0.0050,0.0143,0.0282,0.0091,0.0020,0.0104,0.0102,0.0098,0.0661,0.0188,0.1491,0.0970
0.0041,0.0066,0.0255,0.0287,0.0284,0.1097,0.0046,0.0027,0.0296,0.0072,0.0009,0.0000,0.0001,0.0002,0.0014,0.0062,0.0079,0.0043,0.0023,0.0071,0.0238,0.0067,0.9306,0.0725,0.2934,0.1196
0.0032,0.0536,1.0000,0.1776,0.9993,0.0507,0.0019,0.0003,0.0000,0.0009,0.0009,0.0000,0.0000,0.0000,0.0000,0.0004,0.0043,0.0019,0.0055,0.0030,0.0071,0.0034,0.3967,0.0939,0.1815,0.0301
0.0010,0.0176,0.0881,1.0000,0.2247,0.9808,0.0167,0.0015,0.0000,0.0000,0.0000,0.0000,0.0000,0.0000,0.0000,0.0005,0.0002,0.0060,0.0398,0.0198,0.9939,0.0650,0.9984,0.4228,0.0096,0.0016
0.5194,0.2882,0.9948,0.4776,0.0061,0.0012,0.0029,0.0007,0.0001,0.0001,0.0000,0.0000,0.0000,0.0000,0.0000,0.0000,0.0000,0.0010,0.0442,0.0779,0.1884,1.0000,0.7140,0.8973,0.6836,0.8377
0.5972,0.9869,0.1117,0.6650,0.0068,0.0253,0.0117,0.0042,0.0001,0.0002,0.0000,0.0000,0.0000,0.0001,0.0003,0.0002,0.0008,0.0031,0.8342,0.1824,0.9989,0.0448,0.0249,0.0129,0.0033,0.0004
0.9999,0.0144,0.0017,0.0022,0.0034,0.0038,0.0024,0.0039,0.0050,0.0014,0.0000,0.0000,0.0000,0.0003,0.0050,0.0144,0.0163,0.3767,0.0058,0.4019,0.0419,0.0818,0.0031,0.0076,0.0041,0.0150
0.7724,0.4157,0.0187,0.0136,0.0054,0.0121,0.0067,0.0054,0.0143,0.0062,0.0004,0.0005,0.0000,0.0002,0.0144,0.0499,0.1797,0.0001,0.0454,0.0043,0.0300,0.0050,0.0054,0.0034,0.0064,0.0049
0.2128,0.0118,0.0052,0.0054,0.0088,0.0038,0.0150,0.0118,0.0282,0.0079,0.0043,0.0002,0.0000,0.0008,0.0163,0.1797,0.0424,0.1426,0.0006,0.0052,0.0010,0.0019,0.0108,0.0212,0.0113,0.0220
0.0757,0.0049,0.0024,0.0044,0.0055,0.0082,0.0092,0.0062,0.0091,0.0043,0.0019,0.0060,0.0010,0.0031,0.3767,0.0001,0.1426,0.0640,0.0396,0.0003,0.0002,0.0087,0.0108,0.0393,0.0051,0.0252
0.0219,0.0135,0.0203,0.0060,0.0057,0.0043,0.0711,0.0100,0.0020,0.0023,0.0055,0.0398,0.0442,0.8342,0.0058,0.0454,0.0006,0.0396,0.6841,0.0035,0.0000,0.0000,0.0004,0.0012,0.0184,0.0297
0.0122,0.0053,0.0025,0.0052,0.0065,0.0049,0.0080,0.0092,0.0104,0.0071,0.0030,0.0198,0.0779,0.1824,0.4019,0.0043,0.0052,0.0003,0.0035,0.0838,0.0011,0.0000,0.0003,0.0250,0.0083,0.0163
0.0049,0.0059,0.0030,0.0235,0.0050,0.0278,0.0327,0.0186,0.0102,0.0238,0.0071,0.9939,0.1884,0.9989,0.0419,0.0300,0.0010,0.0002,0.0000,0.0011,0.1224,0.0001,0.0000,0.0001,0.0003,0.0005
0.0232,0.0023,0.0010,0.0020,0.0026,0.0023,0.0036,0.0047,0.0098,0.0067,0.0034,0.0650,1.0000,0.0448,0.0818,0.0050,0.0019,0.0087,0.0000,0.0000,0.0001,0.9971,0.0001,0.0014,0.0021,0.0150
0.0072,0.0077,0.0076,0.0160,0.0087,0.0971,0.0385,0.1642,0.0661,0.9306,0.3967,0.9984,0.7140,0.0249,0.0031,0.0054,0.0108,0.0108,0.0004,0.0003,0.0000,0.0001,0.0005,0.0004,0.0000,0.0000
0.0024,0.0059,0.0017,0.0022,0.0041,0.0046,0.0134,0.0220,0.0188,0.0725,0.0939,0.4228,0.8973,0.0129,0.0076,0.0034,0.0212,0.0393,0.0012,0.0250,0.0001,0.0014,0.0004,0.0595,0.0004,0.0000
0.0443,0.0089,0.0095,0.0035,0.0037,0.0087,0.0131,0.0209,0.1491,0.2934,0.1815,0.0096,0.6836,0.0033,0.0041,0.0064,0.0113,0.0051,0.0184,0.0083,0.0003,0.0021,0.0000,0.0004,0.0069,0.0026
0.3005,0.0057,0.0043,0.0039,0.0049,0.0037,0.0041,0.0059,0.0970,0.1196,0.0301,0.0016,0.8377,0.0004,0.0150,0.0049,0.0220,0.0252,0.0297,0.0163,0.0005,0.0150,0.0000,0.0000,0.0026,0.0378