c1,c2,c3,c4,c5,c6,c7,c8,c9,c10,c11,c12,c13,c14,c15,c16,c17,c18,c19,c20,c21,c22,c23,c24,c25,c26
0.0000,0.0002,0.0000,0.0000,0.0006,0.0109,0.0130,0.0116,0.0067,0.0186,0.0142,0.0197,0.2764,0.9713,0.9652,0.6525,0.0378,0.0162,0.0159,0.0050,0.0035,0.0033,0.0069,0.0028,0.0177,0.1707
0.0002,0.0745,0.0026,0.0000,0.0001,0.0042,0.0031,0.0115,0.0184,0.0146,0.9917,0.0309,0.1780,0.3102,0.0060,0.0220,0.0029,0.0021,0.0074,0.0020,0.0050,0.0018,0.0038,0.0057,0.0049,0.0051
0.0000,0.0026,0.0637,0.0010,0.0000,0.0004,0.0006,0.0010,0.0271,0.0200,0.8432,0.7353,0.7585,0.2551,0.0021,0.0266,0.0038,0.0017,0.0068,0.0030,0.0040,0.0017,0.0121,0.0036,0.0073,0.0097
0.0000,0.0000,0.0010,0.0001,0.0148,0.0003,0.0011,0.0134,0.8450,0.1785,0.9990,0.8445,0.4009,0.0816,0.0088,0.0058,0.0073,0.0031,0.0089,0.0023,0.0034,0.0011,0.0037,0.0022,0.0057,0.0060
0.0006,0.0001,0.0000,0.0148,0.0235,0.0764,0.0212,0.9107,0.0258,0.0559,0.0841,0.6437,0.0033,0.0082,0.0005,0.0026,0.0031,0.0014,0.0042,0.0032,0.0038,0.0009,0.0098,0.0032,0.0027,0.0049
0.0109,0.0042,0.0004,0.0003,0.0764,0.0480,0.0270,0.0003,0.0447,0.0052,0.0883,0.0454,0.0021,0.0028,0.0019,0.0078,0.0033,0.0038,0.0103,0.0047,0.0148,0.0049,0.0126,0.0081,0.0092,0.0212
0.0130,0.0031,0.0006,0.0011,0.0212,0.0270,0.0347,0.0277,0.0013,0.0013,0.0009,0.0087,0.0016,0.0079,0.0021,0.0046,0.0072,0.0068,0.0439,0.0088,0.0158,0.0097,0.0616,0.0215,0.0140,0.0098
0.0116,0.0115,0.0010,0.0134,0.9107,0.0003,0.0277,0.0104,0.0783,0.0002,0.0003,0.0017,0.0006,0.0022,0.0018,0.0047,0.0092,0.0025,0.0121,0.0061,0.0197,0.0070,0.0617,0.0223,0.0152,0.0150
0.0067,0.0184,0.0271,0.8450,0.0258,0.0447,0.0013,0.0783,0.2170,0.0091,0.0000,0.0000,0.0000,0.0001,0.0033,0.0099,0.0145,0.0062,0.0049,0.0046,0.0067,0.0051,0.0601,0.0475,0.3930,0.2589
0.0186,0.0146,0.0200,0.1785,0.0559,0.0052,0.0013,0.0002,0.0091,0.0064,0.0004,0.0000,0.0001,0.0001,0.0014,0.0100,0.0073,0.0095,0.0106,0.0044,0.0445,0.0147,0.9528,0.2723,0.1034,0.0601
0.0142,0.9917,0.8432,0.9990,0.0841,0.0883,0.0009,0.0003,0.0000,0.0004,0.0001,0.0000,0.0000,0.0001,0.0001,0.0025,0.0044,0.0086,0.0273,0.0051,0.0270,0.0044,0.2756,0.3466,0.1335,0.0212
0.0197,0.0309,0.7353,0.8445,0.6437,0.0454,0.0087,0.0017,0.0000,0.0000,0.0000,0.0002,0.0000,0.0000,0.0001,0.0006,0.0006,0.0131,0.0733,0.0706,0.9979,0.1406,0.9991,0.3391,0.0065,0.0034
0.2764,0.1780,0.7585,0.4009,0.0033,0.0021,0.0016,0.0006,0.0000,0.0001,0.0000,0.0000,0.0000,0.0000,0.0000,0.0002,0.0001,0.0062,0.3357,0.1903,0.2120,1.0000,0.5831,0.6326,0.1675,0.2251
0.9713,0.3102,0.2551,0.0816,0.0082,0.0028,0.0079,0.0022,0.0001,0.0001,0.0001,0.0000,0.0000,0.0004,0.0034,0.0003,0.0005,0.0017,0.5733,0.6125,0.9953,0.0539,0.0478,0.0072,0.0052,0.0011
0.9652,0.0060,0.0021,0.0088,0.0005,0.0019,0.0021,0.0018,0.0033,0.0014,0.0001,0.0001,0.0000,0.0034,0.0023,0.0124,0.0809,0.8808,0.0346,0.3715,0.0191,0.0629,0.0032,0.0048,0.0064,0.0057
0.6525,0.0220,0.0266,0.0058,0.0026,0.0078,0.0046,0.0047,0.0099,0.0100,0.0025,0.0006,0.0002,0.0003,0.0124,0.0358,0.0934,0.0003,0.0490,0.0071,0.0269,0.0177,0.0049,0.0031,0.0031,0.0047
0.0378,0.0029,0.0038,0.0073,0.0031,0.0033,0.0072,0.0092,0.0145,0.0073,0.0044,0.0006,0.0001,0.0005,0.0809,0.0934,0.1766,0.1815,0.0007,0.0134,0.0015,0.0047,0.0069,0.0147,0.0145,0.0115
0.0162,0.0021,0.0017,0.0031,0.0014,0.0038,0.0068,0.0025,0.0062,0.0095,0.0086,0.0131,0.0062,0.0017,0.8808,0.0003,0.1815,0.0510,0.0419,0.0015,0.0004,0.0052,0.0041,0.0214,0.0056,0.0088
0.0159,0.0074,0.0068,0.0089,0.0042,0.0103,0.0439,0.0121,0.0049,0.0106,0.0273,0.0733,0.3357,0.5733,0.0346,0.0490,0.0007,0.0419,0.1127,0.0042,0.0000,0.0000,0.0001,0.0005,0.0084,0.0096
0.0050,0.0020,0.0030,0.0023,0.0032,0.0047,0.0088,0.0061,0.0046,0.0044,0.0051,0.0706,0.1903,0.6125,0.3715,0.0071,0.0134,0.0015,0.0042,0.0619,0.0009,0.0001,0.0003,0.0071,0.0044,0.0056
0.0035,0.0050,0.0040,0.0034,0.0038,0.0148,0.0158,0.0197,0.0067,0.0445,0.0270,0.9979,0.2120,0.9953,0.0191,0.0269,0.0015,0.0004,0.0000,0.0009,0.0947,0.0004,0.0000,0.0002,0.0008,0.0008
0.0033,0.0018,0.0017,0.0011,0.0009,0.0049,0.0097,0.0070,0.0051,0.0147,0.0044,0.1406,1.0000,0.0539,0.0629,0.0177,0.0047,0.0052,0.0000,0.0001,0.0004,0.9869,0.0002,0.0003,0.0016,0.0020
0.0069,0.0038,0.0121,0.0037,0.0098,0.0126,0.0616,0.0617,0.0601,0.9528,0.2756,0.9991,0.5831,0.0478,0.0032,0.0049,0.0069,0.0041,0.0001,0.0003,0.0000,0.0002,0.0042,0.0004,0.0000,0.0000
0.0028,0.0057,0.0036,0.0022,0.0032,0.0081,0.0215,0.0223,0.0475,0.2723,0.3466,0.3391,0.6326,0.0072,0.0048,0.0031,0.0147,0.0214,0.0005,0.0071,0.0002,0.0003,0.0004,0.0257,0.0018,0.0000
0.0177,0.0049,0.0073,0.0057,0.0027,0.0092,0.0140,0.0152,0.3930,0.1034,0.1335,0.0065,0.1675,0.0052,0.0064,0.0031,0.0145,0.0056,0.0084,0.0044,0.0008,0.0016,0.0000,0.0018,0.0495,0.0014
0.1707,0.0051,0.0097,0.0060,0.0049,0.0212,0.0098,0.0150,0.2589,0.0601,0.0212,0.0034,0.2251,0.0011,0.0057,0.0047,0.0115,0.0088,0.0096,0.0056,0.0008,0.0020,0.0000,0.0000,0.0014,0.3207