c1,c2,c3,c4,c5,c6,c7,c8,c9,c10,c11,c12,c13,c14,c15,c16,c17,c18,c19,c20,c21,c22,c23,c24,c25,c26
0.0000,0.0000,0.0000,0.0000,0.0000,0.0016,0.0030,0.0034,0.0214,0.0043,0.0029,0.0008,0.4705,0.7156,0.9999,0.7151,0.2709,0.0471,0.0195,0.0144,0.0027,0.0303,0.0053,0.0019,0.0494,0.8998
0.0000,0.0292,0.0061,0.0000,0.0001,0.0002,0.0023,0.0025,0.0059,0.0079,0.1517,0.0287,0.4482,0.9584,0.0084,0.5284,0.0093,0.0030,0.0205,0.0044,0.0039,0.0026,0.0078,0.0064,0.0100,0.0060
0.0000,0.0061,0.0101,0.0186,0.0004,0.0000,0.0002,0.0002,0.0236,0.0190,1.0000,0.1068,0.9978,0.0923,0.0007,0.0189,0.0052,0.0009,0.0227,0.0024,0.0027,0.0011,0.0084,0.0015,0.0074,0.0025
0.0000,0.0000,0.0186,0.0017,0.0012,0.0000,0.0003,0.0004,0.0142,0.0309,0.2542,1.0000,0.5683,0.3182,0.0011,0.0084,0.0074,0.0034,0.0071,0.0049,0.0183,0.0019,0.0142,0.0027,0.0051,0.0040
0.0000,0.0001,0.0004,0.0012,0.1039,0.0038,0.0002,0.0041,0.2415,0.0307,0.9998,0.3540,0.0064,0.0044,0.0024,0.0057,0.0091,0.0031,0.0061,0.0061,0.0035,0.0021,0.0074,0.0058,0.0030,0.0026
0.0016,0.0002,0.0000,0.0000,0.0038,0.0054,0.0281,0.4611,0.0722,0.1236,0.0923,0.9800,0.0013,0.0126,0.0017,0.0114,0.0032,0.0026,0.0058,0.0057,0.0241,0.0028,0.1161,0.0057,0.0083,0.0052
0.0030,0.0023,0.0002,0.0003,0.0002,0.0281,0.0838,0.1469,0.0124,0.0043,0.0028,0.0171,0.0026,0.0066,0.0024,0.0097,0.0131,0.0052,0.0574,0.0095,0.0594,0.0044,0.0455,0.0288,0.0133,0.0028
0.0034,0.0025,0.0002,0.0004,0.0041,0.4611,0.1469,0.0187,0.2721,0.0019,0.0003,0.0023,0.0005,0.0029,0.0016,0.0066,0.0083,0.0026,0.0105,0.0062,0.0231,0.0056,0.3531,0.0405,0.0197,0.0052
0.0214,0.0059,0.0236,0.0142,0.2415,0.0722,0.0124,0.2721,0.0059,0.0614,0.0000,0.0000,0.0000,0.0001,0.0035,0.0191,0.0304,0.0032,0.0022,0.0101,0.0092,0.0080,0.0532,0.0282,0.1106,0.0672
0.0043,0.0079,0.0190,0.0309,0.0307,0.1236,0.0043,0.0019,0.0614,0.0068,0.0007,0.0000,0.0001,0.0001,0.0009,0.0080,0.0093,0.0035,0.0021,0.0058,0.0134,0.0057,0.9836,0.0895,0.2597,0.1562
0.0029,0.1517,1.0000,0.2542,0.9998,0.0923,0.0028,0.0003,0.0000,0.0007,0.0013,0.0000,0.0000,0.0000,0.0000,0.0004,0.0038,0.0023,0.0036,0.0025,0.0047,0.0032,0.2279,0.0997,0.2959,0.0138
0.0008,0.0287,0.1068,1.0000,0.3540,0.9800,0.0171,0.0023,0.0000,0.0000,0.0000,0.0000,0.0000,0.0000,0.0000,0.0007,0.0002,0.0038,0.0208,0.0119,0.9976,0.0380,0.9996,0.3757,0.0092,0.0019
0.4705,0.4482,0.9978,0.5683,0.0064,0.0013,0.0026,0.0005,0.0000,0.0001,0.0000,0.0000,0.0000,0.0000,0.0000,0.0000,0.0000,0.0009,0.0387,0.0819,0.3094,1.0000,0.6091,0.7977,0.8790,0.8888
0.7156,0.9584,0.0923,0.3182,0.0044,0.0126,0.0066,0.0029,0.0001,0.0001,0.0000,0.0000,0.0000,0.0000,0.0002,0.0006,0.0009,0.0094,0.9953,0.5723,0.9998,0.0245,0.0269,0.0077,0.0023,0.0003
0.9999,0.0084,0.0007,0.0011,0.0024,0.0017,0.0024,0.0016,0.0035,0.0009,0.0000,0.0000,0.0000,0.0002,0.0050,0.0113,0.0599,0.9879,0.0039,0.8124,0.0150,0.0904,0.0019,0.0092,0.0056,0.0139
0.7151,0.5284,0.0189,0.0084,0.0057,0.0114,0.0097,0.0066,0.0191,0.0080,0.0004,0.0007,0.0000,0.0006,0.0113,0.0258,0.3349,0.0001,0.0212,0.0065,0.0306,0.0051,0.0050,0.0028,0.0044,0.0027
0.2709,0.0093,0.0052,0.0074,0.0091,0.0032,0.0131,0.0083,0.0304,0.0093,0.0038,0.0002,0.0000,0.0009,0.0599,0.3349,0.0449,0.1892,0.0004,0.0031,0.0007,0.0019,0.0096,0.0178,0.0124,0.0113
0.0471,0.0030,0.0009,0.0034,0.0031,0.0026,0.0052,0.0026,0.0032,0.0035,0.0023,0.0038,0.0009,0.0094,0.9879,0.0001,0.1892,0.0181,0.1974,0.0101,0.0005,0.0034,0.0037,0.0157,0.0043,0.0132
0.0195,0.0205,0.0227,0.0071,0.0061,0.0058,0.0574,0.0105,0.0022,0.0021,0.0036,0.0208,0.0387,0.9953,0.0039,0.0212,0.0004,0.1974,0.3734,0.0036,0.0000,0.0000,0.0003,0.0013,0.0148,0.0082
0.0144,0.0044,0.0024,0.0049,0.0061,0.0057,0.0095,0.0062,0.0101,0.0058,0.0025,0.0119,0.0819,0.5723,0.8124,0.0065,0.0031,0.0101,0.0036,0.0584,0.0008,0.0000,0.0001,0.0049,0.0043,0.0074
0.0027,0.0039,0.0027,0.0183,0.0035,0.0241,0.0594,0.0231,0.0092,0.0134,0.0047,0.9976,0.3094,0.9998,0.0150,0.0306,0.0007,0.0005,0.0000,0.0008,0.0950,0.0002,0.0000,0.0002,0.0002,0.0005
0.0303,0.0026,0.0011,0.0019,0.0021,0.0028,0.0044,0.0056,0.0080,0.0057,0.0032,0.0380,1.0000,0.0245,0.0904,0.0051,0.0019,0.0034,0.0000,0.0000,0.0002,0.9995,0.0001,0.0015,0.0020,0.0239
0.0053,0.0078,0.0084,0.0142,0.0074,0.1161,0.0455,0.3531,0.0532,0.9836,0.2279,0.9996,0.6091,0.0269,0.0019,0.0050,0.0096,0.0037,0.0003,0.0001,0.0000,0.0001,0.0009,0.0005,0.0000,0.0000
0.0019,0.0064,0.0015,0.0027,0.0058,0.0057,0.0288,0.0405,0.0282,0.0895,0.0997,0.3757,0.7977,0.0077,0.0092,0.0028,0.0178,0.0157,0.0013,0.0049,0.0002,0.0015,0.0005,0.0938,0.0003,0.0000
0.0494,0.0100,0.0074,0.0051,0.0030,0.0083,0.0133,0.0197,0.1106,0.2597,0.2959,0.0092,0.8790,0.0023,0.0056,0.0044,0.0124,0.0043,0.0148,0.0043,0.0002,0.0020,0.0000,0.0003,0.0072,0.0027
0.8998,0.0060,0.0025,0.0040,0.0026,0.0052,0.0028,0.0052,0.0672,0.1562,0.0138,0.0019,0.8888,0.0003,0.0139,0.0027,0.0113,0.0132,0.0082,0.0074,0.0005,0.0239,0.0000,0.0000,0.0027,0.2184