c1,c2,c3,c4,c5,c6,c7,c8,c9,c10,c11,c12,c13,c14,c15,c16,c17,c18,c19,c20,c21,c22,c23,c24,c25,c26
0.0000,0.0002,0.0000,0.0000,0.0001,0.0036,0.0032,0.0022,0.0066,0.0023,0.0020,0.0027,0.0886,0.5803,0.9991,0.7473,0.3531,0.0606,0.0332,0.0202,0.0070,0.0341,0.0250,0.0042,0.0646,0.1002
0.0002,0.0070,0.0012,0.0000,0.0001,0.0010,0.0018,0.0048,0.0069,0.0043,0.0766,0.0164,0.5590,0.9907,0.0404,0.2114,0.0183,0.0050,0.0171,0.0051,0.0058,0.0030,0.0114,0.0051,0.0051,0.0042
0.0000,0.0012,0.0282,0.0020,0.0001,0.0000,0.0005,0.0003,0.0132,0.0131,0.9999,0.0679,0.9939,0.0817,0.0052,0.0220,0.0055,0.0018,0.0142,0.0033,0.0032,0.0011,0.0076,0.0031,0.0122,0.0073
0.0000,0.0000,0.0020,0.0000,0.0006,0.0000,0.0000,0.0005,0.0221,0.0599,0.9646,0.9999,0.9941,0.8670,0.0188,0.0141,0.0041,0.0107,0.0218,0.0045,0.0138,0.0017,0.0096,0.0032,0.0089,0.0028
0.0001,0.0001,0.0001,0.0006,0.0317,0.0030,0.0002,0.0031,0.0486,0.0208,0.9749,0.9749,0.0137,0.0170,0.0028,0.0105,0.0071,0.0038,0.0068,0.0044,0.0066,0.0030,0.0120,0.0091,0.0068,0.0052
0.0036,0.0010,0.0000,0.0000,0.0030,0.0089,0.0052,0.0373,0.0639,0.0195,0.8765,0.4945,0.0028,0.0026,0.0025,0.0099,0.0030,0.0030,0.0137,0.0067,0.0124,0.0049,0.0588,0.0063,0.0119,0.0098
0.0032,0.0018,0.0005,0.0000,0.0002,0.0052,0.0364,0.6135,0.0012,0.0069,0.0015,0.1652,0.0022,0.0149,0.0055,0.0049,0.0046,0.0058,0.0329,0.0116,0.0358,0.0072,0.3004,0.0210,0.0174,0.0045
0.0022,0.0048,0.0003,0.0005,0.0031,0.0373,0.6135,0.0162,0.3831,0.0040,0.0011,0.0040,0.0009,0.0020,0.0024,0.0016,0.0129,0.0019,0.0070,0.0082,0.0186,0.0032,0.0921,0.0232,0.0149,0.0135
0.0066,0.0069,0.0132,0.0221,0.0486,0.0639,0.0012,0.3831,0.0061,0.0937,0.0000,0.0000,0.0001,0.0001,0.0055,0.0055,0.0158,0.0049,0.0019,0.0100,0.0109,0.0078,0.0642,0.0236,0.2255,0.1060
0.0023,0.0043,0.0131,0.0599,0.0208,0.0195,0.0069,0.0040,0.0937,0.0199,0.0010,0.0000,0.0001,0.0001,0.0009,0.0030,0.0060,0.0045,0.0047,0.0065,0.0216,0.0086,0.9549,0.1086,0.1888,0.0654
0.0020,0.0766,0.9999,0.9646,0.9749,0.8765,0.0015,0.0011,0.0000,0.0010,0.0001,0.0000,0.0000,0.0001,0.0001,0.0010,0.0018,0.0041,0.0104,0.0030,0.0131,0.0035,0.1831,0.0971,0.1442,0.0290
0.0027,0.0164,0.0679,0.9999,0.9749,0.4945,0.1652,0.0040,0.0000,0.0000,0.0000,0.0000,0.0000,0.0000,0.0000,0.0005,0.0002,0.0062,0.0371,0.0213,0.9873,0.1545,0.9983,0.2156,0.0084,0.0036
0.0886,0.5590,0.9939,0.9941,0.0137,0.0028,0.0022,0.0009,0.0001,0.0001,0.0000,0.0000,0.0000,0.0000,0.0000,0.0000,0.0000,0.0015,0.1448,0.0752,0.1992,0.9999,0.3606,0.7178,0.2512,0.5834
0.5803,0.9907,0.0817,0.8670,0.0170,0.0026,0.0149,0.0020,0.0001,0.0001,0.0001,0.0000,0.0000,0.0000,0.0008,0.0001,0.0067,0.0106,0.3740,0.2388,0.9981,0.0077,0.0392,0.0067,0.0013,0.0008
0.9991,0.0404,0.0052,0.0188,0.0028,0.0025,0.0055,0.0024,0.0055,0.0009,0.0001,0.0000,0.0000,0.0008,0.0035,0.0060,0.0013,0.3408,0.0121,0.2060,0.0481,0.1388,0.0048,0.0068,0.0084,0.0115
0.7473,0.2114,0.0220,0.0141,0.0105,0.0099,0.0049,0.0016,0.0055,0.0030,0.0010,0.0005,0.0000,0.0001,0.0060,0.0153,0.0929,0.0004,0.1150,0.0138,0.0147,0.0086,0.0124,0.0039,0.0051,0.0143
0.3531,0.0183,0.0055,0.0041,0.0071,0.0030,0.0046,0.0129,0.0158,0.0060,0.0018,0.0002,0.0000,0.0067,0.0013,0.0929,0.0605,0.5814,0.0013,0.0362,0.0017,0.0026,0.0031,0.0156,0.0087,0.0126
0.0606,0.0050,0.0018,0.0107,0.0038,0.0030,0.0058,0.0019,0.0049,0.0045,0.0041,0.0062,0.0015,0.0106,0.3408,0.0004,0.5814,0.0193,0.1067,0.0008,0.0004,0.0023,0.0035,0.0192,0.0046,0.0153
0.0332,0.0171,0.0142,0.0218,0.0068,0.0137,0.0329,0.0070,0.0019,0.0047,0.0104,0.0371,0.1448,0.3740,0.0121,0.1150,0.0013,0.1067,0.0178,0.0023,0.0000,0.0000,0.0004,0.0009,0.0186,0.0442
0.0202,0.0051,0.0033,0.0045,0.0044,0.0067,0.0116,0.0082,0.0100,0.0065,0.0030,0.0213,0.0752,0.2388,0.2060,0.0138,0.0362,0.0008,0.0023,0.0287,0.0012,0.0000,0.0002,0.0102,0.0053,0.0116
0.0070,0.0058,0.0032,0.0138,0.0066,0.0124,0.0358,0.0186,0.0109,0.0216,0.0131,0.9873,0.1992,0.9981,0.0481,0.0147,0.0017,0.0004,0.0000,0.0012,0.1548,0.0002,0.0000,0.0001,0.0003,0.0010
0.0341,0.0030,0.0011,0.0017,0.0030,0.0049,0.0072,0.0032,0.0078,0.0086,0.0035,0.1545,0.9999,0.0077,0.1388,0.0086,0.0026,0.0023,0.0000,0.0000,0.0002,0.9937,0.0000,0.0032,0.0029,0.0069
0.0250,0.0114,0.0076,0.0096,0.0120,0.0588,0.3004,0.0921,0.0642,0.9549,0.1831,0.9983,0.3606,0.0392,0.0048,0.0124,0.0031,0.0035,0.0004,0.0002,0.0000,0.0000,0.0002,0.0004,0.0000,0.0000
0.0042,0.0051,0.0031,0.0032,0.0091,0.0063,0.0210,0.0232,0.0236,0.1086,0.0971,0.2156,0.7178,0.0067,0.0068,0.0039,0.0156,0.0192,0.0009,0.0102,0.0001,0.0032,0.0004,0.0311,0.0004,0.0000
0.0646,0.0051,0.0122,0.0089,0.0068,0.0119,0.0174,0.0149,0.2255,0.1888,0.1442,0.0084,0.2512,0.0013,0.0084,0.0051,0.0087,0.0046,0.0186,0.0053,0.0003,0.0029,0.0000,0.0004,0.0204,0.0009
0.1002,0.0042,0.0073,0.0028,0.0052,0.0098,0.0045,0.0135,0.1060,0.0654,0.0290,0.0036,0.5834,0.0008,0.0115,0.0143,0.0126,0.0153,0.0442,0.0116,0.0010,0.0069,0.0000,0.0000,0.0009,0.0196