c1,c2,c3,c4,c5,c6,c7,c8,c9,c10,c11,c12,c13,c14,c15,c16,c17,c18,c19,c20,c21,c22,c23,c24,c25,c26
0.0000,0.0001,0.0000,0.0000,0.0001,0.0039,0.0092,0.0036,0.0151,0.0029,0.0017,0.0021,0.1398,0.8417,0.9996,0.6385,0.1973,0.0402,0.0406,0.0126,0.0062,0.0287,0.0136,0.0031,0.0387,0.0831
0.0001,0.0117,0.0023,0.0000,0.0002,0.0009,0.0047,0.0072,0.0104,0.0078,0.1531,0.0204,0.4545,0.9445,0.0173,0.1574,0.0093,0.0050,0.0167,0.0045,0.0060,0.0035,0.0071,0.0052,0.0037,0.0043
0.0000,0.0023,0.0161,0.0024,0.0002,0.0000,0.0008,0.0004,0.0176,0.0120,1.0000,0.0534,0.9884,0.0864,0.0036,0.0199,0.0046,0.0018,0.0136,0.0029,0.0030,0.0015,0.0074,0.0030,0.0069,0.0052
0.0000,0.0000,0.0024,0.0001,0.0008,0.0000,0.0001,0.0013,0.0241,0.0877,0.8809,0.9999,0.9519,0.6740,0.0080,0.0136,0.0076,0.0080,0.0156,0.0040,0.0141,0.0017,0.0160,0.0047,0.0049,0.0033
0.0001,0.0002,0.0002,0.0008,0.0506,0.0061,0.0008,0.0091,0.0624,0.0225,0.9958,0.4153,0.0103,0.0054,0.0027,0.0077,0.0066,0.0042,0.0072,0.0053,0.0067,0.0029,0.0075,0.0071,0.0033,0.0050
0.0039,0.0009,0.0000,0.0000,0.0061,0.0076,0.0293,0.1122,0.0223,0.0389,0.2678,0.8591,0.0027,0.0035,0.0020,0.0076,0.0025,0.0033,0.0102,0.0056,0.0137,0.0038,0.0539,0.0055,0.0047,0.0071
0.0092,0.0047,0.0008,0.0001,0.0008,0.0293,0.1031,0.1820,0.0023,0.0033,0.0016,0.0941,0.0021,0.0069,0.0022,0.0038,0.0049,0.0063,0.0445,0.0076,0.0136,0.0034,0.0987,0.0173,0.0092,0.0049
0.0036,0.0072,0.0004,0.0013,0.0091,0.1122,0.1820,0.0085,0.3295,0.0017,0.0032,0.0050,0.0015,0.0010,0.0021,0.0022,0.0079,0.0018,0.0096,0.0082,0.0138,0.0023,0.0462,0.0176,0.0154,0.0120
0.0151,0.0104,0.0176,0.0241,0.0624,0.0223,0.0023,0.3295,0.0197,0.0358,0.0000,0.0000,0.0001,0.0001,0.0065,0.0089,0.0191,0.0053,0.0015,0.0076,0.0081,0.0075,0.0373,0.0281,0.2413,0.1448
0.0029,0.0078,0.0120,0.0877,0.0225,0.0389,0.0033,0.0017,0.0358,0.0160,0.0013,0.0000,0.0003,0.0001,0.0008,0.0034,0.0064,0.0044,0.0042,0.0054,0.0280,0.0077,0.8888,0.0888,0.2773,0.1231
0.0017,0.1531,1.0000,0.8809,0.9958,0.2678,0.0016,0.0032,0.0000,0.0013,0.0000,0.0000,0.0000,0.0001,0.0000,0.0010,0.0034,0.0033,0.0085,0.0032,0.0107,0.0020,0.2828,0.1911,0.1780,0.0142
0.0021,0.0204,0.0534,0.9999,0.4153,0.8591,0.0941,0.0050,0.0000,0.0000,0.0000,0.0000,0.0000,0.0000,0.0001,0.0010,0.0003,0.0060,0.0451,0.0246,0.9888,0.0885,0.9992,0.4033,0.0130,0.0019
0.1398,0.4545,0.9884,0.9519,0.0103,0.0027,0.0021,0.0015,0.0001,0.0003,0.0000,0.0000,0.0000,0.0000,0.0000,0.0000,0.0000,0.0018,0.2239,0.0863,0.2977,0.9998,0.4341,0.5531,0.3019,0.1583
0.8417,0.9445,0.0864,0.6740,0.0054,0.0035,0.0069,0.0010,0.0001,0.0001,0.0001,0.0000,0.0000,0.0000,0.0008,0.0001,0.0078,0.0255,0.3964,0.4234,0.9987,0.0149,0.0692,0.0049,0.0017,0.0006
0.9996,0.0173,0.0036,0.0080,0.0027,0.0020,0.0022,0.0021,0.0065,0.0008,0.0000,0.0001,0.0000,0.0008,0.0041,0.0167,0.0043,0.5663,0.0151,0.3707,0.0295,0.1223,0.0021,0.0042,0.0111,0.0065
0.6385,0.1574,0.0199,0.0136,0.0077,0.0076,0.0038,0.0022,0.0089,0.0034,0.0010,0.0010,0.0000,0.0001,0.0167,0.0370,0.0952,0.0003,0.0521,0.0123,0.0129,0.0098,0.0121,0.0041,0.0050,0.0099
0.1973,0.0093,0.0046,0.0076,0.0066,0.0025,0.0049,0.0079,0.0191,0.0064,0.0034,0.0003,0.0000,0.0078,0.0043,0.0952,0.0825,0.1602,0.0002,0.0095,0.0012,0.0040,0.0096,0.0177,0.0167,0.0441
0.0402,0.0050,0.0018,0.0080,0.0042,0.0033,0.0063,0.0018,0.0053,0.0044,0.0033,0.0060,0.0018,0.0255,0.5663,0.0003,0.1602,0.0244,0.0884,0.0009,0.0004,0.0031,0.0044,0.0188,0.0043,0.0220
0.0406,0.0167,0.0136,0.0156,0.0072,0.0102,0.0445,0.0096,0.0015,0.0042,0.0085,0.0451,0.2239,0.3964,0.0151,0.0521,0.0002,0.0884,0.0837,0.0023,0.0000,0.0000,0.0002,0.0013,0.0142,0.0890
0.0126,0.0045,0.0029,0.0040,0.0053,0.0056,0.0076,0.0082,0.0076,0.0054,0.0032,0.0246,0.0863,0.4234,0.3707,0.0123,0.0095,0.0009,0.0023,0.0633,0.0015,0.0000,0.0002,0.0047,0.0077,0.0132
0.0062,0.0060,0.0030,0.0141,0.0067,0.0137,0.0136,0.0138,0.0081,0.0280,0.0107,0.9888,0.2977,0.9987,0.0295,0.0129,0.0012,0.0004,0.0000,0.0015,0.1134,0.0003,0.0000,0.0002,0.0005,0.0012
0.0287,0.0035,0.0015,0.0017,0.0029,0.0038,0.0034,0.0023,0.0075,0.0077,0.0020,0.0885,0.9998,0.0149,0.1223,0.0098,0.0040,0.0031,0.0000,0.0000,0.0003,0.9914,0.0000,0.0028,0.0041,0.0127
0.0136,0.0071,0.0074,0.0160,0.0075,0.0539,0.0987,0.0462,0.0373,0.8888,0.2828,0.9992,0.4341,0.0692,0.0021,0.0121,0.0096,0.0044,0.0002,0.0002,0.0000,0.0000,0.0019,0.0009,0.0000,0.0000
0.0031,0.0052,0.0030,0.0047,0.0071,0.0055,0.0173,0.0176,0.0281,0.0888,0.1911,0.4033,0.5531,0.0049,0.0042,0.0041,0.0177,0.0188,0.0013,0.0047,0.0002,0.0028,0.0009,0.0201,0.0004,0.0000
0.0387,0.0037,0.0069,0.0049,0.0033,0.0047,0.0092,0.0154,0.2413,0.2773,0.1780,0.0130,0.3019,0.0017,0.0111,0.0050,0.0167,0.0043,0.0142,0.0077,0.0005,0.0041,0.0000,0.0004,0.0085,0.0028
0.0831,0.0043,0.0052,0.0033,0.0050,0.0071,0.0049,0.0120,0.1448,0.1231,0.0142,0.0019,0.1583,0.0006,0.0065,0.0099,0.0441,0.0220,0.0890,0.0132,0.0012,0.0127,0.0000,0.0000,0.0028,0.0464