c1,c2,c3,c4,c5,c6,c7,c8,c9,c10,c11,c12,c13,c14,c15,c16,c17,c18,c19,c20,c21,c22,c23,c24,c25,c26
0.0000,0.0001,0.0000,0.0000,0.0001,0.0082,0.0083,0.0067,0.0275,0.0027,0.0016,0.0012,0.3053,0.6682,0.9997,0.9069,0.2973,0.0663,0.0279,0.0090,0.0033,0.0161,0.0112,0.0026,0.0385,0.3731
0.0001,0.0159,0.0037,0.0000,0.0002,0.0003,0.0044,0.0044,0.0079,0.0067,0.1290,0.0127,0.3254,0.9882,0.0116,0.3184,0.0093,0.0039,0.0126,0.0040,0.0048,0.0030,0.0080,0.0077,0.0057,0.0061
0.0000,0.0037,0.0053,0.0049,0.0002,0.0000,0.0004,0.0004,0.0267,0.0161,1.0000,0.0372,0.9934,0.0645,0.0018,0.0136,0.0050,0.0015,0.0152,0.0021,0.0036,0.0014,0.0103,0.0024,0.0108,0.0059
0.0000,0.0000,0.0049,0.0012,0.0020,0.0000,0.0003,0.0006,0.0115,0.0288,0.5121,1.0000,0.3994,0.3916,0.0025,0.0140,0.0063,0.0062,0.0081,0.0043,0.0102,0.0024,0.0245,0.0048,0.0076,0.0053
0.0001,0.0002,0.0002,0.0020,0.0543,0.0058,0.0003,0.0037,0.1126,0.0230,0.9983,0.0953,0.0093,0.0063,0.0027,0.0052,0.0062,0.0046,0.0061,0.0048,0.0061,0.0031,0.0081,0.0090,0.0050,0.0074
0.0082,0.0003,0.0000,0.0000,0.0058,0.0019,0.0295,0.2842,0.0205,0.2213,0.1280,0.9453,0.0017,0.0055,0.0030,0.0069,0.0026,0.0025,0.0047,0.0073,0.0150,0.0027,0.0890,0.0091,0.0097,0.0063
0.0083,0.0044,0.0004,0.0003,0.0003,0.0295,0.0342,0.0836,0.0051,0.0025,0.0016,0.0098,0.0021,0.0060,0.0038,0.0052,0.0090,0.0100,0.0936,0.0091,0.0407,0.0056,0.0583,0.0436,0.0131,0.0037
0.0067,0.0044,0.0004,0.0006,0.0037,0.2842,0.0836,0.0149,0.1830,0.0043,0.0004,0.0018,0.0009,0.0021,0.0026,0.0027,0.0069,0.0022,0.0153,0.0064,0.0290,0.0055,0.0886,0.0335,0.0180,0.0086
0.0275,0.0079,0.0267,0.0115,0.1126,0.0205,0.0051,0.1830,0.0080,0.0242,0.0000,0.0000,0.0001,0.0001,0.0108,0.0170,0.0314,0.0048,0.0020,0.0081,0.0127,0.0100,0.0421,0.0239,0.1669,0.1207
0.0027,0.0067,0.0161,0.0288,0.0230,0.2213,0.0025,0.0043,0.0242,0.0075,0.0006,0.0000,0.0001,0.0001,0.0011,0.0041,0.0082,0.0038,0.0035,0.0052,0.0179,0.0104,0.8468,0.1313,0.3096,0.2004
0.0016,0.1290,1.0000,0.5121,0.9983,0.1280,0.0016,0.0004,0.0000,0.0006,0.0001,0.0000,0.0000,0.0001,0.0001,0.0012,0.0032,0.0036,0.0070,0.0031,0.0072,0.0021,0.2614,0.0794,0.1634,0.0184
0.0012,0.0127,0.0372,1.0000,0.0953,0.9453,0.0098,0.0018,0.0000,0.0000,0.0000,0.0001,0.0000,0.0000,0.0001,0.0005,0.0003,0.0077,0.0451,0.0347,0.9861,0.0915,0.9989,0.2054,0.0313,0.0054
0.3053,0.3254,0.9934,0.3994,0.0093,0.0017,0.0021,0.0009,0.0001,0.0001,0.0000,0.0000,0.0000,0.0000,0.0000,0.0000,0.0000,0.0018,0.0828,0.1127,0.3313,0.9999,0.8138,0.7129,0.4665,0.5778
0.6682,0.9882,0.0645,0.3916,0.0063,0.0055,0.0060,0.0021,0.0001,0.0001,0.0001,0.0000,0.0000,0.0001,0.0007,0.0000,0.0018,0.0108,0.5118,0.4428,0.9993,0.0418,0.1184,0.0077,0.0013,0.0006
0.9997,0.0116,0.0018,0.0025,0.0027,0.0030,0.0038,0.0026,0.0108,0.0011,0.0001,0.0001,0.0000,0.0007,0.0050,0.0151,0.0044,0.5666,0.0088,0.2948,0.0470,0.1691,0.0036,0.0063,0.0036,0.0073
0.9069,0.3184,0.0136,0.0140,0.0052,0.0069,0.0052,0.0027,0.0170,0.0041,0.0012,0.0005,0.0000,0.0000,0.0151,0.0333,0.0874,0.0007,0.0219,0.0083,0.0142,0.0092,0.0107,0.0030,0.0060,0.0083
0.2973,0.0093,0.0050,0.0063,0.0062,0.0026,0.0090,0.0069,0.0314,0.0082,0.0032,0.0003,0.0000,0.0018,0.0044,0.0874,0.0476,0.2077,0.0016,0.0081,0.0012,0.0037,0.0073,0.0193,0.0101,0.0160
0.0663,0.0039,0.0015,0.0062,0.0046,0.0025,0.0100,0.0022,0.0048,0.0038,0.0036,0.0077,0.0018,0.0108,0.5666,0.0007,0.2077,0.0178,0.3418,0.0007,0.0004,0.0021,0.0046,0.0105,0.0042,0.0097
0.0279,0.0126,0.0152,0.0081,0.0061,0.0047,0.0936,0.0153,0.0020,0.0035,0.0070,0.0451,0.0828,0.5118,0.0088,0.0219,0.0016,0.3418,0.2474,0.0076,0.0000,0.0000,0.0002,0.0012,0.0050,0.0112
0.0090,0.0040,0.0021,0.0043,0.0048,0.0073,0.0091,0.0064,0.0081,0.0052,0.0031,0.0347,0.1127,0.4428,0.2948,0.0083,0.0081,0.0007,0.0076,0.0579,0.0015,0.0001,0.0001,0.0124,0.0030,0.0081
0.0033,0.0048,0.0036,0.0102,0.0061,0.0150,0.0407,0.0290,0.0127,0.0179,0.0072,0.9861,0.3313,0.9993,0.0470,0.0142,0.0012,0.0004,0.0000,0.0015,0.0521,0.0002,0.0000,0.0002,0.0004,0.0008
0.0161,0.0030,0.0014,0.0024,0.0031,0.0027,0.0056,0.0055,0.0100,0.0104,0.0021,0.0915,0.9999,0.0418,0.1691,0.0092,0.0037,0.0021,0.0000,0.0001,0.0002,0.9763,0.0000,0.0013,0.0027,0.0131
0.0112,0.0080,0.0103,0.0245,0.0081,0.0890,0.0583,0.0886,0.0421,0.8468,0.2614,0.9989,0.8138,0.1184,0.0036,0.0107,0.0073,0.0046,0.0002,0.0001,0.0000,0.0000,0.0004,0.0001,0.0000,0.0000
0.0026,0.0077,0.0024,0.0048,0.0090,0.0091,0.0436,0.0335,0.0239,0.1313,0.0794,0.2054,0.7129,0.0077,0.0063,0.0030,0.0193,0.0105,0.0012,0.0124,0.0002,0.0013,0.0001,0.0364,0.0004,0.0000
0.0385,0.0057,0.0108,0.0076,0.0050,0.0097,0.0131,0.0180,0.1669,0.3096,0.1634,0.0313,0.4665,0.0013,0.0036,0.0060,0.0101,0.0042,0.0050,0.0030,0.0004,0.0027,0.0000,0.0004,0.0150,0.0012
0.3731,0.0061,0.0059,0.0053,0.0074,0.0063,0.0037,0.0086,0.1207,0.2004,0.0184,0.0054,0.5778,0.0006,0.0073,0.0083,0.0160,0.0097,0.0112,0.0081,0.0008,0.0131,0.0000,0.0000,0.0012,0.0312