c1,c2,c3,c4,c5,c6,c7,c8,c9,c10,c11,c12,c13,c14,c15,c16,c17,c18,c19,c20,c21,c22,c23,c24,c25,c26
0.0000,0.0000,0.0000,0.0000,0.0000,0.0003,0.0026,0.0014,0.0077,0.0019,0.0034,0.0007,0.5104,0.0685,1.0000,0.7289,0.3255,0.0831,0.0338,0.0240,0.0046,0.2304,0.0098,0.0029,0.1377,0.5460
0.0000,0.0100,0.0013,0.0000,0.0001,0.0000,0.0016,0.0014,0.0074,0.0032,0.0198,0.0086,0.5001,0.9932,0.0230,0.8756,0.0279,0.0061,0.0232,0.0056,0.0027,0.0031,0.0094,0.0062,0.0136,0.0069
0.0000,0.0013,0.0315,0.0024,0.0003,0.0000,0.0002,0.0001,0.0094,0.0127,1.0000,0.0407,0.9998,0.1465,0.0019,0.0326,0.0094,0.0018,0.0240,0.0029,0.0020,0.0018,0.0056,0.0022,0.0158,0.0045
0.0000,0.0000,0.0024,0.0005,0.0004,0.0000,0.0000,0.0001,0.0031,0.0271,0.7798,1.0000,0.9701,0.7530,0.0020,0.0063,0.0053,0.0034,0.0080,0.0060,0.0166,0.0020,0.0279,0.0025,0.0049,0.0040
0.0000,0.0001,0.0003,0.0004,0.1434,0.0012,0.0001,0.0012,0.3740,0.0202,0.9995,0.8284,0.0430,0.0062,0.0016,0.0070,0.0079,0.0028,0.0080,0.0054,0.0041,0.0027,0.0077,0.0054,0.0052,0.0036
0.0003,0.0000,0.0000,0.0000,0.0012,0.0039,0.0415,0.7825,0.0659,0.3370,0.1015,0.9717,0.0020,0.0118,0.0025,0.0109,0.0026,0.0027,0.0042,0.0053,0.0467,0.0036,0.5168,0.0048,0.0095,0.0062
0.0026,0.0016,0.0002,0.0000,0.0001,0.0415,0.0561,0.5709,0.0054,0.0297,0.0031,0.1591,0.0049,0.0070,0.0014,0.0080,0.0087,0.0044,0.0277,0.0109,0.0420,0.0030,0.0678,0.0212,0.0091,0.0036
0.0014,0.0014,0.0001,0.0001,0.0012,0.7825,0.5709,0.0561,0.1489,0.0212,0.0003,0.0057,0.0004,0.0030,0.0008,0.0048,0.0118,0.0024,0.0105,0.0044,0.0266,0.0025,0.4569,0.0404,0.0076,0.0030
0.0077,0.0074,0.0094,0.0031,0.3740,0.0659,0.0054,0.1489,0.0114,0.1267,0.0000,0.0000,0.0001,0.0001,0.0028,0.0158,0.0209,0.0043,0.0078,0.0181,0.0171,0.0101,0.0622,0.0231,0.0503,0.0363
0.0019,0.0032,0.0127,0.0271,0.0202,0.3370,0.0297,0.0212,0.1267,0.0090,0.0009,0.0000,0.0001,0.0001,0.0006,0.0065,0.0116,0.0028,0.0021,0.0035,0.0097,0.0038,0.8479,0.0974,0.2583,0.1728
0.0034,0.0198,1.0000,0.7798,0.9995,0.1015,0.0031,0.0003,0.0000,0.0009,0.0094,0.0000,0.0000,0.0000,0.0000,0.0005,0.0032,0.0015,0.0032,0.0031,0.0030,0.0035,0.0805,0.0706,0.2590,0.0436
0.0007,0.0086,0.0407,1.0000,0.8284,0.9717,0.1591,0.0057,0.0000,0.0000,0.0000,0.0000,0.0000,0.0000,0.0000,0.0004,0.0002,0.0029,0.0136,0.0119,0.9978,0.0226,0.9997,0.1900,0.0037,0.0012
0.5104,0.5001,0.9998,0.9701,0.0430,0.0020,0.0049,0.0004,0.0001,0.0001,0.0000,0.0000,0.0000,0.0000,0.0000,0.0000,0.0000,0.0004,0.0262,0.0757,0.1392,0.9999,0.5826,0.8766,0.6789,0.7289
0.0685,0.9932,0.1465,0.7530,0.0062,0.0118,0.0070,0.0030,0.0001,0.0001,0.0000,0.0000,0.0000,0.0000,0.0001,0.0055,0.0008,0.0055,0.9990,0.7327,0.9999,0.0120,0.0206,0.0041,0.0011,0.0001
1.0000,0.0230,0.0019,0.0020,0.0016,0.0025,0.0014,0.0008,0.0028,0.0006,0.0000,0.0000,0.0000,0.0001,0.0034,0.0037,0.0852,0.9900,0.0049,0.7808,0.0203,0.0934,0.0018,0.0063,0.0054,0.0076
0.7289,0.8756,0.0326,0.0063,0.0070,0.0109,0.0080,0.0048,0.0158,0.0065,0.0005,0.0004,0.0000,0.0055,0.0037,0.0308,0.2686,0.0000,0.0194,0.0073,0.0143,0.0054,0.0020,0.0025,0.0052,0.0036
0.3255,0.0279,0.0094,0.0053,0.0079,0.0026,0.0087,0.0118,0.0209,0.0116,0.0032,0.0002,0.0000,0.0008,0.0852,0.2686,0.0481,0.2000,0.0004,0.0039,0.0007,0.0016,0.0053,0.0152,0.0117,0.0121
0.0831,0.0061,0.0018,0.0034,0.0028,0.0027,0.0044,0.0024,0.0043,0.0028,0.0015,0.0029,0.0004,0.0055,0.9900,0.0000,0.2000,0.0193,0.1234,0.0071,0.0010,0.0035,0.0039,0.0245,0.0062,0.0119
0.0338,0.0232,0.0240,0.0080,0.0080,0.0042,0.0277,0.0105,0.0078,0.0021,0.0032,0.0136,0.0262,0.9990,0.0049,0.0194,0.0004,0.1234,0.5545,0.0025,0.0000,0.0000,0.0002,0.0008,0.0115,0.0109
0.0240,0.0056,0.0029,0.0060,0.0054,0.0053,0.0109,0.0044,0.0181,0.0035,0.0031,0.0119,0.0757,0.7327,0.7808,0.0073,0.0039,0.0071,0.0025,0.0574,0.0010,0.0000,0.0001,0.0044,0.0029,0.0042
0.0046,0.0027,0.0020,0.0166,0.0041,0.0467,0.0420,0.0266,0.0171,0.0097,0.0030,0.9978,0.1392,0.9999,0.0203,0.0143,0.0007,0.0010,0.0000,0.0010,0.1421,0.0002,0.0000,0.0002,0.0002,0.0004
0.2304,0.0031,0.0018,0.0020,0.0027,0.0036,0.0030,0.0025,0.0101,0.0038,0.0035,0.0226,0.9999,0.0120,0.0934,0.0054,0.0016,0.0035,0.0000,0.0000,0.0002,0.9995,0.0001,0.0034,0.0013,0.0237
0.0098,0.0094,0.0056,0.0279,0.0077,0.5168,0.0678,0.4569,0.0622,0.8479,0.0805,0.9997,0.5826,0.0206,0.0018,0.0020,0.0053,0.0039,0.0002,0.0001,0.0000,0.0001,0.0005,0.0008,0.0000,0.0000
0.0029,0.0062,0.0022,0.0025,0.0054,0.0048,0.0212,0.0404,0.0231,0.0974,0.0706,0.1900,0.8766,0.0041,0.0063,0.0025,0.0152,0.0245,0.0008,0.0044,0.0002,0.0034,0.0008,0.1040,0.0003,0.0000
0.1377,0.0136,0.0158,0.0049,0.0052,0.0095,0.0091,0.0076,0.0503,0.2583,0.2590,0.0037,0.6789,0.0011,0.0054,0.0052,0.0117,0.0062,0.0115,0.0029,0.0002,0.0013,0.0000,0.0003,0.0138,0.0275
0.5460,0.0069,0.0045,0.0040,0.0036,0.0062,0.0036,0.0030,0.0363,0.1728,0.0436,0.0012,0.7289,0.0001,0.0076,0.0036,0.0121,0.0119,0.0109,0.0042,0.0004,0.0237,0.0000,0.0000,0.0275,0.3588