c1,c2,c3,c4,c5,c6,c7,c8,c9,c10,c11,c12,c13,c14,c15,c16,c17,c18,c19,c20,c21,c22,c23,c24,c25,c26
0.0000,0.0001,0.0000,0.0000,0.0000,0.0012,0.0024,0.0023,0.0078,0.0023,0.0091,0.0031,0.4932,0.5049,0.9999,0.5579,0.2236,0.0472,0.0326,0.0171,0.0044,0.1213,0.0084,0.0030,0.0966,0.0710
0.0001,0.0156,0.0014,0.0000,0.0001,0.0005,0.0022,0.0038,0.0070,0.0057,0.1687,0.0982,0.5324,0.9365,0.0164,0.4021,0.0087,0.0041,0.0301,0.0035,0.0048,0.0034,0.0098,0.0051,0.0056,0.0047
0.0000,0.0014,0.0478,0.0177,0.0006,0.0000,0.0004,0.0002,0.0149,0.0096,0.9993,0.3210,0.9912,0.1228,0.0014,0.0271,0.0057,0.0010,0.0180,0.0024,0.0029,0.0014,0.0121,0.0023,0.0098,0.0020
0.0000,0.0000,0.0177,0.0006,0.0006,0.0000,0.0002,0.0016,0.0272,0.1125,0.6639,1.0000,0.8404,0.2116,0.0023,0.0103,0.0113,0.0033,0.0087,0.0037,0.0148,0.0012,0.0159,0.0019,0.0036,0.0027
0.0000,0.0001,0.0006,0.0006,0.2665,0.0088,0.0006,0.0133,0.2570,0.0138,0.9511,0.9601,0.0166,0.0080,0.0013,0.0064,0.0056,0.0019,0.0043,0.0031,0.0033,0.0018,0.0112,0.0045,0.0025,0.0016
0.0012,0.0005,0.0000,0.0000,0.0088,0.0159,0.0617,0.1908,0.1424,0.0302,0.0630,0.9342,0.0026,0.0096,0.0015,0.0126,0.0028,0.0019,0.0074,0.0037,0.0111,0.0023,0.0606,0.0025,0.0037,0.0041
0.0024,0.0022,0.0004,0.0002,0.0006,0.0617,0.1273,0.4244,0.0059,0.0054,0.0037,0.2116,0.0029,0.0131,0.0011,0.0060,0.0068,0.0032,0.0200,0.0077,0.0155,0.0025,0.0664,0.0093,0.0045,0.0028
0.0023,0.0038,0.0002,0.0016,0.0133,0.1908,0.4244,0.0199,0.5798,0.0022,0.0008,0.0054,0.0007,0.0056,0.0009,0.0035,0.0086,0.0013,0.0055,0.0057,0.0066,0.0025,0.2006,0.0085,0.0083,0.0054
0.0078,0.0070,0.0149,0.0272,0.2570,0.1424,0.0059,0.5798,0.0113,0.1831,0.0000,0.0000,0.0001,0.0001,0.0017,0.0117,0.0210,0.0026,0.0010,0.0098,0.0093,0.0062,0.0671,0.0328,0.0360,0.0237
0.0023,0.0057,0.0096,0.1125,0.0138,0.0302,0.0054,0.0022,0.1831,0.0271,0.0021,0.0000,0.0001,0.0003,0.0007,0.0080,0.0117,0.0032,0.0023,0.0034,0.0191,0.0038,0.9584,0.0503,0.1668,0.1351
0.0091,0.1687,0.9993,0.6639,0.9511,0.0630,0.0037,0.0008,0.0000,0.0021,0.0143,0.0000,0.0000,0.0000,0.0000,0.0007,0.0045,0.0015,0.0033,0.0031,0.0050,0.0034,0.2366,0.1941,0.5631,0.0236
0.0031,0.0982,0.3210,1.0000,0.9601,0.9342,0.2116,0.0054,0.0000,0.0000,0.0000,0.0000,0.0000,0.0000,0.0000,0.0002,0.0002,0.0016,0.0115,0.0047,0.9983,0.0134,0.9994,0.1629,0.0036,0.0009
0.4932,0.5324,0.9912,0.8404,0.0166,0.0026,0.0029,0.0007,0.0001,0.0001,0.0000,0.0000,0.0000,0.0000,0.0000,0.0000,0.0000,0.0006,0.0877,0.0684,0.2576,0.9999,0.3026,0.8240,0.8302,0.5627
0.5049,0.9365,0.1228,0.2116,0.0080,0.0096,0.0131,0.0056,0.0001,0.0003,0.0000,0.0000,0.0000,0.0000,0.0001,0.0013,0.0006,0.0078,0.9951,0.7773,0.9999,0.0191,0.0287,0.0100,0.0022,0.0005
0.9999,0.0164,0.0014,0.0023,0.0013,0.0015,0.0011,0.0009,0.0017,0.0007,0.0000,0.0000,0.0000,0.0001,0.0088,0.0070,0.1151,0.9900,0.0114,0.9161,0.0212,0.0633,0.0018,0.0069,0.0069,0.0112
0.5579,0.4021,0.0271,0.0103,0.0064,0.0126,0.0060,0.0035,0.0117,0.0080,0.0007,0.0002,0.0000,0.0013,0.0070,0.0438,0.2378,0.0001,0.0611,0.0067,0.0406,0.0045,0.0042,0.0048,0.0058,0.0024
0.2236,0.0087,0.0057,0.0113,0.0056,0.0028,0.0068,0.0086,0.0210,0.0117,0.0045,0.0002,0.0000,0.0006,0.1151,0.2378,0.1004,0.2849,0.0002,0.0042,0.0005,0.0015,0.0080,0.0176,0.0143,0.0214
0.0472,0.0041,0.0010,0.0033,0.0019,0.0019,0.0032,0.0013,0.0026,0.0032,0.0015,0.0016,0.0006,0.0078,0.9900,0.0001,0.2849,0.0350,0.2327,0.0319,0.0007,0.0035,0.0043,0.0139,0.0065,0.0105
0.0326,0.0301,0.0180,0.0087,0.0043,0.0074,0.0200,0.0055,0.0010,0.0023,0.0033,0.0115,0.0877,0.9951,0.0114,0.0611,0.0002,0.2327,0.6586,0.0024,0.0000,0.0000,0.0001,0.0010,0.0129,0.0128
0.0171,0.0035,0.0024,0.0037,0.0031,0.0037,0.0077,0.0057,0.0098,0.0034,0.0031,0.0047,0.0684,0.7773,0.9161,0.0067,0.0042,0.0319,0.0024,0.0420,0.0007,0.0000,0.0001,0.0034,0.0045,0.0266
0.0044,0.0048,0.0029,0.0148,0.0033,0.0111,0.0155,0.0066,0.0093,0.0191,0.0050,0.9983,0.2576,0.9999,0.0212,0.0406,0.0005,0.0007,0.0000,0.0007,0.1555,0.0003,0.0000,0.0002,0.0002,0.0010
0.1213,0.0034,0.0014,0.0012,0.0018,0.0023,0.0025,0.0025,0.0062,0.0038,0.0034,0.0134,0.9999,0.0191,0.0633,0.0045,0.0015,0.0035,0.0000,0.0000,0.0003,0.9998,0.0001,0.0021,0.0050,0.1174
0.0084,0.0098,0.0121,0.0159,0.0112,0.0606,0.0664,0.2006,0.0671,0.9584,0.2366,0.9994,0.3026,0.0287,0.0018,0.0042,0.0080,0.0043,0.0001,0.0001,0.0000,0.0001,0.0019,0.0013,0.0000,0.0000
0.0030,0.0051,0.0023,0.0019,0.0045,0.0025,0.0093,0.0085,0.0328,0.0503,0.1941,0.1629,0.8240,0.0100,0.0069,0.0048,0.0176,0.0139,0.0010,0.0034,0.0002,0.0021,0.0013,0.2272,0.0006,0.0000
0.0966,0.0056,0.0098,0.0036,0.0025,0.0037,0.0045,0.0083,0.0360,0.1668,0.5631,0.0036,0.8302,0.0022,0.0069,0.0058,0.0143,0.0065,0.0129,0.0045,0.0002,0.0050,0.0000,0.0006,0.0083,0.0156
0.0710,0.0047,0.0020,0.0027,0.0016,0.0041,0.0028,0.0054,0.0237,0.1351,0.0236,0.0009,0.5627,0.0005,0.0112,0.0024,0.0214,0.0105,0.0128,0.0266,0.0010,0.1174,0.0000,0.0000,0.0156,0.3751