c1,c2,c3,c4,c5,c6,c7,c8,c9,c10,c11,c12,c13,c14,c15,c16,c17,c18,c19,c20,c21,c22,c23,c24,c25,c26,c27,c28,c29
0.0009,0.0031,0.0000,0.0042,0.0093,0.0010,0.0106,0.0102,0.0141,0.0338,0.0141,0.0379,0.0305,0.0184,0.0214,0.0109,0.0158,0.0078,0.0104,0.0089,0.0139,0.0101,0.0160,0.0075,0.0077,0.0049,0.0051,0.0035,0.0028
0.0031,0.0565,0.0176,0.0000,0.0070,0.0030,0.0045,0.0060,0.0091,0.0237,0.0115,0.0302,0.0226,0.0159,0.0343,0.0145,0.0215,0.0098,0.0069,0.0060,0.0098,0.0063,0.0060,0.0044,0.0052,0.0051,0.0030,0.0020,0.0033
0.0000,0.0176,0.0197,0.0030,0.0003,0.0006,0.0092,0.0031,0.0095,0.0383,0.0248,0.1174,0.1325,0.0647,0.0909,0.0221,0.0212,0.0130,0.0078,0.0067,0.0054,0.0052,0.0047,0.0037,0.0052,0.0028,0.0029,0.0016,0.0025
0.0042,0.0000,0.0030,0.0201,0.0077,0.0000,0.0005,0.0010,0.0013,0.0430,0.0179,0.0184,0.9657,0.0574,0.1296,0.0357,0.0178,0.0158,0.0168,0.0116,0.0085,0.0072,0.0063,0.0101,0.0053,0.0055,0.0057,0.0030,0.0033
0.0093,0.0070,0.0003,0.0077,0.0448,0.0041,0.0001,0.0023,0.0041,0.4142,0.0824,0.4842,0.0267,0.0329,0.0077,0.0049,0.0073,0.0052,0.0035,0.0040,0.0056,0.0030,0.0044,0.0041,0.0090,0.0041,0.0034,0.0023,0.0039
0.0010,0.0030,0.0006,0.0000,0.0041,0.0031,0.0041,0.0001,0.0001,0.0353,0.1693,0.0753,0.0728,0.0447,0.0372,0.0304,0.0366,0.0109,0.0110,0.0133,0.0159,0.0147,0.0143,0.0093,0.0101,0.0084,0.0453,0.0082,0.0219
0.0106,0.0045,0.0092,0.0005,0.0001,0.0041,0.0274,0.0191,0.0000,0.1338,0.0128,0.0081,0.0420,0.0150,0.0150,0.0082,0.0137,0.0066,0.0051,0.0090,0.0078,0.0089,0.0150,0.0077,0.0135,0.0052,0.0074,0.0087,0.0188
0.0102,0.0060,0.0031,0.0010,0.0023,0.0001,0.0191,0.0544,0.0028,0.0010,0.0087,0.0080,0.0055,0.0066,0.0062,0.0043,0.0088,0.0094,0.0067,0.0087,0.0148,0.0085,0.0139,0.0150,0.0165,0.0161,0.0195,0.0245,0.0549
0.0141,0.0091,0.0095,0.0013,0.0041,0.0001,0.0000,0.0028,0.0019,0.0014,0.0033,0.0027,0.0322,0.0155,0.0223,0.0148,0.0071,0.0065,0.0086,0.0133,0.0197,0.0144,0.0272,0.0127,0.0285,0.0148,0.0591,0.0190,0.0643
0.0338,0.0237,0.0383,0.0430,0.4142,0.0353,0.1338,0.0010,0.0014,0.4504,0.3651,0.0002,0.0001,0.0016,0.0013,0.0069,0.0052,0.0020,0.0007,0.0024,0.0046,0.0021,0.0054,0.0022,0.0052,0.0028,0.0027,0.0059,0.0103
0.0141,0.0115,0.0248,0.0179,0.0824,0.1693,0.0128,0.0087,0.0033,0.3651,0.0011,0.1969,0.0000,0.0019,0.0010,0.0032,0.0049,0.0059,0.0051,0.0042,0.0068,0.0002,0.0037,0.0064,0.0034,0.0044,0.0086,0.0071,0.0191
0.0379,0.0302,0.1174,0.0184,0.4842,0.0753,0.0081,0.0080,0.0027,0.0002,0.1969,0.0685,0.0012,0.0000,0.0026,0.0021,0.0019,0.0054,0.0032,0.0025,0.0043,0.0043,0.0044,0.0072,0.0064,0.0037,0.0050,0.0043,0.0058
0.0305,0.0226,0.1325,0.9657,0.0267,0.0728,0.0420,0.0055,0.0322,0.0001,0.0000,0.0012,0.0106,0.0047,0.0000,0.0006,0.0020,0.0098,0.0138,0.0051,0.0048,0.0039,0.0050,0.0071,0.0085,0.0082,0.0134,0.0100,0.0106
0.0184,0.0159,0.0647,0.0574,0.0329,0.0447,0.0150,0.0066,0.0155,0.0016,0.0019,0.0000,0.0047,0.0161,0.0054,0.0001,0.0008,0.0076,0.0078,0.0066,0.0072,0.0069,0.0064,0.0107,0.0093,0.0105,0.0139,0.0166,0.0117
0.0214,0.0343,0.0909,0.1296,0.0077,0.0372,0.0150,0.0062,0.0223,0.0013,0.0010,0.0026,0.0000,0.0054,0.0255,0.0420,0.0001,0.0168,0.0162,0.0023,0.0067,0.0060,0.0021,0.0065,0.0050,0.0063,0.0169,0.0257,0.0099
0.0109,0.0145,0.0221,0.0357,0.0049,0.0304,0.0082,0.0043,0.0148,0.0069,0.0032,0.0021,0.0006,0.0001,0.0420,0.0232,0.0070,0.0000,0.0033,0.0041,0.0033,0.0146,0.0082,0.0162,0.0175,0.0167,0.0322,0.0492,0.0172
0.0158,0.0215,0.0212,0.0178,0.0073,0.0366,0.0137,0.0088,0.0071,0.0052,0.0049,0.0019,0.0020,0.0008,0.0001,0.0070,0.0116,0.0078,0.0001,0.0019,0.0070,0.0113,0.0072,0.0198,0.0143,0.0286,0.0209,0.0856,0.0179
0.0078,0.0098,0.0130,0.0158,0.0052,0.0109,0.0066,0.0094,0.0065,0.0020,0.0059,0.0054,0.0098,0.0076,0.0168,0.0000,0.0078,0.0054,0.0001,0.0001,0.0027,0.0185,0.0138,0.0353,0.0351,0.1203,0.0534,0.0460,0.0217
0.0104,0.0069,0.0078,0.0168,0.0035,0.0110,0.0051,0.0067,0.0086,0.0007,0.0051,0.0032,0.0138,0.0078,0.0162,0.0033,0.0001,0.0001,0.0004,0.0074,0.0002,0.0028,0.0133,0.0301,0.1389,0.3988,0.1487,0.0950,0.0295
0.0089,0.0060,0.0067,0.0116,0.0040,0.0133,0.0090,0.0087,0.0133,0.0024,0.0042,0.0025,0.0051,0.0066,0.0023,0.0041,0.0019,0.0001,0.0074,0.0589,0.0051,0.0011,0.0059,0.0100,0.0348,0.1286,0.0688,0.0132,0.0147
0.0139,0.0098,0.0054,0.0085,0.0056,0.0159,0.0078,0.0148,0.0197,0.0046,0.0068,0.0043,0.0048,0.0072,0.0067,0.0033,0.0070,0.0027,0.0002,0.0051,0.0184,0.1637,0.0002,0.0092,0.0089,0.0302,0.0173,0.0084,0.0064
0.0101,0.0063,0.0052,0.0072,0.0030,0.0147,0.0089,0.0085,0.0144,0.0021,0.0002,0.0043,0.0039,0.0069,0.0060,0.0146,0.0113,0.0185,0.0028,0.0011,0.1637,0.0032,0.2100,0.0004,0.0044,0.0102,0.0148,0.0267,0.0139
0.0160,0.0060,0.0047,0.0063,0.0044,0.0143,0.0150,0.0139,0.0272,0.0054,0.0037,0.0044,0.0050,0.0064,0.0021,0.0082,0.0072,0.0138,0.0133,0.0059,0.0002,0.2100,0.0165,0.0398,0.0003,0.0088,0.0042,0.0034,0.0103
0.0075,0.0044,0.0037,0.0101,0.0041,0.0093,0.0077,0.0150,0.0127,0.0022,0.0064,0.0072,0.0071,0.0107,0.0065,0.0162,0.0198,0.0353,0.0301,0.0100,0.0092,0.0004,0.0398,0.0123,0.0119,0.0000,0.0030,0.0118,0.0108
0.0077,0.0052,0.0052,0.0053,0.0090,0.0101,0.0135,0.0165,0.0285,0.0052,0.0034,0.0064,0.0085,0.0093,0.0050,0.0175,0.0143,0.0351,0.1389,0.0348,0.0089,0.0044,0.0003,0.0119,0.0409,0.0055,0.0000,0.0011,0.0032
0.0049,0.0051,0.0028,0.0055,0.0041,0.0084,0.0052,0.0161,0.0148,0.0028,0.0044,0.0037,0.0082,0.0105,0.0063,0.0167,0.0286,0.1203,0.3988,0.1286,0.0302,0.0102,0.0088,0.0000,0.0055,0.0338,0.0010,0.0001,0.0016
0.0051,0.0030,0.0029,0.0057,0.0034,0.0453,0.0074,0.0195,0.0591,0.0027,0.0086,0.0050,0.0134,0.0139,0.0169,0.0322,0.0209,0.0534,0.1487,0.0688,0.0173,0.0148,0.0042,0.0030,0.0000,0.0010,0.0033,0.0025,0.0001
0.0035,0.0020,0.0016,0.0030,0.0023,0.0082,0.0087,0.0245,0.0190,0.0059,0.0071,0.0043,0.0100,0.0166,0.0257,0.0492,0.0856,0.0460,0.0950,0.0132,0.0084,0.0267,0.0034,0.0118,0.0011,0.0001,0.0025,0.0100,0.0006
0.0028,0.0033,0.0025,0.0033,0.0039,0.0219,0.0188,0.0549,0.0643,0.0103,0.0191,0.0058,0.0106,0.0117,0.0099,0.0172,0.0179,0.0217,0.0295,0.0147,0.0064,0.0139,0.0103,0.0108,0.0032,0.0016,0.0001,0.0006,0.0009
