c1,c2,c3,c4,c5,c6,c7,c8,c9,c10,c11,c12,c13,c14,c15,c16,c17,c18,c19,c20,c21,c22,c23,c24,c25,c26,c27,c28,c29
0.0001,0.0021,0.0001,0.0003,0.0057,0.0003,0.0071,0.0035,0.0098,0.0529,0.0043,0.1306,0.0056,0.1395,0.3726,0.1706,0.0126,0.0283,0.0085,0.0072,0.0059,0.0066,0.0044,0.0052,0.0116,0.0062,0.0165,0.0109,0.0034
0.0021,0.0371,0.0073,0.0000,0.0030,0.0001,0.0015,0.0034,0.0067,0.0252,0.0073,0.0943,0.0096,0.2026,0.8849,0.0342,0.0182,0.0152,0.0082,0.0064,0.0063,0.0047,0.0036,0.0039,0.0050,0.0038,0.0041,0.0049,0.0023
0.0001,0.0073,0.0431,0.0005,0.0001,0.0001,0.0008,0.0009,0.0049,0.0250,0.0173,0.9971,0.0054,0.8410,0.9018,0.0277,0.0136,0.0189,0.0056,0.0057,0.0028,0.0027,0.0021,0.0029,0.0035,0.0026,0.0029,0.0028,0.0023
0.0003,0.0000,0.0005,0.0109,0.0038,0.0000,0.0003,0.0004,0.0007,0.0265,0.0084,0.1328,0.9965,0.0861,0.9229,0.1828,0.0116,0.0098,0.2865,0.0139,0.0109,0.0127,0.0055,0.0090,0.0038,0.0039,0.0014,0.0030,0.0017
0.0057,0.0030,0.0001,0.0038,0.0152,0.0002,0.0001,0.0007,0.0004,0.8142,0.0499,0.9860,0.0049,0.0321,0.0108,0.0196,0.0109,0.0085,0.0073,0.0045,0.0053,0.0054,0.0047,0.0117,0.0070,0.0058,0.0048,0.0042,0.0080
0.0003,0.0001,0.0001,0.0000,0.0002,0.0070,0.0020,0.0000,0.0004,0.0542,0.0464,0.0951,0.6156,0.0200,0.0381,0.0178,0.0329,0.0168,0.1581,0.0631,0.0143,0.0700,0.0142,0.0499,0.0245,0.0281,0.0206,0.0141,0.0428
0.0071,0.0015,0.0008,0.0003,0.0001,0.0020,0.1110,0.0149,0.0000,0.0285,0.0026,0.0025,0.1421,0.0041,0.0039,0.0120,0.0089,0.0096,0.1030,0.0512,0.0128,0.0217,0.0203,0.0879,0.0085,0.0440,0.0056,0.0085,0.0178
0.0035,0.0034,0.0009,0.0004,0.0007,0.0000,0.0149,0.2148,0.0027,0.0048,0.0079,0.0021,0.0052,0.0043,0.0027,0.0025,0.0060,0.0054,0.0215,0.0196,0.0127,0.0420,0.0208,0.1028,0.0195,0.0430,0.0288,0.0165,0.0545
0.0098,0.0067,0.0049,0.0007,0.0004,0.0004,0.0000,0.0027,0.0096,0.0104,0.0002,0.0008,0.0062,0.0024,0.0107,0.0024,0.0030,0.0075,0.0720,0.0866,0.0305,0.0571,0.0212,0.1810,0.0648,0.1096,0.0360,0.0284,0.0755
0.0529,0.0252,0.0250,0.0265,0.8142,0.0542,0.0285,0.0048,0.0104,0.6051,0.0119,0.0001,0.0000,0.0004,0.0003,0.0042,0.0043,0.0046,0.0034,0.0019,0.0048,0.0066,0.0090,0.0183,0.0041,0.0107,0.0057,0.0047,0.0048
0.0043,0.0073,0.0173,0.0084,0.0499,0.0464,0.0026,0.0079,0.0002,0.0119,0.4367,0.0534,0.0000,0.0009,0.0010,0.0046,0.0449,0.0064,0.0057,0.0139,0.0096,0.0086,0.0151,0.0137,0.0050,0.0269,0.0094,0.0073,0.0072
0.1306,0.0943,0.9971,0.1328,0.9860,0.0951,0.0025,0.0021,0.0008,0.0001,0.0534,0.0197,0.0001,0.0000,0.0001,0.0008,0.0029,0.0027,0.0017,0.0012,0.0028,0.0037,0.0042,0.0341,0.0064,0.0064,0.0042,0.0035,0.0019
0.0056,0.0096,0.0054,0.9965,0.0049,0.6156,0.1421,0.0052,0.0062,0.0000,0.0000,0.0001,0.0240,0.0003,0.0000,0.0002,0.0199,0.0054,0.9905,0.1041,0.0073,0.0324,0.0118,0.0870,0.0043,0.0291,0.0025,0.0041,0.0026
0.1395,0.2026,0.8410,0.0861,0.0321,0.0200,0.0041,0.0043,0.0024,0.0004,0.0009,0.0000,0.0003,0.0009,0.0029,0.0071,0.4036,0.0007,0.0027,0.0112,0.0036,0.0062,0.0039,0.0138,0.0064,0.0113,0.0091,0.0056,0.0022
0.3726,0.8849,0.9018,0.9229,0.0108,0.0381,0.0039,0.0027,0.0107,0.0003,0.0010,0.0001,0.0000,0.0029,0.0045,0.0939,0.0000,0.0010,0.0032,0.0091,0.0056,0.0057,0.0042,0.0081,0.0085,0.0113,0.0067,0.0045,0.0016
0.1706,0.0342,0.0277,0.1828,0.0196,0.0178,0.0120,0.0025,0.0024,0.0042,0.0046,0.0008,0.0002,0.0071,0.0939,0.0622,0.0199,0.0003,0.0002,0.0010,0.0014,0.0044,0.0096,0.0135,0.0184,0.0182,0.0126,0.0045,0.0019
0.0126,0.0182,0.0136,0.0116,0.0109,0.0329,0.0089,0.0060,0.0030,0.0043,0.0449,0.0029,0.0199,0.4036,0.0000,0.0199,0.0188,0.0169,0.0000,0.0034,0.0017,0.0027,0.0101,0.0091,0.0116,0.0118,0.0140,0.0033,0.0042
0.0283,0.0152,0.0189,0.0098,0.0085,0.0168,0.0096,0.0054,0.0075,0.0046,0.0064,0.0027,0.0054,0.0007,0.0010,0.0003,0.0169,0.0389,0.0018,0.0012,0.0010,0.0023,0.0199,0.0374,0.1094,0.0229,0.0226,0.0091,0.0073
0.0085,0.0082,0.0056,0.2865,0.0073,0.1581,0.1030,0.0215,0.0720,0.0034,0.0057,0.0017,0.9905,0.0027,0.0032,0.0002,0.0000,0.0018,0.0013,0.0257,0.0010,0.0008,0.0051,0.0014,0.0125,0.0033,0.0068,0.0037,0.0020
0.0072,0.0064,0.0057,0.0139,0.0045,0.0631,0.0512,0.0196,0.0866,0.0019,0.0139,0.0012,0.1041,0.0112,0.0091,0.0010,0.0034,0.0012,0.0257,0.0000,0.1197,0.0012,0.0033,0.0038,0.0103,0.0091,0.0069,0.0051,0.0082
0.0059,0.0063,0.0028,0.0109,0.0053,0.0143,0.0128,0.0127,0.0305,0.0048,0.0096,0.0028,0.0073,0.0036,0.0056,0.0014,0.0017,0.0010,0.0010,0.1197,0.2655,0.0183,0.0105,0.0029,0.0183,0.0012,0.0063,0.0064,0.0112
0.0066,0.0047,0.0027,0.0127,0.0054,0.0700,0.0217,0.0420,0.0571,0.0066,0.0086,0.0037,0.0324,0.0062,0.0057,0.0044,0.0027,0.0023,0.0008,0.0012,0.0183,0.2406,0.0149,0.0002,0.0004,0.0021,0.0035,0.0211,0.0402
0.0044,0.0036,0.0021,0.0055,0.0047,0.0142,0.0203,0.0208,0.0212,0.0090,0.0151,0.0042,0.0118,0.0039,0.0042,0.0096,0.0101,0.0199,0.0051,0.0033,0.0105,0.0149,0.1021,0.0012,0.0005,0.0006,0.0038,0.0097,0.0528
0.0052,0.0039,0.0029,0.0090,0.0117,0.0499,0.0879,0.1028,0.1810,0.0183,0.0137,0.0341,0.0870,0.0138,0.0081,0.0135,0.0091,0.0374,0.0014,0.0038,0.0029,0.0002,0.0012,0.0054,0.0013,0.0000,0.0007,0.0022,0.0371
0.0116,0.0050,0.0035,0.0038,0.0070,0.0245,0.0085,0.0195,0.0648,0.0041,0.0050,0.0064,0.0043,0.0064,0.0085,0.0184,0.0116,0.1094,0.0125,0.0103,0.0183,0.0004,0.0005,0.0013,0.0221,0.0027,0.0002,0.0092,0.0764
0.0062,0.0038,0.0026,0.0039,0.0058,0.0281,0.0440,0.0430,0.1096,0.0107,0.0269,0.0064,0.0291,0.0113,0.0113,0.0182,0.0118,0.0229,0.0033,0.0091,0.0012,0.0021,0.0006,0.0000,0.0027,0.0061,0.0275,0.0011,0.0489
0.0165,0.0041,0.0029,0.0014,0.0048,0.0206,0.0056,0.0288,0.0360,0.0057,0.0094,0.0042,0.0025,0.0091,0.0067,0.0126,0.0140,0.0226,0.0068,0.0069,0.0063,0.0035,0.0038,0.0007,0.0002,0.0275,0.0355,0.1964,0.0021
0.0109,0.0049,0.0028,0.0030,0.0042,0.0141,0.0085,0.0165,0.0284,0.0047,0.0073,0.0035,0.0041,0.0056,0.0045,0.0045,0.0033,0.0091,0.0037,0.0051,0.0064,0.0211,0.0097,0.0022,0.0092,0.0011,0.1964,0.0317,0.0073
0.0034,0.0023,0.0023,0.0017,0.0080,0.0428,0.0178,0.0545,0.0755,0.0048,0.0072,0.0019,0.0026,0.0022,0.0016,0.0019,0.0042,0.0073,0.0020,0.0082,0.0112,0.0402,0.0528,0.0371,0.0764,0.0489,0.0021,0.0073,0.0002
