c1,c2,c3,c4,c5,c6,c7,c8,c9,c10,c11,c12,c13,c14,c15,c16,c17,c18,c19,c20,c21,c22,c23,c24,c25,c26,c27,c28,c29
0.0009,0.0167,0.0005,0.0001,0.0190,0.0015,0.0440,0.0119,0.0181,0.0538,0.0058,0.1394,0.0238,0.0939,0.0831,0.0475,0.0063,0.0078,0.0114,0.0052,0.0036,0.0048,0.0066,0.0036,0.0030,0.0024,0.0025,0.0026,0.0010
0.0167,0.0255,0.0374,0.0000,0.0240,0.0002,0.0190,0.0034,0.0059,0.0289,0.0061,0.3188,0.0783,0.0884,0.0741,0.0173,0.0040,0.0128,0.0047,0.0058,0.0023,0.0041,0.0022,0.0028,0.0027,0.0027,0.0022,0.0034,0.0038
0.0005,0.0374,0.2496,0.0001,0.0002,0.0000,0.0029,0.0012,0.0071,0.0326,0.0099,0.9735,0.0586,0.3293,0.0343,0.0211,0.0048,0.0136,0.0047,0.0033,0.0035,0.0043,0.0027,0.0035,0.0032,0.0046,0.0036,0.0039,0.0051
0.0001,0.0000,0.0001,0.0000,0.0073,0.0000,0.0015,0.0001,0.0005,0.0422,0.0399,0.3375,0.9975,0.4696,0.9977,0.6012,0.0041,0.9059,0.0278,0.0057,0.0017,0.0209,0.0074,0.0044,0.0078,0.0043,0.0023,0.0033,0.0028
0.0190,0.0240,0.0002,0.0073,0.0475,0.0001,0.0032,0.0005,0.0037,0.5715,0.0149,0.9479,0.0194,0.0084,0.0101,0.0050,0.0023,0.0200,0.0045,0.0030,0.0074,0.0072,0.0041,0.0026,0.0029,0.0029,0.0017,0.0032,0.0051
0.0015,0.0002,0.0000,0.0000,0.0001,0.0019,0.0126,0.0000,0.0001,0.0152,0.1616,0.1474,0.0505,0.0230,0.0684,0.0306,0.0187,0.0779,0.0203,0.0090,0.2351,0.0322,0.0345,0.0091,0.4265,0.1498,0.0202,0.0242,0.0118
0.0440,0.0190,0.0029,0.0015,0.0032,0.0126,0.1415,0.0075,0.0000,0.0082,0.0013,0.0037,0.0063,0.0073,0.0076,0.0132,0.0062,0.0445,0.0115,0.0073,0.0079,0.0793,0.0041,0.0039,0.0066,0.0081,0.0035,0.0144,0.0156
0.0119,0.0034,0.0012,0.0001,0.0005,0.0000,0.0075,0.0272,0.0008,0.0004,0.0018,0.0015,0.0023,0.0043,0.0086,0.0045,0.0085,0.0464,0.0081,0.0082,0.1494,0.0841,0.0180,0.0150,0.5026,0.2663,0.0509,0.0519,0.0302
0.0181,0.0059,0.0071,0.0005,0.0037,0.0001,0.0000,0.0008,0.0002,0.0154,0.0000,0.0004,0.0048,0.0242,0.0737,0.0121,0.0104,0.0857,0.0301,0.0154,0.3491,0.0313,0.0466,0.0148,0.3567,0.1065,0.0425,0.0123,0.0054
0.0538,0.0289,0.0326,0.0422,0.5715,0.0152,0.0082,0.0004,0.0154,0.0592,0.0020,0.0000,0.0000,0.0008,0.0012,0.0064,0.0112,0.0135,0.0048,0.0049,0.0212,0.0089,0.0091,0.0073,0.0126,0.0119,0.0071,0.0085,0.0140
0.0058,0.0061,0.0099,0.0399,0.0149,0.1616,0.0013,0.0018,0.0000,0.0020,0.0538,0.0466,0.0000,0.0018,0.0030,0.0150,0.0664,0.0203,0.0124,0.0144,0.0453,0.0051,0.0054,0.0191,0.0325,0.0115,0.0056,0.0044,0.0037
0.1394,0.3188,0.9735,0.3375,0.9479,0.1474,0.0037,0.0015,0.0004,0.0000,0.0466,0.0153,0.0005,0.0001,0.0010,0.0013,0.0027,0.0068,0.0026,0.0023,0.0060,0.0008,0.0024,0.0047,0.0037,0.0026,0.0019,0.0020,0.0031
0.0238,0.0783,0.0586,0.9975,0.0194,0.0505,0.0063,0.0023,0.0048,0.0000,0.0000,0.0005,0.0005,0.0114,0.0000,0.0002,0.0413,0.0926,0.0436,0.0142,0.2034,0.0046,0.0021,0.0096,0.0087,0.0108,0.0027,0.0028,0.0031
0.0939,0.0884,0.3293,0.4696,0.0084,0.0230,0.0073,0.0043,0.0242,0.0008,0.0018,0.0001,0.0114,0.0334,0.0164,0.0003,0.0656,0.0002,0.0058,0.0083,0.0039,0.0031,0.0038,0.0062,0.0017,0.0026,0.0030,0.0034,0.0043
0.0831,0.0741,0.0343,0.9977,0.0101,0.0684,0.0076,0.0086,0.0737,0.0012,0.0030,0.0010,0.0000,0.0164,0.0187,0.0216,0.0002,0.0002,0.0017,0.0022,0.0022,0.0019,0.0042,0.0062,0.0056,0.0045,0.0061,0.0039,0.0032
0.0475,0.0173,0.0211,0.6012,0.0050,0.0306,0.0132,0.0045,0.0121,0.0064,0.0150,0.0013,0.0002,0.0003,0.0216,0.0628,0.1293,0.0000,0.0070,0.0108,0.0053,0.0039,0.0097,0.0069,0.0036,0.0029,0.0034,0.0044,0.0063
0.0063,0.0040,0.0048,0.0041,0.0023,0.0187,0.0062,0.0085,0.0104,0.0112,0.0664,0.0027,0.0413,0.0656,0.0002,0.1293,0.0145,0.0003,0.0028,0.0588,0.0044,0.0015,0.0203,0.0141,0.0074,0.0032,0.0034,0.0034,0.0078
0.0078,0.0128,0.0136,0.9059,0.0200,0.0779,0.0445,0.0464,0.0857,0.0135,0.0203,0.0068,0.0926,0.0002,0.0002,0.0000,0.0003,0.0070,0.0080,0.0004,0.0005,0.0078,0.0039,0.0085,0.0045,0.0039,0.0082,0.0077,0.0146
0.0114,0.0047,0.0047,0.0278,0.0045,0.0203,0.0115,0.0081,0.0301,0.0048,0.0124,0.0026,0.0436,0.0058,0.0017,0.0070,0.0028,0.0080,0.0021,0.0407,0.0000,0.0028,0.0160,0.0069,0.0145,0.0099,0.0152,0.0094,0.0444
0.0052,0.0058,0.0033,0.0057,0.0030,0.0090,0.0073,0.0082,0.0154,0.0049,0.0144,0.0023,0.0142,0.0083,0.0022,0.0108,0.0588,0.0004,0.0407,0.0212,0.0005,0.0004,0.0491,0.0334,0.0040,0.0069,0.0133,0.0074,0.0314
0.0036,0.0023,0.0035,0.0017,0.0074,0.2351,0.0079,0.1494,0.3491,0.0212,0.0453,0.0060,0.2034,0.0039,0.0022,0.0053,0.0044,0.0005,0.0000,0.0005,0.0487,0.0002,0.0000,0.0020,0.0703,0.1124,0.0721,0.0147,0.0111
0.0048,0.0041,0.0043,0.0209,0.0072,0.0322,0.0793,0.0841,0.0313,0.0089,0.0051,0.0008,0.0046,0.0031,0.0019,0.0039,0.0015,0.0078,0.0028,0.0004,0.0002,0.0196,0.0071,0.0003,0.0007,0.0096,0.1023,0.1689,0.4000
0.0066,0.0022,0.0027,0.0074,0.0041,0.0345,0.0041,0.0180,0.0466,0.0091,0.0054,0.0024,0.0021,0.0038,0.0042,0.0097,0.0203,0.0039,0.0160,0.0491,0.0000,0.0071,0.0205,0.0242,0.0001,0.0030,0.0916,0.0475,0.1136
0.0036,0.0028,0.0035,0.0044,0.0026,0.0091,0.0039,0.0150,0.0148,0.0073,0.0191,0.0047,0.0096,0.0062,0.0062,0.0069,0.0141,0.0085,0.0069,0.0334,0.0020,0.0003,0.0242,0.0331,0.0071,0.0002,0.0548,0.0151,0.0598
0.0030,0.0027,0.0032,0.0078,0.0029,0.4265,0.0066,0.5026,0.3567,0.0126,0.0325,0.0037,0.0087,0.0017,0.0056,0.0036,0.0074,0.0045,0.0145,0.0040,0.0703,0.0007,0.0001,0.0071,0.0162,0.0023,0.0006,0.0021,0.0041
0.0024,0.0027,0.0046,0.0043,0.0029,0.1498,0.0081,0.2663,0.1065,0.0119,0.0115,0.0026,0.0108,0.0026,0.0045,0.0029,0.0032,0.0039,0.0099,0.0069,0.1124,0.0096,0.0030,0.0002,0.0023,0.0232,0.2101,0.0002,0.0010
0.0025,0.0022,0.0036,0.0023,0.0017,0.0202,0.0035,0.0509,0.0425,0.0071,0.0056,0.0019,0.0027,0.0030,0.0061,0.0034,0.0034,0.0082,0.0152,0.0133,0.0721,0.1023,0.0916,0.0548,0.0006,0.2101,0.0001,0.0341,0.0003
0.0026,0.0034,0.0039,0.0033,0.0032,0.0242,0.0144,0.0519,0.0123,0.0085,0.0044,0.0020,0.0028,0.0034,0.0039,0.0044,0.0034,0.0077,0.0094,0.0074,0.0147,0.1689,0.0475,0.0151,0.0021,0.0002,0.0341,0.0373,0.0020
0.0010,0.0038,0.0051,0.0028,0.0051,0.0118,0.0156,0.0302,0.0054,0.0140,0.0037,0.0031,0.0031,0.0043,0.0032,0.0063,0.0078,0.0146,0.0444,0.0314,0.0111,0.4000,0.1136,0.0598,0.0041,0.0010,0.0003,0.0020,0.0007