c1,c2,c3,c4,c5,c6,c7,c8,c9,c10,c11,c12,c13,c14,c15,c16,c17,c18,c19,c20,c21,c22,c23,c24,c25,c26,c27,c28,c29
0.0012,0.0133,0.0004,0.0010,0.0061,0.0011,0.0064,0.0041,0.0177,0.0137,0.0056,0.0149,0.0496,0.0071,0.0134,0.0076,0.0353,0.0333,0.0099,0.0315,0.0121,0.0176,0.0037,0.0058,0.0039,0.0059,0.0074,0.0082,0.0027
0.0133,0.0316,0.0656,0.0003,0.0271,0.0017,0.0079,0.0086,0.0107,0.0130,0.0049,0.0143,0.0356,0.0080,0.0258,0.0093,0.0230,0.0122,0.0044,0.0107,0.0034,0.0044,0.0016,0.0039,0.0036,0.0030,0.0035,0.0028,0.0023
0.0004,0.0656,0.0328,0.0161,0.0014,0.0003,0.0055,0.0041,0.0081,0.0131,0.0152,0.1078,0.1220,0.0169,0.1745,0.0087,0.0221,0.0110,0.0090,0.0081,0.0026,0.0077,0.0024,0.0052,0.0022,0.0015,0.0016,0.0012,0.0015
0.0010,0.0003,0.0161,0.0154,0.0207,0.0000,0.0039,0.0015,0.0017,0.0253,0.0180,0.0270,0.9994,0.0052,0.1398,0.0042,0.0070,0.0054,0.0039,0.0189,0.0042,0.1621,0.0026,0.0200,0.0035,0.0015,0.0024,0.0014,0.0017
0.0061,0.0271,0.0014,0.0207,0.0086,0.0007,0.0001,0.0035,0.0029,0.2518,0.0461,0.4836,0.0423,0.0078,0.0104,0.0041,0.0037,0.0041,0.0026,0.0068,0.0040,0.0076,0.0046,0.0180,0.0038,0.0051,0.0053,0.0033,0.0044
0.0011,0.0017,0.0003,0.0000,0.0007,0.0012,0.0087,0.0000,0.0002,0.0819,0.2003,0.0694,0.4393,0.0092,0.0311,0.0127,0.0174,0.0082,0.0080,0.0120,0.0114,0.1389,0.0110,0.3137,0.0128,0.0111,0.0984,0.0102,0.0136
0.0064,0.0079,0.0055,0.0039,0.0001,0.0087,0.0107,0.0215,0.0000,0.0161,0.0041,0.0059,0.0702,0.0086,0.0049,0.0048,0.0034,0.0064,0.0048,0.0150,0.0058,0.0402,0.0077,0.1225,0.0144,0.0056,0.0179,0.0079,0.0438
0.0041,0.0086,0.0041,0.0015,0.0035,0.0000,0.0215,0.0422,0.0003,0.0008,0.0122,0.0080,0.0038,0.0078,0.0043,0.0055,0.0049,0.0073,0.0052,0.0088,0.0110,0.0119,0.0109,0.1155,0.0191,0.0279,0.2882,0.0311,0.0806
0.0177,0.0107,0.0081,0.0017,0.0029,0.0002,0.0000,0.0003,0.0052,0.0045,0.0002,0.0022,0.0094,0.0056,0.0131,0.0027,0.0030,0.0046,0.0045,0.0122,0.0234,0.0468,0.0184,0.6572,0.0680,0.0470,0.4522,0.0186,0.0161
0.0137,0.0130,0.0131,0.0253,0.2518,0.0819,0.0161,0.0008,0.0045,0.0753,0.0716,0.0001,0.0000,0.0027,0.0005,0.0014,0.0044,0.0016,0.0010,0.0047,0.0048,0.0112,0.0110,0.0333,0.0439,0.0838,0.0204,0.0058,0.0062
0.0056,0.0049,0.0152,0.0180,0.0461,0.2003,0.0041,0.0122,0.0002,0.0716,0.0004,0.0256,0.0000,0.0005,0.0005,0.0008,0.0024,0.0027,0.0000,0.0100,0.0078,0.0612,0.0219,0.4454,0.0725,0.6657,0.0312,0.0071,0.0115
0.0149,0.0143,0.1078,0.0270,0.4836,0.0694,0.0059,0.0080,0.0022,0.0001,0.0256,0.0025,0.0001,0.0001,0.0017,0.0029,0.0018,0.0034,0.0010,0.0033,0.0036,0.0079,0.0189,0.0214,0.7520,0.0705,0.0092,0.0036,0.0027
0.0496,0.0356,0.1220,0.9994,0.0423,0.4393,0.0702,0.0038,0.0094,0.0000,0.0000,0.0001,0.0000,0.0002,0.0000,0.0000,0.0002,0.0013,0.0051,0.0563,0.0135,0.9936,0.0319,0.9286,0.2106,0.0228,0.0121,0.0021,0.0014
0.0071,0.0080,0.0169,0.0052,0.0078,0.0092,0.0086,0.0078,0.0056,0.0027,0.0005,0.0001,0.0002,0.0024,0.0012,0.0000,0.0026,0.0054,0.0077,0.0365,0.4565,0.0392,0.9718,0.0166,0.1861,0.0093,0.0064,0.0045,0.0023
0.0134,0.0258,0.1745,0.1398,0.0104,0.0311,0.0049,0.0043,0.0131,0.0005,0.0005,0.0017,0.0000,0.0012,0.0730,0.0020,0.0002,0.0042,0.0401,0.7981,0.1039,0.5437,0.0070,0.0057,0.0055,0.0041,0.0034,0.0039,0.0015
0.0076,0.0093,0.0087,0.0042,0.0041,0.0127,0.0048,0.0055,0.0027,0.0014,0.0008,0.0029,0.0000,0.0000,0.0020,0.0142,0.0300,0.0015,0.3504,0.0468,0.9573,0.0280,0.1047,0.0065,0.0078,0.0071,0.0060,0.0054,0.0077
0.0353,0.0230,0.0221,0.0070,0.0037,0.0174,0.0034,0.0049,0.0030,0.0044,0.0024,0.0018,0.0002,0.0026,0.0002,0.0300,0.0781,0.0347,0.0051,0.0489,0.0267,0.0075,0.0147,0.0078,0.0057,0.0128,0.0081,0.0037,0.0059
0.0333,0.0122,0.0110,0.0054,0.0041,0.0082,0.0064,0.0073,0.0046,0.0016,0.0027,0.0034,0.0013,0.0054,0.0042,0.0015,0.0347,0.1936,0.4108,0.0001,0.0020,0.0006,0.0096,0.0107,0.0239,0.0224,0.0125,0.0083,0.0079
0.0099,0.0044,0.0090,0.0039,0.0026,0.0080,0.0048,0.0052,0.0045,0.0010,0.0000,0.0010,0.0051,0.0077,0.0401,0.3504,0.0051,0.4108,0.0029,0.0737,0.0013,0.0012,0.0123,0.0055,0.0162,0.0136,0.0318,0.0075,0.0125
0.0315,0.0107,0.0081,0.0189,0.0068,0.0120,0.0150,0.0088,0.0122,0.0047,0.0100,0.0033,0.0563,0.0365,0.7981,0.0468,0.0489,0.0001,0.0737,0.0069,0.0067,0.0000,0.0002,0.0002,0.0028,0.0050,0.0087,0.0072,0.0067
0.0121,0.0034,0.0026,0.0042,0.0040,0.0114,0.0058,0.0110,0.0234,0.0048,0.0078,0.0036,0.0135,0.4565,0.1039,0.9573,0.0267,0.0020,0.0013,0.0067,0.0096,0.0003,0.0001,0.0002,0.0025,0.0019,0.0149,0.0064,0.0078
0.0176,0.0044,0.0077,0.1621,0.0076,0.1389,0.0402,0.0119,0.0468,0.0112,0.0612,0.0079,0.9936,0.0392,0.5437,0.0280,0.0075,0.0006,0.0012,0.0000,0.0003,0.0029,0.0029,0.0000,0.0001,0.0003,0.0024,0.0275,0.0326
0.0037,0.0016,0.0024,0.0026,0.0046,0.0110,0.0077,0.0109,0.0184,0.0110,0.0219,0.0189,0.0319,0.9718,0.0070,0.1047,0.0147,0.0096,0.0123,0.0002,0.0001,0.0029,0.0047,0.0001,0.0001,0.0031,0.0051,0.0689,0.0940
0.0058,0.0039,0.0052,0.0200,0.0180,0.3137,0.1225,0.1155,0.6572,0.0333,0.4454,0.0214,0.9286,0.0166,0.0057,0.0065,0.0078,0.0107,0.0055,0.0002,0.0002,0.0000,0.0001,0.0001,0.0041,0.0000,0.0003,0.0037,0.0611
0.0039,0.0036,0.0022,0.0035,0.0038,0.0128,0.0144,0.0191,0.0680,0.0439,0.0725,0.7520,0.2106,0.1861,0.0055,0.0078,0.0057,0.0239,0.0162,0.0028,0.0025,0.0001,0.0001,0.0041,0.0048,0.0044,0.0000,0.0050,0.0021
0.0059,0.0030,0.0015,0.0015,0.0051,0.0111,0.0056,0.0279,0.0470,0.0838,0.6657,0.0705,0.0228,0.0093,0.0041,0.0071,0.0128,0.0224,0.0136,0.0050,0.0019,0.0003,0.0031,0.0000,0.0044,0.0324,0.0012,0.0020,0.0121
0.0074,0.0035,0.0016,0.0024,0.0053,0.0984,0.0179,0.2882,0.4522,0.0204,0.0312,0.0092,0.0121,0.0064,0.0034,0.0060,0.0081,0.0125,0.0318,0.0087,0.0149,0.0024,0.0051,0.0003,0.0000,0.0012,0.0033,0.0577,0.0004
0.0082,0.0028,0.0012,0.0014,0.0033,0.0102,0.0079,0.0311,0.0186,0.0058,0.0071,0.0036,0.0021,0.0045,0.0039,0.0054,0.0037,0.0083,0.0075,0.0072,0.0064,0.0275,0.0689,0.0037,0.0050,0.0020,0.0577,0.0575,0.0107
0.0027,0.0023,0.0015,0.0017,0.0044,0.0136,0.0438,0.0806,0.0161,0.0062,0.0115,0.0027,0.0014,0.0023,0.0015,0.0077,0.0059,0.0079,0.0125,0.0067,0.0078,0.0326,0.0940,0.0611,0.0021,0.0121,0.0004,0.0107,0.0201
