c1,c2,c3,c4,c5,c6,c7,c8,c9,c10,c11,c12,c13,c14,c15,c16,c17,c18,c19,c20,c21,c22,c23,c24,c25,c26,c27,c28,c29
0.0000,0.0010,0.0001,0.0000,0.0141,0.0030,0.1564,0.0134,0.0084,0.1097,0.0077,0.0092,0.0106,0.0265,0.0355,0.2156,0.0495,0.0144,0.0182,0.0153,0.0133,0.0172,0.0098,0.0029,0.0086,0.0175,0.0098,0.0044,0.0050
0.0010,0.0034,0.0032,0.0000,0.0009,0.0005,0.0095,0.0049,0.0069,0.0100,0.0046,0.0089,0.0197,0.0403,0.9712,0.2396,0.0373,0.0239,0.0114,0.0066,0.0084,0.0075,0.0050,0.0035,0.0031,0.0114,0.0058,0.0051,0.0046
0.0001,0.0032,0.0038,0.0001,0.0001,0.0000,0.0095,0.0047,0.0074,0.0806,0.0101,0.9850,0.0241,0.4456,0.1479,0.0729,0.0170,0.0078,0.0083,0.0049,0.0042,0.0077,0.0042,0.0027,0.0033,0.0038,0.0126,0.0056,0.0053
0.0000,0.0000,0.0001,0.0005,0.0008,0.0000,0.0003,0.0005,0.0025,0.0277,0.0278,0.0575,1.0000,0.4642,0.9883,0.1425,0.0182,0.0505,0.0263,0.0042,0.0050,0.0449,0.0092,0.0473,0.0024,0.0092,0.0024,0.0024,0.0019
0.0141,0.0009,0.0001,0.0008,0.0051,0.0001,0.0023,0.0007,0.0055,0.9866,0.0487,0.9953,0.1081,0.0138,0.0085,0.0036,0.0029,0.0031,0.0027,0.0026,0.0029,0.0052,0.0041,0.0056,0.0064,0.0043,0.0068,0.0038,0.0051
0.0030,0.0005,0.0000,0.0000,0.0001,0.0048,0.0058,0.0003,0.0070,0.0382,0.0754,0.0618,0.1288,0.0238,0.0258,0.0333,0.0070,0.0128,0.0146,0.0091,0.0141,0.0770,0.0328,0.0692,0.0189,0.0328,0.0225,0.0181,0.0329
0.1564,0.0095,0.0095,0.0003,0.0023,0.0058,0.0084,0.1805,0.0000,0.0538,0.0178,0.0230,0.0139,0.0050,0.0034,0.0047,0.0044,0.0047,0.0016,0.0071,0.0091,0.0084,0.0083,0.0117,0.0117,0.0054,0.0099,0.0062,0.0103
0.0134,0.0049,0.0047,0.0005,0.0007,0.0003,0.1805,0.6003,0.0049,0.0256,0.0564,0.0038,0.0038,0.0025,0.0027,0.0040,0.0050,0.0049,0.0025,0.0064,0.0080,0.0058,0.0075,0.0077,0.0110,0.0090,0.0152,0.0086,0.0126
0.0084,0.0069,0.0074,0.0025,0.0055,0.0070,0.0000,0.0049,0.0209,0.0027,0.0001,0.0011,0.0071,0.0018,0.0234,0.0030,0.0029,0.0056,0.0092,0.0098,0.0207,0.1032,0.0316,0.0264,0.0524,0.0755,0.0240,0.0238,0.0255
0.1097,0.0100,0.0806,0.0277,0.9866,0.0382,0.0538,0.0256,0.0027,0.3919,0.0222,0.0002,0.0000,0.0004,0.0002,0.0022,0.0050,0.0028,0.0009,0.0017,0.0057,0.0027,0.0038,0.0029,0.0055,0.0039,0.0072,0.0071,0.0098
0.0077,0.0046,0.0101,0.0278,0.0487,0.0754,0.0178,0.0564,0.0001,0.0222,0.1136,0.0163,0.0000,0.0008,0.0012,0.0037,0.0147,0.0291,0.0067,0.0057,0.0061,0.0114,0.0048,0.0071,0.0063,0.0056,0.0067,0.0050,0.0081
0.0092,0.0089,0.9850,0.0575,0.9953,0.0618,0.0230,0.0038,0.0011,0.0002,0.0163,0.0073,0.0011,0.0001,0.0009,0.0012,0.0028,0.0055,0.0034,0.0020,0.0019,0.0025,0.0017,0.0042,0.0064,0.0039,0.0059,0.0033,0.0048
0.0106,0.0197,0.0241,1.0000,0.1081,0.1288,0.0139,0.0038,0.0071,0.0000,0.0000,0.0011,0.3952,0.0006,0.0000,0.0005,0.0033,0.0425,0.0049,0.0025,0.0044,0.0114,0.0052,0.0118,0.0105,0.0051,0.0031,0.0027,0.0027
0.0265,0.0403,0.4456,0.4642,0.0138,0.0238,0.0050,0.0025,0.0018,0.0004,0.0008,0.0001,0.0006,0.0019,0.0025,0.0001,0.0006,0.4018,0.8693,0.0075,0.0081,0.0475,0.0041,0.0088,0.0071,0.0064,0.0031,0.0021,0.0027
0.0355,0.9712,0.1479,0.9883,0.0085,0.0258,0.0034,0.0027,0.0234,0.0002,0.0012,0.0009,0.0000,0.0025,0.0002,0.0769,0.0037,0.0748,0.0073,0.0037,0.0065,0.0018,0.0046,0.0052,0.0024,0.0020,0.0016,0.0028,0.0013
0.2156,0.2396,0.0729,0.1425,0.0036,0.0333,0.0047,0.0040,0.0030,0.0022,0.0037,0.0012,0.0005,0.0001,0.0769,0.0120,0.0141,0.0001,0.0020,0.0228,0.0054,0.0204,0.0133,0.0097,0.0053,0.0072,0.0052,0.0039,0.0038
0.0495,0.0373,0.0170,0.0182,0.0029,0.0070,0.0044,0.0050,0.0029,0.0050,0.0147,0.0028,0.0033,0.0006,0.0037,0.0141,0.0238,0.0028,0.0005,0.0309,0.1057,0.0082,0.0201,0.0120,0.0047,0.0047,0.0039,0.0042,0.0035
0.0144,0.0239,0.0078,0.0505,0.0031,0.0128,0.0047,0.0049,0.0056,0.0028,0.0291,0.0055,0.0425,0.4018,0.0748,0.0001,0.0028,0.0039,0.0014,0.0007,0.0044,0.0299,0.0028,0.0124,0.0057,0.0074,0.0052,0.0038,0.0022
0.0182,0.0114,0.0083,0.0263,0.0027,0.0146,0.0016,0.0025,0.0092,0.0009,0.0067,0.0034,0.0049,0.8693,0.0073,0.0020,0.0005,0.0014,0.0019,0.0216,0.0015,0.0011,0.0967,0.0146,0.0342,0.0316,0.0106,0.0038,0.0028
0.0153,0.0066,0.0049,0.0042,0.0026,0.0091,0.0071,0.0064,0.0098,0.0017,0.0057,0.0020,0.0025,0.0075,0.0037,0.0228,0.0309,0.0007,0.0216,0.0441,0.0258,0.0002,0.0053,0.0883,0.0125,0.0202,0.0125,0.0096,0.0061
0.0133,0.0084,0.0042,0.0050,0.0029,0.0141,0.0091,0.0080,0.0207,0.0057,0.0061,0.0019,0.0044,0.0081,0.0065,0.0054,0.1057,0.0044,0.0015,0.0258,0.0136,0.0024,0.0005,0.0044,0.0455,0.0108,0.0106,0.0092,0.0071
0.0172,0.0075,0.0077,0.0449,0.0052,0.0770,0.0084,0.0058,0.1032,0.0027,0.0114,0.0025,0.0114,0.0475,0.0018,0.0204,0.0082,0.0299,0.0011,0.0002,0.0024,0.0068,0.0089,0.0002,0.0014,0.0278,0.0048,0.0145,0.0082
0.0098,0.0050,0.0042,0.0092,0.0041,0.0328,0.0083,0.0075,0.0316,0.0038,0.0048,0.0017,0.0052,0.0041,0.0046,0.0133,0.0201,0.0028,0.0967,0.0053,0.0005,0.0089,0.0238,0.0102,0.0003,0.0055,0.0184,0.0142,0.0194
0.0029,0.0035,0.0027,0.0473,0.0056,0.0692,0.0117,0.0077,0.0264,0.0029,0.0071,0.0042,0.0118,0.0088,0.0052,0.0097,0.0120,0.0124,0.0146,0.0883,0.0044,0.0002,0.0102,0.0027,0.0219,0.0000,0.0021,0.0182,0.0372
0.0086,0.0031,0.0033,0.0024,0.0064,0.0189,0.0117,0.0110,0.0524,0.0055,0.0063,0.0064,0.0105,0.0071,0.0024,0.0053,0.0047,0.0057,0.0342,0.0125,0.0455,0.0014,0.0003,0.0219,0.0373,0.0046,0.0009,0.0067,0.0263
0.0175,0.0114,0.0038,0.0092,0.0043,0.0328,0.0054,0.0090,0.0755,0.0039,0.0056,0.0039,0.0051,0.0064,0.0020,0.0072,0.0047,0.0074,0.0316,0.0202,0.0108,0.0278,0.0055,0.0000,0.0046,0.0123,0.0063,0.0040,0.0126
0.0098,0.0058,0.0126,0.0024,0.0068,0.0225,0.0099,0.0152,0.0240,0.0072,0.0067,0.0059,0.0031,0.0031,0.0016,0.0052,0.0039,0.0052,0.0106,0.0125,0.0106,0.0048,0.0184,0.0021,0.0009,0.0063,0.0506,0.0499,0.0029
0.0044,0.0051,0.0056,0.0024,0.0038,0.0181,0.0062,0.0086,0.0238,0.0071,0.0050,0.0033,0.0027,0.0021,0.0028,0.0039,0.0042,0.0038,0.0038,0.0096,0.0092,0.0145,0.0142,0.0182,0.0067,0.0040,0.0499,0.0577,0.0170
0.0050,0.0046,0.0053,0.0019,0.0051,0.0329,0.0103,0.0126,0.0255,0.0098,0.0081,0.0048,0.0027,0.0027,0.0013,0.0038,0.0035,0.0022,0.0028,0.0061,0.0071,0.0082,0.0194,0.0372,0.0263,0.0126,0.0029,0.0170,0.0304
