c1,c2,c3,c4,c5,c6,c7,c8,c9,c10,c11,c12,c13,c14,c15,c16,c17,c18,c19,c20,c21,c22,c23,c24,c25,c26,c27,c28,c29
0.0001,0.0008,0.0002,0.0001,0.0104,0.0013,0.0209,0.0055,0.0101,0.0835,0.0039,0.0202,0.0158,0.0352,0.0419,0.0791,0.0370,0.0122,0.0149,0.0141,0.0141,0.0096,0.0135,0.0100,0.0095,0.0104,0.0090,0.0042,0.0030
0.0008,0.0072,0.0050,0.0000,0.0016,0.0006,0.0069,0.0040,0.0104,0.0216,0.0056,0.0199,0.0173,0.0548,0.9082,0.1858,0.0352,0.0132,0.0103,0.0077,0.0112,0.0049,0.0034,0.0045,0.0032,0.0053,0.0042,0.0038,0.0022
0.0002,0.0050,0.0388,0.0001,0.0000,0.0001,0.0034,0.0026,0.0050,0.0953,0.0117,0.9964,0.0556,0.7731,0.2805,0.0539,0.0189,0.0083,0.0073,0.0040,0.0035,0.0036,0.0027,0.0022,0.0028,0.0025,0.0015,0.0015,0.0018
0.0001,0.0000,0.0001,0.0017,0.0026,0.0000,0.0007,0.0007,0.0023,0.0566,0.0339,0.0822,0.9996,0.3590,0.9961,0.1425,0.0340,0.0219,0.0287,0.0057,0.0039,0.0111,0.0070,0.0057,0.0026,0.0025,0.0016,0.0014,0.0011
0.0104,0.0016,0.0000,0.0026,0.0082,0.0002,0.0011,0.0008,0.0077,0.9881,0.0588,0.9448,0.0382,0.0199,0.0140,0.0045,0.0051,0.0043,0.0042,0.0040,0.0032,0.0034,0.0044,0.0048,0.0054,0.0040,0.0033,0.0026,0.0049
0.0013,0.0006,0.0001,0.0000,0.0002,0.0008,0.0073,0.0001,0.0007,0.1078,0.1245,0.2444,0.2307,0.0752,0.0652,0.0478,0.0154,0.0227,0.0102,0.0081,0.0139,0.0500,0.0243,0.0143,0.0131,0.0132,0.0232,0.0153,0.0350
0.0209,0.0069,0.0034,0.0007,0.0011,0.0073,0.0102,0.0819,0.0000,0.0608,0.0113,0.0123,0.0265,0.0101,0.0065,0.0082,0.0066,0.0071,0.0045,0.0084,0.0086,0.0135,0.0083,0.0097,0.0115,0.0065,0.0059,0.0071,0.0158
0.0055,0.0040,0.0026,0.0007,0.0008,0.0001,0.0819,0.1678,0.0039,0.0158,0.0176,0.0040,0.0042,0.0034,0.0041,0.0053,0.0056,0.0090,0.0078,0.0096,0.0105,0.0141,0.0170,0.0160,0.0161,0.0132,0.0145,0.0091,0.0283
0.0101,0.0104,0.0050,0.0023,0.0077,0.0007,0.0000,0.0039,0.0036,0.0040,0.0003,0.0018,0.0149,0.0030,0.0211,0.0054,0.0031,0.0109,0.0066,0.0108,0.0279,0.0417,0.0366,0.0353,0.0621,0.0514,0.0282,0.0248,0.0300
0.0835,0.0216,0.0953,0.0566,0.9881,0.1078,0.0608,0.0158,0.0040,0.3711,0.0206,0.0001,0.0000,0.0003,0.0003,0.0037,0.0041,0.0024,0.0012,0.0013,0.0030,0.0028,0.0039,0.0026,0.0039,0.0035,0.0034,0.0032,0.0046
0.0039,0.0056,0.0117,0.0339,0.0588,0.1245,0.0113,0.0176,0.0003,0.0206,0.0907,0.0097,0.0000,0.0008,0.0007,0.0039,0.0091,0.0306,0.0119,0.0095,0.0054,0.0173,0.0059,0.0075,0.0067,0.0068,0.0059,0.0058,0.0074
0.0202,0.0199,0.9964,0.0822,0.9448,0.2444,0.0123,0.0040,0.0018,0.0001,0.0097,0.0037,0.0005,0.0001,0.0003,0.0008,0.0028,0.0072,0.0045,0.0035,0.0027,0.0039,0.0026,0.0040,0.0070,0.0040,0.0041,0.0031,0.0029
0.0158,0.0173,0.0556,0.9996,0.0382,0.2307,0.0265,0.0042,0.0149,0.0000,0.0000,0.0005,0.2006,0.0015,0.0000,0.0006,0.0022,0.0473,0.0105,0.0054,0.0048,0.0152,0.0058,0.0037,0.0069,0.0066,0.0028,0.0027,0.0031
0.0352,0.0548,0.7731,0.3590,0.0199,0.0752,0.0101,0.0034,0.0030,0.0003,0.0008,0.0001,0.0015,0.0039,0.0017,0.0001,0.0012,0.0629,0.4497,0.0088,0.0056,0.0235,0.0047,0.0037,0.0047,0.0049,0.0031,0.0021,0.0028
0.0419,0.9082,0.2805,0.9961,0.0140,0.0652,0.0065,0.0041,0.0211,0.0003,0.0007,0.0003,0.0000,0.0017,0.0017,0.0237,0.0016,0.0399,0.0058,0.0029,0.0034,0.0019,0.0025,0.0038,0.0038,0.0025,0.0025,0.0021,0.0017
0.0791,0.1858,0.0539,0.1425,0.0045,0.0478,0.0082,0.0053,0.0054,0.0037,0.0039,0.0008,0.0006,0.0001,0.0237,0.0237,0.0170,0.0001,0.0012,0.0183,0.0049,0.0130,0.0075,0.0078,0.0058,0.0074,0.0081,0.0041,0.0068
0.0370,0.0352,0.0189,0.0340,0.0051,0.0154,0.0066,0.0056,0.0031,0.0041,0.0091,0.0028,0.0022,0.0012,0.0016,0.0170,0.0250,0.0040,0.0004,0.0160,0.0253,0.0111,0.0149,0.0080,0.0057,0.0058,0.0062,0.0029,0.0060
0.0122,0.0132,0.0083,0.0219,0.0043,0.0227,0.0071,0.0090,0.0109,0.0024,0.0306,0.0072,0.0473,0.0629,0.0399,0.0001,0.0040,0.0057,0.0038,0.0004,0.0012,0.0130,0.0040,0.0114,0.0064,0.0113,0.0081,0.0034,0.0060
0.0149,0.0103,0.0073,0.0287,0.0042,0.0102,0.0045,0.0078,0.0066,0.0012,0.0119,0.0045,0.0105,0.4497,0.0058,0.0012,0.0004,0.0038,0.0054,0.0029,0.0005,0.0019,0.0223,0.0130,0.0305,0.0212,0.0181,0.0083,0.0062
0.0141,0.0077,0.0040,0.0057,0.0040,0.0081,0.0084,0.0096,0.0108,0.0013,0.0095,0.0035,0.0054,0.0088,0.0029,0.0183,0.0160,0.0004,0.0029,0.0132,0.0372,0.0002,0.0023,0.0327,0.0125,0.0239,0.0317,0.0194,0.0285
0.0141,0.0112,0.0035,0.0039,0.0032,0.0139,0.0086,0.0105,0.0279,0.0030,0.0054,0.0027,0.0048,0.0056,0.0034,0.0049,0.0253,0.0012,0.0005,0.0372,0.0287,0.0065,0.0006,0.0091,0.0240,0.0104,0.0270,0.0131,0.0195
0.0096,0.0049,0.0036,0.0111,0.0034,0.0500,0.0135,0.0141,0.0417,0.0028,0.0173,0.0039,0.0152,0.0235,0.0019,0.0130,0.0111,0.0130,0.0019,0.0002,0.0065,0.0157,0.0079,0.0003,0.0008,0.0130,0.0160,0.0282,0.0244
0.0135,0.0034,0.0027,0.0070,0.0044,0.0243,0.0083,0.0170,0.0366,0.0039,0.0059,0.0026,0.0058,0.0047,0.0025,0.0075,0.0149,0.0040,0.0223,0.0023,0.0006,0.0079,0.0074,0.0099,0.0004,0.0085,0.0556,0.0294,0.0557
0.0100,0.0045,0.0022,0.0057,0.0048,0.0143,0.0097,0.0160,0.0353,0.0026,0.0075,0.0040,0.0037,0.0037,0.0038,0.0078,0.0080,0.0114,0.0130,0.0327,0.0091,0.0003,0.0099,0.0054,0.0154,0.0002,0.0070,0.0806,0.0713
0.0095,0.0032,0.0028,0.0026,0.0054,0.0131,0.0115,0.0161,0.0621,0.0039,0.0067,0.0070,0.0069,0.0047,0.0038,0.0058,0.0057,0.0064,0.0305,0.0125,0.0240,0.0008,0.0004,0.0154,0.0433,0.0171,0.0006,0.0103,0.0269
0.0104,0.0053,0.0025,0.0025,0.0040,0.0132,0.0065,0.0132,0.0514,0.0035,0.0068,0.0040,0.0066,0.0049,0.0025,0.0074,0.0058,0.0113,0.0212,0.0239,0.0104,0.0130,0.0085,0.0002,0.0171,0.0239,0.0127,0.0011,0.0213
0.0090,0.0042,0.0015,0.0016,0.0033,0.0232,0.0059,0.0145,0.0282,0.0034,0.0059,0.0041,0.0028,0.0031,0.0025,0.0081,0.0062,0.0081,0.0181,0.0317,0.0270,0.0160,0.0556,0.0070,0.0006,0.0127,0.0097,0.1174,0.0004
0.0042,0.0038,0.0015,0.0014,0.0026,0.0153,0.0071,0.0091,0.0248,0.0032,0.0058,0.0031,0.0027,0.0021,0.0021,0.0041,0.0029,0.0034,0.0083,0.0194,0.0131,0.0282,0.0294,0.0806,0.0103,0.0011,0.1174,0.0480,0.0071
0.0030,0.0022,0.0018,0.0011,0.0049,0.0350,0.0158,0.0283,0.0300,0.0046,0.0074,0.0029,0.0031,0.0028,0.0017,0.0068,0.0060,0.0060,0.0062,0.0285,0.0195,0.0244,0.0557,0.0713,0.0269,0.0213,0.0004,0.0071,0.0008
