c1,c2,c3,c4,c5,c6,c7,c8,c9,c10,c11,c12,c13,c14,c15,c16,c17,c18,c19,c20,c21,c22,c23,c24,c25,c26,c27,c28,c29
0.0000,0.0007,0.0002,0.0000,0.0119,0.0021,0.0439,0.0046,0.0075,0.0834,0.0056,0.0146,0.0085,0.0321,0.0660,0.2918,0.0739,0.0156,0.0223,0.0219,0.0130,0.0111,0.0126,0.0066,0.0097,0.0172,0.0077,0.0049,0.0015
0.0007,0.0023,0.0038,0.0000,0.0016,0.0005,0.0077,0.0030,0.0051,0.0105,0.0042,0.0108,0.0166,0.0677,0.9903,0.5248,0.0572,0.0236,0.0156,0.0071,0.0071,0.0064,0.0042,0.0037,0.0032,0.0039,0.0054,0.0045,0.0020
0.0002,0.0038,0.0184,0.0001,0.0001,0.0001,0.0093,0.0038,0.0088,0.1078,0.0108,0.9915,0.0383,0.5105,0.1683,0.0745,0.0149,0.0076,0.0084,0.0051,0.0036,0.0062,0.0029,0.0019,0.0026,0.0021,0.0031,0.0022,0.0024
0.0000,0.0000,0.0001,0.0007,0.0014,0.0000,0.0004,0.0005,0.0027,0.0423,0.0342,0.0699,1.0000,0.6896,0.9907,0.1639,0.0167,0.0454,0.0476,0.0049,0.0039,0.0372,0.0065,0.0054,0.0023,0.0035,0.0032,0.0021,0.0016
0.0119,0.0016,0.0001,0.0014,0.0072,0.0001,0.0027,0.0004,0.0069,0.9914,0.0504,0.9915,0.1046,0.0124,0.0080,0.0034,0.0031,0.0036,0.0029,0.0028,0.0031,0.0047,0.0038,0.0042,0.0050,0.0028,0.0039,0.0033,0.0054
0.0021,0.0005,0.0001,0.0000,0.0001,0.0025,0.0063,0.0002,0.0025,0.0673,0.0783,0.0644,0.1498,0.0333,0.0277,0.0364,0.0076,0.0158,0.0096,0.0069,0.0146,0.0875,0.0217,0.0164,0.0163,0.0569,0.0306,0.0271,0.0799
0.0439,0.0077,0.0093,0.0004,0.0027,0.0063,0.0092,0.1017,0.0000,0.0452,0.0148,0.0139,0.0110,0.0058,0.0032,0.0045,0.0042,0.0050,0.0020,0.0071,0.0111,0.0164,0.0095,0.0088,0.0143,0.0080,0.0121,0.0076,0.0212
0.0046,0.0030,0.0038,0.0005,0.0004,0.0002,0.1017,0.4744,0.0020,0.0182,0.0195,0.0036,0.0046,0.0031,0.0031,0.0039,0.0055,0.0067,0.0037,0.0077,0.0118,0.0116,0.0129,0.0112,0.0199,0.0130,0.0163,0.0119,0.0593
0.0075,0.0051,0.0088,0.0027,0.0069,0.0025,0.0000,0.0020,0.0041,0.0023,0.0001,0.0010,0.0096,0.0016,0.0174,0.0024,0.0026,0.0057,0.0061,0.0080,0.0198,0.1781,0.0332,0.0376,0.0629,0.2278,0.0301,0.0432,0.0843
0.0834,0.0105,0.1078,0.0423,0.9914,0.0673,0.0452,0.0182,0.0023,0.2196,0.0119,0.0001,0.0000,0.0003,0.0003,0.0027,0.0065,0.0030,0.0012,0.0024,0.0056,0.0042,0.0051,0.0037,0.0064,0.0031,0.0067,0.0045,0.0069
0.0056,0.0042,0.0108,0.0342,0.0504,0.0783,0.0148,0.0195,0.0001,0.0119,0.0620,0.0133,0.0000,0.0008,0.0009,0.0037,0.0132,0.0371,0.0091,0.0070,0.0068,0.0182,0.0059,0.0067,0.0083,0.0121,0.0069,0.0075,0.0095
0.0146,0.0108,0.9915,0.0699,0.9915,0.0644,0.0139,0.0036,0.0010,0.0001,0.0133,0.0065,0.0014,0.0001,0.0007,0.0011,0.0032,0.0075,0.0040,0.0023,0.0023,0.0029,0.0022,0.0044,0.0062,0.0042,0.0035,0.0037,0.0034
0.0085,0.0166,0.0383,1.0000,0.1046,0.1498,0.0110,0.0046,0.0096,0.0000,0.0000,0.0014,0.2397,0.0004,0.0000,0.0009,0.0031,0.1187,0.0105,0.0034,0.0043,0.0086,0.0049,0.0078,0.0097,0.0023,0.0029,0.0024,0.0022
0.0321,0.0677,0.5105,0.6896,0.0124,0.0333,0.0058,0.0031,0.0016,0.0003,0.0008,0.0001,0.0004,0.0017,0.0034,0.0001,0.0005,0.4193,0.9748,0.0083,0.0073,0.0287,0.0041,0.0039,0.0049,0.0038,0.0024,0.0015,0.0020
0.0660,0.9903,0.1683,0.9907,0.0080,0.0277,0.0032,0.0031,0.0174,0.0003,0.0009,0.0007,0.0000,0.0034,0.0005,0.0858,0.0056,0.0834,0.0075,0.0034,0.0047,0.0011,0.0024,0.0042,0.0017,0.0014,0.0015,0.0013,0.0009
0.2918,0.5248,0.0745,0.1639,0.0034,0.0364,0.0045,0.0039,0.0024,0.0027,0.0037,0.0011,0.0009,0.0001,0.0858,0.0158,0.0177,0.0001,0.0023,0.0287,0.0037,0.0097,0.0102,0.0056,0.0036,0.0051,0.0035,0.0027,0.0040
0.0739,0.0572,0.0149,0.0167,0.0031,0.0076,0.0042,0.0055,0.0026,0.0065,0.0132,0.0032,0.0031,0.0005,0.0056,0.0177,0.0322,0.0033,0.0009,0.0443,0.0816,0.0056,0.0147,0.0068,0.0037,0.0039,0.0031,0.0023,0.0037
0.0156,0.0236,0.0076,0.0454,0.0036,0.0158,0.0050,0.0067,0.0057,0.0030,0.0371,0.0075,0.1187,0.4193,0.0834,0.0001,0.0033,0.0035,0.0012,0.0009,0.0038,0.0139,0.0022,0.0087,0.0045,0.0045,0.0029,0.0025,0.0027
0.0223,0.0156,0.0084,0.0476,0.0029,0.0096,0.0020,0.0037,0.0061,0.0012,0.0091,0.0040,0.0105,0.9748,0.0075,0.0023,0.0009,0.0012,0.0031,0.0223,0.0007,0.0003,0.0621,0.0097,0.0120,0.0067,0.0070,0.0044,0.0042
0.0219,0.0071,0.0051,0.0049,0.0028,0.0069,0.0071,0.0077,0.0080,0.0024,0.0070,0.0023,0.0034,0.0083,0.0034,0.0287,0.0443,0.0009,0.0223,0.0743,0.0145,0.0001,0.0040,0.0559,0.0067,0.0124,0.0087,0.0093,0.0097
0.0130,0.0071,0.0036,0.0039,0.0031,0.0146,0.0111,0.0118,0.0198,0.0056,0.0068,0.0023,0.0043,0.0073,0.0047,0.0037,0.0816,0.0038,0.0007,0.0145,0.0157,0.0019,0.0006,0.0073,0.0435,0.0126,0.0138,0.0157,0.0132
0.0111,0.0064,0.0062,0.0372,0.0047,0.0875,0.0164,0.0116,0.1781,0.0042,0.0182,0.0029,0.0086,0.0287,0.0011,0.0097,0.0056,0.0139,0.0003,0.0001,0.0019,0.0028,0.0062,0.0006,0.0022,0.0353,0.0083,0.0301,0.0277
0.0126,0.0042,0.0029,0.0065,0.0038,0.0217,0.0095,0.0129,0.0332,0.0051,0.0059,0.0022,0.0049,0.0041,0.0024,0.0102,0.0147,0.0022,0.0621,0.0040,0.0006,0.0062,0.0149,0.0125,0.0002,0.0085,0.0362,0.0288,0.0500
0.0066,0.0037,0.0019,0.0054,0.0042,0.0164,0.0088,0.0112,0.0376,0.0037,0.0067,0.0044,0.0078,0.0039,0.0042,0.0056,0.0068,0.0087,0.0097,0.0559,0.0073,0.0006,0.0125,0.0187,0.0524,0.0001,0.0044,0.0392,0.0426
0.0097,0.0032,0.0026,0.0023,0.0050,0.0163,0.0143,0.0199,0.0629,0.0064,0.0083,0.0062,0.0097,0.0049,0.0017,0.0036,0.0037,0.0045,0.0120,0.0067,0.0435,0.0022,0.0002,0.0524,0.1170,0.0053,0.0011,0.0053,0.0376
0.0172,0.0039,0.0021,0.0035,0.0028,0.0569,0.0080,0.0130,0.2278,0.0031,0.0121,0.0042,0.0023,0.0038,0.0014,0.0051,0.0039,0.0045,0.0067,0.0124,0.0126,0.0353,0.0085,0.0001,0.0053,0.0022,0.1314,0.0068,0.0512
0.0077,0.0054,0.0031,0.0032,0.0039,0.0306,0.0121,0.0163,0.0301,0.0067,0.0069,0.0035,0.0029,0.0024,0.0015,0.0035,0.0031,0.0029,0.0070,0.0087,0.0138,0.0083,0.0362,0.0044,0.0011,0.1314,0.0749,0.0704,0.0003
0.0049,0.0045,0.0022,0.0021,0.0033,0.0271,0.0076,0.0119,0.0432,0.0045,0.0075,0.0037,0.0024,0.0015,0.0013,0.0027,0.0023,0.0025,0.0044,0.0093,0.0157,0.0301,0.0288,0.0392,0.0053,0.0068,0.0704,0.0672,0.0037
0.0015,0.0020,0.0024,0.0016,0.0054,0.0799,0.0212,0.0593,0.0843,0.0069,0.0095,0.0034,0.0022,0.0020,0.0009,0.0040,0.0037,0.0027,0.0042,0.0097,0.0132,0.0277,0.0500,0.0426,0.0376,0.0512,0.0003,0.0037,0.0034
