c1,c2,c3,c4,c5,c6,c7,c8,c9,c10,c11,c12,c13,c14,c15,c16,c17,c18,c19,c20,c21,c22,c23,c24,c25,c26,c27,c28,c29
0.0031,0.0009,0.0000,0.0004,0.1995,0.0012,0.0225,0.0124,0.0132,0.0011,0.0064,0.0061,0.0082,0.0191,0.0153,0.0071,0.0074,0.0031,0.0059,0.0066,0.0025,0.0053,0.0047,0.0116,0.0104,0.1006,0.1605,0.0162,0.0606
0.0009,0.0335,0.0181,0.0001,0.0016,0.0008,0.0041,0.0074,0.0102,0.0016,0.0043,0.0050,0.0035,0.0082,0.0093,0.0049,0.0055,0.0026,0.0032,0.0061,0.0026,0.0052,0.0034,0.0115,0.0091,0.3498,0.4349,0.2779,0.0338
0.0000,0.0181,0.2647,0.0051,0.0001,0.0000,0.0010,0.0009,0.0039,0.0007,0.0034,0.0066,0.0022,0.0033,0.0045,0.0069,0.0049,0.0023,0.0037,0.0040,0.0020,0.0049,0.0025,0.0182,0.0211,0.6622,0.9969,0.8414,0.0272
0.0004,0.0001,0.0051,0.0237,0.0058,0.0000,0.0008,0.0007,0.0046,0.0017,0.0050,0.0065,0.0070,0.0084,0.0072,0.0057,0.0077,0.0028,0.0038,0.0046,0.0030,0.0081,0.0045,0.1793,0.0109,0.9938,0.5155,0.3184,0.0689
0.1995,0.0016,0.0001,0.0058,0.0527,0.0002,0.0003,0.0004,0.0023,0.0036,0.0088,0.0029,0.0047,0.0038,0.0070,0.0075,0.0062,0.0025,0.0024,0.0047,0.0036,0.0075,0.0218,0.0438,0.7597,0.0339,0.4793,0.0121,0.0234
0.0012,0.0008,0.0000,0.0000,0.0002,0.0032,0.0003,0.0000,0.0385,0.0000,0.0018,0.0031,0.0028,0.0058,0.0218,0.0130,0.0088,0.0076,0.0137,0.0290,0.0585,0.7319,0.1424,1.0000,0.0335,0.7895,0.0596,0.0408,0.0009
0.0225,0.0041,0.0010,0.0008,0.0003,0.0003,0.0252,0.1266,0.0000,0.0003,0.0026,0.0015,0.0029,0.0037,0.0039,0.0062,0.0050,0.0034,0.0030,0.0102,0.0435,0.0122,0.9743,0.2060,0.4183,0.0154,0.0099,0.0203,0.0181
0.0124,0.0074,0.0009,0.0007,0.0004,0.0000,0.1266,0.1860,0.0036,0.0000,0.0003,0.0008,0.0020,0.0053,0.0082,0.0073,0.0069,0.0036,0.0090,0.0577,0.1705,0.1322,0.9851,0.1141,0.0229,0.0048,0.0037,0.0111,0.0097
0.0132,0.0102,0.0039,0.0046,0.0023,0.0385,0.0000,0.0036,0.0976,0.0005,0.0000,0.0002,0.0008,0.0016,0.0073,0.0146,0.0090,0.0065,0.0249,0.0401,0.1651,0.6940,0.0598,0.2531,0.0153,0.0127,0.0083,0.0133,0.0074
0.0011,0.0016,0.0007,0.0017,0.0036,0.0000,0.0003,0.0000,0.0005,0.0000,0.0019,0.0004,0.0001,0.0107,0.0056,0.2219,0.5242,0.8958,0.6700,0.9872,0.9994,0.0892,0.8743,0.0205,0.0052,0.0003,0.0000,0.0014,0.0018
0.0064,0.0043,0.0034,0.0050,0.0088,0.0018,0.0026,0.0003,0.0000,0.0019,0.0211,0.0226,0.0000,0.0030,0.0039,0.0081,0.0851,0.0711,0.9266,0.1413,0.0166,0.1158,0.0182,0.0391,0.0082,0.0061,0.0042,0.0055,0.0062
0.0061,0.0050,0.0066,0.0065,0.0029,0.0031,0.0015,0.0008,0.0002,0.0004,0.0226,0.0157,0.0017,0.0003,0.0047,0.0127,0.0924,0.9588,0.8393,0.0843,0.0078,0.0089,0.0059,0.0125,0.0040,0.0043,0.0018,0.0009,0.0032
0.0082,0.0035,0.0022,0.0070,0.0047,0.0028,0.0029,0.0020,0.0008,0.0001,0.0000,0.0017,0.0176,0.1585,0.0003,0.0570,0.0828,0.1584,0.7820,0.0959,0.0219,0.0284,0.0094,0.0148,0.0067,0.0045,0.0011,0.0073,0.0068
0.0191,0.0082,0.0033,0.0084,0.0038,0.0058,0.0037,0.0053,0.0016,0.0107,0.0030,0.0003,0.1585,0.0525,0.0212,0.0016,0.0171,0.0101,0.0190,0.0174,0.0071,0.0082,0.0058,0.0045,0.0065,0.0065,0.0040,0.0064,0.0055
0.0153,0.0093,0.0045,0.0072,0.0070,0.0218,0.0039,0.0082,0.0073,0.0056,0.0039,0.0047,0.0003,0.0212,0.1219,0.3229,0.0009,0.0030,0.0022,0.0109,0.0186,0.0187,0.0046,0.0048,0.0058,0.0057,0.0004,0.0171,0.0067
0.0071,0.0049,0.0069,0.0057,0.0075,0.0130,0.0062,0.0073,0.0146,0.2219,0.0081,0.0127,0.0570,0.0016,0.3229,0.0002,0.0450,0.0007,0.0044,0.0059,0.0107,0.0104,0.0056,0.0035,0.0050,0.0036,0.0014,0.0047,0.0016
0.0074,0.0055,0.0049,0.0077,0.0062,0.0088,0.0050,0.0069,0.0090,0.5242,0.0851,0.0924,0.0828,0.0171,0.0009,0.0450,0.0148,0.0162,0.0001,0.0015,0.0039,0.0035,0.0049,0.0025,0.0035,0.0028,0.0010,0.0040,0.0027
0.0031,0.0026,0.0023,0.0028,0.0025,0.0076,0.0034,0.0036,0.0065,0.8958,0.0711,0.9588,0.1584,0.0101,0.0030,0.0007,0.0162,0.0182,0.0041,0.0002,0.0068,0.0095,0.0015,0.0019,0.0022,0.0018,0.0018,0.0032,0.0015
0.0059,0.0032,0.0037,0.0038,0.0024,0.0137,0.0030,0.0090,0.0249,0.6700,0.9266,0.8393,0.7820,0.0190,0.0022,0.0044,0.0001,0.0041,0.0044,0.0004,0.0001,0.0012,0.0008,0.0011,0.0078,0.0022,0.0032,0.0040,0.0020
0.0066,0.0061,0.0040,0.0046,0.0047,0.0290,0.0102,0.0577,0.0401,0.9872,0.1413,0.0843,0.0959,0.0174,0.0109,0.0059,0.0015,0.0002,0.0004,0.0061,0.0039,0.0000,0.0006,0.0018,0.0023,0.0035,0.0051,0.0052,0.0039
0.0025,0.0026,0.0020,0.0030,0.0036,0.0585,0.0435,0.1705,0.1651,0.9994,0.0166,0.0078,0.0219,0.0071,0.0186,0.0107,0.0039,0.0068,0.0001,0.0039,0.0076,0.0014,0.0001,0.0001,0.0060,0.0010,0.0086,0.0009,0.0018
0.0053,0.0052,0.0049,0.0081,0.0075,0.7319,0.0122,0.1322,0.6940,0.0892,0.1158,0.0089,0.0284,0.0082,0.0187,0.0104,0.0035,0.0095,0.0012,0.0000,0.0014,0.0399,0.0028,0.0000,0.0003,0.0014,0.0052,0.0133,0.0031
0.0047,0.0034,0.0025,0.0045,0.0218,0.1424,0.9743,0.9851,0.0598,0.8743,0.0182,0.0059,0.0094,0.0058,0.0046,0.0056,0.0049,0.0015,0.0008,0.0006,0.0001,0.0028,0.0095,0.0001,0.0001,0.0001,0.0013,0.0005,0.0031
0.0116,0.0115,0.0182,0.1793,0.0438,1.0000,0.2060,0.1141,0.2531,0.0205,0.0391,0.0125,0.0148,0.0045,0.0048,0.0035,0.0025,0.0019,0.0011,0.0018,0.0001,0.0000,0.0001,0.0270,0.0032,0.0000,0.0003,0.0007,0.0097
0.0104,0.0091,0.0211,0.0109,0.7597,0.0335,0.4183,0.0229,0.0153,0.0052,0.0082,0.0040,0.0067,0.0065,0.0058,0.0050,0.0035,0.0022,0.0078,0.0023,0.0060,0.0003,0.0001,0.0032,0.0448,0.0019,0.0005,0.0006,0.0220
0.1006,0.3498,0.6622,0.9938,0.0339,0.7895,0.0154,0.0048,0.0127,0.0003,0.0061,0.0043,0.0045,0.0065,0.0057,0.0036,0.0028,0.0018,0.0022,0.0035,0.0010,0.0014,0.0001,0.0000,0.0019,0.0149,0.0050,0.0001,0.0063
0.1605,0.4349,0.9969,0.5155,0.4793,0.0596,0.0099,0.0037,0.0083,0.0000,0.0042,0.0018,0.0011,0.0040,0.0004,0.0014,0.0010,0.0018,0.0032,0.0051,0.0086,0.0052,0.0013,0.0003,0.0005,0.0050,0.0001,0.0425,0.0362
0.0162,0.2779,0.8414,0.3184,0.0121,0.0408,0.0203,0.0111,0.0133,0.0014,0.0055,0.0009,0.0073,0.0064,0.0171,0.0047,0.0040,0.0032,0.0040,0.0052,0.0009,0.0133,0.0005,0.0007,0.0006,0.0001,0.0425,0.0003,0.0139
0.0606,0.0338,0.0272,0.0689,0.0234,0.0009,0.0181,0.0097,0.0074,0.0018,0.0062,0.0032,0.0068,0.0055,0.0067,0.0016,0.0027,0.0015,0.0020,0.0039,0.0018,0.0031,0.0031,0.0097,0.0220,0.0063,0.0362,0.0139,0.0075
