c1,c2,c3,c4,c5,c6,c7,c8,c9,c10,c11,c12,c13,c14,c15,c16,c17,c18,c19,c20,c21,c22,c23,c24,c25,c26,c27,c28,c29
0.0001,0.0011,0.0001,0.0001,0.0061,0.0009,0.0141,0.0056,0.0191,0.0540,0.0065,0.0124,0.0135,0.0203,0.0324,0.0671,0.0432,0.0193,0.0253,0.0224,0.0155,0.0106,0.0089,0.0106,0.0079,0.0110,0.0061,0.0057,0.0052
0.0011,0.0114,0.0156,0.0000,0.0029,0.0014,0.0064,0.0044,0.0085,0.0234,0.0050,0.0114,0.0129,0.0275,0.4969,0.1320,0.0365,0.0142,0.0115,0.0085,0.0042,0.0049,0.0033,0.0060,0.0043,0.0064,0.0037,0.0044,0.0037
0.0001,0.0156,0.0933,0.0004,0.0001,0.0001,0.0063,0.0026,0.0065,0.0492,0.0108,0.4594,0.0207,0.2049,0.2011,0.2055,0.0209,0.0107,0.0117,0.0066,0.0038,0.0060,0.0040,0.0048,0.0031,0.0033,0.0014,0.0019,0.0029
0.0001,0.0000,0.0004,0.0008,0.0029,0.0000,0.0002,0.0007,0.0019,0.0376,0.0346,0.0282,0.9998,0.3281,0.9029,0.1709,0.0455,0.0219,0.0256,0.0131,0.0036,0.0307,0.0051,0.0108,0.0044,0.0032,0.0016,0.0022,0.0024
0.0061,0.0029,0.0001,0.0029,0.0097,0.0003,0.0004,0.0009,0.0052,0.8538,0.0894,0.7753,0.0589,0.0175,0.0116,0.0061,0.0061,0.0040,0.0057,0.0050,0.0034,0.0063,0.0064,0.0106,0.0054,0.0055,0.0031,0.0033,0.0058
0.0009,0.0014,0.0001,0.0000,0.0003,0.0001,0.0025,0.0000,0.0001,0.0253,0.2692,0.1511,0.1999,0.0410,0.1083,0.0470,0.0093,0.0176,0.0072,0.0149,0.0315,0.0593,0.0217,0.1908,0.0223,0.0298,0.2693,0.0104,0.0217
0.0141,0.0064,0.0063,0.0002,0.0004,0.0025,0.0024,0.0356,0.0000,0.0286,0.0239,0.0160,0.0274,0.0151,0.0062,0.0064,0.0058,0.0063,0.0035,0.0119,0.0105,0.0333,0.0100,0.0312,0.0241,0.0083,0.0082,0.0107,0.0214
0.0056,0.0044,0.0026,0.0007,0.0009,0.0000,0.0356,0.0706,0.0011,0.0029,0.0081,0.0063,0.0040,0.0052,0.0038,0.0044,0.0056,0.0069,0.0105,0.0094,0.0106,0.0242,0.0195,0.0394,0.0220,0.0699,0.0295,0.0142,0.0550
0.0191,0.0085,0.0065,0.0019,0.0052,0.0001,0.0000,0.0011,0.0040,0.0010,0.0010,0.0027,0.0108,0.0033,0.0271,0.0041,0.0041,0.0100,0.0067,0.0129,0.0314,0.0531,0.0216,0.1991,0.0423,0.0520,0.1503,0.0117,0.0144
0.0540,0.0234,0.0492,0.0376,0.8538,0.0253,0.0286,0.0029,0.0010,0.0197,0.1473,0.0001,0.0000,0.0014,0.0003,0.0025,0.0046,0.0041,0.0011,0.0025,0.0077,0.0075,0.0079,0.0076,0.0127,0.0172,0.0043,0.0049,0.0084
0.0065,0.0050,0.0108,0.0346,0.0894,0.2692,0.0239,0.0081,0.0010,0.1473,0.0002,0.1010,0.0000,0.0002,0.0005,0.0021,0.0043,0.0071,0.0130,0.0065,0.0071,0.0182,0.0038,0.0308,0.0088,0.0427,0.0117,0.0027,0.0061
0.0124,0.0114,0.4594,0.0282,0.7753,0.1511,0.0160,0.0063,0.0027,0.0001,0.1010,0.0109,0.0007,0.0001,0.0006,0.0015,0.0036,0.0071,0.0078,0.0024,0.0034,0.0058,0.0038,0.0120,0.0094,0.0066,0.0040,0.0038,0.0035
0.0135,0.0129,0.0207,0.9998,0.0589,0.1999,0.0274,0.0040,0.0108,0.0000,0.0000,0.0007,0.0031,0.0005,0.0000,0.0003,0.0012,0.0127,0.0298,0.0097,0.0083,0.2203,0.0075,0.0331,0.0207,0.0104,0.0032,0.0028,0.0023
0.0203,0.0275,0.2049,0.3281,0.0175,0.0410,0.0151,0.0052,0.0033,0.0014,0.0002,0.0001,0.0005,0.0025,0.0018,0.0001,0.0007,0.0140,0.4168,0.0189,0.0121,0.1327,0.0073,0.0145,0.0125,0.0084,0.0043,0.0038,0.0033
0.0324,0.4969,0.2011,0.9029,0.0116,0.1083,0.0062,0.0038,0.0271,0.0003,0.0005,0.0006,0.0000,0.0018,0.0037,0.0784,0.0027,0.0204,0.0058,0.0036,0.0061,0.0053,0.0024,0.0115,0.0057,0.0032,0.0023,0.0029,0.0030
0.0671,0.1320,0.2055,0.1709,0.0061,0.0470,0.0064,0.0044,0.0041,0.0025,0.0021,0.0015,0.0003,0.0001,0.0784,0.0086,0.0122,0.0001,0.0035,0.0267,0.0080,0.0383,0.0061,0.0054,0.0063,0.0052,0.0045,0.0040,0.0045
0.0432,0.0365,0.0209,0.0455,0.0061,0.0093,0.0058,0.0056,0.0041,0.0046,0.0043,0.0036,0.0012,0.0007,0.0027,0.0122,0.0163,0.0053,0.0009,0.0164,0.0284,0.0246,0.0259,0.0058,0.0046,0.0053,0.0042,0.0034,0.0043
0.0193,0.0142,0.0107,0.0219,0.0040,0.0176,0.0063,0.0069,0.0100,0.0041,0.0071,0.0071,0.0127,0.0140,0.0204,0.0001,0.0053,0.0074,0.0025,0.0010,0.0102,0.0311,0.0061,0.0111,0.0054,0.0122,0.0098,0.0049,0.0044
0.0253,0.0115,0.0117,0.0256,0.0057,0.0072,0.0035,0.0105,0.0067,0.0011,0.0130,0.0078,0.0298,0.4168,0.0058,0.0035,0.0009,0.0025,0.0015,0.0192,0.0007,0.0011,0.0223,0.0032,0.0164,0.0073,0.0096,0.0063,0.0046
0.0224,0.0085,0.0066,0.0131,0.0050,0.0149,0.0119,0.0094,0.0129,0.0025,0.0065,0.0024,0.0097,0.0189,0.0036,0.0267,0.0164,0.0010,0.0192,0.0201,0.0221,0.0000,0.0019,0.0053,0.0076,0.0104,0.0114,0.0102,0.0092
0.0155,0.0042,0.0038,0.0036,0.0034,0.0315,0.0105,0.0106,0.0314,0.0077,0.0071,0.0034,0.0083,0.0121,0.0061,0.0080,0.0284,0.0102,0.0007,0.0221,0.0153,0.0016,0.0003,0.0006,0.0269,0.0070,0.0195,0.0165,0.0127
0.0106,0.0049,0.0060,0.0307,0.0063,0.0593,0.0333,0.0242,0.0531,0.0075,0.0182,0.0058,0.2203,0.1327,0.0053,0.0383,0.0246,0.0311,0.0011,0.0000,0.0016,0.0049,0.0048,0.0000,0.0003,0.0010,0.0038,0.0170,0.0206
0.0089,0.0033,0.0040,0.0051,0.0064,0.0217,0.0100,0.0195,0.0216,0.0079,0.0038,0.0038,0.0075,0.0073,0.0024,0.0061,0.0259,0.0061,0.0223,0.0019,0.0003,0.0048,0.0190,0.0016,0.0002,0.0067,0.0859,0.0668,0.0435
0.0106,0.0060,0.0048,0.0108,0.0106,0.1908,0.0312,0.0394,0.1991,0.0076,0.0308,0.0120,0.0331,0.0145,0.0115,0.0054,0.0058,0.0111,0.0032,0.0053,0.0006,0.0000,0.0016,0.0029,0.0101,0.0000,0.0041,0.0133,0.0344
0.0079,0.0043,0.0031,0.0044,0.0054,0.0223,0.0241,0.0220,0.0423,0.0127,0.0088,0.0094,0.0207,0.0125,0.0057,0.0063,0.0046,0.0054,0.0164,0.0076,0.0269,0.0003,0.0002,0.0101,0.0197,0.0114,0.0004,0.0073,0.0095
0.0110,0.0064,0.0033,0.0032,0.0055,0.0298,0.0083,0.0699,0.0520,0.0172,0.0427,0.0066,0.0104,0.0084,0.0032,0.0052,0.0053,0.0122,0.0073,0.0104,0.0070,0.0010,0.0067,0.0000,0.0114,0.0223,0.0046,0.0008,0.0184
0.0061,0.0037,0.0014,0.0016,0.0031,0.2693,0.0082,0.0295,0.1503,0.0043,0.0117,0.0040,0.0032,0.0043,0.0023,0.0045,0.0042,0.0098,0.0096,0.0114,0.0195,0.0038,0.0859,0.0041,0.0004,0.0046,0.0049,0.2597,0.0002
0.0057,0.0044,0.0019,0.0022,0.0033,0.0104,0.0107,0.0142,0.0117,0.0049,0.0027,0.0038,0.0028,0.0038,0.0029,0.0040,0.0034,0.0049,0.0063,0.0102,0.0165,0.0170,0.0668,0.0133,0.0073,0.0008,0.2597,0.0431,0.0054
0.0052,0.0037,0.0029,0.0024,0.0058,0.0217,0.0214,0.0550,0.0144,0.0084,0.0061,0.0035,0.0023,0.0033,0.0030,0.0045,0.0043,0.0044,0.0046,0.0092,0.0127,0.0206,0.0435,0.0344,0.0095,0.0184,0.0002,0.0054,0.0147
