c1,c2,c3,c4,c5,c6,c7,c8,c9,c10,c11,c12,c13,c14,c15,c16,c17,c18,c19,c20,c21,c22,c23
0.0001,0.0002,0.0002,0.0035,0.0046,0.0069,0.0080,0.0195,0.0152,0.0141,0.0138,0.0115,0.0190,0.0115,0.0202,0.0221,0.0183,0.0524,0.0163,0.0579,0.0074,0.0069,0.0069
0.0002,0.0027,0.0052,0.0001,0.0043,0.0175,0.0050,0.0180,0.0258,0.0259,0.0146,0.0111,0.1067,0.0067,0.0164,0.0592,0.0064,0.0123,0.0060,0.0104,0.0042,0.0042,0.0033
0.0002,0.0052,0.0006,0.0151,0.0001,0.0047,0.0185,0.0128,0.0324,0.0270,0.0166,0.0360,0.3003,0.0121,0.0135,0.0326,0.0029,0.0083,0.0067,0.0058,0.0042,0.0026,0.0026
0.0035,0.0001,0.0151,0.0150,0.0034,0.0001,0.0061,0.0201,0.0185,0.0532,0.0432,0.0124,0.0436,0.0138,0.0140,0.0219,0.0062,0.0052,0.0055,0.0082,0.0035,0.0038,0.0039
0.0046,0.0043,0.0001,0.0034,0.0020,0.0091,0.0004,0.0044,0.0075,0.0514,0.1043,0.0648,0.0853,0.0190,0.0082,0.0605,0.0042,0.0051,0.0058,0.0068,0.0041,0.0049,0.0037
0.0069,0.0175,0.0047,0.0001,0.0091,0.0315,0.0370,0.0016,0.0637,0.0092,0.0295,0.0410,0.0240,0.0404,0.0027,0.0053,0.0051,0.0053,0.0018,0.0018,0.0028,0.0023,0.0045
0.0080,0.0050,0.0185,0.0061,0.0004,0.0370,0.0263,0.0302,0.0002,0.0105,0.0186,0.0096,0.0154,0.0230,0.0069,0.0155,0.0071,0.0066,0.0042,0.0050,0.0031,0.0044,0.0047
0.0195,0.0180,0.0128,0.0201,0.0044,0.0016,0.0302,0.0271,0.0104,0.0004,0.0208,0.0101,0.0040,0.0190,0.0026,0.0073,0.0113,0.0027,0.0032,0.0042,0.0050,0.0047,0.0063
0.0152,0.0258,0.0324,0.0185,0.0075,0.0637,0.0002,0.0104,0.0490,0.0166,0.0004,0.0186,0.0036,0.0051,0.0052,0.0043,0.0130,0.0052,0.0013,0.0049,0.0069,0.0042,0.0065
0.0141,0.0259,0.0270,0.0532,0.0514,0.0092,0.0105,0.0004,0.0166,0.0406,0.0054,0.0001,0.0014,0.0038,0.0029,0.0112,0.0068,0.0041,0.0066,0.0037,0.0069,0.0106,0.0129
0.0138,0.0146,0.0166,0.0432,0.1043,0.0295,0.0186,0.0208,0.0004,0.0054,0.0036,0.0115,0.0000,0.0007,0.0044,0.0028,0.0086,0.0107,0.0091,0.0133,0.0083,0.0082,0.0131
0.0115,0.0111,0.0360,0.0124,0.0648,0.0410,0.0096,0.0101,0.0186,0.0001,0.0115,0.0061,0.0043,0.0000,0.0047,0.0037,0.0037,0.0116,0.0101,0.0041,0.0224,0.0076,0.0221
0.0190,0.1067,0.3003,0.0436,0.0853,0.0240,0.0154,0.0040,0.0036,0.0014,0.0000,0.0043,0.0080,0.0019,0.0001,0.0017,0.0036,0.0041,0.0240,0.0073,0.0061,0.0328,0.0154
0.0115,0.0067,0.0121,0.0138,0.0190,0.0404,0.0230,0.0190,0.0051,0.0038,0.0007,0.0000,0.0019,0.0005,0.0135,0.0000,0.0008,0.0105,0.0320,0.0534,0.1015,0.0705,0.3909
0.0202,0.0164,0.0135,0.0140,0.0082,0.0027,0.0069,0.0026,0.0052,0.0029,0.0044,0.0047,0.0001,0.0135,0.0078,0.0059,0.0005,0.0132,0.0147,0.0057,0.0729,0.0523,0.0542
0.0221,0.0592,0.0326,0.0219,0.0605,0.0053,0.0155,0.0073,0.0043,0.0112,0.0028,0.0037,0.0017,0.0000,0.0059,0.0020,0.0008,0.0000,0.0199,0.0103,0.0448,0.1251,0.1417
0.0183,0.0064,0.0029,0.0062,0.0042,0.0051,0.0071,0.0113,0.0130,0.0068,0.0086,0.0037,0.0036,0.0008,0.0005,0.0008,0.0038,0.0113,0.0028,0.0360,0.0355,0.0682,0.2099
0.0524,0.0123,0.0083,0.0052,0.0051,0.0053,0.0066,0.0027,0.0052,0.0041,0.0107,0.0116,0.0041,0.0105,0.0132,0.0000,0.0113,0.0338,0.1923,0.0006,0.0081,0.0046,0.0261
0.0163,0.0060,0.0067,0.0055,0.0058,0.0018,0.0042,0.0032,0.0013,0.0066,0.0091,0.0101,0.0240,0.0320,0.0147,0.0199,0.0028,0.1923,0.0002,0.1571,0.0002,0.0065,0.0178
0.0579,0.0104,0.0058,0.0082,0.0068,0.0018,0.0050,0.0042,0.0049,0.0037,0.0133,0.0041,0.0073,0.0534,0.0057,0.0103,0.0360,0.0006,0.1571,0.0138,0.0517,0.0001,0.0008
0.0074,0.0042,0.0042,0.0035,0.0041,0.0028,0.0031,0.0050,0.0069,0.0069,0.0083,0.0224,0.0061,0.1015,0.0729,0.0448,0.0355,0.0081,0.0002,0.0517,0.0357,0.0135,0.0000
0.0069,0.0042,0.0026,0.0038,0.0049,0.0023,0.0044,0.0047,0.0042,0.0106,0.0082,0.0076,0.0328,0.0705,0.0523,0.1251,0.0682,0.0046,0.0065,0.0001,0.0135,0.0155,0.0003
0.0069,0.0033,0.0026,0.0039,0.0037,0.0045,0.0047,0.0063,0.0065,0.0129,0.0131,0.0221,0.0154,0.3909,0.0542,0.1417,0.2099,0.0261,0.0178,0.0008,0.0000,0.0003,0.0003