c1,c2,c3,c4,c5,c6,c7,c8,c9,c10,c11,c12,c13,c14,c15,c16,c17,c18,c19,c20
0.0004,0.0142,0.0013,0.0051,0.0189,0.0128,0.0124,0.0161,0.0228,0.0247,0.0089,0.0109,0.0099,0.0084,0.0053,0.0025,0.0064,0.0084,0.0046,0.0045
0.0142,0.2527,0.1453,0.0009,0.0194,0.0076,0.0020,0.0043,0.0025,0.0034,0.0051,0.0040,0.0034,0.0044,0.0056,0.0031,0.0051,0.0085,0.0076,0.0084
0.0013,0.1453,0.0798,0.0532,0.0028,0.0573,0.0153,0.0065,0.0053,0.0031,0.0037,0.0052,0.0038,0.0043,0.0080,0.0014,0.0029,0.0047,0.0027,0.0032
0.0051,0.0009,0.0532,0.3242,0.0589,0.0030,0.0330,0.0154,0.0037,0.0058,0.0049,0.0058,0.0036,0.0037,0.0070,0.0019,0.0040,0.0040,0.0024,0.0025
0.0189,0.0194,0.0028,0.0589,0.0854,0.0157,0.0007,0.0138,0.0042,0.0012,0.0043,0.0052,0.0063,0.0049,0.0068,0.0079,0.0060,0.0067,0.0036,0.0047
0.0128,0.0076,0.0573,0.0030,0.0157,0.0919,0.0381,0.0008,0.0069,0.0045,0.0033,0.0070,0.0034,0.0048,0.0045,0.0070,0.0047,0.0062,0.0036,0.0037
0.0124,0.0020,0.0153,0.0330,0.0007,0.0381,0.0681,0.0183,0.0007,0.0072,0.0191,0.0062,0.0093,0.0067,0.0047,0.0070,0.0036,0.0043,0.0049,0.0026
0.0161,0.0043,0.0065,0.0154,0.0138,0.0008,0.0183,0.0244,0.0175,0.0006,0.0341,0.0188,0.0053,0.0053,0.0042,0.0095,0.0044,0.0055,0.0048,0.0034
0.0228,0.0025,0.0053,0.0037,0.0042,0.0069,0.0007,0.0175,0.0299,0.0218,0.0020,0.0326,0.0296,0.0050,0.0053,0.0115,0.0052,0.0058,0.0033,0.0072
0.0247,0.0034,0.0031,0.0058,0.0012,0.0045,0.0072,0.0006,0.0218,0.0268,0.0186,0.0049,0.0194,0.0130,0.0050,0.0141,0.0116,0.0092,0.0038,0.0072
0.0089,0.0051,0.0037,0.0049,0.0043,0.0033,0.0191,0.0341,0.0020,0.0186,0.0229,0.0266,0.0027,0.0393,0.0043,0.0057,0.0039,0.0052,0.0018,0.0064
0.0109,0.0040,0.0052,0.0058,0.0052,0.0070,0.0062,0.0188,0.0326,0.0049,0.0266,0.0139,0.0096,0.0006,0.0069,0.0164,0.0023,0.0096,0.0036,0.0062
0.0099,0.0034,0.0038,0.0036,0.0063,0.0034,0.0093,0.0053,0.0296,0.0194,0.0027,0.0096,0.0619,0.0225,0.0003,0.0275,0.0052,0.0062,0.0069,0.0059
0.0084,0.0044,0.0043,0.0037,0.0049,0.0048,0.0067,0.0053,0.0050,0.0130,0.0393,0.0006,0.0225,0.0183,0.0053,0.0044,0.0061,0.0101,0.0129,0.0191
0.0053,0.0056,0.0080,0.0070,0.0068,0.0045,0.0047,0.0042,0.0053,0.0050,0.0043,0.0069,0.0003,0.0053,0.0109,0.2125,0.0025,0.0229,0.0145,0.0385
0.0025,0.0031,0.0014,0.0019,0.0079,0.0070,0.0070,0.0095,0.0115,0.0141,0.0057,0.0164,0.0275,0.0044,0.2125,0.0000,0.1354,0.0008,0.0226,0.0382
0.0064,0.0051,0.0029,0.0040,0.0060,0.0047,0.0036,0.0044,0.0052,0.0116,0.0039,0.0023,0.0052,0.0061,0.0025,0.1354,0.1093,0.0089,0.0049,0.0192
0.0084,0.0085,0.0047,0.0040,0.0067,0.0062,0.0043,0.0055,0.0058,0.0092,0.0052,0.0096,0.0062,0.0101,0.0229,0.0008,0.0089,0.0692,0.0501,0.0008
0.0046,0.0076,0.0027,0.0024,0.0036,0.0036,0.0049,0.0048,0.0033,0.0038,0.0018,0.0036,0.0069,0.0129,0.0145,0.0226,0.0049,0.0501,0.0673,0.0354
0.0045,0.0084,0.0032,0.0025,0.0047,0.0037,0.0026,0.0034,0.0072,0.0072,0.0064,0.0062,0.0059,0.0191,0.0385,0.0382,0.0192,0.0008,0.0354,0.0122