c1,c2,c3,c4,c5,c6,c7,c8,c9,c10,c11,c12,c13,c14,c15,c16,c17,c18,c19,c20,c21,c22,c23
0.0001,0.0003,0.0000,0.0020,0.0051,0.0035,0.0048,0.0139,0.0101,0.0105,0.0147,0.0300,0.0345,0.0241,0.0239,0.0792,0.0284,0.0875,0.0226,0.0161,0.0073,0.0212,0.0061
0.0003,0.0087,0.0231,0.0001,0.0036,0.0058,0.0034,0.0241,0.0172,0.0196,0.0269,0.0182,0.0132,0.0125,0.0097,0.0422,0.0091,0.0126,0.0044,0.0076,0.0048,0.0042,0.0037
0.0000,0.0231,0.0029,0.0243,0.0004,0.0137,0.0215,0.0185,0.0345,0.0324,0.0203,0.0371,0.0422,0.0119,0.0074,0.0239,0.0033,0.0070,0.0049,0.0039,0.0040,0.0035,0.0022
0.0020,0.0001,0.0243,0.1902,0.1952,0.0003,0.0070,0.0171,0.0084,0.0311,0.0273,0.0091,0.0049,0.0086,0.0132,0.0111,0.0046,0.0056,0.0028,0.0043,0.0023,0.0047,0.0032
0.0051,0.0036,0.0004,0.1952,0.0020,0.1846,0.0003,0.0156,0.0084,0.0079,0.0414,0.0177,0.0174,0.0174,0.0082,0.0196,0.0062,0.0057,0.0002,0.0039,0.0053,0.0047,0.0055
0.0035,0.0058,0.0137,0.0003,0.1846,0.2143,0.0557,0.0003,0.0065,0.0056,0.0089,0.0144,0.0125,0.0124,0.0035,0.0067,0.0068,0.0072,0.0029,0.0050,0.0027,0.0038,0.0042
0.0048,0.0034,0.0215,0.0070,0.0003,0.0557,0.0177,0.0208,0.0001,0.0063,0.0119,0.0070,0.0163,0.0189,0.0153,0.0112,0.0135,0.0108,0.0042,0.0074,0.0078,0.0097,0.0042
0.0139,0.0241,0.0185,0.0171,0.0156,0.0003,0.0208,0.0636,0.0098,0.0002,0.0075,0.0057,0.0054,0.0195,0.0051,0.0092,0.0089,0.0077,0.0040,0.0056,0.0047,0.0044,0.0056
0.0101,0.0172,0.0345,0.0084,0.0084,0.0065,0.0001,0.0098,0.0323,0.0196,0.0004,0.0124,0.0108,0.0084,0.0089,0.0124,0.0174,0.0129,0.0043,0.0056,0.0048,0.0047,0.0063
0.0105,0.0196,0.0324,0.0311,0.0079,0.0056,0.0063,0.0002,0.0196,0.1469,0.0042,0.0001,0.0059,0.0040,0.0061,0.0111,0.0131,0.0135,0.0057,0.0071,0.0056,0.0079,0.0109
0.0147,0.0269,0.0203,0.0273,0.0414,0.0089,0.0119,0.0075,0.0004,0.0042,0.0027,0.0139,0.0002,0.0014,0.0063,0.0039,0.0103,0.0140,0.0115,0.0136,0.0077,0.0060,0.0141
0.0300,0.0182,0.0371,0.0091,0.0177,0.0144,0.0070,0.0057,0.0124,0.0001,0.0139,0.0228,0.0032,0.0001,0.0018,0.0070,0.0102,0.0280,0.0141,0.0086,0.0094,0.0077,0.0137
0.0345,0.0132,0.0422,0.0049,0.0174,0.0125,0.0163,0.0054,0.0108,0.0059,0.0002,0.0032,0.0169,0.0103,0.0000,0.0043,0.0165,0.0226,0.0428,0.0156,0.0028,0.0054,0.0072
0.0241,0.0125,0.0119,0.0086,0.0174,0.0124,0.0189,0.0195,0.0084,0.0040,0.0014,0.0001,0.0103,0.0090,0.0100,0.0000,0.0031,0.0156,0.0112,0.0327,0.0282,0.0136,0.0211
0.0239,0.0097,0.0074,0.0132,0.0082,0.0035,0.0153,0.0051,0.0089,0.0061,0.0063,0.0018,0.0000,0.0100,0.0387,0.0215,0.0001,0.0055,0.0317,0.0257,0.0254,0.0268,0.0173
0.0792,0.0422,0.0239,0.0111,0.0196,0.0067,0.0112,0.0092,0.0124,0.0111,0.0039,0.0070,0.0043,0.0000,0.0215,0.0051,0.0045,0.0000,0.0043,0.0059,0.0126,0.0478,0.0303
0.0284,0.0091,0.0033,0.0046,0.0062,0.0068,0.0135,0.0089,0.0174,0.0131,0.0103,0.0102,0.0165,0.0031,0.0001,0.0045,0.0197,0.0026,0.0008,0.0077,0.0152,0.0145,0.0499
0.0875,0.0126,0.0070,0.0056,0.0057,0.0072,0.0108,0.0077,0.0129,0.0135,0.0140,0.0280,0.0226,0.0156,0.0055,0.0000,0.0026,0.0055,0.1122,0.0003,0.0022,0.0068,0.0129
0.0226,0.0044,0.0049,0.0028,0.0002,0.0029,0.0042,0.0040,0.0043,0.0057,0.0115,0.0141,0.0428,0.0112,0.0317,0.0043,0.0008,0.1122,0.0099,0.0973,0.0008,0.0105,0.0101
0.0161,0.0076,0.0039,0.0043,0.0039,0.0050,0.0074,0.0056,0.0056,0.0071,0.0136,0.0086,0.0156,0.0327,0.0257,0.0059,0.0077,0.0003,0.0973,0.0815,0.0398,0.0000,0.0026
0.0073,0.0048,0.0040,0.0023,0.0053,0.0027,0.0078,0.0047,0.0048,0.0056,0.0077,0.0094,0.0028,0.0282,0.0254,0.0126,0.0152,0.0022,0.0008,0.0398,0.3812,0.0319,0.0002
0.0212,0.0042,0.0035,0.0047,0.0047,0.0038,0.0097,0.0044,0.0047,0.0079,0.0060,0.0077,0.0054,0.0136,0.0268,0.0478,0.0145,0.0068,0.0105,0.0000,0.0319,0.0206,0.0089
0.0061,0.0037,0.0022,0.0032,0.0055,0.0042,0.0042,0.0056,0.0063,0.0109,0.0141,0.0137,0.0072,0.0211,0.0173,0.0303,0.0499,0.0129,0.0101,0.0026,0.0002,0.0089,0.0121