c1,c2,c3,c4,c5,c6,c7,c8,c9,c10,c11,c12,c13,c14,c15,c16,c17,c18,c19,c20,c21,c22,c23
0.0000,0.0011,0.0000,0.0052,0.0165,0.0063,0.0106,0.0108,0.0102,0.0106,0.0147,0.0079,0.0672,0.0225,0.0139,0.0310,0.0163,0.0255,0.0189,0.0181,0.0128,0.0228,0.0106
0.0011,0.0135,0.0351,0.0001,0.0028,0.0042,0.0030,0.0118,0.0141,0.0173,0.0140,0.0082,0.0338,0.0177,0.0088,0.0259,0.0122,0.0078,0.0083,0.0059,0.0042,0.0039,0.0046
0.0000,0.0351,0.0010,0.0184,0.0010,0.0198,0.0110,0.0078,0.0223,0.0249,0.0194,0.0221,0.1534,0.0155,0.0103,0.0302,0.0023,0.0043,0.0083,0.0041,0.0038,0.0027,0.0023
0.0052,0.0001,0.0184,0.0173,0.0748,0.0004,0.0076,0.0124,0.0076,0.0228,0.0169,0.0078,0.0109,0.0229,0.0101,0.0537,0.0061,0.0035,0.0058,0.0036,0.0031,0.0043,0.0030
0.0165,0.0028,0.0010,0.0748,0.0001,0.0623,0.0005,0.0148,0.0050,0.0052,0.0237,0.0141,0.1003,0.0426,0.0055,0.0207,0.0091,0.0034,0.0078,0.0037,0.0048,0.0038,0.0045
0.0063,0.0042,0.0198,0.0004,0.0623,0.0325,0.0287,0.0007,0.0099,0.0041,0.0056,0.0180,0.0410,0.0217,0.0048,0.0081,0.0093,0.0043,0.0080,0.0027,0.0029,0.0034,0.0034
0.0106,0.0030,0.0110,0.0076,0.0005,0.0287,0.0100,0.0097,0.0002,0.0399,0.0123,0.0168,0.0483,0.0241,0.0054,0.0178,0.0115,0.0046,0.0065,0.0046,0.0031,0.0046,0.0029
0.0108,0.0118,0.0078,0.0124,0.0148,0.0007,0.0097,0.0203,0.0069,0.0003,0.0109,0.0143,0.0218,0.0405,0.0043,0.0190,0.0176,0.0037,0.0051,0.0041,0.0034,0.0039,0.0036
0.0102,0.0141,0.0223,0.0076,0.0050,0.0099,0.0002,0.0069,0.0365,0.0235,0.0003,0.0275,0.0070,0.0088,0.0085,0.0211,0.0227,0.0096,0.0074,0.0048,0.0047,0.0033,0.0036
0.0106,0.0173,0.0249,0.0228,0.0052,0.0041,0.0399,0.0003,0.0235,0.0530,0.0186,0.0004,0.0027,0.0052,0.0037,0.0107,0.0111,0.0060,0.0083,0.0047,0.0051,0.0046,0.0046
0.0147,0.0140,0.0194,0.0169,0.0237,0.0056,0.0123,0.0109,0.0003,0.0186,0.0289,0.0272,0.0005,0.0020,0.0037,0.0024,0.0177,0.0093,0.0091,0.0070,0.0050,0.0032,0.0053
0.0079,0.0082,0.0221,0.0078,0.0141,0.0180,0.0168,0.0143,0.0275,0.0004,0.0272,0.0290,0.0023,0.0001,0.0035,0.0079,0.0081,0.0159,0.0129,0.0047,0.0076,0.0043,0.0045
0.0672,0.0338,0.1534,0.0109,0.1003,0.0410,0.0483,0.0218,0.0070,0.0027,0.0005,0.0023,0.0029,0.0055,0.0001,0.0012,0.0089,0.0042,0.0140,0.0119,0.0010,0.0041,0.0026
0.0225,0.0177,0.0155,0.0229,0.0426,0.0217,0.0241,0.0405,0.0088,0.0052,0.0020,0.0001,0.0055,0.0147,0.0308,0.0000,0.0019,0.0034,0.0064,0.0124,0.0113,0.0077,0.0120
0.0139,0.0088,0.0103,0.0101,0.0055,0.0048,0.0054,0.0043,0.0085,0.0037,0.0037,0.0035,0.0001,0.0308,0.0429,0.0242,0.0008,0.0114,0.0176,0.0133,0.0160,0.0132,0.0143
0.0310,0.0259,0.0302,0.0537,0.0207,0.0081,0.0178,0.0190,0.0211,0.0107,0.0024,0.0079,0.0012,0.0000,0.0242,0.0083,0.0016,0.0003,0.0054,0.0059,0.0065,0.0170,0.0133
0.0163,0.0122,0.0023,0.0061,0.0091,0.0093,0.0115,0.0176,0.0227,0.0111,0.0177,0.0081,0.0089,0.0019,0.0008,0.0016,0.0037,0.0051,0.0005,0.0064,0.0183,0.0175,0.0528
0.0255,0.0078,0.0043,0.0035,0.0034,0.0043,0.0046,0.0037,0.0096,0.0060,0.0093,0.0159,0.0042,0.0034,0.0114,0.0003,0.0051,0.0604,0.0219,0.0021,0.0147,0.0249,0.0267
0.0189,0.0083,0.0083,0.0058,0.0078,0.0080,0.0065,0.0051,0.0074,0.0083,0.0091,0.0129,0.0140,0.0064,0.0176,0.0054,0.0005,0.0219,0.0485,0.0257,0.0002,0.0045,0.0042
0.0181,0.0059,0.0041,0.0036,0.0037,0.0027,0.0046,0.0041,0.0048,0.0047,0.0070,0.0047,0.0119,0.0124,0.0133,0.0059,0.0064,0.0021,0.0257,0.0976,0.1284,0.0002,0.0128
0.0128,0.0042,0.0038,0.0031,0.0048,0.0029,0.0031,0.0034,0.0047,0.0051,0.0050,0.0076,0.0010,0.0113,0.0160,0.0065,0.0183,0.0147,0.0002,0.1284,0.2493,0.0786,0.0024
0.0228,0.0039,0.0027,0.0043,0.0038,0.0034,0.0046,0.0039,0.0033,0.0046,0.0032,0.0043,0.0041,0.0077,0.0132,0.0170,0.0175,0.0249,0.0045,0.0002,0.0786,0.0850,0.0327
0.0106,0.0046,0.0023,0.0030,0.0045,0.0034,0.0029,0.0036,0.0036,0.0046,0.0053,0.0045,0.0026,0.0120,0.0143,0.0133,0.0528,0.0267,0.0042,0.0128,0.0024,0.0327,0.0491