c1,c2,c3,c4,c5,c6,c7,c8,c9,c10,c11,c12,c13,c14,c15,c16,c17,c18,c19,c20,c21,c22,c23
0.0018,0.0023,0.0000,0.0296,0.0172,0.0101,0.0246,0.0289,0.0121,0.0130,0.0078,0.0119,0.0104,0.0041,0.0104,0.0072,0.0094,0.0082,0.0054,0.0074,0.0069,0.0110,0.0061
0.0023,0.0131,0.0463,0.0004,0.0092,0.0077,0.0031,0.0150,0.0076,0.0278,0.0077,0.0052,0.0059,0.0101,0.0049,0.0064,0.0122,0.0084,0.0055,0.0074,0.0085,0.0060,0.0057
0.0000,0.0463,0.0157,0.0670,0.0001,0.0899,0.0241,0.0123,0.0225,0.0130,0.0069,0.0071,0.0067,0.0067,0.0048,0.0079,0.0058,0.0082,0.0056,0.0070,0.0060,0.0052,0.0043
0.0296,0.0004,0.0670,0.0910,0.0320,0.0002,0.0250,0.0144,0.0048,0.0164,0.0077,0.0061,0.0133,0.0078,0.0029,0.0050,0.0045,0.0046,0.0035,0.0041,0.0060,0.0055,0.0038
0.0172,0.0092,0.0001,0.0320,0.0539,0.0407,0.0001,0.0133,0.0075,0.0058,0.0109,0.0073,0.0133,0.0195,0.0064,0.0096,0.0095,0.0081,0.0023,0.0060,0.0074,0.0060,0.0085
0.0101,0.0077,0.0899,0.0002,0.0407,0.2400,0.0329,0.0002,0.0115,0.0138,0.0030,0.0076,0.0081,0.0181,0.0027,0.0054,0.0096,0.0061,0.0039,0.0030,0.0040,0.0047,0.0039
0.0246,0.0031,0.0241,0.0250,0.0001,0.0329,0.0316,0.0206,0.0000,0.0762,0.0071,0.0043,0.0186,0.0178,0.0083,0.0055,0.0114,0.0079,0.0057,0.0044,0.0061,0.0047,0.0037
0.0289,0.0150,0.0123,0.0144,0.0133,0.0002,0.0206,0.0166,0.0358,0.0002,0.0072,0.0133,0.0044,0.0091,0.0089,0.0075,0.0084,0.0045,0.0075,0.0060,0.0064,0.0048,0.0075
0.0121,0.0076,0.0225,0.0048,0.0075,0.0115,0.0000,0.0358,0.0141,0.0164,0.0002,0.0136,0.0117,0.0073,0.0092,0.0079,0.0209,0.0077,0.0160,0.0094,0.0089,0.0049,0.0058
0.0130,0.0278,0.0130,0.0164,0.0058,0.0138,0.0762,0.0002,0.0164,0.0061,0.0153,0.0001,0.0102,0.0047,0.0052,0.0062,0.0115,0.0083,0.0076,0.0078,0.0065,0.0087,0.0061
0.0078,0.0077,0.0069,0.0077,0.0109,0.0030,0.0071,0.0072,0.0002,0.0153,0.0381,0.0062,0.0004,0.0192,0.0091,0.0062,0.0168,0.0138,0.0098,0.0055,0.0080,0.0080,0.0256
0.0119,0.0052,0.0071,0.0061,0.0073,0.0076,0.0043,0.0133,0.0136,0.0001,0.0062,0.0743,0.0340,0.0001,0.0330,0.0142,0.0066,0.0119,0.0134,0.0079,0.0060,0.0093,0.0094
0.0104,0.0059,0.0067,0.0133,0.0133,0.0081,0.0186,0.0044,0.0117,0.0102,0.0004,0.0340,0.0139,0.0037,0.0002,0.0351,0.0139,0.0025,0.0144,0.0089,0.0097,0.0049,0.0089
0.0041,0.0101,0.0067,0.0078,0.0195,0.0181,0.0178,0.0091,0.0073,0.0047,0.0192,0.0001,0.0037,0.0056,0.0074,0.0001,0.0374,0.0119,0.0080,0.0246,0.0333,0.0146,0.0062
0.0104,0.0049,0.0048,0.0029,0.0064,0.0027,0.0083,0.0089,0.0092,0.0052,0.0091,0.0330,0.0002,0.0074,0.0586,0.0554,0.0002,0.0158,0.0141,0.0077,0.0154,0.0128,0.0118
0.0072,0.0064,0.0079,0.0050,0.0096,0.0054,0.0055,0.0075,0.0079,0.0062,0.0062,0.0142,0.0351,0.0001,0.0554,0.0011,0.0040,0.0002,0.0299,0.0306,0.0123,0.0383,0.0324
0.0094,0.0122,0.0058,0.0045,0.0095,0.0096,0.0114,0.0084,0.0209,0.0115,0.0168,0.0066,0.0139,0.0374,0.0002,0.0040,0.0099,0.0024,0.0004,0.0136,0.0111,0.0061,0.0144
0.0082,0.0084,0.0082,0.0046,0.0081,0.0061,0.0079,0.0045,0.0077,0.0083,0.0138,0.0119,0.0025,0.0119,0.0158,0.0002,0.0024,0.0260,0.1498,0.0002,0.0218,0.0125,0.0194
0.0054,0.0055,0.0056,0.0035,0.0023,0.0039,0.0057,0.0075,0.0160,0.0076,0.0098,0.0134,0.0144,0.0080,0.0141,0.0299,0.0004,0.1498,0.0002,0.0566,0.0007,0.0191,0.0190
0.0074,0.0074,0.0070,0.0041,0.0060,0.0030,0.0044,0.0060,0.0094,0.0078,0.0055,0.0079,0.0089,0.0246,0.0077,0.0306,0.0136,0.0002,0.0566,0.2847,0.0166,0.0001,0.0054
0.0069,0.0085,0.0060,0.0060,0.0074,0.0040,0.0061,0.0064,0.0089,0.0065,0.0080,0.0060,0.0097,0.0333,0.0154,0.0123,0.0111,0.0218,0.0007,0.0166,0.0769,0.0090,0.0000
0.0110,0.0060,0.0052,0.0055,0.0060,0.0047,0.0047,0.0048,0.0049,0.0087,0.0080,0.0093,0.0049,0.0146,0.0128,0.0383,0.0061,0.0125,0.0191,0.0001,0.0090,0.0644,0.0049
0.0061,0.0057,0.0043,0.0038,0.0085,0.0039,0.0037,0.0075,0.0058,0.0061,0.0256,0.0094,0.0089,0.0062,0.0118,0.0324,0.0144,0.0194,0.0190,0.0054,0.0000,0.0049,0.0599