c1,c2,c3,c4,c5,c6,c7,c8,c9,c10,c11,c12,c13,c14,c15,c16,c17,c18,c19,c20,c21,c22,c23,c24,c25,c26,c27,c28,c29
0.0000,0.0063,0.0003,0.0009,0.0150,0.0015,0.0194,0.0077,0.0097,0.0868,0.0111,0.0614,0.0154,0.0145,0.0259,0.0230,0.0162,0.0121,0.0144,0.0095,0.0096,0.0076,0.0065,0.0064,0.0070,0.0076,0.0067,0.0030,0.0030
0.0063,0.0636,0.0909,0.0001,0.0092,0.0007,0.0059,0.0029,0.0083,0.0263,0.0071,0.0325,0.0111,0.0475,0.0450,0.0208,0.0061,0.0072,0.0047,0.0054,0.0077,0.0060,0.0045,0.0059,0.0025,0.0042,0.0056,0.0025,0.0034
0.0003,0.0909,0.0785,0.0035,0.0002,0.0004,0.0071,0.0014,0.0088,0.0927,0.0134,0.4761,0.0274,0.1697,0.0717,0.0169,0.0067,0.0058,0.0069,0.0041,0.0042,0.0046,0.0035,0.0034,0.0019,0.0025,0.0024,0.0013,0.0021
0.0009,0.0001,0.0035,0.0155,0.0021,0.0000,0.0009,0.0003,0.0006,0.0222,0.0098,0.0837,0.9977,0.3562,0.3771,0.0624,0.0111,0.0147,0.0192,0.0079,0.0098,0.0146,0.0059,0.0061,0.0027,0.0041,0.0027,0.0017,0.0021
0.0150,0.0092,0.0002,0.0021,0.0090,0.0002,0.0001,0.0014,0.0018,0.9923,0.0887,0.9144,0.0372,0.0914,0.0127,0.0074,0.0049,0.0066,0.0029,0.0041,0.0054,0.0034,0.0037,0.0017,0.0039,0.0022,0.0034,0.0020,0.0029
0.0015,0.0007,0.0004,0.0000,0.0002,0.0007,0.0065,0.0000,0.0001,0.0517,0.1316,0.0954,0.2044,0.1193,0.0537,0.0676,0.0289,0.0409,0.0128,0.0124,0.0228,0.0317,0.0203,0.0226,0.0111,0.0107,0.0182,0.0093,0.0270
0.0194,0.0059,0.0071,0.0009,0.0001,0.0065,0.0111,0.0713,0.0000,0.0535,0.0077,0.0095,0.0245,0.0118,0.0114,0.0101,0.0093,0.0099,0.0051,0.0083,0.0135,0.0099,0.0113,0.0086,0.0129,0.0048,0.0085,0.0070,0.0187
0.0077,0.0029,0.0014,0.0003,0.0014,0.0000,0.0713,0.0346,0.0023,0.0035,0.0093,0.0057,0.0064,0.0101,0.0052,0.0093,0.0069,0.0263,0.0088,0.0100,0.0278,0.0169,0.0134,0.0300,0.0257,0.0173,0.0176,0.0110,0.0284
0.0097,0.0083,0.0088,0.0006,0.0018,0.0001,0.0000,0.0023,0.0032,0.0072,0.0022,0.0019,0.0094,0.0111,0.0163,0.0101,0.0095,0.0309,0.0067,0.0100,0.0281,0.0293,0.0275,0.0225,0.0415,0.0230,0.0254,0.0206,0.0626
0.0868,0.0263,0.0927,0.0222,0.9923,0.0517,0.0535,0.0035,0.0072,0.1920,0.1878,0.0002,0.0000,0.0005,0.0005,0.0028,0.0028,0.0047,0.0009,0.0016,0.0052,0.0028,0.0040,0.0023,0.0031,0.0019,0.0039,0.0028,0.0059
0.0111,0.0071,0.0134,0.0098,0.0887,0.1316,0.0077,0.0093,0.0022,0.1878,0.0009,0.1299,0.0001,0.0019,0.0009,0.0030,0.0066,0.0148,0.0111,0.0083,0.0167,0.0099,0.0041,0.0076,0.0028,0.0045,0.0056,0.0021,0.0042
0.0614,0.0325,0.4761,0.0837,0.9144,0.0954,0.0095,0.0057,0.0019,0.0002,0.1299,0.0115,0.0007,0.0000,0.0005,0.0009,0.0022,0.0050,0.0038,0.0034,0.0050,0.0064,0.0029,0.0045,0.0057,0.0036,0.0049,0.0035,0.0034
0.0154,0.0111,0.0274,0.9977,0.0372,0.2044,0.0245,0.0064,0.0094,0.0000,0.0001,0.0007,0.0031,0.0011,0.0000,0.0005,0.0070,0.0716,0.0234,0.0115,0.0103,0.0259,0.0095,0.0072,0.0125,0.0049,0.0032,0.0038,0.0045
0.0145,0.0475,0.1697,0.3562,0.0914,0.1193,0.0118,0.0101,0.0111,0.0005,0.0019,0.0000,0.0011,0.0026,0.0311,0.0004,0.0037,0.0037,0.0090,0.0179,0.0057,0.0071,0.0072,0.0088,0.0059,0.0038,0.0037,0.0020,0.0031
0.0259,0.0450,0.0717,0.3771,0.0127,0.0537,0.0114,0.0052,0.0163,0.0005,0.0009,0.0005,0.0000,0.0311,0.0067,0.0133,0.0003,0.0193,0.0205,0.0072,0.0174,0.0026,0.0042,0.0117,0.0047,0.0048,0.0057,0.0061,0.0049
0.0230,0.0208,0.0169,0.0624,0.0074,0.0676,0.0101,0.0093,0.0101,0.0028,0.0030,0.0009,0.0005,0.0004,0.0133,0.0361,0.0089,0.0000,0.0028,0.0123,0.0088,0.0191,0.0151,0.0135,0.0100,0.0090,0.0110,0.0056,0.0100
0.0162,0.0061,0.0067,0.0111,0.0049,0.0289,0.0093,0.0069,0.0095,0.0028,0.0066,0.0022,0.0070,0.0037,0.0003,0.0089,0.0117,0.0078,0.0016,0.0183,0.0339,0.0127,0.0135,0.0112,0.0057,0.0109,0.0097,0.0045,0.0066
0.0121,0.0072,0.0058,0.0147,0.0066,0.0409,0.0099,0.0263,0.0309,0.0047,0.0148,0.0050,0.0716,0.0037,0.0193,0.0000,0.0078,0.0073,0.0012,0.0001,0.0012,0.0206,0.0047,0.0217,0.0092,0.0100,0.0157,0.0082,0.0119
0.0144,0.0047,0.0069,0.0192,0.0029,0.0128,0.0051,0.0088,0.0067,0.0009,0.0111,0.0038,0.0234,0.0090,0.0205,0.0028,0.0016,0.0012,0.0071,0.0086,0.0001,0.0019,0.0213,0.0223,0.0347,0.0263,0.0447,0.0230,0.0121
0.0095,0.0054,0.0041,0.0079,0.0041,0.0124,0.0083,0.0100,0.0100,0.0016,0.0083,0.0034,0.0115,0.0179,0.0072,0.0123,0.0183,0.0001,0.0086,0.0169,0.0047,0.0002,0.0027,0.0246,0.0115,0.0251,0.0253,0.0166,0.0250
0.0096,0.0077,0.0042,0.0098,0.0054,0.0228,0.0135,0.0278,0.0281,0.0052,0.0167,0.0050,0.0103,0.0057,0.0174,0.0088,0.0339,0.0012,0.0001,0.0047,0.0050,0.0034,0.0002,0.0062,0.0218,0.0114,0.0256,0.0166,0.0099
0.0076,0.0060,0.0046,0.0146,0.0034,0.0317,0.0099,0.0169,0.0293,0.0028,0.0099,0.0064,0.0259,0.0071,0.0026,0.0191,0.0127,0.0206,0.0019,0.0002,0.0034,0.0119,0.0074,0.0003,0.0011,0.0137,0.0135,0.0457,0.0163
0.0065,0.0045,0.0035,0.0059,0.0037,0.0203,0.0113,0.0134,0.0275,0.0040,0.0041,0.0029,0.0095,0.0072,0.0042,0.0151,0.0135,0.0047,0.0213,0.0027,0.0002,0.0074,0.0133,0.0132,0.0002,0.0116,0.0651,0.0272,0.0324
0.0064,0.0059,0.0034,0.0061,0.0017,0.0226,0.0086,0.0300,0.0225,0.0023,0.0076,0.0045,0.0072,0.0088,0.0117,0.0135,0.0112,0.0217,0.0223,0.0246,0.0062,0.0003,0.0132,0.0053,0.0423,0.0001,0.0008,0.0253,0.0198
0.0070,0.0025,0.0019,0.0027,0.0039,0.0111,0.0129,0.0257,0.0415,0.0031,0.0028,0.0057,0.0125,0.0059,0.0047,0.0100,0.0057,0.0092,0.0347,0.0115,0.0218,0.0011,0.0002,0.0423,0.0633,0.0359,0.0002,0.0110,0.0173
0.0076,0.0042,0.0025,0.0041,0.0022,0.0107,0.0048,0.0173,0.0230,0.0019,0.0045,0.0036,0.0049,0.0038,0.0048,0.0090,0.0109,0.0100,0.0263,0.0251,0.0114,0.0137,0.0116,0.0001,0.0359,0.0908,0.0147,0.0012,0.0154
0.0067,0.0056,0.0024,0.0027,0.0034,0.0182,0.0085,0.0176,0.0254,0.0039,0.0056,0.0049,0.0032,0.0037,0.0057,0.0110,0.0097,0.0157,0.0447,0.0253,0.0256,0.0135,0.0651,0.0008,0.0002,0.0147,0.0100,0.0880,0.0001
0.0030,0.0025,0.0013,0.0017,0.0020,0.0093,0.0070,0.0110,0.0206,0.0028,0.0021,0.0035,0.0038,0.0020,0.0061,0.0056,0.0045,0.0082,0.0230,0.0166,0.0166,0.0457,0.0272,0.0253,0.0110,0.0012,0.0880,0.0620,0.0033
0.0030,0.0034,0.0021,0.0021,0.0029,0.0270,0.0187,0.0284,0.0626,0.0059,0.0042,0.0034,0.0045,0.0031,0.0049,0.0100,0.0066,0.0119,0.0121,0.0250,0.0099,0.0163,0.0324,0.0198,0.0173,0.0154,0.0001,0.0033,0.0031
