c1,c2,c3,c4,c5,c6,c7,c8,c9,c10,c11,c12,c13,c14,c15,c16,c17,c18,c19,c20,c21,c22,c23,c24,c25,c26,c27,c28,c29
0.0000,0.0065,0.0011,0.0039,0.0369,0.0402,0.0129,0.0094,0.0102,0.0068,0.0080,0.0051,0.0105,0.0056,0.0080,0.0045,0.0060,0.0038,0.0087,0.0096,0.0126,0.0073,0.0105,0.0185,0.0207,0.0179,0.0282,0.0080,0.0022
0.0065,0.0544,0.0389,0.0002,0.0195,0.0043,0.0042,0.0037,0.0044,0.0041,0.0068,0.0014,0.0056,0.0050,0.0063,0.0028,0.0044,0.0027,0.0020,0.0046,0.0068,0.0211,0.0233,0.0840,0.0340,0.0188,0.0224,0.0091,0.0041
0.0011,0.0389,0.0402,0.0036,0.0005,0.0017,0.0030,0.0015,0.0059,0.0038,0.0066,0.0022,0.0065,0.0039,0.0060,0.0032,0.0045,0.0027,0.0059,0.0062,0.0250,0.0299,0.0844,0.0695,0.0634,0.0172,0.0175,0.0085,0.0037
0.0039,0.0002,0.0036,0.0043,0.0015,0.0000,0.0004,0.0006,0.0009,0.0032,0.0066,0.0030,0.0065,0.0053,0.0063,0.0035,0.0040,0.0031,0.0031,0.0107,0.0247,0.4928,0.3343,0.9624,0.1311,0.1014,0.0620,0.0271,0.0053
0.0369,0.0195,0.0005,0.0015,0.0021,0.0001,0.0000,0.0001,0.0007,0.0005,0.0109,0.0028,0.0085,0.0079,0.0091,0.0046,0.0055,0.0034,0.0040,0.0089,0.1207,0.2213,0.8625,0.2970,0.1558,0.0551,0.0413,0.0219,0.0060
0.0402,0.0043,0.0017,0.0000,0.0001,0.0002,0.0006,0.0000,0.0001,0.0002,0.0006,0.0038,0.0051,0.0057,0.0073,0.0065,0.0070,0.0098,0.0257,0.4034,0.3046,0.9975,0.5241,0.5815,0.0576,0.0868,0.0458,0.0278,0.0088
0.0129,0.0042,0.0030,0.0004,0.0000,0.0006,0.0043,0.0011,0.0000,0.0005,0.0013,0.0019,0.0073,0.0056,0.0062,0.0088,0.0186,0.0086,0.6182,0.2547,0.9951,0.3251,0.1397,0.0113,0.0111,0.0101,0.0078,0.0054,0.0064
0.0094,0.0037,0.0015,0.0006,0.0001,0.0000,0.0011,0.0012,0.0002,0.0000,0.0001,0.0014,0.0018,0.0062,0.0162,0.0133,0.0309,0.0804,0.6714,0.9993,0.7526,0.5355,0.0386,0.0241,0.0120,0.0177,0.0136,0.0100,0.0097
0.0102,0.0044,0.0059,0.0009,0.0007,0.0001,0.0000,0.0002,0.0006,0.0008,0.0000,0.0008,0.0074,0.0121,0.1232,0.1621,0.9388,0.3361,0.9933,0.6106,0.1911,0.0091,0.0081,0.0028,0.0037,0.0039,0.0038,0.0034,0.0025
0.0068,0.0041,0.0038,0.0032,0.0005,0.0002,0.0005,0.0000,0.0008,0.0036,0.0019,0.0001,0.0019,0.0033,0.0442,0.0983,0.2460,0.9986,0.9032,0.2507,0.0571,0.0153,0.0056,0.0033,0.0021,0.0035,0.0035,0.0026,0.0022
0.0080,0.0068,0.0066,0.0066,0.0109,0.0006,0.0013,0.0001,0.0000,0.0019,0.0072,0.0584,0.0002,0.0033,0.1863,0.3756,0.9600,0.4190,0.1334,0.0285,0.0057,0.0046,0.0026,0.0022,0.0029,0.0026,0.0039,0.0031,0.0024
0.0051,0.0014,0.0022,0.0030,0.0028,0.0038,0.0019,0.0014,0.0008,0.0001,0.0584,0.0008,0.1285,0.0107,0.0539,0.4238,0.2308,0.8260,0.1845,0.0213,0.0245,0.0049,0.0015,0.0020,0.0015,0.0005,0.0023,0.0017,0.0022
0.0105,0.0056,0.0065,0.0065,0.0085,0.0051,0.0073,0.0018,0.0074,0.0019,0.0002,0.1285,0.0423,0.0605,0.0002,0.0180,0.0443,0.0415,0.0456,0.0144,0.0079,0.0064,0.0059,0.0034,0.0047,0.0051,0.0040,0.0022,0.0030
0.0056,0.0050,0.0039,0.0053,0.0079,0.0057,0.0056,0.0062,0.0121,0.0033,0.0033,0.0107,0.0605,0.0204,0.0175,0.0010,0.0070,0.0228,0.0108,0.0104,0.0068,0.0051,0.0064,0.0054,0.0095,0.0080,0.0065,0.0052,0.0034
0.0080,0.0063,0.0060,0.0063,0.0091,0.0073,0.0062,0.0162,0.1232,0.0442,0.1863,0.0539,0.0002,0.0175,0.0378,0.0174,0.0001,0.0043,0.0038,0.0020,0.0044,0.0037,0.0050,0.0080,0.0037,0.0051,0.0066,0.0024,0.0033
0.0045,0.0028,0.0032,0.0035,0.0046,0.0065,0.0088,0.0133,0.1621,0.0983,0.3756,0.4238,0.0180,0.0010,0.0174,0.0099,0.0047,0.0002,0.0037,0.0024,0.0039,0.0056,0.0036,0.0028,0.0028,0.0030,0.0034,0.0017,0.0042
0.0060,0.0044,0.0045,0.0040,0.0055,0.0070,0.0186,0.0309,0.9388,0.2460,0.9600,0.2308,0.0443,0.0070,0.0001,0.0047,0.0074,0.0010,0.0000,0.0003,0.0010,0.0006,0.0059,0.0025,0.0032,0.0034,0.0037,0.0030,0.0023
0.0038,0.0027,0.0027,0.0031,0.0034,0.0098,0.0086,0.0804,0.3361,0.9986,0.4190,0.8260,0.0415,0.0228,0.0043,0.0002,0.0010,0.0033,0.0003,0.0000,0.0003,0.0005,0.0012,0.0034,0.0025,0.0032,0.0038,0.0041,0.0040
0.0087,0.0020,0.0059,0.0031,0.0040,0.0257,0.6182,0.6714,0.9933,0.9032,0.1334,0.1845,0.0456,0.0108,0.0038,0.0037,0.0000,0.0003,0.0004,0.0010,0.0000,0.0001,0.0017,0.0002,0.0032,0.0027,0.0033,0.0034,0.0122
0.0096,0.0046,0.0062,0.0107,0.0089,0.4034,0.2547,0.9993,0.6106,0.2507,0.0285,0.0213,0.0144,0.0104,0.0020,0.0024,0.0003,0.0000,0.0010,0.0024,0.0008,0.0000,0.0001,0.0003,0.0013,0.0037,0.0044,0.0040,0.0146
0.0126,0.0068,0.0250,0.0247,0.1207,0.3046,0.9951,0.7526,0.1911,0.0571,0.0057,0.0245,0.0079,0.0068,0.0044,0.0039,0.0010,0.0003,0.0000,0.0008,0.0004,0.0003,0.0001,0.0002,0.0010,0.0014,0.0048,0.0084,0.0290
0.0073,0.0211,0.0299,0.4928,0.2213,0.9975,0.3251,0.5355,0.0091,0.0153,0.0046,0.0049,0.0064,0.0051,0.0037,0.0056,0.0006,0.0005,0.0001,0.0000,0.0003,0.0006,0.0010,0.0000,0.0003,0.0010,0.0082,0.0666,0.1460
0.0105,0.0233,0.0844,0.3343,0.8625,0.5241,0.1397,0.0386,0.0081,0.0056,0.0026,0.0015,0.0059,0.0064,0.0050,0.0036,0.0059,0.0012,0.0017,0.0001,0.0001,0.0010,0.0034,0.0015,0.0001,0.0026,0.0018,0.0076,0.0479
0.0185,0.0840,0.0695,0.9624,0.2970,0.5815,0.0113,0.0241,0.0028,0.0033,0.0022,0.0020,0.0034,0.0054,0.0080,0.0028,0.0025,0.0034,0.0002,0.0003,0.0002,0.0000,0.0015,0.0015,0.0372,0.0003,0.0029,0.0134,0.4280
0.0207,0.0340,0.0634,0.1311,0.1558,0.0576,0.0111,0.0120,0.0037,0.0021,0.0029,0.0015,0.0047,0.0095,0.0037,0.0028,0.0032,0.0025,0.0032,0.0013,0.0010,0.0003,0.0001,0.0372,0.0197,0.0474,0.0009,0.0082,0.1099
0.0179,0.0188,0.0172,0.1014,0.0551,0.0868,0.0101,0.0177,0.0039,0.0035,0.0026,0.0005,0.0051,0.0080,0.0051,0.0030,0.0034,0.0032,0.0027,0.0037,0.0014,0.0010,0.0026,0.0003,0.0474,0.0269,0.0382,0.0085,0.0141
0.0282,0.0224,0.0175,0.0620,0.0413,0.0458,0.0078,0.0136,0.0038,0.0035,0.0039,0.0023,0.0040,0.0065,0.0066,0.0034,0.0037,0.0038,0.0033,0.0044,0.0048,0.0082,0.0018,0.0029,0.0009,0.0382,0.0061,0.0860,0.0006
0.0080,0.0091,0.0085,0.0271,0.0219,0.0278,0.0054,0.0100,0.0034,0.0026,0.0031,0.0017,0.0022,0.0052,0.0024,0.0017,0.0030,0.0041,0.0034,0.0040,0.0084,0.0666,0.0076,0.0134,0.0082,0.0085,0.0860,0.0030,0.0207
0.0022,0.0041,0.0037,0.0053,0.0060,0.0088,0.0064,0.0097,0.0025,0.0022,0.0024,0.0022,0.0030,0.0034,0.0033,0.0042,0.0023,0.0040,0.0122,0.0146,0.0290,0.1460,0.0479,0.4280,0.1099,0.0141,0.0006,0.0207,0.0003