c1,c2,c3,c4,c5,c6,c7,c8,c9,c10,c11,c12,c13,c14,c15,c16,c17,c18,c19,c20,c21,c22,c23,c24,c25,c26,c27,c28
0.0027,0.0033,0.0011,0.0006,0.0180,0.0025,0.0139,0.0124,0.0052,0.0072,0.0110,0.0096,0.0127,0.0071,0.0037,0.0351,0.0163,0.0055,0.0055,0.0115,0.0119,0.0055,0.0179,0.0085,0.0053,0.0084,0.0203,0.0062
0.0033,0.0292,0.0339,0.0000,0.0054,0.0018,0.0034,0.0116,0.0066,0.0117,0.0069,0.0269,0.0066,0.0166,0.0082,0.0406,0.0134,0.0068,0.0060,0.0100,0.0158,0.0052,0.0321,0.0057,0.0080,0.0057,0.0171,0.0069
0.0011,0.0339,0.0419,0.0002,0.0003,0.0007,0.0022,0.0053,0.0176,0.0131,0.0131,0.1221,0.0075,0.0152,0.0078,0.0136,0.0108,0.0063,0.0064,0.0073,0.0079,0.0049,0.0395,0.0047,0.0073,0.0066,0.0248,0.0071
0.0006,0.0000,0.0002,0.0150,0.0226,0.0000,0.0010,0.0067,0.0145,0.0099,0.0442,0.4931,0.0174,0.0132,0.0077,0.0092,0.0127,0.0102,0.0104,0.0148,0.0259,0.0062,0.2361,0.0071,0.0153,0.0113,0.2125,0.0117
0.0180,0.0054,0.0003,0.0226,0.0955,0.0134,0.0001,0.0022,0.0085,0.0088,0.0127,0.0691,0.0146,0.0070,0.0065,0.0085,0.0075,0.0061,0.0044,0.0063,0.0059,0.0056,0.0289,0.0049,0.0044,0.0055,0.0165,0.0069
0.0025,0.0018,0.0007,0.0000,0.0134,0.0325,0.0019,0.0003,0.0215,0.0108,0.0150,0.3383,0.0169,0.0311,0.0133,0.0540,0.0063,0.0053,0.0053,0.0059,0.0114,0.0052,0.0329,0.0044,0.0103,0.0089,0.0639,0.0064
0.0139,0.0034,0.0022,0.0010,0.0001,0.0019,0.0255,0.0077,0.0002,0.0016,0.0036,0.1126,0.0129,0.0123,0.0278,0.0265,0.0109,0.0082,0.0109,0.0132,0.0152,0.0047,0.0511,0.0057,0.0150,0.0134,0.0861,0.0048
0.0124,0.0116,0.0053,0.0067,0.0022,0.0003,0.0077,0.0156,0.0141,0.0000,0.0023,0.0014,0.0037,0.0088,0.0123,0.0104,0.0177,0.0084,0.0099,0.0144,0.0098,0.0047,0.0431,0.0088,0.0194,0.0154,0.1380,0.0117
0.0052,0.0066,0.0176,0.0145,0.0085,0.0215,0.0002,0.0141,0.0121,0.0668,0.0009,0.0022,0.0029,0.0025,0.0086,0.0062,0.0100,0.0011,0.0028,0.0047,0.0083,0.0038,0.0362,0.0117,0.0150,0.0098,0.0765,0.0122
0.0072,0.0117,0.0131,0.0099,0.0088,0.0108,0.0016,0.0000,0.0668,0.0107,0.0476,0.0000,0.0011,0.0013,0.0015,0.0048,0.0132,0.0079,0.0117,0.0168,0.0239,0.0145,0.0611,0.0139,0.0433,0.0188,0.1471,0.0141
0.0110,0.0069,0.0131,0.0442,0.0127,0.0150,0.0036,0.0023,0.0009,0.0476,0.0196,0.0010,0.0002,0.0012,0.0022,0.0014,0.0094,0.0014,0.0076,0.0053,0.0069,0.0060,0.0509,0.0393,0.0126,0.0219,0.0776,0.0179
0.0096,0.0269,0.1221,0.4931,0.0691,0.3383,0.1126,0.0014,0.0022,0.0000,0.0010,0.0001,0.0024,0.0000,0.0000,0.0003,0.0009,0.0067,0.0154,0.0364,0.0413,0.0336,0.2240,0.0578,0.1015,0.0275,0.2065,0.0146
0.0127,0.0066,0.0075,0.0174,0.0146,0.0169,0.0129,0.0037,0.0029,0.0011,0.0002,0.0024,0.0037,0.0008,0.0000,0.0007,0.0050,0.0032,0.0134,0.0127,0.0161,0.0428,0.1700,0.2596,0.0154,0.0493,0.0347,0.0296
0.0071,0.0166,0.0152,0.0132,0.0070,0.0311,0.0123,0.0088,0.0025,0.0013,0.0012,0.0000,0.0008,0.0002,0.0001,0.0000,0.0005,0.0045,0.0288,0.0381,0.1713,0.2172,0.4312,0.1950,0.2872,0.1075,0.1415,0.0167
0.0037,0.0082,0.0078,0.0077,0.0065,0.0133,0.0278,0.0123,0.0086,0.0015,0.0022,0.0000,0.0000,0.0001,0.0012,0.0018,0.0000,0.0060,0.0478,0.0215,0.2438,0.3258,0.1515,0.3929,0.0671,0.0947,0.0280,0.0213
0.0351,0.0406,0.0136,0.0092,0.0085,0.0540,0.0265,0.0104,0.0062,0.0048,0.0014,0.0003,0.0007,0.0000,0.0018,0.0020,0.0007,0.0004,0.0140,0.0080,0.0386,0.2093,0.0304,0.0456,0.0302,0.0240,0.0132,0.0119
0.0163,0.0134,0.0108,0.0127,0.0075,0.0063,0.0109,0.0177,0.0100,0.0132,0.0094,0.0009,0.0050,0.0005,0.0000,0.0007,0.0026,0.0654,0.0008,0.0044,0.0085,0.0377,0.0357,0.0310,0.0431,0.0305,0.0166,0.0150
0.0055,0.0068,0.0063,0.0102,0.0061,0.0053,0.0082,0.0084,0.0011,0.0079,0.0014,0.0067,0.0032,0.0045,0.0060,0.0004,0.0654,0.0017,0.2164,0.0019,0.0203,0.0209,0.0041,0.0256,0.0158,0.0100,0.0097,0.0123
0.0055,0.0060,0.0064,0.0104,0.0044,0.0053,0.0109,0.0099,0.0028,0.0117,0.0076,0.0154,0.0134,0.0288,0.0478,0.0140,0.0008,0.2164,0.0000,0.0661,0.0002,0.0017,0.0027,0.0071,0.0199,0.0109,0.0201,0.0108
0.0115,0.0100,0.0073,0.0148,0.0063,0.0059,0.0132,0.0144,0.0047,0.0168,0.0053,0.0364,0.0127,0.0381,0.0215,0.0080,0.0044,0.0019,0.0661,0.0364,0.0031,0.0001,0.0008,0.0091,0.0025,0.0052,0.0022,0.0046
0.0119,0.0158,0.0079,0.0259,0.0059,0.0114,0.0152,0.0098,0.0083,0.0239,0.0069,0.0413,0.0161,0.1713,0.2438,0.0386,0.0085,0.0203,0.0002,0.0031,0.0050,0.0126,0.0000,0.0020,0.0010,0.0026,0.0030,0.0077
0.0055,0.0052,0.0049,0.0062,0.0056,0.0052,0.0047,0.0047,0.0038,0.0145,0.0060,0.0336,0.0428,0.2172,0.3258,0.2093,0.0377,0.0209,0.0017,0.0001,0.0126,0.0185,0.0003,0.0003,0.0018,0.0030,0.0007,0.0078
0.0179,0.0321,0.0395,0.2361,0.0289,0.0329,0.0511,0.0431,0.0362,0.0611,0.0509,0.2240,0.1700,0.4312,0.1515,0.0304,0.0357,0.0041,0.0027,0.0008,0.0000,0.0003,0.0008,0.0004,0.0000,0.0009,0.0000,0.0012
0.0085,0.0057,0.0047,0.0071,0.0049,0.0044,0.0057,0.0088,0.0117,0.0139,0.0393,0.0578,0.2596,0.1950,0.3929,0.0456,0.0310,0.0256,0.0071,0.0091,0.0020,0.0003,0.0004,0.0054,0.0013,0.0000,0.0000,0.0130
0.0053,0.0080,0.0073,0.0153,0.0044,0.0103,0.0150,0.0194,0.0150,0.0433,0.0126,0.1015,0.0154,0.2872,0.0671,0.0302,0.0431,0.0158,0.0199,0.0025,0.0010,0.0018,0.0000,0.0013,0.1211,0.0055,0.0000,0.0019
0.0084,0.0057,0.0066,0.0113,0.0055,0.0089,0.0134,0.0154,0.0098,0.0188,0.0219,0.0275,0.0493,0.1075,0.0947,0.0240,0.0305,0.0100,0.0109,0.0052,0.0026,0.0030,0.0009,0.0000,0.0055,0.0286,0.0001,0.0001
0.0203,0.0171,0.0248,0.2125,0.0165,0.0639,0.0861,0.1380,0.0765,0.1471,0.0776,0.2065,0.0347,0.1415,0.0280,0.0132,0.0166,0.0097,0.0201,0.0022,0.0030,0.0007,0.0000,0.0000,0.0000,0.0001,0.0002,0.0007
0.0062,0.0069,0.0071,0.0117,0.0069,0.0064,0.0048,0.0117,0.0122,0.0141,0.0179,0.0146,0.0296,0.0167,0.0213,0.0119,0.0150,0.0123,0.0108,0.0046,0.0077,0.0078,0.0012,0.0130,0.0019,0.0001,0.0007,0.0085