c1,c2,c3,c4,c5,c6,c7,c8,c9,c10,c11,c12,c13,c14,c15,c16,c17,c18,c19,c20,c21,c22,c23,c24,c25,c26,c27,c28
0.0092,0.0005,0.0003,0.0000,0.0001,0.0001,0.0019,0.0037,0.0400,0.0010,0.4770,0.1153,0.0527,0.0466,0.0054,0.0029,0.0082,0.0035,0.0061,0.0606,0.0069,0.0867,0.0329,0.1155,0.0138,0.2569,0.0402,0.0154
0.0005,0.0103,0.0060,0.0000,0.0002,0.0003,0.0007,0.0051,0.0923,0.0195,0.1803,0.1515,0.0668,0.1333,0.0043,0.0545,0.0038,0.0066,0.0100,0.0074,0.0134,0.0101,0.4692,0.0116,0.0147,0.0108,0.0623,0.0050
0.0003,0.0060,0.0048,0.0000,0.0013,0.0021,0.0009,0.0165,0.2483,0.0181,0.0454,0.0325,0.0147,0.0053,0.0026,0.0032,0.0035,0.0031,0.0071,0.0199,0.0147,0.2508,0.0098,0.0190,0.0170,0.0830,0.0057,0.0085
0.0000,0.0000,0.0000,0.0001,0.0004,0.0001,0.0002,0.0010,0.8424,0.0291,0.1092,0.0522,0.1554,0.4456,0.0203,0.8940,0.0025,0.0231,0.0327,0.0090,0.8131,0.0090,0.9625,0.0032,0.1099,0.0099,0.0390,0.0023
0.0001,0.0002,0.0013,0.0004,0.0197,0.2861,0.0001,0.0271,0.9400,0.0013,0.0206,0.0199,0.0098,0.0154,0.0064,0.0058,0.0028,0.0056,0.0080,0.0066,0.0480,0.0097,0.0226,0.0062,0.0183,0.0072,0.0049,0.0036
0.0001,0.0003,0.0021,0.0001,0.2861,0.0165,0.1721,0.7750,0.9980,0.0028,0.0030,0.0081,0.0027,0.0126,0.0014,0.0035,0.0007,0.0060,0.0001,0.0018,0.0100,0.0022,0.0183,0.0023,0.0232,0.0039,0.0218,0.0021
0.0019,0.0007,0.0009,0.0002,0.0001,0.1721,0.0097,0.1273,0.0010,0.0000,0.0014,0.0154,0.0287,0.0277,0.4121,0.1305,0.0026,0.0463,0.0327,0.0049,0.0466,0.0042,0.0134,0.0027,0.0230,0.0082,0.0309,0.0038
0.0037,0.0051,0.0165,0.0010,0.0271,0.7750,0.1273,0.1669,0.0807,0.0000,0.0006,0.0040,0.0033,0.0068,0.0147,0.0079,0.0017,0.0087,0.0066,0.0038,0.0103,0.0041,0.0062,0.0024,0.0140,0.0092,0.0084,0.0078
0.0400,0.0923,0.2483,0.8424,0.9400,0.9980,0.0010,0.0807,0.0167,0.0007,0.0001,0.0002,0.0006,0.0031,0.0018,0.0009,0.0009,0.0004,0.0009,0.0002,0.0026,0.0008,0.0024,0.0010,0.0108,0.0044,0.0034,0.0039
0.0010,0.0195,0.0181,0.0291,0.0013,0.0028,0.0000,0.0000,0.0007,0.0006,0.0046,0.0000,0.0007,0.0316,0.0192,0.3503,0.0458,0.0354,0.0119,0.0055,0.6028,0.0124,0.8365,0.0086,0.1678,0.0177,0.3817,0.0086
0.4770,0.1803,0.0454,0.1092,0.0206,0.0030,0.0014,0.0006,0.0001,0.0046,0.0455,0.0157,0.0002,0.0173,0.0012,0.0005,0.0041,0.0018,0.0051,0.0019,0.0047,0.0023,0.0225,0.0066,0.0276,0.0091,0.0299,0.0114
0.1153,0.1515,0.0325,0.0522,0.0199,0.0081,0.0154,0.0040,0.0002,0.0000,0.0157,0.0050,0.0174,0.0000,0.0008,0.0001,0.0004,0.0039,0.0088,0.0048,0.0122,0.0076,0.0673,0.0347,0.2055,0.0545,0.9623,0.0323
0.0527,0.0668,0.0147,0.1554,0.0098,0.0027,0.0287,0.0033,0.0006,0.0007,0.0002,0.0174,0.0086,0.0001,0.0000,0.0000,0.0002,0.0007,0.0153,0.0034,0.0070,0.0052,0.2174,0.0769,0.0818,0.4790,0.7393,0.0975
0.0466,0.1333,0.0053,0.4456,0.0154,0.0126,0.0277,0.0068,0.0031,0.0316,0.0173,0.0000,0.0001,0.0001,0.0000,0.0000,0.0000,0.0006,0.0031,0.0038,0.4914,0.0119,0.9933,0.0472,0.9921,0.0691,0.7903,0.0114
0.0054,0.0043,0.0026,0.0203,0.0064,0.0014,0.4121,0.0147,0.0018,0.0192,0.0012,0.0008,0.0000,0.0000,0.0001,0.0000,0.0001,0.0018,0.0360,0.0030,0.0722,0.0883,0.1139,0.9784,0.0628,0.3266,0.3854,0.1627
0.0029,0.0545,0.0032,0.8940,0.0058,0.0035,0.1305,0.0079,0.0009,0.3503,0.0005,0.0001,0.0000,0.0000,0.0000,0.0000,0.0001,0.0001,0.0064,0.0068,0.9939,0.2449,0.9804,0.2119,0.6408,0.0760,0.3570,0.0147
0.0082,0.0038,0.0035,0.0025,0.0028,0.0007,0.0026,0.0017,0.0009,0.0458,0.0041,0.0004,0.0002,0.0000,0.0001,0.0001,0.0012,0.0075,0.0026,0.8154,0.0153,0.4692,0.1403,0.9894,0.0149,0.0381,0.2758,0.1132
0.0035,0.0066,0.0031,0.0231,0.0056,0.0060,0.0463,0.0087,0.0004,0.0354,0.0018,0.0039,0.0007,0.0006,0.0018,0.0001,0.0075,0.0340,0.1387,0.0013,0.0223,0.0109,0.0221,0.0302,0.0650,0.0138,0.0178,0.0292
0.0061,0.0100,0.0071,0.0327,0.0080,0.0001,0.0327,0.0066,0.0009,0.0119,0.0051,0.0088,0.0153,0.0031,0.0360,0.0064,0.0026,0.1387,0.0000,0.2632,0.0000,0.0023,0.0092,0.0179,0.0357,0.0339,0.0539,0.0324
0.0606,0.0074,0.0199,0.0090,0.0066,0.0018,0.0049,0.0038,0.0002,0.0055,0.0019,0.0048,0.0034,0.0038,0.0030,0.0068,0.8154,0.0013,0.2632,0.0063,0.0015,0.0067,0.0002,0.2164,0.0026,0.0204,0.0046,0.0094
0.0069,0.0134,0.0147,0.8131,0.0480,0.0100,0.0466,0.0103,0.0026,0.6028,0.0047,0.0122,0.0070,0.4914,0.0722,0.9939,0.0153,0.0223,0.0000,0.0015,0.0164,0.0104,0.0000,0.0000,0.0001,0.0001,0.0004,0.0009
0.0867,0.0101,0.2508,0.0090,0.0097,0.0022,0.0042,0.0041,0.0008,0.0124,0.0023,0.0076,0.0052,0.0119,0.0883,0.2449,0.4692,0.0109,0.0023,0.0067,0.0104,0.0158,0.0000,0.0002,0.0007,0.0034,0.0005,0.0064
0.0329,0.4692,0.0098,0.9625,0.0226,0.0183,0.0134,0.0062,0.0024,0.8365,0.0225,0.0673,0.2174,0.9933,0.1139,0.9804,0.1403,0.0221,0.0092,0.0002,0.0000,0.0000,0.0000,0.0002,0.0000,0.0000,0.0000,0.0005
0.1155,0.0116,0.0190,0.0032,0.0062,0.0023,0.0027,0.0024,0.0010,0.0086,0.0066,0.0347,0.0769,0.0472,0.9784,0.2119,0.9894,0.0302,0.0179,0.2164,0.0000,0.0002,0.0002,0.0027,0.0001,0.0000,0.0000,0.0065
0.0138,0.0147,0.0170,0.1099,0.0183,0.0232,0.0230,0.0140,0.0108,0.1678,0.0276,0.2055,0.0818,0.9921,0.0628,0.6408,0.0149,0.0650,0.0357,0.0026,0.0001,0.0007,0.0000,0.0001,0.0062,0.0019,0.0000,0.0001
0.2569,0.0108,0.0830,0.0099,0.0072,0.0039,0.0082,0.0092,0.0044,0.0177,0.0091,0.0545,0.4790,0.0691,0.3266,0.0760,0.0381,0.0138,0.0339,0.0204,0.0001,0.0034,0.0000,0.0000,0.0019,0.0051,0.0000,0.0001
0.0402,0.0623,0.0057,0.0390,0.0049,0.0218,0.0309,0.0084,0.0034,0.3817,0.0299,0.9623,0.7393,0.7903,0.3854,0.3570,0.2758,0.0178,0.0539,0.0046,0.0004,0.0005,0.0000,0.0000,0.0000,0.0000,0.0000,0.0038
0.0154,0.0050,0.0085,0.0023,0.0036,0.0021,0.0038,0.0078,0.0039,0.0086,0.0114,0.0323,0.0975,0.0114,0.1627,0.0147,0.1132,0.0292,0.0324,0.0094,0.0009,0.0064,0.0005,0.0065,0.0001,0.0001,0.0038,0.0440