c1,c2,c3,c4,c5,c6,c7,c8,c9,c10,c11,c12,c13,c14,c15,c16,c17,c18,c19,c20,c21,c22,c23,c24,c25,c26,c27,c28
0.0002,0.0275,0.0008,0.0020,0.0220,0.0017,0.0137,0.0111,0.0068,0.0033,0.0052,0.0071,0.0085,0.0147,0.0137,0.0131,0.0101,0.0115,0.0192,0.0117,0.0044,0.0069,0.0125,0.0052,0.0193,0.0054,0.0097,0.0157
0.0275,0.0196,0.0057,0.0000,0.0038,0.0013,0.0025,0.0097,0.0058,0.0033,0.0037,0.0315,0.0080,0.0435,0.0295,0.0112,0.0099,0.0096,0.0111,0.0084,0.0046,0.0056,0.0125,0.0040,0.0335,0.0057,0.0139,0.0067
0.0008,0.0057,0.0102,0.0014,0.0003,0.0006,0.0031,0.0056,0.0136,0.0042,0.0179,0.0458,0.0407,0.0477,0.0185,0.0133,0.0055,0.0088,0.0139,0.0064,0.0083,0.0059,0.0603,0.0059,0.0111,0.0045,0.0042,0.0092
0.0020,0.0000,0.0014,0.0037,0.0207,0.0000,0.0033,0.0066,0.0226,0.0348,0.0138,0.6455,0.0130,0.1071,0.0149,0.0059,0.0073,0.0064,0.0124,0.0061,0.0042,0.0021,0.0470,0.0023,0.0933,0.0063,0.0173,0.0039
0.0220,0.0038,0.0003,0.0207,0.0323,0.0004,0.0005,0.0071,0.0121,0.0126,0.0217,0.0552,0.0096,0.0156,0.0070,0.0107,0.0051,0.0076,0.0104,0.0049,0.0047,0.0030,0.0179,0.0038,0.0117,0.0057,0.0110,0.0095
0.0017,0.0013,0.0006,0.0000,0.0004,0.0002,0.0039,0.0102,0.2574,0.8700,0.0202,0.9996,0.0137,0.0347,0.0021,0.0011,0.0010,0.0016,0.0040,0.0022,0.0022,0.0006,0.1733,0.0015,0.1346,0.0039,0.0105,0.0051
0.0137,0.0025,0.0031,0.0033,0.0005,0.0039,0.0098,0.0077,0.0019,0.0549,0.0013,0.0087,0.0076,0.0084,0.0079,0.0029,0.0043,0.0029,0.0079,0.0044,0.0029,0.0025,0.0247,0.0093,0.1568,0.0242,0.0842,0.0273
0.0111,0.0097,0.0056,0.0066,0.0071,0.0102,0.0077,0.1069,0.3948,0.0000,0.0017,0.0004,0.0012,0.0046,0.0023,0.0091,0.0045,0.0049,0.0103,0.0049,0.0042,0.0014,0.0059,0.0024,0.0147,0.0121,0.2759,0.2405
0.0068,0.0058,0.0136,0.0226,0.0121,0.2574,0.0019,0.3948,0.0013,0.0130,0.0001,0.0000,0.0004,0.0005,0.0018,0.0022,0.0032,0.0009,0.0002,0.0025,0.0035,0.0010,0.0227,0.0032,0.0940,0.1050,0.8922,0.8798
0.0033,0.0033,0.0042,0.0348,0.0126,0.8700,0.0549,0.0000,0.0130,0.0004,0.0007,0.0000,0.0000,0.0000,0.0002,0.0015,0.0023,0.0010,0.0038,0.0020,0.0017,0.0005,0.0844,0.0038,0.9999,0.9503,0.9999,0.2020
0.0052,0.0037,0.0179,0.0138,0.0217,0.0202,0.0013,0.0017,0.0001,0.0007,0.0031,0.0001,0.0001,0.0001,0.0002,0.0107,0.0035,0.0022,0.0108,0.0036,0.0026,0.0009,0.0331,0.0153,0.3572,0.9999,0.2651,0.2656
0.0071,0.0315,0.0458,0.6455,0.0552,0.9996,0.0087,0.0004,0.0000,0.0000,0.0001,0.0000,0.0001,0.0000,0.0000,0.0001,0.0005,0.0038,0.0074,0.0064,0.0177,0.0051,1.0000,0.6873,0.9990,0.0684,0.0133,0.0029
0.0085,0.0080,0.0407,0.0130,0.0096,0.0137,0.0076,0.0012,0.0004,0.0000,0.0001,0.0001,0.0033,0.0004,0.0000,0.0005,0.0011,0.0018,0.0144,0.0068,0.0050,0.0369,0.2112,1.0000,0.0754,0.4692,0.0064,0.0134
0.0147,0.0435,0.0477,0.1071,0.0156,0.0347,0.0084,0.0046,0.0005,0.0000,0.0001,0.0000,0.0004,0.0003,0.0000,0.0001,0.0000,0.0019,0.0164,0.0481,1.0000,0.1284,0.9990,0.0770,0.0112,0.0025,0.0008,0.0012
0.0137,0.0295,0.0185,0.0149,0.0070,0.0021,0.0079,0.0023,0.0018,0.0002,0.0002,0.0000,0.0000,0.0000,0.0011,0.0024,0.0000,0.0012,0.0072,0.0173,0.0740,1.0000,0.0829,1.0000,0.0283,0.0091,0.0014,0.0011
0.0131,0.0112,0.0133,0.0059,0.0107,0.0011,0.0029,0.0091,0.0022,0.0015,0.0107,0.0001,0.0005,0.0001,0.0024,0.0540,0.0007,0.0015,0.7320,0.0384,0.9997,0.3878,0.0099,0.0018,0.0013,0.0013,0.0010,0.0031
0.0101,0.0099,0.0055,0.0073,0.0051,0.0010,0.0043,0.0045,0.0032,0.0023,0.0035,0.0005,0.0011,0.0000,0.0000,0.0007,0.0142,0.8822,0.0058,0.0588,0.0044,0.9999,0.0136,0.0589,0.0037,0.0037,0.0021,0.0031
0.0115,0.0096,0.0088,0.0064,0.0076,0.0016,0.0029,0.0049,0.0009,0.0010,0.0022,0.0038,0.0018,0.0019,0.0012,0.0015,0.8822,0.1198,0.7910,0.0038,0.0021,0.0674,0.0028,0.0111,0.0034,0.0033,0.0029,0.0070
0.0192,0.0111,0.0139,0.0124,0.0104,0.0040,0.0079,0.0103,0.0002,0.0038,0.0108,0.0074,0.0144,0.0164,0.0072,0.7320,0.0058,0.7910,0.0153,0.6323,0.0004,0.0001,0.0000,0.0002,0.0014,0.0019,0.0029,0.0227
0.0117,0.0084,0.0064,0.0061,0.0049,0.0022,0.0044,0.0049,0.0025,0.0020,0.0036,0.0064,0.0068,0.0481,0.0173,0.0384,0.0588,0.0038,0.6323,0.0928,0.0059,0.0001,0.0005,0.0014,0.0017,0.0099,0.0155,0.0144
0.0044,0.0046,0.0083,0.0042,0.0047,0.0022,0.0029,0.0042,0.0035,0.0017,0.0026,0.0177,0.0050,1.0000,0.0740,0.9997,0.0044,0.0021,0.0004,0.0059,0.0111,0.0004,0.0000,0.0000,0.0000,0.0004,0.0032,0.0071
0.0069,0.0056,0.0059,0.0021,0.0030,0.0006,0.0025,0.0014,0.0010,0.0005,0.0009,0.0051,0.0369,0.1284,1.0000,0.3878,0.9999,0.0674,0.0001,0.0001,0.0004,0.0015,0.0002,0.0001,0.0001,0.0025,0.0016,0.0039
0.0125,0.0125,0.0603,0.0470,0.0179,0.1733,0.0247,0.0059,0.0227,0.0844,0.0331,1.0000,0.2112,0.9990,0.0829,0.0099,0.0136,0.0028,0.0000,0.0005,0.0000,0.0002,0.0001,0.0001,0.0000,0.0000,0.0001,0.0012
0.0052,0.0040,0.0059,0.0023,0.0038,0.0015,0.0093,0.0024,0.0032,0.0038,0.0153,0.6873,1.0000,0.0770,1.0000,0.0018,0.0589,0.0111,0.0002,0.0014,0.0000,0.0001,0.0001,0.0005,0.0000,0.0001,0.0001,0.0017
0.0193,0.0335,0.0111,0.0933,0.0117,0.1346,0.1568,0.0147,0.0940,0.9999,0.3572,0.9990,0.0754,0.0112,0.0283,0.0013,0.0037,0.0034,0.0014,0.0017,0.0000,0.0001,0.0000,0.0000,0.0003,0.0001,0.0000,0.0001
0.0054,0.0057,0.0045,0.0063,0.0057,0.0039,0.0242,0.0121,0.1050,0.9503,0.9999,0.0684,0.4692,0.0025,0.0091,0.0013,0.0037,0.0033,0.0019,0.0099,0.0004,0.0025,0.0000,0.0001,0.0001,0.0010,0.0003,0.0001
0.0097,0.0139,0.0042,0.0173,0.0110,0.0105,0.0842,0.2759,0.8922,0.9999,0.2651,0.0133,0.0064,0.0008,0.0014,0.0010,0.0021,0.0029,0.0029,0.0155,0.0032,0.0016,0.0001,0.0001,0.0000,0.0003,0.0038,0.0009
0.0157,0.0067,0.0092,0.0039,0.0095,0.0051,0.0273,0.2405,0.8798,0.2020,0.2656,0.0029,0.0134,0.0012,0.0011,0.0031,0.0031,0.0070,0.0227,0.0144,0.0071,0.0039,0.0012,0.0017,0.0001,0.0001,0.0009,0.0014
