c1,c2,c3,c4,c5,c6,c7,c8,c9,c10,c11,c12,c13,c14,c15,c16,c17,c18,c19,c20
0.0002,0.0121,0.0009,0.0096,0.0149,0.0078,0.0280,0.0126,0.0077,0.0067,0.0127,0.0090,0.0104,0.0085,0.0088,0.0064,0.0084,0.0085,0.0106,0.0047
0.0121,0.0298,0.0338,0.0002,0.0016,0.0087,0.0066,0.0124,0.0120,0.0061,0.0106,0.0066,0.0092,0.0088,0.0081,0.0064,0.0072,0.0102,0.0049,0.0063
0.0009,0.0338,0.0001,0.0129,0.0001,0.0096,0.0256,0.0068,0.0135,0.0112,0.0225,0.0128,0.0177,0.0219,0.0088,0.0089,0.0124,0.0116,0.0099,0.0063
0.0096,0.0002,0.0129,0.0063,0.0184,0.0000,0.0034,0.0084,0.0139,0.0314,0.0261,0.0138,0.0163,0.0251,0.0128,0.0170,0.0103,0.0097,0.0077,0.0059
0.0149,0.0016,0.0001,0.0184,0.0028,0.0791,0.0005,0.0309,0.0056,0.0052,0.0201,0.0123,0.0203,0.0096,0.0115,0.0062,0.0092,0.0127,0.0063,0.0096
0.0078,0.0087,0.0096,0.0000,0.0791,0.0091,0.0009,0.0002,0.0043,0.0083,0.0093,0.0177,0.0172,0.0167,0.0273,0.0144,0.0137,0.0187,0.0148,0.0207
0.0280,0.0066,0.0256,0.0034,0.0005,0.0009,0.0098,0.0016,0.0002,0.0047,0.0265,0.0055,0.0251,0.0186,0.0374,0.0157,0.0107,0.0157,0.0104,0.0127
0.0126,0.0124,0.0068,0.0084,0.0309,0.0002,0.0016,0.0006,0.0060,0.0003,0.0037,0.0160,0.0086,0.0202,0.0689,0.0139,0.0149,0.0194,0.0206,0.0201
0.0077,0.0120,0.0135,0.0139,0.0056,0.0043,0.0002,0.0060,0.0059,0.0092,0.0003,0.0086,0.0286,0.0052,0.0923,0.0064,0.0148,0.0096,0.0148,0.0075
0.0067,0.0061,0.0112,0.0314,0.0052,0.0083,0.0047,0.0003,0.0092,0.0036,0.0053,0.0004,0.0039,0.0137,0.0075,0.0312,0.0441,0.0291,0.0144,0.0086
0.0127,0.0106,0.0225,0.0261,0.0201,0.0093,0.0265,0.0037,0.0003,0.0053,0.0074,0.0041,0.0002,0.0015,0.0126,0.0069,0.0478,0.0156,0.0113,0.0087
0.0090,0.0066,0.0128,0.0138,0.0123,0.0177,0.0055,0.0160,0.0086,0.0004,0.0041,0.0041,0.0026,0.0002,0.0034,0.0144,0.0102,0.0552,0.0278,0.0199
0.0104,0.0092,0.0177,0.0163,0.0203,0.0172,0.0251,0.0086,0.0286,0.0039,0.0002,0.0026,0.0084,0.0089,0.0001,0.0048,0.0111,0.0112,0.0114,0.0210
0.0085,0.0088,0.0219,0.0251,0.0096,0.0167,0.0186,0.0202,0.0052,0.0137,0.0015,0.0002,0.0089,0.0150,0.0054,0.0003,0.0087,0.0157,0.0058,0.0129
0.0088,0.0081,0.0088,0.0128,0.0115,0.0273,0.0374,0.0689,0.0923,0.0075,0.0126,0.0034,0.0001,0.0054,0.0016,0.0216,0.0001,0.0024,0.0083,0.0131
0.0064,0.0064,0.0089,0.0170,0.0062,0.0144,0.0157,0.0139,0.0064,0.0312,0.0069,0.0144,0.0048,0.0003,0.0216,0.0233,0.0204,0.0001,0.0020,0.0136
0.0084,0.0072,0.0124,0.0103,0.0092,0.0137,0.0107,0.0149,0.0148,0.0441,0.0478,0.0102,0.0111,0.0087,0.0001,0.0204,0.0165,0.0027,0.0001,0.0040
0.0085,0.0102,0.0116,0.0097,0.0127,0.0187,0.0157,0.0194,0.0096,0.0291,0.0156,0.0552,0.0112,0.0157,0.0024,0.0001,0.0027,0.0211,0.0040,0.0000
0.0106,0.0049,0.0099,0.0077,0.0063,0.0148,0.0104,0.0206,0.0148,0.0144,0.0113,0.0278,0.0114,0.0058,0.0083,0.0020,0.0001,0.0040,0.0082,0.0100
0.0047,0.0063,0.0063,0.0059,0.0096,0.0207,0.0127,0.0201,0.0075,0.0086,0.0087,0.0199,0.0210,0.0129,0.0131,0.0136,0.0040,0.0000,0.0100,0.0019