c1,c2,c3,c4,c5,c6,c7,c8,c9,c10,c11,c12,c13,c14,c15,c16,c17,c18,c19,c20,c21,c22,c23,c24,c25,c26,c27,c28
0.0018,0.0013,0.0003,0.0000,0.0065,0.0046,0.0064,0.0050,0.0059,0.0111,0.0167,0.0164,0.0311,0.0340,0.0219,0.0283,0.0136,0.0072,0.0090,0.0199,0.0076,0.0100,0.0063,0.0089,0.0187,0.0136,0.0437,0.0065
0.0013,0.0022,0.0144,0.0000,0.0078,0.0014,0.0037,0.0266,0.0192,0.0275,0.0432,0.0110,0.0082,0.0280,0.0140,0.0203,0.0213,0.0098,0.0167,0.0131,0.0064,0.0238,0.0050,0.0067,0.0117,0.0049,0.0247,0.0039
0.0003,0.0144,0.0177,0.0001,0.0001,0.0006,0.0005,0.0049,0.0103,0.0158,0.0140,0.0396,0.0114,0.0578,0.0385,0.0712,0.0210,0.0084,0.0089,0.0104,0.0068,0.0099,0.0043,0.0060,0.0113,0.0074,0.1383,0.0093
0.0000,0.0000,0.0001,0.0001,0.0089,0.0000,0.0004,0.0002,0.0051,0.0131,0.2594,0.1418,0.0558,0.0457,0.0282,0.0277,0.0145,0.0174,0.0139,0.0262,0.0104,0.0146,0.0057,0.0148,0.1737,0.0263,0.9993,0.0226
0.0065,0.0078,0.0001,0.0089,0.0168,0.0100,0.0001,0.0017,0.0031,0.0072,0.0251,0.0267,0.0053,0.0149,0.0172,0.0164,0.0096,0.0092,0.0044,0.0110,0.0050,0.0084,0.0047,0.0070,0.0098,0.0073,0.1894,0.0135
0.0046,0.0014,0.0006,0.0000,0.0100,0.0017,0.0196,0.0019,0.0522,0.0207,0.0130,0.0477,0.0126,0.0452,0.0166,0.1519,0.0056,0.0020,0.0000,0.0036,0.0025,0.0038,0.0034,0.0066,0.0414,0.0061,0.9745,0.0056
0.0064,0.0037,0.0005,0.0004,0.0001,0.0196,0.0134,0.0274,0.0000,0.0058,0.0024,0.0301,0.0167,0.0376,0.0187,0.0645,0.0105,0.0053,0.0037,0.0085,0.0055,0.0071,0.0085,0.0092,0.0437,0.0092,0.5377,0.0096
0.0050,0.0266,0.0049,0.0002,0.0017,0.0019,0.0274,0.0143,0.0072,0.0001,0.0059,0.0174,0.0073,0.0381,0.0180,0.0063,0.0093,0.0051,0.0036,0.0126,0.0043,0.0092,0.0061,0.0076,0.0260,0.0100,0.1403,0.0199
0.0059,0.0192,0.0103,0.0051,0.0031,0.0522,0.0000,0.0072,0.0111,0.0374,0.0000,0.0039,0.0011,0.0200,0.0222,0.0133,0.0078,0.0018,0.0019,0.0029,0.0075,0.0073,0.0086,0.0120,0.0429,0.0084,0.6531,0.0348
0.0111,0.0275,0.0158,0.0131,0.0072,0.0207,0.0058,0.0001,0.0374,0.0059,0.0048,0.0000,0.0002,0.0060,0.0077,0.0110,0.0075,0.0041,0.0054,0.0069,0.0057,0.0184,0.0084,0.0151,0.0198,0.0228,0.4278,0.0311
0.0167,0.0432,0.0140,0.2594,0.0251,0.0130,0.0024,0.0059,0.0000,0.0048,0.0027,0.1115,0.0000,0.0002,0.0061,0.0010,0.0072,0.0005,0.0025,0.0050,0.0038,0.0054,0.0077,0.0368,0.0142,0.0361,0.6914,0.1287
0.0164,0.0110,0.0396,0.1418,0.0267,0.0477,0.0301,0.0174,0.0039,0.0000,0.1115,0.0155,0.0028,0.0000,0.0000,0.0002,0.0005,0.0021,0.0030,0.0027,0.0029,0.0099,0.0044,0.0817,0.1383,0.1940,0.9966,0.0957
0.0311,0.0082,0.0114,0.0558,0.0053,0.0126,0.0167,0.0073,0.0011,0.0002,0.0000,0.0028,0.0097,0.0001,0.0000,0.0000,0.0005,0.0006,0.0054,0.0038,0.0047,0.0505,0.0087,0.9992,0.0233,0.9577,0.3209,0.1253
0.0340,0.0280,0.0578,0.0457,0.0149,0.0452,0.0376,0.0381,0.0200,0.0060,0.0002,0.0000,0.0001,0.0001,0.0000,0.0000,0.0000,0.0005,0.0029,0.0133,0.0156,0.0738,0.1391,0.4563,0.8504,0.5948,0.7494,0.0827
0.0219,0.0140,0.0385,0.0282,0.0172,0.0166,0.0187,0.0180,0.0222,0.0077,0.0061,0.0000,0.0000,0.0000,0.0002,0.0001,0.0000,0.0001,0.0020,0.0125,0.1640,0.9902,0.1961,0.9677,0.0644,0.1090,0.0062,0.0271
0.0283,0.0203,0.0712,0.0277,0.0164,0.1519,0.0645,0.0063,0.0133,0.0110,0.0010,0.0002,0.0000,0.0000,0.0001,0.0012,0.0002,0.0001,0.0039,0.0027,0.0218,0.5292,0.9110,0.0604,0.6697,0.0196,0.0194,0.0043
0.0136,0.0213,0.0210,0.0145,0.0096,0.0056,0.0105,0.0093,0.0078,0.0075,0.0072,0.0005,0.0005,0.0000,0.0000,0.0002,0.0023,0.0131,0.0029,0.0091,0.0272,0.9275,0.9158,0.0370,0.0389,0.0098,0.0029,0.0037
0.0072,0.0098,0.0084,0.0174,0.0092,0.0020,0.0053,0.0051,0.0018,0.0041,0.0005,0.0021,0.0006,0.0005,0.0001,0.0001,0.0131,0.0060,0.6875,0.0018,0.3078,0.0323,0.9702,0.0127,0.0569,0.0024,0.0139,0.0025
0.0090,0.0167,0.0089,0.0139,0.0044,0.0000,0.0037,0.0036,0.0019,0.0054,0.0025,0.0030,0.0054,0.0029,0.0020,0.0039,0.0029,0.6875,0.0002,0.3866,0.0037,0.0184,0.1873,0.0061,0.0351,0.0059,0.0105,0.0081
0.0199,0.0131,0.0104,0.0262,0.0110,0.0036,0.0085,0.0126,0.0029,0.0069,0.0050,0.0027,0.0038,0.0133,0.0125,0.0027,0.0091,0.0018,0.3866,0.4317,0.2780,0.0000,0.0033,0.0013,0.0016,0.0020,0.0007,0.0043
0.0076,0.0064,0.0068,0.0104,0.0050,0.0025,0.0055,0.0043,0.0075,0.0057,0.0038,0.0029,0.0047,0.0156,0.1640,0.0218,0.0272,0.3078,0.0037,0.2780,0.0385,0.0026,0.0001,0.0015,0.0028,0.0019,0.0004,0.0064
0.0100,0.0238,0.0099,0.0146,0.0084,0.0038,0.0071,0.0092,0.0073,0.0184,0.0054,0.0099,0.0505,0.0738,0.9902,0.5292,0.9275,0.0323,0.0184,0.0000,0.0026,0.0104,0.0006,0.0000,0.0000,0.0002,0.0000,0.0034
0.0063,0.0050,0.0043,0.0057,0.0047,0.0034,0.0085,0.0061,0.0086,0.0084,0.0077,0.0044,0.0087,0.1391,0.1961,0.9110,0.9158,0.9702,0.1873,0.0033,0.0001,0.0006,0.0031,0.0013,0.0000,0.0001,0.0000,0.0016
0.0089,0.0067,0.0060,0.0148,0.0070,0.0066,0.0092,0.0076,0.0120,0.0151,0.0368,0.0817,0.9992,0.4563,0.9677,0.0604,0.0370,0.0127,0.0061,0.0013,0.0015,0.0000,0.0013,0.0039,0.0001,0.0000,0.0000,0.0006
0.0187,0.0117,0.0113,0.1737,0.0098,0.0414,0.0437,0.0260,0.0429,0.0198,0.0142,0.1383,0.0233,0.8504,0.0644,0.6697,0.0389,0.0569,0.0351,0.0016,0.0028,0.0000,0.0000,0.0001,0.0040,0.0116,0.0000,0.0002
0.0136,0.0049,0.0074,0.0263,0.0073,0.0061,0.0092,0.0100,0.0084,0.0228,0.0361,0.1940,0.9577,0.5948,0.1090,0.0196,0.0098,0.0024,0.0059,0.0020,0.0019,0.0002,0.0001,0.0000,0.0116,0.0239,0.0000,0.0003
0.0437,0.0247,0.1383,0.9993,0.1894,0.9745,0.5377,0.1403,0.6531,0.4278,0.6914,0.9966,0.3209,0.7494,0.0062,0.0194,0.0029,0.0139,0.0105,0.0007,0.0004,0.0000,0.0000,0.0000,0.0000,0.0000,0.0000,0.0001
0.0065,0.0039,0.0093,0.0226,0.0135,0.0056,0.0096,0.0199,0.0348,0.0311,0.1287,0.0957,0.1253,0.0827,0.0271,0.0043,0.0037,0.0025,0.0081,0.0043,0.0064,0.0034,0.0016,0.0006,0.0002,0.0003,0.0001,0.0174