c1,c2,c3,c4,c5,c6,c7,c8,c9,c10,c11,c12,c13,c14,c15,c16,c17,c18,c19,c20,c21,c22,c23,c24,c25,c26,c27,c28
0.0051,0.0042,0.0005,0.0009,0.0179,0.0031,0.0676,0.0217,0.0178,0.0082,0.0229,0.0088,0.0121,0.0076,0.0050,0.0090,0.0068,0.0038,0.0055,0.0057,0.0076,0.0051,0.0181,0.0107,0.0060,0.0067,0.0078,0.0040
0.0042,0.0152,0.0455,0.0000,0.0124,0.0017,0.0104,0.0258,0.0174,0.0171,0.0183,0.0171,0.0061,0.0080,0.0049,0.0088,0.0060,0.0069,0.0109,0.0075,0.0111,0.0043,0.0270,0.0052,0.0107,0.0045,0.0084,0.0041
0.0005,0.0455,0.0143,0.0005,0.0002,0.0005,0.0031,0.0058,0.0231,0.0177,0.0204,0.0643,0.0092,0.0067,0.0062,0.0113,0.0076,0.0057,0.0083,0.0058,0.0086,0.0045,0.0289,0.0085,0.0143,0.0084,0.0380,0.0109
0.0009,0.0000,0.0005,0.0067,0.0243,0.0000,0.0096,0.0076,0.0196,0.0200,0.0443,0.0474,0.0158,0.0127,0.0058,0.0042,0.0063,0.0065,0.0087,0.0078,0.0188,0.0063,0.0476,0.0123,0.0346,0.0118,0.3668,0.0148
0.0179,0.0124,0.0002,0.0243,0.1227,0.0114,0.0002,0.0048,0.0075,0.0059,0.0106,0.0228,0.0120,0.0046,0.0061,0.0053,0.0041,0.0049,0.0043,0.0031,0.0054,0.0041,0.0265,0.0088,0.0089,0.0079,0.0241,0.0137
0.0031,0.0017,0.0005,0.0000,0.0114,0.0061,0.0167,0.0004,0.0075,0.0434,0.0342,0.1204,0.0106,0.0155,0.0053,0.0139,0.0040,0.0060,0.0086,0.0064,0.0163,0.0044,0.0219,0.0049,0.0336,0.0083,0.1444,0.0081
0.0676,0.0104,0.0031,0.0096,0.0002,0.0167,0.0334,0.0129,0.0002,0.0003,0.0016,0.0022,0.0048,0.0030,0.0054,0.0063,0.0071,0.0078,0.0110,0.0118,0.0107,0.0053,0.0475,0.0106,0.0311,0.0205,0.1817,0.0100
0.0217,0.0258,0.0058,0.0076,0.0048,0.0004,0.0129,0.0095,0.0160,0.0000,0.0009,0.0018,0.0014,0.0040,0.0044,0.0076,0.0108,0.0063,0.0077,0.0078,0.0091,0.0056,0.0398,0.0188,0.0549,0.0289,0.3515,0.0167
0.0178,0.0174,0.0231,0.0196,0.0075,0.0075,0.0002,0.0160,0.0275,0.0015,0.0001,0.0002,0.0008,0.0009,0.0028,0.0056,0.0088,0.0057,0.0057,0.0048,0.0106,0.0087,0.0319,0.0216,0.0366,0.0455,0.3472,0.0424
0.0082,0.0171,0.0177,0.0200,0.0059,0.0434,0.0003,0.0000,0.0015,0.0013,0.0016,0.0000,0.0002,0.0004,0.0012,0.0062,0.0162,0.0145,0.0424,0.0217,0.0564,0.0285,0.0721,0.0389,0.4855,0.0842,0.8775,0.0143
0.0229,0.0183,0.0204,0.0443,0.0106,0.0342,0.0016,0.0009,0.0001,0.0016,0.0054,0.0001,0.0001,0.0005,0.0014,0.0013,0.0075,0.0107,0.0170,0.0120,0.0122,0.0121,0.0444,0.0843,0.0598,0.1170,0.0942,0.0641
0.0088,0.0171,0.0643,0.0474,0.0228,0.1204,0.0022,0.0018,0.0002,0.0000,0.0001,0.0001,0.0016,0.0000,0.0001,0.0005,0.0015,0.0144,0.0458,0.0659,0.1999,0.1177,0.3228,0.1731,0.2994,0.0794,0.4565,0.0399
0.0121,0.0061,0.0092,0.0158,0.0120,0.0106,0.0048,0.0014,0.0008,0.0002,0.0001,0.0016,0.0010,0.0014,0.0000,0.0012,0.0043,0.0074,0.0216,0.0115,0.0371,0.0733,0.4449,0.4940,0.0268,0.0852,0.0347,0.0289
0.0076,0.0080,0.0067,0.0127,0.0046,0.0155,0.0030,0.0040,0.0009,0.0004,0.0005,0.0000,0.0014,0.0080,0.0004,0.0001,0.0042,0.0102,0.0469,0.0422,0.2694,0.2506,0.5277,0.1356,0.0638,0.0263,0.0333,0.0086
0.0050,0.0049,0.0062,0.0058,0.0061,0.0053,0.0054,0.0044,0.0028,0.0012,0.0014,0.0001,0.0000,0.0004,0.0043,0.0073,0.0001,0.0178,0.0733,0.0326,0.1632,0.3038,0.1144,0.2339,0.0329,0.0360,0.0116,0.0176
0.0090,0.0088,0.0113,0.0042,0.0053,0.0139,0.0063,0.0076,0.0056,0.0062,0.0013,0.0005,0.0012,0.0001,0.0073,0.0080,0.0027,0.0002,0.0299,0.0226,0.0677,0.3203,0.0528,0.0334,0.0176,0.0163,0.0078,0.0099
0.0068,0.0060,0.0076,0.0063,0.0041,0.0040,0.0071,0.0108,0.0088,0.0162,0.0075,0.0015,0.0043,0.0042,0.0001,0.0027,0.0056,0.0746,0.0012,0.0235,0.0088,0.0586,0.0335,0.0123,0.0127,0.0200,0.0056,0.0078
0.0038,0.0069,0.0057,0.0065,0.0049,0.0060,0.0078,0.0063,0.0057,0.0145,0.0107,0.0144,0.0074,0.0102,0.0178,0.0002,0.0746,0.0102,0.0839,0.0012,0.0035,0.0051,0.0024,0.0136,0.0092,0.0062,0.0052,0.0091
0.0055,0.0109,0.0083,0.0087,0.0043,0.0086,0.0110,0.0077,0.0057,0.0424,0.0170,0.0458,0.0216,0.0469,0.0733,0.0299,0.0012,0.0839,0.0000,0.1727,0.0001,0.0005,0.0017,0.0035,0.0100,0.0058,0.0132,0.0065
0.0057,0.0075,0.0058,0.0078,0.0031,0.0064,0.0118,0.0078,0.0048,0.0217,0.0120,0.0659,0.0115,0.0422,0.0326,0.0226,0.0235,0.0012,0.1727,0.0174,0.0005,0.0001,0.0005,0.0045,0.0025,0.0076,0.0031,0.0067
0.0076,0.0111,0.0086,0.0188,0.0054,0.0163,0.0107,0.0091,0.0106,0.0564,0.0122,0.1999,0.0371,0.2694,0.1632,0.0677,0.0088,0.0035,0.0001,0.0005,0.0063,0.0147,0.0000,0.0014,0.0005,0.0021,0.0018,0.0066
0.0051,0.0043,0.0045,0.0063,0.0041,0.0044,0.0053,0.0056,0.0087,0.0285,0.0121,0.1177,0.0733,0.2506,0.3038,0.3203,0.0586,0.0051,0.0005,0.0001,0.0147,0.0159,0.0007,0.0001,0.0004,0.0022,0.0004,0.0051
0.0181,0.0270,0.0289,0.0476,0.0265,0.0219,0.0475,0.0398,0.0319,0.0721,0.0444,0.3228,0.4449,0.5277,0.1144,0.0528,0.0335,0.0024,0.0017,0.0005,0.0000,0.0007,0.0010,0.0006,0.0000,0.0003,0.0000,0.0013
0.0107,0.0052,0.0085,0.0123,0.0088,0.0049,0.0106,0.0188,0.0216,0.0389,0.0843,0.1731,0.4940,0.1356,0.2339,0.0334,0.0123,0.0136,0.0035,0.0045,0.0014,0.0001,0.0006,0.0020,0.0008,0.0000,0.0000,0.0060
0.0060,0.0107,0.0143,0.0346,0.0089,0.0336,0.0311,0.0549,0.0366,0.4855,0.0598,0.2994,0.0268,0.0638,0.0329,0.0176,0.0127,0.0092,0.0100,0.0025,0.0005,0.0004,0.0000,0.0008,0.0218,0.0046,0.0000,0.0007
0.0067,0.0045,0.0084,0.0118,0.0079,0.0083,0.0205,0.0289,0.0455,0.0842,0.1170,0.0794,0.0852,0.0263,0.0360,0.0163,0.0200,0.0062,0.0058,0.0076,0.0021,0.0022,0.0003,0.0000,0.0046,0.0182,0.0001,0.0001
0.0078,0.0084,0.0380,0.3668,0.0241,0.1444,0.1817,0.3515,0.3472,0.8775,0.0942,0.4565,0.0347,0.0333,0.0116,0.0078,0.0056,0.0052,0.0132,0.0031,0.0018,0.0004,0.0000,0.0000,0.0000,0.0001,0.0000,0.0005
0.0040,0.0041,0.0109,0.0148,0.0137,0.0081,0.0100,0.0167,0.0424,0.0143,0.0641,0.0399,0.0289,0.0086,0.0176,0.0099,0.0078,0.0091,0.0065,0.0067,0.0066,0.0051,0.0013,0.0060,0.0007,0.0001,0.0005,0.0105