c1,c2,c3,c4,c5,c6,c7,c8,c9,c10,c11,c12,c13,c14,c15,c16,c17,c18,c19,c20,c21,c22,c23,c24,c25,c26,c27,c28
0.0084,0.0061,0.0003,0.0000,0.0004,0.0004,0.0031,0.0064,0.0813,0.0097,0.0818,0.0267,0.0358,0.0084,0.0027,0.0113,0.0083,0.0037,0.0062,0.0450,0.0105,0.0248,0.0226,0.0808,0.0092,0.0392,0.0276,0.0181
0.0061,0.0047,0.0570,0.0000,0.0026,0.0003,0.0015,0.0108,0.0983,0.0747,0.0211,0.0164,0.0206,0.0060,0.0024,0.0044,0.0033,0.0063,0.0098,0.0107,0.0145,0.0159,0.0332,0.0765,0.0301,0.0235,0.0256,0.0093
0.0003,0.0570,0.0180,0.0000,0.0001,0.0004,0.0005,0.0029,0.0690,0.0419,0.0138,0.0316,0.0193,0.0043,0.0033,0.0090,0.0062,0.0040,0.0100,0.0222,0.0176,0.0250,0.0548,0.0134,0.0388,0.0315,0.0463,0.0168
0.0000,0.0000,0.0000,0.0001,0.0008,0.0000,0.0001,0.0006,0.3987,0.1955,0.0909,0.5851,0.0593,0.0211,0.0186,0.0050,0.0056,0.0109,0.0385,0.0132,0.3772,0.0154,0.9870,0.0097,0.2074,0.0283,0.4235,0.0206
0.0004,0.0026,0.0001,0.0008,0.0369,0.0756,0.0000,0.0050,0.3032,0.0106,0.0220,0.0218,0.0094,0.0025,0.0023,0.0074,0.0097,0.0045,0.0115,0.0109,0.0182,0.0058,0.0515,0.0097,0.0520,0.0117,0.0176,0.0064
0.0004,0.0003,0.0004,0.0000,0.0756,0.0130,0.0647,0.1778,0.9600,0.0041,0.0024,0.0084,0.0057,0.0026,0.0009,0.0052,0.0032,0.0013,0.0003,0.0050,0.0200,0.0077,0.1133,0.0112,0.0646,0.0147,0.0590,0.0059
0.0031,0.0015,0.0005,0.0001,0.0000,0.0647,0.0060,0.0416,0.0007,0.0000,0.0027,0.0067,0.0175,0.0489,0.0051,0.0166,0.0120,0.0057,0.0391,0.0142,0.0631,0.0070,0.0605,0.0058,0.1869,0.0528,0.1627,0.0160
0.0064,0.0108,0.0029,0.0006,0.0050,0.1778,0.0416,0.0513,0.1253,0.0000,0.0007,0.0006,0.0023,0.0033,0.0054,0.0157,0.0322,0.0060,0.0123,0.0078,0.0136,0.0043,0.0311,0.0058,0.0405,0.0226,0.0563,0.0127
0.0813,0.0983,0.0690,0.3987,0.3032,0.9600,0.0007,0.1253,0.0066,0.0005,0.0001,0.0000,0.0006,0.0008,0.0008,0.0034,0.0043,0.0001,0.0022,0.0019,0.0053,0.0027,0.0171,0.0056,0.0466,0.0092,0.0262,0.0049
0.0097,0.0747,0.0419,0.1955,0.0106,0.0041,0.0000,0.0000,0.0005,0.0000,0.0148,0.0000,0.0001,0.0011,0.0027,0.0118,0.0130,0.0066,0.0273,0.0217,0.6853,0.0322,0.8899,0.0522,0.5219,0.1026,0.7307,0.0222
0.0818,0.0211,0.0138,0.0909,0.0220,0.0024,0.0027,0.0007,0.0001,0.0148,0.0522,0.0015,0.0000,0.0001,0.0008,0.0024,0.0070,0.0013,0.0110,0.0053,0.0158,0.0046,0.1262,0.0341,0.0394,0.0394,0.1275,0.0486
0.0267,0.0164,0.0316,0.5851,0.0218,0.0084,0.0067,0.0006,0.0000,0.0000,0.0015,0.0001,0.0001,0.0000,0.0000,0.0004,0.0008,0.0063,0.1570,0.0483,0.9884,0.0482,0.9882,0.0699,0.1966,0.0246,0.8388,0.0080
0.0358,0.0206,0.0193,0.0593,0.0094,0.0057,0.0175,0.0023,0.0006,0.0001,0.0000,0.0001,0.0016,0.0002,0.0000,0.0001,0.0023,0.0023,0.0181,0.0113,0.0537,0.2743,0.3063,0.6362,0.0523,0.2056,0.3511,0.0475
0.0084,0.0060,0.0043,0.0211,0.0025,0.0026,0.0489,0.0033,0.0008,0.0011,0.0001,0.0000,0.0002,0.0004,0.0000,0.0000,0.0006,0.0082,0.2887,0.0345,0.9888,0.4103,0.7543,0.0716,0.1081,0.0443,0.1197,0.0101
0.0027,0.0024,0.0033,0.0186,0.0023,0.0009,0.0051,0.0054,0.0008,0.0027,0.0008,0.0000,0.0000,0.0000,0.0002,0.0014,0.0008,0.6698,0.1331,0.0359,0.2805,0.9663,0.2251,0.5075,0.0400,0.0375,0.0192,0.0113
0.0113,0.0044,0.0090,0.0050,0.0074,0.0052,0.0166,0.0157,0.0034,0.0118,0.0024,0.0004,0.0001,0.0000,0.0014,0.0062,0.0051,0.0015,0.0342,0.0115,0.0827,0.5899,0.0147,0.1674,0.0361,0.0165,0.0047,0.0099
0.0083,0.0033,0.0062,0.0056,0.0097,0.0032,0.0120,0.0322,0.0043,0.0130,0.0070,0.0008,0.0023,0.0006,0.0008,0.0051,0.0116,0.1259,0.0005,0.0060,0.0017,0.0782,0.0072,0.0701,0.0133,0.0442,0.0096,0.0188
0.0037,0.0063,0.0040,0.0109,0.0045,0.0013,0.0057,0.0060,0.0001,0.0066,0.0013,0.0063,0.0023,0.0082,0.6698,0.0015,0.1259,0.0005,0.1232,0.0145,0.0034,0.2679,0.0011,0.0493,0.0081,0.0032,0.0056,0.0096
0.0062,0.0098,0.0100,0.0385,0.0115,0.0003,0.0391,0.0123,0.0022,0.0273,0.0110,0.1570,0.0181,0.2887,0.1331,0.0342,0.0005,0.1232,0.0000,0.0666,0.0000,0.0007,0.0007,0.0015,0.0079,0.0028,0.0128,0.0119
0.0450,0.0107,0.0222,0.0132,0.0109,0.0050,0.0142,0.0078,0.0019,0.0217,0.0053,0.0483,0.0113,0.0345,0.0359,0.0115,0.0060,0.0145,0.0666,0.0167,0.0001,0.0001,0.0002,0.0104,0.0018,0.0051,0.0045,0.0140
0.0105,0.0145,0.0176,0.3772,0.0182,0.0200,0.0631,0.0136,0.0053,0.6853,0.0158,0.9884,0.0537,0.9888,0.2805,0.0827,0.0017,0.0034,0.0000,0.0001,0.0037,0.0003,0.0000,0.0000,0.0001,0.0002,0.0010,0.0024
0.0248,0.0159,0.0250,0.0154,0.0058,0.0077,0.0070,0.0043,0.0027,0.0322,0.0046,0.0482,0.2743,0.4103,0.9663,0.5899,0.0782,0.2679,0.0007,0.0001,0.0003,0.0010,0.0000,0.0000,0.0002,0.0012,0.0002,0.0027
0.0226,0.0332,0.0548,0.9870,0.0515,0.1133,0.0605,0.0311,0.0171,0.8899,0.1262,0.9882,0.3063,0.7543,0.2251,0.0147,0.0072,0.0011,0.0007,0.0002,0.0000,0.0000,0.0001,0.0002,0.0000,0.0000,0.0000,0.0010
0.0808,0.0765,0.0134,0.0097,0.0097,0.0112,0.0058,0.0058,0.0056,0.0522,0.0341,0.0699,0.6362,0.0716,0.5075,0.1674,0.0701,0.0493,0.0015,0.0104,0.0000,0.0000,0.0002,0.0011,0.0003,0.0001,0.0000,0.0061
0.0092,0.0301,0.0388,0.2074,0.0520,0.0646,0.1869,0.0405,0.0466,0.5219,0.0394,0.1966,0.0523,0.1081,0.0400,0.0361,0.0133,0.0081,0.0079,0.0018,0.0001,0.0002,0.0000,0.0003,0.0114,0.0052,0.0000,0.0001
0.0392,0.0235,0.0315,0.0283,0.0117,0.0147,0.0528,0.0226,0.0092,0.1026,0.0394,0.0246,0.2056,0.0443,0.0375,0.0165,0.0442,0.0032,0.0028,0.0051,0.0002,0.0012,0.0000,0.0001,0.0052,0.0280,0.0000,0.0001
0.0276,0.0256,0.0463,0.4235,0.0176,0.0590,0.1627,0.0563,0.0262,0.7307,0.1275,0.8388,0.3511,0.1197,0.0192,0.0047,0.0096,0.0056,0.0128,0.0045,0.0010,0.0002,0.0000,0.0000,0.0000,0.0000,0.0001,0.0036
0.0181,0.0093,0.0168,0.0206,0.0064,0.0059,0.0160,0.0127,0.0049,0.0222,0.0486,0.0080,0.0475,0.0101,0.0113,0.0099,0.0188,0.0096,0.0119,0.0140,0.0024,0.0027,0.0010,0.0061,0.0001,0.0001,0.0036,0.0064