c1,c2,c3,c4,c5,c6,c7,c8,c9,c10,c11,c12,c13,c14,c15,c16,c17,c18,c19,c20,c21,c22,c23,c24,c25,c26,c27,c28
0.0018,0.0129,0.0003,0.0000,0.0008,0.0005,0.0055,0.0074,0.0324,0.0093,0.2064,0.0250,0.0619,0.0078,0.0028,0.0110,0.0109,0.0031,0.0020,0.0194,0.0068,0.0125,0.0173,0.0668,0.0168,0.0528,0.0559,0.0215
0.0129,0.0213,0.0947,0.0000,0.0035,0.0005,0.0015,0.0178,0.0467,0.0604,0.0170,0.0114,0.0147,0.0059,0.0028,0.0049,0.0093,0.0054,0.0066,0.0054,0.0074,0.0046,0.0266,0.0224,0.0499,0.0290,0.0122,0.0101
0.0003,0.0947,0.0559,0.0000,0.0001,0.0004,0.0005,0.0038,0.0467,0.0454,0.0149,0.0575,0.0190,0.0092,0.0046,0.0053,0.0072,0.0035,0.0062,0.0099,0.0077,0.0085,0.0466,0.0101,0.0220,0.0559,0.0437,0.0172
0.0000,0.0000,0.0000,0.0019,0.0017,0.0000,0.0001,0.0013,0.0544,0.0720,0.0497,0.5959,0.0425,0.0290,0.0092,0.0029,0.0219,0.0094,0.0409,0.0062,0.0821,0.0133,0.9891,0.0083,0.3184,0.0706,0.4959,0.0398
0.0008,0.0035,0.0001,0.0017,0.0499,0.0108,0.0000,0.0037,0.1554,0.0134,0.0156,0.0270,0.0071,0.0067,0.0057,0.0055,0.0103,0.0047,0.0118,0.0090,0.0133,0.0067,0.0397,0.0078,0.0213,0.0203,0.0167,0.0084
0.0005,0.0005,0.0004,0.0000,0.0108,0.0874,0.0227,0.0193,0.8307,0.0012,0.0033,0.0075,0.0048,0.0124,0.0016,0.0118,0.0072,0.0040,0.0257,0.0063,0.0187,0.0052,0.0650,0.0049,0.0371,0.0122,0.1068,0.0073
0.0055,0.0015,0.0005,0.0001,0.0000,0.0227,0.0055,0.0626,0.0030,0.0000,0.0026,0.0473,0.0084,0.0408,0.0027,0.0059,0.0073,0.0038,0.0239,0.0065,0.0381,0.0045,0.0692,0.0042,0.2219,0.1060,0.2608,0.0187
0.0074,0.0178,0.0038,0.0013,0.0037,0.0193,0.0626,0.0619,0.3056,0.0000,0.0007,0.0003,0.0017,0.0054,0.0055,0.0100,0.0110,0.0045,0.0169,0.0069,0.0132,0.0029,0.0345,0.0049,0.0306,0.0415,0.0709,0.0238
0.0324,0.0467,0.0467,0.0544,0.1554,0.8307,0.0030,0.3056,0.0036,0.0009,0.0003,0.0000,0.0008,0.0007,0.0011,0.0022,0.0041,0.0001,0.0025,0.0012,0.0058,0.0016,0.0260,0.0080,0.0926,0.0770,0.0354,0.0063
0.0093,0.0604,0.0454,0.0720,0.0134,0.0012,0.0000,0.0000,0.0009,0.0002,0.0076,0.0000,0.0000,0.0004,0.0017,0.0125,0.0430,0.0093,0.0445,0.0119,0.2438,0.0223,0.9701,0.0560,0.7156,0.1526,0.8931,0.0326
0.2064,0.0170,0.0149,0.0497,0.0156,0.0033,0.0026,0.0007,0.0003,0.0076,0.0162,0.0001,0.0000,0.0000,0.0007,0.0015,0.0063,0.0019,0.0096,0.0078,0.0085,0.0076,0.3384,0.3996,0.0304,0.4870,0.0868,0.1075
0.0250,0.0114,0.0575,0.5959,0.0270,0.0075,0.0473,0.0003,0.0000,0.0000,0.0001,0.0000,0.0000,0.0000,0.0000,0.0004,0.0020,0.0045,0.3121,0.0186,0.9999,0.0598,0.9992,0.0460,0.4299,0.0268,0.4802,0.0105
0.0619,0.0147,0.0190,0.0425,0.0071,0.0048,0.0084,0.0017,0.0008,0.0000,0.0000,0.0000,0.0008,0.0001,0.0000,0.0001,0.0031,0.0026,0.0299,0.0624,0.1166,0.9782,0.3791,0.9195,0.0161,0.2084,0.0777,0.0241
0.0078,0.0059,0.0092,0.0290,0.0067,0.0124,0.0408,0.0054,0.0007,0.0004,0.0000,0.0000,0.0001,0.0004,0.0000,0.0001,0.0011,0.0314,0.7585,0.0681,0.9963,0.5694,0.5649,0.0453,0.0302,0.0303,0.0219,0.0058
0.0028,0.0028,0.0046,0.0092,0.0057,0.0016,0.0027,0.0055,0.0011,0.0017,0.0007,0.0000,0.0000,0.0000,0.0001,0.0006,0.0008,0.8678,0.1542,0.2495,0.5288,0.9841,0.0749,0.5616,0.0175,0.0387,0.0061,0.0109
0.0110,0.0049,0.0053,0.0029,0.0055,0.0118,0.0059,0.0100,0.0022,0.0125,0.0015,0.0004,0.0001,0.0001,0.0006,0.0024,0.0142,0.0042,0.0266,0.2323,0.0968,0.8295,0.0239,0.0655,0.0181,0.0097,0.0022,0.0059
0.0109,0.0093,0.0072,0.0219,0.0103,0.0072,0.0073,0.0110,0.0041,0.0430,0.0063,0.0020,0.0031,0.0011,0.0008,0.0142,0.0308,0.1016,0.0003,0.0011,0.0020,0.0146,0.0079,0.0191,0.0170,0.0177,0.0074,0.0090
0.0031,0.0054,0.0035,0.0094,0.0047,0.0040,0.0038,0.0045,0.0001,0.0093,0.0019,0.0045,0.0026,0.0314,0.8678,0.0042,0.1016,0.0003,0.2451,0.0483,0.0018,0.0359,0.0010,0.0129,0.0056,0.0061,0.0047,0.0056
0.0020,0.0066,0.0062,0.0409,0.0118,0.0257,0.0239,0.0169,0.0025,0.0445,0.0096,0.3121,0.0299,0.7585,0.1542,0.0266,0.0003,0.2451,0.0000,0.1234,0.0000,0.0003,0.0015,0.0005,0.0077,0.0019,0.0073,0.0064
0.0194,0.0054,0.0099,0.0062,0.0090,0.0063,0.0065,0.0069,0.0012,0.0119,0.0078,0.0186,0.0624,0.0681,0.2495,0.2323,0.0011,0.0483,0.1234,0.0128,0.0001,0.0000,0.0001,0.0039,0.0014,0.0064,0.0039,0.0063
0.0068,0.0074,0.0077,0.0821,0.0133,0.0187,0.0381,0.0132,0.0058,0.2438,0.0085,0.9999,0.1166,0.9963,0.5288,0.0968,0.0020,0.0018,0.0000,0.0001,0.0089,0.0009,0.0000,0.0001,0.0001,0.0001,0.0007,0.0013
0.0125,0.0046,0.0085,0.0133,0.0067,0.0052,0.0045,0.0029,0.0016,0.0223,0.0076,0.0598,0.9782,0.5694,0.9841,0.8295,0.0146,0.0359,0.0003,0.0000,0.0009,0.0024,0.0000,0.0001,0.0001,0.0005,0.0002,0.0018
0.0173,0.0266,0.0466,0.9891,0.0397,0.0650,0.0692,0.0345,0.0260,0.9701,0.3384,0.9992,0.3791,0.5649,0.0749,0.0239,0.0079,0.0010,0.0015,0.0001,0.0000,0.0000,0.0001,0.0002,0.0000,0.0000,0.0000,0.0006
0.0668,0.0224,0.0101,0.0083,0.0078,0.0049,0.0042,0.0049,0.0080,0.0560,0.3996,0.0460,0.9195,0.0453,0.5616,0.0655,0.0191,0.0129,0.0005,0.0039,0.0001,0.0001,0.0002,0.0046,0.0007,0.0000,0.0001,0.0045
0.0168,0.0499,0.0220,0.3184,0.0213,0.0371,0.2219,0.0306,0.0926,0.7156,0.0304,0.4299,0.0161,0.0302,0.0175,0.0181,0.0170,0.0056,0.0077,0.0014,0.0001,0.0001,0.0000,0.0007,0.0630,0.0015,0.0000,0.0002
0.0528,0.0290,0.0559,0.0706,0.0203,0.0122,0.1060,0.0415,0.0770,0.1526,0.4870,0.0268,0.2084,0.0303,0.0387,0.0097,0.0177,0.0061,0.0019,0.0064,0.0001,0.0005,0.0000,0.0000,0.0015,0.0042,0.0000,0.0000
0.0559,0.0122,0.0437,0.4959,0.0167,0.1068,0.2608,0.0709,0.0354,0.8931,0.0868,0.4802,0.0777,0.0219,0.0061,0.0022,0.0074,0.0047,0.0073,0.0039,0.0007,0.0002,0.0000,0.0001,0.0000,0.0000,0.0001,0.0379
0.0215,0.0101,0.0172,0.0398,0.0084,0.0073,0.0187,0.0238,0.0063,0.0326,0.1075,0.0105,0.0241,0.0058,0.0109,0.0059,0.0090,0.0056,0.0064,0.0063,0.0013,0.0018,0.0006,0.0045,0.0002,0.0000,0.0379,0.0177