c1,c2,c3,c4,c5,c6,c7,c8,c9,c10,c11,c12,c13,c14,c15,c16,c17,c18,c19,c20,c21,c22,c23,c24,c25,c26,c27,c28
0.0014,0.0013,0.0004,0.0001,0.0047,0.0022,0.0116,0.0231,0.0624,0.0319,0.0214,0.0454,0.0175,0.0178,0.0037,0.0311,0.0106,0.0031,0.0117,0.0138,0.0110,0.0060,0.0191,0.0044,0.0056,0.0053,0.0088,0.0066
0.0013,0.0035,0.0313,0.0000,0.0032,0.0015,0.0028,0.0203,0.0156,0.1640,0.0061,0.0274,0.0056,0.0157,0.0014,0.0289,0.0043,0.0077,0.0128,0.0061,0.0393,0.0036,0.0894,0.0066,0.1206,0.0059,0.0095,0.0062
0.0004,0.0313,0.0289,0.0000,0.0003,0.0004,0.0012,0.0079,0.0286,0.0385,0.0072,0.0423,0.0060,0.0100,0.0039,0.0182,0.0068,0.0065,0.0080,0.0070,0.0176,0.0056,0.1015,0.0056,0.0195,0.0152,0.0293,0.0184
0.0001,0.0000,0.0000,0.0002,0.0038,0.0000,0.0007,0.0023,0.0348,0.1192,0.0696,0.1863,0.0122,0.0138,0.0031,0.0035,0.0040,0.0086,0.0082,0.0080,0.0399,0.0050,0.8224,0.0080,0.3687,0.0328,0.7489,0.0360
0.0047,0.0032,0.0003,0.0038,0.2260,0.1335,0.0001,0.0008,0.0033,0.0063,0.0040,0.0122,0.0063,0.0042,0.0034,0.0074,0.0068,0.0065,0.0049,0.0064,0.0074,0.0044,0.0494,0.0071,0.0105,0.0162,0.0654,0.0800
0.0022,0.0015,0.0004,0.0000,0.1335,0.0018,0.2440,0.0006,0.0263,0.0158,0.0015,0.0202,0.0035,0.0124,0.0019,0.0254,0.0039,0.0019,0.0002,0.0032,0.0134,0.0023,0.0968,0.0042,0.2553,0.0147,0.6114,0.0243
0.0116,0.0028,0.0012,0.0007,0.0001,0.2440,0.0103,0.0049,0.0000,0.0001,0.0004,0.0012,0.0044,0.0032,0.0036,0.0118,0.0077,0.0034,0.0063,0.0079,0.0094,0.0053,0.1021,0.0084,0.1508,0.1354,0.9750,0.1911
0.0231,0.0203,0.0079,0.0023,0.0008,0.0006,0.0049,0.0058,0.0013,0.0000,0.0000,0.0000,0.0007,0.0023,0.0033,0.0053,0.0088,0.0062,0.0046,0.0066,0.0089,0.0056,0.4447,0.0206,0.9191,0.1411,0.9954,0.0621
0.0624,0.0156,0.0286,0.0348,0.0033,0.0263,0.0000,0.0013,0.0031,0.0003,0.0001,0.0000,0.0006,0.0003,0.0013,0.0034,0.0035,0.0045,0.0050,0.0028,0.0037,0.0041,0.1175,0.0400,0.2349,0.9794,0.9498,0.0858
0.0319,0.1640,0.0385,0.1192,0.0063,0.0158,0.0001,0.0000,0.0003,0.0002,0.0009,0.0000,0.0000,0.0001,0.0003,0.0032,0.0061,0.0071,0.0207,0.0300,0.2470,0.0103,0.9446,0.0710,0.9991,0.0452,0.6949,0.0165
0.0214,0.0061,0.0072,0.0696,0.0040,0.0015,0.0004,0.0000,0.0001,0.0009,0.0031,0.0001,0.0001,0.0001,0.0005,0.0007,0.0047,0.0022,0.0072,0.0045,0.0078,0.0090,0.8659,0.9978,0.0427,0.9610,0.4474,0.0211
0.0454,0.0274,0.0423,0.1863,0.0122,0.0202,0.0012,0.0000,0.0000,0.0000,0.0001,0.0002,0.0003,0.0000,0.0001,0.0007,0.0022,0.0213,0.1489,0.0536,0.9939,0.0532,0.9996,0.2754,0.1383,0.0267,0.0513,0.0052
0.0175,0.0056,0.0060,0.0122,0.0063,0.0035,0.0044,0.0007,0.0006,0.0000,0.0001,0.0003,0.0032,0.0003,0.0001,0.0004,0.0064,0.0086,0.0464,0.0575,0.0376,0.9568,0.4929,0.9436,0.0060,0.1230,0.0095,0.0079
0.0178,0.0157,0.0100,0.0138,0.0042,0.0124,0.0032,0.0023,0.0003,0.0001,0.0001,0.0000,0.0003,0.0028,0.0001,0.0001,0.0031,0.0061,0.6849,0.0806,0.9989,0.7942,0.2860,0.0431,0.0147,0.0094,0.0035,0.0069
0.0037,0.0014,0.0039,0.0031,0.0034,0.0019,0.0036,0.0033,0.0013,0.0003,0.0005,0.0001,0.0001,0.0001,0.0023,0.0009,0.0011,0.3296,0.1114,0.1045,0.1876,0.9939,0.0272,0.6430,0.0085,0.0581,0.0064,0.0097
0.0311,0.0289,0.0182,0.0035,0.0074,0.0254,0.0118,0.0053,0.0034,0.0032,0.0007,0.0007,0.0004,0.0001,0.0009,0.0141,0.0066,0.0005,0.0649,0.0807,0.3239,0.5502,0.0074,0.0155,0.0065,0.0050,0.0019,0.0052
0.0106,0.0043,0.0068,0.0040,0.0068,0.0039,0.0077,0.0088,0.0035,0.0061,0.0047,0.0022,0.0064,0.0031,0.0011,0.0066,0.0247,0.1017,0.0016,0.0375,0.0043,0.1065,0.0036,0.0230,0.0053,0.0136,0.0026,0.0077
0.0031,0.0077,0.0065,0.0086,0.0065,0.0019,0.0034,0.0062,0.0045,0.0071,0.0022,0.0213,0.0086,0.0061,0.3296,0.0005,0.1017,0.0041,0.2196,0.0062,0.0019,0.0303,0.0011,0.0173,0.0028,0.0051,0.0032,0.0030
0.0117,0.0128,0.0080,0.0082,0.0049,0.0002,0.0063,0.0046,0.0050,0.0207,0.0072,0.1489,0.0464,0.6849,0.1114,0.0649,0.0016,0.2196,0.0007,0.1532,0.0000,0.0003,0.0003,0.0007,0.0021,0.0034,0.0107,0.0124
0.0138,0.0061,0.0070,0.0080,0.0064,0.0032,0.0079,0.0066,0.0028,0.0300,0.0045,0.0536,0.0575,0.0806,0.1045,0.0807,0.0375,0.0062,0.1532,0.0235,0.0003,0.0003,0.0000,0.0035,0.0008,0.0045,0.0012,0.0029
0.0110,0.0393,0.0176,0.0399,0.0074,0.0134,0.0094,0.0089,0.0037,0.2470,0.0078,0.9939,0.0376,0.9989,0.1876,0.3239,0.0043,0.0019,0.0000,0.0003,0.0158,0.0008,0.0000,0.0001,0.0001,0.0003,0.0003,0.0016
0.0060,0.0036,0.0056,0.0050,0.0044,0.0023,0.0053,0.0056,0.0041,0.0103,0.0090,0.0532,0.9568,0.7942,0.9939,0.5502,0.1065,0.0303,0.0003,0.0003,0.0008,0.0061,0.0000,0.0001,0.0001,0.0012,0.0001,0.0019
0.0191,0.0894,0.1015,0.8224,0.0494,0.0968,0.1021,0.4447,0.1175,0.9446,0.8659,0.9996,0.4929,0.2860,0.0272,0.0074,0.0036,0.0011,0.0003,0.0000,0.0000,0.0000,0.0001,0.0000,0.0000,0.0000,0.0000,0.0005
0.0044,0.0066,0.0056,0.0080,0.0071,0.0042,0.0084,0.0206,0.0400,0.0710,0.9978,0.2754,0.9436,0.0431,0.6430,0.0155,0.0230,0.0173,0.0007,0.0035,0.0001,0.0001,0.0000,0.0039,0.0002,0.0000,0.0000,0.0012
0.0056,0.1206,0.0195,0.3687,0.0105,0.2553,0.1508,0.9191,0.2349,0.9991,0.0427,0.1383,0.0060,0.0147,0.0085,0.0065,0.0053,0.0028,0.0021,0.0008,0.0001,0.0001,0.0000,0.0002,0.0609,0.0004,0.0000,0.0002
0.0053,0.0059,0.0152,0.0328,0.0162,0.0147,0.1354,0.1411,0.9794,0.0452,0.9610,0.0267,0.1230,0.0094,0.0581,0.0050,0.0136,0.0051,0.0034,0.0045,0.0003,0.0012,0.0000,0.0000,0.0004,0.0025,0.0000,0.0001
0.0088,0.0095,0.0293,0.7489,0.0654,0.6114,0.9750,0.9954,0.9498,0.6949,0.4474,0.0513,0.0095,0.0035,0.0064,0.0019,0.0026,0.0032,0.0107,0.0012,0.0003,0.0001,0.0000,0.0000,0.0000,0.0000,0.0000,0.0039
0.0066,0.0062,0.0184,0.0360,0.0800,0.0243,0.1911,0.0621,0.0858,0.0165,0.0211,0.0052,0.0079,0.0069,0.0097,0.0052,0.0077,0.0030,0.0124,0.0029,0.0016,0.0019,0.0005,0.0012,0.0002,0.0001,0.0039,0.0221