c1,c2,c3,c4,c5,c6,c7,c8,c9,c10,c11,c12,c13,c14,c15,c16,c17,c18,c19,c20,c21,c22,c23,c24,c25,c26,c27,c28
0.0016,0.0240,0.0001,0.0000,0.0002,0.0006,0.0033,0.0147,0.1545,0.0026,0.0417,0.1229,0.0952,0.0178,0.0073,0.0065,0.0103,0.0031,0.0045,0.0152,0.0110,0.0056,0.0101,0.0480,0.0162,0.3581,0.0308,0.0832
0.0240,0.0302,0.1963,0.0000,0.0017,0.0007,0.0017,0.0080,0.0863,0.0438,0.0144,0.0642,0.0484,0.0040,0.0056,0.0010,0.0025,0.0056,0.0047,0.0123,0.0035,0.0015,0.0065,0.0269,0.0443,0.0671,0.0455,0.0167
0.0001,0.1963,0.0377,0.0000,0.0001,0.0004,0.0003,0.0091,0.0420,0.0184,0.0103,0.0441,0.0256,0.0075,0.0072,0.0044,0.0060,0.0042,0.0052,0.0090,0.0087,0.0058,0.0159,0.0613,0.0577,0.3395,0.0340,0.0206
0.0000,0.0000,0.0000,0.0000,0.0011,0.0000,0.0001,0.0007,0.1560,0.0786,0.0791,0.5785,0.0588,0.0268,0.0328,0.0048,0.0116,0.0358,0.0331,0.0326,0.0698,0.0719,0.0085,0.0124,0.7682,0.0572,0.9990,0.0272
0.0002,0.0017,0.0001,0.0011,0.0137,0.1851,0.0002,0.0528,0.1177,0.0080,0.0172,0.0323,0.0033,0.0046,0.0022,0.0027,0.0074,0.0019,0.0031,0.0104,0.0098,0.0137,0.0601,0.0401,0.1513,0.0081,0.0274,0.0027
0.0006,0.0007,0.0004,0.0000,0.1851,0.0938,0.1082,0.4316,0.7270,0.0005,0.0016,0.0091,0.0030,0.0090,0.0029,0.0041,0.0035,0.0029,0.0001,0.0042,0.0037,0.0039,0.0170,0.0239,0.1208,0.0149,0.0676,0.0052
0.0033,0.0017,0.0003,0.0001,0.0002,0.1082,0.0091,0.0986,0.0005,0.0000,0.0029,0.0211,0.0207,0.0326,0.0106,0.0093,0.0171,0.0069,0.0136,0.0181,0.0134,0.0039,0.0086,0.0158,0.1984,0.0484,0.2031,0.0106
0.0147,0.0080,0.0091,0.0007,0.0528,0.4316,0.0986,0.2154,0.1968,0.0000,0.0011,0.0009,0.0018,0.0066,0.0046,0.0039,0.0110,0.0040,0.0074,0.0097,0.0050,0.0014,0.0063,0.0037,0.0184,0.0133,0.0452,0.0068
0.1545,0.0863,0.0420,0.1560,0.1177,0.7270,0.0005,0.1968,0.1226,0.0008,0.0002,0.0001,0.0008,0.0015,0.0012,0.0022,0.0031,0.0001,0.0017,0.0018,0.0040,0.0031,0.0046,0.0039,0.0653,0.0105,0.0566,0.0034
0.0026,0.0438,0.0184,0.0786,0.0080,0.0005,0.0000,0.0000,0.0008,0.0000,0.0095,0.0000,0.0001,0.0032,0.0129,0.0347,0.0386,0.0245,0.0900,0.0960,0.1432,0.1289,0.0240,0.0588,0.7514,0.2265,0.9963,0.0370
0.0417,0.0144,0.0103,0.0791,0.0172,0.0016,0.0029,0.0011,0.0002,0.0095,0.2246,0.0014,0.0000,0.0003,0.0011,0.0038,0.0103,0.0021,0.0084,0.0063,0.0094,0.0192,0.0170,0.0106,0.1008,0.0211,0.1529,0.0364
0.1229,0.0642,0.0441,0.5785,0.0323,0.0091,0.0211,0.0009,0.0001,0.0000,0.0014,0.0001,0.0002,0.0000,0.0000,0.0007,0.0009,0.0054,0.1837,0.0754,0.0546,0.2128,0.0774,0.3137,0.7570,0.0624,0.6746,0.0210
0.0952,0.0484,0.0256,0.0588,0.0033,0.0030,0.0207,0.0018,0.0008,0.0001,0.0000,0.0002,0.0309,0.0032,0.0000,0.0002,0.0022,0.0013,0.0223,0.0103,0.0159,0.2692,0.0811,0.4032,0.0731,0.1234,0.0598,0.0243
0.0178,0.0040,0.0075,0.0268,0.0046,0.0090,0.0326,0.0066,0.0015,0.0032,0.0003,0.0000,0.0032,0.0018,0.0004,0.0000,0.0003,0.0033,0.0381,0.0303,0.0320,0.8164,0.2285,0.1741,0.3842,0.0166,0.0495,0.0093
0.0073,0.0056,0.0072,0.0328,0.0022,0.0029,0.0106,0.0046,0.0012,0.0129,0.0011,0.0000,0.0000,0.0004,0.0012,0.0025,0.0000,0.0059,0.0390,0.0103,0.0658,0.9963,0.3090,0.4624,0.0501,0.0205,0.0156,0.0134
0.0065,0.0010,0.0044,0.0048,0.0027,0.0041,0.0093,0.0039,0.0022,0.0347,0.0038,0.0007,0.0002,0.0000,0.0025,0.0010,0.0005,0.0002,0.0056,0.0184,0.1132,0.9882,0.5394,0.5529,0.0216,0.0379,0.0084,0.0160
0.0103,0.0025,0.0060,0.0116,0.0074,0.0035,0.0171,0.0110,0.0031,0.0386,0.0103,0.0009,0.0022,0.0003,0.0000,0.0005,0.0128,0.0695,0.0009,0.0035,0.0088,0.5657,0.2718,0.0856,0.0169,0.0204,0.0041,0.0262
0.0031,0.0056,0.0042,0.0358,0.0019,0.0029,0.0069,0.0040,0.0001,0.0245,0.0021,0.0054,0.0013,0.0033,0.0059,0.0002,0.0695,0.0003,0.1390,0.0004,0.0170,0.1579,0.0517,0.0332,0.0435,0.0312,0.0214,0.0495
0.0045,0.0047,0.0052,0.0331,0.0031,0.0001,0.0136,0.0074,0.0017,0.0900,0.0084,0.1837,0.0223,0.0381,0.0390,0.0056,0.0009,0.1390,0.0000,0.0153,0.0002,0.0029,0.0286,0.0067,0.0445,0.0238,0.0193,0.1196
0.0152,0.0123,0.0090,0.0326,0.0104,0.0042,0.0181,0.0097,0.0018,0.0960,0.0063,0.0754,0.0103,0.0303,0.0103,0.0184,0.0035,0.0004,0.0153,0.0277,0.0023,0.0000,0.0016,0.0025,0.0030,0.0045,0.0136,0.0125
0.0110,0.0035,0.0087,0.0698,0.0098,0.0037,0.0134,0.0050,0.0040,0.1432,0.0094,0.0546,0.0159,0.0320,0.0658,0.1132,0.0088,0.0170,0.0002,0.0023,0.0141,0.0003,0.0001,0.0022,0.0009,0.0023,0.0012,0.0544
0.0056,0.0015,0.0058,0.0719,0.0137,0.0039,0.0039,0.0014,0.0031,0.1289,0.0192,0.2128,0.2692,0.8164,0.9963,0.9882,0.5657,0.1579,0.0029,0.0000,0.0003,0.0002,0.0002,0.0000,0.0000,0.0001,0.0000,0.0011
0.0101,0.0065,0.0159,0.0085,0.0601,0.0170,0.0086,0.0063,0.0046,0.0240,0.0170,0.0774,0.0811,0.2285,0.3090,0.5394,0.2718,0.0517,0.0286,0.0016,0.0001,0.0002,0.0261,0.0014,0.0000,0.0001,0.0000,0.0014
0.0480,0.0269,0.0613,0.0124,0.0401,0.0239,0.0158,0.0037,0.0039,0.0588,0.0106,0.3137,0.4032,0.1741,0.4624,0.5529,0.0856,0.0332,0.0067,0.0025,0.0022,0.0000,0.0014,0.0023,0.0000,0.0000,0.0000,0.0011
0.0162,0.0443,0.0577,0.7682,0.1513,0.1208,0.1984,0.0184,0.0653,0.7514,0.1008,0.7570,0.0731,0.3842,0.0501,0.0216,0.0169,0.0435,0.0445,0.0030,0.0009,0.0000,0.0000,0.0000,0.0012,0.0002,0.0000,0.0000
0.3581,0.0671,0.3395,0.0572,0.0081,0.0149,0.0484,0.0133,0.0105,0.2265,0.0211,0.0624,0.1234,0.0166,0.0205,0.0379,0.0204,0.0312,0.0238,0.0045,0.0023,0.0001,0.0001,0.0000,0.0002,0.0022,0.0000,0.0000
0.0308,0.0455,0.0340,0.9990,0.0274,0.0676,0.2031,0.0452,0.0566,0.9963,0.1529,0.6746,0.0598,0.0495,0.0156,0.0084,0.0041,0.0214,0.0193,0.0136,0.0012,0.0000,0.0000,0.0000,0.0000,0.0000,0.0000,0.0008
0.0832,0.0167,0.0206,0.0272,0.0027,0.0052,0.0106,0.0068,0.0034,0.0370,0.0364,0.0210,0.0243,0.0093,0.0134,0.0160,0.0262,0.0495,0.1196,0.0125,0.0544,0.0011,0.0014,0.0011,0.0000,0.0000,0.0008,0.0027