c1,c2,c3,c4,c5,c6,c7,c8,c9,c10,c11,c12,c13,c14,c15,c16,c17,c18,c19,c20,c21,c22,c23,c24,c25,c26,c27,c28
0.0429,0.0106,0.0011,0.0000,0.0017,0.0021,0.0057,0.0098,0.0667,0.0099,0.0527,0.0335,0.0299,0.0042,0.0021,0.0095,0.0115,0.0029,0.0023,0.0168,0.0041,0.0070,0.0088,0.0259,0.0060,0.0394,0.0126,0.0243
0.0106,0.0083,0.1233,0.0000,0.0021,0.0005,0.0012,0.0132,0.1307,0.0343,0.0145,0.0175,0.0315,0.0042,0.0036,0.0041,0.0043,0.0063,0.0064,0.0111,0.0118,0.0057,0.0240,0.0323,0.0207,0.0272,0.0266,0.0111
0.0011,0.1233,0.0352,0.0000,0.0001,0.0002,0.0003,0.0022,0.0625,0.0373,0.0110,0.0287,0.0175,0.0041,0.0043,0.0075,0.0081,0.0043,0.0060,0.0127,0.0116,0.0090,0.0297,0.0137,0.0311,0.0532,0.0433,0.0230
0.0000,0.0000,0.0000,0.0002,0.0020,0.0000,0.0001,0.0010,0.2748,0.0987,0.0486,0.1947,0.0274,0.0174,0.0141,0.0049,0.0044,0.0256,0.0542,0.0185,0.3141,0.0311,0.7507,0.0153,0.4441,0.0359,0.7008,0.0289
0.0017,0.0021,0.0001,0.0020,0.0422,0.0204,0.0000,0.0038,0.1420,0.0083,0.0282,0.0159,0.0092,0.0027,0.0034,0.0107,0.0149,0.0056,0.0125,0.0100,0.0082,0.0098,0.0352,0.0092,0.0652,0.0128,0.0205,0.0050
0.0021,0.0005,0.0002,0.0000,0.0204,0.1058,0.0265,0.0204,0.7898,0.0006,0.0024,0.0040,0.0048,0.0077,0.0018,0.0106,0.0057,0.0040,0.0165,0.0125,0.0146,0.0109,0.0431,0.0084,0.0457,0.0116,0.0577,0.0077
0.0057,0.0012,0.0003,0.0001,0.0000,0.0265,0.0062,0.0415,0.0013,0.0000,0.0030,0.0069,0.0088,0.0817,0.0044,0.0182,0.0168,0.0061,0.0306,0.0159,0.0321,0.0053,0.0538,0.0152,0.1947,0.0555,0.3001,0.0141
0.0098,0.0132,0.0022,0.0010,0.0038,0.0204,0.0415,0.0314,0.1154,0.0000,0.0007,0.0008,0.0025,0.0043,0.0066,0.0159,0.0520,0.0055,0.0137,0.0097,0.0132,0.0043,0.0234,0.0071,0.0259,0.0177,0.0721,0.0106
0.0667,0.1307,0.0625,0.2748,0.1420,0.7898,0.0013,0.1154,0.0031,0.0019,0.0001,0.0001,0.0009,0.0012,0.0013,0.0047,0.0044,0.0001,0.0036,0.0022,0.0044,0.0014,0.0089,0.0068,0.0262,0.0112,0.0301,0.0082
0.0099,0.0343,0.0373,0.0987,0.0083,0.0006,0.0000,0.0000,0.0019,0.0001,0.0208,0.0000,0.0001,0.0007,0.0028,0.0183,0.0107,0.0092,0.0493,0.0389,0.5886,0.0389,0.5049,0.0400,0.4596,0.0868,0.8635,0.0376
0.0527,0.0145,0.0110,0.0486,0.0282,0.0024,0.0030,0.0007,0.0001,0.0208,0.0389,0.0014,0.0001,0.0001,0.0008,0.0039,0.0064,0.0017,0.0058,0.0067,0.0189,0.0092,0.0935,0.0271,0.0523,0.0217,0.1038,0.0676
0.0335,0.0175,0.0287,0.1947,0.0159,0.0040,0.0069,0.0008,0.0001,0.0000,0.0014,0.0001,0.0001,0.0000,0.0000,0.0007,0.0012,0.0192,0.2467,0.0454,0.9618,0.1612,0.9879,0.0734,0.2124,0.0127,0.5198,0.0088
0.0299,0.0315,0.0175,0.0274,0.0092,0.0048,0.0088,0.0025,0.0009,0.0001,0.0001,0.0001,0.0016,0.0002,0.0000,0.0003,0.0036,0.0043,0.0165,0.0250,0.0427,0.5734,0.1770,0.6283,0.0219,0.0965,0.0651,0.0561
0.0042,0.0042,0.0041,0.0174,0.0027,0.0077,0.0817,0.0043,0.0012,0.0007,0.0001,0.0000,0.0002,0.0008,0.0003,0.0000,0.0010,0.0186,0.7156,0.0465,0.8713,0.1127,0.3745,0.0317,0.1376,0.0276,0.0601,0.0093
0.0021,0.0036,0.0043,0.0141,0.0034,0.0018,0.0044,0.0066,0.0013,0.0028,0.0008,0.0000,0.0000,0.0003,0.0005,0.0133,0.0001,0.3081,0.0097,0.0218,0.1333,0.8818,0.2082,0.2630,0.1079,0.0595,0.0409,0.0189
0.0095,0.0041,0.0075,0.0049,0.0107,0.0106,0.0182,0.0159,0.0047,0.0183,0.0039,0.0007,0.0003,0.0000,0.0133,0.0126,0.0115,0.0002,0.0064,0.0052,0.0162,0.1659,0.0109,0.1074,0.0365,0.0328,0.0080,0.0108
0.0115,0.0043,0.0081,0.0044,0.0149,0.0057,0.0168,0.0520,0.0044,0.0107,0.0064,0.0012,0.0036,0.0010,0.0001,0.0115,0.0125,0.0590,0.0010,0.0024,0.0011,0.0286,0.0102,0.0361,0.0185,0.0510,0.0076,0.0332
0.0029,0.0063,0.0043,0.0256,0.0056,0.0040,0.0061,0.0055,0.0001,0.0092,0.0017,0.0192,0.0043,0.0186,0.3081,0.0002,0.0590,0.0001,0.0881,0.0034,0.0008,0.1084,0.0047,0.0264,0.0148,0.0084,0.0144,0.0402
0.0023,0.0064,0.0060,0.0542,0.0125,0.0165,0.0306,0.0137,0.0036,0.0493,0.0058,0.2467,0.0165,0.7156,0.0097,0.0064,0.0010,0.0881,0.0000,0.0298,0.0000,0.0003,0.0013,0.0008,0.0217,0.0024,0.0462,0.0230
0.0168,0.0111,0.0127,0.0185,0.0100,0.0125,0.0159,0.0097,0.0022,0.0389,0.0067,0.0454,0.0250,0.0465,0.0218,0.0052,0.0024,0.0034,0.0298,0.0153,0.0002,0.0000,0.0004,0.0058,0.0021,0.0067,0.0055,0.0480
0.0041,0.0118,0.0116,0.3141,0.0082,0.0146,0.0321,0.0132,0.0044,0.5886,0.0189,0.9618,0.0427,0.8713,0.1333,0.0162,0.0011,0.0008,0.0000,0.0002,0.0050,0.0014,0.0000,0.0004,0.0002,0.0009,0.0043,0.0061
0.0070,0.0057,0.0090,0.0311,0.0098,0.0109,0.0053,0.0043,0.0014,0.0389,0.0092,0.1612,0.5734,0.1127,0.8818,0.1659,0.0286,0.1084,0.0003,0.0000,0.0014,0.0014,0.0002,0.0003,0.0006,0.0009,0.0002,0.0030
0.0088,0.0240,0.0297,0.7507,0.0352,0.0431,0.0538,0.0234,0.0089,0.5049,0.0935,0.9879,0.1770,0.3745,0.2082,0.0109,0.0102,0.0047,0.0013,0.0004,0.0000,0.0002,0.0007,0.0012,0.0000,0.0001,0.0000,0.0004
0.0259,0.0323,0.0137,0.0153,0.0092,0.0084,0.0152,0.0071,0.0068,0.0400,0.0271,0.0734,0.6283,0.0317,0.2630,0.1074,0.0361,0.0264,0.0008,0.0058,0.0004,0.0003,0.0012,0.0044,0.0002,0.0000,0.0000,0.0026
0.0060,0.0207,0.0311,0.4441,0.0652,0.0457,0.1947,0.0259,0.0262,0.4596,0.0523,0.2124,0.0219,0.1376,0.1079,0.0365,0.0185,0.0148,0.0217,0.0021,0.0002,0.0006,0.0000,0.0002,0.0080,0.0021,0.0000,0.0000
0.0394,0.0272,0.0532,0.0359,0.0128,0.0116,0.0555,0.0177,0.0112,0.0868,0.0217,0.0127,0.0965,0.0276,0.0595,0.0328,0.0510,0.0084,0.0024,0.0067,0.0009,0.0009,0.0001,0.0000,0.0021,0.0134,0.0000,0.0002
0.0126,0.0266,0.0433,0.7008,0.0205,0.0577,0.3001,0.0721,0.0301,0.8635,0.1038,0.5198,0.0651,0.0601,0.0409,0.0080,0.0076,0.0144,0.0462,0.0055,0.0043,0.0002,0.0000,0.0000,0.0000,0.0000,0.0001,0.0003
0.0243,0.0111,0.0230,0.0289,0.0050,0.0077,0.0141,0.0106,0.0082,0.0376,0.0676,0.0088,0.0561,0.0093,0.0189,0.0108,0.0332,0.0402,0.0230,0.0480,0.0061,0.0030,0.0004,0.0026,0.0000,0.0002,0.0003,0.0016