c1,c2,c3,c4,c5,c6,c7,c8,c9,c10,c11,c12,c13,c14,c15,c16,c17,c18,c19,c20,c21,c22,c23,c24,c25,c26,c27,c28
0.0014,0.0006,0.0002,0.0000,0.0018,0.0012,0.0112,0.0099,0.0199,0.0580,0.0217,0.0407,0.0228,0.0195,0.0104,0.0102,0.0113,0.0073,0.0120,0.0120,0.0153,0.0095,0.0135,0.0160,0.0263,0.0261,0.0129,0.0132
0.0006,0.0042,0.0152,0.0000,0.0013,0.0009,0.0037,0.0124,0.0364,0.1656,0.0083,0.0465,0.0091,0.0231,0.0057,0.0056,0.0118,0.0091,0.0087,0.0078,0.0074,0.0064,0.0188,0.0077,0.3204,0.0109,0.0321,0.0079
0.0002,0.0152,0.0371,0.0000,0.0002,0.0010,0.0016,0.0058,0.0397,0.1388,0.0097,0.0477,0.0072,0.0071,0.0083,0.0043,0.0068,0.0046,0.0077,0.0073,0.0104,0.0061,0.0139,0.0159,0.0901,0.0156,0.0376,0.0101
0.0000,0.0000,0.0000,0.0001,0.0035,0.0001,0.0012,0.0026,0.1966,0.4616,0.0990,0.2144,0.0175,0.0102,0.0082,0.0019,0.0120,0.0066,0.0089,0.0069,0.0129,0.0059,0.0167,0.0071,0.7423,0.0217,0.9849,0.0254
0.0018,0.0013,0.0002,0.0035,0.1540,0.0473,0.0003,0.0051,0.0358,0.0202,0.0161,0.0122,0.0085,0.0041,0.0070,0.0041,0.0065,0.0073,0.0046,0.0068,0.0097,0.0075,0.0134,0.0076,0.0178,0.0069,0.0210,0.0113
0.0012,0.0009,0.0010,0.0001,0.0473,0.0835,0.0492,0.0071,0.3180,0.0230,0.0018,0.0262,0.0036,0.0083,0.0034,0.0064,0.0010,0.0009,0.0003,0.0035,0.0056,0.0035,0.0194,0.0052,0.2079,0.0105,0.1680,0.0124
0.0112,0.0037,0.0016,0.0012,0.0003,0.0492,0.0090,0.0552,0.0006,0.0001,0.0034,0.0037,0.0054,0.0040,0.0078,0.0037,0.0064,0.0040,0.0109,0.0047,0.0091,0.0038,0.0187,0.0048,0.1828,0.0174,0.7889,0.0734
0.0099,0.0124,0.0058,0.0026,0.0051,0.0071,0.0552,0.0270,0.0589,0.0000,0.0003,0.0002,0.0008,0.0021,0.0029,0.0027,0.0060,0.0032,0.0090,0.0064,0.0142,0.0052,0.0210,0.0066,0.3764,0.0524,0.8570,0.1632
0.0199,0.0364,0.0397,0.1966,0.0358,0.3180,0.0006,0.0589,0.0126,0.0009,0.0001,0.0001,0.0006,0.0003,0.0019,0.0010,0.0022,0.0001,0.0034,0.0014,0.0053,0.0044,0.0094,0.0046,0.1149,0.0346,0.5094,0.5805
0.0580,0.1656,0.1388,0.4616,0.0202,0.0230,0.0001,0.0000,0.0009,0.0003,0.0026,0.0000,0.0000,0.0000,0.0002,0.0007,0.0047,0.0020,0.0143,0.0066,0.0171,0.0096,0.0326,0.0176,0.9991,0.2013,1.0000,0.1719
0.0217,0.0083,0.0097,0.0990,0.0161,0.0018,0.0034,0.0003,0.0001,0.0026,0.0123,0.0001,0.0001,0.0001,0.0018,0.0007,0.0036,0.0011,0.0169,0.0046,0.0087,0.0050,0.0407,0.1030,0.0926,0.9830,0.3802,0.1283
0.0407,0.0465,0.0477,0.2144,0.0122,0.0262,0.0037,0.0002,0.0001,0.0000,0.0001,0.0000,0.0001,0.0000,0.0000,0.0005,0.0019,0.0026,0.0355,0.0210,0.4999,0.1719,0.9720,0.8152,0.9978,0.1470,0.6218,0.0198
0.0228,0.0091,0.0072,0.0175,0.0085,0.0036,0.0054,0.0008,0.0006,0.0000,0.0001,0.0001,0.0010,0.0001,0.0000,0.0001,0.0036,0.0050,0.0977,0.0407,0.1956,0.3661,0.5061,0.9997,0.0203,0.3507,0.0051,0.0102
0.0195,0.0231,0.0071,0.0102,0.0041,0.0083,0.0040,0.0021,0.0003,0.0000,0.0001,0.0000,0.0001,0.0004,0.0000,0.0000,0.0019,0.0064,0.0676,0.0686,0.7883,0.9550,0.9966,0.8024,0.3994,0.0192,0.0084,0.0040
0.0104,0.0057,0.0083,0.0082,0.0070,0.0034,0.0078,0.0029,0.0019,0.0002,0.0018,0.0000,0.0000,0.0000,0.0017,0.0021,0.0002,0.0437,0.2088,0.1222,0.7739,0.8453,0.0892,0.8802,0.0054,0.0284,0.0024,0.0099
0.0102,0.0056,0.0043,0.0019,0.0041,0.0064,0.0037,0.0027,0.0010,0.0007,0.0007,0.0005,0.0001,0.0000,0.0021,0.0022,0.0256,0.0142,0.0131,0.6709,0.2231,0.9787,0.1227,0.3155,0.0040,0.0095,0.0015,0.0043
0.0113,0.0118,0.0068,0.0120,0.0065,0.0010,0.0064,0.0060,0.0022,0.0047,0.0036,0.0019,0.0036,0.0019,0.0002,0.0256,0.0062,0.5737,0.0001,0.0219,0.0166,0.1937,0.0571,0.0534,0.0047,0.0103,0.0031,0.0047
0.0073,0.0091,0.0046,0.0066,0.0073,0.0009,0.0040,0.0032,0.0001,0.0020,0.0011,0.0026,0.0050,0.0064,0.0437,0.0142,0.5737,0.0011,0.3714,0.0258,0.0477,0.0376,0.0075,0.0098,0.0025,0.0043,0.0018,0.0047
0.0120,0.0087,0.0077,0.0089,0.0046,0.0003,0.0109,0.0090,0.0034,0.0143,0.0169,0.0355,0.0977,0.0676,0.2088,0.0131,0.0001,0.3714,0.0001,0.0444,0.0001,0.0025,0.0168,0.0023,0.0059,0.0049,0.0031,0.0098
0.0120,0.0078,0.0073,0.0069,0.0068,0.0035,0.0047,0.0064,0.0014,0.0066,0.0046,0.0210,0.0407,0.0686,0.1222,0.6709,0.0219,0.0258,0.0444,0.0215,0.0011,0.0001,0.0010,0.0015,0.0008,0.0027,0.0010,0.0029
0.0153,0.0074,0.0104,0.0129,0.0097,0.0056,0.0091,0.0142,0.0053,0.0171,0.0087,0.4999,0.1956,0.7883,0.7739,0.2231,0.0166,0.0477,0.0001,0.0011,0.0111,0.0010,0.0000,0.0002,0.0000,0.0005,0.0003,0.0015
0.0095,0.0064,0.0061,0.0059,0.0075,0.0035,0.0038,0.0052,0.0044,0.0096,0.0050,0.1719,0.3661,0.9550,0.8453,0.9787,0.1937,0.0376,0.0025,0.0001,0.0010,0.0081,0.0001,0.0000,0.0000,0.0007,0.0000,0.0021
0.0135,0.0188,0.0139,0.0167,0.0134,0.0194,0.0187,0.0210,0.0094,0.0326,0.0407,0.9720,0.5061,0.9966,0.0892,0.1227,0.0571,0.0075,0.0168,0.0010,0.0000,0.0001,0.0038,0.0002,0.0000,0.0000,0.0000,0.0007
0.0160,0.0077,0.0159,0.0071,0.0076,0.0052,0.0048,0.0066,0.0046,0.0176,0.1030,0.8152,0.9997,0.8024,0.8802,0.3155,0.0534,0.0098,0.0023,0.0015,0.0002,0.0000,0.0002,0.0017,0.0000,0.0000,0.0000,0.0006
0.0263,0.3204,0.0901,0.7423,0.0178,0.2079,0.1828,0.3764,0.1149,0.9991,0.0926,0.9978,0.0203,0.3994,0.0054,0.0040,0.0047,0.0025,0.0059,0.0008,0.0000,0.0000,0.0000,0.0000,0.0004,0.0003,0.0000,0.0001
0.0261,0.0109,0.0156,0.0217,0.0069,0.0105,0.0174,0.0524,0.0346,0.2013,0.9830,0.1470,0.3507,0.0192,0.0284,0.0095,0.0103,0.0043,0.0049,0.0027,0.0005,0.0007,0.0000,0.0000,0.0003,0.0135,0.0000,0.0001
0.0129,0.0321,0.0376,0.9849,0.0210,0.1680,0.7889,0.8570,0.5094,1.0000,0.3802,0.6218,0.0051,0.0084,0.0024,0.0015,0.0031,0.0018,0.0031,0.0010,0.0003,0.0000,0.0000,0.0000,0.0000,0.0000,0.0001,0.0012
0.0132,0.0079,0.0101,0.0254,0.0113,0.0124,0.0734,0.1632,0.5805,0.1719,0.1283,0.0198,0.0102,0.0040,0.0099,0.0043,0.0047,0.0047,0.0098,0.0029,0.0015,0.0021,0.0007,0.0006,0.0001,0.0001,0.0012,0.0018