c1,c2,c3,c4,c5,c6,c7,c8,c9,c10,c11,c12,c13,c14,c15,c16,c17,c18,c19,c20,c21,c22,c23,c24,c25,c26,c27,c28
0.0363,0.0047,0.0004,0.0000,0.0007,0.0016,0.0051,0.0060,0.0466,0.0032,0.0203,0.0352,0.0436,0.0152,0.0074,0.0059,0.0055,0.0064,0.0054,0.0094,0.0092,0.0143,0.0455,0.0579,0.0050,0.0481,0.0083,0.0213
0.0047,0.0092,0.1060,0.0000,0.0011,0.0004,0.0006,0.0076,0.0880,0.0215,0.0096,0.0541,0.0483,0.0117,0.0090,0.0053,0.0035,0.0159,0.0040,0.0137,0.0164,0.0121,0.0553,0.0298,0.0073,0.0257,0.0288,0.0117
0.0004,0.1060,0.0228,0.0000,0.0000,0.0002,0.0002,0.0012,0.0267,0.0244,0.0065,0.0314,0.0256,0.0106,0.0116,0.0077,0.0061,0.0065,0.0054,0.0079,0.0237,0.0300,0.1644,0.0402,0.0177,0.0773,0.0310,0.0245
0.0000,0.0000,0.0000,0.0002,0.0009,0.0000,0.0000,0.0008,0.0759,0.1857,0.0367,0.1518,0.0405,0.0370,0.0710,0.0474,0.0161,0.3607,0.0165,0.0529,0.0931,0.0459,0.2276,0.0138,0.2186,0.0201,0.6683,0.0190
0.0007,0.0011,0.0000,0.0009,0.0177,0.0236,0.0000,0.0035,0.1025,0.0068,0.0290,0.0287,0.0151,0.0098,0.0126,0.0090,0.0053,0.0076,0.0070,0.0078,0.0181,0.0178,0.2949,0.0160,0.0423,0.0101,0.0192,0.0038
0.0016,0.0004,0.0002,0.0000,0.0236,0.1010,0.0224,0.0227,0.5824,0.0001,0.0023,0.0049,0.0075,0.0162,0.0052,0.0085,0.0047,0.0110,0.0130,0.0129,0.0256,0.0145,0.1344,0.0093,0.0172,0.0068,0.0507,0.0056
0.0051,0.0006,0.0002,0.0000,0.0000,0.0224,0.0017,0.0306,0.0006,0.0000,0.0038,0.0063,0.0127,0.0432,0.0791,0.1140,0.1746,0.0940,0.0540,0.0256,0.0731,0.0129,0.0440,0.0088,0.0245,0.0290,0.0422,0.0045
0.0060,0.0076,0.0012,0.0008,0.0035,0.0227,0.0306,0.0462,0.0620,0.0000,0.0018,0.0026,0.0053,0.0163,0.0182,0.0194,0.0149,0.0115,0.0179,0.0088,0.0192,0.0054,0.0448,0.0059,0.0057,0.0061,0.0334,0.0039
0.0466,0.0880,0.0267,0.0759,0.1025,0.5824,0.0006,0.0620,0.0026,0.0011,0.0001,0.0001,0.0018,0.0051,0.0065,0.0159,0.0068,0.0026,0.0087,0.0019,0.0129,0.0012,0.0088,0.0059,0.0044,0.0042,0.0183,0.0039
0.0032,0.0215,0.0244,0.1857,0.0068,0.0001,0.0000,0.0000,0.0011,0.0000,0.0099,0.0000,0.0002,0.0168,0.0743,0.2332,0.1629,0.4707,0.1231,0.0903,0.2324,0.0566,0.0416,0.0131,0.0857,0.0331,0.4374,0.0119
0.0203,0.0096,0.0065,0.0367,0.0290,0.0023,0.0038,0.0018,0.0001,0.0099,0.0854,0.0102,0.0001,0.0032,0.0124,0.0186,0.0196,0.0127,0.0158,0.0049,0.0125,0.0020,0.0143,0.0049,0.0052,0.0042,0.0435,0.0115
0.0352,0.0541,0.0314,0.1518,0.0287,0.0049,0.0063,0.0026,0.0001,0.0000,0.0102,0.0004,0.0056,0.0000,0.0016,0.0376,0.0087,0.1238,0.0417,0.0286,0.0738,0.0197,0.0575,0.0072,0.0243,0.0067,0.2636,0.0075
0.0436,0.0483,0.0256,0.0405,0.0151,0.0075,0.0127,0.0053,0.0018,0.0002,0.0001,0.0056,0.0070,0.0369,0.0006,0.0010,0.0048,0.0024,0.0089,0.0032,0.0156,0.0039,0.0315,0.0162,0.0105,0.0091,0.0463,0.0165
0.0152,0.0117,0.0106,0.0370,0.0098,0.0162,0.0432,0.0163,0.0051,0.0168,0.0032,0.0000,0.0369,0.0082,0.0076,0.0000,0.0006,0.0018,0.0018,0.0040,0.0090,0.0030,0.0254,0.0096,0.0389,0.0204,0.2135,0.0208
0.0074,0.0090,0.0116,0.0710,0.0126,0.0052,0.0791,0.0182,0.0065,0.0743,0.0124,0.0016,0.0006,0.0076,0.0053,0.0017,0.0000,0.0001,0.0008,0.0009,0.0122,0.0046,0.0069,0.0205,0.0345,0.0231,0.1524,0.3239
0.0059,0.0053,0.0077,0.0474,0.0090,0.0085,0.1140,0.0194,0.0159,0.2332,0.0186,0.0376,0.0010,0.0000,0.0017,0.0007,0.0004,0.0000,0.0001,0.0019,0.0031,0.0193,0.0097,0.0337,0.4446,0.0422,0.3172,0.0702
0.0055,0.0035,0.0061,0.0161,0.0053,0.0047,0.1746,0.0149,0.0068,0.1629,0.0196,0.0087,0.0048,0.0006,0.0000,0.0004,0.0022,0.0013,0.0000,0.0006,0.0047,0.0195,0.0149,0.0307,0.2175,0.0968,0.0459,0.6125
0.0064,0.0159,0.0065,0.3607,0.0076,0.0110,0.0940,0.0115,0.0026,0.4707,0.0127,0.1238,0.0024,0.0018,0.0001,0.0000,0.0013,0.0006,0.0020,0.0001,0.0006,0.0035,0.0068,0.0180,0.4743,0.0176,0.1090,0.0421
0.0054,0.0040,0.0054,0.0165,0.0070,0.0130,0.0540,0.0179,0.0087,0.1231,0.0158,0.0417,0.0089,0.0018,0.0008,0.0001,0.0000,0.0020,0.0013,0.0076,0.0000,0.0020,0.0026,0.0150,0.2884,0.4218,0.0281,0.4966
0.0094,0.0137,0.0079,0.0529,0.0078,0.0129,0.0256,0.0088,0.0019,0.0903,0.0049,0.0286,0.0032,0.0040,0.0009,0.0019,0.0006,0.0001,0.0076,0.0069,0.0021,0.0001,0.0019,0.0817,0.0747,0.0845,0.0160,0.0679
0.0092,0.0164,0.0237,0.0931,0.0181,0.0256,0.0731,0.0192,0.0129,0.2324,0.0125,0.0738,0.0156,0.0090,0.0122,0.0031,0.0047,0.0006,0.0000,0.0021,0.0065,0.0251,0.0000,0.0030,0.0023,0.0049,0.0082,0.0100
0.0143,0.0121,0.0300,0.0459,0.0178,0.0145,0.0129,0.0054,0.0012,0.0566,0.0020,0.0197,0.0039,0.0030,0.0046,0.0193,0.0195,0.0035,0.0020,0.0001,0.0251,0.0065,0.0012,0.0035,0.0084,0.0321,0.0013,0.0148
0.0455,0.0553,0.1644,0.2276,0.2949,0.1344,0.0440,0.0448,0.0088,0.0416,0.0143,0.0575,0.0315,0.0254,0.0069,0.0097,0.0149,0.0068,0.0026,0.0019,0.0000,0.0012,0.0062,0.0230,0.0000,0.0001,0.0000,0.0006
0.0579,0.0298,0.0402,0.0138,0.0160,0.0093,0.0088,0.0059,0.0059,0.0131,0.0049,0.0072,0.0162,0.0096,0.0205,0.0337,0.0307,0.0180,0.0150,0.0817,0.0030,0.0035,0.0230,0.0297,0.0002,0.0000,0.0000,0.0025
0.0050,0.0073,0.0177,0.2186,0.0423,0.0172,0.0245,0.0057,0.0044,0.0857,0.0052,0.0243,0.0105,0.0389,0.0345,0.4446,0.2175,0.4743,0.2884,0.0747,0.0023,0.0084,0.0000,0.0002,0.0097,0.0011,0.0000,0.0000
0.0481,0.0257,0.0773,0.0201,0.0101,0.0068,0.0290,0.0061,0.0042,0.0331,0.0042,0.0067,0.0091,0.0204,0.0231,0.0422,0.0968,0.0176,0.4218,0.0845,0.0049,0.0321,0.0001,0.0000,0.0011,0.0078,0.0000,0.0000
0.0083,0.0288,0.0310,0.6683,0.0192,0.0507,0.0422,0.0334,0.0183,0.4374,0.0435,0.2636,0.0463,0.2135,0.1524,0.3172,0.0459,0.1090,0.0281,0.0160,0.0082,0.0013,0.0000,0.0000,0.0000,0.0000,0.0000,0.0001
0.0213,0.0117,0.0245,0.0190,0.0038,0.0056,0.0045,0.0039,0.0039,0.0119,0.0115,0.0075,0.0165,0.0208,0.3239,0.0702,0.6125,0.0421,0.4966,0.0679,0.0100,0.0148,0.0006,0.0025,0.0000,0.0000,0.0001,0.0001