c1,c2,c3,c4,c5,c6,c7,c8,c9,c10,c11,c12,c13,c14,c15,c16,c17,c18,c19,c20,c21,c22,c23,c24,c25,c26,c27,c28
0.0109,0.0024,0.0014,0.0003,0.0238,0.0049,0.0299,0.0178,0.0052,0.0063,0.0168,0.0226,0.0075,0.0088,0.0073,0.0251,0.0142,0.0057,0.0076,0.0088,0.0073,0.0034,0.0067,0.0086,0.0044,0.0073,0.0058,0.0041
0.0024,0.0168,0.0641,0.0000,0.0048,0.0018,0.0057,0.0281,0.0165,0.0202,0.0083,0.0560,0.0058,0.0134,0.0058,0.0158,0.0065,0.0072,0.0144,0.0074,0.0061,0.0051,0.0134,0.0061,0.0195,0.0073,0.0166,0.0045
0.0014,0.0641,0.0419,0.0002,0.0002,0.0003,0.0013,0.0079,0.0216,0.0229,0.0168,0.1719,0.0051,0.0077,0.0075,0.0195,0.0086,0.0056,0.0091,0.0062,0.0053,0.0039,0.0074,0.0058,0.0193,0.0076,0.0515,0.0088
0.0003,0.0000,0.0002,0.0016,0.0197,0.0000,0.0012,0.0081,0.0229,0.0253,0.0514,0.1479,0.0175,0.0232,0.0095,0.0149,0.0092,0.0114,0.0139,0.0150,0.0141,0.0067,0.0334,0.0057,0.0947,0.0141,0.6893,0.0209
0.0238,0.0048,0.0002,0.0197,0.0516,0.0036,0.0002,0.0036,0.0079,0.0141,0.0146,0.0646,0.0095,0.0053,0.0105,0.0095,0.0059,0.0063,0.0069,0.0079,0.0039,0.0059,0.0092,0.0053,0.0111,0.0058,0.0174,0.0092
0.0049,0.0018,0.0003,0.0000,0.0036,0.0034,0.0064,0.0003,0.0237,0.1243,0.0540,0.5369,0.0136,0.0279,0.0052,0.0612,0.0027,0.0020,0.0042,0.0029,0.0036,0.0028,0.0125,0.0051,0.2335,0.0062,0.1980,0.0056
0.0299,0.0057,0.0013,0.0012,0.0002,0.0064,0.0720,0.0242,0.0004,0.0026,0.0036,0.0496,0.0054,0.0057,0.0064,0.0066,0.0059,0.0036,0.0082,0.0073,0.0064,0.0033,0.0135,0.0080,0.0880,0.0098,0.1944,0.0069
0.0178,0.0281,0.0079,0.0081,0.0036,0.0003,0.0242,0.0602,0.0970,0.0000,0.0018,0.0037,0.0024,0.0046,0.0060,0.0038,0.0079,0.0045,0.0093,0.0084,0.0056,0.0035,0.0149,0.0060,0.0471,0.0101,0.2108,0.0353
0.0052,0.0165,0.0216,0.0229,0.0079,0.0237,0.0004,0.0970,0.0824,0.0138,0.0003,0.0001,0.0006,0.0008,0.0034,0.0022,0.0082,0.0008,0.0060,0.0041,0.0075,0.0027,0.0129,0.0118,0.0306,0.0119,0.6264,0.0839
0.0063,0.0202,0.0229,0.0253,0.0141,0.1243,0.0026,0.0000,0.0138,0.0013,0.0146,0.0000,0.0001,0.0001,0.0005,0.0028,0.0066,0.0047,0.0150,0.0102,0.0154,0.0086,0.0434,0.0145,0.5046,0.0517,0.9988,0.0374
0.0168,0.0083,0.0168,0.0514,0.0146,0.0540,0.0036,0.0018,0.0003,0.0146,0.0198,0.0003,0.0001,0.0002,0.0014,0.0005,0.0048,0.0010,0.0060,0.0035,0.0066,0.0020,0.0082,0.0121,0.0255,0.1813,0.1993,0.9136
0.0226,0.0560,0.1719,0.1479,0.0646,0.5369,0.0496,0.0037,0.0001,0.0000,0.0003,0.0000,0.0007,0.0000,0.0000,0.0002,0.0006,0.0052,0.0211,0.0147,0.0712,0.0272,0.2471,0.0837,0.9775,0.1440,0.9774,0.0449
0.0075,0.0058,0.0051,0.0175,0.0095,0.0136,0.0054,0.0024,0.0006,0.0001,0.0001,0.0007,0.0020,0.0002,0.0000,0.0002,0.0041,0.0039,0.0225,0.0138,0.0396,0.0326,0.1327,0.7245,0.1088,0.8165,0.0471,0.2253
0.0088,0.0134,0.0077,0.0232,0.0053,0.0279,0.0057,0.0046,0.0008,0.0001,0.0002,0.0000,0.0002,0.0002,0.0000,0.0000,0.0002,0.0069,0.0311,0.0306,0.3214,0.6387,0.9974,0.4847,0.9464,0.0598,0.0493,0.0100
0.0073,0.0058,0.0075,0.0095,0.0105,0.0052,0.0064,0.0060,0.0034,0.0005,0.0014,0.0000,0.0000,0.0000,0.0020,0.0010,0.0000,0.0061,0.0317,0.0261,0.5291,0.6039,0.2091,0.9695,0.0821,0.1316,0.0121,0.0470
0.0251,0.0158,0.0195,0.0149,0.0095,0.0612,0.0066,0.0038,0.0022,0.0028,0.0005,0.0002,0.0002,0.0000,0.0010,0.0034,0.0007,0.0031,0.0118,0.0223,0.1315,0.7412,0.2481,0.2774,0.0170,0.0149,0.0035,0.0060
0.0142,0.0065,0.0086,0.0092,0.0059,0.0027,0.0059,0.0079,0.0082,0.0066,0.0048,0.0006,0.0041,0.0002,0.0000,0.0007,0.0044,0.2375,0.0008,0.0040,0.0566,0.4322,0.1726,0.0715,0.0173,0.0178,0.0095,0.0091
0.0057,0.0072,0.0056,0.0114,0.0063,0.0020,0.0036,0.0045,0.0008,0.0047,0.0010,0.0052,0.0039,0.0069,0.0061,0.0031,0.2375,0.0005,0.1454,0.0028,0.0466,0.1220,0.0068,0.0328,0.0075,0.0048,0.0042,0.0096
0.0076,0.0144,0.0091,0.0139,0.0069,0.0042,0.0082,0.0093,0.0060,0.0150,0.0060,0.0211,0.0225,0.0311,0.0317,0.0118,0.0008,0.1454,0.0001,0.0866,0.0001,0.0047,0.0006,0.0066,0.0133,0.0052,0.0063,0.0093
0.0088,0.0074,0.0062,0.0150,0.0079,0.0029,0.0073,0.0084,0.0041,0.0102,0.0035,0.0147,0.0138,0.0306,0.0261,0.0223,0.0040,0.0028,0.0866,0.1259,0.0089,0.0001,0.0023,0.0081,0.0017,0.0063,0.0016,0.0057
0.0073,0.0061,0.0053,0.0141,0.0039,0.0036,0.0064,0.0056,0.0075,0.0154,0.0066,0.0712,0.0396,0.3214,0.5291,0.1315,0.0566,0.0466,0.0001,0.0089,0.0078,0.0061,0.0000,0.0007,0.0003,0.0030,0.0007,0.0053
0.0034,0.0051,0.0039,0.0067,0.0059,0.0028,0.0033,0.0035,0.0027,0.0086,0.0020,0.0272,0.0326,0.6387,0.6039,0.7412,0.4322,0.1220,0.0047,0.0001,0.0061,0.0412,0.0015,0.0001,0.0000,0.0012,0.0002,0.0027
0.0067,0.0134,0.0074,0.0334,0.0092,0.0125,0.0135,0.0149,0.0129,0.0434,0.0082,0.2471,0.1327,0.9974,0.2091,0.2481,0.1726,0.0068,0.0006,0.0023,0.0000,0.0015,0.0060,0.0027,0.0000,0.0001,0.0000,0.0004
0.0086,0.0061,0.0058,0.0057,0.0053,0.0051,0.0080,0.0060,0.0118,0.0145,0.0121,0.0837,0.7245,0.4847,0.9695,0.2774,0.0715,0.0328,0.0066,0.0081,0.0007,0.0001,0.0027,0.0031,0.0000,0.0000,0.0000,0.0011
0.0044,0.0195,0.0193,0.0947,0.0111,0.2335,0.0880,0.0471,0.0306,0.5046,0.0255,0.9775,0.1088,0.9464,0.0821,0.0170,0.0173,0.0075,0.0133,0.0017,0.0003,0.0000,0.0000,0.0000,0.0042,0.0060,0.0000,0.0000
0.0073,0.0073,0.0076,0.0141,0.0058,0.0062,0.0098,0.0101,0.0119,0.0517,0.1813,0.1440,0.8165,0.0598,0.1316,0.0149,0.0178,0.0048,0.0052,0.0063,0.0030,0.0012,0.0001,0.0000,0.0060,0.0058,0.0000,0.0003
0.0058,0.0166,0.0515,0.6893,0.0174,0.1980,0.1944,0.2108,0.6264,0.9988,0.1993,0.9774,0.0471,0.0493,0.0121,0.0035,0.0095,0.0042,0.0063,0.0016,0.0007,0.0002,0.0000,0.0000,0.0000,0.0000,0.0000,0.0001
0.0041,0.0045,0.0088,0.0209,0.0092,0.0056,0.0069,0.0353,0.0839,0.0374,0.9136,0.0449,0.2253,0.0100,0.0470,0.0060,0.0091,0.0096,0.0093,0.0057,0.0053,0.0027,0.0004,0.0011,0.0000,0.0003,0.0001,0.0015