c1,c2,c3,c4,c5,c6,c7,c8,c9,c10,c11,c12,c13,c14,c15,c16,c17,c18,c19,c20,c21,c22,c23,c24,c25,c26,c27,c28
0.0083,0.0369,0.0002,0.0000,0.0002,0.0001,0.0024,0.0042,0.1120,0.0066,0.4871,0.0500,0.1887,0.0078,0.0038,0.0042,0.0044,0.0028,0.0033,0.0162,0.0070,0.0736,0.0193,0.1303,0.0109,0.0709,0.0170,0.0115
0.0369,0.0212,0.1641,0.0000,0.0041,0.0003,0.0014,0.0089,0.1885,0.0980,0.0497,0.0257,0.0290,0.0050,0.0020,0.0028,0.0024,0.0044,0.0052,0.0053,0.0044,0.0087,0.0305,0.0205,0.0522,0.0183,0.0067,0.0059
0.0002,0.1641,0.0391,0.0000,0.0001,0.0002,0.0004,0.0035,0.1036,0.0396,0.0203,0.0281,0.0228,0.0052,0.0033,0.0048,0.0036,0.0041,0.0091,0.0132,0.0096,0.0796,0.0580,0.0109,0.0641,0.0606,0.0210,0.0153
0.0000,0.0000,0.0000,0.0004,0.0007,0.0000,0.0001,0.0003,0.4856,0.5031,0.1045,0.5769,0.0552,0.0698,0.0211,0.0067,0.0050,0.0081,0.0227,0.0054,0.1569,0.0132,0.9991,0.0053,0.4618,0.0246,0.2738,0.0126
0.0002,0.0041,0.0001,0.0007,0.0768,0.0860,0.0001,0.0183,0.8892,0.0101,0.0156,0.0156,0.0057,0.0046,0.0031,0.0046,0.0035,0.0054,0.0130,0.0079,0.0140,0.0062,0.0397,0.0033,0.0370,0.0063,0.0050,0.0042
0.0001,0.0003,0.0002,0.0000,0.0860,0.1248,0.1766,0.7891,0.9979,0.0024,0.0018,0.0037,0.0029,0.0033,0.0010,0.0058,0.0020,0.0018,0.0002,0.0033,0.0071,0.0049,0.0692,0.0037,0.0637,0.0082,0.0337,0.0040
0.0024,0.0014,0.0004,0.0001,0.0001,0.1766,0.0088,0.0778,0.0029,0.0000,0.0056,0.0121,0.0182,0.0674,0.0045,0.0179,0.0034,0.0044,0.0163,0.0083,0.0632,0.0073,0.0561,0.0027,0.3127,0.0276,0.0541,0.0120
0.0042,0.0089,0.0035,0.0003,0.0183,0.7891,0.0778,0.1501,0.2263,0.0000,0.0007,0.0004,0.0020,0.0040,0.0037,0.0090,0.0048,0.0044,0.0089,0.0052,0.0094,0.0042,0.0240,0.0035,0.0381,0.0168,0.0298,0.0145
0.1120,0.1885,0.1036,0.4856,0.8892,0.9979,0.0029,0.2263,0.0059,0.0007,0.0001,0.0000,0.0002,0.0002,0.0005,0.0010,0.0010,0.0001,0.0007,0.0006,0.0029,0.0019,0.0090,0.0020,0.0999,0.0174,0.0109,0.0036
0.0066,0.0980,0.0396,0.5031,0.0101,0.0024,0.0000,0.0000,0.0007,0.0001,0.0188,0.0000,0.0001,0.0010,0.0030,0.0152,0.0171,0.0079,0.0116,0.0093,0.3913,0.0171,0.9712,0.0251,0.6612,0.0985,0.4744,0.0171
0.4871,0.0497,0.0203,0.1045,0.0156,0.0018,0.0056,0.0007,0.0001,0.0188,0.1206,0.0019,0.0000,0.0000,0.0003,0.0007,0.0021,0.0012,0.0050,0.0032,0.0072,0.0019,0.1124,0.0166,0.1284,0.2084,0.1764,0.1110
0.0500,0.0257,0.0281,0.5769,0.0156,0.0037,0.0121,0.0004,0.0000,0.0000,0.0019,0.0001,0.0001,0.0000,0.0000,0.0001,0.0002,0.0020,0.0528,0.0123,0.9733,0.0149,0.9906,0.0399,0.8385,0.1361,0.9994,0.0323
0.1887,0.0290,0.0228,0.0552,0.0057,0.0029,0.0182,0.0020,0.0002,0.0001,0.0000,0.0001,0.0009,0.0000,0.0000,0.0000,0.0013,0.0013,0.0169,0.0065,0.0276,0.0490,0.4742,0.9881,0.0953,0.8680,0.6656,0.1051
0.0078,0.0050,0.0052,0.0698,0.0046,0.0033,0.0674,0.0040,0.0002,0.0010,0.0000,0.0000,0.0000,0.0002,0.0000,0.0000,0.0001,0.0017,0.1393,0.0270,1.0000,0.6504,0.9930,0.1892,0.2582,0.0696,0.0504,0.0077
0.0038,0.0020,0.0033,0.0211,0.0031,0.0010,0.0045,0.0037,0.0005,0.0030,0.0003,0.0000,0.0000,0.0000,0.0003,0.0003,0.0002,0.1026,0.1758,0.0209,0.4493,0.9299,0.3832,0.9996,0.0262,0.1362,0.0194,0.0214
0.0042,0.0028,0.0048,0.0067,0.0046,0.0058,0.0179,0.0090,0.0010,0.0152,0.0007,0.0001,0.0000,0.0000,0.0003,0.0045,0.0008,0.0094,0.4700,0.0377,0.9977,0.3750,0.0749,0.1099,0.0264,0.0076,0.0027,0.0045
0.0044,0.0024,0.0036,0.0050,0.0035,0.0020,0.0034,0.0048,0.0010,0.0171,0.0021,0.0002,0.0013,0.0001,0.0002,0.0008,0.0134,0.5179,0.0005,0.0849,0.0040,0.9657,0.0127,0.7925,0.0114,0.0333,0.0079,0.0170
0.0028,0.0044,0.0041,0.0081,0.0054,0.0018,0.0044,0.0044,0.0001,0.0079,0.0012,0.0020,0.0013,0.0017,0.1026,0.0094,0.5179,0.0186,0.2048,0.0118,0.0016,0.1163,0.0008,0.0505,0.0054,0.0089,0.0058,0.0134
0.0033,0.0052,0.0091,0.0227,0.0130,0.0002,0.0163,0.0089,0.0007,0.0116,0.0050,0.0528,0.0169,0.1393,0.1758,0.4700,0.0005,0.2048,0.0001,0.5524,0.0000,0.0016,0.0006,0.0012,0.0051,0.0031,0.0097,0.0243
0.0162,0.0053,0.0132,0.0054,0.0079,0.0033,0.0083,0.0052,0.0006,0.0093,0.0032,0.0123,0.0065,0.0270,0.0209,0.0377,0.0849,0.0118,0.5524,0.0721,0.0001,0.0002,0.0001,0.0092,0.0021,0.0102,0.0081,0.0191
0.0070,0.0044,0.0096,0.1569,0.0140,0.0071,0.0632,0.0094,0.0029,0.3913,0.0072,0.9733,0.0276,1.0000,0.4493,0.9977,0.0040,0.0016,0.0000,0.0001,0.0082,0.0002,0.0000,0.0000,0.0000,0.0001,0.0007,0.0014
0.0736,0.0087,0.0796,0.0132,0.0062,0.0049,0.0073,0.0042,0.0019,0.0171,0.0019,0.0149,0.0490,0.6504,0.9299,0.3750,0.9657,0.1163,0.0016,0.0002,0.0002,0.0028,0.0000,0.0000,0.0001,0.0008,0.0005,0.0040
0.0193,0.0305,0.0580,0.9991,0.0397,0.0692,0.0561,0.0240,0.0090,0.9712,0.1124,0.9906,0.4742,0.9930,0.3832,0.0749,0.0127,0.0008,0.0006,0.0001,0.0000,0.0000,0.0000,0.0001,0.0000,0.0000,0.0000,0.0006
0.1303,0.0205,0.0109,0.0053,0.0033,0.0037,0.0027,0.0035,0.0020,0.0251,0.0166,0.0399,0.9881,0.1892,0.9996,0.1099,0.7925,0.0505,0.0012,0.0092,0.0000,0.0000,0.0001,0.0025,0.0002,0.0000,0.0000,0.0015
0.0109,0.0522,0.0641,0.4618,0.0370,0.0637,0.3127,0.0381,0.0999,0.6612,0.1284,0.8385,0.0953,0.2582,0.0262,0.0264,0.0114,0.0054,0.0051,0.0021,0.0000,0.0001,0.0000,0.0002,0.0060,0.0008,0.0000,0.0001
0.0709,0.0183,0.0606,0.0246,0.0063,0.0082,0.0276,0.0168,0.0174,0.0985,0.2084,0.1361,0.8680,0.0696,0.1362,0.0076,0.0333,0.0089,0.0031,0.0102,0.0001,0.0008,0.0000,0.0000,0.0008,0.0112,0.0000,0.0000
0.0170,0.0067,0.0210,0.2738,0.0050,0.0337,0.0541,0.0298,0.0109,0.4744,0.1764,0.9994,0.6656,0.0504,0.0194,0.0027,0.0079,0.0058,0.0097,0.0081,0.0007,0.0005,0.0000,0.0000,0.0000,0.0000,0.0002,0.0390
0.0115,0.0059,0.0153,0.0126,0.0042,0.0040,0.0120,0.0145,0.0036,0.0171,0.1110,0.0323,0.1051,0.0077,0.0214,0.0045,0.0170,0.0134,0.0243,0.0191,0.0014,0.0040,0.0006,0.0015,0.0001,0.0000,0.0390,0.0116