c1,c2,c3,c4,c5,c6,c7,c8,c9,c10,c11,c12,c13,c14,c15,c16,c17,c18,c19,c20,c21,c22,c23,c24,c25,c26,c27,c28
0.0262,0.0026,0.0009,0.0006,0.0120,0.0027,0.0142,0.0115,0.0047,0.0047,0.0114,0.0131,0.0089,0.0062,0.0060,0.0163,0.0106,0.0075,0.0097,0.0130,0.0092,0.0061,0.0333,0.0062,0.0043,0.0089,0.0075,0.0063
0.0026,0.0106,0.0351,0.0000,0.0038,0.0014,0.0036,0.0175,0.0141,0.0137,0.0069,0.0362,0.0052,0.0347,0.0062,0.0249,0.0072,0.0079,0.0160,0.0112,0.0170,0.0062,0.0513,0.0053,0.0112,0.0054,0.0094,0.0073
0.0009,0.0351,0.0233,0.0002,0.0002,0.0004,0.0011,0.0055,0.0146,0.0167,0.0125,0.1365,0.0068,0.0206,0.0087,0.0207,0.0087,0.0074,0.0091,0.0076,0.0099,0.0054,0.0519,0.0049,0.0137,0.0070,0.0207,0.0091
0.0006,0.0000,0.0002,0.0040,0.0175,0.0000,0.0007,0.0039,0.0124,0.0125,0.0545,0.5710,0.0128,0.0380,0.0071,0.0101,0.0090,0.0099,0.0146,0.0142,0.0348,0.0048,0.4321,0.0047,0.0482,0.0080,0.2614,0.0174
0.0120,0.0038,0.0002,0.0175,0.0587,0.0176,0.0000,0.0025,0.0084,0.0110,0.0141,0.0686,0.0130,0.0077,0.0087,0.0081,0.0061,0.0071,0.0065,0.0076,0.0052,0.0069,0.0412,0.0055,0.0076,0.0055,0.0135,0.0077
0.0027,0.0014,0.0004,0.0000,0.0176,0.0109,0.0020,0.0003,0.0187,0.0225,0.0230,0.4904,0.0163,0.0797,0.0088,0.0578,0.0035,0.0045,0.0057,0.0043,0.0175,0.0033,0.0460,0.0036,0.0334,0.0057,0.0377,0.0070
0.0142,0.0036,0.0011,0.0007,0.0000,0.0020,0.0199,0.0084,0.0001,0.0017,0.0043,0.1684,0.0107,0.0282,0.0165,0.0186,0.0073,0.0071,0.0128,0.0099,0.0230,0.0037,0.0783,0.0046,0.0688,0.0089,0.0847,0.0067
0.0115,0.0175,0.0055,0.0039,0.0025,0.0003,0.0084,0.0104,0.0098,0.0000,0.0021,0.0020,0.0031,0.0070,0.0118,0.0104,0.0125,0.0083,0.0125,0.0105,0.0109,0.0038,0.0914,0.0081,0.0660,0.0119,0.1065,0.0211
0.0047,0.0141,0.0146,0.0124,0.0084,0.0187,0.0001,0.0098,0.0124,0.0272,0.0005,0.0013,0.0021,0.0015,0.0049,0.0038,0.0050,0.0010,0.0040,0.0038,0.0092,0.0039,0.0609,0.0091,0.1348,0.0151,0.3461,0.0135
0.0047,0.0137,0.0167,0.0125,0.0110,0.0225,0.0017,0.0000,0.0272,0.0038,0.0506,0.0000,0.0003,0.0002,0.0008,0.0039,0.0070,0.0075,0.0106,0.0120,0.0306,0.0090,0.0705,0.0153,0.6172,0.0308,0.5335,0.0297
0.0114,0.0069,0.0125,0.0545,0.0141,0.0230,0.0043,0.0021,0.0005,0.0506,0.0271,0.0007,0.0001,0.0002,0.0011,0.0009,0.0055,0.0017,0.0044,0.0038,0.0087,0.0034,0.0503,0.0995,0.0349,0.1314,0.0694,0.0407
0.0131,0.0362,0.1365,0.5710,0.0686,0.4904,0.1684,0.0020,0.0013,0.0000,0.0007,0.0001,0.0016,0.0000,0.0000,0.0002,0.0005,0.0041,0.0069,0.0192,0.0968,0.0117,0.2258,0.0796,0.5150,0.0291,0.3677,0.0189
0.0089,0.0052,0.0068,0.0128,0.0130,0.0163,0.0107,0.0031,0.0021,0.0003,0.0001,0.0016,0.0026,0.0002,0.0000,0.0002,0.0028,0.0033,0.0097,0.0148,0.0192,0.0329,0.1785,0.9499,0.0320,0.3903,0.0225,0.0368
0.0062,0.0347,0.0206,0.0380,0.0077,0.0797,0.0282,0.0070,0.0015,0.0002,0.0002,0.0000,0.0002,0.0001,0.0000,0.0000,0.0002,0.0038,0.0247,0.0364,0.9002,0.1176,0.8903,0.2177,0.8810,0.0751,0.0699,0.0058
0.0060,0.0062,0.0087,0.0071,0.0087,0.0088,0.0165,0.0118,0.0049,0.0008,0.0011,0.0000,0.0000,0.0000,0.0018,0.0010,0.0000,0.0055,0.0391,0.0261,0.4466,0.8542,0.1200,0.8466,0.0241,0.0980,0.0084,0.0220
0.0163,0.0249,0.0207,0.0101,0.0081,0.0578,0.0186,0.0104,0.0038,0.0039,0.0009,0.0002,0.0002,0.0000,0.0010,0.0035,0.0003,0.0010,0.0145,0.0098,0.6557,0.3932,0.1071,0.0785,0.0123,0.0115,0.0061,0.0073
0.0106,0.0072,0.0087,0.0090,0.0061,0.0035,0.0073,0.0125,0.0050,0.0070,0.0055,0.0005,0.0028,0.0002,0.0000,0.0003,0.0029,0.2470,0.0003,0.0273,0.0130,0.8173,0.0616,0.1784,0.0107,0.0384,0.0061,0.0118
0.0075,0.0079,0.0074,0.0099,0.0071,0.0045,0.0071,0.0083,0.0010,0.0075,0.0017,0.0041,0.0033,0.0038,0.0055,0.0010,0.2470,0.0036,0.1112,0.0036,0.0071,0.0589,0.0027,0.0245,0.0065,0.0085,0.0045,0.0066
0.0097,0.0160,0.0091,0.0146,0.0065,0.0057,0.0128,0.0125,0.0040,0.0106,0.0044,0.0069,0.0097,0.0247,0.0391,0.0145,0.0003,0.1112,0.0002,0.2122,0.0001,0.0062,0.0018,0.0051,0.0066,0.0026,0.0137,0.0091
0.0130,0.0112,0.0076,0.0142,0.0076,0.0043,0.0099,0.0105,0.0038,0.0120,0.0038,0.0192,0.0148,0.0364,0.0261,0.0098,0.0273,0.0036,0.2122,0.1393,0.0009,0.0001,0.0003,0.0065,0.0012,0.0042,0.0028,0.0040
0.0092,0.0170,0.0099,0.0348,0.0052,0.0175,0.0230,0.0109,0.0092,0.0306,0.0087,0.0968,0.0192,0.9002,0.4466,0.6557,0.0130,0.0071,0.0001,0.0009,0.0025,0.0042,0.0000,0.0002,0.0001,0.0013,0.0021,0.0041
0.0061,0.0062,0.0054,0.0048,0.0069,0.0033,0.0037,0.0038,0.0039,0.0090,0.0034,0.0117,0.0329,0.1176,0.8542,0.3932,0.8173,0.0589,0.0062,0.0001,0.0042,0.0146,0.0001,0.0001,0.0001,0.0039,0.0008,0.0068
0.0333,0.0513,0.0519,0.4321,0.0412,0.0460,0.0783,0.0914,0.0609,0.0705,0.0503,0.2258,0.1785,0.8903,0.1200,0.1071,0.0616,0.0027,0.0018,0.0003,0.0000,0.0001,0.0005,0.0003,0.0000,0.0003,0.0000,0.0017
0.0062,0.0053,0.0049,0.0047,0.0055,0.0036,0.0046,0.0081,0.0091,0.0153,0.0995,0.0796,0.9499,0.2177,0.8466,0.0785,0.1784,0.0245,0.0051,0.0065,0.0002,0.0001,0.0003,0.0013,0.0001,0.0000,0.0000,0.0075
0.0043,0.0112,0.0137,0.0482,0.0076,0.0334,0.0688,0.0660,0.1348,0.6172,0.0349,0.5150,0.0320,0.8810,0.0241,0.0123,0.0107,0.0065,0.0066,0.0012,0.0001,0.0001,0.0000,0.0001,0.0307,0.0038,0.0000,0.0009
0.0089,0.0054,0.0070,0.0080,0.0055,0.0057,0.0089,0.0119,0.0151,0.0308,0.1314,0.0291,0.3903,0.0751,0.0980,0.0115,0.0384,0.0085,0.0026,0.0042,0.0013,0.0039,0.0003,0.0000,0.0038,0.0277,0.0004,0.0001
0.0075,0.0094,0.0207,0.2614,0.0135,0.0377,0.0847,0.1065,0.3461,0.5335,0.0694,0.3677,0.0225,0.0699,0.0084,0.0061,0.0061,0.0045,0.0137,0.0028,0.0021,0.0008,0.0000,0.0000,0.0000,0.0004,0.0005,0.0029
0.0063,0.0073,0.0091,0.0174,0.0077,0.0070,0.0067,0.0211,0.0135,0.0297,0.0407,0.0189,0.0368,0.0058,0.0220,0.0073,0.0118,0.0066,0.0091,0.0040,0.0041,0.0068,0.0017,0.0075,0.0009,0.0001,0.0029,0.0036