c1,c2,c3,c4,c5,c6,c7,c8,c9,c10,c11,c12,c13,c14,c15,c16,c17,c18,c19,c20,c21,c22,c23,c24,c25,c26,c27,c28
0.0122,0.0169,0.0013,0.0000,0.0015,0.0010,0.0052,0.0091,0.0331,0.0112,0.1011,0.0217,0.0262,0.0074,0.0026,0.0083,0.0098,0.0028,0.0027,0.0178,0.0047,0.0071,0.0109,0.0335,0.0105,0.0317,0.0287,0.0196
0.0169,0.0174,0.1076,0.0000,0.0043,0.0006,0.0014,0.0136,0.0427,0.0369,0.0139,0.0121,0.0112,0.0080,0.0042,0.0055,0.0098,0.0057,0.0096,0.0065,0.0088,0.0046,0.0207,0.0209,0.0331,0.0254,0.0127,0.0101
0.0013,0.1076,0.0599,0.0000,0.0001,0.0004,0.0005,0.0034,0.0434,0.0362,0.0104,0.0500,0.0160,0.0101,0.0066,0.0058,0.0077,0.0039,0.0088,0.0087,0.0074,0.0071,0.0351,0.0083,0.0144,0.0416,0.0315,0.0157
0.0000,0.0000,0.0000,0.0005,0.0014,0.0000,0.0002,0.0015,0.1669,0.0571,0.0776,0.5480,0.0459,0.0327,0.0193,0.0047,0.0244,0.0080,0.0434,0.0066,0.0404,0.0105,0.9441,0.0104,0.1816,0.0629,0.3985,0.0457
0.0015,0.0043,0.0001,0.0014,0.0389,0.0122,0.0000,0.0039,0.1455,0.0138,0.0185,0.0307,0.0072,0.0086,0.0105,0.0052,0.0095,0.0045,0.0107,0.0075,0.0097,0.0065,0.0324,0.0075,0.0143,0.0179,0.0145,0.0096
0.0010,0.0006,0.0004,0.0000,0.0122,0.1082,0.0123,0.0118,0.8721,0.0015,0.0034,0.0089,0.0064,0.0116,0.0028,0.0164,0.0072,0.0036,0.0223,0.0056,0.0116,0.0036,0.0402,0.0046,0.0321,0.0118,0.0772,0.0080
0.0052,0.0014,0.0005,0.0002,0.0000,0.0123,0.0037,0.0458,0.0046,0.0000,0.0038,0.0429,0.0171,0.0282,0.0081,0.0047,0.0067,0.0038,0.0220,0.0058,0.0252,0.0043,0.0723,0.0061,0.1659,0.1200,0.2685,0.0222
0.0091,0.0136,0.0034,0.0015,0.0039,0.0118,0.0458,0.0513,0.2240,0.0000,0.0006,0.0008,0.0029,0.0068,0.0108,0.0094,0.0100,0.0047,0.0154,0.0065,0.0133,0.0030,0.0349,0.0050,0.0234,0.0282,0.0530,0.0207
0.0331,0.0427,0.0434,0.1669,0.1455,0.8721,0.0046,0.2240,0.0047,0.0015,0.0002,0.0001,0.0007,0.0008,0.0017,0.0019,0.0038,0.0001,0.0024,0.0011,0.0046,0.0013,0.0168,0.0066,0.0632,0.0654,0.0328,0.0061
0.0112,0.0369,0.0362,0.0571,0.0138,0.0015,0.0000,0.0000,0.0015,0.0003,0.0112,0.0000,0.0001,0.0005,0.0025,0.0095,0.0319,0.0072,0.0304,0.0099,0.1843,0.0258,0.9196,0.0549,0.5951,0.1390,0.7729,0.0352
0.1011,0.0139,0.0104,0.0776,0.0185,0.0034,0.0038,0.0006,0.0002,0.0112,0.0752,0.0007,0.0000,0.0001,0.0006,0.0013,0.0058,0.0009,0.0047,0.0043,0.0111,0.0038,0.3087,0.1528,0.0396,0.2582,0.1273,0.0533
0.0217,0.0121,0.0500,0.5480,0.0307,0.0089,0.0429,0.0008,0.0001,0.0000,0.0007,0.0000,0.0000,0.0000,0.0000,0.0003,0.0021,0.0027,0.1040,0.0114,0.9956,0.0345,0.9982,0.0584,0.2781,0.0462,0.5358,0.0125
0.0262,0.0112,0.0160,0.0459,0.0072,0.0064,0.0171,0.0029,0.0007,0.0001,0.0000,0.0000,0.0005,0.0001,0.0000,0.0001,0.0024,0.0014,0.0252,0.0373,0.2271,0.8277,0.6540,0.9158,0.0308,0.3089,0.1050,0.0171
0.0074,0.0080,0.0101,0.0327,0.0086,0.0116,0.0282,0.0068,0.0008,0.0005,0.0001,0.0000,0.0001,0.0001,0.0000,0.0000,0.0004,0.0064,0.3059,0.0490,0.9944,0.9320,0.7798,0.1405,0.0906,0.0587,0.0286,0.0074
0.0026,0.0042,0.0066,0.0193,0.0105,0.0028,0.0081,0.0108,0.0017,0.0025,0.0006,0.0000,0.0000,0.0000,0.0002,0.0003,0.0002,0.6429,0.3161,0.1127,0.8887,0.8227,0.0683,0.4722,0.0181,0.0336,0.0040,0.0101
0.0083,0.0055,0.0058,0.0047,0.0052,0.0164,0.0047,0.0094,0.0019,0.0095,0.0013,0.0003,0.0001,0.0000,0.0003,0.0011,0.0071,0.0177,0.0107,0.4682,0.1325,0.9898,0.0300,0.1261,0.0156,0.0077,0.0016,0.0048
0.0098,0.0098,0.0077,0.0244,0.0095,0.0072,0.0067,0.0100,0.0038,0.0319,0.0058,0.0021,0.0024,0.0004,0.0002,0.0071,0.0316,0.1837,0.0003,0.0026,0.0043,0.0296,0.0095,0.0281,0.0187,0.0171,0.0066,0.0095
0.0028,0.0057,0.0039,0.0080,0.0045,0.0036,0.0038,0.0047,0.0001,0.0072,0.0009,0.0027,0.0014,0.0064,0.6429,0.0177,0.1837,0.0004,0.4224,0.1695,0.0062,0.0357,0.0010,0.0148,0.0045,0.0053,0.0036,0.0050
0.0027,0.0096,0.0088,0.0434,0.0107,0.0223,0.0220,0.0154,0.0024,0.0304,0.0047,0.1040,0.0252,0.3059,0.3161,0.0107,0.0003,0.4224,0.0000,0.1321,0.0000,0.0003,0.0011,0.0007,0.0089,0.0025,0.0082,0.0073
0.0178,0.0065,0.0087,0.0066,0.0075,0.0056,0.0058,0.0065,0.0011,0.0099,0.0043,0.0114,0.0373,0.0490,0.1127,0.4682,0.0026,0.1695,0.1321,0.0130,0.0001,0.0000,0.0001,0.0050,0.0016,0.0059,0.0036,0.0055
0.0047,0.0088,0.0074,0.0404,0.0097,0.0116,0.0252,0.0133,0.0046,0.1843,0.0111,0.9956,0.2271,0.9944,0.8887,0.1325,0.0043,0.0062,0.0000,0.0001,0.0154,0.0008,0.0000,0.0000,0.0001,0.0001,0.0007,0.0015
0.0071,0.0046,0.0071,0.0105,0.0065,0.0036,0.0043,0.0030,0.0013,0.0258,0.0038,0.0345,0.8277,0.9320,0.8227,0.9898,0.0296,0.0357,0.0003,0.0000,0.0008,0.0037,0.0000,0.0001,0.0002,0.0006,0.0003,0.0018
0.0109,0.0207,0.0351,0.9441,0.0324,0.0402,0.0723,0.0349,0.0168,0.9196,0.3087,0.9982,0.6540,0.7798,0.0683,0.0300,0.0095,0.0010,0.0011,0.0001,0.0000,0.0000,0.0001,0.0002,0.0000,0.0000,0.0000,0.0011
0.0335,0.0209,0.0083,0.0104,0.0075,0.0046,0.0061,0.0050,0.0066,0.0549,0.1528,0.0584,0.9158,0.1405,0.4722,0.1261,0.0281,0.0148,0.0007,0.0050,0.0000,0.0001,0.0002,0.0030,0.0007,0.0000,0.0001,0.0028
0.0105,0.0331,0.0144,0.1816,0.0143,0.0321,0.1659,0.0234,0.0632,0.5951,0.0396,0.2781,0.0308,0.0906,0.0181,0.0156,0.0187,0.0045,0.0089,0.0016,0.0001,0.0002,0.0000,0.0007,0.0877,0.0015,0.0000,0.0003
0.0317,0.0254,0.0416,0.0629,0.0179,0.0118,0.1200,0.0282,0.0654,0.1390,0.2582,0.0462,0.3089,0.0587,0.0336,0.0077,0.0171,0.0053,0.0025,0.0059,0.0001,0.0006,0.0000,0.0000,0.0015,0.0042,0.0000,0.0000
0.0287,0.0127,0.0315,0.3985,0.0145,0.0772,0.2685,0.0530,0.0328,0.7729,0.1273,0.5358,0.1050,0.0286,0.0040,0.0016,0.0066,0.0036,0.0082,0.0036,0.0007,0.0003,0.0000,0.0001,0.0000,0.0000,0.0002,0.0334
0.0196,0.0101,0.0157,0.0457,0.0096,0.0080,0.0222,0.0207,0.0061,0.0352,0.0533,0.0125,0.0171,0.0074,0.0101,0.0048,0.0095,0.0050,0.0073,0.0055,0.0015,0.0018,0.0011,0.0028,0.0003,0.0000,0.0334,0.0230