c1,c2,c3,c4,c5,c6,c7,c8,c9,c10,c11,c12,c13,c14,c15,c16,c17,c18,c19,c20,c21,c22,c23,c24,c25,c26,c27,c28
0.0138,0.0073,0.0028,0.0008,0.0141,0.0051,0.0130,0.0113,0.0064,0.0048,0.0155,0.0087,0.0097,0.0059,0.0020,0.0073,0.0104,0.0019,0.0032,0.0085,0.0115,0.0107,0.0746,0.0118,0.0063,0.0046,0.0117,0.0044
0.0073,0.0166,0.0499,0.0000,0.0055,0.0016,0.0021,0.0219,0.0114,0.0082,0.0181,0.0139,0.0080,0.0067,0.0033,0.0135,0.0128,0.0032,0.0083,0.0111,0.0111,0.0106,0.1041,0.0233,0.0085,0.0046,0.0106,0.0045
0.0028,0.0499,0.0343,0.0002,0.0004,0.0004,0.0007,0.0061,0.0145,0.0157,0.0224,0.0706,0.0099,0.0079,0.0074,0.0087,0.0078,0.0029,0.0043,0.0063,0.0070,0.0082,0.1088,0.0276,0.0071,0.0044,0.0177,0.0075
0.0008,0.0000,0.0002,0.0093,0.0283,0.0000,0.0008,0.0036,0.0105,0.0082,0.0768,0.0607,0.0163,0.0080,0.0051,0.0076,0.0114,0.0050,0.0067,0.0158,0.0354,0.0243,0.1538,0.2220,0.0163,0.0081,0.2395,0.0100
0.0141,0.0055,0.0004,0.0283,0.1041,0.0245,0.0000,0.0020,0.0084,0.0128,0.0113,0.0381,0.0144,0.0038,0.0079,0.0058,0.0053,0.0026,0.0027,0.0049,0.0056,0.0081,0.0969,0.0203,0.0051,0.0045,0.0158,0.0041
0.0051,0.0016,0.0004,0.0000,0.0245,0.0102,0.0018,0.0003,0.0202,0.0086,0.0243,0.0625,0.0171,0.0168,0.0077,0.0172,0.0083,0.0019,0.0038,0.0076,0.0148,0.0163,0.1051,0.0312,0.0136,0.0066,0.0880,0.0045
0.0130,0.0021,0.0007,0.0008,0.0000,0.0018,0.0159,0.0107,0.0004,0.0008,0.0083,0.0368,0.0114,0.0063,0.0211,0.0162,0.0130,0.0023,0.0125,0.0169,0.0166,0.0131,0.1617,0.0832,0.0099,0.0118,0.1260,0.0041
0.0113,0.0219,0.0061,0.0036,0.0020,0.0003,0.0107,0.0145,0.0237,0.0001,0.0026,0.0015,0.0033,0.0067,0.0132,0.0063,0.0125,0.0058,0.0090,0.0131,0.0066,0.0088,0.0414,0.0283,0.0205,0.0107,0.0429,0.0174
0.0064,0.0114,0.0145,0.0105,0.0084,0.0202,0.0004,0.0237,0.0366,0.0430,0.0018,0.0019,0.0054,0.0018,0.0083,0.0078,0.0072,0.0003,0.0031,0.0040,0.0069,0.0055,0.0391,0.0348,0.0069,0.0044,0.0409,0.0079
0.0048,0.0082,0.0157,0.0082,0.0128,0.0086,0.0008,0.0001,0.0430,0.0069,0.0257,0.0000,0.0011,0.0016,0.0014,0.0087,0.0167,0.0059,0.0141,0.0163,0.0157,0.0203,0.0810,0.0959,0.0235,0.0192,0.0948,0.0089
0.0155,0.0181,0.0224,0.0768,0.0113,0.0243,0.0083,0.0026,0.0018,0.0257,0.0241,0.0011,0.0000,0.0003,0.0010,0.0022,0.0060,0.0028,0.0090,0.0086,0.0072,0.0060,0.0357,0.0545,0.0067,0.0113,0.0284,0.0219
0.0087,0.0139,0.0706,0.0607,0.0381,0.0625,0.0368,0.0015,0.0019,0.0000,0.0011,0.0010,0.0120,0.0000,0.0000,0.0010,0.0053,0.0070,0.0180,0.0135,0.0370,0.0292,0.0849,0.2838,0.0559,0.0142,0.4642,0.0245
0.0097,0.0080,0.0099,0.0163,0.0144,0.0171,0.0114,0.0033,0.0054,0.0011,0.0000,0.0120,0.0145,0.0013,0.0000,0.0004,0.0034,0.0027,0.0130,0.0121,0.0352,0.0165,0.1292,0.1755,0.0223,0.0267,0.0398,0.0366
0.0059,0.0067,0.0079,0.0080,0.0038,0.0168,0.0063,0.0067,0.0018,0.0016,0.0003,0.0000,0.0013,0.0061,0.0000,0.0000,0.0012,0.0041,0.0167,0.0135,0.0544,0.0988,0.3079,0.6647,0.2987,0.2269,0.1893,0.2511
0.0020,0.0033,0.0074,0.0051,0.0079,0.0077,0.0211,0.0132,0.0083,0.0014,0.0010,0.0000,0.0000,0.0000,0.0005,0.0002,0.0000,0.0002,0.0323,0.0094,0.6738,0.3662,0.3673,0.7410,0.5161,0.3669,0.4549,0.0999
0.0073,0.0135,0.0087,0.0076,0.0058,0.0172,0.0162,0.0063,0.0078,0.0087,0.0022,0.0010,0.0004,0.0000,0.0002,0.0074,0.0007,0.0008,0.0217,0.0034,0.0255,0.1059,0.0157,0.1191,0.0974,0.2409,0.0305,0.0640
0.0104,0.0128,0.0078,0.0114,0.0053,0.0083,0.0130,0.0125,0.0072,0.0167,0.0060,0.0053,0.0034,0.0012,0.0000,0.0007,0.0028,0.0594,0.0006,0.0015,0.0118,0.0250,0.0211,0.0233,0.0766,0.0617,0.0478,0.0585
0.0019,0.0032,0.0029,0.0050,0.0026,0.0019,0.0023,0.0058,0.0003,0.0059,0.0028,0.0070,0.0027,0.0041,0.0002,0.0008,0.0594,0.0000,0.3777,0.0039,0.0949,0.2224,0.0191,0.1831,0.0307,0.0763,0.0303,0.0602
0.0032,0.0083,0.0043,0.0067,0.0027,0.0038,0.0125,0.0090,0.0031,0.0141,0.0090,0.0180,0.0130,0.0167,0.0323,0.0217,0.0006,0.3777,0.0000,0.1302,0.0002,0.0053,0.0097,0.0086,0.0560,0.0312,0.0369,0.0302
0.0085,0.0111,0.0063,0.0158,0.0049,0.0076,0.0169,0.0131,0.0040,0.0163,0.0086,0.0135,0.0121,0.0135,0.0094,0.0034,0.0015,0.0039,0.1302,0.0988,0.0043,0.0000,0.0012,0.0027,0.0039,0.0166,0.0068,0.0122
0.0115,0.0111,0.0070,0.0354,0.0056,0.0148,0.0166,0.0066,0.0069,0.0157,0.0072,0.0370,0.0352,0.0544,0.6738,0.0255,0.0118,0.0949,0.0002,0.0043,0.0076,0.0047,0.0000,0.0003,0.0024,0.0030,0.0029,0.0052
0.0107,0.0106,0.0082,0.0243,0.0081,0.0163,0.0131,0.0088,0.0055,0.0203,0.0060,0.0292,0.0165,0.0988,0.3662,0.1059,0.0250,0.2224,0.0053,0.0000,0.0047,0.0454,0.0002,0.0000,0.0007,0.0015,0.0007,0.0035
0.0746,0.1041,0.1088,0.1538,0.0969,0.1051,0.1617,0.0414,0.0391,0.0810,0.0357,0.0849,0.1292,0.3079,0.3673,0.0157,0.0211,0.0191,0.0097,0.0012,0.0000,0.0002,0.0042,0.0000,0.0000,0.0000,0.0000,0.0007
0.0118,0.0233,0.0276,0.2220,0.0203,0.0312,0.0832,0.0283,0.0348,0.0959,0.0545,0.2838,0.1755,0.6647,0.7410,0.1191,0.0233,0.1831,0.0086,0.0027,0.0003,0.0000,0.0000,0.0001,0.0003,0.0000,0.0000,0.0004
0.0063,0.0085,0.0071,0.0163,0.0051,0.0136,0.0099,0.0205,0.0069,0.0235,0.0067,0.0559,0.0223,0.2987,0.5161,0.0974,0.0766,0.0307,0.0560,0.0039,0.0024,0.0007,0.0000,0.0003,0.0765,0.0031,0.0000,0.0002
0.0046,0.0046,0.0044,0.0081,0.0045,0.0066,0.0118,0.0107,0.0044,0.0192,0.0113,0.0142,0.0267,0.2269,0.3669,0.2409,0.0617,0.0763,0.0312,0.0166,0.0030,0.0015,0.0000,0.0000,0.0031,0.0895,0.0001,0.0004
0.0117,0.0106,0.0177,0.2395,0.0158,0.0880,0.1260,0.0429,0.0409,0.0948,0.0284,0.4642,0.0398,0.1893,0.4549,0.0305,0.0478,0.0303,0.0369,0.0068,0.0029,0.0007,0.0000,0.0000,0.0000,0.0001,0.0001,0.0003
0.0044,0.0045,0.0075,0.0100,0.0041,0.0045,0.0041,0.0174,0.0079,0.0089,0.0219,0.0245,0.0366,0.2511,0.0999,0.0640,0.0585,0.0602,0.0302,0.0122,0.0052,0.0035,0.0007,0.0004,0.0002,0.0004,0.0003,0.0004