c1,c2,c3,c4,c5,c6,c7,c8,c9,c10,c11,c12,c13,c14,c15,c16,c17,c18,c19,c20,c21,c22,c23,c24,c25,c26,c27,c28
0.0310,0.0280,0.0012,0.0003,0.0711,0.0005,0.0503,0.0127,0.0011,0.0032,0.0015,0.0767,0.0060,0.0579,0.0038,0.0375,0.0201,0.0033,0.0125,0.0221,0.0071,0.0039,0.0169,0.0033,0.0056,0.0026,0.0022,0.0037
0.0280,0.0594,0.0467,0.0000,0.0376,0.0002,0.0051,0.0159,0.0042,0.0072,0.0014,0.0582,0.0024,0.2529,0.0018,0.0186,0.0050,0.0036,0.0237,0.0087,0.0435,0.0048,0.1084,0.0021,0.0104,0.0028,0.0016,0.0028
0.0012,0.0467,0.0402,0.0004,0.0015,0.0000,0.0011,0.0086,0.0065,0.0101,0.0053,0.7319,0.0047,0.0197,0.0030,0.0084,0.0069,0.0044,0.0089,0.0199,0.0353,0.0102,0.1454,0.0041,0.0062,0.0043,0.0048,0.0036
0.0003,0.0000,0.0004,0.0033,0.0411,0.0000,0.0002,0.0024,0.0025,0.0097,0.0205,0.9971,0.0154,0.0302,0.0015,0.0045,0.0046,0.0042,0.0243,0.0103,0.2464,0.0084,0.9678,0.0066,0.0405,0.0124,0.0172,0.0065
0.0711,0.0376,0.0015,0.0411,0.0449,0.0002,0.0005,0.0070,0.0017,0.0113,0.0106,0.1772,0.0086,0.0052,0.0012,0.0033,0.0045,0.0036,0.0052,0.0058,0.0095,0.0030,0.0520,0.0051,0.0101,0.0051,0.0150,0.0066
0.0005,0.0002,0.0000,0.0000,0.0002,0.0001,0.0039,0.0020,0.0173,0.3930,0.0859,0.7249,0.0993,0.0167,0.0010,0.0016,0.0036,0.0024,0.0146,0.0042,0.0428,0.0062,0.9952,0.0142,0.1350,0.0169,0.0875,0.0106
0.0503,0.0051,0.0011,0.0002,0.0005,0.0039,0.0266,0.0209,0.0005,0.1703,0.0008,0.0061,0.0064,0.0044,0.0015,0.0036,0.0036,0.0035,0.0100,0.0067,0.0107,0.0045,0.1771,0.0090,0.2017,0.0201,0.0620,0.0102
0.0127,0.0159,0.0086,0.0024,0.0070,0.0020,0.0209,0.1230,0.2717,0.0000,0.0011,0.0005,0.0013,0.0037,0.0010,0.0074,0.0064,0.0038,0.0073,0.0032,0.0062,0.0016,0.0459,0.0041,0.1308,0.0519,0.1770,0.0339
0.0011,0.0042,0.0065,0.0025,0.0017,0.0173,0.0005,0.2717,0.1576,0.0456,0.0001,0.0000,0.0001,0.0002,0.0003,0.0048,0.0013,0.0004,0.0031,0.0026,0.0097,0.0031,0.1189,0.0109,0.7711,0.8981,0.9232,0.0896
0.0032,0.0072,0.0101,0.0097,0.0113,0.3930,0.1703,0.0000,0.0456,0.0019,0.0060,0.0000,0.0000,0.0000,0.0001,0.0018,0.0045,0.0024,0.0079,0.0034,0.0076,0.0047,0.9785,0.0118,0.9996,0.4279,0.4051,0.0213
0.0015,0.0014,0.0053,0.0205,0.0106,0.0859,0.0008,0.0011,0.0001,0.0060,0.0525,0.0000,0.0001,0.0001,0.0001,0.0038,0.0062,0.0020,0.0048,0.0022,0.0061,0.0015,0.1505,0.2003,0.1915,0.9745,0.9947,0.1170
0.0767,0.0582,0.7319,0.9971,0.1772,0.7249,0.0061,0.0005,0.0000,0.0000,0.0000,0.0000,0.0000,0.0000,0.0000,0.0001,0.0004,0.0038,0.0281,0.0316,0.9999,0.2168,0.9998,0.3579,0.1456,0.0467,0.0256,0.0054
0.0060,0.0024,0.0047,0.0154,0.0086,0.0993,0.0064,0.0013,0.0001,0.0000,0.0001,0.0000,0.0012,0.0002,0.0000,0.0007,0.0061,0.0040,0.0387,0.0254,0.0373,0.6610,0.6271,0.9904,0.0201,0.1320,0.5262,0.0274
0.0579,0.2529,0.0197,0.0302,0.0052,0.0167,0.0044,0.0037,0.0002,0.0000,0.0001,0.0000,0.0002,0.0041,0.0000,0.0001,0.0022,0.0251,0.9114,0.1110,1.0000,0.0651,0.3547,0.0346,0.0040,0.0064,0.0030,0.0033
0.0038,0.0018,0.0030,0.0015,0.0012,0.0010,0.0015,0.0010,0.0003,0.0001,0.0001,0.0000,0.0000,0.0000,0.0014,0.0013,0.0018,0.9010,0.1790,0.2826,0.2924,1.0000,0.0858,0.9972,0.0063,0.0163,0.0038,0.0054
0.0375,0.0186,0.0084,0.0045,0.0033,0.0016,0.0036,0.0074,0.0048,0.0018,0.0038,0.0001,0.0007,0.0001,0.0013,0.0157,0.0063,0.0054,0.3129,0.0564,0.5717,0.2293,0.0116,0.0212,0.0035,0.0061,0.0027,0.0105
0.0201,0.0050,0.0069,0.0046,0.0045,0.0036,0.0036,0.0064,0.0013,0.0045,0.0062,0.0004,0.0061,0.0022,0.0018,0.0063,0.0203,0.4149,0.0007,0.0529,0.0053,0.0886,0.0071,0.0508,0.0057,0.0109,0.0050,0.0080
0.0033,0.0036,0.0044,0.0042,0.0036,0.0024,0.0035,0.0038,0.0004,0.0024,0.0020,0.0038,0.0040,0.0251,0.9010,0.0054,0.4149,0.0010,0.1234,0.0184,0.0040,0.2875,0.0003,0.0415,0.0028,0.0019,0.0016,0.0032
0.0125,0.0237,0.0089,0.0243,0.0052,0.0146,0.0100,0.0073,0.0031,0.0079,0.0048,0.0281,0.0387,0.9114,0.1790,0.3129,0.0007,0.1234,0.0000,0.2193,0.0000,0.0005,0.0001,0.0011,0.0018,0.0018,0.0069,0.0071
0.0221,0.0087,0.0199,0.0103,0.0058,0.0042,0.0067,0.0032,0.0026,0.0034,0.0022,0.0316,0.0254,0.1110,0.2826,0.0564,0.0529,0.0184,0.2193,0.0674,0.0001,0.0002,0.0000,0.0046,0.0011,0.0041,0.0018,0.0046
0.0071,0.0435,0.0353,0.2464,0.0095,0.0428,0.0107,0.0062,0.0097,0.0076,0.0061,0.9999,0.0373,1.0000,0.2924,0.5717,0.0053,0.0040,0.0000,0.0001,0.0026,0.0001,0.0000,0.0000,0.0000,0.0002,0.0004,0.0016
0.0039,0.0048,0.0102,0.0084,0.0030,0.0062,0.0045,0.0016,0.0031,0.0047,0.0015,0.2168,0.6610,0.0651,1.0000,0.2293,0.0886,0.2875,0.0005,0.0002,0.0001,0.0043,0.0000,0.0001,0.0005,0.0017,0.0004,0.0023
0.0169,0.1084,0.1454,0.9678,0.0520,0.9952,0.1771,0.0459,0.1189,0.9785,0.1505,0.9998,0.6271,0.3547,0.0858,0.0116,0.0071,0.0003,0.0001,0.0000,0.0000,0.0000,0.0001,0.0001,0.0000,0.0000,0.0000,0.0006
0.0033,0.0021,0.0041,0.0066,0.0051,0.0142,0.0090,0.0041,0.0109,0.0118,0.2003,0.3579,0.9904,0.0346,0.9972,0.0212,0.0508,0.0415,0.0011,0.0046,0.0000,0.0001,0.0001,0.0081,0.0002,0.0000,0.0001,0.0019
0.0056,0.0104,0.0062,0.0405,0.0101,0.1350,0.2017,0.1308,0.7711,0.9996,0.1915,0.1456,0.0201,0.0040,0.0063,0.0035,0.0057,0.0028,0.0018,0.0011,0.0000,0.0005,0.0000,0.0002,0.0378,0.0026,0.0000,0.0032
0.0026,0.0028,0.0043,0.0124,0.0051,0.0169,0.0201,0.0519,0.8981,0.4279,0.9745,0.0467,0.1320,0.0064,0.0163,0.0061,0.0109,0.0019,0.0018,0.0041,0.0002,0.0017,0.0000,0.0000,0.0026,0.0190,0.0003,0.0004
0.0022,0.0016,0.0048,0.0172,0.0150,0.0875,0.0620,0.1770,0.9232,0.4051,0.9947,0.0256,0.5262,0.0030,0.0038,0.0027,0.0050,0.0016,0.0069,0.0018,0.0004,0.0004,0.0000,0.0001,0.0000,0.0003,0.0002,0.1152
0.0037,0.0028,0.0036,0.0065,0.0066,0.0106,0.0102,0.0339,0.0896,0.0213,0.1170,0.0054,0.0274,0.0033,0.0054,0.0105,0.0080,0.0032,0.0071,0.0046,0.0016,0.0023,0.0006,0.0019,0.0032,0.0004,0.1152,0.0267