c1,c2,c3,c4,c5,c6,c7,c8,c9,c10,c11,c12,c13,c14,c15,c16,c17,c18,c19,c20,c21,c22,c23,c24,c25,c26,c27,c28
0.0022,0.0076,0.0010,0.0031,0.0250,0.0060,0.0374,0.0140,0.0095,0.0059,0.0077,0.0057,0.0101,0.0081,0.0057,0.0158,0.0070,0.0049,0.0109,0.0103,0.0060,0.0063,0.0142,0.0085,0.0051,0.0038,0.0053,0.0054
0.0076,0.0182,0.0578,0.0000,0.0135,0.0017,0.0057,0.0163,0.0114,0.0128,0.0084,0.0133,0.0076,0.0078,0.0089,0.0122,0.0088,0.0080,0.0207,0.0106,0.0065,0.0072,0.0166,0.0050,0.0070,0.0048,0.0040,0.0034
0.0010,0.0578,0.0136,0.0011,0.0001,0.0008,0.0017,0.0038,0.0115,0.0111,0.0122,0.0421,0.0086,0.0119,0.0162,0.0102,0.0132,0.0089,0.0291,0.0069,0.0077,0.0086,0.0261,0.0060,0.0086,0.0064,0.0108,0.0078
0.0031,0.0000,0.0011,0.0029,0.0177,0.0000,0.0019,0.0085,0.0150,0.0104,0.0290,0.0718,0.0133,0.0204,0.0111,0.0117,0.0158,0.0137,0.0380,0.0105,0.0142,0.0106,0.1023,0.0056,0.0070,0.0059,0.0603,0.0053
0.0250,0.0135,0.0001,0.0177,0.0218,0.0087,0.0001,0.0017,0.0093,0.0071,0.0132,0.0434,0.0236,0.0096,0.0124,0.0067,0.0113,0.0071,0.0118,0.0103,0.0049,0.0083,0.0308,0.0050,0.0049,0.0041,0.0113,0.0073
0.0060,0.0017,0.0008,0.0000,0.0087,0.0042,0.0053,0.0001,0.0114,0.0093,0.0221,0.1105,0.0175,0.0605,0.0221,0.1192,0.0134,0.0074,0.0107,0.0066,0.0065,0.0086,0.0209,0.0068,0.0124,0.0054,0.0157,0.0045
0.0374,0.0057,0.0017,0.0019,0.0001,0.0053,0.0238,0.0107,0.0001,0.0019,0.0053,0.0177,0.0124,0.0171,0.0286,0.0212,0.0161,0.0121,0.0306,0.0110,0.0054,0.0111,0.0374,0.0068,0.0102,0.0056,0.0223,0.0042
0.0140,0.0163,0.0038,0.0085,0.0017,0.0001,0.0107,0.0033,0.0334,0.0001,0.0040,0.0062,0.0028,0.0121,0.0286,0.0080,0.0183,0.0095,0.0455,0.0119,0.0038,0.0072,0.1377,0.0082,0.0119,0.0069,0.0222,0.0052
0.0095,0.0114,0.0115,0.0150,0.0093,0.0114,0.0001,0.0334,0.0185,0.0376,0.0007,0.0029,0.0027,0.0041,0.0094,0.0111,0.0115,0.0031,0.0173,0.0055,0.0063,0.0068,0.0162,0.0100,0.0074,0.0029,0.0218,0.0053
0.0059,0.0128,0.0111,0.0104,0.0071,0.0093,0.0019,0.0001,0.0376,0.0105,0.0710,0.0000,0.0028,0.0058,0.0047,0.0078,0.0312,0.0115,0.0274,0.0158,0.0181,0.0130,0.0308,0.0056,0.0159,0.0078,0.0165,0.0056
0.0077,0.0084,0.0122,0.0290,0.0132,0.0221,0.0053,0.0040,0.0007,0.0710,0.0147,0.0071,0.0003,0.0060,0.0028,0.0018,0.0101,0.0072,0.0297,0.0050,0.0065,0.0048,0.0150,0.0067,0.0074,0.0048,0.0146,0.0071
0.0057,0.0133,0.0421,0.0718,0.0434,0.1105,0.0177,0.0062,0.0029,0.0000,0.0071,0.0008,0.0103,0.0000,0.0001,0.0019,0.0019,0.0219,0.0125,0.0304,0.0108,0.0155,0.0547,0.0178,0.0176,0.0096,0.0844,0.0133
0.0101,0.0076,0.0086,0.0133,0.0236,0.0175,0.0124,0.0028,0.0027,0.0028,0.0003,0.0103,0.0124,0.0079,0.0000,0.0020,0.0053,0.0040,0.0130,0.0219,0.0095,0.0108,0.0421,0.0149,0.0229,0.0102,0.0232,0.0253
0.0081,0.0078,0.0119,0.0204,0.0096,0.0605,0.0171,0.0121,0.0041,0.0058,0.0060,0.0000,0.0079,0.0029,0.0002,0.0002,0.0020,0.0053,0.0063,0.0148,0.0557,0.0136,0.0410,0.0391,0.0286,0.0148,0.0132,0.0167
0.0057,0.0089,0.0162,0.0111,0.0124,0.0221,0.0286,0.0286,0.0094,0.0047,0.0028,0.0001,0.0000,0.0002,0.0033,0.0067,0.0000,0.0051,0.0102,0.0111,0.0516,0.0595,0.2021,0.0564,0.0356,0.0240,0.0311,0.0195
0.0158,0.0122,0.0102,0.0117,0.0067,0.1192,0.0212,0.0080,0.0111,0.0078,0.0018,0.0019,0.0020,0.0002,0.0067,0.0093,0.0008,0.0002,0.0008,0.0046,0.0049,0.0261,0.0645,0.2123,0.0148,0.0139,0.0116,0.0107
0.0070,0.0088,0.0132,0.0158,0.0113,0.0134,0.0161,0.0183,0.0115,0.0312,0.0101,0.0019,0.0053,0.0020,0.0000,0.0008,0.0014,0.0236,0.0000,0.0023,0.0152,0.0208,0.0488,0.0551,0.3415,0.0335,0.0275,0.0163
0.0049,0.0080,0.0089,0.0137,0.0071,0.0074,0.0121,0.0095,0.0031,0.0115,0.0072,0.0219,0.0040,0.0053,0.0051,0.0002,0.0236,0.0037,0.0088,0.0001,0.0207,0.0117,0.0031,0.0229,0.0180,0.0486,0.0272,0.0132
0.0109,0.0207,0.0291,0.0380,0.0118,0.0107,0.0306,0.0455,0.0173,0.0274,0.0297,0.0125,0.0130,0.0063,0.0102,0.0008,0.0000,0.0088,0.0029,0.0067,0.0000,0.0020,0.0026,0.0036,0.0134,0.0156,0.0912,0.0102
0.0103,0.0106,0.0069,0.0105,0.0103,0.0066,0.0110,0.0119,0.0055,0.0158,0.0050,0.0304,0.0219,0.0148,0.0111,0.0046,0.0023,0.0001,0.0067,0.0104,0.0067,0.0001,0.0010,0.0236,0.0088,0.0190,0.0225,0.0847
0.0060,0.0065,0.0077,0.0142,0.0049,0.0065,0.0054,0.0038,0.0063,0.0181,0.0065,0.0108,0.0095,0.0557,0.0516,0.0049,0.0152,0.0207,0.0000,0.0067,0.0085,0.0234,0.0000,0.0089,0.0332,0.0151,0.0113,0.0186
0.0063,0.0072,0.0086,0.0106,0.0083,0.0086,0.0111,0.0072,0.0068,0.0130,0.0048,0.0155,0.0108,0.0136,0.0595,0.0261,0.0208,0.0117,0.0020,0.0001,0.0234,0.0225,0.0016,0.0001,0.0018,0.0321,0.0035,0.0188
0.0142,0.0166,0.0261,0.1023,0.0308,0.0209,0.0374,0.1377,0.0162,0.0308,0.0150,0.0547,0.0421,0.0410,0.2021,0.0645,0.0488,0.0031,0.0026,0.0010,0.0000,0.0016,0.0003,0.0047,0.0000,0.0018,0.0002,0.0011
0.0085,0.0050,0.0060,0.0056,0.0050,0.0068,0.0068,0.0082,0.0100,0.0056,0.0067,0.0178,0.0149,0.0391,0.0564,0.2123,0.0551,0.0229,0.0036,0.0236,0.0089,0.0001,0.0047,0.0045,0.0047,0.0001,0.0002,0.0122
0.0051,0.0070,0.0086,0.0070,0.0049,0.0124,0.0102,0.0119,0.0074,0.0159,0.0074,0.0176,0.0229,0.0286,0.0356,0.0148,0.3415,0.0180,0.0134,0.0088,0.0332,0.0018,0.0000,0.0047,0.0086,0.0622,0.0000,0.0119
0.0038,0.0048,0.0064,0.0059,0.0041,0.0054,0.0056,0.0069,0.0029,0.0078,0.0048,0.0096,0.0102,0.0148,0.0240,0.0139,0.0335,0.0486,0.0156,0.0190,0.0151,0.0321,0.0018,0.0001,0.0622,0.0222,0.0028,0.0001
0.0053,0.0040,0.0108,0.0603,0.0113,0.0157,0.0223,0.0222,0.0218,0.0165,0.0146,0.0844,0.0232,0.0132,0.0311,0.0116,0.0275,0.0272,0.0912,0.0225,0.0113,0.0035,0.0002,0.0002,0.0000,0.0028,0.0010,0.0011
0.0054,0.0034,0.0078,0.0053,0.0073,0.0045,0.0042,0.0052,0.0053,0.0056,0.0071,0.0133,0.0253,0.0167,0.0195,0.0107,0.0163,0.0132,0.0102,0.0847,0.0186,0.0188,0.0011,0.0122,0.0119,0.0001,0.0011,0.0042