c1,c2,c3,c4,c5,c6,c7,c8,c9,c10,c11,c12,c13,c14,c15,c16,c17,c18,c19,c20,c21,c22,c23,c24,c25,c26,c27,c28
0.0050,0.0026,0.0005,0.0001,0.0023,0.0014,0.0053,0.0082,0.0135,0.0069,0.0178,0.0455,0.0163,0.0187,0.0064,0.0436,0.0134,0.0057,0.0126,0.0143,0.0103,0.0062,0.0353,0.0078,0.0059,0.0078,0.0124,0.0088
0.0026,0.0033,0.0343,0.0000,0.0011,0.0012,0.0016,0.0090,0.0272,0.0117,0.0100,0.0349,0.0075,0.0467,0.0031,0.0867,0.0087,0.0098,0.0117,0.0072,0.0191,0.0063,0.0630,0.0128,0.0556,0.0103,0.0113,0.0066
0.0005,0.0343,0.0314,0.0000,0.0001,0.0004,0.0007,0.0047,0.0347,0.0184,0.0145,0.1171,0.0090,0.0253,0.0081,0.0178,0.0097,0.0068,0.0069,0.0058,0.0113,0.0066,0.0735,0.0060,0.0115,0.0172,0.0209,0.0119
0.0001,0.0000,0.0000,0.0001,0.0014,0.0000,0.0003,0.0007,0.0896,0.0204,0.1992,0.6968,0.0262,0.0547,0.0078,0.0107,0.0082,0.0173,0.0131,0.0118,0.0527,0.0091,0.7171,0.0095,0.1511,0.0192,0.3781,0.0191
0.0023,0.0011,0.0001,0.0014,0.1315,0.0446,0.0000,0.0014,0.0201,0.0094,0.0241,0.1385,0.0167,0.0064,0.0059,0.0054,0.0078,0.0067,0.0061,0.0068,0.0102,0.0077,0.0415,0.0067,0.0070,0.0133,0.0206,0.0194
0.0014,0.0012,0.0004,0.0000,0.0446,0.0025,0.0129,0.0016,0.0874,0.0185,0.0049,0.4039,0.0087,0.0661,0.0063,0.0524,0.0056,0.0021,0.0002,0.0026,0.0119,0.0031,0.0495,0.0044,0.0323,0.0082,0.1225,0.0077
0.0053,0.0016,0.0007,0.0003,0.0000,0.0129,0.0098,0.0084,0.0001,0.0021,0.0027,0.0360,0.0145,0.0239,0.0092,0.0224,0.0113,0.0074,0.0102,0.0094,0.0326,0.0068,0.1571,0.0082,0.0682,0.0268,0.1669,0.0118
0.0082,0.0090,0.0047,0.0007,0.0014,0.0016,0.0084,0.0172,0.0028,0.0000,0.0007,0.0008,0.0050,0.0127,0.0089,0.0120,0.0114,0.0082,0.0064,0.0073,0.0152,0.0052,0.1499,0.0093,0.1596,0.0352,0.1987,0.0210
0.0135,0.0272,0.0347,0.0896,0.0201,0.0874,0.0001,0.0028,0.0080,0.0345,0.0003,0.0002,0.0010,0.0016,0.0038,0.0026,0.0051,0.0009,0.0024,0.0021,0.0079,0.0033,0.0972,0.0116,0.0756,0.0449,0.1892,0.0113
0.0069,0.0117,0.0184,0.0204,0.0094,0.0185,0.0021,0.0000,0.0345,0.0095,0.0336,0.0000,0.0001,0.0003,0.0006,0.0059,0.0082,0.0073,0.0109,0.0092,0.0393,0.0067,0.1213,0.0143,0.5665,0.0297,0.5871,0.0262
0.0178,0.0100,0.0145,0.1992,0.0241,0.0049,0.0027,0.0007,0.0003,0.0336,0.0111,0.0003,0.0001,0.0001,0.0005,0.0008,0.0058,0.0020,0.0076,0.0034,0.0101,0.0039,0.1013,0.1005,0.0257,0.4035,0.1857,0.0636
0.0455,0.0349,0.1171,0.6968,0.1385,0.4039,0.0360,0.0008,0.0002,0.0000,0.0003,0.0001,0.0007,0.0000,0.0000,0.0003,0.0016,0.0067,0.0267,0.0189,0.1204,0.0180,0.5580,0.1139,0.4105,0.0349,0.2831,0.0089
0.0163,0.0075,0.0090,0.0262,0.0167,0.0087,0.0145,0.0050,0.0010,0.0001,0.0001,0.0007,0.0011,0.0001,0.0000,0.0002,0.0032,0.0033,0.0205,0.0150,0.0585,0.0882,0.4912,0.5896,0.0181,0.2074,0.0751,0.0288
0.0187,0.0467,0.0253,0.0547,0.0064,0.0661,0.0239,0.0127,0.0016,0.0003,0.0001,0.0000,0.0001,0.0004,0.0000,0.0000,0.0003,0.0019,0.0496,0.0293,0.7595,0.3112,0.8024,0.0717,0.5329,0.0354,0.0856,0.0093
0.0064,0.0031,0.0081,0.0078,0.0059,0.0063,0.0092,0.0089,0.0038,0.0006,0.0005,0.0000,0.0000,0.0000,0.0024,0.0004,0.0000,0.0010,0.0585,0.0223,0.2847,0.9011,0.3767,0.7570,0.0257,0.3618,0.0443,0.0247
0.0436,0.0867,0.0178,0.0107,0.0054,0.0524,0.0224,0.0120,0.0026,0.0059,0.0008,0.0003,0.0002,0.0000,0.0004,0.0020,0.0004,0.0006,0.0260,0.0242,0.3977,0.3802,0.0403,0.0620,0.0273,0.0135,0.0074,0.0064
0.0134,0.0087,0.0097,0.0082,0.0078,0.0056,0.0113,0.0114,0.0051,0.0082,0.0058,0.0016,0.0032,0.0003,0.0000,0.0004,0.0045,0.1255,0.0008,0.0209,0.0050,0.4104,0.0174,0.1228,0.0142,0.0450,0.0085,0.0101
0.0057,0.0098,0.0068,0.0173,0.0067,0.0021,0.0074,0.0082,0.0009,0.0073,0.0020,0.0067,0.0033,0.0019,0.0010,0.0006,0.1255,0.0026,0.3586,0.0048,0.0036,0.0285,0.0046,0.0398,0.0114,0.0149,0.0172,0.0088
0.0126,0.0117,0.0069,0.0131,0.0061,0.0002,0.0102,0.0064,0.0024,0.0109,0.0076,0.0267,0.0205,0.0496,0.0585,0.0260,0.0008,0.3586,0.0001,0.2038,0.0000,0.0009,0.0011,0.0034,0.0081,0.0092,0.0268,0.0143
0.0143,0.0072,0.0058,0.0118,0.0068,0.0026,0.0094,0.0073,0.0021,0.0092,0.0034,0.0189,0.0150,0.0293,0.0223,0.0242,0.0209,0.0048,0.2038,0.0215,0.0014,0.0003,0.0003,0.0175,0.0017,0.0096,0.0031,0.0042
0.0103,0.0191,0.0113,0.0527,0.0102,0.0119,0.0326,0.0152,0.0079,0.0393,0.0101,0.1204,0.0585,0.7595,0.2847,0.3977,0.0050,0.0036,0.0000,0.0014,0.0107,0.0046,0.0000,0.0002,0.0002,0.0006,0.0014,0.0037
0.0062,0.0063,0.0066,0.0091,0.0077,0.0031,0.0068,0.0052,0.0033,0.0067,0.0039,0.0180,0.0882,0.3112,0.9011,0.3802,0.4104,0.0285,0.0009,0.0003,0.0046,0.0105,0.0000,0.0001,0.0002,0.0027,0.0004,0.0034
0.0353,0.0630,0.0735,0.7171,0.0415,0.0495,0.1571,0.1499,0.0972,0.1213,0.1013,0.5580,0.4912,0.8024,0.3767,0.0403,0.0174,0.0046,0.0011,0.0003,0.0000,0.0000,0.0000,0.0002,0.0000,0.0000,0.0000,0.0006
0.0078,0.0128,0.0060,0.0095,0.0067,0.0044,0.0082,0.0093,0.0116,0.0143,0.1005,0.1139,0.5896,0.0717,0.7570,0.0620,0.1228,0.0398,0.0034,0.0175,0.0002,0.0001,0.0002,0.0050,0.0002,0.0000,0.0000,0.0031
0.0059,0.0556,0.0115,0.1511,0.0070,0.0323,0.0682,0.1596,0.0756,0.5665,0.0257,0.4105,0.0181,0.5329,0.0257,0.0273,0.0142,0.0114,0.0081,0.0017,0.0002,0.0002,0.0000,0.0002,0.0519,0.0006,0.0000,0.0003
0.0078,0.0103,0.0172,0.0192,0.0133,0.0082,0.0268,0.0352,0.0449,0.0297,0.4035,0.0349,0.2074,0.0354,0.3618,0.0135,0.0450,0.0149,0.0092,0.0096,0.0006,0.0027,0.0000,0.0000,0.0006,0.0047,0.0000,0.0001
0.0124,0.0113,0.0209,0.3781,0.0206,0.1225,0.1669,0.1987,0.1892,0.5871,0.1857,0.2831,0.0751,0.0856,0.0443,0.0074,0.0085,0.0172,0.0268,0.0031,0.0014,0.0004,0.0000,0.0000,0.0000,0.0000,0.0000,0.0044
0.0088,0.0066,0.0119,0.0191,0.0194,0.0077,0.0118,0.0210,0.0113,0.0262,0.0636,0.0089,0.0288,0.0093,0.0247,0.0064,0.0101,0.0088,0.0143,0.0042,0.0037,0.0034,0.0006,0.0031,0.0003,0.0001,0.0044,0.0149