c1,c2,c3,c4,c5,c6,c7,c8,c9,c10,c11,c12,c13,c14,c15,c16,c17,c18,c19,c20,c21,c22,c23,c24,c25,c26,c27,c28
0.0070,0.0017,0.0001,0.0000,0.0095,0.0092,0.0140,0.0835,0.0376,0.8554,0.0191,0.0195,0.0095,0.0080,0.0026,0.0041,0.0045,0.0065,0.0030,0.0068,0.0036,0.0051,0.0032,0.0106,0.0182,0.0096,0.0211,0.0031
0.0017,0.0093,0.0242,0.0000,0.0020,0.0033,0.0034,0.0256,0.0150,0.9937,0.0112,0.0177,0.0038,0.0031,0.0017,0.0010,0.0017,0.0046,0.0061,0.0056,0.0032,0.0024,0.0080,0.0021,0.6959,0.0110,0.2671,0.0024
0.0001,0.0242,0.0318,0.0000,0.0001,0.0012,0.0014,0.0140,0.0243,0.6700,0.0073,0.0075,0.0055,0.0028,0.0028,0.0032,0.0036,0.0060,0.0058,0.0074,0.0076,0.0053,0.0138,0.0073,0.8201,0.0164,0.1553,0.0065
0.0000,0.0000,0.0000,0.0012,0.0050,0.0001,0.0183,0.1946,0.0485,0.9866,0.0345,0.0058,0.0030,0.0016,0.0022,0.0016,0.0028,0.0046,0.0046,0.0054,0.0064,0.0022,0.0068,0.0030,0.5387,0.0169,0.9998,0.0129
0.0095,0.0020,0.0001,0.0050,0.0545,0.0294,0.0074,0.7482,0.0005,0.0048,0.0117,0.0029,0.0048,0.0017,0.0019,0.0013,0.0039,0.0058,0.0092,0.0059,0.0035,0.0042,0.0060,0.0053,0.0207,0.0097,0.3075,0.0179
0.0092,0.0033,0.0012,0.0001,0.0294,0.1350,0.4896,0.0000,0.0057,0.0016,0.0026,0.0175,0.0026,0.0082,0.0029,0.0055,0.0036,0.0059,0.0099,0.0055,0.0076,0.0039,0.0148,0.0038,0.1262,0.0109,0.1584,0.0202
0.0140,0.0034,0.0014,0.0183,0.0074,0.4896,0.3254,0.0975,0.0001,0.0000,0.0001,0.0003,0.0009,0.0054,0.0013,0.0035,0.0026,0.0046,0.0091,0.0067,0.0065,0.0040,0.0142,0.0080,0.0970,0.0314,0.8113,0.1505
0.0835,0.0256,0.0140,0.1946,0.7482,0.0000,0.0975,0.0001,0.0015,0.0000,0.0000,0.0000,0.0002,0.0016,0.0017,0.0023,0.0042,0.0034,0.0221,0.0087,0.0101,0.0028,0.0275,0.0067,0.2050,0.0742,1.0000,0.0415
0.0376,0.0150,0.0243,0.0485,0.0005,0.0057,0.0001,0.0015,0.0020,0.0000,0.0001,0.0000,0.0021,0.0008,0.0035,0.0030,0.0050,0.0070,0.0208,0.0067,0.0116,0.0049,0.0290,0.0186,0.2772,0.0915,0.2229,0.9993
0.8554,0.9937,0.6700,0.9866,0.0048,0.0016,0.0000,0.0000,0.0000,0.0000,0.0000,0.0000,0.0000,0.0000,0.0002,0.0006,0.0016,0.0052,0.0433,0.0206,0.1189,0.0131,0.6014,0.0117,1.0000,0.1779,1.0000,0.0129
0.0191,0.0112,0.0073,0.0345,0.0117,0.0026,0.0001,0.0000,0.0001,0.0000,0.0032,0.0000,0.0009,0.0001,0.0026,0.0005,0.0043,0.0055,0.0201,0.0076,0.0051,0.0042,0.0693,0.0565,0.1400,0.9998,0.1504,0.9995
0.0195,0.0177,0.0075,0.0058,0.0029,0.0175,0.0003,0.0000,0.0000,0.0000,0.0000,0.0001,0.0006,0.0000,0.0001,0.0014,0.0016,0.0114,0.2366,0.0458,0.8659,0.0844,1.0000,0.2695,1.0000,0.0403,0.1713,0.0058
0.0095,0.0038,0.0055,0.0030,0.0048,0.0026,0.0009,0.0002,0.0021,0.0000,0.0009,0.0006,0.0018,0.0066,0.0001,0.0001,0.0024,0.0015,0.0036,0.0049,0.0190,0.0382,0.1054,0.9998,0.0609,0.9901,0.0166,0.3100
0.0080,0.0031,0.0028,0.0016,0.0017,0.0082,0.0054,0.0016,0.0008,0.0000,0.0001,0.0000,0.0066,0.0063,0.0003,0.0001,0.0008,0.0046,0.0703,0.0280,0.9998,0.6024,0.9906,0.3274,0.0374,0.0077,0.0029,0.0018
0.0026,0.0017,0.0028,0.0022,0.0019,0.0029,0.0013,0.0017,0.0035,0.0002,0.0026,0.0001,0.0001,0.0003,0.0050,0.0010,0.0001,0.0033,0.0197,0.0091,0.1481,0.9832,0.0425,0.9997,0.0067,0.6097,0.0041,0.0220
0.0041,0.0010,0.0032,0.0016,0.0013,0.0055,0.0035,0.0023,0.0030,0.0006,0.0005,0.0014,0.0001,0.0001,0.0010,0.0112,0.0008,0.0011,0.5032,0.0456,0.9998,0.9928,0.2694,0.0785,0.0011,0.0046,0.0008,0.0017
0.0045,0.0017,0.0036,0.0028,0.0039,0.0036,0.0026,0.0042,0.0050,0.0016,0.0043,0.0016,0.0024,0.0008,0.0001,0.0008,0.0163,0.3321,0.0002,0.0378,0.0116,0.9993,0.0165,0.5235,0.0012,0.0200,0.0016,0.0070
0.0065,0.0046,0.0060,0.0046,0.0058,0.0059,0.0046,0.0034,0.0070,0.0052,0.0055,0.0114,0.0015,0.0046,0.0033,0.0011,0.3321,0.0468,0.0977,0.0028,0.0017,0.2145,0.0026,0.0296,0.0019,0.0059,0.0013,0.0087
0.0030,0.0061,0.0058,0.0046,0.0092,0.0099,0.0091,0.0221,0.0208,0.0433,0.0201,0.2366,0.0036,0.0703,0.0197,0.5032,0.0002,0.0977,0.0000,0.4696,0.0000,0.0203,0.0039,0.0037,0.0018,0.0008,0.0006,0.0025
0.0068,0.0056,0.0074,0.0054,0.0059,0.0055,0.0067,0.0087,0.0067,0.0206,0.0076,0.0458,0.0049,0.0280,0.0091,0.0456,0.0378,0.0028,0.4696,0.1155,0.0004,0.0003,0.0022,0.0035,0.0007,0.0044,0.0005,0.0049
0.0036,0.0032,0.0076,0.0064,0.0035,0.0076,0.0065,0.0101,0.0116,0.1189,0.0051,0.8659,0.0190,0.9998,0.1481,0.9998,0.0116,0.0017,0.0000,0.0004,0.0055,0.0007,0.0000,0.0001,0.0001,0.0003,0.0001,0.0006
0.0051,0.0024,0.0053,0.0022,0.0042,0.0039,0.0040,0.0028,0.0049,0.0131,0.0042,0.0844,0.0382,0.6024,0.9832,0.9928,0.9993,0.2145,0.0203,0.0003,0.0007,0.0033,0.0000,0.0000,0.0000,0.0002,0.0000,0.0005
0.0032,0.0080,0.0138,0.0068,0.0060,0.0148,0.0142,0.0275,0.0290,0.6014,0.0693,1.0000,0.1054,0.9906,0.0425,0.2694,0.0165,0.0026,0.0039,0.0022,0.0000,0.0000,0.0251,0.0003,0.0000,0.0000,0.0000,0.0002
0.0106,0.0021,0.0073,0.0030,0.0053,0.0038,0.0080,0.0067,0.0186,0.0117,0.0565,0.2695,0.9998,0.3274,0.9997,0.0785,0.5235,0.0296,0.0037,0.0035,0.0001,0.0000,0.0003,0.0036,0.0000,0.0000,0.0000,0.0006
0.0182,0.6959,0.8201,0.5387,0.0207,0.1262,0.0970,0.2050,0.2772,1.0000,0.1400,1.0000,0.0609,0.0374,0.0067,0.0011,0.0012,0.0019,0.0018,0.0007,0.0001,0.0000,0.0000,0.0000,0.0000,0.0000,0.0000,0.0000
0.0096,0.0110,0.0164,0.0169,0.0097,0.0109,0.0314,0.0742,0.0915,0.1779,0.9998,0.0403,0.9901,0.0077,0.6097,0.0046,0.0200,0.0059,0.0008,0.0044,0.0003,0.0002,0.0000,0.0000,0.0000,0.0054,0.0000,0.0001
0.0211,0.2671,0.1553,0.9998,0.3075,0.1584,0.8113,1.0000,0.2229,1.0000,0.1504,0.1713,0.0166,0.0029,0.0041,0.0008,0.0016,0.0013,0.0006,0.0005,0.0001,0.0000,0.0000,0.0000,0.0000,0.0000,0.0000,0.0000
0.0031,0.0024,0.0065,0.0129,0.0179,0.0202,0.1505,0.0415,0.9993,0.0129,0.9995,0.0058,0.3100,0.0018,0.0220,0.0017,0.0070,0.0087,0.0025,0.0049,0.0006,0.0005,0.0002,0.0006,0.0000,0.0001,0.0000,0.0004