c1,c2,c3,c4,c5,c6,c7,c8,c9,c10,c11,c12,c13,c14,c15,c16,c17,c18,c19,c20,c21,c22,c23,c24,c25,c26,c27,c28
0.0302,0.0040,0.0010,0.0009,0.0068,0.0083,0.0121,0.0135,0.0079,0.0145,0.0086,0.0081,0.0087,0.0077,0.0029,0.0064,0.0109,0.0080,0.0064,0.0116,0.0106,0.0068,0.0212,0.0078,0.0030,0.0066,0.0078,0.0060
0.0040,0.0295,0.0812,0.0000,0.0098,0.0020,0.0010,0.0233,0.0129,0.0169,0.0063,0.0130,0.0059,0.0102,0.0068,0.0089,0.0083,0.0091,0.0092,0.0102,0.0211,0.0073,0.0284,0.0090,0.0069,0.0066,0.0122,0.0054
0.0010,0.0812,0.0531,0.0003,0.0002,0.0011,0.0010,0.0032,0.0110,0.0224,0.0056,0.0310,0.0115,0.0084,0.0074,0.0106,0.0082,0.0071,0.0065,0.0080,0.0107,0.0078,0.0611,0.0087,0.0087,0.0091,0.0285,0.0082
0.0009,0.0000,0.0003,0.0012,0.0148,0.0000,0.0004,0.0116,0.0292,0.0099,0.0368,0.0663,0.0225,0.0086,0.0104,0.0035,0.0091,0.0123,0.0135,0.0154,0.0368,0.0079,0.4779,0.0164,0.0408,0.0122,0.2683,0.0195
0.0068,0.0098,0.0002,0.0148,0.0410,0.0101,0.0000,0.0017,0.0123,0.0112,0.0217,0.0335,0.0136,0.0072,0.0078,0.0174,0.0108,0.0088,0.0044,0.0066,0.0095,0.0085,0.0348,0.0069,0.0090,0.0056,0.0120,0.0054
0.0083,0.0020,0.0011,0.0000,0.0101,0.0878,0.0007,0.0002,0.0125,0.0171,0.0054,0.0292,0.0142,0.0152,0.0101,0.0882,0.0067,0.0083,0.0088,0.0047,0.0157,0.0071,0.0435,0.0082,0.0191,0.0119,0.0518,0.0059
0.0121,0.0010,0.0010,0.0004,0.0000,0.0007,0.0007,0.0073,0.0004,0.0001,0.0067,0.0085,0.0360,0.0264,0.0741,0.0264,0.0098,0.0190,0.0312,0.0245,0.0271,0.0099,0.1011,0.0624,0.0256,0.0490,0.1366,0.0093
0.0135,0.0233,0.0032,0.0116,0.0017,0.0002,0.0073,0.0135,0.0396,0.0000,0.0009,0.0012,0.0053,0.0093,0.0144,0.0188,0.0178,0.0101,0.0151,0.0120,0.0154,0.0066,0.0586,0.0066,0.0278,0.0140,0.1004,0.0113
0.0079,0.0129,0.0110,0.0292,0.0123,0.0125,0.0004,0.0396,0.0217,0.0016,0.0000,0.0001,0.0042,0.0038,0.0128,0.0144,0.0149,0.0026,0.0040,0.0045,0.0134,0.0054,0.0310,0.0188,0.0299,0.0156,0.1030,0.0172
0.0145,0.0169,0.0224,0.0099,0.0112,0.0171,0.0001,0.0000,0.0016,0.0004,0.0365,0.0000,0.0008,0.0019,0.0064,0.0091,0.0115,0.0128,0.0184,0.0148,0.0523,0.0284,0.4629,0.0248,0.2828,0.0362,0.5692,0.0202
0.0086,0.0063,0.0056,0.0368,0.0217,0.0054,0.0067,0.0009,0.0000,0.0365,0.0889,0.0040,0.0004,0.0008,0.0044,0.0029,0.0102,0.0017,0.0073,0.0074,0.0109,0.0049,0.0691,0.0199,0.0186,0.0181,0.0699,0.0239
0.0081,0.0130,0.0310,0.0663,0.0335,0.0292,0.0085,0.0012,0.0001,0.0000,0.0040,0.0004,0.0035,0.0000,0.0004,0.0018,0.0060,0.0236,0.0408,0.0416,0.1281,0.0512,0.4175,0.0459,0.1052,0.0182,0.1861,0.0217
0.0087,0.0059,0.0115,0.0225,0.0136,0.0142,0.0360,0.0053,0.0042,0.0008,0.0004,0.0035,0.0101,0.0015,0.0000,0.0002,0.0027,0.0035,0.0117,0.0179,0.0280,0.0264,0.1431,0.0755,0.0106,0.0402,0.0302,0.0181
0.0077,0.0102,0.0084,0.0086,0.0072,0.0152,0.0264,0.0093,0.0038,0.0019,0.0008,0.0000,0.0015,0.0053,0.0010,0.0000,0.0012,0.0083,0.0169,0.0231,0.0582,0.0340,0.1487,0.0481,0.2361,0.0405,0.0733,0.0146
0.0029,0.0068,0.0074,0.0104,0.0078,0.0101,0.0741,0.0144,0.0128,0.0064,0.0044,0.0004,0.0000,0.0010,0.0018,0.0017,0.0000,0.0013,0.0182,0.0103,0.0572,0.0409,0.0548,0.0930,0.1565,0.0677,0.0454,0.0285
0.0064,0.0089,0.0106,0.0035,0.0174,0.0882,0.0264,0.0188,0.0144,0.0091,0.0029,0.0018,0.0002,0.0000,0.0017,0.0033,0.0008,0.0004,0.0056,0.0096,0.0439,0.1693,0.0115,0.0615,0.0939,0.0384,0.0064,0.0105
0.0109,0.0083,0.0082,0.0091,0.0108,0.0067,0.0098,0.0178,0.0149,0.0115,0.0102,0.0060,0.0027,0.0012,0.0000,0.0008,0.0038,0.0609,0.0003,0.0026,0.0093,0.0364,0.0167,0.0455,0.0374,0.0531,0.0133,0.0219
0.0080,0.0091,0.0071,0.0123,0.0088,0.0083,0.0190,0.0101,0.0026,0.0128,0.0017,0.0236,0.0035,0.0083,0.0013,0.0004,0.0609,0.0012,0.0607,0.0004,0.0124,0.0153,0.0012,0.0192,0.0206,0.0100,0.0104,0.0183
0.0064,0.0092,0.0065,0.0135,0.0044,0.0088,0.0312,0.0151,0.0040,0.0184,0.0073,0.0408,0.0117,0.0169,0.0182,0.0056,0.0003,0.0607,0.0000,0.0520,0.0001,0.0036,0.0013,0.0065,0.0228,0.0145,0.0309,0.0102
0.0116,0.0102,0.0080,0.0154,0.0066,0.0047,0.0245,0.0120,0.0045,0.0148,0.0074,0.0416,0.0179,0.0231,0.0103,0.0096,0.0026,0.0004,0.0520,0.0309,0.0025,0.0001,0.0005,0.0179,0.0038,0.0112,0.0043,0.0086
0.0106,0.0211,0.0107,0.0368,0.0095,0.0157,0.0271,0.0154,0.0134,0.0523,0.0109,0.1281,0.0280,0.0582,0.0572,0.0439,0.0093,0.0124,0.0001,0.0025,0.0131,0.0153,0.0000,0.0006,0.0004,0.0013,0.0027,0.0043
0.0068,0.0073,0.0078,0.0079,0.0085,0.0071,0.0099,0.0066,0.0054,0.0284,0.0049,0.0512,0.0264,0.0340,0.0409,0.1693,0.0364,0.0153,0.0036,0.0001,0.0153,0.0175,0.0001,0.0005,0.0022,0.0043,0.0009,0.0062
0.0212,0.0284,0.0611,0.4779,0.0348,0.0435,0.1011,0.0586,0.0310,0.4629,0.0691,0.4175,0.1431,0.1487,0.0548,0.0115,0.0167,0.0012,0.0013,0.0005,0.0000,0.0001,0.0027,0.0007,0.0000,0.0004,0.0000,0.0006
0.0078,0.0090,0.0087,0.0164,0.0069,0.0082,0.0624,0.0066,0.0188,0.0248,0.0199,0.0459,0.0755,0.0481,0.0930,0.0615,0.0455,0.0192,0.0065,0.0179,0.0006,0.0005,0.0007,0.0105,0.0004,0.0000,0.0000,0.0063
0.0030,0.0069,0.0087,0.0408,0.0090,0.0191,0.0256,0.0278,0.0299,0.2828,0.0186,0.1052,0.0106,0.2361,0.1565,0.0939,0.0374,0.0206,0.0228,0.0038,0.0004,0.0022,0.0000,0.0004,0.0041,0.0048,0.0000,0.0006
0.0066,0.0066,0.0091,0.0122,0.0056,0.0119,0.0490,0.0140,0.0156,0.0362,0.0181,0.0182,0.0402,0.0405,0.0677,0.0384,0.0531,0.0100,0.0145,0.0112,0.0013,0.0043,0.0004,0.0000,0.0048,0.0252,0.0000,0.0002
0.0078,0.0122,0.0285,0.2683,0.0120,0.0518,0.1366,0.1004,0.1030,0.5692,0.0699,0.1861,0.0302,0.0733,0.0454,0.0064,0.0133,0.0104,0.0309,0.0043,0.0027,0.0009,0.0000,0.0000,0.0000,0.0000,0.0002,0.0009
0.0060,0.0054,0.0082,0.0195,0.0054,0.0059,0.0093,0.0113,0.0172,0.0202,0.0239,0.0217,0.0181,0.0146,0.0285,0.0105,0.0219,0.0183,0.0102,0.0086,0.0043,0.0062,0.0006,0.0063,0.0006,0.0002,0.0009,0.0079