c1,c2,c3,c4,c5,c6,c7,c8,c9,c10,c11,c12,c13,c14,c15,c16,c17,c18,c19,c20,c21,c22,c23,c24,c25,c26,c27,c28
0.0077,0.0066,0.0005,0.0000,0.0006,0.0003,0.0041,0.0049,0.0272,0.0273,0.0656,0.0349,0.0788,0.0062,0.0059,0.0136,0.0096,0.0039,0.0047,0.0218,0.0069,0.0142,0.0243,0.0318,0.0126,0.0424,0.0165,0.0231
0.0066,0.0080,0.0530,0.0000,0.0021,0.0005,0.0015,0.0071,0.0386,0.1393,0.0123,0.0223,0.0253,0.0043,0.0032,0.0054,0.0061,0.0095,0.0092,0.0107,0.0131,0.0069,0.0257,0.0314,0.0690,0.0169,0.0300,0.0081
0.0005,0.0530,0.0303,0.0000,0.0001,0.0003,0.0005,0.0038,0.0437,0.0852,0.0106,0.0517,0.0149,0.0066,0.0052,0.0106,0.0057,0.0050,0.0075,0.0106,0.0160,0.0107,0.0568,0.0126,0.0382,0.0216,0.0294,0.0136
0.0000,0.0000,0.0000,0.0001,0.0011,0.0000,0.0002,0.0011,0.2583,0.2202,0.0877,0.7392,0.0428,0.0159,0.0079,0.0049,0.0061,0.0166,0.0159,0.0126,0.0468,0.0111,0.9149,0.0097,0.4914,0.0263,0.8344,0.0183
0.0006,0.0021,0.0001,0.0011,0.0554,0.0467,0.0001,0.0092,0.1445,0.0272,0.0160,0.0203,0.0089,0.0040,0.0046,0.0050,0.0054,0.0060,0.0063,0.0081,0.0119,0.0067,0.0475,0.0080,0.0240,0.0091,0.0136,0.0090
0.0003,0.0005,0.0003,0.0000,0.0467,0.0158,0.1295,0.1057,0.9515,0.0088,0.0016,0.0107,0.0031,0.0056,0.0013,0.0159,0.0027,0.0015,0.0001,0.0037,0.0121,0.0034,0.0771,0.0053,0.1252,0.0113,0.1370,0.0075
0.0041,0.0015,0.0005,0.0002,0.0001,0.1295,0.0027,0.0601,0.0023,0.0000,0.0028,0.0085,0.0090,0.0163,0.0036,0.0199,0.0068,0.0049,0.0105,0.0094,0.0188,0.0044,0.0718,0.0056,0.4451,0.0317,0.2937,0.0276
0.0049,0.0071,0.0038,0.0011,0.0092,0.1057,0.0601,0.0721,0.1485,0.0000,0.0005,0.0003,0.0019,0.0035,0.0035,0.0071,0.0084,0.0048,0.0072,0.0093,0.0140,0.0034,0.0371,0.0045,0.0792,0.0232,0.1929,0.0294
0.0272,0.0386,0.0437,0.2583,0.1445,0.9515,0.0023,0.1485,0.0119,0.0004,0.0001,0.0000,0.0005,0.0006,0.0017,0.0026,0.0034,0.0003,0.0019,0.0015,0.0050,0.0018,0.0129,0.0056,0.0910,0.0170,0.1245,0.0128
0.0273,0.1393,0.0852,0.2202,0.0272,0.0088,0.0000,0.0000,0.0004,0.0004,0.0104,0.0000,0.0001,0.0003,0.0012,0.0068,0.0103,0.0053,0.0092,0.0140,0.1439,0.0127,0.5636,0.0420,0.8342,0.0744,0.9841,0.0361
0.0656,0.0123,0.0106,0.0877,0.0160,0.0016,0.0028,0.0005,0.0001,0.0104,0.0083,0.0004,0.0001,0.0001,0.0010,0.0009,0.0029,0.0009,0.0048,0.0029,0.0087,0.0024,0.1422,0.5430,0.0860,0.3383,0.2468,0.3152
0.0349,0.0223,0.0517,0.7392,0.0203,0.0107,0.0085,0.0003,0.0000,0.0000,0.0004,0.0000,0.0001,0.0000,0.0000,0.0002,0.0004,0.0047,0.0720,0.0247,0.9978,0.0667,0.9961,0.1064,0.9245,0.0282,0.9714,0.0101
0.0788,0.0253,0.0149,0.0428,0.0089,0.0031,0.0090,0.0019,0.0005,0.0001,0.0001,0.0001,0.0014,0.0002,0.0000,0.0001,0.0031,0.0022,0.0174,0.0146,0.0507,0.2619,0.3029,0.9400,0.0408,0.2457,0.0444,0.0310
0.0062,0.0043,0.0066,0.0159,0.0040,0.0056,0.0163,0.0035,0.0006,0.0003,0.0001,0.0000,0.0002,0.0002,0.0000,0.0000,0.0010,0.0066,0.2992,0.0324,0.9872,0.9054,0.8794,0.2097,0.2778,0.0725,0.0520,0.0066
0.0059,0.0032,0.0052,0.0079,0.0046,0.0013,0.0036,0.0035,0.0017,0.0012,0.0010,0.0000,0.0000,0.0000,0.0005,0.0006,0.0002,0.0765,0.2416,0.0504,0.0813,0.9279,0.1026,0.9684,0.0168,0.3267,0.0085,0.0368
0.0136,0.0054,0.0106,0.0049,0.0050,0.0159,0.0199,0.0071,0.0026,0.0068,0.0009,0.0002,0.0001,0.0000,0.0006,0.0024,0.0014,0.0030,0.0646,0.0480,0.8518,0.5139,0.1378,0.0658,0.0157,0.0113,0.0031,0.0044
0.0096,0.0061,0.0057,0.0061,0.0054,0.0027,0.0068,0.0084,0.0034,0.0103,0.0029,0.0004,0.0031,0.0010,0.0002,0.0014,0.0116,0.1728,0.0016,0.0129,0.0034,0.4812,0.0084,0.1556,0.0071,0.0669,0.0042,0.0230
0.0039,0.0095,0.0050,0.0166,0.0060,0.0015,0.0049,0.0048,0.0003,0.0053,0.0009,0.0047,0.0022,0.0066,0.0765,0.0030,0.1728,0.0049,0.2101,0.0114,0.0028,0.0502,0.0020,0.0308,0.0061,0.0063,0.0036,0.0113
0.0047,0.0092,0.0075,0.0159,0.0063,0.0001,0.0105,0.0072,0.0019,0.0092,0.0048,0.0720,0.0174,0.2992,0.2416,0.0646,0.0016,0.2101,0.0000,0.1413,0.0000,0.0017,0.0038,0.0013,0.0146,0.0043,0.0102,0.0214
0.0218,0.0107,0.0106,0.0126,0.0081,0.0037,0.0094,0.0093,0.0015,0.0140,0.0029,0.0247,0.0146,0.0324,0.0504,0.0480,0.0129,0.0114,0.1413,0.0351,0.0004,0.0001,0.0002,0.0075,0.0014,0.0059,0.0019,0.0059
0.0069,0.0131,0.0160,0.0468,0.0119,0.0121,0.0188,0.0140,0.0050,0.1439,0.0087,0.9978,0.0507,0.9872,0.0813,0.8518,0.0034,0.0028,0.0000,0.0004,0.0058,0.0014,0.0000,0.0000,0.0000,0.0002,0.0007,0.0017
0.0142,0.0069,0.0107,0.0111,0.0067,0.0034,0.0044,0.0034,0.0018,0.0127,0.0024,0.0667,0.2619,0.9054,0.9279,0.5139,0.4812,0.0502,0.0017,0.0001,0.0014,0.0037,0.0000,0.0000,0.0002,0.0011,0.0001,0.0018
0.0243,0.0257,0.0568,0.9149,0.0475,0.0771,0.0718,0.0371,0.0129,0.5636,0.1422,0.9961,0.3029,0.8794,0.1026,0.1378,0.0084,0.0020,0.0038,0.0002,0.0000,0.0000,0.0003,0.0002,0.0000,0.0000,0.0000,0.0005
0.0318,0.0314,0.0126,0.0097,0.0080,0.0053,0.0056,0.0045,0.0056,0.0420,0.5430,0.1064,0.9400,0.2097,0.9684,0.0658,0.1556,0.0308,0.0013,0.0075,0.0000,0.0000,0.0002,0.0008,0.0000,0.0000,0.0000,0.0012
0.0126,0.0690,0.0382,0.4914,0.0240,0.1252,0.4451,0.0792,0.0910,0.8342,0.0860,0.9245,0.0408,0.2778,0.0168,0.0157,0.0071,0.0061,0.0146,0.0014,0.0000,0.0002,0.0000,0.0000,0.0007,0.0008,0.0000,0.0001
0.0424,0.0169,0.0216,0.0263,0.0091,0.0113,0.0317,0.0232,0.0170,0.0744,0.3383,0.0282,0.2457,0.0725,0.3267,0.0113,0.0669,0.0063,0.0043,0.0059,0.0002,0.0011,0.0000,0.0000,0.0008,0.0158,0.0000,0.0000
0.0165,0.0300,0.0294,0.8344,0.0136,0.1370,0.2937,0.1929,0.1245,0.9841,0.2468,0.9714,0.0444,0.0520,0.0085,0.0031,0.0042,0.0036,0.0102,0.0019,0.0007,0.0001,0.0000,0.0000,0.0000,0.0000,0.0002,0.0035
0.0231,0.0081,0.0136,0.0183,0.0090,0.0075,0.0276,0.0294,0.0128,0.0361,0.3152,0.0101,0.0310,0.0066,0.0368,0.0044,0.0230,0.0113,0.0214,0.0059,0.0017,0.0018,0.0005,0.0012,0.0001,0.0000,0.0035,0.0049