c1,c2,c3,c4,c5,c6,c7,c8,c9,c10,c11,c12,c13,c14,c15,c16,c17,c18,c19,c20,c21,c22,c23,c24,c25,c26,c27,c28
0.0158,0.0025,0.0003,0.0000,0.0023,0.0009,0.0091,0.0068,0.0312,0.0110,0.0243,0.0385,0.0139,0.0111,0.0060,0.0382,0.0103,0.0031,0.0043,0.0115,0.0086,0.0059,0.0075,0.0195,0.0275,0.0846,0.0221,0.0412
0.0025,0.0137,0.0798,0.0000,0.0029,0.0006,0.0013,0.0166,0.0861,0.0748,0.0082,0.0424,0.0116,0.0079,0.0072,0.0179,0.0062,0.0087,0.0078,0.0098,0.0062,0.0048,0.0077,0.0085,0.0617,0.0279,0.0195,0.0131
0.0003,0.0798,0.0618,0.0000,0.0002,0.0004,0.0004,0.0029,0.0422,0.0580,0.0077,0.1025,0.0093,0.0075,0.0062,0.0212,0.0085,0.0045,0.0074,0.0093,0.0077,0.0048,0.0096,0.0151,0.0684,0.0234,0.0303,0.0168
0.0000,0.0000,0.0000,0.0018,0.0025,0.0000,0.0003,0.0016,0.1944,0.0782,0.0633,0.3989,0.0221,0.0144,0.0182,0.0077,0.0077,0.0124,0.0136,0.0149,0.0333,0.0131,0.0153,0.0115,0.8954,0.0265,0.9969,0.0396
0.0023,0.0029,0.0002,0.0025,0.0450,0.0091,0.0000,0.0032,0.0816,0.0160,0.0167,0.0397,0.0082,0.0047,0.0107,0.0160,0.0099,0.0043,0.0062,0.0090,0.0099,0.0064,0.0241,0.0112,0.0436,0.0075,0.0121,0.0047
0.0009,0.0006,0.0004,0.0000,0.0091,0.3640,0.0118,0.0096,0.6532,0.0026,0.0040,0.0161,0.0043,0.0057,0.0030,0.1895,0.0036,0.0025,0.0068,0.0070,0.0076,0.0042,0.0226,0.0061,0.0701,0.0102,0.0612,0.0080
0.0091,0.0013,0.0004,0.0003,0.0000,0.0118,0.0041,0.0491,0.0012,0.0000,0.0090,0.1259,0.0181,0.0083,0.0167,0.0135,0.0066,0.0038,0.0114,0.0065,0.0137,0.0033,0.0140,0.0077,0.4303,0.0238,0.5580,0.0128
0.0068,0.0166,0.0029,0.0016,0.0032,0.0096,0.0491,0.0364,0.1880,0.0000,0.0005,0.0013,0.0036,0.0029,0.0076,0.0031,0.0179,0.0038,0.0194,0.0107,0.0128,0.0042,0.0137,0.0068,0.0801,0.0164,0.0835,0.0374
0.0312,0.0861,0.0422,0.1944,0.0816,0.6532,0.0012,0.1880,0.0119,0.0038,0.0001,0.0003,0.0007,0.0005,0.0020,0.0011,0.0028,0.0000,0.0027,0.0013,0.0053,0.0023,0.0041,0.0036,0.0794,0.0154,0.1690,0.0203
0.0110,0.0748,0.0580,0.0782,0.0160,0.0026,0.0000,0.0000,0.0038,0.0003,0.0388,0.0000,0.0000,0.0002,0.0014,0.0083,0.0143,0.0111,0.0321,0.0140,0.0692,0.0140,0.0193,0.0148,0.9748,0.1783,0.9776,0.0832
0.0243,0.0082,0.0077,0.0633,0.0167,0.0040,0.0090,0.0005,0.0001,0.0388,0.0626,0.0030,0.0001,0.0001,0.0006,0.0005,0.0029,0.0005,0.0057,0.0050,0.0079,0.0029,0.0209,0.0167,0.2477,0.1849,0.7777,0.2251
0.0385,0.0424,0.1025,0.3989,0.0397,0.0161,0.1259,0.0013,0.0003,0.0000,0.0030,0.0000,0.0003,0.0000,0.0000,0.0002,0.0002,0.0015,0.0179,0.0129,0.2532,0.1101,0.4339,0.3766,0.7192,0.0717,0.8875,0.0511
0.0139,0.0116,0.0093,0.0221,0.0082,0.0043,0.0181,0.0036,0.0007,0.0000,0.0001,0.0003,0.0016,0.0002,0.0000,0.0000,0.0020,0.0013,0.0232,0.0107,0.1002,0.0819,0.2996,0.9949,0.1599,0.4937,0.0438,0.0843
0.0111,0.0079,0.0075,0.0144,0.0047,0.0057,0.0083,0.0029,0.0005,0.0002,0.0001,0.0000,0.0002,0.0005,0.0000,0.0000,0.0002,0.0018,0.0363,0.0202,0.3197,0.9935,0.9677,0.8695,0.7959,0.0900,0.0532,0.0095
0.0060,0.0072,0.0062,0.0182,0.0107,0.0030,0.0167,0.0076,0.0020,0.0014,0.0006,0.0000,0.0000,0.0000,0.0003,0.0002,0.0000,0.0034,0.0805,0.0266,0.9096,0.9862,0.6908,0.9257,0.0503,0.0433,0.0040,0.0075
0.0382,0.0179,0.0212,0.0077,0.0160,0.1895,0.0135,0.0031,0.0011,0.0083,0.0005,0.0002,0.0000,0.0000,0.0002,0.0004,0.0003,0.0018,0.0134,0.0190,0.0572,0.9894,0.2580,0.9308,0.0119,0.0132,0.0015,0.0033
0.0103,0.0062,0.0085,0.0077,0.0099,0.0036,0.0066,0.0179,0.0028,0.0143,0.0029,0.0002,0.0020,0.0002,0.0000,0.0003,0.0023,0.4541,0.0027,0.0136,0.0380,0.7872,0.2676,0.1180,0.0075,0.0203,0.0027,0.0070
0.0031,0.0087,0.0045,0.0124,0.0043,0.0025,0.0038,0.0038,0.0000,0.0111,0.0005,0.0015,0.0013,0.0018,0.0034,0.0018,0.4541,0.0005,0.5327,0.0027,0.0236,0.2231,0.0274,0.0594,0.0136,0.0180,0.0082,0.0190
0.0043,0.0078,0.0074,0.0136,0.0062,0.0068,0.0114,0.0194,0.0027,0.0321,0.0057,0.0179,0.0232,0.0363,0.0805,0.0134,0.0027,0.5327,0.0000,0.1794,0.0000,0.0014,0.0257,0.0027,0.0101,0.0064,0.0072,0.0062
0.0115,0.0098,0.0093,0.0149,0.0090,0.0070,0.0065,0.0107,0.0013,0.0140,0.0050,0.0129,0.0107,0.0202,0.0266,0.0190,0.0136,0.0027,0.1794,0.2318,0.0017,0.0001,0.0019,0.0025,0.0009,0.0044,0.0024,0.0079
0.0086,0.0062,0.0077,0.0333,0.0099,0.0076,0.0137,0.0128,0.0053,0.0692,0.0079,0.2532,0.1002,0.3197,0.9096,0.0572,0.0380,0.0236,0.0000,0.0017,0.0100,0.0002,0.0000,0.0002,0.0001,0.0006,0.0013,0.0029
0.0059,0.0048,0.0048,0.0131,0.0064,0.0042,0.0033,0.0042,0.0023,0.0140,0.0029,0.1101,0.0819,0.9935,0.9862,0.9894,0.7872,0.2231,0.0014,0.0001,0.0002,0.0024,0.0001,0.0000,0.0000,0.0002,0.0001,0.0017
0.0075,0.0077,0.0096,0.0153,0.0241,0.0226,0.0140,0.0137,0.0041,0.0193,0.0209,0.4339,0.2996,0.9677,0.6908,0.2580,0.2676,0.0274,0.0257,0.0019,0.0000,0.0001,0.0134,0.0002,0.0000,0.0000,0.0000,0.0005
0.0195,0.0085,0.0151,0.0115,0.0112,0.0061,0.0077,0.0068,0.0036,0.0148,0.0167,0.3766,0.9949,0.8695,0.9257,0.9308,0.1180,0.0594,0.0027,0.0025,0.0002,0.0000,0.0002,0.0030,0.0000,0.0000,0.0000,0.0003
0.0275,0.0617,0.0684,0.8954,0.0436,0.0701,0.4303,0.0801,0.0794,0.9748,0.2477,0.7192,0.1599,0.7959,0.0503,0.0119,0.0075,0.0136,0.0101,0.0009,0.0001,0.0000,0.0000,0.0000,0.0005,0.0003,0.0000,0.0000
0.0846,0.0279,0.0234,0.0265,0.0075,0.0102,0.0238,0.0164,0.0154,0.1783,0.1849,0.0717,0.4937,0.0900,0.0433,0.0132,0.0203,0.0180,0.0064,0.0044,0.0006,0.0002,0.0000,0.0000,0.0003,0.0231,0.0000,0.0003
0.0221,0.0195,0.0303,0.9969,0.0121,0.0612,0.5580,0.0835,0.1690,0.9776,0.7777,0.8875,0.0438,0.0532,0.0040,0.0015,0.0027,0.0082,0.0072,0.0024,0.0013,0.0001,0.0000,0.0000,0.0000,0.0000,0.0001,0.0007
0.0412,0.0131,0.0168,0.0396,0.0047,0.0080,0.0128,0.0374,0.0203,0.0832,0.2251,0.0511,0.0843,0.0095,0.0075,0.0033,0.0070,0.0190,0.0062,0.0079,0.0029,0.0017,0.0005,0.0003,0.0000,0.0003,0.0007,0.0132