c1,c2,c3,c4,c5,c6,c7,c8,c9,c10,c11,c12,c13,c14,c15,c16,c17,c18,c19,c20,c21,c22,c23,c24,c25,c26,c27,c28
0.0030,0.0016,0.0034,0.0009,0.0058,0.0020,0.0121,0.0114,0.0056,0.0041,0.0023,0.0046,0.0089,0.0031,0.0070,0.0363,0.0136,0.0083,0.0157,0.0178,0.0096,0.0219,0.0252,0.0089,0.0121,0.0097,0.0124,0.0084
0.0016,0.0028,0.0478,0.0001,0.0006,0.0000,0.0003,0.0064,0.0044,0.0018,0.0039,0.0045,0.0049,0.0007,0.0096,0.0156,0.5740,0.1011,0.2185,0.0964,0.0108,0.1016,0.0226,0.0251,0.0202,0.0066,0.0042,0.0065
0.0034,0.0478,0.0359,0.0238,0.0001,0.0000,0.0008,0.0016,0.0069,0.0050,0.0023,0.0048,0.0111,0.0115,0.0197,0.0314,0.0335,0.0657,0.0366,0.0453,0.0146,0.0117,0.0114,0.0085,0.0090,0.0071,0.0060,0.0096
0.0009,0.0001,0.0238,0.0003,0.0786,0.0000,0.0001,0.0019,0.0014,0.0036,0.0024,0.0075,0.0082,0.0096,0.0346,0.0232,0.9893,0.4457,0.2436,0.0991,0.0113,0.0483,0.0165,0.0117,0.0154,0.0062,0.0064,0.0068
0.0058,0.0006,0.0001,0.0786,0.0055,0.0001,0.0000,0.0004,0.0023,0.0027,0.0118,0.0072,0.0093,0.0117,0.0652,0.2035,0.1784,0.8312,0.1290,0.0289,0.0130,0.0051,0.0059,0.0058,0.0044,0.0038,0.0033,0.0035
0.0020,0.0000,0.0000,0.0000,0.0001,0.0000,0.0002,0.0000,0.0004,0.0002,0.0113,0.0628,0.2650,0.0711,0.9930,0.9143,0.8923,0.1064,0.2524,0.3425,0.0439,0.3380,0.0491,0.0220,0.0554,0.0339,0.1142,0.0643
0.0121,0.0003,0.0008,0.0001,0.0000,0.0002,0.0017,0.0152,0.0000,0.0006,0.0090,0.0063,0.0202,0.0146,0.0716,0.9871,0.1683,0.1265,0.0851,0.0137,0.0263,0.0078,0.0167,0.0068,0.0175,0.0101,0.0104,0.0062
0.0114,0.0064,0.0016,0.0019,0.0004,0.0000,0.0152,0.0038,0.0022,0.0002,0.0048,0.0040,0.0151,0.0913,0.0585,0.9990,0.0231,0.0073,0.0140,0.0066,0.0065,0.0026,0.0047,0.0050,0.0052,0.0053,0.0116,0.0096
0.0056,0.0044,0.0069,0.0014,0.0023,0.0004,0.0000,0.0022,0.0100,0.0779,0.0087,0.2761,0.2231,0.0649,0.9739,0.0040,0.0120,0.0012,0.0050,0.0038,0.0046,0.0029,0.0020,0.0046,0.0041,0.0049,0.0043,0.0050
0.0041,0.0018,0.0050,0.0036,0.0027,0.0002,0.0006,0.0002,0.0779,0.0092,0.1776,0.0005,0.0045,0.9632,0.0093,0.1755,0.0114,0.0076,0.0101,0.0048,0.0052,0.0048,0.0054,0.0045,0.0075,0.0073,0.0062,0.0073
0.0023,0.0039,0.0023,0.0024,0.0118,0.0113,0.0090,0.0048,0.0087,0.1776,0.0317,0.1270,0.0010,0.0542,0.0022,0.0022,0.0080,0.0006,0.0051,0.0049,0.0058,0.0024,0.0066,0.0106,0.0068,0.0142,0.0136,0.0074
0.0046,0.0045,0.0048,0.0075,0.0072,0.0628,0.0063,0.0040,0.2761,0.0005,0.1270,0.0317,0.0056,0.0000,0.0002,0.0008,0.0024,0.0039,0.0045,0.0105,0.0151,0.0095,0.0154,0.0437,0.0188,0.0226,0.0130,0.0127
0.0089,0.0049,0.0111,0.0082,0.0093,0.2650,0.0202,0.0151,0.2231,0.0045,0.0010,0.0056,0.0162,0.0022,0.0000,0.0000,0.0002,0.0012,0.0123,0.0091,0.0106,0.0093,0.0284,0.1770,0.0605,0.0981,0.0268,0.0260
0.0031,0.0007,0.0115,0.0096,0.0117,0.0711,0.0146,0.0913,0.0649,0.9632,0.0542,0.0000,0.0022,0.0003,0.0000,0.0000,0.0000,0.0007,0.0021,0.0083,0.1400,0.0161,0.3035,0.3469,0.2056,0.1154,0.0345,0.0306
0.0070,0.0096,0.0197,0.0346,0.0652,0.9930,0.0716,0.0585,0.9739,0.0093,0.0022,0.0002,0.0000,0.0000,0.0000,0.0000,0.0000,0.0000,0.0004,0.0048,0.0532,0.1690,0.1609,0.5178,0.4413,0.3039,0.1464,0.0897
0.0363,0.0156,0.0314,0.0232,0.2035,0.9143,0.9871,0.9990,0.0040,0.1755,0.0022,0.0008,0.0000,0.0000,0.0000,0.0000,0.0000,0.0000,0.0006,0.0005,0.0260,0.0488,0.0620,0.0116,0.0311,0.0141,0.0092,0.0099
0.0136,0.5740,0.0335,0.9893,0.1784,0.8923,0.1683,0.0231,0.0120,0.0114,0.0080,0.0024,0.0002,0.0000,0.0000,0.0000,0.0002,0.0063,0.0000,0.0007,0.0009,0.1303,0.0242,0.0654,0.0583,0.0576,0.0270,0.0267
0.0083,0.1011,0.0657,0.4457,0.8312,0.1064,0.1265,0.0073,0.0012,0.0076,0.0006,0.0039,0.0012,0.0007,0.0000,0.0000,0.0063,0.0020,0.0534,0.0001,0.0098,0.0231,0.0084,0.0166,0.0069,0.0057,0.0084,0.0083
0.0157,0.2185,0.0366,0.2436,0.1290,0.2524,0.0851,0.0140,0.0050,0.0101,0.0051,0.0045,0.0123,0.0021,0.0004,0.0006,0.0000,0.0534,0.0005,0.0238,0.0002,0.0005,0.0024,0.0032,0.0105,0.0059,0.0062,0.0087
0.0178,0.0964,0.0453,0.0991,0.0289,0.3425,0.0137,0.0066,0.0038,0.0048,0.0049,0.0105,0.0091,0.0083,0.0048,0.0005,0.0007,0.0001,0.0238,0.0133,0.0083,0.0000,0.0028,0.0077,0.0066,0.0090,0.0045,0.0075
0.0096,0.0108,0.0146,0.0113,0.0130,0.0439,0.0263,0.0065,0.0046,0.0052,0.0058,0.0151,0.0106,0.1400,0.0532,0.0260,0.0009,0.0098,0.0002,0.0083,0.0190,0.0030,0.0000,0.0005,0.0066,0.0058,0.0136,0.0083
0.0219,0.1016,0.0117,0.0483,0.0051,0.3380,0.0078,0.0026,0.0029,0.0048,0.0024,0.0095,0.0093,0.0161,0.1690,0.0488,0.1303,0.0231,0.0005,0.0000,0.0030,0.0121,0.0027,0.0000,0.0004,0.0021,0.0046,0.0143
0.0252,0.0226,0.0114,0.0165,0.0059,0.0491,0.0167,0.0047,0.0020,0.0054,0.0066,0.0154,0.0284,0.3035,0.1609,0.0620,0.0242,0.0084,0.0024,0.0028,0.0000,0.0027,0.0042,0.0025,0.0000,0.0015,0.0019,0.0174
0.0089,0.0251,0.0085,0.0117,0.0058,0.0220,0.0068,0.0050,0.0046,0.0045,0.0106,0.0437,0.1770,0.3469,0.5178,0.0116,0.0654,0.0166,0.0032,0.0077,0.0005,0.0000,0.0025,0.0031,0.0023,0.0000,0.0009,0.0063
0.0121,0.0202,0.0090,0.0154,0.0044,0.0554,0.0175,0.0052,0.0041,0.0075,0.0068,0.0188,0.0605,0.2056,0.4413,0.0311,0.0583,0.0069,0.0105,0.0066,0.0066,0.0004,0.0000,0.0023,0.0098,0.0074,0.0000,0.0003
0.0097,0.0066,0.0071,0.0062,0.0038,0.0339,0.0101,0.0053,0.0049,0.0073,0.0142,0.0226,0.0981,0.1154,0.3039,0.0141,0.0576,0.0057,0.0059,0.0090,0.0058,0.0021,0.0015,0.0000,0.0074,0.0090,0.0052,0.0000
0.0124,0.0042,0.0060,0.0064,0.0033,0.1142,0.0104,0.0116,0.0043,0.0062,0.0136,0.0130,0.0268,0.0345,0.1464,0.0092,0.0270,0.0084,0.0062,0.0045,0.0136,0.0046,0.0019,0.0009,0.0000,0.0052,0.0087,0.0051
0.0084,0.0065,0.0096,0.0068,0.0035,0.0643,0.0062,0.0096,0.0050,0.0073,0.0074,0.0127,0.0260,0.0306,0.0897,0.0099,0.0267,0.0083,0.0087,0.0075,0.0083,0.0143,0.0174,0.0063,0.0003,0.0000,0.0051,0.0005