c1,c2,c3,c4,c5,c6,c7,c8,c9,c10,c11,c12,c13,c14,c15,c16,c17,c18,c19,c20,c21,c22,c23,c24,c25,c26,c27,c28
0.0000,0.0002,0.0000,0.0012,0.0021,0.0015,0.0084,0.0060,0.0050,0.0085,0.0043,0.0093,0.0750,0.2772,0.0829,0.5358,0.1012,0.1044,0.0368,0.0573,0.0130,0.0142,0.0064,0.0043,0.0044,0.0018,0.0024,0.0013
0.0002,0.0004,0.0001,0.0000,0.0003,0.0004,0.0013,0.0113,0.0086,0.0135,0.0092,0.0115,0.0157,0.6298,0.0405,0.9594,0.2345,0.1474,0.0586,0.0453,0.0084,0.0385,0.0041,0.0065,0.0037,0.0033,0.0019,0.0018
0.0000,0.0001,0.0022,0.0002,0.0000,0.0000,0.0002,0.0011,0.0072,0.0102,0.0081,0.1292,0.0622,0.7565,0.4379,0.7531,0.7270,0.0992,0.0240,0.0388,0.0080,0.0382,0.0055,0.0057,0.0068,0.0044,0.0023,0.0024
0.0012,0.0000,0.0002,0.0011,0.0012,0.0000,0.0006,0.0065,0.0048,0.0328,0.0156,0.1994,0.0484,0.4923,0.5211,0.3519,0.2097,0.0214,0.0099,0.0288,0.0061,0.0153,0.0038,0.0054,0.0056,0.0058,0.0038,0.0033
0.0021,0.0003,0.0000,0.0012,0.0053,0.0240,0.0002,0.0004,0.0062,0.0107,0.0638,0.2047,0.0722,0.1157,0.5207,0.0604,0.0662,0.0133,0.0075,0.0137,0.0026,0.0139,0.0033,0.0054,0.0048,0.0054,0.0026,0.0057
0.0015,0.0004,0.0000,0.0000,0.0240,0.0000,0.0219,0.0002,0.0093,0.0035,0.0925,0.4667,0.3427,0.1758,0.5019,0.1065,0.0362,0.0021,0.0082,0.0076,0.0063,0.0104,0.0072,0.0114,0.0087,0.0052,0.0055,0.0037
0.0084,0.0013,0.0002,0.0006,0.0002,0.0219,0.0113,0.0107,0.0002,0.0043,0.0086,0.1501,0.1670,0.0319,0.0821,0.0163,0.0135,0.0040,0.0089,0.0108,0.0062,0.0121,0.0082,0.0088,0.0111,0.0107,0.0074,0.0068
0.0060,0.0113,0.0011,0.0065,0.0004,0.0002,0.0107,0.0160,0.0509,0.0007,0.0147,0.0662,0.0172,0.0129,0.0815,0.0037,0.0079,0.0041,0.0064,0.0083,0.0036,0.0093,0.0060,0.0124,0.0116,0.0119,0.0079,0.0074
0.0050,0.0086,0.0072,0.0048,0.0062,0.0093,0.0002,0.0509,0.0209,0.0914,0.0015,0.0094,0.0128,0.0048,0.1795,0.0052,0.0060,0.0023,0.0060,0.0034,0.0044,0.0067,0.0065,0.0088,0.0085,0.0046,0.0050,0.0053
0.0085,0.0135,0.0102,0.0328,0.0107,0.0035,0.0043,0.0007,0.0914,0.0003,0.0795,0.0001,0.0049,0.0021,0.0116,0.0034,0.0059,0.0040,0.0216,0.0074,0.0068,0.0120,0.0088,0.0266,0.0143,0.0148,0.0177,0.0127
0.0043,0.0092,0.0081,0.0156,0.0638,0.0925,0.0086,0.0147,0.0015,0.0795,0.0199,0.0220,0.0002,0.0001,0.0088,0.0008,0.0035,0.0012,0.0106,0.0044,0.0032,0.0052,0.0075,0.0332,0.0134,0.0107,0.0203,0.0073
0.0093,0.0115,0.1292,0.1994,0.2047,0.4667,0.1501,0.0662,0.0094,0.0001,0.0220,0.0172,0.0023,0.0000,0.0001,0.0001,0.0002,0.0027,0.0067,0.0106,0.0035,0.0078,0.0020,0.0679,0.0378,0.0195,0.0200,0.0064
0.0750,0.0157,0.0622,0.0484,0.0722,0.3427,0.1670,0.0172,0.0128,0.0049,0.0002,0.0023,0.0102,0.0005,0.0000,0.0003,0.0011,0.0038,0.0123,0.0055,0.0029,0.0112,0.0169,0.0174,0.0195,0.0109,0.0081,0.0041
0.2772,0.6298,0.7565,0.4923,0.1157,0.1758,0.0319,0.0129,0.0048,0.0021,0.0001,0.0000,0.0005,0.0038,0.0000,0.0000,0.0004,0.0003,0.0082,0.0068,0.0038,0.0132,0.0131,0.1288,0.0628,0.0698,0.0095,0.0060
0.0829,0.0405,0.4379,0.5211,0.5207,0.5019,0.0821,0.0815,0.1795,0.0116,0.0088,0.0001,0.0000,0.0000,0.0025,0.0002,0.0000,0.0025,0.0005,0.0027,0.0059,0.0105,0.0126,0.0746,0.0196,0.0041,0.0025,0.0027
0.5358,0.9594,0.7531,0.3519,0.0604,0.1065,0.0163,0.0037,0.0052,0.0034,0.0008,0.0001,0.0003,0.0000,0.0002,0.0881,0.0000,0.0001,0.0007,0.0003,0.0079,0.0954,0.0187,0.0246,0.0332,0.0145,0.0045,0.0062
0.1012,0.2345,0.7270,0.2097,0.0662,0.0362,0.0135,0.0079,0.0060,0.0059,0.0035,0.0002,0.0011,0.0004,0.0000,0.0000,0.0036,0.2519,0.0000,0.0052,0.0333,0.1308,0.0305,0.0089,0.0076,0.0048,0.0033,0.0059
0.1044,0.1474,0.0992,0.0214,0.0133,0.0021,0.0040,0.0041,0.0023,0.0040,0.0012,0.0027,0.0038,0.0003,0.0025,0.0001,0.2519,0.5098,0.0140,0.0062,0.0736,0.0017,0.0064,0.0024,0.0031,0.0018,0.0049,0.0060
0.0368,0.0586,0.0240,0.0099,0.0075,0.0082,0.0089,0.0064,0.0060,0.0216,0.0106,0.0067,0.0123,0.0082,0.0005,0.0007,0.0000,0.0140,0.0666,0.0563,0.0001,0.0055,0.0027,0.0076,0.0181,0.0186,0.0123,0.0293
0.0573,0.0453,0.0388,0.0288,0.0137,0.0076,0.0108,0.0083,0.0034,0.0074,0.0044,0.0106,0.0055,0.0068,0.0027,0.0003,0.0052,0.0062,0.0563,0.1373,0.0865,0.0003,0.0005,0.0011,0.0007,0.0080,0.0060,0.0057
0.0130,0.0084,0.0080,0.0061,0.0026,0.0063,0.0062,0.0036,0.0044,0.0068,0.0032,0.0035,0.0029,0.0038,0.0059,0.0079,0.0333,0.0736,0.0001,0.0865,0.4544,0.0056,0.0005,0.0012,0.0069,0.0115,0.0086,0.0432
0.0142,0.0385,0.0382,0.0153,0.0139,0.0104,0.0121,0.0093,0.0067,0.0120,0.0052,0.0078,0.0112,0.0132,0.0105,0.0954,0.1308,0.0017,0.0055,0.0003,0.0056,0.0388,0.0165,0.0000,0.0003,0.0002,0.0020,0.0378
0.0064,0.0041,0.0055,0.0038,0.0033,0.0072,0.0082,0.0060,0.0065,0.0088,0.0075,0.0020,0.0169,0.0131,0.0126,0.0187,0.0305,0.0064,0.0027,0.0005,0.0005,0.0165,0.2267,0.0057,0.0001,0.0084,0.0611,0.1108
0.0043,0.0065,0.0057,0.0054,0.0054,0.0114,0.0088,0.0124,0.0088,0.0266,0.0332,0.0679,0.0174,0.1288,0.0746,0.0246,0.0089,0.0024,0.0076,0.0011,0.0012,0.0000,0.0057,0.0218,0.0045,0.0004,0.0056,0.0043
0.0044,0.0037,0.0068,0.0056,0.0048,0.0087,0.0111,0.0116,0.0085,0.0143,0.0134,0.0378,0.0195,0.0628,0.0196,0.0332,0.0076,0.0031,0.0181,0.0007,0.0069,0.0003,0.0001,0.0045,0.0214,0.1198,0.0003,0.0144
0.0018,0.0033,0.0044,0.0058,0.0054,0.0052,0.0107,0.0119,0.0046,0.0148,0.0107,0.0195,0.0109,0.0698,0.0041,0.0145,0.0048,0.0018,0.0186,0.0080,0.0115,0.0002,0.0084,0.0004,0.1198,0.0499,0.1020,0.0002
0.0024,0.0019,0.0023,0.0038,0.0026,0.0055,0.0074,0.0079,0.0050,0.0177,0.0203,0.0200,0.0081,0.0095,0.0025,0.0045,0.0033,0.0049,0.0123,0.0060,0.0086,0.0020,0.0611,0.0056,0.0003,0.1020,0.0543,0.0466
0.0013,0.0018,0.0024,0.0033,0.0057,0.0037,0.0068,0.0074,0.0053,0.0127,0.0073,0.0064,0.0041,0.0060,0.0027,0.0062,0.0059,0.0060,0.0293,0.0057,0.0432,0.0378,0.1108,0.0043,0.0144,0.0002,0.0466,0.0323