c1,c2,c3,c4,c5,c6,c7,c8,c9,c10,c11,c12,c13,c14,c15,c16,c17,c18,c19,c20,c21,c22,c23,c24,c25,c26,c27,c28
0.0011,0.0034,0.0004,0.0003,0.0105,0.0042,0.0185,0.0171,0.0136,0.0150,0.0405,0.0095,0.0094,0.0153,0.0046,0.0103,0.0052,0.0221,0.0654,0.0148,0.0064,0.0031,0.0080,0.0034,0.0052,0.0055,0.0168,0.0081
0.0034,0.0053,0.0256,0.0000,0.0084,0.0016,0.0040,0.0162,0.0164,0.0266,0.0222,0.0068,0.0059,0.0831,0.0055,0.0198,0.0045,0.0125,0.0571,0.0086,0.0116,0.0021,0.0279,0.0025,0.0106,0.0046,0.0073,0.0038
0.0004,0.0256,0.0135,0.0012,0.0002,0.0011,0.0015,0.0050,0.0104,0.0121,0.0159,0.0108,0.0111,0.0270,0.0089,0.0407,0.0054,0.0088,0.0352,0.0099,0.0224,0.0036,0.0511,0.0035,0.0087,0.0053,0.0140,0.0079
0.0003,0.0000,0.0012,0.0003,0.0117,0.0018,0.0263,0.0235,0.0983,0.0062,0.1383,0.1423,0.0192,0.0101,0.0050,0.0358,0.0047,0.0048,0.0150,0.0065,0.0271,0.0017,0.0491,0.0013,0.0311,0.0066,0.0156,0.0045
0.0105,0.0084,0.0002,0.0117,0.0267,0.0717,0.0002,0.0039,0.0067,0.0020,0.0142,0.0159,0.0050,0.0096,0.0072,0.0288,0.0052,0.0134,0.0084,0.0049,0.0119,0.0020,0.0238,0.0028,0.0094,0.0073,0.0280,0.0096
0.0042,0.0016,0.0011,0.0018,0.0717,0.0013,0.0335,0.0007,0.0734,0.0016,0.0103,0.0646,0.0289,0.0116,0.0048,0.0453,0.0021,0.0020,0.0003,0.0034,0.0523,0.0012,0.4379,0.0032,0.0172,0.0043,0.0258,0.0032
0.0185,0.0040,0.0015,0.0263,0.0002,0.0335,0.0067,0.0128,0.0002,0.0005,0.0026,0.0056,0.0168,0.0101,0.0044,0.0477,0.0044,0.0057,0.0153,0.0083,0.0211,0.0026,0.0985,0.0055,0.0179,0.0124,0.0382,0.0097
0.0171,0.0162,0.0050,0.0235,0.0039,0.0007,0.0128,0.0319,0.0455,0.0000,0.0015,0.0023,0.0031,0.0100,0.0052,0.0483,0.0053,0.0054,0.0081,0.0057,0.0233,0.0017,0.0414,0.0044,0.0289,0.0106,0.0462,0.0229
0.0136,0.0164,0.0104,0.0983,0.0067,0.0734,0.0002,0.0455,0.0467,0.0013,0.0001,0.0028,0.0007,0.0015,0.0051,0.0176,0.0038,0.0021,0.0023,0.0023,0.0067,0.0032,0.0297,0.0056,0.0301,0.0203,0.1538,0.0338
0.0150,0.0266,0.0121,0.0062,0.0020,0.0016,0.0005,0.0000,0.0013,0.0013,0.0016,0.0000,0.0001,0.0003,0.0017,0.0264,0.0113,0.0038,0.0222,0.0083,0.0843,0.0079,0.9168,0.0250,0.3373,0.0567,0.9519,0.0262
0.0405,0.0222,0.0159,0.1383,0.0142,0.0103,0.0026,0.0015,0.0001,0.0016,0.0385,0.0074,0.0000,0.0002,0.0004,0.0023,0.0039,0.0022,0.0056,0.0043,0.0050,0.0018,0.5224,0.1158,0.0681,0.1230,0.4523,0.0243
0.0095,0.0068,0.0108,0.1423,0.0159,0.0646,0.0056,0.0023,0.0028,0.0000,0.0074,0.0039,0.0000,0.0000,0.0000,0.0003,0.0005,0.0029,0.0109,0.0039,0.1658,0.0040,0.9995,0.0930,0.8758,0.0739,0.1706,0.0188
0.0094,0.0059,0.0111,0.0192,0.0050,0.0289,0.0168,0.0031,0.0007,0.0001,0.0000,0.0000,0.0012,0.0000,0.0000,0.0000,0.0004,0.0006,0.0103,0.0118,0.0268,0.0256,0.8770,0.9996,0.1427,0.9626,0.9219,0.0983
0.0153,0.0831,0.0270,0.0101,0.0096,0.0116,0.0101,0.0100,0.0015,0.0003,0.0002,0.0000,0.0000,0.0000,0.0000,0.0000,0.0002,0.0014,0.0443,0.0721,1.0000,0.6211,0.9990,0.1167,0.0778,0.0271,0.0026,0.0041
0.0046,0.0055,0.0089,0.0050,0.0072,0.0048,0.0044,0.0052,0.0051,0.0017,0.0004,0.0000,0.0000,0.0000,0.0005,0.0002,0.0025,0.0039,0.0155,0.0111,0.3534,0.9999,0.0254,0.9960,0.0160,0.1007,0.0105,0.0117
0.0103,0.0198,0.0407,0.0358,0.0288,0.0453,0.0477,0.0483,0.0176,0.0264,0.0023,0.0003,0.0000,0.0000,0.0002,0.0018,0.0002,0.0010,0.2243,0.0280,0.9864,0.6009,0.0047,0.0130,0.0062,0.0049,0.0007,0.0026
0.0052,0.0045,0.0054,0.0047,0.0052,0.0021,0.0044,0.0053,0.0038,0.0113,0.0039,0.0005,0.0004,0.0002,0.0025,0.0002,0.0055,0.5590,0.0011,0.0181,0.0067,0.9943,0.0034,0.2904,0.0077,0.0140,0.0085,0.0108
0.0221,0.0125,0.0088,0.0048,0.0134,0.0020,0.0057,0.0054,0.0021,0.0038,0.0022,0.0029,0.0006,0.0014,0.0039,0.0010,0.5590,0.0946,0.2785,0.0053,0.0012,0.0565,0.0006,0.0290,0.0065,0.0064,0.0046,0.0097
0.0654,0.0571,0.0352,0.0150,0.0084,0.0003,0.0153,0.0081,0.0023,0.0222,0.0056,0.0109,0.0103,0.0443,0.0155,0.2243,0.0011,0.2785,0.0036,0.3002,0.0000,0.0003,0.0002,0.0007,0.0029,0.0024,0.0129,0.0094
0.0148,0.0086,0.0099,0.0065,0.0049,0.0034,0.0083,0.0057,0.0023,0.0083,0.0043,0.0039,0.0118,0.0721,0.0111,0.0280,0.0181,0.0053,0.3002,0.0447,0.0002,0.0003,0.0005,0.0125,0.0039,0.0115,0.0067,0.0076
0.0064,0.0116,0.0224,0.0271,0.0119,0.0523,0.0211,0.0233,0.0067,0.0843,0.0050,0.1658,0.0268,1.0000,0.3534,0.9864,0.0067,0.0012,0.0000,0.0002,0.0108,0.0002,0.0000,0.0000,0.0001,0.0004,0.0004,0.0021
0.0031,0.0021,0.0036,0.0017,0.0020,0.0012,0.0026,0.0017,0.0032,0.0079,0.0018,0.0040,0.0256,0.6211,0.9999,0.6009,0.9943,0.0565,0.0003,0.0003,0.0002,0.0099,0.0000,0.0000,0.0005,0.0017,0.0017,0.0057
0.0080,0.0279,0.0511,0.0491,0.0238,0.4379,0.0985,0.0414,0.0297,0.9168,0.5224,0.9995,0.8770,0.9990,0.0254,0.0047,0.0034,0.0006,0.0002,0.0005,0.0000,0.0000,0.0000,0.0001,0.0000,0.0001,0.0000,0.0012
0.0034,0.0025,0.0035,0.0013,0.0028,0.0032,0.0055,0.0044,0.0056,0.0250,0.1158,0.0930,0.9996,0.1167,0.9960,0.0130,0.2904,0.0290,0.0007,0.0125,0.0000,0.0000,0.0001,0.0010,0.0009,0.0001,0.0001,0.0019
0.0052,0.0106,0.0087,0.0311,0.0094,0.0172,0.0179,0.0289,0.0301,0.3373,0.0681,0.8758,0.1427,0.0778,0.0160,0.0062,0.0077,0.0065,0.0029,0.0039,0.0001,0.0005,0.0000,0.0009,0.1311,0.0043,0.0000,0.0018
0.0055,0.0046,0.0053,0.0066,0.0073,0.0043,0.0124,0.0106,0.0203,0.0567,0.1230,0.0739,0.9626,0.0271,0.1007,0.0049,0.0140,0.0064,0.0024,0.0115,0.0004,0.0017,0.0001,0.0001,0.0043,0.0300,0.0002,0.0003
0.0168,0.0073,0.0140,0.0156,0.0280,0.0258,0.0382,0.0462,0.1538,0.9519,0.4523,0.1706,0.9219,0.0026,0.0105,0.0007,0.0085,0.0046,0.0129,0.0067,0.0004,0.0017,0.0000,0.0001,0.0000,0.0002,0.0002,0.0037
0.0081,0.0038,0.0079,0.0045,0.0096,0.0032,0.0097,0.0229,0.0338,0.0262,0.0243,0.0188,0.0983,0.0041,0.0117,0.0026,0.0108,0.0097,0.0094,0.0076,0.0021,0.0057,0.0012,0.0019,0.0018,0.0003,0.0037,0.0392