c1,c2,c3,c4,c5,c6,c7,c8,c9,c10,c11,c12,c13,c14,c15,c16,c17,c18,c19,c20
0.0001,0.0035,0.0007,0.0278,0.0339,0.0062,0.0033,0.0265,0.0150,0.0101,0.0157,0.0047,0.0101,0.0186,0.0111,0.0082,0.0122,0.0068,0.0051,0.0102
0.0035,0.0134,0.0065,0.0001,0.0029,0.0063,0.0025,0.0099,0.0168,0.0126,0.0186,0.0059,0.0211,0.0189,0.0158,0.0081,0.0122,0.0120,0.0042,0.0101
0.0007,0.0065,0.0082,0.0052,0.0003,0.0020,0.0114,0.0089,0.0194,0.0398,0.0173,0.0086,0.0232,0.0151,0.0132,0.0060,0.0123,0.0085,0.0051,0.0059
0.0278,0.0001,0.0052,0.0157,0.0127,0.0000,0.0015,0.0090,0.0064,0.0398,0.0261,0.0103,0.0352,0.0228,0.0194,0.0129,0.0401,0.0103,0.0049,0.0091
0.0339,0.0029,0.0003,0.0127,0.0158,0.0023,0.0001,0.0058,0.0267,0.0070,0.0215,0.0159,0.0554,0.0118,0.0207,0.0060,0.0101,0.0078,0.0048,0.0051
0.0062,0.0063,0.0020,0.0000,0.0023,0.0012,0.0065,0.0002,0.0062,0.0641,0.0444,0.0427,0.0972,0.0340,0.0341,0.0142,0.0249,0.0112,0.0061,0.0183
0.0033,0.0025,0.0114,0.0015,0.0001,0.0065,0.0018,0.0204,0.0008,0.0159,0.0321,0.0040,0.0454,0.0186,0.0303,0.0128,0.0242,0.0125,0.0087,0.0154
0.0265,0.0099,0.0089,0.0090,0.0058,0.0002,0.0204,0.0500,0.0057,0.0001,0.0028,0.0100,0.0073,0.0139,0.0156,0.0097,0.0180,0.0085,0.0143,0.0103
0.0150,0.0168,0.0194,0.0064,0.0267,0.0062,0.0008,0.0057,0.0311,0.0022,0.0001,0.0042,0.0094,0.0047,0.0140,0.0157,0.0151,0.0073,0.0182,0.0062
0.0101,0.0126,0.0398,0.0398,0.0070,0.0641,0.0159,0.0001,0.0022,0.0093,0.0068,0.0003,0.0031,0.0083,0.0049,0.0165,0.0307,0.0115,0.0068,0.0035
0.0157,0.0186,0.0173,0.0261,0.0215,0.0444,0.0321,0.0028,0.0001,0.0068,0.0125,0.0107,0.0001,0.0029,0.0087,0.0058,0.0205,0.0071,0.0079,0.0054
0.0047,0.0059,0.0086,0.0103,0.0159,0.0427,0.0040,0.0100,0.0042,0.0003,0.0107,0.0207,0.0102,0.0003,0.0047,0.0166,0.0115,0.0146,0.0118,0.0121
0.0101,0.0211,0.0232,0.0352,0.0554,0.0972,0.0454,0.0073,0.0094,0.0031,0.0001,0.0102,0.0017,0.0023,0.0002,0.0075,0.0067,0.0055,0.0139,0.0051
0.0186,0.0189,0.0151,0.0228,0.0118,0.0340,0.0186,0.0139,0.0047,0.0083,0.0029,0.0003,0.0023,0.0106,0.0061,0.0003,0.0022,0.0205,0.0078,0.0169
0.0111,0.0158,0.0132,0.0194,0.0207,0.0341,0.0303,0.0156,0.0140,0.0049,0.0087,0.0047,0.0002,0.0061,0.0106,0.0119,0.0000,0.0040,0.0205,0.0137
0.0082,0.0081,0.0060,0.0129,0.0060,0.0142,0.0128,0.0097,0.0157,0.0165,0.0058,0.0166,0.0075,0.0003,0.0119,0.0207,0.0037,0.0002,0.0058,0.0314
0.0122,0.0122,0.0123,0.0401,0.0101,0.0249,0.0242,0.0180,0.0151,0.0307,0.0205,0.0115,0.0067,0.0022,0.0000,0.0037,0.0132,0.0161,0.0001,0.0037
0.0068,0.0120,0.0085,0.0103,0.0078,0.0112,0.0125,0.0085,0.0073,0.0115,0.0071,0.0146,0.0055,0.0205,0.0040,0.0002,0.0161,0.0707,0.0285,0.0001
0.0051,0.0042,0.0051,0.0049,0.0048,0.0061,0.0087,0.0143,0.0182,0.0068,0.0079,0.0118,0.0139,0.0078,0.0205,0.0058,0.0001,0.0285,0.0174,0.0051
0.0102,0.0101,0.0059,0.0091,0.0051,0.0183,0.0154,0.0103,0.0062,0.0035,0.0054,0.0121,0.0051,0.0169,0.0137,0.0314,0.0037,0.0001,0.0051,0.0219