c1,c2,c3,c4,c5,c6,c7,c8,c9,c10,c11,c12,c13,c14,c15,c16,c17,c18,c19,c20
0.0002,0.0034,0.0000,0.0136,0.0388,0.0086,0.0216,0.0229,0.0127,0.0071,0.0150,0.0124,0.0079,0.0128,0.0090,0.0060,0.0087,0.0112,0.0125,0.0171
0.0034,0.1713,0.0256,0.0008,0.0153,0.0238,0.0036,0.0079,0.0031,0.0070,0.0034,0.0039,0.0048,0.0068,0.0084,0.0037,0.0051,0.0084,0.0080,0.0078
0.0000,0.0256,0.0000,0.0400,0.0009,0.0168,0.0809,0.0064,0.0233,0.0106,0.0190,0.0222,0.0110,0.0178,0.0164,0.0233,0.1071,0.0189,0.0063,0.0052
0.0136,0.0008,0.0400,0.1131,0.0040,0.0001,0.0044,0.0362,0.0037,0.0086,0.0094,0.0078,0.0092,0.0193,0.0095,0.0075,0.0068,0.0094,0.0030,0.0049
0.0388,0.0153,0.0009,0.0040,0.0120,0.0019,0.0002,0.0266,0.0393,0.0042,0.0163,0.0045,0.0181,0.0208,0.0144,0.0068,0.0092,0.0110,0.0034,0.0026
0.0086,0.0238,0.0168,0.0001,0.0019,0.0051,0.0013,0.0003,0.0051,0.0691,0.0055,0.0181,0.0315,0.0554,0.0110,0.0109,0.0274,0.0116,0.0062,0.0046
0.0216,0.0036,0.0809,0.0044,0.0002,0.0013,0.0145,0.0017,0.0001,0.0078,0.0391,0.0081,0.0292,0.0254,0.0158,0.0210,0.0183,0.0123,0.0049,0.0060
0.0229,0.0079,0.0064,0.0362,0.0266,0.0003,0.0017,0.0062,0.0011,0.0006,0.0447,0.0444,0.0079,0.0323,0.0214,0.0081,0.0036,0.0068,0.0040,0.0052
0.0127,0.0031,0.0233,0.0037,0.0393,0.0051,0.0001,0.0011,0.0093,0.0038,0.0003,0.0145,0.0977,0.0141,0.0391,0.0077,0.0133,0.0084,0.0089,0.0118
0.0071,0.0070,0.0106,0.0086,0.0042,0.0691,0.0078,0.0006,0.0038,0.0369,0.0026,0.0004,0.0213,0.0649,0.0029,0.0259,0.0130,0.0092,0.0022,0.0037
0.0150,0.0034,0.0190,0.0094,0.0163,0.0055,0.0391,0.0447,0.0003,0.0026,0.0227,0.0034,0.0004,0.0088,0.0249,0.0085,0.0096,0.0088,0.0049,0.0034
0.0124,0.0039,0.0222,0.0078,0.0045,0.0181,0.0081,0.0444,0.0145,0.0004,0.0034,0.0266,0.0014,0.0002,0.0067,0.0434,0.0064,0.0237,0.0140,0.0048
0.0079,0.0048,0.0110,0.0092,0.0181,0.0315,0.0292,0.0079,0.0977,0.0213,0.0004,0.0014,0.0078,0.0009,0.0003,0.0144,0.0289,0.0043,0.0097,0.0038
0.0128,0.0068,0.0178,0.0193,0.0208,0.0554,0.0254,0.0323,0.0141,0.0649,0.0088,0.0002,0.0009,0.0153,0.0019,0.0002,0.0055,0.0062,0.0025,0.0065
0.0090,0.0084,0.0164,0.0095,0.0144,0.0110,0.0158,0.0214,0.0391,0.0029,0.0249,0.0067,0.0003,0.0019,0.0174,0.0015,0.0001,0.0073,0.0404,0.0136
0.0060,0.0037,0.0233,0.0075,0.0068,0.0109,0.0210,0.0081,0.0077,0.0259,0.0085,0.0434,0.0144,0.0002,0.0015,0.0059,0.0017,0.0003,0.0153,0.1457
0.0087,0.0051,0.1071,0.0068,0.0092,0.0274,0.0183,0.0036,0.0133,0.0130,0.0096,0.0064,0.0289,0.0055,0.0001,0.0017,0.0487,0.0049,0.0005,0.0036
0.0112,0.0084,0.0189,0.0094,0.0110,0.0116,0.0123,0.0068,0.0084,0.0092,0.0088,0.0237,0.0043,0.0062,0.0073,0.0003,0.0049,0.0370,0.0114,0.0003
0.0125,0.0080,0.0063,0.0030,0.0034,0.0062,0.0049,0.0040,0.0089,0.0022,0.0049,0.0140,0.0097,0.0025,0.0404,0.0153,0.0005,0.0114,0.0806,0.0127
0.0171,0.0078,0.0052,0.0049,0.0026,0.0046,0.0060,0.0052,0.0118,0.0037,0.0034,0.0048,0.0038,0.0065,0.0136,0.1457,0.0036,0.0003,0.0127,0.1408
