c1,c2,c3,c4,c5,c6,c7,c8,c9,c10,c11,c12,c13,c14,c15,c16,c17,c18,c19,c20
0.0000,0.0049,0.0001,0.0258,0.0622,0.0180,0.0126,0.0257,0.0219,0.0059,0.0212,0.0189,0.0165,0.0038,0.0057,0.0056,0.0099,0.0082,0.0054,0.0096
0.0049,0.0441,0.0433,0.0012,0.0126,0.0126,0.0061,0.0027,0.0038,0.0052,0.0060,0.0054,0.0080,0.0084,0.0062,0.0055,0.0067,0.0072,0.0058,0.0087
0.0001,0.0433,0.0030,0.0350,0.0014,0.0302,0.0916,0.0046,0.0142,0.0037,0.0079,0.0059,0.0100,0.0144,0.0071,0.0071,0.0094,0.0042,0.0027,0.0046
0.0258,0.0012,0.0350,0.0218,0.0092,0.0002,0.0043,0.0213,0.0059,0.0095,0.0108,0.0062,0.0081,0.0060,0.0130,0.0098,0.0131,0.0073,0.0019,0.0055
0.0622,0.0126,0.0014,0.0092,0.0038,0.0023,0.0008,0.0268,0.0849,0.0032,0.0101,0.0081,0.0108,0.0054,0.0163,0.0068,0.0108,0.0065,0.0012,0.0042
0.0180,0.0126,0.0302,0.0002,0.0023,0.0101,0.0033,0.0007,0.0171,0.0632,0.0070,0.0132,0.0127,0.0075,0.0055,0.0073,0.0285,0.0048,0.0034,0.0073
0.0126,0.0061,0.0916,0.0043,0.0008,0.0033,0.0014,0.0052,0.0006,0.0175,0.0687,0.0063,0.0349,0.0063,0.0115,0.0064,0.0049,0.0089,0.0066,0.0088
0.0257,0.0027,0.0046,0.0213,0.0268,0.0007,0.0052,0.0030,0.0029,0.0006,0.0226,0.0469,0.0099,0.0193,0.0142,0.0111,0.0037,0.0068,0.0058,0.0064
0.0219,0.0038,0.0142,0.0059,0.0849,0.0171,0.0006,0.0029,0.0017,0.0062,0.0009,0.0143,0.1132,0.0114,0.0207,0.0039,0.0079,0.0056,0.0028,0.0033
0.0059,0.0052,0.0037,0.0095,0.0032,0.0632,0.0175,0.0006,0.0062,0.0084,0.0031,0.0010,0.0518,0.1526,0.0040,0.0130,0.0176,0.0062,0.0016,0.0030
0.0212,0.0060,0.0079,0.0108,0.0101,0.0070,0.0687,0.0226,0.0009,0.0031,0.0270,0.0027,0.0002,0.0057,0.0577,0.0066,0.0089,0.0133,0.0030,0.0023
0.0189,0.0054,0.0059,0.0062,0.0081,0.0132,0.0063,0.0469,0.0143,0.0010,0.0027,0.0084,0.0015,0.0012,0.0062,0.0764,0.0079,0.0277,0.0041,0.0034
0.0165,0.0080,0.0100,0.0081,0.0108,0.0127,0.0349,0.0099,0.1132,0.0518,0.0002,0.0015,0.0063,0.0031,0.0002,0.0054,0.0174,0.0050,0.0100,0.0049
0.0038,0.0084,0.0144,0.0060,0.0054,0.0075,0.0063,0.0193,0.0114,0.1526,0.0057,0.0012,0.0031,0.0066,0.0039,0.0007,0.0059,0.0257,0.0057,0.0115
0.0057,0.0062,0.0071,0.0130,0.0163,0.0055,0.0115,0.0142,0.0207,0.0040,0.0577,0.0062,0.0002,0.0039,0.0142,0.0016,0.0001,0.0327,0.0509,0.0157
0.0056,0.0055,0.0071,0.0098,0.0068,0.0073,0.0064,0.0111,0.0039,0.0130,0.0066,0.0764,0.0054,0.0007,0.0016,0.0027,0.0078,0.0008,0.0273,0.1584
0.0099,0.0067,0.0094,0.0131,0.0108,0.0285,0.0049,0.0037,0.0079,0.0176,0.0089,0.0079,0.0174,0.0059,0.0001,0.0078,0.0287,0.0035,0.0031,0.0067
0.0082,0.0072,0.0042,0.0073,0.0065,0.0048,0.0089,0.0068,0.0056,0.0062,0.0133,0.0277,0.0050,0.0257,0.0327,0.0008,0.0035,0.0390,0.0221,0.0002
0.0054,0.0058,0.0027,0.0019,0.0012,0.0034,0.0066,0.0058,0.0028,0.0016,0.0030,0.0041,0.0100,0.0057,0.0509,0.0273,0.0031,0.0221,0.1913,0.0550
0.0096,0.0087,0.0046,0.0055,0.0042,0.0073,0.0088,0.0064,0.0033,0.0030,0.0023,0.0034,0.0049,0.0115,0.0157,0.1584,0.0067,0.0002,0.0550,0.0271
