c1,c2,c3,c4,c5,c6,c7,c8,c9,c10,c11,c12,c13,c14,c15,c16,c17,c18,c19,c20
0.0027,0.0283,0.0008,0.0293,0.0383,0.0129,0.0389,0.0336,0.0151,0.0066,0.0069,0.0057,0.0105,0.0022,0.0023,0.0039,0.0038,0.0038,0.0045,0.0016
0.0283,0.0801,0.0967,0.0001,0.0077,0.0051,0.0160,0.0095,0.0107,0.0095,0.0057,0.0028,0.0100,0.0023,0.0041,0.0056,0.0042,0.0067,0.0092,0.0031
0.0008,0.0967,0.0841,0.0642,0.0001,0.0367,0.0392,0.0139,0.0137,0.0109,0.0065,0.0041,0.0049,0.0057,0.0047,0.0031,0.0022,0.0053,0.0025,0.0014
0.0293,0.0001,0.0642,0.0107,0.0094,0.0000,0.0234,0.0051,0.0049,0.0256,0.0625,0.0077,0.0169,0.0055,0.0067,0.0138,0.0093,0.0065,0.0089,0.0037
0.0383,0.0077,0.0001,0.0094,0.0103,0.0219,0.0003,0.0166,0.0397,0.0022,0.0135,0.0091,0.0091,0.0116,0.0095,0.0120,0.0094,0.0145,0.0030,0.0051
0.0129,0.0051,0.0367,0.0000,0.0219,0.0118,0.0115,0.0002,0.0154,0.0619,0.0095,0.0057,0.0251,0.0095,0.0041,0.0150,0.0134,0.0052,0.0055,0.0054
0.0389,0.0160,0.0392,0.0234,0.0003,0.0115,0.0021,0.0259,0.0002,0.0207,0.0310,0.0049,0.0042,0.0116,0.0122,0.0040,0.0088,0.0181,0.0023,0.0027
0.0336,0.0095,0.0139,0.0051,0.0166,0.0002,0.0259,0.0047,0.0020,0.0001,0.0183,0.0059,0.0114,0.0306,0.0151,0.0263,0.0090,0.0070,0.0083,0.0060
0.0151,0.0107,0.0137,0.0049,0.0397,0.0154,0.0002,0.0020,0.0073,0.0155,0.0000,0.0155,0.0366,0.0114,0.0211,0.0183,0.0140,0.0086,0.0079,0.0048
0.0066,0.0095,0.0109,0.0256,0.0022,0.0619,0.0207,0.0001,0.0155,0.0125,0.0052,0.0003,0.0029,0.0259,0.0137,0.0038,0.0168,0.0253,0.0031,0.0119
0.0069,0.0057,0.0065,0.0625,0.0135,0.0095,0.0310,0.0183,0.0000,0.0052,0.0042,0.0047,0.0001,0.0084,0.0188,0.0129,0.0315,0.0526,0.0069,0.0083
0.0057,0.0028,0.0041,0.0077,0.0091,0.0057,0.0049,0.0059,0.0155,0.0003,0.0047,0.0156,0.0212,0.0001,0.0333,0.0159,0.0159,0.0384,0.0299,0.0282
0.0105,0.0100,0.0049,0.0169,0.0091,0.0251,0.0042,0.0114,0.0366,0.0029,0.0001,0.0212,0.0090,0.0185,0.0001,0.0087,0.0083,0.0120,0.0082,0.0329
0.0022,0.0023,0.0057,0.0055,0.0116,0.0095,0.0116,0.0306,0.0114,0.0259,0.0084,0.0001,0.0185,0.0036,0.0333,0.0001,0.0378,0.0155,0.0190,0.0493
0.0023,0.0041,0.0047,0.0067,0.0095,0.0041,0.0122,0.0151,0.0211,0.0137,0.0188,0.0333,0.0001,0.0333,0.0132,0.0203,0.0000,0.0537,0.0121,0.0149
0.0039,0.0056,0.0031,0.0138,0.0120,0.0150,0.0040,0.0263,0.0183,0.0038,0.0129,0.0159,0.0087,0.0001,0.0203,0.0135,0.0458,0.0000,0.0410,0.0317
0.0038,0.0042,0.0022,0.0093,0.0094,0.0134,0.0088,0.0090,0.0140,0.0168,0.0315,0.0159,0.0083,0.0378,0.0000,0.0458,0.0138,0.0184,0.0000,0.0607
0.0038,0.0067,0.0053,0.0065,0.0145,0.0052,0.0181,0.0070,0.0086,0.0253,0.0526,0.0384,0.0120,0.0155,0.0537,0.0000,0.0184,0.0129,0.0288,0.0000
0.0045,0.0092,0.0025,0.0089,0.0030,0.0055,0.0023,0.0083,0.0079,0.0031,0.0069,0.0299,0.0082,0.0190,0.0121,0.0410,0.0000,0.0288,0.0158,0.0469
0.0016,0.0031,0.0014,0.0037,0.0051,0.0054,0.0027,0.0060,0.0048,0.0119,0.0083,0.0282,0.0329,0.0493,0.0149,0.0317,0.0607,0.0000,0.0469,0.0285
