c1,c2,c3,c4,c5,c6,c7,c8,c9,c10,c11,c12,c13,c14,c15,c16,c17,c18,c19,c20
0.0001,0.0067,0.0001,0.0215,0.0404,0.0142,0.0272,0.0250,0.0114,0.0030,0.0224,0.0114,0.0073,0.0092,0.0071,0.0053,0.0107,0.0110,0.0110,0.0111
0.0067,0.2824,0.0618,0.0006,0.0079,0.0309,0.0030,0.0028,0.0035,0.0087,0.0028,0.0030,0.0058,0.0067,0.0058,0.0036,0.0088,0.0068,0.0066,0.0072
0.0001,0.0618,0.0002,0.0340,0.0004,0.0325,0.0437,0.0040,0.0142,0.0056,0.0140,0.0104,0.0111,0.0204,0.0101,0.0118,0.0214,0.0082,0.0068,0.0039
0.0215,0.0006,0.0340,0.0675,0.0034,0.0001,0.0072,0.0283,0.0034,0.0210,0.0087,0.0054,0.0077,0.0391,0.0072,0.0084,0.0119,0.0070,0.0019,0.0039
0.0404,0.0079,0.0004,0.0034,0.0081,0.0059,0.0002,0.0131,0.0468,0.0219,0.0141,0.0045,0.0188,0.0357,0.0104,0.0068,0.0115,0.0099,0.0025,0.0023
0.0142,0.0309,0.0325,0.0001,0.0059,0.0045,0.0020,0.0002,0.0072,0.1105,0.0034,0.0148,0.0145,0.0258,0.0100,0.0114,0.0161,0.0085,0.0064,0.0034
0.0272,0.0030,0.0437,0.0072,0.0002,0.0020,0.0135,0.0019,0.0003,0.0225,0.0439,0.0054,0.0236,0.0129,0.0097,0.0110,0.0151,0.0142,0.0060,0.0061
0.0250,0.0028,0.0040,0.0283,0.0131,0.0002,0.0019,0.0045,0.0036,0.0069,0.0366,0.0512,0.0077,0.0331,0.0102,0.0046,0.0061,0.0067,0.0047,0.0061
0.0114,0.0035,0.0142,0.0034,0.0468,0.0072,0.0003,0.0036,0.0126,0.0209,0.0003,0.0247,0.1057,0.0140,0.0191,0.0039,0.0112,0.0034,0.0035,0.0053
0.0030,0.0087,0.0056,0.0210,0.0219,0.1105,0.0225,0.0069,0.0209,0.0000,0.0090,0.0009,0.0235,0.0933,0.0044,0.0223,0.0071,0.0082,0.0033,0.0032
0.0224,0.0028,0.0140,0.0087,0.0141,0.0034,0.0439,0.0366,0.0003,0.0090,0.0168,0.0024,0.0004,0.0174,0.0255,0.0069,0.0120,0.0059,0.0038,0.0050
0.0114,0.0030,0.0104,0.0054,0.0045,0.0148,0.0054,0.0512,0.0247,0.0009,0.0024,0.0163,0.0032,0.0002,0.0097,0.0412,0.0079,0.0216,0.0114,0.0071
0.0073,0.0058,0.0111,0.0077,0.0188,0.0145,0.0236,0.0077,0.1057,0.0235,0.0004,0.0032,0.0047,0.0012,0.0005,0.0159,0.0196,0.0046,0.0118,0.0036
0.0092,0.0067,0.0204,0.0391,0.0357,0.0258,0.0129,0.0331,0.0140,0.0933,0.0174,0.0002,0.0012,0.0094,0.0027,0.0001,0.0039,0.0073,0.0028,0.0050
0.0071,0.0058,0.0101,0.0072,0.0104,0.0100,0.0097,0.0102,0.0191,0.0044,0.0255,0.0097,0.0005,0.0027,0.0154,0.0022,0.0004,0.0085,0.0454,0.0231
0.0053,0.0036,0.0118,0.0084,0.0068,0.0114,0.0110,0.0046,0.0039,0.0223,0.0069,0.0412,0.0159,0.0001,0.0022,0.0048,0.0058,0.0011,0.0176,0.2465
0.0107,0.0088,0.0214,0.0119,0.0115,0.0161,0.0151,0.0061,0.0112,0.0071,0.0120,0.0079,0.0196,0.0039,0.0004,0.0058,0.0186,0.0055,0.0005,0.0034
0.0110,0.0068,0.0082,0.0070,0.0099,0.0085,0.0142,0.0067,0.0034,0.0082,0.0059,0.0216,0.0046,0.0073,0.0085,0.0011,0.0055,0.0404,0.0210,0.0006
0.0110,0.0066,0.0068,0.0019,0.0025,0.0064,0.0060,0.0047,0.0035,0.0033,0.0038,0.0114,0.0118,0.0028,0.0454,0.0176,0.0005,0.0210,0.0892,0.0183
0.0111,0.0072,0.0039,0.0039,0.0023,0.0034,0.0061,0.0061,0.0053,0.0032,0.0050,0.0071,0.0036,0.0050,0.0231,0.2465,0.0034,0.0006,0.0183,0.0992
