c1,c2,c3,c4,c5,c6,c7,c8,c9,c10,c11,c12,c13,c14,c15,c16,c17,c18,c19,c20
0.0000,0.0514,0.0004,0.0477,0.1465,0.0067,0.0112,0.0251,0.0122,0.0067,0.0190,0.0186,0.0085,0.0019,0.0053,0.0070,0.0037,0.0060,0.0157,0.0041
0.0514,0.2752,0.1154,0.0045,0.0458,0.0198,0.0066,0.0037,0.0007,0.0014,0.0044,0.0031,0.0033,0.0031,0.0050,0.0032,0.0023,0.0034,0.0081,0.0032
0.0004,0.1154,0.0030,0.0694,0.0005,0.2171,0.2814,0.0047,0.0090,0.0037,0.0054,0.0029,0.0051,0.0034,0.0050,0.0063,0.0077,0.0018,0.0032,0.0032
0.0477,0.0045,0.0694,0.0356,0.0132,0.0003,0.0069,0.0628,0.0024,0.0074,0.0033,0.0045,0.0027,0.0036,0.0095,0.0105,0.0060,0.0050,0.0047,0.0034
0.1465,0.0458,0.0005,0.0132,0.0081,0.0034,0.0002,0.1112,0.0863,0.0028,0.0096,0.0040,0.0035,0.0033,0.0151,0.0047,0.0040,0.0065,0.0035,0.0038
0.0067,0.0198,0.2171,0.0003,0.0034,0.0441,0.0104,0.0001,0.0164,0.2726,0.0044,0.0053,0.0150,0.0090,0.0025,0.0025,0.0326,0.0030,0.0021,0.0022
0.0112,0.0066,0.2814,0.0069,0.0002,0.0104,0.0183,0.0012,0.0009,0.1031,0.0603,0.0018,0.0212,0.0121,0.0062,0.0023,0.0063,0.0043,0.0022,0.0049
0.0251,0.0037,0.0047,0.0628,0.1112,0.0001,0.0012,0.0196,0.0025,0.0005,0.0268,0.1695,0.0030,0.0111,0.0167,0.0086,0.0020,0.0049,0.0076,0.0047
0.0122,0.0007,0.0090,0.0024,0.0863,0.0164,0.0009,0.0025,0.0064,0.0084,0.0017,0.0300,0.1916,0.0268,0.0206,0.0045,0.0075,0.0042,0.0022,0.0016
0.0067,0.0014,0.0037,0.0074,0.0028,0.2726,0.1031,0.0005,0.0084,0.0136,0.0040,0.0015,0.1142,0.3572,0.0016,0.0034,0.0075,0.0037,0.0009,0.0013
0.0190,0.0044,0.0054,0.0033,0.0096,0.0044,0.0603,0.0268,0.0017,0.0040,0.0091,0.0027,0.0008,0.0169,0.1075,0.0026,0.0107,0.0142,0.0030,0.0032
0.0186,0.0031,0.0029,0.0045,0.0040,0.0053,0.0018,0.1695,0.0300,0.0015,0.0027,0.0129,0.0007,0.0013,0.0301,0.0900,0.0052,0.0305,0.0089,0.0029
0.0085,0.0033,0.0051,0.0027,0.0035,0.0150,0.0212,0.0030,0.1916,0.1142,0.0008,0.0007,0.0061,0.0082,0.0005,0.0079,0.1455,0.0085,0.0035,0.0048
0.0019,0.0031,0.0034,0.0036,0.0033,0.0090,0.0121,0.0111,0.0268,0.3572,0.0169,0.0013,0.0082,0.0102,0.0035,0.0006,0.0396,0.0589,0.0007,0.0041
0.0053,0.0050,0.0050,0.0095,0.0151,0.0025,0.0062,0.0167,0.0206,0.0016,0.1075,0.0301,0.0005,0.0035,0.0115,0.0020,0.0001,0.0202,0.1766,0.0093
0.0070,0.0032,0.0063,0.0105,0.0047,0.0025,0.0023,0.0086,0.0045,0.0034,0.0026,0.0900,0.0079,0.0006,0.0020,0.0038,0.0061,0.0022,0.1008,0.6319
0.0037,0.0023,0.0077,0.0060,0.0040,0.0326,0.0063,0.0020,0.0075,0.0075,0.0107,0.0052,0.1455,0.0396,0.0001,0.0061,0.0912,0.0171,0.0002,0.0323
0.0060,0.0034,0.0018,0.0050,0.0065,0.0030,0.0043,0.0049,0.0042,0.0037,0.0142,0.0305,0.0085,0.0589,0.0202,0.0022,0.0171,0.0294,0.0093,0.0021
0.0157,0.0081,0.0032,0.0047,0.0035,0.0021,0.0022,0.0076,0.0022,0.0009,0.0030,0.0089,0.0035,0.0007,0.1766,0.1008,0.0002,0.0093,0.3517,0.1243
0.0041,0.0032,0.0032,0.0034,0.0038,0.0022,0.0049,0.0047,0.0016,0.0013,0.0032,0.0029,0.0048,0.0041,0.0093,0.6319,0.0323,0.0021,0.1243,0.0707
