c1,c2,c3,c4,c5,c6,c7,c8,c9,c10,c11,c12,c13,c14,c15,c16,c17,c18,c19,c20
0.0010,0.0088,0.0010,0.0186,0.0154,0.0204,0.0332,0.0238,0.0256,0.0064,0.0093,0.0134,0.0064,0.0027,0.0031,0.0041,0.0069,0.0072,0.0062,0.0021
0.0088,0.0688,0.0465,0.0002,0.0052,0.0080,0.0082,0.0079,0.0160,0.0086,0.0081,0.0088,0.0043,0.0032,0.0061,0.0057,0.0073,0.0065,0.0159,0.0019
0.0010,0.0465,0.0251,0.0442,0.0006,0.0257,0.0374,0.0077,0.0122,0.0037,0.0074,0.0041,0.0046,0.0247,0.0061,0.0038,0.0047,0.0048,0.0032,0.0017
0.0186,0.0002,0.0442,0.0175,0.0134,0.0001,0.0235,0.0056,0.0133,0.0113,0.0335,0.0122,0.0063,0.0065,0.0132,0.0083,0.0077,0.0063,0.0043,0.0028
0.0154,0.0052,0.0006,0.0134,0.0172,0.0030,0.0028,0.0404,0.0444,0.0018,0.0085,0.0117,0.0093,0.0030,0.0114,0.0076,0.0078,0.0085,0.0042,0.0051
0.0204,0.0080,0.0257,0.0001,0.0030,0.0291,0.0182,0.0017,0.0185,0.0335,0.0146,0.0095,0.0114,0.0046,0.0060,0.0064,0.0085,0.0033,0.0035,0.0042
0.0332,0.0082,0.0374,0.0235,0.0028,0.0182,0.0007,0.0332,0.0004,0.0111,0.0352,0.0043,0.0074,0.0067,0.0070,0.0026,0.0060,0.0089,0.0039,0.0029
0.0238,0.0079,0.0077,0.0056,0.0404,0.0017,0.0332,0.0089,0.0017,0.0011,0.0145,0.0290,0.0120,0.0170,0.0091,0.0080,0.0034,0.0031,0.0039,0.0014
0.0256,0.0160,0.0122,0.0133,0.0444,0.0185,0.0004,0.0017,0.0040,0.0043,0.0002,0.0120,0.0339,0.0072,0.0158,0.0091,0.0115,0.0072,0.0075,0.0030
0.0064,0.0086,0.0037,0.0113,0.0018,0.0335,0.0111,0.0011,0.0043,0.0448,0.0052,0.0013,0.0650,0.0096,0.0075,0.0069,0.0102,0.0072,0.0044,0.0047
0.0093,0.0081,0.0074,0.0335,0.0085,0.0146,0.0352,0.0145,0.0002,0.0052,0.0167,0.0067,0.0001,0.0051,0.0177,0.0080,0.0177,0.0195,0.0040,0.0080
0.0134,0.0088,0.0041,0.0122,0.0117,0.0095,0.0043,0.0290,0.0120,0.0013,0.0067,0.0319,0.0012,0.0007,0.0095,0.0046,0.0059,0.0270,0.0069,0.0108
0.0064,0.0043,0.0046,0.0063,0.0093,0.0114,0.0074,0.0120,0.0339,0.0650,0.0001,0.0012,0.0120,0.0407,0.0004,0.0092,0.0138,0.0127,0.0120,0.0149
0.0027,0.0032,0.0247,0.0065,0.0030,0.0046,0.0067,0.0170,0.0072,0.0096,0.0051,0.0007,0.0407,0.0092,0.0070,0.0007,0.0095,0.0313,0.0126,0.0313
0.0031,0.0061,0.0061,0.0132,0.0114,0.0060,0.0070,0.0091,0.0158,0.0075,0.0177,0.0095,0.0004,0.0070,0.0209,0.0153,0.0002,0.0083,0.0243,0.0267
0.0041,0.0057,0.0038,0.0083,0.0076,0.0064,0.0026,0.0080,0.0091,0.0069,0.0080,0.0046,0.0092,0.0007,0.0153,0.0746,0.0204,0.0008,0.0083,0.0562
0.0069,0.0073,0.0047,0.0077,0.0078,0.0085,0.0060,0.0034,0.0115,0.0102,0.0177,0.0059,0.0138,0.0095,0.0002,0.0204,0.0539,0.0101,0.0003,0.0520
0.0072,0.0065,0.0048,0.0063,0.0085,0.0033,0.0089,0.0031,0.0072,0.0072,0.0195,0.0270,0.0127,0.0313,0.0083,0.0008,0.0101,0.0321,0.0238,0.0002
0.0062,0.0159,0.0032,0.0043,0.0042,0.0035,0.0039,0.0039,0.0075,0.0044,0.0040,0.0069,0.0120,0.0126,0.0243,0.0083,0.0003,0.0238,0.0494,0.0374
0.0021,0.0019,0.0017,0.0028,0.0051,0.0042,0.0029,0.0014,0.0030,0.0047,0.0080,0.0108,0.0149,0.0313,0.0267,0.0562,0.0520,0.0002,0.0374,0.1820
