c1,c2,c3,c4,c5,c6,c7,c8,c9,c10,c11,c12,c13,c14,c15,c16,c17,c18,c19,c20
0.0000,0.0465,0.0005,0.0608,0.1258,0.0126,0.0122,0.0188,0.0139,0.0021,0.0143,0.0157,0.0127,0.0016,0.0050,0.0098,0.0057,0.0074,0.0101,0.0065
0.0465,0.1747,0.0627,0.0011,0.0284,0.0431,0.0042,0.0025,0.0015,0.0023,0.0038,0.0027,0.0048,0.0033,0.0043,0.0060,0.0046,0.0064,0.0060,0.0047
0.0005,0.0627,0.0083,0.0268,0.0002,0.0516,0.0356,0.0028,0.0104,0.0036,0.0092,0.0068,0.0056,0.0069,0.0067,0.0114,0.0107,0.0039,0.0064,0.0090
0.0608,0.0011,0.0268,0.0145,0.0058,0.0003,0.0051,0.0403,0.0038,0.0133,0.0041,0.0111,0.0051,0.0119,0.0075,0.0237,0.0109,0.0040,0.0036,0.0030
0.1258,0.0284,0.0002,0.0058,0.0058,0.0038,0.0001,0.0616,0.1925,0.0063,0.0102,0.0062,0.0121,0.0064,0.0099,0.0049,0.0075,0.0046,0.0035,0.0036
0.0126,0.0431,0.0516,0.0003,0.0038,0.0022,0.0020,0.0001,0.0105,0.3209,0.0073,0.0102,0.0198,0.0170,0.0230,0.0087,0.0126,0.0038,0.0035,0.0019
0.0122,0.0042,0.0356,0.0051,0.0001,0.0020,0.0128,0.0024,0.0005,0.0954,0.1469,0.0121,0.0319,0.0129,0.0107,0.0057,0.0051,0.0045,0.0052,0.0046
0.0188,0.0025,0.0028,0.0403,0.0616,0.0001,0.0024,0.0109,0.0020,0.0017,0.0183,0.2066,0.0090,0.0239,0.0108,0.0072,0.0043,0.0047,0.0054,0.0039
0.0139,0.0015,0.0104,0.0038,0.1925,0.0105,0.0005,0.0020,0.0024,0.0091,0.0004,0.0195,0.1656,0.0151,0.0180,0.0058,0.0149,0.0047,0.0032,0.0042
0.0021,0.0023,0.0036,0.0133,0.0063,0.3209,0.0954,0.0017,0.0091,0.0001,0.0221,0.0010,0.0530,0.2627,0.0062,0.0079,0.0024,0.0080,0.0014,0.0016
0.0143,0.0038,0.0092,0.0041,0.0102,0.0073,0.1469,0.0183,0.0004,0.0221,0.0158,0.0011,0.0005,0.0385,0.0538,0.0033,0.0106,0.0057,0.0021,0.0033
0.0157,0.0027,0.0068,0.0111,0.0062,0.0102,0.0121,0.2066,0.0195,0.0010,0.0011,0.0035,0.0008,0.0011,0.0208,0.0332,0.0092,0.0333,0.0060,0.0022
0.0127,0.0048,0.0056,0.0051,0.0121,0.0198,0.0319,0.0090,0.1656,0.0530,0.0005,0.0008,0.0043,0.0022,0.0005,0.0063,0.0526,0.0048,0.0052,0.0063
0.0016,0.0033,0.0069,0.0119,0.0064,0.0170,0.0129,0.0239,0.0151,0.2627,0.0385,0.0011,0.0022,0.0115,0.0037,0.0003,0.0052,0.0432,0.0015,0.0040
0.0050,0.0043,0.0067,0.0075,0.0099,0.0230,0.0107,0.0108,0.0180,0.0062,0.0538,0.0208,0.0005,0.0037,0.0065,0.0009,0.0004,0.0139,0.0445,0.0115
0.0098,0.0060,0.0114,0.0237,0.0049,0.0087,0.0057,0.0072,0.0058,0.0079,0.0033,0.0332,0.0063,0.0003,0.0009,0.0023,0.0093,0.0011,0.0262,0.4834
0.0057,0.0046,0.0107,0.0109,0.0075,0.0126,0.0051,0.0043,0.0149,0.0024,0.0106,0.0092,0.0526,0.0052,0.0004,0.0093,0.0382,0.0095,0.0009,0.0148
0.0074,0.0064,0.0039,0.0040,0.0046,0.0038,0.0045,0.0047,0.0047,0.0080,0.0057,0.0333,0.0048,0.0432,0.0139,0.0011,0.0095,0.0381,0.0203,0.0023
0.0101,0.0060,0.0064,0.0036,0.0035,0.0035,0.0052,0.0054,0.0032,0.0014,0.0021,0.0060,0.0052,0.0015,0.0445,0.0262,0.0009,0.0203,0.2436,0.0766
0.0065,0.0047,0.0090,0.0030,0.0036,0.0019,0.0046,0.0039,0.0042,0.0016,0.0033,0.0022,0.0063,0.0040,0.0115,0.4834,0.0148,0.0023,0.0766,0.0307
