c1,c2,c3,c4,c5,c6,c7,c8,c9,c10,c11,c12,c13,c14,c15,c16,c17,c18,c19,c20
0.0000,0.0176,0.0002,0.0455,0.0710,0.0212,0.0183,0.0195,0.0148,0.0038,0.0215,0.0199,0.0123,0.0032,0.0074,0.0073,0.0084,0.0081,0.0174,0.0067
0.0176,0.1067,0.0428,0.0009,0.0270,0.0591,0.0029,0.0020,0.0019,0.0030,0.0048,0.0051,0.0048,0.0053,0.0052,0.0042,0.0044,0.0080,0.0073,0.0068
0.0002,0.0428,0.0031,0.0197,0.0003,0.0673,0.0588,0.0024,0.0100,0.0065,0.0079,0.0049,0.0052,0.0102,0.0055,0.0101,0.0405,0.0073,0.0047,0.0091
0.0455,0.0009,0.0197,0.0180,0.0079,0.0002,0.0054,0.0478,0.0030,0.0200,0.0043,0.0071,0.0036,0.0238,0.0060,0.0104,0.0105,0.0071,0.0052,0.0041
0.0710,0.0270,0.0003,0.0079,0.0071,0.0049,0.0001,0.0803,0.1626,0.0050,0.0100,0.0047,0.0063,0.0059,0.0191,0.0066,0.0055,0.0092,0.0031,0.0043
0.0212,0.0591,0.0673,0.0002,0.0049,0.0081,0.0013,0.0001,0.0160,0.3208,0.0041,0.0085,0.0207,0.0117,0.0075,0.0070,0.0146,0.0038,0.0028,0.0016
0.0183,0.0029,0.0588,0.0054,0.0001,0.0013,0.0294,0.0032,0.0003,0.0540,0.0858,0.0037,0.0250,0.0228,0.0087,0.0047,0.0176,0.0126,0.0046,0.0069
0.0195,0.0020,0.0024,0.0478,0.0803,0.0001,0.0032,0.0173,0.0016,0.0012,0.0145,0.1918,0.0036,0.0128,0.0120,0.0081,0.0024,0.0052,0.0141,0.0072
0.0148,0.0019,0.0100,0.0030,0.1626,0.0160,0.0003,0.0016,0.0056,0.0124,0.0003,0.0220,0.1980,0.0080,0.0121,0.0085,0.0117,0.0033,0.0050,0.0047
0.0038,0.0030,0.0065,0.0200,0.0050,0.3208,0.0540,0.0012,0.0124,0.0004,0.0128,0.0013,0.0349,0.0574,0.0030,0.0110,0.0029,0.0098,0.0024,0.0013
0.0215,0.0048,0.0079,0.0043,0.0100,0.0041,0.0858,0.0145,0.0003,0.0128,0.0197,0.0018,0.0004,0.0445,0.0776,0.0020,0.0082,0.0094,0.0053,0.0029
0.0199,0.0051,0.0049,0.0071,0.0047,0.0085,0.0037,0.1918,0.0220,0.0013,0.0018,0.0117,0.0009,0.0006,0.0305,0.0647,0.0031,0.0126,0.0069,0.0049
0.0123,0.0048,0.0052,0.0036,0.0063,0.0207,0.0250,0.0036,0.1980,0.0349,0.0004,0.0009,0.0226,0.0036,0.0005,0.0206,0.0594,0.0027,0.0033,0.0050
0.0032,0.0053,0.0102,0.0238,0.0059,0.0117,0.0228,0.0128,0.0080,0.0574,0.0445,0.0006,0.0036,0.0205,0.0041,0.0002,0.0114,0.0548,0.0010,0.0025
0.0074,0.0052,0.0055,0.0060,0.0191,0.0075,0.0087,0.0120,0.0121,0.0030,0.0776,0.0305,0.0005,0.0041,0.0078,0.0012,0.0001,0.0121,0.2239,0.0078
0.0073,0.0042,0.0101,0.0104,0.0066,0.0070,0.0047,0.0081,0.0085,0.0110,0.0020,0.0647,0.0206,0.0002,0.0012,0.0034,0.0070,0.0004,0.0253,0.5617
0.0084,0.0044,0.0405,0.0105,0.0055,0.0146,0.0176,0.0024,0.0117,0.0029,0.0082,0.0031,0.0594,0.0114,0.0001,0.0070,0.0778,0.0101,0.0003,0.0177
0.0081,0.0080,0.0073,0.0071,0.0092,0.0038,0.0126,0.0052,0.0033,0.0098,0.0094,0.0126,0.0027,0.0548,0.0121,0.0004,0.0101,0.0617,0.0090,0.0008
0.0174,0.0073,0.0047,0.0052,0.0031,0.0028,0.0046,0.0141,0.0050,0.0024,0.0053,0.0069,0.0033,0.0010,0.2239,0.0253,0.0003,0.0090,0.1023,0.0234
0.0067,0.0068,0.0091,0.0041,0.0043,0.0016,0.0069,0.0072,0.0047,0.0013,0.0029,0.0049,0.0050,0.0025,0.0078,0.5617,0.0177,0.0008,0.0234,0.0492
