c1,c2,c3,c4,c5,c6,c7,c8,c9,c10,c11,c12,c13,c14,c15,c16,c17,c18,c19,c20,c21,c22,c23,c24,c25,c26,c27,c28
0.0003,0.0109,0.0014,0.0100,0.0399,0.0084,0.0644,0.0166,0.0107,0.0079,0.0067,0.0106,0.0103,0.0060,0.0075,0.0065,0.0070,0.0075,0.0103,0.0074,0.0029,0.0046,0.0070,0.0033,0.0108,0.0034,0.0054,0.0089
0.0109,0.0202,0.0362,0.0001,0.0055,0.0148,0.0108,0.0159,0.0119,0.0127,0.0050,0.0137,0.0055,0.0178,0.0064,0.0046,0.0048,0.0059,0.0079,0.0057,0.0026,0.0034,0.0061,0.0027,0.0112,0.0060,0.0109,0.0133
0.0014,0.0362,0.0264,0.0045,0.0004,0.0052,0.0105,0.0049,0.0153,0.0142,0.0052,0.0187,0.0067,0.0071,0.0064,0.0075,0.0038,0.0059,0.0093,0.0041,0.0032,0.0048,0.0180,0.0048,0.0197,0.0047,0.0082,0.0238
0.0100,0.0001,0.0045,0.0042,0.0138,0.0001,0.0131,0.0164,0.0515,0.0545,0.0134,0.0931,0.0078,0.0204,0.0047,0.0056,0.0041,0.0050,0.0096,0.0044,0.0028,0.0012,0.0157,0.0034,0.0255,0.0060,0.0197,0.0101
0.0399,0.0055,0.0004,0.0138,0.0131,0.0058,0.0007,0.0057,0.0059,0.0143,0.0117,0.0218,0.0048,0.0076,0.0047,0.0065,0.0051,0.0072,0.0087,0.0039,0.0037,0.0036,0.0144,0.0065,0.0157,0.0080,0.0168,0.0243
0.0084,0.0148,0.0052,0.0001,0.0058,0.0063,0.0089,0.0053,0.1661,0.0297,0.0039,0.0434,0.0052,0.0069,0.0028,0.0023,0.0023,0.0033,0.0071,0.0032,0.0021,0.0012,0.0138,0.0039,0.0285,0.0090,0.0390,0.0821
0.0644,0.0108,0.0105,0.0131,0.0007,0.0089,0.0099,0.0220,0.0000,0.0023,0.0017,0.0108,0.0099,0.0056,0.0068,0.0041,0.0048,0.0040,0.0120,0.0045,0.0029,0.0017,0.0159,0.0067,0.0541,0.0151,0.0872,0.0850
0.0166,0.0159,0.0049,0.0164,0.0057,0.0053,0.0220,0.0291,0.0023,0.0000,0.0009,0.0014,0.0014,0.0036,0.0022,0.0053,0.0046,0.0045,0.0084,0.0043,0.0035,0.0012,0.0118,0.0066,0.0410,0.0340,0.5634,0.3519
0.0107,0.0119,0.0153,0.0515,0.0059,0.1661,0.0000,0.0023,0.0054,0.0003,0.0000,0.0001,0.0012,0.0005,0.0026,0.0038,0.0058,0.0029,0.0042,0.0027,0.0027,0.0009,0.0592,0.0085,0.4294,0.2535,0.9858,0.8100
0.0079,0.0127,0.0142,0.0545,0.0143,0.0297,0.0023,0.0000,0.0003,0.0004,0.0010,0.0000,0.0001,0.0001,0.0004,0.0064,0.0038,0.0032,0.0124,0.0031,0.0021,0.0003,0.0263,0.0413,0.9453,0.9960,0.9972,0.4531
0.0067,0.0050,0.0052,0.0134,0.0117,0.0039,0.0017,0.0009,0.0000,0.0010,0.0011,0.0004,0.0000,0.0001,0.0002,0.0065,0.0028,0.0028,0.0130,0.0044,0.0019,0.0021,0.0543,0.1001,0.6361,1.0000,0.7667,0.1542
0.0106,0.0137,0.0187,0.0931,0.0218,0.0434,0.0108,0.0014,0.0001,0.0000,0.0004,0.0004,0.0009,0.0000,0.0000,0.0003,0.0008,0.0052,0.0065,0.0073,0.0140,0.0052,0.9999,0.9070,0.9990,0.2100,0.0204,0.0039
0.0103,0.0055,0.0067,0.0078,0.0048,0.0052,0.0099,0.0014,0.0012,0.0001,0.0000,0.0009,0.0053,0.0012,0.0000,0.0005,0.0018,0.0034,0.0229,0.0082,0.0069,0.0527,0.1122,1.0000,0.1966,0.0984,0.0134,0.0090
0.0060,0.0178,0.0071,0.0204,0.0076,0.0069,0.0056,0.0036,0.0005,0.0001,0.0001,0.0000,0.0012,0.0006,0.0000,0.0000,0.0000,0.0033,0.0173,0.0656,1.0000,0.6009,0.9976,0.1605,0.0197,0.0046,0.0015,0.0009
0.0075,0.0064,0.0064,0.0047,0.0047,0.0028,0.0068,0.0022,0.0026,0.0004,0.0002,0.0000,0.0000,0.0000,0.0018,0.0029,0.0000,0.0017,0.0084,0.0204,0.0823,1.0000,0.0596,0.9999,0.0522,0.0094,0.0011,0.0007
0.0065,0.0046,0.0075,0.0056,0.0065,0.0023,0.0041,0.0053,0.0038,0.0064,0.0065,0.0003,0.0005,0.0000,0.0029,0.0274,0.0018,0.0009,0.5176,0.0215,0.9997,0.7339,0.0122,0.0039,0.0014,0.0012,0.0006,0.0019
0.0070,0.0048,0.0038,0.0041,0.0051,0.0023,0.0048,0.0046,0.0058,0.0038,0.0028,0.0008,0.0018,0.0000,0.0000,0.0018,0.0282,0.8402,0.0041,0.0283,0.0045,0.9999,0.0159,0.0518,0.0050,0.0041,0.0015,0.0017
0.0075,0.0059,0.0059,0.0050,0.0072,0.0033,0.0040,0.0045,0.0029,0.0032,0.0028,0.0052,0.0034,0.0033,0.0017,0.0009,0.8402,0.0559,0.6381,0.0015,0.0036,0.0509,0.0027,0.0083,0.0055,0.0023,0.0023,0.0059
0.0103,0.0079,0.0093,0.0096,0.0087,0.0071,0.0120,0.0084,0.0042,0.0124,0.0130,0.0065,0.0229,0.0173,0.0084,0.5176,0.0041,0.6381,0.0004,0.5618,0.0004,0.0001,0.0001,0.0002,0.0027,0.0017,0.0034,0.0248
0.0074,0.0057,0.0041,0.0044,0.0039,0.0032,0.0045,0.0043,0.0027,0.0031,0.0044,0.0073,0.0082,0.0656,0.0204,0.0215,0.0283,0.0015,0.5618,0.0717,0.0094,0.0001,0.0008,0.0024,0.0020,0.0154,0.0267,0.0195
0.0029,0.0026,0.0032,0.0028,0.0037,0.0021,0.0029,0.0035,0.0027,0.0021,0.0019,0.0140,0.0069,1.0000,0.0823,0.9997,0.0045,0.0036,0.0004,0.0094,0.0089,0.0007,0.0000,0.0000,0.0000,0.0002,0.0023,0.0224
0.0046,0.0034,0.0048,0.0012,0.0036,0.0012,0.0017,0.0012,0.0009,0.0003,0.0021,0.0052,0.0527,0.6009,1.0000,0.7339,0.9999,0.0509,0.0001,0.0001,0.0007,0.0000,0.0002,0.0000,0.0001,0.0015,0.0014,0.0019
0.0070,0.0061,0.0180,0.0157,0.0144,0.0138,0.0159,0.0118,0.0592,0.0263,0.0543,0.9999,0.1122,0.9976,0.0596,0.0122,0.0159,0.0027,0.0001,0.0008,0.0000,0.0002,0.0001,0.0002,0.0000,0.0001,0.0002,0.0021
0.0033,0.0027,0.0048,0.0034,0.0065,0.0039,0.0067,0.0066,0.0085,0.0413,0.1001,0.9070,1.0000,0.1605,0.9999,0.0039,0.0518,0.0083,0.0002,0.0024,0.0000,0.0000,0.0002,0.0008,0.0000,0.0000,0.0000,0.0003
0.0108,0.0112,0.0197,0.0255,0.0157,0.0285,0.0541,0.0410,0.4294,0.9453,0.6361,0.9990,0.1966,0.0197,0.0522,0.0014,0.0050,0.0055,0.0027,0.0020,0.0000,0.0001,0.0000,0.0000,0.0009,0.0001,0.0000,0.0001
0.0034,0.0060,0.0047,0.0060,0.0080,0.0090,0.0151,0.0340,0.2535,0.9960,1.0000,0.2100,0.0984,0.0046,0.0094,0.0012,0.0041,0.0023,0.0017,0.0154,0.0002,0.0015,0.0001,0.0000,0.0001,0.0005,0.0002,0.0000
0.0054,0.0109,0.0082,0.0197,0.0168,0.0390,0.0872,0.5634,0.9858,0.9972,0.7667,0.0204,0.0134,0.0015,0.0011,0.0006,0.0015,0.0023,0.0034,0.0267,0.0023,0.0014,0.0002,0.0000,0.0000,0.0002,0.0005,0.0001
0.0089,0.0133,0.0238,0.0101,0.0243,0.0821,0.0850,0.3519,0.8100,0.4531,0.1542,0.0039,0.0090,0.0009,0.0007,0.0019,0.0017,0.0059,0.0248,0.0195,0.0224,0.0019,0.0021,0.0003,0.0001,0.0000,0.0001,0.0008
