c1,c2,c3,c4,c5,c6,c7,c8,c9,c10,c11,c12,c13,c14,c15,c16,c17,c18,c19,c20
0.0000,0.0085,0.0002,0.0228,0.0322,0.0152,0.0337,0.0102,0.0121,0.0085,0.0249,0.0156,0.0122,0.0037,0.0052,0.0072,0.0118,0.0090,0.0215,0.0043
0.0085,0.0328,0.0329,0.0008,0.0145,0.0228,0.0043,0.0074,0.0047,0.0033,0.0117,0.0065,0.0050,0.0038,0.0062,0.0083,0.0038,0.0051,0.0178,0.0034
0.0002,0.0329,0.0001,0.0602,0.0004,0.0354,0.0861,0.0041,0.0200,0.0108,0.0194,0.0075,0.0091,0.0069,0.0054,0.0153,0.0253,0.0107,0.0096,0.0009
0.0228,0.0008,0.0602,0.0239,0.0036,0.0002,0.0045,0.0316,0.0041,0.0112,0.0048,0.0066,0.0077,0.0095,0.0258,0.0139,0.0113,0.0086,0.0056,0.0024
0.0322,0.0145,0.0004,0.0036,0.0039,0.0025,0.0001,0.0285,0.2084,0.0057,0.0208,0.0074,0.0095,0.0068,0.0523,0.0076,0.0085,0.0107,0.0043,0.0033
0.0152,0.0228,0.0354,0.0002,0.0025,0.0065,0.0026,0.0003,0.0215,0.1412,0.0104,0.0133,0.0170,0.0134,0.0075,0.0092,0.0138,0.0054,0.0037,0.0023
0.0337,0.0043,0.0861,0.0045,0.0001,0.0026,0.0151,0.0036,0.0003,0.0433,0.1070,0.0114,0.0431,0.0075,0.0062,0.0052,0.0071,0.0089,0.0038,0.0034
0.0102,0.0074,0.0041,0.0316,0.0285,0.0003,0.0036,0.0065,0.0022,0.0005,0.0310,0.0901,0.0102,0.0190,0.0126,0.0056,0.0033,0.0092,0.0065,0.0072
0.0121,0.0047,0.0200,0.0041,0.2084,0.0215,0.0003,0.0022,0.0009,0.0038,0.0010,0.0235,0.1610,0.0193,0.0193,0.0037,0.0073,0.0039,0.0040,0.0023
0.0085,0.0033,0.0108,0.0112,0.0057,0.1412,0.0433,0.0005,0.0038,0.0248,0.0060,0.0019,0.0215,0.0789,0.0015,0.0071,0.0042,0.0057,0.0018,0.0019
0.0249,0.0117,0.0194,0.0048,0.0208,0.0104,0.1070,0.0310,0.0010,0.0060,0.0028,0.0026,0.0003,0.0097,0.0295,0.0010,0.0129,0.0052,0.0025,0.0077
0.0156,0.0065,0.0075,0.0066,0.0074,0.0133,0.0114,0.0901,0.0235,0.0019,0.0026,0.0049,0.0004,0.0010,0.0079,0.0209,0.0081,0.0191,0.0043,0.0068
0.0122,0.0050,0.0091,0.0077,0.0095,0.0170,0.0431,0.0102,0.1610,0.0215,0.0003,0.0004,0.0040,0.0032,0.0004,0.0087,0.0370,0.0040,0.0071,0.0155
0.0037,0.0038,0.0069,0.0095,0.0068,0.0134,0.0075,0.0190,0.0193,0.0789,0.0097,0.0010,0.0032,0.0096,0.0028,0.0009,0.0207,0.0257,0.0011,0.0121
0.0052,0.0062,0.0054,0.0258,0.0523,0.0075,0.0062,0.0126,0.0193,0.0015,0.0295,0.0079,0.0004,0.0028,0.0076,0.0021,0.0002,0.0170,0.0992,0.0252
0.0072,0.0083,0.0153,0.0139,0.0076,0.0092,0.0052,0.0056,0.0037,0.0071,0.0010,0.0209,0.0087,0.0009,0.0021,0.0027,0.0093,0.0008,0.0181,0.5682
0.0118,0.0038,0.0253,0.0113,0.0085,0.0138,0.0071,0.0033,0.0073,0.0042,0.0129,0.0081,0.0370,0.0207,0.0002,0.0093,0.0361,0.0062,0.0004,0.0099
0.0090,0.0051,0.0107,0.0086,0.0107,0.0054,0.0089,0.0092,0.0039,0.0057,0.0052,0.0191,0.0040,0.0257,0.0170,0.0008,0.0062,0.0155,0.0078,0.0023
0.0215,0.0178,0.0096,0.0056,0.0043,0.0037,0.0038,0.0065,0.0040,0.0018,0.0025,0.0043,0.0071,0.0011,0.0992,0.0181,0.0004,0.0078,0.0654,0.0545
0.0043,0.0034,0.0009,0.0024,0.0033,0.0023,0.0034,0.0072,0.0023,0.0019,0.0077,0.0068,0.0155,0.0121,0.0252,0.5682,0.0099,0.0023,0.0545,0.0106
