c1,c2,c3,c4,c5,c6,c7,c8,c9,c10,c11,c12,c13,c14,c15,c16,c17,c18,c19,c20,c21,c22,c23,c24,c25,c26,c27,c28
0.0003,0.0323,0.0043,0.0070,0.0294,0.0042,0.0228,0.0127,0.0064,0.0087,0.0119,0.0172,0.0172,0.0197,0.0109,0.0109,0.0045,0.0025,0.0118,0.0025,0.0044,0.0056,0.0055,0.0041,0.0051,0.0038,0.0054,0.0074
0.0323,0.0254,0.0283,0.0000,0.0052,0.0022,0.0027,0.0096,0.0095,0.0086,0.0110,0.0239,0.0189,0.0725,0.0133,0.0117,0.0054,0.0041,0.0105,0.0066,0.0060,0.0055,0.0075,0.0035,0.0056,0.0036,0.0066,0.0048
0.0043,0.0283,0.0335,0.0032,0.0008,0.0018,0.0024,0.0049,0.0292,0.0068,0.0426,0.0659,0.0410,0.0324,0.0113,0.0152,0.0030,0.0028,0.0067,0.0032,0.0040,0.0058,0.0056,0.0041,0.0054,0.0024,0.0033,0.0053
0.0070,0.0000,0.0032,0.0118,0.0206,0.0000,0.0045,0.0065,0.0347,0.0178,0.0295,0.8576,0.0238,0.0382,0.0129,0.0063,0.0027,0.0033,0.0082,0.0035,0.0049,0.0062,0.0067,0.0080,0.0132,0.0051,0.0064,0.0035
0.0294,0.0052,0.0008,0.0206,0.0287,0.0029,0.0005,0.0075,0.0283,0.0154,0.1016,0.1784,0.0080,0.0056,0.0055,0.0056,0.0042,0.0028,0.0086,0.0029,0.0031,0.0046,0.0049,0.0038,0.0061,0.0041,0.0055,0.0061
0.0042,0.0022,0.0018,0.0000,0.0029,0.0008,0.0122,0.0555,0.3454,0.5098,0.1453,0.9843,0.0292,0.0087,0.0059,0.0009,0.0006,0.0008,0.0043,0.0010,0.0022,0.0024,0.0023,0.0043,0.0046,0.0059,0.0081,0.0048
0.0228,0.0027,0.0024,0.0045,0.0005,0.0122,0.0213,0.0279,0.0017,0.0144,0.0029,0.0205,0.0181,0.0084,0.0089,0.0031,0.0044,0.0024,0.0081,0.0046,0.0044,0.0069,0.0050,0.0117,0.0096,0.0154,0.0199,0.0234
0.0127,0.0096,0.0049,0.0065,0.0075,0.0555,0.0279,0.0992,0.2311,0.0003,0.0013,0.0021,0.0014,0.0050,0.0042,0.0042,0.0034,0.0022,0.0065,0.0031,0.0025,0.0033,0.0031,0.0183,0.0070,0.0096,0.0268,0.0360
0.0064,0.0095,0.0292,0.0347,0.0283,0.3454,0.0017,0.2311,0.0006,0.0271,0.0003,0.0001,0.0010,0.0014,0.0043,0.0023,0.0028,0.0000,0.0034,0.0011,0.0028,0.0041,0.0048,0.1970,0.0113,0.0224,0.3801,0.2010
0.0087,0.0086,0.0068,0.0178,0.0154,0.5098,0.0144,0.0003,0.0271,0.0005,0.0038,0.0000,0.0001,0.0001,0.0008,0.0015,0.0023,0.0021,0.0088,0.0051,0.0038,0.0033,0.0033,0.4960,0.0815,0.8132,0.8792,0.1917
0.0119,0.0110,0.0426,0.0295,0.1016,0.1453,0.0029,0.0013,0.0003,0.0038,0.0034,0.0001,0.0000,0.0006,0.0006,0.0049,0.0043,0.0018,0.0040,0.0038,0.0028,0.0050,0.0048,0.0786,0.2165,0.1137,0.3474,0.1483
0.0172,0.0239,0.0659,0.8576,0.1784,0.9843,0.0205,0.0021,0.0001,0.0000,0.0001,0.0001,0.0003,0.0000,0.0000,0.0001,0.0004,0.0024,0.0048,0.0065,0.0054,0.0291,0.0276,0.9220,0.7192,0.3311,0.1335,0.0241
0.0172,0.0189,0.0410,0.0238,0.0080,0.0292,0.0181,0.0014,0.0010,0.0001,0.0000,0.0003,0.0055,0.0008,0.0000,0.0004,0.0009,0.0014,0.0059,0.0054,0.0053,0.0190,0.1338,0.9272,0.8939,0.1390,0.0478,0.0171
0.0197,0.0725,0.0324,0.0382,0.0056,0.0087,0.0084,0.0050,0.0014,0.0001,0.0006,0.0000,0.0008,0.0024,0.0003,0.0000,0.0001,0.0015,0.0081,0.1078,0.2158,0.5016,0.8396,0.2276,0.2745,0.0399,0.0206,0.0032
0.0109,0.0133,0.0113,0.0129,0.0055,0.0059,0.0089,0.0042,0.0043,0.0008,0.0006,0.0000,0.0000,0.0003,0.0034,0.0014,0.0000,0.0008,0.0025,0.0179,0.1332,0.9726,0.8877,0.7061,0.2533,0.0208,0.0153,0.0046
0.0109,0.0117,0.0152,0.0063,0.0056,0.0009,0.0031,0.0042,0.0023,0.0015,0.0049,0.0001,0.0004,0.0000,0.0014,0.0024,0.0003,0.0085,0.0683,0.1392,0.8144,0.9790,0.3496,0.0343,0.0091,0.0038,0.0024,0.0032
0.0045,0.0054,0.0030,0.0027,0.0042,0.0006,0.0044,0.0034,0.0028,0.0023,0.0043,0.0004,0.0009,0.0001,0.0000,0.0003,0.0041,0.5773,0.0008,0.0361,0.4483,0.8991,0.8841,0.2336,0.0523,0.0081,0.0037,0.0058
0.0025,0.0041,0.0028,0.0033,0.0028,0.0008,0.0024,0.0022,0.0000,0.0021,0.0018,0.0024,0.0014,0.0015,0.0008,0.0085,0.5773,0.0025,0.8177,0.0456,0.6813,0.1644,0.0203,0.0259,0.0110,0.0028,0.0037,0.0088
0.0118,0.0105,0.0067,0.0082,0.0086,0.0043,0.0081,0.0065,0.0034,0.0088,0.0040,0.0048,0.0059,0.0081,0.0025,0.0683,0.0008,0.8177,0.0835,0.1398,0.0001,0.0008,0.0008,0.0016,0.0055,0.0052,0.0034,0.0218
0.0025,0.0066,0.0032,0.0035,0.0029,0.0010,0.0046,0.0031,0.0011,0.0051,0.0038,0.0065,0.0054,0.1078,0.0179,0.1392,0.0361,0.0456,0.1398,0.0216,0.0519,0.0009,0.0019,0.0007,0.0024,0.0028,0.0065,0.0211
0.0044,0.0060,0.0040,0.0049,0.0031,0.0022,0.0044,0.0025,0.0028,0.0038,0.0028,0.0054,0.0053,0.2158,0.1332,0.8144,0.4483,0.6813,0.0001,0.0519,0.0096,0.0007,0.0001,0.0002,0.0011,0.0020,0.0057,0.0113
0.0056,0.0055,0.0058,0.0062,0.0046,0.0024,0.0069,0.0033,0.0041,0.0033,0.0050,0.0291,0.0190,0.5016,0.9726,0.9790,0.8991,0.1644,0.0008,0.0009,0.0007,0.0008,0.0002,0.0000,0.0001,0.0003,0.0013,0.0104
0.0055,0.0075,0.0056,0.0067,0.0049,0.0023,0.0050,0.0031,0.0048,0.0033,0.0048,0.0276,0.1338,0.8396,0.8877,0.3496,0.8841,0.0203,0.0008,0.0019,0.0001,0.0002,0.0005,0.0002,0.0001,0.0009,0.0012,0.0110
0.0041,0.0035,0.0041,0.0080,0.0038,0.0043,0.0117,0.0183,0.1970,0.4960,0.0786,0.9220,0.9272,0.2276,0.7061,0.0343,0.2336,0.0259,0.0016,0.0007,0.0002,0.0000,0.0002,0.0001,0.0001,0.0000,0.0001,0.0013
0.0051,0.0056,0.0054,0.0132,0.0061,0.0046,0.0096,0.0070,0.0113,0.0815,0.2165,0.7192,0.8939,0.2745,0.2533,0.0091,0.0523,0.0110,0.0055,0.0024,0.0011,0.0001,0.0001,0.0001,0.0007,0.0085,0.0000,0.0004
0.0038,0.0036,0.0024,0.0051,0.0041,0.0059,0.0154,0.0096,0.0224,0.8132,0.1137,0.3311,0.1390,0.0399,0.0208,0.0038,0.0081,0.0028,0.0052,0.0028,0.0020,0.0003,0.0009,0.0000,0.0085,0.0128,0.0095,0.0002
0.0054,0.0066,0.0033,0.0064,0.0055,0.0081,0.0199,0.0268,0.3801,0.8792,0.3474,0.1335,0.0478,0.0206,0.0153,0.0024,0.0037,0.0037,0.0034,0.0065,0.0057,0.0013,0.0012,0.0001,0.0000,0.0095,0.0045,0.0001
0.0074,0.0048,0.0053,0.0035,0.0061,0.0048,0.0234,0.0360,0.2010,0.1917,0.1483,0.0241,0.0171,0.0032,0.0046,0.0032,0.0058,0.0088,0.0218,0.0211,0.0113,0.0104,0.0110,0.0013,0.0004,0.0002,0.0001,0.0004
