c1,c2,c3,c4,c5,c6,c7,c8,c9,c10,c11,c12,c13,c14,c15,c16,c17,c18,c19,c20,c21,c22,c23,c24,c25,c26,c27,c28
0.0000,0.0000,0.0003,0.0001,0.0159,0.0015,0.0211,0.0032,0.0053,0.0109,0.0101,0.0067,0.1626,0.0469,0.7735,0.2946,0.1219,0.1547,0.0110,0.0101,0.0044,0.0146,0.0113,0.0059,0.0035,0.0066,0.0036,0.0014
0.0000,0.0001,0.0014,0.0000,0.0004,0.0002,0.0015,0.0015,0.0090,0.0048,0.0247,0.0262,0.2849,0.9963,0.2929,0.9531,0.0878,0.0341,0.0122,0.0105,0.0079,0.0110,0.0140,0.0035,0.0201,0.0052,0.0039,0.0023
0.0003,0.0014,0.0121,0.0003,0.0001,0.0009,0.0037,0.0014,0.0221,0.0283,0.8615,0.0704,0.7025,0.0631,0.1048,0.0160,0.0069,0.0070,0.0059,0.0018,0.0042,0.0052,0.0046,0.0053,0.0030,0.0023,0.0023,0.0024
0.0001,0.0000,0.0003,0.0000,0.0019,0.0000,0.0001,0.0016,0.0220,0.1379,0.3938,0.9995,0.2513,0.2995,0.1182,0.0324,0.0263,0.0232,0.0074,0.0084,0.0078,0.0084,0.0158,0.0191,0.0595,0.0080,0.0084,0.0054
0.0159,0.0004,0.0001,0.0019,0.0188,0.0076,0.0001,0.0041,0.0417,0.0232,0.6374,0.0713,0.0282,0.0175,0.0199,0.0088,0.0086,0.0068,0.0033,0.0028,0.0042,0.0067,0.0065,0.0082,0.0084,0.0066,0.0048,0.0043
0.0015,0.0002,0.0009,0.0000,0.0076,0.0083,0.0164,0.0394,0.3470,0.3814,0.1117,0.8717,0.0658,0.0708,0.0103,0.0044,0.0039,0.0043,0.0008,0.0041,0.0027,0.0020,0.0027,0.0029,0.0059,0.0033,0.0063,0.0041
0.0211,0.0015,0.0037,0.0001,0.0001,0.0164,0.0100,0.0385,0.0011,0.0128,0.0093,0.0078,0.0252,0.0089,0.0131,0.0184,0.0114,0.0148,0.0087,0.0118,0.0114,0.0109,0.0077,0.0092,0.0216,0.0077,0.0071,0.0106
0.0032,0.0015,0.0014,0.0016,0.0041,0.0394,0.0385,0.0040,0.2096,0.0025,0.0179,0.0174,0.0025,0.0088,0.0074,0.0128,0.0064,0.0112,0.0079,0.0074,0.0021,0.0058,0.0048,0.0122,0.0095,0.0046,0.0062,0.0080
0.0053,0.0090,0.0221,0.0220,0.0417,0.3470,0.0011,0.2096,0.0002,0.0397,0.0003,0.0003,0.0036,0.0011,0.0113,0.0178,0.0068,0.0113,0.0033,0.0049,0.0065,0.0079,0.0053,0.0062,0.0121,0.0063,0.0080,0.0069
0.0109,0.0048,0.0283,0.1379,0.0232,0.3814,0.0128,0.0025,0.0397,0.0175,0.0072,0.0000,0.0006,0.0018,0.0036,0.0045,0.0064,0.0064,0.0074,0.0056,0.0043,0.0066,0.0045,0.0079,0.0083,0.0067,0.0075,0.0051
0.0101,0.0247,0.8615,0.3938,0.6374,0.1117,0.0093,0.0179,0.0003,0.0072,0.0054,0.0030,0.0000,0.0001,0.0053,0.0021,0.0041,0.0047,0.0032,0.0015,0.0033,0.0088,0.0038,0.0045,0.0056,0.0034,0.0055,0.0043
0.0067,0.0262,0.0704,0.9995,0.0713,0.8717,0.0078,0.0174,0.0003,0.0000,0.0030,0.0018,0.0041,0.0000,0.0006,0.0007,0.0023,0.0064,0.0027,0.0066,0.0046,0.0066,0.0043,0.0084,0.0100,0.0079,0.0176,0.0108
0.1626,0.2849,0.7025,0.2513,0.0282,0.0658,0.0252,0.0025,0.0036,0.0006,0.0000,0.0041,0.0035,0.0004,0.0000,0.0034,0.0012,0.0016,0.0066,0.0024,0.0058,0.0266,0.0066,0.0075,0.0222,0.0065,0.0092,0.0063
0.0469,0.9963,0.0631,0.2995,0.0175,0.0708,0.0089,0.0088,0.0011,0.0018,0.0001,0.0000,0.0004,0.0006,0.0008,0.0000,0.0001,0.0003,0.0019,0.0152,0.0134,0.0296,0.0319,0.0336,0.4992,0.0277,0.0510,0.0982
0.7735,0.2929,0.1048,0.1182,0.0199,0.0103,0.0131,0.0074,0.0113,0.0036,0.0053,0.0006,0.0000,0.0008,0.0028,0.0003,0.0001,0.0011,0.0024,0.0034,0.0118,0.0445,0.0145,0.0104,0.0210,0.0084,0.0079,0.0080
0.2946,0.9531,0.0160,0.0324,0.0088,0.0044,0.0184,0.0128,0.0178,0.0045,0.0021,0.0007,0.0034,0.0000,0.0003,0.0000,0.0110,0.0000,0.0000,0.0486,0.1077,0.0741,0.0197,0.0377,0.2167,0.0581,0.0154,0.0144
0.1219,0.0878,0.0069,0.0263,0.0086,0.0039,0.0114,0.0064,0.0068,0.0064,0.0041,0.0023,0.0012,0.0001,0.0001,0.0110,0.0136,0.0042,0.0003,0.0064,0.0040,0.0179,0.0656,0.0486,0.1023,0.0075,0.0098,0.0239
0.1547,0.0341,0.0070,0.0232,0.0068,0.0043,0.0148,0.0112,0.0113,0.0064,0.0047,0.0064,0.0016,0.0003,0.0011,0.0000,0.0042,0.0188,0.0104,0.0011,0.0108,0.0393,0.0136,0.0307,0.0438,0.0114,0.0065,0.0106
0.0110,0.0122,0.0059,0.0074,0.0033,0.0008,0.0087,0.0079,0.0033,0.0074,0.0032,0.0027,0.0066,0.0019,0.0024,0.0000,0.0003,0.0104,0.0001,0.1362,0.0046,0.0184,0.0384,0.1525,0.4339,0.0765,0.0254,0.1093
0.0101,0.0105,0.0018,0.0084,0.0028,0.0041,0.0118,0.0074,0.0049,0.0056,0.0015,0.0066,0.0024,0.0152,0.0034,0.0486,0.0064,0.0011,0.1362,0.0199,0.0595,0.0001,0.0041,0.0164,0.0154,0.0136,0.0090,0.0178
0.0044,0.0079,0.0042,0.0078,0.0042,0.0027,0.0114,0.0021,0.0065,0.0043,0.0033,0.0046,0.0058,0.0134,0.0118,0.1077,0.0040,0.0108,0.0046,0.0595,0.0307,0.0200,0.0005,0.0172,0.0010,0.0057,0.0111,0.0133
0.0146,0.0110,0.0052,0.0084,0.0067,0.0020,0.0109,0.0058,0.0079,0.0066,0.0088,0.0066,0.0266,0.0296,0.0445,0.0741,0.0179,0.0393,0.0184,0.0001,0.0200,0.0028,0.0040,0.0002,0.0003,0.0159,0.0036,0.0203
0.0113,0.0140,0.0046,0.0158,0.0065,0.0027,0.0077,0.0048,0.0053,0.0045,0.0038,0.0043,0.0066,0.0319,0.0145,0.0197,0.0656,0.0136,0.0384,0.0041,0.0005,0.0040,0.0104,0.0122,0.0000,0.0128,0.0134,0.0465
0.0059,0.0035,0.0053,0.0191,0.0082,0.0029,0.0092,0.0122,0.0062,0.0079,0.0045,0.0084,0.0075,0.0336,0.0104,0.0377,0.0486,0.0307,0.1525,0.0164,0.0172,0.0002,0.0122,0.0042,0.0001,0.0002,0.0034,0.0106
0.0035,0.0201,0.0030,0.0595,0.0084,0.0059,0.0216,0.0095,0.0121,0.0083,0.0056,0.0100,0.0222,0.4992,0.0210,0.2167,0.1023,0.0438,0.4339,0.0154,0.0010,0.0003,0.0000,0.0001,0.0105,0.0040,0.0000,0.0003
0.0066,0.0052,0.0023,0.0080,0.0066,0.0033,0.0077,0.0046,0.0063,0.0067,0.0034,0.0079,0.0065,0.0277,0.0084,0.0581,0.0075,0.0114,0.0765,0.0136,0.0057,0.0159,0.0128,0.0002,0.0040,0.0313,0.0247,0.0002
0.0036,0.0039,0.0023,0.0084,0.0048,0.0063,0.0071,0.0062,0.0080,0.0075,0.0055,0.0176,0.0092,0.0510,0.0079,0.0154,0.0098,0.0065,0.0254,0.0090,0.0111,0.0036,0.0134,0.0034,0.0000,0.0247,0.0539,0.0060
0.0014,0.0023,0.0024,0.0054,0.0043,0.0041,0.0106,0.0080,0.0069,0.0051,0.0043,0.0108,0.0063,0.0982,0.0080,0.0144,0.0239,0.0106,0.1093,0.0178,0.0133,0.0203,0.0465,0.0106,0.0003,0.0002,0.0060,0.0040
