c1,c2,c3,c4,c5,c6,c7,c8,c9,c10,c11,c12,c13,c14,c15,c16,c17,c18,c19,c20,c21,c22,c23,c24,c25,c26,c27,c28
0.0001,0.0031,0.0013,0.0009,0.0174,0.0033,0.0181,0.0129,0.0139,0.0090,0.0080,0.0081,0.0137,0.0115,0.0109,0.0121,0.0083,0.0155,0.0453,0.0108,0.0044,0.0096,0.0089,0.0107,0.0091,0.0065,0.0077,0.0075
0.0031,0.0108,0.0177,0.0000,0.0052,0.0024,0.0034,0.0090,0.0149,0.0158,0.0102,0.0166,0.0173,0.0299,0.0112,0.0109,0.0091,0.0069,0.0213,0.0128,0.0050,0.0042,0.0103,0.0071,0.0146,0.0045,0.0095,0.0063
0.0013,0.0177,0.0196,0.0025,0.0005,0.0024,0.0055,0.0046,0.0243,0.0127,0.0156,0.0576,0.0221,0.0125,0.0102,0.0090,0.0059,0.0041,0.0106,0.0032,0.0049,0.0055,0.0102,0.0062,0.0104,0.0045,0.0062,0.0073
0.0009,0.0000,0.0025,0.0011,0.0090,0.0000,0.0025,0.0067,0.0623,0.0944,0.0377,0.3122,0.0505,0.0440,0.0176,0.0063,0.0065,0.0078,0.0195,0.0063,0.0063,0.0049,0.0088,0.0096,0.0292,0.0073,0.0191,0.0051
0.0174,0.0052,0.0005,0.0090,0.0194,0.0031,0.0006,0.0064,0.0112,0.0258,0.0379,0.0456,0.0150,0.0066,0.0074,0.0060,0.0067,0.0043,0.0067,0.0032,0.0041,0.0046,0.0111,0.0109,0.0100,0.0064,0.0061,0.0064
0.0033,0.0024,0.0024,0.0000,0.0031,0.0019,0.0102,0.0059,0.1509,0.3231,0.0366,0.7819,0.0657,0.0169,0.0090,0.0020,0.0030,0.0027,0.0071,0.0031,0.0026,0.0024,0.0049,0.0042,0.0069,0.0033,0.0099,0.0066
0.0181,0.0034,0.0055,0.0025,0.0006,0.0102,0.0121,0.0159,0.0012,0.0048,0.0052,0.0074,0.0230,0.0076,0.0122,0.0065,0.0081,0.0046,0.0184,0.0067,0.0051,0.0053,0.0081,0.0108,0.0131,0.0081,0.0148,0.0139
0.0129,0.0090,0.0046,0.0067,0.0064,0.0059,0.0159,0.1465,0.1197,0.0001,0.0028,0.0050,0.0024,0.0051,0.0051,0.0057,0.0109,0.0044,0.0101,0.0046,0.0040,0.0036,0.0062,0.0117,0.0091,0.0073,0.0155,0.0133
0.0139,0.0149,0.0243,0.0623,0.0112,0.1509,0.0012,0.1197,0.0003,0.0406,0.0006,0.0005,0.0050,0.0020,0.0051,0.0027,0.0085,0.0000,0.0052,0.0036,0.0046,0.0039,0.0143,0.0326,0.0240,0.0139,0.0453,0.0243
0.0090,0.0158,0.0127,0.0944,0.0258,0.3231,0.0048,0.0001,0.0406,0.0050,0.0046,0.0000,0.0003,0.0007,0.0027,0.0047,0.0083,0.0020,0.0083,0.0047,0.0067,0.0060,0.0163,0.0528,0.0407,0.0425,0.0914,0.0193
0.0080,0.0102,0.0156,0.0377,0.0379,0.0366,0.0052,0.0028,0.0006,0.0046,0.0036,0.0010,0.0000,0.0007,0.0044,0.0060,0.0130,0.0038,0.0077,0.0051,0.0071,0.0093,0.0121,0.0561,0.0288,0.0804,0.0293,0.0165
0.0081,0.0166,0.0576,0.3122,0.0456,0.7819,0.0074,0.0050,0.0005,0.0000,0.0010,0.0002,0.0007,0.0000,0.0001,0.0007,0.0012,0.0074,0.0100,0.0126,0.0227,0.0233,0.0923,0.2848,0.4557,0.0567,0.0527,0.0100
0.0137,0.0173,0.0221,0.0505,0.0150,0.0657,0.0230,0.0024,0.0050,0.0003,0.0000,0.0007,0.0033,0.0006,0.0000,0.0011,0.0047,0.0050,0.0120,0.0057,0.0227,0.0417,0.0477,0.4550,0.1683,0.0292,0.0121,0.0089
0.0115,0.0299,0.0125,0.0440,0.0066,0.0169,0.0076,0.0051,0.0020,0.0007,0.0007,0.0000,0.0006,0.0007,0.0004,0.0000,0.0004,0.0092,0.0107,0.0347,0.8083,0.2320,0.4757,0.1185,0.2750,0.0211,0.0101,0.0046
0.0109,0.0112,0.0102,0.0176,0.0074,0.0090,0.0122,0.0051,0.0051,0.0027,0.0044,0.0001,0.0000,0.0004,0.0040,0.0017,0.0001,0.0033,0.0071,0.0145,0.1951,0.9756,0.1125,0.0622,0.0647,0.0078,0.0076,0.0037
0.0121,0.0109,0.0090,0.0063,0.0060,0.0020,0.0065,0.0057,0.0027,0.0047,0.0060,0.0007,0.0011,0.0000,0.0017,0.0014,0.0010,0.0081,0.0217,0.0492,0.8608,0.3933,0.0452,0.0300,0.0106,0.0071,0.0044,0.0043
0.0083,0.0091,0.0059,0.0065,0.0067,0.0030,0.0081,0.0109,0.0085,0.0083,0.0130,0.0012,0.0047,0.0004,0.0001,0.0010,0.0076,0.3158,0.0001,0.0111,0.0392,0.3385,0.0735,0.0457,0.0157,0.0055,0.0056,0.0059
0.0155,0.0069,0.0041,0.0078,0.0043,0.0027,0.0046,0.0044,0.0000,0.0020,0.0038,0.0074,0.0050,0.0092,0.0033,0.0081,0.3158,0.0010,0.0785,0.0034,0.0175,0.0405,0.0155,0.0437,0.0174,0.0044,0.0095,0.0106
0.0453,0.0213,0.0106,0.0195,0.0067,0.0071,0.0184,0.0101,0.0052,0.0083,0.0077,0.0100,0.0120,0.0107,0.0071,0.0217,0.0001,0.0785,0.1849,0.0303,0.0000,0.0005,0.0016,0.0017,0.0052,0.0047,0.0093,0.0121
0.0108,0.0128,0.0032,0.0063,0.0032,0.0031,0.0067,0.0046,0.0036,0.0047,0.0051,0.0126,0.0057,0.0347,0.0145,0.0492,0.0111,0.0034,0.0303,0.0197,0.0067,0.0001,0.0033,0.0072,0.0066,0.0098,0.0134,0.0210
0.0044,0.0050,0.0049,0.0063,0.0041,0.0026,0.0051,0.0040,0.0046,0.0067,0.0071,0.0227,0.0227,0.8083,0.1951,0.8608,0.0392,0.0175,0.0000,0.0067,0.0115,0.0030,0.0001,0.0002,0.0013,0.0017,0.0069,0.0086
0.0096,0.0042,0.0055,0.0049,0.0046,0.0024,0.0053,0.0036,0.0039,0.0060,0.0093,0.0233,0.0417,0.2320,0.9756,0.3933,0.3385,0.0405,0.0005,0.0001,0.0030,0.0017,0.0006,0.0000,0.0003,0.0016,0.0045,0.0124
0.0089,0.0103,0.0102,0.0088,0.0111,0.0049,0.0081,0.0062,0.0143,0.0163,0.0121,0.0923,0.0477,0.4757,0.1125,0.0452,0.0735,0.0155,0.0016,0.0033,0.0001,0.0006,0.0014,0.0005,0.0000,0.0023,0.0064,0.0136
0.0107,0.0071,0.0062,0.0096,0.0109,0.0042,0.0108,0.0117,0.0326,0.0528,0.0561,0.2848,0.4550,0.1185,0.0622,0.0300,0.0457,0.0437,0.0017,0.0072,0.0002,0.0000,0.0005,0.0004,0.0005,0.0004,0.0001,0.0031
0.0091,0.0146,0.0104,0.0292,0.0100,0.0069,0.0131,0.0091,0.0240,0.0407,0.0288,0.4557,0.1683,0.2750,0.0647,0.0106,0.0157,0.0174,0.0052,0.0066,0.0013,0.0003,0.0000,0.0005,0.0012,0.0061,0.0000,0.0014
0.0065,0.0045,0.0045,0.0073,0.0064,0.0033,0.0081,0.0073,0.0139,0.0425,0.0804,0.0567,0.0292,0.0211,0.0078,0.0071,0.0055,0.0044,0.0047,0.0098,0.0017,0.0016,0.0023,0.0004,0.0061,0.0595,0.0101,0.0005
0.0077,0.0095,0.0062,0.0191,0.0061,0.0099,0.0148,0.0155,0.0453,0.0914,0.0293,0.0527,0.0121,0.0101,0.0076,0.0044,0.0056,0.0095,0.0093,0.0134,0.0069,0.0045,0.0064,0.0001,0.0000,0.0101,0.0197,0.0011
0.0075,0.0063,0.0073,0.0051,0.0064,0.0066,0.0139,0.0133,0.0243,0.0193,0.0165,0.0100,0.0089,0.0046,0.0037,0.0043,0.0059,0.0106,0.0121,0.0210,0.0086,0.0124,0.0136,0.0031,0.0014,0.0005,0.0011,0.0197
