c1,c2,c3,c4,c5,c6,c7,c8,c9,c10,c11,c12,c13,c14,c15,c16,c17,c18,c19,c20,c21,c22,c23,c24,c25,c26,c27,c28
0.0000,0.0024,0.0017,0.0006,0.0126,0.0022,0.0133,0.0069,0.0049,0.0106,0.0063,0.0081,0.0095,0.0194,0.0085,0.0154,0.0111,0.0085,0.0403,0.0157,0.0098,0.0192,0.0198,0.0216,0.0134,0.0136,0.0120,0.0096
0.0024,0.0066,0.0087,0.0000,0.0031,0.0007,0.0025,0.0055,0.0060,0.0087,0.0065,0.0325,0.0136,0.1779,0.0121,0.0149,0.0084,0.0070,0.0170,0.0135,0.0081,0.0075,0.0149,0.0103,0.0490,0.0093,0.0150,0.0082
0.0017,0.0087,0.0112,0.0014,0.0004,0.0006,0.0022,0.0024,0.0109,0.0104,0.0127,0.0527,0.0330,0.0322,0.0180,0.0124,0.0063,0.0031,0.0093,0.0040,0.0058,0.0124,0.0145,0.0215,0.0171,0.0098,0.0056,0.0078
0.0006,0.0000,0.0014,0.0030,0.0135,0.0000,0.0008,0.0020,0.0135,0.0893,0.0260,0.2665,0.0362,0.1984,0.0205,0.0119,0.0069,0.0076,0.0199,0.0086,0.0079,0.0095,0.0217,0.0219,0.0548,0.0098,0.0212,0.0080
0.0126,0.0031,0.0004,0.0135,0.0247,0.0019,0.0004,0.0035,0.0105,0.0190,0.0235,0.0484,0.0102,0.0095,0.0082,0.0078,0.0067,0.0030,0.0080,0.0025,0.0045,0.0077,0.0172,0.0133,0.0131,0.0094,0.0088,0.0089
0.0022,0.0007,0.0006,0.0000,0.0019,0.0004,0.0086,0.0078,0.0853,0.6065,0.0329,0.9250,0.0625,0.0340,0.0097,0.0028,0.0017,0.0018,0.0134,0.0036,0.0048,0.0030,0.0164,0.0052,0.0062,0.0044,0.0339,0.0075
0.0133,0.0025,0.0022,0.0008,0.0004,0.0086,0.0126,0.0162,0.0015,0.0086,0.0037,0.0061,0.0172,0.0096,0.0079,0.0076,0.0071,0.0053,0.0164,0.0076,0.0061,0.0068,0.0147,0.0134,0.0175,0.0194,0.0259,0.0187
0.0069,0.0055,0.0024,0.0020,0.0035,0.0078,0.0162,0.1213,0.2170,0.0001,0.0018,0.0020,0.0015,0.0042,0.0031,0.0087,0.0075,0.0044,0.0170,0.0045,0.0057,0.0053,0.0116,0.0172,0.0130,0.0148,0.0467,0.0334
0.0049,0.0060,0.0109,0.0135,0.0105,0.0853,0.0015,0.2170,0.0001,0.0538,0.0012,0.0004,0.0061,0.0031,0.0070,0.0053,0.0062,0.0000,0.0065,0.0031,0.0063,0.0044,0.0166,0.0254,0.0271,0.0572,0.0963,0.0564
0.0106,0.0087,0.0104,0.0893,0.0190,0.6065,0.0086,0.0001,0.0538,0.0029,0.0046,0.0000,0.0002,0.0003,0.0013,0.0040,0.0048,0.0018,0.0113,0.0037,0.0043,0.0042,0.0140,0.0177,0.1046,0.1245,0.2126,0.0575
0.0063,0.0065,0.0127,0.0260,0.0235,0.0329,0.0037,0.0018,0.0012,0.0046,0.0022,0.0004,0.0001,0.0005,0.0050,0.0053,0.0117,0.0026,0.0084,0.0034,0.0037,0.0057,0.0093,0.0398,0.0338,0.9038,0.0156,0.0797
0.0081,0.0325,0.0527,0.2665,0.0484,0.9250,0.0061,0.0020,0.0004,0.0000,0.0004,0.0004,0.0011,0.0000,0.0000,0.0006,0.0010,0.0055,0.0106,0.0112,0.0251,0.0237,0.2535,0.1166,0.7268,0.1048,0.0340,0.0146
0.0095,0.0136,0.0330,0.0362,0.0102,0.0625,0.0172,0.0015,0.0061,0.0002,0.0001,0.0011,0.0083,0.0003,0.0000,0.0006,0.0029,0.0023,0.0085,0.0069,0.0057,0.0325,0.0376,0.5807,0.1528,0.3088,0.0094,0.0119
0.0194,0.1779,0.0322,0.1984,0.0095,0.0340,0.0096,0.0042,0.0031,0.0003,0.0005,0.0000,0.0003,0.0004,0.0004,0.0000,0.0001,0.0013,0.0089,0.0628,0.4180,0.1180,0.9713,0.0470,0.3419,0.0103,0.0178,0.0032
0.0085,0.0121,0.0180,0.0205,0.0082,0.0097,0.0079,0.0031,0.0070,0.0013,0.0050,0.0000,0.0000,0.0004,0.0066,0.0015,0.0001,0.0018,0.0023,0.0096,0.0708,0.9485,0.1191,0.6013,0.0763,0.0155,0.0055,0.0046
0.0154,0.0149,0.0124,0.0119,0.0078,0.0028,0.0076,0.0087,0.0053,0.0040,0.0053,0.0006,0.0006,0.0000,0.0015,0.0035,0.0005,0.0055,0.0105,0.0166,0.9180,0.5564,0.0828,0.0229,0.0069,0.0075,0.0023,0.0054
0.0111,0.0084,0.0063,0.0069,0.0067,0.0017,0.0071,0.0075,0.0062,0.0048,0.0117,0.0010,0.0029,0.0001,0.0001,0.0005,0.0050,0.4424,0.0002,0.0068,0.0364,0.8926,0.1208,0.2512,0.0081,0.0093,0.0032,0.0036
0.0085,0.0070,0.0031,0.0076,0.0030,0.0018,0.0053,0.0044,0.0000,0.0018,0.0026,0.0055,0.0023,0.0013,0.0018,0.0055,0.4424,0.0004,0.3718,0.0299,0.1427,0.0882,0.0181,0.0249,0.0157,0.0044,0.0232,0.0045
0.0403,0.0170,0.0093,0.0199,0.0080,0.0134,0.0164,0.0170,0.0065,0.0113,0.0084,0.0106,0.0085,0.0089,0.0023,0.0105,0.0002,0.3718,0.1067,0.0827,0.0000,0.0004,0.0006,0.0009,0.0037,0.0035,0.0170,0.0067
0.0157,0.0135,0.0040,0.0086,0.0025,0.0036,0.0076,0.0045,0.0031,0.0037,0.0034,0.0112,0.0069,0.0628,0.0096,0.0166,0.0068,0.0299,0.0827,0.0425,0.0050,0.0001,0.0013,0.0045,0.0089,0.0088,0.0181,0.0052
0.0098,0.0081,0.0058,0.0079,0.0045,0.0048,0.0061,0.0057,0.0063,0.0043,0.0037,0.0251,0.0057,0.4180,0.0708,0.9180,0.0364,0.1427,0.0000,0.0050,0.0088,0.0010,0.0000,0.0002,0.0016,0.0029,0.0116,0.0065
0.0192,0.0075,0.0124,0.0095,0.0077,0.0030,0.0068,0.0053,0.0044,0.0042,0.0057,0.0237,0.0325,0.1180,0.9485,0.5564,0.8926,0.0882,0.0004,0.0001,0.0010,0.0011,0.0001,0.0000,0.0002,0.0018,0.0020,0.0073
0.0198,0.0149,0.0145,0.0217,0.0172,0.0164,0.0147,0.0116,0.0166,0.0140,0.0093,0.2535,0.0376,0.9713,0.1191,0.0828,0.1208,0.0181,0.0006,0.0013,0.0000,0.0001,0.0006,0.0003,0.0000,0.0002,0.0011,0.0038
0.0216,0.0103,0.0215,0.0219,0.0133,0.0052,0.0134,0.0172,0.0254,0.0177,0.0398,0.1166,0.5807,0.0470,0.6013,0.0229,0.2512,0.0249,0.0009,0.0045,0.0002,0.0000,0.0003,0.0031,0.0002,0.0000,0.0001,0.0034
0.0134,0.0490,0.0171,0.0548,0.0131,0.0062,0.0175,0.0130,0.0271,0.1046,0.0338,0.7268,0.1528,0.3419,0.0763,0.0069,0.0081,0.0157,0.0037,0.0089,0.0016,0.0002,0.0000,0.0002,0.0020,0.0009,0.0000,0.0005
0.0136,0.0093,0.0098,0.0098,0.0094,0.0044,0.0194,0.0148,0.0572,0.1245,0.9038,0.1048,0.3088,0.0103,0.0155,0.0075,0.0093,0.0044,0.0035,0.0088,0.0029,0.0018,0.0002,0.0000,0.0009,0.0015,0.0004,0.0002
0.0120,0.0150,0.0056,0.0212,0.0088,0.0339,0.0259,0.0467,0.0963,0.2126,0.0156,0.0340,0.0094,0.0178,0.0055,0.0023,0.0032,0.0232,0.0170,0.0181,0.0116,0.0020,0.0011,0.0001,0.0000,0.0004,0.0099,0.0076
0.0096,0.0082,0.0078,0.0080,0.0089,0.0075,0.0187,0.0334,0.0564,0.0575,0.0797,0.0146,0.0119,0.0032,0.0046,0.0054,0.0036,0.0045,0.0067,0.0052,0.0065,0.0073,0.0038,0.0034,0.0005,0.0002,0.0076,0.0035
