c1,c2,c3,c4,c5,c6,c7,c8,c9,c10,c11,c12,c13,c14,c15,c16,c17,c18,c19,c20,c21,c22,c23,c24,c25,c26,c27,c28
0.0000,0.0037,0.0027,0.0013,0.0178,0.0028,0.0178,0.0105,0.0099,0.0090,0.0071,0.0068,0.0118,0.0178,0.0100,0.0176,0.0125,0.0241,0.0278,0.0145,0.0064,0.0120,0.0092,0.0083,0.0068,0.0064,0.0075,0.0064
0.0037,0.0090,0.0185,0.0000,0.0043,0.0018,0.0029,0.0070,0.0137,0.0112,0.0082,0.0198,0.0144,0.0419,0.0098,0.0141,0.0131,0.0091,0.0240,0.0106,0.0073,0.0078,0.0097,0.0073,0.0099,0.0046,0.0084,0.0063
0.0027,0.0185,0.0181,0.0029,0.0005,0.0018,0.0050,0.0051,0.0263,0.0079,0.0140,0.0469,0.0236,0.0220,0.0104,0.0101,0.0089,0.0056,0.0139,0.0054,0.0032,0.0061,0.0069,0.0049,0.0079,0.0033,0.0038,0.0064
0.0013,0.0000,0.0029,0.0023,0.0120,0.0000,0.0025,0.0074,0.0746,0.0924,0.0368,0.3660,0.0385,0.0743,0.0168,0.0067,0.0057,0.0077,0.0124,0.0052,0.0056,0.0052,0.0066,0.0095,0.0214,0.0073,0.0120,0.0043
0.0178,0.0043,0.0005,0.0120,0.0204,0.0021,0.0006,0.0069,0.0134,0.0160,0.0498,0.0475,0.0163,0.0075,0.0076,0.0059,0.0073,0.0049,0.0077,0.0036,0.0031,0.0052,0.0087,0.0085,0.0111,0.0065,0.0054,0.0066
0.0028,0.0018,0.0018,0.0000,0.0021,0.0014,0.0103,0.0078,0.1794,0.4307,0.0375,0.8787,0.0423,0.0217,0.0109,0.0020,0.0030,0.0022,0.0049,0.0028,0.0037,0.0033,0.0055,0.0060,0.0080,0.0035,0.0063,0.0049
0.0178,0.0029,0.0050,0.0025,0.0006,0.0103,0.0116,0.0131,0.0007,0.0046,0.0039,0.0087,0.0188,0.0071,0.0133,0.0089,0.0076,0.0052,0.0133,0.0070,0.0058,0.0085,0.0109,0.0141,0.0148,0.0090,0.0127,0.0146
0.0105,0.0070,0.0051,0.0074,0.0069,0.0078,0.0131,0.0983,0.0889,0.0001,0.0026,0.0050,0.0023,0.0050,0.0041,0.0054,0.0121,0.0041,0.0153,0.0058,0.0044,0.0040,0.0081,0.0173,0.0118,0.0080,0.0119,0.0165
0.0099,0.0137,0.0263,0.0746,0.0134,0.1794,0.0007,0.0889,0.0002,0.0322,0.0005,0.0003,0.0064,0.0025,0.0052,0.0036,0.0092,0.0001,0.0110,0.0040,0.0070,0.0042,0.0141,0.0190,0.0190,0.0139,0.0297,0.0261
0.0090,0.0112,0.0079,0.0924,0.0160,0.4307,0.0046,0.0001,0.0322,0.0054,0.0058,0.0000,0.0002,0.0008,0.0031,0.0067,0.0077,0.0028,0.0171,0.0047,0.0074,0.0061,0.0184,0.0595,0.0489,0.0460,0.0948,0.0155
0.0071,0.0082,0.0140,0.0368,0.0498,0.0375,0.0039,0.0026,0.0005,0.0058,0.0036,0.0006,0.0000,0.0013,0.0051,0.0078,0.0149,0.0059,0.0151,0.0079,0.0030,0.0067,0.0156,0.0289,0.0268,0.0435,0.0335,0.0216
0.0068,0.0198,0.0469,0.3660,0.0475,0.8787,0.0087,0.0050,0.0003,0.0000,0.0006,0.0001,0.0004,0.0000,0.0001,0.0007,0.0013,0.0106,0.0098,0.0163,0.0338,0.0727,0.0960,0.1819,0.3720,0.0738,0.1067,0.0098
0.0118,0.0144,0.0236,0.0385,0.0163,0.0423,0.0188,0.0023,0.0064,0.0002,0.0000,0.0004,0.0034,0.0008,0.0000,0.0012,0.0039,0.0056,0.0120,0.0132,0.0088,0.0238,0.0665,0.3654,0.1761,0.0364,0.0180,0.0175
0.0178,0.0419,0.0220,0.0743,0.0075,0.0217,0.0071,0.0050,0.0025,0.0008,0.0013,0.0000,0.0008,0.0014,0.0007,0.0000,0.0003,0.0059,0.0100,0.0452,0.5047,0.1993,0.3041,0.0566,0.1391,0.0278,0.0161,0.0039
0.0100,0.0098,0.0104,0.0168,0.0076,0.0109,0.0133,0.0041,0.0052,0.0031,0.0051,0.0001,0.0000,0.0007,0.0077,0.0013,0.0000,0.0026,0.0094,0.0153,0.1370,0.9144,0.1284,0.0547,0.0311,0.0156,0.0125,0.0045
0.0176,0.0141,0.0101,0.0067,0.0059,0.0020,0.0089,0.0054,0.0036,0.0067,0.0078,0.0007,0.0012,0.0000,0.0013,0.0007,0.0008,0.0039,0.0072,0.0378,0.6320,0.4595,0.0632,0.0357,0.0169,0.0180,0.0082,0.0046
0.0125,0.0131,0.0089,0.0057,0.0073,0.0030,0.0076,0.0121,0.0092,0.0077,0.0149,0.0013,0.0039,0.0003,0.0000,0.0008,0.0063,0.1796,0.0000,0.0049,0.0448,0.2594,0.1303,0.0640,0.0367,0.0117,0.0084,0.0106
0.0241,0.0091,0.0056,0.0077,0.0049,0.0022,0.0052,0.0041,0.0001,0.0028,0.0059,0.0106,0.0056,0.0059,0.0026,0.0039,0.1796,0.0011,0.0267,0.0016,0.0197,0.0484,0.0142,0.0567,0.0286,0.0050,0.0060,0.0128
0.0278,0.0240,0.0139,0.0124,0.0077,0.0049,0.0133,0.0153,0.0110,0.0171,0.0151,0.0098,0.0120,0.0100,0.0094,0.0072,0.0000,0.0267,0.0132,0.0266,0.0001,0.0006,0.0023,0.0023,0.0093,0.0122,0.0114,0.0285
0.0145,0.0106,0.0054,0.0052,0.0036,0.0028,0.0070,0.0058,0.0040,0.0047,0.0079,0.0163,0.0132,0.0452,0.0153,0.0378,0.0049,0.0016,0.0266,0.0099,0.0064,0.0002,0.0031,0.0051,0.0061,0.0122,0.0122,0.0156
0.0064,0.0073,0.0032,0.0056,0.0031,0.0037,0.0058,0.0044,0.0070,0.0074,0.0030,0.0338,0.0088,0.5047,0.1370,0.6320,0.0448,0.0197,0.0001,0.0064,0.0040,0.0027,0.0000,0.0006,0.0035,0.0057,0.0091,0.0130
0.0120,0.0078,0.0061,0.0052,0.0052,0.0033,0.0085,0.0040,0.0042,0.0061,0.0067,0.0727,0.0238,0.1993,0.9144,0.4595,0.2594,0.0484,0.0006,0.0002,0.0027,0.0013,0.0005,0.0000,0.0003,0.0012,0.0031,0.0052
0.0092,0.0097,0.0069,0.0066,0.0087,0.0055,0.0109,0.0081,0.0141,0.0184,0.0156,0.0960,0.0665,0.3041,0.1284,0.0632,0.1303,0.0142,0.0023,0.0031,0.0000,0.0005,0.0008,0.0011,0.0000,0.0024,0.0041,0.0146
0.0083,0.0073,0.0049,0.0095,0.0085,0.0060,0.0141,0.0173,0.0190,0.0595,0.0289,0.1819,0.3654,0.0566,0.0547,0.0357,0.0640,0.0567,0.0023,0.0051,0.0006,0.0000,0.0011,0.0005,0.0002,0.0004,0.0002,0.0055
0.0068,0.0099,0.0079,0.0214,0.0111,0.0080,0.0148,0.0118,0.0190,0.0489,0.0268,0.3720,0.1761,0.1391,0.0311,0.0169,0.0367,0.0286,0.0093,0.0061,0.0035,0.0003,0.0000,0.0002,0.0011,0.0045,0.0000,0.0025
0.0064,0.0046,0.0033,0.0073,0.0065,0.0035,0.0090,0.0080,0.0139,0.0460,0.0435,0.0738,0.0364,0.0278,0.0156,0.0180,0.0117,0.0050,0.0122,0.0122,0.0057,0.0012,0.0024,0.0004,0.0045,0.0094,0.0047,0.0001
0.0075,0.0084,0.0038,0.0120,0.0054,0.0063,0.0127,0.0119,0.0297,0.0948,0.0335,0.1067,0.0180,0.0161,0.0125,0.0082,0.0084,0.0060,0.0114,0.0122,0.0091,0.0031,0.0041,0.0002,0.0000,0.0047,0.0173,0.0017
0.0064,0.0063,0.0064,0.0043,0.0066,0.0049,0.0146,0.0165,0.0261,0.0155,0.0216,0.0098,0.0175,0.0039,0.0045,0.0046,0.0106,0.0128,0.0285,0.0156,0.0130,0.0052,0.0146,0.0055,0.0025,0.0001,0.0017,0.0054
