c1,c2,c3,c4,c5,c6,c7,c8,c9,c10,c11,c12,c13,c14,c15,c16,c17,c18,c19,c20,c21,c22,c23,c24,c25,c26,c27,c28
0.0003,0.0020,0.0008,0.0003,0.0100,0.0021,0.0132,0.0096,0.0153,0.0063,0.0043,0.0083,0.0128,0.0166,0.0138,0.0108,0.0084,0.0197,0.0343,0.0120,0.0057,0.0090,0.0121,0.0143,0.0177,0.0119,0.0074,0.0176
0.0020,0.0058,0.0094,0.0000,0.0012,0.0023,0.0031,0.0077,0.0168,0.0095,0.0038,0.0468,0.0066,0.0843,0.0112,0.0192,0.0083,0.0104,0.0206,0.0113,0.0064,0.0047,0.0266,0.0051,0.0546,0.0049,0.0130,0.0077
0.0008,0.0094,0.0151,0.0013,0.0004,0.0009,0.0050,0.0061,0.0252,0.0067,0.0255,0.0426,0.0580,0.0071,0.0144,0.0079,0.0076,0.0074,0.0099,0.0064,0.0056,0.0089,0.0131,0.0132,0.0070,0.0060,0.0046,0.0090
0.0003,0.0000,0.0013,0.0040,0.0134,0.0000,0.0010,0.0042,0.0331,0.0423,0.0303,0.5373,0.0460,0.0487,0.0171,0.0063,0.0066,0.0108,0.0172,0.0072,0.0071,0.0027,0.0522,0.0033,0.1053,0.0080,0.0204,0.0049
0.0100,0.0012,0.0004,0.0134,0.0403,0.0022,0.0017,0.0079,0.0111,0.0114,0.0299,0.0329,0.0197,0.0115,0.0077,0.0040,0.0060,0.0061,0.0069,0.0058,0.0037,0.0042,0.0100,0.0108,0.0086,0.0087,0.0083,0.0082
0.0021,0.0023,0.0009,0.0000,0.0022,0.0004,0.0044,0.0095,0.3975,0.3841,0.0415,0.9498,0.0322,0.0413,0.0048,0.0014,0.0018,0.0030,0.0056,0.0035,0.0036,0.0008,0.0171,0.0017,0.0293,0.0033,0.0168,0.0075
0.0132,0.0031,0.0050,0.0010,0.0017,0.0044,0.0172,0.0172,0.0010,0.0084,0.0020,0.0087,0.0117,0.0082,0.0076,0.0051,0.0085,0.0056,0.0109,0.0067,0.0057,0.0035,0.0167,0.0089,0.0293,0.0104,0.0332,0.0281
0.0096,0.0077,0.0061,0.0042,0.0079,0.0095,0.0172,0.0938,0.1131,0.0001,0.0012,0.0015,0.0010,0.0029,0.0030,0.0058,0.0100,0.0065,0.0071,0.0047,0.0040,0.0022,0.0075,0.0049,0.0234,0.0123,0.1021,0.0868
0.0153,0.0168,0.0252,0.0331,0.0111,0.3975,0.0010,0.1131,0.0001,0.0417,0.0004,0.0007,0.0017,0.0014,0.0028,0.0022,0.0065,0.0006,0.0001,0.0033,0.0039,0.0016,0.0209,0.0071,0.1495,0.0238,0.1942,0.2776
0.0063,0.0095,0.0067,0.0423,0.0114,0.3841,0.0084,0.0001,0.0417,0.0038,0.0024,0.0000,0.0001,0.0002,0.0006,0.0023,0.0045,0.0029,0.0051,0.0038,0.0034,0.0023,0.0456,0.0083,0.9213,0.1460,0.8294,0.0556
0.0043,0.0038,0.0255,0.0303,0.0299,0.0415,0.0020,0.0012,0.0004,0.0024,0.0026,0.0014,0.0001,0.0002,0.0020,0.0021,0.0054,0.0021,0.0029,0.0046,0.0018,0.0018,0.0152,0.0407,0.2117,0.9622,0.1194,0.1601
0.0083,0.0468,0.0426,0.5373,0.0329,0.9498,0.0087,0.0015,0.0007,0.0000,0.0014,0.0002,0.0004,0.0000,0.0000,0.0002,0.0006,0.0047,0.0075,0.0087,0.0211,0.0050,0.9411,0.1040,0.9891,0.0426,0.0782,0.0043
0.0128,0.0066,0.0580,0.0460,0.0197,0.0322,0.0117,0.0010,0.0017,0.0001,0.0001,0.0004,0.0019,0.0001,0.0000,0.0005,0.0052,0.0018,0.0121,0.0034,0.0111,0.0304,0.0601,0.9999,0.0203,0.0790,0.0079,0.0240
0.0166,0.0843,0.0071,0.0487,0.0115,0.0413,0.0082,0.0029,0.0014,0.0002,0.0002,0.0000,0.0001,0.0001,0.0001,0.0000,0.0001,0.0026,0.0353,0.0474,1.0000,0.1079,0.9987,0.0364,0.3194,0.0061,0.0052,0.0018
0.0138,0.0112,0.0144,0.0171,0.0077,0.0048,0.0076,0.0030,0.0028,0.0006,0.0020,0.0000,0.0000,0.0001,0.0010,0.0006,0.0001,0.0013,0.0142,0.0087,0.2064,1.0000,0.0861,0.9624,0.0111,0.0148,0.0033,0.0031
0.0108,0.0192,0.0079,0.0063,0.0040,0.0014,0.0051,0.0058,0.0022,0.0023,0.0021,0.0002,0.0005,0.0000,0.0006,0.0022,0.0003,0.0023,0.1994,0.0867,0.9998,0.6453,0.0672,0.0068,0.0094,0.0076,0.0029,0.0041
0.0084,0.0083,0.0076,0.0066,0.0060,0.0018,0.0085,0.0100,0.0065,0.0045,0.0054,0.0006,0.0052,0.0001,0.0001,0.0003,0.0164,0.1292,0.0019,0.0155,0.0071,0.9958,0.0248,0.0739,0.0063,0.0068,0.0033,0.0062
0.0197,0.0104,0.0074,0.0108,0.0061,0.0030,0.0056,0.0065,0.0006,0.0029,0.0021,0.0047,0.0018,0.0026,0.0013,0.0023,0.1292,0.0528,0.2783,0.0043,0.0012,0.0445,0.0052,0.0334,0.0077,0.0051,0.0052,0.0113
0.0343,0.0206,0.0099,0.0172,0.0069,0.0056,0.0109,0.0071,0.0001,0.0051,0.0029,0.0075,0.0121,0.0353,0.0142,0.1994,0.0019,0.2783,0.0045,0.2757,0.0001,0.0003,0.0006,0.0010,0.0086,0.0069,0.0079,0.0274
0.0120,0.0113,0.0064,0.0072,0.0058,0.0035,0.0067,0.0047,0.0033,0.0038,0.0046,0.0087,0.0034,0.0474,0.0087,0.0867,0.0155,0.0043,0.2757,0.0747,0.0011,0.0001,0.0011,0.0048,0.0033,0.0118,0.0072,0.0104
0.0057,0.0064,0.0056,0.0071,0.0037,0.0036,0.0057,0.0040,0.0039,0.0034,0.0018,0.0211,0.0111,1.0000,0.2064,0.9998,0.0071,0.0012,0.0001,0.0011,0.0075,0.0014,0.0000,0.0001,0.0002,0.0007,0.0056,0.0034
0.0090,0.0047,0.0089,0.0027,0.0042,0.0008,0.0035,0.0022,0.0016,0.0023,0.0018,0.0050,0.0304,0.1079,1.0000,0.6453,0.9958,0.0445,0.0003,0.0001,0.0014,0.0010,0.0002,0.0000,0.0001,0.0041,0.0015,0.0039
0.0121,0.0266,0.0131,0.0522,0.0100,0.0171,0.0167,0.0075,0.0209,0.0456,0.0152,0.9411,0.0601,0.9987,0.0861,0.0672,0.0248,0.0052,0.0006,0.0011,0.0000,0.0002,0.0008,0.0002,0.0000,0.0001,0.0002,0.0009
0.0143,0.0051,0.0132,0.0033,0.0108,0.0017,0.0089,0.0049,0.0071,0.0083,0.0407,0.1040,0.9999,0.0364,0.9624,0.0068,0.0739,0.0334,0.0010,0.0048,0.0001,0.0000,0.0002,0.0003,0.0000,0.0002,0.0002,0.0086
0.0177,0.0546,0.0070,0.1053,0.0086,0.0293,0.0293,0.0234,0.1495,0.9213,0.2117,0.9891,0.0203,0.3194,0.0111,0.0094,0.0063,0.0077,0.0086,0.0033,0.0002,0.0001,0.0000,0.0000,0.0002,0.0008,0.0000,0.0002
0.0119,0.0049,0.0060,0.0080,0.0087,0.0033,0.0104,0.0123,0.0238,0.1460,0.9622,0.0426,0.0790,0.0061,0.0148,0.0076,0.0068,0.0051,0.0069,0.0118,0.0007,0.0041,0.0001,0.0002,0.0008,0.0104,0.0016,0.0001
0.0074,0.0130,0.0046,0.0204,0.0083,0.0168,0.0332,0.1021,0.1942,0.8294,0.1194,0.0782,0.0079,0.0052,0.0033,0.0029,0.0033,0.0052,0.0079,0.0072,0.0056,0.0015,0.0002,0.0002,0.0000,0.0016,0.0148,0.0019
0.0176,0.0077,0.0090,0.0049,0.0082,0.0075,0.0281,0.0868,0.2776,0.0556,0.1601,0.0043,0.0240,0.0018,0.0031,0.0041,0.0062,0.0113,0.0274,0.0104,0.0034,0.0039,0.0009,0.0086,0.0002,0.0001,0.0019,0.0010
