c1,c2,c3,c4,c5,c6,c7,c8,c9,c10,c11,c12,c13,c14,c15,c16,c17,c18,c19,c20,c21,c22,c23,c24,c25,c26,c27,c28
0.0012,0.0010,0.0006,0.0001,0.0135,0.0014,0.0061,0.0046,0.0025,0.0063,0.0111,0.8266,0.0124,0.0577,0.0088,0.0166,0.0060,0.0076,0.0249,0.0124,0.0958,0.0061,0.0132,0.0042,0.0098,0.0019,0.0077,0.0053
0.0010,0.0083,0.0131,0.0000,0.0045,0.0013,0.0033,0.0092,0.0044,0.0255,0.0057,0.7766,0.0077,0.0399,0.0060,0.0083,0.0040,0.0063,0.0220,0.0198,0.3683,0.0052,0.0790,0.0027,0.0133,0.0015,0.0039,0.0094
0.0006,0.0131,0.3498,0.0000,0.0001,0.0017,0.0036,0.0068,0.0170,0.0150,0.0094,0.3898,0.0047,0.0256,0.0077,0.0079,0.0057,0.0060,0.0167,0.0096,0.1378,0.0054,0.0157,0.0044,0.0062,0.0025,0.0035,0.0071
0.0001,0.0000,0.0000,0.0035,0.0016,0.0000,0.0002,0.0040,0.0121,0.0779,0.0699,0.9837,0.0246,0.0158,0.0101,0.0038,0.0068,0.0109,0.0186,0.0075,0.0885,0.0084,0.9110,0.0121,0.0490,0.0150,0.0109,0.0222
0.0135,0.0045,0.0001,0.0016,0.2912,0.0761,0.0000,0.0041,0.0077,0.0145,0.0142,0.3100,0.0124,0.0110,0.0057,0.0032,0.0044,0.0033,0.0056,0.0062,0.0194,0.0048,0.0224,0.0051,0.0123,0.0051,0.0048,0.0076
0.0014,0.0013,0.0017,0.0000,0.0761,0.0001,0.0518,0.0089,0.1640,0.1249,0.0456,0.9191,0.0181,0.0154,0.0028,0.0020,0.0012,0.0001,0.0003,0.0031,0.1150,0.0018,0.1054,0.0034,0.0364,0.0063,0.0100,0.0101
0.0061,0.0033,0.0036,0.0002,0.0000,0.0518,0.0862,0.0191,0.0001,0.0051,0.0054,0.0301,0.0150,0.0049,0.0063,0.0035,0.0045,0.0038,0.0072,0.0078,0.0105,0.0031,0.0484,0.0052,0.1461,0.0267,0.0479,0.0897
0.0046,0.0092,0.0068,0.0040,0.0041,0.0089,0.0191,0.3536,0.0888,0.0000,0.0017,0.0012,0.0019,0.0030,0.0051,0.0039,0.0053,0.0041,0.0050,0.0045,0.0059,0.0034,0.0249,0.0079,0.1746,0.0632,0.1385,0.0354
0.0025,0.0044,0.0170,0.0121,0.0077,0.1640,0.0001,0.0888,0.0356,0.0013,0.0000,0.0000,0.0013,0.0010,0.0025,0.0042,0.0051,0.0024,0.0044,0.0077,0.0029,0.0032,0.0353,0.0074,0.4145,0.9923,0.1756,0.0351
0.0063,0.0255,0.0150,0.0779,0.0145,0.1249,0.0051,0.0000,0.0013,0.0117,0.0018,0.0000,0.0000,0.0000,0.0005,0.0019,0.0054,0.0030,0.0109,0.0111,0.0196,0.0099,0.9977,0.0385,0.9958,0.5994,0.3155,0.0106
0.0111,0.0057,0.0094,0.0699,0.0142,0.0456,0.0054,0.0017,0.0000,0.0018,0.0632,0.0000,0.0000,0.0003,0.0029,0.0059,0.0073,0.0057,0.0081,0.0012,0.0026,0.0034,0.0518,0.9906,0.0241,0.8305,0.0125,0.0067
0.8266,0.7766,0.3898,0.9837,0.3100,0.9191,0.0301,0.0012,0.0000,0.0000,0.0000,0.0000,0.0003,0.0000,0.0000,0.0005,0.0007,0.0127,0.0497,0.0414,0.7005,0.0191,0.9973,0.2377,0.0810,0.0489,0.0032,0.0019
0.0124,0.0077,0.0047,0.0246,0.0124,0.0181,0.0150,0.0019,0.0013,0.0000,0.0000,0.0003,0.0227,0.0003,0.0000,0.0005,0.0067,0.0073,0.0194,0.0067,0.0467,0.9129,0.3612,0.9700,0.0114,0.0234,0.0041,0.0048
0.0577,0.0399,0.0256,0.0158,0.0110,0.0154,0.0049,0.0030,0.0010,0.0000,0.0003,0.0000,0.0003,0.0809,0.0002,0.0000,0.0019,0.0794,0.5012,0.1662,1.0000,0.0323,0.0990,0.0097,0.0061,0.0032,0.0033,0.0053
0.0088,0.0060,0.0077,0.0101,0.0057,0.0028,0.0063,0.0051,0.0025,0.0005,0.0029,0.0000,0.0000,0.0002,0.0037,0.0045,0.0000,0.0285,0.0604,0.5326,0.1670,0.9983,0.0150,0.2257,0.0071,0.0065,0.0062,0.0092
0.0166,0.0083,0.0079,0.0038,0.0032,0.0020,0.0035,0.0039,0.0042,0.0019,0.0059,0.0005,0.0005,0.0000,0.0045,0.0704,0.0034,0.0005,0.1018,0.1511,0.4074,0.1765,0.0144,0.0235,0.0129,0.0128,0.0102,0.0134
0.0060,0.0040,0.0057,0.0068,0.0044,0.0012,0.0045,0.0053,0.0051,0.0054,0.0073,0.0007,0.0067,0.0019,0.0000,0.0034,0.0356,0.3424,0.0004,0.1220,0.0038,0.6323,0.0070,0.1358,0.0056,0.0073,0.0112,0.0100
0.0076,0.0063,0.0060,0.0109,0.0033,0.0001,0.0038,0.0041,0.0024,0.0030,0.0057,0.0127,0.0073,0.0794,0.0285,0.0005,0.3424,0.0037,0.1041,0.0006,0.0027,0.0344,0.0049,0.0167,0.0168,0.0045,0.0186,0.0099
0.0249,0.0220,0.0167,0.0186,0.0056,0.0003,0.0072,0.0050,0.0044,0.0109,0.0081,0.0497,0.0194,0.5012,0.0604,0.1018,0.0004,0.1041,0.2310,0.1021,0.0000,0.0004,0.0001,0.0004,0.0037,0.0014,0.0098,0.0059
0.0124,0.0198,0.0096,0.0075,0.0062,0.0031,0.0078,0.0045,0.0077,0.0111,0.0012,0.0414,0.0067,0.1662,0.5326,0.1511,0.1220,0.0006,0.1021,0.0530,0.0002,0.0000,0.0000,0.0011,0.0022,0.0025,0.0096,0.0076
0.0958,0.3683,0.1378,0.0885,0.0194,0.1150,0.0105,0.0059,0.0029,0.0196,0.0026,0.7005,0.0467,1.0000,0.1670,0.4074,0.0038,0.0027,0.0000,0.0002,0.0012,0.0006,0.0000,0.0000,0.0001,0.0002,0.0014,0.0026
0.0061,0.0052,0.0054,0.0084,0.0048,0.0018,0.0031,0.0034,0.0032,0.0099,0.0034,0.0191,0.9129,0.0323,0.9983,0.1765,0.6323,0.0344,0.0004,0.0000,0.0006,0.0026,0.0000,0.0000,0.0023,0.0012,0.0032,0.0098
0.0132,0.0790,0.0157,0.9110,0.0224,0.1054,0.0484,0.0249,0.0353,0.9977,0.0518,0.9973,0.3612,0.0990,0.0150,0.0144,0.0070,0.0049,0.0001,0.0000,0.0000,0.0000,0.0153,0.0017,0.0000,0.0000,0.0000,0.0012
0.0042,0.0027,0.0044,0.0121,0.0051,0.0034,0.0052,0.0079,0.0074,0.0385,0.9906,0.2377,0.9700,0.0097,0.2257,0.0235,0.1358,0.0167,0.0004,0.0011,0.0000,0.0000,0.0017,0.0364,0.0001,0.0000,0.0026,0.0027
0.0098,0.0133,0.0062,0.0490,0.0123,0.0364,0.1461,0.1746,0.4145,0.9958,0.0241,0.0810,0.0114,0.0061,0.0071,0.0129,0.0056,0.0168,0.0037,0.0022,0.0001,0.0023,0.0000,0.0001,0.0050,0.0073,0.0000,0.0013
0.0019,0.0015,0.0025,0.0150,0.0051,0.0063,0.0267,0.0632,0.9923,0.5994,0.8305,0.0489,0.0234,0.0032,0.0065,0.0128,0.0073,0.0045,0.0014,0.0025,0.0002,0.0012,0.0000,0.0000,0.0073,0.0037,0.0174,0.0001
0.0077,0.0039,0.0035,0.0109,0.0048,0.0100,0.0479,0.1385,0.1756,0.3155,0.0125,0.0032,0.0041,0.0033,0.0062,0.0102,0.0112,0.0186,0.0098,0.0096,0.0014,0.0032,0.0000,0.0026,0.0000,0.0174,0.0109,0.0093
0.0053,0.0094,0.0071,0.0222,0.0076,0.0101,0.0897,0.0354,0.0351,0.0106,0.0067,0.0019,0.0048,0.0053,0.0092,0.0134,0.0100,0.0099,0.0059,0.0076,0.0026,0.0098,0.0012,0.0027,0.0013,0.0001,0.0093,0.0794
