c1,c2,c3,c4,c5,c6,c7,c8,c9,c10,c11,c12,c13,c14,c15,c16,c17,c18,c19,c20,c21,c22,c23,c24,c25,c26,c27,c28
0.0002,0.0028,0.0035,0.0020,0.0167,0.0119,0.0160,0.0045,0.0105,0.0078,0.0087,0.0086,0.0078,0.0112,0.0066,0.0090,0.0055,0.0099,0.0303,0.0083,0.0044,0.0077,0.0149,0.0042,0.0188,0.0057,0.0097,0.0125
0.0028,0.0135,0.0087,0.0000,0.0005,0.0056,0.0048,0.0057,0.0099,0.0059,0.0077,0.0477,0.0086,0.0953,0.0161,0.0280,0.0070,0.0084,0.0189,0.0075,0.0053,0.0035,0.0323,0.0036,0.0216,0.0057,0.0139,0.0153
0.0035,0.0087,0.0093,0.0007,0.0000,0.0021,0.0066,0.0027,0.0122,0.0084,0.0068,0.0466,0.0125,0.1599,0.0074,0.0208,0.0049,0.0062,0.0162,0.0050,0.0038,0.0045,0.0173,0.0051,0.0199,0.0103,0.0109,0.0205
0.0020,0.0000,0.0007,0.0003,0.0003,0.0001,0.0002,0.0033,0.0071,0.0908,0.0445,0.9742,0.0629,0.8149,0.0062,0.0092,0.0036,0.0062,0.0120,0.0053,0.0042,0.0032,0.0561,0.0068,0.1227,0.0121,0.0094,0.0069
0.0167,0.0005,0.0000,0.0003,0.0034,0.0036,0.0000,0.0008,0.0086,0.0201,0.0201,0.9979,0.0124,0.2842,0.0150,0.0060,0.0033,0.0047,0.0089,0.0048,0.0041,0.0034,0.0538,0.0035,0.0692,0.0077,0.0188,0.0061
0.0119,0.0056,0.0021,0.0001,0.0036,0.0080,0.0014,0.0002,0.0176,0.0289,0.0502,0.1534,0.0071,0.0470,0.0035,0.0100,0.0030,0.0053,0.0120,0.0036,0.0036,0.0036,0.0110,0.0072,0.0216,0.0101,0.0250,0.0435
0.0160,0.0048,0.0066,0.0002,0.0000,0.0014,0.0015,0.0305,0.0017,0.0737,0.0062,0.1777,0.0292,0.0249,0.0099,0.0063,0.0049,0.0047,0.0098,0.0051,0.0041,0.0016,0.0142,0.0031,0.0548,0.0154,0.1427,0.0341
0.0045,0.0057,0.0027,0.0033,0.0008,0.0002,0.0305,0.0141,0.0600,0.0017,0.0015,0.0013,0.0018,0.0084,0.0031,0.0047,0.0053,0.0038,0.0060,0.0050,0.0060,0.0020,0.0319,0.0065,0.1410,0.0427,0.6255,0.0505
0.0105,0.0099,0.0122,0.0071,0.0086,0.0176,0.0017,0.0600,0.0015,0.0127,0.0001,0.0000,0.0003,0.0011,0.0026,0.0030,0.0030,0.0015,0.0008,0.0043,0.0061,0.0017,0.0365,0.0109,0.4697,0.2738,0.8947,0.6037
0.0078,0.0059,0.0084,0.0908,0.0201,0.0289,0.0737,0.0017,0.0127,0.0001,0.0047,0.0000,0.0001,0.0001,0.0003,0.0013,0.0013,0.0004,0.0002,0.0022,0.0027,0.0007,0.1669,0.0212,0.9978,0.6389,0.9794,0.2722
0.0087,0.0077,0.0068,0.0445,0.0201,0.0502,0.0062,0.0015,0.0001,0.0047,0.0056,0.0000,0.0000,0.0001,0.0004,0.0026,0.0037,0.0032,0.0080,0.0065,0.0033,0.0021,0.0143,0.0304,0.1988,0.9990,0.1672,0.2348
0.0086,0.0477,0.0466,0.9742,0.9979,0.1534,0.1777,0.0013,0.0000,0.0000,0.0000,0.0000,0.0002,0.0000,0.0000,0.0000,0.0005,0.0027,0.0029,0.0045,0.0266,0.0016,0.9997,0.0760,0.9999,0.1180,0.0191,0.0031
0.0078,0.0086,0.0125,0.0629,0.0124,0.0071,0.0292,0.0018,0.0003,0.0001,0.0000,0.0002,0.0020,0.0001,0.0000,0.0004,0.0026,0.0018,0.0126,0.0061,0.0139,0.0506,0.1205,1.0000,0.1327,0.4426,0.0079,0.0170
0.0112,0.0953,0.1599,0.8149,0.2842,0.0470,0.0249,0.0084,0.0011,0.0001,0.0001,0.0000,0.0001,0.0000,0.0000,0.0000,0.0000,0.0024,0.0639,0.0480,1.0000,0.0077,0.9984,0.0114,0.0510,0.0017,0.0005,0.0004
0.0066,0.0161,0.0074,0.0062,0.0150,0.0035,0.0099,0.0031,0.0026,0.0003,0.0004,0.0000,0.0000,0.0000,0.0006,0.0018,0.0003,0.0013,0.0071,0.0063,0.0917,1.0000,0.1801,0.9991,0.0081,0.0146,0.0015,0.0017
0.0090,0.0280,0.0208,0.0092,0.0060,0.0100,0.0063,0.0047,0.0030,0.0013,0.0026,0.0000,0.0004,0.0000,0.0018,0.0131,0.0008,0.0021,0.6960,0.0354,0.9997,0.3912,0.0167,0.0048,0.0013,0.0012,0.0009,0.0023
0.0055,0.0070,0.0049,0.0036,0.0033,0.0030,0.0049,0.0053,0.0030,0.0013,0.0037,0.0005,0.0026,0.0000,0.0003,0.0008,0.0099,0.7750,0.0047,0.0334,0.0051,0.9999,0.0241,0.2100,0.0013,0.0030,0.0019,0.0022
0.0099,0.0084,0.0062,0.0062,0.0047,0.0053,0.0047,0.0038,0.0015,0.0004,0.0032,0.0027,0.0018,0.0024,0.0013,0.0021,0.7750,0.1511,0.8568,0.0068,0.0017,0.0400,0.0031,0.0234,0.0017,0.0022,0.0031,0.0065
0.0303,0.0189,0.0162,0.0120,0.0089,0.0120,0.0098,0.0060,0.0008,0.0002,0.0080,0.0029,0.0126,0.0639,0.0071,0.6960,0.0047,0.8568,0.0182,0.4034,0.0001,0.0001,0.0001,0.0004,0.0017,0.0026,0.0039,0.0091
0.0083,0.0075,0.0050,0.0053,0.0048,0.0036,0.0051,0.0050,0.0043,0.0022,0.0065,0.0045,0.0061,0.0480,0.0063,0.0354,0.0334,0.0068,0.4034,0.0812,0.0017,0.0003,0.0006,0.0052,0.0008,0.0084,0.0146,0.0287
0.0044,0.0053,0.0038,0.0042,0.0041,0.0036,0.0041,0.0060,0.0061,0.0027,0.0033,0.0266,0.0139,1.0000,0.0917,0.9997,0.0051,0.0017,0.0001,0.0017,0.0042,0.0011,0.0000,0.0000,0.0000,0.0004,0.0014,0.0036
0.0077,0.0035,0.0045,0.0032,0.0034,0.0036,0.0016,0.0020,0.0017,0.0007,0.0021,0.0016,0.0506,0.0077,1.0000,0.3912,0.9999,0.0400,0.0001,0.0003,0.0011,0.0003,0.0000,0.0001,0.0001,0.0021,0.0029,0.0066
0.0149,0.0323,0.0173,0.0561,0.0538,0.0110,0.0142,0.0319,0.0365,0.1669,0.0143,0.9997,0.1205,0.9984,0.1801,0.0167,0.0241,0.0031,0.0001,0.0006,0.0000,0.0000,0.0003,0.0001,0.0000,0.0000,0.0001,0.0009
0.0042,0.0036,0.0051,0.0068,0.0035,0.0072,0.0031,0.0065,0.0109,0.0212,0.0304,0.0760,1.0000,0.0114,0.9991,0.0048,0.2100,0.0234,0.0004,0.0052,0.0000,0.0001,0.0001,0.0033,0.0000,0.0000,0.0002,0.0015
0.0188,0.0216,0.0199,0.1227,0.0692,0.0216,0.0548,0.1410,0.4697,0.9978,0.1988,0.9999,0.1327,0.0510,0.0081,0.0013,0.0013,0.0017,0.0017,0.0008,0.0000,0.0001,0.0000,0.0000,0.0003,0.0001,0.0000,0.0001
0.0057,0.0057,0.0103,0.0121,0.0077,0.0101,0.0154,0.0427,0.2738,0.6389,0.9990,0.1180,0.4426,0.0017,0.0146,0.0012,0.0030,0.0022,0.0026,0.0084,0.0004,0.0021,0.0000,0.0000,0.0001,0.0023,0.0005,0.0001
0.0097,0.0139,0.0109,0.0094,0.0188,0.0250,0.1427,0.6255,0.8947,0.9794,0.1672,0.0191,0.0079,0.0005,0.0015,0.0009,0.0019,0.0031,0.0039,0.0146,0.0014,0.0029,0.0001,0.0002,0.0000,0.0005,0.0019,0.0011
0.0125,0.0153,0.0205,0.0069,0.0061,0.0435,0.0341,0.0505,0.6037,0.2722,0.2348,0.0031,0.0170,0.0004,0.0017,0.0023,0.0022,0.0065,0.0091,0.0287,0.0036,0.0066,0.0009,0.0015,0.0001,0.0001,0.0011,0.0030
