c1,c2,c3,c4,c5,c6,c7,c8,c9,c10,c11,c12,c13,c14,c15,c16,c17,c18,c19,c20,c21,c22,c23,c24,c25,c26,c27,c28
0.0001,0.0020,0.0008,0.0100,0.0314,0.0068,0.0257,0.0118,0.0101,0.0060,0.0107,0.0077,0.0083,0.0145,0.0096,0.0148,0.0074,0.0107,0.0211,0.0131,0.0059,0.0076,0.0155,0.0064,0.0135,0.0033,0.0044,0.0063
0.0020,0.0044,0.0052,0.0001,0.0030,0.0040,0.0067,0.0126,0.0071,0.0073,0.0091,0.0480,0.0109,0.1525,0.0107,0.0221,0.0083,0.0063,0.0108,0.0079,0.0068,0.0036,0.0205,0.0037,0.0225,0.0033,0.0047,0.0045
0.0008,0.0052,0.0058,0.0263,0.0001,0.0010,0.0078,0.0104,0.0174,0.0088,0.0982,0.0814,0.0252,0.0916,0.0054,0.0126,0.0055,0.0071,0.0118,0.0072,0.0059,0.0029,0.0133,0.0026,0.0075,0.0021,0.0026,0.0062
0.0100,0.0001,0.0263,0.0026,0.0310,0.0000,0.0004,0.0018,0.0068,0.0059,0.0315,0.9328,0.0211,0.2452,0.0085,0.0073,0.0041,0.0033,0.0028,0.0059,0.0049,0.0037,0.0524,0.0061,0.0487,0.0040,0.0090,0.0044
0.0314,0.0030,0.0001,0.0310,0.0443,0.0020,0.0005,0.0066,0.0123,0.0076,0.0638,0.0208,0.0096,0.0115,0.0062,0.0098,0.0052,0.0079,0.0116,0.0081,0.0037,0.0026,0.0073,0.0047,0.0080,0.0056,0.0103,0.0122
0.0068,0.0040,0.0010,0.0000,0.0020,0.0009,0.0076,0.0034,0.1329,0.2065,0.0862,0.6426,0.0182,0.0261,0.0066,0.0038,0.0029,0.0040,0.0068,0.0037,0.0029,0.0009,0.0074,0.0041,0.0320,0.0052,0.0290,0.0135
0.0257,0.0067,0.0078,0.0004,0.0005,0.0076,0.0122,0.0130,0.0008,0.0041,0.0024,0.0080,0.0079,0.0127,0.0074,0.0088,0.0066,0.0041,0.0067,0.0050,0.0051,0.0027,0.0151,0.0059,0.0392,0.0145,0.1696,0.0353
0.0118,0.0126,0.0104,0.0018,0.0066,0.0034,0.0130,0.0962,0.0909,0.0005,0.0016,0.0005,0.0011,0.0029,0.0015,0.0074,0.0044,0.0044,0.0060,0.0049,0.0032,0.0015,0.0070,0.0045,0.0306,0.0307,0.5513,0.0687
0.0101,0.0071,0.0174,0.0068,0.0123,0.1329,0.0008,0.0909,0.0011,0.0239,0.0002,0.0000,0.0004,0.0011,0.0027,0.0022,0.0060,0.0016,0.0004,0.0031,0.0037,0.0018,0.0259,0.0090,0.3276,0.2054,0.5875,0.4811
0.0060,0.0073,0.0088,0.0059,0.0076,0.2065,0.0041,0.0005,0.0239,0.0005,0.0015,0.0000,0.0000,0.0001,0.0004,0.0019,0.0025,0.0009,0.0009,0.0020,0.0023,0.0005,0.1124,0.0355,0.9993,0.9230,0.9826,0.0910
0.0107,0.0091,0.0982,0.0315,0.0638,0.0862,0.0024,0.0016,0.0002,0.0015,0.0020,0.0000,0.0000,0.0001,0.0003,0.0037,0.0024,0.0022,0.0048,0.0052,0.0017,0.0011,0.0161,0.0396,0.2586,0.9998,0.0771,0.1076
0.0077,0.0480,0.0814,0.9328,0.0208,0.6426,0.0080,0.0005,0.0000,0.0000,0.0000,0.0002,0.0002,0.0000,0.0000,0.0002,0.0013,0.0033,0.0044,0.0041,0.0435,0.0072,0.9980,0.7069,0.9987,0.0957,0.0262,0.0031
0.0083,0.0109,0.0252,0.0211,0.0096,0.0182,0.0079,0.0011,0.0004,0.0000,0.0000,0.0002,0.0028,0.0003,0.0000,0.0005,0.0013,0.0016,0.0144,0.0060,0.0163,0.0225,0.1607,1.0000,0.1335,0.5587,0.0070,0.0090
0.0145,0.1525,0.0916,0.2452,0.0115,0.0261,0.0127,0.0029,0.0011,0.0001,0.0001,0.0000,0.0003,0.0000,0.0000,0.0000,0.0001,0.0015,0.0176,0.0087,1.0000,0.0558,0.9996,0.0852,0.0207,0.0017,0.0005,0.0005
0.0096,0.0107,0.0054,0.0085,0.0062,0.0066,0.0074,0.0015,0.0027,0.0004,0.0003,0.0000,0.0000,0.0000,0.0019,0.0019,0.0001,0.0013,0.0059,0.0154,0.2728,1.0000,0.0759,0.9744,0.0116,0.0125,0.0011,0.0013
0.0148,0.0221,0.0126,0.0073,0.0098,0.0038,0.0088,0.0074,0.0022,0.0019,0.0037,0.0002,0.0005,0.0000,0.0019,0.0179,0.0011,0.0024,0.5167,0.0342,0.9991,0.4065,0.0091,0.0050,0.0011,0.0014,0.0013,0.0028
0.0074,0.0083,0.0055,0.0041,0.0052,0.0029,0.0066,0.0044,0.0060,0.0025,0.0024,0.0013,0.0013,0.0001,0.0001,0.0011,0.0158,0.7165,0.0046,0.0444,0.0083,0.9998,0.0134,0.0330,0.0017,0.0025,0.0015,0.0027
0.0107,0.0063,0.0071,0.0033,0.0079,0.0040,0.0041,0.0044,0.0016,0.0009,0.0022,0.0033,0.0016,0.0015,0.0013,0.0024,0.7165,0.1906,0.9326,0.0052,0.0015,0.0342,0.0032,0.0125,0.0022,0.0023,0.0037,0.0074
0.0211,0.0108,0.0118,0.0028,0.0116,0.0068,0.0067,0.0060,0.0004,0.0009,0.0048,0.0044,0.0144,0.0176,0.0059,0.5167,0.0046,0.9326,0.0976,0.7234,0.0000,0.0001,0.0001,0.0003,0.0013,0.0031,0.0117,0.0341
0.0131,0.0079,0.0072,0.0059,0.0081,0.0037,0.0050,0.0049,0.0031,0.0020,0.0052,0.0041,0.0060,0.0087,0.0154,0.0342,0.0444,0.0052,0.7234,0.1070,0.0021,0.0000,0.0005,0.0019,0.0010,0.0145,0.0515,0.0307
0.0059,0.0068,0.0059,0.0049,0.0037,0.0029,0.0051,0.0032,0.0037,0.0023,0.0017,0.0435,0.0163,1.0000,0.2728,0.9991,0.0083,0.0015,0.0000,0.0021,0.0035,0.0001,0.0000,0.0000,0.0000,0.0011,0.0023,0.0061
0.0076,0.0036,0.0029,0.0037,0.0026,0.0009,0.0027,0.0015,0.0018,0.0005,0.0011,0.0072,0.0225,0.0558,1.0000,0.4065,0.9998,0.0342,0.0001,0.0000,0.0001,0.0003,0.0002,0.0004,0.0005,0.0017,0.0032,0.0047
0.0155,0.0205,0.0133,0.0524,0.0073,0.0074,0.0151,0.0070,0.0259,0.1124,0.0161,0.9980,0.1607,0.9996,0.0759,0.0091,0.0134,0.0032,0.0001,0.0005,0.0000,0.0002,0.0008,0.0002,0.0000,0.0001,0.0003,0.0019
0.0064,0.0037,0.0026,0.0061,0.0047,0.0041,0.0059,0.0045,0.0090,0.0355,0.0396,0.7069,1.0000,0.0852,0.9744,0.0050,0.0330,0.0125,0.0003,0.0019,0.0000,0.0004,0.0002,0.0007,0.0001,0.0000,0.0001,0.0026
0.0135,0.0225,0.0075,0.0487,0.0080,0.0320,0.0392,0.0306,0.3276,0.9993,0.2586,0.9987,0.1335,0.0207,0.0116,0.0011,0.0017,0.0022,0.0013,0.0010,0.0000,0.0005,0.0000,0.0001,0.0001,0.0001,0.0000,0.0005
0.0033,0.0033,0.0021,0.0040,0.0056,0.0052,0.0145,0.0307,0.2054,0.9230,0.9998,0.0957,0.5587,0.0017,0.0125,0.0014,0.0025,0.0023,0.0031,0.0145,0.0011,0.0017,0.0001,0.0000,0.0001,0.0004,0.0007,0.0002
0.0044,0.0047,0.0026,0.0090,0.0103,0.0290,0.1696,0.5513,0.5875,0.9826,0.0771,0.0262,0.0070,0.0005,0.0011,0.0013,0.0015,0.0037,0.0117,0.0515,0.0023,0.0032,0.0003,0.0001,0.0000,0.0007,0.0034,0.0022
0.0063,0.0045,0.0062,0.0044,0.0122,0.0135,0.0353,0.0687,0.4811,0.0910,0.1076,0.0031,0.0090,0.0005,0.0013,0.0028,0.0027,0.0074,0.0341,0.0307,0.0061,0.0047,0.0019,0.0026,0.0005,0.0002,0.0022,0.0058
