c1,c2,c3,c4,c5,c6,c7,c8,c9,c10,c11,c12,c13,c14,c15,c16,c17,c18,c19,c20,c21,c22,c23,c24,c25,c26,c27,c28
0.0012,0.0038,0.0021,0.0029,0.0433,0.0032,0.0121,0.0111,0.0088,0.0048,0.0067,0.0090,0.0119,0.0101,0.0061,0.0106,0.0066,0.0076,0.0207,0.0066,0.0033,0.0086,0.0081,0.0047,0.0231,0.0031,0.0099,0.0129
0.0038,0.0120,0.0129,0.0000,0.0024,0.0038,0.0023,0.0092,0.0077,0.0118,0.0043,0.0586,0.0071,0.0256,0.0059,0.0094,0.0057,0.0058,0.0156,0.0075,0.0056,0.0035,0.0180,0.0029,0.1112,0.0036,0.0368,0.0091
0.0021,0.0129,0.0198,0.0015,0.0005,0.0010,0.0036,0.0071,0.0155,0.0070,0.0338,0.0312,0.0325,0.0109,0.0060,0.0097,0.0045,0.0050,0.0118,0.0056,0.0054,0.0052,0.0122,0.0038,0.0184,0.0047,0.0073,0.0256
0.0029,0.0000,0.0015,0.0045,0.0094,0.0000,0.0007,0.0039,0.0072,0.0447,0.0108,0.2972,0.0125,0.0326,0.0063,0.0060,0.0060,0.0066,0.0205,0.0084,0.0065,0.0046,0.0563,0.0044,0.2906,0.0065,0.1138,0.0071
0.0433,0.0024,0.0005,0.0094,0.0389,0.0021,0.0005,0.0047,0.0083,0.0091,0.0195,0.0119,0.0087,0.0060,0.0063,0.0072,0.0060,0.0073,0.0081,0.0050,0.0042,0.0048,0.0106,0.0053,0.0238,0.0075,0.0151,0.0358
0.0032,0.0038,0.0010,0.0000,0.0021,0.0006,0.0051,0.0050,0.0714,0.5214,0.0162,0.9508,0.0074,0.0240,0.0014,0.0008,0.0014,0.0028,0.0059,0.0026,0.0024,0.0008,0.0376,0.0023,0.1755,0.0042,0.1439,0.0211
0.0121,0.0023,0.0036,0.0007,0.0005,0.0051,0.0074,0.0081,0.0019,0.0183,0.0014,0.0038,0.0064,0.0076,0.0064,0.0042,0.0059,0.0038,0.0098,0.0056,0.0044,0.0030,0.0204,0.0057,0.2073,0.0115,0.4395,0.0700
0.0111,0.0092,0.0071,0.0039,0.0047,0.0050,0.0081,0.1543,0.4357,0.0000,0.0013,0.0004,0.0010,0.0036,0.0013,0.0080,0.0040,0.0042,0.0068,0.0050,0.0034,0.0019,0.0067,0.0040,0.0570,0.0128,0.4392,0.2780
0.0088,0.0077,0.0155,0.0072,0.0083,0.0714,0.0019,0.4357,0.0004,0.0117,0.0005,0.0000,0.0007,0.0007,0.0017,0.0013,0.0030,0.0009,0.0000,0.0025,0.0043,0.0013,0.0313,0.0058,0.5136,0.1013,0.8999,0.8063
0.0048,0.0118,0.0070,0.0447,0.0091,0.5214,0.0183,0.0000,0.0117,0.0012,0.0011,0.0000,0.0000,0.0001,0.0004,0.0011,0.0030,0.0015,0.0030,0.0031,0.0018,0.0009,0.0833,0.0080,0.9998,0.4427,0.9998,0.0397
0.0067,0.0043,0.0338,0.0108,0.0195,0.0162,0.0014,0.0013,0.0005,0.0011,0.0026,0.0000,0.0000,0.0001,0.0004,0.0026,0.0040,0.0031,0.0068,0.0053,0.0043,0.0019,0.0163,0.0514,0.3056,0.9999,0.0779,0.3898
0.0090,0.0586,0.0312,0.2972,0.0119,0.9508,0.0038,0.0004,0.0000,0.0000,0.0000,0.0001,0.0003,0.0000,0.0000,0.0001,0.0006,0.0025,0.0054,0.0060,0.0525,0.0062,1.0000,0.3273,0.9999,0.0702,0.0256,0.0018
0.0119,0.0071,0.0325,0.0125,0.0087,0.0074,0.0064,0.0010,0.0007,0.0000,0.0000,0.0003,0.0030,0.0001,0.0000,0.0004,0.0027,0.0022,0.0186,0.0075,0.0235,0.0708,0.0486,1.0000,0.0427,0.8872,0.0028,0.0141
0.0101,0.0256,0.0109,0.0326,0.0060,0.0240,0.0076,0.0036,0.0007,0.0001,0.0001,0.0000,0.0001,0.0001,0.0000,0.0000,0.0001,0.0022,0.0308,0.0514,1.0000,0.0819,1.0000,0.1710,0.0416,0.0034,0.0008,0.0006
0.0061,0.0059,0.0060,0.0063,0.0063,0.0014,0.0064,0.0013,0.0017,0.0004,0.0004,0.0000,0.0000,0.0000,0.0019,0.0009,0.0005,0.0018,0.0120,0.0108,0.1731,1.0000,0.0233,0.9998,0.0123,0.0916,0.0010,0.0012
0.0106,0.0094,0.0097,0.0060,0.0072,0.0008,0.0042,0.0080,0.0013,0.0011,0.0026,0.0001,0.0004,0.0000,0.0009,0.0038,0.0006,0.0048,0.7365,0.3035,1.0000,0.7076,0.0132,0.0147,0.0011,0.0020,0.0011,0.0033
0.0066,0.0057,0.0045,0.0060,0.0060,0.0014,0.0059,0.0040,0.0030,0.0030,0.0040,0.0006,0.0027,0.0001,0.0005,0.0006,0.0381,0.7320,0.0039,0.0139,0.0047,0.9997,0.0090,0.1856,0.0019,0.0035,0.0017,0.0025
0.0076,0.0058,0.0050,0.0066,0.0073,0.0028,0.0038,0.0042,0.0009,0.0015,0.0031,0.0025,0.0022,0.0022,0.0018,0.0048,0.7320,0.1465,0.7585,0.0033,0.0028,0.0545,0.0020,0.0144,0.0024,0.0022,0.0047,0.0094
0.0207,0.0156,0.0118,0.0205,0.0081,0.0059,0.0098,0.0068,0.0000,0.0030,0.0068,0.0054,0.0186,0.0308,0.0120,0.7365,0.0039,0.7585,0.0053,0.5719,0.0001,0.0003,0.0002,0.0007,0.0014,0.0011,0.0037,0.0185
0.0066,0.0075,0.0056,0.0084,0.0050,0.0026,0.0056,0.0050,0.0025,0.0031,0.0053,0.0060,0.0075,0.0514,0.0108,0.3035,0.0139,0.0033,0.5719,0.0819,0.0009,0.0002,0.0007,0.0024,0.0016,0.0053,0.0089,0.0147
0.0033,0.0056,0.0054,0.0065,0.0042,0.0024,0.0044,0.0034,0.0043,0.0018,0.0043,0.0525,0.0235,1.0000,0.1731,1.0000,0.0047,0.0028,0.0001,0.0009,0.0017,0.0003,0.0000,0.0000,0.0000,0.0003,0.0009,0.0027
0.0086,0.0035,0.0052,0.0046,0.0048,0.0008,0.0030,0.0019,0.0013,0.0009,0.0019,0.0062,0.0708,0.0819,1.0000,0.7076,0.9997,0.0545,0.0003,0.0002,0.0003,0.0004,0.0000,0.0000,0.0000,0.0009,0.0011,0.0083
0.0081,0.0180,0.0122,0.0563,0.0106,0.0376,0.0204,0.0067,0.0313,0.0833,0.0163,1.0000,0.0486,1.0000,0.0233,0.0132,0.0090,0.0020,0.0002,0.0007,0.0000,0.0000,0.0003,0.0001,0.0000,0.0000,0.0001,0.0006
0.0047,0.0029,0.0038,0.0044,0.0053,0.0023,0.0057,0.0040,0.0058,0.0080,0.0514,0.3273,1.0000,0.1710,0.9998,0.0147,0.1856,0.0144,0.0007,0.0024,0.0000,0.0000,0.0001,0.0002,0.0000,0.0001,0.0000,0.0021
0.0231,0.1112,0.0184,0.2906,0.0238,0.1755,0.2073,0.0570,0.5136,0.9998,0.3056,0.9999,0.0427,0.0416,0.0123,0.0011,0.0019,0.0024,0.0014,0.0016,0.0000,0.0000,0.0000,0.0000,0.0000,0.0002,0.0000,0.0000
0.0031,0.0036,0.0047,0.0065,0.0075,0.0042,0.0115,0.0128,0.1013,0.4427,0.9999,0.0702,0.8872,0.0034,0.0916,0.0020,0.0035,0.0022,0.0011,0.0053,0.0003,0.0009,0.0000,0.0001,0.0002,0.0041,0.0003,0.0002
0.0099,0.0368,0.0073,0.1138,0.0151,0.1439,0.4395,0.4392,0.8999,0.9998,0.0779,0.0256,0.0028,0.0008,0.0010,0.0011,0.0017,0.0047,0.0037,0.0089,0.0009,0.0011,0.0001,0.0000,0.0000,0.0003,0.0013,0.0001
0.0129,0.0091,0.0256,0.0071,0.0358,0.0211,0.0700,0.2780,0.8063,0.0397,0.3898,0.0018,0.0141,0.0006,0.0012,0.0033,0.0025,0.0094,0.0185,0.0147,0.0027,0.0083,0.0006,0.0021,0.0000,0.0002,0.0001,0.0052
