c1,c2,c3,c4,c5,c6,c7,c8,c9,c10,c11,c12,c13,c14,c15,c16,c17,c18,c19,c20,c21,c22,c23,c24,c25,c26,c27,c28
0.0002,0.0018,0.0019,0.0006,0.0224,0.0051,0.0219,0.0095,0.0100,0.0073,0.0054,0.0047,0.0103,0.0128,0.0065,0.0103,0.0104,0.0105,0.0225,0.0107,0.0046,0.0074,0.0148,0.0104,0.0261,0.0079,0.0161,0.0128
0.0018,0.0166,0.0208,0.0000,0.0025,0.0029,0.0041,0.0124,0.0084,0.0065,0.0052,0.0145,0.0138,0.0175,0.0057,0.0122,0.0078,0.0071,0.0142,0.0101,0.0057,0.0039,0.0246,0.0056,0.0520,0.0048,0.0264,0.0089
0.0019,0.0208,0.0245,0.0035,0.0003,0.0024,0.0068,0.0065,0.0134,0.0055,0.0069,0.0233,0.0105,0.0088,0.0098,0.0097,0.0060,0.0062,0.0087,0.0048,0.0052,0.0052,0.0102,0.0073,0.0250,0.0058,0.0095,0.0126
0.0006,0.0000,0.0035,0.0041,0.0107,0.0000,0.0019,0.0084,0.0210,0.0285,0.0192,0.1024,0.0185,0.0282,0.0065,0.0084,0.0074,0.0087,0.0176,0.0071,0.0081,0.0043,0.0272,0.0107,0.0856,0.0115,0.0560,0.0064
0.0224,0.0025,0.0003,0.0107,0.0292,0.0025,0.0003,0.0135,0.0075,0.0067,0.0204,0.0322,0.0081,0.0081,0.0100,0.0079,0.0069,0.0081,0.0062,0.0051,0.0039,0.0048,0.0084,0.0084,0.0273,0.0096,0.0115,0.0106
0.0051,0.0029,0.0024,0.0000,0.0025,0.0069,0.0067,0.0007,0.0434,0.0558,0.0121,0.8984,0.0107,0.0289,0.0054,0.0051,0.0031,0.0044,0.0063,0.0037,0.0067,0.0026,0.0157,0.0040,0.0367,0.0033,0.0297,0.0061
0.0219,0.0041,0.0068,0.0019,0.0003,0.0067,0.0074,0.0068,0.0023,0.0043,0.0046,0.0071,0.0134,0.0058,0.0066,0.0057,0.0064,0.0052,0.0092,0.0077,0.0050,0.0038,0.0143,0.0146,0.0539,0.0120,0.0597,0.0191
0.0095,0.0124,0.0065,0.0084,0.0135,0.0007,0.0068,0.0615,0.3118,0.0000,0.0019,0.0024,0.0014,0.0038,0.0040,0.0055,0.0088,0.0059,0.0071,0.0059,0.0042,0.0038,0.0070,0.0083,0.0268,0.0132,0.0747,0.0615
0.0100,0.0084,0.0134,0.0210,0.0075,0.0434,0.0023,0.3118,0.0007,0.0307,0.0007,0.0008,0.0019,0.0013,0.0030,0.0023,0.0046,0.0003,0.0004,0.0044,0.0043,0.0033,0.0149,0.0120,0.0868,0.0283,0.2175,0.0839
0.0073,0.0065,0.0055,0.0285,0.0067,0.0558,0.0043,0.0000,0.0307,0.0055,0.0051,0.0000,0.0001,0.0002,0.0009,0.0036,0.0066,0.0028,0.0082,0.0080,0.0073,0.0072,0.0782,0.0431,0.7663,0.1626,0.9487,0.0202
0.0054,0.0052,0.0069,0.0192,0.0204,0.0121,0.0046,0.0019,0.0007,0.0051,0.0048,0.0007,0.0000,0.0007,0.0034,0.0030,0.0074,0.0053,0.0128,0.0064,0.0063,0.0082,0.0153,0.0834,0.0406,0.6026,0.0298,0.0908
0.0047,0.0145,0.0233,0.1024,0.0322,0.8984,0.0071,0.0024,0.0008,0.0000,0.0007,0.0000,0.0012,0.0000,0.0000,0.0004,0.0006,0.0096,0.0188,0.0159,0.0687,0.0136,0.8618,0.2813,0.8750,0.1065,0.0642,0.0082
0.0103,0.0138,0.0105,0.0185,0.0081,0.0107,0.0134,0.0014,0.0019,0.0001,0.0000,0.0012,0.0052,0.0005,0.0000,0.0015,0.0045,0.0024,0.0152,0.0094,0.0171,0.0482,0.1523,0.9865,0.1127,0.0862,0.0054,0.0133
0.0128,0.0175,0.0088,0.0282,0.0081,0.0289,0.0058,0.0038,0.0013,0.0002,0.0007,0.0000,0.0005,0.0004,0.0001,0.0000,0.0004,0.0039,0.0281,0.0511,0.9957,0.2350,0.9668,0.1553,0.1239,0.0072,0.0033,0.0049
0.0065,0.0057,0.0098,0.0065,0.0100,0.0054,0.0066,0.0040,0.0030,0.0009,0.0034,0.0000,0.0000,0.0001,0.0024,0.0008,0.0001,0.0045,0.0085,0.0113,0.2954,0.9998,0.0799,0.6091,0.0230,0.0212,0.0022,0.0052
0.0103,0.0122,0.0097,0.0084,0.0079,0.0051,0.0057,0.0055,0.0023,0.0036,0.0030,0.0004,0.0015,0.0000,0.0008,0.0045,0.0005,0.0017,0.0478,0.0243,0.9458,0.2661,0.0655,0.0178,0.0086,0.0101,0.0037,0.0127
0.0104,0.0078,0.0060,0.0074,0.0069,0.0031,0.0064,0.0088,0.0046,0.0066,0.0074,0.0006,0.0045,0.0004,0.0001,0.0005,0.0101,0.1214,0.0010,0.0083,0.0206,0.7529,0.0398,0.1122,0.0067,0.0092,0.0036,0.0133
0.0105,0.0071,0.0062,0.0087,0.0081,0.0044,0.0052,0.0059,0.0003,0.0028,0.0053,0.0096,0.0024,0.0039,0.0045,0.0017,0.1214,0.0087,0.1446,0.0032,0.0023,0.0233,0.0087,0.0242,0.0181,0.0044,0.0092,0.0096
0.0225,0.0142,0.0087,0.0176,0.0062,0.0063,0.0092,0.0071,0.0004,0.0082,0.0128,0.0188,0.0152,0.0281,0.0085,0.0478,0.0010,0.1446,0.0166,0.0877,0.0001,0.0004,0.0013,0.0009,0.0110,0.0038,0.0099,0.0094
0.0107,0.0101,0.0048,0.0071,0.0051,0.0037,0.0077,0.0059,0.0044,0.0080,0.0064,0.0159,0.0094,0.0511,0.0113,0.0243,0.0083,0.0032,0.0877,0.0409,0.0030,0.0001,0.0010,0.0044,0.0072,0.0081,0.0071,0.0097
0.0046,0.0057,0.0052,0.0081,0.0039,0.0067,0.0050,0.0042,0.0043,0.0073,0.0063,0.0687,0.0171,0.9957,0.2954,0.9458,0.0206,0.0023,0.0001,0.0030,0.0068,0.0014,0.0000,0.0002,0.0005,0.0011,0.0037,0.0063
0.0074,0.0039,0.0052,0.0043,0.0048,0.0026,0.0038,0.0038,0.0033,0.0072,0.0082,0.0136,0.0482,0.2350,0.9998,0.2661,0.7529,0.0233,0.0004,0.0001,0.0014,0.0011,0.0002,0.0000,0.0001,0.0049,0.0010,0.0057
0.0148,0.0246,0.0102,0.0272,0.0084,0.0157,0.0143,0.0070,0.0149,0.0782,0.0153,0.8618,0.1523,0.9668,0.0799,0.0655,0.0398,0.0087,0.0013,0.0010,0.0000,0.0002,0.0024,0.0004,0.0000,0.0003,0.0004,0.0011
0.0104,0.0056,0.0073,0.0107,0.0084,0.0040,0.0146,0.0083,0.0120,0.0431,0.0834,0.2813,0.9865,0.1553,0.6091,0.0178,0.1122,0.0242,0.0009,0.0044,0.0002,0.0000,0.0004,0.0002,0.0000,0.0001,0.0001,0.0037
0.0261,0.0520,0.0250,0.0856,0.0273,0.0367,0.0539,0.0268,0.0868,0.7663,0.0406,0.8750,0.1127,0.1239,0.0230,0.0086,0.0067,0.0181,0.0110,0.0072,0.0005,0.0001,0.0000,0.0000,0.0003,0.0017,0.0000,0.0001
0.0079,0.0048,0.0058,0.0115,0.0096,0.0033,0.0120,0.0132,0.0283,0.1626,0.6026,0.1065,0.0862,0.0072,0.0212,0.0101,0.0092,0.0044,0.0038,0.0081,0.0011,0.0049,0.0003,0.0001,0.0017,0.0050,0.0013,0.0002
0.0161,0.0264,0.0095,0.0560,0.0115,0.0297,0.0597,0.0747,0.2175,0.9487,0.0298,0.0642,0.0054,0.0033,0.0022,0.0037,0.0036,0.0092,0.0099,0.0071,0.0037,0.0010,0.0004,0.0001,0.0000,0.0013,0.0130,0.0007
0.0128,0.0089,0.0126,0.0064,0.0106,0.0061,0.0191,0.0615,0.0839,0.0202,0.0908,0.0082,0.0133,0.0049,0.0052,0.0127,0.0133,0.0096,0.0094,0.0097,0.0063,0.0057,0.0011,0.0037,0.0001,0.0002,0.0007,0.0073
