c1,c2,c3,c4,c5,c6,c7,c8,c9,c10,c11,c12,c13,c14,c15,c16,c17,c18,c19,c20,c21,c22,c23,c24,c25,c26,c27,c28
0.0006,0.0063,0.0048,0.0035,0.0248,0.0195,0.0141,0.0142,0.0166,0.0102,0.0056,0.0073,0.0074,0.0014,0.0047,0.0059,0.0046,0.0076,0.0153,0.0066,0.0036,0.0086,0.0086,0.0077,0.0174,0.0040,0.0113,0.0106
0.0063,0.0235,0.0179,0.0001,0.0017,0.0057,0.0041,0.0122,0.0073,0.0102,0.0047,0.0145,0.0052,0.0047,0.0050,0.0065,0.0056,0.0079,0.0129,0.0081,0.0038,0.0061,0.0105,0.0111,0.0385,0.0051,0.0419,0.0123
0.0048,0.0179,0.0198,0.0018,0.0003,0.0033,0.0087,0.0049,0.0151,0.0088,0.0048,0.0166,0.0087,0.0037,0.0044,0.0069,0.0037,0.0056,0.0119,0.0050,0.0044,0.0063,0.0107,0.0073,0.0364,0.0072,0.0285,0.0264
0.0035,0.0001,0.0018,0.0012,0.0051,0.0000,0.0006,0.0079,0.0096,0.0551,0.0127,0.2673,0.0098,0.0195,0.0031,0.0021,0.0037,0.0065,0.0293,0.0077,0.0049,0.0035,0.0341,0.0055,0.5021,0.0176,0.1841,0.0095
0.0248,0.0017,0.0003,0.0051,0.0142,0.0105,0.0000,0.0030,0.0153,0.0119,0.0129,0.0403,0.0085,0.0070,0.0050,0.0052,0.0052,0.0065,0.0074,0.0053,0.0045,0.0053,0.0145,0.0085,0.0563,0.0153,0.0547,0.0305
0.0195,0.0057,0.0033,0.0000,0.0105,0.0036,0.0005,0.0012,0.0080,0.0113,0.0082,0.0863,0.0144,0.0065,0.0028,0.0022,0.0019,0.0047,0.0114,0.0044,0.0046,0.0014,0.0667,0.0066,0.1761,0.0125,0.2055,0.1308
0.0141,0.0041,0.0087,0.0006,0.0000,0.0005,0.0019,0.0185,0.0005,0.0224,0.0026,0.0125,0.0180,0.0044,0.0044,0.0019,0.0051,0.0050,0.0142,0.0057,0.0035,0.0009,0.0186,0.0095,0.2441,0.0529,0.8556,0.1497
0.0142,0.0122,0.0049,0.0079,0.0030,0.0012,0.0185,0.0262,0.1258,0.0000,0.0006,0.0006,0.0015,0.0031,0.0012,0.0045,0.0029,0.0039,0.0090,0.0053,0.0077,0.0025,0.0259,0.0073,0.1001,0.0499,0.3985,0.3874
0.0166,0.0073,0.0151,0.0096,0.0153,0.0080,0.0005,0.1258,0.0005,0.0055,0.0001,0.0001,0.0020,0.0008,0.0024,0.0016,0.0027,0.0007,0.0001,0.0029,0.0041,0.0017,0.0853,0.0083,0.5411,0.2859,0.8167,0.8510
0.0102,0.0102,0.0088,0.0551,0.0119,0.0113,0.0224,0.0000,0.0055,0.0032,0.0012,0.0000,0.0000,0.0001,0.0008,0.0016,0.0045,0.0024,0.0061,0.0043,0.0045,0.0015,0.1714,0.0130,0.9732,0.6890,0.9969,0.0767
0.0056,0.0047,0.0048,0.0127,0.0129,0.0082,0.0026,0.0006,0.0001,0.0012,0.0015,0.0004,0.0000,0.0003,0.0006,0.0050,0.0045,0.0036,0.0107,0.0055,0.0085,0.0021,0.1074,0.0546,0.6590,0.9991,0.0381,0.0576
0.0073,0.0145,0.0166,0.2673,0.0403,0.0863,0.0125,0.0006,0.0001,0.0000,0.0004,0.0005,0.0017,0.0000,0.0000,0.0002,0.0012,0.0060,0.0093,0.0102,0.0282,0.0078,0.9994,0.1442,0.9995,0.0336,0.0658,0.0037
0.0074,0.0052,0.0087,0.0098,0.0085,0.0144,0.0180,0.0015,0.0020,0.0000,0.0000,0.0017,0.0055,0.0012,0.0000,0.0004,0.0021,0.0034,0.0228,0.0055,0.0121,0.0431,0.0486,0.9999,0.0842,0.2264,0.0071,0.0125
0.0014,0.0047,0.0037,0.0195,0.0070,0.0065,0.0044,0.0031,0.0008,0.0001,0.0003,0.0000,0.0012,0.0010,0.0002,0.0003,0.0002,0.0037,0.0275,0.0317,1.0000,0.1098,0.9978,0.0239,0.0956,0.0017,0.0017,0.0014
0.0047,0.0050,0.0044,0.0031,0.0050,0.0028,0.0044,0.0012,0.0024,0.0008,0.0006,0.0000,0.0000,0.0002,0.0026,0.0015,0.0002,0.0011,0.0171,0.0110,0.0371,1.0000,0.0155,0.9995,0.0414,0.0091,0.0012,0.0014
0.0059,0.0065,0.0069,0.0021,0.0052,0.0022,0.0019,0.0045,0.0016,0.0016,0.0050,0.0002,0.0004,0.0003,0.0015,0.0894,0.0011,0.0023,0.7686,0.0679,0.9992,0.5668,0.0105,0.0082,0.0016,0.0020,0.0008,0.0027
0.0046,0.0056,0.0037,0.0037,0.0052,0.0019,0.0051,0.0029,0.0027,0.0045,0.0045,0.0012,0.0021,0.0002,0.0002,0.0011,0.0602,0.6049,0.0020,0.0108,0.0030,0.9996,0.0083,0.1946,0.0039,0.0060,0.0018,0.0025
0.0076,0.0079,0.0056,0.0065,0.0065,0.0047,0.0050,0.0039,0.0007,0.0024,0.0036,0.0060,0.0034,0.0037,0.0011,0.0023,0.6049,0.1117,0.5876,0.0025,0.0027,0.0288,0.0026,0.0197,0.0031,0.0023,0.0037,0.0084
0.0153,0.0129,0.0119,0.0293,0.0074,0.0114,0.0142,0.0090,0.0001,0.0061,0.0107,0.0093,0.0228,0.0275,0.0171,0.7686,0.0020,0.5876,0.0011,0.5339,0.0001,0.0001,0.0005,0.0010,0.0022,0.0010,0.0024,0.0050
0.0066,0.0081,0.0050,0.0077,0.0053,0.0044,0.0057,0.0053,0.0029,0.0043,0.0055,0.0102,0.0055,0.0317,0.0110,0.0679,0.0108,0.0025,0.5339,0.0707,0.0042,0.0001,0.0007,0.0026,0.0011,0.0146,0.0148,0.0194
0.0036,0.0038,0.0044,0.0049,0.0045,0.0046,0.0035,0.0077,0.0041,0.0045,0.0085,0.0282,0.0121,1.0000,0.0371,0.9992,0.0030,0.0027,0.0001,0.0042,0.0091,0.0001,0.0000,0.0000,0.0000,0.0003,0.0012,0.0065
0.0086,0.0061,0.0063,0.0035,0.0053,0.0014,0.0009,0.0025,0.0017,0.0015,0.0021,0.0078,0.0431,0.1098,1.0000,0.5668,0.9996,0.0288,0.0001,0.0001,0.0001,0.0002,0.0001,0.0001,0.0000,0.0023,0.0016,0.0026
0.0086,0.0105,0.0107,0.0341,0.0145,0.0667,0.0186,0.0259,0.0853,0.1714,0.1074,0.9994,0.0486,0.9978,0.0155,0.0105,0.0083,0.0026,0.0005,0.0007,0.0000,0.0001,0.0002,0.0001,0.0000,0.0001,0.0003,0.0026
0.0077,0.0111,0.0073,0.0055,0.0085,0.0066,0.0095,0.0073,0.0083,0.0130,0.0546,0.1442,0.9999,0.0239,0.9995,0.0082,0.1946,0.0197,0.0010,0.0026,0.0000,0.0001,0.0001,0.0002,0.0000,0.0001,0.0000,0.0006
0.0174,0.0385,0.0364,0.5021,0.0563,0.1761,0.2441,0.1001,0.5411,0.9732,0.6590,0.9995,0.0842,0.0956,0.0414,0.0016,0.0039,0.0031,0.0022,0.0011,0.0000,0.0000,0.0000,0.0000,0.0001,0.0001,0.0000,0.0000
0.0040,0.0051,0.0072,0.0176,0.0153,0.0125,0.0529,0.0499,0.2859,0.6890,0.9991,0.0336,0.2264,0.0017,0.0091,0.0020,0.0060,0.0023,0.0010,0.0146,0.0003,0.0023,0.0001,0.0001,0.0001,0.0010,0.0001,0.0001
0.0113,0.0419,0.0285,0.1841,0.0547,0.2055,0.8556,0.3985,0.8167,0.9969,0.0381,0.0658,0.0071,0.0017,0.0012,0.0008,0.0018,0.0037,0.0024,0.0148,0.0012,0.0016,0.0003,0.0000,0.0000,0.0001,0.0002,0.0000
0.0106,0.0123,0.0264,0.0095,0.0305,0.1308,0.1497,0.3874,0.8510,0.0767,0.0576,0.0037,0.0125,0.0014,0.0014,0.0027,0.0025,0.0084,0.0050,0.0194,0.0065,0.0026,0.0026,0.0006,0.0000,0.0001,0.0000,0.0026
