c1,c2,c3,c4,c5,c6,c7,c8,c9,c10,c11,c12,c13,c14,c15,c16,c17,c18,c19,c20,c21,c22,c23,c24,c25,c26,c27,c28
0.0043,0.0051,0.0005,0.0046,0.0205,0.0085,0.0127,0.0082,0.0165,0.0074,0.0077,0.0106,0.0078,0.0079,0.0072,0.0067,0.0104,0.0079,0.0112,0.0101,0.0056,0.0106,0.0089,0.0052,0.0064,0.0065,0.0067,0.0036
0.0051,0.0125,0.0120,0.0000,0.0062,0.0048,0.0041,0.0075,0.0108,0.0058,0.0081,0.0193,0.0133,0.0201,0.0125,0.0113,0.0135,0.0115,0.0151,0.0131,0.0090,0.0093,0.0115,0.0073,0.0073,0.0053,0.0067,0.0035
0.0005,0.0120,0.0195,0.0055,0.0000,0.0086,0.0103,0.0053,0.0137,0.0076,0.0091,0.0554,0.0147,0.0136,0.0130,0.0103,0.0129,0.0123,0.0151,0.0090,0.0070,0.0089,0.0076,0.0089,0.0060,0.0053,0.0076,0.0043
0.0046,0.0000,0.0055,0.0086,0.0050,0.0000,0.0014,0.0043,0.0100,0.0259,0.0254,0.2173,0.0154,0.0550,0.0225,0.0131,0.0083,0.0097,0.0191,0.0140,0.0149,0.0123,0.0084,0.0067,0.0156,0.0084,0.0090,0.0032
0.0205,0.0062,0.0000,0.0050,0.0247,0.0115,0.0000,0.0040,0.0225,0.0049,0.0185,0.0385,0.0237,0.0176,0.0155,0.0085,0.0156,0.0126,0.0079,0.0085,0.0069,0.0139,0.0141,0.0090,0.0082,0.0073,0.0071,0.0053
0.0085,0.0048,0.0086,0.0000,0.0115,0.0386,0.0018,0.0001,0.0025,0.0059,0.0074,0.0338,0.0148,0.0165,0.0299,0.0118,0.0115,0.0167,0.0142,0.0060,0.0076,0.0109,0.0080,0.0081,0.0086,0.0106,0.0333,0.0174
0.0127,0.0041,0.0103,0.0014,0.0000,0.0018,0.0030,0.0061,0.0001,0.0021,0.0199,0.0579,0.0472,0.0326,0.1081,0.0360,0.0200,0.0158,0.0166,0.0174,0.0105,0.0051,0.0091,0.0092,0.0048,0.0064,0.0105,0.0035
0.0082,0.0075,0.0053,0.0043,0.0040,0.0001,0.0061,0.0088,0.0784,0.0002,0.0047,0.0028,0.0049,0.0241,0.0079,0.0208,0.0742,0.0081,0.0163,0.0083,0.0093,0.0053,0.0140,0.0211,0.0117,0.0068,0.0092,0.0079
0.0165,0.0108,0.0137,0.0100,0.0225,0.0025,0.0001,0.0784,0.0006,0.0130,0.0005,0.0049,0.0273,0.0078,0.0302,0.0203,0.0269,0.0007,0.0136,0.0114,0.0078,0.0081,0.0075,0.0071,0.0079,0.0062,0.0064,0.0069
0.0074,0.0058,0.0076,0.0259,0.0049,0.0059,0.0021,0.0002,0.0130,0.0187,0.0132,0.0000,0.0018,0.0139,0.0202,0.0223,0.0219,0.0045,0.0600,0.0100,0.0096,0.0082,0.0100,0.0156,0.0150,0.0086,0.0176,0.0063
0.0077,0.0081,0.0091,0.0254,0.0185,0.0074,0.0199,0.0047,0.0005,0.0132,0.0236,0.0023,0.0000,0.0047,0.0115,0.0078,0.0367,0.0078,0.0216,0.0225,0.0053,0.0071,0.0102,0.0091,0.0074,0.0070,0.0060,0.0050
0.0106,0.0193,0.0554,0.2173,0.0385,0.0338,0.0579,0.0028,0.0049,0.0000,0.0023,0.0012,0.0040,0.0000,0.0016,0.0123,0.0036,0.0103,0.0214,0.0176,0.0260,0.0094,0.0072,0.0135,0.0083,0.0074,0.0112,0.0047
0.0078,0.0133,0.0147,0.0154,0.0237,0.0148,0.0472,0.0049,0.0273,0.0018,0.0000,0.0040,0.0645,0.0036,0.0000,0.0025,0.0183,0.0051,0.0161,0.0166,0.0058,0.0139,0.0157,0.0113,0.0129,0.0108,0.0064,0.0122
0.0079,0.0201,0.0136,0.0550,0.0176,0.0165,0.0326,0.0241,0.0078,0.0139,0.0047,0.0000,0.0036,0.0079,0.0034,0.0000,0.0018,0.0129,0.0087,0.0213,0.0255,0.0232,0.0090,0.0073,0.0092,0.0079,0.0070,0.0033
0.0072,0.0125,0.0130,0.0225,0.0155,0.0299,0.1081,0.0079,0.0302,0.0202,0.0115,0.0016,0.0000,0.0034,0.0234,0.0034,0.0000,0.0047,0.0188,0.0055,0.0122,0.0226,0.0180,0.0083,0.0083,0.0063,0.0048,0.0069
0.0067,0.0113,0.0103,0.0131,0.0085,0.0118,0.0360,0.0208,0.0203,0.0223,0.0078,0.0123,0.0025,0.0000,0.0034,0.0028,0.0007,0.0004,0.0013,0.0124,0.0156,0.0587,0.0203,0.0217,0.0118,0.0156,0.0108,0.0069
0.0104,0.0135,0.0129,0.0083,0.0156,0.0115,0.0200,0.0742,0.0269,0.0219,0.0367,0.0036,0.0183,0.0018,0.0000,0.0007,0.0036,0.0286,0.0000,0.0031,0.0149,0.0140,0.0652,0.0245,0.0171,0.0073,0.0077,0.0089
0.0079,0.0115,0.0123,0.0097,0.0126,0.0167,0.0158,0.0081,0.0007,0.0045,0.0078,0.0103,0.0051,0.0129,0.0047,0.0004,0.0286,0.0025,0.0076,0.0002,0.0132,0.0085,0.0069,0.0238,0.0179,0.0066,0.0240,0.0191
0.0112,0.0151,0.0151,0.0191,0.0079,0.0142,0.0166,0.0163,0.0136,0.0600,0.0216,0.0214,0.0161,0.0087,0.0188,0.0013,0.0000,0.0076,0.0020,0.0025,0.0001,0.0035,0.0094,0.0060,0.0553,0.0194,0.0134,0.0108
0.0101,0.0131,0.0090,0.0140,0.0085,0.0060,0.0174,0.0083,0.0114,0.0100,0.0225,0.0176,0.0166,0.0213,0.0055,0.0124,0.0031,0.0002,0.0025,0.0363,0.0035,0.0001,0.0045,0.0068,0.0082,0.0178,0.0066,0.0103
0.0056,0.0090,0.0070,0.0149,0.0069,0.0076,0.0105,0.0093,0.0078,0.0096,0.0053,0.0260,0.0058,0.0255,0.0122,0.0156,0.0149,0.0132,0.0001,0.0035,0.0148,0.0048,0.0000,0.0087,0.0222,0.0093,0.0137,0.0257
0.0106,0.0093,0.0089,0.0123,0.0139,0.0109,0.0051,0.0053,0.0081,0.0082,0.0071,0.0094,0.0139,0.0232,0.0226,0.0587,0.0140,0.0085,0.0035,0.0001,0.0048,0.0076,0.0014,0.0002,0.0090,0.0101,0.0095,0.0243
0.0089,0.0115,0.0076,0.0084,0.0141,0.0080,0.0091,0.0140,0.0075,0.0100,0.0102,0.0072,0.0157,0.0090,0.0180,0.0203,0.0652,0.0069,0.0094,0.0045,0.0000,0.0014,0.0119,0.0043,0.0001,0.0370,0.0078,0.0206
0.0052,0.0073,0.0089,0.0067,0.0090,0.0081,0.0092,0.0211,0.0071,0.0156,0.0091,0.0135,0.0113,0.0073,0.0083,0.0217,0.0245,0.0238,0.0060,0.0068,0.0087,0.0002,0.0043,0.0165,0.0083,0.0001,0.0027,0.0239
0.0064,0.0073,0.0060,0.0156,0.0082,0.0086,0.0048,0.0117,0.0079,0.0150,0.0074,0.0083,0.0129,0.0092,0.0083,0.0118,0.0171,0.0179,0.0553,0.0082,0.0222,0.0090,0.0001,0.0083,0.0085,0.0059,0.0000,0.0133
0.0065,0.0053,0.0053,0.0084,0.0073,0.0106,0.0064,0.0068,0.0062,0.0086,0.0070,0.0074,0.0108,0.0079,0.0063,0.0156,0.0073,0.0066,0.0194,0.0178,0.0093,0.0101,0.0370,0.0001,0.0059,0.0588,0.0117,0.0003
0.0067,0.0067,0.0076,0.0090,0.0071,0.0333,0.0105,0.0092,0.0064,0.0176,0.0060,0.0112,0.0064,0.0070,0.0048,0.0108,0.0077,0.0240,0.0134,0.0066,0.0137,0.0095,0.0078,0.0027,0.0000,0.0117,0.0154,0.0015
0.0036,0.0035,0.0043,0.0032,0.0053,0.0174,0.0035,0.0079,0.0069,0.0063,0.0050,0.0047,0.0122,0.0033,0.0069,0.0069,0.0089,0.0191,0.0108,0.0103,0.0257,0.0243,0.0206,0.0239,0.0133,0.0003,0.0015,0.0220
