c1,c2,c3,c4,c5,c6,c7,c8,c9,c10,c11,c12,c13,c14,c15,c16,c17,c18,c19,c20,c21,c22,c23,c24,c25,c26,c27,c28
0.0000,0.0055,0.0034,0.0121,0.0351,0.0069,0.0283,0.0119,0.0118,0.0082,0.0094,0.0097,0.0161,0.0129,0.0100,0.0092,0.0102,0.0075,0.0215,0.0040,0.0042,0.0062,0.0048,0.0052,0.0055,0.0045,0.0053,0.0084
0.0055,0.0198,0.0208,0.0000,0.0032,0.0026,0.0051,0.0136,0.0058,0.0077,0.0116,0.0154,0.0334,0.0253,0.0201,0.0141,0.0105,0.0067,0.0141,0.0056,0.0046,0.0042,0.0093,0.0045,0.0080,0.0051,0.0065,0.0071
0.0034,0.0208,0.0423,0.0081,0.0008,0.0038,0.0095,0.0061,0.0116,0.0045,0.0088,0.0181,0.0108,0.0279,0.0067,0.0158,0.0055,0.0058,0.0181,0.0037,0.0036,0.0036,0.0063,0.0042,0.0050,0.0038,0.0059,0.0080
0.0121,0.0000,0.0081,0.0021,0.0572,0.0001,0.0130,0.0119,0.0276,0.0042,0.0320,0.2156,0.0499,0.0462,0.0074,0.0091,0.0057,0.0063,0.0141,0.0038,0.0043,0.0015,0.0096,0.0053,0.0117,0.0058,0.0049,0.0029
0.0351,0.0032,0.0008,0.0572,0.0257,0.0030,0.0005,0.0095,0.0219,0.0115,0.0157,0.0693,0.0053,0.0050,0.0074,0.0123,0.0057,0.0050,0.0082,0.0034,0.0027,0.0032,0.0066,0.0059,0.0065,0.0060,0.0076,0.0065
0.0069,0.0026,0.0038,0.0001,0.0030,0.0074,0.0036,0.0012,0.0516,0.0176,0.1228,0.7232,0.0269,0.0270,0.0060,0.0042,0.0027,0.0028,0.0048,0.0029,0.0043,0.0021,0.0126,0.0062,0.0082,0.0071,0.0063,0.0063
0.0283,0.0051,0.0095,0.0130,0.0005,0.0036,0.0062,0.0179,0.0013,0.0436,0.0034,0.0181,0.0201,0.0084,0.0051,0.0036,0.0041,0.0033,0.0067,0.0036,0.0038,0.0024,0.0095,0.0078,0.0158,0.0126,0.0200,0.0200
0.0119,0.0136,0.0061,0.0119,0.0095,0.0012,0.0179,0.0362,0.2291,0.0001,0.0012,0.0019,0.0022,0.0061,0.0043,0.0076,0.0053,0.0057,0.0082,0.0040,0.0040,0.0024,0.0047,0.0061,0.0105,0.0177,0.1416,0.0371
0.0118,0.0058,0.0116,0.0276,0.0219,0.0516,0.0013,0.2291,0.0005,0.0200,0.0001,0.0002,0.0008,0.0009,0.0031,0.0034,0.0046,0.0005,0.0002,0.0022,0.0044,0.0026,0.0102,0.0149,0.0525,0.1075,0.6908,0.6961
0.0082,0.0077,0.0045,0.0042,0.0115,0.0176,0.0436,0.0001,0.0200,0.0001,0.0015,0.0000,0.0001,0.0002,0.0004,0.0034,0.0046,0.0027,0.0071,0.0036,0.0050,0.0015,0.0285,0.1169,0.9645,0.9725,0.9839,0.0804
0.0094,0.0116,0.0088,0.0320,0.0157,0.1228,0.0034,0.0012,0.0001,0.0015,0.0016,0.0003,0.0000,0.0002,0.0003,0.0065,0.0033,0.0029,0.0081,0.0036,0.0036,0.0021,0.0162,0.0510,0.8565,0.9722,0.5037,0.0414
0.0097,0.0154,0.0181,0.2156,0.0693,0.7232,0.0181,0.0019,0.0002,0.0000,0.0003,0.0001,0.0005,0.0000,0.0000,0.0004,0.0007,0.0039,0.0058,0.0071,0.0128,0.0134,0.9268,0.7377,0.9851,0.1845,0.0806,0.0132
0.0161,0.0334,0.0108,0.0499,0.0053,0.0269,0.0201,0.0022,0.0008,0.0001,0.0000,0.0005,0.0018,0.0009,0.0000,0.0003,0.0009,0.0034,0.0141,0.0077,0.0085,0.0362,0.1731,0.9996,0.3268,0.1114,0.0246,0.0107
0.0129,0.0253,0.0279,0.0462,0.0050,0.0270,0.0084,0.0061,0.0009,0.0002,0.0002,0.0000,0.0009,0.0009,0.0001,0.0000,0.0001,0.0034,0.0136,0.0367,0.9998,0.1246,0.9639,0.0609,0.0301,0.0123,0.0025,0.0022
0.0100,0.0201,0.0067,0.0074,0.0074,0.0060,0.0051,0.0043,0.0031,0.0004,0.0003,0.0000,0.0000,0.0001,0.0002,0.0024,0.0000,0.0009,0.0046,0.0288,0.2078,1.0000,0.4373,0.9417,0.1411,0.0157,0.0033,0.0011
0.0092,0.0141,0.0158,0.0091,0.0123,0.0042,0.0036,0.0076,0.0034,0.0034,0.0065,0.0004,0.0003,0.0000,0.0024,0.0158,0.0011,0.0008,0.4102,0.0241,0.9868,0.3180,0.0329,0.0048,0.0030,0.0022,0.0013,0.0026
0.0102,0.0105,0.0055,0.0057,0.0057,0.0027,0.0041,0.0053,0.0046,0.0046,0.0033,0.0007,0.0009,0.0001,0.0000,0.0011,0.0073,0.5340,0.0043,0.0402,0.0082,0.9971,0.0968,0.0399,0.0127,0.0053,0.0035,0.0041
0.0075,0.0067,0.0058,0.0063,0.0050,0.0028,0.0033,0.0057,0.0005,0.0027,0.0029,0.0039,0.0034,0.0034,0.0009,0.0008,0.5340,0.0511,0.4337,0.0051,0.0076,0.0852,0.0059,0.0136,0.0111,0.0030,0.0038,0.0077
0.0215,0.0141,0.0181,0.0141,0.0082,0.0048,0.0067,0.0082,0.0002,0.0071,0.0081,0.0058,0.0141,0.0136,0.0046,0.4102,0.0043,0.4337,0.0313,0.3401,0.0003,0.0001,0.0003,0.0005,0.0030,0.0026,0.0025,0.0157
0.0040,0.0056,0.0037,0.0038,0.0034,0.0029,0.0036,0.0040,0.0022,0.0036,0.0036,0.0071,0.0077,0.0367,0.0288,0.0241,0.0402,0.0051,0.3401,0.0474,0.0165,0.0003,0.0013,0.0030,0.0024,0.0072,0.0119,0.0197
0.0042,0.0046,0.0036,0.0043,0.0027,0.0043,0.0038,0.0040,0.0044,0.0050,0.0036,0.0128,0.0085,0.9998,0.2078,0.9868,0.0082,0.0076,0.0003,0.0165,0.0037,0.0005,0.0000,0.0001,0.0004,0.0011,0.0036,0.0088
0.0062,0.0042,0.0036,0.0015,0.0032,0.0021,0.0024,0.0024,0.0026,0.0015,0.0021,0.0134,0.0362,0.1246,1.0000,0.3180,0.9971,0.0852,0.0001,0.0003,0.0005,0.0003,0.0003,0.0000,0.0001,0.0005,0.0015,0.0064
0.0048,0.0093,0.0063,0.0096,0.0066,0.0126,0.0095,0.0047,0.0102,0.0285,0.0162,0.9268,0.1731,0.9639,0.4373,0.0329,0.0968,0.0059,0.0003,0.0013,0.0000,0.0003,0.0014,0.0004,0.0000,0.0002,0.0005,0.0035
0.0052,0.0045,0.0042,0.0053,0.0059,0.0062,0.0078,0.0061,0.0149,0.1169,0.0510,0.7377,0.9996,0.0609,0.9417,0.0048,0.0399,0.0136,0.0005,0.0030,0.0001,0.0000,0.0004,0.0012,0.0001,0.0000,0.0001,0.0020
0.0055,0.0080,0.0050,0.0117,0.0065,0.0082,0.0158,0.0105,0.0525,0.9645,0.8565,0.9851,0.3268,0.0301,0.1411,0.0030,0.0127,0.0111,0.0030,0.0024,0.0004,0.0001,0.0000,0.0001,0.0004,0.0003,0.0000,0.0002
0.0045,0.0051,0.0038,0.0058,0.0060,0.0071,0.0126,0.0177,0.1075,0.9725,0.9722,0.1845,0.1114,0.0123,0.0157,0.0022,0.0053,0.0030,0.0026,0.0072,0.0011,0.0005,0.0002,0.0000,0.0003,0.0026,0.0014,0.0002
0.0053,0.0065,0.0059,0.0049,0.0076,0.0063,0.0200,0.1416,0.6908,0.9839,0.5037,0.0806,0.0246,0.0025,0.0033,0.0013,0.0035,0.0038,0.0025,0.0119,0.0036,0.0015,0.0005,0.0001,0.0000,0.0014,0.0035,0.0011
0.0084,0.0071,0.0080,0.0029,0.0065,0.0063,0.0200,0.0371,0.6961,0.0804,0.0414,0.0132,0.0107,0.0022,0.0011,0.0026,0.0041,0.0077,0.0157,0.0197,0.0088,0.0064,0.0035,0.0020,0.0002,0.0002,0.0011,0.0116
