c1,c2,c3,c4,c5,c6,c7,c8,c9,c10,c11,c12,c13,c14,c15,c16,c17,c18,c19,c20,c21,c22,c23,c24,c25,c26,c27,c28
0.0011,0.0064,0.0046,0.0088,0.0410,0.0038,0.0192,0.0125,0.0132,0.0050,0.0066,0.0050,0.0084,0.0035,0.0009,0.0051,0.0055,0.0074,0.0181,0.0077,0.0040,0.0076,0.0090,0.0080,0.0190,0.0076,0.0075,0.0161
0.0064,0.0147,0.0210,0.0001,0.0027,0.0017,0.0025,0.0097,0.0072,0.0077,0.0043,0.0199,0.0087,0.0136,0.0028,0.0097,0.0066,0.0073,0.0166,0.0109,0.0072,0.0043,0.0112,0.0054,0.0464,0.0091,0.0175,0.0147
0.0046,0.0210,0.0495,0.0089,0.0003,0.0018,0.0044,0.0079,0.0115,0.0056,0.0151,0.0188,0.0099,0.0046,0.0024,0.0104,0.0049,0.0069,0.0180,0.0051,0.0041,0.0039,0.0160,0.0052,0.0108,0.0066,0.0073,0.0227
0.0088,0.0001,0.0089,0.0051,0.0328,0.0000,0.0013,0.0048,0.0084,0.0112,0.0093,0.0439,0.0130,0.0231,0.0027,0.0086,0.0064,0.0125,0.0246,0.0083,0.0040,0.0014,0.0167,0.0071,0.1902,0.0120,0.1067,0.0082
0.0410,0.0027,0.0003,0.0328,0.0445,0.0026,0.0004,0.0066,0.0060,0.0063,0.0166,0.0149,0.0048,0.0031,0.0025,0.0096,0.0058,0.0073,0.0100,0.0042,0.0040,0.0045,0.0133,0.0110,0.0211,0.0136,0.0289,0.0204
0.0038,0.0017,0.0018,0.0000,0.0026,0.0003,0.0037,0.0047,0.0417,0.1648,0.0381,0.8457,0.0225,0.0355,0.0012,0.0025,0.0014,0.0042,0.0099,0.0037,0.0055,0.0008,0.0274,0.0094,0.0561,0.0116,0.0531,0.0133
0.0192,0.0025,0.0044,0.0013,0.0004,0.0037,0.0032,0.0080,0.0013,0.0137,0.0015,0.0085,0.0099,0.0056,0.0036,0.0054,0.0061,0.0049,0.0122,0.0068,0.0055,0.0042,0.0283,0.0158,0.0948,0.0230,0.1266,0.0344
0.0125,0.0097,0.0079,0.0048,0.0066,0.0047,0.0080,0.1065,0.4827,0.0000,0.0014,0.0012,0.0015,0.0035,0.0009,0.0067,0.0044,0.0048,0.0090,0.0049,0.0049,0.0018,0.0095,0.0122,0.0245,0.0255,0.1448,0.0725
0.0132,0.0072,0.0115,0.0084,0.0060,0.0417,0.0013,0.4827,0.0019,0.0166,0.0002,0.0001,0.0009,0.0007,0.0008,0.0022,0.0032,0.0010,0.0001,0.0031,0.0059,0.0022,0.0590,0.0220,0.2015,0.1654,0.2704,0.4228
0.0050,0.0077,0.0056,0.0112,0.0063,0.1648,0.0137,0.0000,0.0166,0.0005,0.0010,0.0000,0.0000,0.0002,0.0005,0.0040,0.0045,0.0027,0.0076,0.0045,0.0065,0.0015,0.2507,0.1271,0.9919,0.7802,0.9750,0.0493
0.0066,0.0043,0.0151,0.0093,0.0166,0.0381,0.0015,0.0014,0.0002,0.0010,0.0032,0.0001,0.0000,0.0004,0.0009,0.0043,0.0044,0.0037,0.0093,0.0040,0.0044,0.0022,0.0460,0.1260,0.2291,0.9935,0.1069,0.1006
0.0050,0.0199,0.0188,0.0439,0.0149,0.8457,0.0085,0.0012,0.0001,0.0000,0.0001,0.0000,0.0003,0.0000,0.0000,0.0002,0.0004,0.0082,0.0233,0.0109,0.1586,0.0041,0.9999,0.7172,0.9997,0.1614,0.0351,0.0026
0.0084,0.0087,0.0099,0.0130,0.0048,0.0225,0.0099,0.0015,0.0009,0.0000,0.0000,0.0003,0.0070,0.0010,0.0000,0.0006,0.0020,0.0033,0.0193,0.0086,0.0111,0.0699,0.1332,0.9998,0.1306,0.2892,0.0070,0.0095
0.0035,0.0136,0.0046,0.0231,0.0031,0.0355,0.0056,0.0035,0.0007,0.0002,0.0004,0.0000,0.0010,0.0008,0.0002,0.0001,0.0001,0.0027,0.0467,0.0440,1.0000,0.1412,0.9945,0.0190,0.0156,0.0038,0.0019,0.0014
0.0009,0.0028,0.0024,0.0027,0.0025,0.0012,0.0036,0.0009,0.0008,0.0005,0.0009,0.0000,0.0000,0.0002,0.0004,0.0044,0.0002,0.0037,0.0160,0.0299,0.2599,1.0000,0.0964,0.9932,0.0130,0.0118,0.0014,0.0010
0.0051,0.0097,0.0104,0.0086,0.0096,0.0025,0.0054,0.0067,0.0022,0.0040,0.0043,0.0002,0.0006,0.0001,0.0044,0.0857,0.0013,0.0010,0.6493,0.0199,0.9934,0.2131,0.0089,0.0033,0.0012,0.0021,0.0023,0.0029
0.0055,0.0066,0.0049,0.0064,0.0058,0.0014,0.0061,0.0044,0.0032,0.0045,0.0044,0.0004,0.0020,0.0001,0.0002,0.0013,0.0199,0.5227,0.0014,0.0302,0.0063,0.9998,0.0109,0.0404,0.0026,0.0045,0.0041,0.0036
0.0074,0.0073,0.0069,0.0125,0.0073,0.0042,0.0049,0.0048,0.0010,0.0027,0.0037,0.0082,0.0033,0.0027,0.0037,0.0010,0.5227,0.1384,0.4957,0.0024,0.0014,0.0199,0.0034,0.0105,0.0027,0.0027,0.0036,0.0077
0.0181,0.0166,0.0180,0.0246,0.0100,0.0099,0.0122,0.0090,0.0001,0.0076,0.0093,0.0233,0.0193,0.0467,0.0160,0.6493,0.0014,0.4957,0.0034,0.2917,0.0001,0.0000,0.0002,0.0004,0.0016,0.0021,0.0028,0.0138
0.0077,0.0109,0.0051,0.0083,0.0042,0.0037,0.0068,0.0049,0.0031,0.0045,0.0040,0.0109,0.0086,0.0440,0.0299,0.0199,0.0302,0.0024,0.2917,0.0615,0.0019,0.0001,0.0006,0.0029,0.0020,0.0070,0.0151,0.0283
0.0040,0.0072,0.0041,0.0040,0.0040,0.0055,0.0055,0.0049,0.0059,0.0065,0.0044,0.1586,0.0111,1.0000,0.2599,0.9934,0.0063,0.0014,0.0001,0.0019,0.0043,0.0002,0.0000,0.0000,0.0002,0.0006,0.0022,0.0055
0.0076,0.0043,0.0039,0.0014,0.0045,0.0008,0.0042,0.0018,0.0022,0.0015,0.0022,0.0041,0.0699,0.1412,1.0000,0.2131,0.9998,0.0199,0.0000,0.0001,0.0002,0.0001,0.0001,0.0000,0.0001,0.0013,0.0021,0.0039
0.0090,0.0112,0.0160,0.0167,0.0133,0.0274,0.0283,0.0095,0.0590,0.2507,0.0460,0.9999,0.1332,0.9945,0.0964,0.0089,0.0109,0.0034,0.0002,0.0006,0.0000,0.0001,0.0001,0.0001,0.0000,0.0000,0.0004,0.0027
0.0080,0.0054,0.0052,0.0071,0.0110,0.0094,0.0158,0.0122,0.0220,0.1271,0.1260,0.7172,0.9998,0.0190,0.9932,0.0033,0.0404,0.0105,0.0004,0.0029,0.0000,0.0000,0.0001,0.0008,0.0000,0.0000,0.0001,0.0021
0.0190,0.0464,0.0108,0.1902,0.0211,0.0561,0.0948,0.0245,0.2015,0.9919,0.2291,0.9997,0.1306,0.0156,0.0130,0.0012,0.0026,0.0027,0.0016,0.0020,0.0002,0.0001,0.0000,0.0000,0.0002,0.0002,0.0000,0.0003
0.0076,0.0091,0.0066,0.0120,0.0136,0.0116,0.0230,0.0255,0.1654,0.7802,0.9935,0.1614,0.2892,0.0038,0.0118,0.0021,0.0045,0.0027,0.0021,0.0070,0.0006,0.0013,0.0000,0.0000,0.0002,0.0028,0.0005,0.0001
0.0075,0.0175,0.0073,0.1067,0.0289,0.0531,0.1266,0.1448,0.2704,0.9750,0.1069,0.0351,0.0070,0.0019,0.0014,0.0023,0.0041,0.0036,0.0028,0.0151,0.0022,0.0021,0.0004,0.0001,0.0000,0.0005,0.0037,0.0006
0.0161,0.0147,0.0227,0.0082,0.0204,0.0133,0.0344,0.0725,0.4228,0.0493,0.1006,0.0026,0.0095,0.0014,0.0010,0.0029,0.0036,0.0077,0.0138,0.0283,0.0055,0.0039,0.0027,0.0021,0.0003,0.0001,0.0006,0.0032
