c1,c2,c3,c4,c5,c6,c7,c8,c9,c10,c11,c12,c13,c14,c15,c16,c17,c18,c19,c20,c21,c22,c23,c24,c25,c26,c27,c28
0.0000,0.0111,0.0016,0.0020,0.0048,0.0003,0.0097,0.0032,0.0047,0.0013,0.0125,0.0064,0.5043,0.6038,0.6249,0.0517,0.0290,0.0087,0.0245,0.0079,0.0033,0.0028,0.0073,0.0051,0.0041,0.0015,0.0017,0.0018
0.0111,0.0044,0.0137,0.0000,0.0004,0.0001,0.0012,0.0035,0.0060,0.0021,0.0097,0.0427,0.2499,0.9891,0.1117,0.0199,0.0185,0.0083,0.0166,0.0081,0.0063,0.0035,0.0072,0.0057,0.0041,0.0025,0.0021,0.0024
0.0016,0.0137,0.0084,0.0014,0.0002,0.0002,0.0018,0.0019,0.0219,0.0027,0.8045,0.1791,0.8055,0.0968,0.0107,0.0122,0.0035,0.0045,0.0116,0.0031,0.0033,0.0022,0.0144,0.0026,0.0023,0.0022,0.0021,0.0040
0.0020,0.0000,0.0014,0.0002,0.0092,0.0000,0.0021,0.0020,0.0300,0.0086,0.0481,1.0000,0.0419,0.3500,0.0086,0.0044,0.0056,0.0039,0.0082,0.0024,0.0025,0.0010,0.0086,0.0067,0.0168,0.0019,0.0022,0.0006
0.0048,0.0004,0.0002,0.0092,0.0126,0.0066,0.0001,0.0027,0.1785,0.0090,0.9332,0.4625,0.0078,0.0042,0.0057,0.0088,0.0035,0.0059,0.0110,0.0031,0.0031,0.0026,0.0069,0.0042,0.0036,0.0048,0.0098,0.0082
0.0003,0.0001,0.0002,0.0000,0.0066,0.0007,0.0900,0.2679,0.1206,0.9763,0.0329,0.9871,0.0083,0.0027,0.0020,0.0008,0.0023,0.0015,0.0033,0.0021,0.0017,0.0016,0.0133,0.0073,0.1276,0.0036,0.0118,0.0050
0.0097,0.0012,0.0018,0.0021,0.0001,0.0900,0.0104,0.0629,0.0002,0.0115,0.0016,0.0411,0.0145,0.0102,0.0120,0.0055,0.0071,0.0042,0.0090,0.0050,0.0049,0.0047,0.0295,0.0110,0.0477,0.0094,0.0227,0.0160
0.0032,0.0035,0.0019,0.0020,0.0027,0.2679,0.0629,0.0347,0.0440,0.0016,0.0009,0.0008,0.0012,0.0022,0.0021,0.0053,0.0078,0.0054,0.0069,0.0055,0.0023,0.0011,0.0051,0.0053,0.0545,0.0222,0.3485,0.0737
0.0047,0.0060,0.0219,0.0300,0.1785,0.1206,0.0002,0.0440,0.0016,0.0197,0.0001,0.0000,0.0004,0.0002,0.0033,0.0041,0.0065,0.0012,0.0002,0.0032,0.0049,0.0018,0.0149,0.0099,0.1083,0.2051,0.6255,0.8791
0.0013,0.0021,0.0027,0.0086,0.0090,0.9763,0.0115,0.0016,0.0197,0.0007,0.0005,0.0000,0.0000,0.0000,0.0001,0.0021,0.0073,0.0016,0.0039,0.0024,0.0026,0.0004,0.0673,0.0287,0.9952,0.9418,0.9868,0.2098
0.0125,0.0097,0.8045,0.0481,0.9332,0.0329,0.0016,0.0009,0.0001,0.0005,0.0009,0.0000,0.0000,0.0000,0.0000,0.0246,0.0017,0.0016,0.0099,0.0019,0.0028,0.0004,0.0063,0.0062,0.5037,0.9996,0.3291,0.2229
0.0064,0.0427,0.1791,1.0000,0.4625,0.9871,0.0411,0.0008,0.0000,0.0000,0.0000,0.0000,0.0000,0.0000,0.0000,0.0001,0.0003,0.0015,0.0014,0.0023,0.0108,0.0014,0.9964,0.2185,0.9975,0.0144,0.0113,0.0019
0.5043,0.2499,0.8055,0.0419,0.0078,0.0083,0.0145,0.0012,0.0004,0.0000,0.0000,0.0000,0.0021,0.0004,0.0000,0.0002,0.0002,0.0016,0.0144,0.0061,0.0137,0.0291,0.0975,0.9999,0.0463,0.6650,0.0074,0.0072
0.6038,0.9891,0.0968,0.3500,0.0042,0.0027,0.0102,0.0022,0.0002,0.0000,0.0000,0.0000,0.0004,0.0002,0.0000,0.0000,0.0000,0.0011,0.0056,0.0147,1.0000,0.1306,0.9980,0.0989,0.0058,0.0031,0.0012,0.0009
0.6249,0.1117,0.0107,0.0086,0.0057,0.0020,0.0120,0.0021,0.0033,0.0001,0.0000,0.0000,0.0000,0.0000,0.0001,0.0019,0.0000,0.0009,0.0093,0.0188,0.0962,1.0000,0.0960,0.9996,0.0146,0.0170,0.0015,0.0008
0.0517,0.0199,0.0122,0.0044,0.0088,0.0008,0.0055,0.0053,0.0041,0.0021,0.0246,0.0001,0.0002,0.0000,0.0019,0.0148,0.0010,0.0014,0.6139,0.0334,0.9994,0.4381,0.0092,0.0028,0.0010,0.0014,0.0011,0.0022
0.0290,0.0185,0.0035,0.0056,0.0035,0.0023,0.0071,0.0078,0.0065,0.0073,0.0017,0.0003,0.0002,0.0000,0.0000,0.0010,0.0128,0.9257,0.0049,0.0155,0.0057,0.9999,0.0135,0.1200,0.0042,0.0045,0.0029,0.0029
0.0087,0.0083,0.0045,0.0039,0.0059,0.0015,0.0042,0.0054,0.0012,0.0016,0.0016,0.0015,0.0016,0.0011,0.0009,0.0014,0.9257,0.1360,0.9404,0.0069,0.0027,0.0276,0.0022,0.0163,0.0032,0.0033,0.0056,0.0082
0.0245,0.0166,0.0116,0.0082,0.0110,0.0033,0.0090,0.0069,0.0002,0.0039,0.0099,0.0014,0.0144,0.0056,0.0093,0.6139,0.0049,0.9404,0.0246,0.2568,0.0002,0.0000,0.0001,0.0006,0.0026,0.0040,0.0093,0.0363
0.0079,0.0081,0.0031,0.0024,0.0031,0.0021,0.0050,0.0055,0.0032,0.0024,0.0019,0.0023,0.0061,0.0147,0.0188,0.0334,0.0155,0.0069,0.2568,0.1159,0.0075,0.0001,0.0010,0.0021,0.0033,0.0407,0.0616,0.0868
0.0033,0.0063,0.0033,0.0025,0.0031,0.0017,0.0049,0.0023,0.0049,0.0026,0.0028,0.0108,0.0137,1.0000,0.0962,0.9994,0.0057,0.0027,0.0002,0.0075,0.0086,0.0002,0.0000,0.0000,0.0002,0.0012,0.0090,0.0126
0.0028,0.0035,0.0022,0.0010,0.0026,0.0016,0.0047,0.0011,0.0018,0.0004,0.0004,0.0014,0.0291,0.1306,1.0000,0.4381,0.9999,0.0276,0.0000,0.0001,0.0002,0.0002,0.0003,0.0001,0.0002,0.0034,0.0048,0.0050
0.0073,0.0072,0.0144,0.0086,0.0069,0.0133,0.0295,0.0051,0.0149,0.0673,0.0063,0.9964,0.0975,0.9980,0.0960,0.0092,0.0135,0.0022,0.0001,0.0010,0.0000,0.0003,0.0007,0.0003,0.0002,0.0001,0.0009,0.0018
0.0051,0.0057,0.0026,0.0067,0.0042,0.0073,0.0110,0.0053,0.0099,0.0287,0.0062,0.2185,0.9999,0.0989,0.9996,0.0028,0.1200,0.0163,0.0006,0.0021,0.0000,0.0001,0.0003,0.0034,0.0001,0.0000,0.0000,0.0004
0.0041,0.0041,0.0023,0.0168,0.0036,0.1276,0.0477,0.0545,0.1083,0.9952,0.5037,0.9975,0.0463,0.0058,0.0146,0.0010,0.0042,0.0032,0.0026,0.0033,0.0002,0.0002,0.0002,0.0001,0.0004,0.0001,0.0000,0.0011
0.0015,0.0025,0.0022,0.0019,0.0048,0.0036,0.0094,0.0222,0.2051,0.9418,0.9996,0.0144,0.6650,0.0031,0.0170,0.0014,0.0045,0.0033,0.0040,0.0407,0.0012,0.0034,0.0001,0.0000,0.0001,0.0007,0.0009,0.0006
0.0017,0.0021,0.0021,0.0022,0.0098,0.0118,0.0227,0.3485,0.6255,0.9868,0.3291,0.0113,0.0074,0.0012,0.0015,0.0011,0.0029,0.0056,0.0093,0.0616,0.0090,0.0048,0.0009,0.0000,0.0000,0.0009,0.0064,0.0067
0.0018,0.0024,0.0040,0.0006,0.0082,0.0050,0.0160,0.0737,0.8791,0.2098,0.2229,0.0019,0.0072,0.0009,0.0008,0.0022,0.0029,0.0082,0.0363,0.0868,0.0126,0.0050,0.0018,0.0004,0.0011,0.0006,0.0067,0.0066
