c1,c2,c3,c4,c5,c6,c7,c8,c9,c10,c11,c12,c13,c14,c15,c16,c17,c18,c19,c20,c21,c22,c23,c24,c25,c26,c27,c28
0.0001,0.0007,0.0000,0.0000,0.0011,0.0021,0.0143,0.0207,0.0185,0.6633,0.0300,0.0996,0.1645,0.1605,0.0169,0.0043,0.0087,0.0070,0.0222,0.0142,0.0079,0.0068,0.0075,0.0173,0.0055,0.0141,0.0081,0.0048
0.0007,0.0129,0.0119,0.0000,0.0003,0.0028,0.0062,0.0750,0.0187,0.8881,0.0354,0.1003,0.0135,0.0164,0.0117,0.0027,0.0085,0.0040,0.0108,0.0068,0.0044,0.0227,0.0031,0.0214,0.0030,0.0069,0.0045,0.0037
0.0000,0.0119,0.0160,0.0003,0.0002,0.0092,0.0097,0.0463,0.0480,0.6982,0.2122,0.0085,0.0261,0.0051,0.0076,0.0022,0.0110,0.0036,0.0096,0.0059,0.0035,0.0072,0.0057,0.0406,0.0030,0.0036,0.0048,0.0038
0.0000,0.0000,0.0003,0.0003,0.0040,0.0003,0.0041,0.2568,0.0896,0.4606,0.1968,0.0305,0.0108,0.0101,0.0101,0.0016,0.0113,0.0058,0.0133,0.0183,0.0086,0.0340,0.0120,0.4281,0.0079,0.0158,0.0148,0.0127
0.0011,0.0003,0.0002,0.0040,0.0102,0.0460,0.0007,0.1076,0.1573,0.3907,0.5587,0.0049,0.0028,0.0027,0.0042,0.0012,0.0074,0.0013,0.0030,0.0049,0.0039,0.0192,0.0043,0.1064,0.0043,0.0055,0.0055,0.0047
0.0021,0.0028,0.0092,0.0003,0.0460,0.1293,0.0283,0.0008,0.0055,0.0104,0.0041,0.0059,0.0031,0.0027,0.0070,0.0031,0.0082,0.0057,0.0110,0.0144,0.0031,0.0087,0.0065,0.0375,0.0067,0.0207,0.0193,0.0104
0.0143,0.0062,0.0097,0.0041,0.0007,0.0283,0.0163,0.0325,0.0002,0.0001,0.0049,0.0014,0.0111,0.0073,0.0073,0.0043,0.0046,0.0040,0.0047,0.0070,0.0051,0.0060,0.0072,0.0958,0.0194,0.0221,0.1219,0.0434
0.0207,0.0750,0.0463,0.2568,0.1076,0.0008,0.0325,0.0007,0.0372,0.0000,0.0000,0.0001,0.0003,0.0022,0.0053,0.0047,0.0087,0.0041,0.0004,0.0042,0.0068,0.0365,0.0150,0.7572,0.0215,0.2862,0.0967,0.0211
0.0185,0.0187,0.0480,0.0896,0.1573,0.0055,0.0002,0.0372,0.0009,0.0000,0.0000,0.0003,0.0008,0.0008,0.0128,0.0050,0.0176,0.0081,0.0107,0.0039,0.0031,0.0081,0.0051,0.7628,0.0528,0.2539,0.2345,0.0190
0.6633,0.8881,0.6982,0.4606,0.3907,0.0104,0.0001,0.0000,0.0000,0.0000,0.0000,0.0000,0.0001,0.0002,0.0028,0.0007,0.0170,0.0066,0.0175,0.0090,0.0070,0.0766,0.0239,0.8695,0.1194,0.2076,0.0921,0.0274
0.0300,0.0354,0.2122,0.1968,0.5587,0.0041,0.0049,0.0000,0.0000,0.0000,0.0001,0.0001,0.0000,0.0000,0.0023,0.0033,0.0292,0.0137,0.0239,0.0114,0.0109,0.0645,0.3401,0.9973,0.2556,0.0646,0.0265,0.0134
0.0996,0.1003,0.0085,0.0305,0.0049,0.0059,0.0014,0.0001,0.0003,0.0000,0.0001,0.0073,0.0009,0.0000,0.0019,0.0014,0.0031,0.0035,0.0304,0.0288,0.0323,0.6191,0.1123,0.6932,0.1841,0.0822,0.0282,0.0155
0.1645,0.0135,0.0261,0.0108,0.0028,0.0031,0.0111,0.0003,0.0008,0.0001,0.0000,0.0009,0.0011,0.0019,0.0000,0.0003,0.0026,0.0051,0.0431,0.0383,0.8688,0.2984,0.7021,0.7226,0.0487,0.0199,0.0208,0.0196
0.1605,0.0164,0.0051,0.0101,0.0027,0.0027,0.0073,0.0022,0.0008,0.0002,0.0000,0.0000,0.0019,0.0030,0.0006,0.0000,0.0006,0.0080,0.0268,0.0529,0.7249,0.1909,0.7635,0.2338,0.0681,0.0134,0.0157,0.0224
0.0169,0.0117,0.0076,0.0101,0.0042,0.0070,0.0073,0.0053,0.0128,0.0028,0.0023,0.0019,0.0000,0.0006,0.0055,0.0021,0.0000,0.0050,0.0270,0.0565,0.5859,0.1897,0.0874,0.0729,0.0222,0.0071,0.0108,0.0157
0.0043,0.0027,0.0022,0.0016,0.0012,0.0031,0.0043,0.0047,0.0050,0.0007,0.0033,0.0014,0.0003,0.0000,0.0021,0.0002,0.0028,0.0083,0.0206,0.3204,0.9203,0.8472,0.7537,0.0404,0.0676,0.0038,0.0017,0.0042
0.0087,0.0085,0.0110,0.0113,0.0074,0.0082,0.0046,0.0087,0.0176,0.0170,0.0292,0.0031,0.0026,0.0006,0.0000,0.0028,0.0162,0.0205,0.0008,0.0048,0.0208,0.0397,0.0839,0.0122,0.0330,0.0065,0.0061,0.0092
0.0070,0.0040,0.0036,0.0058,0.0013,0.0057,0.0040,0.0041,0.0081,0.0066,0.0137,0.0035,0.0051,0.0080,0.0050,0.0083,0.0205,0.0082,0.1698,0.0022,0.0268,0.0103,0.0127,0.0037,0.0201,0.0025,0.0056,0.0083
0.0222,0.0108,0.0096,0.0133,0.0030,0.0110,0.0047,0.0004,0.0107,0.0175,0.0239,0.0304,0.0431,0.0268,0.0270,0.0206,0.0008,0.1698,0.0030,0.0957,0.0002,0.0019,0.0012,0.0003,0.0049,0.0029,0.0061,0.0067
0.0142,0.0068,0.0059,0.0183,0.0049,0.0144,0.0070,0.0042,0.0039,0.0090,0.0114,0.0288,0.0383,0.0529,0.0565,0.3204,0.0048,0.0022,0.0957,0.0202,0.0047,0.0000,0.0005,0.0002,0.0022,0.0030,0.0037,0.0043
0.0079,0.0044,0.0035,0.0086,0.0039,0.0031,0.0051,0.0068,0.0031,0.0070,0.0109,0.0323,0.8688,0.7249,0.5859,0.9203,0.0208,0.0268,0.0002,0.0047,0.0126,0.0005,0.0000,0.0000,0.0012,0.0015,0.0030,0.0035
0.0068,0.0227,0.0072,0.0340,0.0192,0.0087,0.0060,0.0365,0.0081,0.0766,0.0645,0.6191,0.2984,0.1909,0.1897,0.8472,0.0397,0.0103,0.0019,0.0000,0.0005,0.0027,0.0004,0.0000,0.0001,0.0003,0.0008,0.0017
0.0075,0.0031,0.0057,0.0120,0.0043,0.0065,0.0072,0.0150,0.0051,0.0239,0.3401,0.1123,0.7021,0.7635,0.0874,0.7537,0.0839,0.0127,0.0012,0.0005,0.0000,0.0004,0.0018,0.0000,0.0002,0.0006,0.0022,0.0059
0.0173,0.0214,0.0406,0.4281,0.1064,0.0375,0.0958,0.7572,0.7628,0.8695,0.9973,0.6932,0.7226,0.2338,0.0729,0.0404,0.0122,0.0037,0.0003,0.0002,0.0000,0.0000,0.0000,0.0000,0.0001,0.0000,0.0000,0.0005
0.0055,0.0030,0.0030,0.0079,0.0043,0.0067,0.0194,0.0215,0.0528,0.1194,0.2556,0.1841,0.0487,0.0681,0.0222,0.0676,0.0330,0.0201,0.0049,0.0022,0.0012,0.0001,0.0002,0.0001,0.0041,0.0096,0.0000,0.0051
0.0141,0.0069,0.0036,0.0158,0.0055,0.0207,0.0221,0.2862,0.2539,0.2076,0.0646,0.0822,0.0199,0.0134,0.0071,0.0038,0.0065,0.0025,0.0029,0.0030,0.0015,0.0003,0.0006,0.0000,0.0096,0.0168,0.0184,0.0002
0.0081,0.0045,0.0048,0.0148,0.0055,0.0193,0.1219,0.0967,0.2345,0.0921,0.0265,0.0282,0.0208,0.0157,0.0108,0.0017,0.0061,0.0056,0.0061,0.0037,0.0030,0.0008,0.0022,0.0000,0.0000,0.0184,0.0085,0.0073
0.0048,0.0037,0.0038,0.0127,0.0047,0.0104,0.0434,0.0211,0.0190,0.0274,0.0134,0.0155,0.0196,0.0224,0.0157,0.0042,0.0092,0.0083,0.0067,0.0043,0.0035,0.0017,0.0059,0.0005,0.0051,0.0002,0.0073,0.0192
