c1,c2,c3,c4,c5,c6,c7,c8,c9,c10,c11,c12,c13,c14,c15,c16,c17,c18,c19,c20,c21,c22,c23,c24,c25,c26,c27,c28
0.0020,0.0548,0.0022,0.0121,0.0167,0.0033,0.0131,0.0110,0.0071,0.0045,0.0093,0.0049,0.0066,0.0053,0.0087,0.0102,0.0058,0.0091,0.0180,0.0144,0.0037,0.0063,0.0046,0.0023,0.0056,0.0035,0.0090,0.0121
0.0548,0.0850,0.0077,0.0002,0.0054,0.0005,0.0028,0.0104,0.0106,0.0072,0.0092,0.0159,0.0131,0.0098,0.0074,0.0196,0.0068,0.0156,0.0200,0.0085,0.0049,0.0047,0.0060,0.0029,0.0056,0.0030,0.0070,0.0071
0.0022,0.0077,0.0093,0.0064,0.0002,0.0006,0.0081,0.0082,0.0567,0.0096,0.0388,0.1002,0.0667,0.0324,0.0081,0.0082,0.0025,0.0066,0.0136,0.0042,0.0035,0.0024,0.0602,0.0015,0.0094,0.0032,0.0035,0.0030
0.0121,0.0002,0.0064,0.0107,0.0069,0.0000,0.0009,0.0023,0.0237,0.0384,0.0151,0.7402,0.0274,0.0313,0.0109,0.0084,0.0055,0.0061,0.0096,0.0058,0.0039,0.0042,0.0242,0.0045,0.0249,0.0045,0.0060,0.0039
0.0167,0.0054,0.0002,0.0069,0.0660,0.0083,0.0002,0.0194,0.0552,0.0213,0.0481,0.0468,0.0103,0.0097,0.0064,0.0114,0.0043,0.0082,0.0101,0.0062,0.0030,0.0035,0.0060,0.0016,0.0047,0.0031,0.0056,0.0057
0.0033,0.0005,0.0006,0.0000,0.0083,0.0025,0.0189,0.0056,0.2193,0.3717,0.0383,0.7291,0.0059,0.0042,0.0044,0.0032,0.0026,0.0040,0.0059,0.0033,0.0024,0.0021,0.0306,0.0032,0.0855,0.0058,0.0129,0.0068
0.0131,0.0028,0.0081,0.0009,0.0002,0.0189,0.0072,0.0122,0.0011,0.0216,0.0037,0.0157,0.0118,0.0066,0.0085,0.0046,0.0061,0.0043,0.0085,0.0040,0.0025,0.0027,0.0169,0.0085,0.1316,0.0253,0.0333,0.0166
0.0110,0.0104,0.0082,0.0023,0.0194,0.0056,0.0122,0.0373,0.3184,0.0001,0.0014,0.0009,0.0016,0.0065,0.0043,0.0096,0.0060,0.0056,0.0079,0.0055,0.0024,0.0018,0.0066,0.0046,0.0234,0.0215,0.1165,0.0375
0.0071,0.0106,0.0567,0.0237,0.0552,0.2193,0.0011,0.3184,0.0008,0.0064,0.0002,0.0000,0.0003,0.0003,0.0035,0.0024,0.0030,0.0006,0.0001,0.0029,0.0032,0.0015,0.0379,0.0066,0.1427,0.1910,0.6413,0.5932
0.0045,0.0072,0.0096,0.0384,0.0213,0.3717,0.0216,0.0001,0.0064,0.0002,0.0008,0.0000,0.0000,0.0000,0.0005,0.0035,0.0029,0.0024,0.0107,0.0028,0.0027,0.0009,0.1820,0.0579,0.9991,0.8565,0.9608,0.0481
0.0093,0.0092,0.0388,0.0151,0.0481,0.0383,0.0037,0.0014,0.0002,0.0008,0.0012,0.0001,0.0000,0.0002,0.0003,0.0050,0.0042,0.0024,0.0106,0.0043,0.0034,0.0013,0.0282,0.0477,0.1838,0.9989,0.2654,0.0553
0.0049,0.0159,0.1002,0.7402,0.0468,0.7291,0.0157,0.0009,0.0000,0.0000,0.0001,0.0001,0.0002,0.0000,0.0000,0.0003,0.0006,0.0029,0.0020,0.0042,0.0091,0.0079,1.0000,0.9267,0.9993,0.0648,0.0092,0.0034
0.0066,0.0131,0.0667,0.0274,0.0103,0.0059,0.0118,0.0016,0.0003,0.0000,0.0000,0.0002,0.0023,0.0006,0.0000,0.0003,0.0016,0.0030,0.0240,0.0139,0.0113,0.0361,0.2977,1.0000,0.0597,0.0538,0.0141,0.0090
0.0053,0.0098,0.0324,0.0313,0.0097,0.0042,0.0066,0.0065,0.0003,0.0000,0.0002,0.0000,0.0006,0.0019,0.0000,0.0001,0.0001,0.0047,0.0473,0.0476,1.0000,0.1747,0.9981,0.0820,0.0045,0.0021,0.0008,0.0015
0.0087,0.0074,0.0081,0.0109,0.0064,0.0044,0.0085,0.0043,0.0035,0.0005,0.0003,0.0000,0.0000,0.0000,0.0038,0.0042,0.0000,0.0024,0.0109,0.0281,0.0405,1.0000,0.0314,0.9993,0.0234,0.0057,0.0022,0.0017
0.0102,0.0196,0.0082,0.0084,0.0114,0.0032,0.0046,0.0096,0.0024,0.0035,0.0050,0.0003,0.0003,0.0001,0.0042,0.0301,0.0015,0.0009,0.6377,0.0302,0.9985,0.4209,0.0064,0.0014,0.0011,0.0013,0.0011,0.0024
0.0058,0.0068,0.0025,0.0055,0.0043,0.0026,0.0061,0.0060,0.0030,0.0029,0.0042,0.0006,0.0016,0.0001,0.0000,0.0015,0.0128,0.7520,0.0112,0.0371,0.0045,0.9998,0.0123,0.0474,0.0034,0.0038,0.0026,0.0024
0.0091,0.0156,0.0066,0.0061,0.0082,0.0040,0.0043,0.0056,0.0006,0.0024,0.0024,0.0029,0.0030,0.0047,0.0024,0.0009,0.7520,0.0882,0.6669,0.0032,0.0028,0.0265,0.0015,0.0081,0.0029,0.0031,0.0052,0.0072
0.0180,0.0200,0.0136,0.0096,0.0101,0.0059,0.0085,0.0079,0.0001,0.0107,0.0106,0.0020,0.0240,0.0473,0.0109,0.6377,0.0112,0.6669,0.0134,0.4368,0.0005,0.0000,0.0000,0.0002,0.0013,0.0019,0.0042,0.0227
0.0144,0.0085,0.0042,0.0058,0.0062,0.0033,0.0040,0.0055,0.0029,0.0028,0.0043,0.0042,0.0139,0.0476,0.0281,0.0302,0.0371,0.0032,0.4368,0.0652,0.0104,0.0000,0.0009,0.0017,0.0012,0.0072,0.0122,0.0178
0.0037,0.0049,0.0035,0.0039,0.0030,0.0024,0.0025,0.0024,0.0032,0.0027,0.0034,0.0091,0.0113,1.0000,0.0405,0.9985,0.0045,0.0028,0.0005,0.0104,0.0096,0.0003,0.0000,0.0000,0.0001,0.0006,0.0019,0.0095
0.0063,0.0047,0.0024,0.0042,0.0035,0.0021,0.0027,0.0018,0.0015,0.0009,0.0013,0.0079,0.0361,0.1747,1.0000,0.4209,0.9998,0.0265,0.0000,0.0000,0.0003,0.0009,0.0002,0.0000,0.0003,0.0009,0.0045,0.0076
0.0046,0.0060,0.0602,0.0242,0.0060,0.0306,0.0169,0.0066,0.0379,0.1820,0.0282,1.0000,0.2977,0.9981,0.0314,0.0064,0.0123,0.0015,0.0000,0.0009,0.0000,0.0002,0.0002,0.0001,0.0000,0.0001,0.0002,0.0014
0.0023,0.0029,0.0015,0.0045,0.0016,0.0032,0.0085,0.0046,0.0066,0.0579,0.0477,0.9267,1.0000,0.0820,0.9993,0.0014,0.0474,0.0081,0.0002,0.0017,0.0000,0.0000,0.0001,0.0001,0.0001,0.0001,0.0002,0.0008
0.0056,0.0056,0.0094,0.0249,0.0047,0.0855,0.1316,0.0234,0.1427,0.9991,0.1838,0.9993,0.0597,0.0045,0.0234,0.0011,0.0034,0.0029,0.0013,0.0012,0.0001,0.0003,0.0000,0.0001,0.0009,0.0010,0.0000,0.0005
0.0035,0.0030,0.0032,0.0045,0.0031,0.0058,0.0253,0.0215,0.1910,0.8565,0.9989,0.0648,0.0538,0.0021,0.0057,0.0013,0.0038,0.0031,0.0019,0.0072,0.0006,0.0009,0.0001,0.0001,0.0010,0.0026,0.0038,0.0014
0.0090,0.0070,0.0035,0.0060,0.0056,0.0129,0.0333,0.1165,0.6413,0.9608,0.2654,0.0092,0.0141,0.0008,0.0022,0.0011,0.0026,0.0052,0.0042,0.0122,0.0019,0.0045,0.0002,0.0002,0.0000,0.0038,0.0126,0.0056
0.0121,0.0071,0.0030,0.0039,0.0057,0.0068,0.0166,0.0375,0.5932,0.0481,0.0553,0.0034,0.0090,0.0015,0.0017,0.0024,0.0024,0.0072,0.0227,0.0178,0.0095,0.0076,0.0014,0.0008,0.0005,0.0014,0.0056,0.0170
