c1,c2,c3,c4,c5,c6,c7,c8,c9,c10,c11,c12,c13,c14,c15,c16,c17,c18,c19,c20,c21,c22,c23,c24,c25,c26,c27,c28
0.0051,0.0096,0.0000,0.0006,0.0089,0.0041,0.0104,0.0175,0.0195,0.0202,0.0662,0.0517,0.0197,0.0143,0.0055,0.0268,0.0107,0.0029,0.0081,0.0100,0.0134,0.0032,0.0237,0.0033,0.0102,0.0054,0.0108,0.0052
0.0096,0.0124,0.0003,0.0000,0.0034,0.0044,0.0057,0.0283,0.0488,0.0773,0.0807,0.1460,0.0124,0.0086,0.0044,0.0061,0.0059,0.0039,0.0063,0.0079,0.0075,0.0037,0.0200,0.0037,0.0130,0.0053,0.0125,0.0049
0.0000,0.0003,0.0118,0.0000,0.0003,0.0034,0.0029,0.0201,0.3309,0.0951,0.1728,0.7810,0.0455,0.0049,0.0033,0.0035,0.0035,0.0043,0.0066,0.0053,0.0060,0.0034,0.1156,0.0029,0.0090,0.0124,0.1002,0.0122
0.0006,0.0000,0.0000,0.0001,0.0074,0.0002,0.0013,0.0049,0.0706,0.0365,0.0563,0.4513,0.0325,0.0051,0.0042,0.0030,0.0039,0.0061,0.0069,0.0153,0.0115,0.0061,0.3185,0.0139,0.0258,0.0161,0.4162,0.0712
0.0089,0.0034,0.0003,0.0074,0.0578,0.0697,0.0002,0.0013,0.0103,0.0124,0.0186,0.0350,0.0074,0.0044,0.0041,0.0048,0.0060,0.0047,0.0041,0.0091,0.0062,0.0046,0.0279,0.0068,0.0095,0.0093,0.0174,0.0298
0.0041,0.0044,0.0034,0.0002,0.0697,0.0042,0.2115,0.0014,0.1028,0.0234,0.0098,0.0710,0.0047,0.0050,0.0041,0.0057,0.0039,0.0017,0.0001,0.0041,0.0049,0.0036,0.0347,0.0047,0.0182,0.0083,0.0417,0.0103
0.0104,0.0057,0.0029,0.0013,0.0002,0.2115,0.0230,0.0071,0.0001,0.0002,0.0011,0.0019,0.0022,0.0023,0.0046,0.0077,0.0133,0.0060,0.0131,0.0174,0.0111,0.0060,0.1254,0.0127,0.0389,0.0261,0.5313,0.0360
0.0175,0.0283,0.0201,0.0049,0.0013,0.0014,0.0071,0.0059,0.0041,0.0000,0.0006,0.0008,0.0013,0.0031,0.0033,0.0053,0.0110,0.0048,0.0045,0.0093,0.0077,0.0055,0.0896,0.0227,0.1847,0.0373,0.6318,0.0321
0.0195,0.0488,0.3309,0.0706,0.0103,0.1028,0.0001,0.0041,0.0185,0.0007,0.0001,0.0000,0.0011,0.0006,0.0017,0.0032,0.0052,0.0046,0.0022,0.0045,0.0056,0.0058,0.0198,0.0183,0.0522,0.0646,0.4457,0.0606
0.0202,0.0773,0.0951,0.0365,0.0124,0.0234,0.0002,0.0000,0.0007,0.0002,0.0003,0.0000,0.0000,0.0002,0.0005,0.0022,0.0072,0.0095,0.0238,0.0165,0.0334,0.0212,0.1946,0.1600,0.9168,0.1312,0.9584,0.0445
0.0662,0.0807,0.1728,0.0563,0.0186,0.0098,0.0011,0.0006,0.0001,0.0003,0.0012,0.0000,0.0000,0.0001,0.0015,0.0004,0.0043,0.0063,0.0182,0.0092,0.0081,0.0102,0.0750,0.5678,0.0540,0.8648,0.1287,0.0628
0.0517,0.1460,0.7810,0.4513,0.0350,0.0710,0.0019,0.0008,0.0000,0.0000,0.0000,0.0001,0.0009,0.0000,0.0001,0.0002,0.0007,0.0099,0.0387,0.0176,0.1632,0.0490,0.6190,0.5477,0.4744,0.0543,0.3571,0.0134
0.0197,0.0124,0.0455,0.0325,0.0074,0.0047,0.0022,0.0013,0.0011,0.0000,0.0000,0.0009,0.0006,0.0006,0.0000,0.0005,0.0042,0.0049,0.0208,0.0198,0.2350,0.1646,0.7622,0.6115,0.0608,0.0601,0.0293,0.0161
0.0143,0.0086,0.0049,0.0051,0.0044,0.0050,0.0023,0.0031,0.0006,0.0002,0.0001,0.0000,0.0006,0.0034,0.0001,0.0001,0.0023,0.0093,0.1185,0.0450,0.9411,0.8550,0.7071,0.4214,0.1463,0.0242,0.0149,0.0066
0.0055,0.0044,0.0033,0.0042,0.0041,0.0041,0.0046,0.0033,0.0017,0.0005,0.0015,0.0001,0.0000,0.0001,0.0012,0.0021,0.0001,0.0630,0.0768,0.0407,0.5640,0.7985,0.1393,0.8886,0.0284,0.0543,0.0106,0.0092
0.0268,0.0061,0.0035,0.0030,0.0048,0.0057,0.0077,0.0053,0.0032,0.0022,0.0004,0.0002,0.0005,0.0001,0.0021,0.0050,0.0033,0.0061,0.0530,0.0663,0.2938,0.6180,0.0539,0.1335,0.0138,0.0110,0.0057,0.0074
0.0107,0.0059,0.0035,0.0039,0.0060,0.0039,0.0133,0.0110,0.0052,0.0072,0.0043,0.0007,0.0042,0.0023,0.0001,0.0033,0.0098,0.2387,0.0007,0.0131,0.0114,0.1460,0.0125,0.0448,0.0120,0.0213,0.0062,0.0133
0.0029,0.0039,0.0043,0.0061,0.0047,0.0017,0.0060,0.0048,0.0046,0.0095,0.0063,0.0099,0.0049,0.0093,0.0630,0.0061,0.2387,0.0006,0.3147,0.0024,0.0250,0.0141,0.0010,0.0153,0.0054,0.0023,0.0036,0.0043
0.0081,0.0063,0.0066,0.0069,0.0041,0.0001,0.0131,0.0045,0.0022,0.0238,0.0182,0.0387,0.0208,0.1185,0.0768,0.0530,0.0007,0.3147,0.0005,0.1772,0.0001,0.0016,0.0012,0.0019,0.0082,0.0029,0.0122,0.0094
0.0100,0.0079,0.0053,0.0153,0.0091,0.0041,0.0174,0.0093,0.0045,0.0165,0.0092,0.0176,0.0198,0.0450,0.0407,0.0663,0.0131,0.0024,0.1772,0.0386,0.0010,0.0001,0.0004,0.0044,0.0017,0.0030,0.0016,0.0028
0.0134,0.0075,0.0060,0.0115,0.0062,0.0049,0.0111,0.0077,0.0056,0.0334,0.0081,0.1632,0.2350,0.9411,0.5640,0.2938,0.0114,0.0250,0.0001,0.0010,0.0034,0.0022,0.0000,0.0003,0.0002,0.0012,0.0014,0.0037
0.0032,0.0037,0.0034,0.0061,0.0046,0.0036,0.0060,0.0055,0.0058,0.0212,0.0102,0.0490,0.1646,0.8550,0.7985,0.6180,0.1460,0.0141,0.0016,0.0001,0.0022,0.0178,0.0001,0.0000,0.0003,0.0021,0.0003,0.0036
0.0237,0.0200,0.1156,0.3185,0.0279,0.0347,0.1254,0.0896,0.0198,0.1946,0.0750,0.6190,0.7622,0.7071,0.1393,0.0539,0.0125,0.0010,0.0012,0.0004,0.0000,0.0001,0.0004,0.0004,0.0000,0.0001,0.0000,0.0010
0.0033,0.0037,0.0029,0.0139,0.0068,0.0047,0.0127,0.0227,0.0183,0.1600,0.5678,0.5477,0.6115,0.4214,0.8886,0.1335,0.0448,0.0153,0.0019,0.0044,0.0003,0.0000,0.0004,0.0004,0.0002,0.0000,0.0000,0.0011
0.0102,0.0130,0.0090,0.0258,0.0095,0.0182,0.0389,0.1847,0.0522,0.9168,0.0540,0.4744,0.0608,0.1463,0.0284,0.0138,0.0120,0.0054,0.0082,0.0017,0.0002,0.0003,0.0000,0.0002,0.0294,0.0058,0.0000,0.0005
0.0054,0.0053,0.0124,0.0161,0.0093,0.0083,0.0261,0.0373,0.0646,0.1312,0.8648,0.0543,0.0601,0.0242,0.0543,0.0110,0.0213,0.0023,0.0029,0.0030,0.0012,0.0021,0.0001,0.0000,0.0058,0.0092,0.0001,0.0001
0.0108,0.0125,0.1002,0.4162,0.0174,0.0417,0.5313,0.6318,0.4457,0.9584,0.1287,0.3571,0.0293,0.0149,0.0106,0.0057,0.0062,0.0036,0.0122,0.0016,0.0014,0.0003,0.0000,0.0000,0.0000,0.0001,0.0001,0.0019
0.0052,0.0049,0.0122,0.0712,0.0298,0.0103,0.0360,0.0321,0.0606,0.0445,0.0628,0.0134,0.0161,0.0066,0.0092,0.0074,0.0133,0.0043,0.0094,0.0028,0.0037,0.0036,0.0010,0.0011,0.0005,0.0001,0.0019,0.0024