c1,c2,c3,c4,c5,c6,c7,c8,c9,c10,c11,c12,c13,c14,c15,c16,c17,c18,c19,c20,c21,c22,c23,c24,c25,c26,c27,c28
0.1034,0.0036,0.0021,0.0006,0.0175,0.0015,0.0039,0.0040,0.0030,0.0021,0.0027,0.0047,0.0060,0.0082,0.0126,0.0211,0.0195,0.0277,0.0331,0.0510,0.0070,0.0176,0.0153,0.0050,0.0081,0.0046,0.0027,0.0039
0.0036,0.0399,0.0153,0.0000,0.0002,0.0001,0.0005,0.0040,0.0034,0.0052,0.0025,0.0458,0.0052,0.1514,0.0047,0.0199,0.0075,0.0219,0.2303,0.0621,0.0950,0.0160,0.5572,0.0026,0.1585,0.0021,0.0057,0.0013
0.0021,0.0153,0.3761,0.0004,0.0009,0.0004,0.0007,0.0016,0.0027,0.0032,0.0117,0.0177,0.0161,0.0070,0.0085,0.0129,0.0183,0.0142,0.0235,0.0259,0.0041,0.0531,0.0230,0.0375,0.0044,0.0060,0.0029,0.0043
0.0006,0.0000,0.0004,0.0001,0.0008,0.0000,0.0002,0.0007,0.0011,0.1040,0.0022,0.9821,0.0087,0.3260,0.0064,0.0093,0.0028,0.0098,0.1016,0.0139,0.1181,0.0087,0.9932,0.0056,0.9795,0.0036,0.0173,0.0008
0.0175,0.0002,0.0009,0.0008,0.0220,0.0014,0.0007,0.0010,0.0003,0.0016,0.0346,0.0126,0.0159,0.0014,0.0169,0.0103,0.0251,0.0207,0.0398,0.0716,0.0074,0.1754,0.0319,0.0652,0.0136,0.0089,0.0039,0.0081
0.0015,0.0001,0.0004,0.0000,0.0014,0.0141,0.0441,0.0001,0.0005,0.0747,0.0299,0.9339,0.0145,0.0186,0.0141,0.0128,0.0047,0.0192,0.0730,0.0218,0.0508,0.0030,0.1467,0.0029,0.0623,0.0026,0.0222,0.0051
0.0039,0.0005,0.0007,0.0002,0.0007,0.0441,0.0008,0.2082,0.0104,0.0043,0.0059,0.0028,0.0053,0.0001,0.0094,0.0026,0.0046,0.0049,0.0025,0.0139,0.0123,0.0086,0.0823,0.0466,0.3410,0.0309,0.1482,0.0420
0.0040,0.0040,0.0016,0.0007,0.0010,0.0001,0.2082,0.0961,0.2413,0.0000,0.0008,0.0001,0.0016,0.0007,0.0045,0.0073,0.0088,0.0182,0.1868,0.0174,0.0135,0.0019,0.0119,0.0038,0.0308,0.0187,0.8197,0.9905
0.0030,0.0034,0.0027,0.0011,0.0003,0.0005,0.0104,0.2413,0.0489,0.0001,0.0000,0.0000,0.0001,0.0001,0.0011,0.0069,0.0041,0.0065,0.0373,0.0066,0.0071,0.0023,0.0212,0.0053,0.1317,0.2241,0.9985,0.9998
0.0021,0.0052,0.0032,0.1040,0.0016,0.0747,0.0043,0.0000,0.0001,0.0004,0.0001,0.0000,0.0000,0.0000,0.0002,0.0020,0.0289,0.0137,0.1152,0.0093,0.0139,0.0041,0.9547,0.0230,1.0000,0.1511,0.9900,0.0093
0.0027,0.0025,0.0117,0.0022,0.0346,0.0299,0.0059,0.0008,0.0000,0.0001,0.0047,0.0000,0.0002,0.0002,0.0024,0.0033,0.0048,0.0077,0.0073,0.0021,0.0014,0.0021,0.0068,0.2283,0.0589,1.0000,0.0232,0.9957
0.0047,0.0458,0.0177,0.9821,0.0126,0.9339,0.0028,0.0001,0.0000,0.0000,0.0000,0.0004,0.0004,0.0000,0.0000,0.0003,0.0013,0.0091,0.0302,0.0034,0.0651,0.0033,0.9997,0.0228,0.9997,0.0236,0.0130,0.0030
0.0060,0.0052,0.0161,0.0087,0.0159,0.0145,0.0053,0.0016,0.0001,0.0000,0.0002,0.0004,0.0239,0.0016,0.0000,0.0003,0.0016,0.0067,0.0099,0.0152,0.0032,0.2619,0.0244,0.9977,0.1193,0.8306,0.0050,0.0552
0.0082,0.1514,0.0070,0.3260,0.0014,0.0186,0.0001,0.0007,0.0001,0.0000,0.0002,0.0000,0.0016,0.0000,0.0053,0.0001,0.0001,0.0016,0.0029,0.0343,1.0000,0.1006,0.9997,0.0362,0.3497,0.0068,0.0080,0.0027
0.0126,0.0047,0.0085,0.0064,0.0169,0.0141,0.0094,0.0045,0.0011,0.0002,0.0024,0.0000,0.0000,0.0053,0.0085,0.0018,0.0000,0.0010,0.0015,0.0073,0.0315,0.9998,0.0495,0.7712,0.0295,0.0828,0.0026,0.0061
0.0211,0.0199,0.0129,0.0093,0.0103,0.0128,0.0026,0.0073,0.0069,0.0020,0.0033,0.0003,0.0003,0.0001,0.0018,0.0244,0.0003,0.0002,0.0505,0.0275,0.9992,0.2682,0.0353,0.0178,0.0018,0.0025,0.0026,0.0031
0.0195,0.0075,0.0183,0.0028,0.0251,0.0047,0.0046,0.0088,0.0041,0.0289,0.0048,0.0013,0.0016,0.0001,0.0000,0.0003,0.0218,0.1467,0.0000,0.0694,0.0023,0.9922,0.0497,0.5739,0.0045,0.0126,0.0031,0.0040
0.0277,0.0219,0.0142,0.0098,0.0207,0.0192,0.0049,0.0182,0.0065,0.0137,0.0077,0.0091,0.0067,0.0016,0.0010,0.0002,0.1467,0.0579,0.0904,0.0016,0.0011,0.0073,0.0015,0.0152,0.0013,0.0031,0.0030,0.0066
0.0331,0.2303,0.0235,0.1016,0.0398,0.0730,0.0025,0.1868,0.0373,0.1152,0.0073,0.0302,0.0099,0.0029,0.0015,0.0505,0.0000,0.0904,0.0070,0.2588,0.0000,0.0001,0.0002,0.0007,0.0020,0.0013,0.0055,0.0057
0.0510,0.0621,0.0259,0.0139,0.0716,0.0218,0.0139,0.0174,0.0066,0.0093,0.0021,0.0034,0.0152,0.0343,0.0073,0.0275,0.0694,0.0016,0.2588,0.0380,0.0003,0.0001,0.0001,0.0018,0.0004,0.0045,0.0023,0.0029
0.0070,0.0950,0.0041,0.1181,0.0074,0.0508,0.0123,0.0135,0.0071,0.0139,0.0014,0.0651,0.0032,1.0000,0.0315,0.9992,0.0023,0.0011,0.0000,0.0003,0.0033,0.0043,0.0000,0.0000,0.0000,0.0003,0.0103,0.0006
0.0176,0.0160,0.0531,0.0087,0.1754,0.0030,0.0086,0.0019,0.0023,0.0041,0.0021,0.0033,0.2619,0.1006,0.9998,0.2682,0.9922,0.0073,0.0001,0.0001,0.0043,0.0042,0.0000,0.0000,0.0000,0.0007,0.0003,0.0011
0.0153,0.5572,0.0230,0.9932,0.0319,0.1467,0.0823,0.0119,0.0212,0.9547,0.0068,0.9997,0.0244,0.9997,0.0495,0.0353,0.0497,0.0015,0.0002,0.0001,0.0000,0.0000,0.0006,0.0007,0.0000,0.0000,0.0000,0.0001
0.0050,0.0026,0.0375,0.0056,0.0652,0.0029,0.0466,0.0038,0.0053,0.0230,0.2283,0.0228,0.9977,0.0362,0.7712,0.0178,0.5739,0.0152,0.0007,0.0018,0.0000,0.0000,0.0007,0.0042,0.0000,0.0000,0.0005,0.0006
0.0081,0.1585,0.0044,0.9795,0.0136,0.0623,0.3410,0.0308,0.1317,1.0000,0.0589,0.9997,0.1193,0.3497,0.0295,0.0018,0.0045,0.0013,0.0020,0.0004,0.0000,0.0000,0.0000,0.0000,0.0000,0.0002,0.0000,0.0000
0.0046,0.0021,0.0060,0.0036,0.0089,0.0026,0.0309,0.0187,0.2241,0.1511,1.0000,0.0236,0.8306,0.0068,0.0828,0.0025,0.0126,0.0031,0.0013,0.0045,0.0003,0.0007,0.0000,0.0000,0.0002,0.0068,0.0008,0.0001
0.0027,0.0057,0.0029,0.0173,0.0039,0.0222,0.1482,0.8197,0.9985,0.9900,0.0232,0.0130,0.0050,0.0080,0.0026,0.0026,0.0031,0.0030,0.0055,0.0023,0.0103,0.0003,0.0000,0.0005,0.0000,0.0008,0.0978,0.0004
0.0039,0.0013,0.0043,0.0008,0.0081,0.0051,0.0420,0.9905,0.9998,0.0093,0.9957,0.0030,0.0552,0.0027,0.0061,0.0031,0.0040,0.0066,0.0057,0.0029,0.0006,0.0011,0.0001,0.0006,0.0000,0.0001,0.0004,0.0052