c1,c2,c3,c4,c5,c6,c7,c8,c9,c10,c11,c12,c13,c14,c15,c16,c17,c18,c19,c20,c21,c22,c23,c24,c25,c26,c27,c28
0.0060,0.0080,0.0007,0.0012,0.0889,0.0005,0.0575,0.0193,0.0022,0.0067,0.0036,0.1292,0.0075,0.0320,0.0034,0.0374,0.0167,0.0022,0.0062,0.0137,0.0051,0.0038,0.0134,0.0035,0.0064,0.0027,0.0083,0.0029
0.0080,0.0618,0.0138,0.0000,0.0063,0.0002,0.0039,0.0273,0.0039,0.0085,0.0020,0.0527,0.0022,0.1253,0.0020,0.0370,0.0131,0.0053,0.0195,0.0078,0.0416,0.0047,0.0928,0.0018,0.0818,0.0028,0.0056,0.0029
0.0007,0.0138,0.0250,0.0002,0.0010,0.0001,0.0010,0.0096,0.0055,0.0074,0.0054,0.4387,0.0078,0.0064,0.0041,0.0141,0.0085,0.0083,0.0119,0.0141,0.0163,0.0162,0.1140,0.0098,0.0266,0.0078,0.0097,0.0050
0.0012,0.0000,0.0002,0.0058,0.0239,0.0000,0.0002,0.0015,0.0028,0.0148,0.0086,0.9977,0.0197,0.0151,0.0028,0.0050,0.0047,0.0036,0.0109,0.0080,0.0450,0.0094,0.8906,0.0066,0.0947,0.0128,0.1255,0.0085
0.0889,0.0063,0.0010,0.0239,0.0295,0.0002,0.0002,0.0034,0.0017,0.0106,0.0087,0.2593,0.0077,0.0062,0.0014,0.0034,0.0041,0.0037,0.0038,0.0047,0.0142,0.0043,0.0927,0.0056,0.0273,0.0081,0.0350,0.0138
0.0005,0.0002,0.0001,0.0000,0.0002,0.0001,0.0042,0.0008,0.0213,0.4638,0.0259,0.8171,0.0650,0.0104,0.0024,0.0025,0.0040,0.0034,0.0118,0.0034,0.0316,0.0079,0.8780,0.0107,0.2301,0.0160,0.5822,0.0139
0.0575,0.0039,0.0010,0.0002,0.0002,0.0042,0.0086,0.0065,0.0011,0.3608,0.0007,0.0012,0.0049,0.0026,0.0020,0.0044,0.0042,0.0035,0.0085,0.0058,0.0107,0.0071,0.0702,0.0155,0.0809,0.0307,0.4992,0.0279
0.0193,0.0273,0.0096,0.0015,0.0034,0.0008,0.0065,0.2447,0.6729,0.0000,0.0025,0.0002,0.0010,0.0051,0.0013,0.0076,0.0072,0.0040,0.0046,0.0037,0.0064,0.0026,0.0280,0.0044,0.0761,0.0260,0.2347,0.0542
0.0022,0.0039,0.0055,0.0028,0.0017,0.0213,0.0011,0.6729,0.4192,0.0077,0.0004,0.0000,0.0001,0.0001,0.0002,0.0057,0.0042,0.0029,0.0011,0.0041,0.0072,0.0043,0.0656,0.0098,0.1740,0.5418,0.9546,0.2988
0.0067,0.0085,0.0074,0.0148,0.0106,0.4638,0.3608,0.0000,0.0077,0.0003,0.0001,0.0000,0.0000,0.0000,0.0003,0.0020,0.0045,0.0048,0.0203,0.0066,0.0193,0.0135,0.8249,0.0242,0.9926,0.4967,0.9748,0.0402
0.0036,0.0020,0.0054,0.0086,0.0087,0.0259,0.0007,0.0025,0.0004,0.0001,0.0099,0.0000,0.0003,0.0003,0.0001,0.0012,0.0054,0.0056,0.0076,0.0027,0.0085,0.0028,0.2792,0.1403,0.1402,0.9948,0.8334,0.9316
0.1292,0.0527,0.4387,0.9977,0.2593,0.8171,0.0012,0.0002,0.0000,0.0000,0.0000,0.0000,0.0000,0.0000,0.0000,0.0001,0.0002,0.0066,0.0203,0.0280,0.9999,0.1656,0.9999,0.3361,0.8440,0.0198,0.2899,0.0043
0.0075,0.0022,0.0078,0.0197,0.0077,0.0650,0.0049,0.0010,0.0001,0.0000,0.0003,0.0000,0.0035,0.0003,0.0000,0.0003,0.0097,0.0086,0.0152,0.0273,0.0778,0.4011,0.7280,0.9631,0.0247,0.3481,0.0921,0.0473
0.0320,0.1253,0.0064,0.0151,0.0062,0.0104,0.0026,0.0051,0.0001,0.0000,0.0003,0.0000,0.0003,0.0264,0.0000,0.0002,0.0020,0.0159,0.6302,0.0633,0.9997,0.0519,0.6763,0.0222,0.0596,0.0054,0.0028,0.0048
0.0034,0.0020,0.0041,0.0028,0.0014,0.0024,0.0020,0.0013,0.0002,0.0003,0.0001,0.0000,0.0000,0.0000,0.0151,0.0013,0.0018,0.4512,0.1146,0.1326,0.1288,0.9992,0.0917,0.9599,0.0170,0.0722,0.0093,0.0078
0.0374,0.0370,0.0141,0.0050,0.0034,0.0025,0.0044,0.0076,0.0057,0.0020,0.0012,0.0001,0.0003,0.0002,0.0013,0.0138,0.0064,0.0060,0.1252,0.0501,0.2626,0.2366,0.0260,0.0255,0.0065,0.0070,0.0033,0.0064
0.0167,0.0131,0.0085,0.0047,0.0041,0.0040,0.0042,0.0072,0.0042,0.0045,0.0054,0.0002,0.0097,0.0020,0.0018,0.0064,0.0458,0.5176,0.0003,0.0182,0.0028,0.1132,0.0104,0.0287,0.0065,0.0113,0.0037,0.0043
0.0022,0.0053,0.0083,0.0036,0.0037,0.0034,0.0035,0.0040,0.0029,0.0048,0.0056,0.0066,0.0086,0.0159,0.4512,0.0060,0.5176,0.0004,0.1349,0.0086,0.0020,0.1863,0.0007,0.0212,0.0019,0.0010,0.0019,0.0028
0.0062,0.0195,0.0119,0.0109,0.0038,0.0118,0.0085,0.0046,0.0011,0.0203,0.0076,0.0203,0.0152,0.6302,0.1146,0.1252,0.0003,0.1349,0.0006,0.1986,0.0000,0.0007,0.0004,0.0009,0.0032,0.0021,0.0084,0.0073
0.0137,0.0078,0.0141,0.0080,0.0047,0.0034,0.0058,0.0037,0.0041,0.0066,0.0027,0.0280,0.0273,0.0633,0.1326,0.0501,0.0182,0.0086,0.1986,0.0546,0.0004,0.0003,0.0001,0.0082,0.0010,0.0038,0.0028,0.0038
0.0051,0.0416,0.0163,0.0450,0.0142,0.0316,0.0107,0.0064,0.0072,0.0193,0.0085,0.9999,0.0778,0.9997,0.1288,0.2626,0.0028,0.0020,0.0000,0.0004,0.0075,0.0003,0.0000,0.0001,0.0000,0.0001,0.0005,0.0012
0.0038,0.0047,0.0162,0.0094,0.0043,0.0079,0.0071,0.0026,0.0043,0.0135,0.0028,0.1656,0.4011,0.0519,0.9992,0.2366,0.1132,0.1863,0.0007,0.0003,0.0003,0.0241,0.0000,0.0001,0.0001,0.0006,0.0002,0.0017
0.0134,0.0928,0.1140,0.8906,0.0927,0.8780,0.0702,0.0280,0.0656,0.8249,0.2792,0.9999,0.7280,0.6763,0.0917,0.0260,0.0104,0.0007,0.0004,0.0001,0.0000,0.0000,0.0002,0.0002,0.0000,0.0000,0.0000,0.0002
0.0035,0.0018,0.0098,0.0066,0.0056,0.0107,0.0155,0.0044,0.0098,0.0242,0.1403,0.3361,0.9631,0.0222,0.9599,0.0255,0.0287,0.0212,0.0009,0.0082,0.0001,0.0001,0.0002,0.0074,0.0002,0.0000,0.0001,0.0029
0.0064,0.0818,0.0266,0.0947,0.0273,0.2301,0.0809,0.0761,0.1740,0.9926,0.1402,0.8440,0.0247,0.0596,0.0170,0.0065,0.0065,0.0019,0.0032,0.0010,0.0000,0.0001,0.0000,0.0002,0.0611,0.0023,0.0000,0.0001
0.0027,0.0028,0.0078,0.0128,0.0081,0.0160,0.0307,0.0260,0.5418,0.4967,0.9948,0.0198,0.3481,0.0054,0.0722,0.0070,0.0113,0.0010,0.0021,0.0038,0.0001,0.0006,0.0000,0.0000,0.0023,0.0345,0.0000,0.0007
0.0083,0.0056,0.0097,0.1255,0.0350,0.5822,0.4992,0.2347,0.9546,0.9748,0.8334,0.2899,0.0921,0.0028,0.0093,0.0033,0.0037,0.0019,0.0084,0.0028,0.0005,0.0002,0.0000,0.0001,0.0000,0.0000,0.0000,0.0032
0.0029,0.0029,0.0050,0.0085,0.0138,0.0139,0.0279,0.0542,0.2988,0.0402,0.9316,0.0043,0.0473,0.0048,0.0078,0.0064,0.0043,0.0028,0.0073,0.0038,0.0012,0.0017,0.0002,0.0029,0.0001,0.0007,0.0032,0.0051