c1,c2,c3,c4,c5,c6,c7,c8,c9,c10,c11,c12,c13,c14,c15,c16,c17,c18,c19,c20,c21,c22,c23,c24,c25,c26,c27,c28
0.0019,0.0142,0.0000,0.0000,0.1376,0.0002,0.0561,0.0317,0.0128,0.0271,0.0143,0.0785,0.0071,0.0099,0.0031,0.0182,0.0076,0.0046,0.0041,0.0131,0.0085,0.0063,0.0260,0.0109,0.0128,0.0099,0.0246,0.0035
0.0142,0.0632,0.0362,0.0000,0.0456,0.0001,0.0033,0.0242,0.0159,0.0149,0.0061,0.0458,0.0023,0.0397,0.0011,0.0098,0.0037,0.0061,0.0086,0.0052,0.0099,0.0036,0.0772,0.0026,0.0377,0.0039,0.0128,0.0020
0.0000,0.0362,0.0076,0.0003,0.0007,0.0001,0.0010,0.0190,0.0302,0.0313,0.0303,0.3867,0.0038,0.0060,0.0020,0.0047,0.0030,0.0039,0.0044,0.0052,0.0131,0.0069,0.2175,0.0149,0.1344,0.0160,0.0363,0.0038
0.0000,0.0000,0.0003,0.0010,0.0543,0.0000,0.0003,0.0035,0.0062,0.0512,0.0237,0.9989,0.0139,0.0100,0.0019,0.0042,0.0027,0.0042,0.0077,0.0044,0.0146,0.0067,0.9195,0.0062,0.3564,0.0109,0.5345,0.0066
0.1376,0.0456,0.0007,0.0543,0.1161,0.0009,0.0005,0.0076,0.0033,0.0199,0.0095,0.1214,0.0052,0.0038,0.0014,0.0029,0.0024,0.0020,0.0025,0.0027,0.0070,0.0020,0.0160,0.0035,0.0226,0.0043,0.0390,0.0093
0.0002,0.0001,0.0001,0.0000,0.0009,0.0002,0.0062,0.0003,0.0068,0.4570,0.0271,0.9403,0.0508,0.0139,0.0018,0.0030,0.0038,0.0051,0.0063,0.0031,0.0130,0.0050,0.1571,0.0081,0.7628,0.0136,0.9770,0.0102
0.0561,0.0033,0.0010,0.0003,0.0005,0.0062,0.0337,0.0091,0.0007,0.2270,0.0008,0.0031,0.0043,0.0033,0.0019,0.0032,0.0032,0.0037,0.0052,0.0059,0.0104,0.0048,0.0431,0.0089,0.0848,0.0178,0.5691,0.0212
0.0317,0.0242,0.0190,0.0035,0.0076,0.0003,0.0091,0.2475,0.6036,0.0000,0.0047,0.0004,0.0009,0.0031,0.0016,0.0058,0.0048,0.0064,0.0040,0.0040,0.0082,0.0025,0.0189,0.0044,0.0380,0.0192,0.2630,0.0357
0.0128,0.0159,0.0302,0.0062,0.0033,0.0068,0.0007,0.6036,0.4135,0.0017,0.0004,0.0000,0.0001,0.0002,0.0006,0.0085,0.0028,0.0039,0.0014,0.0042,0.0096,0.0042,0.0237,0.0052,0.0486,0.0541,0.9041,0.3973
0.0271,0.0149,0.0313,0.0512,0.0199,0.4570,0.2270,0.0000,0.0017,0.0003,0.0001,0.0000,0.0000,0.0000,0.0003,0.0013,0.0050,0.0045,0.0161,0.0081,0.0155,0.0069,0.0776,0.0177,0.8411,0.1703,1.0000,0.0488
0.0143,0.0061,0.0303,0.0237,0.0095,0.0271,0.0008,0.0047,0.0004,0.0001,0.0063,0.0000,0.0003,0.0000,0.0001,0.0007,0.0041,0.0075,0.0116,0.0030,0.0069,0.0032,0.0114,0.0067,0.2155,0.6827,0.8314,0.9998
0.0785,0.0458,0.3867,0.9989,0.1214,0.9403,0.0031,0.0004,0.0000,0.0000,0.0000,0.0000,0.0001,0.0000,0.0000,0.0001,0.0002,0.0054,0.0111,0.0260,0.8555,0.1236,0.9734,0.3693,0.9987,0.1063,0.9224,0.0088
0.0071,0.0023,0.0038,0.0139,0.0052,0.0508,0.0043,0.0009,0.0001,0.0000,0.0003,0.0001,0.0060,0.0003,0.0000,0.0001,0.0023,0.0035,0.0123,0.0187,0.0826,0.0544,0.4053,0.9529,0.1059,0.9246,0.1998,0.3391
0.0099,0.0397,0.0060,0.0100,0.0038,0.0139,0.0033,0.0031,0.0002,0.0000,0.0000,0.0000,0.0003,0.0073,0.0000,0.0000,0.0003,0.0107,0.1442,0.0374,0.9995,0.0934,0.9997,0.1027,0.9631,0.0136,0.0043,0.0032
0.0031,0.0011,0.0020,0.0019,0.0014,0.0018,0.0019,0.0016,0.0006,0.0003,0.0001,0.0000,0.0000,0.0000,0.0220,0.0005,0.0001,0.0024,0.0501,0.0271,0.0625,0.9878,0.5259,1.0000,0.0092,0.9758,0.0065,0.0952
0.0182,0.0098,0.0047,0.0042,0.0029,0.0030,0.0032,0.0058,0.0085,0.0013,0.0007,0.0001,0.0001,0.0000,0.0005,0.0076,0.0005,0.0027,0.1942,0.1315,0.9919,0.2748,0.8431,0.0507,0.0100,0.0088,0.0024,0.0033
0.0076,0.0037,0.0030,0.0027,0.0024,0.0038,0.0032,0.0048,0.0028,0.0050,0.0041,0.0002,0.0023,0.0003,0.0001,0.0005,0.0078,0.6373,0.0003,0.4711,0.0066,0.9814,0.0451,0.5073,0.0042,0.0683,0.0026,0.0043
0.0046,0.0061,0.0039,0.0042,0.0020,0.0051,0.0037,0.0064,0.0039,0.0045,0.0075,0.0054,0.0035,0.0107,0.0024,0.0027,0.6373,0.0518,0.2532,0.0009,0.0018,0.0356,0.0019,0.0196,0.0046,0.0069,0.0027,0.0070
0.0041,0.0086,0.0044,0.0077,0.0025,0.0063,0.0052,0.0040,0.0014,0.0161,0.0116,0.0111,0.0123,0.1442,0.0501,0.1942,0.0003,0.2532,0.0001,0.5004,0.0001,0.0044,0.0036,0.0032,0.0077,0.0040,0.0055,0.0076
0.0131,0.0052,0.0052,0.0044,0.0027,0.0031,0.0059,0.0040,0.0042,0.0081,0.0030,0.0260,0.0187,0.0374,0.0271,0.1315,0.4711,0.0009,0.5004,0.0640,0.0007,0.0002,0.0002,0.0070,0.0007,0.0061,0.0014,0.0059
0.0085,0.0099,0.0131,0.0146,0.0070,0.0130,0.0104,0.0082,0.0096,0.0155,0.0069,0.8555,0.0826,0.9995,0.0625,0.9919,0.0066,0.0018,0.0001,0.0007,0.0196,0.0035,0.0000,0.0001,0.0000,0.0003,0.0001,0.0012
0.0063,0.0036,0.0069,0.0067,0.0020,0.0050,0.0048,0.0025,0.0042,0.0069,0.0032,0.1236,0.0544,0.0934,0.9878,0.2748,0.9814,0.0356,0.0044,0.0002,0.0035,0.0334,0.0000,0.0001,0.0001,0.0006,0.0001,0.0016
0.0260,0.0772,0.2175,0.9195,0.0160,0.1571,0.0431,0.0189,0.0237,0.0776,0.0114,0.9734,0.4053,0.9997,0.5259,0.8431,0.0451,0.0019,0.0036,0.0002,0.0000,0.0000,0.0002,0.0001,0.0000,0.0000,0.0000,0.0001
0.0109,0.0026,0.0149,0.0062,0.0035,0.0081,0.0089,0.0044,0.0052,0.0177,0.0067,0.3693,0.9529,0.1027,1.0000,0.0507,0.5073,0.0196,0.0032,0.0070,0.0001,0.0001,0.0001,0.0028,0.0000,0.0000,0.0000,0.0014
0.0128,0.0377,0.1344,0.3564,0.0226,0.7628,0.0848,0.0380,0.0486,0.8411,0.2155,0.9987,0.1059,0.9631,0.0092,0.0100,0.0042,0.0046,0.0077,0.0007,0.0000,0.0001,0.0000,0.0000,0.0047,0.0003,0.0000,0.0000
0.0099,0.0039,0.0160,0.0109,0.0043,0.0136,0.0178,0.0192,0.0541,0.1703,0.6827,0.1063,0.9246,0.0136,0.9758,0.0088,0.0683,0.0069,0.0040,0.0061,0.0003,0.0006,0.0000,0.0000,0.0003,0.0145,0.0000,0.0001
0.0246,0.0128,0.0363,0.5345,0.0390,0.9770,0.5691,0.2630,0.9041,1.0000,0.8314,0.9224,0.1998,0.0043,0.0065,0.0024,0.0026,0.0027,0.0055,0.0014,0.0001,0.0001,0.0000,0.0000,0.0000,0.0000,0.0000,0.0003
0.0035,0.0020,0.0038,0.0066,0.0093,0.0102,0.0212,0.0357,0.3973,0.0488,0.9998,0.0088,0.3391,0.0032,0.0952,0.0033,0.0043,0.0070,0.0076,0.0059,0.0012,0.0016,0.0001,0.0014,0.0000,0.0001,0.0003,0.0009