c1,c2,c3,c4,c5,c6,c7,c8,c9,c10,c11,c12,c13,c14,c15,c16,c17,c18,c19,c20,c21,c22,c23,c24,c25,c26,c27,c28
0.0347,0.0028,0.0001,0.0001,0.0086,0.0007,0.0515,0.0332,0.0193,0.0288,0.0166,0.0098,0.0267,0.0074,0.0084,0.0105,0.0048,0.0034,0.0050,0.0090,0.0047,0.0047,0.0092,0.0218,0.0071,0.0117,0.0165,0.0108
0.0028,0.0088,0.0026,0.0000,0.0138,0.0008,0.0284,0.0868,0.1945,0.1736,0.0397,0.0234,0.0123,0.0109,0.0145,0.0054,0.0043,0.0127,0.0152,0.0053,0.0095,0.0050,0.0052,0.0030,0.0105,0.0072,0.0042,0.0031
0.0001,0.0026,0.0079,0.0001,0.0002,0.0006,0.0021,0.0184,0.2307,0.0311,0.0060,0.0176,0.0111,0.0056,0.0084,0.0323,0.0062,0.0112,0.0239,0.0118,0.0072,0.0293,0.0476,0.0092,0.0108,0.0160,0.0342,0.0057
0.0001,0.0000,0.0001,0.0082,0.0092,0.0000,0.0000,0.0003,0.0145,0.0099,0.0090,0.0024,0.0086,0.0049,0.0145,0.0339,0.0202,0.0461,0.0478,0.0220,0.0170,0.0748,0.9417,0.0247,0.0280,0.1166,0.8986,0.0389
0.0086,0.0138,0.0002,0.0092,0.0044,0.0045,0.0002,0.0050,0.0091,0.0208,0.0068,0.0083,0.0079,0.0037,0.0079,0.0094,0.0104,0.0089,0.0059,0.0054,0.0046,0.0084,0.0295,0.0220,0.0123,0.0123,0.0577,0.0150
0.0007,0.0008,0.0006,0.0000,0.0045,0.3446,0.0025,0.0002,0.0007,0.0003,0.0003,0.0029,0.0112,0.0030,0.0017,0.1010,0.0153,0.0848,0.0023,0.0707,0.0234,0.0731,0.1362,0.0524,0.0285,0.0367,0.4677,0.0473
0.0515,0.0284,0.0021,0.0000,0.0002,0.0025,0.0220,0.0248,0.0000,0.0012,0.0088,0.0260,0.0699,0.0308,0.1020,0.0172,0.0102,0.0109,0.0219,0.0178,0.0059,0.0085,0.0086,0.0056,0.0041,0.0176,0.0200,0.0064
0.0332,0.0868,0.0184,0.0003,0.0050,0.0002,0.0248,0.2410,0.0164,0.0000,0.0023,0.0183,0.0098,0.0289,0.0425,0.0135,0.0099,0.0088,0.0121,0.0089,0.0061,0.0067,0.0053,0.0030,0.0044,0.0078,0.0169,0.0037
0.0193,0.1945,0.2307,0.0145,0.0091,0.0007,0.0000,0.0164,0.3284,0.0259,0.0007,0.0007,0.0012,0.0032,0.0183,0.0318,0.0078,0.0024,0.0061,0.0027,0.0047,0.0030,0.0097,0.0051,0.0043,0.0059,0.0315,0.0069
0.0288,0.1736,0.0311,0.0099,0.0208,0.0003,0.0012,0.0000,0.0259,0.1135,0.0494,0.0000,0.0018,0.0025,0.0059,0.0065,0.0232,0.0093,0.0236,0.0098,0.0207,0.0359,0.0287,0.0097,0.0109,0.0186,0.0568,0.0076
0.0166,0.0397,0.0060,0.0090,0.0068,0.0003,0.0088,0.0023,0.0007,0.0494,0.0464,0.0022,0.0004,0.0096,0.0122,0.0023,0.0091,0.0024,0.0144,0.0053,0.0130,0.0041,0.0236,0.0136,0.0132,0.0102,0.0583,0.0064
0.0098,0.0234,0.0176,0.0024,0.0083,0.0029,0.0260,0.0183,0.0007,0.0000,0.0022,0.0118,0.0102,0.0000,0.0112,0.0167,0.0173,0.0620,0.0446,0.0282,0.1668,0.0605,0.0944,0.0090,0.0103,0.0277,0.0110,0.0043
0.0267,0.0123,0.0111,0.0086,0.0079,0.0112,0.0699,0.0098,0.0012,0.0018,0.0004,0.0102,0.0078,0.0034,0.0000,0.0010,0.0056,0.0044,0.0352,0.0093,0.0215,0.0086,0.0477,0.0284,0.0127,0.0258,0.0132,0.0100
0.0074,0.0109,0.0056,0.0049,0.0037,0.0030,0.0308,0.0289,0.0032,0.0025,0.0096,0.0000,0.0034,0.0168,0.0036,0.0000,0.0092,0.0137,0.0320,0.0314,0.2678,0.0177,0.0533,0.0307,0.0162,0.0328,0.0160,0.0084
0.0084,0.0145,0.0084,0.0145,0.0079,0.0017,0.1020,0.0425,0.0183,0.0059,0.0122,0.0112,0.0000,0.0036,0.0093,0.0025,0.0000,0.0062,0.0318,0.0090,0.0939,0.0233,0.0124,0.0141,0.0061,0.0096,0.0053,0.0044
0.0105,0.0054,0.0323,0.0339,0.0094,0.1010,0.0172,0.0135,0.0318,0.0065,0.0023,0.0167,0.0010,0.0000,0.0025,0.0040,0.0039,0.0000,0.0111,0.0078,0.0624,0.3419,0.0458,0.0120,0.0055,0.0062,0.0031,0.0048
0.0048,0.0043,0.0062,0.0202,0.0104,0.0153,0.0102,0.0099,0.0078,0.0232,0.0091,0.0173,0.0056,0.0092,0.0000,0.0039,0.0236,0.1376,0.0001,0.0010,0.0043,0.0064,0.0317,0.0168,0.0145,0.0157,0.0125,0.0083
0.0034,0.0127,0.0112,0.0461,0.0089,0.0848,0.0109,0.0088,0.0024,0.0093,0.0024,0.0620,0.0044,0.0137,0.0062,0.0000,0.1376,0.0201,0.0342,0.0007,0.0124,0.0008,0.0006,0.0189,0.0137,0.0047,0.0057,0.0047
0.0050,0.0152,0.0239,0.0478,0.0059,0.0023,0.0219,0.0121,0.0061,0.0236,0.0144,0.0446,0.0352,0.0320,0.0318,0.0111,0.0001,0.0342,0.0001,0.0854,0.0001,0.0009,0.0022,0.0050,0.0273,0.0048,0.0038,0.0048
0.0090,0.0053,0.0118,0.0220,0.0054,0.0707,0.0178,0.0089,0.0027,0.0098,0.0053,0.0282,0.0093,0.0314,0.0090,0.0078,0.0010,0.0007,0.0854,0.0514,0.0138,0.0000,0.0011,0.0106,0.0071,0.0087,0.0039,0.0069
0.0047,0.0095,0.0072,0.0170,0.0046,0.0234,0.0059,0.0061,0.0047,0.0207,0.0130,0.1668,0.0215,0.2678,0.0939,0.0624,0.0043,0.0124,0.0001,0.0138,0.0250,0.0152,0.0000,0.0012,0.0027,0.0026,0.0019,0.0044
0.0047,0.0050,0.0293,0.0748,0.0084,0.0731,0.0085,0.0067,0.0030,0.0359,0.0041,0.0605,0.0086,0.0177,0.0233,0.3419,0.0064,0.0008,0.0009,0.0000,0.0152,0.0034,0.0023,0.0018,0.0166,0.0019,0.0021,0.0086
0.0092,0.0052,0.0476,0.9417,0.0295,0.1362,0.0086,0.0053,0.0097,0.0287,0.0236,0.0944,0.0477,0.0533,0.0124,0.0458,0.0317,0.0006,0.0022,0.0011,0.0000,0.0023,0.0259,0.0030,0.0000,0.0006,0.0001,0.0086
0.0218,0.0030,0.0092,0.0247,0.0220,0.0524,0.0056,0.0030,0.0051,0.0097,0.0136,0.0090,0.0284,0.0307,0.0141,0.0120,0.0168,0.0189,0.0050,0.0106,0.0012,0.0018,0.0030,0.0156,0.0151,0.0000,0.0001,0.0145
0.0071,0.0105,0.0108,0.0280,0.0123,0.0285,0.0041,0.0044,0.0043,0.0109,0.0132,0.0103,0.0127,0.0162,0.0061,0.0055,0.0145,0.0137,0.0273,0.0071,0.0027,0.0166,0.0000,0.0151,0.1536,0.0253,0.0000,0.0153
0.0117,0.0072,0.0160,0.1166,0.0123,0.0367,0.0176,0.0078,0.0059,0.0186,0.0102,0.0277,0.0258,0.0328,0.0096,0.0062,0.0157,0.0047,0.0048,0.0087,0.0026,0.0019,0.0006,0.0000,0.0253,0.0381,0.0003,0.0003
0.0165,0.0042,0.0342,0.8986,0.0577,0.4677,0.0200,0.0169,0.0315,0.0568,0.0583,0.0110,0.0132,0.0160,0.0053,0.0031,0.0125,0.0057,0.0038,0.0039,0.0019,0.0021,0.0001,0.0001,0.0000,0.0003,0.0016,0.0063
0.0108,0.0031,0.0057,0.0389,0.0150,0.0473,0.0064,0.0037,0.0069,0.0076,0.0064,0.0043,0.0100,0.0084,0.0044,0.0048,0.0083,0.0047,0.0048,0.0069,0.0044,0.0086,0.0086,0.0145,0.0153,0.0003,0.0063,0.0139