c1,c2,c3,c4,c5,c6,c7,c8,c9,c10,c11,c12,c13,c14,c15,c16,c17,c18,c19,c20,c21,c22,c23,c24,c25,c26,c27,c28
0.0031,0.0035,0.0001,0.0001,0.0264,0.0002,0.0842,0.0310,0.0046,0.0147,0.0074,0.0401,0.0124,0.0321,0.0080,0.0227,0.0226,0.0061,0.0099,0.0146,0.0073,0.0073,0.0267,0.0073,0.0066,0.0082,0.0183,0.0023
0.0035,0.0110,0.0321,0.0000,0.0119,0.0002,0.0055,0.0274,0.0108,0.0101,0.0036,0.0540,0.0020,0.1218,0.0018,0.0059,0.0074,0.0052,0.0083,0.0063,0.0130,0.0077,0.2273,0.0043,0.1393,0.0039,0.0344,0.0018
0.0001,0.0321,0.0160,0.0002,0.0008,0.0001,0.0007,0.0070,0.0154,0.0161,0.0111,0.5247,0.0050,0.0054,0.0039,0.0028,0.0055,0.0038,0.0046,0.0066,0.0148,0.0099,0.1735,0.0287,0.1043,0.0350,0.0313,0.0047
0.0001,0.0000,0.0002,0.0024,0.0180,0.0000,0.0002,0.0032,0.0035,0.0251,0.0148,0.9996,0.0205,0.0245,0.0035,0.0031,0.0050,0.0029,0.0060,0.0055,0.0138,0.0074,0.2880,0.0066,0.4363,0.0117,0.9346,0.0081
0.0264,0.0119,0.0008,0.0180,0.0776,0.0002,0.0004,0.0053,0.0058,0.0283,0.0182,0.2777,0.0089,0.0038,0.0020,0.0021,0.0046,0.0030,0.0031,0.0043,0.0088,0.0053,0.0204,0.0059,0.0267,0.0061,0.0190,0.0099
0.0002,0.0002,0.0001,0.0000,0.0002,0.0002,0.0060,0.0003,0.0091,0.7819,0.0400,0.9325,0.0830,0.0244,0.0032,0.0023,0.0044,0.0023,0.0038,0.0027,0.0110,0.0048,0.0155,0.0067,0.2655,0.0150,0.9995,0.0159
0.0842,0.0055,0.0007,0.0002,0.0004,0.0060,0.0134,0.0117,0.0024,0.8553,0.0017,0.0011,0.0065,0.0033,0.0022,0.0047,0.0047,0.0030,0.0049,0.0064,0.0091,0.0068,0.0187,0.0069,0.0213,0.0117,0.2142,0.0159
0.0310,0.0274,0.0070,0.0032,0.0053,0.0003,0.0117,0.3640,0.7825,0.0000,0.0161,0.0002,0.0020,0.0035,0.0021,0.0028,0.0074,0.0042,0.0042,0.0050,0.0069,0.0030,0.0137,0.0039,0.0143,0.0127,0.1124,0.0285
0.0046,0.0108,0.0154,0.0035,0.0058,0.0091,0.0024,0.7825,0.8878,0.0108,0.0005,0.0000,0.0002,0.0001,0.0007,0.0035,0.0033,0.0022,0.0028,0.0036,0.0116,0.0062,0.0249,0.0038,0.0112,0.0235,0.6388,0.1301
0.0147,0.0101,0.0161,0.0251,0.0283,0.7819,0.8553,0.0000,0.0108,0.0019,0.0007,0.0000,0.0000,0.0000,0.0004,0.0013,0.0040,0.0035,0.0140,0.0082,0.0101,0.0076,0.0170,0.0069,0.1294,0.0640,0.9999,0.0441
0.0074,0.0036,0.0111,0.0148,0.0182,0.0400,0.0017,0.0161,0.0005,0.0007,0.0351,0.0000,0.0006,0.0002,0.0004,0.0005,0.0086,0.0072,0.0073,0.0054,0.0080,0.0031,0.0078,0.0019,0.0287,0.0688,0.2640,1.0000
0.0401,0.0540,0.5247,0.9996,0.2777,0.9325,0.0011,0.0002,0.0000,0.0000,0.0000,0.0000,0.0000,0.0000,0.0000,0.0000,0.0002,0.0020,0.0070,0.0315,0.6083,0.2446,0.8972,0.3280,0.9999,0.1674,0.9950,0.0231
0.0124,0.0020,0.0050,0.0205,0.0089,0.0830,0.0065,0.0020,0.0002,0.0000,0.0006,0.0000,0.0114,0.0003,0.0000,0.0002,0.0027,0.0027,0.0057,0.0136,0.0249,0.0230,0.0681,0.1419,0.0616,0.9790,0.1519,0.8930
0.0321,0.1218,0.0054,0.0245,0.0038,0.0244,0.0033,0.0035,0.0001,0.0000,0.0002,0.0000,0.0003,0.0272,0.0001,0.0000,0.0010,0.0107,0.0060,0.0171,0.1265,0.0364,0.9995,0.0818,0.9981,0.0376,0.0127,0.0041
0.0080,0.0018,0.0039,0.0035,0.0020,0.0032,0.0022,0.0021,0.0007,0.0004,0.0004,0.0000,0.0000,0.0001,0.0193,0.0010,0.0001,0.0012,0.0065,0.0115,0.1217,0.1404,0.3920,0.9998,0.0685,0.9962,0.0184,0.0701
0.0227,0.0059,0.0028,0.0031,0.0021,0.0023,0.0047,0.0028,0.0035,0.0013,0.0005,0.0000,0.0002,0.0000,0.0010,0.0020,0.0025,0.0017,0.0164,0.1794,0.2311,0.5676,0.9543,0.7628,0.0199,0.1146,0.0040,0.0075
0.0226,0.0074,0.0055,0.0050,0.0046,0.0044,0.0047,0.0074,0.0033,0.0040,0.0086,0.0002,0.0027,0.0010,0.0001,0.0025,0.0184,0.0928,0.0002,0.0060,0.0455,0.1570,0.4543,0.2466,0.0129,0.0327,0.0044,0.0038
0.0061,0.0052,0.0038,0.0029,0.0030,0.0023,0.0030,0.0042,0.0022,0.0035,0.0072,0.0020,0.0027,0.0107,0.0012,0.0017,0.0928,0.0118,0.0700,0.0033,0.1115,0.1331,0.0180,0.0464,0.0078,0.0072,0.0036,0.0037
0.0099,0.0083,0.0046,0.0060,0.0031,0.0038,0.0049,0.0042,0.0028,0.0140,0.0073,0.0070,0.0057,0.0060,0.0065,0.0164,0.0002,0.0700,0.2603,0.0875,0.0001,0.0315,0.0094,0.0115,0.0059,0.0131,0.0037,0.0058
0.0146,0.0063,0.0066,0.0055,0.0043,0.0027,0.0064,0.0050,0.0036,0.0082,0.0054,0.0315,0.0136,0.0171,0.0115,0.1794,0.0060,0.0033,0.0875,0.0944,0.0039,0.0007,0.0007,0.0071,0.0010,0.0086,0.0012,0.0077
0.0073,0.0130,0.0148,0.0138,0.0088,0.0110,0.0091,0.0069,0.0116,0.0101,0.0080,0.6083,0.0249,0.1265,0.1217,0.2311,0.0455,0.1115,0.0001,0.0039,0.0629,0.0168,0.0000,0.0020,0.0001,0.0005,0.0003,0.0013
0.0073,0.0077,0.0099,0.0074,0.0053,0.0048,0.0068,0.0030,0.0062,0.0076,0.0031,0.2446,0.0230,0.0364,0.1404,0.5676,0.1570,0.1331,0.0315,0.0007,0.0168,0.0483,0.0001,0.0001,0.0001,0.0007,0.0001,0.0014
0.0267,0.2273,0.1735,0.2880,0.0204,0.0155,0.0187,0.0137,0.0249,0.0170,0.0078,0.8972,0.0681,0.9995,0.3920,0.9543,0.4543,0.0180,0.0094,0.0007,0.0000,0.0001,0.0001,0.0001,0.0000,0.0000,0.0000,0.0001
0.0073,0.0043,0.0287,0.0066,0.0059,0.0067,0.0069,0.0039,0.0038,0.0069,0.0019,0.3280,0.1419,0.0818,0.9998,0.7628,0.2466,0.0464,0.0115,0.0071,0.0020,0.0001,0.0001,0.0075,0.0000,0.0000,0.0000,0.0008
0.0066,0.1393,0.1043,0.4363,0.0267,0.2655,0.0213,0.0143,0.0112,0.1294,0.0287,0.9999,0.0616,0.9981,0.0685,0.0199,0.0129,0.0078,0.0059,0.0010,0.0001,0.0001,0.0000,0.0000,0.0042,0.0001,0.0000,0.0000
0.0082,0.0039,0.0350,0.0117,0.0061,0.0150,0.0117,0.0127,0.0235,0.0640,0.0688,0.1674,0.9790,0.0376,0.9962,0.1146,0.0327,0.0072,0.0131,0.0086,0.0005,0.0007,0.0000,0.0000,0.0001,0.0058,0.0000,0.0000
0.0183,0.0344,0.0313,0.9346,0.0190,0.9995,0.2142,0.1124,0.6388,0.9999,0.2640,0.9950,0.1519,0.0127,0.0184,0.0040,0.0044,0.0036,0.0037,0.0012,0.0003,0.0001,0.0000,0.0000,0.0000,0.0000,0.0000,0.0000
0.0023,0.0018,0.0047,0.0081,0.0099,0.0159,0.0159,0.0285,0.1301,0.0441,1.0000,0.0231,0.8930,0.0041,0.0701,0.0075,0.0038,0.0037,0.0058,0.0077,0.0013,0.0014,0.0001,0.0008,0.0000,0.0000,0.0000,0.0004