c1,c2,c3,c4,c5,c6,c7,c8,c9,c10,c11,c12,c13,c14,c15,c16,c17,c18,c19,c20,c21,c22,c23,c24,c25,c26,c27,c28
0.0025,0.0090,0.0001,0.0001,0.0284,0.0004,0.0593,0.0222,0.0067,0.0100,0.0043,0.0494,0.0106,0.0288,0.0052,0.0275,0.0143,0.0062,0.0069,0.0189,0.0075,0.0058,0.0294,0.0090,0.0095,0.0067,0.0154,0.0030
0.0090,0.0376,0.0395,0.0000,0.0146,0.0002,0.0052,0.0219,0.0140,0.0081,0.0030,0.0333,0.0021,0.0576,0.0015,0.0068,0.0041,0.0063,0.0105,0.0054,0.0164,0.0058,0.0969,0.0047,0.0597,0.0050,0.0219,0.0039
0.0001,0.0395,0.0168,0.0003,0.0010,0.0001,0.0012,0.0124,0.0185,0.0124,0.0134,0.5195,0.0052,0.0070,0.0032,0.0042,0.0034,0.0041,0.0051,0.0065,0.0122,0.0073,0.3215,0.0160,0.0737,0.0163,0.0203,0.0046
0.0001,0.0000,0.0003,0.0022,0.0253,0.0000,0.0003,0.0050,0.0071,0.0273,0.0456,0.9938,0.0202,0.0122,0.0024,0.0035,0.0033,0.0046,0.0103,0.0071,0.0203,0.0081,0.4314,0.0077,0.2021,0.0127,0.7936,0.0079
0.0284,0.0146,0.0010,0.0253,0.0432,0.0002,0.0004,0.0072,0.0028,0.0266,0.0204,0.1765,0.0097,0.0038,0.0019,0.0022,0.0033,0.0041,0.0039,0.0040,0.0074,0.0040,0.0200,0.0050,0.0360,0.0071,0.0273,0.0098
0.0004,0.0002,0.0001,0.0000,0.0002,0.0006,0.0073,0.0006,0.0319,0.4164,0.1103,0.6535,0.1105,0.0146,0.0019,0.0016,0.0027,0.0027,0.0053,0.0036,0.0123,0.0035,0.0311,0.0079,0.2533,0.0174,0.9957,0.0214
0.0593,0.0052,0.0012,0.0003,0.0004,0.0073,0.0200,0.0160,0.0006,0.6314,0.0020,0.0026,0.0052,0.0026,0.0018,0.0025,0.0024,0.0028,0.0051,0.0045,0.0080,0.0041,0.0291,0.0079,0.0936,0.0161,0.4184,0.0160
0.0222,0.0219,0.0124,0.0050,0.0072,0.0006,0.0160,0.2087,0.2019,0.0000,0.0042,0.0004,0.0015,0.0030,0.0015,0.0035,0.0037,0.0043,0.0028,0.0036,0.0065,0.0019,0.0271,0.0043,0.0510,0.0196,0.4185,0.0313
0.0067,0.0140,0.0185,0.0071,0.0028,0.0319,0.0006,0.2019,0.6781,0.0094,0.0002,0.0000,0.0002,0.0001,0.0003,0.0083,0.0022,0.0030,0.0019,0.0030,0.0117,0.0047,0.0520,0.0080,0.0673,0.0474,0.8391,0.1499
0.0100,0.0081,0.0124,0.0273,0.0266,0.4164,0.6314,0.0000,0.0094,0.0011,0.0105,0.0000,0.0000,0.0000,0.0002,0.0012,0.0025,0.0028,0.0064,0.0037,0.0071,0.0052,0.0501,0.0136,0.6291,0.1307,0.9998,0.0449
0.0043,0.0030,0.0134,0.0456,0.0204,0.1103,0.0020,0.0042,0.0002,0.0105,0.0973,0.0000,0.0001,0.0002,0.0002,0.0009,0.0047,0.0027,0.0021,0.0030,0.0079,0.0018,0.0787,0.0049,0.1536,0.1016,0.4859,0.9942
0.0494,0.0333,0.5195,0.9938,0.1765,0.6535,0.0026,0.0004,0.0000,0.0000,0.0000,0.0000,0.0000,0.0000,0.0000,0.0001,0.0002,0.0032,0.0208,0.0877,0.9410,0.2312,0.9945,0.3853,0.9977,0.1560,0.9707,0.0094
0.0106,0.0021,0.0052,0.0202,0.0097,0.1105,0.0052,0.0015,0.0002,0.0000,0.0001,0.0000,0.0025,0.0002,0.0000,0.0002,0.0025,0.0041,0.0139,0.0270,0.0970,0.0617,0.4133,0.7226,0.0523,0.8274,0.0672,0.6852
0.0288,0.0576,0.0070,0.0122,0.0038,0.0146,0.0026,0.0030,0.0001,0.0000,0.0002,0.0000,0.0002,0.0039,0.0001,0.0000,0.0005,0.0121,0.1391,0.0273,0.9881,0.1025,0.9987,0.0944,0.9525,0.0269,0.0057,0.0040
0.0052,0.0015,0.0032,0.0024,0.0019,0.0019,0.0018,0.0015,0.0003,0.0002,0.0002,0.0000,0.0000,0.0001,0.0093,0.0007,0.0001,0.0104,0.0479,0.0291,0.0847,0.9154,0.5708,0.9995,0.0152,0.9930,0.0077,0.0534
0.0275,0.0068,0.0042,0.0035,0.0022,0.0016,0.0025,0.0035,0.0083,0.0012,0.0009,0.0001,0.0002,0.0000,0.0007,0.0044,0.0010,0.0029,0.1095,0.0569,0.9445,0.4430,0.8888,0.0981,0.0106,0.0170,0.0029,0.0054
0.0143,0.0041,0.0034,0.0033,0.0033,0.0027,0.0024,0.0037,0.0022,0.0025,0.0047,0.0002,0.0025,0.0005,0.0001,0.0010,0.0076,0.3185,0.0009,0.2053,0.0248,0.7203,0.1067,0.3105,0.0069,0.0924,0.0035,0.0040
0.0062,0.0063,0.0041,0.0046,0.0041,0.0027,0.0028,0.0043,0.0030,0.0028,0.0027,0.0032,0.0041,0.0121,0.0104,0.0029,0.3185,0.0156,0.2172,0.0022,0.0034,0.0423,0.0020,0.0306,0.0058,0.0133,0.0037,0.0062
0.0069,0.0105,0.0051,0.0103,0.0039,0.0053,0.0051,0.0028,0.0019,0.0064,0.0021,0.0208,0.0139,0.1391,0.0479,0.1095,0.0009,0.2172,0.0000,0.2228,0.0001,0.0060,0.0032,0.0045,0.0075,0.0090,0.0074,0.0097
0.0189,0.0054,0.0065,0.0071,0.0040,0.0036,0.0045,0.0036,0.0030,0.0037,0.0030,0.0877,0.0270,0.0273,0.0291,0.0569,0.2053,0.0022,0.2228,0.0269,0.0005,0.0004,0.0003,0.0115,0.0008,0.0080,0.0015,0.0048
0.0075,0.0164,0.0122,0.0203,0.0074,0.0123,0.0080,0.0065,0.0117,0.0071,0.0079,0.9410,0.0970,0.9881,0.0847,0.9445,0.0248,0.0034,0.0001,0.0005,0.0137,0.0033,0.0000,0.0002,0.0001,0.0002,0.0002,0.0014
0.0058,0.0058,0.0073,0.0081,0.0040,0.0035,0.0041,0.0019,0.0047,0.0052,0.0018,0.2312,0.0617,0.1025,0.9154,0.4430,0.7203,0.0423,0.0060,0.0004,0.0033,0.0152,0.0000,0.0002,0.0004,0.0009,0.0001,0.0019
0.0294,0.0969,0.3215,0.4314,0.0200,0.0311,0.0291,0.0271,0.0520,0.0501,0.0787,0.9945,0.4133,0.9987,0.5708,0.8888,0.1067,0.0020,0.0032,0.0003,0.0000,0.0000,0.0000,0.0001,0.0000,0.0000,0.0000,0.0001
0.0090,0.0047,0.0160,0.0077,0.0050,0.0079,0.0079,0.0043,0.0080,0.0136,0.0049,0.3853,0.7226,0.0944,0.9995,0.0981,0.3105,0.0306,0.0045,0.0115,0.0002,0.0002,0.0001,0.0035,0.0000,0.0000,0.0000,0.0015
0.0095,0.0597,0.0737,0.2021,0.0360,0.2533,0.0936,0.0510,0.0673,0.6291,0.1536,0.9977,0.0523,0.9525,0.0152,0.0106,0.0069,0.0058,0.0075,0.0008,0.0001,0.0004,0.0000,0.0000,0.0017,0.0002,0.0000,0.0000
0.0067,0.0050,0.0163,0.0127,0.0071,0.0174,0.0161,0.0196,0.0474,0.1307,0.1016,0.1560,0.8274,0.0269,0.9930,0.0170,0.0924,0.0133,0.0090,0.0080,0.0002,0.0009,0.0000,0.0000,0.0002,0.0032,0.0000,0.0001
0.0154,0.0219,0.0203,0.7936,0.0273,0.9957,0.4184,0.4185,0.8391,0.9998,0.4859,0.9707,0.0672,0.0057,0.0077,0.0029,0.0035,0.0037,0.0074,0.0015,0.0002,0.0001,0.0000,0.0000,0.0000,0.0000,0.0000,0.0004
0.0030,0.0039,0.0046,0.0079,0.0098,0.0214,0.0160,0.0313,0.1499,0.0449,0.9942,0.0094,0.6852,0.0040,0.0534,0.0054,0.0040,0.0062,0.0097,0.0048,0.0014,0.0019,0.0001,0.0015,0.0000,0.0001,0.0004,0.0009