c1,c2,c3,c4,c5,c6,c7,c8,c9,c10,c11,c12,c13,c14,c15,c16,c17,c18,c19,c20,c21,c22,c23,c24,c25,c26,c27,c28
0.0067,0.0052,0.0025,0.0008,0.0329,0.0004,0.0478,0.0273,0.0032,0.0040,0.0032,0.0995,0.0077,0.0454,0.0029,0.0301,0.0194,0.0021,0.0089,0.0115,0.0094,0.0026,0.0124,0.0044,0.0047,0.0038,0.0094,0.0051
0.0052,0.0646,0.0270,0.0000,0.0076,0.0002,0.0047,0.0251,0.0040,0.0069,0.0022,0.0474,0.0036,0.1735,0.0029,0.0210,0.0116,0.0040,0.0270,0.0059,0.0786,0.0024,0.0864,0.0018,0.0131,0.0029,0.0086,0.0033
0.0025,0.0270,0.0261,0.0004,0.0006,0.0001,0.0018,0.0167,0.0070,0.0054,0.0075,0.0622,0.0079,0.0111,0.0039,0.0174,0.0179,0.0076,0.0145,0.0101,0.0121,0.0059,0.0262,0.0070,0.0193,0.0082,0.0169,0.0078
0.0008,0.0000,0.0004,0.0030,0.0141,0.0000,0.0001,0.0019,0.0010,0.0051,0.0067,0.9998,0.0074,0.0210,0.0027,0.0034,0.0026,0.0021,0.0107,0.0046,0.4286,0.0089,0.9945,0.0062,0.0249,0.0120,0.1273,0.0065
0.0329,0.0076,0.0006,0.0141,0.0349,0.0003,0.0001,0.0029,0.0023,0.0094,0.0106,0.0659,0.0071,0.0042,0.0021,0.0076,0.0071,0.0050,0.0068,0.0067,0.0157,0.0050,0.0742,0.0082,0.0151,0.0092,0.0536,0.0166
0.0004,0.0002,0.0001,0.0000,0.0003,0.0001,0.0026,0.0003,0.0057,0.4626,0.0294,0.8235,0.0336,0.0151,0.0017,0.0025,0.0035,0.0026,0.0134,0.0039,0.1807,0.0112,0.9968,0.0167,0.0925,0.0109,0.1808,0.0086
0.0478,0.0047,0.0018,0.0001,0.0001,0.0026,0.0047,0.0049,0.0002,0.0110,0.0004,0.0029,0.0056,0.0032,0.0020,0.0073,0.0094,0.0047,0.0229,0.0108,0.0247,0.0075,0.1920,0.0213,0.2923,0.0303,0.3311,0.0309
0.0273,0.0251,0.0167,0.0019,0.0029,0.0003,0.0049,0.0892,0.1347,0.0000,0.0007,0.0003,0.0009,0.0056,0.0018,0.0138,0.0131,0.0047,0.0107,0.0049,0.0053,0.0022,0.0377,0.0070,0.3213,0.1065,0.2912,0.0375
0.0032,0.0040,0.0070,0.0010,0.0023,0.0057,0.0002,0.1347,0.0115,0.0012,0.0001,0.0000,0.0001,0.0002,0.0004,0.0085,0.0071,0.0019,0.0031,0.0041,0.0054,0.0031,0.0599,0.0132,0.6824,0.9848,0.9982,0.5415
0.0040,0.0069,0.0054,0.0051,0.0094,0.4626,0.0110,0.0000,0.0012,0.0000,0.0003,0.0000,0.0000,0.0000,0.0005,0.0016,0.0033,0.0032,0.0433,0.0120,0.0805,0.0726,0.9946,0.1631,1.0000,0.7085,0.7328,0.0183
0.0032,0.0022,0.0075,0.0067,0.0106,0.0294,0.0004,0.0007,0.0001,0.0003,0.0248,0.0000,0.0001,0.0002,0.0003,0.0042,0.0082,0.0032,0.0048,0.0029,0.0069,0.0048,0.2596,0.9852,0.0501,0.9959,0.4761,0.1275
0.0995,0.0474,0.0622,0.9998,0.0659,0.8235,0.0029,0.0003,0.0000,0.0000,0.0000,0.0000,0.0000,0.0000,0.0000,0.0004,0.0004,0.0088,0.0349,0.0174,1.0000,0.1435,0.9981,0.1700,0.0440,0.0103,0.0139,0.0037
0.0077,0.0036,0.0079,0.0074,0.0071,0.0336,0.0056,0.0009,0.0001,0.0000,0.0001,0.0000,0.0033,0.0003,0.0000,0.0009,0.0041,0.0205,0.0422,0.0649,0.0378,0.9963,0.4410,0.9918,0.0039,0.0585,0.0240,0.0162
0.0454,0.1735,0.0111,0.0210,0.0042,0.0151,0.0032,0.0056,0.0002,0.0000,0.0002,0.0000,0.0003,0.0242,0.0002,0.0003,0.0008,0.0223,0.9014,0.0395,0.9995,0.0264,0.1733,0.0193,0.0098,0.0035,0.0031,0.0024
0.0029,0.0029,0.0039,0.0027,0.0021,0.0017,0.0020,0.0018,0.0004,0.0005,0.0003,0.0000,0.0000,0.0002,0.0069,0.0064,0.0065,0.8609,0.0618,0.2498,0.0684,0.9989,0.0260,0.4997,0.0091,0.0118,0.0089,0.0080
0.0301,0.0210,0.0174,0.0034,0.0076,0.0025,0.0073,0.0138,0.0085,0.0016,0.0042,0.0004,0.0009,0.0003,0.0064,0.0092,0.0219,0.0015,0.0483,0.0556,0.0473,0.1244,0.0045,0.0190,0.0038,0.0059,0.0034,0.0064
0.0194,0.0116,0.0179,0.0026,0.0071,0.0035,0.0094,0.0131,0.0071,0.0033,0.0082,0.0004,0.0041,0.0008,0.0065,0.0219,0.0744,0.0810,0.0006,0.0308,0.0015,0.0279,0.0024,0.0145,0.0061,0.0118,0.0043,0.0083
0.0021,0.0040,0.0076,0.0021,0.0050,0.0026,0.0047,0.0047,0.0019,0.0032,0.0032,0.0088,0.0205,0.0223,0.8609,0.0015,0.0810,0.0002,0.0424,0.0849,0.0011,0.4112,0.0003,0.0564,0.0027,0.0019,0.0016,0.0042
0.0089,0.0270,0.0145,0.0107,0.0068,0.0134,0.0229,0.0107,0.0031,0.0433,0.0048,0.0349,0.0422,0.9014,0.0618,0.0483,0.0006,0.0424,0.0006,0.0425,0.0000,0.0002,0.0001,0.0005,0.0040,0.0021,0.0073,0.0069
0.0115,0.0059,0.0101,0.0046,0.0067,0.0039,0.0108,0.0049,0.0041,0.0120,0.0029,0.0174,0.0649,0.0395,0.2498,0.0556,0.0308,0.0849,0.0425,0.0420,0.0002,0.0001,0.0001,0.0079,0.0011,0.0046,0.0023,0.0049
0.0094,0.0786,0.0121,0.4286,0.0157,0.1807,0.0247,0.0053,0.0054,0.0805,0.0069,1.0000,0.0378,0.9995,0.0684,0.0473,0.0015,0.0011,0.0000,0.0002,0.0056,0.0002,0.0000,0.0000,0.0000,0.0001,0.0004,0.0016
0.0026,0.0024,0.0059,0.0089,0.0050,0.0112,0.0075,0.0022,0.0031,0.0726,0.0048,0.1435,0.9963,0.0264,0.9989,0.1244,0.0279,0.4112,0.0002,0.0001,0.0002,0.0047,0.0000,0.0001,0.0003,0.0007,0.0002,0.0023
0.0124,0.0864,0.0262,0.9945,0.0742,0.9968,0.1920,0.0377,0.0599,0.9946,0.2596,0.9981,0.4410,0.1733,0.0260,0.0045,0.0024,0.0003,0.0001,0.0001,0.0000,0.0000,0.0002,0.0001,0.0000,0.0000,0.0000,0.0002
0.0044,0.0018,0.0070,0.0062,0.0082,0.0167,0.0213,0.0070,0.0132,0.1631,0.9852,0.1700,0.9918,0.0193,0.4997,0.0190,0.0145,0.0564,0.0005,0.0079,0.0000,0.0001,0.0001,0.0047,0.0001,0.0000,0.0000,0.0023
0.0047,0.0131,0.0193,0.0249,0.0151,0.0925,0.2923,0.3213,0.6824,1.0000,0.0501,0.0440,0.0039,0.0098,0.0091,0.0038,0.0061,0.0027,0.0040,0.0011,0.0000,0.0003,0.0000,0.0001,0.0511,0.0045,0.0000,0.0013
0.0038,0.0029,0.0082,0.0120,0.0092,0.0109,0.0303,0.1065,0.9848,0.7085,0.9959,0.0103,0.0585,0.0035,0.0118,0.0059,0.0118,0.0019,0.0021,0.0046,0.0001,0.0007,0.0000,0.0000,0.0045,0.0083,0.0000,0.0002
0.0094,0.0086,0.0169,0.1273,0.0536,0.1808,0.3311,0.2912,0.9982,0.7328,0.4761,0.0139,0.0240,0.0031,0.0089,0.0034,0.0043,0.0016,0.0073,0.0023,0.0004,0.0002,0.0000,0.0000,0.0000,0.0000,0.0002,0.0069
0.0051,0.0033,0.0078,0.0065,0.0166,0.0086,0.0309,0.0375,0.5415,0.0183,0.1275,0.0037,0.0162,0.0024,0.0080,0.0064,0.0083,0.0042,0.0069,0.0049,0.0016,0.0023,0.0002,0.0023,0.0013,0.0002,0.0069,0.0637