c1,c2,c3,c4,c5,c6,c7,c8,c9,c10,c11,c12,c13,c14,c15
0.0003,0.0053,0.0000,0.0066,0.0022,0.0163,0.0390,0.0324,0.0193,0.0220,0.0141,0.0243,0.0142,0.0101,0.0195
0.0053,0.0068,0.0434,0.0000,0.0282,0.0033,0.0079,0.0276,0.0151,0.0098,0.0156,0.0049,0.0061,0.0045,0.0134
0.0000,0.0434,0.0573,0.0090,0.0002,0.0059,0.0068,0.0160,0.0163,0.0193,0.0201,0.0110,0.0099,0.0087,0.0159
0.0066,0.0000,0.0090,0.0653,0.0161,0.0002,0.0107,0.0121,0.0051,0.0231,0.0185,0.0177,0.0124,0.0114,0.0171
0.0022,0.0282,0.0002,0.0161,0.0025,0.0256,0.0000,0.0077,0.0107,0.0125,0.0695,0.0266,0.0182,0.0196,0.0234
0.0163,0.0033,0.0059,0.0002,0.0256,0.0412,0.0301,0.0003,0.0143,0.0055,0.0068,0.0221,0.0145,0.0092,0.0061
0.0390,0.0079,0.0068,0.0107,0.0000,0.0301,0.0111,0.0097,0.0008,0.0127,0.0257,0.0137,0.0199,0.0051,0.0062
0.0324,0.0276,0.0160,0.0121,0.0077,0.0003,0.0097,0.0464,0.0242,0.0002,0.0057,0.0110,0.0050,0.0058,0.0033
0.0193,0.0151,0.0163,0.0051,0.0107,0.0143,0.0008,0.0242,0.0766,0.0191,0.0001,0.0033,0.0059,0.0043,0.0053
0.0220,0.0098,0.0193,0.0231,0.0125,0.0055,0.0127,0.0002,0.0191,0.0274,0.0126,0.0001,0.0110,0.0067,0.0069
0.0141,0.0156,0.0201,0.0185,0.0695,0.0068,0.0257,0.0057,0.0001,0.0126,0.0929,0.0057,0.0002,0.0035,0.0022
0.0243,0.0049,0.0110,0.0177,0.0266,0.0221,0.0137,0.0110,0.0033,0.0001,0.0057,0.1550,0.0146,0.0001,0.0039
0.0142,0.0061,0.0099,0.0124,0.0182,0.0145,0.0199,0.0050,0.0059,0.0110,0.0002,0.0146,0.0625,0.0470,0.0000
0.0101,0.0045,0.0087,0.0114,0.0196,0.0092,0.0051,0.0058,0.0043,0.0067,0.0035,0.0001,0.0470,0.0689,0.0054
0.0195,0.0134,0.0159,0.0171,0.0234,0.0061,0.0062,0.0033,0.0053,0.0069,0.0022,0.0039,0.0000,0.0054,0.2706