c1,c2,c3,c4,c5,c6,c7,c8,c9,c10,c11,c12,c13,c14,c15
0.0001,0.0040,0.0000,0.0035,0.0116,0.0104,0.0566,0.0216,0.0784,0.0279,0.0688,0.0195,0.0153,0.0273,0.0033
0.0040,0.0050,0.0224,0.0001,0.0327,0.0088,0.0078,0.0216,0.0201,0.0138,0.0074,0.0046,0.0066,0.0114,0.0052
0.0000,0.0224,0.0515,0.0070,0.0004,0.0110,0.0050,0.0272,0.0110,0.0220,0.0189,0.0072,0.0180,0.0298,0.0156
0.0035,0.0001,0.0070,0.0180,0.2147,0.0000,0.0039,0.0116,0.0098,0.0353,0.0182,0.0181,0.0090,0.0224,0.0162
0.0116,0.0327,0.0004,0.2147,0.0001,0.0767,0.0001,0.0053,0.0065,0.0123,0.0152,0.0128,0.0121,0.0193,0.0144
0.0104,0.0088,0.0110,0.0000,0.0767,0.1942,0.0103,0.0000,0.0034,0.0092,0.0056,0.0265,0.0247,0.0274,0.0104
0.0566,0.0078,0.0050,0.0039,0.0001,0.0103,0.0050,0.0121,0.0000,0.0094,0.0170,0.0332,0.0194,0.2707,0.0200
0.0216,0.0216,0.0272,0.0116,0.0053,0.0000,0.0121,0.0089,0.0028,0.0004,0.0054,0.0356,0.0106,0.0304,0.0461
0.0784,0.0201,0.0110,0.0098,0.0065,0.0034,0.0000,0.0028,0.0017,0.0341,0.0005,0.0048,0.0141,0.1340,0.0801
0.0279,0.0138,0.0220,0.0353,0.0123,0.0092,0.0094,0.0004,0.0341,0.0091,0.0204,0.0000,0.0058,0.0065,0.0086
0.0688,0.0074,0.0189,0.0182,0.0152,0.0056,0.0170,0.0054,0.0005,0.0204,0.0648,0.0173,0.0001,0.0006,0.0058
0.0195,0.0046,0.0072,0.0181,0.0128,0.0265,0.0332,0.0356,0.0048,0.0000,0.0173,0.1166,0.0347,0.0000,0.0228
0.0153,0.0066,0.0180,0.0090,0.0121,0.0247,0.0194,0.0106,0.0141,0.0058,0.0001,0.0347,0.0792,0.0016,0.0001
0.0273,0.0114,0.0298,0.0224,0.0193,0.0274,0.2707,0.0304,0.1340,0.0065,0.0006,0.0000,0.0016,0.0014,0.0006
0.0033,0.0052,0.0156,0.0162,0.0144,0.0104,0.0200,0.0461,0.0801,0.0086,0.0058,0.0228,0.0001,0.0006,0.0013