c1,c2,c3,c4,c5,c6,c7,c8,c9,c10,c11,c12,c13,c14,c15
0.0000,0.0032,0.0000,0.0043,0.0140,0.0119,0.0230,0.0296,0.0375,0.0668,0.0345,0.0288,0.0121,0.0164,0.0129
0.0032,0.0062,0.0206,0.0001,0.0176,0.0056,0.0048,0.0229,0.0104,0.0054,0.0064,0.0157,0.0090,0.0184,0.0158
0.0000,0.0206,0.0050,0.0063,0.0005,0.0051,0.0141,0.0101,0.0167,0.0237,0.0150,0.0169,0.0258,0.0195,0.0342
0.0043,0.0001,0.0063,0.0284,0.1478,0.0001,0.0108,0.0108,0.0051,0.0101,0.0048,0.0113,0.0246,0.0245,0.0381
0.0140,0.0176,0.0005,0.1478,0.0010,0.0356,0.0001,0.0049,0.0004,0.0048,0.0105,0.0153,0.0218,0.0297,0.0584
0.0119,0.0056,0.0051,0.0001,0.0356,0.0209,0.0331,0.0003,0.0138,0.0082,0.0022,0.0202,0.0092,0.0253,0.0310
0.0230,0.0048,0.0141,0.0108,0.0001,0.0331,0.0102,0.0068,0.0009,0.0130,0.0093,0.0044,0.0101,0.0202,0.0124
0.0296,0.0229,0.0101,0.0108,0.0049,0.0003,0.0068,0.0335,0.1638,0.0000,0.0038,0.0030,0.0040,0.0298,0.0247
0.0375,0.0104,0.0167,0.0051,0.0004,0.0138,0.0009,0.1638,0.0011,0.0355,0.0003,0.0033,0.0127,0.0086,0.0358
0.0668,0.0054,0.0237,0.0101,0.0048,0.0082,0.0130,0.0000,0.0355,0.0437,0.0146,0.0005,0.0191,0.0018,0.0081
0.0345,0.0064,0.0150,0.0048,0.0105,0.0022,0.0093,0.0038,0.0003,0.0146,0.0587,0.0359,0.0013,0.0032,0.0109
0.0288,0.0157,0.0169,0.0113,0.0153,0.0202,0.0044,0.0030,0.0033,0.0005,0.0359,0.0926,0.0151,0.0001,0.0030
0.0121,0.0090,0.0258,0.0246,0.0218,0.0092,0.0101,0.0040,0.0127,0.0191,0.0013,0.0151,0.0056,0.0061,0.0001
0.0164,0.0184,0.0195,0.0245,0.0297,0.0253,0.0202,0.0298,0.0086,0.0018,0.0032,0.0001,0.0061,0.0258,0.0002
0.0129,0.0158,0.0342,0.0381,0.0584,0.0310,0.0124,0.0247,0.0358,0.0081,0.0109,0.0030,0.0001,0.0002,0.0003