c1,c2,c3,c4,c5,c6,c7,c8,c9,c10,c11,c12,c13,c14,c15
0.0003,0.0194,0.0000,0.0049,0.0067,0.0084,0.0207,0.0283,0.1070,0.0299,0.0146,0.0184,0.0112,0.0112,0.0065
0.0194,0.0283,0.0143,0.0000,0.0054,0.0044,0.0045,0.0168,0.0247,0.0085,0.0163,0.0083,0.0081,0.0081,0.0063
0.0000,0.0143,0.0071,0.0031,0.0014,0.0287,0.0119,0.0484,0.0280,0.0197,0.0194,0.0165,0.0078,0.0084,0.0079
0.0049,0.0000,0.0031,0.0178,0.1154,0.0002,0.0080,0.0109,0.0158,0.0111,0.0141,0.0675,0.0100,0.0091,0.0147
0.0067,0.0054,0.0014,0.1154,0.0001,0.0587,0.0002,0.0085,0.0231,0.0127,0.0090,0.0295,0.0066,0.0078,0.0143
0.0084,0.0044,0.0287,0.0002,0.0587,0.0440,0.0058,0.0001,0.0064,0.0098,0.0038,0.0328,0.0101,0.0179,0.0097
0.0207,0.0045,0.0119,0.0080,0.0002,0.0058,0.0435,0.0104,0.0002,0.0070,0.0078,0.0184,0.0224,0.0217,0.0105
0.0283,0.0168,0.0484,0.0109,0.0085,0.0001,0.0104,0.0324,0.0074,0.0002,0.0042,0.0140,0.0071,0.0167,0.0082
0.1070,0.0247,0.0280,0.0158,0.0231,0.0064,0.0002,0.0074,0.0009,0.0178,0.0002,0.0028,0.0101,0.0046,0.0343
0.0299,0.0085,0.0197,0.0111,0.0127,0.0098,0.0070,0.0002,0.0178,0.0530,0.0265,0.0000,0.0097,0.0057,0.0113
0.0146,0.0163,0.0194,0.0141,0.0090,0.0038,0.0078,0.0042,0.0002,0.0265,0.0157,0.0173,0.0004,0.0097,0.0114
0.0184,0.0083,0.0165,0.0675,0.0295,0.0328,0.0184,0.0140,0.0028,0.0000,0.0173,0.0021,0.0160,0.0001,0.0137
0.0112,0.0081,0.0078,0.0100,0.0066,0.0101,0.0224,0.0071,0.0101,0.0097,0.0004,0.0160,0.1045,0.0205,0.0001
0.0112,0.0081,0.0084,0.0091,0.0078,0.0179,0.0217,0.0167,0.0046,0.0057,0.0097,0.0001,0.0205,0.0217,0.0011
0.0065,0.0063,0.0079,0.0147,0.0143,0.0097,0.0105,0.0082,0.0343,0.0113,0.0114,0.0137,0.0001,0.0011,0.0304