c1,c2,c3,c4,c5,c6,c7,c8,c9,c10,c11,c12,c13,c14,c15,c16,c17,c18,c19,c20,c21,c22,c23,c24,c25,c26,c27,c28,c29
0.0000,0.0055,0.0000,0.0004,0.0090,0.0015,0.0146,0.0180,0.0166,0.0243,0.0085,0.0130,0.0089,0.0134,0.0213,0.1127,0.0384,0.0246,0.0228,0.0222,0.0174,0.0268,0.0119,0.0126,0.0084,0.0135,0.0056,0.0050,0.0025
0.0055,0.0535,0.0289,0.0000,0.0021,0.0024,0.0028,0.0095,0.0076,0.0078,0.0090,0.0056,0.0210,0.0197,0.0206,0.0273,0.0150,0.0146,0.0082,0.0111,0.0073,0.0098,0.0067,0.0064,0.0094,0.0099,0.0071,0.0036,0.0026
0.0000,0.0289,0.0521,0.0022,0.0001,0.0005,0.0025,0.0036,0.0122,0.0190,0.0132,0.0779,0.0253,0.0881,0.0642,0.0553,0.0191,0.0240,0.0118,0.0106,0.0102,0.0079,0.0050,0.0061,0.0050,0.0048,0.0078,0.0038,0.0022
0.0004,0.0000,0.0022,0.0005,0.0132,0.0000,0.0002,0.0025,0.0070,0.0261,0.0120,0.0752,0.0687,0.1266,0.7466,0.0539,0.0566,0.0246,0.0232,0.0203,0.0100,0.0259,0.0087,0.0259,0.0058,0.0097,0.0059,0.0034,0.0024
0.0090,0.0021,0.0001,0.0132,0.0149,0.0083,0.0003,0.0016,0.0076,0.0121,0.0213,0.8762,0.0478,0.3039,0.0607,0.0209,0.0063,0.0041,0.0072,0.0068,0.0093,0.0023,0.0038,0.0033,0.0036,0.0015,0.0019,0.0015,0.0022
0.0015,0.0024,0.0005,0.0000,0.0083,0.0007,0.0019,0.0000,0.0010,0.0040,0.0108,0.1286,0.9746,0.0311,0.3884,0.0302,0.0286,0.0271,0.0125,0.0185,0.0124,0.0549,0.0066,0.0182,0.0077,0.0095,0.0040,0.0037,0.0023
0.0146,0.0028,0.0025,0.0002,0.0003,0.0019,0.0109,0.0065,0.0079,0.2455,0.0334,0.6385,0.0525,0.0270,0.0401,0.0166,0.0034,0.0040,0.0092,0.0065,0.0131,0.0032,0.0038,0.0029,0.0060,0.0017,0.0028,0.0014,0.0024
0.0180,0.0095,0.0036,0.0025,0.0016,0.0000,0.0065,0.0120,0.0738,0.0009,0.0067,0.0066,0.0157,0.0109,0.0201,0.0121,0.0076,0.0101,0.0091,0.0105,0.0088,0.0169,0.0079,0.1124,0.0071,0.0062,0.0067,0.0052,0.0070
0.0166,0.0076,0.0122,0.0070,0.0076,0.0010,0.0079,0.0738,0.0052,0.0214,0.0006,0.0087,0.0124,0.0083,0.0320,0.0197,0.0074,0.0070,0.0130,0.0123,0.0104,0.0062,0.0055,0.0048,0.0149,0.0003,0.0038,0.0025,0.0037
0.0243,0.0078,0.0190,0.0261,0.0121,0.0040,0.2455,0.0009,0.0214,0.0125,0.0387,0.0000,0.0002,0.0012,0.0036,0.0096,0.0128,0.0104,0.0270,0.0131,0.0176,0.0157,0.0091,0.0109,0.0077,0.0017,0.0054,0.0042,0.0045
0.0085,0.0090,0.0132,0.0120,0.0213,0.0108,0.0334,0.0067,0.0006,0.0387,0.0032,0.0120,0.0000,0.0011,0.0023,0.0041,0.0149,0.0166,0.0231,0.0213,0.0226,0.0317,0.0116,0.0120,0.0071,0.0140,0.0210,0.0054,0.0033
0.0130,0.0056,0.0779,0.0752,0.8762,0.1286,0.6385,0.0066,0.0087,0.0000,0.0120,0.0056,0.0023,0.0000,0.0015,0.0021,0.0015,0.0102,0.0138,0.0082,0.0039,0.0043,0.0073,0.0055,0.0037,0.0025,0.0023,0.0049,0.0032
0.0089,0.0210,0.0253,0.0687,0.0478,0.9746,0.0525,0.0157,0.0124,0.0002,0.0000,0.0023,0.0000,0.0080,0.0000,0.0013,0.0108,0.0250,0.0582,0.0800,0.0195,0.0151,0.0120,0.0117,0.0075,0.0126,0.0051,0.0117,0.0047
0.0134,0.0197,0.0881,0.1266,0.3039,0.0311,0.0270,0.0109,0.0083,0.0012,0.0011,0.0000,0.0080,0.0230,0.0067,0.0002,0.0120,0.0082,0.0090,0.0186,0.0092,0.0048,0.0030,0.0040,0.0049,0.0029,0.0037,0.0022,0.0053
0.0213,0.0206,0.0642,0.7466,0.0607,0.3884,0.0401,0.0201,0.0320,0.0036,0.0023,0.0015,0.0000,0.0067,0.0001,0.0029,0.0001,0.0009,0.0039,0.0061,0.0176,0.0091,0.0088,0.0120,0.0052,0.0098,0.0041,0.0043,0.0096
0.1127,0.0273,0.0553,0.0539,0.0209,0.0302,0.0166,0.0121,0.0197,0.0096,0.0041,0.0021,0.0013,0.0002,0.0029,0.0224,0.0040,0.0001,0.0035,0.0096,0.0046,0.0108,0.0082,0.0081,0.0057,0.0047,0.0031,0.0045,0.0052
0.0384,0.0150,0.0191,0.0566,0.0063,0.0286,0.0034,0.0076,0.0074,0.0128,0.0149,0.0015,0.0108,0.0120,0.0001,0.0040,0.0319,0.0095,0.0000,0.0024,0.0116,0.0103,0.0133,0.0104,0.0089,0.0123,0.0055,0.0150,0.0078
0.0246,0.0146,0.0240,0.0246,0.0041,0.0271,0.0040,0.0101,0.0070,0.0104,0.0166,0.0102,0.0250,0.0082,0.0009,0.0001,0.0095,0.0546,0.0029,0.0000,0.0021,0.0128,0.0037,0.0155,0.0092,0.0110,0.0082,0.0082,0.0205
0.0228,0.0082,0.0118,0.0232,0.0072,0.0125,0.0092,0.0091,0.0130,0.0270,0.0231,0.0138,0.0582,0.0090,0.0039,0.0035,0.0000,0.0029,0.0027,0.0017,0.0001,0.0018,0.0182,0.0087,0.0239,0.0252,0.0130,0.0165,0.0204
0.0222,0.0111,0.0106,0.0203,0.0068,0.0185,0.0065,0.0105,0.0123,0.0131,0.0213,0.0082,0.0800,0.0186,0.0061,0.0096,0.0024,0.0000,0.0017,0.0071,0.0048,0.0000,0.0021,0.0110,0.0121,0.0297,0.0185,0.0163,0.0264
0.0174,0.0073,0.0102,0.0100,0.0093,0.0124,0.0131,0.0088,0.0104,0.0176,0.0226,0.0039,0.0195,0.0092,0.0176,0.0046,0.0116,0.0021,0.0001,0.0048,0.0046,0.0021,0.0004,0.0034,0.0271,0.0163,0.0109,0.0203,0.0140
0.0268,0.0098,0.0079,0.0259,0.0023,0.0549,0.0032,0.0169,0.0062,0.0157,0.0317,0.0043,0.0151,0.0048,0.0091,0.0108,0.0103,0.0128,0.0018,0.0000,0.0021,0.0071,0.0108,0.0000,0.0029,0.0489,0.0235,0.0520,0.0688
0.0119,0.0067,0.0050,0.0087,0.0038,0.0066,0.0038,0.0079,0.0055,0.0091,0.0116,0.0073,0.0120,0.0030,0.0088,0.0082,0.0133,0.0037,0.0182,0.0021,0.0004,0.0108,0.0284,0.0121,0.0004,0.0156,0.0170,0.0173,0.0303
0.0126,0.0064,0.0061,0.0259,0.0033,0.0182,0.0029,0.1124,0.0048,0.0109,0.0120,0.0055,0.0117,0.0040,0.0120,0.0081,0.0104,0.0155,0.0087,0.0110,0.0034,0.0000,0.0121,0.0154,0.0107,0.0002,0.0065,0.0089,0.0447
0.0084,0.0094,0.0050,0.0058,0.0036,0.0077,0.0060,0.0071,0.0149,0.0077,0.0071,0.0037,0.0075,0.0049,0.0052,0.0057,0.0089,0.0092,0.0239,0.0121,0.0271,0.0029,0.0004,0.0107,0.0394,0.0825,0.0003,0.0046,0.0170
0.0135,0.0099,0.0048,0.0097,0.0015,0.0095,0.0017,0.0062,0.0003,0.0017,0.0140,0.0025,0.0126,0.0029,0.0098,0.0047,0.0123,0.0110,0.0252,0.0297,0.0163,0.0489,0.0156,0.0002,0.0825,0.0073,0.2698,0.0003,0.0125
0.0056,0.0071,0.0078,0.0059,0.0019,0.0040,0.0028,0.0067,0.0038,0.0054,0.0210,0.0023,0.0051,0.0037,0.0041,0.0031,0.0055,0.0082,0.0130,0.0185,0.0109,0.0235,0.0170,0.0065,0.0003,0.2698,0.2100,0.0975,0.0001
0.0050,0.0036,0.0038,0.0034,0.0015,0.0037,0.0014,0.0052,0.0025,0.0042,0.0054,0.0049,0.0117,0.0022,0.0043,0.0045,0.0150,0.0082,0.0165,0.0163,0.0203,0.0520,0.0173,0.0089,0.0046,0.0003,0.0975,0.1781,0.0254
0.0025,0.0026,0.0022,0.0024,0.0022,0.0023,0.0024,0.0070,0.0037,0.0045,0.0033,0.0032,0.0047,0.0053,0.0096,0.0052,0.0078,0.0205,0.0204,0.0264,0.0140,0.0688,0.0303,0.0447,0.0170,0.0125,0.0001,0.0254,0.1135