c1,c2,c3,c4,c5,c6,c7,c8,c9,c10,c11,c12,c13,c14,c15
0.0033,0.0138,0.0001,0.0035,0.0074,0.0132,0.0123,0.0194,0.0188,0.0088,0.0130,0.0105,0.0092,0.0099,0.0094
0.0138,0.1871,0.0107,0.0001,0.0144,0.0085,0.0042,0.0195,0.0073,0.0052,0.0044,0.0050,0.0067,0.0067,0.0071
0.0001,0.0107,0.0158,0.0078,0.0003,0.0089,0.0136,0.0106,0.0405,0.0184,0.0114,0.0113,0.0125,0.0096,0.0144
0.0035,0.0001,0.0078,0.0288,0.0202,0.0005,0.0213,0.0157,0.0215,0.0126,0.0120,0.0180,0.0082,0.0084,0.0086
0.0074,0.0144,0.0003,0.0202,0.0426,0.0211,0.0001,0.0037,0.0275,0.0063,0.0162,0.0147,0.0086,0.0090,0.0123
0.0132,0.0085,0.0089,0.0005,0.0211,0.0540,0.0041,0.0004,0.0206,0.0095,0.0029,0.0135,0.0091,0.0114,0.0087
0.0123,0.0042,0.0136,0.0213,0.0001,0.0041,0.0119,0.0107,0.0010,0.0089,0.0176,0.0099,0.0166,0.0229,0.0154
0.0194,0.0195,0.0106,0.0157,0.0037,0.0004,0.0107,0.0276,0.0158,0.0005,0.0044,0.0076,0.0043,0.0134,0.0145
0.0188,0.0073,0.0405,0.0215,0.0275,0.0206,0.0010,0.0158,0.0057,0.0174,0.0003,0.0020,0.0050,0.0023,0.0064
0.0088,0.0052,0.0184,0.0126,0.0063,0.0095,0.0089,0.0005,0.0174,0.0210,0.0159,0.0010,0.0111,0.0065,0.0051
0.0130,0.0044,0.0114,0.0120,0.0162,0.0029,0.0176,0.0044,0.0003,0.0159,0.0304,0.0299,0.0007,0.0065,0.0096
0.0105,0.0050,0.0113,0.0180,0.0147,0.0135,0.0099,0.0076,0.0020,0.0010,0.0299,0.0308,0.0121,0.0002,0.0090
0.0092,0.0067,0.0125,0.0082,0.0086,0.0091,0.0166,0.0043,0.0050,0.0111,0.0007,0.0121,0.0392,0.0175,0.0006
0.0099,0.0067,0.0096,0.0084,0.0090,0.0114,0.0229,0.0134,0.0023,0.0065,0.0065,0.0002,0.0175,0.0582,0.0019
0.0094,0.0071,0.0144,0.0086,0.0123,0.0087,0.0154,0.0145,0.0064,0.0051,0.0096,0.0090,0.0006,0.0019,0.0102