c1,c2,c3,c4,c5,c6,c7,c8,c9,c10,c11,c12,c13,c14,c15,c16,c17,c18,c19,c20
0.0008,0.0014,0.0001,0.0032,0.0148,0.0066,0.0223,0.0285,0.0387,0.0199,0.0132,0.0107,0.0155,0.0172,0.0111,0.0109,0.0075,0.0121,0.0032,0.0078
0.0014,0.0611,0.0121,0.0002,0.0060,0.0056,0.0037,0.0260,0.0237,0.0117,0.0121,0.0117,0.0092,0.0124,0.0062,0.0059,0.0051,0.0107,0.0033,0.0056
0.0001,0.0121,0.0388,0.0131,0.0002,0.0020,0.0034,0.0069,0.0247,0.0096,0.0109,0.0240,0.0150,0.0267,0.0120,0.0111,0.0102,0.0171,0.0064,0.0069
0.0032,0.0002,0.0131,0.0090,0.0843,0.0001,0.0032,0.0055,0.0202,0.0344,0.0206,0.0144,0.0091,0.0122,0.0100,0.0104,0.0098,0.0091,0.0064,0.0071
0.0148,0.0060,0.0002,0.0843,0.0014,0.0477,0.0003,0.0380,0.0198,0.0049,0.0103,0.0121,0.0143,0.0245,0.0070,0.0017,0.0113,0.0077,0.0052,0.0031
0.0066,0.0056,0.0020,0.0001,0.0477,0.0954,0.0119,0.0002,0.0089,0.0088,0.0047,0.0188,0.0142,0.0212,0.0116,0.0040,0.0196,0.0112,0.0077,0.0095
0.0223,0.0037,0.0034,0.0032,0.0003,0.0119,0.0389,0.0167,0.0003,0.0063,0.0071,0.0056,0.0182,0.0337,0.0127,0.0051,0.0118,0.0138,0.0123,0.0102
0.0285,0.0260,0.0069,0.0055,0.0380,0.0002,0.0167,0.0255,0.0033,0.0002,0.0057,0.0058,0.0047,0.0232,0.0126,0.0041,0.0109,0.0089,0.0116,0.0120
0.0387,0.0237,0.0247,0.0202,0.0198,0.0089,0.0003,0.0033,0.0014,0.0074,0.0002,0.0026,0.0099,0.0065,0.0256,0.0103,0.0189,0.0090,0.0143,0.0078
0.0199,0.0117,0.0096,0.0344,0.0049,0.0088,0.0063,0.0002,0.0074,0.0207,0.0136,0.0001,0.0115,0.0093,0.0071,0.0184,0.0142,0.0121,0.0085,0.0050
0.0132,0.0121,0.0109,0.0206,0.0103,0.0047,0.0071,0.0057,0.0002,0.0136,0.0449,0.0063,0.0002,0.0048,0.0190,0.0122,0.0174,0.0106,0.0080,0.0069
0.0107,0.0117,0.0240,0.0144,0.0121,0.0188,0.0056,0.0058,0.0026,0.0001,0.0063,0.0042,0.0069,0.0001,0.0032,0.0301,0.0157,0.0411,0.0320,0.0270
0.0155,0.0092,0.0150,0.0091,0.0143,0.0142,0.0182,0.0047,0.0099,0.0115,0.0002,0.0069,0.0186,0.0027,0.0002,0.0045,0.0139,0.0055,0.0414,0.0130
0.0172,0.0124,0.0267,0.0122,0.0245,0.0212,0.0337,0.0232,0.0065,0.0093,0.0048,0.0001,0.0027,0.0100,0.0022,0.0005,0.0038,0.0046,0.0115,0.0223
0.0111,0.0062,0.0120,0.0100,0.0070,0.0116,0.0127,0.0126,0.0256,0.0071,0.0190,0.0032,0.0002,0.0022,0.0079,0.0706,0.0001,0.0066,0.0169,0.0200
0.0109,0.0059,0.0111,0.0104,0.0017,0.0040,0.0051,0.0041,0.0103,0.0184,0.0122,0.0301,0.0045,0.0005,0.0706,0.0178,0.0400,0.0006,0.0023,0.0093
0.0075,0.0051,0.0102,0.0098,0.0113,0.0196,0.0118,0.0109,0.0189,0.0142,0.0174,0.0157,0.0139,0.0038,0.0001,0.0400,0.0470,0.0018,0.0002,0.0021
0.0121,0.0107,0.0171,0.0091,0.0077,0.0112,0.0138,0.0089,0.0090,0.0121,0.0106,0.0411,0.0055,0.0046,0.0066,0.0006,0.0018,0.0148,0.0185,0.0002
0.0032,0.0033,0.0064,0.0064,0.0052,0.0077,0.0123,0.0116,0.0143,0.0085,0.0080,0.0320,0.0414,0.0115,0.0169,0.0023,0.0002,0.0185,0.0042,0.0041
0.0078,0.0056,0.0069,0.0071,0.0031,0.0095,0.0102,0.0120,0.0078,0.0050,0.0069,0.0270,0.0130,0.0223,0.0200,0.0093,0.0021,0.0002,0.0041,0.0186