c1,c2,c3,c4,c5,c6,c7,c8,c9,c10,c11,c12,c13,c14,c15,c16,c17,c18,c19,c20,c21,c22,c23,c24,c25,c26,c27,c28
0.0005,0.0037,0.0001,0.0031,0.0056,0.0068,0.0359,0.0211,0.0137,0.0256,0.0212,0.0148,0.0107,0.0077,0.0078,0.0049,0.0040,0.0050,0.0065,0.0099,0.0168,0.0250,0.0352,0.0126,0.0096,0.0029,0.0065,0.0041
0.0037,0.0097,0.0305,0.0000,0.0044,0.0060,0.0112,0.0231,0.0266,0.0213,0.0269,0.0102,0.0103,0.0113,0.0164,0.0039,0.0037,0.0085,0.0064,0.0070,0.0071,0.0134,0.0072,0.0057,0.0087,0.0044,0.0058,0.0030
0.0001,0.0305,0.0450,0.0107,0.0002,0.0125,0.0141,0.0074,0.0305,0.0267,0.0206,0.0186,0.0089,0.0096,0.0087,0.0060,0.0061,0.0051,0.0096,0.0074,0.0069,0.0085,0.0065,0.0064,0.0078,0.0038,0.0037,0.0036
0.0031,0.0000,0.0107,0.0162,0.0055,0.0001,0.0071,0.0059,0.0083,0.0269,0.0162,0.0108,0.0120,0.0135,0.0151,0.0056,0.0052,0.0083,0.0062,0.0072,0.0061,0.0138,0.0110,0.0168,0.0249,0.0127,0.0173,0.0231
0.0056,0.0044,0.0002,0.0055,0.0022,0.1225,0.0001,0.0003,0.0142,0.0420,0.0991,0.0345,0.0406,0.0184,0.0176,0.0105,0.0048,0.0080,0.0094,0.0080,0.0086,0.0099,0.0039,0.0056,0.0080,0.0051,0.0073,0.0052
0.0068,0.0060,0.0125,0.0001,0.1225,0.0197,0.0344,0.0001,0.0099,0.0071,0.0101,0.0190,0.0177,0.0122,0.0077,0.0089,0.0059,0.0057,0.0052,0.0052,0.0050,0.0066,0.0074,0.0089,0.0086,0.0042,0.0071,0.0085
0.0359,0.0112,0.0141,0.0071,0.0001,0.0344,0.0882,0.0069,0.0001,0.0073,0.0077,0.0073,0.0230,0.0162,0.0105,0.0141,0.0057,0.0059,0.0054,0.0062,0.0065,0.0070,0.0084,0.0079,0.0079,0.0033,0.0070,0.0057
0.0211,0.0231,0.0074,0.0059,0.0003,0.0001,0.0069,0.0045,0.0227,0.0001,0.0268,0.0411,0.0232,0.0695,0.0593,0.0204,0.0104,0.0124,0.0094,0.0072,0.0052,0.0053,0.0060,0.0120,0.0042,0.0024,0.0054,0.0034
0.0137,0.0266,0.0305,0.0083,0.0142,0.0099,0.0001,0.0227,0.0157,0.0256,0.0004,0.0082,0.0035,0.0072,0.0130,0.0239,0.0066,0.0099,0.0062,0.0099,0.0055,0.0042,0.0054,0.0046,0.0088,0.0032,0.0096,0.0053
0.0256,0.0213,0.0267,0.0269,0.0420,0.0071,0.0073,0.0001,0.0256,0.0273,0.1677,0.0000,0.0025,0.0069,0.0034,0.0074,0.0078,0.0090,0.0042,0.0026,0.0058,0.0041,0.0069,0.0076,0.0095,0.0045,0.0098,0.0087
0.0212,0.0269,0.0206,0.0162,0.0991,0.0101,0.0077,0.0268,0.0004,0.1677,0.0004,0.0874,0.0001,0.0032,0.0034,0.0015,0.0085,0.0129,0.0034,0.0055,0.0042,0.0002,0.0058,0.0111,0.0154,0.0110,0.0173,0.0147
0.0148,0.0102,0.0186,0.0108,0.0345,0.0190,0.0073,0.0411,0.0082,0.0000,0.0874,0.0171,0.0077,0.0000,0.0017,0.0016,0.0026,0.0110,0.0089,0.0041,0.0052,0.0047,0.0087,0.0241,0.0179,0.0086,0.0279,0.0123
0.0107,0.0103,0.0089,0.0120,0.0406,0.0177,0.0230,0.0232,0.0035,0.0025,0.0001,0.0077,0.0042,0.0130,0.0001,0.0009,0.0025,0.0046,0.0071,0.0097,0.0088,0.0094,0.0192,0.0279,0.0171,0.0149,0.0305,0.0150
0.0077,0.0113,0.0096,0.0135,0.0184,0.0122,0.0162,0.0695,0.0072,0.0069,0.0032,0.0000,0.0130,0.0105,0.0113,0.0000,0.0008,0.0017,0.0017,0.0088,0.0149,0.0145,0.0623,0.0566,0.0346,0.0255,0.0245,0.0172
0.0078,0.0164,0.0087,0.0151,0.0176,0.0077,0.0105,0.0593,0.0130,0.0034,0.0034,0.0017,0.0001,0.0113,0.0149,0.0037,0.0000,0.0028,0.0031,0.0042,0.0155,0.0124,0.0217,0.0557,0.0336,0.0152,0.0164,0.0153
0.0049,0.0039,0.0060,0.0056,0.0105,0.0089,0.0141,0.0204,0.0239,0.0074,0.0015,0.0016,0.0009,0.0000,0.0037,0.0009,0.0005,0.0000,0.0009,0.0315,0.0916,0.2950,0.6020,0.7012,0.0625,0.0274,0.0225,0.0150
0.0040,0.0037,0.0061,0.0052,0.0048,0.0059,0.0057,0.0104,0.0066,0.0078,0.0085,0.0026,0.0025,0.0008,0.0000,0.0005,0.0033,0.0057,0.0002,0.0235,0.0238,0.0543,0.5163,0.3642,0.0974,0.0492,0.0172,0.0064
0.0050,0.0085,0.0051,0.0083,0.0080,0.0057,0.0059,0.0124,0.0099,0.0090,0.0129,0.0110,0.0046,0.0017,0.0028,0.0000,0.0057,0.1341,0.0229,0.0002,0.0048,0.0094,0.0089,0.1162,0.0316,0.0612,0.0123,0.0096
0.0065,0.0064,0.0096,0.0062,0.0094,0.0052,0.0054,0.0094,0.0062,0.0042,0.0034,0.0089,0.0071,0.0017,0.0031,0.0009,0.0002,0.0229,0.0245,0.0271,0.0005,0.0166,0.0106,0.0404,0.0699,0.0351,0.0091,0.0178
0.0099,0.0070,0.0074,0.0072,0.0080,0.0052,0.0062,0.0072,0.0099,0.0026,0.0055,0.0041,0.0097,0.0088,0.0042,0.0315,0.0235,0.0002,0.0271,0.0444,0.0252,0.0007,0.0038,0.0029,0.0056,0.0282,0.0073,0.0118
0.0168,0.0071,0.0069,0.0061,0.0086,0.0050,0.0065,0.0052,0.0055,0.0058,0.0042,0.0052,0.0088,0.0149,0.0155,0.0916,0.0238,0.0048,0.0005,0.0252,0.0466,0.0996,0.0000,0.0016,0.0046,0.0055,0.0108,0.0144
0.0250,0.0134,0.0085,0.0138,0.0099,0.0066,0.0070,0.0053,0.0042,0.0041,0.0002,0.0047,0.0094,0.0145,0.0124,0.2950,0.0543,0.0094,0.0166,0.0007,0.0996,0.0021,0.0153,0.0000,0.0024,0.0107,0.0022,0.0155
0.0352,0.0072,0.0065,0.0110,0.0039,0.0074,0.0084,0.0060,0.0054,0.0069,0.0058,0.0087,0.0192,0.0623,0.0217,0.6020,0.5163,0.0089,0.0106,0.0038,0.0000,0.0153,0.0135,0.0002,0.0001,0.0024,0.0030,0.0040
0.0126,0.0057,0.0064,0.0168,0.0056,0.0089,0.0079,0.0120,0.0046,0.0076,0.0111,0.0241,0.0279,0.0566,0.0557,0.7012,0.3642,0.1162,0.0404,0.0029,0.0016,0.0000,0.0002,0.0008,0.0006,0.0001,0.0008,0.0037
0.0096,0.0087,0.0078,0.0249,0.0080,0.0086,0.0079,0.0042,0.0088,0.0095,0.0154,0.0179,0.0171,0.0346,0.0336,0.0625,0.0974,0.0316,0.0699,0.0056,0.0046,0.0024,0.0001,0.0006,0.0015,0.0080,0.0000,0.0022
0.0029,0.0044,0.0038,0.0127,0.0051,0.0042,0.0033,0.0024,0.0032,0.0045,0.0110,0.0086,0.0149,0.0255,0.0152,0.0274,0.0492,0.0612,0.0351,0.0282,0.0055,0.0107,0.0024,0.0001,0.0080,0.0653,0.0103,0.0002
0.0065,0.0058,0.0037,0.0173,0.0073,0.0071,0.0070,0.0054,0.0096,0.0098,0.0173,0.0279,0.0305,0.0245,0.0164,0.0225,0.0172,0.0123,0.0091,0.0073,0.0108,0.0022,0.0030,0.0008,0.0000,0.0103,0.0053,0.0077
0.0041,0.0030,0.0036,0.0231,0.0052,0.0085,0.0057,0.0034,0.0053,0.0087,0.0147,0.0123,0.0150,0.0172,0.0153,0.0150,0.0064,0.0096,0.0178,0.0118,0.0144,0.0155,0.0040,0.0037,0.0022,0.0002,0.0077,0.0137
