c1,c2,c3,c4,c5,c6,c7,c8,c9,c10,c11,c12,c13,c14,c15,c16,c17,c18,c19,c20
0.0017,0.0062,0.0060,0.0578,0.1276,0.0133,0.0098,0.0100,0.0203,0.0044,0.0169,0.0131,0.0078,0.0025,0.0024,0.0037,0.0043,0.0065,0.0019,0.0008
0.0062,0.0336,0.3351,0.0017,0.2953,0.4245,0.0128,0.0052,0.0034,0.0025,0.0055,0.0044,0.0034,0.0022,0.0034,0.0009,0.0011,0.0025,0.0021,0.0013
0.0060,0.3351,0.0114,0.0716,0.0014,0.0820,0.1210,0.0116,0.0145,0.0002,0.0069,0.0063,0.0041,0.0029,0.0040,0.0055,0.0029,0.0013,0.0012,0.0018
0.0578,0.0017,0.0716,0.0053,0.0079,0.0012,0.0688,0.1176,0.0199,0.0092,0.0037,0.0067,0.0056,0.0092,0.0041,0.0057,0.0052,0.0014,0.0007,0.0011
0.1276,0.2953,0.0014,0.0079,0.0082,0.0087,0.0003,0.0179,0.1269,0.0104,0.0078,0.0026,0.0105,0.0054,0.0068,0.0037,0.0060,0.0031,0.0006,0.0010
0.0133,0.4245,0.0820,0.0012,0.0087,0.0140,0.0037,0.0002,0.0088,0.0973,0.0032,0.0092,0.0069,0.0072,0.0072,0.0029,0.0023,0.0019,0.0072,0.0012
0.0098,0.0128,0.1210,0.0688,0.0003,0.0037,0.0061,0.0031,0.0008,0.1123,0.0437,0.0095,0.0173,0.0056,0.0062,0.0034,0.0010,0.0008,0.0039,0.0156
0.0100,0.0052,0.0116,0.1176,0.0179,0.0002,0.0031,0.0059,0.0063,0.0042,0.0338,0.0298,0.0183,0.0210,0.0035,0.0030,0.0038,0.0026,0.0033,0.0054
0.0203,0.0034,0.0145,0.0199,0.1269,0.0088,0.0008,0.0063,0.0074,0.0099,0.0007,0.0178,0.2031,0.0084,0.0096,0.0027,0.0036,0.0028,0.0017,0.0011
0.0044,0.0025,0.0002,0.0092,0.0104,0.0973,0.1123,0.0042,0.0099,0.0010,0.0290,0.0020,0.1605,0.2650,0.0045,0.0100,0.0039,0.0067,0.0002,0.0010
0.0169,0.0055,0.0069,0.0037,0.0078,0.0032,0.0437,0.0338,0.0007,0.0290,0.0073,0.0017,0.0009,0.0302,0.0192,0.0072,0.0170,0.0064,0.0019,0.0058
0.0131,0.0044,0.0063,0.0067,0.0026,0.0092,0.0095,0.0298,0.0178,0.0020,0.0017,0.0100,0.0008,0.0014,0.0072,0.0458,0.0139,0.0221,0.0067,0.0138
0.0078,0.0034,0.0041,0.0056,0.0105,0.0069,0.0173,0.0183,0.2031,0.1605,0.0009,0.0008,0.0045,0.0009,0.0001,0.0111,0.1204,0.0068,0.0077,0.0051
0.0025,0.0022,0.0029,0.0092,0.0054,0.0072,0.0056,0.0210,0.0084,0.2650,0.0302,0.0014,0.0009,0.0017,0.0014,0.0006,0.0504,0.2097,0.0039,0.0175
0.0024,0.0034,0.0040,0.0041,0.0068,0.0072,0.0062,0.0035,0.0096,0.0045,0.0192,0.0072,0.0001,0.0014,0.0043,0.0068,0.0005,0.0826,0.3906,0.4252
0.0037,0.0009,0.0055,0.0057,0.0037,0.0029,0.0034,0.0030,0.0027,0.0100,0.0072,0.0458,0.0111,0.0006,0.0068,0.0312,0.0304,0.0020,0.0519,0.1902
0.0043,0.0011,0.0029,0.0052,0.0060,0.0023,0.0010,0.0038,0.0036,0.0039,0.0170,0.0139,0.1204,0.0504,0.0005,0.0304,0.0053,0.0138,0.0187,0.0559
0.0065,0.0025,0.0013,0.0014,0.0031,0.0019,0.0008,0.0026,0.0028,0.0067,0.0064,0.0221,0.0068,0.2097,0.0826,0.0020,0.0138,0.0052,0.2361,0.0172
0.0019,0.0021,0.0012,0.0007,0.0006,0.0072,0.0039,0.0033,0.0017,0.0002,0.0019,0.0067,0.0077,0.0039,0.3906,0.0519,0.0187,0.2361,0.0972,0.1780
0.0008,0.0013,0.0018,0.0011,0.0010,0.0012,0.0156,0.0054,0.0011,0.0010,0.0058,0.0138,0.0051,0.0175,0.4252,0.1902,0.0559,0.0172,0.1780,0.0020
