c1,c2,c3,c4,c5,c6,c7,c8,c9,c10,c11,c12,c13,c14,c15,c16,c17,c18,c19,c20
0.0015,0.0254,0.0000,0.0299,0.0217,0.0116,0.0121,0.0151,0.0172,0.0092,0.0099,0.0077,0.0064,0.0066,0.0079,0.0063,0.0068,0.0120,0.0086,0.0037
0.0254,0.0580,0.0813,0.0025,0.0429,0.0140,0.0084,0.0096,0.0094,0.0023,0.0029,0.0035,0.0034,0.0072,0.0045,0.0034,0.0035,0.0040,0.0018,0.0032
0.0000,0.0813,0.0126,0.0345,0.0009,0.0209,0.0391,0.0062,0.0159,0.0069,0.0101,0.0044,0.0082,0.0071,0.0063,0.0072,0.0091,0.0094,0.0023,0.0084
0.0299,0.0025,0.0345,0.0655,0.0284,0.0004,0.0141,0.0088,0.0042,0.0050,0.0077,0.0040,0.0058,0.0066,0.0054,0.0081,0.0058,0.0073,0.0024,0.0042
0.0217,0.0429,0.0009,0.0284,0.0315,0.0239,0.0010,0.0271,0.0157,0.0019,0.0055,0.0042,0.0069,0.0064,0.0050,0.0089,0.0070,0.0051,0.0015,0.0030
0.0116,0.0140,0.0209,0.0004,0.0239,0.0125,0.0012,0.0008,0.0075,0.0130,0.0086,0.0089,0.0084,0.0119,0.0097,0.0104,0.0102,0.0096,0.0053,0.0079
0.0121,0.0084,0.0391,0.0141,0.0010,0.0012,0.0087,0.0103,0.0008,0.0048,0.0203,0.0052,0.0176,0.0146,0.0144,0.0051,0.0101,0.0063,0.0055,0.0060
0.0151,0.0096,0.0062,0.0088,0.0271,0.0008,0.0103,0.0159,0.0045,0.0006,0.0106,0.0113,0.0075,0.0208,0.0083,0.0057,0.0071,0.0046,0.0054,0.0100
0.0172,0.0094,0.0159,0.0042,0.0157,0.0075,0.0008,0.0045,0.0077,0.0102,0.0010,0.0066,0.0086,0.0093,0.0155,0.0094,0.0093,0.0065,0.0067,0.0092
0.0092,0.0023,0.0069,0.0050,0.0019,0.0130,0.0048,0.0006,0.0102,0.0518,0.0221,0.0042,0.0204,0.0187,0.0137,0.0125,0.0117,0.0066,0.0029,0.0029
0.0099,0.0029,0.0101,0.0077,0.0055,0.0086,0.0203,0.0106,0.0010,0.0221,0.0317,0.0161,0.0014,0.0073,0.0139,0.0045,0.0098,0.0053,0.0020,0.0065
0.0077,0.0035,0.0044,0.0040,0.0042,0.0089,0.0052,0.0113,0.0066,0.0042,0.0161,0.0257,0.0069,0.0004,0.0087,0.0116,0.0094,0.0237,0.0148,0.0107
0.0064,0.0034,0.0082,0.0058,0.0069,0.0084,0.0176,0.0075,0.0086,0.0204,0.0014,0.0069,0.0218,0.0035,0.0009,0.0079,0.0148,0.0043,0.0155,0.0160
0.0066,0.0072,0.0071,0.0066,0.0064,0.0119,0.0146,0.0208,0.0093,0.0187,0.0073,0.0004,0.0035,0.0244,0.0033,0.0021,0.0096,0.0039,0.0094,0.0207
0.0079,0.0045,0.0063,0.0054,0.0050,0.0097,0.0144,0.0083,0.0155,0.0137,0.0139,0.0087,0.0009,0.0033,0.0160,0.0276,0.0004,0.0044,0.0116,0.0251
0.0063,0.0034,0.0072,0.0081,0.0089,0.0104,0.0051,0.0057,0.0094,0.0125,0.0045,0.0116,0.0079,0.0021,0.0276,0.0405,0.0127,0.0005,0.0058,0.0079
0.0068,0.0035,0.0091,0.0058,0.0070,0.0102,0.0101,0.0071,0.0093,0.0117,0.0098,0.0094,0.0148,0.0096,0.0004,0.0127,0.0470,0.0085,0.0008,0.0072
0.0120,0.0040,0.0094,0.0073,0.0051,0.0096,0.0063,0.0046,0.0065,0.0066,0.0053,0.0237,0.0043,0.0039,0.0044,0.0005,0.0085,0.0350,0.3030,0.0010
0.0086,0.0018,0.0023,0.0024,0.0015,0.0053,0.0055,0.0054,0.0067,0.0029,0.0020,0.0148,0.0155,0.0094,0.0116,0.0058,0.0008,0.3030,0.1798,0.0133
0.0037,0.0032,0.0084,0.0042,0.0030,0.0079,0.0060,0.0100,0.0092,0.0029,0.0065,0.0107,0.0160,0.0207,0.0251,0.0079,0.0072,0.0010,0.0133,0.0161