c1,c2,c3,c4,c5,c6,c7,c8,c9,c10,c11,c12,c13,c14,c15,c16,c17,c18,c19,c20,c21,c22,c23,c24,c25,c26,c27,c28
0.0007,0.0009,0.0020,0.0016,0.0275,0.0085,0.0087,0.0086,0.0071,0.0014,0.0049,0.0028,0.0096,0.0105,0.0128,0.0260,0.0204,0.0636,0.0325,0.0247,0.0098,0.0122,0.0112,0.0091,0.0065,0.0059,0.0020,0.0044
0.0009,0.0508,0.0485,0.0000,0.0003,0.0002,0.0007,0.0083,0.0058,0.0023,0.0021,0.0281,0.0139,0.0558,0.0165,0.0227,0.0119,0.0266,0.0696,0.0187,0.0788,0.0108,0.3384,0.0035,0.1073,0.0026,0.0037,0.0020
0.0020,0.0485,0.2513,0.0006,0.0003,0.0005,0.0044,0.0017,0.0062,0.0081,0.0129,0.0117,0.0112,0.0049,0.0078,0.0103,0.0096,0.0144,0.0090,0.0124,0.0082,0.0197,0.0231,0.0127,0.0167,0.0098,0.0017,0.0040
0.0016,0.0000,0.0006,0.0012,0.0099,0.0000,0.0022,0.0014,0.0028,0.1087,0.0089,0.1302,0.0117,0.0212,0.0051,0.0127,0.0042,0.0143,0.0679,0.0249,0.0570,0.0154,0.7419,0.0086,0.4111,0.0097,0.0199,0.0043
0.0275,0.0003,0.0003,0.0099,0.0203,0.0005,0.0045,0.0009,0.0005,0.0080,0.0335,0.0106,0.0156,0.0016,0.0083,0.0066,0.0123,0.0130,0.0099,0.0339,0.0123,0.1406,0.0314,0.0249,0.0165,0.0084,0.0036,0.0070
0.0085,0.0002,0.0005,0.0000,0.0005,0.0000,0.1430,0.0002,0.0003,0.0367,0.1581,0.2846,0.0124,0.0088,0.0186,0.0106,0.0215,0.0151,0.1852,0.0167,0.1072,0.0051,0.2860,0.0048,0.0423,0.0057,0.0205,0.0148
0.0087,0.0007,0.0044,0.0022,0.0045,0.1430,0.0000,0.6361,0.0065,0.0022,0.0073,0.0028,0.0028,0.0000,0.0038,0.0023,0.0059,0.0123,0.0020,0.0108,0.0231,0.0083,0.0722,0.0264,0.0692,0.0260,0.0231,0.0437
0.0086,0.0083,0.0017,0.0014,0.0009,0.0002,0.6361,0.0598,0.1745,0.0000,0.0004,0.0001,0.0008,0.0016,0.0054,0.0046,0.0084,0.0252,0.1109,0.0166,0.0251,0.0015,0.0109,0.0017,0.0268,0.0239,0.5434,0.8862
0.0071,0.0058,0.0062,0.0028,0.0005,0.0003,0.0065,0.1745,0.0146,0.0000,0.0000,0.0000,0.0001,0.0002,0.0032,0.0096,0.0090,0.0128,0.0369,0.0097,0.0134,0.0029,0.0313,0.0048,0.1329,0.7944,0.9615,0.9701
0.0014,0.0023,0.0081,0.1087,0.0080,0.0367,0.0022,0.0000,0.0000,0.0000,0.0002,0.0000,0.0000,0.0000,0.0006,0.0098,0.1224,0.0425,0.5128,0.0117,0.0597,0.0105,0.9898,0.0334,1.0000,0.2008,0.9195,0.0135
0.0049,0.0021,0.0129,0.0089,0.0335,0.1581,0.0073,0.0004,0.0000,0.0002,0.0016,0.0002,0.0002,0.0018,0.0021,0.0086,0.0062,0.0114,0.0051,0.0044,0.0011,0.0042,0.0084,0.9714,0.0239,0.9907,0.0145,0.1246
0.0028,0.0281,0.0117,0.1302,0.0106,0.2846,0.0028,0.0001,0.0000,0.0000,0.0002,0.0024,0.0019,0.0000,0.0004,0.0006,0.0560,0.0574,0.1452,0.0081,0.1021,0.0048,0.9978,0.0450,0.9698,0.0136,0.0178,0.0033
0.0096,0.0139,0.0112,0.0117,0.0156,0.0124,0.0028,0.0008,0.0001,0.0000,0.0002,0.0019,0.0051,0.0370,0.0001,0.0008,0.0058,0.0211,0.0196,0.0442,0.0064,0.7580,0.0443,0.8005,0.0269,0.0505,0.0054,0.0159
0.0105,0.0558,0.0049,0.0212,0.0016,0.0088,0.0000,0.0016,0.0002,0.0000,0.0018,0.0000,0.0370,0.0008,0.0111,0.0002,0.0002,0.0024,0.0159,0.0642,0.9998,0.1215,0.9278,0.0264,0.1645,0.0069,0.0259,0.0032
0.0128,0.0165,0.0078,0.0051,0.0083,0.0186,0.0038,0.0054,0.0032,0.0006,0.0021,0.0004,0.0001,0.0111,0.0081,0.0025,0.0000,0.0020,0.0015,0.0147,0.1509,0.9750,0.1389,0.1088,0.0509,0.0195,0.0070,0.0054
0.0260,0.0227,0.0103,0.0127,0.0066,0.0106,0.0023,0.0046,0.0096,0.0098,0.0086,0.0006,0.0008,0.0002,0.0025,0.0058,0.0017,0.0002,0.0146,0.0325,0.8174,0.6647,0.0366,0.0071,0.0036,0.0017,0.0026,0.0023
0.0204,0.0119,0.0096,0.0042,0.0123,0.0215,0.0059,0.0084,0.0090,0.1224,0.0062,0.0560,0.0058,0.0002,0.0000,0.0017,0.0135,0.0172,0.0000,0.0109,0.0038,0.4242,0.0763,0.1208,0.0063,0.0066,0.0037,0.0037
0.0636,0.0266,0.0144,0.0143,0.0130,0.0151,0.0123,0.0252,0.0128,0.0425,0.0114,0.0574,0.0211,0.0024,0.0020,0.0002,0.0172,0.0078,0.0164,0.0003,0.0004,0.0070,0.0015,0.0073,0.0017,0.0043,0.0039,0.0074
0.0325,0.0696,0.0090,0.0679,0.0099,0.1852,0.0020,0.1109,0.0369,0.5128,0.0051,0.1452,0.0196,0.0159,0.0015,0.0146,0.0000,0.0164,0.0053,0.0759,0.0000,0.0001,0.0002,0.0007,0.0043,0.0022,0.0180,0.0069
0.0247,0.0187,0.0124,0.0249,0.0339,0.0167,0.0108,0.0166,0.0097,0.0117,0.0044,0.0081,0.0442,0.0642,0.0147,0.0325,0.0109,0.0003,0.0759,0.0176,0.0003,0.0001,0.0001,0.0028,0.0008,0.0088,0.0047,0.0047
0.0098,0.0788,0.0082,0.0570,0.0123,0.1072,0.0231,0.0251,0.0134,0.0597,0.0011,0.1021,0.0064,0.9998,0.1509,0.8174,0.0038,0.0004,0.0000,0.0003,0.0034,0.0010,0.0000,0.0000,0.0002,0.0010,0.0265,0.0013
0.0122,0.0108,0.0197,0.0154,0.1406,0.0051,0.0083,0.0015,0.0029,0.0105,0.0042,0.0048,0.7580,0.1215,0.9750,0.6647,0.4242,0.0070,0.0001,0.0001,0.0010,0.0015,0.0000,0.0001,0.0001,0.0049,0.0008,0.0028
0.0112,0.3384,0.0231,0.7419,0.0314,0.2860,0.0722,0.0109,0.0313,0.9898,0.0084,0.9978,0.0443,0.9278,0.1389,0.0366,0.0763,0.0015,0.0002,0.0001,0.0000,0.0000,0.0008,0.0028,0.0000,0.0000,0.0000,0.0002
0.0091,0.0035,0.0127,0.0086,0.0249,0.0048,0.0264,0.0017,0.0048,0.0334,0.9714,0.0450,0.8005,0.0264,0.1088,0.0071,0.1208,0.0073,0.0007,0.0028,0.0000,0.0001,0.0028,0.0121,0.0002,0.0000,0.0004,0.0021
0.0065,0.1073,0.0167,0.4111,0.0165,0.0423,0.0692,0.0268,0.1329,1.0000,0.0239,0.9698,0.0269,0.1645,0.0509,0.0036,0.0063,0.0017,0.0043,0.0008,0.0002,0.0001,0.0000,0.0002,0.0001,0.0011,0.0000,0.0000
0.0059,0.0026,0.0098,0.0097,0.0084,0.0057,0.0260,0.0239,0.7944,0.2008,0.9907,0.0136,0.0505,0.0069,0.0195,0.0017,0.0066,0.0043,0.0022,0.0088,0.0010,0.0049,0.0000,0.0000,0.0011,0.0038,0.0014,0.0004
0.0020,0.0037,0.0017,0.0199,0.0036,0.0205,0.0231,0.5434,0.9615,0.9195,0.0145,0.0178,0.0054,0.0259,0.0070,0.0026,0.0037,0.0039,0.0180,0.0047,0.0265,0.0008,0.0000,0.0004,0.0000,0.0014,0.0405,0.0027
0.0044,0.0020,0.0040,0.0043,0.0070,0.0148,0.0437,0.8862,0.9701,0.0135,0.1246,0.0033,0.0159,0.0032,0.0054,0.0023,0.0037,0.0074,0.0069,0.0047,0.0013,0.0028,0.0002,0.0021,0.0000,0.0004,0.0027,0.0272