c1,c2,c3,c4,c5,c6,c7,c8,c9,c10,c11,c12,c13,c14,c15,c16,c17,c18,c19,c20,c21,c22,c23,c24,c25,c26,c27,c28
0.0000,0.0584,0.0004,0.0001,0.0181,0.0066,0.0347,0.0140,0.0306,0.0060,0.0383,0.0048,0.0460,0.1268,0.0511,0.0982,0.0147,0.0157,0.0349,0.0127,0.0100,0.0051,0.0042,0.0025,0.0053,0.0015,0.0022,0.0080
0.0584,0.0046,0.1079,0.0000,0.0001,0.0004,0.0003,0.0034,0.0029,0.0036,0.0066,0.1111,0.0231,0.9997,0.0098,0.0729,0.0040,0.0054,0.0072,0.0079,0.0108,0.0021,0.0355,0.0015,0.0694,0.0020,0.0032,0.0042
0.0004,0.1079,0.0148,0.0004,0.0003,0.0002,0.0065,0.0033,0.0127,0.0045,0.7062,0.0060,0.7249,0.0180,0.0295,0.0108,0.0076,0.0071,0.0104,0.0061,0.0027,0.0028,0.0037,0.0027,0.0025,0.0081,0.0031,0.0108
0.0001,0.0000,0.0004,0.0015,0.0043,0.0000,0.0004,0.0011,0.0037,0.0692,0.1354,0.9999,0.0314,0.8926,0.0059,0.0381,0.0046,0.0047,0.0156,0.0036,0.0114,0.0020,0.1036,0.0021,0.0807,0.0034,0.0064,0.0013
0.0181,0.0001,0.0003,0.0043,0.0191,0.0016,0.0014,0.0217,0.0252,0.0209,0.8535,0.0593,0.0341,0.0145,0.0057,0.0047,0.0066,0.0049,0.0056,0.0050,0.0030,0.0028,0.0055,0.0039,0.0033,0.0077,0.0038,0.0135
0.0066,0.0004,0.0002,0.0000,0.0016,0.0009,0.0931,0.0077,0.0029,0.8336,0.0093,0.9283,0.0058,0.0147,0.0020,0.0048,0.0013,0.0032,0.0096,0.0035,0.0153,0.0021,0.0354,0.0024,0.0823,0.0044,0.0254,0.0226
0.0347,0.0003,0.0065,0.0004,0.0014,0.0931,0.0073,0.7429,0.0054,0.4072,0.0101,0.0172,0.0057,0.0031,0.0031,0.0034,0.0024,0.0019,0.0003,0.0039,0.0039,0.0021,0.0139,0.0027,0.0278,0.0051,0.0042,0.0712
0.0140,0.0034,0.0033,0.0011,0.0217,0.0077,0.7429,0.0253,0.3065,0.0003,0.0006,0.0009,0.0004,0.0010,0.0014,0.0062,0.0026,0.0020,0.0065,0.0028,0.0024,0.0016,0.0061,0.0011,0.0580,0.0116,0.2844,0.7031
0.0306,0.0029,0.0127,0.0037,0.0252,0.0029,0.0054,0.3065,0.0225,0.0013,0.0001,0.0000,0.0003,0.0001,0.0029,0.0046,0.0072,0.0043,0.0029,0.0033,0.0042,0.0024,0.0097,0.0041,0.2142,0.0958,0.3866,0.9820
0.0060,0.0036,0.0045,0.0692,0.0209,0.8336,0.4072,0.0003,0.0013,0.0001,0.0008,0.0000,0.0000,0.0000,0.0003,0.0017,0.0015,0.0015,0.0043,0.0020,0.0050,0.0014,0.0854,0.0053,0.9996,0.1526,0.9971,0.2581
0.0383,0.0066,0.7062,0.1354,0.8535,0.0093,0.0101,0.0006,0.0001,0.0008,0.0021,0.0000,0.0000,0.0000,0.0010,0.0007,0.0060,0.0022,0.0027,0.0016,0.0011,0.0011,0.0052,0.0331,0.1119,1.0000,0.0753,0.0455
0.0048,0.1111,0.0060,0.9999,0.0593,0.9283,0.0172,0.0009,0.0000,0.0000,0.0000,0.0002,0.0002,0.0000,0.0000,0.0001,0.0004,0.0022,0.0048,0.0030,0.0265,0.0060,1.0000,0.0729,0.9998,0.0752,0.0571,0.0017
0.0460,0.0231,0.7249,0.0314,0.0341,0.0058,0.0057,0.0004,0.0003,0.0000,0.0000,0.0002,0.0028,0.0000,0.0002,0.0001,0.0025,0.0036,0.0085,0.0066,0.0029,0.0165,0.0654,1.0000,0.0124,0.9757,0.0028,0.0039
0.1268,0.9997,0.0180,0.8926,0.0145,0.0147,0.0031,0.0010,0.0001,0.0000,0.0000,0.0000,0.0000,0.0000,0.0002,0.0000,0.0000,0.0002,0.0423,0.0126,1.0000,0.0205,1.0000,0.0242,0.0220,0.0018,0.0008,0.0004
0.0511,0.0098,0.0295,0.0059,0.0057,0.0020,0.0031,0.0014,0.0029,0.0003,0.0010,0.0000,0.0002,0.0002,0.0042,0.0010,0.0002,0.0027,0.0326,0.0403,0.1369,0.9999,0.1617,0.7565,0.0048,0.0178,0.0015,0.0020
0.0982,0.0729,0.0108,0.0381,0.0047,0.0048,0.0034,0.0062,0.0046,0.0017,0.0007,0.0001,0.0001,0.0000,0.0010,0.0133,0.0007,0.0008,0.9153,0.0297,1.0000,0.1306,0.0398,0.0037,0.0021,0.0016,0.0011,0.0007
0.0147,0.0040,0.0076,0.0046,0.0066,0.0013,0.0024,0.0026,0.0072,0.0015,0.0060,0.0004,0.0025,0.0000,0.0002,0.0007,0.0099,0.7002,0.0043,0.9228,0.0015,0.9995,0.0110,0.0991,0.0016,0.0035,0.0022,0.0021
0.0157,0.0054,0.0071,0.0047,0.0049,0.0032,0.0019,0.0020,0.0043,0.0015,0.0022,0.0022,0.0036,0.0002,0.0027,0.0008,0.7002,0.3008,0.5281,0.0753,0.0009,0.1578,0.0033,0.0081,0.0019,0.0048,0.0031,0.0077
0.0349,0.0072,0.0104,0.0156,0.0056,0.0096,0.0003,0.0065,0.0029,0.0043,0.0027,0.0048,0.0085,0.0423,0.0326,0.9153,0.0043,0.5281,0.0157,0.4153,0.0000,0.0001,0.0004,0.0008,0.0017,0.0018,0.0047,0.0068
0.0127,0.0079,0.0061,0.0036,0.0050,0.0035,0.0039,0.0028,0.0033,0.0020,0.0016,0.0030,0.0066,0.0126,0.0403,0.0297,0.9228,0.0753,0.4153,0.0778,0.0003,0.0003,0.0001,0.0048,0.0006,0.0065,0.0077,0.0070
0.0100,0.0108,0.0027,0.0114,0.0030,0.0153,0.0039,0.0024,0.0042,0.0050,0.0011,0.0265,0.0029,1.0000,0.1369,1.0000,0.0015,0.0009,0.0000,0.0003,0.0039,0.0016,0.0000,0.0001,0.0001,0.0002,0.0011,0.0009
0.0051,0.0021,0.0028,0.0020,0.0028,0.0021,0.0021,0.0016,0.0024,0.0014,0.0011,0.0060,0.0165,0.0205,0.9999,0.1306,0.9995,0.1578,0.0001,0.0003,0.0016,0.0359,0.0000,0.0003,0.0002,0.0042,0.0009,0.0072
0.0042,0.0355,0.0037,0.1036,0.0055,0.0354,0.0139,0.0061,0.0097,0.0854,0.0052,1.0000,0.0654,1.0000,0.1617,0.0398,0.0110,0.0033,0.0004,0.0001,0.0000,0.0000,0.0018,0.0008,0.0000,0.0000,0.0000,0.0008
0.0025,0.0015,0.0027,0.0021,0.0039,0.0024,0.0027,0.0011,0.0041,0.0053,0.0331,0.0729,1.0000,0.0242,0.7565,0.0037,0.0991,0.0081,0.0008,0.0048,0.0001,0.0003,0.0008,0.0278,0.0006,0.0001,0.0012,0.0091
0.0053,0.0694,0.0025,0.0807,0.0033,0.0823,0.0278,0.0580,0.2142,0.9996,0.1119,0.9998,0.0124,0.0220,0.0048,0.0021,0.0016,0.0019,0.0017,0.0006,0.0001,0.0002,0.0000,0.0006,0.0000,0.0005,0.0001,0.0015
0.0015,0.0020,0.0081,0.0034,0.0077,0.0044,0.0051,0.0116,0.0958,0.1526,1.0000,0.0752,0.9757,0.0018,0.0178,0.0016,0.0035,0.0048,0.0018,0.0065,0.0002,0.0042,0.0000,0.0001,0.0005,0.0020,0.0158,0.0000
0.0022,0.0032,0.0031,0.0064,0.0038,0.0254,0.0042,0.2844,0.3866,0.9971,0.0753,0.0571,0.0028,0.0008,0.0015,0.0011,0.0022,0.0031,0.0047,0.0077,0.0011,0.0009,0.0000,0.0012,0.0001,0.0158,0.0226,0.0271
0.0080,0.0042,0.0108,0.0013,0.0135,0.0226,0.0712,0.7031,0.9820,0.2581,0.0455,0.0017,0.0039,0.0004,0.0020,0.0007,0.0021,0.0077,0.0068,0.0070,0.0009,0.0072,0.0008,0.0091,0.0015,0.0000,0.0271,0.0004