c1,c2,c3,c4,c5,c6,c7,c8,c9,c10,c11,c12,c13,c14,c15,c16,c17,c18,c19,c20,c21,c22,c23,c24,c25,c26,c27,c28
0.0000,0.0207,0.0001,0.0008,0.0093,0.0062,0.0100,0.0145,0.0350,0.0038,0.0158,0.0044,0.0635,0.0194,0.0368,0.0729,0.0134,0.0336,0.0395,0.0209,0.0037,0.0061,0.0052,0.0030,0.0086,0.0026,0.0064,0.0123
0.0207,0.0020,0.0282,0.0000,0.0001,0.0004,0.0007,0.0059,0.0057,0.0028,0.0092,0.0738,0.1415,0.9982,0.0100,0.0568,0.0046,0.0063,0.0078,0.0051,0.0053,0.0026,0.0171,0.0019,0.0160,0.0024,0.0033,0.0048
0.0001,0.0282,0.0110,0.0003,0.0001,0.0001,0.0027,0.0086,0.0403,0.0068,0.9155,0.0095,0.9395,0.0164,0.0292,0.0092,0.0056,0.0078,0.0106,0.0069,0.0021,0.0033,0.0041,0.0050,0.0030,0.0071,0.0038,0.0059
0.0008,0.0000,0.0003,0.0111,0.0019,0.0000,0.0014,0.0047,0.0116,0.0410,0.0439,0.9990,0.0067,0.8091,0.0033,0.0127,0.0036,0.0053,0.0090,0.0065,0.0076,0.0035,0.0697,0.0024,0.0239,0.0029,0.0062,0.0039
0.0093,0.0001,0.0001,0.0019,0.0084,0.0016,0.0020,0.0220,0.0348,0.0146,0.9318,0.5307,0.0202,0.0066,0.0047,0.0065,0.0049,0.0057,0.0078,0.0075,0.0025,0.0031,0.0066,0.0040,0.0041,0.0054,0.0042,0.0104
0.0062,0.0004,0.0001,0.0000,0.0016,0.0013,0.2256,0.0127,0.0054,0.4287,0.0694,0.9845,0.0162,0.0228,0.0018,0.0050,0.0016,0.0036,0.0072,0.0057,0.0052,0.0021,0.0163,0.0024,0.0175,0.0036,0.0116,0.0142
0.0100,0.0007,0.0027,0.0014,0.0020,0.2256,0.0008,0.8181,0.0048,0.3594,0.0087,0.0355,0.0061,0.0037,0.0015,0.0049,0.0026,0.0024,0.0003,0.0059,0.0047,0.0022,0.0165,0.0042,0.0297,0.0049,0.0031,0.0309
0.0145,0.0059,0.0086,0.0047,0.0220,0.0127,0.8181,0.0139,0.0711,0.0007,0.0008,0.0013,0.0008,0.0016,0.0007,0.0055,0.0028,0.0025,0.0071,0.0045,0.0023,0.0012,0.0055,0.0014,0.0396,0.0122,0.0567,0.2561
0.0350,0.0057,0.0403,0.0116,0.0348,0.0054,0.0048,0.0711,0.0275,0.0006,0.0000,0.0000,0.0003,0.0002,0.0020,0.0043,0.0054,0.0045,0.0093,0.0049,0.0036,0.0021,0.0109,0.0082,0.2124,0.6367,0.3406,0.4155
0.0038,0.0028,0.0068,0.0410,0.0146,0.4287,0.3594,0.0007,0.0006,0.0002,0.0002,0.0000,0.0000,0.0001,0.0002,0.0084,0.0021,0.0021,0.0094,0.0027,0.0024,0.0018,0.1790,0.0131,1.0000,0.0780,0.9797,0.0501
0.0158,0.0092,0.9155,0.0439,0.9318,0.0694,0.0087,0.0008,0.0000,0.0002,0.0027,0.0000,0.0000,0.0000,0.0004,0.0023,0.0055,0.0028,0.0050,0.0025,0.0007,0.0029,0.0062,0.4789,0.0205,0.9996,0.0343,0.0323
0.0044,0.0738,0.0095,0.9990,0.5307,0.9845,0.0355,0.0013,0.0000,0.0000,0.0000,0.0001,0.0001,0.0000,0.0000,0.0001,0.0003,0.0037,0.0062,0.0055,0.1348,0.0178,1.0000,0.0392,0.9946,0.0099,0.0178,0.0051
0.0635,0.1415,0.9395,0.0067,0.0202,0.0162,0.0061,0.0008,0.0003,0.0000,0.0000,0.0001,0.0010,0.0000,0.0000,0.0003,0.0015,0.0028,0.0113,0.0183,0.0047,0.0732,0.0279,0.9998,0.0097,0.9113,0.0037,0.0081
0.0194,0.9982,0.0164,0.8091,0.0066,0.0228,0.0037,0.0016,0.0002,0.0001,0.0000,0.0000,0.0000,0.0000,0.0001,0.0000,0.0000,0.0005,0.0360,0.0207,1.0000,0.0417,1.0000,0.0218,0.0147,0.0018,0.0015,0.0015
0.0368,0.0100,0.0292,0.0033,0.0047,0.0018,0.0015,0.0007,0.0020,0.0002,0.0004,0.0000,0.0000,0.0001,0.0010,0.0009,0.0019,0.0060,0.0434,0.0426,0.5375,1.0000,0.0387,0.8982,0.0036,0.0322,0.0018,0.0024
0.0729,0.0568,0.0092,0.0127,0.0065,0.0050,0.0049,0.0055,0.0043,0.0084,0.0023,0.0001,0.0003,0.0000,0.0009,0.0111,0.0009,0.0005,0.5251,0.0172,0.9997,0.0653,0.0339,0.0040,0.0035,0.0016,0.0020,0.0027
0.0134,0.0046,0.0056,0.0036,0.0049,0.0016,0.0026,0.0028,0.0054,0.0021,0.0055,0.0003,0.0015,0.0000,0.0019,0.0009,0.0072,0.6267,0.0031,0.5921,0.0060,0.9936,0.0195,0.0444,0.0031,0.0059,0.0021,0.0037
0.0336,0.0063,0.0078,0.0053,0.0057,0.0036,0.0024,0.0025,0.0045,0.0021,0.0028,0.0037,0.0028,0.0005,0.0060,0.0005,0.6267,0.1340,0.4738,0.0111,0.0008,0.0254,0.0032,0.0117,0.0052,0.0061,0.0046,0.0056
0.0395,0.0078,0.0106,0.0090,0.0078,0.0072,0.0003,0.0071,0.0093,0.0094,0.0050,0.0062,0.0113,0.0360,0.0434,0.5251,0.0031,0.4738,0.0199,0.3061,0.0001,0.0002,0.0003,0.0008,0.0031,0.0032,0.0016,0.0043
0.0209,0.0051,0.0069,0.0065,0.0075,0.0057,0.0059,0.0045,0.0049,0.0027,0.0025,0.0055,0.0183,0.0207,0.0426,0.0172,0.5921,0.0111,0.3061,0.0196,0.0002,0.0001,0.0001,0.0053,0.0017,0.0125,0.0082,0.0106
0.0037,0.0053,0.0021,0.0076,0.0025,0.0052,0.0047,0.0023,0.0036,0.0024,0.0007,0.1348,0.0047,1.0000,0.5375,0.9997,0.0060,0.0008,0.0001,0.0002,0.0053,0.0011,0.0000,0.0001,0.0008,0.0003,0.0023,0.0014
0.0061,0.0026,0.0033,0.0035,0.0031,0.0021,0.0022,0.0012,0.0021,0.0018,0.0029,0.0178,0.0732,0.0417,1.0000,0.0653,0.9936,0.0254,0.0002,0.0001,0.0011,0.0216,0.0000,0.0001,0.0002,0.0033,0.0007,0.0036
0.0052,0.0171,0.0041,0.0697,0.0066,0.0163,0.0165,0.0055,0.0109,0.1790,0.0062,1.0000,0.0279,1.0000,0.0387,0.0339,0.0195,0.0032,0.0003,0.0001,0.0000,0.0000,0.0020,0.0009,0.0000,0.0000,0.0001,0.0018
0.0030,0.0019,0.0050,0.0024,0.0040,0.0024,0.0042,0.0014,0.0082,0.0131,0.4789,0.0392,0.9998,0.0218,0.8982,0.0040,0.0444,0.0117,0.0008,0.0053,0.0001,0.0001,0.0009,0.0060,0.0004,0.0001,0.0015,0.0041
0.0086,0.0160,0.0030,0.0239,0.0041,0.0175,0.0297,0.0396,0.2124,1.0000,0.0205,0.9946,0.0097,0.0147,0.0036,0.0035,0.0031,0.0052,0.0031,0.0017,0.0008,0.0002,0.0000,0.0004,0.0001,0.0005,0.0001,0.0028
0.0026,0.0024,0.0071,0.0029,0.0054,0.0036,0.0049,0.0122,0.6367,0.0780,0.9996,0.0099,0.9113,0.0018,0.0322,0.0016,0.0059,0.0061,0.0032,0.0125,0.0003,0.0033,0.0000,0.0001,0.0005,0.0053,0.0501,0.0000
0.0064,0.0033,0.0038,0.0062,0.0042,0.0116,0.0031,0.0567,0.3406,0.9797,0.0343,0.0178,0.0037,0.0015,0.0018,0.0020,0.0021,0.0046,0.0016,0.0082,0.0023,0.0007,0.0001,0.0015,0.0001,0.0501,0.0626,0.1085
0.0123,0.0048,0.0059,0.0039,0.0104,0.0142,0.0309,0.2561,0.4155,0.0501,0.0323,0.0051,0.0081,0.0015,0.0024,0.0027,0.0037,0.0056,0.0043,0.0106,0.0014,0.0036,0.0018,0.0041,0.0028,0.0000,0.1085,0.0050