c1,c2,c3,c4,c5,c6,c7,c8,c9,c10,c11,c12,c13,c14,c15,c16,c17,c18,c19,c20,c21,c22,c23,c24,c25,c26,c27,c28
0.0000,0.0137,0.0001,0.0001,0.0063,0.0013,0.0052,0.0085,0.0150,0.0012,0.0134,0.0024,0.0692,0.1457,0.5797,0.4893,0.0157,0.0345,0.0827,0.0212,0.0261,0.0044,0.0041,0.0020,0.0043,0.0021,0.0038,0.0087
0.0137,0.0021,0.0190,0.0000,0.0000,0.0001,0.0001,0.0016,0.0015,0.0008,0.0047,0.0518,0.0523,1.0000,0.0178,0.3446,0.0038,0.0047,0.0083,0.0058,0.0444,0.0020,0.0654,0.0014,0.0448,0.0024,0.0022,0.0031
0.0001,0.0190,0.0117,0.0001,0.0001,0.0001,0.0061,0.0025,0.0080,0.0031,0.9906,0.0043,0.9932,0.0084,0.0433,0.0044,0.0072,0.0072,0.0105,0.0068,0.0025,0.0050,0.0031,0.0049,0.0015,0.0402,0.0045,0.0225
0.0001,0.0000,0.0001,0.0017,0.0025,0.0000,0.0005,0.0011,0.0013,0.0034,0.1713,1.0000,0.0469,0.9663,0.0062,0.0452,0.0053,0.0048,0.0180,0.0047,0.0482,0.0026,0.2313,0.0030,0.0252,0.0044,0.0039,0.0012
0.0063,0.0000,0.0001,0.0025,0.0083,0.0010,0.0012,0.0223,0.0530,0.0030,0.9838,0.2606,0.0425,0.0054,0.0052,0.0024,0.0041,0.0045,0.0064,0.0082,0.0036,0.0052,0.0125,0.0082,0.0025,0.0238,0.0047,0.0258
0.0013,0.0001,0.0001,0.0000,0.0010,0.0013,0.2288,0.0662,0.0030,0.3444,0.0046,0.9992,0.0046,0.0186,0.0014,0.0030,0.0009,0.0027,0.0068,0.0043,0.0145,0.0023,0.1317,0.0027,0.1141,0.0051,0.0144,0.0142
0.0052,0.0001,0.0061,0.0005,0.0012,0.2288,0.0035,0.9355,0.0188,0.1242,0.0091,0.0319,0.0050,0.0015,0.0025,0.0030,0.0020,0.0023,0.0004,0.0065,0.0091,0.0023,0.0240,0.0027,0.0276,0.0071,0.0023,0.0654
0.0085,0.0016,0.0025,0.0011,0.0223,0.0662,0.9355,0.0509,0.0839,0.0002,0.0004,0.0010,0.0006,0.0004,0.0010,0.0039,0.0025,0.0028,0.0063,0.0033,0.0024,0.0012,0.0054,0.0009,0.0370,0.0145,0.1913,0.8976
0.0150,0.0015,0.0080,0.0013,0.0530,0.0030,0.0188,0.0839,0.0276,0.0005,0.0000,0.0000,0.0003,0.0000,0.0027,0.0035,0.0068,0.0068,0.0059,0.0043,0.0050,0.0018,0.0074,0.0045,0.1270,0.0494,0.3376,1.0000
0.0012,0.0008,0.0031,0.0034,0.0030,0.3444,0.1242,0.0002,0.0005,0.0006,0.0004,0.0000,0.0000,0.0000,0.0002,0.0011,0.0020,0.0020,0.0048,0.0047,0.0055,0.0019,0.0295,0.0098,0.9953,0.1547,0.9942,1.0000
0.0134,0.0047,0.9906,0.1713,0.9838,0.0046,0.0091,0.0004,0.0000,0.0004,0.0016,0.0000,0.0000,0.0000,0.0004,0.0003,0.0036,0.0019,0.0023,0.0015,0.0009,0.0010,0.0060,0.0771,0.1624,0.9998,0.1730,0.7020
0.0024,0.0518,0.0043,1.0000,0.2606,0.9992,0.0319,0.0010,0.0000,0.0000,0.0000,0.0001,0.0001,0.0000,0.0000,0.0000,0.0002,0.0011,0.0017,0.0015,0.0129,0.0028,1.0000,0.0992,1.0000,0.1243,0.0806,0.0025
0.0692,0.0523,0.9932,0.0469,0.0425,0.0046,0.0050,0.0006,0.0003,0.0000,0.0000,0.0001,0.0016,0.0000,0.0001,0.0001,0.0011,0.0019,0.0052,0.0044,0.0019,0.0153,0.0442,1.0000,0.0134,0.9797,0.0075,0.0061
0.1457,1.0000,0.0084,0.9663,0.0054,0.0186,0.0015,0.0004,0.0000,0.0000,0.0000,0.0000,0.0000,0.0000,0.0001,0.0000,0.0000,0.0001,0.0094,0.0077,1.0000,0.0455,1.0000,0.0503,0.1927,0.0019,0.0008,0.0001
0.5797,0.0178,0.0433,0.0062,0.0052,0.0014,0.0025,0.0010,0.0027,0.0002,0.0004,0.0000,0.0001,0.0001,0.0042,0.0009,0.0004,0.0041,0.0393,0.0446,0.1542,1.0000,0.0978,0.7986,0.0046,0.0115,0.0017,0.0007
0.4893,0.3446,0.0044,0.0452,0.0024,0.0030,0.0030,0.0039,0.0035,0.0011,0.0003,0.0000,0.0001,0.0000,0.0009,0.0200,0.0006,0.0017,0.9691,0.0390,1.0000,0.1507,0.0296,0.0041,0.0030,0.0019,0.0011,0.0003
0.0157,0.0038,0.0072,0.0053,0.0041,0.0009,0.0020,0.0025,0.0068,0.0020,0.0036,0.0002,0.0011,0.0000,0.0004,0.0006,0.0110,0.8889,0.0081,0.9568,0.0022,0.9995,0.0126,0.0641,0.0022,0.0036,0.0021,0.0012
0.0345,0.0047,0.0072,0.0048,0.0045,0.0027,0.0023,0.0028,0.0068,0.0020,0.0019,0.0011,0.0019,0.0001,0.0041,0.0017,0.8889,0.5328,0.7543,0.0784,0.0006,0.0711,0.0016,0.0080,0.0015,0.0044,0.0029,0.0015
0.0827,0.0083,0.0105,0.0180,0.0064,0.0068,0.0004,0.0063,0.0059,0.0048,0.0023,0.0017,0.0052,0.0094,0.0393,0.9691,0.0081,0.7543,0.0548,0.5738,0.0000,0.0002,0.0003,0.0008,0.0011,0.0030,0.0014,0.0020
0.0212,0.0058,0.0068,0.0047,0.0082,0.0043,0.0065,0.0033,0.0043,0.0047,0.0015,0.0015,0.0044,0.0077,0.0446,0.0390,0.9568,0.0784,0.5738,0.0497,0.0002,0.0005,0.0001,0.0030,0.0005,0.0048,0.0048,0.0013
0.0261,0.0444,0.0025,0.0482,0.0036,0.0145,0.0091,0.0024,0.0050,0.0055,0.0009,0.0129,0.0019,1.0000,0.1542,1.0000,0.0022,0.0006,0.0000,0.0002,0.0133,0.0018,0.0000,0.0000,0.0000,0.0002,0.0006,0.0004
0.0044,0.0020,0.0050,0.0026,0.0052,0.0023,0.0023,0.0012,0.0018,0.0019,0.0010,0.0028,0.0153,0.0455,1.0000,0.1507,0.9995,0.0711,0.0002,0.0005,0.0018,0.0287,0.0000,0.0006,0.0001,0.0033,0.0007,0.0007
0.0041,0.0654,0.0031,0.2313,0.0125,0.1317,0.0240,0.0054,0.0074,0.0295,0.0060,1.0000,0.0442,1.0000,0.0978,0.0296,0.0126,0.0016,0.0003,0.0001,0.0000,0.0000,0.0012,0.0007,0.0000,0.0000,0.0000,0.0001
0.0020,0.0014,0.0049,0.0030,0.0082,0.0027,0.0027,0.0009,0.0045,0.0098,0.0771,0.0992,1.0000,0.0503,0.7986,0.0041,0.0641,0.0080,0.0008,0.0030,0.0000,0.0006,0.0007,0.0851,0.0004,0.0001,0.0009,0.0002
0.0043,0.0448,0.0015,0.0252,0.0025,0.1141,0.0276,0.0370,0.1270,0.9953,0.1624,1.0000,0.0134,0.1927,0.0046,0.0030,0.0022,0.0015,0.0011,0.0005,0.0000,0.0001,0.0000,0.0004,0.0001,0.0002,0.0007,0.0007
0.0021,0.0024,0.0402,0.0044,0.0238,0.0051,0.0071,0.0145,0.0494,0.1547,0.9998,0.1243,0.9797,0.0019,0.0115,0.0019,0.0036,0.0044,0.0030,0.0048,0.0002,0.0033,0.0000,0.0001,0.0002,0.0032,0.1733,0.0000
0.0038,0.0022,0.0045,0.0039,0.0047,0.0144,0.0023,0.1913,0.3376,0.9942,0.1730,0.0806,0.0075,0.0008,0.0017,0.0011,0.0021,0.0029,0.0014,0.0048,0.0006,0.0007,0.0000,0.0009,0.0007,0.1733,0.1401,0.0006
0.0087,0.0031,0.0225,0.0012,0.0258,0.0142,0.0654,0.8976,1.0000,1.0000,0.7020,0.0025,0.0061,0.0001,0.0007,0.0003,0.0012,0.0015,0.0020,0.0013,0.0004,0.0007,0.0001,0.0002,0.0007,0.0000,0.0006,0.0000