c1,c2,c3,c4,c5,c6,c7,c8,c9,c10,c11,c12,c13,c14,c15,c16,c17,c18,c19,c20,c21,c22,c23,c24,c25,c26,c27,c28
0.0000,0.0175,0.0001,0.0001,0.0081,0.0023,0.0046,0.0081,0.0146,0.0027,0.0149,0.0041,0.1121,0.2687,0.2577,0.3076,0.0177,0.0244,0.0769,0.0283,0.0069,0.0063,0.0075,0.0021,0.0059,0.0016,0.0045,0.0074
0.0175,0.0012,0.0247,0.0000,0.0000,0.0001,0.0001,0.0018,0.0012,0.0006,0.0033,0.2485,0.1130,1.0000,0.0157,0.0969,0.0041,0.0057,0.0084,0.0059,0.0169,0.0024,0.0450,0.0014,0.0208,0.0015,0.0026,0.0024
0.0001,0.0247,0.0121,0.0001,0.0001,0.0000,0.0027,0.0027,0.0097,0.0020,0.9982,0.0049,0.9979,0.0169,0.0496,0.0113,0.0057,0.0056,0.0088,0.0062,0.0014,0.0038,0.0028,0.0051,0.0018,0.0225,0.0036,0.0084
0.0001,0.0000,0.0001,0.0013,0.0011,0.0000,0.0008,0.0014,0.0025,0.0218,0.0225,1.0000,0.0177,0.9971,0.0048,0.0131,0.0043,0.0044,0.0170,0.0054,0.0184,0.0028,0.3208,0.0025,0.0535,0.0023,0.0038,0.0018
0.0081,0.0000,0.0001,0.0011,0.0127,0.0007,0.0010,0.0172,0.0227,0.0083,0.9533,0.8579,0.0127,0.0082,0.0059,0.0050,0.0035,0.0055,0.0104,0.0103,0.0027,0.0031,0.0095,0.0047,0.0040,0.0067,0.0041,0.0266
0.0023,0.0001,0.0000,0.0000,0.0007,0.0006,0.5644,0.0358,0.0014,0.9848,0.0035,0.9994,0.0024,0.0255,0.0011,0.0037,0.0008,0.0026,0.0083,0.0052,0.0121,0.0019,0.1574,0.0017,0.1282,0.0024,0.0176,0.0096
0.0046,0.0001,0.0027,0.0008,0.0010,0.5644,0.0009,0.8912,0.0142,0.9380,0.0056,0.0518,0.0026,0.0026,0.0017,0.0029,0.0020,0.0019,0.0003,0.0043,0.0063,0.0021,0.0245,0.0027,0.0531,0.0036,0.0037,0.0180
0.0081,0.0018,0.0027,0.0014,0.0172,0.0358,0.8912,0.0257,0.0690,0.0003,0.0005,0.0008,0.0005,0.0010,0.0013,0.0081,0.0028,0.0034,0.0138,0.0044,0.0028,0.0015,0.0068,0.0011,0.0592,0.0111,0.1421,0.4975
0.0146,0.0012,0.0097,0.0025,0.0227,0.0014,0.0142,0.0690,0.0856,0.0003,0.0000,0.0000,0.0001,0.0001,0.0018,0.0082,0.0071,0.0068,0.0189,0.0045,0.0046,0.0019,0.0121,0.0032,0.2445,0.1999,0.8506,0.9991
0.0027,0.0006,0.0020,0.0218,0.0083,0.9848,0.9380,0.0003,0.0003,0.0001,0.0003,0.0000,0.0000,0.0000,0.0002,0.0019,0.0016,0.0017,0.0072,0.0029,0.0055,0.0013,0.1077,0.0048,1.0000,0.2292,0.9993,0.3247
0.0149,0.0033,0.9982,0.0225,0.9533,0.0035,0.0056,0.0005,0.0000,0.0003,0.0025,0.0000,0.0000,0.0000,0.0009,0.0012,0.0040,0.0025,0.0032,0.0017,0.0006,0.0015,0.0040,0.0467,0.0718,1.0000,0.0472,0.2249
0.0041,0.2485,0.0049,1.0000,0.8579,0.9994,0.0518,0.0008,0.0000,0.0000,0.0000,0.0001,0.0000,0.0000,0.0000,0.0000,0.0002,0.0014,0.0022,0.0023,0.0985,0.0060,1.0000,0.0335,0.9994,0.0079,0.0062,0.0012
0.1121,0.1130,0.9979,0.0177,0.0127,0.0024,0.0026,0.0005,0.0001,0.0000,0.0000,0.0000,0.0008,0.0000,0.0002,0.0001,0.0014,0.0021,0.0052,0.0062,0.0019,0.0442,0.0263,1.0000,0.0068,0.9984,0.0024,0.0047
0.2687,1.0000,0.0169,0.9971,0.0082,0.0255,0.0026,0.0010,0.0001,0.0000,0.0000,0.0000,0.0000,0.0000,0.0001,0.0000,0.0000,0.0002,0.0111,0.0104,1.0000,0.0166,0.9999,0.0229,0.0230,0.0009,0.0006,0.0003
0.2577,0.0157,0.0496,0.0048,0.0059,0.0011,0.0017,0.0013,0.0018,0.0002,0.0009,0.0000,0.0002,0.0001,0.0031,0.0009,0.0006,0.0030,0.0154,0.0258,0.2097,1.0000,0.0641,0.9506,0.0049,0.0264,0.0018,0.0014
0.3076,0.0969,0.0113,0.0131,0.0050,0.0037,0.0029,0.0081,0.0082,0.0019,0.0012,0.0000,0.0001,0.0000,0.0009,0.0161,0.0004,0.0009,0.6982,0.0307,1.0000,0.2725,0.0290,0.0035,0.0016,0.0010,0.0013,0.0016
0.0177,0.0041,0.0057,0.0043,0.0035,0.0008,0.0020,0.0028,0.0071,0.0016,0.0040,0.0002,0.0014,0.0000,0.0006,0.0004,0.0117,0.8532,0.0041,0.8745,0.0030,0.9996,0.0117,0.1126,0.0024,0.0046,0.0017,0.0018
0.0244,0.0057,0.0056,0.0044,0.0055,0.0026,0.0019,0.0034,0.0068,0.0017,0.0025,0.0014,0.0021,0.0002,0.0030,0.0009,0.8532,0.3891,0.6672,0.0314,0.0009,0.0890,0.0018,0.0089,0.0025,0.0048,0.0038,0.0049
0.0769,0.0084,0.0088,0.0170,0.0104,0.0083,0.0003,0.0138,0.0189,0.0072,0.0032,0.0022,0.0052,0.0111,0.0154,0.6982,0.0041,0.6672,0.0660,0.4434,0.0000,0.0001,0.0002,0.0008,0.0016,0.0024,0.0022,0.0042
0.0283,0.0059,0.0062,0.0054,0.0103,0.0052,0.0043,0.0044,0.0045,0.0029,0.0017,0.0023,0.0062,0.0104,0.0258,0.0307,0.8745,0.0314,0.4434,0.0465,0.0004,0.0002,0.0001,0.0038,0.0010,0.0055,0.0066,0.0081
0.0069,0.0169,0.0014,0.0184,0.0027,0.0121,0.0063,0.0028,0.0046,0.0055,0.0006,0.0985,0.0019,1.0000,0.2097,1.0000,0.0030,0.0009,0.0000,0.0004,0.0130,0.0015,0.0000,0.0000,0.0004,0.0001,0.0015,0.0010
0.0063,0.0024,0.0038,0.0028,0.0031,0.0019,0.0021,0.0015,0.0019,0.0013,0.0015,0.0060,0.0442,0.0166,1.0000,0.2725,0.9996,0.0890,0.0001,0.0002,0.0015,0.0299,0.0000,0.0003,0.0002,0.0026,0.0007,0.0026
0.0075,0.0450,0.0028,0.3208,0.0095,0.1574,0.0245,0.0068,0.0121,0.1077,0.0040,1.0000,0.0263,0.9999,0.0641,0.0290,0.0117,0.0018,0.0002,0.0001,0.0000,0.0000,0.0031,0.0006,0.0000,0.0000,0.0000,0.0009
0.0021,0.0014,0.0051,0.0025,0.0047,0.0017,0.0027,0.0011,0.0032,0.0048,0.0467,0.0335,1.0000,0.0229,0.9506,0.0035,0.1126,0.0089,0.0008,0.0038,0.0000,0.0003,0.0006,0.0622,0.0004,0.0001,0.0009,0.0014
0.0059,0.0208,0.0018,0.0535,0.0040,0.1282,0.0531,0.0592,0.2445,1.0000,0.0718,0.9994,0.0068,0.0230,0.0049,0.0016,0.0024,0.0025,0.0016,0.0010,0.0004,0.0002,0.0000,0.0004,0.0001,0.0001,0.0000,0.0007
0.0016,0.0015,0.0225,0.0023,0.0067,0.0024,0.0036,0.0111,0.1999,0.2292,1.0000,0.0079,0.9984,0.0009,0.0264,0.0010,0.0046,0.0048,0.0024,0.0055,0.0001,0.0026,0.0000,0.0001,0.0001,0.0021,0.0310,0.0000
0.0045,0.0026,0.0036,0.0038,0.0041,0.0176,0.0037,0.1421,0.8506,0.9993,0.0472,0.0062,0.0024,0.0006,0.0018,0.0013,0.0017,0.0038,0.0022,0.0066,0.0015,0.0007,0.0000,0.0009,0.0000,0.0310,0.0458,0.1373
0.0074,0.0024,0.0084,0.0018,0.0266,0.0096,0.0180,0.4975,0.9991,0.3247,0.2249,0.0012,0.0047,0.0003,0.0014,0.0016,0.0018,0.0049,0.0042,0.0081,0.0010,0.0026,0.0009,0.0014,0.0007,0.0000,0.1373,0.0014