c1,c2,c3,c4,c5,c6,c7,c8,c9,c10,c11,c12,c13,c14,c15,c16,c17,c18,c19,c20,c21,c22,c23,c24,c25,c26,c27,c28
0.0000,0.0324,0.0001,0.0003,0.0147,0.0049,0.0231,0.0232,0.0329,0.0048,0.0339,0.0031,0.0369,0.0508,0.0326,0.0515,0.0154,0.0299,0.0471,0.0318,0.0053,0.0056,0.0044,0.0028,0.0053,0.0029,0.0036,0.0094
0.0324,0.0048,0.0420,0.0000,0.0001,0.0002,0.0004,0.0045,0.0044,0.0036,0.0039,0.1128,0.0159,0.9986,0.0071,0.0788,0.0049,0.0065,0.0103,0.0083,0.0194,0.0024,0.0617,0.0015,0.0604,0.0016,0.0036,0.0069
0.0001,0.0420,0.0195,0.0002,0.0001,0.0001,0.0088,0.0055,0.0204,0.0062,0.9330,0.0057,0.8048,0.0092,0.0167,0.0083,0.0088,0.0064,0.0089,0.0075,0.0020,0.0045,0.0047,0.0095,0.0034,0.0101,0.0040,0.0139
0.0003,0.0000,0.0002,0.0008,0.0029,0.0000,0.0007,0.0036,0.0035,0.0297,0.0283,0.9999,0.0203,0.8289,0.0046,0.0198,0.0046,0.0050,0.0144,0.0044,0.0120,0.0026,0.2501,0.0029,0.1578,0.0030,0.0057,0.0029
0.0147,0.0001,0.0001,0.0029,0.0105,0.0010,0.0007,0.0182,0.0195,0.0149,0.9760,0.0551,0.0323,0.0077,0.0056,0.0042,0.0074,0.0057,0.0062,0.0057,0.0027,0.0047,0.0124,0.0118,0.0044,0.0088,0.0038,0.0108
0.0049,0.0002,0.0001,0.0000,0.0010,0.0002,0.1589,0.0054,0.0035,0.7863,0.0056,0.9762,0.0063,0.0280,0.0014,0.0037,0.0011,0.0035,0.0088,0.0045,0.0144,0.0028,0.1439,0.0051,0.1765,0.0035,0.0355,0.0158
0.0231,0.0004,0.0088,0.0007,0.0007,0.1589,0.0029,0.5971,0.0057,0.4148,0.0128,0.0196,0.0069,0.0034,0.0029,0.0035,0.0029,0.0023,0.0003,0.0042,0.0038,0.0022,0.0231,0.0050,0.0510,0.0047,0.0023,0.0229
0.0232,0.0045,0.0055,0.0036,0.0182,0.0054,0.5971,0.0133,0.2128,0.0003,0.0013,0.0012,0.0006,0.0012,0.0013,0.0049,0.0033,0.0023,0.0092,0.0041,0.0028,0.0010,0.0066,0.0019,0.0648,0.0121,0.1102,0.2666
0.0329,0.0044,0.0204,0.0035,0.0195,0.0035,0.0057,0.2128,0.0394,0.0023,0.0001,0.0000,0.0005,0.0002,0.0027,0.0069,0.0076,0.0058,0.0053,0.0046,0.0047,0.0021,0.0127,0.0052,0.1151,0.1722,0.2797,0.4897
0.0048,0.0036,0.0062,0.0297,0.0149,0.7863,0.4148,0.0003,0.0023,0.0002,0.0003,0.0000,0.0000,0.0000,0.0004,0.0033,0.0022,0.0028,0.0080,0.0034,0.0060,0.0015,0.0901,0.0046,0.9983,0.1047,0.9927,0.2240
0.0339,0.0039,0.9330,0.0283,0.9760,0.0056,0.0128,0.0013,0.0001,0.0003,0.0011,0.0000,0.0000,0.0000,0.0006,0.0004,0.0035,0.0023,0.0032,0.0019,0.0006,0.0014,0.0034,0.0567,0.0186,1.0000,0.0725,0.0881
0.0031,0.1128,0.0057,0.9999,0.0551,0.9762,0.0196,0.0012,0.0000,0.0000,0.0000,0.0001,0.0003,0.0000,0.0000,0.0001,0.0006,0.0031,0.0070,0.0043,0.0303,0.0044,1.0000,0.0426,0.9994,0.0702,0.0423,0.0036
0.0369,0.0159,0.8048,0.0203,0.0323,0.0063,0.0069,0.0006,0.0005,0.0000,0.0000,0.0003,0.0016,0.0000,0.0001,0.0002,0.0022,0.0041,0.0084,0.0087,0.0032,0.0177,0.0353,1.0000,0.0110,0.9212,0.0039,0.0061
0.0508,0.9986,0.0092,0.8289,0.0077,0.0280,0.0034,0.0012,0.0002,0.0000,0.0000,0.0000,0.0000,0.0000,0.0002,0.0000,0.0000,0.0005,0.0739,0.0262,1.0000,0.0359,1.0000,0.0319,0.0192,0.0013,0.0009,0.0007
0.0326,0.0071,0.0167,0.0046,0.0056,0.0014,0.0029,0.0013,0.0027,0.0004,0.0006,0.0000,0.0001,0.0002,0.0025,0.0013,0.0004,0.0031,0.0287,0.0334,0.2013,1.0000,0.0784,0.9289,0.0046,0.0194,0.0019,0.0024
0.0515,0.0788,0.0083,0.0198,0.0042,0.0037,0.0035,0.0049,0.0069,0.0033,0.0004,0.0001,0.0002,0.0000,0.0013,0.0112,0.0013,0.0006,0.8185,0.0252,1.0000,0.1472,0.0218,0.0044,0.0018,0.0016,0.0013,0.0014
0.0154,0.0049,0.0088,0.0046,0.0074,0.0011,0.0029,0.0033,0.0076,0.0022,0.0035,0.0006,0.0022,0.0000,0.0004,0.0013,0.0084,0.6759,0.0036,0.5544,0.0012,0.9973,0.0159,0.0856,0.0025,0.0034,0.0025,0.0048
0.0299,0.0065,0.0064,0.0050,0.0057,0.0035,0.0023,0.0023,0.0058,0.0028,0.0023,0.0031,0.0041,0.0005,0.0031,0.0006,0.6759,0.2244,0.4464,0.0184,0.0008,0.0503,0.0020,0.0090,0.0029,0.0040,0.0050,0.0078
0.0471,0.0103,0.0089,0.0144,0.0062,0.0088,0.0003,0.0092,0.0053,0.0080,0.0032,0.0070,0.0084,0.0739,0.0287,0.8185,0.0036,0.4464,0.0193,0.3509,0.0000,0.0002,0.0003,0.0006,0.0012,0.0017,0.0017,0.0048
0.0318,0.0083,0.0075,0.0044,0.0057,0.0045,0.0042,0.0041,0.0046,0.0034,0.0019,0.0043,0.0087,0.0262,0.0334,0.0252,0.5544,0.0184,0.3509,0.0635,0.0003,0.0003,0.0001,0.0037,0.0009,0.0073,0.0083,0.0073
0.0053,0.0194,0.0020,0.0120,0.0027,0.0144,0.0038,0.0028,0.0047,0.0060,0.0006,0.0303,0.0032,1.0000,0.2013,1.0000,0.0012,0.0008,0.0000,0.0003,0.0066,0.0010,0.0000,0.0000,0.0004,0.0002,0.0014,0.0011
0.0056,0.0024,0.0045,0.0026,0.0047,0.0028,0.0022,0.0010,0.0021,0.0015,0.0014,0.0044,0.0177,0.0359,1.0000,0.1472,0.9973,0.0503,0.0002,0.0003,0.0010,0.0211,0.0001,0.0002,0.0004,0.0020,0.0010,0.0080
0.0044,0.0617,0.0047,0.2501,0.0124,0.1439,0.0231,0.0066,0.0127,0.0901,0.0034,1.0000,0.0353,1.0000,0.0784,0.0218,0.0159,0.0020,0.0003,0.0001,0.0000,0.0001,0.0016,0.0006,0.0000,0.0000,0.0000,0.0012
0.0028,0.0015,0.0095,0.0029,0.0118,0.0051,0.0050,0.0019,0.0052,0.0046,0.0567,0.0426,1.0000,0.0319,0.9289,0.0044,0.0856,0.0090,0.0006,0.0037,0.0000,0.0002,0.0006,0.0098,0.0002,0.0000,0.0011,0.0028
0.0053,0.0604,0.0034,0.1578,0.0044,0.1765,0.0510,0.0648,0.1151,0.9983,0.0186,0.9994,0.0110,0.0192,0.0046,0.0018,0.0025,0.0029,0.0012,0.0009,0.0004,0.0004,0.0000,0.0002,0.0001,0.0008,0.0001,0.0017
0.0029,0.0016,0.0101,0.0030,0.0088,0.0035,0.0047,0.0121,0.1722,0.1047,1.0000,0.0702,0.9212,0.0013,0.0194,0.0016,0.0034,0.0040,0.0017,0.0073,0.0002,0.0020,0.0000,0.0000,0.0008,0.0012,0.0261,0.0000
0.0036,0.0036,0.0040,0.0057,0.0038,0.0355,0.0023,0.1102,0.2797,0.9927,0.0725,0.0423,0.0039,0.0009,0.0019,0.0013,0.0025,0.0050,0.0017,0.0083,0.0014,0.0010,0.0000,0.0011,0.0001,0.0261,0.0281,0.0693
0.0094,0.0069,0.0139,0.0029,0.0108,0.0158,0.0229,0.2666,0.4897,0.2240,0.0881,0.0036,0.0061,0.0007,0.0024,0.0014,0.0048,0.0078,0.0048,0.0073,0.0011,0.0080,0.0012,0.0028,0.0017,0.0000,0.0693,0.0018