c1,c2,c3,c4,c5,c6,c7,c8,c9,c10,c11,c12,c13,c14,c15,c16,c17,c18,c19,c20,c21,c22,c23,c24,c25,c26,c27,c28
0.0000,0.0023,0.0000,0.0002,0.0015,0.0008,0.0112,0.0046,0.0075,0.0067,0.0040,0.0105,0.0585,0.0687,0.0849,0.7117,0.7507,0.0924,0.4110,0.2099,0.0884,0.0079,0.0079,0.0055,0.0027,0.0020,0.0009,0.0031
0.0023,0.0027,0.0787,0.0000,0.0001,0.0008,0.0003,0.0052,0.0011,0.0206,0.0177,0.3079,0.2016,0.4451,0.0376,0.1446,0.0362,0.0137,0.0193,0.0132,0.0074,0.0030,0.0094,0.0037,0.0051,0.0020,0.0008,0.0020
0.0000,0.0787,0.0096,0.0006,0.0000,0.0002,0.0068,0.0076,0.0093,0.3004,0.0601,0.4439,0.0543,0.0648,0.0688,0.0213,0.0187,0.0079,0.0079,0.0097,0.0048,0.0022,0.0025,0.0030,0.0021,0.0046,0.0028,0.0049
0.0002,0.0000,0.0006,0.0010,0.0042,0.0000,0.0003,0.0047,0.0054,0.0949,0.8489,0.6092,0.0556,0.4699,0.0191,0.0310,0.0285,0.0150,0.0116,0.0060,0.0037,0.0034,0.0111,0.0048,0.0082,0.0044,0.0058,0.0017
0.0015,0.0001,0.0000,0.0042,0.0121,0.0012,0.0007,0.0171,0.0187,0.9267,0.1516,0.1562,0.0185,0.0071,0.0082,0.0090,0.0057,0.0050,0.0088,0.0117,0.0040,0.0028,0.0061,0.0121,0.0028,0.0064,0.0052,0.0123
0.0008,0.0008,0.0002,0.0000,0.0012,0.0018,0.1348,0.0006,0.0109,0.7877,0.1331,0.4505,0.0689,0.0096,0.0044,0.0052,0.0021,0.0049,0.0080,0.0063,0.0044,0.0078,0.0071,0.0120,0.0033,0.0109,0.0220,0.0144
0.0112,0.0003,0.0068,0.0003,0.0007,0.1348,0.0032,0.0703,0.0049,0.1926,0.0060,0.0441,0.0195,0.0033,0.0078,0.0159,0.0055,0.0049,0.0080,0.0083,0.0070,0.0047,0.0063,0.0055,0.0075,0.0110,0.0017,0.0071
0.0046,0.0052,0.0076,0.0047,0.0171,0.0006,0.0703,0.0270,0.3567,0.0077,0.0023,0.0039,0.0004,0.0006,0.0021,0.0037,0.0034,0.0027,0.0054,0.0077,0.0045,0.0048,0.0040,0.0048,0.0099,0.0198,0.1111,0.1507
0.0075,0.0011,0.0093,0.0054,0.0187,0.0109,0.0049,0.3567,0.0039,0.0087,0.0002,0.0012,0.0010,0.0003,0.0058,0.0054,0.0083,0.0072,0.0059,0.0030,0.0047,0.0067,0.0073,0.0136,0.0224,0.1007,0.1231,0.0368
0.0067,0.0206,0.3004,0.0949,0.9267,0.7877,0.1926,0.0077,0.0087,0.0001,0.0012,0.0000,0.0001,0.0000,0.0004,0.0012,0.0023,0.0022,0.0007,0.0013,0.0013,0.0019,0.0012,0.0107,0.0269,0.0465,0.9460,0.0572
0.0040,0.0177,0.0601,0.8489,0.1516,0.1331,0.0060,0.0023,0.0002,0.0012,0.0003,0.0000,0.0001,0.0000,0.0016,0.0008,0.0027,0.0016,0.0070,0.0027,0.0031,0.1312,0.0020,0.8869,0.0101,0.9861,0.0105,0.0229
0.0105,0.3079,0.4439,0.6092,0.1562,0.4505,0.0441,0.0039,0.0012,0.0000,0.0000,0.0000,0.0004,0.0000,0.0000,0.0002,0.0009,0.0034,0.0041,0.0023,0.0040,0.0043,0.0144,0.0391,0.9999,0.0164,0.7006,0.0137
0.0585,0.2016,0.0543,0.0556,0.0185,0.0689,0.0195,0.0004,0.0010,0.0001,0.0001,0.0004,0.0021,0.0000,0.0004,0.0000,0.0014,0.0015,0.0148,0.0292,0.0089,0.9942,0.0158,0.8920,0.0123,0.0311,0.0025,0.0066
0.0687,0.4451,0.0648,0.4699,0.0071,0.0096,0.0033,0.0006,0.0003,0.0000,0.0000,0.0000,0.0000,0.0006,0.0010,0.0000,0.0001,0.0004,0.0040,0.0527,0.0721,0.0650,1.0000,0.0852,0.9997,0.0235,0.0264,0.0024
0.0849,0.0376,0.0688,0.0191,0.0082,0.0044,0.0078,0.0021,0.0058,0.0004,0.0016,0.0000,0.0004,0.0010,0.0101,0.0002,0.0006,0.0019,0.0021,0.9403,0.0541,0.9911,0.0221,0.0104,0.0034,0.0032,0.0013,0.0027
0.7117,0.1446,0.0213,0.0310,0.0090,0.0052,0.0159,0.0037,0.0054,0.0012,0.0008,0.0002,0.0000,0.0000,0.0002,0.0319,0.1026,0.0056,0.0133,0.0220,0.0675,0.0239,0.4277,0.0048,0.0203,0.0096,0.0045,0.0035
0.7507,0.0362,0.0187,0.0285,0.0057,0.0021,0.0055,0.0034,0.0083,0.0023,0.0027,0.0009,0.0014,0.0001,0.0006,0.1026,0.1482,0.1282,0.0002,0.0336,0.0296,0.0014,0.1411,0.0022,0.0029,0.0026,0.0025,0.0037
0.0924,0.0137,0.0079,0.0150,0.0050,0.0049,0.0049,0.0027,0.0072,0.0022,0.0016,0.0034,0.0015,0.0004,0.0019,0.0056,0.1282,0.1776,0.0174,0.0272,0.0844,0.0026,0.0105,0.0039,0.0053,0.0029,0.0022,0.0053
0.4110,0.0193,0.0079,0.0116,0.0088,0.0080,0.0080,0.0054,0.0059,0.0007,0.0070,0.0041,0.0148,0.0040,0.0021,0.0133,0.0002,0.0174,0.0118,0.0150,0.0002,0.0028,0.0424,0.0097,0.0241,0.0037,0.0075,0.0112
0.2099,0.0132,0.0097,0.0060,0.0117,0.0063,0.0083,0.0077,0.0030,0.0013,0.0027,0.0023,0.0292,0.0527,0.9403,0.0220,0.0336,0.0272,0.0150,0.4367,0.0163,0.0001,0.0000,0.0003,0.0001,0.0029,0.0012,0.0031
0.0884,0.0074,0.0048,0.0037,0.0040,0.0044,0.0070,0.0045,0.0047,0.0013,0.0031,0.0040,0.0089,0.0721,0.0541,0.0675,0.0296,0.0844,0.0002,0.0163,0.4329,0.0191,0.0002,0.0005,0.0008,0.0024,0.0064,0.0054
0.0079,0.0030,0.0022,0.0034,0.0028,0.0078,0.0047,0.0048,0.0067,0.0019,0.1312,0.0043,0.9942,0.0650,0.9911,0.0239,0.0014,0.0026,0.0028,0.0001,0.0191,0.0561,0.0001,0.0004,0.0002,0.0018,0.0006,0.0044
0.0079,0.0094,0.0025,0.0111,0.0061,0.0071,0.0063,0.0040,0.0073,0.0012,0.0020,0.0144,0.0158,1.0000,0.0221,0.4277,0.1411,0.0105,0.0424,0.0000,0.0002,0.0001,0.2885,0.0009,0.0000,0.0001,0.0006,0.0022
0.0055,0.0037,0.0030,0.0048,0.0121,0.0120,0.0055,0.0048,0.0136,0.0107,0.8869,0.0391,0.8920,0.0852,0.0104,0.0048,0.0022,0.0039,0.0097,0.0003,0.0005,0.0004,0.0009,0.0367,0.0008,0.0003,0.0009,0.0105
0.0027,0.0051,0.0021,0.0082,0.0028,0.0033,0.0075,0.0099,0.0224,0.0269,0.0101,0.9999,0.0123,0.9997,0.0034,0.0203,0.0029,0.0053,0.0241,0.0001,0.0008,0.0002,0.0000,0.0008,0.0045,0.0053,0.0001,0.0007
0.0020,0.0020,0.0046,0.0044,0.0064,0.0109,0.0110,0.0198,0.1007,0.0465,0.9861,0.0164,0.0311,0.0235,0.0032,0.0096,0.0026,0.0029,0.0037,0.0029,0.0024,0.0018,0.0001,0.0003,0.0053,0.0187,0.0095,0.0009
0.0009,0.0008,0.0028,0.0058,0.0052,0.0220,0.0017,0.1111,0.1231,0.9460,0.0105,0.7006,0.0025,0.0264,0.0013,0.0045,0.0025,0.0022,0.0075,0.0012,0.0064,0.0006,0.0006,0.0009,0.0001,0.0095,0.0252,0.0857
0.0031,0.0020,0.0049,0.0017,0.0123,0.0144,0.0071,0.1507,0.0368,0.0572,0.0229,0.0137,0.0066,0.0024,0.0027,0.0035,0.0037,0.0053,0.0112,0.0031,0.0054,0.0044,0.0022,0.0105,0.0007,0.0009,0.0857,0.0288