c1,c2,c3,c4,c5,c6,c7,c8,c9,c10,c11,c12,c13,c14,c15,c16,c17,c18,c19,c20,c21,c22,c23,c24,c25,c26,c27,c28
0.0000,0.0476,0.0013,0.0034,0.0839,0.0387,0.1094,0.0487,0.0613,0.0113,0.0257,0.0071,0.0152,0.0085,0.0070,0.0093,0.0065,0.0088,0.0070,0.0089,0.0049,0.0022,0.0041,0.0024,0.0026,0.0015,0.0016,0.0083
0.0476,0.0045,0.1032,0.0000,0.0045,0.0065,0.0041,0.0127,0.0096,0.0102,0.0097,0.0886,0.0067,0.3174,0.0035,0.0223,0.0032,0.0045,0.0015,0.0046,0.0068,0.0019,0.0157,0.0014,0.0277,0.0020,0.0019,0.0075
0.0013,0.1032,0.0674,0.0037,0.0011,0.0004,0.0192,0.0046,0.0209,0.0043,0.0505,0.0052,0.0322,0.0048,0.0083,0.0076,0.0061,0.0081,0.0099,0.0079,0.0033,0.0045,0.0049,0.0042,0.0024,0.0076,0.0040,0.0225
0.0034,0.0000,0.0037,0.0127,0.0212,0.0003,0.0032,0.0036,0.0055,0.0268,0.0177,0.1732,0.0076,0.3206,0.0041,0.0321,0.0046,0.0051,0.0098,0.0037,0.0084,0.0024,0.0380,0.0021,0.0163,0.0037,0.0127,0.0053
0.0839,0.0045,0.0011,0.0212,0.0279,0.0035,0.0002,0.0094,0.0262,0.0089,0.0673,0.0078,0.0077,0.0054,0.0038,0.0057,0.0057,0.0078,0.0045,0.0072,0.0044,0.0039,0.0088,0.0035,0.0031,0.0095,0.0056,0.0232
0.0387,0.0065,0.0004,0.0003,0.0035,0.0121,0.0125,0.0014,0.0139,0.0548,0.0033,0.1215,0.0034,0.0253,0.0018,0.0063,0.0012,0.0029,0.0069,0.0048,0.0101,0.0028,0.0589,0.0018,0.0469,0.0025,0.0441,0.0410
0.1094,0.0041,0.0192,0.0032,0.0002,0.0125,0.0267,0.0471,0.0001,0.0069,0.0032,0.0076,0.0063,0.0075,0.0045,0.0068,0.0037,0.0043,0.0056,0.0047,0.0040,0.0030,0.0163,0.0050,0.0269,0.0087,0.0291,0.0897
0.0487,0.0127,0.0046,0.0036,0.0094,0.0014,0.0471,0.0311,0.1190,0.0002,0.0009,0.0012,0.0009,0.0021,0.0018,0.0132,0.0021,0.0020,0.0032,0.0030,0.0026,0.0020,0.0148,0.0021,0.1473,0.0120,0.4558,0.2327
0.0613,0.0096,0.0209,0.0055,0.0262,0.0139,0.0001,0.1190,0.0091,0.0007,0.0000,0.0000,0.0007,0.0003,0.0044,0.0057,0.0048,0.0047,0.0116,0.0017,0.0016,0.0020,0.0097,0.0043,0.4393,0.0695,0.8884,0.9155
0.0113,0.0102,0.0043,0.0268,0.0089,0.0548,0.0069,0.0002,0.0007,0.0006,0.0028,0.0000,0.0001,0.0001,0.0008,0.0037,0.0014,0.0014,0.0033,0.0021,0.0034,0.0014,0.1066,0.0051,0.9997,0.1775,0.9946,0.5360
0.0257,0.0097,0.0505,0.0177,0.0673,0.0033,0.0032,0.0009,0.0000,0.0028,0.0031,0.0000,0.0000,0.0000,0.0025,0.0008,0.0037,0.0029,0.0038,0.0021,0.0010,0.0017,0.0175,0.0533,0.5385,1.0000,0.1174,0.0751
0.0071,0.0886,0.0052,0.1732,0.0078,0.1215,0.0076,0.0012,0.0000,0.0000,0.0000,0.0011,0.0007,0.0000,0.0000,0.0001,0.0006,0.0033,0.0063,0.0030,0.0345,0.0054,1.0000,0.1561,1.0000,0.1451,0.1071,0.0042
0.0152,0.0067,0.0322,0.0076,0.0077,0.0034,0.0063,0.0009,0.0007,0.0001,0.0000,0.0007,0.0076,0.0000,0.0003,0.0003,0.0016,0.0037,0.0109,0.0062,0.0035,0.0450,0.0734,1.0000,0.0202,0.9186,0.0051,0.0052
0.0085,0.3174,0.0048,0.3206,0.0054,0.0253,0.0075,0.0021,0.0003,0.0001,0.0000,0.0000,0.0000,0.0000,0.0004,0.0000,0.0000,0.0004,0.0694,0.0231,1.0000,0.0334,1.0000,0.0735,0.2166,0.0023,0.0011,0.0005
0.0070,0.0035,0.0083,0.0041,0.0038,0.0018,0.0045,0.0018,0.0044,0.0008,0.0025,0.0000,0.0003,0.0004,0.0060,0.0008,0.0003,0.0033,0.0606,0.0777,0.1065,1.0000,0.0676,0.5457,0.0032,0.0140,0.0015,0.0016
0.0093,0.0223,0.0076,0.0321,0.0057,0.0063,0.0068,0.0132,0.0057,0.0037,0.0008,0.0001,0.0003,0.0000,0.0008,0.0162,0.0011,0.0008,0.8782,0.0149,1.0000,0.0546,0.0221,0.0037,0.0015,0.0012,0.0008,0.0009
0.0065,0.0032,0.0061,0.0046,0.0057,0.0012,0.0037,0.0021,0.0048,0.0014,0.0037,0.0006,0.0016,0.0000,0.0003,0.0011,0.0112,0.8046,0.0100,0.9515,0.0015,0.9996,0.0151,0.0396,0.0016,0.0034,0.0017,0.0015
0.0088,0.0045,0.0081,0.0051,0.0078,0.0029,0.0043,0.0020,0.0047,0.0014,0.0029,0.0033,0.0037,0.0004,0.0033,0.0008,0.8046,0.1920,0.7102,0.0545,0.0007,0.0956,0.0023,0.0062,0.0016,0.0034,0.0020,0.0074
0.0070,0.0015,0.0099,0.0098,0.0045,0.0069,0.0056,0.0032,0.0116,0.0033,0.0038,0.0063,0.0109,0.0694,0.0606,0.8782,0.0100,0.7102,0.0051,0.4006,0.0001,0.0001,0.0005,0.0006,0.0008,0.0013,0.0028,0.0061
0.0089,0.0046,0.0079,0.0037,0.0072,0.0048,0.0047,0.0030,0.0017,0.0021,0.0021,0.0030,0.0062,0.0231,0.0777,0.0149,0.9515,0.0545,0.4006,0.0708,0.0002,0.0003,0.0002,0.0067,0.0004,0.0069,0.0042,0.0105
0.0049,0.0068,0.0033,0.0084,0.0044,0.0101,0.0040,0.0026,0.0016,0.0034,0.0010,0.0345,0.0035,1.0000,0.1065,1.0000,0.0015,0.0007,0.0001,0.0002,0.0068,0.0005,0.0000,0.0000,0.0001,0.0002,0.0016,0.0017
0.0022,0.0019,0.0045,0.0024,0.0039,0.0028,0.0030,0.0020,0.0020,0.0014,0.0017,0.0054,0.0450,0.0334,1.0000,0.0546,0.9996,0.0956,0.0001,0.0003,0.0005,0.0203,0.0000,0.0003,0.0001,0.0059,0.0006,0.0082
0.0041,0.0157,0.0049,0.0380,0.0088,0.0589,0.0163,0.0148,0.0097,0.1066,0.0175,1.0000,0.0734,1.0000,0.0676,0.0221,0.0151,0.0023,0.0005,0.0002,0.0000,0.0000,0.0023,0.0007,0.0000,0.0000,0.0000,0.0012
0.0024,0.0014,0.0042,0.0021,0.0035,0.0018,0.0050,0.0021,0.0043,0.0051,0.0533,0.1561,1.0000,0.0735,0.5457,0.0037,0.0396,0.0062,0.0006,0.0067,0.0000,0.0003,0.0007,0.0229,0.0002,0.0002,0.0011,0.0044
0.0026,0.0277,0.0024,0.0163,0.0031,0.0469,0.0269,0.1473,0.4393,0.9997,0.5385,1.0000,0.0202,0.2166,0.0032,0.0015,0.0016,0.0016,0.0008,0.0004,0.0001,0.0001,0.0000,0.0002,0.0000,0.0003,0.0000,0.0004
0.0015,0.0020,0.0076,0.0037,0.0095,0.0025,0.0087,0.0120,0.0695,0.1775,1.0000,0.1451,0.9186,0.0023,0.0140,0.0012,0.0034,0.0034,0.0013,0.0069,0.0002,0.0059,0.0000,0.0002,0.0003,0.0022,0.0137,0.0000
0.0016,0.0019,0.0040,0.0127,0.0056,0.0441,0.0291,0.4558,0.8884,0.9946,0.1174,0.1071,0.0051,0.0011,0.0015,0.0008,0.0017,0.0020,0.0028,0.0042,0.0016,0.0006,0.0000,0.0011,0.0000,0.0137,0.0022,0.0058
0.0083,0.0075,0.0225,0.0053,0.0232,0.0410,0.0897,0.2327,0.9155,0.5360,0.0751,0.0042,0.0052,0.0005,0.0016,0.0009,0.0015,0.0074,0.0061,0.0105,0.0017,0.0082,0.0012,0.0044,0.0004,0.0000,0.0058,0.0001