c1,c2,c3,c4,c5,c6,c7,c8,c9,c10,c11,c12,c13,c14,c15,c16,c17,c18,c19,c20,c21,c22,c23,c24,c25,c26,c27,c28
0.0000,0.0234,0.0000,0.0000,0.0011,0.0006,0.0035,0.0074,0.0058,0.0011,0.0123,0.0094,0.0474,0.0733,0.0785,0.1284,0.8638,0.8888,0.3718,0.0352,0.0072,0.0057,0.0044,0.0056,0.0065,0.0042,0.0020,0.0026
0.0234,0.0019,0.0691,0.0000,0.0001,0.0001,0.0002,0.0042,0.0022,0.0057,0.0053,0.0178,0.0109,0.3093,0.1514,0.0392,0.0102,0.0144,0.2298,0.1720,0.1858,0.0075,0.0140,0.0026,0.0098,0.0030,0.0016,0.0037
0.0000,0.0691,0.0070,0.0003,0.0000,0.0000,0.0016,0.0032,0.0167,0.0044,0.0108,0.0122,0.0085,0.0412,0.0530,0.1052,0.0106,0.0204,0.0267,0.2608,0.0648,0.6364,0.0131,0.0160,0.0055,0.0103,0.0065,0.0084
0.0000,0.0000,0.0003,0.0001,0.0014,0.0000,0.0001,0.0005,0.0022,0.0208,0.0200,0.8524,0.0056,0.0548,0.0211,0.0158,0.0167,0.0114,0.0866,0.0348,0.6417,0.0460,0.9963,0.0095,0.5717,0.0040,0.0052,0.0025
0.0011,0.0001,0.0000,0.0014,0.0173,0.0002,0.0001,0.0018,0.0033,0.0085,0.0398,0.0308,0.0086,0.0073,0.0040,0.0119,0.0091,0.0081,0.0058,0.0071,0.0106,0.7792,0.0878,0.9792,0.0159,0.0476,0.0041,0.0070
0.0006,0.0001,0.0000,0.0000,0.0002,0.0098,0.0076,0.0001,0.0022,0.1119,0.0138,0.2625,0.0134,0.0051,0.0043,0.0042,0.0043,0.0071,0.0165,0.0095,0.0094,0.0127,0.6237,0.0490,0.9937,0.0347,0.0576,0.0845
0.0035,0.0002,0.0016,0.0001,0.0001,0.0076,0.0026,0.1192,0.0009,0.0058,0.0010,0.0156,0.0152,0.0104,0.0069,0.0045,0.0037,0.0020,0.0038,0.0025,0.0072,0.0089,0.0237,0.1543,0.7745,0.8707,0.0118,0.0263
0.0074,0.0042,0.0032,0.0005,0.0018,0.0001,0.1192,0.0239,0.6081,0.0001,0.0011,0.0013,0.0013,0.0059,0.0072,0.0036,0.0050,0.0023,0.0109,0.0047,0.0071,0.0054,0.0043,0.0038,0.0637,0.2763,0.3399,0.0839
0.0058,0.0022,0.0167,0.0022,0.0033,0.0022,0.0009,0.6081,0.0548,0.0302,0.0001,0.0000,0.0020,0.0029,0.0244,0.0202,0.0106,0.0045,0.0060,0.0074,0.0113,0.0105,0.0070,0.0056,0.0332,0.0310,0.0410,0.0322
0.0011,0.0057,0.0044,0.0208,0.0085,0.1119,0.0058,0.0001,0.0302,0.0009,0.0020,0.0000,0.0001,0.0001,0.0050,0.0110,0.0106,0.0065,0.0147,0.0126,0.0215,0.0111,0.1715,0.0138,0.5848,0.0367,0.2165,0.3026
0.0123,0.0053,0.0108,0.0200,0.0398,0.0138,0.0010,0.0011,0.0001,0.0020,0.0911,0.0008,0.0001,0.0005,0.0023,0.0178,0.0184,0.0125,0.0165,0.0063,0.0068,0.0765,0.0126,0.0899,0.0085,0.0288,0.0222,0.0251
0.0094,0.0178,0.0122,0.8524,0.0308,0.2625,0.0156,0.0013,0.0000,0.0000,0.0008,0.0977,0.0026,0.0000,0.0005,0.0025,0.0099,0.0074,0.0241,0.0095,0.0146,0.0077,0.2375,0.0185,0.0362,0.0190,0.0230,0.0607
0.0474,0.0109,0.0085,0.0056,0.0086,0.0134,0.0152,0.0013,0.0020,0.0001,0.0001,0.0026,0.0802,0.0021,0.0002,0.0054,0.0322,0.0053,0.0217,0.0053,0.0113,0.0257,0.0273,0.0503,0.0139,0.0848,0.0087,0.0171
0.0733,0.3093,0.0412,0.0548,0.0073,0.0051,0.0104,0.0059,0.0029,0.0001,0.0005,0.0000,0.0021,0.0034,0.0099,0.0000,0.0003,0.0041,0.0334,0.0785,0.3018,0.0382,0.8904,0.0081,0.0243,0.0081,0.0042,0.0030
0.0785,0.1514,0.0530,0.0211,0.0040,0.0043,0.0069,0.0072,0.0244,0.0050,0.0023,0.0005,0.0002,0.0099,0.0240,0.0165,0.0000,0.0002,0.0026,0.0110,0.0774,0.0284,0.1155,0.0121,0.0143,0.0143,0.0088,0.0097
0.1284,0.0392,0.1052,0.0158,0.0119,0.0042,0.0045,0.0036,0.0202,0.0110,0.0178,0.0025,0.0054,0.0000,0.0165,0.0122,0.0015,0.0000,0.0032,0.0087,0.0282,0.1246,0.0332,0.0089,0.0036,0.0039,0.0032,0.0052
0.8638,0.0102,0.0106,0.0167,0.0091,0.0043,0.0037,0.0050,0.0106,0.0106,0.0184,0.0099,0.0322,0.0003,0.0000,0.0015,0.0017,0.0239,0.0001,0.0009,0.0896,0.0677,0.6769,0.0160,0.0098,0.0030,0.0026,0.0031
0.8888,0.0144,0.0204,0.0114,0.0081,0.0071,0.0020,0.0023,0.0045,0.0065,0.0125,0.0074,0.0053,0.0041,0.0002,0.0000,0.0239,0.0373,0.0093,0.0142,0.0587,0.0050,0.0145,0.0077,0.0027,0.0030,0.0030,0.0037
0.3718,0.2298,0.0267,0.0866,0.0058,0.0165,0.0038,0.0109,0.0060,0.0147,0.0165,0.0241,0.0217,0.0334,0.0026,0.0032,0.0001,0.0093,0.0057,0.2112,0.0000,0.0003,0.0016,0.0020,0.0040,0.0032,0.0035,0.0030
0.0352,0.1720,0.2608,0.0348,0.0071,0.0095,0.0025,0.0047,0.0074,0.0126,0.0063,0.0095,0.0053,0.0785,0.0110,0.0087,0.0009,0.0142,0.2112,0.0106,0.0351,0.0001,0.0000,0.0006,0.0007,0.0025,0.0019,0.0048
0.0072,0.1858,0.0648,0.6417,0.0106,0.0094,0.0072,0.0071,0.0113,0.0215,0.0068,0.0146,0.0113,0.3018,0.0774,0.0282,0.0896,0.0587,0.0000,0.0351,0.0033,0.0024,0.0000,0.0000,0.0003,0.0010,0.0050,0.0040
0.0057,0.0075,0.6364,0.0460,0.7792,0.0127,0.0089,0.0054,0.0105,0.0111,0.0765,0.0077,0.0257,0.0382,0.0284,0.1246,0.0677,0.0050,0.0003,0.0001,0.0024,0.0097,0.0000,0.0000,0.0001,0.0012,0.0013,0.0071
0.0044,0.0140,0.0131,0.9963,0.0878,0.6237,0.0237,0.0043,0.0070,0.1715,0.0126,0.2375,0.0273,0.8904,0.1155,0.0332,0.6769,0.0145,0.0016,0.0000,0.0000,0.0000,0.0006,0.0025,0.0000,0.0000,0.0002,0.0025
0.0056,0.0026,0.0160,0.0095,0.9792,0.0490,0.1543,0.0038,0.0056,0.0138,0.0899,0.0185,0.0503,0.0081,0.0121,0.0089,0.0160,0.0077,0.0020,0.0006,0.0000,0.0000,0.0025,0.0255,0.0011,0.0002,0.0025,0.0041
0.0065,0.0098,0.0055,0.5717,0.0159,0.9937,0.7745,0.0637,0.0332,0.5848,0.0085,0.0362,0.0139,0.0243,0.0143,0.0036,0.0098,0.0027,0.0040,0.0007,0.0003,0.0001,0.0000,0.0011,0.0000,0.0097,0.0002,0.0021
0.0042,0.0030,0.0103,0.0040,0.0476,0.0347,0.8707,0.2763,0.0310,0.0367,0.0288,0.0190,0.0848,0.0081,0.0143,0.0039,0.0030,0.0030,0.0032,0.0025,0.0010,0.0012,0.0000,0.0002,0.0097,0.0091,0.0698,0.0000
0.0020,0.0016,0.0065,0.0052,0.0041,0.0576,0.0118,0.3399,0.0410,0.2165,0.0222,0.0230,0.0087,0.0042,0.0088,0.0032,0.0026,0.0030,0.0035,0.0019,0.0050,0.0013,0.0002,0.0025,0.0002,0.0698,0.0148,0.0214
0.0026,0.0037,0.0084,0.0025,0.0070,0.0845,0.0263,0.0839,0.0322,0.3026,0.0251,0.0607,0.0171,0.0030,0.0097,0.0052,0.0031,0.0037,0.0030,0.0048,0.0040,0.0071,0.0025,0.0041,0.0021,0.0000,0.0214,0.0034