c1,c2,c3,c4,c5,c6,c7,c8,c9,c10,c11,c12,c13,c14,c15,c16,c17,c18,c19,c20,c21,c22,c23,c24,c25,c26,c27,c28
0.0000,0.0211,0.0000,0.0001,0.0013,0.0012,0.0043,0.0084,0.0068,0.0014,0.0121,0.0057,0.0562,0.1591,0.1780,0.0731,0.7752,0.8090,0.2427,0.0589,0.0076,0.0044,0.0051,0.0034,0.0047,0.0021,0.0012,0.0012
0.0211,0.0016,0.0844,0.0000,0.0002,0.0001,0.0002,0.0048,0.0015,0.0062,0.0057,0.0107,0.0114,0.2766,0.2017,0.0369,0.0163,0.0178,0.1992,0.3054,0.3058,0.0080,0.0136,0.0026,0.0042,0.0022,0.0009,0.0024
0.0000,0.0844,0.0064,0.0011,0.0000,0.0000,0.0017,0.0046,0.0166,0.0053,0.0095,0.0108,0.0096,0.0334,0.0500,0.0352,0.0161,0.0254,0.0258,0.1250,0.0856,0.5315,0.0193,0.0123,0.0045,0.0057,0.0043,0.0046
0.0001,0.0000,0.0011,0.0001,0.0021,0.0000,0.0001,0.0005,0.0020,0.0100,0.0270,0.5593,0.0067,0.0300,0.0203,0.0120,0.0130,0.0224,0.1540,0.0452,0.6986,0.0715,0.9920,0.0106,0.2675,0.0044,0.0044,0.0028
0.0013,0.0002,0.0000,0.0021,0.0186,0.0004,0.0000,0.0031,0.0056,0.0091,0.0247,0.0133,0.0090,0.0065,0.0037,0.0066,0.0093,0.0074,0.0042,0.0062,0.0094,0.8300,0.1642,0.9882,0.0152,0.0198,0.0034,0.0054
0.0012,0.0001,0.0000,0.0000,0.0004,0.0022,0.0041,0.0002,0.0017,0.0807,0.0137,0.2549,0.0205,0.0069,0.0076,0.0038,0.0046,0.0069,0.0120,0.0088,0.0094,0.0133,0.6478,0.0623,0.9922,0.0472,0.0454,0.0621
0.0043,0.0002,0.0017,0.0001,0.0000,0.0041,0.0015,0.1091,0.0005,0.0072,0.0011,0.0090,0.0073,0.0187,0.0063,0.0042,0.0031,0.0022,0.0026,0.0046,0.0073,0.0099,0.0367,0.1961,0.9565,0.9145,0.0128,0.0241
0.0084,0.0048,0.0046,0.0005,0.0031,0.0002,0.1091,0.0165,0.6942,0.0001,0.0010,0.0011,0.0014,0.0064,0.0081,0.0030,0.0055,0.0021,0.0056,0.0050,0.0098,0.0048,0.0061,0.0037,0.0741,0.2631,0.1665,0.0512
0.0068,0.0015,0.0166,0.0020,0.0056,0.0017,0.0005,0.6942,0.0302,0.0560,0.0001,0.0000,0.0035,0.0030,0.0224,0.0180,0.0156,0.0061,0.0047,0.0073,0.0109,0.0078,0.0073,0.0051,0.0168,0.0373,0.0317,0.0290
0.0014,0.0062,0.0053,0.0100,0.0091,0.0807,0.0072,0.0001,0.0560,0.0008,0.0044,0.0000,0.0001,0.0002,0.0038,0.0122,0.0079,0.0053,0.0099,0.0120,0.0147,0.0114,0.0811,0.0115,0.3566,0.0519,0.1692,0.3871
0.0121,0.0057,0.0095,0.0270,0.0247,0.0137,0.0011,0.0010,0.0001,0.0044,0.0575,0.0005,0.0001,0.0012,0.0036,0.0126,0.0248,0.0138,0.0170,0.0087,0.0067,0.0469,0.0146,0.0360,0.0078,0.0179,0.0279,0.0334
0.0057,0.0107,0.0108,0.5593,0.0133,0.2549,0.0090,0.0011,0.0000,0.0000,0.0005,0.0271,0.0034,0.0000,0.0018,0.0073,0.0111,0.0095,0.0369,0.0163,0.0185,0.0091,0.1103,0.0167,0.0145,0.0184,0.0449,0.3674
0.0562,0.0114,0.0096,0.0067,0.0090,0.0205,0.0073,0.0014,0.0035,0.0001,0.0001,0.0034,0.0359,0.0034,0.0001,0.0032,0.0429,0.0041,0.0344,0.0108,0.0197,0.0228,0.0240,0.0210,0.0118,0.0413,0.0095,0.0206
0.1591,0.2766,0.0334,0.0300,0.0065,0.0069,0.0187,0.0064,0.0030,0.0002,0.0012,0.0000,0.0034,0.0014,0.0090,0.0000,0.0009,0.0041,0.0379,0.0895,0.2087,0.0326,0.4843,0.0072,0.0068,0.0087,0.0038,0.0038
0.1780,0.2017,0.0500,0.0203,0.0037,0.0076,0.0063,0.0081,0.0224,0.0038,0.0036,0.0018,0.0001,0.0090,0.0488,0.0156,0.0000,0.0002,0.0035,0.0115,0.0727,0.0127,0.0538,0.0061,0.0088,0.0087,0.0085,0.0079
0.0731,0.0369,0.0352,0.0120,0.0066,0.0038,0.0042,0.0030,0.0180,0.0122,0.0126,0.0073,0.0032,0.0000,0.0156,0.0101,0.0030,0.0000,0.0045,0.0106,0.0249,0.1006,0.0332,0.0086,0.0075,0.0055,0.0057,0.0093
0.7752,0.0163,0.0161,0.0130,0.0093,0.0046,0.0031,0.0055,0.0156,0.0079,0.0248,0.0111,0.0429,0.0009,0.0000,0.0030,0.0027,0.0293,0.0001,0.0008,0.0381,0.0303,0.1334,0.0149,0.0051,0.0038,0.0036,0.0055
0.8090,0.0178,0.0254,0.0224,0.0074,0.0069,0.0022,0.0021,0.0061,0.0053,0.0138,0.0095,0.0041,0.0041,0.0002,0.0000,0.0293,0.0599,0.0157,0.0040,0.0834,0.0093,0.0087,0.0056,0.0026,0.0026,0.0030,0.0033
0.2427,0.1992,0.0258,0.1540,0.0042,0.0120,0.0026,0.0056,0.0047,0.0099,0.0170,0.0369,0.0344,0.0379,0.0035,0.0045,0.0001,0.0157,0.0077,0.0549,0.0000,0.0004,0.0029,0.0021,0.0043,0.0039,0.0034,0.0027
0.0589,0.3054,0.1250,0.0452,0.0062,0.0088,0.0046,0.0050,0.0073,0.0120,0.0087,0.0163,0.0108,0.0895,0.0115,0.0106,0.0008,0.0040,0.0549,0.0104,0.0060,0.0000,0.0001,0.0006,0.0012,0.0033,0.0031,0.0042
0.0076,0.3058,0.0856,0.6986,0.0094,0.0094,0.0073,0.0098,0.0109,0.0147,0.0067,0.0185,0.0197,0.2087,0.0727,0.0249,0.0381,0.0834,0.0000,0.0060,0.0031,0.0043,0.0000,0.0001,0.0003,0.0012,0.0039,0.0045
0.0044,0.0080,0.5315,0.0715,0.8300,0.0133,0.0099,0.0048,0.0078,0.0114,0.0469,0.0091,0.0228,0.0326,0.0127,0.1006,0.0303,0.0093,0.0004,0.0000,0.0043,0.0238,0.0001,0.0000,0.0001,0.0013,0.0015,0.0076
0.0051,0.0136,0.0193,0.9920,0.1642,0.6478,0.0367,0.0061,0.0073,0.0811,0.0146,0.1103,0.0240,0.4843,0.0538,0.0332,0.1334,0.0087,0.0029,0.0001,0.0000,0.0001,0.0021,0.0044,0.0000,0.0000,0.0005,0.0052
0.0034,0.0026,0.0123,0.0106,0.9882,0.0623,0.1961,0.0037,0.0051,0.0115,0.0360,0.0167,0.0210,0.0072,0.0061,0.0086,0.0149,0.0056,0.0021,0.0006,0.0001,0.0000,0.0044,0.0299,0.0021,0.0003,0.0026,0.0049
0.0047,0.0042,0.0045,0.2675,0.0152,0.9922,0.9565,0.0741,0.0168,0.3566,0.0078,0.0145,0.0118,0.0068,0.0088,0.0075,0.0051,0.0026,0.0043,0.0012,0.0003,0.0001,0.0000,0.0021,0.0000,0.0409,0.0009,0.0046
0.0021,0.0022,0.0057,0.0044,0.0198,0.0472,0.9145,0.2631,0.0373,0.0519,0.0179,0.0184,0.0413,0.0087,0.0087,0.0055,0.0038,0.0026,0.0039,0.0033,0.0012,0.0013,0.0000,0.0003,0.0409,0.0068,0.0726,0.0000
0.0012,0.0009,0.0043,0.0044,0.0034,0.0454,0.0128,0.1665,0.0317,0.1692,0.0279,0.0449,0.0095,0.0038,0.0085,0.0057,0.0036,0.0030,0.0034,0.0031,0.0039,0.0015,0.0005,0.0026,0.0009,0.0726,0.0073,0.0157
0.0012,0.0024,0.0046,0.0028,0.0054,0.0621,0.0241,0.0512,0.0290,0.3871,0.0334,0.3674,0.0206,0.0038,0.0079,0.0093,0.0055,0.0033,0.0027,0.0042,0.0045,0.0076,0.0052,0.0049,0.0046,0.0000,0.0157,0.0004