c1,c2,c3,c4,c5,c6,c7,c8,c9,c10,c11,c12,c13,c14,c15,c16,c17,c18,c19,c20,c21,c22,c23,c24,c25,c26,c27,c28
0.0052,0.0001,0.0013,0.0003,0.0060,0.0012,0.0024,0.0037,0.0033,0.0026,0.0034,0.0028,0.0060,0.0139,0.0062,0.0186,0.0154,0.0363,0.1127,0.6410,0.0177,0.0495,0.0482,0.0068,0.0129,0.0065,0.0067,0.0043
0.0001,0.0072,0.0042,0.0000,0.0001,0.0001,0.0004,0.0033,0.0028,0.0026,0.0019,0.0465,0.0034,0.1489,0.0046,0.0235,0.0105,0.0383,0.2148,0.1561,0.2528,0.0265,0.6897,0.0045,0.8027,0.0033,0.0336,0.0024
0.0013,0.0042,0.1866,0.0002,0.0001,0.0002,0.0010,0.0011,0.0031,0.0017,0.0044,0.0076,0.0078,0.0072,0.0038,0.0074,0.0178,0.0114,0.0371,0.6563,0.0085,0.6596,0.0332,0.0550,0.0196,0.0066,0.0022,0.0039
0.0003,0.0000,0.0002,0.0011,0.0004,0.0000,0.0001,0.0003,0.0015,0.0488,0.0027,0.9764,0.0035,0.0998,0.0030,0.0028,0.0018,0.0064,0.0384,0.0417,0.2319,0.0158,0.9975,0.0051,0.9992,0.0059,0.0246,0.0039
0.0060,0.0001,0.0001,0.0004,0.0301,0.0002,0.0006,0.0007,0.0002,0.0011,0.0063,0.0124,0.0177,0.0017,0.0269,0.0036,0.0324,0.0123,0.0204,0.4598,0.0074,0.8876,0.0449,0.4385,0.0570,0.0123,0.0056,0.0055
0.0012,0.0001,0.0002,0.0000,0.0002,0.0054,0.0401,0.0001,0.0005,0.1040,0.0275,0.9238,0.0386,0.0140,0.0089,0.0053,0.0030,0.0069,0.0512,0.0406,0.0653,0.0038,0.3027,0.0026,0.4352,0.0048,0.0791,0.0066
0.0024,0.0004,0.0010,0.0001,0.0006,0.0401,0.0001,0.0971,0.0046,0.0070,0.0028,0.0008,0.0056,0.0002,0.0094,0.0029,0.0033,0.0033,0.0009,0.0166,0.0156,0.0105,0.0484,0.2138,0.6557,0.0827,0.6571,0.0861
0.0037,0.0033,0.0011,0.0003,0.0007,0.0001,0.0971,0.1476,0.2451,0.0000,0.0005,0.0001,0.0011,0.0008,0.0055,0.0086,0.0081,0.0244,0.1463,0.0104,0.0128,0.0018,0.0115,0.0020,0.0861,0.0154,0.9893,0.9808
0.0033,0.0028,0.0031,0.0015,0.0002,0.0005,0.0046,0.2451,0.0073,0.0001,0.0000,0.0000,0.0002,0.0001,0.0021,0.0153,0.0048,0.0063,0.0121,0.0058,0.0074,0.0020,0.0131,0.0045,0.2656,0.1055,0.9997,0.9987
0.0026,0.0026,0.0017,0.0488,0.0011,0.1040,0.0070,0.0000,0.0001,0.0003,0.0002,0.0000,0.0000,0.0000,0.0003,0.0193,0.0156,0.0141,0.0697,0.0037,0.0155,0.0031,0.6151,0.0160,1.0000,0.2974,0.9998,0.0576
0.0034,0.0019,0.0044,0.0027,0.0063,0.0275,0.0028,0.0005,0.0000,0.0002,0.0052,0.0001,0.0003,0.0003,0.0026,0.0053,0.0066,0.0062,0.0072,0.0021,0.0015,0.0014,0.0089,0.1669,0.0602,1.0000,0.4391,0.7279
0.0028,0.0465,0.0076,0.9764,0.0124,0.9238,0.0008,0.0001,0.0000,0.0000,0.0001,0.0028,0.0009,0.0000,0.0000,0.0003,0.0029,0.0105,0.0100,0.0006,0.1416,0.0016,0.9999,0.0272,0.9997,0.0124,0.0347,0.0017
0.0060,0.0034,0.0078,0.0035,0.0177,0.0386,0.0056,0.0011,0.0002,0.0000,0.0003,0.0009,0.0113,0.0011,0.0001,0.0013,0.0087,0.0118,0.0101,0.0057,0.0030,0.0136,0.0331,0.9999,0.0172,0.6528,0.0092,0.0445
0.0139,0.1489,0.0072,0.0998,0.0017,0.0140,0.0002,0.0008,0.0001,0.0000,0.0003,0.0000,0.0011,0.0004,0.0046,0.0000,0.0000,0.0018,0.0215,0.0222,1.0000,0.0150,1.0000,0.0473,0.2026,0.0042,0.0034,0.0014
0.0062,0.0046,0.0038,0.0030,0.0269,0.0089,0.0094,0.0055,0.0021,0.0003,0.0026,0.0000,0.0001,0.0046,0.0113,0.0025,0.0000,0.0012,0.0048,0.0058,0.0183,0.9999,0.0683,0.8682,0.0109,0.0570,0.0026,0.0031
0.0186,0.0235,0.0074,0.0028,0.0036,0.0053,0.0029,0.0086,0.0153,0.0193,0.0053,0.0003,0.0013,0.0000,0.0025,0.0323,0.0003,0.0001,0.3008,0.0120,0.9970,0.0891,0.0852,0.0113,0.0015,0.0019,0.0025,0.0025
0.0154,0.0105,0.0178,0.0018,0.0324,0.0030,0.0033,0.0081,0.0048,0.0156,0.0066,0.0029,0.0087,0.0000,0.0000,0.0003,0.0234,0.1481,0.0001,0.5561,0.0009,0.9938,0.0155,0.4267,0.0021,0.0085,0.0026,0.0021
0.0363,0.0383,0.0114,0.0064,0.0123,0.0069,0.0033,0.0244,0.0063,0.0141,0.0062,0.0105,0.0118,0.0018,0.0012,0.0001,0.1481,0.0605,0.0717,0.0036,0.0006,0.0276,0.0014,0.0123,0.0013,0.0039,0.0034,0.0042
0.1127,0.2148,0.0371,0.0384,0.0204,0.0512,0.0009,0.1463,0.0121,0.0697,0.0072,0.0100,0.0101,0.0215,0.0048,0.3008,0.0001,0.0717,0.0167,0.1236,0.0000,0.0001,0.0001,0.0005,0.0010,0.0013,0.0027,0.0039
0.6410,0.1561,0.6563,0.0417,0.4598,0.0406,0.0166,0.0104,0.0058,0.0037,0.0021,0.0006,0.0057,0.0222,0.0058,0.0120,0.5561,0.0036,0.1236,0.0074,0.0002,0.0000,0.0000,0.0016,0.0001,0.0015,0.0002,0.0010
0.0177,0.2528,0.0085,0.2319,0.0074,0.0653,0.0156,0.0128,0.0074,0.0155,0.0015,0.1416,0.0030,1.0000,0.0183,0.9970,0.0009,0.0006,0.0000,0.0002,0.0049,0.0026,0.0000,0.0000,0.0001,0.0003,0.0060,0.0009
0.0495,0.0265,0.6596,0.0158,0.8876,0.0038,0.0105,0.0018,0.0020,0.0031,0.0014,0.0016,0.0136,0.0150,0.9999,0.0891,0.9938,0.0276,0.0001,0.0000,0.0026,0.0122,0.0000,0.0000,0.0000,0.0005,0.0000,0.0008
0.0482,0.6897,0.0332,0.9975,0.0449,0.3027,0.0484,0.0115,0.0131,0.6151,0.0089,0.9999,0.0331,1.0000,0.0683,0.0852,0.0155,0.0014,0.0001,0.0000,0.0000,0.0000,0.0002,0.0001,0.0000,0.0000,0.0000,0.0002
0.0068,0.0045,0.0550,0.0051,0.4385,0.0026,0.2138,0.0020,0.0045,0.0160,0.1669,0.0272,0.9999,0.0473,0.8682,0.0113,0.4267,0.0123,0.0005,0.0016,0.0000,0.0000,0.0001,0.0014,0.0000,0.0000,0.0000,0.0007
0.0129,0.8027,0.0196,0.9992,0.0570,0.4352,0.6557,0.0861,0.2656,1.0000,0.0602,0.9997,0.0172,0.2026,0.0109,0.0015,0.0021,0.0013,0.0010,0.0001,0.0001,0.0000,0.0000,0.0000,0.0000,0.0002,0.0000,0.0000
0.0065,0.0033,0.0066,0.0059,0.0123,0.0048,0.0827,0.0154,0.1055,0.2974,1.0000,0.0124,0.6528,0.0042,0.0570,0.0019,0.0085,0.0039,0.0013,0.0015,0.0003,0.0005,0.0000,0.0000,0.0002,0.0054,0.0004,0.0006
0.0067,0.0336,0.0022,0.0246,0.0056,0.0791,0.6571,0.9893,0.9997,0.9998,0.4391,0.0347,0.0092,0.0034,0.0026,0.0025,0.0026,0.0034,0.0027,0.0002,0.0060,0.0000,0.0000,0.0000,0.0000,0.0004,0.0000,0.0044
0.0043,0.0024,0.0039,0.0039,0.0055,0.0066,0.0861,0.9808,0.9987,0.0576,0.7279,0.0017,0.0445,0.0014,0.0031,0.0025,0.0021,0.0042,0.0039,0.0010,0.0009,0.0008,0.0002,0.0007,0.0000,0.0006,0.0044,0.0042