c1,c2,c3,c4,c5,c6,c7,c8,c9,c10,c11,c12,c13,c14,c15,c16,c17,c18,c19,c20,c21,c22,c23,c24,c25,c26,c27,c28
0.0000,0.0002,0.0010,0.0071,0.0756,0.0088,0.0586,0.0134,0.0203,0.0114,0.0150,0.0106,0.0077,0.0080,0.0074,0.0117,0.0141,0.0163,0.0566,0.0240,0.0052,0.0037,0.0112,0.0036,0.0126,0.0030,0.0065,0.0074
0.0002,0.0003,0.0014,0.0000,0.0004,0.0040,0.0129,0.0558,0.0217,0.0445,0.0283,0.3054,0.0148,0.0074,0.0046,0.0094,0.0049,0.0112,0.0497,0.0116,0.0159,0.0061,0.0868,0.0045,0.2392,0.0034,0.0081,0.0038
0.0010,0.0014,0.0065,0.0006,0.0001,0.0019,0.0635,0.0172,0.0592,0.0487,0.0262,0.0833,0.0222,0.0030,0.0040,0.0046,0.0039,0.0060,0.0145,0.0074,0.0043,0.0030,0.0118,0.0035,0.0597,0.0100,0.0083,0.0149
0.0071,0.0000,0.0006,0.0002,0.0050,0.0001,0.0124,0.1075,0.0509,0.1948,0.0276,0.0410,0.0285,0.0086,0.0048,0.0061,0.0032,0.0103,0.0200,0.0100,0.0053,0.0037,0.0151,0.0053,0.1081,0.0111,0.0254,0.0079
0.0756,0.0004,0.0001,0.0050,0.0098,0.0052,0.0007,0.0095,0.0162,0.0683,0.0197,0.0293,0.0060,0.0022,0.0045,0.0040,0.0050,0.0074,0.0081,0.0106,0.0035,0.0035,0.0128,0.0051,0.2308,0.0090,0.0295,0.0061
0.0088,0.0040,0.0019,0.0001,0.0052,0.0093,0.1109,0.0008,0.0033,0.0448,0.0156,0.1309,0.0031,0.0023,0.0025,0.0026,0.0025,0.0050,0.0105,0.0085,0.0061,0.0043,0.0100,0.0022,0.2491,0.0071,0.0711,0.0102
0.0586,0.0129,0.0635,0.0124,0.0007,0.1109,0.0099,0.0321,0.0007,0.0004,0.0021,0.0022,0.0034,0.0002,0.0033,0.0042,0.0033,0.0062,0.0036,0.0078,0.0077,0.0040,0.0135,0.0046,0.2883,0.0087,0.0453,0.0219
0.0134,0.0558,0.0172,0.1075,0.0095,0.0008,0.0321,0.0227,0.1381,0.0001,0.0003,0.0008,0.0004,0.0007,0.0021,0.0019,0.0038,0.0023,0.0110,0.0064,0.0065,0.0030,0.0063,0.0036,0.1804,0.0263,0.3356,0.0463
0.0203,0.0217,0.0592,0.0509,0.0162,0.0033,0.0007,0.1381,0.0063,0.0009,0.0000,0.0000,0.0003,0.0000,0.0028,0.0048,0.0048,0.0057,0.0050,0.0061,0.0061,0.0036,0.0132,0.0096,0.4528,0.0807,0.5100,0.5967
0.0114,0.0445,0.0487,0.1948,0.0683,0.0448,0.0004,0.0001,0.0009,0.0002,0.0001,0.0000,0.0000,0.0000,0.0007,0.0036,0.0036,0.0035,0.0285,0.0041,0.0034,0.0031,0.0388,0.0225,0.9999,0.3384,0.9748,0.0750
0.0150,0.0283,0.0262,0.0276,0.0197,0.0156,0.0021,0.0003,0.0000,0.0001,0.0005,0.0000,0.0001,0.0002,0.0007,0.0018,0.0041,0.0032,0.0114,0.0038,0.0023,0.0015,0.0056,0.0793,0.2311,0.9999,0.1169,0.9542
0.0106,0.3054,0.0833,0.0410,0.0293,0.1309,0.0022,0.0008,0.0000,0.0000,0.0000,0.0000,0.0028,0.0000,0.0001,0.0003,0.0017,0.0082,0.0124,0.0072,0.2433,0.0057,0.9999,0.0715,0.9987,0.0327,0.0101,0.0046
0.0077,0.0148,0.0222,0.0285,0.0060,0.0031,0.0034,0.0004,0.0003,0.0000,0.0001,0.0028,0.0012,0.0054,0.0003,0.0004,0.0041,0.0033,0.0165,0.0103,0.0143,0.0239,0.0823,0.9993,0.1225,0.2851,0.0058,0.0231
0.0080,0.0074,0.0030,0.0086,0.0022,0.0023,0.0002,0.0007,0.0000,0.0000,0.0002,0.0000,0.0054,0.0000,0.0017,0.0000,0.0001,0.0016,0.0065,0.0467,1.0000,0.8622,1.0000,0.0693,0.4402,0.0027,0.0019,0.0015
0.0074,0.0046,0.0040,0.0048,0.0045,0.0025,0.0033,0.0021,0.0028,0.0007,0.0007,0.0001,0.0003,0.0017,0.0015,0.0039,0.0003,0.0009,0.0067,0.0249,0.1748,0.9999,0.1229,0.2786,0.0877,0.0157,0.0023,0.0035
0.0117,0.0094,0.0046,0.0061,0.0040,0.0026,0.0042,0.0019,0.0048,0.0036,0.0018,0.0003,0.0004,0.0000,0.0039,0.0237,0.0026,0.0006,0.2769,0.1212,0.9934,0.6180,0.0495,0.0049,0.0043,0.0030,0.0016,0.0027
0.0141,0.0049,0.0039,0.0032,0.0050,0.0025,0.0033,0.0038,0.0048,0.0036,0.0041,0.0017,0.0041,0.0001,0.0003,0.0026,0.0174,0.2542,0.0007,0.0308,0.0043,0.9960,0.0295,0.1341,0.0044,0.0085,0.0028,0.0029
0.0163,0.0112,0.0060,0.0103,0.0074,0.0050,0.0062,0.0023,0.0057,0.0035,0.0032,0.0082,0.0033,0.0016,0.0009,0.0006,0.2542,0.0341,0.2353,0.0062,0.0016,0.0553,0.0040,0.0167,0.0026,0.0056,0.0074,0.0054
0.0566,0.0497,0.0145,0.0200,0.0081,0.0105,0.0036,0.0110,0.0050,0.0285,0.0114,0.0124,0.0165,0.0065,0.0067,0.2769,0.0007,0.2353,0.0045,0.1269,0.0000,0.0002,0.0005,0.0009,0.0018,0.0022,0.0059,0.0053
0.0240,0.0116,0.0074,0.0100,0.0106,0.0085,0.0078,0.0064,0.0061,0.0041,0.0038,0.0072,0.0103,0.0467,0.0249,0.1212,0.0308,0.0062,0.1269,0.0452,0.0004,0.0002,0.0003,0.0020,0.0009,0.0054,0.0047,0.0063
0.0052,0.0159,0.0043,0.0053,0.0035,0.0061,0.0077,0.0065,0.0061,0.0034,0.0023,0.2433,0.0143,1.0000,0.1748,0.9934,0.0043,0.0016,0.0000,0.0004,0.0014,0.0005,0.0000,0.0001,0.0000,0.0004,0.0024,0.0017
0.0037,0.0061,0.0030,0.0037,0.0035,0.0043,0.0040,0.0030,0.0036,0.0031,0.0015,0.0057,0.0239,0.8622,0.9999,0.6180,0.9960,0.0553,0.0002,0.0002,0.0005,0.0025,0.0001,0.0001,0.0000,0.0011,0.0009,0.0036
0.0112,0.0868,0.0118,0.0151,0.0128,0.0100,0.0135,0.0063,0.0132,0.0388,0.0056,0.9999,0.0823,1.0000,0.1229,0.0495,0.0295,0.0040,0.0005,0.0003,0.0000,0.0001,0.0010,0.0032,0.0000,0.0000,0.0001,0.0005
0.0036,0.0045,0.0035,0.0053,0.0051,0.0022,0.0046,0.0036,0.0096,0.0225,0.0793,0.0715,0.9993,0.0693,0.2786,0.0049,0.1341,0.0167,0.0009,0.0020,0.0001,0.0001,0.0032,0.0066,0.0001,0.0001,0.0016,0.0089
0.0126,0.2392,0.0597,0.1081,0.2308,0.2491,0.2883,0.1804,0.4528,0.9999,0.2311,0.9987,0.1225,0.4402,0.0877,0.0043,0.0044,0.0026,0.0018,0.0009,0.0000,0.0000,0.0000,0.0001,0.0000,0.0001,0.0000,0.0000
0.0030,0.0034,0.0100,0.0111,0.0090,0.0071,0.0087,0.0263,0.0807,0.3384,0.9999,0.0327,0.2851,0.0027,0.0157,0.0030,0.0085,0.0056,0.0022,0.0054,0.0004,0.0011,0.0000,0.0001,0.0001,0.0016,0.0016,0.0006
0.0065,0.0081,0.0083,0.0254,0.0295,0.0711,0.0453,0.3356,0.5100,0.9748,0.1169,0.0101,0.0058,0.0019,0.0023,0.0016,0.0028,0.0074,0.0059,0.0047,0.0024,0.0009,0.0001,0.0016,0.0000,0.0016,0.0204,0.0032
0.0074,0.0038,0.0149,0.0079,0.0061,0.0102,0.0219,0.0463,0.5967,0.0750,0.9542,0.0046,0.0231,0.0015,0.0035,0.0027,0.0029,0.0054,0.0053,0.0063,0.0017,0.0036,0.0005,0.0089,0.0000,0.0006,0.0032,0.0049