c1,c2,c3,c4,c5,c6,c7,c8,c9,c10,c11,c12,c13,c14,c15,c16,c17,c18,c19,c20,c21,c22,c23,c24,c25,c26,c27,c28
0.0080,0.0004,0.0035,0.0013,0.0068,0.0013,0.0028,0.0029,0.0033,0.0025,0.0025,0.0043,0.0052,0.0086,0.0093,0.0207,0.0133,0.0266,0.0679,0.2735,0.0144,0.0595,0.0497,0.0074,0.0087,0.0040,0.0024,0.0036
0.0004,0.0324,0.0077,0.0000,0.0001,0.0001,0.0003,0.0034,0.0037,0.0016,0.0024,0.0506,0.0045,0.1243,0.0034,0.0210,0.0053,0.0139,0.0734,0.0577,0.2235,0.0185,0.7985,0.0043,0.3395,0.0027,0.0136,0.0016
0.0035,0.0077,0.4222,0.0002,0.0004,0.0001,0.0004,0.0011,0.0022,0.0013,0.0036,0.0061,0.0111,0.0083,0.0084,0.0092,0.0147,0.0108,0.0387,0.1396,0.0062,0.2122,0.0490,0.0568,0.0196,0.0140,0.0032,0.0057
0.0013,0.0000,0.0002,0.0032,0.0007,0.0000,0.0001,0.0003,0.0005,0.0116,0.0009,0.8696,0.0028,0.4667,0.0026,0.0058,0.0019,0.0039,0.0246,0.0086,0.1411,0.0237,0.9992,0.0057,0.9987,0.0040,0.0459,0.0010
0.0068,0.0001,0.0004,0.0007,0.0261,0.0003,0.0004,0.0005,0.0003,0.0015,0.0148,0.0048,0.0188,0.0011,0.0342,0.0049,0.0332,0.0201,0.0346,0.1622,0.0049,0.3331,0.0278,0.3976,0.0255,0.0361,0.0061,0.0145
0.0013,0.0001,0.0001,0.0000,0.0003,0.0100,0.0294,0.0001,0.0004,0.1551,0.0522,0.5977,0.0144,0.0072,0.0085,0.0074,0.0031,0.0087,0.0582,0.0320,0.0668,0.0215,0.2965,0.0037,0.2228,0.0053,0.1317,0.0108
0.0028,0.0003,0.0004,0.0001,0.0004,0.0294,0.0082,0.1506,0.0066,0.0133,0.0047,0.0013,0.0044,0.0001,0.0064,0.0025,0.0049,0.0042,0.0042,0.0165,0.0061,0.0133,0.0413,0.2841,0.2773,0.0693,0.1115,0.0905
0.0029,0.0034,0.0011,0.0003,0.0005,0.0001,0.1506,0.1553,0.6958,0.0000,0.0003,0.0001,0.0008,0.0004,0.0028,0.0067,0.0059,0.0193,0.1840,0.0202,0.0101,0.0017,0.0084,0.0022,0.0286,0.0163,0.8910,0.9997
0.0033,0.0037,0.0022,0.0005,0.0003,0.0004,0.0066,0.6958,0.0158,0.0001,0.0000,0.0000,0.0002,0.0000,0.0014,0.0063,0.0028,0.0046,0.0122,0.0050,0.0042,0.0014,0.0178,0.0040,0.1184,0.0654,0.9999,1.0000
0.0025,0.0016,0.0013,0.0116,0.0015,0.1551,0.0133,0.0000,0.0001,0.0010,0.0001,0.0000,0.0000,0.0000,0.0003,0.0101,0.0229,0.0153,0.0650,0.0038,0.0124,0.0053,0.8726,0.0352,1.0000,0.3302,0.9997,0.0350
0.0025,0.0024,0.0036,0.0009,0.0148,0.0522,0.0047,0.0003,0.0000,0.0001,0.0041,0.0000,0.0002,0.0001,0.0028,0.0031,0.0057,0.0047,0.0075,0.0025,0.0008,0.0014,0.0050,0.1038,0.0576,1.0000,0.0301,0.9996
0.0043,0.0506,0.0061,0.8696,0.0048,0.5977,0.0013,0.0001,0.0000,0.0000,0.0000,0.0179,0.0007,0.0000,0.0000,0.0002,0.0015,0.0071,0.0096,0.0028,0.2889,0.0036,1.0000,0.0308,0.9999,0.0175,0.0150,0.0014
0.0052,0.0045,0.0111,0.0028,0.0188,0.0144,0.0044,0.0008,0.0002,0.0000,0.0002,0.0007,0.1337,0.0002,0.0002,0.0002,0.0025,0.0055,0.0089,0.0067,0.0024,0.0485,0.0217,0.9999,0.0433,0.9882,0.0035,0.0413
0.0086,0.1243,0.0083,0.4667,0.0011,0.0072,0.0001,0.0004,0.0000,0.0000,0.0001,0.0000,0.0002,0.0002,0.0089,0.0001,0.0001,0.0017,0.0041,0.0266,1.0000,0.0881,0.9999,0.0733,0.2886,0.0040,0.0035,0.0005
0.0093,0.0034,0.0084,0.0026,0.0342,0.0085,0.0064,0.0028,0.0014,0.0003,0.0028,0.0000,0.0002,0.0089,0.0305,0.0031,0.0000,0.0018,0.0027,0.0094,0.0131,0.9999,0.0217,0.7160,0.0077,0.1239,0.0013,0.0023
0.0207,0.0210,0.0092,0.0058,0.0049,0.0074,0.0025,0.0067,0.0063,0.0101,0.0031,0.0002,0.0002,0.0001,0.0031,0.0666,0.0003,0.0003,0.3113,0.0224,0.9950,0.1179,0.0350,0.0129,0.0035,0.0024,0.0020,0.0016
0.0133,0.0053,0.0147,0.0019,0.0332,0.0031,0.0049,0.0059,0.0028,0.0229,0.0057,0.0015,0.0025,0.0001,0.0000,0.0003,0.0279,0.3259,0.0001,0.4998,0.0008,0.9934,0.0154,0.2251,0.0031,0.0241,0.0028,0.0015
0.0266,0.0139,0.0108,0.0039,0.0201,0.0087,0.0042,0.0193,0.0046,0.0153,0.0047,0.0071,0.0055,0.0017,0.0018,0.0003,0.3259,0.1667,0.2612,0.0080,0.0005,0.0133,0.0008,0.0055,0.0014,0.0042,0.0022,0.0034
0.0679,0.0734,0.0387,0.0246,0.0346,0.0582,0.0042,0.1840,0.0122,0.0650,0.0075,0.0096,0.0089,0.0041,0.0027,0.3113,0.0001,0.2612,0.0681,0.2639,0.0000,0.0001,0.0000,0.0005,0.0010,0.0013,0.0036,0.0023
0.2735,0.0577,0.1396,0.0086,0.1622,0.0320,0.0165,0.0202,0.0050,0.0038,0.0025,0.0028,0.0067,0.0266,0.0094,0.0224,0.4998,0.0080,0.2639,0.0337,0.0004,0.0001,0.0000,0.0007,0.0001,0.0015,0.0009,0.0009
0.0144,0.2235,0.0062,0.1411,0.0049,0.0668,0.0061,0.0101,0.0042,0.0124,0.0008,0.2889,0.0024,1.0000,0.0131,0.9950,0.0008,0.0005,0.0000,0.0004,0.0096,0.0011,0.0000,0.0000,0.0001,0.0001,0.0171,0.0003
0.0595,0.0185,0.2122,0.0237,0.3331,0.0215,0.0133,0.0017,0.0014,0.0053,0.0014,0.0036,0.0485,0.0881,0.9999,0.1179,0.9934,0.0133,0.0001,0.0001,0.0011,0.0049,0.0000,0.0000,0.0000,0.0004,0.0002,0.0003
0.0497,0.7985,0.0490,0.9992,0.0278,0.2965,0.0413,0.0084,0.0178,0.8726,0.0050,1.0000,0.0217,0.9999,0.0217,0.0350,0.0154,0.0008,0.0000,0.0000,0.0000,0.0000,0.0009,0.0001,0.0000,0.0000,0.0000,0.0000
0.0074,0.0043,0.0568,0.0057,0.3976,0.0037,0.2841,0.0022,0.0040,0.0352,0.1038,0.0308,0.9999,0.0733,0.7160,0.0129,0.2251,0.0055,0.0005,0.0007,0.0000,0.0000,0.0001,0.0069,0.0000,0.0001,0.0001,0.0004
0.0087,0.3395,0.0196,0.9987,0.0255,0.2228,0.2773,0.0286,0.1184,1.0000,0.0576,0.9999,0.0433,0.2886,0.0077,0.0035,0.0031,0.0014,0.0010,0.0001,0.0001,0.0000,0.0000,0.0000,0.0000,0.0001,0.0000,0.0000
0.0040,0.0027,0.0140,0.0040,0.0361,0.0053,0.0693,0.0163,0.0654,0.3302,1.0000,0.0175,0.9882,0.0040,0.1239,0.0024,0.0241,0.0042,0.0013,0.0015,0.0001,0.0004,0.0000,0.0001,0.0001,0.0070,0.0000,0.0000
0.0024,0.0136,0.0032,0.0459,0.0061,0.1317,0.1115,0.8910,0.9999,0.9997,0.0301,0.0150,0.0035,0.0035,0.0013,0.0020,0.0028,0.0022,0.0036,0.0009,0.0171,0.0002,0.0000,0.0001,0.0000,0.0000,0.0637,0.0009
0.0036,0.0016,0.0057,0.0010,0.0145,0.0108,0.0905,0.9997,1.0000,0.0350,0.9996,0.0014,0.0413,0.0005,0.0023,0.0016,0.0015,0.0034,0.0023,0.0009,0.0003,0.0003,0.0000,0.0004,0.0000,0.0000,0.0009,0.0007