c1,c2,c3,c4,c5,c6,c7,c8,c9,c10,c11,c12,c13,c14,c15,c16,c17,c18,c19,c20,c21,c22,c23,c24,c25,c26,c27,c28
0.0004,0.0004,0.0006,0.0011,0.0126,0.0022,0.0133,0.0086,0.0067,0.0027,0.0086,0.0066,0.0142,0.0216,0.0185,0.0210,0.0110,0.0237,0.0599,0.0503,0.0082,0.0107,0.0240,0.0055,0.0067,0.0047,0.0069,0.0086
0.0004,0.0257,0.0095,0.0000,0.0005,0.0002,0.0016,0.0084,0.0066,0.0029,0.0026,0.0555,0.0137,0.0746,0.0060,0.0176,0.0057,0.0146,0.0601,0.0233,0.0571,0.0092,0.2705,0.0030,0.0965,0.0022,0.0189,0.0043
0.0006,0.0095,0.0845,0.0002,0.0003,0.0001,0.0021,0.0021,0.0050,0.0030,0.0294,0.0127,0.0436,0.0051,0.0111,0.0081,0.0128,0.0093,0.0217,0.0295,0.0051,0.0253,0.0458,0.0404,0.0124,0.0140,0.0070,0.0129
0.0011,0.0000,0.0002,0.0022,0.0016,0.0000,0.0001,0.0006,0.0014,0.0457,0.0015,0.9523,0.0049,0.2500,0.0026,0.0063,0.0029,0.0061,0.0276,0.0090,0.0261,0.0064,0.9434,0.0060,0.9913,0.0052,0.1100,0.0018
0.0126,0.0005,0.0003,0.0016,0.0100,0.0005,0.0026,0.0012,0.0010,0.0018,0.1187,0.0103,0.0126,0.0014,0.0119,0.0077,0.0150,0.0172,0.0388,0.0754,0.0063,0.0242,0.0330,0.0206,0.0176,0.0137,0.0098,0.0182
0.0022,0.0002,0.0001,0.0000,0.0005,0.0080,0.0942,0.0005,0.0004,0.0940,0.0140,0.4375,0.0061,0.0069,0.0027,0.0069,0.0028,0.0082,0.0619,0.0157,0.1248,0.0115,0.3417,0.0034,0.3594,0.0028,0.1149,0.0064
0.0133,0.0016,0.0021,0.0001,0.0026,0.0942,0.0014,0.3666,0.0091,0.0136,0.0079,0.0029,0.0028,0.0001,0.0029,0.0049,0.0032,0.0044,0.0062,0.0191,0.0087,0.0040,0.0370,0.0108,0.0937,0.0046,0.1088,0.0578
0.0086,0.0084,0.0021,0.0006,0.0012,0.0005,0.3666,0.2335,0.6139,0.0000,0.0002,0.0001,0.0005,0.0004,0.0028,0.0074,0.0041,0.0130,0.1104,0.0218,0.0092,0.0019,0.0083,0.0016,0.0220,0.0095,0.6795,0.9698
0.0067,0.0066,0.0050,0.0014,0.0010,0.0004,0.0091,0.6139,0.0185,0.0001,0.0000,0.0000,0.0002,0.0001,0.0027,0.0082,0.0047,0.0048,0.0142,0.0086,0.0050,0.0022,0.0206,0.0038,0.0599,0.0729,0.9741,0.9998
0.0027,0.0029,0.0030,0.0457,0.0018,0.0940,0.0136,0.0000,0.0001,0.0015,0.0001,0.0000,0.0000,0.0000,0.0003,0.0069,0.0085,0.0081,0.0724,0.0051,0.0384,0.0051,0.8832,0.0198,1.0000,0.0811,0.9942,0.0277
0.0086,0.0026,0.0294,0.0015,0.1187,0.0140,0.0079,0.0002,0.0000,0.0001,0.0030,0.0000,0.0002,0.0001,0.0022,0.0021,0.0062,0.0050,0.0077,0.0037,0.0008,0.0036,0.0063,0.7802,0.0434,1.0000,0.0115,0.8432
0.0066,0.0555,0.0127,0.9523,0.0103,0.4375,0.0029,0.0001,0.0000,0.0000,0.0000,0.0007,0.0003,0.0000,0.0000,0.0002,0.0016,0.0079,0.0099,0.0035,0.3468,0.0048,1.0000,0.0401,0.9998,0.0365,0.0139,0.0044
0.0142,0.0137,0.0436,0.0049,0.0126,0.0061,0.0028,0.0005,0.0002,0.0000,0.0002,0.0003,0.0454,0.0004,0.0003,0.0001,0.0033,0.0061,0.0084,0.0083,0.0028,0.0777,0.0392,1.0000,0.0192,0.9905,0.0024,0.0120
0.0216,0.0746,0.0051,0.2500,0.0014,0.0069,0.0001,0.0004,0.0001,0.0000,0.0001,0.0000,0.0004,0.0001,0.0029,0.0001,0.0001,0.0021,0.0205,0.0376,1.0000,0.1950,1.0000,0.0494,0.0855,0.0057,0.0008,0.0009
0.0185,0.0060,0.0111,0.0026,0.0119,0.0027,0.0029,0.0028,0.0027,0.0003,0.0022,0.0000,0.0003,0.0029,0.0070,0.0034,0.0000,0.0015,0.0028,0.0149,0.0257,0.9999,0.0329,0.7243,0.0049,0.3377,0.0028,0.0023
0.0210,0.0176,0.0081,0.0063,0.0077,0.0069,0.0049,0.0074,0.0082,0.0069,0.0021,0.0002,0.0001,0.0001,0.0034,0.0671,0.0004,0.0005,0.3104,0.0301,0.9973,0.1651,0.0227,0.0057,0.0024,0.0015,0.0018,0.0029
0.0110,0.0057,0.0128,0.0029,0.0150,0.0028,0.0032,0.0041,0.0047,0.0085,0.0062,0.0016,0.0033,0.0001,0.0000,0.0004,0.0107,0.4213,0.0001,0.2944,0.0005,0.9995,0.0082,0.1773,0.0032,0.0179,0.0021,0.0028
0.0237,0.0146,0.0093,0.0061,0.0172,0.0082,0.0044,0.0130,0.0048,0.0081,0.0050,0.0079,0.0061,0.0021,0.0015,0.0005,0.4213,0.1847,0.1550,0.0057,0.0003,0.0263,0.0009,0.0070,0.0012,0.0035,0.0025,0.0035
0.0599,0.0601,0.0217,0.0276,0.0388,0.0619,0.0062,0.1104,0.0142,0.0724,0.0077,0.0099,0.0084,0.0205,0.0028,0.3104,0.0001,0.1550,0.0862,0.2283,0.0000,0.0001,0.0001,0.0005,0.0006,0.0008,0.0013,0.0025
0.0503,0.0233,0.0295,0.0090,0.0754,0.0157,0.0191,0.0218,0.0086,0.0051,0.0037,0.0035,0.0083,0.0376,0.0149,0.0301,0.2944,0.0057,0.2283,0.0276,0.0004,0.0001,0.0000,0.0012,0.0002,0.0018,0.0025,0.0040
0.0082,0.0571,0.0051,0.0261,0.0063,0.1248,0.0087,0.0092,0.0050,0.0384,0.0008,0.3468,0.0028,1.0000,0.0257,0.9973,0.0005,0.0003,0.0000,0.0004,0.0034,0.0012,0.0000,0.0000,0.0000,0.0001,0.0020,0.0009
0.0107,0.0092,0.0253,0.0064,0.0242,0.0115,0.0040,0.0019,0.0022,0.0051,0.0036,0.0048,0.0777,0.1950,0.9999,0.1651,0.9995,0.0263,0.0001,0.0001,0.0012,0.0056,0.0000,0.0000,0.0000,0.0007,0.0003,0.0014
0.0240,0.2705,0.0458,0.9434,0.0330,0.3417,0.0370,0.0083,0.0206,0.8832,0.0063,1.0000,0.0392,1.0000,0.0329,0.0227,0.0082,0.0009,0.0001,0.0000,0.0000,0.0000,0.0004,0.0001,0.0000,0.0000,0.0000,0.0002
0.0055,0.0030,0.0404,0.0060,0.0206,0.0034,0.0108,0.0016,0.0038,0.0198,0.7802,0.0401,1.0000,0.0494,0.7243,0.0057,0.1773,0.0070,0.0005,0.0012,0.0000,0.0000,0.0001,0.0149,0.0000,0.0002,0.0002,0.0009
0.0067,0.0965,0.0124,0.9913,0.0176,0.3594,0.0937,0.0220,0.0599,1.0000,0.0434,0.9998,0.0192,0.0855,0.0049,0.0024,0.0032,0.0012,0.0006,0.0002,0.0000,0.0000,0.0000,0.0000,0.0000,0.0001,0.0000,0.0000
0.0047,0.0022,0.0140,0.0052,0.0137,0.0028,0.0046,0.0095,0.0729,0.0811,1.0000,0.0365,0.9905,0.0057,0.3377,0.0015,0.0179,0.0035,0.0008,0.0018,0.0001,0.0007,0.0000,0.0002,0.0001,0.0040,0.0019,0.0000
0.0069,0.0189,0.0070,0.1100,0.0098,0.1149,0.1088,0.6795,0.9741,0.9942,0.0115,0.0139,0.0024,0.0008,0.0028,0.0018,0.0021,0.0025,0.0013,0.0025,0.0020,0.0003,0.0000,0.0002,0.0000,0.0019,0.0294,0.0255
0.0086,0.0043,0.0129,0.0018,0.0182,0.0064,0.0578,0.9698,0.9998,0.0277,0.8432,0.0044,0.0120,0.0009,0.0023,0.0029,0.0028,0.0035,0.0025,0.0040,0.0009,0.0014,0.0002,0.0009,0.0000,0.0000,0.0255,0.0005