c1,c2,c3,c4,c5,c6,c7,c8,c9,c10,c11,c12,c13,c14,c15,c16,c17,c18,c19,c20,c21,c22,c23,c24,c25,c26,c27,c28
0.0003,0.0002,0.0006,0.0003,0.0125,0.0011,0.0073,0.0063,0.0083,0.0053,0.0059,0.0079,0.0224,0.0695,0.0275,0.0354,0.0102,0.0228,0.0719,0.0403,0.0158,0.0094,0.0317,0.0044,0.0095,0.0037,0.0079,0.0068
0.0002,0.0318,0.0088,0.0000,0.0003,0.0002,0.0011,0.0046,0.0058,0.0041,0.0034,0.0524,0.0347,0.3738,0.0045,0.0484,0.0050,0.0117,0.0500,0.0174,0.0546,0.0057,0.2386,0.0023,0.3847,0.0014,0.0295,0.0032
0.0006,0.0088,0.1285,0.0000,0.0007,0.0002,0.0020,0.0023,0.0087,0.0035,0.0483,0.0100,0.1360,0.0061,0.0131,0.0078,0.0100,0.0077,0.0177,0.0266,0.0043,0.0258,0.0217,0.0224,0.0102,0.0160,0.0054,0.0112
0.0003,0.0000,0.0000,0.0014,0.0007,0.0000,0.0001,0.0006,0.0013,0.0217,0.0176,0.9965,0.0070,0.4333,0.0029,0.0112,0.0032,0.0061,0.0270,0.0053,0.0395,0.0040,0.9596,0.0048,0.9968,0.0044,0.0705,0.0025
0.0125,0.0003,0.0007,0.0007,0.0174,0.0006,0.0023,0.0048,0.0022,0.0029,0.4395,0.0122,0.0126,0.0026,0.0106,0.0054,0.0085,0.0097,0.0149,0.0413,0.0048,0.0136,0.0206,0.0114,0.0125,0.0155,0.0092,0.0188
0.0011,0.0002,0.0002,0.0000,0.0006,0.0095,0.0895,0.0027,0.0009,0.4236,0.0782,0.6825,0.0065,0.0078,0.0021,0.0050,0.0019,0.0047,0.0280,0.0052,0.0532,0.0038,0.1876,0.0023,0.2638,0.0026,0.1182,0.0088
0.0073,0.0011,0.0020,0.0001,0.0023,0.0895,0.0006,0.6363,0.0150,0.2482,0.0048,0.0017,0.0027,0.0007,0.0039,0.0029,0.0022,0.0028,0.0008,0.0106,0.0053,0.0038,0.0304,0.0109,0.1158,0.0093,0.0671,0.0613
0.0063,0.0046,0.0023,0.0006,0.0048,0.0027,0.6363,0.2712,0.5744,0.0000,0.0002,0.0001,0.0004,0.0004,0.0022,0.0088,0.0047,0.0060,0.0534,0.0096,0.0038,0.0014,0.0057,0.0010,0.0356,0.0186,0.5561,0.9406
0.0083,0.0058,0.0087,0.0013,0.0022,0.0009,0.0150,0.5744,0.0088,0.0001,0.0000,0.0000,0.0002,0.0002,0.0028,0.0071,0.0048,0.0043,0.0059,0.0057,0.0049,0.0015,0.0126,0.0025,0.1148,0.2321,0.9096,0.9994
0.0053,0.0041,0.0035,0.0217,0.0029,0.4236,0.2482,0.0000,0.0001,0.0015,0.0002,0.0000,0.0000,0.0000,0.0003,0.0031,0.0067,0.0054,0.0372,0.0049,0.0257,0.0044,0.7965,0.0175,1.0000,0.1846,0.9793,0.0402
0.0059,0.0034,0.0483,0.0176,0.4395,0.0782,0.0048,0.0002,0.0000,0.0002,0.0095,0.0000,0.0001,0.0001,0.0027,0.0007,0.0061,0.0042,0.0032,0.0025,0.0008,0.0029,0.0071,0.2405,0.0581,1.0000,0.0098,0.4216
0.0079,0.0524,0.0100,0.9965,0.0122,0.6825,0.0017,0.0001,0.0000,0.0000,0.0000,0.0047,0.0002,0.0000,0.0000,0.0002,0.0008,0.0031,0.0069,0.0024,0.1738,0.0050,1.0000,0.0507,0.9998,0.0273,0.0233,0.0030
0.0224,0.0347,0.1360,0.0070,0.0126,0.0065,0.0027,0.0004,0.0002,0.0000,0.0001,0.0002,0.0905,0.0000,0.0004,0.0001,0.0016,0.0027,0.0048,0.0049,0.0024,0.0798,0.0485,1.0000,0.0116,0.9905,0.0020,0.0075
0.0695,0.3738,0.0061,0.4333,0.0026,0.0078,0.0007,0.0004,0.0002,0.0000,0.0001,0.0000,0.0000,0.0012,0.0003,0.0000,0.0000,0.0009,0.0545,0.0264,1.0000,0.0472,1.0000,0.0413,0.0428,0.0024,0.0016,0.0010
0.0275,0.0045,0.0131,0.0029,0.0106,0.0021,0.0039,0.0022,0.0028,0.0003,0.0027,0.0000,0.0004,0.0003,0.0086,0.0015,0.0001,0.0019,0.0039,0.0132,0.0472,1.0000,0.0386,0.9290,0.0040,0.1748,0.0015,0.0026
0.0354,0.0484,0.0078,0.0112,0.0054,0.0050,0.0029,0.0088,0.0071,0.0031,0.0007,0.0002,0.0001,0.0000,0.0015,0.0230,0.0006,0.0009,0.8135,0.0302,0.9998,0.1040,0.0188,0.0037,0.0025,0.0015,0.0015,0.0020
0.0102,0.0050,0.0100,0.0032,0.0085,0.0019,0.0022,0.0047,0.0048,0.0067,0.0061,0.0008,0.0016,0.0000,0.0001,0.0006,0.0070,0.7710,0.0005,0.7514,0.0006,0.9994,0.0101,0.1010,0.0023,0.0106,0.0018,0.0035
0.0228,0.0117,0.0077,0.0061,0.0097,0.0047,0.0028,0.0060,0.0043,0.0054,0.0042,0.0031,0.0027,0.0009,0.0019,0.0009,0.7710,0.3196,0.3081,0.0167,0.0004,0.0556,0.0009,0.0046,0.0011,0.0042,0.0023,0.0064
0.0719,0.0500,0.0177,0.0270,0.0149,0.0280,0.0008,0.0534,0.0059,0.0372,0.0032,0.0069,0.0048,0.0545,0.0039,0.8135,0.0005,0.3081,0.0494,0.5241,0.0000,0.0001,0.0001,0.0004,0.0009,0.0008,0.0016,0.0033
0.0403,0.0174,0.0266,0.0053,0.0413,0.0052,0.0106,0.0096,0.0057,0.0049,0.0025,0.0024,0.0049,0.0264,0.0132,0.0302,0.7514,0.0167,0.5241,0.0454,0.0003,0.0002,0.0000,0.0014,0.0002,0.0020,0.0030,0.0055
0.0158,0.0546,0.0043,0.0395,0.0048,0.0532,0.0053,0.0038,0.0049,0.0257,0.0008,0.1738,0.0024,1.0000,0.0472,0.9998,0.0006,0.0004,0.0000,0.0003,0.0079,0.0006,0.0000,0.0000,0.0000,0.0001,0.0031,0.0015
0.0094,0.0057,0.0258,0.0040,0.0136,0.0038,0.0038,0.0014,0.0015,0.0044,0.0029,0.0050,0.0798,0.0472,1.0000,0.1040,0.9994,0.0556,0.0001,0.0002,0.0006,0.0117,0.0000,0.0002,0.0000,0.0011,0.0004,0.0020
0.0317,0.2386,0.0217,0.9596,0.0206,0.1876,0.0304,0.0057,0.0126,0.7965,0.0071,1.0000,0.0485,1.0000,0.0386,0.0188,0.0101,0.0009,0.0001,0.0000,0.0000,0.0000,0.0008,0.0002,0.0000,0.0000,0.0000,0.0004
0.0044,0.0023,0.0224,0.0048,0.0114,0.0023,0.0109,0.0010,0.0025,0.0175,0.2405,0.0507,1.0000,0.0413,0.9290,0.0037,0.1010,0.0046,0.0004,0.0014,0.0000,0.0002,0.0002,0.0192,0.0000,0.0001,0.0003,0.0012
0.0095,0.3847,0.0102,0.9968,0.0125,0.2638,0.1158,0.0356,0.1148,1.0000,0.0581,0.9998,0.0116,0.0428,0.0040,0.0025,0.0023,0.0011,0.0009,0.0002,0.0000,0.0000,0.0000,0.0000,0.0000,0.0001,0.0000,0.0000
0.0037,0.0014,0.0160,0.0044,0.0155,0.0026,0.0093,0.0186,0.2321,0.1846,1.0000,0.0273,0.9905,0.0024,0.1748,0.0015,0.0106,0.0042,0.0008,0.0020,0.0001,0.0011,0.0000,0.0001,0.0001,0.0043,0.0045,0.0000
0.0079,0.0295,0.0054,0.0705,0.0092,0.1182,0.0671,0.5561,0.9096,0.9793,0.0098,0.0233,0.0020,0.0016,0.0015,0.0015,0.0018,0.0023,0.0016,0.0030,0.0031,0.0004,0.0000,0.0003,0.0000,0.0045,0.0276,0.0221
0.0068,0.0032,0.0112,0.0025,0.0188,0.0088,0.0613,0.9406,0.9994,0.0402,0.4216,0.0030,0.0075,0.0010,0.0026,0.0020,0.0035,0.0064,0.0033,0.0055,0.0015,0.0020,0.0004,0.0012,0.0000,0.0000,0.0221,0.0004