c1,c2,c3,c4,c5,c6,c7,c8,c9,c10,c11,c12,c13,c14,c15,c16,c17,c18,c19,c20
0.0676,0.0077,0.0011,0.0188,0.0109,0.0037,0.0065,0.0148,0.0309,0.0178,0.0100,0.0128,0.0058,0.0044,0.0039,0.0020,0.0044,0.0049,0.0030,0.0027
0.0077,0.0512,0.1167,0.0007,0.0149,0.0056,0.0029,0.0134,0.0087,0.0077,0.0065,0.0065,0.0043,0.0033,0.0070,0.0027,0.0116,0.0049,0.0063,0.0033
0.0011,0.1167,0.0499,0.0927,0.0005,0.0127,0.0099,0.0115,0.0100,0.0057,0.0075,0.0062,0.0060,0.0030,0.0044,0.0033,0.0056,0.0045,0.0031,0.0041
0.0188,0.0007,0.0927,0.0136,0.0101,0.0003,0.0065,0.0164,0.0053,0.0093,0.0117,0.0163,0.0083,0.0064,0.0081,0.0073,0.0087,0.0070,0.0033,0.0035
0.0109,0.0149,0.0005,0.0101,0.0994,0.0480,0.0003,0.0505,0.0153,0.0036,0.0120,0.0095,0.0054,0.0056,0.0059,0.0062,0.0058,0.0042,0.0026,0.0039
0.0037,0.0056,0.0127,0.0003,0.0480,0.0574,0.0303,0.0011,0.0237,0.0060,0.0145,0.0126,0.0069,0.0112,0.0055,0.0063,0.0041,0.0036,0.0032,0.0048
0.0065,0.0029,0.0099,0.0065,0.0003,0.0303,0.0927,0.0574,0.0022,0.0072,0.0251,0.0220,0.0096,0.0039,0.0111,0.0032,0.0032,0.0034,0.0037,0.0037
0.0148,0.0134,0.0115,0.0164,0.0505,0.0011,0.0574,0.0080,0.0062,0.0007,0.0142,0.0272,0.0074,0.0040,0.0078,0.0050,0.0033,0.0032,0.0028,0.0020
0.0309,0.0087,0.0100,0.0053,0.0153,0.0237,0.0022,0.0062,0.0102,0.0348,0.0003,0.0398,0.0257,0.0020,0.0084,0.0054,0.0049,0.0041,0.0023,0.0029
0.0178,0.0077,0.0057,0.0093,0.0036,0.0060,0.0072,0.0007,0.0348,0.0348,0.0117,0.0007,0.0292,0.0120,0.0074,0.0087,0.0067,0.0087,0.0018,0.0058
0.0100,0.0065,0.0075,0.0117,0.0120,0.0145,0.0251,0.0142,0.0003,0.0117,0.0858,0.0086,0.0006,0.0104,0.0146,0.0030,0.0044,0.0060,0.0026,0.0057
0.0128,0.0065,0.0062,0.0163,0.0095,0.0126,0.0220,0.0272,0.0398,0.0007,0.0086,0.0158,0.0046,0.0005,0.0081,0.0104,0.0028,0.0061,0.0035,0.0040
0.0058,0.0043,0.0060,0.0083,0.0054,0.0069,0.0096,0.0074,0.0257,0.0292,0.0006,0.0046,0.0363,0.0263,0.0006,0.0135,0.0039,0.0039,0.0088,0.0148
0.0044,0.0033,0.0030,0.0064,0.0056,0.0112,0.0039,0.0040,0.0020,0.0120,0.0104,0.0005,0.0263,0.0247,0.0343,0.0017,0.0301,0.0131,0.0073,0.0271
0.0039,0.0070,0.0044,0.0081,0.0059,0.0055,0.0111,0.0078,0.0084,0.0074,0.0146,0.0081,0.0006,0.0343,0.0116,0.0310,0.0004,0.0092,0.0223,0.0087
0.0020,0.0027,0.0033,0.0073,0.0062,0.0063,0.0032,0.0050,0.0054,0.0087,0.0030,0.0104,0.0135,0.0017,0.0310,0.1673,0.0348,0.0011,0.0067,0.0244
0.0044,0.0116,0.0056,0.0087,0.0058,0.0041,0.0032,0.0033,0.0049,0.0067,0.0044,0.0028,0.0039,0.0301,0.0004,0.0348,0.0911,0.0291,0.0017,0.0560
0.0049,0.0049,0.0045,0.0070,0.0042,0.0036,0.0034,0.0032,0.0041,0.0087,0.0060,0.0061,0.0039,0.0131,0.0092,0.0011,0.0291,0.2540,0.1947,0.0006
0.0030,0.0063,0.0031,0.0033,0.0026,0.0032,0.0037,0.0028,0.0023,0.0018,0.0026,0.0035,0.0088,0.0073,0.0223,0.0067,0.0017,0.1947,0.2828,0.1165
0.0027,0.0033,0.0041,0.0035,0.0039,0.0048,0.0037,0.0020,0.0029,0.0058,0.0057,0.0040,0.0148,0.0271,0.0087,0.0244,0.0560,0.0006,0.1165,0.0413