c1,c2,c3,c4,c5,c6,c7,c8,c9,c10,c11,c12,c13,c14,c15,c16,c17,c18,c19,c20
0.0001,0.0022,0.0005,0.0108,0.0319,0.0186,0.0230,0.0190,0.0151,0.0044,0.0227,0.0091,0.0098,0.0080,0.0051,0.0040,0.0058,0.0081,0.0102,0.0268
0.0022,0.0024,0.0878,0.0029,0.1995,0.1037,0.0081,0.0082,0.0032,0.0024,0.0081,0.0039,0.0031,0.0034,0.0066,0.0039,0.0046,0.0057,0.0039,0.0065
0.0005,0.0878,0.0201,0.0198,0.0003,0.0120,0.0312,0.0042,0.0089,0.0039,0.0050,0.0043,0.0076,0.0063,0.0073,0.0161,0.0079,0.0070,0.0091,0.0061
0.0108,0.0029,0.0198,0.0282,0.0088,0.0005,0.0169,0.0687,0.0146,0.0078,0.0080,0.0021,0.0055,0.0145,0.0054,0.0030,0.0091,0.0057,0.0019,0.0045
0.0319,0.1995,0.0003,0.0088,0.0075,0.0161,0.0005,0.0071,0.0940,0.0179,0.0138,0.0025,0.0063,0.0061,0.0074,0.0030,0.0067,0.0068,0.0028,0.0020
0.0186,0.1037,0.0120,0.0005,0.0161,0.0187,0.0031,0.0002,0.0038,0.0427,0.0042,0.0106,0.0053,0.0090,0.0111,0.0150,0.0103,0.0044,0.0061,0.0023
0.0230,0.0081,0.0312,0.0169,0.0005,0.0031,0.0143,0.0022,0.0003,0.0266,0.0492,0.0033,0.0154,0.0066,0.0055,0.0079,0.0116,0.0088,0.0063,0.0069
0.0190,0.0082,0.0042,0.0687,0.0071,0.0002,0.0022,0.0051,0.0019,0.0114,0.0628,0.0313,0.0087,0.0184,0.0042,0.0092,0.0059,0.0045,0.0035,0.0049
0.0151,0.0032,0.0089,0.0146,0.0940,0.0038,0.0003,0.0019,0.0156,0.0164,0.0003,0.0100,0.0759,0.0104,0.0191,0.0074,0.0174,0.0042,0.0032,0.0041
0.0044,0.0024,0.0039,0.0078,0.0179,0.0427,0.0266,0.0114,0.0164,0.0000,0.0048,0.0015,0.0247,0.2375,0.0055,0.0057,0.0104,0.0123,0.0022,0.0042
0.0227,0.0081,0.0050,0.0080,0.0138,0.0042,0.0492,0.0628,0.0003,0.0048,0.0021,0.0021,0.0008,0.1172,0.0132,0.0082,0.0232,0.0052,0.0019,0.0049
0.0091,0.0039,0.0043,0.0021,0.0025,0.0106,0.0033,0.0313,0.0100,0.0015,0.0021,0.0113,0.0045,0.0005,0.0239,0.0558,0.0146,0.0309,0.0151,0.0143
0.0098,0.0031,0.0076,0.0055,0.0063,0.0053,0.0154,0.0087,0.0759,0.0247,0.0008,0.0045,0.0026,0.0012,0.0004,0.0258,0.0502,0.0094,0.0227,0.0076
0.0080,0.0034,0.0063,0.0145,0.0061,0.0090,0.0066,0.0184,0.0104,0.2375,0.1172,0.0005,0.0012,0.0067,0.0025,0.0003,0.0074,0.0175,0.0031,0.0122
0.0051,0.0066,0.0073,0.0054,0.0074,0.0111,0.0055,0.0042,0.0191,0.0055,0.0132,0.0239,0.0004,0.0025,0.0245,0.0025,0.0010,0.0187,0.0312,0.0376
0.0040,0.0039,0.0161,0.0030,0.0030,0.0150,0.0079,0.0092,0.0074,0.0057,0.0082,0.0558,0.0258,0.0003,0.0025,0.0056,0.0044,0.0009,0.0146,0.2710
0.0058,0.0046,0.0079,0.0091,0.0067,0.0103,0.0116,0.0059,0.0174,0.0104,0.0232,0.0146,0.0502,0.0074,0.0010,0.0044,0.0152,0.0023,0.0007,0.0048
0.0081,0.0057,0.0070,0.0057,0.0068,0.0044,0.0088,0.0045,0.0042,0.0123,0.0052,0.0309,0.0094,0.0175,0.0187,0.0009,0.0023,0.0540,0.0414,0.0004
0.0102,0.0039,0.0091,0.0019,0.0028,0.0061,0.0063,0.0035,0.0032,0.0022,0.0019,0.0151,0.0227,0.0031,0.0312,0.0146,0.0007,0.0414,0.3007,0.0053
0.0268,0.0065,0.0061,0.0045,0.0020,0.0023,0.0069,0.0049,0.0041,0.0042,0.0049,0.0143,0.0076,0.0122,0.0376,0.2710,0.0048,0.0004,0.0053,0.0094
