c1,c2,c3,c4,c5,c6,c7,c8,c9,c10,c11,c12,c13,c14,c15,c16,c17,c18,c19,c20,c21,c22,c23,c24,c25,c26,c27,c28
0.0002,0.0233,0.0017,0.0031,0.0220,0.0024,0.0108,0.0105,0.0060,0.0029,0.0055,0.0038,0.0093,0.0082,0.0135,0.0179,0.0080,0.0144,0.0336,0.0149,0.0049,0.0197,0.0075,0.0031,0.0064,0.0039,0.0086,0.0252
0.0233,0.0669,0.0301,0.0002,0.0083,0.0013,0.0014,0.0087,0.0057,0.0031,0.0048,0.0073,0.0083,0.0392,0.0082,0.0161,0.0072,0.0097,0.0217,0.0075,0.0035,0.0035,0.0049,0.0030,0.0091,0.0049,0.0099,0.0289
0.0017,0.0301,0.0210,0.0037,0.0020,0.0015,0.0024,0.0076,0.0086,0.0031,0.0080,0.0256,0.0178,0.0282,0.0085,0.0179,0.0040,0.0065,0.0124,0.0042,0.0041,0.0044,0.0138,0.0035,0.0092,0.0060,0.0057,0.0201
0.0031,0.0002,0.0037,0.0126,0.0144,0.0000,0.0023,0.0048,0.0178,0.0235,0.0099,0.3198,0.0173,0.0557,0.0088,0.0060,0.0041,0.0060,0.0137,0.0064,0.0028,0.0020,0.0208,0.0039,0.0533,0.0067,0.0145,0.0072
0.0220,0.0083,0.0020,0.0144,0.0409,0.0031,0.0003,0.0070,0.0079,0.0086,0.0125,0.0355,0.0103,0.0072,0.0047,0.0076,0.0041,0.0063,0.0093,0.0041,0.0033,0.0026,0.0117,0.0049,0.0107,0.0079,0.0094,0.0159
0.0024,0.0013,0.0015,0.0000,0.0031,0.0009,0.0024,0.0034,0.0645,0.6385,0.0190,0.9426,0.0207,0.0149,0.0045,0.0013,0.0014,0.0020,0.0049,0.0020,0.0019,0.0010,0.0435,0.0039,0.2302,0.0054,0.0183,0.0091
0.0108,0.0014,0.0024,0.0023,0.0003,0.0024,0.0059,0.0059,0.0012,0.0402,0.0011,0.0420,0.0139,0.0095,0.0114,0.0050,0.0063,0.0037,0.0108,0.0036,0.0023,0.0030,0.0211,0.0095,0.2139,0.0245,0.0845,0.0247
0.0105,0.0087,0.0076,0.0048,0.0070,0.0034,0.0059,0.0489,0.3666,0.0001,0.0016,0.0005,0.0011,0.0026,0.0016,0.0112,0.0060,0.0045,0.0127,0.0047,0.0024,0.0011,0.0054,0.0028,0.0181,0.0256,0.3320,0.5782
0.0060,0.0057,0.0086,0.0178,0.0079,0.0645,0.0012,0.3666,0.0009,0.0178,0.0001,0.0000,0.0005,0.0006,0.0020,0.0034,0.0050,0.0017,0.0004,0.0022,0.0025,0.0010,0.0184,0.0066,0.2371,0.0905,0.9211,0.8512
0.0029,0.0031,0.0031,0.0235,0.0086,0.6385,0.0402,0.0001,0.0178,0.0003,0.0008,0.0000,0.0000,0.0000,0.0004,0.0012,0.0021,0.0011,0.0026,0.0021,0.0011,0.0002,0.0778,0.0084,0.9999,0.9416,0.9998,0.1818
0.0055,0.0048,0.0080,0.0099,0.0125,0.0190,0.0011,0.0016,0.0001,0.0008,0.0023,0.0001,0.0000,0.0000,0.0001,0.0038,0.0026,0.0022,0.0105,0.0041,0.0032,0.0012,0.0330,0.0323,0.7385,0.9999,0.5158,0.8428
0.0038,0.0073,0.0256,0.3198,0.0355,0.9426,0.0420,0.0005,0.0000,0.0000,0.0001,0.0002,0.0002,0.0000,0.0000,0.0000,0.0005,0.0029,0.0053,0.0044,0.0129,0.0037,1.0000,0.8185,0.9999,0.2374,0.0166,0.0037
0.0093,0.0083,0.0178,0.0173,0.0103,0.0207,0.0139,0.0011,0.0005,0.0000,0.0000,0.0002,0.0032,0.0006,0.0000,0.0002,0.0006,0.0013,0.0090,0.0057,0.0129,0.0418,0.2965,1.0000,0.1476,0.8542,0.0120,0.0347
0.0082,0.0392,0.0282,0.0557,0.0072,0.0149,0.0095,0.0026,0.0006,0.0000,0.0000,0.0000,0.0006,0.0007,0.0000,0.0000,0.0000,0.0024,0.0128,0.0573,1.0000,0.3953,0.9994,0.1004,0.0091,0.0032,0.0006,0.0015
0.0135,0.0082,0.0085,0.0088,0.0047,0.0045,0.0114,0.0016,0.0020,0.0004,0.0001,0.0000,0.0000,0.0000,0.0008,0.0013,0.0000,0.0008,0.0049,0.0170,0.1226,1.0000,0.0547,0.9999,0.0179,0.0589,0.0008,0.0011
0.0179,0.0161,0.0179,0.0060,0.0076,0.0013,0.0050,0.0112,0.0034,0.0012,0.0038,0.0000,0.0002,0.0000,0.0013,0.0075,0.0006,0.0012,0.7822,0.0496,1.0000,0.8477,0.0091,0.0023,0.0014,0.0014,0.0006,0.0027
0.0080,0.0072,0.0040,0.0041,0.0041,0.0014,0.0063,0.0060,0.0050,0.0021,0.0026,0.0005,0.0006,0.0000,0.0000,0.0006,0.0513,0.9060,0.0058,0.0175,0.0042,0.9999,0.0139,0.1565,0.0052,0.0041,0.0014,0.0018
0.0144,0.0097,0.0065,0.0060,0.0063,0.0020,0.0037,0.0045,0.0017,0.0011,0.0022,0.0029,0.0013,0.0024,0.0008,0.0012,0.9060,0.1396,0.9179,0.0029,0.0018,0.0604,0.0028,0.0075,0.0030,0.0028,0.0031,0.0057
0.0336,0.0217,0.0124,0.0137,0.0093,0.0049,0.0108,0.0127,0.0004,0.0026,0.0105,0.0053,0.0090,0.0128,0.0049,0.7822,0.0058,0.9179,0.0344,0.7312,0.0001,0.0001,0.0000,0.0001,0.0010,0.0020,0.0031,0.0069
0.0149,0.0075,0.0042,0.0064,0.0041,0.0020,0.0036,0.0047,0.0022,0.0021,0.0041,0.0044,0.0057,0.0573,0.0170,0.0496,0.0175,0.0029,0.7312,0.0890,0.0078,0.0001,0.0011,0.0017,0.0018,0.0059,0.0523,0.0086
0.0049,0.0035,0.0041,0.0028,0.0033,0.0019,0.0023,0.0024,0.0025,0.0011,0.0032,0.0129,0.0129,1.0000,0.1226,1.0000,0.0042,0.0018,0.0001,0.0078,0.0101,0.0007,0.0000,0.0000,0.0000,0.0003,0.0020,0.0121
0.0197,0.0035,0.0044,0.0020,0.0026,0.0010,0.0030,0.0011,0.0010,0.0002,0.0012,0.0037,0.0418,0.3953,1.0000,0.8477,0.9999,0.0604,0.0001,0.0001,0.0007,0.0000,0.0003,0.0000,0.0001,0.0004,0.0019,0.0018
0.0075,0.0049,0.0138,0.0208,0.0117,0.0435,0.0211,0.0054,0.0184,0.0778,0.0330,1.0000,0.2965,0.9994,0.0547,0.0091,0.0139,0.0028,0.0000,0.0011,0.0000,0.0003,0.0006,0.0003,0.0000,0.0000,0.0000,0.0011
0.0031,0.0030,0.0035,0.0039,0.0049,0.0039,0.0095,0.0028,0.0066,0.0084,0.0323,0.8185,1.0000,0.1004,0.9999,0.0023,0.1565,0.0075,0.0001,0.0017,0.0000,0.0000,0.0003,0.0020,0.0001,0.0000,0.0001,0.0002
0.0064,0.0091,0.0092,0.0533,0.0107,0.2302,0.2139,0.0181,0.2371,0.9999,0.7385,0.9999,0.1476,0.0091,0.0179,0.0014,0.0052,0.0030,0.0010,0.0018,0.0000,0.0001,0.0000,0.0001,0.0001,0.0000,0.0000,0.0000
0.0039,0.0049,0.0060,0.0067,0.0079,0.0054,0.0245,0.0256,0.0905,0.9416,0.9999,0.2374,0.8542,0.0032,0.0589,0.0014,0.0041,0.0028,0.0020,0.0059,0.0003,0.0004,0.0000,0.0000,0.0000,0.0006,0.0003,0.0000
0.0086,0.0099,0.0057,0.0145,0.0094,0.0183,0.0845,0.3320,0.9211,0.9998,0.5158,0.0166,0.0120,0.0006,0.0008,0.0006,0.0014,0.0031,0.0031,0.0523,0.0020,0.0019,0.0000,0.0001,0.0000,0.0003,0.0029,0.0007
0.0252,0.0289,0.0201,0.0072,0.0159,0.0091,0.0247,0.5782,0.8512,0.1818,0.8428,0.0037,0.0347,0.0015,0.0011,0.0027,0.0018,0.0057,0.0069,0.0086,0.0121,0.0018,0.0011,0.0002,0.0000,0.0000,0.0007,0.0003
