c1,c2,c3,c4,c5,c6,c7,c8,c9,c10,c11,c12,c13,c14,c15,c16,c17,c18,c19,c20,c21,c22,c23,c24,c25,c26,c27,c28
0.0000,0.0000,0.0000,0.0002,0.0074,0.0101,0.0381,0.0148,0.3342,0.0464,0.1796,0.0174,0.0345,0.0269,0.0194,0.0137,0.0123,0.0138,0.0146,0.0294,0.0105,0.0131,0.0107,0.0187,0.0146,0.0071,0.0040,0.0069
0.0000,0.0004,0.0049,0.0000,0.0005,0.0034,0.0472,0.0386,0.2495,0.1328,0.0280,0.0990,0.0094,0.0322,0.0093,0.0123,0.0052,0.0120,0.0116,0.0237,0.0150,0.0090,0.0227,0.0055,0.0273,0.0032,0.0080,0.0040
0.0000,0.0049,0.0052,0.0048,0.0003,0.0377,0.0826,0.0122,0.1930,0.1111,0.0652,0.0141,0.0051,0.0041,0.0053,0.0027,0.0058,0.0046,0.0034,0.0077,0.0018,0.0051,0.0080,0.0047,0.0106,0.0074,0.0083,0.0124
0.0002,0.0000,0.0048,0.0002,0.0126,0.0001,0.0133,0.0271,0.0281,0.2316,0.0827,0.0900,0.0160,0.0153,0.0069,0.0060,0.0038,0.0105,0.0139,0.0162,0.0112,0.0069,0.0225,0.0080,0.0342,0.0068,0.0282,0.0084
0.0074,0.0005,0.0003,0.0126,0.0075,0.0137,0.0003,0.0111,0.0227,0.0128,0.0089,0.0137,0.0106,0.0042,0.0060,0.0062,0.0090,0.0159,0.0067,0.0633,0.0066,0.0083,0.0134,0.0059,0.0098,0.0054,0.0143,0.0091
0.0101,0.0034,0.0377,0.0001,0.0137,0.0211,0.1138,0.0003,0.0021,0.0062,0.0035,0.0063,0.0448,0.0040,0.0046,0.0101,0.0062,0.0087,0.0055,0.0269,0.0043,0.0047,0.0100,0.0049,0.0126,0.0048,0.0268,0.0189
0.0381,0.0472,0.0826,0.0133,0.0003,0.1138,0.0011,0.0319,0.0001,0.0004,0.0018,0.0024,0.0054,0.0019,0.0068,0.0078,0.0080,0.0069,0.0005,0.0150,0.0052,0.0066,0.0210,0.0081,0.0467,0.0153,0.0746,0.0226
0.0148,0.0386,0.0122,0.0271,0.0111,0.0003,0.0319,0.0104,0.0049,0.0000,0.0008,0.0017,0.0017,0.0033,0.1503,0.0096,0.0069,0.0094,0.0070,0.0077,0.0040,0.0039,0.0108,0.0030,0.0166,0.0157,0.1217,0.0320
0.3342,0.2495,0.1930,0.0281,0.0227,0.0021,0.0001,0.0049,0.0012,0.0002,0.0000,0.0003,0.0050,0.0016,0.0104,0.0900,0.0111,0.0062,0.0062,0.0034,0.0046,0.0070,0.0060,0.0363,0.0177,0.0356,0.0143,0.0293
0.0464,0.1328,0.1111,0.2316,0.0128,0.0062,0.0004,0.0000,0.0002,0.0008,0.0023,0.0000,0.0005,0.0021,0.0028,0.0396,0.1549,0.0136,0.0146,0.0052,0.0045,0.0059,0.0128,0.0108,0.1808,0.0210,0.1374,0.0206
0.1796,0.0280,0.0652,0.0827,0.0089,0.0035,0.0018,0.0008,0.0000,0.0023,0.0042,0.0011,0.0001,0.0012,0.0023,0.0017,0.0105,0.0489,0.0038,0.0030,0.0015,0.0113,0.0071,0.4924,0.0287,0.3501,0.0106,0.0297
0.0174,0.0990,0.0141,0.0900,0.0137,0.0063,0.0024,0.0017,0.0003,0.0000,0.0011,0.0001,0.0013,0.0000,0.0003,0.0005,0.0037,0.0092,0.4143,0.0163,0.0231,0.0197,0.1753,0.1138,0.9270,0.0361,0.0876,0.0131
0.0345,0.0094,0.0051,0.0160,0.0106,0.0448,0.0054,0.0017,0.0050,0.0005,0.0001,0.0013,0.0032,0.0037,0.0000,0.0013,0.0047,0.0060,0.0098,0.0812,0.0089,0.0750,0.0133,0.3508,0.0130,0.1869,0.0055,0.0175
0.0269,0.0322,0.0041,0.0153,0.0042,0.0040,0.0019,0.0033,0.0016,0.0021,0.0012,0.0000,0.0037,0.0003,0.0061,0.0000,0.0001,0.0015,0.0028,0.0307,0.6954,0.1316,0.9798,0.0349,0.8824,0.0151,0.0465,0.0062
0.0194,0.0093,0.0053,0.0069,0.0060,0.0046,0.0068,0.1503,0.0104,0.0028,0.0023,0.0003,0.0000,0.0061,0.0035,0.0025,0.0000,0.0032,0.0142,0.0219,0.0993,0.5701,0.1584,0.0255,0.0303,0.0132,0.0084,0.0058
0.0137,0.0123,0.0027,0.0060,0.0062,0.0101,0.0078,0.0096,0.0900,0.0396,0.0017,0.0005,0.0013,0.0000,0.0025,0.0027,0.0017,0.0002,0.0134,0.0287,0.2859,0.3394,0.4803,0.0194,0.0232,0.0041,0.0037,0.0028
0.0123,0.0052,0.0058,0.0038,0.0090,0.0062,0.0080,0.0069,0.0111,0.1549,0.0105,0.0037,0.0047,0.0001,0.0000,0.0017,0.0058,0.0229,0.0005,0.0239,0.0985,0.1126,0.1198,0.0678,0.0154,0.0086,0.0036,0.0041
0.0138,0.0120,0.0046,0.0105,0.0159,0.0087,0.0069,0.0094,0.0062,0.0136,0.0489,0.0092,0.0060,0.0015,0.0032,0.0002,0.0229,0.0290,0.1732,0.0002,0.0037,0.0045,0.0125,0.0068,0.0103,0.0060,0.0055,0.0036
0.0146,0.0116,0.0034,0.0139,0.0067,0.0055,0.0005,0.0070,0.0062,0.0146,0.0038,0.4143,0.0098,0.0028,0.0142,0.0134,0.0005,0.1732,0.0005,0.0435,0.0002,0.0037,0.0086,0.0038,0.0122,0.0103,0.0174,0.0054
0.0294,0.0237,0.0077,0.0162,0.0633,0.0269,0.0150,0.0077,0.0034,0.0052,0.0030,0.0163,0.0812,0.0307,0.0219,0.0287,0.0239,0.0002,0.0435,0.0071,0.0068,0.0000,0.0004,0.0014,0.0009,0.0068,0.0043,0.0047
0.0105,0.0150,0.0018,0.0112,0.0066,0.0043,0.0052,0.0040,0.0046,0.0045,0.0015,0.0231,0.0089,0.6954,0.0993,0.2859,0.0985,0.0037,0.0002,0.0068,0.0074,0.0327,0.0001,0.0003,0.0013,0.0015,0.0308,0.0040
0.0131,0.0090,0.0051,0.0069,0.0083,0.0047,0.0066,0.0039,0.0070,0.0059,0.0113,0.0197,0.0750,0.1316,0.5701,0.3394,0.1126,0.0045,0.0037,0.0000,0.0327,0.0058,0.0001,0.0001,0.0002,0.0091,0.0013,0.0094
0.0107,0.0227,0.0080,0.0225,0.0134,0.0100,0.0210,0.0108,0.0060,0.0128,0.0071,0.1753,0.0133,0.9798,0.1584,0.4803,0.1198,0.0125,0.0086,0.0004,0.0001,0.0001,0.0014,0.0023,0.0000,0.0002,0.0006,0.0023
0.0187,0.0055,0.0047,0.0080,0.0059,0.0049,0.0081,0.0030,0.0363,0.0108,0.4924,0.1138,0.3508,0.0349,0.0255,0.0194,0.0678,0.0068,0.0038,0.0014,0.0003,0.0001,0.0023,0.0186,0.0003,0.0003,0.0004,0.0074
0.0146,0.0273,0.0106,0.0342,0.0098,0.0126,0.0467,0.0166,0.0177,0.1808,0.0287,0.9270,0.0130,0.8824,0.0303,0.0232,0.0154,0.0103,0.0122,0.0009,0.0013,0.0002,0.0000,0.0003,0.0059,0.0013,0.0000,0.0003
0.0071,0.0032,0.0074,0.0068,0.0054,0.0048,0.0153,0.0157,0.0356,0.0210,0.3501,0.0361,0.1869,0.0151,0.0132,0.0041,0.0086,0.0060,0.0103,0.0068,0.0015,0.0091,0.0002,0.0003,0.0013,0.0297,0.0009,0.0005
0.0040,0.0080,0.0083,0.0282,0.0143,0.0268,0.0746,0.1217,0.0143,0.1374,0.0106,0.0876,0.0055,0.0465,0.0084,0.0037,0.0036,0.0055,0.0174,0.0043,0.0308,0.0013,0.0006,0.0004,0.0000,0.0009,0.0130,0.0062
0.0069,0.0040,0.0124,0.0084,0.0091,0.0189,0.0226,0.0320,0.0293,0.0206,0.0297,0.0131,0.0175,0.0062,0.0058,0.0028,0.0041,0.0036,0.0054,0.0047,0.0040,0.0094,0.0023,0.0074,0.0003,0.0005,0.0062,0.0177