c1,c2,c3,c4,c5,c6,c7,c8,c9,c10,c11,c12,c13,c14,c15,c16,c17,c18,c19,c20,c21,c22,c23,c24,c25,c26,c27,c28
0.0055,0.0008,0.0022,0.0005,0.0019,0.0006,0.0015,0.0023,0.0025,0.0027,0.0022,0.0045,0.0086,0.0414,0.0382,0.0538,0.0186,0.0517,0.1467,0.1801,0.0651,0.0199,0.0569,0.0028,0.0062,0.0018,0.0029,0.0023
0.0008,0.0438,0.0208,0.0000,0.0002,0.0001,0.0003,0.0019,0.0027,0.0017,0.0023,0.0155,0.0087,0.1650,0.0050,0.0643,0.0078,0.0223,0.2280,0.2354,0.3218,0.0086,0.5348,0.0020,0.1497,0.0015,0.0080,0.0019
0.0022,0.0208,0.7258,0.0002,0.0005,0.0002,0.0004,0.0009,0.0024,0.0012,0.0036,0.0108,0.0130,0.0112,0.0123,0.0135,0.0137,0.0085,0.0293,0.2537,0.0100,0.2210,0.0414,0.0257,0.0056,0.0047,0.0018,0.0029
0.0005,0.0000,0.0002,0.0056,0.0003,0.0000,0.0000,0.0002,0.0009,0.0056,0.0148,0.9204,0.0060,0.4147,0.0050,0.0114,0.0028,0.0064,0.0298,0.0109,0.1717,0.0043,0.9997,0.0035,0.9990,0.0028,0.0237,0.0017
0.0019,0.0002,0.0005,0.0003,0.0227,0.0004,0.0003,0.0010,0.0004,0.0054,0.0601,0.0228,0.0216,0.0019,0.0453,0.0063,0.0257,0.0108,0.0132,0.0501,0.0037,0.3498,0.0263,0.2124,0.0307,0.0396,0.0060,0.0066
0.0006,0.0001,0.0002,0.0000,0.0004,0.0239,0.0117,0.0002,0.0007,0.4896,0.6099,0.9524,0.0336,0.0113,0.0041,0.0056,0.0033,0.0079,0.0379,0.0046,0.0126,0.0018,0.2402,0.0021,0.1742,0.0042,0.0931,0.0116
0.0015,0.0003,0.0004,0.0000,0.0003,0.0117,0.0075,0.1378,0.0315,0.2160,0.0028,0.0021,0.0059,0.0005,0.0052,0.0013,0.0044,0.0043,0.0014,0.0078,0.0036,0.0154,0.0646,0.2601,0.3258,0.0529,0.0432,0.1160
0.0023,0.0019,0.0009,0.0002,0.0010,0.0002,0.1378,0.4674,0.7597,0.0000,0.0006,0.0001,0.0008,0.0005,0.0041,0.0066,0.0131,0.0159,0.0704,0.0070,0.0048,0.0015,0.0074,0.0016,0.0262,0.0537,0.8732,0.9989
0.0025,0.0027,0.0024,0.0009,0.0004,0.0007,0.0315,0.7597,0.0074,0.0001,0.0000,0.0000,0.0002,0.0001,0.0014,0.0032,0.0040,0.0044,0.0033,0.0032,0.0031,0.0015,0.0177,0.0031,0.1778,0.4163,0.9970,0.9999
0.0027,0.0017,0.0012,0.0056,0.0054,0.4896,0.2160,0.0000,0.0001,0.0009,0.0003,0.0000,0.0000,0.0000,0.0002,0.0027,0.0100,0.0067,0.0251,0.0037,0.0097,0.0026,0.9203,0.0166,1.0000,0.6025,0.9965,0.0485
0.0022,0.0023,0.0036,0.0148,0.0601,0.6099,0.0028,0.0006,0.0000,0.0003,0.0084,0.0000,0.0001,0.0001,0.0017,0.0010,0.0046,0.0046,0.0036,0.0017,0.0008,0.0018,0.0133,0.2971,0.0693,1.0000,0.0196,0.5148
0.0045,0.0155,0.0108,0.9204,0.0228,0.9524,0.0021,0.0001,0.0000,0.0000,0.0000,0.0070,0.0002,0.0000,0.0000,0.0001,0.0006,0.0037,0.0080,0.0039,0.1645,0.0074,1.0000,0.0257,0.9993,0.0376,0.0355,0.0032
0.0086,0.0087,0.0130,0.0060,0.0216,0.0336,0.0059,0.0008,0.0002,0.0000,0.0001,0.0002,0.2705,0.0001,0.0002,0.0001,0.0012,0.0031,0.0049,0.0040,0.0028,0.0494,0.0331,1.0000,0.0227,0.9877,0.0035,0.0100
0.0414,0.1650,0.0112,0.4147,0.0019,0.0113,0.0005,0.0005,0.0001,0.0000,0.0001,0.0000,0.0001,0.0052,0.0002,0.0001,0.0000,0.0011,0.0372,0.0299,1.0000,0.1684,0.9999,0.0199,0.0284,0.0029,0.0015,0.0009
0.0382,0.0050,0.0123,0.0050,0.0453,0.0041,0.0052,0.0041,0.0014,0.0002,0.0017,0.0000,0.0002,0.0002,0.0087,0.0010,0.0001,0.0016,0.0013,0.0100,0.0322,1.0000,0.0206,0.9889,0.0037,0.1835,0.0016,0.0026
0.0538,0.0643,0.0135,0.0114,0.0063,0.0056,0.0013,0.0066,0.0032,0.0027,0.0010,0.0001,0.0001,0.0001,0.0010,0.0141,0.0002,0.0005,0.8074,0.0506,0.9996,0.1103,0.0291,0.0090,0.0026,0.0023,0.0016,0.0020
0.0186,0.0078,0.0137,0.0028,0.0257,0.0033,0.0044,0.0131,0.0040,0.0100,0.0046,0.0006,0.0012,0.0000,0.0001,0.0002,0.0159,0.6818,0.0002,0.4521,0.0005,0.9975,0.0094,0.1082,0.0030,0.0147,0.0024,0.0040
0.0517,0.0223,0.0085,0.0064,0.0108,0.0079,0.0043,0.0159,0.0044,0.0067,0.0046,0.0037,0.0031,0.0011,0.0016,0.0005,0.6818,0.2644,0.1837,0.0068,0.0005,0.0138,0.0006,0.0043,0.0012,0.0045,0.0022,0.0063
0.1467,0.2280,0.0293,0.0298,0.0132,0.0379,0.0014,0.0704,0.0033,0.0251,0.0036,0.0080,0.0049,0.0372,0.0013,0.8074,0.0002,0.1837,0.0201,0.5901,0.0000,0.0002,0.0000,0.0004,0.0013,0.0006,0.0013,0.0040
0.1801,0.2354,0.2537,0.0109,0.0501,0.0046,0.0078,0.0070,0.0032,0.0037,0.0017,0.0039,0.0040,0.0299,0.0100,0.0506,0.4521,0.0068,0.5901,0.1454,0.0003,0.0001,0.0000,0.0005,0.0002,0.0008,0.0010,0.0016
0.0651,0.3218,0.0100,0.1717,0.0037,0.0126,0.0036,0.0048,0.0031,0.0097,0.0008,0.1645,0.0028,1.0000,0.0322,0.9996,0.0005,0.0005,0.0000,0.0003,0.0457,0.0004,0.0000,0.0000,0.0000,0.0001,0.0015,0.0006
0.0199,0.0086,0.2210,0.0043,0.3498,0.0018,0.0154,0.0015,0.0015,0.0026,0.0018,0.0074,0.0494,0.1684,1.0000,0.1103,0.9975,0.0138,0.0002,0.0001,0.0004,0.0033,0.0000,0.0001,0.0000,0.0003,0.0002,0.0008
0.0569,0.5348,0.0414,0.9997,0.0263,0.2402,0.0646,0.0074,0.0177,0.9203,0.0133,1.0000,0.0331,0.9999,0.0206,0.0291,0.0094,0.0006,0.0000,0.0000,0.0000,0.0000,0.0004,0.0001,0.0000,0.0000,0.0000,0.0001
0.0028,0.0020,0.0257,0.0035,0.2124,0.0021,0.2601,0.0016,0.0031,0.0166,0.2971,0.0257,1.0000,0.0199,0.9889,0.0090,0.1082,0.0043,0.0004,0.0005,0.0000,0.0001,0.0001,0.0152,0.0000,0.0000,0.0001,0.0003
0.0062,0.1497,0.0056,0.9990,0.0307,0.1742,0.3258,0.0262,0.1778,1.0000,0.0693,0.9993,0.0227,0.0284,0.0037,0.0026,0.0030,0.0012,0.0013,0.0002,0.0000,0.0000,0.0000,0.0000,0.0000,0.0001,0.0000,0.0000
0.0018,0.0015,0.0047,0.0028,0.0396,0.0042,0.0529,0.0537,0.4163,0.6025,1.0000,0.0376,0.9877,0.0029,0.1835,0.0023,0.0147,0.0045,0.0006,0.0008,0.0001,0.0003,0.0000,0.0000,0.0001,0.0041,0.0016,0.0000
0.0029,0.0080,0.0018,0.0237,0.0060,0.0931,0.0432,0.8732,0.9970,0.9965,0.0196,0.0355,0.0035,0.0015,0.0016,0.0016,0.0024,0.0022,0.0013,0.0010,0.0015,0.0002,0.0000,0.0001,0.0000,0.0016,0.0951,0.0618
0.0023,0.0019,0.0029,0.0017,0.0066,0.0116,0.1160,0.9989,0.9999,0.0485,0.5148,0.0032,0.0100,0.0009,0.0026,0.0020,0.0040,0.0063,0.0040,0.0016,0.0006,0.0008,0.0001,0.0003,0.0000,0.0000,0.0618,0.0020