c1,c2,c3,c4,c5,c6,c7,c8,c9,c10,c11,c12,c13,c14,c15,c16,c17,c18,c19,c20,c21,c22,c23,c24,c25,c26,c27,c28
0.0000,0.0004,0.0004,0.0001,0.0076,0.0009,0.0054,0.0037,0.0064,0.0032,0.0102,0.0045,0.0558,0.0525,0.2842,0.1091,0.0139,0.0274,0.0740,0.0631,0.0078,0.0140,0.0166,0.0072,0.0059,0.0061,0.0071,0.0072
0.0004,0.0031,0.0050,0.0000,0.0001,0.0002,0.0013,0.0033,0.0045,0.0040,0.0029,0.0542,0.0128,0.9869,0.0050,0.1482,0.0063,0.0118,0.0782,0.0275,0.0429,0.0047,0.1395,0.0024,0.4331,0.0013,0.0378,0.0029
0.0004,0.0050,0.0618,0.0001,0.0004,0.0001,0.0027,0.0021,0.0128,0.0039,0.2554,0.0187,0.7863,0.0077,0.0335,0.0058,0.0078,0.0081,0.0193,0.0079,0.0031,0.0090,0.0126,0.0165,0.0091,0.0119,0.0029,0.0086
0.0001,0.0000,0.0001,0.0006,0.0012,0.0000,0.0002,0.0011,0.0021,0.0353,0.0227,1.0000,0.0169,0.5224,0.0039,0.0085,0.0030,0.0056,0.0216,0.0057,0.0177,0.0025,0.8656,0.0043,0.9426,0.0034,0.0200,0.0019
0.0076,0.0001,0.0004,0.0012,0.0110,0.0021,0.0022,0.0159,0.0134,0.0041,0.9257,0.0195,0.0110,0.0032,0.0109,0.0062,0.0058,0.0087,0.0161,0.0148,0.0036,0.0047,0.0106,0.0050,0.0072,0.0083,0.0053,0.0236
0.0009,0.0002,0.0001,0.0000,0.0021,0.0099,0.1646,0.0171,0.0024,0.8436,0.0545,0.8503,0.0030,0.0081,0.0013,0.0048,0.0017,0.0037,0.0250,0.0044,0.0307,0.0015,0.0542,0.0015,0.1082,0.0016,0.0890,0.0063
0.0054,0.0013,0.0027,0.0002,0.0022,0.1646,0.0013,0.8889,0.0158,0.3638,0.0040,0.0021,0.0019,0.0013,0.0024,0.0044,0.0023,0.0030,0.0015,0.0073,0.0100,0.0018,0.0198,0.0030,0.0559,0.0046,0.0233,0.0609
0.0037,0.0033,0.0021,0.0011,0.0159,0.0171,0.8889,0.1861,0.3389,0.0000,0.0001,0.0002,0.0002,0.0004,0.0013,0.0061,0.0025,0.0033,0.0321,0.0054,0.0028,0.0009,0.0051,0.0007,0.0436,0.0132,0.7719,0.8071
0.0064,0.0045,0.0128,0.0021,0.0134,0.0024,0.0158,0.3389,0.0030,0.0002,0.0000,0.0000,0.0002,0.0002,0.0026,0.0067,0.0047,0.0042,0.0078,0.0058,0.0049,0.0016,0.0115,0.0034,0.1491,0.3231,0.7533,0.9996
0.0032,0.0040,0.0039,0.0353,0.0041,0.8436,0.3638,0.0000,0.0002,0.0010,0.0002,0.0000,0.0000,0.0000,0.0003,0.0025,0.0035,0.0032,0.0257,0.0049,0.0138,0.0025,0.3204,0.0100,1.0000,0.1714,0.9780,0.0408
0.0102,0.0029,0.2554,0.0227,0.9257,0.0545,0.0040,0.0001,0.0000,0.0002,0.0035,0.0000,0.0001,0.0000,0.0017,0.0005,0.0042,0.0030,0.0026,0.0017,0.0007,0.0016,0.0072,0.0997,0.0583,1.0000,0.0133,0.6153
0.0045,0.0542,0.0187,1.0000,0.0195,0.8503,0.0021,0.0002,0.0000,0.0000,0.0000,0.0013,0.0001,0.0000,0.0000,0.0001,0.0008,0.0031,0.0060,0.0026,0.0715,0.0046,0.9999,0.0311,0.9999,0.0245,0.0135,0.0027
0.0558,0.0128,0.7863,0.0169,0.0110,0.0030,0.0019,0.0002,0.0002,0.0000,0.0001,0.0001,0.0636,0.0000,0.0003,0.0001,0.0029,0.0026,0.0040,0.0046,0.0017,0.0535,0.0562,1.0000,0.0094,0.9893,0.0019,0.0120
0.0525,0.9869,0.0077,0.5224,0.0032,0.0081,0.0013,0.0004,0.0002,0.0000,0.0000,0.0000,0.0000,0.0002,0.0002,0.0000,0.0000,0.0006,0.0219,0.0282,1.0000,0.0410,1.0000,0.0251,0.0781,0.0023,0.0014,0.0008
0.2842,0.0050,0.0335,0.0039,0.0109,0.0013,0.0024,0.0013,0.0026,0.0003,0.0017,0.0000,0.0003,0.0002,0.0038,0.0013,0.0001,0.0017,0.0036,0.0182,0.0432,1.0000,0.0587,0.9146,0.0051,0.0652,0.0015,0.0019
0.1091,0.1482,0.0058,0.0085,0.0062,0.0048,0.0044,0.0061,0.0067,0.0025,0.0005,0.0001,0.0001,0.0000,0.0013,0.0335,0.0005,0.0008,0.7269,0.0367,0.9999,0.1517,0.0230,0.0035,0.0014,0.0010,0.0011,0.0015
0.0139,0.0063,0.0078,0.0030,0.0058,0.0017,0.0023,0.0025,0.0047,0.0035,0.0042,0.0008,0.0029,0.0000,0.0001,0.0005,0.0107,0.7645,0.0011,0.6555,0.0007,0.9999,0.0088,0.1219,0.0024,0.0071,0.0018,0.0023
0.0274,0.0118,0.0081,0.0056,0.0087,0.0037,0.0030,0.0033,0.0042,0.0032,0.0030,0.0031,0.0026,0.0006,0.0017,0.0008,0.7645,0.3514,0.3107,0.0247,0.0006,0.1039,0.0012,0.0058,0.0013,0.0036,0.0028,0.0055
0.0740,0.0782,0.0193,0.0216,0.0161,0.0250,0.0015,0.0321,0.0078,0.0257,0.0026,0.0060,0.0040,0.0219,0.0036,0.7269,0.0011,0.3107,0.0574,0.3113,0.0000,0.0001,0.0001,0.0004,0.0012,0.0009,0.0023,0.0035
0.0631,0.0275,0.0079,0.0057,0.0148,0.0044,0.0073,0.0054,0.0058,0.0049,0.0017,0.0026,0.0046,0.0282,0.0182,0.0367,0.6555,0.0247,0.3113,0.0401,0.0005,0.0001,0.0001,0.0023,0.0004,0.0028,0.0051,0.0076
0.0078,0.0429,0.0031,0.0177,0.0036,0.0307,0.0100,0.0028,0.0049,0.0138,0.0007,0.0715,0.0017,1.0000,0.0432,0.9999,0.0007,0.0006,0.0000,0.0005,0.0067,0.0008,0.0000,0.0000,0.0001,0.0001,0.0032,0.0012
0.0140,0.0047,0.0090,0.0025,0.0047,0.0015,0.0018,0.0009,0.0016,0.0025,0.0016,0.0046,0.0535,0.0410,1.0000,0.1517,0.9999,0.1039,0.0001,0.0001,0.0008,0.0223,0.0000,0.0003,0.0001,0.0015,0.0005,0.0020
0.0166,0.1395,0.0126,0.8656,0.0106,0.0542,0.0198,0.0051,0.0115,0.3204,0.0072,0.9999,0.0562,1.0000,0.0587,0.0230,0.0088,0.0012,0.0001,0.0001,0.0000,0.0000,0.0018,0.0004,0.0000,0.0000,0.0000,0.0006
0.0072,0.0024,0.0165,0.0043,0.0050,0.0015,0.0030,0.0007,0.0034,0.0100,0.0997,0.0311,1.0000,0.0251,0.9146,0.0035,0.1219,0.0058,0.0004,0.0023,0.0000,0.0003,0.0004,0.0357,0.0001,0.0001,0.0006,0.0015
0.0059,0.4331,0.0091,0.9426,0.0072,0.1082,0.0559,0.0436,0.1491,1.0000,0.0583,0.9999,0.0094,0.0781,0.0051,0.0014,0.0024,0.0013,0.0012,0.0004,0.0001,0.0001,0.0000,0.0001,0.0000,0.0001,0.0000,0.0000
0.0061,0.0013,0.0119,0.0034,0.0083,0.0016,0.0046,0.0132,0.3231,0.1714,1.0000,0.0245,0.9893,0.0023,0.0652,0.0010,0.0071,0.0036,0.0009,0.0028,0.0001,0.0015,0.0000,0.0001,0.0001,0.0035,0.0101,0.0000
0.0071,0.0378,0.0029,0.0200,0.0053,0.0890,0.0233,0.7719,0.7533,0.9780,0.0133,0.0135,0.0019,0.0014,0.0015,0.0011,0.0018,0.0028,0.0023,0.0051,0.0032,0.0005,0.0000,0.0006,0.0000,0.0101,0.0241,0.0365
0.0072,0.0029,0.0086,0.0019,0.0236,0.0063,0.0609,0.8071,0.9996,0.0408,0.6153,0.0027,0.0120,0.0008,0.0019,0.0015,0.0023,0.0055,0.0035,0.0076,0.0012,0.0020,0.0006,0.0015,0.0000,0.0000,0.0365,0.0007