c1,c2,c3,c4,c5,c6,c7,c8,c9,c10,c11,c12,c13,c14,c15,c16,c17,c18,c19,c20,c21,c22,c23,c24,c25,c26,c27,c28
0.0179,0.0014,0.0006,0.0006,0.0014,0.0006,0.0009,0.0018,0.0022,0.0018,0.0017,0.0031,0.0065,0.0426,0.0291,0.0834,0.0633,0.1646,0.2437,0.4006,0.0316,0.0126,0.0378,0.0019,0.0040,0.0016,0.0033,0.0025
0.0014,0.0293,0.0155,0.0000,0.0001,0.0001,0.0002,0.0015,0.0027,0.0011,0.0018,0.0075,0.0064,0.3276,0.0066,0.2456,0.0260,0.1509,0.7722,0.2399,0.3798,0.0061,0.4011,0.0014,0.0117,0.0013,0.0052,0.0022
0.0006,0.0155,0.4942,0.0001,0.0002,0.0002,0.0005,0.0006,0.0022,0.0009,0.0028,0.0102,0.0143,0.0326,0.0155,0.0277,0.0385,0.0168,0.0625,0.5622,0.0098,0.3006,0.0559,0.0097,0.0032,0.0026,0.0021,0.0022
0.0006,0.0000,0.0001,0.0045,0.0002,0.0000,0.0000,0.0001,0.0011,0.0043,0.0070,0.9592,0.0094,0.5950,0.0165,0.0266,0.0060,0.0186,0.0770,0.0151,0.5364,0.0040,0.9999,0.0025,0.6936,0.0023,0.0141,0.0019
0.0014,0.0001,0.0002,0.0002,0.0210,0.0003,0.0002,0.0009,0.0002,0.0023,0.0340,0.0569,0.0602,0.0034,0.0978,0.0056,0.0281,0.0101,0.0148,0.2602,0.0039,0.7306,0.1106,0.2885,0.0146,0.0057,0.0046,0.0032
0.0006,0.0001,0.0002,0.0000,0.0003,0.0078,0.0132,0.0001,0.0005,0.3335,0.1654,0.9983,0.1064,0.0369,0.0277,0.0079,0.0044,0.0105,0.0344,0.0052,0.0136,0.0025,0.3424,0.0037,0.0550,0.0040,0.0130,0.0055
0.0009,0.0002,0.0005,0.0000,0.0002,0.0132,0.0051,0.1648,0.0239,0.0365,0.0024,0.0028,0.0071,0.0005,0.0075,0.0025,0.0046,0.0051,0.0035,0.0237,0.0072,0.0489,0.4450,0.4742,0.1265,0.0144,0.0091,0.0257
0.0018,0.0015,0.0006,0.0001,0.0009,0.0001,0.1648,0.5280,0.6676,0.0000,0.0039,0.0001,0.0021,0.0007,0.0061,0.0069,0.0141,0.0111,0.0648,0.0132,0.0069,0.0025,0.0240,0.0035,0.0493,0.3639,0.6742,0.6492
0.0022,0.0027,0.0022,0.0011,0.0002,0.0005,0.0238,0.6676,0.0104,0.0001,0.0001,0.0001,0.0003,0.0001,0.0016,0.0053,0.0083,0.0073,0.0090,0.0085,0.0036,0.0020,0.0504,0.0064,0.3519,0.9823,0.9111,0.6693
0.0018,0.0011,0.0009,0.0043,0.0023,0.3335,0.0365,0.0000,0.0001,0.0066,0.0003,0.0000,0.0000,0.0000,0.0001,0.0023,0.0188,0.0113,0.0404,0.0141,0.0342,0.0041,0.9992,0.0310,1.0000,0.9074,0.7419,0.0186
0.0017,0.0018,0.0028,0.0070,0.0340,0.1654,0.0024,0.0039,0.0001,0.0003,0.0327,0.0001,0.0004,0.0001,0.0032,0.0019,0.0085,0.0057,0.0049,0.0039,0.0008,0.0021,0.0186,0.9237,0.0354,0.9993,0.0137,0.0713
0.0031,0.0075,0.0102,0.9592,0.0569,0.9983,0.0028,0.0001,0.0001,0.0000,0.0001,0.0073,0.0003,0.0000,0.0000,0.0003,0.0008,0.0057,0.0151,0.0040,0.2225,0.0039,1.0000,0.0142,0.9110,0.0066,0.0193,0.0046
0.0065,0.0064,0.0143,0.0094,0.0602,0.1064,0.0071,0.0021,0.0003,0.0000,0.0004,0.0003,0.2478,0.0001,0.0003,0.0002,0.0013,0.0029,0.0080,0.0052,0.0022,0.1694,0.0509,0.9996,0.0206,0.2439,0.0037,0.0126
0.0426,0.3276,0.0326,0.5950,0.0034,0.0369,0.0005,0.0007,0.0001,0.0000,0.0001,0.0000,0.0001,0.0043,0.0004,0.0001,0.0000,0.0010,0.0406,0.0462,1.0000,0.0215,0.9939,0.0130,0.0304,0.0029,0.0026,0.0033
0.0291,0.0066,0.0155,0.0165,0.0978,0.0277,0.0075,0.0061,0.0016,0.0001,0.0032,0.0000,0.0003,0.0004,0.0121,0.0005,0.0000,0.0012,0.0009,0.0088,0.0273,0.9999,0.0371,0.8387,0.0074,0.0155,0.0019,0.0052
0.0834,0.2456,0.0277,0.0266,0.0056,0.0079,0.0025,0.0069,0.0053,0.0023,0.0019,0.0003,0.0002,0.0001,0.0005,0.0077,0.0011,0.0001,0.0796,0.0078,0.9992,0.0389,0.0266,0.0075,0.0040,0.0027,0.0022,0.0025
0.0633,0.0260,0.0385,0.0060,0.0281,0.0044,0.0046,0.0141,0.0083,0.0188,0.0085,0.0008,0.0013,0.0000,0.0000,0.0011,0.0182,0.2235,0.0000,0.0262,0.0012,0.9349,0.0437,0.0990,0.0053,0.0058,0.0023,0.0054
0.1646,0.1509,0.0168,0.0186,0.0101,0.0105,0.0051,0.0111,0.0073,0.0113,0.0057,0.0057,0.0029,0.0010,0.0012,0.0001,0.2235,0.0707,0.0435,0.0029,0.0008,0.0107,0.0014,0.0046,0.0021,0.0027,0.0025,0.0049
0.2437,0.7722,0.0625,0.0770,0.0148,0.0344,0.0035,0.0648,0.0090,0.0404,0.0049,0.0151,0.0080,0.0406,0.0009,0.0796,0.0000,0.0435,0.1122,0.0625,0.0000,0.0001,0.0000,0.0005,0.0011,0.0012,0.0025,0.0050
0.4006,0.2399,0.5622,0.0151,0.2602,0.0052,0.0237,0.0132,0.0085,0.0141,0.0039,0.0040,0.0052,0.0462,0.0088,0.0078,0.0262,0.0029,0.0625,0.0346,0.0002,0.0002,0.0000,0.0008,0.0002,0.0012,0.0013,0.0024
0.0316,0.3798,0.0098,0.5364,0.0039,0.0136,0.0072,0.0069,0.0036,0.0342,0.0008,0.2225,0.0022,1.0000,0.0273,0.9992,0.0012,0.0008,0.0000,0.0002,0.0225,0.0007,0.0000,0.0000,0.0001,0.0001,0.0020,0.0011
0.0126,0.0061,0.3006,0.0040,0.7306,0.0025,0.0489,0.0025,0.0020,0.0041,0.0021,0.0039,0.1694,0.0215,0.9999,0.0389,0.9349,0.0107,0.0001,0.0002,0.0007,0.0632,0.0000,0.0001,0.0000,0.0002,0.0002,0.0023
0.0378,0.4011,0.0559,0.9999,0.1106,0.3424,0.4450,0.0240,0.0504,0.9992,0.0186,1.0000,0.0509,0.9939,0.0371,0.0266,0.0437,0.0014,0.0000,0.0000,0.0000,0.0000,0.0000,0.0001,0.0000,0.0000,0.0000,0.0002
0.0019,0.0014,0.0097,0.0025,0.2885,0.0037,0.4742,0.0035,0.0064,0.0310,0.9237,0.0142,0.9996,0.0130,0.8387,0.0075,0.0990,0.0046,0.0005,0.0008,0.0000,0.0001,0.0001,0.0136,0.0000,0.0000,0.0003,0.0012
0.0040,0.0117,0.0032,0.6936,0.0146,0.0550,0.1265,0.0493,0.3519,1.0000,0.0354,0.9110,0.0206,0.0304,0.0074,0.0040,0.0053,0.0021,0.0011,0.0002,0.0001,0.0000,0.0000,0.0000,0.0038,0.0008,0.0002,0.0003
0.0016,0.0013,0.0026,0.0023,0.0057,0.0040,0.0144,0.3639,0.9823,0.9074,0.9993,0.0066,0.2439,0.0029,0.0155,0.0027,0.0058,0.0027,0.0012,0.0012,0.0001,0.0002,0.0000,0.0000,0.0008,0.0113,0.0397,0.0011
0.0033,0.0052,0.0021,0.0141,0.0046,0.0130,0.0091,0.6742,0.9111,0.7419,0.0137,0.0193,0.0037,0.0026,0.0019,0.0022,0.0023,0.0025,0.0025,0.0013,0.0020,0.0002,0.0000,0.0003,0.0002,0.0397,0.1658,0.2335
0.0025,0.0022,0.0022,0.0019,0.0032,0.0055,0.0257,0.6492,0.6693,0.0186,0.0713,0.0046,0.0126,0.0033,0.0052,0.0025,0.0054,0.0049,0.0050,0.0024,0.0011,0.0023,0.0002,0.0012,0.0003,0.0011,0.2335,0.3042