c1,c2,c3,c4,c5,c6,c7,c8,c9,c10,c11,c12,c13,c14,c15,c16,c17,c18,c19,c20,c21,c22,c23,c24,c25,c26,c27,c28
0.0000,0.0001,0.0002,0.0000,0.0055,0.0003,0.0036,0.0019,0.0028,0.0004,0.0071,0.0006,0.9545,0.1264,0.9998,0.9513,0.0823,0.0652,0.0264,0.0223,0.0033,0.0031,0.0020,0.0032,0.0023,0.0025,0.0039,0.0010
0.0001,0.0011,0.0077,0.0000,0.0001,0.0000,0.0013,0.0020,0.0051,0.0003,0.0311,0.0939,0.0720,1.0000,0.0230,0.7907,0.0138,0.0172,0.0435,0.0135,0.0649,0.0023,0.0305,0.0023,0.0094,0.0019,0.0045,0.0015
0.0002,0.0077,0.0205,0.0000,0.0002,0.0001,0.0014,0.0007,0.0172,0.0027,0.9977,0.0074,0.9953,0.0193,0.0927,0.0051,0.0041,0.0060,0.0148,0.0064,0.0039,0.0029,0.0054,0.0053,0.0043,0.0080,0.0031,0.0039
0.0000,0.0000,0.0000,0.0000,0.0007,0.0000,0.0014,0.0014,0.0050,0.0021,0.2250,1.0000,0.0506,0.9901,0.0020,0.0172,0.0026,0.0042,0.0224,0.0047,0.1000,0.0026,0.6125,0.0036,0.0056,0.0018,0.0020,0.0009
0.0055,0.0001,0.0002,0.0007,0.0036,0.0034,0.0005,0.0336,0.2706,0.0029,0.9976,0.0428,0.0204,0.0018,0.0066,0.0023,0.0035,0.0048,0.0083,0.0074,0.0048,0.0028,0.0075,0.0055,0.0078,0.0151,0.0051,0.0193
0.0003,0.0000,0.0001,0.0000,0.0034,0.0062,0.3068,0.8132,0.0192,0.2373,0.0225,1.0000,0.0033,0.0095,0.0003,0.0046,0.0009,0.0029,0.0063,0.0042,0.0221,0.0019,0.0212,0.0024,0.0250,0.0017,0.0037,0.0035
0.0036,0.0013,0.0014,0.0014,0.0005,0.3068,0.0180,0.9203,0.0091,0.0018,0.0024,0.0142,0.0026,0.0018,0.0018,0.0088,0.0036,0.0055,0.0023,0.0105,0.0266,0.0036,0.0203,0.0045,0.0262,0.0044,0.0032,0.0313
0.0019,0.0020,0.0007,0.0014,0.0336,0.8132,0.9203,0.0049,0.1201,0.0044,0.0004,0.0052,0.0004,0.0004,0.0006,0.0031,0.0023,0.0016,0.0042,0.0031,0.0034,0.0008,0.0066,0.0009,0.1293,0.0083,0.1306,0.4130
0.0028,0.0051,0.0172,0.0050,0.2706,0.0192,0.0091,0.1201,0.0414,0.0004,0.0000,0.0000,0.0001,0.0000,0.0010,0.0026,0.0033,0.0097,0.0050,0.0047,0.0060,0.0029,0.0074,0.0067,0.5220,0.1536,0.3883,0.9967
0.0004,0.0003,0.0027,0.0021,0.0029,0.2373,0.0018,0.0044,0.0004,0.0009,0.0005,0.0000,0.0000,0.0000,0.0001,0.0010,0.0018,0.0024,0.0037,0.0048,0.0029,0.0027,0.0151,0.0137,1.0000,0.8559,0.9999,0.9770
0.0071,0.0311,0.9977,0.2250,0.9976,0.0225,0.0024,0.0004,0.0000,0.0005,0.0008,0.0000,0.0000,0.0000,0.0002,0.0003,0.0019,0.0015,0.0035,0.0012,0.0008,0.0005,0.0025,0.0333,0.8429,1.0000,0.1539,0.1600
0.0006,0.0939,0.0074,1.0000,0.0428,1.0000,0.0142,0.0052,0.0000,0.0000,0.0000,0.0000,0.0000,0.0000,0.0000,0.0000,0.0001,0.0011,0.0044,0.0036,0.3769,0.0300,1.0000,0.1522,0.9995,0.0195,0.0109,0.0013
0.9545,0.0720,0.9953,0.0506,0.0204,0.0033,0.0026,0.0004,0.0001,0.0000,0.0000,0.0000,0.0008,0.0000,0.0000,0.0000,0.0004,0.0012,0.0057,0.0053,0.0033,0.0151,0.3709,1.0000,0.0233,0.9821,0.0048,0.0049
0.1264,1.0000,0.0193,0.9901,0.0018,0.0095,0.0018,0.0004,0.0000,0.0000,0.0000,0.0000,0.0000,0.0000,0.0000,0.0000,0.0000,0.0002,0.0222,0.0152,1.0000,0.3273,1.0000,0.0816,0.0118,0.0015,0.0011,0.0006
0.9998,0.0230,0.0927,0.0020,0.0066,0.0003,0.0018,0.0006,0.0010,0.0001,0.0002,0.0000,0.0000,0.0000,0.0000,0.0005,0.0049,0.0034,0.0369,0.0602,0.0705,1.0000,0.0079,0.9921,0.0022,0.0192,0.0010,0.0006
0.9513,0.7907,0.0051,0.0172,0.0023,0.0046,0.0088,0.0031,0.0026,0.0010,0.0003,0.0000,0.0000,0.0000,0.0005,0.0084,0.0006,0.0014,0.8575,0.0363,0.9999,0.1115,0.0197,0.0036,0.0014,0.0016,0.0010,0.0011
0.0823,0.0138,0.0041,0.0026,0.0035,0.0009,0.0036,0.0023,0.0033,0.0018,0.0019,0.0001,0.0004,0.0000,0.0049,0.0006,0.0078,0.9735,0.0020,0.9770,0.0032,0.9966,0.0083,0.0227,0.0034,0.0037,0.0017,0.0022
0.0652,0.0172,0.0060,0.0042,0.0048,0.0029,0.0055,0.0016,0.0097,0.0024,0.0015,0.0011,0.0012,0.0002,0.0034,0.0014,0.9735,0.4097,0.8556,0.0209,0.0007,0.0197,0.0010,0.0049,0.0009,0.0034,0.0022,0.0045
0.0264,0.0435,0.0148,0.0224,0.0083,0.0063,0.0023,0.0042,0.0050,0.0037,0.0035,0.0044,0.0057,0.0222,0.0369,0.8575,0.0020,0.8556,0.0082,0.4655,0.0000,0.0002,0.0002,0.0006,0.0008,0.0030,0.0005,0.0071
0.0223,0.0135,0.0064,0.0047,0.0074,0.0042,0.0105,0.0031,0.0047,0.0048,0.0012,0.0036,0.0053,0.0152,0.0602,0.0363,0.9770,0.0209,0.4655,0.0418,0.0002,0.0003,0.0000,0.0025,0.0005,0.0050,0.0034,0.0051
0.0033,0.0649,0.0039,0.1000,0.0048,0.0221,0.0266,0.0034,0.0060,0.0029,0.0008,0.3769,0.0033,1.0000,0.0705,0.9999,0.0032,0.0007,0.0000,0.0002,0.0063,0.0006,0.0000,0.0000,0.0000,0.0002,0.0007,0.0021
0.0031,0.0023,0.0029,0.0026,0.0028,0.0019,0.0036,0.0008,0.0029,0.0027,0.0005,0.0300,0.0151,0.3273,1.0000,0.1115,0.9966,0.0197,0.0002,0.0003,0.0006,0.0102,0.0000,0.0002,0.0000,0.0005,0.0004,0.0015
0.0020,0.0305,0.0054,0.6125,0.0075,0.0212,0.0203,0.0066,0.0074,0.0151,0.0025,1.0000,0.3709,1.0000,0.0079,0.0197,0.0083,0.0010,0.0002,0.0000,0.0000,0.0000,0.0029,0.0006,0.0000,0.0000,0.0000,0.0011
0.0032,0.0023,0.0053,0.0036,0.0055,0.0024,0.0045,0.0009,0.0067,0.0137,0.0333,0.1522,1.0000,0.0816,0.9921,0.0036,0.0227,0.0049,0.0006,0.0025,0.0000,0.0002,0.0006,0.0133,0.0001,0.0000,0.0004,0.0018
0.0023,0.0094,0.0043,0.0056,0.0078,0.0250,0.0262,0.1293,0.5220,1.0000,0.8429,0.9995,0.0233,0.0118,0.0022,0.0014,0.0034,0.0009,0.0008,0.0005,0.0000,0.0000,0.0000,0.0001,0.0000,0.0002,0.0001,0.0013
0.0025,0.0019,0.0080,0.0018,0.0151,0.0017,0.0044,0.0083,0.1536,0.8559,1.0000,0.0195,0.9821,0.0015,0.0192,0.0016,0.0037,0.0034,0.0030,0.0050,0.0002,0.0005,0.0000,0.0000,0.0002,0.0026,0.1993,0.0000
0.0039,0.0045,0.0031,0.0020,0.0051,0.0037,0.0032,0.1306,0.3883,0.9999,0.1539,0.0109,0.0048,0.0011,0.0010,0.0010,0.0017,0.0022,0.0005,0.0034,0.0007,0.0004,0.0000,0.0004,0.0001,0.1993,0.0573,0.2875
0.0010,0.0015,0.0039,0.0009,0.0193,0.0035,0.0313,0.4130,0.9967,0.9770,0.1600,0.0013,0.0049,0.0006,0.0006,0.0011,0.0022,0.0045,0.0071,0.0051,0.0021,0.0015,0.0011,0.0018,0.0013,0.0000,0.2875,0.0014