c1,c2,c3,c4,c5,c6,c7,c8,c9,c10,c11,c12,c13,c14,c15,c16,c17,c18,c19,c20,c21,c22,c23,c24,c25,c26,c27,c28
0.0011,0.0009,0.0013,0.0002,0.0036,0.0010,0.0038,0.0035,0.0038,0.0034,0.0031,0.0032,0.0129,0.0301,0.0510,0.0451,0.0168,0.0458,0.1099,0.2029,0.0255,0.0332,0.0355,0.0033,0.0051,0.0021,0.0044,0.0037
0.0009,0.0184,0.0143,0.0000,0.0002,0.0001,0.0007,0.0029,0.0037,0.0031,0.0029,0.0248,0.0101,0.2258,0.0045,0.0395,0.0071,0.0153,0.1162,0.0710,0.1574,0.0121,0.4016,0.0023,0.2029,0.0016,0.0133,0.0027
0.0013,0.0143,0.3618,0.0001,0.0007,0.0002,0.0012,0.0016,0.0041,0.0024,0.0127,0.0156,0.0507,0.0108,0.0115,0.0086,0.0127,0.0078,0.0222,0.0458,0.0058,0.0595,0.0362,0.0205,0.0103,0.0067,0.0025,0.0052
0.0002,0.0000,0.0001,0.0028,0.0006,0.0000,0.0001,0.0004,0.0015,0.0164,0.0246,0.9788,0.0079,0.6019,0.0033,0.0087,0.0021,0.0051,0.0239,0.0053,0.0561,0.0032,0.9962,0.0046,0.9956,0.0037,0.0497,0.0025
0.0036,0.0002,0.0007,0.0006,0.0106,0.0007,0.0012,0.0020,0.0008,0.0048,0.3944,0.0276,0.0270,0.0037,0.0211,0.0069,0.0138,0.0091,0.0158,0.0232,0.0046,0.0297,0.0311,0.0304,0.0207,0.0184,0.0057,0.0090
0.0010,0.0001,0.0002,0.0000,0.0007,0.0127,0.0387,0.0007,0.0008,0.2335,0.6876,0.8377,0.0149,0.0127,0.0024,0.0062,0.0025,0.0054,0.0337,0.0044,0.0210,0.0021,0.1911,0.0025,0.1383,0.0035,0.0626,0.0089
0.0038,0.0007,0.0012,0.0001,0.0012,0.0387,0.0007,0.3785,0.0382,0.3854,0.0057,0.0052,0.0048,0.0008,0.0039,0.0019,0.0024,0.0028,0.0008,0.0095,0.0053,0.0055,0.0487,0.0254,0.1433,0.0115,0.0449,0.0450
0.0035,0.0029,0.0016,0.0004,0.0020,0.0007,0.3785,0.3435,0.6893,0.0000,0.0003,0.0001,0.0005,0.0004,0.0020,0.0086,0.0082,0.0089,0.0780,0.0102,0.0045,0.0012,0.0066,0.0013,0.0276,0.0209,0.7211,0.9887
0.0038,0.0037,0.0041,0.0015,0.0008,0.0008,0.0382,0.6893,0.0088,0.0001,0.0000,0.0000,0.0002,0.0001,0.0017,0.0043,0.0051,0.0038,0.0056,0.0051,0.0039,0.0013,0.0152,0.0027,0.1402,0.3033,0.9848,0.9998
0.0034,0.0031,0.0024,0.0164,0.0048,0.2335,0.3854,0.0000,0.0001,0.0007,0.0003,0.0000,0.0000,0.0000,0.0002,0.0046,0.0115,0.0056,0.0375,0.0032,0.0109,0.0030,0.8372,0.0134,1.0000,0.2730,0.9884,0.0550
0.0031,0.0029,0.0127,0.0246,0.3944,0.6876,0.0057,0.0003,0.0000,0.0003,0.0054,0.0000,0.0001,0.0001,0.0018,0.0010,0.0057,0.0038,0.0037,0.0015,0.0007,0.0016,0.0072,0.2332,0.0788,1.0000,0.0090,0.2334
0.0032,0.0248,0.0156,0.9788,0.0276,0.8377,0.0052,0.0001,0.0000,0.0000,0.0000,0.0089,0.0002,0.0000,0.0000,0.0001,0.0009,0.0034,0.0076,0.0023,0.1229,0.0041,1.0000,0.0446,0.9994,0.0430,0.0195,0.0032
0.0129,0.0101,0.0507,0.0079,0.0270,0.0149,0.0048,0.0005,0.0002,0.0000,0.0001,0.0002,0.0902,0.0000,0.0001,0.0001,0.0019,0.0033,0.0062,0.0036,0.0026,0.0444,0.0433,1.0000,0.0155,0.9909,0.0027,0.0107
0.0301,0.2258,0.0108,0.6019,0.0037,0.0127,0.0008,0.0004,0.0001,0.0000,0.0001,0.0000,0.0000,0.0012,0.0001,0.0000,0.0000,0.0009,0.0452,0.0242,1.0000,0.0481,1.0000,0.0337,0.0463,0.0027,0.0016,0.0010
0.0510,0.0045,0.0115,0.0033,0.0211,0.0024,0.0039,0.0020,0.0017,0.0002,0.0018,0.0000,0.0001,0.0001,0.0115,0.0014,0.0001,0.0011,0.0024,0.0087,0.0307,1.0000,0.0202,0.9929,0.0028,0.3269,0.0010,0.0019
0.0451,0.0395,0.0086,0.0087,0.0069,0.0062,0.0019,0.0086,0.0043,0.0046,0.0010,0.0001,0.0001,0.0000,0.0014,0.0141,0.0003,0.0013,0.8129,0.0258,0.9994,0.1178,0.0169,0.0057,0.0030,0.0021,0.0017,0.0030
0.0168,0.0071,0.0127,0.0021,0.0138,0.0025,0.0024,0.0082,0.0051,0.0115,0.0057,0.0009,0.0019,0.0000,0.0001,0.0003,0.0055,0.6727,0.0003,0.7418,0.0007,0.9989,0.0081,0.1147,0.0022,0.0113,0.0021,0.0029
0.0458,0.0153,0.0078,0.0051,0.0091,0.0054,0.0028,0.0089,0.0038,0.0056,0.0038,0.0034,0.0033,0.0009,0.0011,0.0013,0.6727,0.2404,0.2526,0.0215,0.0006,0.0330,0.0008,0.0044,0.0010,0.0040,0.0020,0.0063
0.1099,0.1162,0.0222,0.0239,0.0158,0.0337,0.0008,0.0780,0.0056,0.0375,0.0037,0.0076,0.0062,0.0452,0.0024,0.8129,0.0003,0.2526,0.0383,0.4763,0.0000,0.0001,0.0000,0.0004,0.0010,0.0008,0.0013,0.0035
0.2029,0.0710,0.0458,0.0053,0.0232,0.0044,0.0095,0.0102,0.0051,0.0032,0.0015,0.0023,0.0036,0.0242,0.0087,0.0258,0.7418,0.0215,0.4763,0.0616,0.0005,0.0001,0.0000,0.0010,0.0002,0.0014,0.0026,0.0038
0.0255,0.1574,0.0058,0.0561,0.0046,0.0210,0.0053,0.0045,0.0039,0.0109,0.0007,0.1229,0.0026,1.0000,0.0307,0.9994,0.0007,0.0006,0.0000,0.0005,0.0114,0.0006,0.0000,0.0000,0.0000,0.0001,0.0029,0.0013
0.0332,0.0121,0.0595,0.0032,0.0297,0.0021,0.0055,0.0012,0.0013,0.0030,0.0016,0.0041,0.0444,0.0481,1.0000,0.1178,0.9989,0.0330,0.0001,0.0001,0.0006,0.0088,0.0000,0.0001,0.0000,0.0005,0.0004,0.0014
0.0355,0.4016,0.0362,0.9962,0.0311,0.1911,0.0487,0.0066,0.0152,0.8372,0.0072,1.0000,0.0433,1.0000,0.0202,0.0169,0.0081,0.0008,0.0000,0.0000,0.0000,0.0000,0.0005,0.0001,0.0000,0.0000,0.0000,0.0003
0.0033,0.0023,0.0205,0.0046,0.0304,0.0025,0.0254,0.0013,0.0027,0.0134,0.2332,0.0446,1.0000,0.0337,0.9929,0.0057,0.1147,0.0044,0.0004,0.0010,0.0000,0.0001,0.0001,0.0079,0.0000,0.0001,0.0002,0.0006
0.0051,0.2029,0.0103,0.9956,0.0207,0.1383,0.1433,0.0276,0.1402,1.0000,0.0788,0.9994,0.0155,0.0463,0.0028,0.0030,0.0022,0.0010,0.0010,0.0002,0.0000,0.0000,0.0000,0.0000,0.0001,0.0001,0.0000,0.0000
0.0021,0.0016,0.0067,0.0037,0.0184,0.0035,0.0115,0.0209,0.3033,0.2730,1.0000,0.0430,0.9909,0.0027,0.3269,0.0021,0.0113,0.0040,0.0008,0.0014,0.0001,0.0005,0.0000,0.0001,0.0001,0.0052,0.0046,0.0000
0.0044,0.0133,0.0025,0.0497,0.0057,0.0626,0.0449,0.7211,0.9848,0.9884,0.0090,0.0195,0.0027,0.0016,0.0010,0.0017,0.0021,0.0020,0.0013,0.0026,0.0029,0.0004,0.0000,0.0002,0.0000,0.0046,0.0753,0.0555
0.0037,0.0027,0.0052,0.0025,0.0090,0.0089,0.0450,0.9887,0.9998,0.0550,0.2334,0.0032,0.0107,0.0010,0.0019,0.0030,0.0029,0.0063,0.0035,0.0038,0.0013,0.0014,0.0003,0.0006,0.0000,0.0000,0.0555,0.0009