c1,c2,c3,c4,c5,c6,c7,c8,c9,c10,c11,c12,c13,c14,c15,c16,c17,c18,c19,c20,c21,c22,c23,c24,c25,c26,c27,c28
0.0008,0.0009,0.0010,0.0002,0.0037,0.0009,0.0037,0.0034,0.0040,0.0039,0.0035,0.0033,0.0131,0.0328,0.0580,0.0584,0.0171,0.0435,0.1200,0.1834,0.0269,0.0253,0.0340,0.0033,0.0052,0.0021,0.0048,0.0044
0.0009,0.0140,0.0120,0.0000,0.0002,0.0002,0.0007,0.0027,0.0038,0.0035,0.0031,0.0255,0.0109,0.2863,0.0040,0.0551,0.0071,0.0147,0.1116,0.0690,0.1571,0.0089,0.3553,0.0024,0.2888,0.0016,0.0147,0.0028
0.0010,0.0120,0.2784,0.0001,0.0006,0.0002,0.0014,0.0017,0.0047,0.0029,0.0209,0.0162,0.0684,0.0121,0.0129,0.0084,0.0107,0.0074,0.0225,0.0525,0.0058,0.0479,0.0343,0.0184,0.0110,0.0066,0.0023,0.0052
0.0002,0.0000,0.0001,0.0023,0.0006,0.0000,0.0001,0.0004,0.0014,0.0148,0.0306,0.9867,0.0083,0.6738,0.0033,0.0097,0.0029,0.0046,0.0220,0.0049,0.0704,0.0032,0.9955,0.0048,0.9963,0.0040,0.0461,0.0025
0.0037,0.0002,0.0006,0.0006,0.0106,0.0008,0.0011,0.0026,0.0010,0.0057,0.5527,0.0269,0.0242,0.0038,0.0207,0.0071,0.0109,0.0079,0.0145,0.0273,0.0046,0.0228,0.0272,0.0204,0.0224,0.0159,0.0055,0.0087
0.0009,0.0002,0.0002,0.0000,0.0008,0.0115,0.0374,0.0012,0.0010,0.3128,0.7085,0.8019,0.0124,0.0087,0.0021,0.0053,0.0027,0.0049,0.0266,0.0041,0.0211,0.0020,0.1436,0.0024,0.1678,0.0036,0.0814,0.0096
0.0037,0.0007,0.0014,0.0001,0.0011,0.0374,0.0005,0.4518,0.0337,0.5170,0.0061,0.0047,0.0043,0.0007,0.0035,0.0020,0.0023,0.0028,0.0008,0.0090,0.0056,0.0053,0.0418,0.0229,0.1538,0.0132,0.0451,0.0490
0.0034,0.0027,0.0017,0.0004,0.0026,0.0012,0.4518,0.3331,0.6562,0.0000,0.0003,0.0002,0.0005,0.0004,0.0018,0.0090,0.0064,0.0083,0.0693,0.0097,0.0038,0.0012,0.0057,0.0011,0.0337,0.0225,0.7749,0.9826
0.0040,0.0038,0.0047,0.0014,0.0010,0.0010,0.0337,0.6562,0.0070,0.0001,0.0000,0.0000,0.0002,0.0001,0.0017,0.0052,0.0050,0.0039,0.0056,0.0054,0.0040,0.0014,0.0135,0.0027,0.1622,0.3050,0.9860,0.9996
0.0039,0.0035,0.0029,0.0148,0.0057,0.3128,0.5170,0.0000,0.0001,0.0006,0.0002,0.0000,0.0000,0.0000,0.0002,0.0044,0.0068,0.0049,0.0284,0.0032,0.0118,0.0030,0.7500,0.0140,1.0000,0.3056,0.9898,0.0545
0.0035,0.0031,0.0209,0.0306,0.5527,0.7085,0.0061,0.0003,0.0000,0.0002,0.0043,0.0000,0.0001,0.0001,0.0018,0.0007,0.0055,0.0038,0.0035,0.0017,0.0006,0.0017,0.0069,0.1885,0.0738,1.0000,0.0091,0.1857
0.0033,0.0255,0.0162,0.9867,0.0269,0.8019,0.0047,0.0002,0.0000,0.0000,0.0000,0.0086,0.0002,0.0000,0.0000,0.0001,0.0008,0.0028,0.0059,0.0020,0.1484,0.0041,1.0000,0.0475,0.9996,0.0444,0.0222,0.0030
0.0131,0.0109,0.0684,0.0083,0.0242,0.0124,0.0043,0.0005,0.0002,0.0000,0.0001,0.0002,0.1114,0.0000,0.0002,0.0001,0.0016,0.0031,0.0054,0.0042,0.0027,0.0505,0.0471,1.0000,0.0159,0.9895,0.0027,0.0097
0.0328,0.2863,0.0121,0.6738,0.0038,0.0087,0.0007,0.0004,0.0001,0.0000,0.0001,0.0000,0.0000,0.0010,0.0001,0.0000,0.0000,0.0006,0.0426,0.0227,1.0000,0.0438,1.0000,0.0370,0.0428,0.0027,0.0015,0.0009
0.0580,0.0040,0.0129,0.0033,0.0207,0.0021,0.0035,0.0018,0.0017,0.0002,0.0018,0.0000,0.0002,0.0001,0.0086,0.0010,0.0001,0.0015,0.0033,0.0109,0.0260,1.0000,0.0175,0.9925,0.0021,0.3126,0.0008,0.0020
0.0584,0.0551,0.0084,0.0097,0.0071,0.0053,0.0020,0.0090,0.0052,0.0044,0.0007,0.0001,0.0001,0.0000,0.0010,0.0148,0.0004,0.0010,0.8143,0.0324,0.9997,0.0901,0.0191,0.0056,0.0026,0.0018,0.0017,0.0026
0.0171,0.0071,0.0107,0.0029,0.0109,0.0027,0.0023,0.0064,0.0050,0.0068,0.0055,0.0008,0.0016,0.0000,0.0001,0.0004,0.0070,0.7482,0.0003,0.6930,0.0007,0.9987,0.0082,0.0777,0.0026,0.0098,0.0024,0.0037
0.0435,0.0147,0.0074,0.0046,0.0079,0.0049,0.0028,0.0083,0.0039,0.0049,0.0038,0.0028,0.0031,0.0006,0.0015,0.0010,0.7482,0.3603,0.2886,0.0233,0.0005,0.0449,0.0007,0.0046,0.0009,0.0043,0.0020,0.0077
0.1200,0.1116,0.0225,0.0220,0.0145,0.0266,0.0008,0.0693,0.0056,0.0284,0.0035,0.0059,0.0054,0.0426,0.0033,0.8143,0.0003,0.2886,0.0457,0.5188,0.0000,0.0001,0.0000,0.0004,0.0011,0.0009,0.0016,0.0044
0.1834,0.0690,0.0525,0.0049,0.0273,0.0041,0.0090,0.0097,0.0054,0.0032,0.0017,0.0020,0.0042,0.0227,0.0109,0.0324,0.6930,0.0233,0.5188,0.0573,0.0004,0.0001,0.0000,0.0010,0.0002,0.0013,0.0023,0.0040
0.0269,0.1571,0.0058,0.0704,0.0046,0.0211,0.0056,0.0038,0.0040,0.0118,0.0006,0.1484,0.0027,1.0000,0.0260,0.9997,0.0007,0.0005,0.0000,0.0004,0.0106,0.0005,0.0000,0.0000,0.0000,0.0001,0.0027,0.0014
0.0253,0.0089,0.0479,0.0032,0.0228,0.0020,0.0053,0.0012,0.0014,0.0030,0.0017,0.0041,0.0505,0.0438,1.0000,0.0901,0.9987,0.0449,0.0001,0.0001,0.0005,0.0114,0.0000,0.0001,0.0000,0.0006,0.0003,0.0016
0.0340,0.3553,0.0343,0.9955,0.0272,0.1436,0.0418,0.0057,0.0135,0.7500,0.0069,1.0000,0.0471,1.0000,0.0175,0.0191,0.0082,0.0007,0.0000,0.0000,0.0000,0.0000,0.0005,0.0002,0.0000,0.0000,0.0000,0.0003
0.0033,0.0024,0.0184,0.0048,0.0204,0.0024,0.0229,0.0011,0.0027,0.0140,0.1885,0.0475,1.0000,0.0370,0.9925,0.0056,0.0777,0.0046,0.0004,0.0010,0.0000,0.0001,0.0002,0.0096,0.0000,0.0000,0.0002,0.0008
0.0052,0.2888,0.0110,0.9963,0.0224,0.1678,0.1538,0.0337,0.1622,1.0000,0.0738,0.9996,0.0159,0.0428,0.0021,0.0026,0.0026,0.0009,0.0011,0.0002,0.0000,0.0000,0.0000,0.0000,0.0000,0.0001,0.0000,0.0000
0.0021,0.0016,0.0066,0.0040,0.0159,0.0036,0.0132,0.0225,0.3050,0.3056,1.0000,0.0444,0.9895,0.0027,0.3126,0.0018,0.0098,0.0043,0.0009,0.0013,0.0001,0.0006,0.0000,0.0000,0.0001,0.0043,0.0042,0.0000
0.0048,0.0147,0.0023,0.0461,0.0055,0.0814,0.0451,0.7749,0.9860,0.9898,0.0091,0.0222,0.0027,0.0015,0.0008,0.0017,0.0024,0.0020,0.0016,0.0023,0.0027,0.0003,0.0000,0.0002,0.0000,0.0042,0.0569,0.0400
0.0044,0.0028,0.0052,0.0025,0.0087,0.0096,0.0490,0.9826,0.9996,0.0545,0.1857,0.0030,0.0097,0.0009,0.0020,0.0026,0.0037,0.0077,0.0044,0.0040,0.0014,0.0016,0.0003,0.0008,0.0000,0.0000,0.0400,0.0011