c1,c2,c3,c4,c5,c6,c7,c8,c9,c10,c11,c12,c13,c14,c15,c16,c17,c18,c19,c20,c21,c22,c23,c24,c25,c26,c27,c28
0.0068,0.0025,0.0014,0.0007,0.0019,0.0006,0.0009,0.0015,0.0016,0.0020,0.0015,0.0036,0.0100,0.0444,0.0387,0.0631,0.0198,0.0556,0.2171,0.5663,0.0824,0.0163,0.0294,0.0019,0.0049,0.0013,0.0027,0.0024
0.0025,0.0486,0.0267,0.0000,0.0001,0.0001,0.0003,0.0016,0.0020,0.0024,0.0020,0.0115,0.0263,0.0713,0.0047,0.0632,0.0133,0.0269,0.5561,0.3346,0.3558,0.0062,0.4298,0.0018,0.0377,0.0015,0.0060,0.0024
0.0014,0.0267,0.7407,0.0002,0.0005,0.0002,0.0005,0.0007,0.0016,0.0011,0.0030,0.0176,0.0186,0.0158,0.0087,0.0140,0.0159,0.0111,0.0419,0.4763,0.0103,0.1702,0.0362,0.0103,0.0041,0.0034,0.0022,0.0027
0.0007,0.0000,0.0002,0.0066,0.0003,0.0000,0.0000,0.0001,0.0008,0.0062,0.0219,0.9012,0.0054,0.4102,0.0083,0.0157,0.0041,0.0092,0.0514,0.0117,0.6095,0.0050,0.9999,0.0045,0.9348,0.0031,0.0191,0.0025
0.0019,0.0001,0.0005,0.0003,0.0272,0.0003,0.0002,0.0009,0.0003,0.0056,0.0596,0.0376,0.0323,0.0020,0.0284,0.0067,0.0298,0.0097,0.0099,0.1091,0.0030,0.5000,0.0591,0.1833,0.0174,0.0258,0.0061,0.0057
0.0006,0.0001,0.0002,0.0000,0.0003,0.0113,0.0088,0.0001,0.0004,0.4776,0.4812,0.9714,0.0751,0.0379,0.0040,0.0071,0.0041,0.0100,0.0318,0.0058,0.0190,0.0023,0.4081,0.0028,0.1453,0.0042,0.0316,0.0079
0.0009,0.0003,0.0005,0.0000,0.0002,0.0088,0.0072,0.1110,0.0220,0.1891,0.0016,0.0018,0.0051,0.0005,0.0034,0.0019,0.0035,0.0042,0.0011,0.0159,0.0041,0.0333,0.3097,0.4447,0.3513,0.0412,0.0276,0.0796
0.0015,0.0016,0.0007,0.0001,0.0009,0.0001,0.1110,0.3004,0.6652,0.0000,0.0007,0.0001,0.0010,0.0006,0.0018,0.0076,0.0135,0.0122,0.0656,0.0142,0.0038,0.0022,0.0189,0.0036,0.1122,0.5490,0.9132,0.9803
0.0016,0.0020,0.0016,0.0008,0.0003,0.0004,0.0220,0.6652,0.0052,0.0001,0.0000,0.0001,0.0003,0.0001,0.0006,0.0032,0.0043,0.0042,0.0027,0.0046,0.0019,0.0016,0.0330,0.0072,0.7105,0.9970,0.9930,0.9861
0.0020,0.0024,0.0011,0.0062,0.0056,0.4776,0.1891,0.0000,0.0001,0.0007,0.0001,0.0000,0.0000,0.0000,0.0002,0.0031,0.0081,0.0090,0.0258,0.0048,0.0130,0.0036,0.9996,0.0529,1.0000,0.5571,0.6439,0.0160
0.0015,0.0020,0.0030,0.0219,0.0596,0.4812,0.0016,0.0007,0.0000,0.0001,0.0074,0.0000,0.0003,0.0002,0.0013,0.0016,0.0059,0.0051,0.0031,0.0016,0.0006,0.0023,0.0236,0.9911,0.0687,1.0000,0.0129,0.0812
0.0036,0.0115,0.0176,0.9012,0.0376,0.9714,0.0018,0.0001,0.0001,0.0000,0.0000,0.0024,0.0002,0.0000,0.0000,0.0002,0.0007,0.0047,0.0176,0.0041,0.8383,0.0111,1.0000,0.0486,0.5626,0.0037,0.0067,0.0025
0.0100,0.0263,0.0186,0.0054,0.0323,0.0751,0.0051,0.0010,0.0003,0.0000,0.0003,0.0002,0.2009,0.0001,0.0002,0.0003,0.0010,0.0031,0.0050,0.0047,0.0045,0.4378,0.0835,0.9999,0.0073,0.6849,0.0028,0.0069
0.0444,0.0713,0.0158,0.4102,0.0020,0.0379,0.0005,0.0006,0.0001,0.0000,0.0002,0.0000,0.0001,0.0075,0.0007,0.0001,0.0001,0.0012,0.1151,0.0404,1.0000,0.0512,0.9961,0.0199,0.0072,0.0014,0.0013,0.0014
0.0387,0.0047,0.0087,0.0083,0.0284,0.0040,0.0034,0.0018,0.0006,0.0002,0.0013,0.0000,0.0002,0.0007,0.0206,0.0102,0.0001,0.0079,0.0034,0.0152,0.1045,1.0000,0.0530,0.7254,0.0016,0.0147,0.0010,0.0022
0.0631,0.0632,0.0140,0.0157,0.0067,0.0071,0.0019,0.0076,0.0032,0.0031,0.0016,0.0002,0.0003,0.0001,0.0102,0.0153,0.0014,0.0004,0.2472,0.0121,0.9969,0.0251,0.0210,0.0067,0.0035,0.0022,0.0023,0.0023
0.0198,0.0133,0.0159,0.0041,0.0298,0.0041,0.0035,0.0135,0.0043,0.0081,0.0059,0.0007,0.0010,0.0001,0.0001,0.0014,0.0646,0.3376,0.0002,0.7682,0.0007,0.9010,0.0059,0.0287,0.0035,0.0081,0.0029,0.0051
0.0556,0.0269,0.0111,0.0092,0.0097,0.0100,0.0042,0.0122,0.0042,0.0090,0.0051,0.0047,0.0031,0.0012,0.0079,0.0004,0.3376,0.0836,0.2354,0.0037,0.0006,0.0185,0.0007,0.0029,0.0014,0.0037,0.0023,0.0064
0.2171,0.5561,0.0419,0.0514,0.0099,0.0318,0.0011,0.0656,0.0027,0.0258,0.0031,0.0176,0.0050,0.1151,0.0034,0.2472,0.0002,0.2354,0.0138,0.1962,0.0000,0.0001,0.0000,0.0003,0.0014,0.0007,0.0020,0.0050
0.5663,0.3346,0.4763,0.0117,0.1091,0.0058,0.0159,0.0142,0.0046,0.0048,0.0016,0.0041,0.0047,0.0404,0.0152,0.0121,0.7682,0.0037,0.1962,0.0185,0.0001,0.0001,0.0000,0.0005,0.0001,0.0010,0.0013,0.0018
0.0824,0.3558,0.0103,0.6095,0.0030,0.0190,0.0041,0.0038,0.0019,0.0130,0.0006,0.8383,0.0045,1.0000,0.1045,0.9969,0.0007,0.0006,0.0000,0.0001,0.0225,0.0007,0.0000,0.0000,0.0001,0.0001,0.0009,0.0006
0.0163,0.0062,0.1702,0.0050,0.5000,0.0023,0.0333,0.0022,0.0016,0.0036,0.0023,0.0111,0.4378,0.0512,1.0000,0.0251,0.9010,0.0185,0.0001,0.0001,0.0007,0.0170,0.0000,0.0001,0.0000,0.0004,0.0003,0.0017
0.0294,0.4298,0.0362,0.9999,0.0591,0.4081,0.3097,0.0189,0.0330,0.9996,0.0236,1.0000,0.0835,0.9961,0.0530,0.0210,0.0059,0.0007,0.0000,0.0000,0.0000,0.0000,0.0000,0.0001,0.0000,0.0000,0.0000,0.0001
0.0019,0.0018,0.0103,0.0045,0.1833,0.0028,0.4447,0.0036,0.0072,0.0529,0.9911,0.0486,0.9999,0.0199,0.7254,0.0067,0.0287,0.0029,0.0003,0.0005,0.0000,0.0001,0.0001,0.0054,0.0000,0.0000,0.0003,0.0009
0.0049,0.0377,0.0041,0.9348,0.0174,0.1453,0.3513,0.1122,0.7105,1.0000,0.0687,0.5626,0.0073,0.0072,0.0016,0.0035,0.0035,0.0014,0.0014,0.0001,0.0001,0.0000,0.0000,0.0000,0.0006,0.0002,0.0000,0.0002
0.0013,0.0015,0.0034,0.0031,0.0258,0.0042,0.0412,0.5490,0.9970,0.5571,1.0000,0.0037,0.6849,0.0014,0.0147,0.0022,0.0081,0.0037,0.0007,0.0010,0.0001,0.0004,0.0000,0.0000,0.0002,0.0062,0.0066,0.0001
0.0027,0.0060,0.0022,0.0191,0.0061,0.0316,0.0276,0.9132,0.9930,0.6439,0.0129,0.0067,0.0028,0.0013,0.0010,0.0023,0.0029,0.0023,0.0020,0.0013,0.0009,0.0003,0.0000,0.0003,0.0000,0.0066,0.3718,0.3175
0.0024,0.0024,0.0027,0.0025,0.0057,0.0079,0.0796,0.9803,0.9861,0.0160,0.0812,0.0025,0.0069,0.0014,0.0022,0.0023,0.0051,0.0064,0.0050,0.0018,0.0006,0.0017,0.0001,0.0009,0.0002,0.0001,0.3175,0.0527