c1,c2,c3,c4,c5,c6,c7,c8,c9,c10,c11,c12,c13,c14,c15,c16,c17,c18,c19,c20,c21,c22,c23,c24,c25,c26,c27,c28
0.0032,0.0021,0.0005,0.0012,0.0018,0.0005,0.0014,0.0030,0.0029,0.0018,0.0022,0.0048,0.0080,0.0508,0.0190,0.0318,0.0159,0.0977,0.1348,0.2012,0.0201,0.0154,0.0561,0.0037,0.0133,0.0038,0.0034,0.0045
0.0021,0.0202,0.0159,0.0000,0.0003,0.0000,0.0004,0.0036,0.0046,0.0022,0.0021,0.0266,0.0112,0.2915,0.0062,0.0553,0.0065,0.0291,0.2152,0.1650,0.1458,0.0117,0.2469,0.0026,0.0233,0.0028,0.0049,0.0033
0.0005,0.0159,0.1091,0.0001,0.0002,0.0001,0.0004,0.0010,0.0034,0.0024,0.0034,0.0069,0.0782,0.0221,0.0188,0.0225,0.0185,0.0169,0.0574,0.2836,0.0065,0.3129,0.1098,0.0127,0.0063,0.0066,0.0019,0.0039
0.0012,0.0000,0.0001,0.0010,0.0009,0.0000,0.0003,0.0005,0.0027,0.0272,0.0042,0.7025,0.0150,0.4563,0.0067,0.0229,0.0026,0.0051,0.0531,0.0087,0.2399,0.0097,0.9876,0.0055,0.7888,0.0077,0.0383,0.0029
0.0018,0.0003,0.0002,0.0009,0.0251,0.0004,0.0007,0.0006,0.0001,0.0036,0.0315,0.0176,0.0367,0.0052,0.0580,0.0108,0.0254,0.0120,0.0117,0.1015,0.0039,0.1648,0.1137,0.0695,0.0218,0.0191,0.0077,0.0086
0.0005,0.0000,0.0001,0.0000,0.0004,0.0136,0.0684,0.0002,0.0002,0.4749,0.0495,0.9521,0.0282,0.1504,0.0049,0.0064,0.0024,0.0095,0.0307,0.0070,0.0157,0.0045,0.5012,0.0034,0.1545,0.0072,0.0251,0.0156
0.0014,0.0004,0.0004,0.0003,0.0007,0.0684,0.0006,0.1858,0.0145,0.0080,0.0087,0.0040,0.0059,0.0019,0.0057,0.0012,0.0030,0.0026,0.0002,0.0092,0.0072,0.0183,0.4696,0.0601,0.2498,0.0412,0.0537,0.0731
0.0030,0.0036,0.0010,0.0005,0.0006,0.0002,0.1858,0.3952,0.2880,0.0000,0.0004,0.0001,0.0006,0.0013,0.0047,0.0091,0.0060,0.0239,0.0545,0.0148,0.0130,0.0030,0.0247,0.0029,0.0435,0.0389,0.7572,0.9433
0.0029,0.0046,0.0034,0.0027,0.0001,0.0002,0.0145,0.2880,0.0097,0.0001,0.0000,0.0001,0.0002,0.0004,0.0014,0.0030,0.0035,0.0048,0.0030,0.0070,0.0051,0.0022,0.1008,0.0068,0.3027,0.8055,0.9991,0.9653
0.0018,0.0022,0.0024,0.0272,0.0036,0.4749,0.0080,0.0000,0.0001,0.0003,0.0001,0.0000,0.0000,0.0000,0.0001,0.0022,0.0048,0.0104,0.0325,0.0083,0.0299,0.0093,0.9977,0.0467,1.0000,0.4170,0.9390,0.0082
0.0022,0.0021,0.0034,0.0042,0.0315,0.0495,0.0087,0.0004,0.0000,0.0001,0.0044,0.0000,0.0002,0.0002,0.0019,0.0013,0.0034,0.0062,0.0035,0.0025,0.0009,0.0035,0.0234,0.9638,0.0331,1.0000,0.0334,0.7672
0.0048,0.0266,0.0069,0.7025,0.0176,0.9521,0.0040,0.0001,0.0001,0.0000,0.0000,0.0279,0.0005,0.0000,0.0000,0.0002,0.0005,0.0028,0.0179,0.0017,0.3577,0.0064,1.0000,0.3111,0.9790,0.0203,0.0290,0.0053
0.0080,0.0112,0.0782,0.0150,0.0367,0.0282,0.0059,0.0006,0.0002,0.0000,0.0002,0.0005,0.0439,0.0000,0.0003,0.0001,0.0022,0.0061,0.0098,0.0091,0.0055,0.5817,0.1365,0.9994,0.0291,0.2579,0.0037,0.0113
0.0508,0.2915,0.0221,0.4563,0.0052,0.1504,0.0019,0.0013,0.0004,0.0000,0.0002,0.0000,0.0000,0.0002,0.0002,0.0001,0.0001,0.0008,0.0971,0.0183,1.0000,0.0205,0.9896,0.1190,0.0260,0.0021,0.0048,0.0020
0.0190,0.0062,0.0188,0.0067,0.0580,0.0049,0.0057,0.0047,0.0014,0.0001,0.0019,0.0000,0.0003,0.0002,0.0161,0.0019,0.0000,0.0032,0.0038,0.0108,0.0219,0.9999,0.0431,0.9728,0.0046,0.0785,0.0014,0.0058
0.0318,0.0553,0.0225,0.0229,0.0108,0.0064,0.0012,0.0091,0.0030,0.0022,0.0013,0.0002,0.0001,0.0001,0.0019,0.0445,0.0016,0.0005,0.2837,0.0104,0.9982,0.0334,0.0199,0.0054,0.0065,0.0020,0.0025,0.0021
0.0159,0.0065,0.0185,0.0026,0.0254,0.0024,0.0030,0.0060,0.0035,0.0048,0.0034,0.0005,0.0022,0.0001,0.0000,0.0016,0.0166,0.3788,0.0001,0.9614,0.0006,0.9965,0.0147,0.1077,0.0019,0.0063,0.0034,0.0038
0.0977,0.0291,0.0169,0.0051,0.0120,0.0095,0.0026,0.0239,0.0048,0.0104,0.0062,0.0028,0.0061,0.0008,0.0032,0.0005,0.3788,0.1563,0.2722,0.0015,0.0007,0.0074,0.0008,0.0038,0.0007,0.0034,0.0029,0.0084
0.1348,0.2152,0.0574,0.0531,0.0117,0.0307,0.0002,0.0545,0.0030,0.0325,0.0035,0.0179,0.0098,0.0971,0.0038,0.2837,0.0001,0.2722,0.0036,0.3010,0.0000,0.0001,0.0001,0.0003,0.0013,0.0009,0.0057,0.0046
0.2012,0.1650,0.2836,0.0087,0.1015,0.0070,0.0092,0.0148,0.0070,0.0083,0.0025,0.0017,0.0091,0.0183,0.0108,0.0104,0.9614,0.0015,0.3010,0.0198,0.0004,0.0001,0.0000,0.0004,0.0002,0.0014,0.0008,0.0020
0.0201,0.1458,0.0065,0.2399,0.0039,0.0157,0.0072,0.0130,0.0051,0.0299,0.0009,0.3577,0.0055,1.0000,0.0219,0.9982,0.0006,0.0007,0.0000,0.0004,0.0055,0.0003,0.0000,0.0000,0.0001,0.0001,0.0041,0.0006
0.0154,0.0117,0.3129,0.0097,0.1648,0.0045,0.0183,0.0030,0.0022,0.0093,0.0035,0.0064,0.5817,0.0205,0.9999,0.0334,0.9965,0.0074,0.0001,0.0001,0.0003,0.0027,0.0000,0.0001,0.0000,0.0004,0.0002,0.0024
0.0561,0.2469,0.1098,0.9876,0.1137,0.5012,0.4696,0.0247,0.1008,0.9977,0.0234,1.0000,0.1365,0.9896,0.0431,0.0199,0.0147,0.0008,0.0001,0.0000,0.0000,0.0000,0.0000,0.0001,0.0000,0.0000,0.0000,0.0001
0.0037,0.0026,0.0127,0.0055,0.0695,0.0034,0.0601,0.0029,0.0068,0.0467,0.9638,0.3111,0.9994,0.1190,0.9728,0.0054,0.1077,0.0038,0.0003,0.0004,0.0000,0.0001,0.0001,0.0088,0.0000,0.0000,0.0001,0.0005
0.0133,0.0233,0.0063,0.7888,0.0218,0.1545,0.2498,0.0435,0.3027,1.0000,0.0331,0.9790,0.0291,0.0260,0.0046,0.0065,0.0019,0.0007,0.0013,0.0002,0.0001,0.0000,0.0000,0.0000,0.0009,0.0008,0.0000,0.0000
0.0038,0.0028,0.0066,0.0077,0.0191,0.0072,0.0412,0.0389,0.8055,0.4170,1.0000,0.0203,0.2579,0.0021,0.0785,0.0020,0.0063,0.0034,0.0009,0.0014,0.0001,0.0004,0.0000,0.0000,0.0008,0.0054,0.0007,0.0004
0.0034,0.0049,0.0019,0.0383,0.0077,0.0251,0.0537,0.7572,0.9991,0.9390,0.0334,0.0290,0.0037,0.0048,0.0014,0.0025,0.0034,0.0029,0.0057,0.0008,0.0041,0.0002,0.0000,0.0001,0.0000,0.0007,0.3839,0.0041
0.0045,0.0033,0.0039,0.0029,0.0086,0.0156,0.0731,0.9433,0.9653,0.0082,0.7672,0.0053,0.0113,0.0020,0.0058,0.0021,0.0038,0.0084,0.0046,0.0020,0.0006,0.0024,0.0001,0.0005,0.0000,0.0004,0.0041,0.0368