c1,c2,c3,c4,c5,c6,c7,c8,c9,c10,c11,c12,c13,c14,c15,c16,c17,c18,c19,c20,c21,c22,c23,c24,c25,c26,c27,c28
0.0000,0.0000,0.0000,0.0000,0.0019,0.0020,0.0398,0.0088,0.9971,0.0168,0.3532,0.0651,0.2455,0.0825,0.0119,0.0776,0.0068,0.0146,0.0100,0.0091,0.0049,0.0177,0.0085,0.0067,0.0056,0.0095,0.0045,0.0135
0.0000,0.0000,0.0000,0.0000,0.0000,0.0001,0.0043,0.0247,0.1015,0.9998,0.6921,0.9927,0.0599,0.0330,0.0354,0.0066,0.0167,0.0038,0.0121,0.0077,0.0530,0.0045,0.2711,0.0028,0.2735,0.0022,0.0145,0.0008
0.0000,0.0000,0.0038,0.0115,0.0000,0.0007,0.1423,0.0125,1.0000,0.0882,0.2715,0.0097,0.0160,0.0040,0.0033,0.0062,0.0019,0.0036,0.0034,0.0039,0.0031,0.0105,0.0038,0.0111,0.0054,0.0116,0.0034,0.0088
0.0000,0.0000,0.0115,0.0047,0.1341,0.0021,0.0128,0.8582,0.0457,0.9834,0.0062,0.0718,0.0022,0.0041,0.0032,0.0022,0.0049,0.0007,0.0070,0.0052,0.0233,0.0036,0.0351,0.0011,0.0542,0.0014,0.0071,0.0027
0.0019,0.0000,0.0000,0.1341,0.0147,0.1952,0.0005,0.0038,0.0048,0.0052,0.0136,0.0040,0.0072,0.0037,0.0054,0.0097,0.0077,0.0124,0.0105,0.0292,0.0295,0.0273,0.0341,0.0204,0.0188,0.0158,0.0142,0.0178
0.0020,0.0001,0.0007,0.0021,0.1952,0.1651,0.0860,0.0022,0.0016,0.0041,0.0065,0.0047,0.0090,0.0066,0.0050,0.0093,0.0049,0.0056,0.0113,0.0116,0.0119,0.0237,0.0049,0.0086,0.0103,0.0062,0.0127,0.0194
0.0398,0.0043,0.1423,0.0128,0.0005,0.0860,0.0601,0.0551,0.0000,0.0001,0.0004,0.0005,0.0029,0.0069,0.0135,0.0134,0.0106,0.0073,0.0158,0.0078,0.0129,0.0146,0.0182,0.0160,0.0206,0.0090,0.0113,0.0123
0.0088,0.0247,0.0125,0.8582,0.0038,0.0022,0.0551,0.0225,0.0206,0.0000,0.0029,0.0028,0.0023,0.0058,0.0104,0.0070,0.0032,0.0022,0.0067,0.0044,0.0094,0.0043,0.0053,0.0030,0.0074,0.0057,0.0136,0.0232
0.9971,0.1015,1.0000,0.0457,0.0048,0.0016,0.0000,0.0206,0.0021,0.0006,0.0001,0.0001,0.0016,0.0020,0.0081,0.0139,0.0052,0.0037,0.0025,0.0014,0.0031,0.0030,0.0025,0.0033,0.0019,0.0039,0.0026,0.0113
0.0168,0.9998,0.0882,0.9834,0.0052,0.0041,0.0001,0.0000,0.0006,0.0008,0.0011,0.0000,0.0004,0.0007,0.0132,0.0060,0.0129,0.0020,0.0124,0.0037,0.0329,0.0036,0.0158,0.0048,0.0608,0.0097,0.0847,0.0123
0.3532,0.6921,0.2715,0.0062,0.0136,0.0065,0.0004,0.0029,0.0001,0.0011,0.0333,0.0004,0.0005,0.0036,0.0125,0.0073,0.0050,0.0035,0.0045,0.0023,0.0042,0.0044,0.0036,0.0109,0.0083,0.0172,0.0111,0.0685
0.0651,0.9927,0.0097,0.0718,0.0040,0.0047,0.0005,0.0028,0.0001,0.0000,0.0004,0.0017,0.0105,0.0000,0.0021,0.0004,0.0023,0.0046,0.0079,0.0038,0.0860,0.0055,0.0953,0.0200,0.6987,0.0173,0.4368,0.0195
0.2455,0.0599,0.0160,0.0022,0.0072,0.0090,0.0029,0.0023,0.0016,0.0004,0.0005,0.0105,0.0557,0.0614,0.0003,0.0031,0.0012,0.0030,0.0065,0.0064,0.0092,0.0081,0.0075,0.0208,0.0164,0.0518,0.0082,0.0222
0.0825,0.0330,0.0040,0.0041,0.0037,0.0066,0.0069,0.0058,0.0020,0.0007,0.0036,0.0000,0.0614,0.0924,0.0041,0.0001,0.0001,0.0010,0.0059,0.0230,0.2195,0.0146,0.1139,0.0162,0.2020,0.0210,0.0217,0.0059
0.0119,0.0354,0.0033,0.0032,0.0054,0.0050,0.0135,0.0104,0.0081,0.0132,0.0125,0.0021,0.0003,0.0041,0.0410,0.0163,0.0000,0.0008,0.0024,0.0057,0.0454,0.0180,0.1235,0.0201,0.0884,0.0163,0.0126,0.0078
0.0776,0.0066,0.0062,0.0022,0.0097,0.0093,0.0134,0.0070,0.0139,0.0060,0.0073,0.0004,0.0031,0.0001,0.0163,0.0999,0.0006,0.0022,0.0075,0.0053,0.0057,0.0696,0.0186,0.0803,0.0049,0.0074,0.0070,0.0122
0.0068,0.0167,0.0019,0.0049,0.0077,0.0049,0.0106,0.0032,0.0052,0.0129,0.0050,0.0023,0.0012,0.0001,0.0000,0.0006,0.0508,0.0196,0.0001,0.0019,0.0528,0.0414,0.9815,0.0911,0.3026,0.0126,0.0523,0.0070
0.0146,0.0038,0.0036,0.0007,0.0124,0.0056,0.0073,0.0022,0.0037,0.0020,0.0035,0.0046,0.0030,0.0010,0.0008,0.0022,0.0196,0.1717,0.0879,0.0617,0.1024,0.0559,0.0051,0.0271,0.0049,0.0063,0.0023,0.0053
0.0100,0.0121,0.0034,0.0070,0.0105,0.0113,0.0158,0.0067,0.0025,0.0124,0.0045,0.0079,0.0065,0.0059,0.0024,0.0075,0.0001,0.0879,0.0291,0.6281,0.0000,0.0011,0.0031,0.0098,0.0087,0.0200,0.0361,0.0115
0.0091,0.0077,0.0039,0.0052,0.0292,0.0116,0.0078,0.0044,0.0014,0.0037,0.0023,0.0038,0.0064,0.0230,0.0057,0.0053,0.0019,0.0617,0.6281,0.0466,0.0050,0.0006,0.0003,0.0033,0.0036,0.0122,0.0080,0.0190
0.0049,0.0530,0.0031,0.0233,0.0295,0.0119,0.0129,0.0094,0.0031,0.0329,0.0042,0.0860,0.0092,0.2195,0.0454,0.0057,0.0528,0.1024,0.0000,0.0050,0.0087,0.0118,0.0000,0.0004,0.0008,0.0025,0.0101,0.0042
0.0177,0.0045,0.0105,0.0036,0.0273,0.0237,0.0146,0.0043,0.0030,0.0036,0.0044,0.0055,0.0081,0.0146,0.0180,0.0696,0.0414,0.0559,0.0011,0.0006,0.0118,0.0826,0.0002,0.0007,0.0004,0.0100,0.0044,0.0246
0.0085,0.2711,0.0038,0.0351,0.0341,0.0049,0.0182,0.0053,0.0025,0.0158,0.0036,0.0953,0.0075,0.1139,0.1235,0.0186,0.9815,0.0051,0.0031,0.0003,0.0000,0.0002,0.0121,0.0060,0.0000,0.0003,0.0049,0.0039
0.0067,0.0028,0.0111,0.0011,0.0204,0.0086,0.0160,0.0030,0.0033,0.0048,0.0109,0.0200,0.0208,0.0162,0.0201,0.0803,0.0911,0.0271,0.0098,0.0033,0.0004,0.0007,0.0060,0.0629,0.0031,0.0003,0.0046,0.0055
0.0056,0.2735,0.0054,0.0542,0.0188,0.0103,0.0206,0.0074,0.0019,0.0608,0.0083,0.6987,0.0164,0.2020,0.0884,0.0049,0.3026,0.0049,0.0087,0.0036,0.0008,0.0004,0.0000,0.0031,0.0009,0.0242,0.0000,0.0001
0.0095,0.0022,0.0116,0.0014,0.0158,0.0062,0.0090,0.0057,0.0039,0.0097,0.0172,0.0173,0.0518,0.0210,0.0163,0.0074,0.0126,0.0063,0.0200,0.0122,0.0025,0.0100,0.0003,0.0003,0.0242,0.1202,0.0016,0.0013
0.0045,0.0145,0.0034,0.0071,0.0142,0.0127,0.0113,0.0136,0.0026,0.0847,0.0111,0.4368,0.0082,0.0217,0.0126,0.0070,0.0523,0.0023,0.0361,0.0080,0.0101,0.0044,0.0049,0.0046,0.0000,0.0016,0.0038,0.0006
0.0135,0.0008,0.0088,0.0027,0.0178,0.0194,0.0123,0.0232,0.0113,0.0123,0.0685,0.0195,0.0222,0.0059,0.0078,0.0122,0.0070,0.0053,0.0115,0.0190,0.0042,0.0246,0.0039,0.0055,0.0001,0.0013,0.0006,0.0094