c1,c2,c3,c4,c5,c6,c7,c8,c9,c10,c11,c12,c13,c14,c15,c16,c17,c18,c19,c20,c21,c22,c23,c24,c25,c26,c27,c28
0.0000,0.0004,0.0001,0.0004,0.0109,0.0070,0.0160,0.0164,0.0161,0.0065,0.0148,0.0118,0.0158,0.0329,0.0124,0.0334,0.0199,0.0378,0.0589,0.0249,0.0071,0.0042,0.0111,0.0053,0.0274,0.0092,0.0104,0.0168
0.0004,0.0019,0.0042,0.0000,0.0004,0.0003,0.0031,0.0152,0.0162,0.0052,0.0063,0.2415,0.0320,0.0821,0.0063,0.0213,0.0097,0.0199,0.0672,0.0112,0.0169,0.0039,0.0689,0.0033,0.1233,0.0044,0.0175,0.0068
0.0001,0.0042,0.0127,0.0007,0.0000,0.0007,0.0150,0.0047,0.0185,0.0065,0.0862,0.0279,0.1370,0.0121,0.0114,0.0124,0.0120,0.0127,0.0151,0.0072,0.0029,0.0041,0.0106,0.0102,0.0172,0.0317,0.0079,0.0126
0.0004,0.0000,0.0007,0.0003,0.0018,0.0000,0.0011,0.0090,0.0115,0.0740,0.0314,0.8876,0.0470,0.1050,0.0038,0.0083,0.0042,0.0086,0.0212,0.0071,0.0104,0.0030,0.4454,0.0070,0.3184,0.0075,0.0268,0.0048
0.0109,0.0004,0.0000,0.0018,0.0042,0.0016,0.0016,0.0090,0.0106,0.0130,0.3199,0.0347,0.0132,0.0053,0.0074,0.0083,0.0069,0.0082,0.0071,0.0087,0.0049,0.0067,0.0254,0.0121,0.0251,0.0182,0.0149,0.0134
0.0070,0.0003,0.0007,0.0000,0.0016,0.0033,0.0770,0.0015,0.0026,0.0445,0.0265,0.1905,0.0133,0.0259,0.0025,0.0098,0.0030,0.0074,0.0181,0.0070,0.0120,0.0027,0.0671,0.0040,0.0757,0.0046,0.0562,0.0224
0.0160,0.0031,0.0150,0.0011,0.0016,0.0770,0.0004,0.3028,0.0020,0.0095,0.0074,0.0062,0.0080,0.0095,0.0047,0.0044,0.0045,0.0027,0.0002,0.0042,0.0050,0.0038,0.0432,0.0090,0.0903,0.0079,0.0159,0.0340
0.0164,0.0152,0.0047,0.0090,0.0090,0.0015,0.3028,0.0132,0.0838,0.0001,0.0003,0.0018,0.0012,0.0041,0.0030,0.0029,0.0040,0.0033,0.0083,0.0051,0.0061,0.0028,0.0157,0.0021,0.0646,0.0269,0.0936,0.0675
0.0161,0.0162,0.0185,0.0115,0.0106,0.0026,0.0020,0.0838,0.0021,0.0005,0.0001,0.0002,0.0012,0.0011,0.0046,0.0040,0.0059,0.0054,0.0016,0.0053,0.0056,0.0030,0.0352,0.0077,0.1334,0.5509,0.2020,0.1199
0.0065,0.0052,0.0065,0.0740,0.0130,0.0445,0.0095,0.0001,0.0005,0.0005,0.0005,0.0000,0.0000,0.0000,0.0007,0.0048,0.0085,0.0060,0.0386,0.0137,0.0219,0.0092,0.7486,0.0235,0.9874,0.2591,0.4805,0.0239
0.0148,0.0063,0.0862,0.0314,0.3199,0.0265,0.0074,0.0003,0.0001,0.0005,0.0017,0.0004,0.0003,0.0011,0.0014,0.0015,0.0034,0.0028,0.0037,0.0031,0.0026,0.0063,0.0256,0.6656,0.0250,0.9323,0.0109,0.0219
0.0118,0.2415,0.0279,0.8876,0.0347,0.1905,0.0062,0.0018,0.0002,0.0000,0.0004,0.0004,0.0009,0.0000,0.0001,0.0002,0.0012,0.0091,0.0357,0.0120,0.1420,0.0075,0.9947,0.0248,0.5045,0.0154,0.0101,0.0055
0.0158,0.0320,0.1370,0.0470,0.0132,0.0133,0.0080,0.0012,0.0012,0.0000,0.0003,0.0009,0.0098,0.0004,0.0001,0.0008,0.0030,0.0051,0.0189,0.0145,0.0128,0.3088,0.0596,0.7690,0.0105,0.0276,0.0041,0.0151
0.0329,0.0821,0.0121,0.1050,0.0053,0.0259,0.0095,0.0041,0.0011,0.0000,0.0011,0.0000,0.0004,0.0010,0.0003,0.0000,0.0001,0.0013,0.0684,0.0370,0.9998,0.0526,0.9756,0.0101,0.0854,0.0036,0.0038,0.0027
0.0124,0.0063,0.0114,0.0038,0.0074,0.0025,0.0047,0.0030,0.0046,0.0007,0.0014,0.0001,0.0001,0.0003,0.0043,0.0034,0.0001,0.0025,0.0145,0.0242,0.0931,0.9996,0.0776,0.6683,0.0151,0.0225,0.0024,0.0045
0.0334,0.0213,0.0124,0.0083,0.0083,0.0098,0.0044,0.0029,0.0040,0.0048,0.0015,0.0002,0.0008,0.0000,0.0034,0.0209,0.0015,0.0010,0.3210,0.0325,0.9968,0.1447,0.0127,0.0029,0.0018,0.0013,0.0019,0.0041
0.0199,0.0097,0.0120,0.0042,0.0069,0.0030,0.0045,0.0040,0.0059,0.0085,0.0034,0.0012,0.0030,0.0001,0.0001,0.0015,0.0087,0.1827,0.0002,0.0586,0.0062,0.9739,0.0213,0.0796,0.0063,0.0094,0.0047,0.0096
0.0378,0.0199,0.0127,0.0086,0.0082,0.0074,0.0027,0.0033,0.0054,0.0060,0.0028,0.0091,0.0051,0.0013,0.0025,0.0010,0.1827,0.0352,0.1157,0.0027,0.0008,0.0287,0.0030,0.0086,0.0040,0.0042,0.0075,0.0059
0.0589,0.0672,0.0151,0.0212,0.0071,0.0181,0.0002,0.0083,0.0016,0.0386,0.0037,0.0357,0.0189,0.0684,0.0145,0.3210,0.0002,0.1157,0.0005,0.1901,0.0001,0.0003,0.0005,0.0006,0.0042,0.0034,0.0152,0.0050
0.0249,0.0112,0.0072,0.0071,0.0087,0.0070,0.0042,0.0051,0.0053,0.0137,0.0031,0.0120,0.0145,0.0370,0.0242,0.0325,0.0586,0.0027,0.1901,0.0436,0.0006,0.0001,0.0001,0.0030,0.0013,0.0132,0.0081,0.0079
0.0071,0.0169,0.0029,0.0104,0.0049,0.0120,0.0050,0.0061,0.0056,0.0219,0.0026,0.1420,0.0128,0.9998,0.0931,0.9968,0.0062,0.0008,0.0001,0.0006,0.0018,0.0006,0.0000,0.0001,0.0005,0.0010,0.0068,0.0032
0.0042,0.0039,0.0041,0.0030,0.0067,0.0027,0.0038,0.0028,0.0030,0.0092,0.0063,0.0075,0.3088,0.0526,0.9996,0.1447,0.9739,0.0287,0.0003,0.0001,0.0006,0.0029,0.0000,0.0001,0.0003,0.0034,0.0019,0.0063
0.0111,0.0689,0.0106,0.4454,0.0254,0.0671,0.0432,0.0157,0.0352,0.7486,0.0256,0.9947,0.0596,0.9756,0.0776,0.0127,0.0213,0.0030,0.0005,0.0001,0.0000,0.0000,0.0003,0.0026,0.0000,0.0000,0.0001,0.0006
0.0053,0.0033,0.0102,0.0070,0.0121,0.0040,0.0090,0.0021,0.0077,0.0235,0.6656,0.0248,0.7690,0.0101,0.6683,0.0029,0.0796,0.0086,0.0006,0.0030,0.0001,0.0001,0.0026,0.0057,0.0008,0.0001,0.0036,0.0098
0.0274,0.1233,0.0172,0.3184,0.0251,0.0757,0.0903,0.0646,0.1334,0.9874,0.0250,0.5045,0.0105,0.0854,0.0151,0.0018,0.0063,0.0040,0.0042,0.0013,0.0005,0.0003,0.0000,0.0008,0.0001,0.0019,0.0000,0.0002
0.0092,0.0044,0.0317,0.0075,0.0182,0.0046,0.0079,0.0269,0.5509,0.2591,0.9323,0.0154,0.0276,0.0036,0.0225,0.0013,0.0094,0.0042,0.0034,0.0132,0.0010,0.0034,0.0000,0.0001,0.0019,0.0026,0.0019,0.0002
0.0104,0.0175,0.0079,0.0268,0.0149,0.0562,0.0159,0.0936,0.2020,0.4805,0.0109,0.0101,0.0041,0.0038,0.0024,0.0019,0.0047,0.0075,0.0152,0.0081,0.0068,0.0019,0.0001,0.0036,0.0000,0.0019,0.0260,0.0027
0.0168,0.0068,0.0126,0.0048,0.0134,0.0224,0.0340,0.0675,0.1199,0.0239,0.0219,0.0055,0.0151,0.0027,0.0045,0.0041,0.0096,0.0059,0.0050,0.0079,0.0032,0.0063,0.0006,0.0098,0.0002,0.0002,0.0027,0.0179