c1,c2,c3,c4,c5,c6,c7,c8,c9,c10,c11,c12,c13,c14,c15,c16,c17,c18,c19,c20,c21,c22,c23,c24,c25,c26,c27,c28
0.0003,0.0005,0.0011,0.0005,0.0131,0.0010,0.0060,0.0052,0.0053,0.0027,0.0038,0.0062,0.0357,0.0248,0.0353,0.0259,0.0150,0.0340,0.0764,0.0618,0.0144,0.0163,0.0477,0.0050,0.0082,0.0032,0.0047,0.0037
0.0005,0.0128,0.0086,0.0000,0.0003,0.0001,0.0008,0.0053,0.0072,0.0033,0.0047,0.0777,0.0238,0.1160,0.0056,0.0249,0.0078,0.0149,0.1004,0.0230,0.0823,0.0101,0.5087,0.0028,0.1862,0.0021,0.0149,0.0026
0.0011,0.0086,0.1496,0.0002,0.0003,0.0002,0.0014,0.0027,0.0057,0.0029,0.0373,0.0183,0.0514,0.0070,0.0079,0.0072,0.0127,0.0095,0.0228,0.0263,0.0056,0.0227,0.0614,0.0142,0.0165,0.0066,0.0060,0.0061
0.0005,0.0000,0.0002,0.0018,0.0013,0.0000,0.0002,0.0010,0.0012,0.0334,0.0101,0.9537,0.0067,0.1649,0.0026,0.0070,0.0028,0.0042,0.0216,0.0050,0.0443,0.0039,0.9893,0.0032,0.9959,0.0054,0.0967,0.0019
0.0131,0.0003,0.0003,0.0013,0.0133,0.0007,0.0014,0.0018,0.0011,0.0028,0.0687,0.0190,0.0150,0.0034,0.0130,0.0073,0.0125,0.0125,0.0195,0.0241,0.0079,0.0228,0.0610,0.0217,0.0304,0.0192,0.0101,0.0115
0.0010,0.0001,0.0002,0.0000,0.0007,0.0112,0.0756,0.0012,0.0009,0.2239,0.0984,0.4999,0.0090,0.0083,0.0020,0.0068,0.0033,0.0073,0.0469,0.0057,0.0333,0.0032,0.2154,0.0029,0.2231,0.0047,0.0988,0.0094
0.0060,0.0008,0.0014,0.0002,0.0014,0.0756,0.0005,0.4556,0.0107,0.1309,0.0100,0.0025,0.0043,0.0007,0.0032,0.0030,0.0033,0.0037,0.0012,0.0106,0.0058,0.0032,0.0440,0.0212,0.1671,0.0080,0.0441,0.0554
0.0052,0.0053,0.0027,0.0010,0.0018,0.0012,0.4556,0.2617,0.5676,0.0000,0.0002,0.0001,0.0005,0.0005,0.0021,0.0098,0.0069,0.0093,0.0786,0.0092,0.0051,0.0009,0.0076,0.0011,0.0264,0.0155,0.5372,0.9895
0.0053,0.0072,0.0057,0.0012,0.0011,0.0009,0.0107,0.5676,0.0142,0.0001,0.0000,0.0000,0.0003,0.0001,0.0019,0.0053,0.0049,0.0047,0.0076,0.0071,0.0039,0.0010,0.0184,0.0022,0.1239,0.1058,0.9699,0.9999
0.0027,0.0033,0.0029,0.0334,0.0028,0.2239,0.1309,0.0000,0.0001,0.0010,0.0001,0.0000,0.0000,0.0000,0.0002,0.0031,0.0100,0.0080,0.0709,0.0058,0.0256,0.0059,0.9409,0.0215,1.0000,0.1634,0.9775,0.0338
0.0038,0.0047,0.0373,0.0101,0.0687,0.0984,0.0100,0.0002,0.0000,0.0001,0.0087,0.0000,0.0001,0.0001,0.0038,0.0012,0.0082,0.0056,0.0039,0.0023,0.0008,0.0020,0.0092,0.1829,0.0519,1.0000,0.0131,0.3401
0.0062,0.0777,0.0183,0.9537,0.0190,0.4999,0.0025,0.0001,0.0000,0.0000,0.0000,0.0027,0.0003,0.0000,0.0000,0.0002,0.0013,0.0038,0.0091,0.0034,0.1384,0.0125,1.0000,0.1091,0.9989,0.0893,0.0193,0.0033
0.0357,0.0238,0.0514,0.0067,0.0150,0.0090,0.0043,0.0005,0.0003,0.0000,0.0001,0.0003,0.0797,0.0001,0.0001,0.0001,0.0018,0.0032,0.0062,0.0057,0.0037,0.1156,0.0756,1.0000,0.0196,0.9782,0.0024,0.0070
0.0248,0.1160,0.0070,0.1649,0.0034,0.0083,0.0007,0.0005,0.0001,0.0000,0.0001,0.0000,0.0001,0.0011,0.0001,0.0001,0.0001,0.0026,0.1052,0.0545,1.0000,0.1436,0.9998,0.0589,0.0171,0.0036,0.0013,0.0010
0.0353,0.0056,0.0079,0.0026,0.0130,0.0020,0.0032,0.0021,0.0019,0.0002,0.0038,0.0000,0.0001,0.0001,0.0065,0.0012,0.0001,0.0023,0.0033,0.0127,0.0264,1.0000,0.0182,0.9982,0.0029,0.1301,0.0009,0.0017
0.0259,0.0249,0.0072,0.0070,0.0073,0.0068,0.0030,0.0098,0.0053,0.0031,0.0012,0.0002,0.0001,0.0001,0.0012,0.0231,0.0007,0.0006,0.7078,0.0453,0.9994,0.0970,0.0135,0.0063,0.0027,0.0023,0.0016,0.0027
0.0150,0.0078,0.0127,0.0028,0.0125,0.0033,0.0033,0.0069,0.0049,0.0100,0.0082,0.0013,0.0018,0.0001,0.0001,0.0007,0.0046,0.6217,0.0001,0.2557,0.0009,0.9959,0.0099,0.1444,0.0036,0.0102,0.0026,0.0044
0.0340,0.0149,0.0095,0.0042,0.0125,0.0073,0.0037,0.0093,0.0047,0.0080,0.0056,0.0038,0.0032,0.0026,0.0023,0.0006,0.6217,0.1931,0.1052,0.0083,0.0005,0.0177,0.0009,0.0060,0.0013,0.0038,0.0025,0.0055
0.0764,0.1004,0.0228,0.0216,0.0195,0.0469,0.0012,0.0786,0.0076,0.0709,0.0039,0.0091,0.0062,0.1052,0.0033,0.7078,0.0001,0.1052,0.0233,0.4432,0.0000,0.0001,0.0001,0.0004,0.0009,0.0008,0.0020,0.0035
0.0618,0.0230,0.0263,0.0050,0.0241,0.0057,0.0106,0.0092,0.0071,0.0058,0.0023,0.0034,0.0057,0.0545,0.0127,0.0453,0.2557,0.0083,0.4432,0.0539,0.0006,0.0001,0.0000,0.0015,0.0003,0.0020,0.0041,0.0054
0.0144,0.0823,0.0056,0.0443,0.0079,0.0333,0.0058,0.0051,0.0039,0.0256,0.0008,0.1384,0.0037,1.0000,0.0264,0.9994,0.0009,0.0005,0.0000,0.0006,0.0060,0.0005,0.0000,0.0000,0.0000,0.0001,0.0026,0.0012
0.0163,0.0101,0.0227,0.0039,0.0228,0.0032,0.0032,0.0009,0.0010,0.0059,0.0020,0.0125,0.1156,0.1436,1.0000,0.0970,0.9959,0.0177,0.0001,0.0001,0.0005,0.0043,0.0000,0.0001,0.0001,0.0006,0.0004,0.0014
0.0477,0.5087,0.0614,0.9893,0.0610,0.2154,0.0440,0.0076,0.0184,0.9409,0.0092,1.0000,0.0756,0.9998,0.0182,0.0135,0.0099,0.0009,0.0001,0.0000,0.0000,0.0000,0.0002,0.0002,0.0000,0.0000,0.0000,0.0002
0.0050,0.0028,0.0142,0.0032,0.0217,0.0029,0.0212,0.0011,0.0022,0.0215,0.1829,0.1091,1.0000,0.0589,0.9982,0.0063,0.1444,0.0060,0.0004,0.0015,0.0000,0.0001,0.0002,0.0044,0.0000,0.0000,0.0002,0.0005
0.0082,0.1862,0.0165,0.9959,0.0304,0.2231,0.1671,0.0264,0.1239,1.0000,0.0519,0.9989,0.0196,0.0171,0.0029,0.0027,0.0036,0.0013,0.0009,0.0003,0.0000,0.0001,0.0000,0.0000,0.0000,0.0001,0.0000,0.0000
0.0032,0.0021,0.0066,0.0054,0.0192,0.0047,0.0080,0.0155,0.1058,0.1634,1.0000,0.0893,0.9782,0.0036,0.1301,0.0023,0.0102,0.0038,0.0008,0.0020,0.0001,0.0006,0.0000,0.0000,0.0001,0.0043,0.0051,0.0000
0.0047,0.0149,0.0060,0.0967,0.0101,0.0988,0.0441,0.5372,0.9699,0.9775,0.0131,0.0193,0.0024,0.0013,0.0009,0.0016,0.0026,0.0025,0.0020,0.0041,0.0026,0.0004,0.0000,0.0002,0.0000,0.0051,0.0273,0.0738
0.0037,0.0026,0.0061,0.0019,0.0115,0.0094,0.0554,0.9895,0.9999,0.0338,0.3401,0.0033,0.0070,0.0010,0.0017,0.0027,0.0044,0.0055,0.0035,0.0054,0.0012,0.0014,0.0002,0.0005,0.0000,0.0000,0.0738,0.0005