c1,c2,c3,c4,c5,c6,c7,c8,c9,c10,c11,c12,c13,c14,c15,c16,c17,c18,c19,c20,c21,c22,c23,c24,c25,c26,c27,c28
0.0001,0.0003,0.0001,0.0000,0.0012,0.0004,0.0008,0.0017,0.0053,0.0017,0.0159,0.0032,0.6339,0.2971,0.9429,0.9222,0.0911,0.1144,0.1499,0.0230,0.0090,0.0046,0.0028,0.0035,0.0011,0.0040,0.0029,0.0018
0.0003,0.0043,0.0013,0.0000,0.0001,0.0000,0.0005,0.0023,0.0050,0.0021,0.0023,0.0326,0.0184,1.0000,0.0175,0.9765,0.0035,0.0062,0.0643,0.0084,0.1652,0.0019,0.0267,0.0015,0.0068,0.0013,0.0042,0.0019
0.0001,0.0013,0.0388,0.0000,0.0002,0.0001,0.0016,0.0010,0.0114,0.0040,0.7195,0.0215,0.9860,0.0309,0.1295,0.0112,0.0061,0.0063,0.0167,0.0098,0.0041,0.0062,0.0084,0.0075,0.0092,0.0082,0.0093,0.0041
0.0000,0.0000,0.0000,0.0026,0.0025,0.0000,0.0002,0.0005,0.0040,0.0114,0.0186,1.0000,0.0840,0.9987,0.0123,0.0256,0.0015,0.0025,0.0148,0.0041,0.1859,0.0020,0.7116,0.0046,0.0602,0.0058,0.0091,0.0046
0.0012,0.0001,0.0002,0.0025,0.0240,0.0000,0.0030,0.0037,0.1899,0.0032,0.9621,0.0252,0.0924,0.0072,0.0245,0.0032,0.0050,0.0069,0.0067,0.0083,0.0035,0.0037,0.0116,0.0142,0.0061,0.0162,0.0130,0.0214
0.0004,0.0000,0.0001,0.0000,0.0000,0.0005,0.2276,0.0038,0.0006,0.7298,0.1089,0.9846,0.0394,0.0279,0.0059,0.0051,0.0019,0.0067,0.0138,0.0097,0.0096,0.0033,0.1464,0.0067,0.1209,0.0173,0.0695,0.2725
0.0008,0.0005,0.0016,0.0002,0.0030,0.2276,0.0785,0.9023,0.0023,0.1429,0.0085,0.0196,0.0039,0.0053,0.0020,0.0021,0.0026,0.0034,0.0015,0.0042,0.0031,0.0022,0.0175,0.0046,0.0172,0.0081,0.0042,0.1081
0.0017,0.0023,0.0010,0.0005,0.0037,0.0038,0.9023,0.3784,0.3521,0.1075,0.0018,0.0029,0.0004,0.0016,0.0005,0.0012,0.0018,0.0019,0.0029,0.0034,0.0028,0.0010,0.0062,0.0016,0.2432,0.0103,0.0191,0.3590
0.0053,0.0050,0.0114,0.0040,0.1899,0.0006,0.0023,0.3521,0.1537,0.0122,0.0001,0.0000,0.0006,0.0004,0.0017,0.0020,0.0035,0.0048,0.0011,0.0055,0.0067,0.0026,0.0140,0.0093,0.1057,0.2678,0.0562,0.4844
0.0017,0.0021,0.0040,0.0114,0.0032,0.7298,0.1429,0.1075,0.0122,0.0069,0.0003,0.0000,0.0000,0.0000,0.0001,0.0005,0.0006,0.0009,0.0030,0.0014,0.0024,0.0006,0.0301,0.0056,1.0000,0.7373,0.8101,0.1454
0.0159,0.0023,0.7195,0.0186,0.9621,0.1089,0.0085,0.0018,0.0001,0.0003,0.0056,0.0000,0.0000,0.0000,0.0002,0.0002,0.0011,0.0008,0.0014,0.0013,0.0017,0.0017,0.0182,0.0880,0.0875,0.9999,0.8864,0.0053
0.0032,0.0326,0.0215,1.0000,0.0252,0.9846,0.0196,0.0029,0.0000,0.0000,0.0000,0.0052,0.0001,0.0000,0.0000,0.0000,0.0002,0.0011,0.0024,0.0018,0.0241,0.0039,0.9999,0.0251,0.9999,0.0341,0.0922,0.0055
0.6339,0.0184,0.9860,0.0840,0.0924,0.0394,0.0039,0.0004,0.0006,0.0000,0.0000,0.0001,0.0024,0.0000,0.0000,0.0001,0.0005,0.0006,0.0024,0.0034,0.0039,0.0274,0.5846,1.0000,0.0062,0.0197,0.0247,0.0018
0.2971,1.0000,0.0309,0.9987,0.0072,0.0279,0.0053,0.0016,0.0004,0.0000,0.0000,0.0000,0.0000,0.0000,0.0001,0.0000,0.0000,0.0001,0.0116,0.0053,1.0000,0.0175,0.9997,0.0876,0.0116,0.0033,0.0042,0.0011
0.9429,0.0175,0.1295,0.0123,0.0245,0.0059,0.0020,0.0005,0.0017,0.0001,0.0002,0.0000,0.0000,0.0001,0.0027,0.0006,0.0007,0.0115,0.0209,0.0154,0.2382,1.0000,0.0392,0.7698,0.0009,0.0020,0.0017,0.0009
0.9222,0.9765,0.0112,0.0256,0.0032,0.0051,0.0021,0.0012,0.0020,0.0005,0.0002,0.0000,0.0001,0.0000,0.0006,0.0246,0.0003,0.0005,0.9584,0.0142,1.0000,0.0824,0.0106,0.0034,0.0006,0.0008,0.0009,0.0006
0.0911,0.0035,0.0061,0.0015,0.0050,0.0019,0.0026,0.0018,0.0035,0.0006,0.0011,0.0002,0.0005,0.0000,0.0007,0.0003,0.0081,0.8990,0.0052,0.9462,0.0055,1.0000,0.0171,0.1237,0.0011,0.0025,0.0020,0.0032
0.1144,0.0062,0.0063,0.0025,0.0069,0.0067,0.0034,0.0019,0.0048,0.0009,0.0008,0.0011,0.0006,0.0001,0.0115,0.0005,0.8990,0.7826,0.8683,0.1045,0.0003,0.1163,0.0012,0.0058,0.0011,0.0022,0.0025,0.0070
0.1499,0.0643,0.0167,0.0148,0.0067,0.0138,0.0015,0.0029,0.0011,0.0030,0.0014,0.0024,0.0024,0.0116,0.0209,0.9584,0.0052,0.8683,0.1732,0.4642,0.0000,0.0002,0.0001,0.0004,0.0012,0.0015,0.0006,0.0075
0.0230,0.0084,0.0098,0.0041,0.0083,0.0097,0.0042,0.0034,0.0055,0.0014,0.0013,0.0018,0.0034,0.0053,0.0154,0.0142,0.9462,0.1045,0.4642,0.0975,0.0001,0.0002,0.0001,0.0021,0.0006,0.0076,0.0079,0.0247
0.0090,0.1652,0.0041,0.1859,0.0035,0.0096,0.0031,0.0028,0.0067,0.0024,0.0017,0.0241,0.0039,1.0000,0.2382,1.0000,0.0055,0.0003,0.0000,0.0001,0.0037,0.0009,0.0000,0.0001,0.0000,0.0002,0.0017,0.0018
0.0046,0.0019,0.0062,0.0020,0.0037,0.0033,0.0022,0.0010,0.0026,0.0006,0.0017,0.0039,0.0274,0.0175,1.0000,0.0824,1.0000,0.1163,0.0002,0.0002,0.0009,0.0182,0.0000,0.0002,0.0001,0.0004,0.0007,0.0065
0.0028,0.0267,0.0084,0.7116,0.0116,0.1464,0.0175,0.0062,0.0140,0.0301,0.0182,0.9999,0.5846,0.9997,0.0392,0.0106,0.0171,0.0012,0.0001,0.0001,0.0000,0.0000,0.0052,0.0004,0.0000,0.0000,0.0001,0.0018
0.0035,0.0015,0.0075,0.0046,0.0142,0.0067,0.0046,0.0016,0.0093,0.0056,0.0880,0.0251,1.0000,0.0876,0.7698,0.0034,0.1237,0.0058,0.0004,0.0021,0.0001,0.0002,0.0004,0.0044,0.0000,0.0000,0.0018,0.0032
0.0011,0.0068,0.0092,0.0602,0.0061,0.1209,0.0172,0.2432,0.1057,1.0000,0.0875,0.9999,0.0062,0.0116,0.0009,0.0006,0.0011,0.0011,0.0012,0.0006,0.0000,0.0001,0.0000,0.0000,0.0007,0.0186,0.0000,0.0029
0.0040,0.0013,0.0082,0.0058,0.0162,0.0173,0.0081,0.0103,0.2678,0.7373,0.9999,0.0341,0.0197,0.0033,0.0020,0.0008,0.0025,0.0022,0.0015,0.0076,0.0002,0.0004,0.0000,0.0000,0.0186,0.0061,0.0796,0.0001
0.0029,0.0042,0.0093,0.0091,0.0130,0.0695,0.0042,0.0191,0.0562,0.8101,0.8864,0.0922,0.0247,0.0042,0.0017,0.0009,0.0020,0.0025,0.0006,0.0079,0.0017,0.0007,0.0001,0.0018,0.0000,0.0796,0.0013,0.0134
0.0018,0.0019,0.0041,0.0046,0.0214,0.2725,0.1081,0.3590,0.4844,0.1454,0.0053,0.0055,0.0018,0.0011,0.0009,0.0006,0.0032,0.0070,0.0075,0.0247,0.0018,0.0065,0.0018,0.0032,0.0029,0.0001,0.0134,0.0031