c1,c2,c3,c4,c5,c6,c7,c8,c9,c10,c11,c12,c13,c14,c15,c16,c17,c18,c19,c20,c21,c22,c23,c24,c25,c26,c27,c28
0.0000,0.0001,0.0002,0.0001,0.0162,0.0033,0.0121,0.0142,0.0400,0.0156,0.0299,0.0053,0.0173,0.0176,0.0177,0.0392,0.0162,0.0389,0.1106,0.1515,0.0052,0.0136,0.0096,0.0086,0.0097,0.0058,0.0094,0.0219
0.0001,0.0004,0.0018,0.0000,0.0001,0.0004,0.0021,0.0087,0.0172,0.0127,0.0157,0.1769,0.0155,0.7887,0.0089,0.0886,0.0080,0.0169,0.0696,0.0150,0.0286,0.0046,0.1624,0.0048,0.1281,0.0035,0.0140,0.0063
0.0002,0.0018,0.0109,0.0002,0.0000,0.0004,0.0207,0.0044,0.0228,0.0094,0.1030,0.0206,0.1104,0.0160,0.0082,0.0132,0.0091,0.0077,0.0159,0.0183,0.0044,0.0096,0.0159,0.0175,0.0227,0.0140,0.0057,0.0118
0.0001,0.0000,0.0002,0.0000,0.0013,0.0000,0.0010,0.0095,0.0231,0.3877,0.0178,0.9946,0.0160,0.7351,0.0037,0.0201,0.0036,0.0059,0.0387,0.0076,0.0163,0.0031,0.1839,0.0056,0.3506,0.0055,0.0246,0.0042
0.0162,0.0001,0.0000,0.0013,0.0046,0.0015,0.0004,0.0151,0.0431,0.0271,0.2569,0.0799,0.0236,0.0051,0.0080,0.0076,0.0061,0.0081,0.0120,0.0126,0.0055,0.0052,0.0175,0.0099,0.0137,0.0111,0.0067,0.0145
0.0033,0.0004,0.0004,0.0000,0.0015,0.0097,0.0725,0.0011,0.0108,0.2833,0.0163,0.3650,0.0087,0.0096,0.0023,0.0128,0.0023,0.0064,0.0217,0.0097,0.0158,0.0046,0.0134,0.0034,0.0415,0.0039,0.0402,0.0208
0.0121,0.0021,0.0207,0.0010,0.0004,0.0725,0.0073,0.1178,0.0010,0.0046,0.0096,0.0116,0.0131,0.0004,0.0049,0.0083,0.0058,0.0050,0.0033,0.0123,0.0118,0.0038,0.0186,0.0059,0.0431,0.0078,0.0053,0.0345
0.0142,0.0087,0.0044,0.0095,0.0151,0.0011,0.1178,0.0314,0.1144,0.0011,0.0017,0.0013,0.0009,0.0011,0.0031,0.0066,0.0040,0.0054,0.0117,0.0074,0.0057,0.0018,0.0056,0.0018,0.0310,0.0121,0.0513,0.0822
0.0400,0.0172,0.0228,0.0231,0.0431,0.0108,0.0010,0.1144,0.0100,0.0192,0.0001,0.0000,0.0009,0.0001,0.0042,0.0061,0.0044,0.0050,0.0080,0.0046,0.0095,0.0028,0.0130,0.0057,0.0781,0.0852,0.0550,0.1116
0.0156,0.0127,0.0094,0.3877,0.0271,0.2833,0.0046,0.0011,0.0192,0.0009,0.0040,0.0000,0.0001,0.0000,0.0007,0.0045,0.0031,0.0025,0.0029,0.0029,0.0113,0.0017,0.0934,0.0054,0.9887,0.0556,0.2820,0.0239
0.0299,0.0157,0.1030,0.0178,0.2569,0.0163,0.0096,0.0017,0.0001,0.0040,0.0052,0.0001,0.0001,0.0001,0.0018,0.0018,0.0040,0.0031,0.0043,0.0025,0.0014,0.0013,0.0054,0.0283,0.0350,0.9996,0.0429,0.0338
0.0053,0.1769,0.0206,0.9946,0.0799,0.3650,0.0116,0.0013,0.0000,0.0000,0.0001,0.0002,0.0005,0.0000,0.0000,0.0002,0.0012,0.0033,0.0079,0.0038,0.0952,0.0044,0.9996,0.0566,0.9940,0.0447,0.0367,0.0046
0.0173,0.0155,0.1104,0.0160,0.0236,0.0087,0.0131,0.0009,0.0009,0.0001,0.0001,0.0005,0.0080,0.0002,0.0001,0.0003,0.0051,0.0029,0.0065,0.0053,0.0024,0.0091,0.0525,0.9994,0.0219,0.7369,0.0039,0.0141
0.0176,0.7887,0.0160,0.7351,0.0051,0.0096,0.0004,0.0011,0.0001,0.0000,0.0001,0.0000,0.0002,0.0000,0.0019,0.0000,0.0000,0.0006,0.0237,0.0097,1.0000,0.0801,1.0000,0.0742,0.0727,0.0045,0.0008,0.0011
0.0177,0.0089,0.0082,0.0037,0.0080,0.0023,0.0049,0.0031,0.0042,0.0007,0.0018,0.0000,0.0001,0.0019,0.0019,0.0013,0.0002,0.0015,0.0073,0.0156,0.1129,0.9998,0.1471,0.4057,0.0065,0.0250,0.0030,0.0042
0.0392,0.0886,0.0132,0.0201,0.0076,0.0128,0.0083,0.0066,0.0061,0.0045,0.0018,0.0002,0.0003,0.0000,0.0013,0.0136,0.0004,0.0006,0.3737,0.0112,0.9989,0.0924,0.0399,0.0066,0.0022,0.0014,0.0017,0.0027
0.0162,0.0080,0.0091,0.0036,0.0061,0.0023,0.0058,0.0040,0.0044,0.0031,0.0040,0.0012,0.0051,0.0000,0.0002,0.0004,0.0113,0.3066,0.0013,0.2761,0.0020,0.9996,0.0127,0.0925,0.0023,0.0056,0.0020,0.0031
0.0389,0.0169,0.0077,0.0059,0.0081,0.0064,0.0050,0.0054,0.0050,0.0025,0.0031,0.0033,0.0029,0.0006,0.0015,0.0006,0.3066,0.1367,0.1804,0.0080,0.0006,0.0839,0.0023,0.0127,0.0035,0.0058,0.0039,0.0054
0.1106,0.0696,0.0159,0.0387,0.0120,0.0217,0.0033,0.0117,0.0080,0.0029,0.0043,0.0079,0.0065,0.0237,0.0073,0.3737,0.0013,0.1804,0.0279,0.2023,0.0000,0.0001,0.0001,0.0007,0.0025,0.0046,0.0041,0.0058
0.1515,0.0150,0.0183,0.0076,0.0126,0.0097,0.0123,0.0074,0.0046,0.0029,0.0025,0.0038,0.0053,0.0097,0.0156,0.0112,0.2761,0.0080,0.2023,0.0293,0.0002,0.0001,0.0001,0.0057,0.0009,0.0106,0.0073,0.0093
0.0052,0.0286,0.0044,0.0163,0.0055,0.0158,0.0118,0.0057,0.0095,0.0113,0.0014,0.0952,0.0024,1.0000,0.1129,0.9989,0.0020,0.0006,0.0000,0.0002,0.0013,0.0008,0.0000,0.0001,0.0002,0.0002,0.0023,0.0019
0.0136,0.0046,0.0096,0.0031,0.0052,0.0046,0.0038,0.0018,0.0028,0.0017,0.0013,0.0044,0.0091,0.0801,0.9998,0.0924,0.9996,0.0839,0.0001,0.0001,0.0008,0.0245,0.0000,0.0001,0.0002,0.0035,0.0008,0.0046
0.0096,0.1624,0.0159,0.1839,0.0175,0.0134,0.0186,0.0056,0.0130,0.0934,0.0054,0.9996,0.0525,1.0000,0.1471,0.0399,0.0127,0.0023,0.0001,0.0001,0.0000,0.0000,0.0005,0.0006,0.0000,0.0000,0.0001,0.0029
0.0086,0.0048,0.0175,0.0056,0.0099,0.0034,0.0059,0.0018,0.0057,0.0054,0.0283,0.0566,0.9994,0.0742,0.4057,0.0066,0.0925,0.0127,0.0007,0.0057,0.0001,0.0001,0.0006,0.0061,0.0005,0.0001,0.0013,0.0037
0.0097,0.1281,0.0227,0.3506,0.0137,0.0415,0.0431,0.0310,0.0781,0.9887,0.0350,0.9940,0.0219,0.0727,0.0065,0.0022,0.0023,0.0035,0.0025,0.0009,0.0002,0.0002,0.0000,0.0005,0.0000,0.0005,0.0001,0.0020
0.0058,0.0035,0.0140,0.0055,0.0111,0.0039,0.0078,0.0121,0.0852,0.0556,0.9996,0.0447,0.7369,0.0045,0.0250,0.0014,0.0056,0.0058,0.0046,0.0106,0.0002,0.0035,0.0000,0.0001,0.0005,0.0016,0.0208,0.0000
0.0094,0.0140,0.0057,0.0246,0.0067,0.0402,0.0053,0.0513,0.0550,0.2820,0.0429,0.0367,0.0039,0.0008,0.0030,0.0017,0.0020,0.0039,0.0041,0.0073,0.0023,0.0008,0.0001,0.0013,0.0001,0.0208,0.0507,0.0681
0.0219,0.0063,0.0118,0.0042,0.0145,0.0208,0.0345,0.0822,0.1116,0.0239,0.0338,0.0046,0.0141,0.0011,0.0042,0.0027,0.0031,0.0054,0.0058,0.0093,0.0019,0.0046,0.0029,0.0037,0.0020,0.0000,0.0681,0.0068