c1,c2,c3,c4,c5,c6,c7,c8,c9,c10,c11,c12,c13,c14,c15,c16,c17,c18,c19,c20,c21,c22,c23,c24,c25,c26,c27,c28
0.0001,0.0001,0.0000,0.0000,0.0026,0.0008,0.0025,0.0072,0.0280,0.0128,0.0426,0.0074,0.0505,0.1921,0.2264,0.1391,0.0681,0.0410,0.0368,0.0589,0.0071,0.0107,0.0103,0.0063,0.0088,0.0083,0.0081,0.0026
0.0001,0.0006,0.0013,0.0000,0.0004,0.0002,0.0017,0.0031,0.0102,0.0042,0.0200,0.0073,0.0480,0.9932,0.1574,0.9234,0.0327,0.0252,0.0365,0.0236,0.0388,0.0134,0.0130,0.0066,0.0096,0.0035,0.0049,0.0013
0.0000,0.0013,0.0097,0.0000,0.0000,0.0009,0.0129,0.0025,0.0365,0.0600,0.7687,0.0119,0.9188,0.0942,0.0246,0.0119,0.0108,0.0070,0.0107,0.0055,0.0048,0.0090,0.0040,0.0055,0.0059,0.0035,0.0053,0.0025
0.0000,0.0000,0.0000,0.0000,0.0011,0.0000,0.0008,0.0077,0.0290,0.3348,0.1902,1.0000,0.7861,0.9774,0.0560,0.1087,0.0052,0.0070,0.0071,0.0111,0.0315,0.0073,0.0143,0.0038,0.0493,0.0070,0.0080,0.0014
0.0026,0.0004,0.0000,0.0011,0.0137,0.0011,0.0020,0.0025,0.1181,0.1436,0.9637,0.0484,0.0464,0.0050,0.0060,0.0036,0.0066,0.0053,0.0039,0.0070,0.0036,0.0068,0.0065,0.0113,0.0065,0.0047,0.0047,0.0056
0.0008,0.0002,0.0009,0.0000,0.0011,0.0003,0.5564,0.0114,0.0541,0.0116,0.0588,0.4649,0.0719,0.0052,0.0171,0.0100,0.0027,0.0068,0.0022,0.0082,0.0219,0.0133,0.0096,0.0100,0.0097,0.0168,0.0278,0.1268
0.0025,0.0017,0.0129,0.0008,0.0020,0.5564,0.0011,0.2808,0.0014,0.0391,0.0071,0.0096,0.0074,0.0041,0.0101,0.0119,0.0067,0.0042,0.0057,0.0061,0.0074,0.0053,0.0091,0.0057,0.0069,0.0073,0.0008,0.0156
0.0072,0.0031,0.0025,0.0077,0.0025,0.0114,0.2808,0.0346,0.8324,0.0006,0.0044,0.0313,0.0006,0.0031,0.0044,0.0031,0.0045,0.0011,0.0046,0.0037,0.0054,0.0031,0.0078,0.0020,0.0101,0.0049,0.0070,0.0566
0.0280,0.0102,0.0365,0.0290,0.1181,0.0541,0.0014,0.8324,0.0020,0.0086,0.0004,0.0002,0.0009,0.0011,0.0100,0.0109,0.0164,0.0033,0.0054,0.0024,0.0064,0.0052,0.0058,0.0038,0.0054,0.0068,0.0010,0.0147
0.0128,0.0042,0.0600,0.3348,0.1436,0.0116,0.0391,0.0006,0.0086,0.0009,0.0212,0.0000,0.0004,0.0027,0.0051,0.0068,0.0037,0.0031,0.0054,0.0052,0.0054,0.0050,0.0084,0.0047,0.0479,0.0174,0.0232,0.0218
0.0426,0.0200,0.7687,0.1902,0.9637,0.0588,0.0071,0.0044,0.0004,0.0212,0.0165,0.0007,0.0000,0.0001,0.0013,0.0011,0.0028,0.0015,0.0033,0.0020,0.0028,0.0048,0.0031,0.0080,0.0058,0.0078,0.0076,0.0105
0.0074,0.0073,0.0119,1.0000,0.0484,0.4649,0.0096,0.0313,0.0002,0.0000,0.0007,0.0122,0.0012,0.0000,0.0001,0.0005,0.0018,0.0040,0.0043,0.0045,0.0174,0.0079,0.0522,0.0207,0.0683,0.0086,0.0221,0.0107
0.0505,0.0480,0.9188,0.7861,0.0464,0.0719,0.0074,0.0006,0.0009,0.0004,0.0000,0.0012,0.0050,0.0010,0.0005,0.0030,0.0026,0.0008,0.0062,0.0023,0.0039,0.0088,0.0073,0.1565,0.0083,0.0079,0.0057,0.0086
0.1921,0.9932,0.0942,0.9774,0.0050,0.0052,0.0041,0.0031,0.0011,0.0027,0.0001,0.0000,0.0010,0.0004,0.0042,0.0000,0.0001,0.0021,0.0073,0.0404,0.2435,0.0130,0.2210,0.0131,0.0250,0.0123,0.0058,0.0016
0.2264,0.1574,0.0246,0.0560,0.0060,0.0171,0.0101,0.0044,0.0100,0.0051,0.0013,0.0001,0.0005,0.0042,0.0123,0.0031,0.0001,0.0023,0.0114,0.0041,0.0192,0.0171,0.0261,0.0148,0.0086,0.0090,0.0098,0.0058
0.1391,0.9234,0.0119,0.1087,0.0036,0.0100,0.0119,0.0031,0.0109,0.0068,0.0011,0.0005,0.0030,0.0000,0.0031,0.0047,0.0017,0.0002,0.0112,0.0071,0.0169,0.0210,0.0443,0.0126,0.0102,0.0056,0.0075,0.0037
0.0681,0.0327,0.0108,0.0052,0.0066,0.0027,0.0067,0.0045,0.0164,0.0037,0.0028,0.0018,0.0026,0.0001,0.0001,0.0017,0.0026,0.1071,0.0002,0.0067,0.0291,0.1001,0.1719,0.0571,0.0462,0.0134,0.0192,0.0065
0.0410,0.0252,0.0070,0.0070,0.0053,0.0068,0.0042,0.0011,0.0033,0.0031,0.0015,0.0040,0.0008,0.0021,0.0023,0.0002,0.1071,0.0419,0.0966,0.0077,0.0170,0.0280,0.0185,0.0120,0.0063,0.0056,0.0088,0.0106
0.0368,0.0365,0.0107,0.0071,0.0039,0.0022,0.0057,0.0046,0.0054,0.0054,0.0033,0.0043,0.0062,0.0073,0.0114,0.0112,0.0002,0.0966,0.0080,0.0282,0.0002,0.0024,0.0045,0.0068,0.0163,0.0203,0.0279,0.0219
0.0589,0.0236,0.0055,0.0111,0.0070,0.0082,0.0061,0.0037,0.0024,0.0052,0.0020,0.0045,0.0023,0.0404,0.0041,0.0071,0.0067,0.0077,0.0282,0.0294,0.0035,0.0004,0.0022,0.0111,0.0030,0.0139,0.0122,0.0241
0.0071,0.0388,0.0048,0.0315,0.0036,0.0219,0.0074,0.0054,0.0064,0.0054,0.0028,0.0174,0.0039,0.2435,0.0192,0.0169,0.0291,0.0170,0.0002,0.0035,0.0109,0.0059,0.0000,0.0007,0.0099,0.0032,0.0353,0.0154
0.0107,0.0134,0.0090,0.0073,0.0068,0.0133,0.0053,0.0031,0.0052,0.0050,0.0048,0.0079,0.0088,0.0130,0.0171,0.0210,0.1001,0.0280,0.0024,0.0004,0.0059,0.0219,0.0007,0.0003,0.0012,0.0137,0.0148,0.0642
0.0103,0.0130,0.0040,0.0143,0.0065,0.0096,0.0091,0.0078,0.0058,0.0084,0.0031,0.0522,0.0073,0.2210,0.0261,0.0443,0.1719,0.0185,0.0045,0.0022,0.0000,0.0007,0.0046,0.0052,0.0001,0.0010,0.0081,0.0778
0.0063,0.0066,0.0055,0.0038,0.0113,0.0100,0.0057,0.0020,0.0038,0.0047,0.0080,0.0207,0.1565,0.0131,0.0148,0.0126,0.0571,0.0120,0.0068,0.0111,0.0007,0.0003,0.0052,0.0211,0.0023,0.0004,0.0211,0.0195
0.0088,0.0096,0.0059,0.0493,0.0065,0.0097,0.0069,0.0101,0.0054,0.0479,0.0058,0.0683,0.0083,0.0250,0.0086,0.0102,0.0462,0.0063,0.0163,0.0030,0.0099,0.0012,0.0001,0.0023,0.0101,0.0217,0.0002,0.0022
0.0083,0.0035,0.0035,0.0070,0.0047,0.0168,0.0073,0.0049,0.0068,0.0174,0.0078,0.0086,0.0079,0.0123,0.0090,0.0056,0.0134,0.0056,0.0203,0.0139,0.0032,0.0137,0.0010,0.0004,0.0217,0.0345,0.0431,0.0007
0.0081,0.0049,0.0053,0.0080,0.0047,0.0278,0.0008,0.0070,0.0010,0.0232,0.0076,0.0221,0.0057,0.0058,0.0098,0.0075,0.0192,0.0088,0.0279,0.0122,0.0353,0.0148,0.0081,0.0211,0.0002,0.0431,0.0005,0.0025
0.0026,0.0013,0.0025,0.0014,0.0056,0.1268,0.0156,0.0566,0.0147,0.0218,0.0105,0.0107,0.0086,0.0016,0.0058,0.0037,0.0065,0.0106,0.0219,0.0241,0.0154,0.0642,0.0778,0.0195,0.0022,0.0007,0.0025,0.0000