c1,c2,c3,c4,c5,c6,c7,c8,c9,c10,c11,c12,c13,c14,c15,c16,c17,c18,c19,c20,c21,c22,c23,c24,c25,c26,c27,c28
0.0005,0.0011,0.0010,0.0017,0.0073,0.0017,0.0044,0.0047,0.0061,0.0037,0.0040,0.0037,0.0057,0.0081,0.0098,0.0148,0.0164,0.0291,0.0855,0.0952,0.0094,0.0475,0.0268,0.0131,0.0118,0.0052,0.0049,0.0062
0.0011,0.0288,0.0196,0.0000,0.0002,0.0002,0.0013,0.0056,0.0117,0.0027,0.0052,0.0363,0.0062,0.0420,0.0046,0.0191,0.0065,0.0139,0.0787,0.0403,0.0616,0.0182,0.1455,0.0034,0.0962,0.0038,0.0183,0.0042
0.0010,0.0196,0.1096,0.0008,0.0003,0.0001,0.0025,0.0014,0.0043,0.0018,0.0063,0.0065,0.0130,0.0055,0.0064,0.0061,0.0161,0.0085,0.0345,0.0341,0.0036,0.0482,0.0329,0.1146,0.0578,0.0128,0.0039,0.0090
0.0017,0.0000,0.0008,0.0009,0.0011,0.0000,0.0002,0.0007,0.0021,0.0258,0.0032,0.7006,0.0056,0.2204,0.0055,0.0041,0.0028,0.0055,0.0383,0.0109,0.0383,0.0267,0.9367,0.0028,0.9889,0.0092,0.0892,0.0025
0.0073,0.0002,0.0003,0.0011,0.0082,0.0003,0.0012,0.0007,0.0007,0.0017,0.0263,0.0053,0.0103,0.0014,0.0178,0.0054,0.0399,0.0163,0.0404,0.2107,0.0056,0.1853,0.0387,0.2247,0.0215,0.0107,0.0070,0.0146
0.0017,0.0002,0.0001,0.0000,0.0003,0.0067,0.0908,0.0004,0.0003,0.1821,0.0169,0.7345,0.0056,0.0047,0.0043,0.0058,0.0025,0.0092,0.0486,0.0159,0.0567,0.0339,0.3334,0.0015,0.5041,0.0057,0.0778,0.0085
0.0044,0.0013,0.0025,0.0002,0.0012,0.0908,0.0000,0.4723,0.0074,0.0392,0.0095,0.0019,0.0031,0.0000,0.0052,0.0029,0.0030,0.0040,0.0022,0.0236,0.0124,0.0073,0.0868,0.0220,0.1489,0.0203,0.1613,0.0779
0.0047,0.0056,0.0014,0.0007,0.0007,0.0004,0.4723,0.1100,0.4003,0.0000,0.0003,0.0001,0.0006,0.0007,0.0025,0.0101,0.0053,0.0145,0.1233,0.0197,0.0109,0.0022,0.0088,0.0020,0.0321,0.0081,0.7003,0.9755
0.0061,0.0117,0.0043,0.0021,0.0007,0.0003,0.0074,0.4003,0.0107,0.0001,0.0000,0.0000,0.0002,0.0001,0.0022,0.0084,0.0044,0.0065,0.0195,0.0080,0.0070,0.0026,0.0292,0.0041,0.1404,0.0966,0.9788,0.9990
0.0037,0.0027,0.0018,0.0258,0.0017,0.1821,0.0392,0.0000,0.0001,0.0002,0.0002,0.0000,0.0000,0.0000,0.0002,0.0047,0.0162,0.0133,0.0523,0.0046,0.0118,0.0078,0.7131,0.0072,1.0000,0.4363,0.9990,0.0229
0.0040,0.0052,0.0063,0.0032,0.0263,0.0169,0.0095,0.0003,0.0000,0.0002,0.0044,0.0001,0.0001,0.0002,0.0013,0.0045,0.0062,0.0057,0.0094,0.0030,0.0011,0.0018,0.0072,0.6779,0.1093,1.0000,0.0285,0.8395
0.0037,0.0363,0.0065,0.7006,0.0053,0.7345,0.0019,0.0001,0.0000,0.0000,0.0001,0.0066,0.0003,0.0000,0.0000,0.0003,0.0028,0.0106,0.0150,0.0026,0.1281,0.0053,1.0000,0.0096,0.9995,0.0731,0.0335,0.0033
0.0057,0.0062,0.0130,0.0056,0.0103,0.0056,0.0031,0.0006,0.0002,0.0000,0.0001,0.0003,0.0370,0.0010,0.0001,0.0003,0.0017,0.0051,0.0124,0.0049,0.0028,0.0197,0.0798,1.0000,0.0454,0.9131,0.0050,0.0277
0.0081,0.0420,0.0055,0.2204,0.0014,0.0047,0.0000,0.0007,0.0001,0.0000,0.0002,0.0000,0.0010,0.0003,0.0054,0.0002,0.0001,0.0042,0.0221,0.0246,1.0000,0.0621,0.9996,0.0488,0.1684,0.0047,0.0027,0.0009
0.0098,0.0046,0.0064,0.0055,0.0178,0.0043,0.0052,0.0025,0.0022,0.0002,0.0013,0.0000,0.0001,0.0054,0.0131,0.0040,0.0000,0.0016,0.0037,0.0124,0.0374,0.9996,0.0310,0.9888,0.0116,0.0529,0.0016,0.0027
0.0148,0.0191,0.0061,0.0041,0.0054,0.0058,0.0029,0.0101,0.0084,0.0047,0.0045,0.0003,0.0003,0.0002,0.0040,0.2061,0.0002,0.0004,0.3819,0.0225,0.9972,0.0313,0.0146,0.0129,0.0016,0.0019,0.0020,0.0023
0.0164,0.0065,0.0161,0.0028,0.0399,0.0025,0.0030,0.0053,0.0044,0.0162,0.0062,0.0028,0.0017,0.0001,0.0000,0.0002,0.0148,0.3462,0.0001,0.5368,0.0008,0.9923,0.0096,0.6616,0.0016,0.0113,0.0031,0.0022
0.0291,0.0139,0.0085,0.0055,0.0163,0.0092,0.0040,0.0145,0.0065,0.0133,0.0057,0.0106,0.0051,0.0042,0.0016,0.0004,0.3462,0.0954,0.0987,0.0118,0.0006,0.0090,0.0011,0.0073,0.0007,0.0027,0.0022,0.0045
0.0855,0.0787,0.0345,0.0383,0.0404,0.0486,0.0022,0.1233,0.0195,0.0523,0.0094,0.0150,0.0124,0.0221,0.0037,0.3819,0.0001,0.0987,0.0247,0.1860,0.0000,0.0000,0.0001,0.0002,0.0006,0.0008,0.0033,0.0027
0.0952,0.0403,0.0341,0.0109,0.2107,0.0159,0.0236,0.0197,0.0080,0.0046,0.0030,0.0026,0.0049,0.0246,0.0124,0.0225,0.5368,0.0118,0.1860,0.0287,0.0004,0.0001,0.0000,0.0005,0.0002,0.0016,0.0015,0.0020
0.0094,0.0616,0.0036,0.0383,0.0056,0.0567,0.0124,0.0109,0.0070,0.0118,0.0011,0.1281,0.0028,1.0000,0.0374,0.9972,0.0008,0.0006,0.0000,0.0004,0.0026,0.0011,0.0000,0.0000,0.0001,0.0002,0.0072,0.0006
0.0475,0.0182,0.0482,0.0267,0.1853,0.0339,0.0073,0.0022,0.0026,0.0078,0.0018,0.0053,0.0197,0.0621,0.9996,0.0313,0.9923,0.0090,0.0000,0.0001,0.0011,0.0062,0.0000,0.0001,0.0000,0.0005,0.0004,0.0011
0.0268,0.1455,0.0329,0.9367,0.0387,0.3334,0.0868,0.0088,0.0292,0.7131,0.0072,1.0000,0.0798,0.9996,0.0310,0.0146,0.0096,0.0011,0.0001,0.0000,0.0000,0.0000,0.0003,0.0000,0.0000,0.0000,0.0000,0.0002
0.0131,0.0034,0.1146,0.0028,0.2247,0.0015,0.0220,0.0020,0.0041,0.0072,0.6779,0.0096,1.0000,0.0488,0.9888,0.0129,0.6616,0.0073,0.0002,0.0005,0.0000,0.0001,0.0000,0.0003,0.0000,0.0001,0.0000,0.0012
0.0118,0.0962,0.0578,0.9889,0.0215,0.5041,0.1489,0.0321,0.1404,1.0000,0.1093,0.9995,0.0454,0.1684,0.0116,0.0016,0.0016,0.0007,0.0006,0.0002,0.0001,0.0000,0.0000,0.0000,0.0000,0.0003,0.0000,0.0000
0.0052,0.0038,0.0128,0.0092,0.0107,0.0057,0.0203,0.0081,0.0966,0.4363,1.0000,0.0731,0.9131,0.0047,0.0529,0.0019,0.0113,0.0027,0.0008,0.0016,0.0002,0.0005,0.0000,0.0001,0.0003,0.0025,0.0004,0.0001
0.0049,0.0183,0.0039,0.0892,0.0070,0.0778,0.1613,0.7003,0.9788,0.9990,0.0285,0.0335,0.0050,0.0027,0.0016,0.0020,0.0031,0.0022,0.0033,0.0015,0.0072,0.0004,0.0000,0.0000,0.0000,0.0004,0.0112,0.0011
0.0062,0.0042,0.0090,0.0025,0.0146,0.0085,0.0779,0.9755,0.9990,0.0229,0.8395,0.0033,0.0277,0.0009,0.0027,0.0023,0.0022,0.0045,0.0027,0.0020,0.0006,0.0011,0.0002,0.0012,0.0000,0.0001,0.0011,0.0056