c1,c2,c3,c4,c5,c6,c7,c8,c9,c10,c11,c12,c13,c14,c15,c16,c17,c18,c19,c20,c21,c22,c23,c24,c25,c26,c27,c28
0.0441,0.0004,0.0018,0.0003,0.0075,0.0010,0.0034,0.0041,0.0034,0.0020,0.0020,0.0018,0.0064,0.0105,0.0071,0.0545,0.0519,0.0557,0.0360,0.0741,0.0099,0.0366,0.0120,0.0094,0.0102,0.0053,0.0054,0.0089
0.0004,0.0654,0.0118,0.0000,0.0001,0.0001,0.0005,0.0037,0.0057,0.0030,0.0015,0.0132,0.0057,0.0563,0.0091,0.0457,0.0652,0.0263,0.1159,0.0339,0.1145,0.0109,0.3169,0.0043,0.1947,0.0028,0.0129,0.0036
0.0018,0.0118,0.4701,0.0001,0.0001,0.0003,0.0014,0.0012,0.0036,0.0016,0.0059,0.0056,0.0176,0.0065,0.0047,0.0266,0.0643,0.0221,0.0185,0.0431,0.0063,0.3070,0.0104,0.0508,0.0095,0.0165,0.0024,0.0029
0.0003,0.0000,0.0001,0.0017,0.0005,0.0000,0.0002,0.0001,0.0018,0.0147,0.0023,0.8712,0.0081,0.3170,0.0338,0.0189,0.0180,0.0162,0.0531,0.0328,0.1410,0.0201,0.9824,0.0057,0.9105,0.0046,0.0305,0.0015
0.0075,0.0001,0.0001,0.0005,0.0266,0.0006,0.0001,0.0012,0.0006,0.0027,0.0128,0.0123,0.0417,0.0038,0.0104,0.0133,0.0363,0.0226,0.0247,0.0379,0.0071,0.5128,0.0245,0.2342,0.0239,0.0222,0.0060,0.0085
0.0010,0.0001,0.0003,0.0000,0.0006,0.0385,0.0111,0.0001,0.0004,0.0063,0.0201,0.8638,0.0254,0.0402,0.0258,0.0159,0.0167,0.0119,0.1161,0.0252,0.0909,0.0203,0.0515,0.0050,0.0560,0.0016,0.0477,0.0051
0.0034,0.0005,0.0014,0.0002,0.0001,0.0111,0.0046,0.3088,0.0014,0.0009,0.0057,0.0015,0.0038,0.0001,0.0040,0.0043,0.0084,0.0064,0.0077,0.0338,0.0309,0.0482,0.0432,0.1907,0.1903,0.0436,0.0346,0.0610
0.0041,0.0037,0.0012,0.0001,0.0012,0.0001,0.3088,0.4281,0.2854,0.0000,0.0008,0.0001,0.0016,0.0011,0.0056,0.0053,0.0137,0.0215,0.1925,0.0448,0.0422,0.0037,0.0066,0.0027,0.0265,0.0243,0.2779,0.8606
0.0034,0.0057,0.0036,0.0018,0.0006,0.0004,0.0014,0.2854,0.0924,0.0000,0.0000,0.0001,0.0003,0.0001,0.0020,0.0175,0.0083,0.0067,0.0264,0.0159,0.0260,0.0040,0.0191,0.0075,0.1803,0.1495,0.8682,0.9946
0.0020,0.0030,0.0016,0.0147,0.0027,0.0063,0.0009,0.0000,0.0000,0.0039,0.0002,0.0000,0.0000,0.0000,0.0008,0.0113,0.3500,0.0353,0.1462,0.0210,0.0537,0.0067,0.8889,0.0222,1.0000,0.2043,0.8630,0.0266
0.0020,0.0015,0.0059,0.0023,0.0128,0.0201,0.0057,0.0008,0.0000,0.0002,0.0358,0.0002,0.0002,0.0009,0.0031,0.0093,0.0136,0.0227,0.0071,0.0118,0.0018,0.0057,0.0050,0.8569,0.0370,0.9986,0.0076,0.0985
0.0018,0.0132,0.0056,0.8712,0.0123,0.8638,0.0015,0.0001,0.0001,0.0000,0.0002,0.1444,0.0004,0.0000,0.0003,0.0005,0.0179,0.0150,0.0478,0.0038,0.0292,0.0015,0.9881,0.0095,0.9932,0.0108,0.0097,0.0027
0.0064,0.0057,0.0176,0.0081,0.0417,0.0254,0.0038,0.0016,0.0003,0.0000,0.0002,0.0004,0.1355,0.0318,0.0000,0.0007,0.0018,0.0099,0.0106,0.0246,0.0028,0.0747,0.0154,0.9946,0.0462,0.3973,0.0035,0.0117
0.0105,0.0563,0.0065,0.3170,0.0038,0.0402,0.0001,0.0011,0.0001,0.0000,0.0009,0.0000,0.0318,0.0005,0.0240,0.0000,0.0001,0.0010,0.0298,0.1273,0.9959,0.0364,0.9758,0.0112,0.1376,0.0084,0.0111,0.0040
0.0071,0.0091,0.0047,0.0338,0.0104,0.0258,0.0040,0.0056,0.0020,0.0008,0.0031,0.0003,0.0000,0.0240,0.0421,0.0026,0.0000,0.0006,0.0005,0.0180,0.1341,0.9883,0.4961,0.0473,0.0526,0.0190,0.0058,0.0048
0.0545,0.0457,0.0266,0.0189,0.0133,0.0159,0.0043,0.0053,0.0175,0.0113,0.0093,0.0005,0.0007,0.0000,0.0026,0.0332,0.0003,0.0001,0.0131,0.0035,0.6548,0.2160,0.0787,0.0335,0.0040,0.0025,0.0014,0.0027
0.0519,0.0652,0.0643,0.0180,0.0363,0.0167,0.0084,0.0137,0.0083,0.3500,0.0136,0.0179,0.0018,0.0001,0.0000,0.0003,0.0506,0.0282,0.0000,0.0009,0.0068,0.0437,0.4439,0.0817,0.0052,0.0064,0.0022,0.0025
0.0557,0.0263,0.0221,0.0162,0.0226,0.0119,0.0064,0.0215,0.0067,0.0353,0.0227,0.0150,0.0099,0.0010,0.0006,0.0001,0.0282,0.0556,0.0269,0.0003,0.0019,0.0130,0.0049,0.0072,0.0019,0.0046,0.0018,0.0048
0.0360,0.1159,0.0185,0.0531,0.0247,0.1161,0.0077,0.1925,0.0264,0.1462,0.0071,0.0478,0.0106,0.0298,0.0005,0.0131,0.0000,0.0269,0.0494,0.0199,0.0000,0.0001,0.0002,0.0008,0.0020,0.0018,0.0034,0.0041
0.0741,0.0339,0.0431,0.0328,0.0379,0.0252,0.0338,0.0448,0.0159,0.0210,0.0118,0.0038,0.0246,0.1273,0.0180,0.0035,0.0009,0.0003,0.0199,0.0366,0.0004,0.0001,0.0001,0.0015,0.0004,0.0037,0.0029,0.0065
0.0099,0.1145,0.0063,0.1410,0.0071,0.0909,0.0309,0.0422,0.0260,0.0537,0.0018,0.0292,0.0028,0.9959,0.1341,0.6548,0.0068,0.0019,0.0000,0.0004,0.0103,0.0020,0.0000,0.0000,0.0001,0.0002,0.0070,0.0020
0.0366,0.0109,0.3070,0.0201,0.5128,0.0203,0.0482,0.0037,0.0040,0.0067,0.0057,0.0015,0.0747,0.0364,0.9883,0.2160,0.0437,0.0130,0.0001,0.0001,0.0020,0.0139,0.0000,0.0000,0.0000,0.0020,0.0004,0.0051
0.0120,0.3169,0.0104,0.9824,0.0245,0.0515,0.0432,0.0066,0.0191,0.8889,0.0050,0.9881,0.0154,0.9758,0.4961,0.0787,0.4439,0.0049,0.0002,0.0001,0.0000,0.0000,0.0018,0.0002,0.0000,0.0000,0.0001,0.0002
0.0094,0.0043,0.0508,0.0057,0.2342,0.0050,0.1907,0.0027,0.0075,0.0222,0.8569,0.0095,0.9946,0.0112,0.0473,0.0335,0.0817,0.0072,0.0008,0.0015,0.0000,0.0000,0.0002,0.0262,0.0000,0.0001,0.0003,0.0012
0.0102,0.1947,0.0095,0.9105,0.0239,0.0560,0.1903,0.0265,0.1803,1.0000,0.0370,0.9932,0.0462,0.1376,0.0526,0.0040,0.0052,0.0019,0.0020,0.0004,0.0001,0.0000,0.0000,0.0000,0.0001,0.0006,0.0000,0.0000
0.0053,0.0028,0.0165,0.0046,0.0222,0.0016,0.0436,0.0243,0.1495,0.2043,0.9986,0.0108,0.3973,0.0084,0.0190,0.0025,0.0064,0.0046,0.0018,0.0037,0.0002,0.0020,0.0000,0.0001,0.0006,0.0102,0.0023,0.0003
0.0054,0.0129,0.0024,0.0305,0.0060,0.0477,0.0346,0.2779,0.8682,0.8630,0.0076,0.0097,0.0035,0.0111,0.0058,0.0014,0.0022,0.0018,0.0034,0.0029,0.0070,0.0004,0.0001,0.0003,0.0000,0.0023,0.7872,0.0052
0.0089,0.0036,0.0029,0.0015,0.0085,0.0051,0.0610,0.8606,0.9946,0.0266,0.0985,0.0027,0.0117,0.0040,0.0048,0.0027,0.0025,0.0048,0.0041,0.0065,0.0020,0.0051,0.0002,0.0012,0.0000,0.0003,0.0052,0.0381