c1,c2,c3,c4,c5,c6,c7,c8,c9,c10,c11,c12,c13,c14,c15,c16,c17,c18,c19,c20,c21,c22,c23,c24,c25,c26,c27,c28
0.0000,0.0001,0.0002,0.0001,0.0163,0.0017,0.0163,0.0083,0.0253,0.0031,0.0183,0.0049,0.1289,0.1362,0.6079,0.0896,0.0278,0.0286,0.0461,0.0280,0.0066,0.0079,0.0072,0.0086,0.0048,0.0062,0.0034,0.0061
0.0001,0.0006,0.0030,0.0000,0.0001,0.0002,0.0040,0.0084,0.0131,0.0046,0.0068,0.0822,0.0618,0.9999,0.0163,0.3001,0.0056,0.0135,0.0435,0.0111,0.0372,0.0031,0.0555,0.0024,0.0312,0.0016,0.0066,0.0029
0.0002,0.0030,0.0145,0.0000,0.0001,0.0002,0.0139,0.0039,0.0372,0.0049,0.9035,0.0241,0.9810,0.0124,0.0215,0.0053,0.0061,0.0052,0.0085,0.0057,0.0030,0.0060,0.0071,0.0073,0.0041,0.0095,0.0029,0.0051
0.0001,0.0000,0.0000,0.0002,0.0010,0.0000,0.0018,0.0079,0.0078,0.0795,0.0939,1.0000,0.0733,0.4773,0.0055,0.0237,0.0017,0.0057,0.0225,0.0076,0.0190,0.0036,0.2978,0.0044,0.0600,0.0045,0.0058,0.0019
0.0163,0.0001,0.0001,0.0010,0.0067,0.0037,0.0008,0.0299,0.0715,0.0084,0.9476,0.0740,0.0234,0.0036,0.0065,0.0049,0.0059,0.0077,0.0085,0.0083,0.0041,0.0040,0.0090,0.0041,0.0040,0.0093,0.0039,0.0129
0.0017,0.0002,0.0002,0.0000,0.0037,0.0193,0.2226,0.1246,0.0030,0.8686,0.0151,0.7484,0.0037,0.0058,0.0013,0.0077,0.0012,0.0037,0.0107,0.0057,0.0122,0.0031,0.0124,0.0021,0.0149,0.0022,0.0302,0.0121
0.0163,0.0040,0.0139,0.0018,0.0008,0.2226,0.0026,0.6090,0.0037,0.0329,0.0065,0.0069,0.0043,0.0022,0.0044,0.0086,0.0023,0.0029,0.0006,0.0082,0.0081,0.0028,0.0142,0.0029,0.0204,0.0042,0.0035,0.0279
0.0083,0.0084,0.0039,0.0079,0.0299,0.1246,0.6090,0.0077,0.0630,0.0017,0.0002,0.0018,0.0002,0.0009,0.0016,0.0085,0.0021,0.0008,0.0067,0.0056,0.0031,0.0012,0.0067,0.0011,0.0795,0.0070,0.2420,0.1725
0.0253,0.0131,0.0372,0.0078,0.0715,0.0030,0.0037,0.0630,0.0035,0.0011,0.0001,0.0000,0.0003,0.0002,0.0037,0.0053,0.0068,0.0049,0.0023,0.0045,0.0052,0.0024,0.0102,0.0073,0.0802,0.3216,0.2582,0.9367
0.0031,0.0046,0.0049,0.0795,0.0084,0.8686,0.0329,0.0017,0.0011,0.0005,0.0004,0.0000,0.0000,0.0000,0.0003,0.0111,0.0017,0.0031,0.0125,0.0045,0.0063,0.0019,0.0445,0.0096,0.9994,0.1166,0.9887,0.1284
0.0183,0.0068,0.9035,0.0939,0.9476,0.0151,0.0065,0.0002,0.0001,0.0004,0.0023,0.0000,0.0000,0.0000,0.0010,0.0007,0.0060,0.0023,0.0028,0.0017,0.0014,0.0015,0.0054,0.0535,0.0596,0.9998,0.0366,0.2764
0.0049,0.0822,0.0241,1.0000,0.0740,0.7484,0.0069,0.0018,0.0000,0.0000,0.0000,0.0001,0.0001,0.0000,0.0000,0.0002,0.0003,0.0028,0.0049,0.0031,0.0371,0.0052,0.9993,0.1362,0.9997,0.0603,0.0444,0.0072
0.1289,0.0618,0.9810,0.0733,0.0234,0.0037,0.0043,0.0002,0.0003,0.0000,0.0000,0.0001,0.0014,0.0000,0.0001,0.0001,0.0022,0.0027,0.0096,0.0044,0.0053,0.0251,0.0518,1.0000,0.0148,0.9225,0.0026,0.0061
0.1362,0.9999,0.0124,0.4773,0.0036,0.0058,0.0022,0.0009,0.0002,0.0000,0.0000,0.0000,0.0000,0.0000,0.0001,0.0000,0.0000,0.0005,0.0878,0.0304,1.0000,0.0226,1.0000,0.1446,0.0804,0.0033,0.0020,0.0010
0.6079,0.0163,0.0215,0.0055,0.0065,0.0013,0.0044,0.0016,0.0037,0.0003,0.0010,0.0000,0.0001,0.0001,0.0013,0.0008,0.0003,0.0026,0.0233,0.0307,0.1880,0.9999,0.1005,0.4282,0.0056,0.0166,0.0020,0.0027
0.0896,0.3001,0.0053,0.0237,0.0049,0.0077,0.0086,0.0085,0.0053,0.0111,0.0007,0.0002,0.0001,0.0000,0.0008,0.0050,0.0006,0.0025,0.5457,0.0083,0.9984,0.0782,0.0420,0.0047,0.0084,0.0014,0.0020,0.0017
0.0278,0.0056,0.0061,0.0017,0.0059,0.0012,0.0023,0.0021,0.0068,0.0017,0.0060,0.0003,0.0022,0.0000,0.0003,0.0006,0.0051,0.7559,0.0079,0.8990,0.0043,0.9994,0.0169,0.0665,0.0014,0.0050,0.0016,0.0025
0.0286,0.0135,0.0052,0.0057,0.0077,0.0037,0.0029,0.0008,0.0049,0.0031,0.0023,0.0028,0.0027,0.0005,0.0026,0.0025,0.7559,0.0457,0.3963,0.0166,0.0027,0.0538,0.0042,0.0044,0.0033,0.0039,0.0040,0.0061
0.0461,0.0435,0.0085,0.0225,0.0085,0.0107,0.0006,0.0067,0.0023,0.0125,0.0028,0.0049,0.0096,0.0878,0.0233,0.5457,0.0079,0.3963,0.0088,0.2140,0.0000,0.0001,0.0003,0.0005,0.0025,0.0027,0.0017,0.0043
0.0280,0.0111,0.0057,0.0076,0.0083,0.0057,0.0082,0.0056,0.0045,0.0045,0.0017,0.0031,0.0044,0.0304,0.0307,0.0083,0.8990,0.0166,0.2140,0.0332,0.0002,0.0002,0.0001,0.0023,0.0008,0.0079,0.0054,0.0099
0.0066,0.0372,0.0030,0.0190,0.0041,0.0122,0.0081,0.0031,0.0052,0.0063,0.0014,0.0371,0.0053,1.0000,0.1880,0.9984,0.0043,0.0027,0.0000,0.0002,0.0025,0.0008,0.0000,0.0000,0.0003,0.0003,0.0021,0.0015
0.0079,0.0031,0.0060,0.0036,0.0040,0.0031,0.0028,0.0012,0.0024,0.0019,0.0015,0.0052,0.0251,0.0226,0.9999,0.0782,0.9994,0.0538,0.0001,0.0002,0.0008,0.0098,0.0001,0.0002,0.0003,0.0061,0.0009,0.0043
0.0072,0.0555,0.0071,0.2978,0.0090,0.0124,0.0142,0.0067,0.0102,0.0445,0.0054,0.9993,0.0518,1.0000,0.1005,0.0420,0.0169,0.0042,0.0003,0.0001,0.0000,0.0001,0.0019,0.0008,0.0000,0.0000,0.0001,0.0014
0.0086,0.0024,0.0073,0.0044,0.0041,0.0021,0.0029,0.0011,0.0073,0.0096,0.0535,0.1362,1.0000,0.1446,0.4282,0.0047,0.0665,0.0044,0.0005,0.0023,0.0000,0.0002,0.0008,0.0065,0.0007,0.0000,0.0013,0.0023
0.0048,0.0312,0.0041,0.0600,0.0040,0.0149,0.0204,0.0795,0.0802,0.9994,0.0596,0.9997,0.0148,0.0804,0.0056,0.0084,0.0014,0.0033,0.0025,0.0008,0.0003,0.0003,0.0000,0.0007,0.0000,0.0003,0.0000,0.0007
0.0062,0.0016,0.0095,0.0045,0.0093,0.0022,0.0042,0.0070,0.3216,0.1166,0.9998,0.0603,0.9225,0.0033,0.0166,0.0014,0.0050,0.0039,0.0027,0.0079,0.0003,0.0061,0.0000,0.0000,0.0003,0.0013,0.0228,0.0000
0.0034,0.0066,0.0029,0.0058,0.0039,0.0302,0.0035,0.2420,0.2582,0.9887,0.0366,0.0444,0.0026,0.0020,0.0020,0.0020,0.0016,0.0040,0.0017,0.0054,0.0021,0.0009,0.0001,0.0013,0.0000,0.0228,0.0213,0.0535
0.0061,0.0029,0.0051,0.0019,0.0129,0.0121,0.0279,0.1725,0.9367,0.1284,0.2764,0.0072,0.0061,0.0010,0.0027,0.0017,0.0025,0.0061,0.0043,0.0099,0.0015,0.0043,0.0014,0.0023,0.0007,0.0000,0.0535,0.0026