c1,c2,c3,c4,c5,c6,c7,c8,c9,c10,c11,c12,c13,c14,c15,c16,c17,c18,c19,c20,c21,c22,c23,c24,c25,c26,c27,c28
0.0565,0.0009,0.0032,0.0006,0.0028,0.0006,0.0013,0.0018,0.0022,0.0014,0.0022,0.0026,0.0059,0.0152,0.0074,0.0348,0.0189,0.0433,0.1354,0.4637,0.0201,0.0647,0.0369,0.0062,0.0063,0.0030,0.0024,0.0030
0.0009,0.0624,0.0102,0.0000,0.0001,0.0000,0.0001,0.0021,0.0023,0.0013,0.0025,0.0136,0.0075,0.4493,0.0033,0.0810,0.0074,0.0297,0.3287,0.1740,0.4267,0.0218,0.5601,0.0037,0.1095,0.0024,0.0115,0.0021
0.0032,0.0102,0.4463,0.0001,0.0002,0.0001,0.0002,0.0009,0.0015,0.0008,0.0030,0.0056,0.0137,0.0165,0.0067,0.0115,0.0172,0.0131,0.0590,0.3521,0.0080,0.5058,0.0591,0.0523,0.0132,0.0108,0.0029,0.0034
0.0006,0.0000,0.0001,0.0042,0.0002,0.0000,0.0000,0.0001,0.0004,0.0042,0.0012,0.8094,0.0054,0.9572,0.0044,0.0135,0.0024,0.0067,0.0380,0.0133,0.2739,0.0350,0.9998,0.0059,0.9984,0.0048,0.0363,0.0015
0.0028,0.0001,0.0002,0.0002,0.0335,0.0003,0.0001,0.0005,0.0002,0.0011,0.0068,0.0090,0.0380,0.0012,0.0644,0.0036,0.0394,0.0155,0.0228,0.1787,0.0040,0.8487,0.0508,0.9267,0.0376,0.0263,0.0050,0.0091
0.0006,0.0000,0.0001,0.0000,0.0003,0.0104,0.0196,0.0000,0.0003,0.2280,0.0451,0.9953,0.0345,0.0165,0.0281,0.0048,0.0022,0.0089,0.0269,0.0164,0.0197,0.0200,0.2231,0.0043,0.3678,0.0040,0.0525,0.0093
0.0013,0.0001,0.0002,0.0000,0.0001,0.0196,0.0210,0.0803,0.0104,0.0097,0.0024,0.0011,0.0038,0.0001,0.0068,0.0020,0.0043,0.0043,0.0038,0.0140,0.0040,0.0178,0.0645,0.8006,0.6470,0.3968,0.0658,0.1329
0.0018,0.0021,0.0009,0.0001,0.0005,0.0000,0.0803,0.2405,0.7817,0.0000,0.0011,0.0001,0.0011,0.0003,0.0033,0.0056,0.0074,0.0277,0.1379,0.0224,0.0088,0.0025,0.0142,0.0036,0.0614,0.0376,0.7685,0.9996
0.0022,0.0023,0.0015,0.0004,0.0002,0.0003,0.0104,0.7817,0.0197,0.0002,0.0000,0.0000,0.0002,0.0000,0.0011,0.0049,0.0027,0.0049,0.0077,0.0037,0.0028,0.0014,0.0197,0.0057,0.3827,0.1434,1.0000,0.9998
0.0014,0.0013,0.0008,0.0042,0.0011,0.2280,0.0097,0.0000,0.0002,0.0037,0.0002,0.0000,0.0000,0.0000,0.0002,0.0059,0.0156,0.0181,0.0551,0.0033,0.0081,0.0030,0.8310,0.0252,1.0000,0.8332,0.9990,0.0386
0.0022,0.0025,0.0030,0.0012,0.0068,0.0451,0.0024,0.0011,0.0000,0.0002,0.0102,0.0000,0.0002,0.0001,0.0032,0.0018,0.0056,0.0048,0.0081,0.0022,0.0008,0.0009,0.0067,0.0607,0.1073,1.0000,0.0382,0.9996
0.0026,0.0136,0.0056,0.8094,0.0090,0.9953,0.0011,0.0001,0.0000,0.0000,0.0000,0.0133,0.0007,0.0000,0.0000,0.0002,0.0009,0.0050,0.0079,0.0017,0.0852,0.0018,1.0000,0.0200,0.9999,0.0309,0.0238,0.0009
0.0059,0.0075,0.0137,0.0054,0.0380,0.0345,0.0038,0.0011,0.0002,0.0000,0.0002,0.0007,0.1860,0.0002,0.0002,0.0002,0.0018,0.0039,0.0072,0.0053,0.0029,0.0241,0.0346,0.9999,0.0632,0.8606,0.0037,0.0378
0.0152,0.4493,0.0165,0.9572,0.0012,0.0165,0.0001,0.0003,0.0000,0.0000,0.0001,0.0000,0.0002,0.0002,0.0065,0.0001,0.0000,0.0004,0.0010,0.0077,1.0000,0.0249,1.0000,0.1013,0.2135,0.0017,0.0032,0.0004
0.0074,0.0033,0.0067,0.0044,0.0644,0.0281,0.0068,0.0033,0.0011,0.0002,0.0032,0.0000,0.0002,0.0065,0.0615,0.0016,0.0000,0.0016,0.0020,0.0073,0.0121,0.9998,0.0375,0.8026,0.0089,0.0731,0.0013,0.0028
0.0348,0.0810,0.0115,0.0135,0.0036,0.0048,0.0020,0.0056,0.0049,0.0059,0.0018,0.0002,0.0002,0.0001,0.0016,0.0772,0.0002,0.0001,0.2978,0.0144,0.9995,0.0783,0.0562,0.0130,0.0032,0.0018,0.0022,0.0018
0.0189,0.0074,0.0172,0.0024,0.0394,0.0022,0.0043,0.0074,0.0027,0.0156,0.0056,0.0009,0.0018,0.0000,0.0000,0.0002,0.1738,0.2313,0.0001,0.8293,0.0009,0.9904,0.0188,0.2308,0.0032,0.0091,0.0028,0.0017
0.0433,0.0297,0.0131,0.0067,0.0155,0.0089,0.0043,0.0277,0.0049,0.0181,0.0048,0.0050,0.0039,0.0004,0.0016,0.0001,0.2313,0.2187,0.4394,0.0076,0.0007,0.0129,0.0008,0.0044,0.0014,0.0022,0.0025,0.0056
0.1354,0.3287,0.0590,0.0380,0.0228,0.0269,0.0038,0.1379,0.0077,0.0551,0.0081,0.0079,0.0072,0.0010,0.0020,0.2978,0.0001,0.4394,0.0311,0.3743,0.0000,0.0001,0.0000,0.0004,0.0008,0.0009,0.0044,0.0039
0.4637,0.1740,0.3521,0.0133,0.1787,0.0164,0.0140,0.0224,0.0037,0.0033,0.0022,0.0017,0.0053,0.0077,0.0073,0.0144,0.8293,0.0076,0.3743,0.0563,0.0002,0.0001,0.0000,0.0005,0.0001,0.0011,0.0007,0.0009
0.0201,0.4267,0.0080,0.2739,0.0040,0.0197,0.0040,0.0088,0.0028,0.0081,0.0008,0.0852,0.0029,1.0000,0.0121,0.9995,0.0009,0.0007,0.0000,0.0002,0.0493,0.0015,0.0000,0.0000,0.0000,0.0001,0.0113,0.0004
0.0647,0.0218,0.5058,0.0350,0.8487,0.0200,0.0178,0.0025,0.0014,0.0030,0.0009,0.0018,0.0241,0.0249,0.9998,0.0783,0.9904,0.0129,0.0001,0.0001,0.0015,0.0151,0.0000,0.0000,0.0000,0.0003,0.0001,0.0004
0.0369,0.5601,0.0591,0.9998,0.0508,0.2231,0.0645,0.0142,0.0197,0.8310,0.0067,1.0000,0.0346,1.0000,0.0375,0.0562,0.0188,0.0008,0.0000,0.0000,0.0000,0.0000,0.0016,0.0001,0.0000,0.0000,0.0000,0.0000
0.0062,0.0037,0.0523,0.0059,0.9267,0.0043,0.8006,0.0036,0.0057,0.0252,0.0607,0.0200,0.9999,0.1013,0.8026,0.0130,0.2308,0.0044,0.0004,0.0005,0.0000,0.0000,0.0001,0.0061,0.0000,0.0000,0.0000,0.0001
0.0063,0.1095,0.0132,0.9984,0.0376,0.3678,0.6470,0.0614,0.3827,1.0000,0.1073,0.9999,0.0632,0.2135,0.0089,0.0032,0.0032,0.0014,0.0008,0.0001,0.0000,0.0000,0.0000,0.0000,0.0000,0.0001,0.0000,0.0000
0.0030,0.0024,0.0108,0.0048,0.0263,0.0040,0.3968,0.0376,0.1434,0.8332,1.0000,0.0309,0.8606,0.0017,0.0731,0.0018,0.0091,0.0022,0.0009,0.0011,0.0001,0.0003,0.0000,0.0000,0.0001,0.0040,0.0001,0.0001
0.0024,0.0115,0.0029,0.0363,0.0050,0.0525,0.0658,0.7685,1.0000,0.9990,0.0382,0.0238,0.0037,0.0032,0.0013,0.0022,0.0028,0.0025,0.0044,0.0007,0.0113,0.0001,0.0000,0.0000,0.0000,0.0001,0.3990,0.0010
0.0030,0.0021,0.0034,0.0015,0.0091,0.0093,0.1329,0.9996,0.9998,0.0386,0.9996,0.0009,0.0378,0.0004,0.0028,0.0018,0.0017,0.0056,0.0039,0.0009,0.0004,0.0004,0.0000,0.0001,0.0000,0.0001,0.0010,0.0049