c1,c2,c3,c4,c5,c6,c7,c8,c9,c10,c11,c12,c13,c14,c15,c16,c17,c18,c19,c20,c21,c22,c23,c24,c25,c26,c27,c28
0.0402,0.0006,0.0060,0.0005,0.0070,0.0009,0.0018,0.0022,0.0026,0.0015,0.0023,0.0021,0.0055,0.0093,0.0104,0.0288,0.0210,0.0462,0.1147,0.6440,0.0166,0.0407,0.0284,0.0053,0.0035,0.0035,0.0026,0.0020
0.0006,0.0676,0.0099,0.0000,0.0001,0.0001,0.0002,0.0021,0.0024,0.0017,0.0026,0.0177,0.0094,0.3717,0.0036,0.0644,0.0078,0.0257,0.2689,0.1413,0.4080,0.0151,0.7268,0.0035,0.0738,0.0023,0.0098,0.0015
0.0060,0.0099,0.4714,0.0001,0.0002,0.0001,0.0003,0.0008,0.0018,0.0008,0.0023,0.0060,0.0114,0.0115,0.0072,0.0116,0.0210,0.0130,0.0516,0.4085,0.0080,0.4303,0.0573,0.0643,0.0103,0.0075,0.0040,0.0020
0.0005,0.0000,0.0001,0.0040,0.0003,0.0000,0.0000,0.0002,0.0005,0.0035,0.0013,0.8899,0.0054,0.8570,0.0035,0.0111,0.0028,0.0069,0.0346,0.0151,0.2287,0.0071,1.0000,0.0048,0.9988,0.0049,0.0216,0.0010
0.0070,0.0001,0.0002,0.0003,0.0322,0.0003,0.0001,0.0007,0.0003,0.0010,0.0059,0.0107,0.0231,0.0014,0.0453,0.0049,0.0401,0.0226,0.0297,0.1306,0.0048,0.6381,0.0787,0.6594,0.0426,0.0341,0.0068,0.0050
0.0009,0.0001,0.0001,0.0000,0.0003,0.0087,0.0180,0.0000,0.0004,0.0686,0.1153,0.9860,0.0256,0.0181,0.0185,0.0081,0.0033,0.0156,0.0592,0.0197,0.0311,0.0044,0.2475,0.0046,0.2027,0.0051,0.0630,0.0067
0.0018,0.0002,0.0003,0.0000,0.0001,0.0180,0.0170,0.1223,0.0087,0.0186,0.0031,0.0014,0.0036,0.0001,0.0057,0.0025,0.0049,0.0074,0.0082,0.0199,0.0050,0.0119,0.0753,0.7062,0.3814,0.0593,0.0731,0.0691
0.0022,0.0021,0.0008,0.0002,0.0007,0.0000,0.1223,0.3430,0.6720,0.0000,0.0007,0.0001,0.0008,0.0003,0.0033,0.0059,0.0074,0.0324,0.1702,0.0160,0.0079,0.0012,0.0119,0.0029,0.0384,0.0477,0.8125,0.9997
0.0026,0.0024,0.0018,0.0005,0.0003,0.0004,0.0087,0.6720,0.0186,0.0001,0.0000,0.0000,0.0002,0.0000,0.0011,0.0056,0.0033,0.0062,0.0117,0.0054,0.0029,0.0015,0.0225,0.0040,0.2988,0.0749,0.9993,1.0000
0.0015,0.0017,0.0008,0.0035,0.0010,0.0686,0.0186,0.0000,0.0001,0.0019,0.0001,0.0000,0.0000,0.0000,0.0002,0.0051,0.0155,0.0169,0.0788,0.0037,0.0077,0.0034,0.9068,0.0390,1.0000,0.4953,0.9982,0.0392
0.0023,0.0026,0.0023,0.0013,0.0059,0.1153,0.0031,0.0007,0.0000,0.0001,0.0114,0.0000,0.0002,0.0001,0.0043,0.0018,0.0057,0.0054,0.0094,0.0024,0.0007,0.0010,0.0087,0.4260,0.1062,1.0000,0.0278,0.9399
0.0021,0.0177,0.0060,0.8899,0.0107,0.9860,0.0014,0.0001,0.0000,0.0000,0.0000,0.0519,0.0005,0.0000,0.0000,0.0002,0.0013,0.0062,0.0127,0.0026,0.0886,0.0030,1.0000,0.0147,0.9996,0.0254,0.0088,0.0011
0.0055,0.0094,0.0114,0.0054,0.0231,0.0256,0.0036,0.0008,0.0002,0.0000,0.0002,0.0005,0.3122,0.0001,0.0002,0.0002,0.0030,0.0053,0.0076,0.0066,0.0019,0.0361,0.0419,1.0000,0.0154,0.9819,0.0025,0.0084
0.0093,0.3717,0.0115,0.8570,0.0014,0.0181,0.0001,0.0003,0.0000,0.0000,0.0001,0.0000,0.0001,0.0001,0.0051,0.0001,0.0000,0.0006,0.0039,0.0229,1.0000,0.1160,1.0000,0.0589,0.0744,0.0019,0.0006,0.0004
0.0104,0.0036,0.0072,0.0035,0.0453,0.0185,0.0057,0.0033,0.0011,0.0002,0.0043,0.0000,0.0002,0.0051,0.0182,0.0012,0.0000,0.0021,0.0023,0.0085,0.0206,1.0000,0.0207,0.8706,0.0045,0.0569,0.0013,0.0019
0.0288,0.0644,0.0116,0.0111,0.0049,0.0081,0.0025,0.0059,0.0056,0.0051,0.0018,0.0002,0.0002,0.0001,0.0012,0.0725,0.0003,0.0001,0.2388,0.0095,0.9996,0.1825,0.0400,0.0112,0.0021,0.0017,0.0017,0.0019
0.0210,0.0078,0.0210,0.0028,0.0401,0.0033,0.0049,0.0074,0.0033,0.0155,0.0057,0.0013,0.0030,0.0000,0.0000,0.0003,0.1400,0.3774,0.0001,0.2484,0.0006,0.9958,0.0110,0.1001,0.0034,0.0103,0.0019,0.0017
0.0462,0.0257,0.0130,0.0069,0.0226,0.0156,0.0074,0.0324,0.0062,0.0169,0.0054,0.0062,0.0053,0.0006,0.0021,0.0001,0.3774,0.1908,0.1167,0.0032,0.0004,0.0106,0.0006,0.0046,0.0013,0.0039,0.0019,0.0058
0.1147,0.2689,0.0516,0.0346,0.0297,0.0592,0.0082,0.1702,0.0117,0.0788,0.0094,0.0127,0.0076,0.0039,0.0023,0.2388,0.0001,0.1167,0.0403,0.2004,0.0000,0.0001,0.0000,0.0004,0.0008,0.0009,0.0023,0.0047
0.6440,0.1413,0.4085,0.0151,0.1306,0.0197,0.0199,0.0160,0.0054,0.0037,0.0024,0.0026,0.0066,0.0229,0.0085,0.0095,0.2484,0.0032,0.2004,0.0563,0.0002,0.0001,0.0000,0.0008,0.0001,0.0012,0.0014,0.0012
0.0166,0.4080,0.0080,0.2287,0.0048,0.0311,0.0050,0.0079,0.0029,0.0077,0.0007,0.0886,0.0019,1.0000,0.0206,0.9996,0.0006,0.0004,0.0000,0.0002,0.1943,0.0009,0.0000,0.0000,0.0000,0.0001,0.0018,0.0004
0.0407,0.0151,0.4303,0.0071,0.6381,0.0044,0.0119,0.0012,0.0015,0.0034,0.0010,0.0030,0.0361,0.1160,1.0000,0.1825,0.9958,0.0106,0.0001,0.0001,0.0009,0.0101,0.0000,0.0000,0.0000,0.0004,0.0002,0.0006
0.0284,0.7268,0.0573,1.0000,0.0787,0.2475,0.0753,0.0119,0.0225,0.9068,0.0087,1.0000,0.0419,1.0000,0.0207,0.0400,0.0110,0.0006,0.0000,0.0000,0.0000,0.0000,0.0005,0.0001,0.0000,0.0000,0.0000,0.0001
0.0053,0.0035,0.0643,0.0048,0.6594,0.0046,0.7062,0.0029,0.0040,0.0390,0.4260,0.0147,1.0000,0.0589,0.8706,0.0112,0.1001,0.0046,0.0004,0.0008,0.0000,0.0000,0.0001,0.0044,0.0000,0.0000,0.0001,0.0002
0.0035,0.0738,0.0103,0.9988,0.0426,0.2027,0.3814,0.0384,0.2988,1.0000,0.1062,0.9996,0.0154,0.0744,0.0045,0.0021,0.0034,0.0013,0.0008,0.0001,0.0000,0.0000,0.0000,0.0000,0.0000,0.0001,0.0000,0.0000
0.0035,0.0023,0.0075,0.0049,0.0341,0.0051,0.0593,0.0477,0.0749,0.4953,1.0000,0.0254,0.9819,0.0019,0.0569,0.0017,0.0103,0.0039,0.0009,0.0012,0.0001,0.0004,0.0000,0.0000,0.0001,0.0077,0.0007,0.0000
0.0026,0.0098,0.0040,0.0216,0.0068,0.0630,0.0731,0.8125,0.9993,0.9982,0.0278,0.0088,0.0025,0.0006,0.0013,0.0017,0.0019,0.0019,0.0023,0.0014,0.0018,0.0002,0.0000,0.0001,0.0000,0.0007,0.2248,0.1769
0.0020,0.0015,0.0020,0.0010,0.0050,0.0067,0.0691,0.9997,1.0000,0.0392,0.9399,0.0011,0.0084,0.0004,0.0019,0.0019,0.0017,0.0058,0.0047,0.0012,0.0004,0.0006,0.0001,0.0002,0.0000,0.0000,0.1769,0.0061