c1,c2,c3,c4,c5,c6,c7,c8,c9,c10,c11,c12,c13,c14,c15,c16,c17,c18,c19,c20,c21,c22,c23,c24,c25,c26,c27,c28
0.0000,0.0001,0.0001,0.0002,0.0109,0.0037,0.0144,0.0091,0.0261,0.0033,0.0353,0.0035,0.0314,0.0553,0.0777,0.0964,0.0290,0.0379,0.2148,0.1337,0.0056,0.0107,0.0218,0.0049,0.0058,0.0052,0.0072,0.0255
0.0001,0.0014,0.0025,0.0000,0.0001,0.0002,0.0034,0.0053,0.0112,0.0032,0.0177,0.0618,0.0128,0.9907,0.0106,0.1260,0.0115,0.0134,0.0731,0.0150,0.0405,0.0063,0.1867,0.0033,0.0654,0.0026,0.0078,0.0061
0.0001,0.0025,0.0105,0.0002,0.0000,0.0005,0.0319,0.0030,0.0140,0.0046,0.5260,0.0264,0.5099,0.0099,0.0099,0.0102,0.0072,0.0085,0.0160,0.0074,0.0052,0.0064,0.0381,0.0081,0.0199,0.0075,0.0038,0.0102
0.0002,0.0000,0.0002,0.0002,0.0025,0.0000,0.0010,0.0055,0.0081,0.0250,0.0212,0.9998,0.0369,0.1266,0.0066,0.0145,0.0048,0.0124,0.0453,0.0181,0.0277,0.0111,0.2783,0.0072,0.1463,0.0053,0.0128,0.0038
0.0109,0.0001,0.0000,0.0025,0.0103,0.0033,0.0005,0.0094,0.0172,0.0061,0.7750,0.0182,0.0170,0.0026,0.0108,0.0072,0.0071,0.0102,0.0141,0.0161,0.0057,0.0066,0.0339,0.0105,0.0063,0.0128,0.0055,0.0134
0.0037,0.0002,0.0005,0.0000,0.0033,0.0011,0.2193,0.0182,0.0061,0.3425,0.0208,0.7676,0.0118,0.0029,0.0021,0.0052,0.0013,0.0076,0.0166,0.0160,0.0124,0.0099,0.0311,0.0029,0.0360,0.0046,0.0292,0.0135
0.0144,0.0034,0.0319,0.0010,0.0005,0.2193,0.0037,0.5840,0.0024,0.0444,0.0046,0.0035,0.0048,0.0001,0.0026,0.0060,0.0043,0.0036,0.0023,0.0099,0.0146,0.0034,0.0358,0.0047,0.0303,0.0054,0.0035,0.0233
0.0091,0.0053,0.0030,0.0055,0.0094,0.0182,0.5840,0.0078,0.0492,0.0006,0.0004,0.0006,0.0007,0.0010,0.0021,0.0063,0.0029,0.0049,0.0126,0.0066,0.0056,0.0020,0.0118,0.0025,0.1039,0.0116,0.1495,0.0856
0.0261,0.0112,0.0140,0.0081,0.0172,0.0061,0.0024,0.0492,0.0095,0.0014,0.0000,0.0000,0.0007,0.0001,0.0054,0.0162,0.0064,0.0087,0.0106,0.0053,0.0074,0.0031,0.0346,0.0183,0.1412,0.3137,0.0941,0.3167
0.0033,0.0032,0.0046,0.0250,0.0061,0.3425,0.0444,0.0006,0.0014,0.0005,0.0003,0.0000,0.0000,0.0000,0.0006,0.0067,0.0058,0.0049,0.0196,0.0044,0.0046,0.0023,0.0828,0.0206,1.0000,0.1604,0.9453,0.0320
0.0353,0.0177,0.5260,0.0212,0.7750,0.0208,0.0046,0.0004,0.0000,0.0003,0.0017,0.0000,0.0000,0.0001,0.0008,0.0018,0.0040,0.0026,0.0047,0.0018,0.0014,0.0015,0.0083,0.1440,0.0940,0.9999,0.0295,0.0432
0.0035,0.0618,0.0264,0.9998,0.0182,0.7676,0.0035,0.0006,0.0000,0.0000,0.0000,0.0001,0.0004,0.0000,0.0000,0.0001,0.0009,0.0049,0.0093,0.0041,0.0592,0.0038,1.0000,0.0373,0.9979,0.0731,0.0240,0.0034
0.0314,0.0128,0.5099,0.0369,0.0170,0.0118,0.0048,0.0007,0.0007,0.0000,0.0000,0.0004,0.0130,0.0006,0.0001,0.0003,0.0022,0.0041,0.0073,0.0055,0.0053,0.0108,0.0554,0.9995,0.0144,0.5445,0.0037,0.0164
0.0553,0.9907,0.0099,0.1266,0.0026,0.0029,0.0001,0.0010,0.0001,0.0000,0.0001,0.0000,0.0006,0.0000,0.0023,0.0000,0.0000,0.0010,0.0197,0.0148,1.0000,0.0261,1.0000,0.0715,0.0499,0.0042,0.0008,0.0011
0.0777,0.0106,0.0099,0.0066,0.0108,0.0021,0.0026,0.0021,0.0054,0.0006,0.0008,0.0000,0.0001,0.0023,0.0019,0.0018,0.0001,0.0016,0.0074,0.0236,0.1294,0.9998,0.1197,0.4762,0.0058,0.0242,0.0033,0.0046
0.0964,0.1260,0.0102,0.0145,0.0072,0.0052,0.0060,0.0063,0.0162,0.0067,0.0018,0.0001,0.0003,0.0000,0.0018,0.0377,0.0005,0.0003,0.4467,0.0238,0.9966,0.0987,0.0225,0.0052,0.0016,0.0011,0.0015,0.0026
0.0290,0.0115,0.0072,0.0048,0.0071,0.0013,0.0043,0.0029,0.0064,0.0058,0.0040,0.0009,0.0022,0.0000,0.0001,0.0005,0.0144,0.3438,0.0007,0.2936,0.0025,0.9993,0.0132,0.1004,0.0028,0.0047,0.0031,0.0032
0.0379,0.0134,0.0085,0.0124,0.0102,0.0076,0.0036,0.0049,0.0087,0.0049,0.0026,0.0049,0.0041,0.0010,0.0016,0.0003,0.3438,0.1046,0.1344,0.0022,0.0007,0.0407,0.0029,0.0112,0.0037,0.0042,0.0055,0.0065
0.2148,0.0731,0.0160,0.0453,0.0141,0.0166,0.0023,0.0126,0.0106,0.0196,0.0047,0.0093,0.0073,0.0197,0.0074,0.4467,0.0007,0.1344,0.0233,0.1199,0.0000,0.0001,0.0001,0.0006,0.0013,0.0020,0.0013,0.0033
0.1337,0.0150,0.0074,0.0181,0.0161,0.0160,0.0099,0.0066,0.0053,0.0044,0.0018,0.0041,0.0055,0.0148,0.0236,0.0238,0.2936,0.0022,0.1199,0.0292,0.0003,0.0001,0.0002,0.0041,0.0010,0.0053,0.0050,0.0103
0.0056,0.0405,0.0052,0.0277,0.0057,0.0124,0.0146,0.0056,0.0074,0.0046,0.0014,0.0592,0.0053,1.0000,0.1294,0.9966,0.0025,0.0007,0.0000,0.0003,0.0038,0.0010,0.0000,0.0001,0.0002,0.0004,0.0023,0.0028
0.0107,0.0063,0.0064,0.0111,0.0066,0.0099,0.0034,0.0020,0.0031,0.0023,0.0015,0.0038,0.0108,0.0261,0.9998,0.0987,0.9993,0.0407,0.0001,0.0001,0.0010,0.0111,0.0000,0.0001,0.0002,0.0028,0.0008,0.0075
0.0218,0.1867,0.0381,0.2783,0.0339,0.0311,0.0358,0.0118,0.0346,0.0828,0.0083,1.0000,0.0554,1.0000,0.1197,0.0225,0.0132,0.0029,0.0001,0.0002,0.0000,0.0000,0.0000,0.0005,0.0000,0.0000,0.0001,0.0012
0.0049,0.0033,0.0081,0.0072,0.0105,0.0029,0.0047,0.0025,0.0183,0.0206,0.1440,0.0373,0.9995,0.0715,0.4762,0.0052,0.1004,0.0112,0.0006,0.0041,0.0001,0.0001,0.0005,0.0021,0.0001,0.0000,0.0017,0.0053
0.0058,0.0654,0.0199,0.1463,0.0063,0.0360,0.0303,0.1039,0.1412,1.0000,0.0940,0.9979,0.0144,0.0499,0.0058,0.0016,0.0028,0.0037,0.0013,0.0010,0.0002,0.0002,0.0000,0.0001,0.0000,0.0004,0.0001,0.0011
0.0052,0.0026,0.0075,0.0053,0.0128,0.0046,0.0054,0.0116,0.3137,0.1604,0.9999,0.0731,0.5445,0.0042,0.0242,0.0011,0.0047,0.0042,0.0020,0.0053,0.0004,0.0028,0.0000,0.0000,0.0004,0.0017,0.0355,0.0000
0.0072,0.0078,0.0038,0.0128,0.0055,0.0292,0.0035,0.1495,0.0941,0.9453,0.0295,0.0240,0.0037,0.0008,0.0033,0.0015,0.0031,0.0055,0.0013,0.0050,0.0023,0.0008,0.0001,0.0017,0.0001,0.0355,0.0239,0.0611
0.0255,0.0061,0.0102,0.0038,0.0134,0.0135,0.0233,0.0856,0.3167,0.0320,0.0432,0.0034,0.0164,0.0011,0.0046,0.0026,0.0032,0.0065,0.0033,0.0103,0.0028,0.0075,0.0012,0.0053,0.0011,0.0000,0.0611,0.0058