c1,c2,c3,c4,c5,c6,c7,c8,c9,c10,c11,c12,c13,c14,c15,c16,c17,c18,c19,c20,c21,c22,c23,c24,c25,c26,c27,c28
0.0008,0.0007,0.0008,0.0023,0.0038,0.0011,0.0029,0.0046,0.0040,0.0036,0.0021,0.0035,0.0049,0.0275,0.0103,0.0319,0.0157,0.0314,0.1485,0.2939,0.0637,0.0165,0.0539,0.0036,0.0140,0.0016,0.0049,0.0034
0.0007,0.0272,0.0134,0.0000,0.0002,0.0001,0.0006,0.0032,0.0042,0.0014,0.0063,0.0195,0.0096,0.1461,0.0057,0.0402,0.0095,0.0199,0.1212,0.0957,0.1633,0.0290,0.1239,0.0055,0.0508,0.0032,0.0113,0.0032
0.0008,0.0134,0.2026,0.0004,0.0004,0.0001,0.0007,0.0011,0.0033,0.0010,0.0068,0.0086,0.0147,0.0112,0.0074,0.0094,0.0181,0.0128,0.0449,0.2730,0.0104,0.1762,0.0433,0.0383,0.0129,0.0067,0.0037,0.0034
0.0023,0.0000,0.0004,0.0046,0.0004,0.0000,0.0000,0.0003,0.0010,0.0063,0.0025,0.8403,0.0039,0.7746,0.0037,0.0063,0.0024,0.0074,0.0313,0.0077,0.0413,0.0125,0.9975,0.0082,0.9859,0.0060,0.1026,0.0027
0.0038,0.0002,0.0004,0.0004,0.0087,0.0001,0.0003,0.0006,0.0003,0.0019,0.0328,0.0133,0.0139,0.0012,0.0385,0.0051,0.0347,0.0236,0.0343,0.3438,0.0064,0.3921,0.0700,0.3271,0.0243,0.0184,0.0064,0.0057
0.0011,0.0001,0.0001,0.0000,0.0001,0.0023,0.0179,0.0002,0.0001,0.8054,0.0929,0.9907,0.0263,0.0241,0.0075,0.0064,0.0022,0.0073,0.0349,0.0064,0.0208,0.0029,0.4580,0.0046,0.5034,0.0071,0.0280,0.0075
0.0029,0.0006,0.0007,0.0000,0.0003,0.0179,0.0018,0.1038,0.0105,0.0824,0.0067,0.0037,0.0065,0.0001,0.0074,0.0029,0.0064,0.0054,0.0040,0.0142,0.0065,0.0118,0.0761,0.1562,0.2626,0.0381,0.0326,0.0346
0.0046,0.0032,0.0011,0.0003,0.0006,0.0002,0.1038,0.3808,0.6517,0.0000,0.0005,0.0001,0.0012,0.0004,0.0031,0.0073,0.0056,0.0201,0.1234,0.0099,0.0094,0.0014,0.0119,0.0020,0.0289,0.0399,0.6726,0.9971
0.0040,0.0042,0.0033,0.0010,0.0003,0.0001,0.0105,0.6517,0.0089,0.0001,0.0000,0.0000,0.0003,0.0001,0.0021,0.0094,0.0035,0.0064,0.0134,0.0045,0.0045,0.0018,0.0211,0.0041,0.3587,0.7759,0.9880,0.9984
0.0036,0.0014,0.0010,0.0063,0.0019,0.8054,0.0824,0.0000,0.0001,0.0004,0.0001,0.0000,0.0000,0.0000,0.0003,0.0053,0.0150,0.0150,0.0578,0.0023,0.0095,0.0045,0.9154,0.0665,1.0000,0.5423,0.9844,0.0197
0.0021,0.0063,0.0068,0.0025,0.0328,0.0929,0.0067,0.0005,0.0000,0.0001,0.0091,0.0000,0.0013,0.0002,0.0052,0.0023,0.0045,0.0053,0.0080,0.0016,0.0009,0.0014,0.0087,0.6075,0.0809,1.0000,0.0204,0.0635
0.0035,0.0195,0.0086,0.8403,0.0133,0.9907,0.0037,0.0001,0.0000,0.0000,0.0000,0.0020,0.0004,0.0000,0.0000,0.0001,0.0017,0.0078,0.0116,0.0024,0.1158,0.0035,1.0000,0.0141,0.9987,0.0555,0.0223,0.0024
0.0049,0.0096,0.0147,0.0039,0.0139,0.0263,0.0065,0.0012,0.0003,0.0000,0.0013,0.0004,0.1110,0.0009,0.0001,0.0003,0.0023,0.0092,0.0148,0.0074,0.0059,0.0403,0.0880,0.9997,0.0103,0.7277,0.0027,0.0066
0.0275,0.1461,0.0112,0.7746,0.0012,0.0241,0.0001,0.0004,0.0001,0.0000,0.0002,0.0000,0.0009,0.0001,0.0028,0.0001,0.0000,0.0011,0.0259,0.0288,1.0000,0.0765,0.9997,0.0567,0.0201,0.0039,0.0016,0.0006
0.0103,0.0057,0.0074,0.0037,0.0385,0.0075,0.0074,0.0031,0.0021,0.0003,0.0052,0.0000,0.0001,0.0028,0.0057,0.0011,0.0001,0.0024,0.0037,0.0083,0.0167,1.0000,0.0453,0.9658,0.0028,0.0352,0.0016,0.0017
0.0319,0.0402,0.0094,0.0063,0.0051,0.0064,0.0029,0.0073,0.0094,0.0053,0.0023,0.0001,0.0003,0.0001,0.0011,0.0691,0.0003,0.0002,0.4495,0.0427,0.9991,0.0816,0.0243,0.0081,0.0017,0.0015,0.0015,0.0021
0.0157,0.0095,0.0181,0.0024,0.0347,0.0022,0.0064,0.0056,0.0035,0.0150,0.0045,0.0017,0.0023,0.0000,0.0001,0.0003,0.0108,0.3803,0.0001,0.6547,0.0008,0.9972,0.0072,0.1581,0.0034,0.0079,0.0023,0.0020
0.0314,0.0199,0.0128,0.0074,0.0236,0.0073,0.0054,0.0201,0.0064,0.0150,0.0053,0.0078,0.0092,0.0011,0.0024,0.0002,0.3803,0.0920,0.0981,0.0070,0.0008,0.0100,0.0007,0.0057,0.0010,0.0023,0.0017,0.0068
0.1485,0.1212,0.0449,0.0313,0.0343,0.0349,0.0040,0.1234,0.0134,0.0578,0.0080,0.0116,0.0148,0.0259,0.0037,0.4495,0.0001,0.0981,0.0308,0.2537,0.0000,0.0001,0.0000,0.0003,0.0005,0.0010,0.0012,0.0043
0.2939,0.0957,0.2730,0.0077,0.3438,0.0064,0.0142,0.0099,0.0045,0.0023,0.0016,0.0024,0.0074,0.0288,0.0083,0.0427,0.6547,0.0070,0.2537,0.0156,0.0002,0.0001,0.0000,0.0008,0.0002,0.0013,0.0010,0.0017
0.0637,0.1633,0.0104,0.0413,0.0064,0.0208,0.0065,0.0094,0.0045,0.0095,0.0009,0.1158,0.0059,1.0000,0.0167,0.9991,0.0008,0.0008,0.0000,0.0002,0.0343,0.0004,0.0000,0.0000,0.0000,0.0001,0.0032,0.0011
0.0165,0.0290,0.1762,0.0125,0.3921,0.0029,0.0118,0.0014,0.0018,0.0045,0.0014,0.0035,0.0403,0.0765,1.0000,0.0816,0.9972,0.0100,0.0001,0.0001,0.0004,0.0047,0.0000,0.0000,0.0000,0.0006,0.0002,0.0025
0.0539,0.1239,0.0433,0.9975,0.0700,0.4580,0.0761,0.0119,0.0211,0.9154,0.0087,1.0000,0.0880,0.9997,0.0453,0.0243,0.0072,0.0007,0.0000,0.0000,0.0000,0.0000,0.0000,0.0000,0.0000,0.0000,0.0000,0.0003
0.0036,0.0055,0.0383,0.0082,0.3271,0.0046,0.1562,0.0020,0.0041,0.0665,0.6075,0.0141,0.9997,0.0567,0.9658,0.0081,0.1581,0.0057,0.0003,0.0008,0.0000,0.0000,0.0000,0.0047,0.0000,0.0001,0.0002,0.0012
0.0140,0.0508,0.0129,0.9859,0.0243,0.5034,0.2626,0.0289,0.3587,1.0000,0.0809,0.9987,0.0103,0.0201,0.0028,0.0017,0.0034,0.0010,0.0005,0.0002,0.0000,0.0000,0.0000,0.0000,0.0003,0.0001,0.0000,0.0000
0.0016,0.0032,0.0067,0.0060,0.0184,0.0071,0.0381,0.0399,0.7759,0.5423,1.0000,0.0555,0.7277,0.0039,0.0352,0.0015,0.0079,0.0023,0.0010,0.0013,0.0001,0.0006,0.0000,0.0001,0.0001,0.0053,0.0012,0.0000
0.0049,0.0113,0.0037,0.1026,0.0064,0.0280,0.0326,0.6726,0.9880,0.9844,0.0204,0.0223,0.0027,0.0016,0.0016,0.0015,0.0023,0.0017,0.0012,0.0010,0.0032,0.0002,0.0000,0.0002,0.0000,0.0012,0.1989,0.3744
0.0034,0.0032,0.0034,0.0027,0.0057,0.0075,0.0346,0.9971,0.9984,0.0197,0.0635,0.0024,0.0066,0.0006,0.0017,0.0021,0.0020,0.0068,0.0043,0.0017,0.0011,0.0025,0.0003,0.0012,0.0000,0.0000,0.3744,0.0257