c1,c2,c3,c4,c5,c6,c7,c8,c9,c10,c11,c12,c13,c14,c15,c16,c17,c18,c19,c20,c21,c22,c23,c24,c25,c26,c27,c28
0.0038,0.0010,0.0023,0.0011,0.0043,0.0010,0.0024,0.0030,0.0034,0.0049,0.0023,0.0056,0.0042,0.0088,0.0070,0.0241,0.0119,0.0272,0.0945,0.2201,0.0212,0.0423,0.0716,0.0054,0.0177,0.0025,0.0029,0.0041
0.0010,0.0478,0.0184,0.0000,0.0002,0.0001,0.0004,0.0035,0.0043,0.0038,0.0044,0.0349,0.0111,0.0644,0.0039,0.0308,0.0060,0.0176,0.1296,0.0438,0.1148,0.0177,0.4124,0.0039,0.2103,0.0021,0.0092,0.0021
0.0023,0.0184,0.3879,0.0005,0.0003,0.0001,0.0007,0.0013,0.0024,0.0017,0.0048,0.0062,0.0103,0.0070,0.0071,0.0090,0.0166,0.0103,0.0358,0.0767,0.0049,0.1491,0.0453,0.0382,0.0511,0.0073,0.0027,0.0042
0.0011,0.0000,0.0005,0.0051,0.0011,0.0000,0.0001,0.0006,0.0010,0.0075,0.0017,0.6202,0.0053,0.3877,0.0030,0.0082,0.0026,0.0053,0.0442,0.0091,0.0725,0.0177,0.9958,0.0071,0.9984,0.0044,0.0394,0.0014
0.0043,0.0002,0.0003,0.0011,0.0202,0.0003,0.0003,0.0007,0.0003,0.0021,0.0204,0.0049,0.0129,0.0010,0.0265,0.0047,0.0303,0.0160,0.0450,0.1536,0.0046,0.3442,0.0400,0.2150,0.0728,0.0195,0.0084,0.0095
0.0010,0.0001,0.0001,0.0000,0.0003,0.0125,0.0293,0.0001,0.0003,0.0652,0.0353,0.6667,0.0109,0.0121,0.0108,0.0086,0.0030,0.0080,0.0562,0.0206,0.0458,0.0219,0.4842,0.0039,0.4396,0.0059,0.1491,0.0072
0.0024,0.0004,0.0007,0.0001,0.0003,0.0293,0.0010,0.2546,0.0046,0.0133,0.0050,0.0028,0.0039,0.0000,0.0073,0.0025,0.0036,0.0039,0.0039,0.0196,0.0073,0.0108,0.0673,0.1817,0.6178,0.0448,0.1827,0.0660
0.0030,0.0035,0.0013,0.0006,0.0007,0.0001,0.2546,0.1618,0.3278,0.0000,0.0002,0.0001,0.0007,0.0005,0.0032,0.0067,0.0055,0.0132,0.1534,0.0187,0.0120,0.0020,0.0140,0.0023,0.0401,0.0175,0.9397,0.9956
0.0034,0.0043,0.0024,0.0010,0.0003,0.0003,0.0046,0.3278,0.0092,0.0001,0.0000,0.0000,0.0002,0.0000,0.0017,0.0066,0.0026,0.0051,0.0129,0.0056,0.0055,0.0015,0.0359,0.0049,0.2551,0.0690,0.9998,1.0000
0.0049,0.0038,0.0017,0.0075,0.0021,0.0652,0.0133,0.0000,0.0001,0.0005,0.0001,0.0000,0.0000,0.0000,0.0002,0.0094,0.0149,0.0090,0.0643,0.0029,0.0104,0.0045,0.8930,0.0451,1.0000,0.3794,0.9994,0.0231
0.0023,0.0044,0.0048,0.0017,0.0204,0.0353,0.0050,0.0002,0.0000,0.0001,0.0024,0.0000,0.0003,0.0001,0.0026,0.0031,0.0058,0.0049,0.0085,0.0022,0.0007,0.0013,0.0056,0.0832,0.0445,1.0000,0.0408,0.9993
0.0056,0.0349,0.0062,0.6202,0.0049,0.6667,0.0028,0.0001,0.0000,0.0000,0.0000,0.0278,0.0006,0.0000,0.0000,0.0002,0.0015,0.0073,0.0133,0.0031,0.2893,0.0040,1.0000,0.0829,0.9998,0.0171,0.0121,0.0025
0.0042,0.0111,0.0103,0.0053,0.0129,0.0109,0.0039,0.0007,0.0002,0.0000,0.0003,0.0006,0.1735,0.0003,0.0002,0.0002,0.0024,0.0056,0.0086,0.0064,0.0020,0.0329,0.0272,0.9999,0.0287,0.9875,0.0041,0.0421
0.0088,0.0644,0.0070,0.3877,0.0010,0.0121,0.0000,0.0005,0.0000,0.0000,0.0001,0.0000,0.0003,0.0001,0.0078,0.0002,0.0001,0.0020,0.0105,0.0350,1.0000,0.0884,0.9999,0.1116,0.1105,0.0033,0.0036,0.0006
0.0070,0.0039,0.0071,0.0030,0.0265,0.0108,0.0073,0.0032,0.0017,0.0002,0.0026,0.0000,0.0002,0.0078,0.0324,0.0036,0.0000,0.0020,0.0026,0.0095,0.0127,0.9999,0.0237,0.8033,0.0049,0.1200,0.0012,0.0021
0.0241,0.0308,0.0090,0.0082,0.0047,0.0086,0.0025,0.0067,0.0066,0.0094,0.0031,0.0002,0.0002,0.0002,0.0036,0.0770,0.0003,0.0003,0.2146,0.0256,0.9966,0.0883,0.0355,0.0073,0.0017,0.0024,0.0020,0.0017
0.0119,0.0060,0.0166,0.0026,0.0303,0.0030,0.0036,0.0055,0.0026,0.0149,0.0058,0.0015,0.0024,0.0001,0.0000,0.0003,0.0277,0.2806,0.0000,0.4993,0.0010,0.9958,0.0187,0.3991,0.0030,0.0188,0.0024,0.0014
0.0272,0.0176,0.0103,0.0053,0.0160,0.0080,0.0039,0.0132,0.0051,0.0090,0.0049,0.0073,0.0056,0.0020,0.0020,0.0003,0.2806,0.1583,0.1329,0.0137,0.0005,0.0203,0.0009,0.0063,0.0012,0.0051,0.0025,0.0025
0.0945,0.1296,0.0358,0.0442,0.0450,0.0562,0.0039,0.1534,0.0129,0.0643,0.0085,0.0133,0.0086,0.0105,0.0026,0.2146,0.0000,0.1329,0.0596,0.2513,0.0000,0.0000,0.0000,0.0006,0.0008,0.0015,0.0038,0.0020
0.2201,0.0438,0.0767,0.0091,0.1536,0.0206,0.0196,0.0187,0.0056,0.0029,0.0022,0.0031,0.0064,0.0350,0.0095,0.0256,0.4993,0.0137,0.2513,0.0431,0.0005,0.0001,0.0000,0.0009,0.0001,0.0014,0.0010,0.0010
0.0212,0.1148,0.0049,0.0725,0.0046,0.0458,0.0073,0.0120,0.0055,0.0104,0.0007,0.2893,0.0020,1.0000,0.0127,0.9966,0.0010,0.0005,0.0000,0.0005,0.0075,0.0015,0.0000,0.0000,0.0000,0.0001,0.0118,0.0006
0.0423,0.0177,0.1491,0.0177,0.3442,0.0219,0.0108,0.0020,0.0015,0.0045,0.0013,0.0040,0.0329,0.0884,0.9999,0.0883,0.9958,0.0203,0.0000,0.0001,0.0015,0.0096,0.0000,0.0000,0.0000,0.0004,0.0002,0.0005
0.0716,0.4124,0.0453,0.9958,0.0400,0.4842,0.0673,0.0140,0.0359,0.8930,0.0056,1.0000,0.0272,0.9999,0.0237,0.0355,0.0187,0.0009,0.0000,0.0000,0.0000,0.0000,0.0004,0.0001,0.0000,0.0000,0.0000,0.0001
0.0054,0.0039,0.0382,0.0071,0.2150,0.0039,0.1817,0.0023,0.0049,0.0451,0.0832,0.0829,0.9999,0.1116,0.8033,0.0073,0.3991,0.0063,0.0006,0.0009,0.0000,0.0000,0.0001,0.0030,0.0000,0.0001,0.0001,0.0004
0.0177,0.2103,0.0511,0.9984,0.0728,0.4396,0.6178,0.0401,0.2551,1.0000,0.0445,0.9998,0.0287,0.1105,0.0049,0.0017,0.0030,0.0012,0.0008,0.0001,0.0000,0.0000,0.0000,0.0000,0.0000,0.0000,0.0000,0.0000
0.0025,0.0021,0.0073,0.0044,0.0195,0.0059,0.0448,0.0175,0.0690,0.3794,1.0000,0.0171,0.9875,0.0033,0.1200,0.0024,0.0188,0.0051,0.0015,0.0014,0.0001,0.0004,0.0000,0.0001,0.0000,0.0115,0.0001,0.0001
0.0029,0.0092,0.0027,0.0394,0.0084,0.1491,0.1827,0.9397,0.9998,0.9994,0.0408,0.0121,0.0041,0.0036,0.0012,0.0020,0.0024,0.0025,0.0038,0.0010,0.0118,0.0002,0.0000,0.0001,0.0000,0.0001,0.0082,0.0019
0.0041,0.0021,0.0042,0.0014,0.0095,0.0072,0.0660,0.9956,1.0000,0.0231,0.9993,0.0025,0.0421,0.0006,0.0021,0.0017,0.0014,0.0025,0.0020,0.0010,0.0006,0.0005,0.0001,0.0004,0.0000,0.0001,0.0019,0.0016