c1,c2,c3,c4,c5,c6,c7,c8,c9,c10,c11,c12,c13,c14,c15,c16,c17,c18,c19,c20,c21,c22,c23,c24,c25,c26,c27,c28
0.0000,0.0001,0.0001,0.0003,0.0090,0.0045,0.0195,0.0122,0.0233,0.0090,0.0172,0.0087,0.0139,0.0162,0.0143,0.0239,0.0128,0.0157,0.0406,0.0630,0.0082,0.0249,0.0183,0.0103,0.0257,0.0050,0.0071,0.0122
0.0001,0.0005,0.0023,0.0000,0.0001,0.0012,0.0028,0.0123,0.0140,0.0141,0.0075,0.7027,0.0109,0.2947,0.0070,0.0332,0.0049,0.0090,0.0307,0.0120,0.0226,0.0037,0.1609,0.0027,0.6249,0.0022,0.0318,0.0037
0.0001,0.0023,0.0201,0.0009,0.0001,0.0013,0.0283,0.0043,0.0461,0.0130,0.0568,0.0424,0.0159,0.0059,0.0057,0.0072,0.0042,0.0077,0.0109,0.0222,0.0050,0.0082,0.0149,0.0086,0.0322,0.0087,0.0074,0.0149
0.0003,0.0000,0.0009,0.0001,0.0014,0.0001,0.0037,0.0351,0.0437,0.2959,0.0289,0.9290,0.0125,0.0696,0.0028,0.0053,0.0015,0.0055,0.0187,0.0065,0.0078,0.0019,0.0704,0.0039,0.4486,0.0031,0.1148,0.0058
0.0090,0.0001,0.0001,0.0014,0.0044,0.0015,0.0005,0.0085,0.0165,0.0786,0.0368,0.4134,0.0080,0.0023,0.0057,0.0048,0.0035,0.0067,0.0114,0.0133,0.0076,0.0044,0.0251,0.0038,0.1928,0.0103,0.0430,0.0089
0.0045,0.0012,0.0013,0.0001,0.0015,0.0132,0.0703,0.0022,0.0082,0.0962,0.0121,0.2076,0.0070,0.0031,0.0020,0.0072,0.0025,0.0057,0.0136,0.0070,0.0111,0.0023,0.0191,0.0020,0.0395,0.0034,0.1684,0.0145
0.0195,0.0028,0.0283,0.0037,0.0005,0.0703,0.0019,0.0961,0.0043,0.0065,0.0042,0.0081,0.0039,0.0001,0.0029,0.0055,0.0033,0.0033,0.0022,0.0063,0.0091,0.0026,0.0247,0.0051,0.0943,0.0111,0.1001,0.0344
0.0122,0.0123,0.0043,0.0351,0.0085,0.0022,0.0961,0.0260,0.1294,0.0000,0.0002,0.0008,0.0009,0.0007,0.0026,0.0085,0.0027,0.0055,0.0146,0.0056,0.0058,0.0019,0.0089,0.0023,0.0549,0.0172,0.6351,0.1154
0.0233,0.0140,0.0461,0.0437,0.0165,0.0082,0.0043,0.1294,0.0032,0.0014,0.0000,0.0000,0.0004,0.0000,0.0024,0.0074,0.0035,0.0038,0.0032,0.0040,0.0057,0.0023,0.0164,0.0153,0.1288,0.1507,0.5757,0.8854
0.0090,0.0141,0.0130,0.2959,0.0786,0.0962,0.0065,0.0000,0.0014,0.0004,0.0003,0.0000,0.0000,0.0000,0.0005,0.0042,0.0029,0.0033,0.0185,0.0043,0.0067,0.0017,0.0721,0.0340,0.9974,0.2543,0.9992,0.0440
0.0172,0.0075,0.0568,0.0289,0.0368,0.0121,0.0042,0.0002,0.0000,0.0003,0.0030,0.0001,0.0006,0.0002,0.0013,0.0020,0.0033,0.0021,0.0033,0.0014,0.0011,0.0015,0.0087,0.3614,0.0630,1.0000,0.0104,0.3787
0.0087,0.7027,0.0424,0.9290,0.4134,0.2076,0.0081,0.0008,0.0000,0.0000,0.0001,0.0001,0.0003,0.0000,0.0000,0.0001,0.0010,0.0029,0.0073,0.0025,0.1219,0.0018,0.9998,0.0993,0.9999,0.0239,0.0423,0.0033
0.0139,0.0109,0.0159,0.0125,0.0080,0.0070,0.0039,0.0009,0.0004,0.0000,0.0006,0.0003,0.0111,0.0008,0.0001,0.0003,0.0037,0.0043,0.0101,0.0061,0.0038,0.0275,0.0299,1.0000,0.0505,0.5317,0.0022,0.0216
0.0162,0.2947,0.0059,0.0696,0.0023,0.0031,0.0001,0.0007,0.0000,0.0000,0.0002,0.0000,0.0008,0.0000,0.0018,0.0000,0.0000,0.0012,0.0136,0.0108,1.0000,0.1383,1.0000,0.0590,0.4984,0.0030,0.0023,0.0011
0.0143,0.0070,0.0057,0.0028,0.0057,0.0020,0.0029,0.0026,0.0024,0.0005,0.0013,0.0000,0.0001,0.0018,0.0042,0.0020,0.0002,0.0016,0.0114,0.0476,0.0745,1.0000,0.1064,0.7413,0.0147,0.0258,0.0012,0.0025
0.0239,0.0332,0.0072,0.0053,0.0048,0.0072,0.0055,0.0085,0.0074,0.0042,0.0020,0.0001,0.0003,0.0000,0.0020,0.0394,0.0006,0.0006,0.5399,0.0379,0.9992,0.1654,0.0314,0.0050,0.0019,0.0015,0.0012,0.0023
0.0128,0.0049,0.0042,0.0015,0.0035,0.0025,0.0033,0.0027,0.0035,0.0029,0.0033,0.0010,0.0037,0.0000,0.0002,0.0006,0.0169,0.4514,0.0008,0.4680,0.0013,0.9999,0.0103,0.1539,0.0016,0.0222,0.0015,0.0031
0.0157,0.0090,0.0077,0.0055,0.0067,0.0057,0.0033,0.0055,0.0038,0.0033,0.0021,0.0029,0.0043,0.0012,0.0016,0.0006,0.4514,0.2068,0.2804,0.0196,0.0011,0.0795,0.0017,0.0077,0.0022,0.0053,0.0032,0.0074
0.0406,0.0307,0.0109,0.0187,0.0114,0.0136,0.0022,0.0146,0.0032,0.0185,0.0033,0.0073,0.0101,0.0136,0.0114,0.5399,0.0008,0.2804,0.0336,0.2658,0.0000,0.0001,0.0001,0.0006,0.0016,0.0039,0.0092,0.0076
0.0630,0.0120,0.0222,0.0065,0.0133,0.0070,0.0063,0.0056,0.0040,0.0043,0.0014,0.0025,0.0061,0.0108,0.0476,0.0379,0.4680,0.0196,0.2658,0.0390,0.0003,0.0001,0.0001,0.0015,0.0006,0.0099,0.0055,0.0095
0.0082,0.0226,0.0050,0.0078,0.0076,0.0111,0.0091,0.0058,0.0057,0.0067,0.0011,0.1219,0.0038,1.0000,0.0745,0.9992,0.0013,0.0011,0.0000,0.0003,0.0017,0.0005,0.0000,0.0000,0.0001,0.0002,0.0057,0.0015
0.0249,0.0037,0.0082,0.0019,0.0044,0.0023,0.0026,0.0019,0.0023,0.0017,0.0015,0.0018,0.0275,0.1383,1.0000,0.1654,0.9999,0.0795,0.0001,0.0001,0.0005,0.0051,0.0000,0.0001,0.0000,0.0041,0.0006,0.0039
0.0183,0.1609,0.0149,0.0704,0.0251,0.0191,0.0247,0.0089,0.0164,0.0721,0.0087,0.9998,0.0299,1.0000,0.1064,0.0314,0.0103,0.0017,0.0001,0.0001,0.0000,0.0000,0.0016,0.0010,0.0000,0.0000,0.0000,0.0011
0.0103,0.0027,0.0086,0.0039,0.0038,0.0020,0.0051,0.0023,0.0153,0.0340,0.3614,0.0993,1.0000,0.0590,0.7413,0.0050,0.1539,0.0077,0.0006,0.0015,0.0000,0.0001,0.0010,0.0056,0.0001,0.0000,0.0001,0.0026
0.0257,0.6249,0.0322,0.4486,0.1928,0.0395,0.0943,0.0549,0.1288,0.9974,0.0630,0.9999,0.0505,0.4984,0.0147,0.0019,0.0016,0.0022,0.0016,0.0006,0.0001,0.0000,0.0000,0.0001,0.0000,0.0002,0.0000,0.0000
0.0050,0.0022,0.0087,0.0031,0.0103,0.0034,0.0111,0.0172,0.1507,0.2543,1.0000,0.0239,0.5317,0.0030,0.0258,0.0015,0.0222,0.0053,0.0039,0.0099,0.0002,0.0041,0.0000,0.0000,0.0002,0.0014,0.0001,0.0002
0.0071,0.0318,0.0074,0.1148,0.0430,0.1684,0.1001,0.6351,0.5757,0.9992,0.0104,0.0423,0.0022,0.0023,0.0012,0.0012,0.0015,0.0032,0.0092,0.0055,0.0057,0.0006,0.0000,0.0001,0.0000,0.0001,0.0075,0.0029
0.0122,0.0037,0.0149,0.0058,0.0089,0.0145,0.0344,0.1154,0.8854,0.0440,0.3787,0.0033,0.0216,0.0011,0.0025,0.0023,0.0031,0.0074,0.0076,0.0095,0.0015,0.0039,0.0011,0.0026,0.0000,0.0002,0.0029,0.0051