c1,c2,c3,c4,c5,c6,c7,c8,c9,c10,c11,c12,c13,c14,c15,c16,c17,c18,c19,c20,c21,c22,c23,c24,c25,c26,c27,c28
0.0000,0.0001,0.0001,0.0005,0.0090,0.0068,0.0146,0.0121,0.0262,0.0173,0.0165,0.0231,0.0129,0.0342,0.0126,0.0165,0.0109,0.0198,0.0459,0.0200,0.0146,0.0077,0.0440,0.0058,0.0251,0.0029,0.0067,0.0073
0.0001,0.0032,0.0039,0.0000,0.0002,0.0006,0.0043,0.0207,0.0134,0.0456,0.0062,0.1329,0.0071,0.0146,0.0098,0.0166,0.0069,0.0171,0.0333,0.0147,0.0202,0.0065,0.0549,0.0041,0.5718,0.0037,0.0757,0.0092
0.0001,0.0039,0.0070,0.0002,0.0001,0.0008,0.0127,0.0219,0.0576,0.0233,0.0100,0.0168,0.0140,0.0048,0.0051,0.0065,0.0055,0.0110,0.0195,0.0103,0.0068,0.0071,0.0207,0.0070,0.0644,0.0073,0.0285,0.0888
0.0005,0.0000,0.0002,0.0001,0.0013,0.0000,0.0011,0.0756,0.0182,0.9098,0.0062,0.2130,0.0065,0.0148,0.0022,0.0051,0.0013,0.0068,0.0236,0.0070,0.0328,0.0046,0.2762,0.0056,0.7216,0.0064,0.7043,0.0110
0.0090,0.0002,0.0001,0.0013,0.0054,0.0071,0.0005,0.0521,0.0038,0.0156,0.0059,0.0141,0.0037,0.0034,0.0049,0.0061,0.0050,0.0109,0.0172,0.0245,0.0101,0.0083,0.0297,0.0077,0.0686,0.0132,0.0694,0.0402
0.0068,0.0006,0.0008,0.0000,0.0071,0.0292,0.0678,0.0004,0.0022,0.0169,0.0023,0.0196,0.0018,0.0069,0.0032,0.0093,0.0033,0.0091,0.0312,0.0149,0.0397,0.0079,0.0341,0.0032,0.0484,0.0036,0.5206,0.0232
0.0146,0.0043,0.0127,0.0011,0.0005,0.0678,0.0023,0.2905,0.0004,0.0007,0.0006,0.0027,0.0014,0.0005,0.0031,0.0045,0.0027,0.0046,0.0025,0.0073,0.0151,0.0031,0.0482,0.0070,0.2635,0.0110,0.8566,0.0771
0.0121,0.0207,0.0219,0.0756,0.0521,0.0004,0.2905,0.0084,0.0328,0.0000,0.0002,0.0001,0.0002,0.0008,0.0026,0.0031,0.0030,0.0046,0.0126,0.0066,0.0081,0.0026,0.0094,0.0022,0.0578,0.0070,0.9845,0.3580
0.0262,0.0134,0.0576,0.0182,0.0038,0.0022,0.0004,0.0328,0.0022,0.0005,0.0000,0.0001,0.0004,0.0001,0.0046,0.0071,0.0076,0.0053,0.0063,0.0098,0.0082,0.0037,0.0195,0.0139,0.0673,0.0900,0.3871,0.9889
0.0173,0.0456,0.0233,0.9098,0.0156,0.0169,0.0007,0.0000,0.0005,0.0003,0.0001,0.0000,0.0000,0.0000,0.0005,0.0042,0.0051,0.0052,0.0417,0.0059,0.0125,0.0041,0.4721,0.0191,1.0000,0.1069,0.8829,0.0273
0.0165,0.0062,0.0100,0.0062,0.0059,0.0023,0.0006,0.0002,0.0000,0.0001,0.0010,0.0000,0.0001,0.0003,0.0048,0.0018,0.0090,0.0047,0.0073,0.0049,0.0015,0.0034,0.0065,0.3150,0.0377,1.0000,0.0058,0.9977
0.0231,0.1329,0.0168,0.2130,0.0141,0.0196,0.0027,0.0001,0.0001,0.0000,0.0000,0.0003,0.0014,0.0000,0.0000,0.0001,0.0012,0.0146,0.0230,0.0102,0.1907,0.0108,0.9995,0.2080,0.9999,0.0794,0.0172,0.0075
0.0129,0.0071,0.0140,0.0065,0.0037,0.0018,0.0014,0.0002,0.0004,0.0000,0.0001,0.0014,0.0083,0.0006,0.0005,0.0007,0.0064,0.0037,0.0112,0.0087,0.0067,0.0738,0.0506,1.0000,0.1350,0.9311,0.0016,0.0103
0.0342,0.0146,0.0048,0.0148,0.0034,0.0069,0.0005,0.0008,0.0001,0.0000,0.0003,0.0000,0.0006,0.0002,0.0021,0.0000,0.0001,0.0027,0.0063,0.0519,1.0000,0.4281,0.9997,0.0678,0.1510,0.0060,0.0038,0.0016
0.0126,0.0098,0.0051,0.0022,0.0049,0.0032,0.0031,0.0026,0.0046,0.0005,0.0048,0.0000,0.0005,0.0021,0.0058,0.0034,0.0001,0.0015,0.0076,0.0233,0.1233,0.9999,0.0439,0.2341,0.0185,0.0262,0.0012,0.0023
0.0165,0.0166,0.0065,0.0051,0.0061,0.0093,0.0045,0.0031,0.0071,0.0042,0.0018,0.0001,0.0007,0.0000,0.0034,0.0390,0.0022,0.0006,0.6460,0.1783,0.9972,0.1522,0.0223,0.0040,0.0015,0.0014,0.0011,0.0014
0.0109,0.0069,0.0055,0.0013,0.0050,0.0033,0.0027,0.0030,0.0076,0.0051,0.0090,0.0012,0.0064,0.0001,0.0001,0.0022,0.0193,0.3619,0.0007,0.2508,0.0013,0.9926,0.0144,0.1711,0.0029,0.0171,0.0013,0.0017
0.0198,0.0171,0.0110,0.0068,0.0109,0.0091,0.0046,0.0046,0.0053,0.0052,0.0047,0.0146,0.0037,0.0027,0.0015,0.0006,0.3619,0.0570,0.2256,0.0043,0.0007,0.0235,0.0015,0.0064,0.0036,0.0038,0.0031,0.0030
0.0459,0.0333,0.0195,0.0236,0.0172,0.0312,0.0025,0.0126,0.0063,0.0417,0.0073,0.0230,0.0112,0.0063,0.0076,0.6460,0.0007,0.2256,0.0062,0.2210,0.0000,0.0002,0.0002,0.0006,0.0019,0.0026,0.0031,0.0018
0.0200,0.0147,0.0103,0.0070,0.0245,0.0149,0.0073,0.0066,0.0098,0.0059,0.0049,0.0102,0.0087,0.0519,0.0233,0.1783,0.2508,0.0043,0.2210,0.0305,0.0003,0.0001,0.0001,0.0013,0.0003,0.0040,0.0025,0.0037
0.0146,0.0202,0.0068,0.0328,0.0101,0.0397,0.0151,0.0081,0.0082,0.0125,0.0015,0.1907,0.0067,1.0000,0.1233,0.9972,0.0013,0.0007,0.0000,0.0003,0.0019,0.0010,0.0000,0.0001,0.0000,0.0003,0.0032,0.0007
0.0077,0.0065,0.0071,0.0046,0.0083,0.0079,0.0031,0.0026,0.0037,0.0041,0.0034,0.0108,0.0738,0.4281,0.9999,0.1522,0.9926,0.0235,0.0002,0.0001,0.0010,0.0109,0.0001,0.0001,0.0000,0.0011,0.0004,0.0021
0.0440,0.0549,0.0207,0.2762,0.0297,0.0341,0.0482,0.0094,0.0195,0.4721,0.0065,0.9995,0.0506,0.9997,0.0439,0.0223,0.0144,0.0015,0.0002,0.0001,0.0000,0.0001,0.0022,0.0007,0.0000,0.0000,0.0000,0.0003
0.0058,0.0041,0.0070,0.0056,0.0077,0.0032,0.0070,0.0022,0.0139,0.0191,0.3150,0.2080,1.0000,0.0678,0.2341,0.0040,0.1711,0.0064,0.0006,0.0013,0.0001,0.0001,0.0007,0.0111,0.0000,0.0001,0.0001,0.0024
0.0251,0.5718,0.0644,0.7216,0.0686,0.0484,0.2635,0.0578,0.0673,1.0000,0.0377,0.9999,0.1350,0.1510,0.0185,0.0015,0.0029,0.0036,0.0019,0.0003,0.0000,0.0000,0.0000,0.0000,0.0000,0.0001,0.0000,0.0000
0.0029,0.0037,0.0073,0.0064,0.0132,0.0036,0.0110,0.0070,0.0900,0.1069,1.0000,0.0794,0.9311,0.0060,0.0262,0.0014,0.0171,0.0038,0.0026,0.0040,0.0003,0.0011,0.0000,0.0001,0.0001,0.0029,0.0001,0.0000
0.0067,0.0757,0.0285,0.7043,0.0694,0.5206,0.8566,0.9845,0.3871,0.8829,0.0058,0.0172,0.0016,0.0038,0.0012,0.0011,0.0013,0.0031,0.0031,0.0025,0.0032,0.0004,0.0000,0.0001,0.0000,0.0001,0.0024,0.0003
0.0073,0.0092,0.0888,0.0110,0.0402,0.0232,0.0771,0.3580,0.9889,0.0273,0.9977,0.0075,0.0103,0.0016,0.0023,0.0014,0.0017,0.0030,0.0018,0.0037,0.0007,0.0021,0.0003,0.0024,0.0000,0.0000,0.0003,0.0006