c1,c2,c3,c4,c5,c6,c7,c8,c9,c10,c11,c12,c13,c14,c15,c16,c17,c18,c19,c20,c21,c22,c23,c24,c25,c26,c27,c28
0.0007,0.0001,0.0002,0.0002,0.0100,0.0029,0.0145,0.0093,0.0131,0.0066,0.0134,0.0041,0.0164,0.0166,0.0219,0.0346,0.0190,0.0253,0.0386,0.0384,0.0085,0.0090,0.0106,0.0084,0.0202,0.0086,0.0082,0.0184
0.0001,0.0003,0.0010,0.0000,0.0001,0.0005,0.0026,0.0156,0.0166,0.0295,0.0059,0.2916,0.0200,0.1574,0.0197,0.0500,0.0085,0.0184,0.0597,0.0128,0.0273,0.0048,0.1542,0.0034,0.5689,0.0041,0.0320,0.0059
0.0002,0.0010,0.0079,0.0002,0.0001,0.0007,0.0154,0.0053,0.0301,0.0192,0.3630,0.0275,0.1568,0.0075,0.0087,0.0132,0.0103,0.0091,0.0094,0.0106,0.0048,0.0100,0.0117,0.0108,0.0107,0.0116,0.0032,0.0099
0.0002,0.0000,0.0002,0.0003,0.0014,0.0000,0.0008,0.0067,0.0192,0.1601,0.0971,0.9019,0.0191,0.0517,0.0100,0.0149,0.0041,0.0101,0.0285,0.0189,0.0241,0.0071,0.2421,0.0083,0.3175,0.0080,0.0247,0.0055
0.0100,0.0001,0.0001,0.0014,0.0151,0.0021,0.0004,0.0063,0.0122,0.0122,0.4463,0.0357,0.0229,0.0023,0.0090,0.0065,0.0086,0.0139,0.0080,0.0197,0.0062,0.0093,0.0160,0.0113,0.0156,0.0185,0.0062,0.0096
0.0029,0.0005,0.0007,0.0000,0.0021,0.0193,0.0556,0.0044,0.0130,0.4760,0.0293,0.3342,0.0066,0.0039,0.0029,0.0064,0.0031,0.0073,0.0196,0.0105,0.0105,0.0021,0.0134,0.0022,0.0391,0.0041,0.0373,0.0098
0.0145,0.0026,0.0154,0.0008,0.0004,0.0556,0.0057,0.1091,0.0023,0.0064,0.0078,0.0095,0.0074,0.0003,0.0051,0.0060,0.0059,0.0046,0.0029,0.0117,0.0106,0.0036,0.0242,0.0064,0.0415,0.0118,0.0210,0.0231
0.0093,0.0156,0.0053,0.0067,0.0063,0.0044,0.1091,0.0317,0.0807,0.0002,0.0016,0.0024,0.0008,0.0012,0.0040,0.0051,0.0038,0.0058,0.0107,0.0088,0.0056,0.0018,0.0107,0.0029,0.0566,0.0099,0.0896,0.0265
0.0131,0.0166,0.0301,0.0192,0.0122,0.0130,0.0023,0.0807,0.0022,0.0033,0.0000,0.0001,0.0005,0.0000,0.0054,0.0075,0.0083,0.0053,0.0050,0.0106,0.0076,0.0034,0.0229,0.0185,0.1190,0.1101,0.1151,0.1061
0.0066,0.0295,0.0192,0.1601,0.0122,0.4760,0.0064,0.0002,0.0033,0.0005,0.0004,0.0000,0.0000,0.0000,0.0007,0.0075,0.0082,0.0040,0.0132,0.0044,0.0095,0.0026,0.1525,0.0163,0.9673,0.0958,0.6480,0.0348
0.0134,0.0059,0.3630,0.0971,0.4463,0.0293,0.0078,0.0016,0.0000,0.0004,0.0015,0.0000,0.0001,0.0003,0.0017,0.0025,0.0075,0.0035,0.0051,0.0026,0.0012,0.0050,0.0080,0.6332,0.0196,0.9732,0.0090,0.0323
0.0041,0.2916,0.0275,0.9019,0.0357,0.3342,0.0095,0.0024,0.0001,0.0000,0.0000,0.0001,0.0010,0.0000,0.0001,0.0001,0.0011,0.0060,0.0119,0.0033,0.0898,0.0029,0.9987,0.0441,0.8851,0.0321,0.0467,0.0095
0.0164,0.0200,0.1568,0.0191,0.0229,0.0066,0.0074,0.0008,0.0005,0.0000,0.0001,0.0010,0.0126,0.0029,0.0001,0.0005,0.0039,0.0027,0.0093,0.0111,0.0048,0.0820,0.0723,0.9957,0.0201,0.1769,0.0029,0.0093
0.0166,0.1574,0.0075,0.0517,0.0023,0.0039,0.0003,0.0012,0.0000,0.0000,0.0003,0.0000,0.0029,0.0000,0.0048,0.0000,0.0001,0.0009,0.0131,0.0286,1.0000,0.1751,0.9984,0.1145,0.1198,0.0144,0.0080,0.0022
0.0219,0.0197,0.0087,0.0100,0.0090,0.0029,0.0051,0.0040,0.0054,0.0007,0.0017,0.0001,0.0001,0.0048,0.0035,0.0018,0.0001,0.0011,0.0069,0.0317,0.2510,0.9983,0.1032,0.0687,0.0090,0.0155,0.0033,0.0040
0.0346,0.0500,0.0132,0.0149,0.0065,0.0064,0.0060,0.0051,0.0075,0.0075,0.0025,0.0001,0.0005,0.0000,0.0018,0.0115,0.0007,0.0007,0.1931,0.0223,0.9973,0.1232,0.0292,0.0064,0.0021,0.0016,0.0019,0.0030
0.0190,0.0085,0.0103,0.0041,0.0086,0.0031,0.0059,0.0038,0.0083,0.0082,0.0075,0.0011,0.0039,0.0001,0.0001,0.0007,0.0097,0.2197,0.0006,0.1134,0.0036,0.9836,0.0127,0.0843,0.0025,0.0134,0.0025,0.0050
0.0253,0.0184,0.0091,0.0101,0.0139,0.0073,0.0046,0.0058,0.0053,0.0040,0.0035,0.0060,0.0027,0.0009,0.0011,0.0007,0.2197,0.0985,0.1202,0.0050,0.0011,0.0240,0.0031,0.0093,0.0027,0.0052,0.0056,0.0061
0.0386,0.0597,0.0094,0.0285,0.0080,0.0196,0.0029,0.0107,0.0050,0.0132,0.0051,0.0119,0.0093,0.0131,0.0069,0.1931,0.0006,0.1202,0.0127,0.1119,0.0000,0.0001,0.0003,0.0010,0.0033,0.0054,0.0189,0.0088
0.0384,0.0128,0.0106,0.0189,0.0197,0.0105,0.0117,0.0088,0.0106,0.0044,0.0026,0.0033,0.0111,0.0286,0.0317,0.0223,0.1134,0.0050,0.1119,0.0123,0.0003,0.0001,0.0001,0.0033,0.0015,0.0081,0.0051,0.0074
0.0085,0.0273,0.0048,0.0241,0.0062,0.0105,0.0106,0.0056,0.0076,0.0095,0.0012,0.0898,0.0048,1.0000,0.2510,0.9973,0.0036,0.0011,0.0000,0.0003,0.0013,0.0012,0.0000,0.0001,0.0002,0.0003,0.0064,0.0024
0.0090,0.0048,0.0100,0.0071,0.0093,0.0021,0.0036,0.0018,0.0034,0.0026,0.0050,0.0029,0.0820,0.1751,0.9983,0.1232,0.9836,0.0240,0.0001,0.0001,0.0012,0.0066,0.0001,0.0001,0.0002,0.0050,0.0013,0.0051
0.0106,0.1542,0.0117,0.2421,0.0160,0.0134,0.0242,0.0107,0.0229,0.1525,0.0080,0.9987,0.0723,0.9984,0.1032,0.0292,0.0127,0.0031,0.0003,0.0001,0.0000,0.0001,0.0009,0.0015,0.0000,0.0000,0.0002,0.0021
0.0084,0.0034,0.0108,0.0083,0.0113,0.0022,0.0064,0.0029,0.0185,0.0163,0.6332,0.0441,0.9957,0.1145,0.0687,0.0064,0.0843,0.0093,0.0010,0.0033,0.0001,0.0001,0.0015,0.0048,0.0002,0.0001,0.0003,0.0022
0.0202,0.5689,0.0107,0.3175,0.0156,0.0391,0.0415,0.0566,0.1190,0.9673,0.0196,0.8851,0.0201,0.1198,0.0090,0.0021,0.0025,0.0027,0.0033,0.0015,0.0002,0.0002,0.0000,0.0002,0.0001,0.0024,0.0000,0.0008
0.0086,0.0041,0.0116,0.0080,0.0185,0.0041,0.0118,0.0099,0.1101,0.0958,0.9732,0.0321,0.1769,0.0144,0.0155,0.0016,0.0134,0.0052,0.0054,0.0081,0.0003,0.0050,0.0000,0.0001,0.0024,0.0067,0.0010,0.0002
0.0082,0.0320,0.0032,0.0247,0.0062,0.0373,0.0210,0.0896,0.1151,0.6480,0.0090,0.0467,0.0029,0.0080,0.0033,0.0019,0.0025,0.0056,0.0189,0.0051,0.0064,0.0013,0.0002,0.0003,0.0000,0.0010,0.0579,0.0132
0.0184,0.0059,0.0099,0.0055,0.0096,0.0098,0.0231,0.0265,0.1061,0.0348,0.0323,0.0095,0.0093,0.0022,0.0040,0.0030,0.0050,0.0061,0.0088,0.0074,0.0024,0.0051,0.0021,0.0022,0.0008,0.0002,0.0132,0.0269