c1,c2,c3,c4,c5,c6,c7,c8,c9,c10,c11,c12,c13,c14,c15,c16,c17,c18,c19,c20,c21,c22,c23,c24,c25,c26,c27,c28
0.0293,0.0004,0.0015,0.0001,0.0034,0.0009,0.0023,0.0039,0.0028,0.0017,0.0016,0.0014,0.0054,0.0126,0.0204,0.0442,0.0558,0.0690,0.0996,0.4927,0.0149,0.0328,0.0162,0.0060,0.0067,0.0058,0.0059,0.0038
0.0004,0.0378,0.0110,0.0000,0.0001,0.0001,0.0003,0.0036,0.0034,0.0030,0.0019,0.0147,0.0064,0.2539,0.0045,0.0657,0.0191,0.0455,0.4008,0.1944,0.2330,0.0151,0.2339,0.0032,0.2768,0.0029,0.0091,0.0024
0.0015,0.0110,0.2450,0.0000,0.0004,0.0001,0.0005,0.0009,0.0030,0.0018,0.0033,0.0114,0.0147,0.0165,0.0119,0.0184,0.0658,0.0180,0.0510,0.1985,0.0061,0.2474,0.0180,0.0270,0.0106,0.0075,0.0043,0.0032
0.0001,0.0000,0.0000,0.0002,0.0002,0.0000,0.0001,0.0003,0.0006,0.0337,0.0022,0.9936,0.0082,0.6756,0.0105,0.0204,0.0045,0.0115,0.0867,0.0355,0.3159,0.0105,0.9986,0.0043,0.9965,0.0029,0.0227,0.0021
0.0034,0.0001,0.0004,0.0002,0.0193,0.0006,0.0001,0.0005,0.0003,0.0011,0.0186,0.0326,0.0742,0.0013,0.0653,0.0054,0.1158,0.0219,0.0225,0.1924,0.0041,0.7417,0.0673,0.1590,0.0237,0.0084,0.0055,0.0033
0.0009,0.0001,0.0001,0.0000,0.0006,0.0056,0.0232,0.0000,0.0005,0.0681,0.0477,0.9827,0.0329,0.0526,0.0190,0.0094,0.0047,0.0122,0.0522,0.0195,0.0544,0.0161,0.1767,0.0033,0.2231,0.0033,0.0344,0.0053
0.0023,0.0003,0.0005,0.0001,0.0001,0.0232,0.0053,0.1232,0.0196,0.0041,0.0039,0.0009,0.0044,0.0001,0.0074,0.0025,0.0049,0.0054,0.0032,0.0222,0.0102,0.0286,0.0686,0.2904,0.5340,0.0484,0.1348,0.0416
0.0039,0.0036,0.0009,0.0003,0.0005,0.0000,0.1232,0.2876,0.3752,0.0000,0.0015,0.0001,0.0016,0.0006,0.0038,0.0062,0.0097,0.0223,0.1112,0.0536,0.0206,0.0042,0.0193,0.0062,0.1132,0.0846,0.8788,0.7982
0.0028,0.0034,0.0030,0.0006,0.0003,0.0005,0.0196,0.3752,0.0945,0.0002,0.0000,0.0001,0.0002,0.0001,0.0008,0.0058,0.0027,0.0070,0.0104,0.0101,0.0081,0.0035,0.0234,0.0079,0.3448,0.2592,0.9994,0.9556
0.0017,0.0030,0.0018,0.0337,0.0011,0.0681,0.0041,0.0000,0.0002,0.0037,0.0002,0.0000,0.0000,0.0000,0.0004,0.0021,0.0188,0.0256,0.1132,0.0135,0.0212,0.0061,0.8209,0.0645,1.0000,0.2146,0.9676,0.0660
0.0016,0.0019,0.0033,0.0022,0.0186,0.0477,0.0039,0.0015,0.0000,0.0002,0.0158,0.0001,0.0003,0.0002,0.0017,0.0025,0.0072,0.0072,0.0074,0.0053,0.0010,0.0020,0.0065,0.2996,0.0721,1.0000,0.0836,0.6358
0.0014,0.0147,0.0114,0.9936,0.0326,0.9827,0.0009,0.0001,0.0001,0.0000,0.0001,0.0086,0.0005,0.0000,0.0000,0.0003,0.0012,0.0091,0.0161,0.0013,0.0900,0.0023,0.9999,0.0392,0.9945,0.0052,0.0175,0.0025
0.0054,0.0064,0.0147,0.0082,0.0742,0.0329,0.0044,0.0016,0.0002,0.0000,0.0003,0.0005,0.0948,0.0008,0.0001,0.0005,0.0020,0.0059,0.0085,0.0117,0.0041,0.1243,0.0462,0.9999,0.0251,0.1951,0.0054,0.0095
0.0126,0.2539,0.0165,0.6756,0.0013,0.0526,0.0001,0.0006,0.0001,0.0000,0.0002,0.0000,0.0008,0.0001,0.0154,0.0000,0.0000,0.0007,0.0028,0.0187,1.0000,0.0315,1.0000,0.0521,0.1734,0.0025,0.0041,0.0019
0.0204,0.0045,0.0119,0.0105,0.0653,0.0190,0.0074,0.0038,0.0008,0.0004,0.0017,0.0000,0.0001,0.0154,0.0117,0.0016,0.0000,0.0009,0.0006,0.0066,0.0213,0.9998,0.1170,0.7715,0.0117,0.0142,0.0022,0.0035
0.0442,0.0657,0.0184,0.0204,0.0054,0.0094,0.0025,0.0062,0.0058,0.0021,0.0025,0.0003,0.0005,0.0000,0.0016,0.0307,0.0005,0.0001,0.1043,0.0067,0.9990,0.0540,0.1407,0.0103,0.0022,0.0021,0.0025,0.0026
0.0558,0.0191,0.0658,0.0045,0.1158,0.0047,0.0049,0.0097,0.0027,0.0188,0.0072,0.0012,0.0020,0.0000,0.0000,0.0005,0.4598,0.1150,0.0000,0.0439,0.0010,0.9160,0.0377,0.1927,0.0019,0.0053,0.0014,0.0018
0.0690,0.0455,0.0180,0.0115,0.0219,0.0122,0.0054,0.0223,0.0070,0.0256,0.0072,0.0091,0.0059,0.0007,0.0009,0.0001,0.1150,0.0672,0.1730,0.0005,0.0008,0.0119,0.0015,0.0072,0.0019,0.0033,0.0041,0.0036
0.0996,0.4008,0.0510,0.0867,0.0225,0.0522,0.0032,0.1112,0.0104,0.1132,0.0074,0.0161,0.0085,0.0028,0.0006,0.1043,0.0000,0.1730,0.0118,0.1509,0.0000,0.0001,0.0002,0.0006,0.0016,0.0009,0.0061,0.0052
0.4927,0.1944,0.1985,0.0355,0.1924,0.0195,0.0222,0.0536,0.0101,0.0135,0.0053,0.0013,0.0117,0.0187,0.0066,0.0067,0.0439,0.0005,0.1509,0.0232,0.0002,0.0001,0.0000,0.0020,0.0001,0.0021,0.0006,0.0014
0.0149,0.2330,0.0061,0.3159,0.0041,0.0544,0.0102,0.0206,0.0081,0.0212,0.0010,0.0900,0.0041,1.0000,0.0213,0.9990,0.0010,0.0008,0.0000,0.0002,0.0317,0.0011,0.0000,0.0000,0.0000,0.0002,0.0094,0.0017
0.0328,0.0151,0.2474,0.0105,0.7417,0.0161,0.0286,0.0042,0.0035,0.0061,0.0020,0.0023,0.1243,0.0315,0.9998,0.0540,0.9160,0.0119,0.0001,0.0001,0.0011,0.0132,0.0000,0.0000,0.0000,0.0005,0.0001,0.0023
0.0162,0.2339,0.0180,0.9986,0.0673,0.1767,0.0686,0.0193,0.0234,0.8209,0.0065,0.9999,0.0462,1.0000,0.1170,0.1407,0.0377,0.0015,0.0002,0.0000,0.0000,0.0000,0.0005,0.0001,0.0000,0.0000,0.0000,0.0002
0.0060,0.0032,0.0270,0.0043,0.1590,0.0033,0.2904,0.0062,0.0079,0.0645,0.2996,0.0392,0.9999,0.0521,0.7715,0.0103,0.1927,0.0072,0.0006,0.0020,0.0000,0.0000,0.0001,0.0020,0.0000,0.0000,0.0001,0.0009
0.0067,0.2768,0.0106,0.9965,0.0237,0.2231,0.5340,0.1132,0.3448,1.0000,0.0721,0.9945,0.0251,0.1734,0.0117,0.0022,0.0019,0.0019,0.0016,0.0001,0.0000,0.0000,0.0000,0.0000,0.0000,0.0007,0.0000,0.0000
0.0058,0.0029,0.0075,0.0029,0.0084,0.0033,0.0484,0.0846,0.2592,0.2146,1.0000,0.0052,0.1951,0.0025,0.0142,0.0021,0.0053,0.0033,0.0009,0.0021,0.0002,0.0005,0.0000,0.0000,0.0007,0.0163,0.0011,0.0071
0.0059,0.0091,0.0043,0.0227,0.0055,0.0344,0.1348,0.8788,0.9994,0.9676,0.0836,0.0175,0.0054,0.0041,0.0022,0.0025,0.0014,0.0041,0.0061,0.0006,0.0094,0.0001,0.0000,0.0001,0.0000,0.0011,0.0097,0.0329
0.0038,0.0024,0.0032,0.0021,0.0033,0.0053,0.0416,0.7982,0.9556,0.0660,0.6358,0.0025,0.0095,0.0019,0.0035,0.0026,0.0018,0.0036,0.0052,0.0014,0.0017,0.0023,0.0002,0.0009,0.0000,0.0071,0.0329,0.0247