c1,c2,c3,c4,c5,c6,c7,c8,c9,c10,c11,c12,c13,c14,c15,c16,c17,c18,c19,c20,c21,c22,c23,c24,c25,c26,c27,c28
0.0004,0.0006,0.0005,0.0003,0.0070,0.0006,0.0046,0.0033,0.0043,0.0028,0.0061,0.0039,0.0208,0.0492,0.0712,0.0769,0.0124,0.0357,0.0885,0.1011,0.0119,0.0162,0.0198,0.0040,0.0150,0.0032,0.0097,0.0052
0.0006,0.0095,0.0061,0.0000,0.0002,0.0001,0.0007,0.0030,0.0049,0.0031,0.0037,0.0313,0.0185,0.7559,0.0048,0.0991,0.0063,0.0130,0.0768,0.0369,0.0789,0.0055,0.2425,0.0022,0.4384,0.0017,0.0312,0.0030
0.0005,0.0061,0.1448,0.0001,0.0013,0.0001,0.0018,0.0015,0.0085,0.0048,0.1035,0.0184,0.2119,0.0084,0.0097,0.0061,0.0066,0.0067,0.0210,0.0297,0.0030,0.0322,0.0286,0.0224,0.0137,0.0069,0.0030,0.0073
0.0003,0.0000,0.0001,0.0019,0.0006,0.0000,0.0000,0.0005,0.0013,0.0285,0.0146,0.9994,0.0071,0.8089,0.0036,0.0092,0.0027,0.0045,0.0260,0.0036,0.0195,0.0027,0.9986,0.0042,0.9917,0.0027,0.0324,0.0016
0.0070,0.0002,0.0013,0.0006,0.0131,0.0010,0.0021,0.0039,0.0018,0.0054,0.4560,0.0154,0.0127,0.0021,0.0126,0.0051,0.0102,0.0095,0.0190,0.0719,0.0040,0.0170,0.0299,0.0080,0.0180,0.0099,0.0069,0.0124
0.0006,0.0001,0.0001,0.0000,0.0010,0.0060,0.0346,0.0030,0.0018,0.6533,0.3035,0.8997,0.0088,0.0095,0.0037,0.0060,0.0018,0.0065,0.0352,0.0038,0.0251,0.0016,0.2328,0.0021,0.3992,0.0018,0.0350,0.0073
0.0046,0.0007,0.0018,0.0000,0.0021,0.0346,0.0004,0.6200,0.0197,0.4175,0.0092,0.0017,0.0044,0.0009,0.0059,0.0048,0.0022,0.0044,0.0017,0.0147,0.0031,0.0053,0.0387,0.0127,0.0897,0.0112,0.0380,0.0362
0.0033,0.0030,0.0015,0.0005,0.0039,0.0030,0.6200,0.3388,0.6635,0.0000,0.0002,0.0001,0.0003,0.0005,0.0025,0.0108,0.0042,0.0079,0.0734,0.0104,0.0016,0.0011,0.0053,0.0008,0.0354,0.0204,0.7004,0.9764
0.0043,0.0049,0.0085,0.0013,0.0018,0.0018,0.0197,0.6635,0.0041,0.0001,0.0000,0.0000,0.0002,0.0002,0.0029,0.0090,0.0043,0.0044,0.0063,0.0056,0.0029,0.0013,0.0134,0.0029,0.1834,0.5179,0.9278,0.9982
0.0028,0.0031,0.0048,0.0285,0.0054,0.6533,0.4175,0.0000,0.0001,0.0005,0.0002,0.0000,0.0000,0.0000,0.0002,0.0035,0.0039,0.0052,0.0373,0.0040,0.0142,0.0040,0.8983,0.0133,1.0000,0.2111,0.9558,0.0372
0.0061,0.0037,0.1035,0.0146,0.4560,0.3035,0.0092,0.0002,0.0000,0.0002,0.0086,0.0000,0.0001,0.0000,0.0019,0.0004,0.0042,0.0039,0.0029,0.0020,0.0006,0.0028,0.0075,0.5722,0.0752,1.0000,0.0086,0.2537
0.0039,0.0313,0.0184,0.9994,0.0154,0.8997,0.0017,0.0001,0.0000,0.0000,0.0000,0.0019,0.0002,0.0000,0.0000,0.0001,0.0008,0.0030,0.0086,0.0017,0.0496,0.0060,1.0000,0.0429,0.9998,0.0385,0.0165,0.0041
0.0208,0.0185,0.2119,0.0071,0.0127,0.0088,0.0044,0.0003,0.0002,0.0000,0.0001,0.0002,0.1144,0.0000,0.0002,0.0001,0.0015,0.0025,0.0050,0.0040,0.0018,0.1027,0.1313,1.0000,0.0087,0.9808,0.0027,0.0080
0.0492,0.7559,0.0084,0.8089,0.0021,0.0095,0.0009,0.0005,0.0002,0.0000,0.0000,0.0000,0.0000,0.0004,0.0002,0.0000,0.0000,0.0009,0.0741,0.0346,1.0000,0.0297,1.0000,0.0449,0.0177,0.0027,0.0013,0.0009
0.0712,0.0048,0.0097,0.0036,0.0126,0.0037,0.0059,0.0025,0.0029,0.0002,0.0019,0.0000,0.0002,0.0002,0.0059,0.0011,0.0001,0.0017,0.0058,0.0137,0.0686,1.0000,0.0384,0.9095,0.0030,0.1794,0.0016,0.0033
0.0769,0.0991,0.0061,0.0092,0.0051,0.0060,0.0048,0.0108,0.0090,0.0035,0.0004,0.0001,0.0001,0.0000,0.0011,0.0151,0.0005,0.0007,0.5921,0.0439,1.0000,0.0625,0.0150,0.0039,0.0015,0.0011,0.0017,0.0017
0.0124,0.0063,0.0066,0.0027,0.0102,0.0018,0.0022,0.0042,0.0043,0.0039,0.0042,0.0008,0.0015,0.0000,0.0001,0.0005,0.0058,0.7841,0.0004,0.7170,0.0013,0.9998,0.0075,0.0794,0.0036,0.0097,0.0019,0.0047
0.0357,0.0130,0.0067,0.0045,0.0095,0.0065,0.0044,0.0079,0.0044,0.0052,0.0039,0.0030,0.0025,0.0009,0.0017,0.0007,0.7841,0.3007,0.3366,0.0082,0.0006,0.0417,0.0007,0.0048,0.0008,0.0049,0.0021,0.0079
0.0885,0.0768,0.0210,0.0260,0.0190,0.0352,0.0017,0.0734,0.0063,0.0373,0.0029,0.0086,0.0050,0.0741,0.0058,0.5921,0.0004,0.3366,0.0418,0.4738,0.0000,0.0001,0.0000,0.0003,0.0004,0.0006,0.0013,0.0036
0.1011,0.0369,0.0297,0.0036,0.0719,0.0038,0.0147,0.0104,0.0056,0.0040,0.0020,0.0017,0.0040,0.0346,0.0137,0.0439,0.7170,0.0082,0.4738,0.0533,0.0003,0.0001,0.0000,0.0013,0.0002,0.0021,0.0029,0.0050
0.0119,0.0789,0.0030,0.0195,0.0040,0.0251,0.0031,0.0016,0.0029,0.0142,0.0006,0.0496,0.0018,1.0000,0.0686,1.0000,0.0013,0.0006,0.0000,0.0003,0.0318,0.0005,0.0000,0.0000,0.0000,0.0001,0.0043,0.0023
0.0162,0.0055,0.0322,0.0027,0.0170,0.0016,0.0053,0.0011,0.0013,0.0040,0.0028,0.0060,0.1027,0.0297,1.0000,0.0625,0.9998,0.0417,0.0001,0.0001,0.0005,0.0138,0.0000,0.0002,0.0000,0.0015,0.0004,0.0026
0.0198,0.2425,0.0286,0.9986,0.0299,0.2328,0.0387,0.0053,0.0134,0.8983,0.0075,1.0000,0.1313,1.0000,0.0384,0.0150,0.0075,0.0007,0.0000,0.0000,0.0000,0.0000,0.0002,0.0001,0.0000,0.0000,0.0000,0.0003
0.0040,0.0022,0.0224,0.0042,0.0080,0.0021,0.0127,0.0008,0.0029,0.0133,0.5722,0.0429,1.0000,0.0449,0.9095,0.0039,0.0794,0.0048,0.0003,0.0013,0.0000,0.0002,0.0001,0.0156,0.0000,0.0002,0.0005,0.0010
0.0150,0.4384,0.0137,0.9917,0.0180,0.3992,0.0897,0.0354,0.1834,1.0000,0.0752,0.9998,0.0087,0.0177,0.0030,0.0015,0.0036,0.0008,0.0004,0.0002,0.0000,0.0000,0.0000,0.0000,0.0000,0.0001,0.0000,0.0000
0.0032,0.0017,0.0069,0.0027,0.0099,0.0018,0.0112,0.0204,0.5179,0.2111,1.0000,0.0385,0.9808,0.0027,0.1794,0.0011,0.0097,0.0049,0.0006,0.0021,0.0001,0.0015,0.0000,0.0002,0.0001,0.0069,0.0106,0.0000
0.0097,0.0312,0.0030,0.0324,0.0069,0.0350,0.0380,0.7004,0.9278,0.9558,0.0086,0.0165,0.0027,0.0013,0.0016,0.0017,0.0019,0.0021,0.0013,0.0029,0.0043,0.0004,0.0000,0.0005,0.0000,0.0106,0.1006,0.0425
0.0052,0.0030,0.0073,0.0016,0.0124,0.0073,0.0362,0.9764,0.9982,0.0372,0.2537,0.0041,0.0080,0.0009,0.0033,0.0017,0.0047,0.0079,0.0036,0.0050,0.0023,0.0026,0.0003,0.0010,0.0000,0.0000,0.0425,0.0013