c1,c2,c3,c4,c5,c6,c7,c8,c9,c10,c11,c12,c13,c14,c15,c16,c17,c18,c19,c20,c21,c22,c23,c24,c25,c26,c27,c28
0.0000,0.0001,0.0001,0.0004,0.0136,0.0050,0.0097,0.0082,0.0165,0.0060,0.0297,0.0235,0.0193,0.0444,0.0167,0.0192,0.0095,0.0123,0.0351,0.0203,0.0089,0.0114,0.0316,0.0121,0.0424,0.0081,0.0085,0.0080
0.0001,0.0011,0.0018,0.0000,0.0001,0.0007,0.0021,0.0071,0.0117,0.0077,0.0123,0.7393,0.0099,0.1513,0.0050,0.0190,0.0051,0.0100,0.0383,0.0141,0.0307,0.0056,0.1490,0.0039,0.7461,0.0028,0.1114,0.0057
0.0001,0.0018,0.0129,0.0002,0.0001,0.0005,0.0100,0.0052,0.0571,0.0114,0.1120,0.0714,0.0382,0.0065,0.0072,0.0063,0.0054,0.0068,0.0152,0.0117,0.0040,0.0102,0.0147,0.0194,0.0338,0.0200,0.0058,0.0243
0.0004,0.0000,0.0002,0.0001,0.0013,0.0000,0.0016,0.0254,0.0172,0.2640,0.0165,0.9953,0.0065,0.0823,0.0018,0.0029,0.0012,0.0040,0.0151,0.0082,0.0150,0.0031,0.4365,0.0038,0.8831,0.0043,0.3295,0.0046
0.0136,0.0001,0.0001,0.0013,0.0045,0.0022,0.0010,0.0075,0.0110,0.0195,0.0848,0.2101,0.0082,0.0024,0.0077,0.0047,0.0041,0.0059,0.0111,0.0117,0.0078,0.0055,0.0250,0.0071,0.0561,0.0109,0.0335,0.0189
0.0050,0.0007,0.0005,0.0000,0.0022,0.0075,0.0796,0.0093,0.0052,0.2880,0.0054,0.3005,0.0034,0.0028,0.0015,0.0059,0.0019,0.0052,0.0171,0.0069,0.0141,0.0032,0.0330,0.0019,0.0675,0.0032,0.3116,0.0127
0.0097,0.0021,0.0100,0.0016,0.0010,0.0796,0.0006,0.4208,0.0016,0.0057,0.0039,0.0072,0.0025,0.0001,0.0030,0.0047,0.0030,0.0034,0.0017,0.0069,0.0126,0.0027,0.0248,0.0047,0.1687,0.0110,0.4152,0.0975
0.0082,0.0071,0.0052,0.0254,0.0075,0.0093,0.4208,0.0142,0.0912,0.0000,0.0001,0.0003,0.0003,0.0004,0.0019,0.0061,0.0025,0.0050,0.0171,0.0079,0.0050,0.0015,0.0077,0.0012,0.0428,0.0104,0.9374,0.6256
0.0165,0.0117,0.0571,0.0172,0.0110,0.0052,0.0016,0.0912,0.0035,0.0003,0.0000,0.0000,0.0004,0.0001,0.0027,0.0095,0.0029,0.0034,0.0041,0.0046,0.0056,0.0016,0.0119,0.0085,0.0962,0.0794,0.6902,0.9995
0.0060,0.0077,0.0114,0.2640,0.0195,0.2880,0.0057,0.0000,0.0003,0.0004,0.0001,0.0000,0.0000,0.0000,0.0007,0.0063,0.0048,0.0046,0.0303,0.0050,0.0180,0.0025,0.2728,0.0116,0.9985,0.1603,0.9995,0.0486
0.0297,0.0123,0.1120,0.0165,0.0848,0.0054,0.0039,0.0001,0.0000,0.0001,0.0028,0.0000,0.0004,0.0001,0.0031,0.0015,0.0059,0.0036,0.0048,0.0025,0.0011,0.0014,0.0052,0.0805,0.0519,1.0000,0.0139,0.7036
0.0235,0.7393,0.0714,0.9953,0.2101,0.3005,0.0072,0.0003,0.0000,0.0000,0.0000,0.0001,0.0005,0.0000,0.0000,0.0001,0.0005,0.0037,0.0086,0.0032,0.0857,0.0025,0.9998,0.0536,0.9994,0.0177,0.0098,0.0029
0.0193,0.0099,0.0382,0.0065,0.0082,0.0034,0.0025,0.0003,0.0004,0.0000,0.0004,0.0005,0.0393,0.0002,0.0004,0.0003,0.0076,0.0055,0.0114,0.0097,0.0026,0.0444,0.0304,1.0000,0.0288,0.6375,0.0018,0.0170
0.0444,0.1513,0.0065,0.0823,0.0024,0.0028,0.0001,0.0004,0.0001,0.0000,0.0001,0.0000,0.0002,0.0000,0.0019,0.0000,0.0000,0.0017,0.0283,0.0273,1.0000,0.0688,1.0000,0.0411,0.2820,0.0048,0.0028,0.0009
0.0167,0.0050,0.0072,0.0018,0.0077,0.0015,0.0030,0.0019,0.0027,0.0007,0.0031,0.0000,0.0004,0.0019,0.0079,0.0016,0.0002,0.0022,0.0108,0.0281,0.0305,1.0000,0.0525,0.8544,0.0063,0.0398,0.0009,0.0019
0.0192,0.0190,0.0063,0.0029,0.0047,0.0059,0.0047,0.0061,0.0095,0.0063,0.0015,0.0001,0.0003,0.0000,0.0016,0.0989,0.0006,0.0008,0.6121,0.0389,0.9996,0.1191,0.0308,0.0068,0.0018,0.0022,0.0011,0.0016
0.0095,0.0051,0.0054,0.0012,0.0041,0.0019,0.0030,0.0025,0.0029,0.0048,0.0059,0.0005,0.0076,0.0000,0.0002,0.0006,0.0129,0.6914,0.0006,0.2261,0.0008,0.9999,0.0084,0.5019,0.0023,0.0271,0.0010,0.0017
0.0123,0.0100,0.0068,0.0040,0.0059,0.0052,0.0034,0.0050,0.0034,0.0046,0.0036,0.0037,0.0055,0.0017,0.0022,0.0008,0.6914,0.1788,0.2242,0.0109,0.0005,0.1210,0.0012,0.0086,0.0015,0.0070,0.0029,0.0038
0.0351,0.0383,0.0152,0.0151,0.0111,0.0171,0.0017,0.0171,0.0041,0.0303,0.0048,0.0086,0.0114,0.0283,0.0108,0.6121,0.0006,0.2242,0.0254,0.2188,0.0000,0.0001,0.0002,0.0004,0.0017,0.0033,0.0082,0.0057
0.0203,0.0141,0.0117,0.0082,0.0117,0.0069,0.0069,0.0079,0.0046,0.0050,0.0025,0.0032,0.0097,0.0273,0.0281,0.0389,0.2261,0.0109,0.2188,0.0687,0.0004,0.0001,0.0001,0.0028,0.0008,0.0101,0.0043,0.0060
0.0089,0.0307,0.0040,0.0150,0.0078,0.0141,0.0126,0.0050,0.0056,0.0180,0.0011,0.0857,0.0026,1.0000,0.0305,0.9996,0.0008,0.0005,0.0000,0.0004,0.0016,0.0011,0.0000,0.0000,0.0001,0.0003,0.0052,0.0011
0.0114,0.0056,0.0102,0.0031,0.0055,0.0032,0.0027,0.0015,0.0016,0.0025,0.0014,0.0025,0.0444,0.0688,1.0000,0.1191,0.9999,0.1210,0.0001,0.0001,0.0011,0.0093,0.0000,0.0001,0.0000,0.0023,0.0003,0.0016
0.0316,0.1490,0.0147,0.4365,0.0250,0.0330,0.0248,0.0077,0.0119,0.2728,0.0052,0.9998,0.0304,1.0000,0.0525,0.0308,0.0084,0.0012,0.0002,0.0001,0.0000,0.0000,0.0010,0.0007,0.0000,0.0000,0.0000,0.0004
0.0121,0.0039,0.0194,0.0038,0.0071,0.0019,0.0047,0.0012,0.0085,0.0116,0.0805,0.0536,1.0000,0.0411,0.8544,0.0068,0.5019,0.0086,0.0004,0.0028,0.0000,0.0001,0.0007,0.0115,0.0000,0.0001,0.0001,0.0016
0.0424,0.7461,0.0338,0.8831,0.0561,0.0675,0.1687,0.0428,0.0962,0.9985,0.0519,0.9994,0.0288,0.2820,0.0063,0.0018,0.0023,0.0015,0.0017,0.0008,0.0001,0.0000,0.0000,0.0000,0.0003,0.0001,0.0000,0.0000
0.0081,0.0028,0.0200,0.0043,0.0109,0.0032,0.0110,0.0104,0.0794,0.1603,1.0000,0.0177,0.6375,0.0048,0.0398,0.0022,0.0271,0.0070,0.0033,0.0101,0.0003,0.0023,0.0000,0.0001,0.0001,0.0021,0.0001,0.0000
0.0085,0.1114,0.0058,0.3295,0.0335,0.3116,0.4152,0.9374,0.6902,0.9995,0.0139,0.0098,0.0018,0.0028,0.0009,0.0011,0.0010,0.0029,0.0082,0.0043,0.0052,0.0003,0.0000,0.0001,0.0000,0.0001,0.0020,0.0007
0.0080,0.0057,0.0243,0.0046,0.0189,0.0127,0.0975,0.6256,0.9995,0.0486,0.7036,0.0029,0.0170,0.0009,0.0019,0.0016,0.0017,0.0038,0.0057,0.0060,0.0011,0.0016,0.0004,0.0016,0.0000,0.0000,0.0007,0.0010