c1,c2,c3,c4,c5,c6,c7,c8,c9,c10,c11,c12,c13,c14,c15,c16,c17,c18,c19,c20,c21,c22,c23,c24,c25,c26,c27,c28
0.0022,0.0019,0.0003,0.0022,0.0041,0.0011,0.0012,0.0026,0.0023,0.0025,0.0020,0.0029,0.0047,0.0227,0.0135,0.0705,0.0207,0.0941,0.1476,0.2615,0.0351,0.0209,0.0532,0.0050,0.0124,0.0021,0.0039,0.0017
0.0019,0.0396,0.0177,0.0000,0.0001,0.0001,0.0003,0.0024,0.0030,0.0020,0.0024,0.0305,0.0150,0.0873,0.0045,0.0427,0.0125,0.0489,0.1689,0.0828,0.1715,0.0228,0.2361,0.0049,0.0995,0.0022,0.0099,0.0015
0.0003,0.0177,0.2740,0.0007,0.0001,0.0002,0.0003,0.0009,0.0028,0.0019,0.0029,0.0163,0.0071,0.0153,0.0064,0.0150,0.0247,0.0234,0.0953,0.1106,0.0148,0.1403,0.0653,0.0226,0.0313,0.0032,0.0035,0.0024
0.0022,0.0000,0.0007,0.0027,0.0005,0.0000,0.0001,0.0002,0.0012,0.0087,0.0022,0.6270,0.0104,0.3723,0.0129,0.0028,0.0038,0.0244,0.0314,0.0192,0.0733,0.0299,0.9908,0.0089,0.9256,0.0054,0.0407,0.0019
0.0041,0.0001,0.0001,0.0005,0.0077,0.0005,0.0002,0.0004,0.0002,0.0023,0.0072,0.0531,0.0207,0.0021,0.0281,0.0057,0.0372,0.0223,0.0238,0.2041,0.0067,0.6915,0.0854,0.3004,0.0776,0.0082,0.0084,0.0057
0.0011,0.0001,0.0002,0.0000,0.0005,0.0094,0.0249,0.0001,0.0002,0.1679,0.0880,0.9773,0.0645,0.0210,0.0115,0.0027,0.0017,0.0118,0.0148,0.0180,0.0116,0.0064,0.1519,0.0047,0.2088,0.0081,0.0424,0.0055
0.0012,0.0003,0.0003,0.0001,0.0002,0.0249,0.0011,0.2154,0.0128,0.0259,0.0034,0.0022,0.0049,0.0001,0.0055,0.0011,0.0036,0.0040,0.0018,0.0157,0.0047,0.0344,0.1066,0.4929,0.7256,0.1599,0.0784,0.0720
0.0026,0.0024,0.0009,0.0002,0.0004,0.0001,0.2154,0.2939,0.3737,0.0000,0.0006,0.0001,0.0011,0.0007,0.0046,0.0073,0.0056,0.0223,0.0869,0.0419,0.0116,0.0041,0.0125,0.0026,0.0476,0.0237,0.8982,0.9888
0.0023,0.0030,0.0028,0.0012,0.0002,0.0002,0.0128,0.3737,0.0242,0.0001,0.0000,0.0001,0.0002,0.0001,0.0014,0.0033,0.0029,0.0072,0.0060,0.0073,0.0034,0.0023,0.0173,0.0096,0.3322,0.1536,0.9993,0.9999
0.0025,0.0020,0.0019,0.0087,0.0023,0.1679,0.0259,0.0000,0.0001,0.0035,0.0001,0.0000,0.0000,0.0000,0.0002,0.0015,0.0217,0.0317,0.0610,0.0062,0.0119,0.0056,0.5122,0.0265,1.0000,0.5986,0.9979,0.1181
0.0020,0.0024,0.0029,0.0022,0.0072,0.0880,0.0034,0.0006,0.0000,0.0001,0.0188,0.0001,0.0004,0.0002,0.0030,0.0023,0.0039,0.0045,0.0052,0.0024,0.0010,0.0017,0.0035,0.0906,0.0628,1.0000,0.0176,0.9878
0.0029,0.0305,0.0163,0.6270,0.0531,0.9773,0.0022,0.0001,0.0001,0.0000,0.0001,0.0414,0.0006,0.0000,0.0000,0.0001,0.0008,0.0043,0.0084,0.0022,0.0328,0.0029,0.9996,0.0287,0.9993,0.0367,0.0380,0.0051
0.0047,0.0150,0.0071,0.0104,0.0207,0.0645,0.0049,0.0011,0.0002,0.0000,0.0004,0.0006,0.1611,0.0007,0.0002,0.0002,0.0019,0.0035,0.0096,0.0059,0.0032,0.0504,0.0172,0.9999,0.0590,0.6533,0.0044,0.0133
0.0227,0.0873,0.0153,0.3723,0.0021,0.0210,0.0001,0.0007,0.0001,0.0000,0.0002,0.0000,0.0007,0.0018,0.0162,0.0000,0.0000,0.0004,0.0015,0.0104,1.0000,0.0370,1.0000,0.0423,0.2391,0.0059,0.0134,0.0013
0.0135,0.0045,0.0064,0.0129,0.0281,0.0115,0.0055,0.0046,0.0014,0.0002,0.0030,0.0000,0.0002,0.0162,0.0119,0.0004,0.0001,0.0005,0.0019,0.0116,0.0218,0.9999,0.0499,0.8021,0.0093,0.0418,0.0023,0.0027
0.0705,0.0427,0.0150,0.0028,0.0057,0.0027,0.0011,0.0073,0.0033,0.0015,0.0023,0.0001,0.0002,0.0000,0.0004,0.0036,0.0009,0.0009,0.6761,0.1035,0.9999,0.1128,0.1126,0.0399,0.0032,0.0025,0.0013,0.0008
0.0207,0.0125,0.0247,0.0038,0.0372,0.0017,0.0036,0.0056,0.0029,0.0217,0.0039,0.0008,0.0019,0.0000,0.0001,0.0009,0.0346,0.0697,0.0001,0.3544,0.0021,0.9902,0.0285,0.2153,0.0049,0.0065,0.0032,0.0023
0.0941,0.0489,0.0234,0.0244,0.0223,0.0118,0.0040,0.0223,0.0072,0.0317,0.0045,0.0043,0.0035,0.0004,0.0005,0.0009,0.0697,0.0769,0.2613,0.0006,0.0008,0.0077,0.0016,0.0046,0.0020,0.0024,0.0038,0.0034
0.1476,0.1689,0.0953,0.0314,0.0238,0.0148,0.0018,0.0869,0.0060,0.0610,0.0052,0.0084,0.0096,0.0015,0.0019,0.6761,0.0001,0.2613,0.0071,0.0928,0.0000,0.0001,0.0001,0.0004,0.0026,0.0014,0.0057,0.0031
0.2615,0.0828,0.1106,0.0192,0.2041,0.0180,0.0157,0.0419,0.0073,0.0062,0.0024,0.0022,0.0059,0.0104,0.0116,0.1035,0.3544,0.0006,0.0928,0.0103,0.0007,0.0001,0.0000,0.0007,0.0002,0.0012,0.0012,0.0011
0.0351,0.1715,0.0148,0.0733,0.0067,0.0116,0.0047,0.0116,0.0034,0.0119,0.0010,0.0328,0.0032,1.0000,0.0218,0.9999,0.0021,0.0008,0.0000,0.0007,0.0149,0.0023,0.0000,0.0000,0.0000,0.0001,0.0051,0.0005
0.0209,0.0228,0.1403,0.0299,0.6915,0.0064,0.0344,0.0041,0.0023,0.0056,0.0017,0.0029,0.0504,0.0370,0.9999,0.1128,0.9902,0.0077,0.0001,0.0001,0.0023,0.0021,0.0000,0.0000,0.0000,0.0002,0.0002,0.0008
0.0532,0.2361,0.0653,0.9908,0.0854,0.1519,0.1066,0.0125,0.0173,0.5122,0.0035,0.9996,0.0172,1.0000,0.0499,0.1126,0.0285,0.0016,0.0001,0.0000,0.0000,0.0000,0.0008,0.0001,0.0000,0.0000,0.0000,0.0001
0.0050,0.0049,0.0226,0.0089,0.3004,0.0047,0.4929,0.0026,0.0096,0.0265,0.0906,0.0287,0.9999,0.0423,0.8021,0.0399,0.2153,0.0046,0.0004,0.0007,0.0000,0.0000,0.0001,0.0040,0.0000,0.0000,0.0000,0.0006
0.0124,0.0995,0.0313,0.9256,0.0776,0.2088,0.7256,0.0476,0.3322,1.0000,0.0628,0.9993,0.0590,0.2391,0.0093,0.0032,0.0049,0.0020,0.0026,0.0002,0.0000,0.0000,0.0000,0.0000,0.0000,0.0002,0.0000,0.0000
0.0021,0.0022,0.0032,0.0054,0.0082,0.0081,0.1599,0.0237,0.1536,0.5986,1.0000,0.0367,0.6533,0.0059,0.0418,0.0025,0.0065,0.0024,0.0014,0.0012,0.0001,0.0002,0.0000,0.0000,0.0002,0.0263,0.0001,0.0004
0.0039,0.0099,0.0035,0.0407,0.0084,0.0424,0.0784,0.8982,0.9993,0.9979,0.0176,0.0380,0.0044,0.0134,0.0023,0.0013,0.0032,0.0038,0.0057,0.0012,0.0051,0.0002,0.0000,0.0000,0.0000,0.0001,0.0512,0.0034
0.0017,0.0015,0.0024,0.0019,0.0057,0.0055,0.0720,0.9888,0.9999,0.1181,0.9878,0.0051,0.0133,0.0013,0.0027,0.0008,0.0023,0.0034,0.0031,0.0011,0.0005,0.0008,0.0001,0.0006,0.0000,0.0004,0.0034,0.0089