c1,c2,c3,c4,c5,c6,c7,c8,c9,c10,c11,c12,c13,c14,c15,c16,c17,c18,c19,c20,c21,c22,c23,c24,c25,c26,c27,c28
0.0000,0.0000,0.0001,0.0001,0.0077,0.0029,0.0213,0.0097,0.0544,0.0039,0.0375,0.0034,0.0336,0.0581,0.1534,0.1167,0.0179,0.0320,0.0867,0.0529,0.0071,0.0074,0.0042,0.0033,0.0039,0.0056,0.0067,0.0161
0.0000,0.0005,0.0012,0.0000,0.0000,0.0003,0.0041,0.0054,0.0116,0.0039,0.0097,0.3220,0.0168,0.9999,0.0100,0.2104,0.0088,0.0092,0.0514,0.0097,0.0591,0.0027,0.0882,0.0013,0.0510,0.0015,0.0065,0.0041
0.0001,0.0012,0.0174,0.0002,0.0001,0.0003,0.0390,0.0035,0.0379,0.0084,0.9336,0.0345,0.6916,0.0163,0.0095,0.0092,0.0061,0.0074,0.0128,0.0101,0.0035,0.0046,0.0050,0.0061,0.0046,0.0040,0.0025,0.0091
0.0001,0.0000,0.0002,0.0002,0.0013,0.0000,0.0016,0.0053,0.0227,0.0730,0.0474,1.0000,0.0240,0.4384,0.0057,0.0086,0.0029,0.0073,0.0252,0.0083,0.0146,0.0029,0.1019,0.0033,0.0991,0.0030,0.0088,0.0035
0.0077,0.0000,0.0001,0.0013,0.0050,0.0019,0.0022,0.0095,0.0740,0.0206,0.7952,0.2749,0.0117,0.0044,0.0113,0.0056,0.0064,0.0065,0.0127,0.0092,0.0067,0.0037,0.0138,0.0044,0.0149,0.0061,0.0047,0.0070
0.0029,0.0003,0.0003,0.0000,0.0019,0.0028,0.2276,0.1837,0.0076,0.8765,0.0270,0.6648,0.0102,0.0029,0.0017,0.0050,0.0017,0.0050,0.0108,0.0049,0.0103,0.0013,0.0186,0.0014,0.0731,0.0018,0.0099,0.0078
0.0213,0.0041,0.0390,0.0016,0.0022,0.2276,0.0006,0.4261,0.0165,0.0418,0.0127,0.0088,0.0063,0.0002,0.0027,0.0046,0.0038,0.0032,0.0015,0.0065,0.0115,0.0023,0.0165,0.0038,0.0476,0.0025,0.0017,0.0105
0.0097,0.0054,0.0035,0.0053,0.0095,0.1837,0.4261,0.0202,0.0203,0.0006,0.0003,0.0008,0.0010,0.0009,0.0026,0.0099,0.0029,0.0055,0.0126,0.0058,0.0058,0.0017,0.0058,0.0020,0.0731,0.0108,0.0549,0.0547
0.0544,0.0116,0.0379,0.0227,0.0740,0.0076,0.0165,0.0203,0.0111,0.0029,0.0000,0.0000,0.0005,0.0001,0.0037,0.0083,0.0066,0.0074,0.0083,0.0083,0.0106,0.0037,0.0112,0.0153,0.0599,0.1011,0.1112,0.1287
0.0039,0.0039,0.0084,0.0730,0.0206,0.8765,0.0418,0.0006,0.0029,0.0009,0.0003,0.0000,0.0000,0.0000,0.0008,0.0057,0.0047,0.0034,0.0103,0.0042,0.0057,0.0015,0.0642,0.0061,0.9958,0.1794,0.8877,0.0670
0.0375,0.0097,0.9336,0.0474,0.7952,0.0270,0.0127,0.0003,0.0000,0.0003,0.0024,0.0000,0.0001,0.0000,0.0005,0.0009,0.0033,0.0024,0.0031,0.0016,0.0010,0.0010,0.0044,0.1227,0.0208,1.0000,0.0913,0.0321
0.0034,0.3220,0.0345,1.0000,0.2749,0.6648,0.0088,0.0008,0.0000,0.0000,0.0000,0.0000,0.0001,0.0000,0.0000,0.0000,0.0010,0.0032,0.0057,0.0031,0.1858,0.0023,1.0000,0.0541,0.9978,0.0615,0.0712,0.0051
0.0336,0.0168,0.6916,0.0240,0.0117,0.0102,0.0063,0.0010,0.0005,0.0000,0.0001,0.0001,0.0019,0.0002,0.0000,0.0001,0.0019,0.0025,0.0068,0.0078,0.0030,0.0093,0.0492,0.9999,0.0456,0.8440,0.0079,0.0168
0.0581,0.9999,0.0163,0.4384,0.0044,0.0029,0.0002,0.0009,0.0001,0.0000,0.0000,0.0000,0.0002,0.0000,0.0010,0.0000,0.0000,0.0003,0.0116,0.0114,1.0000,0.0302,1.0000,0.1575,0.0510,0.0036,0.0010,0.0008
0.1534,0.0100,0.0095,0.0057,0.0113,0.0017,0.0027,0.0026,0.0037,0.0008,0.0005,0.0000,0.0000,0.0010,0.0010,0.0006,0.0002,0.0015,0.0088,0.0252,0.1485,0.9999,0.0988,0.8608,0.0102,0.0323,0.0032,0.0037
0.1167,0.2104,0.0092,0.0086,0.0056,0.0050,0.0046,0.0099,0.0083,0.0057,0.0009,0.0000,0.0001,0.0000,0.0006,0.0216,0.0005,0.0010,0.7629,0.0378,0.9997,0.2913,0.0336,0.0068,0.0010,0.0008,0.0012,0.0018
0.0179,0.0088,0.0061,0.0029,0.0064,0.0017,0.0038,0.0029,0.0066,0.0047,0.0033,0.0010,0.0019,0.0000,0.0002,0.0005,0.0165,0.5925,0.0011,0.0996,0.0028,0.9998,0.0125,0.2559,0.0025,0.0036,0.0021,0.0038
0.0320,0.0092,0.0074,0.0073,0.0065,0.0050,0.0032,0.0055,0.0074,0.0034,0.0024,0.0032,0.0025,0.0003,0.0015,0.0010,0.5925,0.1410,0.3895,0.0063,0.0005,0.1473,0.0023,0.0091,0.0039,0.0038,0.0026,0.0050
0.0867,0.0514,0.0128,0.0252,0.0127,0.0108,0.0015,0.0126,0.0083,0.0103,0.0031,0.0057,0.0068,0.0116,0.0088,0.7629,0.0011,0.3895,0.0701,0.2880,0.0000,0.0002,0.0001,0.0007,0.0025,0.0024,0.0023,0.0062
0.0529,0.0097,0.0101,0.0083,0.0092,0.0049,0.0065,0.0058,0.0083,0.0042,0.0016,0.0031,0.0078,0.0114,0.0252,0.0378,0.0996,0.0063,0.2880,0.0458,0.0002,0.0002,0.0004,0.0038,0.0014,0.0063,0.0074,0.0086
0.0071,0.0591,0.0035,0.0146,0.0067,0.0103,0.0115,0.0058,0.0106,0.0057,0.0010,0.1858,0.0030,1.0000,0.1485,0.9997,0.0028,0.0005,0.0000,0.0002,0.0015,0.0019,0.0000,0.0000,0.0001,0.0001,0.0015,0.0018
0.0074,0.0027,0.0046,0.0029,0.0037,0.0013,0.0023,0.0017,0.0037,0.0015,0.0010,0.0023,0.0093,0.0302,0.9999,0.2913,0.9998,0.1473,0.0002,0.0002,0.0019,0.0385,0.0000,0.0001,0.0002,0.0011,0.0007,0.0042
0.0042,0.0882,0.0050,0.1019,0.0138,0.0186,0.0165,0.0058,0.0112,0.0642,0.0044,1.0000,0.0492,1.0000,0.0988,0.0336,0.0125,0.0023,0.0001,0.0004,0.0000,0.0000,0.0011,0.0005,0.0000,0.0000,0.0001,0.0024
0.0033,0.0013,0.0061,0.0033,0.0044,0.0014,0.0038,0.0020,0.0153,0.0061,0.1227,0.0541,0.9999,0.1575,0.8608,0.0068,0.2559,0.0091,0.0007,0.0038,0.0000,0.0001,0.0005,0.0125,0.0002,0.0000,0.0010,0.0027
0.0039,0.0510,0.0046,0.0991,0.0149,0.0731,0.0476,0.0731,0.0599,0.9958,0.0208,0.9978,0.0456,0.0510,0.0102,0.0010,0.0025,0.0039,0.0025,0.0014,0.0001,0.0002,0.0000,0.0002,0.0000,0.0023,0.0026,0.0155
0.0056,0.0015,0.0040,0.0030,0.0061,0.0018,0.0025,0.0108,0.1011,0.1794,1.0000,0.0615,0.8440,0.0036,0.0323,0.0008,0.0036,0.0038,0.0024,0.0063,0.0001,0.0011,0.0000,0.0000,0.0023,0.0027,0.0479,0.0001
0.0067,0.0065,0.0025,0.0088,0.0047,0.0099,0.0017,0.0549,0.1112,0.8877,0.0913,0.0712,0.0079,0.0010,0.0032,0.0012,0.0021,0.0026,0.0023,0.0074,0.0015,0.0007,0.0001,0.0010,0.0026,0.0479,0.0143,0.0581
0.0161,0.0041,0.0091,0.0035,0.0070,0.0078,0.0105,0.0547,0.1287,0.0670,0.0321,0.0051,0.0168,0.0008,0.0037,0.0018,0.0038,0.0050,0.0062,0.0086,0.0018,0.0042,0.0024,0.0027,0.0155,0.0001,0.0581,0.0142