c1,c2,c3,c4,c5,c6,c7,c8,c9,c10,c11,c12,c13,c14,c15,c16,c17,c18,c19,c20,c21,c22,c23,c24,c25,c26,c27,c28
0.0000,0.0002,0.0002,0.0108,0.1214,0.0295,0.0621,0.0198,0.0483,0.0401,0.0235,0.0191,0.0067,0.0029,0.0038,0.0066,0.0068,0.0080,0.0153,0.0086,0.0026,0.0047,0.0096,0.0034,0.0304,0.0039,0.0114,0.0053
0.0002,0.0001,0.0158,0.0002,0.0095,0.2395,0.1429,0.1277,0.1026,0.4998,0.0142,0.0603,0.0038,0.0009,0.0019,0.0050,0.0021,0.0033,0.0084,0.0021,0.0027,0.0011,0.0154,0.0014,0.0396,0.0020,0.0171,0.0033
0.0002,0.0158,0.0107,0.0151,0.0001,0.0025,0.2637,0.0638,0.2771,0.2654,0.0083,0.0258,0.0034,0.0037,0.0026,0.0069,0.0020,0.0034,0.0105,0.0034,0.0028,0.0015,0.0059,0.0011,0.0152,0.0038,0.0144,0.0078
0.0108,0.0002,0.0151,0.0881,0.0296,0.0000,0.0671,0.0334,0.0188,0.1161,0.0065,0.0107,0.0039,0.0023,0.0030,0.0092,0.0029,0.0041,0.0047,0.0063,0.0032,0.0036,0.0085,0.0019,0.0202,0.0049,0.0220,0.0099
0.1214,0.0095,0.0001,0.0296,0.0875,0.0088,0.0021,0.0104,0.0078,0.0241,0.0054,0.0063,0.0043,0.0020,0.0029,0.0049,0.0036,0.0042,0.0052,0.0054,0.0037,0.0023,0.0115,0.0026,0.0410,0.0045,0.0590,0.0128
0.0295,0.2395,0.0025,0.0000,0.0088,0.0368,0.4802,0.0002,0.0017,0.0153,0.0023,0.0104,0.0039,0.0026,0.0014,0.0083,0.0021,0.0035,0.0086,0.0044,0.0033,0.0074,0.0068,0.0024,0.0303,0.0052,0.1921,0.0339
0.0621,0.1429,0.2637,0.0671,0.0021,0.4802,0.0011,0.2867,0.0001,0.0012,0.0014,0.0018,0.0028,0.0024,0.0016,0.0045,0.0014,0.0021,0.0001,0.0035,0.0032,0.0015,0.0083,0.0024,0.0982,0.0056,0.2071,0.0139
0.0198,0.1277,0.0638,0.0334,0.0104,0.0002,0.2867,0.0185,0.0129,0.0000,0.0004,0.0006,0.0006,0.0013,0.0014,0.0050,0.0019,0.0022,0.0074,0.0058,0.0028,0.0021,0.0061,0.0018,0.0903,0.0186,0.7090,0.2586
0.0483,0.1026,0.2771,0.0188,0.0078,0.0017,0.0001,0.0129,0.0093,0.0002,0.0000,0.0001,0.0010,0.0004,0.0029,0.0061,0.0033,0.0025,0.0065,0.0029,0.0022,0.0017,0.0109,0.0041,0.2369,0.2712,0.4969,0.9321
0.0401,0.4998,0.2654,0.1161,0.0241,0.0153,0.0012,0.0000,0.0002,0.0004,0.0016,0.0000,0.0001,0.0000,0.0003,0.0025,0.0010,0.0012,0.0055,0.0016,0.0018,0.0012,0.1237,0.0161,0.9992,0.4460,0.9883,0.1519
0.0235,0.0142,0.0083,0.0065,0.0054,0.0023,0.0014,0.0004,0.0000,0.0016,0.0037,0.0004,0.0001,0.0002,0.0014,0.0010,0.0017,0.0015,0.0032,0.0019,0.0010,0.0025,0.0621,0.4049,0.4769,1.0000,0.0253,0.1884
0.0191,0.0603,0.0258,0.0107,0.0063,0.0104,0.0018,0.0006,0.0001,0.0000,0.0004,0.0020,0.0014,0.0000,0.0000,0.0002,0.0003,0.0021,0.0057,0.0034,0.0528,0.0035,1.0000,0.1064,1.0000,0.0371,0.0923,0.0061
0.0067,0.0038,0.0034,0.0039,0.0043,0.0039,0.0028,0.0006,0.0010,0.0001,0.0001,0.0014,0.0434,0.0001,0.0002,0.0006,0.0032,0.0025,0.0372,0.0123,0.0050,0.0551,0.1018,1.0000,0.0801,0.3525,0.0036,0.0064
0.0029,0.0009,0.0037,0.0023,0.0020,0.0026,0.0024,0.0013,0.0004,0.0000,0.0002,0.0000,0.0001,0.0000,0.0004,0.0000,0.0000,0.0007,0.2336,0.0457,1.0000,0.2384,1.0000,0.0808,0.0372,0.0037,0.0024,0.0011
0.0038,0.0019,0.0026,0.0030,0.0029,0.0014,0.0016,0.0014,0.0029,0.0003,0.0014,0.0000,0.0002,0.0004,0.0044,0.0025,0.0001,0.0029,0.1207,0.0375,0.1628,1.0000,0.0474,0.9898,0.0105,0.0301,0.0010,0.0018
0.0066,0.0050,0.0069,0.0092,0.0049,0.0083,0.0045,0.0050,0.0061,0.0025,0.0010,0.0002,0.0006,0.0000,0.0025,0.0471,0.0006,0.0005,0.8237,0.0275,1.0000,0.0546,0.0238,0.0038,0.0037,0.0015,0.0020,0.0012
0.0068,0.0021,0.0020,0.0029,0.0036,0.0021,0.0014,0.0019,0.0033,0.0010,0.0017,0.0003,0.0032,0.0000,0.0001,0.0006,0.0127,0.8804,0.0024,0.7336,0.0039,1.0000,0.0101,0.3670,0.0016,0.0116,0.0018,0.0033
0.0080,0.0033,0.0034,0.0041,0.0042,0.0035,0.0021,0.0022,0.0025,0.0012,0.0015,0.0021,0.0025,0.0007,0.0029,0.0005,0.8804,0.6622,0.6293,0.0626,0.0013,0.1923,0.0009,0.0146,0.0019,0.0057,0.0029,0.0062
0.0153,0.0084,0.0105,0.0047,0.0052,0.0086,0.0001,0.0074,0.0065,0.0055,0.0032,0.0057,0.0372,0.2336,0.1207,0.8237,0.0024,0.6293,0.0031,0.5375,0.0004,0.0003,0.0002,0.0006,0.0016,0.0026,0.0034,0.0004
0.0086,0.0021,0.0034,0.0063,0.0054,0.0044,0.0035,0.0058,0.0029,0.0016,0.0019,0.0034,0.0123,0.0457,0.0375,0.0275,0.7336,0.0626,0.5375,0.0675,0.0004,0.0002,0.0001,0.0033,0.0008,0.0194,0.0051,0.0137
0.0026,0.0027,0.0028,0.0032,0.0037,0.0033,0.0032,0.0028,0.0022,0.0018,0.0010,0.0528,0.0050,1.0000,0.1628,1.0000,0.0039,0.0013,0.0004,0.0004,0.0006,0.0003,0.0000,0.0000,0.0000,0.0001,0.0027,0.0007
0.0047,0.0011,0.0015,0.0036,0.0023,0.0074,0.0015,0.0021,0.0017,0.0012,0.0025,0.0035,0.0551,0.2384,1.0000,0.0546,1.0000,0.1923,0.0003,0.0002,0.0003,0.0109,0.0001,0.0000,0.0001,0.0013,0.0003,0.0038
0.0096,0.0154,0.0059,0.0085,0.0115,0.0068,0.0083,0.0061,0.0109,0.1237,0.0621,1.0000,0.1018,1.0000,0.0474,0.0238,0.0101,0.0009,0.0002,0.0001,0.0000,0.0001,0.0032,0.0012,0.0000,0.0000,0.0001,0.0013
0.0034,0.0014,0.0011,0.0019,0.0026,0.0024,0.0024,0.0018,0.0041,0.0161,0.4049,0.1064,1.0000,0.0808,0.9898,0.0038,0.3670,0.0146,0.0006,0.0033,0.0000,0.0000,0.0012,0.0026,0.0001,0.0000,0.0001,0.0043
0.0304,0.0396,0.0152,0.0202,0.0410,0.0303,0.0982,0.0903,0.2369,0.9992,0.4769,1.0000,0.0801,0.0372,0.0105,0.0037,0.0016,0.0019,0.0016,0.0008,0.0000,0.0001,0.0000,0.0001,0.0000,0.0004,0.0000,0.0001
0.0039,0.0020,0.0038,0.0049,0.0045,0.0052,0.0056,0.0186,0.2712,0.4460,1.0000,0.0371,0.3525,0.0037,0.0301,0.0015,0.0116,0.0057,0.0026,0.0194,0.0001,0.0013,0.0000,0.0000,0.0004,0.0019,0.0001,0.0011
0.0114,0.0171,0.0144,0.0220,0.0590,0.1921,0.2071,0.7090,0.4969,0.9883,0.0253,0.0923,0.0036,0.0024,0.0010,0.0020,0.0018,0.0029,0.0034,0.0051,0.0027,0.0003,0.0001,0.0001,0.0000,0.0001,0.0027,0.0094
0.0053,0.0033,0.0078,0.0099,0.0128,0.0339,0.0139,0.2586,0.9321,0.1519,0.1884,0.0061,0.0064,0.0011,0.0018,0.0012,0.0033,0.0062,0.0004,0.0137,0.0007,0.0038,0.0013,0.0043,0.0001,0.0011,0.0094,0.0021