c1,c2,c3,c4,c5,c6,c7,c8,c9,c10,c11,c12,c13,c14,c15,c16,c17,c18,c19,c20,c21,c22,c23,c24,c25,c26,c27,c28
0.0066,0.0017,0.0009,0.0015,0.0050,0.0010,0.0020,0.0052,0.0066,0.0026,0.0038,0.0026,0.0048,0.0085,0.0123,0.0212,0.0315,0.0439,0.0605,0.0653,0.0137,0.0121,0.0261,0.0056,0.0350,0.0032,0.0041,0.0071
0.0017,0.0287,0.0465,0.0000,0.0003,0.0001,0.0004,0.0049,0.0054,0.0016,0.0220,0.0076,0.0132,0.0579,0.0228,0.0401,0.0417,0.0299,0.1134,0.0261,0.0521,0.0108,0.0645,0.0062,0.0167,0.0038,0.0091,0.0022
0.0009,0.0465,0.1853,0.0005,0.0002,0.0002,0.0010,0.0022,0.0059,0.0013,0.0051,0.0055,0.0128,0.0091,0.0169,0.0348,0.0310,0.0207,0.0440,0.0207,0.0079,0.0104,0.0172,0.0089,0.0140,0.0241,0.0049,0.0088
0.0015,0.0000,0.0005,0.0017,0.0015,0.0000,0.0001,0.0005,0.0040,0.0084,0.0070,0.3856,0.0070,0.1041,0.0176,0.0176,0.0224,0.0270,0.2084,0.0318,0.0545,0.0218,0.4761,0.0111,0.3943,0.0132,0.0585,0.0047
0.0050,0.0003,0.0002,0.0015,0.0115,0.0004,0.0004,0.0010,0.0004,0.0030,0.0728,0.0227,0.0444,0.0022,0.0210,0.0092,0.0618,0.0167,0.0199,0.0497,0.0122,0.0199,0.0324,0.0326,0.0163,0.0434,0.0135,0.0087
0.0010,0.0001,0.0002,0.0000,0.0004,0.0018,0.0279,0.0001,0.0005,0.3740,0.1174,0.9783,0.0243,0.0519,0.0410,0.0089,0.0086,0.0148,0.0353,0.0162,0.0135,0.0108,0.0769,0.0027,0.0186,0.0037,0.0334,0.0047
0.0020,0.0004,0.0010,0.0001,0.0004,0.0279,0.0011,0.6600,0.0156,0.0177,0.0216,0.0031,0.0060,0.0000,0.0064,0.0035,0.0090,0.0127,0.0053,0.0131,0.0091,0.0086,0.0463,0.0184,0.0183,0.0260,0.0718,0.1053
0.0052,0.0049,0.0022,0.0005,0.0010,0.0001,0.6600,0.5453,0.2988,0.0000,0.0010,0.0001,0.0017,0.0018,0.0070,0.0070,0.0075,0.0138,0.0548,0.0513,0.0145,0.0083,0.0264,0.0069,0.0107,0.0168,0.1080,0.1927
0.0066,0.0054,0.0059,0.0040,0.0004,0.0005,0.0156,0.2988,0.0569,0.0001,0.0000,0.0001,0.0004,0.0001,0.0047,0.0110,0.0068,0.0146,0.0285,0.0219,0.0094,0.0084,0.0353,0.0203,0.1009,0.0589,0.7114,0.4589
0.0026,0.0016,0.0013,0.0084,0.0030,0.3740,0.0177,0.0000,0.0001,0.0103,0.0001,0.0000,0.0000,0.0000,0.0002,0.0047,0.0790,0.1110,0.5205,0.0146,0.0452,0.0188,0.5085,0.0823,0.9957,0.1028,0.9996,0.0488
0.0038,0.0220,0.0051,0.0070,0.0728,0.1174,0.0216,0.0010,0.0000,0.0001,0.0042,0.0001,0.0002,0.0004,0.0027,0.0074,0.0052,0.0074,0.0077,0.0060,0.0019,0.0044,0.0047,0.2158,0.0319,0.9643,0.0423,0.7518
0.0026,0.0076,0.0055,0.3856,0.0227,0.9783,0.0031,0.0001,0.0001,0.0000,0.0001,0.0092,0.0011,0.0000,0.0001,0.0005,0.0194,0.0338,0.0429,0.0044,0.0483,0.0048,0.9721,0.0218,0.8742,0.0162,0.3482,0.0085
0.0048,0.0132,0.0128,0.0070,0.0444,0.0243,0.0060,0.0017,0.0004,0.0000,0.0002,0.0011,0.0425,0.0047,0.0000,0.0005,0.0014,0.0111,0.0153,0.0156,0.0062,0.0499,0.0288,0.9835,0.0320,0.4341,0.0186,0.0339
0.0085,0.0579,0.0091,0.1041,0.0022,0.0519,0.0000,0.0018,0.0001,0.0000,0.0004,0.0000,0.0047,0.0003,0.0123,0.0004,0.0000,0.0019,0.0107,0.0242,0.9999,0.0691,0.9998,0.0221,0.9176,0.0031,0.0072,0.0005
0.0123,0.0228,0.0169,0.0176,0.0210,0.0410,0.0064,0.0070,0.0047,0.0002,0.0027,0.0001,0.0000,0.0123,0.0055,0.0016,0.0000,0.0004,0.0006,0.0098,0.0979,0.9947,0.1734,0.2153,0.1103,0.0200,0.0061,0.0041
0.0212,0.0401,0.0348,0.0176,0.0092,0.0089,0.0035,0.0070,0.0110,0.0047,0.0074,0.0005,0.0005,0.0004,0.0016,0.0302,0.0002,0.0001,0.0127,0.0050,0.9737,0.0675,0.1169,0.0114,0.0091,0.0040,0.0024,0.0018
0.0315,0.0417,0.0310,0.0224,0.0618,0.0086,0.0090,0.0075,0.0068,0.0790,0.0052,0.0194,0.0014,0.0000,0.0000,0.0002,0.0367,0.0223,0.0000,0.0065,0.0021,0.4506,0.1093,0.1505,0.0076,0.0147,0.0049,0.0035
0.0439,0.0299,0.0207,0.0270,0.0167,0.0148,0.0127,0.0138,0.0146,0.1110,0.0074,0.0338,0.0111,0.0019,0.0004,0.0001,0.0223,0.0122,0.0096,0.0002,0.0012,0.0197,0.0038,0.0094,0.0028,0.0064,0.0028,0.0032
0.0605,0.1134,0.0440,0.2084,0.0199,0.0353,0.0053,0.0548,0.0285,0.5205,0.0077,0.0429,0.0153,0.0107,0.0006,0.0127,0.0000,0.0096,0.0044,0.0273,0.0000,0.0001,0.0003,0.0010,0.0062,0.0045,0.0059,0.0024
0.0653,0.0261,0.0207,0.0318,0.0497,0.0162,0.0131,0.0513,0.0219,0.0146,0.0060,0.0044,0.0156,0.0242,0.0098,0.0050,0.0065,0.0002,0.0273,0.0128,0.0008,0.0001,0.0001,0.0042,0.0019,0.0123,0.0025,0.0044
0.0137,0.0521,0.0079,0.0545,0.0122,0.0135,0.0091,0.0145,0.0094,0.0452,0.0019,0.0483,0.0062,0.9999,0.0979,0.9737,0.0021,0.0012,0.0000,0.0008,0.0061,0.0038,0.0000,0.0001,0.0004,0.0007,0.0022,0.0009
0.0121,0.0108,0.0104,0.0218,0.0199,0.0108,0.0086,0.0083,0.0084,0.0188,0.0044,0.0048,0.0499,0.0691,0.9947,0.0675,0.4506,0.0197,0.0001,0.0001,0.0038,0.0116,0.0001,0.0000,0.0002,0.0008,0.0007,0.0038
0.0261,0.0645,0.0172,0.4761,0.0324,0.0769,0.0463,0.0264,0.0353,0.5085,0.0047,0.9721,0.0288,0.9998,0.1734,0.1169,0.1093,0.0038,0.0003,0.0001,0.0000,0.0001,0.0012,0.0008,0.0000,0.0000,0.0000,0.0002
0.0056,0.0062,0.0089,0.0111,0.0326,0.0027,0.0184,0.0069,0.0203,0.0823,0.2158,0.0218,0.9835,0.0221,0.2153,0.0114,0.1505,0.0094,0.0010,0.0042,0.0001,0.0000,0.0008,0.0059,0.0001,0.0000,0.0002,0.0066
0.0350,0.0167,0.0140,0.3943,0.0163,0.0186,0.0183,0.0107,0.1009,0.9957,0.0319,0.8742,0.0320,0.9176,0.1103,0.0091,0.0076,0.0028,0.0062,0.0019,0.0004,0.0002,0.0000,0.0001,0.0001,0.0015,0.0000,0.0001
0.0032,0.0038,0.0241,0.0132,0.0434,0.0037,0.0260,0.0168,0.0589,0.1028,0.9643,0.0162,0.4341,0.0031,0.0200,0.0040,0.0147,0.0064,0.0045,0.0123,0.0007,0.0008,0.0000,0.0000,0.0015,0.0143,0.0002,0.0035
0.0041,0.0091,0.0049,0.0585,0.0135,0.0334,0.0718,0.1080,0.7114,0.9996,0.0423,0.3482,0.0186,0.0072,0.0061,0.0024,0.0049,0.0028,0.0059,0.0025,0.0022,0.0007,0.0000,0.0002,0.0000,0.0002,0.0009,0.0077
0.0071,0.0022,0.0088,0.0047,0.0087,0.0047,0.1053,0.1927,0.4589,0.0488,0.7518,0.0085,0.0339,0.0005,0.0041,0.0018,0.0035,0.0032,0.0024,0.0044,0.0009,0.0038,0.0002,0.0066,0.0001,0.0035,0.0077,0.0064