c1,c2,c3,c4,c5,c6,c7,c8,c9,c10,c11,c12,c13,c14,c15,c16,c17,c18,c19,c20,c21,c22,c23,c24,c25,c26,c27,c28
0.0003,0.0013,0.0002,0.0015,0.0087,0.0099,0.0204,0.0106,0.0100,0.0134,0.0201,0.0075,0.0119,0.0114,0.0153,0.0060,0.0104,0.0092,0.0187,0.0056,0.0155,0.0082,0.0137,0.0123,0.0083,0.0075,0.0168,0.0065
0.0013,0.0178,0.0289,0.0000,0.0010,0.0061,0.0041,0.0116,0.0108,0.0111,0.0109,0.0108,0.0710,0.0134,0.0148,0.0068,0.0071,0.0060,0.0085,0.0058,0.0083,0.0217,0.0089,0.0078,0.0102,0.0061,0.0136,0.0064
0.0002,0.0289,0.0424,0.0055,0.0002,0.0098,0.0156,0.0038,0.0102,0.0131,0.0186,0.0124,0.0064,0.0185,0.0063,0.0062,0.0087,0.0086,0.0102,0.0034,0.0070,0.0062,0.0157,0.0070,0.0075,0.0120,0.0061,0.0059
0.0015,0.0000,0.0055,0.0018,0.0011,0.0001,0.0063,0.0195,0.0166,0.0360,0.0263,0.0281,0.0621,0.0440,0.0139,0.0104,0.0073,0.0090,0.0065,0.0112,0.0057,0.0123,0.0067,0.0180,0.0099,0.0182,0.0135,0.0079
0.0087,0.0010,0.0002,0.0011,0.0053,0.0072,0.0001,0.0040,0.0306,0.0199,0.0291,0.0578,0.0328,0.0195,0.0143,0.0108,0.0124,0.0204,0.0065,0.0108,0.0066,0.0081,0.0066,0.0194,0.0059,0.0076,0.0086,0.0050
0.0099,0.0061,0.0098,0.0001,0.0072,0.0155,0.0512,0.0002,0.0129,0.0160,0.0114,0.0397,0.0211,0.0061,0.0068,0.0115,0.0079,0.0093,0.0110,0.0031,0.0076,0.0074,0.0070,0.0053,0.0073,0.0035,0.0087,0.0069
0.0204,0.0041,0.0156,0.0063,0.0001,0.0512,0.0507,0.0195,0.0003,0.0073,0.0096,0.0058,0.0191,0.0093,0.0065,0.0157,0.0098,0.0057,0.0116,0.0074,0.0049,0.0046,0.0079,0.0055,0.0066,0.0041,0.0075,0.0066
0.0106,0.0116,0.0038,0.0195,0.0040,0.0002,0.0195,0.0435,0.0435,0.0001,0.0063,0.0144,0.0027,0.0145,0.0121,0.0155,0.0117,0.0061,0.0104,0.0059,0.0073,0.0047,0.0078,0.0073,0.0115,0.0066,0.0121,0.0079
0.0100,0.0108,0.0102,0.0166,0.0306,0.0129,0.0003,0.0435,0.0261,0.0064,0.0002,0.0080,0.0033,0.0050,0.0056,0.0244,0.0193,0.0082,0.0080,0.0027,0.0065,0.0045,0.0053,0.0065,0.0074,0.0076,0.0108,0.0076
0.0134,0.0111,0.0131,0.0360,0.0199,0.0160,0.0073,0.0001,0.0064,0.0073,0.0022,0.0001,0.0023,0.0081,0.0056,0.0479,0.0312,0.0128,0.0244,0.0198,0.0060,0.0096,0.0061,0.0103,0.0079,0.0076,0.0074,0.0076
0.0201,0.0109,0.0186,0.0263,0.0291,0.0114,0.0096,0.0063,0.0002,0.0022,0.0154,0.0062,0.0000,0.0083,0.0162,0.0112,0.0444,0.0238,0.0134,0.0131,0.0039,0.0053,0.0040,0.0097,0.0072,0.0086,0.0061,0.0063
0.0075,0.0108,0.0124,0.0281,0.0578,0.0397,0.0058,0.0144,0.0080,0.0001,0.0062,0.0025,0.0064,0.0001,0.0035,0.0080,0.0062,0.0149,0.0191,0.0150,0.0130,0.0093,0.0078,0.0123,0.0113,0.0053,0.0076,0.0073
0.0119,0.0710,0.0064,0.0621,0.0328,0.0211,0.0191,0.0027,0.0033,0.0023,0.0000,0.0064,0.0113,0.0212,0.0002,0.0087,0.0037,0.0033,0.0111,0.0047,0.0176,0.0036,0.0175,0.0197,0.0104,0.0079,0.0126,0.0116
0.0114,0.0134,0.0185,0.0440,0.0195,0.0061,0.0093,0.0145,0.0050,0.0081,0.0083,0.0001,0.0212,0.0075,0.0185,0.0000,0.0013,0.0052,0.0084,0.0211,0.0158,0.0102,0.0143,0.0115,0.0098,0.0037,0.0102,0.0110
0.0153,0.0148,0.0063,0.0139,0.0143,0.0068,0.0065,0.0121,0.0056,0.0056,0.0162,0.0035,0.0002,0.0185,0.0187,0.0024,0.0001,0.0058,0.0264,0.0060,0.0178,0.0087,0.0208,0.0089,0.0152,0.0083,0.0079,0.0104
0.0060,0.0068,0.0062,0.0104,0.0108,0.0115,0.0157,0.0155,0.0244,0.0479,0.0112,0.0080,0.0087,0.0000,0.0024,0.0015,0.0008,0.0001,0.0023,0.0401,0.0125,0.0447,0.0621,0.0299,0.0186,0.0136,0.0079,0.0081
0.0104,0.0071,0.0087,0.0073,0.0124,0.0079,0.0098,0.0117,0.0193,0.0312,0.0444,0.0062,0.0037,0.0013,0.0001,0.0008,0.0035,0.0079,0.0000,0.0028,0.0231,0.0131,0.0942,0.0718,0.0380,0.0237,0.0115,0.0106
0.0092,0.0060,0.0086,0.0090,0.0204,0.0093,0.0057,0.0061,0.0082,0.0128,0.0238,0.0149,0.0033,0.0052,0.0058,0.0001,0.0079,0.0106,0.0055,0.0002,0.0055,0.0144,0.0238,0.0369,0.0149,0.0148,0.0073,0.0108
0.0187,0.0085,0.0102,0.0065,0.0065,0.0110,0.0116,0.0104,0.0080,0.0244,0.0134,0.0191,0.0111,0.0084,0.0264,0.0023,0.0000,0.0055,0.0314,0.0661,0.0001,0.0017,0.0199,0.0042,0.0113,0.0104,0.0098,0.0062
0.0056,0.0058,0.0034,0.0112,0.0108,0.0031,0.0074,0.0059,0.0027,0.0198,0.0131,0.0150,0.0047,0.0211,0.0060,0.0401,0.0028,0.0002,0.0661,0.0000,0.1334,0.0008,0.0173,0.0151,0.0109,0.0264,0.0150,0.0131
0.0155,0.0083,0.0070,0.0057,0.0066,0.0076,0.0049,0.0073,0.0065,0.0060,0.0039,0.0130,0.0176,0.0158,0.0178,0.0125,0.0231,0.0055,0.0001,0.1334,0.0129,0.0137,0.0000,0.0039,0.0121,0.0087,0.0099,0.0143
0.0082,0.0217,0.0062,0.0123,0.0081,0.0074,0.0046,0.0047,0.0045,0.0096,0.0053,0.0093,0.0036,0.0102,0.0087,0.0447,0.0131,0.0144,0.0017,0.0008,0.0137,0.0336,0.0071,0.0001,0.0052,0.0163,0.0109,0.0184
0.0137,0.0089,0.0157,0.0067,0.0066,0.0070,0.0079,0.0078,0.0053,0.0061,0.0040,0.0078,0.0175,0.0143,0.0208,0.0621,0.0942,0.0238,0.0199,0.0173,0.0000,0.0071,0.0071,0.0023,0.0000,0.0088,0.0058,0.0108
0.0123,0.0078,0.0070,0.0180,0.0194,0.0053,0.0055,0.0073,0.0065,0.0103,0.0097,0.0123,0.0197,0.0115,0.0089,0.0299,0.0718,0.0369,0.0042,0.0151,0.0039,0.0001,0.0023,0.0227,0.0047,0.0001,0.0014,0.0139
0.0083,0.0102,0.0075,0.0099,0.0059,0.0073,0.0066,0.0115,0.0074,0.0079,0.0072,0.0113,0.0104,0.0098,0.0152,0.0186,0.0380,0.0149,0.0113,0.0109,0.0121,0.0052,0.0000,0.0047,0.0428,0.0113,0.0001,0.0060
0.0075,0.0061,0.0120,0.0182,0.0076,0.0035,0.0041,0.0066,0.0076,0.0076,0.0086,0.0053,0.0079,0.0037,0.0083,0.0136,0.0237,0.0148,0.0104,0.0264,0.0087,0.0163,0.0088,0.0001,0.0113,0.0447,0.0122,0.0001
0.0168,0.0136,0.0061,0.0135,0.0086,0.0087,0.0075,0.0121,0.0108,0.0074,0.0061,0.0076,0.0126,0.0102,0.0079,0.0079,0.0115,0.0073,0.0098,0.0150,0.0099,0.0109,0.0058,0.0014,0.0001,0.0122,0.0147,0.0010
0.0065,0.0064,0.0059,0.0079,0.0050,0.0069,0.0066,0.0079,0.0076,0.0076,0.0063,0.0073,0.0116,0.0110,0.0104,0.0081,0.0106,0.0108,0.0062,0.0131,0.0143,0.0184,0.0108,0.0139,0.0060,0.0001,0.0010,0.0224
