c1,c2,c3,c4,c5,c6,c7,c8,c9,c10,c11,c12,c13,c14,c15,c16,c17,c18,c19,c20,c21,c22,c23,c24,c25,c26
0.0018,0.0058,0.0001,0.0037,0.0538,0.0173,0.0289,0.0214,0.0418,0.0185,0.0241,0.0098,0.0095,0.0091,0.0078,0.0086,0.0059,0.0047,0.0068,0.0047,0.0052,0.0052,0.0045,0.0068,0.0045,0.0019
0.0058,0.0399,0.0046,0.0002,0.0057,0.0123,0.0067,0.0135,0.0332,0.0109,0.0155,0.0070,0.0366,0.0114,0.0093,0.0051,0.0076,0.0050,0.0065,0.0053,0.0058,0.0055,0.0062,0.0044,0.0050,0.0023
0.0001,0.0046,0.0114,0.0164,0.0002,0.0076,0.0083,0.0064,0.0492,0.0254,0.0251,0.0137,0.0339,0.0165,0.0085,0.0086,0.0091,0.0061,0.0080,0.0066,0.0102,0.0063,0.0067,0.0062,0.0055,0.0024
0.0037,0.0002,0.0164,0.0567,0.0143,0.0009,0.0102,0.0076,0.0172,0.0166,0.0111,0.0156,0.0236,0.0108,0.0031,0.0040,0.0118,0.0046,0.0063,0.0051,0.0076,0.0068,0.0081,0.0055,0.0057,0.0054
0.0538,0.0057,0.0002,0.0143,0.0244,0.0192,0.0001,0.0064,0.0166,0.0118,0.0215,0.0122,0.0279,0.0142,0.0075,0.0072,0.0096,0.0042,0.0054,0.0066,0.0063,0.0052,0.0063,0.0061,0.0051,0.0034
0.0173,0.0123,0.0076,0.0009,0.0192,0.0450,0.0063,0.0003,0.0405,0.0088,0.0067,0.0132,0.0195,0.0123,0.0074,0.0062,0.0084,0.0034,0.0038,0.0051,0.0053,0.0056,0.0054,0.0053,0.0059,0.0073
0.0289,0.0067,0.0083,0.0102,0.0001,0.0063,0.0035,0.0128,0.0002,0.0064,0.0126,0.0055,0.0239,0.0299,0.0189,0.0113,0.0095,0.0066,0.0089,0.0203,0.0058,0.0100,0.0076,0.0077,0.0118,0.0044
0.0214,0.0135,0.0064,0.0076,0.0064,0.0003,0.0128,0.0650,0.0111,0.0004,0.0077,0.0093,0.0073,0.0103,0.0143,0.0080,0.0096,0.0088,0.0055,0.0088,0.0074,0.0078,0.0059,0.0051,0.0070,0.0059
0.0418,0.0332,0.0492,0.0172,0.0166,0.0405,0.0002,0.0111,0.0053,0.0215,0.0001,0.0056,0.0185,0.0087,0.0153,0.0110,0.0113,0.0063,0.0039,0.0091,0.0025,0.0045,0.0056,0.0047,0.0041,0.0030
0.0185,0.0109,0.0254,0.0166,0.0118,0.0088,0.0064,0.0004,0.0215,0.0268,0.0043,0.0003,0.0134,0.0064,0.0036,0.0080,0.0072,0.0155,0.0030,0.0136,0.0066,0.0084,0.0057,0.0060,0.0052,0.0094
0.0241,0.0155,0.0251,0.0111,0.0215,0.0067,0.0126,0.0077,0.0001,0.0043,0.0087,0.0083,0.0003,0.0043,0.0072,0.0042,0.0172,0.0268,0.0071,0.0157,0.0087,0.0085,0.0110,0.0070,0.0076,0.0070
0.0098,0.0070,0.0137,0.0156,0.0122,0.0132,0.0055,0.0093,0.0056,0.0003,0.0083,0.0029,0.0142,0.0002,0.0032,0.0085,0.0066,0.0290,0.0234,0.0170,0.0179,0.0076,0.0099,0.0098,0.0079,0.0056
0.0095,0.0366,0.0339,0.0236,0.0279,0.0195,0.0239,0.0073,0.0185,0.0134,0.0003,0.0142,0.0139,0.0080,0.0002,0.0033,0.0025,0.0034,0.0096,0.0067,0.0149,0.0036,0.0027,0.0047,0.0036,0.0046
0.0091,0.0114,0.0165,0.0108,0.0142,0.0123,0.0299,0.0103,0.0087,0.0064,0.0043,0.0002,0.0080,0.0165,0.0047,0.0004,0.0057,0.0109,0.0048,0.0137,0.0171,0.0057,0.0072,0.0064,0.0087,0.0078
0.0078,0.0093,0.0085,0.0031,0.0075,0.0074,0.0189,0.0143,0.0153,0.0036,0.0072,0.0032,0.0002,0.0047,0.0247,0.0243,0.0007,0.0121,0.0084,0.0099,0.0289,0.0100,0.0101,0.0056,0.0070,0.0092
0.0086,0.0051,0.0086,0.0040,0.0072,0.0062,0.0113,0.0080,0.0110,0.0080,0.0042,0.0085,0.0033,0.0004,0.0243,0.0098,0.0130,0.0002,0.0112,0.0129,0.0110,0.0154,0.0139,0.0104,0.0120,0.0180
0.0059,0.0076,0.0091,0.0118,0.0096,0.0084,0.0095,0.0096,0.0113,0.0072,0.0172,0.0066,0.0025,0.0057,0.0007,0.0130,0.0235,0.0050,0.0022,0.0049,0.0146,0.0051,0.0083,0.0066,0.0050,0.0147
0.0047,0.0050,0.0061,0.0046,0.0042,0.0034,0.0066,0.0088,0.0063,0.0155,0.0268,0.0290,0.0034,0.0109,0.0121,0.0002,0.0050,0.0019,0.0228,0.0001,0.0123,0.0201,0.0220,0.0272,0.0347,0.0224
0.0068,0.0065,0.0080,0.0063,0.0054,0.0038,0.0089,0.0055,0.0039,0.0030,0.0071,0.0234,0.0096,0.0048,0.0084,0.0112,0.0022,0.0228,0.0351,0.0258,0.0002,0.0088,0.0073,0.0090,0.0074,0.0175
0.0047,0.0053,0.0066,0.0051,0.0066,0.0051,0.0203,0.0088,0.0091,0.0136,0.0157,0.0170,0.0067,0.0137,0.0099,0.0129,0.0049,0.0001,0.0258,0.0088,0.0046,0.0002,0.0060,0.0359,0.0061,0.0341
0.0052,0.0058,0.0102,0.0076,0.0063,0.0053,0.0058,0.0074,0.0025,0.0066,0.0087,0.0179,0.0149,0.0171,0.0289,0.0110,0.0146,0.0123,0.0002,0.0046,0.0042,0.0154,0.0004,0.0099,0.0215,0.0184
0.0052,0.0055,0.0063,0.0068,0.0052,0.0056,0.0100,0.0078,0.0045,0.0084,0.0085,0.0076,0.0036,0.0057,0.0100,0.0154,0.0051,0.0201,0.0088,0.0002,0.0154,0.0331,0.0191,0.0021,0.0043,0.0338
0.0045,0.0062,0.0067,0.0081,0.0063,0.0054,0.0076,0.0059,0.0056,0.0057,0.0110,0.0099,0.0027,0.0072,0.0101,0.0139,0.0083,0.0220,0.0073,0.0060,0.0004,0.0191,0.0453,0.0285,0.0002,0.0305
0.0068,0.0044,0.0062,0.0055,0.0061,0.0053,0.0077,0.0051,0.0047,0.0060,0.0070,0.0098,0.0047,0.0064,0.0056,0.0104,0.0066,0.0272,0.0090,0.0359,0.0099,0.0021,0.0285,0.0229,0.0171,0.0002
0.0045,0.0050,0.0055,0.0057,0.0051,0.0059,0.0118,0.0070,0.0041,0.0052,0.0076,0.0079,0.0036,0.0087,0.0070,0.0120,0.0050,0.0347,0.0074,0.0061,0.0215,0.0043,0.0002,0.0171,0.0391,0.0208
0.0019,0.0023,0.0024,0.0054,0.0034,0.0073,0.0044,0.0059,0.0030,0.0094,0.0070,0.0056,0.0046,0.0078,0.0092,0.0180,0.0147,0.0224,0.0175,0.0341,0.0184,0.0338,0.0305,0.0002,0.0208,0.0032