c1,c2,c3,c4,c5,c6,c7,c8,c9,c10,c11,c12,c13,c14,c15,c16,c17,c18,c19,c20,c21,c22,c23,c24,c25,c26
0.0002,0.0010,0.0000,0.0081,0.0270,0.0660,0.0145,0.0156,0.0484,0.0126,0.0102,0.0074,0.0128,0.0070,0.0085,0.0053,0.0044,0.0075,0.0112,0.0156,0.0157,0.0114,0.0119,0.0184,0.0108,0.0078
0.0010,0.0157,0.0005,0.0008,0.0030,0.0400,0.0045,0.0190,0.0155,0.0063,0.0054,0.0062,0.0072,0.0051,0.0082,0.0047,0.0043,0.0056,0.0103,0.0157,0.0217,0.0172,0.0155,0.0157,0.0168,0.0084
0.0000,0.0005,0.0062,0.0169,0.0000,0.0011,0.0017,0.0028,0.0073,0.0063,0.0048,0.0092,0.0123,0.0064,0.0203,0.0105,0.0133,0.0152,0.0453,0.1050,0.1560,0.1861,0.0463,0.0178,0.0216,0.0110
0.0081,0.0008,0.0169,0.0844,0.0076,0.0001,0.0011,0.0067,0.0034,0.0047,0.0099,0.0087,0.0095,0.0044,0.0095,0.0055,0.0076,0.0269,0.0094,0.0223,0.0226,0.0150,0.0219,0.0077,0.0073,0.0050
0.0270,0.0030,0.0000,0.0076,0.0154,0.0157,0.0000,0.0006,0.0025,0.0027,0.0087,0.0056,0.0097,0.0073,0.0163,0.0127,0.0254,0.0410,0.0519,0.0563,0.0477,0.0365,0.0239,0.0176,0.0065,0.0082
0.0660,0.0400,0.0011,0.0001,0.0157,0.0427,0.0022,0.0001,0.0033,0.0035,0.0026,0.0083,0.0095,0.0060,0.0134,0.0125,0.0664,0.0257,0.0154,0.0116,0.0139,0.0086,0.0118,0.0101,0.0082,0.0051
0.0145,0.0045,0.0017,0.0011,0.0000,0.0022,0.0006,0.0002,0.0000,0.0005,0.0030,0.0076,0.0305,0.0383,0.0593,0.0435,0.1971,0.5294,0.1472,0.0987,0.0228,0.0196,0.0197,0.0209,0.0137,0.0091
0.0156,0.0190,0.0028,0.0067,0.0006,0.0001,0.0002,0.0018,0.0008,0.0003,0.0025,0.0219,0.0149,0.1242,0.6329,0.0903,0.1348,0.0982,0.0273,0.0141,0.0044,0.0043,0.0053,0.0050,0.0042,0.0034
0.0484,0.0155,0.0073,0.0034,0.0025,0.0033,0.0000,0.0008,0.0008,0.0047,0.0002,0.0041,0.0090,0.0269,0.4859,0.3635,0.0586,0.0650,0.0157,0.0119,0.0075,0.0062,0.0060,0.0053,0.0048,0.0064
0.0126,0.0063,0.0063,0.0047,0.0027,0.0035,0.0005,0.0003,0.0047,0.0144,0.0202,0.0049,0.0238,0.0123,0.1211,0.0485,0.0224,0.0271,0.0062,0.0108,0.0059,0.0062,0.0050,0.0039,0.0030,0.0037
0.0102,0.0054,0.0048,0.0099,0.0087,0.0026,0.0030,0.0025,0.0002,0.0202,0.0139,0.3399,0.0004,0.0157,0.0095,0.0203,0.0245,0.0305,0.0072,0.0135,0.0092,0.0070,0.0044,0.0049,0.0027,0.0041
0.0074,0.0062,0.0092,0.0087,0.0056,0.0083,0.0076,0.0219,0.0041,0.0049,0.3399,0.0000,0.0553,0.0021,0.0065,0.0139,0.0054,0.0219,0.0085,0.0089,0.0090,0.0069,0.0037,0.0066,0.0030,0.0056
0.0128,0.0072,0.0123,0.0095,0.0097,0.0095,0.0305,0.0149,0.0090,0.0238,0.0004,0.0553,0.0984,0.0387,0.0001,0.0015,0.0022,0.0014,0.0043,0.0056,0.0078,0.0102,0.0024,0.0061,0.0101,0.0074
0.0070,0.0051,0.0064,0.0044,0.0073,0.0060,0.0383,0.1242,0.0269,0.0123,0.0157,0.0021,0.0387,0.0213,0.0030,0.0001,0.0051,0.0077,0.0049,0.0098,0.0084,0.0034,0.0030,0.0051,0.0048,0.0063
0.0085,0.0082,0.0203,0.0095,0.0163,0.0134,0.0593,0.6329,0.4859,0.1211,0.0095,0.0065,0.0001,0.0030,0.0203,0.0042,0.0000,0.0009,0.0017,0.0022,0.0036,0.0040,0.0023,0.0031,0.0029,0.0036
0.0053,0.0047,0.0105,0.0055,0.0127,0.0125,0.0435,0.0903,0.3635,0.0485,0.0203,0.0139,0.0015,0.0001,0.0042,0.0318,0.0048,0.0000,0.0038,0.0064,0.0035,0.0070,0.0063,0.0082,0.0050,0.0089
0.0044,0.0043,0.0133,0.0076,0.0254,0.0664,0.1971,0.1348,0.0586,0.0224,0.0245,0.0054,0.0022,0.0051,0.0000,0.0048,0.0104,0.0012,0.0004,0.0016,0.0041,0.0036,0.0063,0.0098,0.0046,0.0083
0.0075,0.0056,0.0152,0.0269,0.0410,0.0257,0.5294,0.0982,0.0650,0.0271,0.0305,0.0219,0.0014,0.0077,0.0009,0.0000,0.0012,0.0018,0.0081,0.0000,0.0016,0.0059,0.0049,0.0153,0.0114,0.0130
0.0112,0.0103,0.0453,0.0094,0.0519,0.0154,0.1472,0.0273,0.0157,0.0062,0.0072,0.0085,0.0043,0.0049,0.0017,0.0038,0.0004,0.0081,0.0084,0.0033,0.0000,0.0035,0.0056,0.0071,0.0098,0.0185
0.0156,0.0157,0.1050,0.0223,0.0563,0.0116,0.0987,0.0141,0.0119,0.0108,0.0135,0.0089,0.0056,0.0098,0.0022,0.0064,0.0016,0.0000,0.0033,0.0187,0.0112,0.0000,0.0037,0.0053,0.0055,0.0293
0.0157,0.0217,0.1560,0.0226,0.0477,0.0139,0.0228,0.0044,0.0075,0.0059,0.0092,0.0090,0.0078,0.0084,0.0036,0.0035,0.0041,0.0016,0.0000,0.0112,0.0033,0.0055,0.0002,0.0056,0.0157,0.0521
0.0114,0.0172,0.1861,0.0150,0.0365,0.0086,0.0196,0.0043,0.0062,0.0062,0.0070,0.0069,0.0102,0.0034,0.0040,0.0070,0.0036,0.0059,0.0035,0.0000,0.0055,0.0726,0.0314,0.0002,0.0052,0.0163
0.0119,0.0155,0.0463,0.0219,0.0239,0.0118,0.0197,0.0053,0.0060,0.0050,0.0044,0.0037,0.0024,0.0030,0.0023,0.0063,0.0063,0.0049,0.0056,0.0037,0.0002,0.0314,0.1419,0.0229,0.0002,0.0168
0.0184,0.0157,0.0178,0.0077,0.0176,0.0101,0.0209,0.0050,0.0053,0.0039,0.0049,0.0066,0.0061,0.0051,0.0031,0.0082,0.0098,0.0153,0.0071,0.0053,0.0056,0.0002,0.0229,0.0534,0.0383,0.0001
0.0108,0.0168,0.0216,0.0073,0.0065,0.0082,0.0137,0.0042,0.0048,0.0030,0.0027,0.0030,0.0101,0.0048,0.0029,0.0050,0.0046,0.0114,0.0098,0.0055,0.0157,0.0052,0.0002,0.0383,0.2168,0.0039
0.0078,0.0084,0.0110,0.0050,0.0082,0.0051,0.0091,0.0034,0.0064,0.0037,0.0041,0.0056,0.0074,0.0063,0.0036,0.0089,0.0083,0.0130,0.0185,0.0293,0.0521,0.0163,0.0168,0.0001,0.0039,0.0087