c1,c2,c3,c4,c5,c6,c7,c8,c9,c10,c11,c12,c13,c14,c15,c16,c17,c18,c19,c20,c21,c22,c23,c24,c25,c26,c27,c28
0.0003,0.0008,0.0001,0.0000,0.0081,0.0135,0.0347,0.0032,0.0075,0.0197,0.0233,0.0175,0.0191,0.0150,0.0089,0.0149,0.0097,0.0091,0.0074,0.0119,0.0047,0.0091,0.0078,0.0100,0.0441,0.0233,0.4686,0.0026
0.0008,0.0050,0.0278,0.0000,0.0072,0.0067,0.0108,0.0248,0.0231,0.0157,0.0217,0.0024,0.0133,0.0107,0.0081,0.0335,0.0107,0.0079,0.0060,0.0076,0.0058,0.0092,0.0036,0.0059,0.0198,0.0090,0.1913,0.0032
0.0001,0.0278,0.0296,0.0001,0.0003,0.0025,0.0020,0.0065,0.0245,0.0125,0.0076,0.0310,0.0115,0.0171,0.0119,0.1183,0.0147,0.0065,0.0052,0.0068,0.0056,0.0077,0.0040,0.0051,0.0155,0.0073,0.1966,0.0066
0.0000,0.0000,0.0001,0.0001,0.0287,0.0001,0.0021,0.0020,0.0242,0.0887,0.0571,0.1557,0.0562,0.0363,0.0138,0.0237,0.0151,0.0073,0.0052,0.0123,0.0064,0.0112,0.0055,0.0082,0.0740,0.0338,0.9286,0.0208
0.0081,0.0072,0.0003,0.0287,0.0050,0.0987,0.0000,0.0014,0.0042,0.0107,0.0075,0.0707,0.0049,0.0115,0.0249,0.0078,0.0068,0.0065,0.0019,0.0090,0.0043,0.0062,0.0064,0.0061,0.0092,0.0081,0.2044,0.0110
0.0135,0.0067,0.0025,0.0001,0.0987,0.0013,0.0096,0.0126,0.1266,0.0406,0.0101,0.1097,0.0117,0.0141,0.0105,0.0102,0.0037,0.0004,0.0001,0.0027,0.0027,0.0038,0.0032,0.0064,0.0084,0.0061,0.4552,0.0113
0.0347,0.0108,0.0020,0.0021,0.0000,0.0096,0.0230,0.0238,0.0001,0.0048,0.0057,0.0471,0.0421,0.0714,0.0198,0.0226,0.0100,0.0025,0.0029,0.0058,0.0052,0.0062,0.0062,0.0079,0.0096,0.0081,0.0346,0.0080
0.0032,0.0248,0.0065,0.0020,0.0014,0.0126,0.0238,0.0043,0.0159,0.0000,0.0012,0.0177,0.0052,0.0927,0.0442,0.0089,0.0148,0.0032,0.0039,0.0081,0.0027,0.0063,0.0069,0.0088,0.0211,0.0061,0.0288,0.0286
0.0075,0.0231,0.0245,0.0242,0.0042,0.1266,0.0001,0.0159,0.0231,0.0030,0.0001,0.0038,0.0023,0.0204,0.0210,0.0049,0.0056,0.0020,0.0035,0.0049,0.0056,0.0058,0.0068,0.0091,0.0119,0.0085,0.0935,0.0236
0.0197,0.0157,0.0125,0.0887,0.0107,0.0406,0.0048,0.0000,0.0030,0.0197,0.0090,0.0000,0.0004,0.0044,0.0046,0.0075,0.0091,0.0015,0.0035,0.0045,0.0050,0.0076,0.0066,0.0191,0.0270,0.0248,0.7603,0.0336
0.0233,0.0217,0.0076,0.0571,0.0075,0.0101,0.0057,0.0012,0.0001,0.0090,0.0292,0.0109,0.0000,0.0001,0.0010,0.0012,0.0079,0.0017,0.0084,0.0069,0.0064,0.0090,0.0092,0.0872,0.0150,0.0901,0.5790,0.1302
0.0175,0.0024,0.0310,0.1557,0.0707,0.1097,0.0471,0.0177,0.0038,0.0000,0.0109,0.0001,0.0085,0.0000,0.0000,0.0003,0.0006,0.0020,0.0102,0.0034,0.0061,0.0148,0.0029,0.4429,0.0640,0.2939,0.8916,0.2545
0.0191,0.0133,0.0115,0.0562,0.0049,0.0117,0.0421,0.0052,0.0023,0.0004,0.0000,0.0085,0.0164,0.0001,0.0000,0.0000,0.0004,0.0010,0.0083,0.0060,0.0103,0.0561,0.0199,0.9893,0.0302,0.8151,0.0764,0.1033
0.0150,0.0107,0.0171,0.0363,0.0115,0.0141,0.0714,0.0927,0.0204,0.0044,0.0001,0.0000,0.0001,0.0001,0.0000,0.0000,0.0000,0.0014,0.0067,0.0195,0.0395,0.0916,0.1358,0.3799,0.8507,0.1593,0.9640,0.0301
0.0089,0.0081,0.0119,0.0138,0.0249,0.0105,0.0198,0.0442,0.0210,0.0046,0.0010,0.0000,0.0000,0.0000,0.0002,0.0001,0.0000,0.0009,0.0101,0.0117,0.1741,0.9950,0.0764,0.9640,0.0885,0.1761,0.0172,0.0143
0.0149,0.0335,0.1183,0.0237,0.0078,0.0102,0.0226,0.0089,0.0049,0.0075,0.0012,0.0003,0.0000,0.0000,0.0001,0.0030,0.0002,0.0004,0.0025,0.0031,0.0219,0.8966,0.6391,0.0696,0.5133,0.0322,0.0430,0.0039
0.0097,0.0107,0.0147,0.0151,0.0068,0.0037,0.0100,0.0148,0.0056,0.0091,0.0079,0.0006,0.0004,0.0000,0.0000,0.0002,0.0016,0.0283,0.0061,0.0100,0.0145,0.8375,0.7287,0.0782,0.0382,0.0145,0.0068,0.0061
0.0091,0.0079,0.0065,0.0073,0.0065,0.0004,0.0025,0.0032,0.0020,0.0015,0.0017,0.0020,0.0010,0.0014,0.0009,0.0004,0.0283,0.0007,0.7801,0.0046,0.1575,0.0339,0.9277,0.0074,0.0899,0.0017,0.0294,0.0024
0.0074,0.0060,0.0052,0.0052,0.0019,0.0001,0.0029,0.0039,0.0035,0.0035,0.0084,0.0102,0.0083,0.0067,0.0101,0.0025,0.0061,0.7801,0.0005,0.4497,0.0023,0.0068,0.0848,0.0025,0.0158,0.0048,0.0235,0.0053
0.0119,0.0076,0.0068,0.0123,0.0090,0.0027,0.0058,0.0081,0.0049,0.0045,0.0069,0.0034,0.0060,0.0195,0.0117,0.0031,0.0100,0.0046,0.4497,0.3951,0.1427,0.0000,0.0041,0.0010,0.0032,0.0026,0.0037,0.0048
0.0047,0.0058,0.0056,0.0064,0.0043,0.0027,0.0052,0.0027,0.0056,0.0050,0.0064,0.0061,0.0103,0.0395,0.1741,0.0219,0.0145,0.1575,0.0023,0.1427,0.0660,0.0021,0.0003,0.0011,0.0021,0.0023,0.0019,0.0056
0.0091,0.0092,0.0077,0.0112,0.0062,0.0038,0.0062,0.0063,0.0058,0.0076,0.0090,0.0148,0.0561,0.0916,0.9950,0.8966,0.8375,0.0339,0.0068,0.0000,0.0021,0.0057,0.0010,0.0000,0.0000,0.0002,0.0001,0.0045
0.0078,0.0036,0.0040,0.0055,0.0064,0.0032,0.0062,0.0069,0.0068,0.0066,0.0092,0.0029,0.0199,0.1358,0.0764,0.6391,0.7287,0.9277,0.0848,0.0041,0.0003,0.0010,0.0047,0.0015,0.0000,0.0001,0.0000,0.0036
0.0100,0.0059,0.0051,0.0082,0.0061,0.0064,0.0079,0.0088,0.0091,0.0191,0.0872,0.4429,0.9893,0.3799,0.9640,0.0696,0.0782,0.0074,0.0025,0.0010,0.0011,0.0000,0.0015,0.0020,0.0001,0.0001,0.0000,0.0007
0.0441,0.0198,0.0155,0.0740,0.0092,0.0084,0.0096,0.0211,0.0119,0.0270,0.0150,0.0640,0.0302,0.8507,0.0885,0.5133,0.0382,0.0899,0.0158,0.0032,0.0021,0.0000,0.0000,0.0001,0.0378,0.0071,0.0000,0.0003
0.0233,0.0090,0.0073,0.0338,0.0081,0.0061,0.0081,0.0061,0.0085,0.0248,0.0901,0.2939,0.8151,0.1593,0.1761,0.0322,0.0145,0.0017,0.0048,0.0026,0.0023,0.0002,0.0001,0.0001,0.0071,0.0152,0.0000,0.0002
0.4686,0.1913,0.1966,0.9286,0.2044,0.4552,0.0346,0.0288,0.0935,0.7603,0.5790,0.8916,0.0764,0.9640,0.0172,0.0430,0.0068,0.0294,0.0235,0.0037,0.0019,0.0001,0.0000,0.0000,0.0000,0.0000,0.0000,0.0018
0.0026,0.0032,0.0066,0.0208,0.0110,0.0113,0.0080,0.0286,0.0236,0.0336,0.1302,0.2545,0.1033,0.0301,0.0143,0.0039,0.0061,0.0024,0.0053,0.0048,0.0056,0.0045,0.0036,0.0007,0.0003,0.0002,0.0018,0.0010