c1,c2,c3,c4,c5,c6,c7,c8,c9,c10,c11,c12,c13,c14,c15,c16,c17,c18,c19,c20,c21,c22,c23,c24,c25,c26,c27,c28
0.0059,0.0002,0.0000,0.0000,0.0008,0.0013,0.0078,0.0089,0.1002,0.0103,0.2495,0.0892,0.0788,0.0108,0.0050,0.0156,0.0076,0.0114,0.0146,0.0264,0.0063,0.0296,0.0085,0.0487,0.0038,0.0431,0.0108,0.0166
0.0002,0.0032,0.0669,0.0000,0.0030,0.0002,0.0016,0.0054,0.1944,0.0808,0.1267,0.0717,0.1330,0.0136,0.0042,0.0091,0.0048,0.0066,0.0091,0.0080,0.0067,0.0113,0.0169,0.0788,0.0303,0.0321,0.0113,0.0074
0.0000,0.0669,0.0263,0.0000,0.0000,0.0002,0.0006,0.0033,0.1311,0.0486,0.0321,0.1104,0.0442,0.0109,0.0055,0.0091,0.0050,0.0061,0.0100,0.0124,0.0136,0.0218,0.0392,0.0108,0.0493,0.0333,0.0239,0.0163
0.0000,0.0000,0.0000,0.0003,0.0003,0.0000,0.0001,0.0003,0.4739,0.2949,0.0965,0.8790,0.1435,0.0446,0.0281,0.0083,0.0063,0.0107,0.0370,0.0086,0.0770,0.0236,0.9599,0.0094,0.7311,0.0247,0.2904,0.0196
0.0008,0.0030,0.0000,0.0003,0.0600,0.0558,0.0001,0.0150,0.7805,0.0159,0.0317,0.0518,0.0149,0.0062,0.0046,0.0036,0.0034,0.0041,0.0058,0.0059,0.0095,0.0062,0.0377,0.0044,0.0258,0.0059,0.0070,0.0045
0.0013,0.0002,0.0002,0.0000,0.0558,0.0354,0.1533,0.3487,0.9930,0.0038,0.0034,0.0077,0.0065,0.0053,0.0014,0.0096,0.0027,0.0016,0.0001,0.0029,0.0078,0.0047,0.0747,0.0055,0.0379,0.0093,0.0585,0.0063
0.0078,0.0016,0.0006,0.0001,0.0001,0.1533,0.0112,0.1009,0.0020,0.0000,0.0067,0.0056,0.0267,0.0150,0.0071,0.0137,0.0052,0.0045,0.0154,0.0088,0.0431,0.0065,0.0436,0.0052,0.1419,0.0244,0.0587,0.0121
0.0089,0.0054,0.0033,0.0003,0.0150,0.3487,0.1009,0.0936,0.0990,0.0000,0.0014,0.0005,0.0040,0.0045,0.0053,0.0084,0.0060,0.0034,0.0059,0.0047,0.0099,0.0035,0.0266,0.0049,0.0379,0.0145,0.0538,0.0244
0.1002,0.1944,0.1311,0.4739,0.7805,0.9930,0.0020,0.0990,0.0071,0.0008,0.0001,0.0001,0.0007,0.0004,0.0010,0.0011,0.0015,0.0001,0.0008,0.0007,0.0034,0.0013,0.0071,0.0034,0.0350,0.0072,0.0163,0.0060
0.0103,0.0808,0.0486,0.2949,0.0159,0.0038,0.0000,0.0000,0.0008,0.0001,0.0166,0.0000,0.0002,0.0006,0.0030,0.0122,0.0152,0.0055,0.0108,0.0120,0.3077,0.0202,0.7240,0.0319,0.6373,0.0677,0.7034,0.0268
0.2495,0.1267,0.0321,0.0965,0.0317,0.0034,0.0067,0.0014,0.0001,0.0166,0.0481,0.0012,0.0000,0.0000,0.0005,0.0008,0.0033,0.0014,0.0047,0.0039,0.0077,0.0022,0.0792,0.0130,0.0847,0.0370,0.1734,0.0595
0.0892,0.0717,0.1104,0.8790,0.0518,0.0077,0.0056,0.0005,0.0001,0.0000,0.0012,0.0001,0.0001,0.0000,0.0000,0.0002,0.0006,0.0025,0.0390,0.0139,0.6457,0.0233,0.9607,0.0669,0.6403,0.0467,0.9802,0.0221
0.0788,0.1330,0.0442,0.1435,0.0149,0.0065,0.0267,0.0040,0.0007,0.0002,0.0000,0.0001,0.0007,0.0001,0.0000,0.0000,0.0014,0.0013,0.0184,0.0065,0.0181,0.0253,0.2757,0.4993,0.0709,0.3733,0.4509,0.2349
0.0108,0.0136,0.0109,0.0446,0.0062,0.0053,0.0150,0.0045,0.0004,0.0006,0.0000,0.0000,0.0001,0.0002,0.0000,0.0000,0.0002,0.0029,0.0817,0.0357,0.9973,0.5047,0.9691,0.3691,0.5178,0.0867,0.1669,0.0156
0.0050,0.0042,0.0055,0.0281,0.0046,0.0014,0.0071,0.0053,0.0010,0.0030,0.0005,0.0000,0.0000,0.0000,0.0002,0.0002,0.0001,0.0191,0.1643,0.0271,0.4606,0.8420,0.5010,0.9552,0.0632,0.2029,0.0288,0.0564
0.0156,0.0091,0.0091,0.0083,0.0036,0.0096,0.0137,0.0084,0.0011,0.0122,0.0008,0.0002,0.0000,0.0000,0.0002,0.0023,0.0006,0.0052,0.1474,0.0222,0.9858,0.2435,0.0973,0.1085,0.0689,0.0142,0.0068,0.0058
0.0076,0.0048,0.0050,0.0063,0.0034,0.0027,0.0052,0.0060,0.0015,0.0152,0.0033,0.0006,0.0014,0.0002,0.0001,0.0006,0.0103,0.3189,0.0004,0.0204,0.0043,0.7979,0.0156,0.3498,0.0237,0.0680,0.0120,0.0356
0.0114,0.0066,0.0061,0.0107,0.0041,0.0016,0.0045,0.0034,0.0001,0.0055,0.0014,0.0025,0.0013,0.0029,0.0191,0.0052,0.3189,0.0067,0.2538,0.0128,0.0033,0.0607,0.0013,0.0317,0.0095,0.0103,0.0102,0.0252
0.0146,0.0091,0.0100,0.0370,0.0058,0.0001,0.0154,0.0059,0.0008,0.0108,0.0047,0.0390,0.0184,0.0817,0.1643,0.1474,0.0004,0.2538,0.0000,0.3194,0.0000,0.0024,0.0031,0.0026,0.0113,0.0053,0.0186,0.0198
0.0264,0.0080,0.0124,0.0086,0.0059,0.0029,0.0088,0.0047,0.0007,0.0120,0.0039,0.0139,0.0065,0.0357,0.0271,0.0222,0.0204,0.0128,0.3194,0.0417,0.0002,0.0001,0.0002,0.0100,0.0024,0.0090,0.0082,0.0244
0.0063,0.0067,0.0136,0.0770,0.0095,0.0078,0.0431,0.0099,0.0034,0.3077,0.0077,0.6457,0.0181,0.9973,0.4606,0.9858,0.0043,0.0033,0.0000,0.0002,0.0053,0.0010,0.0000,0.0000,0.0001,0.0002,0.0019,0.0021
0.0296,0.0113,0.0218,0.0236,0.0062,0.0047,0.0065,0.0035,0.0013,0.0202,0.0022,0.0233,0.0253,0.5047,0.8420,0.2435,0.7979,0.0607,0.0024,0.0001,0.0010,0.0063,0.0000,0.0000,0.0001,0.0011,0.0006,0.0044
0.0085,0.0169,0.0392,0.9599,0.0377,0.0747,0.0436,0.0266,0.0071,0.7240,0.0792,0.9607,0.2757,0.9691,0.5010,0.0973,0.0156,0.0013,0.0031,0.0002,0.0000,0.0000,0.0003,0.0004,0.0000,0.0000,0.0000,0.0004
0.0487,0.0788,0.0108,0.0094,0.0044,0.0055,0.0052,0.0049,0.0034,0.0319,0.0130,0.0669,0.4993,0.3691,0.9552,0.1085,0.3498,0.0317,0.0026,0.0100,0.0000,0.0000,0.0004,0.0018,0.0002,0.0000,0.0000,0.0028
0.0038,0.0303,0.0493,0.7311,0.0258,0.0379,0.1419,0.0379,0.0350,0.6373,0.0847,0.6403,0.0709,0.5178,0.0632,0.0689,0.0237,0.0095,0.0113,0.0024,0.0001,0.0001,0.0000,0.0002,0.0061,0.0011,0.0000,0.0000
0.0431,0.0321,0.0333,0.0247,0.0059,0.0093,0.0244,0.0145,0.0072,0.0677,0.0370,0.0467,0.3733,0.0867,0.2029,0.0142,0.0680,0.0103,0.0053,0.0090,0.0002,0.0011,0.0000,0.0000,0.0011,0.0238,0.0000,0.0001
0.0108,0.0113,0.0239,0.2904,0.0070,0.0585,0.0587,0.0538,0.0163,0.7034,0.1734,0.9802,0.4509,0.1669,0.0288,0.0068,0.0120,0.0102,0.0186,0.0082,0.0019,0.0006,0.0000,0.0000,0.0000,0.0000,0.0002,0.0010
0.0166,0.0074,0.0163,0.0196,0.0045,0.0063,0.0121,0.0244,0.0060,0.0268,0.0595,0.0221,0.2349,0.0156,0.0564,0.0058,0.0356,0.0252,0.0198,0.0244,0.0021,0.0044,0.0004,0.0028,0.0000,0.0001,0.0010,0.0016