c1,c2,c3,c4,c5,c6,c7,c8,c9,c10,c11,c12,c13,c14,c15,c16,c17,c18,c19,c20
0.0002,0.0189,0.0001,0.0037,0.0058,0.0190,0.0141,0.0151,0.0225,0.0068,0.0086,0.0207,0.0128,0.0081,0.0325,0.0118,0.0116,0.0076,0.0066,0.0056
0.0189,0.0039,0.0246,0.0002,0.0008,0.0110,0.0062,0.0083,0.0131,0.0018,0.0100,0.0113,0.0246,0.0118,0.0366,0.0098,0.0143,0.0059,0.0061,0.0054
0.0001,0.0246,0.0125,0.0040,0.0003,0.0139,0.0181,0.0078,0.0171,0.0115,0.0180,0.0172,0.0127,0.0117,0.0166,0.0099,0.0104,0.0066,0.0045,0.0039
0.0037,0.0002,0.0040,0.0136,0.0467,0.0001,0.0024,0.0120,0.0101,0.0139,0.0194,0.0205,0.0164,0.0151,0.0488,0.0124,0.0193,0.0070,0.0069,0.0054
0.0058,0.0008,0.0003,0.0467,0.0014,0.0124,0.0006,0.0060,0.0072,0.0006,0.0193,0.0249,0.0594,0.0652,0.0872,0.0194,0.0139,0.0062,0.0043,0.0052
0.0190,0.0110,0.0139,0.0001,0.0124,0.0011,0.0015,0.0001,0.0035,0.0066,0.0158,0.0190,0.0442,0.0586,0.1615,0.0123,0.0134,0.0077,0.0070,0.0113
0.0141,0.0062,0.0181,0.0024,0.0006,0.0015,0.0022,0.0034,0.0003,0.0079,0.0181,0.0322,0.0597,0.0347,0.0432,0.0169,0.0119,0.0062,0.0059,0.0047
0.0151,0.0083,0.0078,0.0120,0.0060,0.0001,0.0034,0.0052,0.0090,0.0021,0.0102,0.0257,0.0185,0.0264,0.0175,0.0077,0.0104,0.0073,0.0077,0.0044
0.0225,0.0131,0.0171,0.0101,0.0072,0.0035,0.0003,0.0090,0.0189,0.0346,0.0000,0.0021,0.0129,0.0079,0.0177,0.0166,0.0153,0.0108,0.0099,0.0105
0.0068,0.0018,0.0115,0.0139,0.0006,0.0066,0.0079,0.0021,0.0346,0.0031,0.0168,0.0010,0.0052,0.0156,0.0059,0.0240,0.0170,0.0324,0.0140,0.0058
0.0086,0.0100,0.0180,0.0194,0.0193,0.0158,0.0181,0.0102,0.0000,0.0168,0.0072,0.0036,0.0003,0.0059,0.0103,0.0113,0.0207,0.0113,0.0094,0.0073
0.0207,0.0113,0.0172,0.0205,0.0249,0.0190,0.0322,0.0257,0.0021,0.0010,0.0036,0.0016,0.0020,0.0008,0.0006,0.0153,0.0045,0.0165,0.0137,0.0183
0.0128,0.0246,0.0127,0.0164,0.0594,0.0442,0.0597,0.0185,0.0129,0.0052,0.0003,0.0020,0.0111,0.0032,0.0000,0.0015,0.0064,0.0039,0.0250,0.0179
0.0081,0.0118,0.0117,0.0151,0.0652,0.0586,0.0347,0.0264,0.0079,0.0156,0.0059,0.0008,0.0032,0.0090,0.0007,0.0001,0.0021,0.0104,0.0031,0.0159
0.0325,0.0366,0.0166,0.0488,0.0872,0.1615,0.0432,0.0175,0.0177,0.0059,0.0103,0.0006,0.0000,0.0007,0.4245,0.0068,0.0000,0.0008,0.0019,0.0059
0.0118,0.0098,0.0099,0.0124,0.0194,0.0123,0.0169,0.0077,0.0166,0.0240,0.0113,0.0153,0.0015,0.0001,0.0068,0.0311,0.0102,0.0003,0.0015,0.0176
0.0116,0.0143,0.0104,0.0193,0.0139,0.0134,0.0119,0.0104,0.0153,0.0170,0.0207,0.0045,0.0064,0.0021,0.0000,0.0102,0.0743,0.0147,0.0003,0.0072
0.0076,0.0059,0.0066,0.0070,0.0062,0.0077,0.0062,0.0073,0.0108,0.0324,0.0113,0.0165,0.0039,0.0104,0.0008,0.0003,0.0147,0.0447,0.0464,0.0012
0.0066,0.0061,0.0045,0.0069,0.0043,0.0070,0.0059,0.0077,0.0099,0.0140,0.0094,0.0137,0.0250,0.0031,0.0019,0.0015,0.0003,0.0464,0.1747,0.0061
0.0056,0.0054,0.0039,0.0054,0.0052,0.0113,0.0047,0.0044,0.0105,0.0058,0.0073,0.0183,0.0179,0.0159,0.0059,0.0176,0.0072,0.0012,0.0061,0.0104