c1,c2,c3,c4,c5,c6,c7,c8,c9,c10,c11,c12,c13,c14,c15,c16,c17,c18,c19,c20,c21,c22,c23,c24,c25,c26,c27,c28
0.0000,0.0001,0.0002,0.0002,0.0195,0.0061,0.0336,0.0173,0.0177,0.0149,0.0077,0.0150,0.0112,0.0161,0.0165,0.0181,0.0143,0.0263,0.0705,0.0249,0.0096,0.0109,0.0080,0.0165,0.0133,0.0122,0.0141,0.0167
0.0001,0.0008,0.0136,0.0000,0.0005,0.0010,0.0042,0.0160,0.0419,0.0222,0.0186,0.0352,0.0526,0.0186,0.0429,0.0166,0.0106,0.0232,0.0533,0.0232,0.0150,0.0078,0.0136,0.0154,0.0162,0.0076,0.0087,0.0073
0.0002,0.0136,0.0071,0.0050,0.0009,0.0052,0.0123,0.0044,0.0219,0.0201,0.0083,0.0147,0.0316,0.0140,0.0117,0.0110,0.0072,0.0055,0.0073,0.0054,0.0075,0.0049,0.0099,0.0078,0.0074,0.0078,0.0056,0.0073
0.0002,0.0000,0.0050,0.0005,0.0056,0.0000,0.0012,0.0029,0.0522,0.0938,0.0987,0.0818,0.1123,0.0563,0.0398,0.0097,0.0061,0.0156,0.0256,0.0103,0.0115,0.0043,0.0137,0.0197,0.0150,0.0137,0.0193,0.0128
0.0195,0.0005,0.0009,0.0056,0.0331,0.0049,0.0002,0.0056,0.0110,0.0195,0.0273,0.0179,0.0320,0.0101,0.0094,0.0068,0.0079,0.0084,0.0091,0.0048,0.0050,0.0042,0.0096,0.0104,0.0091,0.0119,0.0068,0.0096
0.0061,0.0010,0.0052,0.0000,0.0049,0.0149,0.0175,0.0024,0.1036,0.0301,0.0836,0.0877,0.0128,0.0127,0.0077,0.0034,0.0048,0.0072,0.0094,0.0058,0.0057,0.0025,0.0044,0.0056,0.0045,0.0065,0.0138,0.0072
0.0336,0.0042,0.0123,0.0012,0.0002,0.0175,0.0105,0.0186,0.0008,0.0104,0.0084,0.0050,0.0164,0.0098,0.0075,0.0078,0.0096,0.0061,0.0106,0.0062,0.0060,0.0040,0.0088,0.0082,0.0088,0.0118,0.0164,0.0146
0.0173,0.0160,0.0044,0.0029,0.0056,0.0024,0.0186,0.1079,0.1628,0.0003,0.0029,0.0036,0.0023,0.0095,0.0028,0.0063,0.0119,0.0043,0.0055,0.0055,0.0045,0.0032,0.0077,0.0062,0.0085,0.0115,0.0236,0.0145
0.0177,0.0419,0.0219,0.0522,0.0110,0.1036,0.0008,0.1628,0.0009,0.0478,0.0005,0.0030,0.0020,0.0031,0.0046,0.0028,0.0087,0.0004,0.0003,0.0032,0.0060,0.0034,0.0092,0.0089,0.0149,0.0215,0.0212,0.0187
0.0149,0.0222,0.0201,0.0938,0.0195,0.0301,0.0104,0.0003,0.0478,0.0118,0.0028,0.0000,0.0005,0.0020,0.0015,0.0041,0.0061,0.0034,0.0062,0.0041,0.0068,0.0049,0.0125,0.0122,0.0786,0.0387,0.0167,0.0130
0.0077,0.0186,0.0083,0.0987,0.0273,0.0836,0.0084,0.0029,0.0005,0.0028,0.0080,0.0038,0.0000,0.0002,0.0014,0.0014,0.0068,0.0034,0.0097,0.0073,0.0055,0.0050,0.0165,0.0252,0.1699,0.0970,0.0201,0.0136
0.0150,0.0352,0.0147,0.0818,0.0179,0.0877,0.0050,0.0036,0.0030,0.0000,0.0038,0.0035,0.0008,0.0000,0.0009,0.0029,0.0036,0.0052,0.0055,0.0038,0.0150,0.0107,0.0875,0.0792,0.0769,0.0522,0.0195,0.0094
0.0112,0.0526,0.0316,0.1123,0.0320,0.0128,0.0164,0.0023,0.0020,0.0005,0.0000,0.0008,0.0010,0.0002,0.0000,0.0002,0.0026,0.0029,0.0208,0.0063,0.0306,0.0303,0.1257,0.6518,0.3381,0.0662,0.0148,0.0119
0.0161,0.0186,0.0140,0.0563,0.0101,0.0127,0.0098,0.0095,0.0031,0.0020,0.0002,0.0000,0.0002,0.0001,0.0002,0.0000,0.0002,0.0031,0.0195,0.0242,0.8138,0.4893,0.7629,0.1545,0.2554,0.0203,0.0082,0.0061
0.0165,0.0429,0.0117,0.0398,0.0094,0.0077,0.0075,0.0028,0.0046,0.0015,0.0014,0.0009,0.0000,0.0002,0.0008,0.0010,0.0001,0.0012,0.0102,0.0100,0.5432,0.9190,0.1602,0.1090,0.0325,0.0176,0.0074,0.0043
0.0181,0.0166,0.0110,0.0097,0.0068,0.0034,0.0078,0.0063,0.0028,0.0041,0.0014,0.0029,0.0002,0.0000,0.0010,0.0009,0.0003,0.0027,0.0375,0.0339,0.8970,0.8341,0.0960,0.0439,0.0148,0.0073,0.0035,0.0043
0.0143,0.0106,0.0072,0.0061,0.0079,0.0048,0.0096,0.0119,0.0087,0.0061,0.0068,0.0036,0.0026,0.0002,0.0001,0.0003,0.0015,0.1255,0.0023,0.0066,0.0342,0.7473,0.0568,0.0306,0.0133,0.0069,0.0044,0.0052
0.0263,0.0232,0.0055,0.0156,0.0084,0.0072,0.0061,0.0043,0.0004,0.0034,0.0034,0.0052,0.0029,0.0031,0.0012,0.0027,0.1255,0.0107,0.0616,0.0042,0.0029,0.0401,0.0096,0.0137,0.0129,0.0056,0.0060,0.0044
0.0705,0.0533,0.0073,0.0256,0.0091,0.0094,0.0106,0.0055,0.0003,0.0062,0.0097,0.0055,0.0208,0.0195,0.0102,0.0375,0.0023,0.0616,0.0020,0.0952,0.0002,0.0006,0.0028,0.0012,0.0058,0.0056,0.0052,0.0057
0.0249,0.0232,0.0054,0.0103,0.0048,0.0058,0.0062,0.0055,0.0032,0.0041,0.0073,0.0038,0.0063,0.0242,0.0100,0.0339,0.0066,0.0042,0.0952,0.0161,0.0014,0.0002,0.0027,0.0086,0.0055,0.0166,0.0069,0.0055
0.0096,0.0150,0.0075,0.0115,0.0050,0.0057,0.0060,0.0045,0.0060,0.0068,0.0055,0.0150,0.0306,0.8138,0.5432,0.8970,0.0342,0.0029,0.0002,0.0014,0.0037,0.0008,0.0000,0.0004,0.0012,0.0020,0.0045,0.0026
0.0109,0.0078,0.0049,0.0043,0.0042,0.0025,0.0040,0.0032,0.0034,0.0049,0.0050,0.0107,0.0303,0.4893,0.9190,0.8341,0.7473,0.0401,0.0006,0.0002,0.0008,0.0005,0.0003,0.0000,0.0006,0.0033,0.0034,0.0076
0.0080,0.0136,0.0099,0.0137,0.0096,0.0044,0.0088,0.0077,0.0092,0.0125,0.0165,0.0875,0.1257,0.7629,0.1602,0.0960,0.0568,0.0096,0.0028,0.0027,0.0000,0.0003,0.0016,0.0014,0.0000,0.0006,0.0020,0.0090
0.0165,0.0154,0.0078,0.0197,0.0104,0.0056,0.0082,0.0062,0.0089,0.0122,0.0252,0.0792,0.6518,0.1545,0.1090,0.0439,0.0306,0.0137,0.0012,0.0086,0.0004,0.0000,0.0014,0.0030,0.0006,0.0001,0.0007,0.0042
0.0133,0.0162,0.0074,0.0150,0.0091,0.0045,0.0088,0.0085,0.0149,0.0786,0.1699,0.0769,0.3381,0.2554,0.0325,0.0148,0.0133,0.0129,0.0058,0.0055,0.0012,0.0006,0.0000,0.0006,0.0010,0.0016,0.0000,0.0027
0.0122,0.0076,0.0078,0.0137,0.0119,0.0065,0.0118,0.0115,0.0215,0.0387,0.0970,0.0522,0.0662,0.0203,0.0176,0.0073,0.0069,0.0056,0.0056,0.0166,0.0020,0.0033,0.0006,0.0001,0.0016,0.0035,0.0071,0.0002
0.0141,0.0087,0.0056,0.0193,0.0068,0.0138,0.0164,0.0236,0.0212,0.0167,0.0201,0.0195,0.0148,0.0082,0.0074,0.0035,0.0044,0.0060,0.0052,0.0069,0.0045,0.0034,0.0020,0.0007,0.0000,0.0071,0.0465,0.0163
0.0167,0.0073,0.0073,0.0128,0.0096,0.0072,0.0146,0.0145,0.0187,0.0130,0.0136,0.0094,0.0119,0.0061,0.0043,0.0043,0.0052,0.0044,0.0057,0.0055,0.0026,0.0076,0.0090,0.0042,0.0027,0.0002,0.0163,0.0231
