c1,c2,c3,c4,c5,c6,c7,c8,c9,c10,c11,c12,c13,c14,c15,c16,c17,c18,c19,c20
0.0110,0.0603,0.0019,0.0132,0.0154,0.0049,0.0096,0.0098,0.0162,0.0071,0.0200,0.0076,0.0038,0.0028,0.0051,0.0024,0.0047,0.0042,0.0049,0.0042
0.0603,0.0210,0.0281,0.0012,0.0177,0.0096,0.0038,0.0120,0.0135,0.0079,0.0091,0.0055,0.0030,0.0041,0.0073,0.0020,0.0056,0.0040,0.0040,0.0038
0.0019,0.0281,0.1612,0.0969,0.0004,0.0086,0.0195,0.0065,0.0084,0.0062,0.0129,0.0046,0.0030,0.0037,0.0058,0.0034,0.0054,0.0035,0.0041,0.0049
0.0132,0.0012,0.0969,0.0733,0.0151,0.0005,0.0148,0.0134,0.0062,0.0081,0.0101,0.0101,0.0028,0.0044,0.0048,0.0045,0.0054,0.0042,0.0036,0.0054
0.0154,0.0177,0.0004,0.0151,0.0908,0.0137,0.0006,0.0454,0.0238,0.0037,0.0073,0.0065,0.0066,0.0050,0.0054,0.0058,0.0064,0.0047,0.0037,0.0044
0.0049,0.0096,0.0086,0.0005,0.0137,0.0319,0.0190,0.0020,0.0264,0.0171,0.0075,0.0083,0.0079,0.0074,0.0045,0.0065,0.0067,0.0045,0.0049,0.0047
0.0096,0.0038,0.0195,0.0148,0.0006,0.0190,0.0302,0.0076,0.0006,0.0137,0.0306,0.0077,0.0099,0.0103,0.0119,0.0073,0.0040,0.0032,0.0044,0.0046
0.0098,0.0120,0.0065,0.0134,0.0454,0.0020,0.0076,0.0082,0.0043,0.0004,0.0204,0.0260,0.0106,0.0153,0.0076,0.0096,0.0045,0.0029,0.0036,0.0036
0.0162,0.0135,0.0084,0.0062,0.0238,0.0264,0.0006,0.0043,0.0098,0.0093,0.0009,0.0199,0.0341,0.0105,0.0095,0.0053,0.0063,0.0036,0.0027,0.0036
0.0071,0.0079,0.0062,0.0081,0.0037,0.0171,0.0137,0.0004,0.0093,0.0336,0.0055,0.0036,0.0195,0.0328,0.0074,0.0130,0.0069,0.0063,0.0022,0.0030
0.0200,0.0091,0.0129,0.0101,0.0073,0.0075,0.0306,0.0204,0.0009,0.0055,0.0162,0.0062,0.0003,0.0173,0.0218,0.0046,0.0068,0.0077,0.0025,0.0035
0.0076,0.0055,0.0046,0.0101,0.0065,0.0083,0.0077,0.0260,0.0199,0.0036,0.0062,0.0163,0.0111,0.0001,0.0085,0.0226,0.0061,0.0130,0.0044,0.0065
0.0038,0.0030,0.0030,0.0028,0.0066,0.0079,0.0099,0.0106,0.0341,0.0195,0.0003,0.0111,0.0362,0.0198,0.0012,0.0142,0.0103,0.0063,0.0072,0.0135
0.0028,0.0041,0.0037,0.0044,0.0050,0.0074,0.0103,0.0153,0.0105,0.0328,0.0173,0.0001,0.0198,0.0126,0.0083,0.0023,0.0100,0.0188,0.0057,0.0220
0.0051,0.0073,0.0058,0.0048,0.0054,0.0045,0.0119,0.0076,0.0095,0.0074,0.0218,0.0085,0.0012,0.0083,0.0142,0.0281,0.0003,0.0097,0.0218,0.0148
0.0024,0.0020,0.0034,0.0045,0.0058,0.0065,0.0073,0.0096,0.0053,0.0130,0.0046,0.0226,0.0142,0.0023,0.0281,0.0770,0.0205,0.0006,0.0053,0.0164
0.0047,0.0056,0.0054,0.0054,0.0064,0.0067,0.0040,0.0045,0.0063,0.0069,0.0068,0.0061,0.0103,0.0100,0.0003,0.0205,0.0773,0.0258,0.0019,0.0433
0.0042,0.0040,0.0035,0.0042,0.0047,0.0045,0.0032,0.0029,0.0036,0.0063,0.0077,0.0130,0.0063,0.0188,0.0097,0.0006,0.0258,0.2861,0.2424,0.0005
0.0049,0.0040,0.0041,0.0036,0.0037,0.0049,0.0044,0.0036,0.0027,0.0022,0.0025,0.0044,0.0072,0.0057,0.0218,0.0053,0.0019,0.2424,0.2150,0.0293
0.0042,0.0038,0.0049,0.0054,0.0044,0.0047,0.0046,0.0036,0.0036,0.0030,0.0035,0.0065,0.0135,0.0220,0.0148,0.0164,0.0433,0.0005,0.0293,0.0609