c1,c2,c3,c4,c5,c6,c7,c8,c9,c10,c11,c12,c13,c14,c15,c16,c17,c18,c19,c20,c21,c22,c23,c24,c25,c26,c27,c28
0.0009,0.0283,0.0000,0.0090,0.1415,0.0782,0.1134,0.1268,0.0224,0.0649,0.0883,0.0202,0.0463,0.0050,0.0038,0.0025,0.0050,0.0062,0.0052,0.0034,0.0019,0.0028,0.0012,0.0013,0.0026,0.0072,0.0024,0.0006
0.0283,0.0574,0.0088,0.0003,0.0355,0.0563,0.0115,0.0357,0.0285,0.0123,0.0457,0.0091,0.0345,0.0133,0.0039,0.0029,0.0019,0.0018,0.0017,0.0076,0.0027,0.0027,0.0023,0.0031,0.0025,0.0046,0.0031,0.0026
0.0000,0.0088,0.0044,0.0012,0.0008,0.0183,0.0101,0.0518,0.6648,0.0542,0.0382,0.0283,0.0319,0.0190,0.0058,0.0050,0.0046,0.0047,0.0048,0.0061,0.0038,0.0034,0.0028,0.0052,0.0048,0.0057,0.0034,0.0051
0.0090,0.0003,0.0012,0.0070,0.0384,0.0007,0.0067,0.3017,0.9511,0.1671,0.6751,0.0078,0.0150,0.0021,0.0028,0.0023,0.0015,0.0018,0.0024,0.0008,0.0020,0.0045,0.0014,0.0023,0.0050,0.0042,0.0031,0.0036
0.1415,0.0355,0.0008,0.0384,0.1261,0.0508,0.0000,0.0067,0.0695,0.0289,0.0548,0.0066,0.0039,0.0044,0.0044,0.0022,0.0029,0.0037,0.0027,0.0041,0.0028,0.0037,0.0022,0.0039,0.0065,0.0047,0.0052,0.0077
0.0782,0.0563,0.0183,0.0007,0.0508,0.1459,0.0390,0.0002,0.0356,0.0055,0.0038,0.0082,0.0036,0.0026,0.0049,0.0025,0.0029,0.0037,0.0034,0.0214,0.0031,0.0041,0.0019,0.0048,0.0062,0.0073,0.0053,0.0091
0.1134,0.0115,0.0101,0.0067,0.0000,0.0390,0.0848,0.3301,0.0036,0.1247,0.0010,0.0177,0.0122,0.0017,0.0031,0.0019,0.0029,0.0021,0.0043,0.0166,0.0021,0.0028,0.0025,0.0036,0.0052,0.0058,0.0115,0.0096
0.1268,0.0357,0.0518,0.3017,0.0067,0.0002,0.3301,0.1745,0.0464,0.0018,0.0025,0.0021,0.0016,0.0020,0.0021,0.0008,0.0013,0.0010,0.0019,0.0129,0.0029,0.0034,0.0044,0.0054,0.0043,0.0073,0.0082,0.0086
0.0224,0.0285,0.6648,0.9511,0.0695,0.0356,0.0036,0.0464,0.0145,0.0552,0.0000,0.0014,0.0006,0.0002,0.0023,0.0009,0.0017,0.0007,0.0026,0.0060,0.0024,0.0095,0.0030,0.0047,0.0031,0.0038,0.0130,0.0104
0.0649,0.0123,0.0542,0.1671,0.0289,0.0055,0.1247,0.0018,0.0552,0.1589,0.0004,0.0002,0.0067,0.0004,0.0013,0.0036,0.0032,0.0014,0.0047,0.0002,0.0036,0.0119,0.0107,0.0202,0.0053,0.0070,0.0128,0.0145
0.0883,0.0457,0.0382,0.6751,0.0548,0.0038,0.0010,0.0025,0.0000,0.0004,0.0390,0.0007,0.0000,0.0003,0.0006,0.0044,0.0348,0.0196,0.0097,0.0053,0.0114,0.1044,0.0630,0.0233,0.0129,0.0078,0.0194,0.0063
0.0202,0.0091,0.0283,0.0078,0.0066,0.0082,0.0177,0.0021,0.0014,0.0002,0.0007,0.0476,0.0005,0.0000,0.0016,0.0008,0.0047,0.0042,0.0099,0.0045,0.0093,0.0334,0.0215,0.2591,0.0246,0.0170,0.5495,0.0709
0.0463,0.0345,0.0319,0.0150,0.0039,0.0036,0.0122,0.0016,0.0006,0.0067,0.0000,0.0005,0.0131,0.0003,0.0002,0.0037,0.0008,0.0106,0.0235,0.4325,0.0428,0.0280,0.1273,0.0311,0.0093,0.0122,0.0317,0.0072
0.0050,0.0133,0.0190,0.0021,0.0044,0.0026,0.0017,0.0020,0.0002,0.0004,0.0003,0.0000,0.0003,0.0031,0.0130,0.0004,0.0784,0.0045,0.0092,0.1632,0.0441,0.0705,0.6306,0.5362,0.0071,0.0166,0.4515,0.0149
0.0038,0.0039,0.0058,0.0028,0.0044,0.0049,0.0031,0.0021,0.0023,0.0013,0.0006,0.0016,0.0002,0.0130,0.0167,0.0078,0.0010,0.0118,0.0121,0.7211,0.0345,0.0459,0.4696,0.0169,0.0041,0.0067,0.0092,0.0115
0.0025,0.0029,0.0050,0.0023,0.0022,0.0025,0.0019,0.0008,0.0009,0.0036,0.0044,0.0008,0.0037,0.0004,0.0078,0.0602,0.0687,0.0005,0.1246,0.2026,0.0710,0.1000,0.6845,0.0214,0.0034,0.0038,0.0030,0.0067
0.0050,0.0019,0.0046,0.0015,0.0029,0.0029,0.0029,0.0013,0.0017,0.0032,0.0348,0.0047,0.0008,0.0784,0.0010,0.0687,0.0079,0.0510,0.0014,0.0006,0.0039,0.0244,0.9161,0.0827,0.0081,0.0108,0.0058,0.0052
0.0062,0.0018,0.0047,0.0018,0.0037,0.0037,0.0021,0.0010,0.0007,0.0014,0.0196,0.0042,0.0106,0.0045,0.0118,0.0005,0.0510,0.2208,0.1065,0.0358,0.0363,0.0217,0.0074,0.0214,0.0090,0.0134,0.0028,0.0038
0.0052,0.0017,0.0048,0.0024,0.0027,0.0034,0.0043,0.0019,0.0026,0.0047,0.0097,0.0099,0.0235,0.0092,0.0121,0.1246,0.0014,0.1065,0.0568,0.1233,0.0012,0.0154,0.0128,0.0011,0.0062,0.0043,0.0047,0.0053
0.0034,0.0076,0.0061,0.0008,0.0041,0.0214,0.0166,0.0129,0.0060,0.0002,0.0053,0.0045,0.4325,0.1632,0.7211,0.2026,0.0006,0.0358,0.1233,0.0004,0.0468,0.0000,0.0001,0.0167,0.0085,0.0107,0.0035,0.0092
0.0019,0.0027,0.0038,0.0020,0.0028,0.0031,0.0021,0.0029,0.0024,0.0036,0.0114,0.0093,0.0428,0.0441,0.0345,0.0710,0.0039,0.0363,0.0012,0.0468,0.5282,0.0221,0.0000,0.0016,0.0219,0.0080,0.0073,0.0130
0.0028,0.0027,0.0034,0.0045,0.0037,0.0041,0.0028,0.0034,0.0095,0.0119,0.1044,0.0334,0.0280,0.0705,0.0459,0.1000,0.0244,0.0217,0.0154,0.0000,0.0221,0.0344,0.0027,0.0000,0.0331,0.0228,0.0016,0.0852
0.0012,0.0023,0.0028,0.0014,0.0022,0.0019,0.0025,0.0044,0.0030,0.0107,0.0630,0.0215,0.1273,0.6306,0.4696,0.6845,0.9161,0.0074,0.0128,0.0001,0.0000,0.0027,0.0034,0.0015,0.0000,0.0036,0.0029,0.0073
0.0013,0.0031,0.0052,0.0023,0.0039,0.0048,0.0036,0.0054,0.0047,0.0202,0.0233,0.2591,0.0311,0.5362,0.0169,0.0214,0.0827,0.0214,0.0011,0.0167,0.0016,0.0000,0.0015,0.1388,0.0266,0.0002,0.0003,0.0151
0.0026,0.0025,0.0048,0.0050,0.0065,0.0062,0.0052,0.0043,0.0031,0.0053,0.0129,0.0246,0.0093,0.0071,0.0041,0.0034,0.0081,0.0090,0.0062,0.0085,0.0219,0.0331,0.0000,0.0266,0.5893,0.1021,0.0002,0.0117
0.0072,0.0046,0.0057,0.0042,0.0047,0.0073,0.0058,0.0073,0.0038,0.0070,0.0078,0.0170,0.0122,0.0166,0.0067,0.0038,0.0108,0.0134,0.0043,0.0107,0.0080,0.0228,0.0036,0.0002,0.1021,0.2299,0.0203,0.0001
0.0024,0.0031,0.0034,0.0031,0.0052,0.0053,0.0115,0.0082,0.0130,0.0128,0.0194,0.5495,0.0317,0.4515,0.0092,0.0030,0.0058,0.0028,0.0047,0.0035,0.0073,0.0016,0.0029,0.0003,0.0002,0.0203,0.0401,0.0023
0.0006,0.0026,0.0051,0.0036,0.0077,0.0091,0.0096,0.0086,0.0104,0.0145,0.0063,0.0709,0.0072,0.0149,0.0115,0.0067,0.0052,0.0038,0.0053,0.0092,0.0130,0.0852,0.0073,0.0151,0.0117,0.0001,0.0023,0.0324