c1,c2,c3,c4,c5,c6,c7,c8,c9,c10,c11,c12,c13,c14,c15,c16,c17,c18,c19,c20,c21,c22,c23,c24,c25,c26,c27
0.0006,0.0029,0.0004,0.0032,0.0247,0.0272,0.0364,0.0815,0.0131,0.0102,0.0148,0.0090,0.0042,0.0059,0.0060,0.0094,0.0095,0.0131,0.0116,0.0155,0.0046,0.0053,0.0019,0.0051,0.0059,0.0067,0.0040
0.0029,0.0149,0.0165,0.0001,0.0034,0.0096,0.0051,0.0444,0.0116,0.0079,0.0119,0.0044,0.0065,0.0047,0.0079,0.0097,0.0057,0.0086,0.0059,0.0386,0.0063,0.0107,0.0039,0.0107,0.0100,0.0092,0.0069
0.0004,0.0165,0.0602,0.0137,0.0001,0.0131,0.0039,0.0231,0.0127,0.0066,0.0143,0.0027,0.0042,0.0038,0.0081,0.0116,0.0041,0.0065,0.0033,0.0174,0.0037,0.0273,0.0061,0.0292,0.0125,0.0138,0.0049
0.0032,0.0001,0.0137,0.0416,0.0051,0.0017,0.0012,0.0061,0.0079,0.0106,0.0266,0.0044,0.0085,0.0067,0.0118,0.0138,0.0040,0.0059,0.0050,0.0127,0.0072,0.0387,0.0107,0.0299,0.0255,0.0081,0.0042
0.0247,0.0034,0.0001,0.0051,0.0168,0.1700,0.0000,0.0000,0.0015,0.0016,0.0049,0.0012,0.0035,0.0038,0.0075,0.0086,0.0045,0.0037,0.0025,0.0347,0.0060,0.2939,0.0420,0.5902,0.2013,0.1352,0.0070
0.0272,0.0096,0.0131,0.0017,0.1700,0.0002,0.0420,0.0001,0.0008,0.0014,0.0070,0.0041,0.0047,0.0027,0.0032,0.0024,0.0021,0.0080,0.0023,0.0088,0.0088,0.2320,0.4122,0.0268,0.0380,0.0149,0.0037
0.0364,0.0051,0.0039,0.0012,0.0000,0.0420,0.1332,0.0080,0.0000,0.0007,0.0010,0.0012,0.0036,0.0037,0.0058,0.0086,0.0087,0.0100,0.0049,0.0169,0.0090,0.2057,0.9742,0.0208,0.0242,0.0073,0.0051
0.0815,0.0444,0.0231,0.0061,0.0000,0.0001,0.0080,0.1508,0.0087,0.0000,0.0000,0.0002,0.0007,0.0049,0.0047,0.0073,0.0065,0.0151,0.0050,0.7460,0.0383,0.9302,0.0875,0.0495,0.0096,0.0065,0.0031
0.0131,0.0116,0.0127,0.0079,0.0015,0.0008,0.0000,0.0087,0.0548,0.0065,0.0000,0.0004,0.0012,0.0019,0.0057,0.0071,0.0034,0.0165,0.0112,0.1783,0.9790,0.0869,0.1994,0.0044,0.0069,0.0054,0.0043
0.0102,0.0079,0.0066,0.0106,0.0016,0.0014,0.0007,0.0000,0.0065,0.1042,0.0007,0.0001,0.0002,0.0019,0.0044,0.0181,0.0105,0.0883,0.0513,0.7947,0.9340,0.0387,0.0674,0.0052,0.0045,0.0030,0.0030
0.0148,0.0119,0.0143,0.0266,0.0049,0.0070,0.0010,0.0000,0.0000,0.0007,0.0287,0.0008,0.0000,0.0007,0.0026,0.0186,0.0969,0.5428,0.1272,0.8264,0.3373,0.0228,0.0415,0.0100,0.0037,0.0058,0.0047
0.0090,0.0044,0.0027,0.0044,0.0012,0.0041,0.0012,0.0002,0.0004,0.0001,0.0008,0.2308,0.0040,0.0008,0.0075,0.0715,0.1215,0.3378,0.9934,0.0133,0.0739,0.0081,0.0026,0.0022,0.0026,0.0029,0.0037
0.0042,0.0065,0.0042,0.0085,0.0035,0.0047,0.0036,0.0007,0.0012,0.0002,0.0000,0.0040,0.0122,0.0538,0.0008,0.0298,0.1810,0.9967,0.7477,0.0331,0.0172,0.0038,0.0028,0.0028,0.0033,0.0034,0.0027
0.0059,0.0047,0.0038,0.0067,0.0038,0.0027,0.0037,0.0049,0.0019,0.0019,0.0007,0.0008,0.0538,0.3500,0.1463,0.0010,0.1790,0.0197,0.2226,0.0103,0.0240,0.0034,0.0026,0.0011,0.0028,0.0030,0.0031
0.0060,0.0079,0.0081,0.0118,0.0075,0.0032,0.0058,0.0047,0.0057,0.0044,0.0026,0.0075,0.0008,0.1463,0.1715,0.0616,0.0022,0.0091,0.0148,0.0024,0.0067,0.0053,0.0036,0.0033,0.0077,0.0054,0.0035
0.0094,0.0097,0.0116,0.0138,0.0086,0.0024,0.0086,0.0073,0.0071,0.0181,0.0186,0.0715,0.0298,0.0010,0.0616,0.0718,0.1021,0.0000,0.0012,0.0007,0.0014,0.0055,0.0059,0.0050,0.0113,0.0072,0.0046
0.0095,0.0057,0.0041,0.0040,0.0045,0.0021,0.0087,0.0065,0.0034,0.0105,0.0969,0.1215,0.1810,0.1790,0.0022,0.1021,0.0383,0.0100,0.0001,0.0004,0.0011,0.0020,0.0026,0.0042,0.0055,0.0033,0.0052
0.0131,0.0086,0.0065,0.0059,0.0037,0.0080,0.0100,0.0151,0.0165,0.0883,0.5428,0.3378,0.9967,0.0197,0.0091,0.0000,0.0100,0.0063,0.0003,0.0000,0.0001,0.0002,0.0009,0.0223,0.0062,0.0063,0.0092
0.0116,0.0059,0.0033,0.0050,0.0025,0.0023,0.0049,0.0050,0.0112,0.0513,0.1272,0.9934,0.7477,0.2226,0.0148,0.0012,0.0001,0.0003,0.0151,0.0005,0.0000,0.0002,0.0010,0.0012,0.0039,0.0079,0.0923
0.0155,0.0386,0.0174,0.0127,0.0347,0.0088,0.0169,0.7460,0.1783,0.7947,0.8264,0.0133,0.0331,0.0103,0.0024,0.0007,0.0004,0.0000,0.0005,0.1216,0.0006,0.0000,0.0000,0.0003,0.0019,0.0096,0.1273
0.0046,0.0063,0.0037,0.0072,0.0060,0.0088,0.0090,0.0383,0.9790,0.9340,0.3373,0.0739,0.0172,0.0240,0.0067,0.0014,0.0011,0.0001,0.0000,0.0006,0.0143,0.0001,0.0000,0.0007,0.0015,0.0046,0.2348
0.0053,0.0107,0.0273,0.0387,0.2939,0.2320,0.2057,0.9302,0.0869,0.0387,0.0228,0.0081,0.0038,0.0034,0.0053,0.0055,0.0020,0.0002,0.0002,0.0000,0.0001,0.1795,0.0006,0.0001,0.0008,0.0042,0.0590
0.0019,0.0039,0.0061,0.0107,0.0420,0.4122,0.9742,0.0875,0.1994,0.0674,0.0415,0.0026,0.0028,0.0026,0.0036,0.0059,0.0026,0.0009,0.0010,0.0000,0.0000,0.0006,0.0392,0.0122,0.0001,0.0027,0.0249
0.0051,0.0107,0.0292,0.0299,0.5902,0.0268,0.0208,0.0495,0.0044,0.0052,0.0100,0.0022,0.0028,0.0011,0.0033,0.0050,0.0042,0.0223,0.0012,0.0003,0.0007,0.0001,0.0122,0.1749,0.1153,0.0006,0.0078
0.0059,0.0100,0.0125,0.0255,0.2013,0.0380,0.0242,0.0096,0.0069,0.0045,0.0037,0.0026,0.0033,0.0028,0.0077,0.0113,0.0055,0.0062,0.0039,0.0019,0.0015,0.0008,0.0001,0.1153,0.3191,0.0875,0.0001
0.0067,0.0092,0.0138,0.0081,0.1352,0.0149,0.0073,0.0065,0.0054,0.0030,0.0058,0.0029,0.0034,0.0030,0.0054,0.0072,0.0033,0.0063,0.0079,0.0096,0.0046,0.0042,0.0027,0.0006,0.0875,0.1110,0.0025
0.0040,0.0069,0.0049,0.0042,0.0070,0.0037,0.0051,0.0031,0.0043,0.0030,0.0047,0.0037,0.0027,0.0031,0.0035,0.0046,0.0052,0.0092,0.0923,0.1273,0.2348,0.0590,0.0249,0.0078,0.0001,0.0025,0.0436