c1,c2,c3,c4,c5,c6,c7,c8,c9,c10,c11,c12,c13,c14,c15,c16,c17,c18,c19,c20
0.0062,0.0242,0.0026,0.0078,0.0142,0.0058,0.0176,0.0113,0.0123,0.0116,0.0108,0.0100,0.0063,0.0055,0.0037,0.0022,0.0029,0.0077,0.0037,0.0061
0.0242,0.2327,0.1147,0.0003,0.0144,0.0115,0.0053,0.0053,0.0043,0.0045,0.0033,0.0055,0.0034,0.0040,0.0052,0.0030,0.0039,0.0097,0.0052,0.0053
0.0026,0.1147,0.0169,0.0454,0.0016,0.0306,0.0181,0.0041,0.0070,0.0034,0.0065,0.0071,0.0069,0.0055,0.0073,0.0016,0.0041,0.0051,0.0028,0.0041
0.0078,0.0003,0.0454,0.1386,0.0150,0.0006,0.0080,0.0092,0.0046,0.0058,0.0068,0.0105,0.0061,0.0089,0.0124,0.0032,0.0085,0.0070,0.0049,0.0074
0.0142,0.0144,0.0016,0.0150,0.0588,0.0140,0.0003,0.0174,0.0103,0.0022,0.0052,0.0058,0.0096,0.0058,0.0096,0.0062,0.0071,0.0062,0.0052,0.0113
0.0058,0.0115,0.0306,0.0006,0.0140,0.0554,0.0091,0.0005,0.0114,0.0105,0.0062,0.0058,0.0090,0.0086,0.0064,0.0054,0.0089,0.0051,0.0058,0.0077
0.0176,0.0053,0.0181,0.0080,0.0003,0.0091,0.0322,0.0103,0.0009,0.0073,0.0228,0.0078,0.0171,0.0100,0.0116,0.0074,0.0047,0.0050,0.0046,0.0055
0.0113,0.0053,0.0041,0.0092,0.0174,0.0005,0.0103,0.0197,0.0031,0.0009,0.0276,0.0195,0.0134,0.0075,0.0121,0.0107,0.0051,0.0041,0.0120,0.0055
0.0123,0.0043,0.0070,0.0046,0.0103,0.0114,0.0009,0.0031,0.0161,0.0306,0.0012,0.0244,0.0476,0.0057,0.0071,0.0094,0.0060,0.0034,0.0046,0.0074
0.0116,0.0045,0.0034,0.0058,0.0022,0.0105,0.0073,0.0009,0.0306,0.0526,0.0140,0.0035,0.0502,0.0225,0.0070,0.0058,0.0048,0.0062,0.0029,0.0023
0.0108,0.0033,0.0065,0.0068,0.0052,0.0062,0.0228,0.0276,0.0012,0.0140,0.0171,0.0050,0.0008,0.0170,0.0245,0.0069,0.0098,0.0060,0.0035,0.0047
0.0100,0.0055,0.0071,0.0105,0.0058,0.0058,0.0078,0.0195,0.0244,0.0035,0.0050,0.0117,0.0066,0.0011,0.0079,0.0212,0.0065,0.0066,0.0054,0.0038
0.0063,0.0034,0.0069,0.0061,0.0096,0.0090,0.0171,0.0134,0.0476,0.0502,0.0008,0.0066,0.0653,0.0122,0.0001,0.0089,0.0094,0.0030,0.0054,0.0049
0.0055,0.0040,0.0055,0.0089,0.0058,0.0086,0.0100,0.0075,0.0057,0.0225,0.0170,0.0011,0.0122,0.0230,0.0010,0.0030,0.0107,0.0160,0.0063,0.0130
0.0037,0.0052,0.0073,0.0124,0.0096,0.0064,0.0116,0.0121,0.0071,0.0070,0.0245,0.0079,0.0001,0.0010,0.0099,0.2030,0.0008,0.0253,0.0205,0.0090
0.0022,0.0030,0.0016,0.0032,0.0062,0.0054,0.0074,0.0107,0.0094,0.0058,0.0069,0.0212,0.0089,0.0030,0.2030,0.0002,0.1075,0.0023,0.0155,0.0320
0.0029,0.0039,0.0041,0.0085,0.0071,0.0089,0.0047,0.0051,0.0060,0.0048,0.0098,0.0065,0.0094,0.0107,0.0008,0.1075,0.0651,0.0172,0.0003,0.0302
0.0077,0.0097,0.0051,0.0070,0.0062,0.0051,0.0050,0.0041,0.0034,0.0062,0.0060,0.0066,0.0030,0.0160,0.0253,0.0023,0.0172,0.0631,0.1221,0.0002
0.0037,0.0052,0.0028,0.0049,0.0052,0.0058,0.0046,0.0120,0.0046,0.0029,0.0035,0.0054,0.0054,0.0063,0.0205,0.0155,0.0003,0.1221,0.2119,0.0085
0.0061,0.0053,0.0041,0.0074,0.0113,0.0077,0.0055,0.0055,0.0074,0.0023,0.0047,0.0038,0.0049,0.0130,0.0090,0.0320,0.0302,0.0002,0.0085,0.1464