c1,c2,c3,c4,c5,c6,c7,c8,c9,c10,c11,c12,c13,c14,c15,c16,c17,c18,c19,c20,c21,c22,c23,c24,c25,c26
0.0000,0.0019,0.0005,0.0063,0.0211,0.0099,0.0250,0.0170,0.0222,0.0192,0.0272,0.0109,0.0052,0.0083,0.0037,0.0041,0.0046,0.0090,0.0141,0.0165,0.0168,0.0145,0.0119,0.0048,0.0104,0.0048
0.0019,0.0085,0.0493,0.0001,0.0066,0.0095,0.0057,0.0128,0.0113,0.0065,0.0045,0.0078,0.0057,0.0056,0.0026,0.0059,0.0075,0.0182,0.0219,0.0243,0.0119,0.0101,0.0114,0.0076,0.0101,0.0038
0.0005,0.0493,0.0375,0.0269,0.0003,0.0047,0.0071,0.0043,0.0046,0.0074,0.0122,0.0070,0.0051,0.0064,0.0057,0.0099,0.0123,0.0130,0.0152,0.0170,0.0094,0.0071,0.0082,0.0038,0.0080,0.0035
0.0063,0.0001,0.0269,0.0085,0.0104,0.0000,0.0017,0.0066,0.0023,0.0116,0.0130,0.0155,0.0134,0.0155,0.0162,0.0206,0.0231,0.0454,0.0279,0.0204,0.0126,0.0049,0.0091,0.0072,0.0105,0.0032
0.0211,0.0066,0.0003,0.0104,0.0162,0.0059,0.0001,0.0023,0.0032,0.0047,0.0126,0.0099,0.0109,0.0136,0.0193,0.1155,0.0359,0.0267,0.0078,0.0063,0.0068,0.0056,0.0056,0.0077,0.0058,0.0040
0.0099,0.0095,0.0047,0.0000,0.0059,0.0053,0.0018,0.0000,0.0010,0.0106,0.0044,0.0191,0.0273,0.1054,0.0257,0.2750,0.0493,0.0261,0.0131,0.0117,0.0199,0.0038,0.0086,0.0056,0.0129,0.0023
0.0250,0.0057,0.0071,0.0017,0.0001,0.0018,0.0039,0.0004,0.0001,0.0029,0.0197,0.0168,0.0962,0.0904,0.0512,0.1132,0.0399,0.0172,0.0074,0.0103,0.0063,0.0073,0.0060,0.0123,0.0070,0.0034
0.0170,0.0128,0.0043,0.0066,0.0023,0.0000,0.0004,0.0003,0.0206,0.0011,0.0096,0.0296,0.1666,0.1934,0.1322,0.1342,0.0444,0.0168,0.0097,0.0091,0.0028,0.0018,0.0022,0.0037,0.0045,0.0030
0.0222,0.0113,0.0046,0.0023,0.0032,0.0010,0.0001,0.0206,0.0095,0.0238,0.0014,0.0291,0.0409,0.0388,0.0700,0.0322,0.0421,0.0069,0.0048,0.0052,0.0044,0.0036,0.0034,0.0044,0.0039,0.0037
0.0192,0.0065,0.0074,0.0116,0.0047,0.0106,0.0029,0.0011,0.0238,0.0196,0.0304,0.0001,0.0210,0.0199,0.0054,0.0129,0.0150,0.0053,0.0062,0.0059,0.0075,0.0059,0.0049,0.0050,0.0077,0.0058
0.0272,0.0045,0.0122,0.0130,0.0126,0.0044,0.0197,0.0096,0.0014,0.0304,0.0338,0.0100,0.0008,0.0042,0.0025,0.0061,0.0118,0.0055,0.0068,0.0042,0.0057,0.0043,0.0051,0.0064,0.0081,0.0071
0.0109,0.0078,0.0070,0.0155,0.0099,0.0191,0.0168,0.0296,0.0291,0.0001,0.0100,0.0362,0.0271,0.0002,0.0036,0.0059,0.0034,0.0058,0.0045,0.0038,0.0071,0.0042,0.0068,0.0090,0.0107,0.0144
0.0052,0.0057,0.0051,0.0134,0.0109,0.0273,0.0962,0.1666,0.0409,0.0210,0.0008,0.0271,0.0211,0.0057,0.0001,0.0010,0.0026,0.0014,0.0024,0.0029,0.0062,0.0045,0.0063,0.0124,0.0087,0.0074
0.0083,0.0056,0.0064,0.0155,0.0136,0.1054,0.0904,0.1934,0.0388,0.0199,0.0042,0.0002,0.0057,0.0013,0.0032,0.0000,0.0005,0.0022,0.0033,0.0150,0.0161,0.0104,0.0202,0.0399,0.0183,0.0070
0.0037,0.0026,0.0057,0.0162,0.0193,0.0257,0.0512,0.1322,0.0700,0.0054,0.0025,0.0036,0.0001,0.0032,0.0032,0.0012,0.0000,0.0015,0.0055,0.0044,0.0254,0.0686,0.0304,0.0398,0.0150,0.0153
0.0041,0.0059,0.0099,0.0206,0.1155,0.2750,0.1132,0.1342,0.0322,0.0129,0.0061,0.0059,0.0010,0.0000,0.0012,0.0013,0.0003,0.0000,0.0022,0.0045,0.0100,0.0552,0.0582,0.0230,0.0260,0.0190
0.0046,0.0075,0.0123,0.0231,0.0359,0.0493,0.0399,0.0444,0.0421,0.0150,0.0118,0.0034,0.0026,0.0005,0.0000,0.0003,0.0035,0.0012,0.0003,0.0034,0.0142,0.0362,0.0422,0.0688,0.0164,0.0090
0.0090,0.0182,0.0130,0.0454,0.0267,0.0261,0.0172,0.0168,0.0069,0.0053,0.0055,0.0058,0.0014,0.0022,0.0015,0.0000,0.0012,0.0085,0.0252,0.0007,0.0116,0.0198,0.0366,0.0275,0.0317,0.0056
0.0141,0.0219,0.0152,0.0279,0.0078,0.0131,0.0074,0.0097,0.0048,0.0062,0.0068,0.0045,0.0024,0.0033,0.0055,0.0022,0.0003,0.0252,0.0320,0.0240,0.0002,0.0071,0.0257,0.0050,0.0146,0.0104
0.0165,0.0243,0.0170,0.0204,0.0063,0.0117,0.0103,0.0091,0.0052,0.0059,0.0042,0.0038,0.0029,0.0150,0.0044,0.0045,0.0034,0.0007,0.0240,0.0504,0.0064,0.0005,0.0120,0.0046,0.0034,0.0191
0.0168,0.0119,0.0094,0.0126,0.0068,0.0199,0.0063,0.0028,0.0044,0.0075,0.0057,0.0071,0.0062,0.0161,0.0254,0.0100,0.0142,0.0116,0.0002,0.0064,0.0086,0.0279,0.0002,0.0034,0.0076,0.0320
0.0145,0.0101,0.0071,0.0049,0.0056,0.0038,0.0073,0.0018,0.0036,0.0059,0.0043,0.0042,0.0045,0.0104,0.0686,0.0552,0.0362,0.0198,0.0071,0.0005,0.0279,0.0793,0.0051,0.0001,0.0020,0.0198
0.0119,0.0114,0.0082,0.0091,0.0056,0.0086,0.0060,0.0022,0.0034,0.0049,0.0051,0.0068,0.0063,0.0202,0.0304,0.0582,0.0422,0.0366,0.0257,0.0120,0.0002,0.0051,0.0145,0.0097,0.0000,0.0073
0.0048,0.0076,0.0038,0.0072,0.0077,0.0056,0.0123,0.0037,0.0044,0.0050,0.0064,0.0090,0.0124,0.0399,0.0398,0.0230,0.0688,0.0275,0.0050,0.0046,0.0034,0.0001,0.0097,0.0222,0.0049,0.0007
0.0104,0.0101,0.0080,0.0105,0.0058,0.0129,0.0070,0.0045,0.0039,0.0077,0.0081,0.0107,0.0087,0.0183,0.0150,0.0260,0.0164,0.0317,0.0146,0.0034,0.0076,0.0020,0.0000,0.0049,0.0043,0.0134
0.0048,0.0038,0.0035,0.0032,0.0040,0.0023,0.0034,0.0030,0.0037,0.0058,0.0071,0.0144,0.0074,0.0070,0.0153,0.0190,0.0090,0.0056,0.0104,0.0191,0.0320,0.0198,0.0073,0.0007,0.0134,0.0521