c1,c2,c3,c4,c5,c6,c7,c8,c9,c10,c11,c12,c13,c14,c15,c16,c17,c18,c19,c20
0.0090,0.1321,0.0058,0.0232,0.0280,0.0076,0.0100,0.0082,0.0069,0.0082,0.0047,0.0060,0.0033,0.0038,0.0045,0.0017,0.0048,0.0051,0.0025,0.0038
0.1321,0.3477,0.1464,0.0025,0.0214,0.0121,0.0033,0.0043,0.0040,0.0026,0.0021,0.0036,0.0024,0.0024,0.0047,0.0015,0.0050,0.0058,0.0022,0.0043
0.0058,0.1464,0.0825,0.1937,0.0031,0.0380,0.0255,0.0063,0.0061,0.0029,0.0054,0.0043,0.0028,0.0030,0.0042,0.0005,0.0039,0.0030,0.0012,0.0027
0.0232,0.0025,0.1937,0.0587,0.0212,0.0012,0.0065,0.0081,0.0039,0.0054,0.0057,0.0087,0.0048,0.0028,0.0063,0.0048,0.0063,0.0046,0.0022,0.0038
0.0280,0.0214,0.0031,0.0212,0.2080,0.0611,0.0016,0.0213,0.0086,0.0019,0.0031,0.0051,0.0035,0.0031,0.0038,0.0037,0.0043,0.0043,0.0020,0.0034
0.0076,0.0121,0.0380,0.0012,0.0611,0.0607,0.0354,0.0008,0.0158,0.0073,0.0058,0.0056,0.0055,0.0050,0.0043,0.0031,0.0042,0.0040,0.0026,0.0041
0.0100,0.0033,0.0255,0.0065,0.0016,0.0354,0.0311,0.0112,0.0006,0.0106,0.0205,0.0089,0.0123,0.0077,0.0089,0.0073,0.0040,0.0042,0.0028,0.0027
0.0082,0.0043,0.0063,0.0081,0.0213,0.0008,0.0112,0.0102,0.0067,0.0011,0.0239,0.0280,0.0084,0.0085,0.0190,0.0143,0.0046,0.0050,0.0044,0.0033
0.0069,0.0040,0.0061,0.0039,0.0086,0.0158,0.0006,0.0067,0.0224,0.0276,0.0005,0.0322,0.0361,0.0065,0.0093,0.0170,0.0087,0.0043,0.0032,0.0063
0.0082,0.0026,0.0029,0.0054,0.0019,0.0073,0.0106,0.0011,0.0276,0.0740,0.0199,0.0022,0.0302,0.0295,0.0080,0.0123,0.0063,0.0061,0.0022,0.0027
0.0047,0.0021,0.0054,0.0057,0.0031,0.0058,0.0205,0.0239,0.0005,0.0199,0.0263,0.0149,0.0014,0.0283,0.0185,0.0141,0.0070,0.0081,0.0040,0.0043
0.0060,0.0036,0.0043,0.0087,0.0051,0.0056,0.0089,0.0280,0.0322,0.0022,0.0149,0.0184,0.0076,0.0006,0.0067,0.0268,0.0029,0.0085,0.0055,0.0081
0.0033,0.0024,0.0028,0.0048,0.0035,0.0055,0.0123,0.0084,0.0361,0.0302,0.0014,0.0076,0.0482,0.0195,0.0006,0.0381,0.0048,0.0053,0.0091,0.0078
0.0038,0.0024,0.0030,0.0028,0.0031,0.0050,0.0077,0.0085,0.0065,0.0295,0.0283,0.0006,0.0195,0.0481,0.0094,0.0040,0.0064,0.0102,0.0114,0.0148
0.0045,0.0047,0.0042,0.0063,0.0038,0.0043,0.0089,0.0190,0.0093,0.0080,0.0185,0.0067,0.0006,0.0094,0.0097,0.1406,0.0004,0.0104,0.0127,0.0161
0.0017,0.0015,0.0005,0.0048,0.0037,0.0031,0.0073,0.0143,0.0170,0.0123,0.0141,0.0268,0.0381,0.0040,0.1406,0.0001,0.1414,0.0007,0.0277,0.0325
0.0048,0.0050,0.0039,0.0063,0.0043,0.0042,0.0040,0.0046,0.0087,0.0063,0.0070,0.0029,0.0048,0.0064,0.0004,0.1414,0.1346,0.0160,0.0019,0.0554
0.0051,0.0058,0.0030,0.0046,0.0043,0.0040,0.0042,0.0050,0.0043,0.0061,0.0081,0.0085,0.0053,0.0102,0.0104,0.0007,0.0160,0.2907,0.2406,0.0006
0.0025,0.0022,0.0012,0.0022,0.0020,0.0026,0.0028,0.0044,0.0032,0.0022,0.0040,0.0055,0.0091,0.0114,0.0127,0.0277,0.0019,0.2406,0.3145,0.0696
0.0038,0.0043,0.0027,0.0038,0.0034,0.0041,0.0027,0.0033,0.0063,0.0027,0.0043,0.0081,0.0078,0.0148,0.0161,0.0325,0.0554,0.0006,0.0696,0.0563