c1,c2,c3,c4,c5,c6,c7,c8,c9,c10,c11,c12,c13,c14,c15,c16,c17,c18,c19,c20
0.0048,0.0357,0.0009,0.0089,0.0141,0.0070,0.0130,0.0127,0.0202,0.0100,0.0067,0.0110,0.0056,0.0045,0.0072,0.0030,0.0055,0.0058,0.0045,0.0042
0.0357,0.1889,0.0362,0.0016,0.0185,0.0120,0.0047,0.0076,0.0059,0.0042,0.0021,0.0045,0.0034,0.0035,0.0075,0.0037,0.0053,0.0042,0.0053,0.0033
0.0009,0.0362,0.0354,0.0808,0.0017,0.0479,0.0347,0.0076,0.0072,0.0037,0.0043,0.0043,0.0067,0.0050,0.0054,0.0031,0.0044,0.0033,0.0028,0.0044
0.0089,0.0016,0.0808,0.0249,0.0080,0.0006,0.0064,0.0148,0.0052,0.0081,0.0068,0.0103,0.0078,0.0080,0.0071,0.0080,0.0094,0.0065,0.0032,0.0037
0.0141,0.0185,0.0017,0.0080,0.0560,0.0263,0.0006,0.0313,0.0204,0.0031,0.0036,0.0049,0.0068,0.0051,0.0062,0.0092,0.0064,0.0055,0.0030,0.0048
0.0070,0.0120,0.0479,0.0006,0.0263,0.0376,0.0124,0.0010,0.0253,0.0109,0.0068,0.0081,0.0077,0.0070,0.0036,0.0045,0.0044,0.0041,0.0032,0.0045
0.0130,0.0047,0.0347,0.0064,0.0006,0.0124,0.0218,0.0097,0.0006,0.0062,0.0214,0.0128,0.0215,0.0160,0.0095,0.0080,0.0046,0.0037,0.0040,0.0026
0.0127,0.0076,0.0076,0.0148,0.0313,0.0010,0.0097,0.0113,0.0055,0.0015,0.0249,0.0215,0.0122,0.0135,0.0107,0.0069,0.0059,0.0020,0.0026,0.0017
0.0202,0.0059,0.0072,0.0052,0.0204,0.0253,0.0006,0.0055,0.0122,0.0235,0.0010,0.0311,0.0365,0.0066,0.0093,0.0060,0.0066,0.0031,0.0018,0.0030
0.0100,0.0042,0.0037,0.0081,0.0031,0.0109,0.0062,0.0015,0.0235,0.0428,0.0173,0.0011,0.0192,0.0248,0.0089,0.0127,0.0064,0.0061,0.0018,0.0037
0.0067,0.0021,0.0043,0.0068,0.0036,0.0068,0.0214,0.0249,0.0010,0.0173,0.0629,0.0149,0.0015,0.0322,0.0232,0.0033,0.0072,0.0065,0.0016,0.0045
0.0110,0.0045,0.0043,0.0103,0.0049,0.0081,0.0128,0.0215,0.0311,0.0011,0.0149,0.0322,0.0043,0.0009,0.0058,0.0183,0.0048,0.0082,0.0035,0.0046
0.0056,0.0034,0.0067,0.0078,0.0068,0.0077,0.0215,0.0122,0.0365,0.0192,0.0015,0.0043,0.0263,0.0058,0.0006,0.0077,0.0046,0.0057,0.0109,0.0094
0.0045,0.0035,0.0050,0.0080,0.0051,0.0070,0.0160,0.0135,0.0066,0.0248,0.0322,0.0009,0.0058,0.0195,0.0021,0.0006,0.0107,0.0169,0.0112,0.0149
0.0072,0.0075,0.0054,0.0071,0.0062,0.0036,0.0095,0.0107,0.0093,0.0089,0.0232,0.0058,0.0006,0.0021,0.0135,0.0510,0.0003,0.0142,0.0281,0.0182
0.0030,0.0037,0.0031,0.0080,0.0092,0.0045,0.0080,0.0069,0.0060,0.0127,0.0033,0.0183,0.0077,0.0006,0.0510,0.0571,0.0146,0.0012,0.0062,0.0237
0.0055,0.0053,0.0044,0.0094,0.0064,0.0044,0.0046,0.0059,0.0066,0.0064,0.0072,0.0048,0.0046,0.0107,0.0003,0.0146,0.0885,0.0187,0.0019,0.0968
0.0058,0.0042,0.0033,0.0065,0.0055,0.0041,0.0037,0.0020,0.0031,0.0061,0.0065,0.0082,0.0057,0.0169,0.0142,0.0012,0.0187,0.2545,0.1978,0.0005
0.0045,0.0053,0.0028,0.0032,0.0030,0.0032,0.0040,0.0026,0.0018,0.0018,0.0016,0.0035,0.0109,0.0112,0.0281,0.0062,0.0019,0.1978,0.2305,0.0955
0.0042,0.0033,0.0044,0.0037,0.0048,0.0045,0.0026,0.0017,0.0030,0.0037,0.0045,0.0046,0.0094,0.0149,0.0182,0.0237,0.0968,0.0005,0.0955,0.0637