c1,c2,c3,c4,c5,c6,c7,c8,c9,c10,c11,c12,c13,c14,c15,c16,c17,c18,c19,c20
0.0178,0.0305,0.0028,0.0140,0.0148,0.0064,0.0118,0.0092,0.0147,0.0116,0.0062,0.0069,0.0038,0.0044,0.0051,0.0025,0.0053,0.0047,0.0034,0.0037
0.0305,0.1860,0.0627,0.0013,0.0226,0.0107,0.0052,0.0087,0.0068,0.0043,0.0033,0.0048,0.0027,0.0033,0.0053,0.0026,0.0061,0.0043,0.0038,0.0030
0.0028,0.0627,0.0729,0.0877,0.0009,0.0272,0.0226,0.0063,0.0069,0.0038,0.0046,0.0050,0.0043,0.0035,0.0043,0.0027,0.0060,0.0045,0.0027,0.0031
0.0140,0.0013,0.0877,0.0300,0.0136,0.0005,0.0074,0.0094,0.0045,0.0072,0.0077,0.0127,0.0062,0.0065,0.0065,0.0050,0.0096,0.0069,0.0030,0.0051
0.0148,0.0226,0.0009,0.0136,0.0987,0.0513,0.0004,0.0290,0.0155,0.0033,0.0046,0.0067,0.0052,0.0059,0.0054,0.0067,0.0044,0.0047,0.0022,0.0046
0.0064,0.0107,0.0272,0.0005,0.0513,0.0498,0.0135,0.0006,0.0266,0.0077,0.0077,0.0106,0.0072,0.0057,0.0055,0.0039,0.0042,0.0041,0.0039,0.0053
0.0118,0.0052,0.0226,0.0074,0.0004,0.0135,0.0432,0.0154,0.0008,0.0084,0.0234,0.0143,0.0130,0.0079,0.0146,0.0057,0.0039,0.0037,0.0033,0.0028
0.0092,0.0087,0.0063,0.0094,0.0290,0.0006,0.0154,0.0138,0.0068,0.0011,0.0251,0.0170,0.0091,0.0107,0.0089,0.0095,0.0071,0.0038,0.0034,0.0026
0.0147,0.0068,0.0069,0.0045,0.0155,0.0266,0.0008,0.0068,0.0205,0.0423,0.0007,0.0327,0.0195,0.0040,0.0069,0.0048,0.0059,0.0043,0.0026,0.0047
0.0116,0.0043,0.0038,0.0072,0.0033,0.0077,0.0084,0.0011,0.0423,0.0570,0.0114,0.0019,0.0154,0.0105,0.0059,0.0093,0.0070,0.0085,0.0024,0.0049
0.0062,0.0033,0.0046,0.0077,0.0046,0.0077,0.0234,0.0251,0.0007,0.0114,0.0525,0.0299,0.0015,0.0249,0.0204,0.0026,0.0044,0.0047,0.0023,0.0058
0.0069,0.0048,0.0050,0.0127,0.0067,0.0106,0.0143,0.0170,0.0327,0.0019,0.0299,0.0162,0.0050,0.0003,0.0113,0.0090,0.0036,0.0079,0.0040,0.0067
0.0038,0.0027,0.0043,0.0062,0.0052,0.0072,0.0130,0.0091,0.0195,0.0154,0.0015,0.0050,0.0196,0.0318,0.0012,0.0195,0.0052,0.0044,0.0096,0.0127
0.0044,0.0033,0.0035,0.0065,0.0059,0.0057,0.0079,0.0107,0.0040,0.0105,0.0249,0.0003,0.0318,0.0247,0.0111,0.0009,0.0300,0.0124,0.0076,0.0172
0.0051,0.0053,0.0043,0.0065,0.0054,0.0055,0.0146,0.0089,0.0069,0.0059,0.0204,0.0113,0.0012,0.0111,0.0136,0.0319,0.0003,0.0105,0.0189,0.0126
0.0025,0.0026,0.0027,0.0050,0.0067,0.0039,0.0057,0.0095,0.0048,0.0093,0.0026,0.0090,0.0195,0.0009,0.0319,0.1584,0.0369,0.0009,0.0111,0.0196
0.0053,0.0061,0.0060,0.0096,0.0044,0.0042,0.0039,0.0071,0.0059,0.0070,0.0044,0.0036,0.0052,0.0300,0.0003,0.0369,0.0614,0.0155,0.0020,0.0488
0.0047,0.0043,0.0045,0.0069,0.0047,0.0041,0.0037,0.0038,0.0043,0.0085,0.0047,0.0079,0.0044,0.0124,0.0105,0.0009,0.0155,0.2584,0.2228,0.0006
0.0034,0.0038,0.0027,0.0030,0.0022,0.0039,0.0033,0.0034,0.0026,0.0024,0.0023,0.0040,0.0096,0.0076,0.0189,0.0111,0.0020,0.2228,0.2520,0.0608
0.0037,0.0030,0.0031,0.0051,0.0046,0.0053,0.0028,0.0026,0.0047,0.0049,0.0058,0.0067,0.0127,0.0172,0.0126,0.0196,0.0488,0.0006,0.0608,0.0359