c1,c2,c3,c4,c5,c6,c7,c8,c9,c10,c11,c12,c13,c14,c15,c16,c17,c18,c19,c20
0.0073,0.0112,0.0022,0.0069,0.0106,0.0075,0.0083,0.0069,0.0145,0.0073,0.0132,0.0129,0.0075,0.0081,0.0081,0.0030,0.0073,0.0060,0.0038,0.0046
0.0112,0.0496,0.0338,0.0004,0.0151,0.0112,0.0047,0.0070,0.0117,0.0080,0.0082,0.0129,0.0065,0.0055,0.0092,0.0030,0.0053,0.0060,0.0027,0.0034
0.0022,0.0338,0.0514,0.0158,0.0003,0.0135,0.0121,0.0018,0.0085,0.0056,0.0118,0.0108,0.0089,0.0085,0.0067,0.0049,0.0123,0.0065,0.0034,0.0055
0.0069,0.0004,0.0158,0.0059,0.0067,0.0003,0.0057,0.0128,0.0091,0.0132,0.0243,0.0387,0.0111,0.0143,0.0099,0.0060,0.0125,0.0082,0.0051,0.0061
0.0106,0.0151,0.0003,0.0067,0.0292,0.0117,0.0001,0.0341,0.0153,0.0058,0.0143,0.0159,0.0096,0.0122,0.0098,0.0085,0.0069,0.0050,0.0047,0.0076
0.0075,0.0112,0.0135,0.0003,0.0117,0.0196,0.0015,0.0005,0.0179,0.0074,0.0081,0.0179,0.0127,0.0132,0.0114,0.0077,0.0086,0.0065,0.0080,0.0145
0.0083,0.0047,0.0121,0.0057,0.0001,0.0015,0.0295,0.1756,0.0003,0.0182,0.0080,0.0101,0.0126,0.0131,0.0310,0.0071,0.0090,0.0081,0.0057,0.0053
0.0069,0.0070,0.0018,0.0128,0.0341,0.0005,0.1756,0.0000,0.0325,0.0012,0.0174,0.0190,0.0080,0.0149,0.0153,0.0178,0.0122,0.0044,0.0048,0.0062
0.0145,0.0117,0.0085,0.0091,0.0153,0.0179,0.0003,0.0325,0.0028,0.0123,0.0004,0.0243,0.0077,0.0062,0.0129,0.0078,0.0067,0.0092,0.0048,0.0061
0.0073,0.0080,0.0056,0.0132,0.0058,0.0074,0.0182,0.0012,0.0123,0.0349,0.0055,0.0010,0.0178,0.0077,0.0063,0.0091,0.0074,0.0080,0.0037,0.0068
0.0132,0.0082,0.0118,0.0243,0.0143,0.0081,0.0080,0.0174,0.0004,0.0055,0.0506,0.0096,0.0003,0.0078,0.0099,0.0045,0.0050,0.0081,0.0050,0.0097
0.0129,0.0129,0.0108,0.0387,0.0159,0.0179,0.0101,0.0190,0.0243,0.0010,0.0096,0.0061,0.0034,0.0002,0.0087,0.0056,0.0024,0.0080,0.0044,0.0080
0.0075,0.0065,0.0089,0.0111,0.0096,0.0127,0.0126,0.0080,0.0077,0.0178,0.0003,0.0034,0.0161,0.0101,0.0011,0.0109,0.0086,0.0050,0.0099,0.0187
0.0081,0.0055,0.0085,0.0143,0.0122,0.0132,0.0131,0.0149,0.0062,0.0077,0.0078,0.0002,0.0101,0.0103,0.0046,0.0016,0.0115,0.0143,0.0058,0.0133
0.0081,0.0092,0.0067,0.0099,0.0098,0.0114,0.0310,0.0153,0.0129,0.0063,0.0099,0.0087,0.0011,0.0046,0.0069,0.0151,0.0002,0.0105,0.0090,0.0071
0.0030,0.0030,0.0049,0.0060,0.0085,0.0077,0.0071,0.0178,0.0078,0.0091,0.0045,0.0056,0.0109,0.0016,0.0151,0.0468,0.0167,0.0009,0.0098,0.0163
0.0073,0.0053,0.0123,0.0125,0.0069,0.0086,0.0090,0.0122,0.0067,0.0074,0.0050,0.0024,0.0086,0.0115,0.0002,0.0167,0.0305,0.0398,0.0006,0.0243
0.0060,0.0060,0.0065,0.0082,0.0050,0.0065,0.0081,0.0044,0.0092,0.0080,0.0081,0.0080,0.0050,0.0143,0.0105,0.0009,0.0398,0.0570,0.0831,0.0001
0.0038,0.0027,0.0034,0.0051,0.0047,0.0080,0.0057,0.0048,0.0048,0.0037,0.0050,0.0044,0.0099,0.0058,0.0090,0.0098,0.0006,0.0831,0.2642,0.0169
0.0046,0.0034,0.0055,0.0061,0.0076,0.0145,0.0053,0.0062,0.0061,0.0068,0.0097,0.0080,0.0187,0.0133,0.0071,0.0163,0.0243,0.0001,0.0169,0.0198