c1,c2,c3,c4,c5,c6,c7,c8,c9,c10,c11,c12,c13,c14,c15,c16,c17,c18,c19,c20
0.0193,0.1077,0.0051,0.0155,0.0183,0.0076,0.0085,0.0095,0.0075,0.0076,0.0063,0.0068,0.0027,0.0034,0.0045,0.0019,0.0053,0.0053,0.0029,0.0036
0.1077,0.3605,0.1038,0.0020,0.0188,0.0120,0.0037,0.0066,0.0052,0.0040,0.0030,0.0049,0.0022,0.0026,0.0033,0.0014,0.0056,0.0046,0.0021,0.0031
0.0051,0.1038,0.0912,0.1498,0.0013,0.0285,0.0225,0.0083,0.0062,0.0036,0.0067,0.0055,0.0030,0.0032,0.0026,0.0017,0.0053,0.0028,0.0013,0.0026
0.0155,0.0020,0.1498,0.0502,0.0254,0.0007,0.0071,0.0091,0.0043,0.0072,0.0079,0.0114,0.0068,0.0036,0.0051,0.0044,0.0057,0.0055,0.0020,0.0036
0.0183,0.0188,0.0013,0.0254,0.1715,0.0452,0.0010,0.0293,0.0098,0.0030,0.0048,0.0075,0.0042,0.0037,0.0050,0.0046,0.0030,0.0039,0.0021,0.0039
0.0076,0.0120,0.0285,0.0007,0.0452,0.0580,0.0268,0.0006,0.0223,0.0083,0.0080,0.0068,0.0066,0.0058,0.0027,0.0056,0.0032,0.0043,0.0032,0.0046
0.0085,0.0037,0.0225,0.0071,0.0010,0.0268,0.0584,0.0199,0.0007,0.0153,0.0245,0.0119,0.0146,0.0075,0.0051,0.0061,0.0029,0.0036,0.0024,0.0023
0.0095,0.0066,0.0083,0.0091,0.0293,0.0006,0.0199,0.0157,0.0070,0.0015,0.0257,0.0242,0.0094,0.0069,0.0044,0.0084,0.0043,0.0050,0.0043,0.0027
0.0075,0.0052,0.0062,0.0043,0.0098,0.0223,0.0007,0.0070,0.0383,0.0590,0.0004,0.0474,0.0573,0.0045,0.0033,0.0090,0.0034,0.0057,0.0026,0.0054
0.0076,0.0040,0.0036,0.0072,0.0030,0.0083,0.0153,0.0015,0.0590,0.1083,0.0125,0.0017,0.0330,0.0107,0.0030,0.0085,0.0036,0.0062,0.0022,0.0035
0.0063,0.0030,0.0067,0.0079,0.0048,0.0080,0.0245,0.0257,0.0004,0.0125,0.0606,0.0203,0.0010,0.0170,0.0130,0.0065,0.0057,0.0078,0.0028,0.0041
0.0068,0.0049,0.0055,0.0114,0.0075,0.0068,0.0119,0.0242,0.0474,0.0017,0.0203,0.0254,0.0077,0.0005,0.0047,0.0107,0.0019,0.0086,0.0042,0.0057
0.0027,0.0022,0.0030,0.0068,0.0042,0.0066,0.0146,0.0094,0.0573,0.0330,0.0010,0.0077,0.0618,0.0179,0.0006,0.0221,0.0037,0.0063,0.0062,0.0072
0.0034,0.0026,0.0032,0.0036,0.0037,0.0058,0.0075,0.0069,0.0045,0.0107,0.0170,0.0005,0.0179,0.0477,0.0202,0.0014,0.0188,0.0139,0.0193,0.0184
0.0045,0.0033,0.0026,0.0051,0.0050,0.0027,0.0051,0.0044,0.0033,0.0030,0.0130,0.0047,0.0006,0.0202,0.0165,0.0865,0.0014,0.0904,0.0346,0.0357
0.0019,0.0014,0.0017,0.0044,0.0046,0.0056,0.0061,0.0084,0.0090,0.0085,0.0065,0.0107,0.0221,0.0014,0.0865,0.1058,0.0366,0.0002,0.0145,0.0207
0.0053,0.0056,0.0053,0.0057,0.0030,0.0032,0.0029,0.0043,0.0034,0.0036,0.0057,0.0019,0.0037,0.0188,0.0014,0.0366,0.1530,0.0404,0.0032,0.0887
0.0053,0.0046,0.0028,0.0055,0.0039,0.0043,0.0036,0.0050,0.0057,0.0062,0.0078,0.0086,0.0063,0.0139,0.0904,0.0002,0.0404,0.0737,0.1463,0.0004
0.0029,0.0021,0.0013,0.0020,0.0021,0.0032,0.0024,0.0043,0.0026,0.0022,0.0028,0.0042,0.0062,0.0193,0.0346,0.0145,0.0032,0.1463,0.4097,0.0651
0.0036,0.0031,0.0026,0.0036,0.0039,0.0046,0.0023,0.0027,0.0054,0.0035,0.0041,0.0057,0.0072,0.0184,0.0357,0.0207,0.0887,0.0004,0.0651,0.0708