c1,c2,c3,c4,c5,c6,c7,c8,c9,c10,c11,c12,c13,c14,c15,c16,c17,c18,c19,c20
0.0039,0.0244,0.0072,0.0328,0.0672,0.0189,0.0099,0.0103,0.0152,0.0031,0.0090,0.0073,0.0046,0.0022,0.0009,0.0025,0.0051,0.0079,0.0040,0.0030
0.0244,0.2803,0.0789,0.0010,0.1921,0.0647,0.0040,0.0031,0.0021,0.0021,0.0035,0.0027,0.0039,0.0023,0.0020,0.0018,0.0047,0.0080,0.0043,0.0037
0.0072,0.0789,0.0193,0.0165,0.0004,0.0903,0.1828,0.0042,0.0059,0.0046,0.0048,0.0051,0.0064,0.0039,0.0038,0.0028,0.0034,0.0026,0.0031,0.0030
0.0328,0.0010,0.0165,0.0170,0.0174,0.0005,0.0145,0.0322,0.0056,0.0110,0.0050,0.0090,0.0064,0.0046,0.0052,0.0096,0.0111,0.0038,0.0038,0.0043
0.0672,0.1921,0.0004,0.0174,0.0021,0.0062,0.0007,0.0133,0.0540,0.0072,0.0034,0.0019,0.0100,0.0083,0.0079,0.0036,0.0100,0.0085,0.0023,0.0062
0.0189,0.0647,0.0903,0.0005,0.0062,0.0055,0.0021,0.0003,0.0068,0.1032,0.0072,0.0073,0.0102,0.0098,0.0067,0.0055,0.0069,0.0072,0.0037,0.0027
0.0099,0.0040,0.1828,0.0145,0.0007,0.0021,0.0062,0.0036,0.0012,0.0267,0.1017,0.0080,0.0192,0.0043,0.0084,0.0049,0.0029,0.0031,0.0038,0.0078
0.0103,0.0031,0.0042,0.0322,0.0133,0.0003,0.0036,0.0089,0.0026,0.0052,0.0508,0.0565,0.0069,0.0177,0.0111,0.0073,0.0043,0.0032,0.0046,0.0071
0.0152,0.0021,0.0059,0.0056,0.0540,0.0068,0.0012,0.0026,0.0097,0.0124,0.0023,0.0243,0.0628,0.0068,0.0334,0.0033,0.0066,0.0041,0.0030,0.0033
0.0031,0.0021,0.0046,0.0110,0.0072,0.1032,0.0267,0.0052,0.0124,0.0107,0.0068,0.0014,0.0198,0.0380,0.0051,0.0073,0.0037,0.0054,0.0014,0.0029
0.0090,0.0035,0.0048,0.0050,0.0034,0.0072,0.1017,0.0508,0.0023,0.0068,0.0016,0.0021,0.0010,0.0808,0.2037,0.0043,0.0056,0.0029,0.0021,0.0065
0.0073,0.0027,0.0051,0.0090,0.0019,0.0073,0.0080,0.0565,0.0243,0.0014,0.0021,0.0104,0.0011,0.0040,0.0442,0.0465,0.0036,0.0115,0.0068,0.0091
0.0046,0.0039,0.0064,0.0064,0.0100,0.0102,0.0192,0.0069,0.0628,0.0198,0.0010,0.0011,0.0032,0.0025,0.0010,0.0103,0.0351,0.0083,0.0184,0.0156
0.0022,0.0023,0.0039,0.0046,0.0083,0.0098,0.0043,0.0177,0.0068,0.0380,0.0808,0.0040,0.0025,0.0046,0.0021,0.0010,0.0224,0.0851,0.0057,0.0074
0.0009,0.0020,0.0038,0.0052,0.0079,0.0067,0.0084,0.0111,0.0334,0.0051,0.2037,0.0442,0.0010,0.0021,0.0044,0.0049,0.0012,0.0140,0.0594,0.0065
0.0025,0.0018,0.0028,0.0096,0.0036,0.0055,0.0049,0.0073,0.0033,0.0073,0.0043,0.0465,0.0103,0.0010,0.0049,0.0055,0.0396,0.0016,0.0359,0.2822
0.0051,0.0047,0.0034,0.0111,0.0100,0.0069,0.0029,0.0043,0.0066,0.0037,0.0056,0.0036,0.0351,0.0224,0.0012,0.0396,0.0283,0.0125,0.0016,0.0126
0.0079,0.0080,0.0026,0.0038,0.0085,0.0072,0.0031,0.0032,0.0041,0.0054,0.0029,0.0115,0.0083,0.0851,0.0140,0.0016,0.0125,0.0693,0.0204,0.0013
0.0040,0.0043,0.0031,0.0038,0.0023,0.0037,0.0038,0.0046,0.0030,0.0014,0.0021,0.0068,0.0184,0.0057,0.0594,0.0359,0.0016,0.0204,0.1798,0.0360
0.0030,0.0037,0.0030,0.0043,0.0062,0.0027,0.0078,0.0071,0.0033,0.0029,0.0065,0.0091,0.0156,0.0074,0.0065,0.2822,0.0126,0.0013,0.0360,0.0088
