c1,c2,c3,c4,c5,c6,c7,c8,c9,c10,c11,c12,c13,c14,c15,c16,c17,c18,c19,c20,c21,c22,c23,c24,c25,c26,c27,c28
0.0002,0.0021,0.0009,0.0120,0.0270,0.0223,0.0263,0.0247,0.0136,0.0213,0.0223,0.0117,0.0200,0.0105,0.0057,0.0082,0.0116,0.0049,0.0073,0.0070,0.0064,0.0046,0.0075,0.0065,0.0055,0.0050,0.0035,0.0017
0.0021,0.0401,0.1818,0.0006,0.0121,0.0106,0.0053,0.0259,0.0098,0.0090,0.0177,0.0082,0.0076,0.0134,0.0073,0.0045,0.0041,0.0037,0.0060,0.0030,0.0040,0.0046,0.0112,0.0058,0.0040,0.0054,0.0042,0.0028
0.0009,0.1818,0.0191,0.1268,0.0109,0.1005,0.0244,0.0326,0.0212,0.0303,0.0602,0.0217,0.0172,0.0137,0.0053,0.0033,0.0032,0.0024,0.0023,0.0005,0.0015,0.0014,0.0042,0.0019,0.0004,0.0018,0.0018,0.0023
0.0120,0.0006,0.1268,0.0319,0.0133,0.0010,0.0154,0.0200,0.0126,0.0241,0.0250,0.0204,0.0155,0.0148,0.0079,0.0047,0.0060,0.0039,0.0033,0.0030,0.0034,0.0024,0.0093,0.0030,0.0022,0.0042,0.0026,0.0032
0.0270,0.0121,0.0109,0.0133,0.0385,0.0433,0.0004,0.0207,0.0067,0.0076,0.0248,0.0182,0.0136,0.0280,0.0086,0.0042,0.0071,0.0059,0.0044,0.0029,0.0029,0.0026,0.0067,0.0027,0.0024,0.0030,0.0028,0.0021
0.0223,0.0106,0.1005,0.0010,0.0433,0.0983,0.0503,0.0007,0.0080,0.0102,0.0074,0.0138,0.0175,0.0172,0.0081,0.0061,0.0047,0.0044,0.0033,0.0025,0.0027,0.0028,0.0055,0.0026,0.0027,0.0030,0.0030,0.0031
0.0263,0.0053,0.0244,0.0154,0.0004,0.0503,0.4061,0.0892,0.0019,0.0212,0.0137,0.0051,0.0159,0.0213,0.0078,0.0031,0.0054,0.0050,0.0049,0.0020,0.0024,0.0023,0.0033,0.0025,0.0017,0.0030,0.0028,0.0025
0.0247,0.0259,0.0326,0.0200,0.0207,0.0007,0.0892,0.0528,0.0193,0.0003,0.0150,0.0063,0.0102,0.0226,0.0095,0.0033,0.0091,0.0048,0.0037,0.0030,0.0025,0.0031,0.0047,0.0024,0.0029,0.0032,0.0038,0.0039
0.0136,0.0098,0.0212,0.0126,0.0067,0.0080,0.0019,0.0193,0.0834,0.0312,0.0008,0.0070,0.0125,0.0216,0.0119,0.0060,0.0137,0.0078,0.0043,0.0035,0.0033,0.0030,0.0056,0.0031,0.0031,0.0031,0.0027,0.0048
0.0213,0.0090,0.0303,0.0241,0.0076,0.0102,0.0212,0.0003,0.0312,0.0149,0.0221,0.0028,0.0191,0.0132,0.0076,0.0055,0.0022,0.0118,0.0046,0.0029,0.0035,0.0041,0.0056,0.0047,0.0028,0.0054,0.0047,0.0035
0.0223,0.0177,0.0602,0.0250,0.0248,0.0074,0.0137,0.0150,0.0008,0.0221,0.0155,0.0041,0.0002,0.0088,0.0074,0.0024,0.0180,0.0118,0.0036,0.0034,0.0046,0.0046,0.0113,0.0045,0.0036,0.0056,0.0049,0.0037
0.0117,0.0082,0.0217,0.0204,0.0182,0.0138,0.0051,0.0063,0.0070,0.0028,0.0041,0.0090,0.0116,0.0000,0.0070,0.0072,0.0121,0.0197,0.0099,0.0058,0.0086,0.0082,0.0187,0.0137,0.0060,0.0047,0.0040,0.0037
0.0200,0.0076,0.0172,0.0155,0.0136,0.0175,0.0159,0.0102,0.0125,0.0191,0.0002,0.0116,0.0053,0.0173,0.0006,0.0170,0.0061,0.0027,0.0064,0.0029,0.0036,0.0093,0.0063,0.0116,0.0100,0.0058,0.0063,0.0040
0.0105,0.0134,0.0137,0.0148,0.0280,0.0172,0.0213,0.0226,0.0216,0.0132,0.0088,0.0000,0.0173,0.0124,0.0026,0.0001,0.0031,0.0101,0.0052,0.0114,0.0083,0.0091,0.0105,0.0088,0.0051,0.0059,0.0049,0.0073
0.0057,0.0073,0.0053,0.0079,0.0086,0.0081,0.0078,0.0095,0.0119,0.0076,0.0074,0.0070,0.0006,0.0026,0.0083,0.0061,0.0006,0.0093,0.0320,0.0124,0.0167,0.0079,0.0110,0.0078,0.0159,0.0080,0.0063,0.0102
0.0082,0.0045,0.0033,0.0047,0.0042,0.0061,0.0031,0.0033,0.0060,0.0055,0.0024,0.0072,0.0170,0.0001,0.0061,0.0141,0.0056,0.0001,0.0071,0.0179,0.0178,0.0489,0.0510,0.0263,0.0189,0.0169,0.0417,0.0361
0.0116,0.0041,0.0032,0.0060,0.0071,0.0047,0.0054,0.0091,0.0137,0.0022,0.0180,0.0121,0.0061,0.0031,0.0006,0.0056,0.0205,0.0060,0.0005,0.0331,0.0135,0.0099,0.0218,0.0179,0.0063,0.0128,0.0110,0.0113
0.0049,0.0037,0.0024,0.0039,0.0059,0.0044,0.0050,0.0048,0.0078,0.0118,0.0118,0.0197,0.0027,0.0101,0.0093,0.0001,0.0060,0.0215,0.0042,0.0068,0.0108,0.0139,0.0039,0.0276,0.0147,0.0196,0.0238,0.0255
0.0073,0.0060,0.0023,0.0033,0.0044,0.0033,0.0049,0.0037,0.0043,0.0046,0.0036,0.0099,0.0064,0.0052,0.0320,0.0071,0.0005,0.0042,0.0654,0.2559,0.0002,0.0085,0.0010,0.0229,0.0139,0.0241,0.0434,0.0478
0.0070,0.0030,0.0005,0.0030,0.0029,0.0025,0.0020,0.0030,0.0035,0.0029,0.0034,0.0058,0.0029,0.0114,0.0124,0.0179,0.0331,0.0068,0.2559,0.0059,0.1369,0.0002,0.0009,0.0456,0.0034,0.0276,0.0433,0.1400
0.0064,0.0040,0.0015,0.0034,0.0029,0.0027,0.0024,0.0025,0.0033,0.0035,0.0046,0.0086,0.0036,0.0083,0.0167,0.0178,0.0135,0.0108,0.0002,0.1369,0.0438,0.0018,0.0000,0.0351,0.0178,0.0512,0.0959,0.4624
0.0046,0.0046,0.0014,0.0024,0.0026,0.0028,0.0023,0.0031,0.0030,0.0041,0.0046,0.0082,0.0093,0.0091,0.0079,0.0489,0.0099,0.0139,0.0085,0.0002,0.0018,0.0092,0.0005,0.0008,0.1112,0.0993,0.1743,0.7664
0.0075,0.0112,0.0042,0.0093,0.0067,0.0055,0.0033,0.0047,0.0056,0.0056,0.0113,0.0187,0.0063,0.0105,0.0110,0.0510,0.0218,0.0039,0.0010,0.0009,0.0000,0.0005,0.0147,0.0058,0.0006,0.0035,0.0149,0.9985
0.0065,0.0058,0.0019,0.0030,0.0027,0.0026,0.0025,0.0024,0.0031,0.0047,0.0045,0.0137,0.0116,0.0088,0.0078,0.0263,0.0179,0.0276,0.0229,0.0456,0.0351,0.0008,0.0058,0.0032,0.3428,0.0001,0.0127,0.0181
0.0055,0.0040,0.0004,0.0022,0.0024,0.0027,0.0017,0.0029,0.0031,0.0028,0.0036,0.0060,0.0100,0.0051,0.0159,0.0189,0.0063,0.0147,0.0139,0.0034,0.0178,0.1112,0.0006,0.3428,0.0090,0.6662,0.0011,0.0091
0.0050,0.0054,0.0018,0.0042,0.0030,0.0030,0.0030,0.0032,0.0031,0.0054,0.0056,0.0047,0.0058,0.0059,0.0080,0.0169,0.0128,0.0196,0.0241,0.0276,0.0512,0.0993,0.0035,0.0001,0.6662,0.1958,0.0485,0.0000
0.0035,0.0042,0.0018,0.0026,0.0028,0.0030,0.0028,0.0038,0.0027,0.0047,0.0049,0.0040,0.0063,0.0049,0.0063,0.0417,0.0110,0.0238,0.0434,0.0433,0.0959,0.1743,0.0149,0.0127,0.0011,0.0485,0.0125,0.0000
0.0017,0.0028,0.0023,0.0032,0.0021,0.0031,0.0025,0.0039,0.0048,0.0035,0.0037,0.0037,0.0040,0.0073,0.0102,0.0361,0.0113,0.0255,0.0478,0.1400,0.4624,0.7664,0.9985,0.0181,0.0091,0.0000,0.0000,0.0000