c1,c2,c3,c4,c5,c6,c7,c8,c9,c10,c11,c12,c13,c14,c15,c16,c17,c18,c19,c20,c21,c22,c23,c24,c25,c26,c27,c28
0.0006,0.0051,0.0014,0.0083,0.0191,0.0101,0.0251,0.0189,0.0247,0.0118,0.0071,0.0069,0.0071,0.0046,0.0067,0.0091,0.0059,0.0122,0.0200,0.0124,0.0032,0.0093,0.0053,0.0024,0.0064,0.0042,0.0058,0.0074
0.0051,0.0191,0.0196,0.0003,0.0045,0.0074,0.0044,0.0099,0.0155,0.0120,0.0051,0.0066,0.0055,0.0112,0.0042,0.0079,0.0056,0.0081,0.0245,0.0084,0.0048,0.0050,0.0067,0.0028,0.0224,0.0041,0.0182,0.0096
0.0014,0.0196,0.0229,0.0089,0.0004,0.0042,0.0088,0.0045,0.0210,0.0188,0.0091,0.0150,0.0082,0.0169,0.0055,0.0082,0.0039,0.0059,0.0130,0.0055,0.0037,0.0050,0.0112,0.0017,0.0165,0.0050,0.0115,0.0096
0.0083,0.0003,0.0089,0.0078,0.0103,0.0002,0.0090,0.0085,0.0203,0.0742,0.0152,0.0252,0.0073,0.0161,0.0033,0.0061,0.0031,0.0048,0.0114,0.0054,0.0044,0.0031,0.0132,0.0030,0.0223,0.0072,0.0255,0.0081
0.0191,0.0045,0.0004,0.0103,0.0260,0.0148,0.0005,0.0062,0.0048,0.0163,0.0111,0.0132,0.0103,0.0074,0.0053,0.0083,0.0042,0.0067,0.0093,0.0042,0.0055,0.0039,0.0152,0.0038,0.0100,0.0072,0.0222,0.0203
0.0101,0.0074,0.0042,0.0002,0.0148,0.0142,0.0103,0.0044,0.0394,0.0184,0.0037,0.0127,0.0056,0.0061,0.0050,0.0038,0.0029,0.0044,0.0108,0.0042,0.0032,0.0032,0.0084,0.0029,0.0205,0.0079,0.0652,0.0275
0.0251,0.0044,0.0088,0.0090,0.0005,0.0103,0.0181,0.0173,0.0001,0.0034,0.0021,0.0031,0.0163,0.0056,0.0058,0.0080,0.0058,0.0055,0.0163,0.0050,0.0047,0.0032,0.0129,0.0039,0.0253,0.0142,0.1560,0.0407
0.0189,0.0099,0.0045,0.0085,0.0062,0.0044,0.0173,0.0265,0.0030,0.0002,0.0015,0.0005,0.0013,0.0039,0.0021,0.0091,0.0051,0.0060,0.0121,0.0053,0.0037,0.0020,0.0116,0.0076,0.0495,0.0347,0.4196,0.1318
0.0247,0.0155,0.0210,0.0203,0.0048,0.0394,0.0001,0.0030,0.0108,0.0010,0.0000,0.0001,0.0007,0.0009,0.0034,0.0056,0.0047,0.0034,0.0050,0.0027,0.0032,0.0016,0.0168,0.0124,0.6804,0.0967,0.8164,0.4406
0.0118,0.0120,0.0188,0.0742,0.0163,0.0184,0.0034,0.0002,0.0010,0.0027,0.0022,0.0000,0.0001,0.0002,0.0005,0.0041,0.0028,0.0017,0.0032,0.0023,0.0019,0.0008,0.0247,0.0591,0.9583,0.8244,0.9780,0.2711
0.0071,0.0051,0.0091,0.0152,0.0111,0.0037,0.0021,0.0015,0.0000,0.0022,0.0028,0.0002,0.0000,0.0001,0.0002,0.0022,0.0034,0.0030,0.0086,0.0037,0.0021,0.0019,0.0389,0.1147,0.7011,0.9994,0.8977,0.0763
0.0069,0.0066,0.0150,0.0252,0.0132,0.0127,0.0031,0.0005,0.0001,0.0000,0.0002,0.0004,0.0002,0.0000,0.0000,0.0004,0.0011,0.0065,0.0071,0.0074,0.0282,0.0085,0.9994,0.9702,0.9997,0.4507,0.0420,0.0095
0.0071,0.0055,0.0082,0.0073,0.0103,0.0056,0.0163,0.0013,0.0007,0.0001,0.0000,0.0002,0.0031,0.0009,0.0000,0.0004,0.0021,0.0036,0.0138,0.0094,0.0176,0.0478,0.1761,1.0000,0.1583,0.2130,0.0268,0.0085
0.0046,0.0112,0.0169,0.0161,0.0074,0.0061,0.0056,0.0039,0.0009,0.0002,0.0001,0.0000,0.0009,0.0010,0.0001,0.0000,0.0001,0.0028,0.0100,0.0362,1.0000,0.1860,0.9973,0.2041,0.0170,0.0057,0.0007,0.0011
0.0067,0.0042,0.0055,0.0033,0.0053,0.0050,0.0058,0.0021,0.0034,0.0005,0.0002,0.0000,0.0000,0.0001,0.0055,0.0019,0.0002,0.0017,0.0092,0.0232,0.0700,1.0000,0.0664,0.9923,0.0398,0.0132,0.0015,0.0013
0.0091,0.0079,0.0082,0.0061,0.0083,0.0038,0.0080,0.0091,0.0056,0.0041,0.0022,0.0004,0.0004,0.0000,0.0019,0.0094,0.0020,0.0012,0.5489,0.0304,0.9995,0.7386,0.0128,0.0070,0.0011,0.0018,0.0004,0.0009
0.0059,0.0056,0.0039,0.0031,0.0042,0.0029,0.0058,0.0051,0.0047,0.0028,0.0034,0.0011,0.0021,0.0001,0.0002,0.0020,0.1005,0.5057,0.0093,0.0124,0.0082,0.9940,0.0309,0.1305,0.0044,0.0036,0.0014,0.0014
0.0122,0.0081,0.0059,0.0048,0.0067,0.0044,0.0055,0.0060,0.0034,0.0017,0.0030,0.0065,0.0036,0.0028,0.0017,0.0012,0.5057,0.0677,0.6879,0.0054,0.0024,0.0228,0.0028,0.0097,0.0021,0.0022,0.0031,0.0067
0.0200,0.0245,0.0130,0.0114,0.0093,0.0108,0.0163,0.0121,0.0050,0.0032,0.0086,0.0071,0.0138,0.0100,0.0092,0.5489,0.0093,0.6879,0.0021,0.4359,0.0002,0.0002,0.0001,0.0002,0.0012,0.0014,0.0017,0.0060
0.0124,0.0084,0.0055,0.0054,0.0042,0.0042,0.0050,0.0053,0.0027,0.0023,0.0037,0.0074,0.0094,0.0362,0.0232,0.0304,0.0124,0.0054,0.4359,0.0774,0.0099,0.0001,0.0013,0.0013,0.0009,0.0116,0.0113,0.0195
0.0032,0.0048,0.0037,0.0044,0.0055,0.0032,0.0047,0.0037,0.0032,0.0019,0.0021,0.0282,0.0176,1.0000,0.0700,0.9995,0.0082,0.0024,0.0002,0.0099,0.0059,0.0002,0.0000,0.0000,0.0001,0.0004,0.0009,0.0049
0.0093,0.0050,0.0050,0.0031,0.0039,0.0032,0.0032,0.0020,0.0016,0.0008,0.0019,0.0085,0.0478,0.1860,1.0000,0.7386,0.9940,0.0228,0.0002,0.0001,0.0002,0.0001,0.0004,0.0000,0.0002,0.0008,0.0015,0.0026
0.0053,0.0067,0.0112,0.0132,0.0152,0.0084,0.0129,0.0116,0.0168,0.0247,0.0389,0.9994,0.1761,0.9973,0.0664,0.0128,0.0309,0.0028,0.0001,0.0013,0.0000,0.0004,0.0007,0.0004,0.0000,0.0002,0.0002,0.0028
0.0024,0.0028,0.0017,0.0030,0.0038,0.0029,0.0039,0.0076,0.0124,0.0591,0.1147,0.9702,1.0000,0.2041,0.9923,0.0070,0.1305,0.0097,0.0002,0.0013,0.0000,0.0000,0.0004,0.0012,0.0001,0.0000,0.0000,0.0005
0.0064,0.0224,0.0165,0.0223,0.0100,0.0205,0.0253,0.0495,0.6804,0.9583,0.7011,0.9997,0.1583,0.0170,0.0398,0.0011,0.0044,0.0021,0.0012,0.0009,0.0001,0.0002,0.0000,0.0001,0.0002,0.0001,0.0000,0.0010
0.0042,0.0041,0.0050,0.0072,0.0072,0.0079,0.0142,0.0347,0.0967,0.8244,0.9994,0.4507,0.2130,0.0057,0.0132,0.0018,0.0036,0.0022,0.0014,0.0116,0.0004,0.0008,0.0002,0.0000,0.0001,0.0005,0.0006,0.0004
0.0058,0.0182,0.0115,0.0255,0.0222,0.0652,0.1560,0.4196,0.8164,0.9780,0.8977,0.0420,0.0268,0.0007,0.0015,0.0004,0.0014,0.0031,0.0017,0.0113,0.0009,0.0015,0.0002,0.0000,0.0000,0.0006,0.0001,0.0030
0.0074,0.0096,0.0096,0.0081,0.0203,0.0275,0.0407,0.1318,0.4406,0.2711,0.0763,0.0095,0.0085,0.0011,0.0013,0.0009,0.0014,0.0067,0.0060,0.0195,0.0049,0.0026,0.0028,0.0005,0.0010,0.0004,0.0030,0.0007
