c1,c2,c3,c4,c5,c6,c7,c8,c9,c10,c11,c12,c13,c14,c15,c16,c17,c18,c19,c20,c21,c22,c23,c24,c25,c26,c27,c28
0.0006,0.0011,0.0001,0.0041,0.0176,0.0081,0.0167,0.0146,0.0078,0.0093,0.0050,0.0082,0.0082,0.0099,0.0080,0.0084,0.0061,0.0102,0.0292,0.0168,0.0041,0.0137,0.0143,0.0046,0.0278,0.0066,0.0125,0.0125
0.0011,0.0133,0.0097,0.0005,0.0032,0.0037,0.0018,0.0094,0.0055,0.0083,0.0040,0.0659,0.0099,0.0148,0.0053,0.0069,0.0043,0.0062,0.0123,0.0085,0.0071,0.0036,0.0332,0.0036,0.1077,0.0062,0.0167,0.0072
0.0001,0.0097,0.0081,0.0087,0.0003,0.0013,0.0037,0.0072,0.0136,0.0062,0.0317,0.1908,0.0199,0.0468,0.0041,0.0068,0.0032,0.0057,0.0123,0.0046,0.0062,0.0040,0.0707,0.0034,0.0287,0.0055,0.0058,0.0077
0.0041,0.0005,0.0087,0.0094,0.0733,0.0000,0.0038,0.0136,0.0074,0.0043,0.0098,0.4968,0.0100,0.0328,0.0034,0.0051,0.0029,0.0055,0.0115,0.0047,0.0041,0.0007,0.0480,0.0032,0.1444,0.0058,0.0202,0.0038
0.0176,0.0032,0.0003,0.0733,0.0578,0.0013,0.0006,0.0058,0.0083,0.0069,0.0120,0.0231,0.0036,0.0037,0.0039,0.0074,0.0041,0.0077,0.0093,0.0045,0.0034,0.0030,0.0273,0.0047,0.0312,0.0086,0.0275,0.0254
0.0081,0.0037,0.0013,0.0000,0.0013,0.0001,0.0049,0.0074,0.0275,0.2648,0.0448,0.9972,0.0085,0.0186,0.0010,0.0017,0.0006,0.0019,0.0053,0.0019,0.0023,0.0003,0.3764,0.0031,0.2406,0.0051,0.0299,0.0076
0.0167,0.0018,0.0037,0.0038,0.0006,0.0049,0.0059,0.0080,0.0008,0.0551,0.0012,0.0108,0.0053,0.0053,0.0038,0.0041,0.0043,0.0034,0.0138,0.0050,0.0043,0.0026,0.0492,0.0049,0.2532,0.0109,0.1558,0.0254
0.0146,0.0094,0.0072,0.0136,0.0058,0.0074,0.0080,0.0505,0.4063,0.0000,0.0011,0.0006,0.0014,0.0049,0.0015,0.0084,0.0032,0.0036,0.0091,0.0040,0.0038,0.0010,0.0081,0.0034,0.0269,0.0122,0.3697,0.2424
0.0078,0.0055,0.0136,0.0074,0.0083,0.0275,0.0008,0.4063,0.0003,0.0114,0.0001,0.0000,0.0006,0.0006,0.0012,0.0022,0.0028,0.0006,0.0001,0.0019,0.0028,0.0007,0.0539,0.0047,0.4066,0.0990,0.9736,0.9963
0.0093,0.0083,0.0062,0.0043,0.0069,0.2648,0.0551,0.0000,0.0114,0.0001,0.0011,0.0000,0.0000,0.0000,0.0003,0.0028,0.0019,0.0020,0.0083,0.0023,0.0019,0.0001,0.0510,0.0339,0.9999,0.9404,0.9999,0.0855
0.0050,0.0040,0.0317,0.0098,0.0120,0.0448,0.0012,0.0011,0.0001,0.0011,0.0011,0.0000,0.0000,0.0001,0.0002,0.0059,0.0030,0.0021,0.0094,0.0032,0.0033,0.0008,0.0236,0.0255,0.5022,1.0000,0.1157,0.5683
0.0082,0.0659,0.1908,0.4968,0.0231,0.9972,0.0108,0.0006,0.0000,0.0000,0.0000,0.0000,0.0002,0.0000,0.0000,0.0002,0.0004,0.0032,0.0040,0.0049,0.0167,0.0043,1.0000,0.2940,0.9996,0.0289,0.0142,0.0023
0.0082,0.0099,0.0199,0.0100,0.0036,0.0085,0.0053,0.0014,0.0006,0.0000,0.0000,0.0002,0.0025,0.0004,0.0000,0.0004,0.0010,0.0031,0.0202,0.0122,0.0145,0.1171,0.1256,1.0000,0.0628,0.8833,0.0042,0.0219
0.0099,0.0148,0.0468,0.0328,0.0037,0.0186,0.0053,0.0049,0.0006,0.0000,0.0001,0.0000,0.0004,0.0007,0.0001,0.0001,0.0000,0.0034,0.0254,0.0799,1.0000,0.2018,0.9989,0.0229,0.0114,0.0032,0.0005,0.0016
0.0080,0.0053,0.0041,0.0034,0.0039,0.0010,0.0038,0.0015,0.0012,0.0003,0.0002,0.0000,0.0000,0.0001,0.0018,0.0028,0.0000,0.0014,0.0077,0.0339,0.0388,1.0000,0.0416,1.0000,0.0198,0.0490,0.0008,0.0011
0.0084,0.0069,0.0068,0.0051,0.0074,0.0017,0.0041,0.0084,0.0022,0.0028,0.0059,0.0002,0.0004,0.0001,0.0028,0.0294,0.0014,0.0016,0.7171,0.0397,0.9998,0.5050,0.0091,0.0023,0.0008,0.0012,0.0007,0.0034
0.0061,0.0043,0.0032,0.0029,0.0041,0.0006,0.0043,0.0032,0.0028,0.0019,0.0030,0.0004,0.0010,0.0000,0.0000,0.0014,0.0196,0.9091,0.0097,0.0317,0.0026,1.0000,0.0089,0.1780,0.0024,0.0049,0.0016,0.0017
0.0102,0.0062,0.0057,0.0055,0.0077,0.0019,0.0034,0.0036,0.0006,0.0020,0.0021,0.0032,0.0031,0.0034,0.0014,0.0016,0.9091,0.1618,0.8940,0.0043,0.0029,0.0334,0.0016,0.0106,0.0023,0.0024,0.0030,0.0066
0.0292,0.0123,0.0123,0.0115,0.0093,0.0053,0.0138,0.0091,0.0001,0.0083,0.0094,0.0040,0.0202,0.0254,0.0077,0.7171,0.0097,0.8940,0.0072,0.4358,0.0002,0.0000,0.0000,0.0003,0.0016,0.0013,0.0043,0.0229
0.0168,0.0085,0.0046,0.0047,0.0045,0.0019,0.0050,0.0040,0.0019,0.0023,0.0032,0.0049,0.0122,0.0799,0.0339,0.0397,0.0317,0.0043,0.4358,0.0326,0.0034,0.0001,0.0005,0.0021,0.0011,0.0065,0.0744,0.0186
0.0041,0.0071,0.0062,0.0041,0.0034,0.0023,0.0043,0.0038,0.0028,0.0019,0.0033,0.0167,0.0145,1.0000,0.0388,0.9998,0.0026,0.0029,0.0002,0.0034,0.0109,0.0003,0.0000,0.0000,0.0000,0.0003,0.0019,0.0113
0.0137,0.0036,0.0040,0.0007,0.0030,0.0003,0.0026,0.0010,0.0007,0.0001,0.0008,0.0043,0.1171,0.2018,1.0000,0.5050,1.0000,0.0334,0.0000,0.0001,0.0003,0.0001,0.0001,0.0003,0.0000,0.0015,0.0013,0.0017
0.0143,0.0332,0.0707,0.0480,0.0273,0.3764,0.0492,0.0081,0.0539,0.0510,0.0236,1.0000,0.1256,0.9989,0.0416,0.0091,0.0089,0.0016,0.0000,0.0005,0.0000,0.0001,0.0001,0.0001,0.0000,0.0000,0.0000,0.0008
0.0046,0.0036,0.0034,0.0032,0.0047,0.0031,0.0049,0.0034,0.0047,0.0339,0.0255,0.2940,1.0000,0.0229,1.0000,0.0023,0.1780,0.0106,0.0003,0.0021,0.0000,0.0003,0.0001,0.0026,0.0000,0.0000,0.0001,0.0007
0.0278,0.1077,0.0287,0.1444,0.0312,0.2406,0.2532,0.0269,0.4066,0.9999,0.5022,0.9996,0.0628,0.0114,0.0198,0.0008,0.0024,0.0023,0.0016,0.0011,0.0000,0.0000,0.0000,0.0000,0.0001,0.0001,0.0000,0.0000
0.0066,0.0062,0.0055,0.0058,0.0086,0.0051,0.0109,0.0122,0.0990,0.9404,1.0000,0.0289,0.8833,0.0032,0.0490,0.0012,0.0049,0.0024,0.0013,0.0065,0.0003,0.0015,0.0000,0.0000,0.0001,0.0013,0.0001,0.0001
0.0125,0.0167,0.0058,0.0202,0.0275,0.0299,0.1558,0.3697,0.9736,0.9999,0.1157,0.0142,0.0042,0.0005,0.0008,0.0007,0.0016,0.0030,0.0043,0.0744,0.0019,0.0013,0.0000,0.0001,0.0000,0.0001,0.0016,0.0002
0.0125,0.0072,0.0077,0.0038,0.0254,0.0076,0.0254,0.2424,0.9963,0.0855,0.5683,0.0023,0.0219,0.0016,0.0011,0.0034,0.0017,0.0066,0.0229,0.0186,0.0113,0.0017,0.0008,0.0007,0.0000,0.0001,0.0002,0.0017
