c1,c2,c3,c4,c5,c6,c7,c8,c9,c10,c11,c12,c13,c14,c15,c16,c17,c18,c19,c20,c21,c22,c23,c24,c25,c26,c27,c28
0.0000,0.0015,0.0005,0.0036,0.0163,0.0119,0.0718,0.0184,0.0164,0.0082,0.0080,0.0131,0.0157,0.0122,0.0110,0.0110,0.0084,0.0104,0.0353,0.0153,0.0035,0.0076,0.0071,0.0040,0.0122,0.0045,0.0086,0.0081
0.0015,0.0240,0.0293,0.0001,0.0041,0.0053,0.0092,0.0129,0.0067,0.0115,0.0109,0.0233,0.0296,0.0152,0.0105,0.0077,0.0087,0.0066,0.0124,0.0062,0.0042,0.0039,0.0065,0.0033,0.0104,0.0038,0.0062,0.0071
0.0005,0.0293,0.0402,0.0111,0.0005,0.0029,0.0122,0.0058,0.0123,0.0060,0.0099,0.0254,0.0178,0.0186,0.0068,0.0108,0.0053,0.0055,0.0126,0.0043,0.0033,0.0044,0.0114,0.0029,0.0125,0.0041,0.0062,0.0079
0.0036,0.0001,0.0111,0.0050,0.1072,0.0001,0.0157,0.0122,0.0362,0.0085,0.0281,0.2052,0.0538,0.0252,0.0046,0.0070,0.0052,0.0061,0.0134,0.0039,0.0043,0.0011,0.0082,0.0027,0.0110,0.0031,0.0055,0.0036
0.0163,0.0041,0.0005,0.1072,0.0411,0.0045,0.0003,0.0093,0.0230,0.0148,0.0236,0.0686,0.0082,0.0052,0.0064,0.0100,0.0054,0.0051,0.0075,0.0034,0.0027,0.0027,0.0064,0.0039,0.0072,0.0041,0.0082,0.0069
0.0119,0.0053,0.0029,0.0001,0.0045,0.0075,0.0030,0.0006,0.0633,0.0200,0.0733,0.7963,0.0202,0.0227,0.0044,0.0033,0.0023,0.0026,0.0041,0.0032,0.0046,0.0019,0.0352,0.0037,0.0130,0.0055,0.0071,0.0056
0.0718,0.0092,0.0122,0.0157,0.0003,0.0030,0.0069,0.0169,0.0008,0.0335,0.0022,0.0139,0.0158,0.0078,0.0045,0.0041,0.0038,0.0034,0.0082,0.0043,0.0035,0.0021,0.0117,0.0049,0.0252,0.0109,0.0276,0.0212
0.0184,0.0129,0.0058,0.0122,0.0093,0.0006,0.0169,0.0196,0.2202,0.0001,0.0011,0.0017,0.0027,0.0066,0.0041,0.0081,0.0059,0.0045,0.0079,0.0050,0.0039,0.0019,0.0080,0.0059,0.0194,0.0179,0.1560,0.0471
0.0164,0.0067,0.0123,0.0362,0.0230,0.0633,0.0008,0.2202,0.0004,0.0190,0.0001,0.0002,0.0007,0.0009,0.0025,0.0031,0.0040,0.0007,0.0001,0.0023,0.0035,0.0018,0.0219,0.0114,0.1103,0.1303,0.6112,0.6899
0.0082,0.0115,0.0060,0.0085,0.0148,0.0200,0.0335,0.0001,0.0190,0.0001,0.0012,0.0000,0.0001,0.0001,0.0003,0.0033,0.0033,0.0021,0.0064,0.0026,0.0041,0.0010,0.0552,0.1381,0.9963,0.9623,0.9796,0.0750
0.0080,0.0109,0.0099,0.0281,0.0236,0.0733,0.0022,0.0011,0.0001,0.0012,0.0008,0.0003,0.0000,0.0002,0.0003,0.0044,0.0031,0.0020,0.0097,0.0031,0.0029,0.0014,0.0179,0.0437,0.8320,0.9993,0.5288,0.0449
0.0131,0.0233,0.0254,0.2052,0.0686,0.7963,0.0139,0.0017,0.0002,0.0000,0.0003,0.0000,0.0002,0.0000,0.0000,0.0004,0.0007,0.0036,0.0043,0.0053,0.0162,0.0058,0.9995,0.8096,0.9957,0.0776,0.0273,0.0069
0.0157,0.0296,0.0178,0.0538,0.0082,0.0202,0.0158,0.0027,0.0007,0.0001,0.0000,0.0002,0.0017,0.0009,0.0000,0.0003,0.0008,0.0031,0.0180,0.0075,0.0086,0.0295,0.2160,0.9999,0.2985,0.2076,0.0149,0.0090
0.0122,0.0152,0.0186,0.0252,0.0052,0.0227,0.0078,0.0066,0.0009,0.0001,0.0002,0.0000,0.0009,0.0008,0.0001,0.0000,0.0001,0.0028,0.0227,0.0452,1.0000,0.1709,0.9962,0.0422,0.0081,0.0046,0.0012,0.0017
0.0110,0.0105,0.0068,0.0046,0.0064,0.0044,0.0045,0.0041,0.0025,0.0003,0.0003,0.0000,0.0000,0.0001,0.0002,0.0038,0.0000,0.0019,0.0098,0.0396,0.1380,1.0000,0.0693,0.9989,0.0528,0.0091,0.0020,0.0010
0.0110,0.0077,0.0108,0.0070,0.0100,0.0033,0.0041,0.0081,0.0031,0.0033,0.0044,0.0004,0.0003,0.0000,0.0038,0.0372,0.0019,0.0010,0.5301,0.0472,0.9975,0.2794,0.0169,0.0028,0.0013,0.0015,0.0011,0.0025
0.0084,0.0087,0.0053,0.0052,0.0054,0.0023,0.0038,0.0059,0.0040,0.0033,0.0031,0.0007,0.0008,0.0001,0.0000,0.0019,0.0131,0.7833,0.0058,0.0142,0.0051,0.9995,0.0259,0.0580,0.0058,0.0028,0.0029,0.0033
0.0104,0.0066,0.0055,0.0061,0.0051,0.0026,0.0034,0.0045,0.0007,0.0021,0.0020,0.0036,0.0031,0.0028,0.0019,0.0010,0.7833,0.0786,0.7688,0.0034,0.0042,0.0479,0.0045,0.0096,0.0043,0.0023,0.0044,0.0075
0.0353,0.0124,0.0126,0.0134,0.0075,0.0041,0.0082,0.0079,0.0001,0.0064,0.0097,0.0043,0.0180,0.0227,0.0098,0.5301,0.0058,0.7688,0.0146,0.3673,0.0004,0.0001,0.0001,0.0003,0.0019,0.0026,0.0031,0.0149
0.0153,0.0062,0.0043,0.0039,0.0034,0.0032,0.0043,0.0050,0.0023,0.0026,0.0031,0.0053,0.0075,0.0452,0.0396,0.0472,0.0142,0.0034,0.3673,0.0436,0.0080,0.0001,0.0013,0.0016,0.0018,0.0104,0.0263,0.0385
0.0035,0.0042,0.0033,0.0043,0.0027,0.0046,0.0035,0.0039,0.0035,0.0041,0.0029,0.0162,0.0086,1.0000,0.1380,0.9975,0.0051,0.0042,0.0004,0.0080,0.0061,0.0003,0.0000,0.0000,0.0001,0.0006,0.0031,0.0129
0.0076,0.0039,0.0044,0.0011,0.0027,0.0019,0.0021,0.0019,0.0018,0.0010,0.0014,0.0058,0.0295,0.1709,1.0000,0.2794,0.9995,0.0479,0.0001,0.0001,0.0003,0.0004,0.0002,0.0000,0.0002,0.0013,0.0043,0.0082
0.0071,0.0065,0.0114,0.0082,0.0064,0.0352,0.0117,0.0080,0.0219,0.0552,0.0179,0.9995,0.2160,0.9962,0.0693,0.0169,0.0259,0.0045,0.0001,0.0013,0.0000,0.0002,0.0002,0.0002,0.0000,0.0001,0.0005,0.0035
0.0040,0.0033,0.0029,0.0027,0.0039,0.0037,0.0049,0.0059,0.0114,0.1381,0.0437,0.8096,0.9999,0.0422,0.9989,0.0028,0.0580,0.0096,0.0003,0.0016,0.0000,0.0000,0.0002,0.0021,0.0001,0.0000,0.0001,0.0007
0.0122,0.0104,0.0125,0.0110,0.0072,0.0130,0.0252,0.0194,0.1103,0.9963,0.8320,0.9957,0.2985,0.0081,0.0528,0.0013,0.0058,0.0043,0.0019,0.0018,0.0001,0.0002,0.0000,0.0001,0.0004,0.0004,0.0000,0.0004
0.0045,0.0038,0.0041,0.0031,0.0041,0.0055,0.0109,0.0179,0.1303,0.9623,0.9993,0.0776,0.2076,0.0046,0.0091,0.0015,0.0028,0.0023,0.0026,0.0104,0.0006,0.0013,0.0001,0.0000,0.0004,0.0021,0.0017,0.0001
0.0086,0.0062,0.0062,0.0055,0.0082,0.0071,0.0276,0.1560,0.6112,0.9796,0.5288,0.0273,0.0149,0.0012,0.0020,0.0011,0.0029,0.0044,0.0031,0.0263,0.0031,0.0043,0.0005,0.0001,0.0000,0.0017,0.0051,0.0014
0.0081,0.0071,0.0079,0.0036,0.0069,0.0056,0.0212,0.0471,0.6899,0.0750,0.0449,0.0069,0.0090,0.0017,0.0010,0.0025,0.0033,0.0075,0.0149,0.0385,0.0129,0.0082,0.0035,0.0007,0.0004,0.0001,0.0014,0.0175
