c1,c2,c3,c4,c5,c6,c7,c8,c9,c10,c11,c12,c13,c14,c15,c16,c17,c18,c19,c20,c21,c22,c23,c24,c25,c26,c27,c28
0.0000,0.0002,0.0003,0.0008,0.0035,0.0048,0.0773,0.0124,0.0473,0.0308,0.0252,0.0147,0.0099,0.0084,0.0061,0.0096,0.0074,0.0112,0.0357,0.0284,0.0082,0.0112,0.0193,0.0047,0.0289,0.0059,0.0342,0.0078
0.0002,0.0092,0.0703,0.0000,0.0005,0.0008,0.0104,0.0246,0.0137,0.0654,0.0044,0.0363,0.0032,0.0058,0.0038,0.0071,0.0046,0.0078,0.0150,0.0409,0.0185,0.0041,0.0322,0.0027,0.1390,0.0038,0.1374,0.0055
0.0003,0.0703,0.0504,0.0039,0.0012,0.0035,0.0180,0.0164,0.0139,0.0461,0.0051,0.0045,0.0038,0.0020,0.0037,0.0063,0.0048,0.0052,0.0086,0.0059,0.0063,0.0044,0.0104,0.0026,0.0137,0.0051,0.0370,0.0213
0.0008,0.0000,0.0039,0.0001,0.0143,0.0000,0.0010,0.2319,0.0156,0.9960,0.0118,0.0208,0.0039,0.0029,0.0012,0.0027,0.0017,0.0031,0.0200,0.0060,0.0127,0.0019,0.0347,0.0025,0.4418,0.0043,0.7965,0.0089
0.0035,0.0005,0.0012,0.0143,0.0106,0.0189,0.0046,0.1905,0.0016,0.0060,0.0057,0.0028,0.0046,0.0015,0.0040,0.0095,0.0049,0.0099,0.0163,0.0186,0.0059,0.0040,0.0103,0.0035,0.0086,0.0078,0.0871,0.0371
0.0048,0.0008,0.0035,0.0000,0.0189,0.0510,0.4171,0.0001,0.0008,0.0006,0.0021,0.0028,0.0041,0.0045,0.0030,0.0352,0.0042,0.0074,0.0569,0.0094,0.0280,0.0058,0.0144,0.0040,0.0247,0.0057,0.7486,0.0806
0.0773,0.0104,0.0180,0.0010,0.0046,0.4171,0.0011,0.3214,0.0005,0.0001,0.0012,0.0006,0.0025,0.0001,0.0027,0.0049,0.0035,0.0037,0.0032,0.0083,0.0114,0.0034,0.0275,0.0068,0.1225,0.0129,0.7595,0.0282
0.0124,0.0246,0.0164,0.2319,0.1905,0.0001,0.3214,0.0063,0.0200,0.0000,0.0002,0.0002,0.0006,0.0005,0.0024,0.0072,0.0031,0.0023,0.0129,0.0046,0.0049,0.0015,0.0058,0.0012,0.1367,0.0070,0.9981,0.0759
0.0473,0.0137,0.0139,0.0156,0.0016,0.0008,0.0005,0.0200,0.0151,0.0001,0.0001,0.0000,0.0022,0.0004,0.0053,0.0238,0.0073,0.0059,0.0184,0.0067,0.0039,0.0037,0.0071,0.0087,0.0312,0.3848,0.5770,0.9244
0.0308,0.0654,0.0461,0.9960,0.0060,0.0006,0.0001,0.0000,0.0001,0.0007,0.0014,0.0000,0.0000,0.0000,0.0004,0.0053,0.0082,0.0060,0.0432,0.0081,0.0158,0.0046,0.6204,0.0381,0.9997,0.1955,0.9610,0.0146
0.0252,0.0044,0.0051,0.0118,0.0057,0.0021,0.0012,0.0002,0.0001,0.0014,0.0088,0.0002,0.0005,0.0008,0.0043,0.0017,0.0045,0.0038,0.0057,0.0036,0.0015,0.0023,0.0119,0.1540,0.2409,1.0000,0.0674,0.0695
0.0147,0.0363,0.0045,0.0208,0.0028,0.0028,0.0006,0.0002,0.0000,0.0000,0.0002,0.0007,0.0014,0.0000,0.0000,0.0002,0.0016,0.0087,0.0254,0.0051,0.2047,0.0047,1.0000,0.1002,1.0000,0.0586,0.0446,0.0035
0.0099,0.0032,0.0038,0.0039,0.0046,0.0041,0.0025,0.0006,0.0022,0.0000,0.0005,0.0014,0.0116,0.0011,0.0003,0.0005,0.0037,0.0057,0.0120,0.0107,0.0045,0.0433,0.0313,1.0000,0.0459,0.4340,0.0047,0.0123
0.0084,0.0058,0.0020,0.0029,0.0015,0.0045,0.0001,0.0005,0.0004,0.0000,0.0008,0.0000,0.0011,0.0000,0.0058,0.0000,0.0001,0.0023,0.0262,0.0874,1.0000,0.1987,1.0000,0.1539,0.1794,0.0049,0.0015,0.0007
0.0061,0.0038,0.0037,0.0012,0.0040,0.0030,0.0027,0.0024,0.0053,0.0004,0.0043,0.0000,0.0003,0.0058,0.0038,0.0021,0.0001,0.0015,0.0074,0.0196,0.0415,0.9999,0.0572,0.9607,0.0111,0.0422,0.0008,0.0040
0.0096,0.0071,0.0063,0.0027,0.0095,0.0352,0.0049,0.0072,0.0238,0.0053,0.0017,0.0002,0.0005,0.0000,0.0021,0.0965,0.0009,0.0005,0.3977,0.0283,0.9979,0.1230,0.0403,0.0099,0.0011,0.0015,0.0009,0.0018
0.0074,0.0046,0.0048,0.0017,0.0049,0.0042,0.0035,0.0031,0.0073,0.0082,0.0045,0.0016,0.0037,0.0001,0.0001,0.0009,0.0164,0.5828,0.0003,0.2548,0.0006,0.9995,0.0068,0.2441,0.0024,0.0057,0.0024,0.0031
0.0112,0.0078,0.0052,0.0031,0.0099,0.0074,0.0037,0.0023,0.0059,0.0060,0.0038,0.0087,0.0057,0.0023,0.0015,0.0005,0.5828,0.1299,0.2159,0.0109,0.0006,0.0847,0.0022,0.0097,0.0017,0.0038,0.0024,0.0060
0.0357,0.0150,0.0086,0.0200,0.0163,0.0569,0.0032,0.0129,0.0184,0.0432,0.0057,0.0254,0.0120,0.0262,0.0074,0.3977,0.0003,0.2159,0.0172,0.2153,0.0000,0.0001,0.0003,0.0006,0.0011,0.0014,0.0019,0.0040
0.0284,0.0409,0.0059,0.0060,0.0186,0.0094,0.0083,0.0046,0.0067,0.0081,0.0036,0.0051,0.0107,0.0874,0.0196,0.0283,0.2548,0.0109,0.2153,0.0491,0.0005,0.0001,0.0001,0.0026,0.0004,0.0047,0.0012,0.0039
0.0082,0.0185,0.0063,0.0127,0.0059,0.0280,0.0114,0.0049,0.0039,0.0158,0.0015,0.2047,0.0045,1.0000,0.0415,0.9979,0.0006,0.0006,0.0000,0.0005,0.0018,0.0013,0.0000,0.0001,0.0001,0.0003,0.0009,0.0010
0.0112,0.0041,0.0044,0.0019,0.0040,0.0058,0.0034,0.0015,0.0037,0.0046,0.0023,0.0047,0.0433,0.1987,0.9999,0.1230,0.9995,0.0847,0.0001,0.0001,0.0013,0.0266,0.0001,0.0001,0.0000,0.0011,0.0001,0.0048
0.0193,0.0322,0.0104,0.0347,0.0103,0.0144,0.0275,0.0058,0.0071,0.6204,0.0119,1.0000,0.0313,1.0000,0.0572,0.0403,0.0068,0.0022,0.0003,0.0001,0.0000,0.0001,0.0001,0.0004,0.0000,0.0000,0.0000,0.0005
0.0047,0.0027,0.0026,0.0025,0.0035,0.0040,0.0068,0.0012,0.0087,0.0381,0.1540,0.1002,1.0000,0.1539,0.9607,0.0099,0.2441,0.0097,0.0006,0.0026,0.0001,0.0001,0.0004,0.0041,0.0001,0.0000,0.0000,0.0021
0.0289,0.1390,0.0137,0.4418,0.0086,0.0247,0.1225,0.1367,0.0312,0.9997,0.2409,1.0000,0.0459,0.1794,0.0111,0.0011,0.0024,0.0017,0.0011,0.0004,0.0001,0.0000,0.0000,0.0001,0.0001,0.0014,0.0000,0.0001
0.0059,0.0038,0.0051,0.0043,0.0078,0.0057,0.0129,0.0070,0.3848,0.1955,1.0000,0.0586,0.4340,0.0049,0.0422,0.0015,0.0057,0.0038,0.0014,0.0047,0.0003,0.0011,0.0000,0.0000,0.0014,0.0025,0.0001,0.0012
0.0342,0.1374,0.0370,0.7965,0.0871,0.7486,0.7595,0.9981,0.5770,0.9610,0.0674,0.0446,0.0047,0.0015,0.0008,0.0009,0.0024,0.0024,0.0019,0.0012,0.0009,0.0001,0.0000,0.0000,0.0000,0.0001,0.0000,0.0023
0.0078,0.0055,0.0213,0.0089,0.0371,0.0806,0.0282,0.0759,0.9244,0.0146,0.0695,0.0035,0.0123,0.0007,0.0040,0.0018,0.0031,0.0060,0.0040,0.0039,0.0010,0.0048,0.0005,0.0021,0.0001,0.0012,0.0023,0.0072