c1,c2,c3,c4,c5,c6,c7,c8,c9,c10,c11,c12,c13,c14,c15,c16,c17,c18,c19,c20,c21,c22,c23,c24,c25,c26,c27,c28
0.0001,0.0004,0.0003,0.0024,0.0145,0.0202,0.0308,0.0150,0.0502,0.0078,0.0191,0.0095,0.0316,0.0149,0.0090,0.0086,0.0071,0.0107,0.0201,0.0185,0.0051,0.0051,0.0068,0.0034,0.0197,0.0071,0.0061,0.0048
0.0004,0.0184,0.0280,0.0000,0.0007,0.0012,0.0136,0.0723,0.0196,0.0496,0.0150,0.0329,0.0162,0.0090,0.0045,0.0048,0.0055,0.0066,0.0146,0.0060,0.0123,0.0031,0.0205,0.0033,0.1098,0.0041,0.0358,0.0086
0.0003,0.0280,0.0242,0.0022,0.0002,0.0023,0.0224,0.0101,0.0286,0.0134,0.0074,0.0066,0.0099,0.0037,0.0061,0.0091,0.0070,0.0077,0.0137,0.0076,0.0050,0.0034,0.0084,0.0040,0.0165,0.0096,0.0287,0.0249
0.0024,0.0000,0.0022,0.0004,0.0093,0.0001,0.0015,0.1366,0.0253,0.5356,0.0300,0.0170,0.0118,0.0070,0.0018,0.0039,0.0033,0.0048,0.0147,0.0044,0.0103,0.0024,0.0203,0.0059,0.0644,0.0139,0.5839,0.0172
0.0145,0.0007,0.0002,0.0093,0.0045,0.0241,0.0040,0.1233,0.0039,0.0034,0.0071,0.0054,0.0044,0.0041,0.0044,0.0109,0.0068,0.0074,0.0087,0.0066,0.0076,0.0037,0.0156,0.0047,0.0258,0.0090,0.0395,0.0296
0.0202,0.0012,0.0023,0.0001,0.0241,0.0848,0.4128,0.0002,0.0008,0.0005,0.0028,0.0036,0.0069,0.0181,0.0029,0.0167,0.0031,0.0068,0.0140,0.0078,0.0120,0.0034,0.0094,0.0052,0.0220,0.0090,0.1569,0.0940
0.0308,0.0136,0.0224,0.0015,0.0040,0.4128,0.0393,0.2160,0.0003,0.0001,0.0012,0.0002,0.0015,0.0033,0.0045,0.0028,0.0021,0.0028,0.0002,0.0066,0.0080,0.0066,0.0252,0.0117,0.0771,0.0191,0.2075,0.1053
0.0150,0.0723,0.0101,0.1366,0.1233,0.0002,0.2160,0.0117,0.0153,0.0000,0.0003,0.0006,0.0010,0.0055,0.0032,0.0063,0.0034,0.0027,0.0078,0.0040,0.0049,0.0024,0.0084,0.0044,0.0615,0.0121,0.3928,0.0684
0.0502,0.0196,0.0286,0.0253,0.0039,0.0008,0.0003,0.0153,0.0024,0.0010,0.0003,0.0002,0.0023,0.0010,0.0077,0.0073,0.0070,0.0039,0.0010,0.0051,0.0052,0.0052,0.0132,0.0315,0.0542,0.2549,0.2016,0.3291
0.0078,0.0496,0.0134,0.5356,0.0034,0.0005,0.0001,0.0000,0.0010,0.0032,0.0012,0.0000,0.0000,0.0001,0.0007,0.0041,0.0045,0.0040,0.0159,0.0058,0.0125,0.0071,0.3794,0.0891,0.9998,0.2289,0.9022,0.0249
0.0191,0.0150,0.0074,0.0300,0.0071,0.0028,0.0012,0.0003,0.0003,0.0012,0.0033,0.0002,0.0002,0.0006,0.0027,0.0014,0.0048,0.0028,0.0071,0.0074,0.0031,0.0087,0.0252,0.5892,0.0812,0.9031,0.0786,0.2420
0.0095,0.0329,0.0066,0.0170,0.0054,0.0036,0.0002,0.0006,0.0002,0.0000,0.0002,0.0004,0.0024,0.0000,0.0001,0.0001,0.0010,0.0088,0.0512,0.0224,0.0999,0.0149,0.9989,0.3581,0.9997,0.1018,0.0766,0.0245
0.0316,0.0162,0.0099,0.0118,0.0044,0.0069,0.0015,0.0010,0.0023,0.0000,0.0002,0.0024,0.0030,0.0002,0.0001,0.0012,0.0074,0.0064,0.0572,0.0275,0.0223,0.1729,0.1176,0.7880,0.0254,0.0676,0.0050,0.0356
0.0149,0.0090,0.0037,0.0070,0.0041,0.0181,0.0033,0.0055,0.0010,0.0001,0.0006,0.0000,0.0002,0.0014,0.0004,0.0000,0.0002,0.0012,0.0371,0.0537,1.0000,0.0447,0.9961,0.0214,0.3694,0.0057,0.0076,0.0029
0.0090,0.0045,0.0061,0.0018,0.0044,0.0029,0.0045,0.0032,0.0077,0.0007,0.0027,0.0001,0.0001,0.0004,0.0021,0.0039,0.0001,0.0020,0.0289,0.0340,0.1559,0.9912,0.1787,0.6912,0.0183,0.0400,0.0020,0.0051
0.0086,0.0048,0.0091,0.0039,0.0109,0.0167,0.0028,0.0063,0.0073,0.0041,0.0014,0.0001,0.0012,0.0000,0.0039,0.0299,0.0007,0.0009,0.2441,0.0302,0.9982,0.2299,0.0502,0.0100,0.0019,0.0020,0.0016,0.0037
0.0071,0.0055,0.0070,0.0033,0.0068,0.0031,0.0021,0.0034,0.0070,0.0045,0.0048,0.0010,0.0074,0.0002,0.0001,0.0007,0.0061,0.4261,0.0006,0.0359,0.0077,0.9893,0.0276,0.1527,0.0034,0.0102,0.0030,0.0078
0.0107,0.0066,0.0077,0.0048,0.0074,0.0068,0.0028,0.0027,0.0039,0.0040,0.0028,0.0088,0.0064,0.0012,0.0020,0.0009,0.4261,0.0722,0.1662,0.0057,0.0008,0.0589,0.0043,0.0137,0.0048,0.0050,0.0041,0.0080
0.0201,0.0146,0.0137,0.0147,0.0087,0.0140,0.0002,0.0078,0.0010,0.0159,0.0071,0.0512,0.0572,0.0371,0.0289,0.2441,0.0006,0.1662,0.0001,0.2575,0.0001,0.0005,0.0026,0.0011,0.0056,0.0049,0.0090,0.0054
0.0185,0.0060,0.0076,0.0044,0.0066,0.0078,0.0066,0.0040,0.0051,0.0058,0.0074,0.0224,0.0275,0.0537,0.0340,0.0302,0.0359,0.0057,0.2575,0.0236,0.0006,0.0001,0.0004,0.0031,0.0014,0.0107,0.0022,0.0055
0.0051,0.0123,0.0050,0.0103,0.0076,0.0120,0.0080,0.0049,0.0052,0.0125,0.0031,0.0999,0.0223,1.0000,0.1559,0.9982,0.0077,0.0008,0.0001,0.0006,0.0016,0.0004,0.0000,0.0001,0.0002,0.0013,0.0022,0.0020
0.0051,0.0031,0.0034,0.0024,0.0037,0.0034,0.0066,0.0024,0.0052,0.0071,0.0087,0.0149,0.1729,0.0447,0.9912,0.2299,0.9893,0.0589,0.0005,0.0001,0.0004,0.0172,0.0001,0.0001,0.0002,0.0031,0.0006,0.0068
0.0068,0.0205,0.0084,0.0203,0.0156,0.0094,0.0252,0.0084,0.0132,0.3794,0.0252,0.9989,0.1176,0.9961,0.1787,0.0502,0.0276,0.0043,0.0026,0.0004,0.0000,0.0001,0.0004,0.0029,0.0000,0.0000,0.0001,0.0009
0.0034,0.0033,0.0040,0.0059,0.0047,0.0052,0.0117,0.0044,0.0315,0.0891,0.5892,0.3581,0.7880,0.0214,0.6912,0.0100,0.1527,0.0137,0.0011,0.0031,0.0001,0.0001,0.0029,0.0074,0.0001,0.0000,0.0001,0.0023
0.0197,0.1098,0.0165,0.0644,0.0258,0.0220,0.0771,0.0615,0.0542,0.9998,0.0812,0.9997,0.0254,0.3694,0.0183,0.0019,0.0034,0.0048,0.0056,0.0014,0.0002,0.0002,0.0000,0.0001,0.0000,0.0008,0.0000,0.0000
0.0071,0.0041,0.0096,0.0139,0.0090,0.0090,0.0191,0.0121,0.2549,0.2289,0.9031,0.1018,0.0676,0.0057,0.0400,0.0020,0.0102,0.0050,0.0049,0.0107,0.0013,0.0031,0.0000,0.0000,0.0008,0.0028,0.0010,0.0002
0.0061,0.0358,0.0287,0.5839,0.0395,0.1569,0.2075,0.3928,0.2016,0.9022,0.0786,0.0766,0.0050,0.0076,0.0020,0.0016,0.0030,0.0041,0.0090,0.0022,0.0022,0.0006,0.0001,0.0001,0.0000,0.0010,0.0008,0.0002
0.0048,0.0086,0.0249,0.0172,0.0296,0.0940,0.1053,0.0684,0.3291,0.0249,0.2420,0.0245,0.0356,0.0029,0.0051,0.0037,0.0078,0.0080,0.0054,0.0055,0.0020,0.0068,0.0009,0.0023,0.0000,0.0002,0.0002,0.0003