c1,c2,c3,c4,c5,c6,c7,c8,c9,c10,c11,c12,c13,c14,c15,c16,c17,c18,c19,c20,c21,c22,c23,c24,c25,c26,c27,c28
0.0077,0.1353,0.0034,0.0164,0.0190,0.0283,0.0152,0.0345,0.0226,0.0073,0.0051,0.0079,0.0043,0.0049,0.0027,0.0040,0.0033,0.0064,0.0042,0.0056,0.0106,0.0028,0.0049,0.0028,0.0050,0.0032,0.0045,0.0017
0.1353,0.0221,0.0498,0.0899,0.1580,0.0360,0.0115,0.0143,0.0204,0.0131,0.0139,0.0137,0.0185,0.0074,0.0026,0.0050,0.0042,0.0043,0.0025,0.0021,0.0013,0.0018,0.0014,0.0005,0.0014,0.0013,0.0011,0.0012
0.0034,0.0498,0.1711,0.0498,0.0263,0.0217,0.0088,0.0085,0.0119,0.0095,0.0128,0.0148,0.0118,0.0101,0.0025,0.0043,0.0041,0.0044,0.0035,0.0040,0.0035,0.0027,0.0024,0.0011,0.0034,0.0025,0.0035,0.0018
0.0164,0.0899,0.0498,0.0781,0.0663,0.2575,0.0130,0.0214,0.0083,0.0109,0.0075,0.0459,0.0152,0.0049,0.0030,0.0040,0.0039,0.0037,0.0024,0.0023,0.0014,0.0014,0.0014,0.0004,0.0015,0.0014,0.0020,0.0014
0.0190,0.1580,0.0263,0.0663,0.0340,0.2028,0.0056,0.0166,0.0116,0.0073,0.0063,0.0497,0.0168,0.0114,0.0026,0.0064,0.0056,0.0063,0.0033,0.0029,0.0013,0.0018,0.0012,0.0003,0.0014,0.0015,0.0014,0.0018
0.0283,0.0360,0.0217,0.2575,0.2028,0.0281,0.0183,0.0050,0.0078,0.0094,0.0075,0.0211,0.0086,0.0095,0.0041,0.0029,0.0034,0.0033,0.0031,0.0022,0.0021,0.0020,0.0027,0.0008,0.0023,0.0021,0.0024,0.0017
0.0152,0.0115,0.0088,0.0130,0.0056,0.0183,0.0600,0.1612,0.0063,0.0224,0.0341,0.0293,0.0262,0.0170,0.0129,0.0147,0.0088,0.0072,0.0031,0.0025,0.0014,0.0013,0.0016,0.0006,0.0016,0.0017,0.0008,0.0014
0.0345,0.0143,0.0085,0.0214,0.0166,0.0050,0.1612,0.0699,0.0178,0.0010,0.0209,0.0252,0.0053,0.0155,0.0086,0.0106,0.0044,0.0041,0.0033,0.0025,0.0024,0.0021,0.0026,0.0010,0.0030,0.0029,0.0024,0.0024
0.0226,0.0204,0.0119,0.0083,0.0116,0.0078,0.0063,0.0178,0.0435,0.0356,0.0006,0.0196,0.0073,0.0069,0.0147,0.0092,0.0085,0.0084,0.0054,0.0047,0.0049,0.0040,0.0030,0.0017,0.0035,0.0033,0.0024,0.0024
0.0073,0.0131,0.0095,0.0109,0.0073,0.0094,0.0224,0.0010,0.0356,0.1097,0.0594,0.0073,0.0106,0.0130,0.0134,0.0224,0.0296,0.0230,0.0050,0.0029,0.0026,0.0017,0.0019,0.0007,0.0019,0.0014,0.0021,0.0018
0.0051,0.0139,0.0128,0.0075,0.0063,0.0075,0.0341,0.0209,0.0006,0.0594,0.0878,0.5835,0.0023,0.0278,0.0504,0.0156,0.0690,0.0131,0.0112,0.0034,0.0022,0.0014,0.0009,0.0002,0.0011,0.0009,0.0007,0.0009
0.0079,0.0137,0.0148,0.0459,0.0497,0.0211,0.0293,0.0252,0.0196,0.0073,0.5835,0.0045,0.0621,0.0003,0.0161,0.0074,0.0066,0.0004,0.0050,0.0028,0.0039,0.0024,0.0029,0.0007,0.0020,0.0016,0.0020,0.0013
0.0043,0.0185,0.0118,0.0152,0.0168,0.0086,0.0262,0.0053,0.0073,0.0106,0.0023,0.0621,0.1363,0.2283,0.0047,0.0179,0.0267,0.0026,0.0073,0.0039,0.0035,0.0020,0.0020,0.0008,0.0018,0.0014,0.0011,0.0010
0.0049,0.0074,0.0101,0.0049,0.0114,0.0095,0.0170,0.0155,0.0069,0.0130,0.0278,0.0003,0.2283,0.0254,0.0425,0.0010,0.0226,0.0039,0.0057,0.0064,0.0088,0.0063,0.0068,0.0014,0.0036,0.0022,0.0027,0.0018
0.0027,0.0026,0.0025,0.0030,0.0026,0.0041,0.0129,0.0086,0.0147,0.0134,0.0504,0.0161,0.0047,0.0425,0.2365,0.1831,0.0045,0.0066,0.0098,0.0051,0.0042,0.0062,0.0057,0.0018,0.0025,0.0024,0.0013,0.0017
0.0040,0.0050,0.0043,0.0040,0.0064,0.0029,0.0147,0.0106,0.0092,0.0224,0.0156,0.0074,0.0179,0.0010,0.1831,0.0569,0.0173,0.0004,0.0114,0.0078,0.0066,0.0050,0.0086,0.0032,0.0078,0.0028,0.0045,0.0027
0.0033,0.0042,0.0041,0.0039,0.0056,0.0034,0.0088,0.0044,0.0085,0.0296,0.0690,0.0066,0.0267,0.0226,0.0045,0.0173,0.0879,0.1667,0.0004,0.0053,0.0094,0.0021,0.0060,0.0019,0.0058,0.0047,0.0014,0.0025
0.0064,0.0043,0.0044,0.0037,0.0063,0.0033,0.0072,0.0041,0.0084,0.0230,0.0131,0.0004,0.0026,0.0039,0.0066,0.0004,0.1667,0.0678,0.1277,0.0005,0.0343,0.0044,0.0120,0.0050,0.0185,0.0101,0.0112,0.0053
0.0042,0.0025,0.0035,0.0024,0.0033,0.0031,0.0031,0.0033,0.0054,0.0050,0.0112,0.0050,0.0073,0.0057,0.0098,0.0114,0.0004,0.1277,0.1687,0.0986,0.0014,0.0271,0.0165,0.0078,0.0081,0.0089,0.0060,0.0049
0.0056,0.0021,0.0040,0.0023,0.0029,0.0022,0.0025,0.0025,0.0047,0.0029,0.0034,0.0028,0.0039,0.0064,0.0051,0.0078,0.0053,0.0005,0.0986,0.1380,0.0462,0.0021,0.0653,0.0399,0.0198,0.0141,0.0336,0.0117
0.0106,0.0013,0.0035,0.0014,0.0013,0.0021,0.0014,0.0024,0.0049,0.0026,0.0022,0.0039,0.0035,0.0088,0.0042,0.0066,0.0094,0.0343,0.0014,0.0462,0.0843,0.0345,0.0076,0.3139,0.0084,0.0157,0.0071,0.0546
0.0028,0.0018,0.0027,0.0014,0.0018,0.0020,0.0013,0.0021,0.0040,0.0017,0.0014,0.0024,0.0020,0.0063,0.0062,0.0050,0.0021,0.0044,0.0271,0.0021,0.0345,0.1156,0.0366,0.1448,0.1341,0.0414,0.1015,0.0404
0.0049,0.0014,0.0024,0.0014,0.0012,0.0027,0.0016,0.0026,0.0030,0.0019,0.0009,0.0029,0.0020,0.0068,0.0057,0.0086,0.0060,0.0120,0.0165,0.0653,0.0076,0.0366,0.0137,0.1436,0.0042,0.1071,0.0469,0.1685
0.0028,0.0005,0.0011,0.0004,0.0003,0.0008,0.0006,0.0010,0.0017,0.0007,0.0002,0.0007,0.0008,0.0014,0.0018,0.0032,0.0019,0.0050,0.0078,0.0399,0.3139,0.1448,0.1436,0.2084,0.2273,0.3696,0.7473,0.6203
0.0050,0.0014,0.0034,0.0015,0.0014,0.0023,0.0016,0.0030,0.0035,0.0019,0.0011,0.0020,0.0018,0.0036,0.0025,0.0078,0.0058,0.0185,0.0081,0.0198,0.0084,0.1341,0.0042,0.2273,0.0951,0.2636,0.0004,0.6946
0.0032,0.0013,0.0025,0.0014,0.0015,0.0021,0.0017,0.0029,0.0033,0.0014,0.0009,0.0016,0.0014,0.0022,0.0024,0.0028,0.0047,0.0101,0.0089,0.0141,0.0157,0.0414,0.1071,0.3696,0.2636,0.0907,0.4427,0.0030
0.0045,0.0011,0.0035,0.0020,0.0014,0.0024,0.0008,0.0024,0.0024,0.0021,0.0007,0.0020,0.0011,0.0027,0.0013,0.0045,0.0014,0.0112,0.0060,0.0336,0.0071,0.1015,0.0469,0.7473,0.0004,0.4427,0.0859,0.7529
0.0017,0.0012,0.0018,0.0014,0.0018,0.0017,0.0014,0.0024,0.0024,0.0018,0.0009,0.0013,0.0010,0.0018,0.0017,0.0027,0.0025,0.0053,0.0049,0.0117,0.0546,0.0404,0.1685,0.6203,0.6946,0.0030,0.7529,0.0297