c1,c2,c3,c4,c5,c6,c7,c8,c9,c10,c11,c12,c13,c14,c15,c16,c17,c18,c19,c20,c21,c22,c23,c24,c25,c26,c27,c28
0.0021,0.0491,0.0012,0.0162,0.0173,0.0237,0.0151,0.0458,0.0190,0.0094,0.0045,0.0083,0.0043,0.0049,0.0030,0.0051,0.0045,0.0093,0.0089,0.0071,0.0069,0.0044,0.0077,0.0044,0.0057,0.0037,0.0046,0.0022
0.0491,0.0311,0.0854,0.0583,0.1250,0.0286,0.0062,0.0146,0.0178,0.0176,0.0112,0.0110,0.0082,0.0080,0.0027,0.0062,0.0053,0.0055,0.0031,0.0027,0.0024,0.0023,0.0018,0.0007,0.0014,0.0014,0.0011,0.0014
0.0012,0.0854,0.2367,0.0357,0.0116,0.0266,0.0049,0.0094,0.0099,0.0107,0.0085,0.0108,0.0063,0.0085,0.0027,0.0059,0.0055,0.0058,0.0050,0.0051,0.0040,0.0036,0.0031,0.0016,0.0035,0.0028,0.0034,0.0026
0.0162,0.0583,0.0357,0.0876,0.0447,0.2844,0.0106,0.0187,0.0082,0.0171,0.0098,0.0342,0.0080,0.0047,0.0040,0.0056,0.0053,0.0051,0.0027,0.0022,0.0017,0.0014,0.0014,0.0005,0.0013,0.0014,0.0017,0.0015
0.0173,0.1250,0.0116,0.0447,0.0442,0.2172,0.0036,0.0113,0.0082,0.0085,0.0065,0.0397,0.0133,0.0170,0.0041,0.0095,0.0088,0.0091,0.0038,0.0032,0.0019,0.0018,0.0014,0.0004,0.0011,0.0013,0.0013,0.0019
0.0237,0.0286,0.0266,0.2844,0.2172,0.0200,0.0131,0.0041,0.0044,0.0054,0.0073,0.0176,0.0069,0.0124,0.0043,0.0031,0.0038,0.0040,0.0028,0.0033,0.0035,0.0028,0.0029,0.0011,0.0021,0.0020,0.0028,0.0019
0.0151,0.0062,0.0049,0.0106,0.0036,0.0131,0.0589,0.0564,0.0073,0.0158,0.0851,0.0234,0.0331,0.0227,0.0200,0.0166,0.0160,0.0068,0.0030,0.0037,0.0018,0.0016,0.0019,0.0009,0.0013,0.0015,0.0009,0.0014
0.0458,0.0146,0.0094,0.0187,0.0113,0.0041,0.0564,0.0225,0.0046,0.0014,0.0173,0.0183,0.0059,0.0184,0.0134,0.0182,0.0060,0.0052,0.0034,0.0046,0.0032,0.0030,0.0029,0.0014,0.0033,0.0031,0.0034,0.0026
0.0190,0.0178,0.0099,0.0082,0.0082,0.0044,0.0073,0.0046,0.0279,0.0429,0.0028,0.0297,0.0148,0.0115,0.0276,0.0121,0.0207,0.0083,0.0036,0.0056,0.0034,0.0033,0.0030,0.0014,0.0026,0.0026,0.0017,0.0020
0.0094,0.0176,0.0107,0.0171,0.0085,0.0054,0.0158,0.0014,0.0429,0.0531,0.0640,0.0021,0.0148,0.0059,0.0126,0.0124,0.0137,0.0120,0.0038,0.0050,0.0034,0.0029,0.0036,0.0014,0.0027,0.0023,0.0024,0.0023
0.0045,0.0112,0.0085,0.0098,0.0065,0.0073,0.0851,0.0173,0.0028,0.0640,0.0629,0.7079,0.0025,0.0453,0.0497,0.0110,0.0554,0.0201,0.0069,0.0038,0.0013,0.0011,0.0009,0.0002,0.0006,0.0007,0.0004,0.0007
0.0083,0.0110,0.0108,0.0342,0.0397,0.0176,0.0234,0.0183,0.0297,0.0021,0.7079,0.0079,0.0982,0.0002,0.0154,0.0057,0.0076,0.0006,0.0050,0.0071,0.0037,0.0028,0.0031,0.0010,0.0016,0.0016,0.0015,0.0015
0.0043,0.0082,0.0063,0.0080,0.0133,0.0069,0.0331,0.0059,0.0148,0.0148,0.0025,0.0982,0.2061,0.2877,0.0024,0.0107,0.0291,0.0037,0.0082,0.0056,0.0029,0.0021,0.0021,0.0010,0.0015,0.0013,0.0011,0.0011
0.0049,0.0080,0.0085,0.0047,0.0170,0.0124,0.0227,0.0184,0.0115,0.0059,0.0453,0.0002,0.2877,0.0159,0.0777,0.0004,0.0257,0.0031,0.0041,0.0088,0.0069,0.0079,0.0075,0.0019,0.0027,0.0021,0.0022,0.0017
0.0030,0.0027,0.0027,0.0040,0.0041,0.0043,0.0200,0.0134,0.0276,0.0126,0.0497,0.0154,0.0024,0.0777,0.4330,0.1145,0.0015,0.0045,0.0039,0.0058,0.0049,0.0057,0.0060,0.0014,0.0023,0.0021,0.0013,0.0015
0.0051,0.0062,0.0059,0.0056,0.0095,0.0031,0.0166,0.0182,0.0121,0.0124,0.0110,0.0057,0.0107,0.0004,0.1145,0.0554,0.0205,0.0004,0.0062,0.0179,0.0046,0.0067,0.0098,0.0032,0.0063,0.0033,0.0058,0.0030
0.0045,0.0053,0.0055,0.0053,0.0088,0.0038,0.0160,0.0060,0.0207,0.0137,0.0554,0.0076,0.0291,0.0257,0.0015,0.0205,0.1340,0.1108,0.0001,0.0060,0.0051,0.0023,0.0047,0.0017,0.0043,0.0032,0.0019,0.0026
0.0093,0.0055,0.0058,0.0051,0.0091,0.0040,0.0068,0.0052,0.0083,0.0120,0.0201,0.0006,0.0037,0.0031,0.0045,0.0004,0.1108,0.0373,0.1856,0.0008,0.0124,0.0078,0.0078,0.0040,0.0092,0.0098,0.0113,0.0057
0.0089,0.0031,0.0050,0.0027,0.0038,0.0028,0.0030,0.0034,0.0036,0.0038,0.0069,0.0050,0.0082,0.0041,0.0039,0.0062,0.0001,0.1856,0.2854,0.0450,0.0026,0.0500,0.0190,0.0058,0.0090,0.0102,0.0086,0.0067
0.0071,0.0027,0.0051,0.0022,0.0032,0.0033,0.0037,0.0046,0.0056,0.0050,0.0038,0.0071,0.0056,0.0088,0.0058,0.0179,0.0060,0.0008,0.0450,0.0393,0.0535,0.0009,0.0176,0.0184,0.0110,0.0111,0.0253,0.0109
0.0069,0.0024,0.0040,0.0017,0.0019,0.0035,0.0018,0.0032,0.0034,0.0034,0.0013,0.0037,0.0029,0.0069,0.0049,0.0046,0.0051,0.0124,0.0026,0.0535,0.2045,0.0573,0.0026,0.0526,0.0288,0.0108,0.0211,0.0470
0.0044,0.0023,0.0036,0.0014,0.0018,0.0028,0.0016,0.0030,0.0033,0.0029,0.0011,0.0028,0.0021,0.0079,0.0057,0.0067,0.0023,0.0078,0.0500,0.0009,0.0573,0.1283,0.0653,0.0176,0.0511,0.0283,0.0281,0.0838
0.0077,0.0018,0.0031,0.0014,0.0014,0.0029,0.0019,0.0029,0.0030,0.0036,0.0009,0.0031,0.0021,0.0075,0.0060,0.0098,0.0047,0.0078,0.0190,0.0176,0.0026,0.0653,0.1049,0.1661,0.0018,0.0509,0.0363,0.0975
0.0044,0.0007,0.0016,0.0005,0.0004,0.0011,0.0009,0.0014,0.0014,0.0014,0.0002,0.0010,0.0010,0.0019,0.0014,0.0032,0.0017,0.0040,0.0058,0.0184,0.0526,0.0176,0.1661,0.7176,0.5819,0.2480,0.5634,0.4073
0.0057,0.0014,0.0035,0.0013,0.0011,0.0021,0.0013,0.0033,0.0026,0.0027,0.0006,0.0016,0.0015,0.0027,0.0023,0.0063,0.0043,0.0092,0.0090,0.0110,0.0288,0.0511,0.0018,0.5819,0.2971,0.4130,0.0010,0.5350
0.0037,0.0014,0.0028,0.0014,0.0013,0.0020,0.0015,0.0031,0.0026,0.0023,0.0007,0.0016,0.0013,0.0021,0.0021,0.0033,0.0032,0.0098,0.0102,0.0111,0.0108,0.0283,0.0509,0.2480,0.4130,0.2053,0.6654,0.0037
0.0046,0.0011,0.0034,0.0017,0.0013,0.0028,0.0009,0.0034,0.0017,0.0024,0.0004,0.0015,0.0011,0.0022,0.0013,0.0058,0.0019,0.0113,0.0086,0.0253,0.0211,0.0281,0.0363,0.5634,0.0010,0.6654,0.0895,0.6764
0.0022,0.0014,0.0026,0.0015,0.0019,0.0019,0.0014,0.0026,0.0020,0.0023,0.0007,0.0015,0.0011,0.0017,0.0015,0.0030,0.0026,0.0057,0.0067,0.0109,0.0470,0.0838,0.0975,0.4073,0.5350,0.0037,0.6764,0.0400