c1,c2,c3,c4,c5,c6,c7,c8,c9,c10,c11,c12,c13,c14,c15,c16,c17,c18,c19,c20,c21,c22,c23,c24,c25,c26,c27,c28
0.0009,0.0080,0.0006,0.0069,0.0126,0.0182,0.0144,0.0318,0.0198,0.0107,0.0096,0.0128,0.0091,0.0079,0.0060,0.0056,0.0066,0.0086,0.0086,0.0092,0.0086,0.0045,0.0073,0.0063,0.0092,0.0045,0.0046,0.0024
0.0080,0.0156,0.0439,0.0176,0.1492,0.0245,0.0063,0.0142,0.0215,0.0165,0.0177,0.0228,0.0204,0.0064,0.0049,0.0056,0.0068,0.0039,0.0033,0.0030,0.0023,0.0021,0.0024,0.0010,0.0023,0.0019,0.0014,0.0018
0.0006,0.0439,0.0984,0.0185,0.0070,0.0214,0.0057,0.0092,0.0137,0.0140,0.0173,0.0156,0.0139,0.0093,0.0052,0.0066,0.0079,0.0052,0.0045,0.0051,0.0032,0.0031,0.0030,0.0019,0.0044,0.0032,0.0040,0.0026
0.0069,0.0176,0.0185,0.0664,0.0754,0.0819,0.0081,0.0188,0.0120,0.0194,0.0156,0.0492,0.0134,0.0055,0.0045,0.0060,0.0067,0.0043,0.0034,0.0023,0.0019,0.0018,0.0015,0.0008,0.0017,0.0019,0.0021,0.0020
0.0126,0.1492,0.0070,0.0754,0.0337,0.1137,0.0038,0.0095,0.0093,0.0080,0.0076,0.0552,0.0194,0.0075,0.0041,0.0092,0.0095,0.0060,0.0050,0.0029,0.0017,0.0019,0.0013,0.0006,0.0014,0.0019,0.0017,0.0023
0.0182,0.0245,0.0214,0.0819,0.1137,0.0143,0.0076,0.0097,0.0043,0.0057,0.0088,0.0222,0.0113,0.0101,0.0046,0.0023,0.0037,0.0033,0.0037,0.0033,0.0041,0.0035,0.0038,0.0016,0.0031,0.0026,0.0045,0.0024
0.0144,0.0063,0.0057,0.0081,0.0038,0.0076,0.0742,0.0394,0.0101,0.0105,0.0398,0.0189,0.0240,0.0234,0.0215,0.0093,0.0081,0.0061,0.0037,0.0042,0.0028,0.0020,0.0024,0.0013,0.0021,0.0024,0.0015,0.0019
0.0318,0.0142,0.0092,0.0188,0.0095,0.0097,0.0394,0.0143,0.0038,0.0013,0.0109,0.0141,0.0033,0.0093,0.0085,0.0142,0.0061,0.0039,0.0044,0.0045,0.0054,0.0052,0.0047,0.0024,0.0044,0.0040,0.0068,0.0033
0.0198,0.0215,0.0137,0.0120,0.0093,0.0043,0.0101,0.0038,0.0247,0.0206,0.0020,0.0187,0.0103,0.0074,0.0107,0.0085,0.0242,0.0075,0.0033,0.0051,0.0044,0.0044,0.0038,0.0027,0.0033,0.0037,0.0022,0.0031
0.0107,0.0165,0.0140,0.0194,0.0080,0.0057,0.0105,0.0013,0.0206,0.0621,0.0250,0.0012,0.0081,0.0181,0.0050,0.0168,0.0162,0.0097,0.0040,0.0039,0.0046,0.0043,0.0056,0.0022,0.0033,0.0028,0.0033,0.0025
0.0096,0.0177,0.0173,0.0156,0.0076,0.0088,0.0398,0.0109,0.0020,0.0250,0.0287,0.2268,0.0005,0.0126,0.0087,0.0069,0.0406,0.0109,0.0081,0.0053,0.0034,0.0033,0.0025,0.0009,0.0016,0.0018,0.0013,0.0018
0.0128,0.0228,0.0156,0.0492,0.0552,0.0222,0.0189,0.0141,0.0187,0.0012,0.2268,0.0008,0.0501,0.0001,0.0084,0.0093,0.0071,0.0002,0.0054,0.0062,0.0073,0.0059,0.0070,0.0029,0.0033,0.0036,0.0029,0.0027
0.0091,0.0204,0.0139,0.0134,0.0194,0.0113,0.0240,0.0033,0.0103,0.0081,0.0005,0.0501,0.0167,0.0083,0.0006,0.0117,0.0110,0.0031,0.0077,0.0099,0.0105,0.0060,0.0096,0.0028,0.0040,0.0028,0.0053,0.0023
0.0079,0.0064,0.0093,0.0055,0.0075,0.0101,0.0234,0.0093,0.0074,0.0181,0.0126,0.0001,0.0083,0.0037,0.0177,0.0015,0.0181,0.0182,0.0123,0.0234,0.0153,0.0084,0.0089,0.0025,0.0071,0.0037,0.0039,0.0032
0.0060,0.0049,0.0052,0.0045,0.0041,0.0046,0.0215,0.0085,0.0107,0.0050,0.0087,0.0084,0.0006,0.0177,0.0530,0.0569,0.0006,0.0117,0.0151,0.0136,0.0152,0.0109,0.0121,0.0033,0.0064,0.0036,0.0040,0.0026
0.0056,0.0056,0.0066,0.0060,0.0092,0.0023,0.0093,0.0142,0.0085,0.0168,0.0069,0.0093,0.0117,0.0015,0.0569,0.0424,0.0187,0.0008,0.0048,0.0070,0.0082,0.0093,0.0128,0.0034,0.0048,0.0039,0.0051,0.0034
0.0066,0.0068,0.0079,0.0067,0.0095,0.0037,0.0081,0.0061,0.0242,0.0162,0.0406,0.0071,0.0110,0.0181,0.0006,0.0187,0.0790,0.0719,0.0002,0.0046,0.0056,0.0032,0.0089,0.0036,0.0055,0.0041,0.0024,0.0038
0.0086,0.0039,0.0052,0.0043,0.0060,0.0033,0.0061,0.0039,0.0075,0.0097,0.0109,0.0002,0.0031,0.0182,0.0117,0.0008,0.0719,0.0031,0.0709,0.0009,0.0240,0.0147,0.0152,0.0104,0.0148,0.0179,0.0132,0.0090
0.0086,0.0033,0.0045,0.0034,0.0050,0.0037,0.0037,0.0044,0.0033,0.0040,0.0081,0.0054,0.0077,0.0123,0.0151,0.0048,0.0002,0.0709,0.0320,0.0385,0.0014,0.0245,0.0219,0.0072,0.0143,0.0165,0.0086,0.0068
0.0092,0.0030,0.0051,0.0023,0.0029,0.0033,0.0042,0.0045,0.0051,0.0039,0.0053,0.0062,0.0099,0.0234,0.0136,0.0070,0.0046,0.0009,0.0385,0.0834,0.0314,0.0009,0.0202,0.0084,0.0069,0.0134,0.0124,0.0113
0.0086,0.0023,0.0032,0.0019,0.0017,0.0041,0.0028,0.0054,0.0044,0.0046,0.0034,0.0073,0.0105,0.0153,0.0152,0.0082,0.0056,0.0240,0.0014,0.0314,0.0832,0.0134,0.0013,0.0209,0.0115,0.0096,0.0137,0.0194
0.0045,0.0021,0.0031,0.0018,0.0019,0.0035,0.0020,0.0052,0.0044,0.0043,0.0033,0.0059,0.0060,0.0084,0.0109,0.0093,0.0032,0.0147,0.0245,0.0009,0.0134,0.0670,0.0327,0.0182,0.0166,0.0194,0.0105,0.0477
0.0073,0.0024,0.0030,0.0015,0.0013,0.0038,0.0024,0.0047,0.0038,0.0056,0.0025,0.0070,0.0096,0.0089,0.0121,0.0128,0.0089,0.0152,0.0219,0.0202,0.0013,0.0327,0.0364,0.0451,0.0005,0.0166,0.0129,0.0725
0.0063,0.0010,0.0019,0.0008,0.0006,0.0016,0.0013,0.0024,0.0027,0.0022,0.0009,0.0029,0.0028,0.0025,0.0033,0.0034,0.0036,0.0104,0.0072,0.0084,0.0209,0.0182,0.0451,0.3632,0.2341,0.0347,0.1266,0.3791
0.0092,0.0023,0.0044,0.0017,0.0014,0.0031,0.0021,0.0044,0.0033,0.0033,0.0016,0.0033,0.0040,0.0071,0.0064,0.0048,0.0055,0.0148,0.0143,0.0069,0.0115,0.0166,0.0005,0.2341,0.1249,0.1827,0.0007,0.3387
0.0045,0.0019,0.0032,0.0019,0.0019,0.0026,0.0024,0.0040,0.0037,0.0028,0.0018,0.0036,0.0028,0.0037,0.0036,0.0039,0.0041,0.0179,0.0165,0.0134,0.0096,0.0194,0.0166,0.0347,0.1827,0.0648,0.3704,0.0020
0.0046,0.0014,0.0040,0.0021,0.0017,0.0045,0.0015,0.0068,0.0022,0.0033,0.0013,0.0029,0.0053,0.0039,0.0040,0.0051,0.0024,0.0132,0.0086,0.0124,0.0137,0.0105,0.0129,0.1266,0.0007,0.3704,0.1038,0.2656
0.0024,0.0018,0.0026,0.0020,0.0023,0.0024,0.0019,0.0033,0.0031,0.0025,0.0018,0.0027,0.0023,0.0032,0.0026,0.0034,0.0038,0.0090,0.0068,0.0113,0.0194,0.0477,0.0725,0.3791,0.3387,0.0020,0.2656,0.0100