c1,c2,c3,c4,c5,c6,c7,c8,c9,c10,c11,c12,c13,c14,c15,c16,c17,c18,c19,c20
0.0007,0.0068,0.0011,0.0285,0.0279,0.0267,0.0174,0.0272,0.0145,0.0064,0.0110,0.0069,0.0081,0.0065,0.0052,0.0050,0.0051,0.0062,0.0028,0.0026
0.0068,0.0205,0.0148,0.0002,0.0057,0.0499,0.0092,0.0247,0.0353,0.0096,0.0107,0.0052,0.0083,0.0056,0.0048,0.0043,0.0042,0.0057,0.0033,0.0028
0.0011,0.0148,0.0405,0.0062,0.0003,0.0108,0.0649,0.0133,0.0157,0.0176,0.0185,0.0134,0.0086,0.0044,0.0070,0.0036,0.0056,0.0054,0.0025,0.0022
0.0285,0.0002,0.0062,0.0217,0.0107,0.0002,0.0054,0.0157,0.0075,0.0343,0.0247,0.0072,0.0101,0.0132,0.0082,0.0072,0.0111,0.0082,0.0044,0.0049
0.0279,0.0057,0.0003,0.0107,0.0073,0.0097,0.0011,0.0249,0.0309,0.0162,0.0320,0.0173,0.0098,0.0057,0.0076,0.0066,0.0045,0.0053,0.0020,0.0034
0.0267,0.0499,0.0108,0.0002,0.0097,0.0035,0.0063,0.0003,0.0044,0.0380,0.0077,0.0214,0.0169,0.0096,0.0078,0.0089,0.0042,0.0078,0.0049,0.0088
0.0174,0.0092,0.0649,0.0054,0.0011,0.0063,0.0145,0.0026,0.0006,0.0036,0.0305,0.0080,0.0193,0.0092,0.0086,0.0052,0.0051,0.0070,0.0064,0.0082
0.0272,0.0247,0.0133,0.0157,0.0249,0.0003,0.0026,0.0071,0.0066,0.0006,0.0039,0.0183,0.0087,0.0132,0.0102,0.0060,0.0081,0.0059,0.0043,0.0120
0.0145,0.0353,0.0157,0.0075,0.0309,0.0044,0.0006,0.0066,0.0594,0.0039,0.0004,0.0045,0.0521,0.0040,0.0179,0.0059,0.0091,0.0042,0.0019,0.0052
0.0064,0.0096,0.0176,0.0343,0.0162,0.0380,0.0036,0.0006,0.0039,0.0205,0.0059,0.0004,0.0058,0.0147,0.0074,0.0151,0.0074,0.0072,0.0020,0.0116
0.0110,0.0107,0.0185,0.0247,0.0320,0.0077,0.0305,0.0039,0.0004,0.0059,0.0115,0.0110,0.0002,0.0023,0.0230,0.0063,0.0106,0.0064,0.0067,0.0069
0.0069,0.0052,0.0134,0.0072,0.0173,0.0214,0.0080,0.0183,0.0045,0.0004,0.0110,0.0176,0.0029,0.0006,0.0044,0.0199,0.0072,0.0155,0.0068,0.0130
0.0081,0.0083,0.0086,0.0101,0.0098,0.0169,0.0193,0.0087,0.0521,0.0058,0.0002,0.0029,0.0021,0.0020,0.0004,0.0047,0.0194,0.0114,0.0410,0.0474
0.0065,0.0056,0.0044,0.0132,0.0057,0.0096,0.0092,0.0132,0.0040,0.0147,0.0023,0.0006,0.0020,0.0072,0.0075,0.0010,0.0063,0.0497,0.0243,0.1020
0.0052,0.0048,0.0070,0.0082,0.0076,0.0078,0.0086,0.0102,0.0179,0.0074,0.0230,0.0044,0.0004,0.0075,0.0055,0.0228,0.0006,0.0078,0.0292,0.0217
0.0050,0.0043,0.0036,0.0072,0.0066,0.0089,0.0052,0.0060,0.0059,0.0151,0.0063,0.0199,0.0047,0.0010,0.0228,0.0323,0.0143,0.0025,0.0149,0.0052
0.0051,0.0042,0.0056,0.0111,0.0045,0.0042,0.0051,0.0081,0.0091,0.0074,0.0106,0.0072,0.0194,0.0063,0.0006,0.0143,0.0164,0.0157,0.0035,0.0209
0.0062,0.0057,0.0054,0.0082,0.0053,0.0078,0.0070,0.0059,0.0042,0.0072,0.0064,0.0155,0.0114,0.0497,0.0078,0.0025,0.0157,0.0266,0.0379,0.0001
0.0028,0.0033,0.0025,0.0044,0.0020,0.0049,0.0064,0.0043,0.0019,0.0020,0.0067,0.0068,0.0410,0.0243,0.0292,0.0149,0.0035,0.0379,0.0353,0.0106
0.0026,0.0028,0.0022,0.0049,0.0034,0.0088,0.0082,0.0120,0.0052,0.0116,0.0069,0.0130,0.0474,0.1020,0.0217,0.0052,0.0209,0.0001,0.0106,0.0082