c1,c2,c3,c4,c5,c6,c7,c8,c9,c10,c11,c12,c13,c14,c15,c16,c17,c18,c19,c20
0.0001,0.0034,0.0010,0.0158,0.0037,0.0093,0.0179,0.0274,0.0815,0.0261,0.0192,0.0181,0.0178,0.0141,0.0085,0.0058,0.0055,0.0034,0.0030,0.0031
0.0034,0.0231,0.0204,0.0001,0.0028,0.0034,0.0038,0.0154,0.0767,0.0147,0.0100,0.0072,0.0229,0.0113,0.0112,0.0055,0.0063,0.0053,0.0042,0.0046
0.0010,0.0204,0.0603,0.0123,0.0002,0.0124,0.0155,0.0061,0.0646,0.0163,0.0091,0.0061,0.0106,0.0051,0.0069,0.0024,0.0028,0.0042,0.0063,0.0065
0.0158,0.0001,0.0123,0.0214,0.0155,0.0002,0.0020,0.0049,0.0215,0.0377,0.0178,0.0096,0.0189,0.0068,0.0129,0.0128,0.0131,0.0047,0.0052,0.0067
0.0037,0.0028,0.0002,0.0155,0.0019,0.0264,0.0016,0.0463,0.0342,0.0227,0.0259,0.0237,0.0333,0.0063,0.0086,0.0069,0.0090,0.0023,0.0017,0.0037
0.0093,0.0034,0.0124,0.0002,0.0264,0.0082,0.0061,0.0015,0.0023,0.0344,0.0084,0.0255,0.0193,0.0135,0.0106,0.0083,0.0091,0.0051,0.0055,0.0075
0.0179,0.0038,0.0155,0.0020,0.0016,0.0061,0.0221,0.0103,0.0004,0.0026,0.0141,0.0050,0.0182,0.0206,0.0203,0.0082,0.0103,0.0055,0.0073,0.0135
0.0274,0.0154,0.0061,0.0049,0.0463,0.0015,0.0103,0.0245,0.0047,0.0006,0.0020,0.0128,0.0039,0.0110,0.0148,0.0076,0.0102,0.0032,0.0045,0.0092
0.0815,0.0767,0.0646,0.0215,0.0342,0.0023,0.0004,0.0047,0.0051,0.0041,0.0017,0.0026,0.0089,0.0021,0.0109,0.0088,0.0108,0.0033,0.0036,0.0038
0.0261,0.0147,0.0163,0.0377,0.0227,0.0344,0.0026,0.0006,0.0041,0.0068,0.0120,0.0006,0.0032,0.0193,0.0072,0.0075,0.0065,0.0057,0.0036,0.0036
0.0192,0.0100,0.0091,0.0178,0.0259,0.0084,0.0141,0.0020,0.0017,0.0120,0.0290,0.0176,0.0003,0.0028,0.0234,0.0026,0.0082,0.0052,0.0045,0.0058
0.0181,0.0072,0.0061,0.0096,0.0237,0.0255,0.0050,0.0128,0.0026,0.0006,0.0176,0.0340,0.0054,0.0005,0.0036,0.0139,0.0045,0.0113,0.0063,0.0086
0.0178,0.0229,0.0106,0.0189,0.0333,0.0193,0.0182,0.0039,0.0089,0.0032,0.0003,0.0054,0.0184,0.0055,0.0003,0.0063,0.0071,0.0053,0.0116,0.0086
0.0141,0.0113,0.0051,0.0068,0.0063,0.0135,0.0206,0.0110,0.0021,0.0193,0.0028,0.0005,0.0055,0.0457,0.0073,0.0004,0.0035,0.0301,0.0078,0.0316
0.0085,0.0112,0.0069,0.0129,0.0086,0.0106,0.0203,0.0148,0.0109,0.0072,0.0234,0.0036,0.0003,0.0073,0.0180,0.0110,0.0002,0.0063,0.0136,0.0139
0.0058,0.0055,0.0024,0.0128,0.0069,0.0083,0.0082,0.0076,0.0088,0.0075,0.0026,0.0139,0.0063,0.0004,0.0110,0.1024,0.0241,0.0014,0.0055,0.0252
0.0055,0.0063,0.0028,0.0131,0.0090,0.0091,0.0103,0.0102,0.0108,0.0065,0.0082,0.0045,0.0071,0.0035,0.0002,0.0241,0.0518,0.0770,0.0008,0.0122
0.0034,0.0053,0.0042,0.0047,0.0023,0.0051,0.0055,0.0032,0.0033,0.0057,0.0052,0.0113,0.0053,0.0301,0.0063,0.0014,0.0770,0.2864,0.1132,0.0003
0.0030,0.0042,0.0063,0.0052,0.0017,0.0055,0.0073,0.0045,0.0036,0.0036,0.0045,0.0063,0.0116,0.0078,0.0136,0.0055,0.0008,0.1132,0.1682,0.0183
0.0031,0.0046,0.0065,0.0067,0.0037,0.0075,0.0135,0.0092,0.0038,0.0036,0.0058,0.0086,0.0086,0.0316,0.0139,0.0252,0.0122,0.0003,0.0183,0.0137