c1,c2,c3,c4,c5,c6,c7,c8,c9,c10,c11,c12,c13,c14,c15,c16,c17,c18,c19,c20
0.0000,0.0023,0.0010,0.0235,0.0016,0.0285,0.0119,0.0188,0.0756,0.0413,0.0129,0.0168,0.0384,0.0096,0.0094,0.0068,0.0092,0.0039,0.0022,0.0032
0.0023,0.0197,0.0235,0.0002,0.0030,0.0038,0.0020,0.0111,0.0494,0.0194,0.0067,0.0093,0.0590,0.0088,0.0096,0.0079,0.0100,0.0062,0.0028,0.0053
0.0010,0.0235,0.0201,0.0112,0.0001,0.0102,0.0158,0.0088,0.0463,0.0247,0.0063,0.0074,0.0216,0.0066,0.0060,0.0034,0.0057,0.0055,0.0033,0.0059
0.0235,0.0002,0.0112,0.0199,0.0100,0.0001,0.0027,0.0076,0.0674,0.0404,0.0124,0.0092,0.0261,0.0058,0.0084,0.0078,0.0145,0.0056,0.0037,0.0046
0.0016,0.0030,0.0001,0.0100,0.0007,0.0184,0.0031,0.1208,0.0418,0.0151,0.0138,0.0118,0.1120,0.0064,0.0068,0.0069,0.0209,0.0042,0.0021,0.0045
0.0285,0.0038,0.0102,0.0001,0.0184,0.0059,0.0105,0.0007,0.0012,0.0309,0.0051,0.0164,0.0208,0.0106,0.0141,0.0085,0.0219,0.0094,0.0055,0.0106
0.0119,0.0020,0.0158,0.0027,0.0031,0.0105,0.0236,0.0072,0.0002,0.0023,0.0293,0.0045,0.0218,0.0160,0.0215,0.0049,0.0134,0.0074,0.0078,0.0099
0.0188,0.0111,0.0088,0.0076,0.1208,0.0007,0.0072,0.0242,0.0046,0.0001,0.0037,0.0157,0.0076,0.0092,0.0170,0.0071,0.0080,0.0044,0.0060,0.0077
0.0756,0.0494,0.0463,0.0674,0.0418,0.0012,0.0002,0.0046,0.0099,0.0017,0.0005,0.0023,0.0153,0.0031,0.0151,0.0205,0.0139,0.0026,0.0041,0.0033
0.0413,0.0194,0.0247,0.0404,0.0151,0.0309,0.0023,0.0001,0.0017,0.0123,0.0196,0.0004,0.0012,0.0282,0.0064,0.0136,0.0188,0.0070,0.0028,0.0047
0.0129,0.0067,0.0063,0.0124,0.0138,0.0051,0.0293,0.0037,0.0005,0.0196,0.0326,0.0106,0.0001,0.0060,0.0422,0.0033,0.0154,0.0077,0.0080,0.0075
0.0168,0.0093,0.0074,0.0092,0.0118,0.0164,0.0045,0.0157,0.0023,0.0004,0.0106,0.0316,0.0021,0.0005,0.0036,0.0351,0.0089,0.0126,0.0118,0.0125
0.0384,0.0590,0.0216,0.0261,0.1120,0.0208,0.0218,0.0076,0.0153,0.0012,0.0001,0.0021,0.0015,0.0048,0.0003,0.0052,0.0094,0.0026,0.0226,0.0095
0.0096,0.0088,0.0066,0.0058,0.0064,0.0106,0.0160,0.0092,0.0031,0.0282,0.0060,0.0005,0.0048,0.0184,0.0043,0.0006,0.0014,0.0577,0.0136,0.0511
0.0094,0.0096,0.0060,0.0084,0.0068,0.0141,0.0215,0.0170,0.0151,0.0064,0.0422,0.0036,0.0003,0.0043,0.0134,0.0084,0.0001,0.0075,0.0377,0.0123
0.0068,0.0079,0.0034,0.0078,0.0069,0.0085,0.0049,0.0071,0.0205,0.0136,0.0033,0.0351,0.0052,0.0006,0.0084,0.0712,0.0064,0.0006,0.0071,0.0211
0.0092,0.0100,0.0057,0.0145,0.0209,0.0219,0.0134,0.0080,0.0139,0.0188,0.0154,0.0089,0.0094,0.0014,0.0001,0.0064,0.0123,0.0184,0.0010,0.0042
0.0039,0.0062,0.0055,0.0056,0.0042,0.0094,0.0074,0.0044,0.0026,0.0070,0.0077,0.0126,0.0026,0.0577,0.0075,0.0006,0.0184,0.1317,0.0728,0.0004
0.0022,0.0028,0.0033,0.0037,0.0021,0.0055,0.0078,0.0060,0.0041,0.0028,0.0080,0.0118,0.0226,0.0136,0.0377,0.0071,0.0010,0.0728,0.0409,0.0093
0.0032,0.0053,0.0059,0.0046,0.0045,0.0106,0.0099,0.0077,0.0033,0.0047,0.0075,0.0125,0.0095,0.0511,0.0123,0.0211,0.0042,0.0004,0.0093,0.0210