c1,c2,c3,c4,c5,c6,c7,c8,c9,c10,c11,c12,c13,c14,c15,c16,c17,c18,c19,c20
0.0000,0.0005,0.0004,0.0366,0.0149,0.0442,0.1058,0.1706,0.5401,0.2071,0.1120,0.1498,0.0366,0.0529,0.0295,0.0176,0.0077,0.0080,0.0032,0.0020
0.0005,0.0187,0.0417,0.0012,0.0031,0.0039,0.0073,0.0344,0.0596,0.0247,0.0156,0.0150,0.0056,0.0100,0.0076,0.0040,0.0024,0.0033,0.0035,0.0042
0.0004,0.0417,0.0304,0.2225,0.0002,0.0047,0.0120,0.0150,0.0617,0.0096,0.0087,0.0070,0.0041,0.0059,0.0048,0.0034,0.0028,0.0031,0.0062,0.0057
0.0366,0.0012,0.2225,0.0000,0.0591,0.0009,0.0099,0.0208,0.0528,0.0511,0.0265,0.0218,0.0107,0.0101,0.0043,0.0040,0.0032,0.0022,0.0014,0.0035
0.0149,0.0031,0.0002,0.0591,0.0076,0.0671,0.0015,0.0412,0.0049,0.0076,0.0211,0.0178,0.0086,0.0120,0.0053,0.0043,0.0042,0.0048,0.0023,0.0041
0.0442,0.0039,0.0047,0.0009,0.0671,0.0288,0.0173,0.0004,0.0048,0.0135,0.0171,0.0286,0.0089,0.0166,0.0114,0.0036,0.0021,0.0040,0.0026,0.0025
0.1058,0.0073,0.0120,0.0099,0.0015,0.0173,0.0264,0.0102,0.0003,0.0029,0.0080,0.0056,0.0161,0.0153,0.0110,0.0050,0.0054,0.0031,0.0030,0.0050
0.1706,0.0344,0.0150,0.0208,0.0412,0.0004,0.0102,0.0351,0.0138,0.0005,0.0013,0.0096,0.0059,0.0077,0.0077,0.0045,0.0034,0.0018,0.0021,0.0039
0.5401,0.0596,0.0617,0.0528,0.0049,0.0048,0.0003,0.0138,0.0208,0.0086,0.0003,0.0006,0.0041,0.0033,0.0140,0.0088,0.0068,0.0021,0.0022,0.0025
0.2071,0.0247,0.0096,0.0511,0.0076,0.0135,0.0029,0.0005,0.0086,0.0162,0.0339,0.0003,0.0031,0.0046,0.0030,0.0064,0.0060,0.0043,0.0040,0.0049
0.1120,0.0156,0.0087,0.0265,0.0211,0.0171,0.0080,0.0013,0.0003,0.0339,0.0048,0.0098,0.0004,0.0007,0.0065,0.0087,0.0116,0.0087,0.0084,0.0101
0.1498,0.0150,0.0070,0.0218,0.0178,0.0286,0.0056,0.0096,0.0006,0.0003,0.0098,0.0007,0.0116,0.0005,0.0101,0.0133,0.0022,0.0133,0.0144,0.0228
0.0366,0.0056,0.0041,0.0107,0.0086,0.0089,0.0161,0.0059,0.0041,0.0031,0.0004,0.0116,0.0105,0.0122,0.0017,0.0151,0.0090,0.0049,0.0127,0.0147
0.0529,0.0100,0.0059,0.0101,0.0120,0.0166,0.0153,0.0077,0.0033,0.0046,0.0007,0.0005,0.0122,0.0092,0.0075,0.0008,0.0073,0.0176,0.0125,0.0254
0.0295,0.0076,0.0048,0.0043,0.0053,0.0114,0.0110,0.0077,0.0140,0.0030,0.0065,0.0101,0.0017,0.0075,0.0069,0.0340,0.0008,0.0046,0.0150,0.0092
0.0176,0.0040,0.0034,0.0040,0.0043,0.0036,0.0050,0.0045,0.0088,0.0064,0.0087,0.0133,0.0151,0.0008,0.0340,0.0574,0.0409,0.0008,0.0034,0.0186
0.0077,0.0024,0.0028,0.0032,0.0042,0.0021,0.0054,0.0034,0.0068,0.0060,0.0116,0.0022,0.0090,0.0073,0.0008,0.0409,0.0362,0.2390,0.0087,0.0171
0.0080,0.0033,0.0031,0.0022,0.0048,0.0040,0.0031,0.0018,0.0021,0.0043,0.0087,0.0133,0.0049,0.0176,0.0046,0.0008,0.2390,0.1326,0.1714,0.0019
0.0032,0.0035,0.0062,0.0014,0.0023,0.0026,0.0030,0.0021,0.0022,0.0040,0.0084,0.0144,0.0127,0.0125,0.0150,0.0034,0.0087,0.1714,0.0531,0.0359
0.0020,0.0042,0.0057,0.0035,0.0041,0.0025,0.0050,0.0039,0.0025,0.0049,0.0101,0.0228,0.0147,0.0254,0.0092,0.0186,0.0171,0.0019,0.0359,0.0146