c1,c2,c3,c4,c5,c6,c7,c8,c9,c10,c11,c12,c13,c14,c15,c16,c17,c18,c19,c20
0.0000,0.0010,0.0001,0.0288,0.0059,0.0135,0.0526,0.0750,0.0328,0.0318,0.0116,0.0071,0.0176,0.0107,0.0116,0.0080,0.0073,0.0104,0.0039,0.0069
0.0010,0.0193,0.0105,0.0002,0.0037,0.0033,0.0041,0.0148,0.0166,0.0148,0.0119,0.0087,0.0128,0.0156,0.0149,0.0111,0.0104,0.0126,0.0047,0.0066
0.0001,0.0105,0.0141,0.0552,0.0001,0.0080,0.0209,0.0168,0.0350,0.0176,0.0113,0.0056,0.0081,0.0132,0.0114,0.0071,0.0053,0.0122,0.0035,0.0058
0.0288,0.0002,0.0552,0.0000,0.0313,0.0002,0.0073,0.0182,0.0201,0.0435,0.0202,0.0108,0.0203,0.0142,0.0238,0.0123,0.0176,0.0118,0.0032,0.0091
0.0059,0.0037,0.0001,0.0313,0.0094,0.0077,0.0002,0.0132,0.0159,0.0128,0.0245,0.0061,0.0131,0.0135,0.0158,0.0096,0.0195,0.0184,0.0039,0.0072
0.0135,0.0033,0.0080,0.0002,0.0077,0.0069,0.0059,0.0001,0.0030,0.0247,0.0072,0.0323,0.0215,0.0187,0.0276,0.0200,0.0129,0.0177,0.0077,0.0063
0.0526,0.0041,0.0209,0.0073,0.0002,0.0059,0.0278,0.0071,0.0001,0.0048,0.0101,0.0045,0.0189,0.0140,0.0159,0.0129,0.0164,0.0135,0.0081,0.0096
0.0750,0.0148,0.0168,0.0182,0.0132,0.0001,0.0071,0.0190,0.0049,0.0001,0.0024,0.0100,0.0038,0.0175,0.0174,0.0071,0.0245,0.0090,0.0060,0.0080
0.0328,0.0166,0.0350,0.0201,0.0159,0.0030,0.0001,0.0049,0.0113,0.0076,0.0001,0.0033,0.0066,0.0080,0.0265,0.0189,0.0225,0.0134,0.0083,0.0089
0.0318,0.0148,0.0176,0.0435,0.0128,0.0247,0.0048,0.0001,0.0076,0.0203,0.0076,0.0004,0.0018,0.0128,0.0062,0.0103,0.0120,0.0070,0.0065,0.0040
0.0116,0.0119,0.0113,0.0202,0.0245,0.0072,0.0101,0.0024,0.0001,0.0076,0.0303,0.0375,0.0000,0.0072,0.0113,0.0084,0.0242,0.0126,0.0083,0.0091
0.0071,0.0087,0.0056,0.0108,0.0061,0.0323,0.0045,0.0100,0.0033,0.0004,0.0375,0.0328,0.0295,0.0003,0.0021,0.0110,0.0059,0.0165,0.0101,0.0087
0.0176,0.0128,0.0081,0.0203,0.0131,0.0215,0.0189,0.0038,0.0066,0.0018,0.0000,0.0295,0.0207,0.0194,0.0001,0.0043,0.0168,0.0100,0.0330,0.0086
0.0107,0.0156,0.0132,0.0142,0.0135,0.0187,0.0140,0.0175,0.0080,0.0128,0.0072,0.0003,0.0194,0.0071,0.0109,0.0002,0.0010,0.0121,0.0055,0.0098
0.0116,0.0149,0.0114,0.0238,0.0158,0.0276,0.0159,0.0174,0.0265,0.0062,0.0113,0.0021,0.0001,0.0109,0.0205,0.0161,0.0001,0.0020,0.0097,0.0100
0.0080,0.0111,0.0071,0.0123,0.0096,0.0200,0.0129,0.0071,0.0189,0.0103,0.0084,0.0110,0.0043,0.0002,0.0161,0.0276,0.0042,0.0001,0.0087,0.0195
0.0073,0.0104,0.0053,0.0176,0.0195,0.0129,0.0164,0.0245,0.0225,0.0120,0.0242,0.0059,0.0168,0.0010,0.0001,0.0042,0.0113,0.0099,0.0004,0.0181
0.0104,0.0126,0.0122,0.0118,0.0184,0.0177,0.0135,0.0090,0.0134,0.0070,0.0126,0.0165,0.0100,0.0121,0.0020,0.0001,0.0099,0.0137,0.0325,0.0000
0.0039,0.0047,0.0035,0.0032,0.0039,0.0077,0.0081,0.0060,0.0083,0.0065,0.0083,0.0101,0.0330,0.0055,0.0097,0.0087,0.0004,0.0325,0.0692,0.0055
0.0069,0.0066,0.0058,0.0091,0.0072,0.0063,0.0096,0.0080,0.0089,0.0040,0.0091,0.0087,0.0086,0.0098,0.0100,0.0195,0.0181,0.0000,0.0055,0.0550