c1,c2,c3,c4,c5,c6,c7,c8,c9,c10,c11,c12,c13,c14,c15,c16,c17,c18,c19,c20
0.0001,0.0018,0.0004,0.0354,0.0084,0.0173,0.0793,0.0946,0.0258,0.0041,0.0052,0.0091,0.0135,0.0123,0.0072,0.0068,0.0052,0.0043,0.0035,0.0089
0.0018,0.0130,0.0137,0.0002,0.0032,0.0032,0.0047,0.0147,0.0130,0.0081,0.0128,0.0070,0.0119,0.0197,0.0123,0.0210,0.0103,0.0105,0.0062,0.0077
0.0004,0.0137,0.0413,0.0417,0.0001,0.0049,0.0157,0.0075,0.0185,0.0092,0.0139,0.0079,0.0112,0.0090,0.0083,0.0089,0.0081,0.0095,0.0044,0.0056
0.0354,0.0002,0.0417,0.0000,0.0303,0.0002,0.0075,0.0210,0.0115,0.0192,0.0127,0.0092,0.0184,0.0146,0.0217,0.0365,0.0212,0.0073,0.0039,0.0067
0.0084,0.0032,0.0001,0.0303,0.0104,0.0048,0.0002,0.0077,0.0141,0.0057,0.0146,0.0147,0.0248,0.0123,0.0159,0.0245,0.0264,0.0095,0.0053,0.0074
0.0173,0.0032,0.0049,0.0002,0.0048,0.0054,0.0059,0.0001,0.0031,0.0229,0.0103,0.0271,0.0402,0.0230,0.0168,0.0279,0.0187,0.0151,0.0102,0.0056
0.0793,0.0047,0.0157,0.0075,0.0002,0.0059,0.0232,0.0044,0.0001,0.0024,0.0161,0.0044,0.0220,0.0175,0.0117,0.0115,0.0169,0.0100,0.0093,0.0102
0.0946,0.0147,0.0075,0.0210,0.0077,0.0001,0.0044,0.0146,0.0080,0.0002,0.0032,0.0075,0.0055,0.0192,0.0166,0.0100,0.0288,0.0091,0.0074,0.0088
0.0258,0.0130,0.0185,0.0115,0.0141,0.0031,0.0001,0.0080,0.0154,0.0255,0.0001,0.0025,0.0172,0.0058,0.0145,0.0132,0.0262,0.0104,0.0079,0.0066
0.0041,0.0081,0.0092,0.0192,0.0057,0.0229,0.0024,0.0002,0.0255,0.0099,0.0081,0.0004,0.0051,0.0506,0.0133,0.0148,0.0215,0.0075,0.0065,0.0081
0.0052,0.0128,0.0139,0.0127,0.0146,0.0103,0.0161,0.0032,0.0001,0.0081,0.0431,0.0238,0.0001,0.0067,0.0465,0.0043,0.0187,0.0087,0.0049,0.0141
0.0091,0.0070,0.0079,0.0092,0.0147,0.0271,0.0044,0.0075,0.0025,0.0004,0.0238,0.0324,0.0075,0.0003,0.0025,0.0205,0.0082,0.0187,0.0134,0.0102
0.0135,0.0119,0.0112,0.0184,0.0248,0.0402,0.0220,0.0055,0.0172,0.0051,0.0001,0.0075,0.0122,0.0046,0.0001,0.0030,0.0206,0.0098,0.0209,0.0060
0.0123,0.0197,0.0090,0.0146,0.0123,0.0230,0.0175,0.0192,0.0058,0.0506,0.0067,0.0003,0.0046,0.0122,0.0026,0.0002,0.0013,0.0197,0.0067,0.0134
0.0072,0.0123,0.0083,0.0217,0.0159,0.0168,0.0117,0.0166,0.0145,0.0133,0.0465,0.0025,0.0001,0.0026,0.0253,0.0064,0.0001,0.0046,0.0133,0.0220
0.0068,0.0210,0.0089,0.0365,0.0245,0.0279,0.0115,0.0100,0.0132,0.0148,0.0043,0.0205,0.0030,0.0002,0.0064,0.0042,0.0038,0.0004,0.0058,0.0142
0.0052,0.0103,0.0081,0.0212,0.0264,0.0187,0.0169,0.0288,0.0262,0.0215,0.0187,0.0082,0.0206,0.0013,0.0001,0.0038,0.0084,0.0107,0.0001,0.0076
0.0043,0.0105,0.0095,0.0073,0.0095,0.0151,0.0100,0.0091,0.0104,0.0075,0.0087,0.0187,0.0098,0.0197,0.0046,0.0004,0.0107,0.0372,0.0419,0.0000
0.0035,0.0062,0.0044,0.0039,0.0053,0.0102,0.0093,0.0074,0.0079,0.0065,0.0049,0.0134,0.0209,0.0067,0.0133,0.0058,0.0001,0.0419,0.0725,0.0068
0.0089,0.0077,0.0056,0.0067,0.0074,0.0056,0.0102,0.0088,0.0066,0.0081,0.0141,0.0102,0.0060,0.0134,0.0220,0.0142,0.0076,0.0000,0.0068,0.0309