c1,c2,c3,c4,c5,c6,c7,c8,c9,c10,c11,c12,c13,c14,c15,c16,c17,c18,c19,c20,c21,c22,c23,c24,c25,c26,c27,c28
0.0002,0.0136,0.0033,0.1573,0.0335,0.0183,0.0153,0.0103,0.0111,0.0187,0.0267,0.0073,0.0099,0.0083,0.0058,0.0033,0.0075,0.0043,0.0076,0.0070,0.0030,0.0023,0.0035,0.0035,0.0035,0.0045,0.0051,0.0053
0.0136,0.0720,0.0450,0.0002,0.0038,0.0020,0.0040,0.0110,0.0091,0.0136,0.0183,0.0125,0.0090,0.0080,0.0073,0.0051,0.0066,0.0075,0.0112,0.0090,0.0049,0.0032,0.0066,0.0042,0.0060,0.0051,0.0081,0.0068
0.0033,0.0450,0.1411,0.0143,0.0012,0.0153,0.0177,0.0097,0.0075,0.0129,0.0257,0.0094,0.0122,0.0062,0.0071,0.0044,0.0053,0.0057,0.0063,0.0057,0.0017,0.0024,0.0033,0.0027,0.0024,0.0049,0.0048,0.0054
0.1573,0.0002,0.0143,0.0373,0.0200,0.0003,0.0038,0.0029,0.0037,0.0134,0.0194,0.0216,0.0169,0.0091,0.0072,0.0083,0.0073,0.0046,0.0106,0.0071,0.0047,0.0029,0.0080,0.0049,0.0057,0.0051,0.0125,0.0073
0.0335,0.0038,0.0012,0.0200,0.0709,0.0247,0.0001,0.0050,0.0056,0.0125,0.0553,0.0175,0.0175,0.0076,0.0091,0.0045,0.0073,0.0057,0.0057,0.0060,0.0024,0.0030,0.0065,0.0049,0.0047,0.0067,0.0112,0.0065
0.0183,0.0020,0.0153,0.0003,0.0247,0.0455,0.0074,0.0003,0.0038,0.0079,0.0178,0.0191,0.0280,0.0068,0.0055,0.0060,0.0044,0.0048,0.0106,0.0046,0.0036,0.0042,0.0090,0.0106,0.0086,0.0099,0.0161,0.0133
0.0153,0.0040,0.0177,0.0038,0.0001,0.0074,0.0042,0.1053,0.0001,0.0005,0.0264,0.0117,0.0177,0.0247,0.0130,0.0061,0.0093,0.0054,0.0266,0.0103,0.0050,0.0039,0.0141,0.0082,0.0141,0.0097,0.0176,0.0127
0.0103,0.0110,0.0097,0.0029,0.0050,0.0003,0.1053,0.0672,0.0262,0.0014,0.0316,0.0045,0.0043,0.0063,0.0050,0.0039,0.0033,0.0009,0.0037,0.0048,0.0054,0.0019,0.0099,0.0118,0.0114,0.0152,0.0230,0.0274
0.0111,0.0091,0.0075,0.0037,0.0056,0.0038,0.0001,0.0262,0.0048,0.0003,0.0005,0.0008,0.0050,0.0030,0.0080,0.0030,0.0043,0.0038,0.0191,0.0047,0.0124,0.0095,0.0119,0.0835,0.0897,0.0667,0.2016,0.0836
0.0187,0.0136,0.0129,0.0134,0.0125,0.0079,0.0005,0.0014,0.0003,0.0015,0.0094,0.0000,0.0010,0.0047,0.0043,0.0042,0.0071,0.0040,0.0162,0.0054,0.0142,0.0089,0.0255,0.0278,0.0943,0.0621,0.0994,0.0788
0.0267,0.0183,0.0257,0.0194,0.0553,0.0178,0.0264,0.0316,0.0005,0.0094,0.0028,0.0022,0.0000,0.0004,0.0013,0.0004,0.0042,0.0048,0.0081,0.0049,0.0095,0.0077,0.0140,0.0237,0.0280,0.0255,0.0541,0.0309
0.0073,0.0125,0.0094,0.0216,0.0175,0.0191,0.0117,0.0045,0.0008,0.0000,0.0022,0.0041,0.0010,0.0000,0.0008,0.0015,0.0034,0.0138,0.0178,0.0067,0.0823,0.0144,0.1111,0.0423,0.0856,0.0392,0.0404,0.0213
0.0099,0.0090,0.0122,0.0169,0.0175,0.0280,0.0177,0.0043,0.0050,0.0010,0.0000,0.0010,0.0044,0.0021,0.0001,0.0009,0.0029,0.0048,0.0217,0.0104,0.1162,0.0398,0.0725,0.0407,0.0391,0.0380,0.0119,0.0179
0.0083,0.0080,0.0062,0.0091,0.0076,0.0068,0.0247,0.0063,0.0030,0.0047,0.0004,0.0000,0.0021,0.0035,0.0016,0.0000,0.0007,0.0023,0.0184,0.0182,0.5875,0.0956,0.3286,0.0428,0.0676,0.0334,0.0175,0.0134
0.0058,0.0073,0.0071,0.0072,0.0091,0.0055,0.0130,0.0050,0.0080,0.0043,0.0013,0.0008,0.0001,0.0016,0.0071,0.0005,0.0002,0.0143,0.0365,0.0157,0.1846,0.5572,0.0796,0.0212,0.0152,0.0143,0.0070,0.0084
0.0033,0.0051,0.0044,0.0083,0.0045,0.0060,0.0061,0.0039,0.0030,0.0042,0.0004,0.0015,0.0009,0.0000,0.0005,0.0021,0.0156,0.0189,0.0698,0.0397,0.5970,0.7344,0.0724,0.0209,0.0187,0.0123,0.0039,0.0057
0.0075,0.0066,0.0053,0.0073,0.0073,0.0044,0.0093,0.0033,0.0043,0.0071,0.0042,0.0034,0.0029,0.0007,0.0002,0.0156,0.0251,0.1677,0.0006,0.0082,0.0130,0.0828,0.0287,0.0240,0.0089,0.0084,0.0073,0.0136
0.0043,0.0075,0.0057,0.0046,0.0057,0.0048,0.0054,0.0009,0.0038,0.0040,0.0048,0.0138,0.0048,0.0023,0.0143,0.0189,0.1677,0.0031,0.2187,0.0190,0.0057,0.0046,0.0082,0.0044,0.0070,0.0029,0.0074,0.0051
0.0076,0.0112,0.0063,0.0106,0.0057,0.0106,0.0266,0.0037,0.0191,0.0162,0.0081,0.0178,0.0217,0.0184,0.0365,0.0698,0.0006,0.2187,0.0000,0.1454,0.0002,0.0005,0.0040,0.0010,0.0066,0.0061,0.0099,0.0047
0.0070,0.0090,0.0057,0.0071,0.0060,0.0046,0.0103,0.0048,0.0047,0.0054,0.0049,0.0067,0.0104,0.0182,0.0157,0.0397,0.0082,0.0190,0.1454,0.0138,0.0012,0.0002,0.0035,0.0034,0.0044,0.0159,0.0050,0.0057
0.0030,0.0049,0.0017,0.0047,0.0024,0.0036,0.0050,0.0054,0.0124,0.0142,0.0095,0.0823,0.1162,0.5875,0.1846,0.5970,0.0130,0.0057,0.0002,0.0012,0.0123,0.0088,0.0000,0.0008,0.0046,0.0027,0.0035,0.0030
0.0023,0.0032,0.0024,0.0029,0.0030,0.0042,0.0039,0.0019,0.0095,0.0089,0.0077,0.0144,0.0398,0.0956,0.5572,0.7344,0.0828,0.0046,0.0005,0.0002,0.0088,0.0021,0.0159,0.0005,0.0080,0.0030,0.0015,0.0054
0.0035,0.0066,0.0033,0.0080,0.0065,0.0090,0.0141,0.0099,0.0119,0.0255,0.0140,0.1111,0.0725,0.3286,0.0796,0.0724,0.0287,0.0082,0.0040,0.0035,0.0000,0.0159,0.0021,0.0073,0.0000,0.0005,0.0017,0.0044
0.0035,0.0042,0.0027,0.0049,0.0049,0.0106,0.0082,0.0118,0.0835,0.0278,0.0237,0.0423,0.0407,0.0428,0.0212,0.0209,0.0240,0.0044,0.0010,0.0034,0.0008,0.0005,0.0073,0.0207,0.0108,0.0000,0.0051,0.0056
0.0035,0.0060,0.0024,0.0057,0.0047,0.0086,0.0141,0.0114,0.0897,0.0943,0.0280,0.0856,0.0391,0.0676,0.0152,0.0187,0.0089,0.0070,0.0066,0.0044,0.0046,0.0080,0.0000,0.0108,0.0152,0.0067,0.0000,0.0011
0.0045,0.0051,0.0049,0.0051,0.0067,0.0099,0.0097,0.0152,0.0667,0.0621,0.0255,0.0392,0.0380,0.0334,0.0143,0.0123,0.0084,0.0029,0.0061,0.0159,0.0027,0.0030,0.0005,0.0000,0.0067,0.0149,0.0048,0.0005
0.0051,0.0081,0.0048,0.0125,0.0112,0.0161,0.0176,0.0230,0.2016,0.0994,0.0541,0.0404,0.0119,0.0175,0.0070,0.0039,0.0073,0.0074,0.0099,0.0050,0.0035,0.0015,0.0017,0.0051,0.0000,0.0048,0.0022,0.0006
0.0053,0.0068,0.0054,0.0073,0.0065,0.0133,0.0127,0.0274,0.0836,0.0788,0.0309,0.0213,0.0179,0.0134,0.0084,0.0057,0.0136,0.0051,0.0047,0.0057,0.0030,0.0054,0.0044,0.0056,0.0011,0.0005,0.0006,0.0011