c1,c2,c3,c4,c5,c6,c7,c8,c9,c10,c11,c12,c13,c14,c15,c16,c17,c18,c19,c20
0.0001,0.0064,0.0002,0.0080,0.0180,0.0271,0.0235,0.0241,0.0123,0.0278,0.0144,0.0083,0.0118,0.0227,0.0079,0.0075,0.0072,0.0060,0.0025,0.0044
0.0064,0.0152,0.0144,0.0001,0.0043,0.0072,0.0036,0.0110,0.0204,0.0175,0.0108,0.0065,0.0384,0.0156,0.0080,0.0077,0.0085,0.0073,0.0026,0.0044
0.0002,0.0144,0.0140,0.0051,0.0001,0.0095,0.0107,0.0057,0.0142,0.0460,0.0114,0.0065,0.0353,0.0233,0.0075,0.0055,0.0095,0.0158,0.0049,0.0083
0.0080,0.0001,0.0051,0.0148,0.0071,0.0002,0.0059,0.0111,0.0066,0.0625,0.0168,0.0070,0.0427,0.0210,0.0105,0.0097,0.0213,0.0090,0.0034,0.0059
0.0180,0.0043,0.0001,0.0071,0.0049,0.0092,0.0002,0.0246,0.0140,0.0153,0.0132,0.0136,0.0601,0.0133,0.0124,0.0107,0.0202,0.0086,0.0032,0.0052
0.0271,0.0072,0.0095,0.0002,0.0092,0.0023,0.0060,0.0004,0.0024,0.0424,0.0084,0.0213,0.0237,0.0196,0.0100,0.0139,0.0103,0.0079,0.0057,0.0085
0.0235,0.0036,0.0107,0.0059,0.0002,0.0060,0.0220,0.0059,0.0001,0.0018,0.0188,0.0052,0.0269,0.0220,0.0171,0.0100,0.0207,0.0160,0.0127,0.0157
0.0241,0.0110,0.0057,0.0111,0.0246,0.0004,0.0059,0.0435,0.0080,0.0000,0.0022,0.0174,0.0153,0.0185,0.0147,0.0099,0.0127,0.0068,0.0114,0.0080
0.0123,0.0204,0.0142,0.0066,0.0140,0.0024,0.0001,0.0080,0.0377,0.0030,0.0004,0.0083,0.0476,0.0060,0.0153,0.0221,0.0323,0.0041,0.0051,0.0065
0.0278,0.0175,0.0460,0.0625,0.0153,0.0424,0.0018,0.0000,0.0030,0.0079,0.0093,0.0002,0.0008,0.0351,0.0047,0.0170,0.0418,0.0218,0.0043,0.0087
0.0144,0.0108,0.0114,0.0168,0.0132,0.0084,0.0188,0.0022,0.0004,0.0093,0.0189,0.0098,0.0000,0.0045,0.0281,0.0069,0.0258,0.0125,0.0106,0.0081
0.0083,0.0065,0.0065,0.0070,0.0136,0.0213,0.0052,0.0174,0.0083,0.0002,0.0098,0.0517,0.0059,0.0001,0.0046,0.0286,0.0132,0.0169,0.0112,0.0206
0.0118,0.0384,0.0353,0.0427,0.0601,0.0237,0.0269,0.0153,0.0476,0.0008,0.0000,0.0059,0.0006,0.0013,0.0003,0.0088,0.0043,0.0079,0.0274,0.0128
0.0227,0.0156,0.0233,0.0210,0.0133,0.0196,0.0220,0.0185,0.0060,0.0351,0.0045,0.0001,0.0013,0.0091,0.0048,0.0002,0.0016,0.0322,0.0075,0.0222
0.0079,0.0080,0.0075,0.0105,0.0124,0.0100,0.0171,0.0147,0.0153,0.0047,0.0281,0.0046,0.0003,0.0048,0.0102,0.0074,0.0001,0.0050,0.0576,0.0314
0.0075,0.0077,0.0055,0.0097,0.0107,0.0139,0.0100,0.0099,0.0221,0.0170,0.0069,0.0286,0.0088,0.0002,0.0074,0.0278,0.0070,0.0002,0.0039,0.0176
0.0072,0.0085,0.0095,0.0213,0.0202,0.0103,0.0207,0.0127,0.0323,0.0418,0.0258,0.0132,0.0043,0.0016,0.0001,0.0070,0.0053,0.0054,0.0007,0.0041
0.0060,0.0073,0.0158,0.0090,0.0086,0.0079,0.0160,0.0068,0.0041,0.0218,0.0125,0.0169,0.0079,0.0322,0.0050,0.0002,0.0054,0.0309,0.0310,0.0001
0.0025,0.0026,0.0049,0.0034,0.0032,0.0057,0.0127,0.0114,0.0051,0.0043,0.0106,0.0112,0.0274,0.0075,0.0576,0.0039,0.0007,0.0310,0.0466,0.0028
0.0044,0.0044,0.0083,0.0059,0.0052,0.0085,0.0157,0.0080,0.0065,0.0087,0.0081,0.0206,0.0128,0.0222,0.0314,0.0176,0.0041,0.0001,0.0028,0.0128