c1,c2,c3,c4,c5,c6,c7,c8,c9,c10,c11,c12,c13,c14,c15,c16,c17,c18,c19,c20
0.0001,0.0138,0.0038,0.0893,0.0128,0.0120,0.0215,0.0242,0.0454,0.0139,0.0081,0.0079,0.0094,0.0070,0.0050,0.0057,0.0044,0.0035,0.0012,0.0031
0.0138,0.0358,0.0224,0.0002,0.0047,0.0085,0.0039,0.0145,0.0277,0.0154,0.0101,0.0058,0.0138,0.0064,0.0073,0.0056,0.0054,0.0051,0.0022,0.0040
0.0038,0.0224,0.0265,0.0124,0.0003,0.0093,0.0157,0.0096,0.0473,0.0398,0.0164,0.0077,0.0088,0.0032,0.0044,0.0036,0.0036,0.0043,0.0016,0.0031
0.0893,0.0002,0.0124,0.0264,0.0144,0.0001,0.0021,0.0078,0.0150,0.0627,0.0169,0.0076,0.0154,0.0060,0.0076,0.0110,0.0117,0.0047,0.0024,0.0041
0.0128,0.0047,0.0003,0.0144,0.0031,0.0096,0.0040,0.0411,0.0679,0.0251,0.0270,0.0123,0.0203,0.0042,0.0053,0.0039,0.0056,0.0038,0.0012,0.0028
0.0120,0.0085,0.0093,0.0001,0.0096,0.0090,0.0072,0.0004,0.0056,0.0765,0.0125,0.0196,0.0206,0.0071,0.0086,0.0082,0.0095,0.0063,0.0050,0.0085
0.0215,0.0039,0.0157,0.0021,0.0040,0.0072,0.0155,0.0084,0.0003,0.0060,0.0275,0.0090,0.0228,0.0075,0.0090,0.0044,0.0109,0.0061,0.0059,0.0080
0.0242,0.0145,0.0096,0.0078,0.0411,0.0004,0.0084,0.0106,0.0071,0.0007,0.0029,0.0157,0.0166,0.0099,0.0118,0.0045,0.0090,0.0035,0.0054,0.0084
0.0454,0.0277,0.0473,0.0150,0.0679,0.0056,0.0003,0.0071,0.0109,0.0033,0.0004,0.0046,0.0220,0.0027,0.0109,0.0054,0.0134,0.0034,0.0032,0.0034
0.0139,0.0154,0.0398,0.0627,0.0251,0.0765,0.0060,0.0007,0.0033,0.0080,0.0084,0.0005,0.0021,0.0084,0.0042,0.0120,0.0120,0.0049,0.0016,0.0027
0.0081,0.0101,0.0164,0.0169,0.0270,0.0125,0.0275,0.0029,0.0004,0.0084,0.0127,0.0086,0.0001,0.0034,0.0238,0.0050,0.0254,0.0048,0.0064,0.0116
0.0079,0.0058,0.0077,0.0076,0.0123,0.0196,0.0090,0.0157,0.0046,0.0005,0.0086,0.0159,0.0021,0.0013,0.0045,0.0171,0.0126,0.0117,0.0095,0.0133
0.0094,0.0138,0.0088,0.0154,0.0203,0.0206,0.0228,0.0166,0.0220,0.0021,0.0001,0.0021,0.0049,0.0036,0.0004,0.0050,0.0285,0.0120,0.0191,0.0150
0.0070,0.0064,0.0032,0.0060,0.0042,0.0071,0.0075,0.0099,0.0027,0.0084,0.0034,0.0013,0.0036,0.0033,0.0041,0.0033,0.0104,0.1229,0.0392,0.0617
0.0050,0.0073,0.0044,0.0076,0.0053,0.0086,0.0090,0.0118,0.0109,0.0042,0.0238,0.0045,0.0004,0.0041,0.0040,0.0091,0.0004,0.0223,0.1369,0.0462
0.0057,0.0056,0.0036,0.0110,0.0039,0.0082,0.0044,0.0045,0.0054,0.0120,0.0050,0.0171,0.0050,0.0033,0.0091,0.0132,0.0068,0.0036,0.0140,0.0381
0.0044,0.0054,0.0036,0.0117,0.0056,0.0095,0.0109,0.0090,0.0134,0.0120,0.0254,0.0126,0.0285,0.0104,0.0004,0.0068,0.0042,0.0090,0.0005,0.0278
0.0035,0.0051,0.0043,0.0047,0.0038,0.0063,0.0061,0.0035,0.0034,0.0049,0.0048,0.0117,0.0120,0.1229,0.0223,0.0036,0.0090,0.0648,0.0881,0.0001
0.0012,0.0022,0.0016,0.0024,0.0012,0.0050,0.0059,0.0054,0.0032,0.0016,0.0064,0.0095,0.0191,0.0392,0.1369,0.0140,0.0005,0.0881,0.1106,0.0197
0.0031,0.0040,0.0031,0.0041,0.0028,0.0085,0.0080,0.0084,0.0034,0.0027,0.0116,0.0133,0.0150,0.0617,0.0462,0.0381,0.0278,0.0001,0.0197,0.0037