c1,c2,c3,c4,c5,c6,c7,c8,c9,c10,c11,c12,c13,c14,c15,c16,c17,c18,c19,c20
0.0001,0.0022,0.0002,0.0063,0.0090,0.0121,0.0219,0.0274,0.0275,0.0104,0.0114,0.0140,0.0205,0.0413,0.0107,0.0085,0.0143,0.0060,0.0028,0.0047
0.0022,0.0155,0.0092,0.0002,0.0036,0.0064,0.0033,0.0101,0.0319,0.0131,0.0088,0.0071,0.0369,0.0136,0.0083,0.0093,0.0120,0.0079,0.0039,0.0077
0.0002,0.0092,0.0186,0.0085,0.0001,0.0113,0.0121,0.0060,0.0457,0.0414,0.0097,0.0088,0.0200,0.0104,0.0075,0.0064,0.0118,0.0079,0.0045,0.0052
0.0063,0.0002,0.0085,0.0156,0.0074,0.0002,0.0030,0.0100,0.0189,0.0460,0.0193,0.0086,0.0206,0.0143,0.0112,0.0104,0.0330,0.0072,0.0030,0.0058
0.0090,0.0036,0.0001,0.0074,0.0017,0.0144,0.0004,0.0205,0.0317,0.0093,0.0177,0.0165,0.0632,0.0084,0.0102,0.0102,0.0329,0.0081,0.0026,0.0062
0.0121,0.0064,0.0113,0.0002,0.0144,0.0010,0.0098,0.0008,0.0024,0.0307,0.0098,0.0223,0.0067,0.0153,0.0107,0.0105,0.0232,0.0130,0.0093,0.0107
0.0219,0.0033,0.0121,0.0030,0.0004,0.0098,0.0231,0.0107,0.0001,0.0023,0.0229,0.0051,0.0173,0.0195,0.0134,0.0073,0.0440,0.0156,0.0085,0.0128
0.0274,0.0101,0.0060,0.0100,0.0205,0.0008,0.0107,0.0726,0.0051,0.0001,0.0037,0.0137,0.0068,0.0090,0.0145,0.0056,0.0159,0.0059,0.0092,0.0073
0.0275,0.0319,0.0457,0.0189,0.0317,0.0024,0.0001,0.0051,0.0274,0.0015,0.0003,0.0057,0.0081,0.0032,0.0132,0.0216,0.0267,0.0062,0.0066,0.0101
0.0104,0.0131,0.0414,0.0460,0.0093,0.0307,0.0023,0.0001,0.0015,0.0172,0.0166,0.0003,0.0003,0.0174,0.0051,0.0165,0.0540,0.0260,0.0102,0.0124
0.0114,0.0088,0.0097,0.0193,0.0177,0.0098,0.0229,0.0037,0.0003,0.0166,0.0270,0.0112,0.0001,0.0053,0.0284,0.0042,0.0166,0.0096,0.0067,0.0068
0.0140,0.0071,0.0088,0.0086,0.0165,0.0223,0.0051,0.0137,0.0057,0.0003,0.0112,0.0456,0.0038,0.0002,0.0040,0.0196,0.0056,0.0166,0.0098,0.0099
0.0205,0.0369,0.0200,0.0206,0.0632,0.0067,0.0173,0.0068,0.0081,0.0003,0.0001,0.0038,0.0011,0.0075,0.0011,0.0151,0.0061,0.0152,0.0488,0.0173
0.0413,0.0136,0.0104,0.0143,0.0084,0.0153,0.0195,0.0090,0.0032,0.0174,0.0053,0.0002,0.0075,0.0389,0.0150,0.0001,0.0007,0.0164,0.0064,0.0233
0.0107,0.0083,0.0075,0.0112,0.0102,0.0107,0.0134,0.0145,0.0132,0.0051,0.0284,0.0040,0.0011,0.0150,0.0201,0.0104,0.0000,0.0038,0.0210,0.0114
0.0085,0.0093,0.0064,0.0104,0.0102,0.0105,0.0073,0.0056,0.0216,0.0165,0.0042,0.0196,0.0151,0.0001,0.0104,0.0390,0.0031,0.0003,0.0080,0.0412
0.0143,0.0120,0.0118,0.0330,0.0329,0.0232,0.0440,0.0159,0.0267,0.0540,0.0166,0.0056,0.0061,0.0007,0.0000,0.0031,0.0052,0.0078,0.0005,0.0027
0.0060,0.0079,0.0079,0.0072,0.0081,0.0130,0.0156,0.0059,0.0062,0.0260,0.0096,0.0166,0.0152,0.0164,0.0038,0.0003,0.0078,0.0380,0.0355,0.0001
0.0028,0.0039,0.0045,0.0030,0.0026,0.0093,0.0085,0.0092,0.0066,0.0102,0.0067,0.0098,0.0488,0.0064,0.0210,0.0080,0.0005,0.0355,0.0210,0.0042
0.0047,0.0077,0.0052,0.0058,0.0062,0.0107,0.0128,0.0073,0.0101,0.0124,0.0068,0.0099,0.0173,0.0233,0.0114,0.0412,0.0027,0.0001,0.0042,0.0150