c1,c2,c3,c4,c5,c6,c7,c8,c9,c10,c11,c12,c13,c14,c15,c16,c17,c18,c19,c20,c21,c22,c23,c24,c25,c26
0.0127,0.0636,0.0000,0.0003,0.0029,0.0047,0.0129,0.0084,0.0007,0.0051,0.0041,0.0071,0.0020,0.0045,0.0010,0.0585,0.0045,0.2249,0.1595,0.2186,0.1360,0.0058,0.0232,0.0014,0.0060,0.0022
0.0636,0.7342,0.0567,0.0000,0.0003,0.0001,0.0003,0.0025,0.0013,0.0036,0.0027,0.0057,0.0010,0.0021,0.0013,0.0317,0.0076,0.2738,0.9777,0.5415,0.0736,0.0032,0.0060,0.0009,0.0024,0.0019
0.0000,0.0567,0.0435,0.0199,0.0001,0.0001,0.0001,0.0005,0.0004,0.0023,0.0024,0.0026,0.0008,0.0051,0.0017,0.9723,0.6797,0.9677,0.3788,0.1195,0.0119,0.0091,0.0124,0.0009,0.0060,0.0010
0.0003,0.0000,0.0199,0.1126,0.0043,0.0000,0.0000,0.0001,0.0011,0.0066,0.0061,0.0094,0.0013,0.0090,0.0045,0.9840,0.9021,0.8536,0.6943,0.1213,0.0259,0.0072,0.0117,0.0013,0.0069,0.0014
0.0029,0.0003,0.0001,0.0043,0.6282,0.0070,0.0001,0.0002,0.0001,0.0010,0.0038,0.0049,0.0014,0.0043,0.0188,0.6628,1.0000,0.0100,0.0361,0.0070,0.0032,0.0136,0.0024,0.0020,0.0017,0.0011
0.0047,0.0001,0.0001,0.0000,0.0070,0.6803,0.0013,0.0000,0.0000,0.0002,0.0016,0.0306,0.0082,1.0000,0.0114,1.0000,0.0705,0.0091,0.0077,0.0072,0.0016,0.0066,0.0085,0.0021,0.0156,0.0013
0.0129,0.0003,0.0001,0.0000,0.0001,0.0013,0.0245,0.0087,0.0001,0.0109,0.0071,0.0604,0.0577,0.0840,0.9999,0.0155,0.5470,0.0023,0.0037,0.0038,0.0006,0.3439,0.0023,0.0087,0.0020,0.0016
0.0084,0.0025,0.0005,0.0001,0.0002,0.0000,0.0087,0.8328,0.1042,0.0009,0.0048,0.9662,0.0267,0.9996,0.0074,0.0025,0.0037,0.0043,0.0017,0.0020,0.0010,0.0032,0.0019,0.0017,0.0033,0.0042
0.0007,0.0013,0.0004,0.0011,0.0001,0.0000,0.0001,0.1042,0.0061,0.5143,0.0514,0.1450,0.9244,0.1305,0.9982,0.0011,0.0073,0.0004,0.0016,0.0010,0.0013,0.0178,0.0021,0.0093,0.0041,0.0051
0.0051,0.0036,0.0023,0.0066,0.0010,0.0002,0.0109,0.0009,0.5143,0.9052,0.4617,0.0236,0.0135,0.0018,0.0064,0.0008,0.0033,0.0014,0.0066,0.0038,0.0017,0.0061,0.0019,0.0052,0.0041,0.0233
0.0041,0.0027,0.0024,0.0061,0.0038,0.0016,0.0071,0.0048,0.0514,0.4617,0.2476,0.0866,0.0015,0.0001,0.0019,0.0004,0.0020,0.0035,0.0065,0.0045,0.0038,0.0062,0.0030,0.0564,0.0068,0.3026
0.0071,0.0057,0.0026,0.0094,0.0049,0.0306,0.0604,0.9662,0.1450,0.0236,0.0866,0.4439,0.0452,0.0000,0.0000,0.0000,0.0002,0.0007,0.0037,0.0038,0.0018,0.0042,0.0020,0.0272,0.0208,0.2922
0.0020,0.0010,0.0008,0.0013,0.0014,0.0082,0.0577,0.0267,0.9244,0.0135,0.0015,0.0452,0.0255,0.0005,0.0000,0.0000,0.0000,0.0002,0.0011,0.0036,0.0017,0.0173,0.0047,0.9999,0.0847,0.9941
0.0045,0.0021,0.0051,0.0090,0.0043,1.0000,0.0840,0.9996,0.1305,0.0018,0.0001,0.0000,0.0005,0.0675,0.0000,0.0000,0.0000,0.0000,0.0005,0.0021,0.0008,0.0240,0.0048,0.0553,0.9990,0.2607
0.0010,0.0013,0.0017,0.0045,0.0188,0.0114,0.9999,0.0074,0.9982,0.0064,0.0019,0.0000,0.0000,0.0000,0.0001,0.0000,0.0000,0.0000,0.0000,0.0022,0.0077,1.0000,0.0502,1.0000,0.0344,0.0375
0.0585,0.0317,0.9723,0.9840,0.6628,1.0000,0.0155,0.0025,0.0011,0.0008,0.0004,0.0000,0.0000,0.0000,0.0000,0.0105,0.0000,0.0000,0.0001,0.0001,0.0009,0.0058,0.9999,0.0017,0.9101,0.0082
0.0045,0.0076,0.6797,0.9021,1.0000,0.0705,0.5470,0.0037,0.0073,0.0033,0.0020,0.0002,0.0000,0.0000,0.0000,0.0000,0.5278,0.0007,0.0000,0.0016,0.0044,0.8812,0.0127,0.0121,0.0016,0.0008
0.2249,0.2738,0.9677,0.8536,0.0100,0.0091,0.0023,0.0043,0.0004,0.0014,0.0035,0.0007,0.0002,0.0000,0.0000,0.0000,0.0007,0.5575,0.0297,0.0031,0.9995,0.0002,0.4646,0.0011,0.0058,0.0005
0.1595,0.9777,0.3788,0.6943,0.0361,0.0077,0.0037,0.0017,0.0016,0.0066,0.0065,0.0037,0.0011,0.0005,0.0000,0.0001,0.0000,0.0297,0.1688,0.1596,0.0153,0.0005,0.0032,0.0004,0.0024,0.0023
0.2186,0.5415,0.1195,0.1213,0.0070,0.0072,0.0038,0.0020,0.0010,0.0038,0.0045,0.0038,0.0036,0.0021,0.0022,0.0001,0.0016,0.0031,0.1596,0.9057,0.8123,0.0000,0.0015,0.0003,0.0005,0.0045
0.1360,0.0736,0.0119,0.0259,0.0032,0.0016,0.0006,0.0010,0.0013,0.0017,0.0038,0.0018,0.0017,0.0008,0.0077,0.0009,0.0044,0.9995,0.0153,0.8123,0.5706,0.0001,0.0003,0.0003,0.0003,0.0034
0.0058,0.0032,0.0091,0.0072,0.0136,0.0066,0.3439,0.0032,0.0178,0.0061,0.0062,0.0042,0.0173,0.0240,1.0000,0.0058,0.8812,0.0002,0.0005,0.0000,0.0001,0.0756,0.0011,0.0000,0.0001,0.0000
0.0232,0.0060,0.0124,0.0117,0.0024,0.0085,0.0023,0.0019,0.0021,0.0019,0.0030,0.0020,0.0047,0.0048,0.0502,0.9999,0.0127,0.4646,0.0032,0.0015,0.0003,0.0011,0.4124,0.0015,0.0000,0.0003
0.0014,0.0009,0.0009,0.0013,0.0020,0.0021,0.0087,0.0017,0.0093,0.0052,0.0564,0.0272,0.9999,0.0553,1.0000,0.0017,0.0121,0.0011,0.0004,0.0003,0.0003,0.0000,0.0015,0.0790,0.0002,0.0001
0.0060,0.0024,0.0060,0.0069,0.0017,0.0156,0.0020,0.0033,0.0041,0.0041,0.0068,0.0208,0.0847,0.9990,0.0344,0.9101,0.0016,0.0058,0.0024,0.0005,0.0003,0.0001,0.0000,0.0002,0.2417,0.0233
0.0022,0.0019,0.0010,0.0014,0.0011,0.0013,0.0016,0.0042,0.0051,0.0233,0.3026,0.2922,0.9941,0.2607,0.0375,0.0082,0.0008,0.0005,0.0023,0.0045,0.0034,0.0000,0.0003,0.0001,0.0233,0.5052