c1,c2,c3,c4,c5,c6,c7,c8,c9,c10,c11,c12,c13,c14,c15,c16,c17,c18,c19,c20,c21,c22,c23,c24,c25,c26
0.0111,0.0489,0.0000,0.0003,0.0011,0.0023,0.0364,0.0087,0.0003,0.0057,0.0053,0.0068,0.0025,0.0047,0.0052,0.0502,0.0029,0.1168,0.0891,0.1124,0.1141,0.0254,0.0628,0.0013,0.0073,0.0019
0.0489,0.0479,0.0088,0.0001,0.0001,0.0001,0.0006,0.0054,0.0014,0.0026,0.0072,0.0077,0.0028,0.0030,0.0033,0.1453,0.0046,0.2997,0.8869,0.4118,0.0349,0.0148,0.0090,0.0009,0.0032,0.0028
0.0000,0.0088,0.0137,0.0045,0.0000,0.0000,0.0001,0.0005,0.0005,0.0038,0.0019,0.0035,0.0012,0.0094,0.0025,0.9991,0.0555,0.9955,0.4310,0.0791,0.0078,0.0261,0.0153,0.0013,0.0115,0.0013
0.0003,0.0001,0.0045,0.0068,0.0052,0.0000,0.0000,0.0001,0.0006,0.0044,0.0038,0.0055,0.0008,0.0057,0.0019,0.9804,0.9968,0.9298,0.9902,0.2826,0.0067,0.0190,0.0044,0.0011,0.0047,0.0018
0.0011,0.0001,0.0000,0.0052,0.3047,0.0014,0.0000,0.0001,0.0001,0.0008,0.0016,0.0055,0.0011,0.0086,0.0127,0.5898,1.0000,0.0592,0.1235,0.0249,0.0043,0.0292,0.0020,0.0018,0.0021,0.0013
0.0023,0.0001,0.0000,0.0000,0.0014,0.3893,0.0020,0.0000,0.0000,0.0002,0.0012,0.0304,0.0079,0.9999,0.0764,1.0000,0.1956,0.0162,0.0077,0.0121,0.0029,0.0114,0.0081,0.0016,0.0120,0.0011
0.0364,0.0006,0.0001,0.0000,0.0000,0.0020,0.0187,0.0027,0.0000,0.0022,0.0015,0.0548,0.0088,0.1102,1.0000,0.5358,0.6895,0.0044,0.0038,0.0055,0.0010,0.0850,0.0020,0.0027,0.0035,0.0016
0.0087,0.0054,0.0005,0.0001,0.0001,0.0000,0.0027,0.7560,0.2202,0.0055,0.0038,0.9403,0.0242,0.9999,0.0754,0.0023,0.0051,0.0012,0.0020,0.0031,0.0008,0.0019,0.0012,0.0009,0.0032,0.0026
0.0003,0.0014,0.0005,0.0006,0.0001,0.0000,0.0000,0.2202,0.0015,0.6866,0.1918,0.2964,0.3492,0.1792,1.0000,0.0011,0.0063,0.0006,0.0024,0.0017,0.0010,0.0130,0.0029,0.0030,0.0063,0.0026
0.0057,0.0026,0.0038,0.0044,0.0008,0.0002,0.0022,0.0055,0.6866,0.6614,0.3626,0.0263,0.0084,0.0015,0.0200,0.0010,0.0028,0.0016,0.0058,0.0066,0.0024,0.0103,0.0017,0.0037,0.0048,0.0175
0.0053,0.0072,0.0019,0.0038,0.0016,0.0012,0.0015,0.0038,0.1918,0.3626,0.1656,0.1907,0.0013,0.0002,0.0155,0.0003,0.0018,0.0021,0.0030,0.0068,0.0048,0.0084,0.0034,0.0486,0.0128,0.1187
0.0068,0.0077,0.0035,0.0055,0.0055,0.0304,0.0548,0.9403,0.2964,0.0263,0.1907,0.3614,0.0568,0.0000,0.0000,0.0000,0.0003,0.0009,0.0021,0.0037,0.0022,0.0063,0.0027,0.0357,0.0210,0.1558
0.0025,0.0028,0.0012,0.0008,0.0011,0.0079,0.0088,0.0242,0.3492,0.0084,0.0013,0.0568,0.0172,0.0004,0.0000,0.0000,0.0000,0.0003,0.0014,0.0057,0.0055,0.0313,0.0078,1.0000,0.1044,0.9135
0.0047,0.0030,0.0094,0.0057,0.0086,0.9999,0.1102,0.9999,0.1792,0.0015,0.0002,0.0000,0.0004,0.0624,0.0000,0.0000,0.0000,0.0000,0.0003,0.0021,0.0028,0.0207,0.0042,0.0224,0.9979,0.3211
0.0052,0.0033,0.0025,0.0019,0.0127,0.0764,1.0000,0.0754,1.0000,0.0200,0.0155,0.0000,0.0000,0.0000,0.0000,0.0000,0.0000,0.0000,0.0000,0.0019,0.0191,0.9992,0.0392,0.9977,0.0328,0.0130
0.0502,0.1453,0.9991,0.9804,0.5898,1.0000,0.5358,0.0023,0.0011,0.0010,0.0003,0.0000,0.0000,0.0000,0.0000,0.0034,0.0000,0.0000,0.0000,0.0000,0.0006,0.0065,0.9974,0.0017,0.8181,0.0142
0.0029,0.0046,0.0555,0.9968,1.0000,0.1956,0.6895,0.0051,0.0063,0.0028,0.0018,0.0003,0.0000,0.0000,0.0000,0.0000,0.4419,0.0002,0.0000,0.0047,0.0016,0.5803,0.0067,0.0052,0.0011,0.0019
0.1168,0.2997,0.9955,0.9298,0.0592,0.0162,0.0044,0.0012,0.0006,0.0016,0.0021,0.0009,0.0003,0.0000,0.0000,0.0000,0.0002,0.4515,0.0443,0.0006,0.9336,0.0007,0.7718,0.0026,0.0049,0.0008
0.0891,0.8869,0.4310,0.9902,0.1235,0.0077,0.0038,0.0020,0.0024,0.0058,0.0030,0.0021,0.0014,0.0003,0.0000,0.0000,0.0000,0.0443,0.3680,0.5479,0.0027,0.0003,0.0019,0.0003,0.0024,0.0024
0.1124,0.4118,0.0791,0.2826,0.0249,0.0121,0.0055,0.0031,0.0017,0.0066,0.0068,0.0037,0.0057,0.0021,0.0019,0.0000,0.0047,0.0006,0.5479,0.9316,0.3485,0.0000,0.0006,0.0001,0.0003,0.0036
0.1141,0.0349,0.0078,0.0067,0.0043,0.0029,0.0010,0.0008,0.0010,0.0024,0.0048,0.0022,0.0055,0.0028,0.0191,0.0006,0.0016,0.9336,0.0027,0.3485,0.9823,0.0002,0.0010,0.0019,0.0004,0.0049
0.0254,0.0148,0.0261,0.0190,0.0292,0.0114,0.0850,0.0019,0.0130,0.0103,0.0084,0.0063,0.0313,0.0207,0.9992,0.0065,0.5803,0.0007,0.0003,0.0000,0.0002,0.3378,0.0026,0.0000,0.0002,0.0001
0.0628,0.0090,0.0153,0.0044,0.0020,0.0081,0.0020,0.0012,0.0029,0.0017,0.0034,0.0027,0.0078,0.0042,0.0392,0.9974,0.0067,0.7718,0.0019,0.0006,0.0010,0.0026,0.5086,0.0035,0.0000,0.0008
0.0013,0.0009,0.0013,0.0011,0.0018,0.0016,0.0027,0.0009,0.0030,0.0037,0.0486,0.0357,1.0000,0.0224,0.9977,0.0017,0.0052,0.0026,0.0003,0.0001,0.0019,0.0000,0.0035,0.2670,0.0003,0.0006
0.0073,0.0032,0.0115,0.0047,0.0021,0.0120,0.0035,0.0032,0.0063,0.0048,0.0128,0.0210,0.1044,0.9979,0.0328,0.8181,0.0011,0.0049,0.0024,0.0003,0.0004,0.0002,0.0000,0.0003,0.0424,0.0580
0.0019,0.0028,0.0013,0.0018,0.0013,0.0011,0.0016,0.0026,0.0026,0.0175,0.1187,0.1558,0.9135,0.3211,0.0130,0.0142,0.0019,0.0008,0.0024,0.0036,0.0049,0.0001,0.0008,0.0006,0.0580,0.7209