c1,c2,c3,c4,c5,c6,c7,c8,c9,c10,c11,c12,c13,c14,c15,c16,c17,c18,c19,c20,c21,c22,c23,c24,c25,c26
0.0073,0.0613,0.0001,0.0003,0.0014,0.0031,0.0479,0.0101,0.0003,0.0074,0.0066,0.0076,0.0028,0.0053,0.0056,0.0373,0.0029,0.0748,0.0617,0.0950,0.0703,0.0200,0.0345,0.0014,0.0066,0.0021
0.0613,0.0696,0.0100,0.0001,0.0001,0.0001,0.0007,0.0058,0.0017,0.0037,0.0080,0.0089,0.0033,0.0032,0.0039,0.1656,0.0042,0.2492,0.7853,0.2111,0.0279,0.0117,0.0072,0.0009,0.0028,0.0032
0.0001,0.0100,0.0142,0.0043,0.0000,0.0000,0.0001,0.0005,0.0006,0.0040,0.0020,0.0038,0.0013,0.0095,0.0027,0.9987,0.0466,0.9970,0.3511,0.0590,0.0069,0.0209,0.0137,0.0014,0.0097,0.0016
0.0003,0.0001,0.0043,0.0104,0.0056,0.0000,0.0000,0.0001,0.0006,0.0049,0.0040,0.0054,0.0009,0.0064,0.0026,0.9778,0.9967,0.9056,0.9854,0.1710,0.0055,0.0159,0.0040,0.0011,0.0041,0.0020
0.0014,0.0001,0.0000,0.0056,0.3052,0.0024,0.0000,0.0001,0.0001,0.0009,0.0016,0.0056,0.0011,0.0089,0.0090,0.6594,1.0000,0.0526,0.1148,0.0186,0.0040,0.0225,0.0020,0.0017,0.0019,0.0013
0.0031,0.0001,0.0000,0.0000,0.0024,0.6185,0.0029,0.0000,0.0000,0.0002,0.0011,0.0270,0.0081,0.9998,0.0744,1.0000,0.1494,0.0143,0.0082,0.0093,0.0026,0.0104,0.0065,0.0016,0.0085,0.0011
0.0479,0.0007,0.0001,0.0000,0.0000,0.0029,0.0259,0.0032,0.0000,0.0018,0.0014,0.0532,0.0087,0.1396,1.0000,0.5623,0.5868,0.0057,0.0051,0.0056,0.0010,0.0588,0.0021,0.0025,0.0035,0.0015
0.0101,0.0058,0.0005,0.0001,0.0001,0.0000,0.0032,0.7558,0.2363,0.0074,0.0041,0.9441,0.0175,0.9998,0.0511,0.0021,0.0037,0.0015,0.0025,0.0023,0.0009,0.0019,0.0011,0.0008,0.0029,0.0025
0.0003,0.0017,0.0006,0.0006,0.0001,0.0000,0.0000,0.2363,0.0026,0.6766,0.1631,0.2765,0.3234,0.1424,0.9999,0.0011,0.0060,0.0008,0.0028,0.0013,0.0011,0.0109,0.0028,0.0031,0.0064,0.0025
0.0074,0.0037,0.0040,0.0049,0.0009,0.0002,0.0018,0.0074,0.6766,0.6480,0.3336,0.0301,0.0082,0.0017,0.0134,0.0010,0.0026,0.0016,0.0062,0.0062,0.0025,0.0086,0.0016,0.0032,0.0046,0.0151
0.0066,0.0080,0.0020,0.0040,0.0016,0.0011,0.0014,0.0041,0.1631,0.3336,0.1740,0.1867,0.0012,0.0002,0.0144,0.0003,0.0018,0.0024,0.0038,0.0060,0.0054,0.0076,0.0036,0.0447,0.0133,0.1010
0.0076,0.0089,0.0038,0.0054,0.0056,0.0270,0.0532,0.9441,0.2765,0.0301,0.1867,0.3909,0.0538,0.0000,0.0000,0.0000,0.0003,0.0010,0.0032,0.0049,0.0023,0.0061,0.0025,0.0267,0.0191,0.1312
0.0028,0.0033,0.0013,0.0009,0.0011,0.0081,0.0087,0.0175,0.3234,0.0082,0.0012,0.0538,0.0372,0.0005,0.0000,0.0000,0.0000,0.0004,0.0024,0.0083,0.0064,0.0281,0.0079,1.0000,0.1131,0.8094
0.0053,0.0032,0.0095,0.0064,0.0089,0.9998,0.1396,0.9998,0.1424,0.0017,0.0002,0.0000,0.0005,0.0739,0.0000,0.0000,0.0000,0.0000,0.0004,0.0027,0.0020,0.0226,0.0042,0.0210,0.9982,0.3197
0.0056,0.0039,0.0027,0.0026,0.0090,0.0744,1.0000,0.0511,0.9999,0.0134,0.0144,0.0000,0.0000,0.0000,0.0000,0.0000,0.0000,0.0000,0.0001,0.0020,0.0161,0.9993,0.0610,0.9980,0.0492,0.0190
0.0373,0.1656,0.9987,0.9778,0.6594,1.0000,0.5623,0.0021,0.0011,0.0010,0.0003,0.0000,0.0000,0.0000,0.0000,0.0042,0.0000,0.0000,0.0000,0.0000,0.0007,0.0046,0.9973,0.0019,0.8104,0.0152
0.0029,0.0042,0.0466,0.9967,1.0000,0.1494,0.5868,0.0037,0.0060,0.0026,0.0018,0.0003,0.0000,0.0000,0.0000,0.0000,0.4911,0.0002,0.0000,0.0048,0.0021,0.7093,0.0125,0.0063,0.0011,0.0017
0.0748,0.2492,0.9970,0.9056,0.0526,0.0143,0.0057,0.0015,0.0008,0.0016,0.0024,0.0010,0.0004,0.0000,0.0000,0.0000,0.0002,0.5007,0.0415,0.0005,0.9580,0.0007,0.5062,0.0035,0.0049,0.0008
0.0617,0.7853,0.3511,0.9854,0.1148,0.0082,0.0051,0.0025,0.0028,0.0062,0.0038,0.0032,0.0024,0.0004,0.0001,0.0000,0.0000,0.0415,0.1781,0.4043,0.0040,0.0004,0.0019,0.0003,0.0025,0.0026
0.0950,0.2111,0.0590,0.1710,0.0186,0.0093,0.0056,0.0023,0.0013,0.0062,0.0060,0.0049,0.0083,0.0027,0.0020,0.0000,0.0048,0.0005,0.4043,0.9503,0.5571,0.0000,0.0010,0.0002,0.0004,0.0034
0.0703,0.0279,0.0069,0.0055,0.0040,0.0026,0.0010,0.0009,0.0011,0.0025,0.0054,0.0023,0.0064,0.0020,0.0161,0.0007,0.0021,0.9580,0.0040,0.5571,0.9786,0.0003,0.0007,0.0021,0.0002,0.0038
0.0200,0.0117,0.0209,0.0159,0.0225,0.0104,0.0588,0.0019,0.0109,0.0086,0.0076,0.0061,0.0281,0.0226,0.9993,0.0046,0.7093,0.0007,0.0004,0.0000,0.0003,0.3736,0.0030,0.0000,0.0002,0.0001
0.0345,0.0072,0.0137,0.0040,0.0020,0.0065,0.0021,0.0011,0.0028,0.0016,0.0036,0.0025,0.0079,0.0042,0.0610,0.9973,0.0125,0.5062,0.0019,0.0010,0.0007,0.0030,0.5544,0.0038,0.0000,0.0011
0.0014,0.0009,0.0014,0.0011,0.0017,0.0016,0.0025,0.0008,0.0031,0.0032,0.0447,0.0267,1.0000,0.0210,0.9980,0.0019,0.0063,0.0035,0.0003,0.0002,0.0021,0.0000,0.0038,0.2995,0.0004,0.0007
0.0066,0.0028,0.0097,0.0041,0.0019,0.0085,0.0035,0.0029,0.0064,0.0046,0.0133,0.0191,0.1131,0.9982,0.0492,0.8104,0.0011,0.0049,0.0025,0.0004,0.0002,0.0002,0.0000,0.0004,0.0532,0.0538
0.0021,0.0032,0.0016,0.0020,0.0013,0.0011,0.0015,0.0025,0.0025,0.0151,0.1010,0.1312,0.8094,0.3197,0.0190,0.0152,0.0017,0.0008,0.0026,0.0034,0.0038,0.0001,0.0011,0.0007,0.0538,0.7427