c1,c2,c3,c4,c5,c6,c7,c8,c9,c10,c11,c12,c13,c14,c15,c16,c17,c18,c19,c20,c21,c22,c23,c24,c25,c26
0.0072,0.0501,0.0000,0.0018,0.0029,0.0034,0.0088,0.0076,0.0003,0.0044,0.0066,0.0063,0.0028,0.0028,0.0020,0.0254,0.0018,0.1437,0.1776,0.2802,0.2811,0.0066,0.0242,0.0018,0.0074,0.0028
0.0501,0.2279,0.0616,0.0000,0.0001,0.0001,0.0004,0.0035,0.0013,0.0037,0.0060,0.0059,0.0023,0.0021,0.0016,0.0461,0.0055,0.3720,0.9763,0.2715,0.0490,0.0055,0.0057,0.0013,0.0029,0.0025
0.0000,0.0616,0.0270,0.0088,0.0001,0.0002,0.0002,0.0006,0.0003,0.0027,0.0017,0.0036,0.0013,0.0049,0.0020,0.9367,0.3744,0.9924,0.6408,0.0746,0.0094,0.0069,0.0061,0.0011,0.0049,0.0013
0.0018,0.0000,0.0088,0.0447,0.0048,0.0000,0.0000,0.0001,0.0007,0.0047,0.0041,0.0058,0.0011,0.0046,0.0012,0.9909,0.9208,0.9687,0.8456,0.1137,0.0149,0.0071,0.0103,0.0017,0.0070,0.0021
0.0029,0.0001,0.0001,0.0048,0.7872,0.0019,0.0000,0.0001,0.0002,0.0012,0.0020,0.0049,0.0020,0.0060,0.0157,0.6202,1.0000,0.0168,0.0388,0.0068,0.0035,0.0116,0.0022,0.0021,0.0017,0.0016
0.0034,0.0001,0.0002,0.0000,0.0019,0.2756,0.0015,0.0000,0.0000,0.0004,0.0023,0.0226,0.0118,0.9962,0.0286,1.0000,0.0551,0.0228,0.0136,0.0102,0.0019,0.0137,0.0157,0.0037,0.0182,0.0017
0.0088,0.0004,0.0002,0.0000,0.0000,0.0015,0.0317,0.0054,0.0002,0.0062,0.0037,0.0385,0.0270,0.0805,1.0000,0.1290,0.2028,0.0024,0.0036,0.0040,0.0010,0.2328,0.0023,0.0054,0.0021,0.0019
0.0076,0.0035,0.0006,0.0001,0.0001,0.0000,0.0054,0.7387,0.1582,0.0022,0.0059,0.9681,0.0418,0.9999,0.0085,0.0021,0.0021,0.0019,0.0021,0.0026,0.0011,0.0029,0.0023,0.0013,0.0033,0.0024
0.0003,0.0013,0.0003,0.0007,0.0002,0.0000,0.0002,0.1582,0.0013,0.7659,0.1273,0.2654,0.6862,0.1372,1.0000,0.0006,0.0055,0.0003,0.0018,0.0009,0.0006,0.0125,0.0018,0.0041,0.0031,0.0036
0.0044,0.0037,0.0027,0.0047,0.0012,0.0004,0.0062,0.0022,0.7659,0.5922,0.4299,0.0273,0.0060,0.0018,0.0186,0.0007,0.0023,0.0016,0.0066,0.0051,0.0021,0.0110,0.0021,0.0035,0.0037,0.0137
0.0066,0.0060,0.0017,0.0041,0.0020,0.0023,0.0037,0.0059,0.1273,0.4299,0.1493,0.2395,0.0007,0.0004,0.0074,0.0003,0.0017,0.0018,0.0046,0.0054,0.0035,0.0076,0.0030,0.0334,0.0122,0.0689
0.0063,0.0059,0.0036,0.0058,0.0049,0.0226,0.0385,0.9681,0.2654,0.0273,0.2395,0.1469,0.0537,0.0000,0.0000,0.0000,0.0002,0.0008,0.0035,0.0045,0.0012,0.0061,0.0021,0.0319,0.0252,0.1810
0.0028,0.0023,0.0013,0.0011,0.0020,0.0118,0.0270,0.0418,0.6862,0.0060,0.0007,0.0537,0.0220,0.0012,0.0000,0.0001,0.0001,0.0004,0.0020,0.0077,0.0035,0.0211,0.0081,0.9992,0.1347,0.6861
0.0028,0.0021,0.0049,0.0046,0.0060,0.9962,0.0805,0.9999,0.1372,0.0018,0.0004,0.0000,0.0012,0.0414,0.0000,0.0000,0.0000,0.0000,0.0005,0.0038,0.0014,0.0311,0.0067,0.0555,0.9996,0.4975
0.0020,0.0016,0.0020,0.0012,0.0157,0.0286,1.0000,0.0085,1.0000,0.0186,0.0074,0.0000,0.0000,0.0000,0.0001,0.0000,0.0000,0.0000,0.0001,0.0026,0.0161,0.9996,0.0574,0.9991,0.0354,0.0319
0.0254,0.0461,0.9367,0.9909,0.6202,1.0000,0.1290,0.0021,0.0006,0.0007,0.0003,0.0000,0.0001,0.0000,0.0000,0.0082,0.0000,0.0000,0.0001,0.0001,0.0009,0.0038,0.9991,0.0033,0.3498,0.0116
0.0018,0.0055,0.3744,0.9208,1.0000,0.0551,0.2028,0.0021,0.0055,0.0023,0.0017,0.0002,0.0001,0.0000,0.0000,0.0000,0.0974,0.0008,0.0000,0.0027,0.0338,0.9893,0.0197,0.0102,0.0012,0.0016
0.1437,0.3720,0.9924,0.9687,0.0168,0.0228,0.0024,0.0019,0.0003,0.0016,0.0018,0.0008,0.0004,0.0000,0.0000,0.0000,0.0008,0.2532,0.0289,0.0041,0.9933,0.0005,0.0785,0.0021,0.0040,0.0010
0.1776,0.9763,0.6408,0.8456,0.0388,0.0136,0.0036,0.0021,0.0018,0.0066,0.0046,0.0035,0.0020,0.0005,0.0001,0.0001,0.0000,0.0289,0.0489,0.0659,0.0029,0.0007,0.0039,0.0005,0.0028,0.0027
0.2802,0.2715,0.0746,0.1137,0.0068,0.0102,0.0040,0.0026,0.0009,0.0051,0.0054,0.0045,0.0077,0.0038,0.0026,0.0001,0.0027,0.0041,0.0659,0.7356,0.6328,0.0000,0.0010,0.0005,0.0006,0.0059
0.2811,0.0490,0.0094,0.0149,0.0035,0.0019,0.0010,0.0011,0.0006,0.0021,0.0035,0.0012,0.0035,0.0014,0.0161,0.0009,0.0338,0.9933,0.0029,0.6328,0.3886,0.0004,0.0004,0.0005,0.0005,0.0033
0.0066,0.0055,0.0069,0.0071,0.0116,0.0137,0.2328,0.0029,0.0125,0.0110,0.0076,0.0061,0.0211,0.0311,0.9996,0.0038,0.9893,0.0005,0.0007,0.0000,0.0004,0.0726,0.0020,0.0000,0.0001,0.0001
0.0242,0.0057,0.0061,0.0103,0.0022,0.0157,0.0023,0.0023,0.0018,0.0021,0.0030,0.0021,0.0081,0.0067,0.0574,0.9991,0.0197,0.0785,0.0039,0.0010,0.0004,0.0020,0.3693,0.0038,0.0000,0.0022
0.0018,0.0013,0.0011,0.0017,0.0021,0.0037,0.0054,0.0013,0.0041,0.0035,0.0334,0.0319,0.9992,0.0555,0.9991,0.0033,0.0102,0.0021,0.0005,0.0005,0.0005,0.0000,0.0038,0.1820,0.0007,0.0007
0.0074,0.0029,0.0049,0.0070,0.0017,0.0182,0.0021,0.0033,0.0031,0.0037,0.0122,0.0252,0.1347,0.9996,0.0354,0.3498,0.0012,0.0040,0.0028,0.0006,0.0005,0.0001,0.0000,0.0007,0.0926,0.0190
0.0028,0.0025,0.0013,0.0021,0.0016,0.0017,0.0019,0.0024,0.0036,0.0137,0.0689,0.1810,0.6861,0.4975,0.0319,0.0116,0.0016,0.0010,0.0027,0.0059,0.0033,0.0001,0.0022,0.0007,0.0190,0.2512