c1,c2,c3,c4,c5,c6,c7,c8,c9,c10,c11,c12,c13,c14,c15,c16,c17,c18,c19,c20,c21,c22,c23,c24,c25,c26
0.0030,0.0463,0.0001,0.0008,0.0032,0.0048,0.0161,0.0102,0.0007,0.0062,0.0064,0.0068,0.0027,0.0055,0.0012,0.0289,0.0036,0.1065,0.0957,0.1180,0.1282,0.0132,0.0275,0.0018,0.0067,0.0026
0.0463,0.3510,0.0195,0.0000,0.0002,0.0001,0.0004,0.0037,0.0015,0.0041,0.0045,0.0048,0.0014,0.0024,0.0015,0.0321,0.0092,0.2878,0.9389,0.5067,0.0418,0.0064,0.0091,0.0014,0.0035,0.0024
0.0001,0.0195,0.0171,0.0087,0.0001,0.0001,0.0001,0.0007,0.0004,0.0028,0.0016,0.0027,0.0009,0.0054,0.0016,0.9895,0.2303,0.9724,0.2271,0.1417,0.0114,0.0165,0.0215,0.0013,0.0106,0.0012
0.0008,0.0000,0.0087,0.0278,0.0035,0.0000,0.0000,0.0001,0.0010,0.0068,0.0050,0.0064,0.0013,0.0064,0.0044,0.9188,0.9722,0.8264,0.7099,0.1846,0.0180,0.0125,0.0106,0.0019,0.0092,0.0017
0.0032,0.0002,0.0001,0.0035,0.2753,0.0036,0.0000,0.0001,0.0001,0.0010,0.0020,0.0041,0.0014,0.0044,0.0165,0.8794,1.0000,0.0176,0.0585,0.0118,0.0038,0.0270,0.0031,0.0026,0.0022,0.0012
0.0048,0.0001,0.0001,0.0000,0.0036,0.2275,0.0010,0.0000,0.0000,0.0003,0.0019,0.0235,0.0109,0.9998,0.0098,1.0000,0.1477,0.0176,0.0089,0.0099,0.0022,0.0066,0.0131,0.0028,0.0134,0.0012
0.0161,0.0004,0.0001,0.0000,0.0000,0.0010,0.0015,0.0028,0.0002,0.0056,0.0059,0.0508,0.0641,0.1277,1.0000,0.1641,0.6041,0.0025,0.0044,0.0042,0.0006,0.3849,0.0021,0.0088,0.0019,0.0014
0.0102,0.0037,0.0007,0.0001,0.0001,0.0000,0.0028,0.7058,0.0724,0.0014,0.0053,0.9798,0.0301,0.9997,0.0103,0.0042,0.0059,0.0019,0.0016,0.0028,0.0011,0.0036,0.0019,0.0016,0.0026,0.0038
0.0007,0.0015,0.0004,0.0010,0.0001,0.0000,0.0002,0.0724,0.0009,0.4714,0.1995,0.1450,0.7259,0.1863,0.9988,0.0015,0.0110,0.0005,0.0018,0.0012,0.0011,0.0217,0.0026,0.0075,0.0041,0.0037
0.0062,0.0041,0.0028,0.0068,0.0010,0.0003,0.0056,0.0014,0.4714,0.7504,0.4584,0.0254,0.0096,0.0021,0.0067,0.0009,0.0045,0.0015,0.0089,0.0055,0.0018,0.0057,0.0021,0.0046,0.0036,0.0189
0.0064,0.0045,0.0016,0.0050,0.0020,0.0019,0.0059,0.0053,0.1995,0.4584,0.1991,0.2430,0.0018,0.0004,0.0015,0.0004,0.0020,0.0014,0.0036,0.0045,0.0038,0.0061,0.0027,0.0375,0.0073,0.1121
0.0068,0.0048,0.0027,0.0064,0.0041,0.0235,0.0508,0.9798,0.1450,0.0254,0.2430,0.5189,0.0555,0.0000,0.0000,0.0000,0.0003,0.0009,0.0027,0.0039,0.0012,0.0040,0.0016,0.0222,0.0146,0.2461
0.0027,0.0014,0.0009,0.0013,0.0014,0.0109,0.0641,0.0301,0.7259,0.0096,0.0018,0.0555,0.0376,0.0006,0.0000,0.0000,0.0000,0.0002,0.0011,0.0039,0.0019,0.0173,0.0045,0.9999,0.0797,0.9917
0.0055,0.0024,0.0054,0.0064,0.0044,0.9998,0.1277,0.9997,0.1863,0.0021,0.0004,0.0000,0.0006,0.0245,0.0000,0.0000,0.0000,0.0000,0.0006,0.0022,0.0009,0.0125,0.0043,0.0428,0.9990,0.2266
0.0012,0.0015,0.0016,0.0044,0.0165,0.0098,1.0000,0.0103,0.9988,0.0067,0.0015,0.0000,0.0000,0.0000,0.0001,0.0000,0.0000,0.0000,0.0001,0.0039,0.0167,1.0000,0.0697,0.9999,0.0475,0.0243
0.0289,0.0321,0.9895,0.9188,0.8794,1.0000,0.1641,0.0042,0.0015,0.0009,0.0004,0.0000,0.0000,0.0000,0.0000,0.0026,0.0000,0.0000,0.0001,0.0001,0.0013,0.0049,0.9998,0.0016,0.8242,0.0076
0.0036,0.0092,0.2303,0.9722,1.0000,0.1477,0.6041,0.0059,0.0110,0.0045,0.0020,0.0003,0.0000,0.0000,0.0000,0.0000,0.3484,0.0005,0.0000,0.0024,0.0039,0.8699,0.0086,0.0085,0.0012,0.0011
0.1065,0.2878,0.9724,0.8264,0.0176,0.0176,0.0025,0.0019,0.0005,0.0015,0.0014,0.0009,0.0002,0.0000,0.0000,0.0000,0.0005,0.6813,0.0327,0.0022,0.9938,0.0003,0.5877,0.0014,0.0076,0.0007
0.0957,0.9389,0.2271,0.7099,0.0585,0.0089,0.0044,0.0016,0.0018,0.0089,0.0036,0.0027,0.0011,0.0006,0.0001,0.0001,0.0000,0.0327,0.3248,0.2831,0.0130,0.0005,0.0029,0.0005,0.0020,0.0021
0.1180,0.5067,0.1417,0.1846,0.0118,0.0099,0.0042,0.0028,0.0012,0.0055,0.0045,0.0039,0.0039,0.0022,0.0039,0.0001,0.0024,0.0022,0.2831,0.8547,0.5629,0.0000,0.0008,0.0001,0.0004,0.0043
0.1282,0.0418,0.0114,0.0180,0.0038,0.0022,0.0006,0.0011,0.0011,0.0018,0.0038,0.0012,0.0019,0.0009,0.0167,0.0013,0.0039,0.9938,0.0130,0.5629,0.6543,0.0002,0.0004,0.0010,0.0005,0.0085
0.0132,0.0064,0.0165,0.0125,0.0270,0.0066,0.3849,0.0036,0.0217,0.0057,0.0061,0.0040,0.0173,0.0125,1.0000,0.0049,0.8699,0.0003,0.0005,0.0000,0.0002,0.0408,0.0012,0.0000,0.0002,0.0000
0.0275,0.0091,0.0215,0.0106,0.0031,0.0131,0.0021,0.0019,0.0026,0.0021,0.0027,0.0016,0.0045,0.0043,0.0697,0.9998,0.0086,0.5877,0.0029,0.0008,0.0004,0.0012,0.3199,0.0016,0.0000,0.0004
0.0018,0.0014,0.0013,0.0019,0.0026,0.0028,0.0088,0.0016,0.0075,0.0046,0.0375,0.0222,0.9999,0.0428,0.9999,0.0016,0.0085,0.0014,0.0005,0.0001,0.0010,0.0000,0.0016,0.0732,0.0002,0.0003
0.0067,0.0035,0.0106,0.0092,0.0022,0.0134,0.0019,0.0026,0.0041,0.0036,0.0073,0.0146,0.0797,0.9990,0.0475,0.8242,0.0012,0.0076,0.0020,0.0004,0.0005,0.0002,0.0000,0.0002,0.0888,0.0348
0.0026,0.0024,0.0012,0.0017,0.0012,0.0012,0.0014,0.0038,0.0037,0.0189,0.1121,0.2461,0.9917,0.2266,0.0243,0.0076,0.0011,0.0007,0.0021,0.0043,0.0085,0.0000,0.0004,0.0003,0.0348,0.4076