c1,c2,c3,c4,c5,c6,c7,c8,c9,c10,c11,c12,c13,c14,c15,c16,c17,c18,c19,c20,c21,c22,c23,c24,c25,c26,c27,c28
0.0140,0.0792,0.0008,0.0230,0.0233,0.0110,0.0064,0.0101,0.0054,0.0043,0.0036,0.0060,0.0030,0.0057,0.0055,0.0056,0.0058,0.0082,0.0061,0.0068,0.0061,0.0080,0.0087,0.0090,0.0083,0.0048,0.0052,0.0049
0.0792,0.3361,0.1256,0.0070,0.0434,0.0166,0.0044,0.0084,0.0054,0.0071,0.0029,0.0035,0.0032,0.0045,0.0052,0.0040,0.0039,0.0042,0.0035,0.0054,0.0037,0.0040,0.0036,0.0027,0.0037,0.0032,0.0027,0.0041
0.0008,0.1256,0.1341,0.1405,0.0016,0.0126,0.0100,0.0041,0.0073,0.0106,0.0061,0.0070,0.0066,0.0074,0.0069,0.0059,0.0071,0.0054,0.0051,0.0067,0.0048,0.0045,0.0038,0.0029,0.0042,0.0035,0.0029,0.0037
0.0230,0.0070,0.1405,0.0854,0.0287,0.0183,0.0084,0.0040,0.0037,0.0098,0.0065,0.0094,0.0056,0.0056,0.0058,0.0072,0.0077,0.0051,0.0042,0.0048,0.0044,0.0034,0.0026,0.0022,0.0032,0.0033,0.0028,0.0029
0.0233,0.0434,0.0016,0.0287,0.0191,0.0576,0.0050,0.0209,0.0146,0.0180,0.0246,0.0358,0.0214,0.0352,0.0209,0.0202,0.0245,0.0083,0.0039,0.0023,0.0013,0.0009,0.0008,0.0007,0.0011,0.0012,0.0010,0.0009
0.0110,0.0166,0.0126,0.0183,0.0576,0.0330,0.0241,0.0069,0.0037,0.0027,0.0036,0.0089,0.0102,0.0167,0.0108,0.0071,0.0151,0.0083,0.0050,0.0056,0.0033,0.0025,0.0025,0.0017,0.0033,0.0031,0.0037,0.0027
0.0064,0.0044,0.0100,0.0084,0.0050,0.0241,0.0406,0.0370,0.0116,0.0211,0.0206,0.0122,0.0125,0.0305,0.0193,0.0214,0.0106,0.0110,0.0035,0.0038,0.0022,0.0019,0.0012,0.0012,0.0018,0.0025,0.0021,0.0018
0.0101,0.0084,0.0041,0.0040,0.0209,0.0069,0.0370,0.0142,0.0106,0.0050,0.0111,0.0057,0.0115,0.0303,0.0179,0.0176,0.0151,0.0068,0.0065,0.0072,0.0041,0.0021,0.0026,0.0013,0.0030,0.0043,0.0042,0.0025
0.0054,0.0054,0.0073,0.0037,0.0146,0.0037,0.0116,0.0106,0.0290,0.0141,0.0186,0.0173,0.0114,0.0229,0.0331,0.0475,0.0376,0.0126,0.0047,0.0050,0.0027,0.0021,0.0018,0.0011,0.0021,0.0025,0.0020,0.0018
0.0043,0.0071,0.0106,0.0098,0.0180,0.0027,0.0211,0.0050,0.0141,0.0892,0.0253,0.0067,0.0272,0.0163,0.0114,0.0277,0.0339,0.0103,0.0057,0.0057,0.0024,0.0017,0.0018,0.0009,0.0018,0.0026,0.0022,0.0016
0.0036,0.0029,0.0061,0.0065,0.0246,0.0036,0.0206,0.0111,0.0186,0.0253,0.0373,0.0243,0.0393,0.0235,0.0407,0.0346,0.0795,0.0033,0.0052,0.0048,0.0020,0.0016,0.0012,0.0010,0.0014,0.0017,0.0017,0.0012
0.0060,0.0035,0.0070,0.0094,0.0358,0.0089,0.0122,0.0057,0.0173,0.0067,0.0243,0.0380,0.1593,0.0043,0.0420,0.0237,0.0292,0.0020,0.0115,0.0067,0.0031,0.0020,0.0017,0.0010,0.0016,0.0016,0.0017,0.0013
0.0030,0.0032,0.0066,0.0056,0.0214,0.0102,0.0125,0.0115,0.0114,0.0272,0.0393,0.1593,0.0236,0.0750,0.0418,0.0337,0.0170,0.0034,0.0053,0.0044,0.0029,0.0017,0.0010,0.0006,0.0012,0.0016,0.0011,0.0010
0.0057,0.0045,0.0074,0.0056,0.0352,0.0167,0.0305,0.0303,0.0229,0.0163,0.0235,0.0043,0.0750,0.0353,0.0199,0.0010,0.0147,0.0026,0.0039,0.0086,0.0043,0.0029,0.0021,0.0013,0.0020,0.0022,0.0020,0.0015
0.0055,0.0052,0.0069,0.0058,0.0209,0.0108,0.0193,0.0179,0.0331,0.0114,0.0407,0.0420,0.0418,0.0199,0.0223,0.0184,0.0005,0.0038,0.0047,0.0032,0.0034,0.0029,0.0032,0.0014,0.0023,0.0030,0.0019,0.0019
0.0056,0.0040,0.0059,0.0072,0.0202,0.0071,0.0214,0.0176,0.0475,0.0277,0.0346,0.0237,0.0337,0.0010,0.0184,0.0703,0.0096,0.0019,0.0040,0.0051,0.0024,0.0029,0.0026,0.0014,0.0027,0.0028,0.0020,0.0019
0.0058,0.0039,0.0071,0.0077,0.0245,0.0151,0.0106,0.0151,0.0376,0.0339,0.0795,0.0292,0.0170,0.0147,0.0005,0.0096,0.0557,0.1174,0.0001,0.0036,0.0024,0.0015,0.0020,0.0018,0.0040,0.0043,0.0024,0.0019
0.0082,0.0042,0.0054,0.0051,0.0083,0.0083,0.0110,0.0068,0.0126,0.0103,0.0033,0.0020,0.0034,0.0026,0.0038,0.0019,0.1174,0.0436,0.1601,0.0014,0.0095,0.0073,0.0031,0.0040,0.0067,0.0098,0.0086,0.0037
0.0061,0.0035,0.0051,0.0042,0.0039,0.0050,0.0035,0.0065,0.0047,0.0057,0.0052,0.0115,0.0053,0.0039,0.0047,0.0040,0.0001,0.1601,0.3194,0.1131,0.0012,0.0390,0.0112,0.0041,0.0075,0.0095,0.0085,0.0049
0.0068,0.0054,0.0067,0.0048,0.0023,0.0056,0.0038,0.0072,0.0050,0.0057,0.0048,0.0067,0.0044,0.0086,0.0032,0.0051,0.0036,0.0014,0.1131,0.1073,0.0327,0.0031,0.0127,0.0095,0.0056,0.0090,0.0102,0.0070
0.0061,0.0037,0.0048,0.0044,0.0013,0.0033,0.0022,0.0041,0.0027,0.0024,0.0020,0.0031,0.0029,0.0043,0.0034,0.0024,0.0024,0.0095,0.0012,0.0327,0.1803,0.1354,0.0012,0.0863,0.0493,0.0235,0.0417,0.0525
0.0080,0.0040,0.0045,0.0034,0.0009,0.0025,0.0019,0.0021,0.0021,0.0017,0.0016,0.0020,0.0017,0.0029,0.0029,0.0029,0.0015,0.0073,0.0390,0.0031,0.1354,0.0576,0.2360,0.0106,0.0591,0.0367,0.0354,0.0999
0.0087,0.0036,0.0038,0.0026,0.0008,0.0025,0.0012,0.0026,0.0018,0.0018,0.0012,0.0017,0.0010,0.0021,0.0032,0.0026,0.0020,0.0031,0.0112,0.0127,0.0012,0.2360,0.1582,0.4718,0.0046,0.1969,0.1422,0.2601
0.0090,0.0027,0.0029,0.0022,0.0007,0.0017,0.0012,0.0013,0.0011,0.0009,0.0010,0.0010,0.0006,0.0013,0.0014,0.0014,0.0018,0.0040,0.0041,0.0095,0.0863,0.0106,0.4718,0.1705,0.2048,0.0646,0.6307,0.5775
0.0083,0.0037,0.0042,0.0032,0.0011,0.0033,0.0018,0.0030,0.0021,0.0018,0.0014,0.0016,0.0012,0.0020,0.0023,0.0027,0.0040,0.0067,0.0075,0.0056,0.0493,0.0591,0.0046,0.2048,0.1516,0.2055,0.0053,0.4169
0.0048,0.0032,0.0035,0.0033,0.0012,0.0031,0.0025,0.0043,0.0025,0.0026,0.0017,0.0016,0.0016,0.0022,0.0030,0.0028,0.0043,0.0098,0.0095,0.0090,0.0235,0.0367,0.1969,0.0646,0.2055,0.1481,0.0602,0.0015
0.0052,0.0027,0.0029,0.0028,0.0010,0.0037,0.0021,0.0042,0.0020,0.0022,0.0017,0.0017,0.0011,0.0020,0.0019,0.0020,0.0024,0.0086,0.0085,0.0102,0.0417,0.0354,0.1422,0.6307,0.0053,0.0602,0.0526,0.1172
0.0049,0.0041,0.0037,0.0029,0.0009,0.0027,0.0018,0.0025,0.0018,0.0016,0.0012,0.0013,0.0010,0.0015,0.0019,0.0019,0.0019,0.0037,0.0049,0.0070,0.0525,0.0999,0.2601,0.5775,0.4169,0.0015,0.1172,0.1262