c1,c2,c3,c4,c5,c6,c7,c8,c9,c10,c11,c12,c13,c14,c15,c16,c17,c18,c19,c20,c21,c22,c23,c24,c25,c26,c27,c28
0.0131,0.0842,0.0007,0.0239,0.0292,0.0108,0.0068,0.0093,0.0059,0.0047,0.0052,0.0074,0.0045,0.0057,0.0057,0.0049,0.0055,0.0080,0.0055,0.0045,0.0055,0.0065,0.0162,0.0074,0.0066,0.0038,0.0050,0.0045
0.0842,0.2409,0.1068,0.0077,0.0430,0.0172,0.0059,0.0091,0.0069,0.0084,0.0044,0.0050,0.0053,0.0062,0.0056,0.0052,0.0045,0.0040,0.0028,0.0035,0.0032,0.0030,0.0031,0.0022,0.0024,0.0025,0.0025,0.0034
0.0007,0.1068,0.1435,0.1494,0.0011,0.0126,0.0122,0.0050,0.0085,0.0132,0.0095,0.0109,0.0092,0.0121,0.0067,0.0076,0.0078,0.0051,0.0040,0.0046,0.0036,0.0039,0.0035,0.0026,0.0028,0.0027,0.0026,0.0031
0.0239,0.0077,0.1494,0.0948,0.0181,0.0153,0.0084,0.0044,0.0040,0.0120,0.0096,0.0132,0.0078,0.0092,0.0073,0.0088,0.0092,0.0047,0.0030,0.0036,0.0032,0.0030,0.0024,0.0020,0.0022,0.0026,0.0025,0.0026
0.0292,0.0430,0.0011,0.0181,0.0165,0.0801,0.0041,0.0226,0.0141,0.0244,0.0370,0.0364,0.0228,0.0328,0.0219,0.0190,0.0237,0.0074,0.0028,0.0018,0.0012,0.0012,0.0009,0.0008,0.0009,0.0012,0.0011,0.0012
0.0108,0.0172,0.0126,0.0153,0.0801,0.0312,0.0228,0.0078,0.0053,0.0029,0.0060,0.0091,0.0112,0.0180,0.0124,0.0092,0.0164,0.0073,0.0036,0.0045,0.0028,0.0019,0.0020,0.0017,0.0023,0.0032,0.0035,0.0025
0.0068,0.0059,0.0122,0.0084,0.0041,0.0228,0.0808,0.0525,0.0106,0.0192,0.0236,0.0093,0.0090,0.0220,0.0136,0.0150,0.0113,0.0093,0.0031,0.0038,0.0023,0.0020,0.0013,0.0014,0.0017,0.0027,0.0022,0.0021
0.0093,0.0091,0.0050,0.0044,0.0226,0.0078,0.0525,0.0186,0.0143,0.0055,0.0165,0.0066,0.0095,0.0193,0.0191,0.0190,0.0145,0.0067,0.0046,0.0058,0.0035,0.0019,0.0020,0.0013,0.0024,0.0040,0.0039,0.0023
0.0059,0.0069,0.0085,0.0040,0.0141,0.0053,0.0106,0.0143,0.0413,0.0326,0.0139,0.0130,0.0098,0.0134,0.0228,0.0248,0.0295,0.0097,0.0035,0.0049,0.0028,0.0022,0.0020,0.0014,0.0021,0.0029,0.0021,0.0022
0.0047,0.0084,0.0132,0.0120,0.0244,0.0029,0.0192,0.0055,0.0326,0.1070,0.0311,0.0052,0.0148,0.0077,0.0127,0.0287,0.0223,0.0083,0.0039,0.0051,0.0025,0.0017,0.0017,0.0012,0.0017,0.0029,0.0023,0.0017
0.0052,0.0044,0.0095,0.0096,0.0370,0.0060,0.0236,0.0165,0.0139,0.0311,0.0281,0.0178,0.0033,0.0077,0.0239,0.0212,0.0714,0.0022,0.0040,0.0059,0.0030,0.0023,0.0017,0.0018,0.0019,0.0025,0.0021,0.0017
0.0074,0.0050,0.0109,0.0132,0.0364,0.0091,0.0093,0.0066,0.0130,0.0052,0.0178,0.0230,0.1174,0.0021,0.0246,0.0337,0.0139,0.0021,0.0065,0.0075,0.0046,0.0026,0.0025,0.0015,0.0020,0.0022,0.0021,0.0019
0.0045,0.0053,0.0092,0.0078,0.0228,0.0112,0.0090,0.0095,0.0098,0.0148,0.0033,0.1174,0.0300,0.0680,0.0039,0.0537,0.0182,0.0027,0.0057,0.0071,0.0049,0.0024,0.0018,0.0013,0.0018,0.0025,0.0016,0.0016
0.0057,0.0062,0.0121,0.0092,0.0328,0.0180,0.0220,0.0193,0.0134,0.0077,0.0077,0.0021,0.0680,0.0269,0.0292,0.0010,0.0156,0.0038,0.0033,0.0118,0.0061,0.0037,0.0029,0.0016,0.0024,0.0026,0.0026,0.0021
0.0057,0.0056,0.0067,0.0073,0.0219,0.0124,0.0136,0.0191,0.0228,0.0127,0.0239,0.0246,0.0039,0.0292,0.0601,0.0787,0.0028,0.0055,0.0058,0.0044,0.0037,0.0028,0.0018,0.0013,0.0013,0.0021,0.0014,0.0017
0.0049,0.0052,0.0076,0.0088,0.0190,0.0092,0.0150,0.0190,0.0248,0.0287,0.0212,0.0337,0.0537,0.0010,0.0787,0.0552,0.0061,0.0005,0.0033,0.0093,0.0027,0.0028,0.0022,0.0013,0.0024,0.0029,0.0021,0.0023
0.0055,0.0045,0.0078,0.0092,0.0237,0.0164,0.0113,0.0145,0.0295,0.0223,0.0714,0.0139,0.0182,0.0156,0.0028,0.0061,0.0496,0.0551,0.0001,0.0055,0.0033,0.0016,0.0017,0.0017,0.0034,0.0044,0.0023,0.0025
0.0080,0.0040,0.0051,0.0047,0.0074,0.0073,0.0093,0.0067,0.0097,0.0083,0.0022,0.0021,0.0027,0.0038,0.0055,0.0005,0.0551,0.0457,0.1616,0.0014,0.0210,0.0092,0.0037,0.0050,0.0094,0.0124,0.0125,0.0075
0.0055,0.0028,0.0040,0.0030,0.0028,0.0036,0.0031,0.0046,0.0035,0.0039,0.0040,0.0065,0.0057,0.0033,0.0058,0.0033,0.0001,0.1616,0.2557,0.0575,0.0071,0.0636,0.0142,0.0059,0.0117,0.0144,0.0119,0.0091
0.0045,0.0035,0.0046,0.0036,0.0018,0.0045,0.0038,0.0058,0.0049,0.0051,0.0059,0.0075,0.0071,0.0118,0.0044,0.0093,0.0055,0.0014,0.0575,0.0551,0.0927,0.0024,0.0130,0.0090,0.0069,0.0091,0.0102,0.0084
0.0055,0.0032,0.0036,0.0032,0.0012,0.0028,0.0023,0.0035,0.0028,0.0025,0.0030,0.0046,0.0049,0.0061,0.0037,0.0027,0.0033,0.0210,0.0071,0.0927,0.1577,0.0475,0.0010,0.0286,0.0215,0.0190,0.0235,0.0379
0.0065,0.0030,0.0039,0.0030,0.0012,0.0019,0.0020,0.0019,0.0022,0.0017,0.0023,0.0026,0.0024,0.0037,0.0028,0.0028,0.0016,0.0092,0.0636,0.0024,0.0475,0.0889,0.1873,0.0116,0.0897,0.0414,0.0228,0.0865
0.0162,0.0031,0.0035,0.0024,0.0009,0.0020,0.0013,0.0020,0.0020,0.0017,0.0017,0.0025,0.0018,0.0029,0.0018,0.0022,0.0017,0.0037,0.0142,0.0130,0.0010,0.1873,0.1595,0.4226,0.0048,0.2592,0.0988,0.1875
0.0074,0.0022,0.0026,0.0020,0.0008,0.0017,0.0014,0.0013,0.0014,0.0012,0.0018,0.0015,0.0013,0.0016,0.0013,0.0013,0.0017,0.0050,0.0059,0.0090,0.0286,0.0116,0.4226,0.1351,0.3246,0.0533,0.5016,0.3685
0.0066,0.0024,0.0028,0.0022,0.0009,0.0023,0.0017,0.0024,0.0021,0.0017,0.0019,0.0020,0.0018,0.0024,0.0013,0.0024,0.0034,0.0094,0.0117,0.0069,0.0215,0.0897,0.0048,0.3246,0.2076,0.1556,0.0112,0.4462
0.0038,0.0025,0.0027,0.0026,0.0012,0.0032,0.0027,0.0040,0.0029,0.0029,0.0025,0.0022,0.0025,0.0026,0.0021,0.0029,0.0044,0.0124,0.0144,0.0091,0.0190,0.0414,0.2592,0.0533,0.1556,0.0517,0.0668,0.0019
0.0050,0.0025,0.0026,0.0025,0.0011,0.0035,0.0022,0.0039,0.0021,0.0023,0.0021,0.0021,0.0016,0.0026,0.0014,0.0021,0.0023,0.0125,0.0119,0.0102,0.0235,0.0228,0.0988,0.5016,0.0112,0.0668,0.1111,0.0579
0.0045,0.0034,0.0031,0.0026,0.0012,0.0025,0.0021,0.0023,0.0022,0.0017,0.0017,0.0019,0.0016,0.0021,0.0017,0.0023,0.0025,0.0075,0.0091,0.0084,0.0379,0.0865,0.1875,0.3685,0.4462,0.0019,0.0579,0.0463