c1,c2,c3,c4,c5,c6,c7,c8,c9,c10,c11,c12,c13,c14,c15,c16,c17,c18,c19,c20,c21,c22,c23,c24,c25,c26,c27,c28
0.0019,0.0007,0.0011,0.0001,0.0136,0.0046,0.0178,0.0088,0.0039,0.0022,0.0010,0.0018,0.0036,0.0069,0.0085,0.1387,0.0093,0.0265,0.1681,0.1008,0.0177,0.0051,0.0072,0.0028,0.0103,0.0133,0.0098,0.0511
0.0007,0.0033,0.0041,0.0000,0.0003,0.0008,0.0016,0.0067,0.0086,0.0023,0.0022,0.0183,0.0035,0.2140,0.0041,0.0995,0.0049,0.0092,0.0475,0.0941,0.1508,0.0041,0.2487,0.0019,0.9154,0.0036,0.0309,0.0110
0.0011,0.0041,0.0119,0.0001,0.0002,0.0021,0.0103,0.0083,0.0096,0.0029,0.0060,0.0154,0.0134,0.0180,0.0121,0.0250,0.0098,0.0120,0.0202,0.0199,0.0050,0.0056,0.0093,0.0076,0.0197,0.1399,0.0049,0.0218
0.0001,0.0000,0.0001,0.0001,0.0012,0.0000,0.0000,0.0006,0.0045,0.0007,0.0135,0.9421,0.0596,0.7743,0.0476,0.0628,0.0091,0.0203,0.0886,0.0236,0.1862,0.0110,0.9913,0.0150,0.6930,0.0095,0.0105,0.0084
0.0136,0.0003,0.0002,0.0012,0.0198,0.0021,0.0001,0.0091,0.0114,0.0048,0.0117,0.1269,0.0150,0.0091,0.0115,0.0105,0.0088,0.0083,0.0085,0.0088,0.0053,0.0087,0.0257,0.1458,0.0260,0.0125,0.0035,0.0111
0.0046,0.0008,0.0021,0.0000,0.0021,0.0147,0.0005,0.0004,0.0354,0.3509,0.2932,0.9935,0.0329,0.0117,0.0018,0.0070,0.0014,0.0026,0.0074,0.0055,0.0160,0.0048,0.0257,0.0042,0.0374,0.0036,0.0082,0.0093
0.0178,0.0016,0.0103,0.0000,0.0001,0.0005,0.0032,0.1911,0.0026,0.6161,0.0013,0.0060,0.0112,0.0032,0.0047,0.0035,0.0043,0.0040,0.0144,0.0225,0.0078,0.0136,0.0241,0.0260,0.0297,0.0112,0.0211,0.0403
0.0088,0.0067,0.0083,0.0006,0.0091,0.0004,0.1911,0.0639,0.6787,0.0003,0.0010,0.0027,0.0019,0.0010,0.0029,0.0036,0.0027,0.0053,0.0046,0.0150,0.0051,0.0021,0.0054,0.0030,0.0234,0.0108,0.0806,0.2572
0.0039,0.0086,0.0096,0.0045,0.0114,0.0354,0.0026,0.6787,0.0046,0.0209,0.0002,0.0002,0.0006,0.0003,0.0024,0.0026,0.0033,0.0028,0.0006,0.0042,0.0060,0.0023,0.0200,0.0035,0.4506,0.0325,0.3468,0.2461
0.0022,0.0023,0.0029,0.0007,0.0048,0.3509,0.6161,0.0003,0.0209,0.0001,0.0008,0.0000,0.0000,0.0000,0.0002,0.0011,0.0019,0.0027,0.0051,0.0019,0.0020,0.0011,0.0169,0.0053,1.0000,0.4367,1.0000,0.1773
0.0010,0.0022,0.0060,0.0135,0.0117,0.2932,0.0013,0.0010,0.0002,0.0008,0.0088,0.0002,0.0004,0.0002,0.0023,0.0022,0.0038,0.0021,0.0034,0.0015,0.0021,0.0013,0.0103,0.0294,0.4022,1.0000,0.0538,0.0377
0.0018,0.0183,0.0154,0.9421,0.1269,0.9935,0.0060,0.0027,0.0002,0.0000,0.0002,0.0000,0.0005,0.0000,0.0000,0.0001,0.0004,0.0026,0.0035,0.0020,0.0805,0.0059,1.0000,0.1425,0.9993,0.1520,0.0438,0.0037
0.0036,0.0035,0.0134,0.0596,0.0150,0.0329,0.0112,0.0019,0.0006,0.0000,0.0004,0.0005,0.0108,0.0000,0.0003,0.0005,0.0020,0.0046,0.0185,0.0049,0.0065,0.0119,0.1240,0.9996,0.0433,0.4690,0.0038,0.0140
0.0069,0.2140,0.0180,0.7743,0.0091,0.0117,0.0032,0.0010,0.0003,0.0000,0.0002,0.0000,0.0000,0.0000,0.0001,0.0000,0.0000,0.0005,0.0408,0.0149,1.0000,0.1624,1.0000,0.0824,0.1691,0.0037,0.0016,0.0008
0.0085,0.0041,0.0121,0.0476,0.0115,0.0018,0.0047,0.0029,0.0024,0.0002,0.0023,0.0000,0.0003,0.0001,0.0013,0.0009,0.0001,0.0026,0.0168,0.0161,0.0921,1.0000,0.1375,0.9732,0.0041,0.0153,0.0018,0.0029
0.1387,0.0995,0.0250,0.0628,0.0105,0.0070,0.0035,0.0036,0.0026,0.0011,0.0022,0.0001,0.0005,0.0000,0.0009,0.0198,0.0003,0.0001,0.6266,0.0078,0.9999,0.1613,0.0639,0.0055,0.0012,0.0014,0.0014,0.0023
0.0093,0.0049,0.0098,0.0091,0.0088,0.0014,0.0043,0.0027,0.0033,0.0019,0.0038,0.0004,0.0020,0.0000,0.0001,0.0003,0.0076,0.7466,0.0013,0.8707,0.0014,0.9999,0.0094,0.3904,0.0011,0.0033,0.0013,0.0018
0.0265,0.0092,0.0120,0.0203,0.0083,0.0026,0.0040,0.0053,0.0028,0.0027,0.0021,0.0026,0.0046,0.0005,0.0026,0.0001,0.7466,0.1926,0.3778,0.0195,0.0012,0.1294,0.0011,0.0120,0.0012,0.0037,0.0021,0.0053
0.1681,0.0475,0.0202,0.0886,0.0085,0.0074,0.0144,0.0046,0.0006,0.0051,0.0034,0.0035,0.0185,0.0408,0.0168,0.6266,0.0013,0.3778,0.0049,0.2320,0.0001,0.0002,0.0002,0.0008,0.0009,0.0027,0.0009,0.0028
0.1008,0.0941,0.0199,0.0236,0.0088,0.0055,0.0225,0.0150,0.0042,0.0019,0.0015,0.0020,0.0049,0.0149,0.0161,0.0078,0.8707,0.0195,0.2320,0.0349,0.0004,0.0001,0.0000,0.0021,0.0003,0.0043,0.0030,0.0026
0.0177,0.1508,0.0050,0.1862,0.0053,0.0160,0.0078,0.0051,0.0060,0.0020,0.0021,0.0805,0.0065,1.0000,0.0921,0.9999,0.0014,0.0012,0.0001,0.0004,0.0015,0.0010,0.0000,0.0000,0.0000,0.0001,0.0008,0.0007
0.0051,0.0041,0.0056,0.0110,0.0087,0.0048,0.0136,0.0021,0.0023,0.0011,0.0013,0.0059,0.0119,0.1624,1.0000,0.1613,0.9999,0.1294,0.0002,0.0001,0.0010,0.0083,0.0000,0.0000,0.0000,0.0005,0.0006,0.0028
0.0072,0.2487,0.0093,0.9913,0.0257,0.0257,0.0241,0.0054,0.0200,0.0169,0.0103,1.0000,0.1240,1.0000,0.1375,0.0639,0.0094,0.0011,0.0002,0.0000,0.0000,0.0000,0.0005,0.0004,0.0000,0.0000,0.0000,0.0003
0.0028,0.0019,0.0076,0.0150,0.1458,0.0042,0.0260,0.0030,0.0035,0.0053,0.0294,0.1425,0.9996,0.0824,0.9732,0.0055,0.3904,0.0120,0.0008,0.0021,0.0000,0.0000,0.0004,0.0014,0.0000,0.0000,0.0005,0.0042
0.0103,0.9154,0.0197,0.6930,0.0260,0.0374,0.0297,0.0234,0.4506,1.0000,0.4022,0.9993,0.0433,0.1691,0.0041,0.0012,0.0011,0.0012,0.0009,0.0003,0.0000,0.0000,0.0000,0.0000,0.0000,0.0001,0.0000,0.0002
0.0133,0.0036,0.1399,0.0095,0.0125,0.0036,0.0112,0.0108,0.0325,0.4367,1.0000,0.1520,0.4690,0.0037,0.0153,0.0014,0.0033,0.0037,0.0027,0.0043,0.0001,0.0005,0.0000,0.0000,0.0001,0.0008,0.0076,0.0001
0.0098,0.0309,0.0049,0.0105,0.0035,0.0082,0.0211,0.0806,0.3468,1.0000,0.0538,0.0438,0.0038,0.0016,0.0018,0.0014,0.0013,0.0021,0.0009,0.0030,0.0008,0.0006,0.0000,0.0005,0.0000,0.0076,0.0206,0.0776
0.0511,0.0110,0.0218,0.0084,0.0111,0.0093,0.0403,0.2572,0.2461,0.1773,0.0377,0.0037,0.0140,0.0008,0.0029,0.0023,0.0018,0.0053,0.0028,0.0026,0.0007,0.0028,0.0003,0.0042,0.0002,0.0001,0.0776,0.0171