c1,c2,c3,c4,c5,c6,c7,c8,c9,c10,c11,c12,c13,c14,c15,c16,c17,c18,c19,c20,c21,c22,c23,c24,c25,c26,c27,c28
0.0008,0.0004,0.0017,0.0004,0.0237,0.0043,0.0198,0.0067,0.0042,0.0024,0.0015,0.0021,0.0055,0.0045,0.0178,0.0503,0.0127,0.0227,0.0762,0.1258,0.0083,0.0057,0.0070,0.0040,0.0104,0.0305,0.0091,0.0284
0.0004,0.0037,0.0036,0.0000,0.0002,0.0006,0.0019,0.0064,0.0079,0.0024,0.0020,0.0387,0.0046,0.4072,0.0054,0.0713,0.0065,0.0121,0.0493,0.0708,0.0818,0.0030,0.2629,0.0017,0.8821,0.0035,0.0284,0.0090
0.0017,0.0036,0.0175,0.0001,0.0003,0.0030,0.0085,0.0102,0.0110,0.0026,0.0041,0.0115,0.0137,0.0242,0.0194,0.0199,0.0126,0.0111,0.0210,0.0167,0.0037,0.0036,0.0114,0.0078,0.0178,0.0615,0.0046,0.0154
0.0004,0.0000,0.0001,0.0001,0.0020,0.0000,0.0001,0.0018,0.0108,0.0032,0.0108,0.9157,0.0358,0.8983,0.0248,0.0316,0.0054,0.0100,0.0595,0.0147,0.1181,0.0057,0.9751,0.0087,0.6819,0.0050,0.0084,0.0048
0.0237,0.0002,0.0003,0.0020,0.0137,0.0023,0.0000,0.0094,0.0116,0.0036,0.0266,0.1531,0.0170,0.0153,0.0134,0.0090,0.0093,0.0076,0.0078,0.0104,0.0065,0.0056,0.0354,0.0473,0.0216,0.0087,0.0039,0.0105
0.0043,0.0006,0.0030,0.0000,0.0023,0.0174,0.0005,0.0009,0.0173,0.1955,0.2848,0.9560,0.0243,0.0144,0.0026,0.0078,0.0020,0.0037,0.0107,0.0087,0.0112,0.0031,0.0176,0.0049,0.0170,0.0049,0.0118,0.0131
0.0198,0.0019,0.0085,0.0001,0.0000,0.0005,0.0053,0.1917,0.0044,0.2303,0.0026,0.0097,0.0082,0.0036,0.0036,0.0035,0.0052,0.0050,0.0146,0.0240,0.0092,0.0070,0.0340,0.0126,0.0311,0.0071,0.0514,0.0318
0.0067,0.0064,0.0102,0.0018,0.0094,0.0009,0.1917,0.0555,0.5179,0.0001,0.0013,0.0022,0.0016,0.0012,0.0026,0.0043,0.0034,0.0059,0.0058,0.0084,0.0058,0.0013,0.0071,0.0039,0.0290,0.0142,0.1103,0.1531
0.0042,0.0079,0.0110,0.0108,0.0116,0.0173,0.0044,0.5179,0.0020,0.0280,0.0001,0.0002,0.0010,0.0002,0.0021,0.0034,0.0037,0.0034,0.0005,0.0041,0.0101,0.0018,0.0332,0.0053,0.4803,0.0486,0.2615,0.1132
0.0024,0.0024,0.0026,0.0032,0.0036,0.1955,0.2303,0.0001,0.0280,0.0005,0.0004,0.0000,0.0000,0.0000,0.0003,0.0028,0.0017,0.0019,0.0051,0.0028,0.0024,0.0010,0.0409,0.0102,1.0000,0.4876,0.9998,0.1335
0.0015,0.0020,0.0041,0.0108,0.0266,0.2848,0.0026,0.0013,0.0001,0.0004,0.0052,0.0001,0.0004,0.0001,0.0025,0.0029,0.0029,0.0020,0.0034,0.0016,0.0018,0.0012,0.0122,0.0350,0.2104,1.0000,0.0799,0.0399
0.0021,0.0387,0.0115,0.9157,0.1531,0.9560,0.0097,0.0022,0.0002,0.0000,0.0001,0.0000,0.0003,0.0000,0.0000,0.0001,0.0006,0.0030,0.0055,0.0040,0.0922,0.0048,0.9999,0.0543,0.9992,0.3059,0.0680,0.0030
0.0055,0.0046,0.0137,0.0358,0.0170,0.0243,0.0082,0.0016,0.0010,0.0000,0.0004,0.0003,0.0093,0.0001,0.0001,0.0005,0.0031,0.0038,0.0179,0.0060,0.0049,0.0084,0.0671,0.9999,0.0303,0.6146,0.0028,0.0096
0.0045,0.4072,0.0242,0.8983,0.0153,0.0144,0.0036,0.0012,0.0002,0.0000,0.0001,0.0000,0.0001,0.0000,0.0002,0.0000,0.0000,0.0004,0.0302,0.0141,1.0000,0.1810,1.0000,0.0728,0.0809,0.0019,0.0009,0.0007
0.0178,0.0054,0.0194,0.0248,0.0134,0.0026,0.0036,0.0026,0.0021,0.0003,0.0025,0.0000,0.0001,0.0002,0.0016,0.0009,0.0001,0.0026,0.0221,0.0138,0.1049,1.0000,0.0884,0.9622,0.0040,0.0068,0.0012,0.0023
0.0503,0.0713,0.0199,0.0316,0.0090,0.0078,0.0035,0.0043,0.0034,0.0028,0.0029,0.0001,0.0005,0.0000,0.0009,0.0204,0.0004,0.0001,0.5928,0.0084,1.0000,0.2321,0.0293,0.0050,0.0012,0.0013,0.0012,0.0026
0.0127,0.0065,0.0126,0.0054,0.0093,0.0020,0.0052,0.0034,0.0037,0.0017,0.0029,0.0006,0.0031,0.0000,0.0001,0.0004,0.0062,0.6154,0.0021,0.3320,0.0010,1.0000,0.0126,0.3094,0.0018,0.0025,0.0015,0.0021
0.0227,0.0121,0.0111,0.0100,0.0076,0.0037,0.0050,0.0059,0.0034,0.0019,0.0020,0.0030,0.0038,0.0004,0.0026,0.0001,0.6154,0.2360,0.3908,0.0067,0.0010,0.0957,0.0019,0.0133,0.0021,0.0039,0.0032,0.0086
0.0762,0.0493,0.0210,0.0595,0.0078,0.0107,0.0146,0.0058,0.0005,0.0051,0.0034,0.0055,0.0179,0.0302,0.0221,0.5928,0.0021,0.3908,0.0053,0.1685,0.0001,0.0002,0.0001,0.0005,0.0013,0.0024,0.0016,0.0047
0.1258,0.0708,0.0167,0.0147,0.0104,0.0087,0.0240,0.0084,0.0041,0.0028,0.0016,0.0040,0.0060,0.0141,0.0138,0.0084,0.3320,0.0067,0.1685,0.0601,0.0003,0.0001,0.0001,0.0036,0.0006,0.0043,0.0039,0.0044
0.0083,0.0818,0.0037,0.1181,0.0065,0.0112,0.0092,0.0058,0.0101,0.0024,0.0018,0.0922,0.0049,1.0000,0.1049,1.0000,0.0010,0.0010,0.0001,0.0003,0.0028,0.0004,0.0000,0.0000,0.0000,0.0001,0.0009,0.0009
0.0057,0.0030,0.0036,0.0057,0.0056,0.0031,0.0070,0.0013,0.0018,0.0010,0.0012,0.0048,0.0084,0.1810,1.0000,0.2321,1.0000,0.0957,0.0002,0.0001,0.0004,0.0053,0.0001,0.0001,0.0001,0.0005,0.0006,0.0034
0.0070,0.2629,0.0114,0.9751,0.0354,0.0176,0.0340,0.0071,0.0332,0.0409,0.0122,0.9999,0.0671,1.0000,0.0884,0.0293,0.0126,0.0019,0.0001,0.0001,0.0000,0.0001,0.0011,0.0004,0.0000,0.0000,0.0000,0.0006
0.0040,0.0017,0.0078,0.0087,0.0473,0.0049,0.0126,0.0039,0.0053,0.0102,0.0350,0.0543,0.9999,0.0728,0.9622,0.0050,0.3094,0.0133,0.0005,0.0036,0.0000,0.0001,0.0004,0.0016,0.0000,0.0000,0.0005,0.0044
0.0104,0.8821,0.0178,0.6819,0.0216,0.0170,0.0311,0.0290,0.4803,1.0000,0.2104,0.9992,0.0303,0.0809,0.0040,0.0012,0.0018,0.0021,0.0013,0.0006,0.0000,0.0001,0.0000,0.0000,0.0000,0.0002,0.0000,0.0004
0.0305,0.0035,0.0615,0.0050,0.0087,0.0049,0.0071,0.0142,0.0486,0.4876,1.0000,0.3059,0.6146,0.0019,0.0068,0.0013,0.0025,0.0039,0.0024,0.0043,0.0001,0.0005,0.0000,0.0000,0.0002,0.0004,0.0071,0.0001
0.0091,0.0284,0.0046,0.0084,0.0039,0.0118,0.0514,0.1103,0.2615,0.9998,0.0799,0.0680,0.0028,0.0009,0.0012,0.0012,0.0015,0.0032,0.0016,0.0039,0.0009,0.0006,0.0000,0.0005,0.0000,0.0071,0.0296,0.0670
0.0284,0.0090,0.0154,0.0048,0.0105,0.0131,0.0318,0.1531,0.1132,0.1335,0.0399,0.0030,0.0096,0.0007,0.0023,0.0026,0.0021,0.0086,0.0047,0.0044,0.0009,0.0034,0.0006,0.0044,0.0004,0.0001,0.0670,0.0400