c1,c2,c3,c4,c5,c6,c7,c8,c9,c10,c11,c12,c13,c14,c15,c16,c17,c18,c19,c20,c21,c22,c23,c24,c25,c26,c27,c28
0.0113,0.0002,0.0005,0.0009,0.0073,0.0101,0.0178,0.0158,0.0071,0.0059,0.0072,0.0034,0.0061,0.0067,0.0043,0.0199,0.0061,0.0115,0.0258,0.0155,0.0080,0.0088,0.0128,0.0081,0.0227,0.0067,0.0114,0.0206
0.0002,0.0013,0.0355,0.0000,0.0040,0.0095,0.0052,0.0322,0.0362,0.0780,0.0159,0.0086,0.0071,0.0266,0.0067,0.0078,0.0051,0.0163,0.0134,0.0116,0.0049,0.0027,0.0101,0.0040,0.0698,0.0070,0.0126,0.0081
0.0005,0.0355,0.0245,0.0037,0.0001,0.0024,0.0008,0.0047,0.0224,0.0637,0.0105,0.0112,0.0093,0.0052,0.0054,0.0073,0.0051,0.0074,0.0138,0.0096,0.0062,0.0064,0.0129,0.0109,0.0252,0.0093,0.0158,0.0159
0.0009,0.0000,0.0037,0.0000,0.0103,0.0012,0.0198,0.0470,0.6152,0.0731,0.0722,0.0466,0.0163,0.0136,0.0044,0.0083,0.0029,0.0047,0.0057,0.0092,0.0108,0.0008,0.0201,0.0043,0.0278,0.0088,0.0357,0.0308
0.0073,0.0040,0.0001,0.0103,0.0330,0.1040,0.0002,0.0037,0.0232,0.0287,0.0114,0.0124,0.0052,0.0045,0.0039,0.0112,0.0067,0.0087,0.0091,0.0072,0.0040,0.0044,0.0089,0.0059,0.0110,0.0074,0.0224,0.0178
0.0101,0.0095,0.0024,0.0012,0.1040,0.0009,0.1325,0.0014,0.4031,0.0171,0.0025,0.0214,0.0084,0.0038,0.0018,0.0034,0.0033,0.0009,0.0002,0.0032,0.0050,0.0026,0.0134,0.0084,0.0367,0.0165,0.0410,0.0166
0.0178,0.0052,0.0008,0.0198,0.0002,0.1325,0.0175,0.0346,0.0001,0.0011,0.0020,0.0023,0.0086,0.0053,0.0023,0.0063,0.0047,0.0056,0.0142,0.0094,0.0077,0.0040,0.0195,0.0077,0.0506,0.0318,0.0922,0.0564
0.0158,0.0322,0.0047,0.0470,0.0037,0.0014,0.0346,0.0507,0.0332,0.0000,0.0010,0.0025,0.0013,0.0023,0.0012,0.0032,0.0034,0.0026,0.0031,0.0047,0.0059,0.0032,0.0277,0.0121,0.0701,0.0611,0.2148,0.0326
0.0071,0.0362,0.0224,0.6152,0.0232,0.4031,0.0001,0.0332,0.0081,0.0013,0.0000,0.0003,0.0016,0.0006,0.0012,0.0035,0.0031,0.0019,0.0023,0.0030,0.0041,0.0024,0.0126,0.0133,0.0598,0.1654,0.0818,0.0627
0.0059,0.0780,0.0637,0.0731,0.0287,0.0171,0.0011,0.0000,0.0013,0.0003,0.0016,0.0000,0.0001,0.0002,0.0005,0.0035,0.0019,0.0040,0.0100,0.0056,0.0101,0.0011,0.3493,0.1057,0.9607,0.4074,0.9137,0.0229
0.0072,0.0159,0.0105,0.0722,0.0114,0.0025,0.0020,0.0010,0.0000,0.0016,0.0089,0.0007,0.0004,0.0003,0.0006,0.0024,0.0035,0.0028,0.0058,0.0032,0.0057,0.0035,0.0445,0.5182,0.1819,0.9613,0.0210,0.0809
0.0034,0.0086,0.0112,0.0466,0.0124,0.0214,0.0023,0.0025,0.0003,0.0000,0.0007,0.0003,0.0005,0.0000,0.0000,0.0003,0.0009,0.0087,0.0188,0.0115,0.0539,0.0094,0.9956,0.3794,0.9902,0.1858,0.4672,0.0340
0.0061,0.0071,0.0093,0.0163,0.0052,0.0084,0.0086,0.0013,0.0016,0.0001,0.0004,0.0005,0.0056,0.0007,0.0000,0.0007,0.0018,0.0055,0.0248,0.0065,0.0113,0.0316,0.1326,0.9990,0.0646,0.4949,0.0051,0.0160
0.0067,0.0266,0.0052,0.0136,0.0045,0.0038,0.0053,0.0023,0.0006,0.0002,0.0003,0.0000,0.0007,0.0054,0.0003,0.0001,0.0003,0.0050,0.0597,0.0423,1.0000,0.1124,0.9869,0.0090,0.0406,0.0056,0.0076,0.0027
0.0043,0.0067,0.0054,0.0044,0.0039,0.0018,0.0023,0.0012,0.0012,0.0005,0.0006,0.0000,0.0000,0.0003,0.0017,0.0070,0.0001,0.0025,0.0690,0.0156,0.1423,1.0000,0.0401,0.6685,0.0350,0.0229,0.0039,0.0021
0.0199,0.0078,0.0073,0.0083,0.0112,0.0034,0.0063,0.0032,0.0035,0.0035,0.0024,0.0003,0.0007,0.0001,0.0070,0.0261,0.0019,0.0006,0.5318,0.0187,0.9694,0.2824,0.0162,0.0042,0.0021,0.0022,0.0026,0.0039
0.0061,0.0051,0.0051,0.0029,0.0067,0.0033,0.0047,0.0034,0.0031,0.0019,0.0035,0.0009,0.0018,0.0003,0.0001,0.0019,0.0082,0.3191,0.0014,0.0323,0.0057,0.9995,0.0161,0.1292,0.0061,0.0095,0.0027,0.0060
0.0115,0.0163,0.0074,0.0047,0.0087,0.0009,0.0056,0.0026,0.0019,0.0040,0.0028,0.0087,0.0055,0.0050,0.0025,0.0006,0.3191,0.0508,0.3393,0.0021,0.0029,0.0392,0.0040,0.0113,0.0067,0.0036,0.0047,0.0085
0.0258,0.0134,0.0138,0.0057,0.0091,0.0002,0.0142,0.0031,0.0023,0.0100,0.0058,0.0188,0.0248,0.0597,0.0690,0.5318,0.0014,0.3393,0.0020,0.3584,0.0001,0.0003,0.0005,0.0004,0.0036,0.0021,0.0038,0.0071
0.0155,0.0116,0.0096,0.0092,0.0072,0.0032,0.0094,0.0047,0.0030,0.0056,0.0032,0.0115,0.0065,0.0423,0.0156,0.0187,0.0323,0.0021,0.3584,0.0568,0.0022,0.0001,0.0007,0.0051,0.0021,0.0059,0.0128,0.0063
0.0080,0.0049,0.0062,0.0108,0.0040,0.0050,0.0077,0.0059,0.0041,0.0101,0.0057,0.0539,0.0113,1.0000,0.1423,0.9694,0.0057,0.0029,0.0001,0.0022,0.0051,0.0004,0.0000,0.0001,0.0002,0.0006,0.0027,0.0029
0.0088,0.0027,0.0064,0.0008,0.0044,0.0026,0.0040,0.0032,0.0024,0.0011,0.0035,0.0094,0.0316,0.1124,1.0000,0.2824,0.9995,0.0392,0.0003,0.0001,0.0004,0.0003,0.0001,0.0000,0.0001,0.0013,0.0004,0.0045
0.0128,0.0101,0.0129,0.0201,0.0089,0.0134,0.0195,0.0277,0.0126,0.3493,0.0445,0.9956,0.1326,0.9869,0.0401,0.0162,0.0161,0.0040,0.0005,0.0007,0.0000,0.0001,0.0008,0.0004,0.0000,0.0000,0.0004,0.0052
0.0081,0.0040,0.0109,0.0043,0.0059,0.0084,0.0077,0.0121,0.0133,0.1057,0.5182,0.3794,0.9990,0.0090,0.6685,0.0042,0.1292,0.0113,0.0004,0.0051,0.0001,0.0000,0.0004,0.0013,0.0001,0.0000,0.0001,0.0019
0.0227,0.0698,0.0252,0.0278,0.0110,0.0367,0.0506,0.0701,0.0598,0.9607,0.1819,0.9902,0.0646,0.0406,0.0350,0.0021,0.0061,0.0067,0.0036,0.0021,0.0002,0.0001,0.0000,0.0001,0.0008,0.0004,0.0000,0.0002
0.0067,0.0070,0.0093,0.0088,0.0074,0.0165,0.0318,0.0611,0.1654,0.4074,0.9613,0.1858,0.4949,0.0056,0.0229,0.0022,0.0095,0.0036,0.0021,0.0059,0.0006,0.0013,0.0000,0.0000,0.0004,0.0043,0.0001,0.0000
0.0114,0.0126,0.0158,0.0357,0.0224,0.0410,0.0922,0.2148,0.0818,0.9137,0.0210,0.4672,0.0051,0.0076,0.0039,0.0026,0.0027,0.0047,0.0038,0.0128,0.0027,0.0004,0.0004,0.0001,0.0000,0.0001,0.0030,0.0023
0.0206,0.0081,0.0159,0.0308,0.0178,0.0166,0.0564,0.0326,0.0627,0.0229,0.0809,0.0340,0.0160,0.0027,0.0021,0.0039,0.0060,0.0085,0.0071,0.0063,0.0029,0.0045,0.0052,0.0019,0.0002,0.0000,0.0023,0.0014
