c1,c2,c3,c4,c5,c6,c7,c8,c9,c10,c11,c12,c13,c14,c15,c16,c17,c18,c19,c20
0.0055,0.0174,0.0015,0.0223,0.0220,0.0080,0.0213,0.0239,0.0166,0.0054,0.0075,0.0072,0.0059,0.0054,0.0044,0.0020,0.0038,0.0061,0.0029,0.0043
0.0174,0.0054,0.0871,0.0006,0.0314,0.0171,0.0059,0.0078,0.0127,0.0043,0.0068,0.0071,0.0063,0.0048,0.0071,0.0032,0.0061,0.0064,0.0039,0.0029
0.0015,0.0871,0.0358,0.0684,0.0003,0.0345,0.0214,0.0072,0.0110,0.0061,0.0074,0.0100,0.0073,0.0058,0.0049,0.0010,0.0042,0.0043,0.0027,0.0039
0.0223,0.0006,0.0684,0.0407,0.0084,0.0003,0.0070,0.0157,0.0044,0.0094,0.0120,0.0135,0.0080,0.0064,0.0079,0.0047,0.0092,0.0066,0.0036,0.0034
0.0220,0.0314,0.0003,0.0084,0.0553,0.0079,0.0003,0.0238,0.0182,0.0052,0.0105,0.0106,0.0090,0.0096,0.0183,0.0049,0.0043,0.0064,0.0025,0.0040
0.0080,0.0171,0.0345,0.0003,0.0079,0.0158,0.0090,0.0003,0.0207,0.0135,0.0066,0.0193,0.0153,0.0108,0.0082,0.0111,0.0052,0.0059,0.0038,0.0040
0.0213,0.0059,0.0214,0.0070,0.0003,0.0090,0.0332,0.0050,0.0001,0.0094,0.0179,0.0181,0.0271,0.0141,0.0083,0.0124,0.0098,0.0071,0.0051,0.0032
0.0239,0.0078,0.0072,0.0157,0.0238,0.0003,0.0050,0.0055,0.0045,0.0004,0.0087,0.0179,0.0101,0.0169,0.0117,0.0239,0.0122,0.0083,0.0074,0.0030
0.0166,0.0127,0.0110,0.0044,0.0182,0.0207,0.0001,0.0045,0.0048,0.0214,0.0002,0.0319,0.0127,0.0084,0.0232,0.0245,0.0086,0.0075,0.0044,0.0068
0.0054,0.0043,0.0061,0.0094,0.0052,0.0135,0.0094,0.0004,0.0214,0.0404,0.0044,0.0001,0.0101,0.0190,0.0115,0.0154,0.0175,0.0098,0.0147,0.0072
0.0075,0.0068,0.0074,0.0120,0.0105,0.0066,0.0179,0.0087,0.0002,0.0044,0.0252,0.0099,0.0004,0.0180,0.0055,0.0155,0.0124,0.0190,0.0051,0.0178
0.0072,0.0071,0.0100,0.0135,0.0106,0.0193,0.0181,0.0179,0.0319,0.0001,0.0099,0.0122,0.0121,0.0001,0.0067,0.0229,0.0049,0.0159,0.0048,0.0063
0.0059,0.0063,0.0073,0.0080,0.0090,0.0153,0.0271,0.0101,0.0127,0.0101,0.0004,0.0121,0.0390,0.0063,0.0001,0.0207,0.0053,0.0144,0.0089,0.0083
0.0054,0.0048,0.0058,0.0064,0.0096,0.0108,0.0141,0.0169,0.0084,0.0190,0.0180,0.0001,0.0063,0.0198,0.0035,0.0013,0.0061,0.0121,0.0138,0.0269
0.0044,0.0071,0.0049,0.0079,0.0183,0.0082,0.0083,0.0117,0.0232,0.0115,0.0055,0.0067,0.0001,0.0035,0.0082,0.1591,0.0003,0.0243,0.0056,0.0384
0.0020,0.0032,0.0010,0.0047,0.0049,0.0111,0.0124,0.0239,0.0245,0.0154,0.0155,0.0229,0.0207,0.0013,0.1591,0.0001,0.0906,0.0002,0.0123,0.0286
0.0038,0.0061,0.0042,0.0092,0.0043,0.0052,0.0098,0.0122,0.0086,0.0175,0.0124,0.0049,0.0053,0.0061,0.0003,0.0906,0.1203,0.0086,0.0002,0.0180
0.0061,0.0064,0.0043,0.0066,0.0064,0.0059,0.0071,0.0083,0.0075,0.0098,0.0190,0.0159,0.0144,0.0121,0.0243,0.0002,0.0086,0.0692,0.0481,0.0001
0.0029,0.0039,0.0027,0.0036,0.0025,0.0038,0.0051,0.0074,0.0044,0.0147,0.0051,0.0048,0.0089,0.0138,0.0056,0.0123,0.0002,0.0481,0.2812,0.0458
0.0043,0.0029,0.0039,0.0034,0.0040,0.0040,0.0032,0.0030,0.0068,0.0072,0.0178,0.0063,0.0083,0.0269,0.0384,0.0286,0.0180,0.0001,0.0458,0.0417