c1,c2,c3,c4,c5,c6,c7,c8,c9,c10,c11,c12,c13,c14,c15,c16,c17,c18,c19,c20
0.0001,0.0136,0.0006,0.0164,0.0725,0.0108,0.0184,0.0191,0.0242,0.0034,0.0177,0.0191,0.0114,0.0026,0.0040,0.0036,0.0090,0.0081,0.0136,0.0029
0.0136,0.3050,0.1644,0.0014,0.0617,0.0341,0.0060,0.0030,0.0013,0.0018,0.0035,0.0031,0.0047,0.0034,0.0043,0.0018,0.0051,0.0058,0.0079,0.0026
0.0006,0.1644,0.0034,0.0766,0.0009,0.0813,0.0887,0.0047,0.0133,0.0007,0.0046,0.0045,0.0078,0.0068,0.0056,0.0064,0.0093,0.0026,0.0038,0.0026
0.0164,0.0014,0.0766,0.0266,0.0098,0.0004,0.0089,0.0353,0.0045,0.0100,0.0025,0.0054,0.0056,0.0114,0.0070,0.0082,0.0100,0.0058,0.0034,0.0042
0.0725,0.0617,0.0009,0.0098,0.0052,0.0054,0.0004,0.0347,0.1065,0.0056,0.0056,0.0024,0.0089,0.0070,0.0100,0.0038,0.0069,0.0072,0.0015,0.0044
0.0108,0.0341,0.0813,0.0004,0.0054,0.0194,0.0041,0.0001,0.0058,0.3806,0.0051,0.0062,0.0072,0.0128,0.0076,0.0026,0.0114,0.0091,0.0032,0.0024
0.0184,0.0060,0.0887,0.0089,0.0004,0.0041,0.0097,0.0018,0.0004,0.0743,0.0508,0.0035,0.0240,0.0097,0.0096,0.0043,0.0037,0.0066,0.0034,0.0099
0.0191,0.0030,0.0047,0.0353,0.0347,0.0001,0.0018,0.0093,0.0030,0.0033,0.0163,0.0570,0.0121,0.0246,0.0081,0.0059,0.0095,0.0047,0.0040,0.0058
0.0242,0.0013,0.0133,0.0045,0.1065,0.0058,0.0004,0.0030,0.0073,0.0286,0.0008,0.0169,0.1477,0.0122,0.0138,0.0032,0.0112,0.0038,0.0031,0.0024
0.0034,0.0018,0.0007,0.0100,0.0056,0.3806,0.0743,0.0033,0.0286,0.0000,0.0142,0.0036,0.0864,0.1928,0.0045,0.0054,0.0067,0.0082,0.0017,0.0022
0.0177,0.0035,0.0046,0.0025,0.0056,0.0051,0.0508,0.0163,0.0008,0.0142,0.0072,0.0022,0.0006,0.0271,0.0799,0.0038,0.0178,0.0101,0.0040,0.0087
0.0191,0.0031,0.0045,0.0054,0.0024,0.0062,0.0035,0.0570,0.0169,0.0036,0.0022,0.0070,0.0008,0.0031,0.0279,0.0834,0.0081,0.0198,0.0071,0.0040
0.0114,0.0047,0.0078,0.0056,0.0089,0.0072,0.0240,0.0121,0.1477,0.0864,0.0006,0.0008,0.0060,0.0031,0.0007,0.0104,0.0319,0.0052,0.0055,0.0027
0.0026,0.0034,0.0068,0.0114,0.0070,0.0128,0.0097,0.0246,0.0122,0.1928,0.0271,0.0031,0.0031,0.0059,0.0019,0.0007,0.0099,0.0309,0.0014,0.0030
0.0040,0.0043,0.0056,0.0070,0.0100,0.0076,0.0096,0.0081,0.0138,0.0045,0.0799,0.0279,0.0007,0.0019,0.0067,0.0045,0.0002,0.0110,0.1704,0.0126
0.0036,0.0018,0.0064,0.0082,0.0038,0.0026,0.0043,0.0059,0.0032,0.0054,0.0038,0.0834,0.0104,0.0007,0.0045,0.0101,0.0119,0.0015,0.0333,0.5296
0.0090,0.0051,0.0093,0.0100,0.0069,0.0114,0.0037,0.0095,0.0112,0.0067,0.0178,0.0081,0.0319,0.0099,0.0002,0.0119,0.0105,0.0093,0.0006,0.0213
0.0081,0.0058,0.0026,0.0058,0.0072,0.0091,0.0066,0.0047,0.0038,0.0082,0.0101,0.0198,0.0052,0.0309,0.0110,0.0015,0.0093,0.0432,0.0063,0.0018
0.0136,0.0079,0.0038,0.0034,0.0015,0.0032,0.0034,0.0040,0.0031,0.0017,0.0040,0.0071,0.0055,0.0014,0.1704,0.0333,0.0006,0.0063,0.2016,0.1364
0.0029,0.0026,0.0026,0.0042,0.0044,0.0024,0.0099,0.0058,0.0024,0.0022,0.0087,0.0040,0.0027,0.0030,0.0126,0.5296,0.0213,0.0018,0.1364,0.0185
