c1,c2,c3,c4,c5,c6,c7,c8,c9,c10,c11,c12,c13,c14,c15,c16,c17,c18,c19,c20
0.0100,0.0477,0.0012,0.0155,0.0197,0.0093,0.0129,0.0171,0.0200,0.0204,0.0125,0.0088,0.0041,0.0046,0.0037,0.0015,0.0022,0.0029,0.0042,0.0023
0.0477,0.2103,0.0510,0.0002,0.0254,0.0128,0.0038,0.0085,0.0088,0.0050,0.0096,0.0083,0.0036,0.0033,0.0062,0.0024,0.0024,0.0058,0.0027,0.0035
0.0012,0.0510,0.0139,0.0832,0.0005,0.0388,0.0185,0.0087,0.0071,0.0052,0.0062,0.0143,0.0054,0.0052,0.0074,0.0038,0.0037,0.0048,0.0023,0.0040
0.0155,0.0002,0.0832,0.2055,0.0355,0.0006,0.0103,0.0100,0.0040,0.0056,0.0096,0.0111,0.0047,0.0064,0.0121,0.0030,0.0055,0.0042,0.0031,0.0044
0.0197,0.0254,0.0005,0.0355,0.1235,0.0176,0.0002,0.0175,0.0097,0.0026,0.0113,0.0121,0.0066,0.0058,0.0140,0.0034,0.0055,0.0033,0.0032,0.0046
0.0093,0.0128,0.0388,0.0006,0.0176,0.0409,0.0077,0.0003,0.0132,0.0072,0.0074,0.0139,0.0080,0.0105,0.0063,0.0065,0.0045,0.0051,0.0060,0.0061
0.0129,0.0038,0.0185,0.0103,0.0002,0.0077,0.0447,0.0078,0.0012,0.0091,0.0247,0.0105,0.0135,0.0129,0.0066,0.0095,0.0064,0.0056,0.0058,0.0041
0.0171,0.0085,0.0087,0.0100,0.0175,0.0003,0.0078,0.0121,0.0027,0.0005,0.0284,0.0203,0.0100,0.0150,0.0070,0.0170,0.0062,0.0082,0.0082,0.0032
0.0200,0.0088,0.0071,0.0040,0.0097,0.0132,0.0012,0.0027,0.0194,0.0634,0.0005,0.0366,0.0125,0.0054,0.0035,0.0133,0.0044,0.0057,0.0037,0.0075
0.0204,0.0050,0.0052,0.0056,0.0026,0.0072,0.0091,0.0005,0.0634,0.0426,0.0101,0.0005,0.0214,0.0171,0.0053,0.0116,0.0055,0.0084,0.0031,0.0083
0.0125,0.0096,0.0062,0.0096,0.0113,0.0074,0.0247,0.0284,0.0005,0.0101,0.0407,0.0088,0.0004,0.0206,0.0027,0.0072,0.0044,0.0070,0.0024,0.0109
0.0088,0.0083,0.0143,0.0111,0.0121,0.0139,0.0105,0.0203,0.0366,0.0005,0.0088,0.0115,0.0099,0.0001,0.0044,0.0119,0.0047,0.0139,0.0053,0.0101
0.0041,0.0036,0.0054,0.0047,0.0066,0.0080,0.0135,0.0100,0.0125,0.0214,0.0004,0.0099,0.1943,0.0067,0.0002,0.0221,0.0089,0.0078,0.0078,0.0100
0.0046,0.0033,0.0052,0.0064,0.0058,0.0105,0.0129,0.0150,0.0054,0.0171,0.0206,0.0001,0.0067,0.0260,0.0036,0.0042,0.0092,0.0234,0.0103,0.0220
0.0037,0.0062,0.0074,0.0121,0.0140,0.0063,0.0066,0.0070,0.0035,0.0053,0.0027,0.0044,0.0002,0.0036,0.0116,0.1274,0.0042,0.0367,0.0120,0.0272
0.0015,0.0024,0.0038,0.0030,0.0034,0.0065,0.0095,0.0170,0.0133,0.0116,0.0072,0.0119,0.0221,0.0042,0.1274,0.0000,0.1367,0.0009,0.0393,0.0424
0.0022,0.0024,0.0037,0.0055,0.0055,0.0045,0.0064,0.0062,0.0044,0.0055,0.0044,0.0047,0.0089,0.0092,0.0042,0.1367,0.0977,0.0241,0.0007,0.0214
0.0029,0.0058,0.0048,0.0042,0.0033,0.0051,0.0056,0.0082,0.0057,0.0084,0.0070,0.0139,0.0078,0.0234,0.0367,0.0009,0.0241,0.0541,0.0701,0.0001
0.0042,0.0027,0.0023,0.0031,0.0032,0.0060,0.0058,0.0082,0.0037,0.0031,0.0024,0.0053,0.0078,0.0103,0.0120,0.0393,0.0007,0.0701,0.1751,0.0240
0.0023,0.0035,0.0040,0.0044,0.0046,0.0061,0.0041,0.0032,0.0075,0.0083,0.0109,0.0101,0.0100,0.0220,0.0272,0.0424,0.0214,0.0001,0.0240,0.0154