c1,c2,c3,c4,c5,c6,c7,c8,c9,c10,c11,c12,c13,c14,c15
0.0000,0.0057,0.0005,0.0147,0.0080,0.0166,0.0189,0.0352,0.0614,0.0134,0.0113,0.0088,0.0130,0.0074,0.0050
0.0057,0.0229,0.0461,0.0001,0.0118,0.0032,0.0056,0.0204,0.0153,0.0108,0.0061,0.0209,0.0056,0.0043,0.0069
0.0005,0.0461,0.0001,0.0397,0.0003,0.0071,0.0470,0.0059,0.0195,0.0122,0.0050,0.0333,0.0142,0.0105,0.0144
0.0147,0.0001,0.0397,0.0340,0.0073,0.0001,0.0079,0.0215,0.0059,0.0058,0.0075,0.0373,0.0156,0.0075,0.0292
0.0080,0.0118,0.0003,0.0073,0.0100,0.0434,0.0000,0.0148,0.0200,0.0074,0.0331,0.0123,0.0206,0.0098,0.0108
0.0166,0.0032,0.0071,0.0001,0.0434,0.0374,0.0077,0.0001,0.0063,0.0059,0.0050,0.0939,0.0163,0.0194,0.0172
0.0189,0.0056,0.0470,0.0079,0.0000,0.0077,0.0115,0.0108,0.0001,0.0057,0.0151,0.0308,0.0327,0.0196,0.0420
0.0352,0.0204,0.0059,0.0215,0.0148,0.0001,0.0108,0.0313,0.0052,0.0002,0.0035,0.0275,0.0056,0.0172,0.0120
0.0614,0.0153,0.0195,0.0059,0.0200,0.0063,0.0001,0.0052,0.0132,0.0215,0.0002,0.0026,0.0194,0.0120,0.0492
0.0134,0.0108,0.0122,0.0058,0.0074,0.0059,0.0057,0.0002,0.0215,0.0326,0.0241,0.0001,0.0042,0.0358,0.0477
0.0113,0.0061,0.0050,0.0075,0.0331,0.0050,0.0151,0.0035,0.0002,0.0241,0.0436,0.0274,0.0004,0.0094,0.0165
0.0088,0.0209,0.0333,0.0373,0.0123,0.0939,0.0308,0.0275,0.0026,0.0001,0.0274,0.0038,0.0030,0.0001,0.0055
0.0130,0.0056,0.0142,0.0156,0.0206,0.0163,0.0327,0.0056,0.0194,0.0042,0.0004,0.0030,0.0372,0.0297,0.0001
0.0074,0.0043,0.0105,0.0075,0.0098,0.0194,0.0196,0.0172,0.0120,0.0358,0.0094,0.0001,0.0297,0.0091,0.0006
0.0050,0.0069,0.0144,0.0292,0.0108,0.0172,0.0420,0.0120,0.0492,0.0477,0.0165,0.0055,0.0001,0.0006,0.0005