c1,c2,c3,c4,c5,c6,c7,c8,c9,c10,c11,c12,c13,c14,c15,c16,c17,c18,c19,c20,c21,c22,c23,c24,c25,c26,c27,c28,c29
0.0000,0.0051,0.0003,0.0027,0.0042,0.0008,0.0119,0.0059,0.0043,0.0251,0.0064,0.0520,0.0132,0.0241,0.0387,0.0536,0.0296,0.0110,0.0260,0.0153,0.0248,0.0126,0.0147,0.0124,0.0065,0.0037,0.0076,0.0039,0.0016
0.0051,0.0293,0.0834,0.0000,0.0027,0.0008,0.0027,0.0040,0.0085,0.0172,0.0068,0.0464,0.0173,0.0394,0.0691,0.0244,0.0120,0.0070,0.0074,0.0059,0.0055,0.0050,0.0065,0.0070,0.0053,0.0078,0.0073,0.0060,0.0028
0.0003,0.0834,0.2170,0.0114,0.0002,0.0005,0.0036,0.0012,0.0171,0.0194,0.0088,0.4772,0.0373,0.0544,0.0367,0.0133,0.0091,0.0044,0.0088,0.0035,0.0029,0.0041,0.0037,0.0044,0.0023,0.0040,0.0034,0.0027,0.0022
0.0027,0.0000,0.0114,0.0362,0.0063,0.0000,0.0008,0.0003,0.0006,0.0243,0.0091,0.0784,0.9870,0.1307,0.1811,0.0982,0.0136,0.0090,0.0402,0.0074,0.0098,0.0084,0.0097,0.0080,0.0034,0.0032,0.0042,0.0035,0.0027
0.0042,0.0027,0.0002,0.0063,0.0410,0.0009,0.0001,0.0022,0.0018,0.8053,0.0782,0.8426,0.0475,0.0177,0.0057,0.0073,0.0062,0.0044,0.0054,0.0035,0.0046,0.0039,0.0043,0.0048,0.0046,0.0037,0.0049,0.0046,0.0067
0.0008,0.0008,0.0005,0.0000,0.0009,0.0040,0.0036,0.0000,0.0003,0.0948,0.1263,0.0855,0.1129,0.0211,0.0198,0.0550,0.0131,0.0148,0.0205,0.0108,0.0122,0.0446,0.0195,0.0176,0.0136,0.0184,0.0173,0.0197,0.0451
0.0119,0.0027,0.0036,0.0008,0.0001,0.0036,0.0343,0.0056,0.0000,0.0669,0.0097,0.0061,0.0224,0.0082,0.0095,0.0090,0.0100,0.0093,0.0221,0.0201,0.0230,0.0265,0.0114,0.0165,0.0106,0.0081,0.0092,0.0156,0.0241
0.0059,0.0040,0.0012,0.0003,0.0022,0.0000,0.0056,0.3028,0.0003,0.0111,0.0069,0.0016,0.0029,0.0043,0.0043,0.0052,0.0051,0.0058,0.0041,0.0229,0.0192,0.0646,0.0199,0.0484,0.0192,0.0424,0.0256,0.0293,0.1753
0.0043,0.0085,0.0171,0.0006,0.0018,0.0003,0.0000,0.0003,0.0011,0.0032,0.0027,0.0018,0.0051,0.0065,0.0149,0.0048,0.0062,0.0168,0.0203,0.0132,0.0527,0.0524,0.0334,0.0634,0.0770,0.0780,0.0407,0.0365,0.1181
0.0251,0.0172,0.0194,0.0243,0.8053,0.0948,0.0669,0.0111,0.0032,0.6594,0.0302,0.0000,0.0000,0.0006,0.0006,0.0048,0.0074,0.0045,0.0017,0.0019,0.0101,0.0072,0.0056,0.0054,0.0060,0.0021,0.0060,0.0056,0.0067
0.0064,0.0068,0.0088,0.0091,0.0782,0.1263,0.0097,0.0069,0.0027,0.0302,0.0004,0.1200,0.0000,0.0013,0.0008,0.0028,0.0134,0.0100,0.0153,0.0042,0.0173,0.0212,0.0063,0.0103,0.0096,0.0095,0.0070,0.0052,0.0054
0.0520,0.0464,0.4772,0.0784,0.8426,0.0855,0.0061,0.0016,0.0018,0.0000,0.1200,0.0191,0.0003,0.0001,0.0004,0.0016,0.0036,0.0055,0.0061,0.0030,0.0057,0.0066,0.0056,0.0066,0.0085,0.0035,0.0054,0.0050,0.0039
0.0132,0.0173,0.0373,0.9870,0.0475,0.1129,0.0224,0.0029,0.0051,0.0000,0.0000,0.0003,0.0161,0.0012,0.0000,0.0003,0.0116,0.0777,0.4603,0.0227,0.0216,0.0278,0.0079,0.0087,0.0112,0.0015,0.0029,0.0034,0.0035
0.0241,0.0394,0.0544,0.1307,0.0177,0.0211,0.0082,0.0043,0.0065,0.0006,0.0013,0.0001,0.0012,0.0109,0.0764,0.0003,0.0269,0.0401,0.0288,0.0173,0.0071,0.0056,0.0053,0.0057,0.0071,0.0015,0.0053,0.0032,0.0020
0.0387,0.0691,0.0367,0.1811,0.0057,0.0198,0.0095,0.0043,0.0149,0.0006,0.0008,0.0004,0.0000,0.0764,0.0212,0.1084,0.0010,0.0628,0.0197,0.0069,0.0100,0.0037,0.0029,0.0060,0.0047,0.0038,0.0047,0.0031,0.0029
0.0536,0.0244,0.0133,0.0982,0.0073,0.0550,0.0090,0.0052,0.0048,0.0048,0.0028,0.0016,0.0003,0.0003,0.1084,0.0988,0.0099,0.0002,0.0021,0.0047,0.0045,0.0103,0.0109,0.0080,0.0179,0.0055,0.0058,0.0044,0.0051
0.0296,0.0120,0.0091,0.0136,0.0062,0.0131,0.0100,0.0051,0.0062,0.0074,0.0134,0.0036,0.0116,0.0269,0.0010,0.0099,0.0126,0.0080,0.0001,0.0036,0.0037,0.0081,0.0150,0.0124,0.0081,0.0104,0.0069,0.0059,0.0082
0.0110,0.0070,0.0044,0.0090,0.0044,0.0148,0.0093,0.0058,0.0168,0.0045,0.0100,0.0055,0.0777,0.0401,0.0628,0.0002,0.0080,0.0075,0.0024,0.0005,0.0011,0.0068,0.0098,0.0143,0.0080,0.0248,0.0057,0.0053,0.0062
0.0260,0.0074,0.0088,0.0402,0.0054,0.0205,0.0221,0.0041,0.0203,0.0017,0.0153,0.0061,0.4603,0.0288,0.0197,0.0021,0.0001,0.0024,0.0039,0.0092,0.0001,0.0013,0.0132,0.0080,0.0139,0.0092,0.0062,0.0051,0.0046
0.0153,0.0059,0.0035,0.0074,0.0035,0.0108,0.0201,0.0229,0.0132,0.0019,0.0042,0.0030,0.0227,0.0173,0.0069,0.0047,0.0036,0.0005,0.0092,0.0311,0.0162,0.0002,0.0049,0.0228,0.0084,0.0296,0.0081,0.0103,0.0071
0.0248,0.0055,0.0029,0.0098,0.0046,0.0122,0.0230,0.0192,0.0527,0.0101,0.0173,0.0057,0.0216,0.0071,0.0100,0.0045,0.0037,0.0011,0.0001,0.0162,0.0104,0.0119,0.0015,0.0022,0.0039,0.0105,0.0082,0.0123,0.0087
0.0126,0.0050,0.0041,0.0084,0.0039,0.0446,0.0265,0.0646,0.0524,0.0072,0.0212,0.0066,0.0278,0.0056,0.0037,0.0103,0.0081,0.0068,0.0013,0.0002,0.0119,0.0135,0.0039,0.0000,0.0003,0.0142,0.0082,0.0504,0.0340
0.0147,0.0065,0.0037,0.0097,0.0043,0.0195,0.0114,0.0199,0.0334,0.0056,0.0063,0.0056,0.0079,0.0053,0.0029,0.0109,0.0150,0.0098,0.0132,0.0049,0.0015,0.0039,0.0111,0.0021,0.0002,0.0030,0.0164,0.0247,0.0272
0.0124,0.0070,0.0044,0.0080,0.0048,0.0176,0.0165,0.0484,0.0634,0.0054,0.0103,0.0066,0.0087,0.0057,0.0060,0.0080,0.0124,0.0143,0.0080,0.0228,0.0022,0.0000,0.0021,0.0211,0.0176,0.0001,0.0023,0.0192,0.0425
0.0065,0.0053,0.0023,0.0034,0.0046,0.0136,0.0106,0.0192,0.0770,0.0060,0.0096,0.0085,0.0112,0.0071,0.0047,0.0179,0.0081,0.0080,0.0139,0.0084,0.0039,0.0003,0.0002,0.0176,0.0444,0.0865,0.0005,0.0044,0.0202
0.0037,0.0078,0.0040,0.0032,0.0037,0.0184,0.0081,0.0424,0.0780,0.0021,0.0095,0.0035,0.0015,0.0015,0.0038,0.0055,0.0104,0.0248,0.0092,0.0296,0.0105,0.0142,0.0030,0.0001,0.0865,0.0026,0.1153,0.0007,0.0269
0.0076,0.0073,0.0034,0.0042,0.0049,0.0173,0.0092,0.0256,0.0407,0.0060,0.0070,0.0054,0.0029,0.0053,0.0047,0.0058,0.0069,0.0057,0.0062,0.0081,0.0082,0.0082,0.0164,0.0023,0.0005,0.1153,0.0280,0.0173,0.0005
0.0039,0.0060,0.0027,0.0035,0.0046,0.0197,0.0156,0.0293,0.0365,0.0056,0.0052,0.0050,0.0034,0.0032,0.0031,0.0044,0.0059,0.0053,0.0051,0.0103,0.0123,0.0504,0.0247,0.0192,0.0044,0.0007,0.0173,0.0384,0.0006
0.0016,0.0028,0.0022,0.0027,0.0067,0.0451,0.0241,0.1753,0.1181,0.0067,0.0054,0.0039,0.0035,0.0020,0.0029,0.0051,0.0082,0.0062,0.0046,0.0071,0.0087,0.0340,0.0272,0.0425,0.0202,0.0269,0.0005,0.0006,0.0006
