c1,c2,c3,c4,c5,c6,c7,c8,c9,c10,c11,c12,c13,c14,c15,c16,c17,c18,c19,c20,c21,c22,c23,c24,c25,c26,c27,c28,c29
0.0223,0.0153,0.0002,0.0001,0.0072,0.0004,0.0309,0.0093,0.0041,0.0368,0.0056,0.1976,0.0207,0.0635,0.0334,0.0307,0.0089,0.0075,0.0056,0.0070,0.0026,0.0032,0.0058,0.0065,0.0040,0.0056,0.0118,0.0070,0.0051
0.0153,0.0888,0.0189,0.0000,0.0069,0.0004,0.0130,0.0038,0.0037,0.0145,0.0053,0.5185,0.0647,0.0323,0.0417,0.0233,0.0057,0.0064,0.0060,0.0046,0.0029,0.0049,0.0036,0.0037,0.0046,0.0043,0.0050,0.0034,0.0034
0.0002,0.0189,0.0749,0.0003,0.0001,0.0000,0.0039,0.0025,0.0053,0.0176,0.0079,0.9916,0.0291,0.1938,0.0604,0.0326,0.0057,0.0070,0.0082,0.0041,0.0013,0.0056,0.0058,0.0048,0.0075,0.0086,0.0053,0.0046,0.0146
0.0001,0.0000,0.0003,0.0001,0.0033,0.0000,0.0006,0.0002,0.0003,0.0205,0.0196,0.3136,0.9991,0.3158,0.9178,0.9825,0.0164,0.0221,0.1209,0.0107,0.0008,0.0262,0.0143,0.0031,0.0093,0.0059,0.0035,0.0048,0.0060
0.0072,0.0069,0.0001,0.0033,0.0862,0.0001,0.0003,0.0010,0.0018,0.9433,0.0148,0.9937,0.0070,0.0084,0.0084,0.0064,0.0043,0.0046,0.0144,0.0048,0.0019,0.0123,0.0063,0.0043,0.0044,0.0046,0.0027,0.0030,0.0057
0.0004,0.0004,0.0000,0.0000,0.0001,0.0001,0.0047,0.0001,0.0000,0.0204,0.1568,0.1592,0.0841,0.0223,0.0585,0.1052,0.0123,0.0174,0.1508,0.0069,0.1375,0.7642,0.0663,0.0051,0.2597,0.0485,0.0261,0.0646,0.0305
0.0309,0.0130,0.0039,0.0006,0.0003,0.0047,0.1510,0.0165,0.0000,0.0137,0.0008,0.0043,0.0062,0.0060,0.0081,0.0202,0.0074,0.0060,0.0539,0.0129,0.0025,0.0141,0.0289,0.0091,0.0133,0.0305,0.0076,0.0239,0.0245
0.0093,0.0038,0.0025,0.0002,0.0010,0.0001,0.0165,0.0033,0.0041,0.0010,0.0017,0.0017,0.0036,0.0053,0.0068,0.0098,0.0047,0.0173,0.0456,0.0064,0.0348,0.1592,0.0203,0.0138,0.3954,0.1958,0.0009,0.0365,0.0146
0.0041,0.0037,0.0053,0.0003,0.0018,0.0000,0.0000,0.0041,0.0000,0.0088,0.0000,0.0012,0.0060,0.0162,0.0800,0.0489,0.0059,0.0840,0.1377,0.0126,0.5413,0.6848,0.1006,0.0101,0.5289,0.0602,0.0225,0.0238,0.0088
0.0368,0.0145,0.0176,0.0205,0.9433,0.0204,0.0137,0.0010,0.0088,0.4467,0.0008,0.0000,0.0000,0.0009,0.0009,0.0084,0.0081,0.0050,0.0203,0.0062,0.0073,0.0332,0.0107,0.0110,0.0096,0.0072,0.0036,0.0064,0.0093
0.0056,0.0053,0.0079,0.0196,0.0148,0.1568,0.0008,0.0017,0.0000,0.0008,0.0780,0.0312,0.0000,0.0010,0.0024,0.0041,0.0486,0.0868,0.0134,0.0117,0.6725,0.0275,0.0070,0.0383,0.0827,0.0123,0.0091,0.0071,0.0063
0.1976,0.5185,0.9916,0.3136,0.9937,0.1592,0.0043,0.0017,0.0012,0.0000,0.0312,0.0226,0.0004,0.0000,0.0008,0.0005,0.0016,0.0073,0.0032,0.0011,0.0064,0.0015,0.0014,0.0030,0.0030,0.0018,0.0015,0.0013,0.0019
0.0207,0.0647,0.0291,0.9991,0.0070,0.0841,0.0062,0.0036,0.0060,0.0000,0.0000,0.0004,0.0002,0.0103,0.0000,0.0003,0.0009,0.1754,0.8244,0.0102,0.1471,0.2214,0.0044,0.0055,0.0060,0.0205,0.0038,0.0038,0.0035
0.0635,0.0323,0.1938,0.3158,0.0084,0.0223,0.0060,0.0053,0.0162,0.0009,0.0010,0.0000,0.0103,0.0462,0.0591,0.0002,0.0543,0.0207,0.0023,0.0085,0.0095,0.0025,0.0031,0.0054,0.0017,0.0031,0.0044,0.0018,0.0029
0.0334,0.0417,0.0604,0.9178,0.0084,0.0585,0.0081,0.0068,0.0800,0.0009,0.0024,0.0008,0.0000,0.0591,0.0290,0.0059,0.0003,0.0236,0.0004,0.0040,0.0309,0.0017,0.0033,0.0067,0.0031,0.0037,0.0033,0.0050,0.0055
0.0307,0.0233,0.0326,0.9825,0.0064,0.1052,0.0202,0.0098,0.0489,0.0084,0.0041,0.0005,0.0003,0.0002,0.0059,0.0260,0.0910,0.0001,0.0017,0.0288,0.0008,0.0026,0.0072,0.0056,0.0007,0.0029,0.0025,0.0040,0.0053
0.0089,0.0057,0.0057,0.0164,0.0043,0.0123,0.0074,0.0047,0.0059,0.0081,0.0486,0.0016,0.0009,0.0543,0.0003,0.0910,0.0427,0.0215,0.0001,0.1361,0.0742,0.0010,0.0101,0.0083,0.0058,0.0024,0.0032,0.0032,0.0115
0.0075,0.0064,0.0070,0.0221,0.0046,0.0174,0.0060,0.0173,0.0840,0.0050,0.0868,0.0073,0.1754,0.0207,0.0236,0.0001,0.0215,0.0172,0.0004,0.0005,0.0012,0.0006,0.0032,0.0139,0.0061,0.0044,0.0094,0.0041,0.0141
0.0056,0.0060,0.0082,0.1209,0.0144,0.1508,0.0539,0.0456,0.1377,0.0203,0.0134,0.0032,0.8244,0.0023,0.0004,0.0017,0.0001,0.0004,0.0231,0.0098,0.0000,0.0001,0.0067,0.0041,0.0191,0.0139,0.0074,0.0075,0.0426
0.0070,0.0046,0.0041,0.0107,0.0048,0.0069,0.0129,0.0064,0.0126,0.0062,0.0117,0.0011,0.0102,0.0085,0.0040,0.0288,0.1361,0.0005,0.0098,0.0180,0.0065,0.0001,0.0225,0.0315,0.0066,0.0057,0.0066,0.0026,0.0266
0.0026,0.0029,0.0013,0.0008,0.0019,0.1375,0.0025,0.0348,0.5413,0.0073,0.6725,0.0064,0.1471,0.0095,0.0309,0.0008,0.0742,0.0012,0.0000,0.0065,0.0007,0.0001,0.0001,0.0035,0.3285,0.0286,0.0501,0.0185,0.0100
0.0032,0.0049,0.0056,0.0262,0.0123,0.7642,0.0141,0.1592,0.6848,0.0332,0.0275,0.0015,0.2214,0.0025,0.0017,0.0026,0.0010,0.0006,0.0001,0.0001,0.0001,0.0003,0.0010,0.0001,0.0007,0.0068,0.1854,0.5297,0.1956
0.0058,0.0036,0.0058,0.0143,0.0063,0.0663,0.0289,0.0203,0.1006,0.0107,0.0070,0.0014,0.0044,0.0031,0.0033,0.0072,0.0101,0.0032,0.0067,0.0225,0.0001,0.0010,0.0286,0.0217,0.0000,0.0010,0.0383,0.0461,0.3775
0.0065,0.0037,0.0048,0.0031,0.0043,0.0051,0.0091,0.0138,0.0101,0.0110,0.0383,0.0030,0.0055,0.0054,0.0067,0.0056,0.0083,0.0139,0.0041,0.0315,0.0035,0.0001,0.0217,0.3241,0.0031,0.0002,0.0414,0.0053,0.0332
0.0040,0.0046,0.0075,0.0093,0.0044,0.2597,0.0133,0.3954,0.5289,0.0096,0.0827,0.0030,0.0060,0.0017,0.0031,0.0007,0.0058,0.0061,0.0191,0.0066,0.3285,0.0007,0.0000,0.0031,0.0498,0.0018,0.0016,0.0010,0.0012
0.0056,0.0043,0.0086,0.0059,0.0046,0.0485,0.0305,0.1958,0.0602,0.0072,0.0123,0.0018,0.0205,0.0031,0.0037,0.0029,0.0024,0.0044,0.0139,0.0057,0.0286,0.0068,0.0010,0.0002,0.0018,0.1014,0.1346,0.0002,0.0015
0.0118,0.0050,0.0053,0.0035,0.0027,0.0261,0.0076,0.0009,0.0225,0.0036,0.0091,0.0015,0.0038,0.0044,0.0033,0.0025,0.0032,0.0094,0.0074,0.0066,0.0501,0.1854,0.0383,0.0414,0.0016,0.1346,0.0018,0.0267,0.0002
0.0070,0.0034,0.0046,0.0048,0.0030,0.0646,0.0239,0.0365,0.0238,0.0064,0.0071,0.0013,0.0038,0.0018,0.0050,0.0040,0.0032,0.0041,0.0075,0.0026,0.0185,0.5297,0.0461,0.0053,0.0010,0.0002,0.0267,0.0206,0.0018
0.0051,0.0034,0.0146,0.0060,0.0057,0.0305,0.0245,0.0146,0.0088,0.0093,0.0063,0.0019,0.0035,0.0029,0.0055,0.0053,0.0115,0.0141,0.0426,0.0266,0.0100,0.1956,0.3775,0.0332,0.0012,0.0015,0.0002,0.0018,0.0000