c1,c2,c3,c4,c5,c6,c7,c8,c9,c10,c11,c12,c13,c14,c15,c16,c17,c18,c19,c20,c21,c22,c23,c24,c25,c26,c27,c28,c29
0.0090,0.0023,0.0002,0.0000,0.0046,0.0006,0.0215,0.0044,0.0085,0.0572,0.0069,0.2403,0.0294,0.3570,0.0810,0.1243,0.0124,0.0094,0.0127,0.0072,0.0034,0.0035,0.0039,0.0045,0.0024,0.0020,0.0056,0.0041,0.0065
0.0023,0.0227,0.0069,0.0000,0.0021,0.0003,0.0055,0.0011,0.0047,0.0182,0.0039,0.6611,0.2275,0.1336,0.8599,0.0487,0.0056,0.0376,0.0092,0.0030,0.0041,0.0050,0.0020,0.0019,0.0059,0.0016,0.0035,0.0021,0.0032
0.0002,0.0069,0.0322,0.0000,0.0000,0.0000,0.0020,0.0004,0.0098,0.0214,0.0129,1.0000,0.0421,0.8399,0.1268,0.0305,0.0056,0.0112,0.0085,0.0035,0.0047,0.0054,0.0015,0.0032,0.0106,0.0027,0.0023,0.0022,0.0039
0.0000,0.0000,0.0000,0.0000,0.0020,0.0000,0.0002,0.0002,0.0005,0.0388,0.0088,0.2776,1.0000,0.7894,0.9999,0.3207,0.0070,0.9994,0.0243,0.0019,0.0036,0.0714,0.0008,0.0010,0.0140,0.0006,0.0004,0.0009,0.0013
0.0046,0.0021,0.0000,0.0020,0.3079,0.0001,0.0005,0.0004,0.0005,0.9713,0.0222,0.9995,0.0128,0.0087,0.0124,0.0042,0.0028,0.0286,0.0056,0.0023,0.0126,0.0193,0.0024,0.0022,0.0156,0.0025,0.0023,0.0018,0.0037
0.0006,0.0003,0.0000,0.0000,0.0001,0.0057,0.0089,0.0001,0.0008,0.0346,0.1237,0.0799,0.0382,0.0104,0.0381,0.0190,0.0067,0.1479,0.0110,0.0029,0.8641,0.1763,0.0075,0.0039,0.9856,0.0403,0.0035,0.0082,0.0071
0.0215,0.0055,0.0020,0.0002,0.0005,0.0089,0.3783,0.0295,0.0000,0.0175,0.0009,0.0039,0.0025,0.0033,0.0049,0.0080,0.0055,0.0222,0.0296,0.0044,0.0203,0.6587,0.0035,0.0040,0.0646,0.0655,0.0064,0.0178,0.0103
0.0044,0.0011,0.0004,0.0002,0.0004,0.0001,0.0295,0.0104,0.0019,0.0003,0.0014,0.0004,0.0010,0.0024,0.0024,0.0018,0.0035,0.0165,0.0058,0.0028,0.2448,0.8786,0.0046,0.0132,0.9998,0.5434,0.0041,0.0207,0.0085
0.0085,0.0047,0.0098,0.0005,0.0005,0.0008,0.0000,0.0019,0.0000,0.0050,0.0000,0.0002,0.0050,0.0111,0.0435,0.0117,0.0062,0.0759,0.0129,0.0049,0.9995,0.0886,0.0079,0.0090,0.9987,0.0937,0.0166,0.0071,0.0100
0.0572,0.0182,0.0214,0.0388,0.9713,0.0346,0.0175,0.0003,0.0050,0.5375,0.0004,0.0000,0.0000,0.0006,0.0006,0.0089,0.0084,0.0072,0.0044,0.0042,0.1066,0.0085,0.0042,0.0142,0.0528,0.0041,0.0029,0.0050,0.0078
0.0069,0.0039,0.0129,0.0088,0.0222,0.1237,0.0009,0.0014,0.0000,0.0004,0.0774,0.0197,0.0000,0.0008,0.0006,0.0023,0.2216,0.0165,0.0053,0.0221,0.5895,0.0082,0.0035,0.3710,0.5534,0.0084,0.0097,0.0052,0.0045
0.2403,0.6611,1.0000,0.2776,0.9995,0.0799,0.0039,0.0004,0.0002,0.0000,0.0197,0.2292,0.0008,0.0000,0.0004,0.0010,0.0012,0.0049,0.0017,0.0015,0.0042,0.0004,0.0006,0.0029,0.0034,0.0007,0.0008,0.0007,0.0010
0.0294,0.2275,0.0421,1.0000,0.0128,0.0382,0.0025,0.0010,0.0050,0.0000,0.0000,0.0008,0.0014,0.0078,0.0000,0.0001,0.0591,0.9481,0.0104,0.0125,0.2235,0.0049,0.0015,0.0110,0.0062,0.0026,0.0027,0.0013,0.0016
0.3570,0.1336,0.8399,0.7894,0.0087,0.0104,0.0033,0.0024,0.0111,0.0006,0.0008,0.0000,0.0078,0.0138,0.0046,0.0031,0.8336,0.0003,0.0014,0.0094,0.0029,0.0017,0.0030,0.0060,0.0012,0.0009,0.0061,0.0011,0.0022
0.0810,0.8599,0.1268,0.9999,0.0124,0.0381,0.0049,0.0024,0.0435,0.0006,0.0006,0.0004,0.0000,0.0046,0.0419,0.0899,0.0001,0.0003,0.0088,0.0065,0.0018,0.0007,0.0042,0.0035,0.0007,0.0031,0.0056,0.0031,0.0031
0.1243,0.0487,0.0305,0.3207,0.0042,0.0190,0.0080,0.0018,0.0117,0.0089,0.0023,0.0010,0.0001,0.0031,0.0899,0.0955,0.0317,0.0000,0.0078,0.0059,0.0026,0.0032,0.0159,0.0124,0.0019,0.0031,0.0046,0.0026,0.0136
0.0124,0.0056,0.0056,0.0070,0.0028,0.0067,0.0055,0.0035,0.0062,0.0084,0.2216,0.0012,0.0591,0.8336,0.0001,0.0317,0.1493,0.0001,0.0003,0.5209,0.0010,0.0006,0.0101,0.0303,0.0015,0.0019,0.0097,0.0013,0.0092
0.0094,0.0376,0.0112,0.9994,0.0286,0.1479,0.0222,0.0165,0.0759,0.0072,0.0165,0.0049,0.9481,0.0003,0.0003,0.0000,0.0001,0.0095,0.0172,0.0003,0.0000,0.0084,0.0011,0.0050,0.0005,0.0050,0.0017,0.0021,0.0065
0.0127,0.0092,0.0085,0.0243,0.0056,0.0110,0.0296,0.0058,0.0129,0.0044,0.0053,0.0017,0.0104,0.0014,0.0088,0.0078,0.0003,0.0172,0.0513,0.1110,0.0000,0.0011,0.0893,0.0072,0.0023,0.0195,0.0210,0.0155,0.0413
0.0072,0.0030,0.0035,0.0019,0.0023,0.0029,0.0044,0.0028,0.0049,0.0042,0.0221,0.0015,0.0125,0.0094,0.0065,0.0059,0.5209,0.0003,0.1110,0.2827,0.0002,0.0002,0.0517,0.1620,0.0034,0.0126,0.0126,0.0027,0.0179
0.0034,0.0041,0.0047,0.0036,0.0126,0.8641,0.0203,0.2448,0.9995,0.1066,0.5895,0.0042,0.2235,0.0029,0.0018,0.0026,0.0010,0.0000,0.0000,0.0002,0.5692,0.0000,0.0000,0.0008,0.0090,0.0083,0.0055,0.0014,0.0031
0.0035,0.0050,0.0054,0.0714,0.0193,0.1763,0.6587,0.8786,0.0886,0.0085,0.0082,0.0004,0.0049,0.0017,0.0007,0.0032,0.0006,0.0084,0.0011,0.0002,0.0000,0.0135,0.0021,0.0001,0.0000,0.0741,0.0258,0.5591,0.0730
0.0039,0.0020,0.0015,0.0008,0.0024,0.0075,0.0035,0.0046,0.0079,0.0042,0.0035,0.0006,0.0015,0.0030,0.0042,0.0159,0.0101,0.0011,0.0893,0.0517,0.0000,0.0021,0.5790,0.0106,0.0000,0.0254,0.3323,0.8073,0.9678
0.0045,0.0019,0.0032,0.0010,0.0022,0.0039,0.0040,0.0132,0.0090,0.0142,0.3710,0.0029,0.0110,0.0060,0.0035,0.0124,0.0303,0.0050,0.0072,0.1620,0.0008,0.0001,0.0106,0.3116,0.0003,0.0007,0.0544,0.0154,0.0482
0.0024,0.0059,0.0106,0.0140,0.0156,0.9856,0.0646,0.9998,0.9987,0.0528,0.5534,0.0034,0.0062,0.0012,0.0007,0.0019,0.0015,0.0005,0.0023,0.0034,0.0090,0.0000,0.0000,0.0003,0.0042,0.0001,0.0002,0.0002,0.0002
0.0020,0.0016,0.0027,0.0006,0.0025,0.0403,0.0655,0.5434,0.0937,0.0041,0.0084,0.0007,0.0026,0.0009,0.0031,0.0031,0.0019,0.0050,0.0195,0.0126,0.0083,0.0741,0.0254,0.0007,0.0001,0.5872,0.2763,0.0023,0.0004
0.0056,0.0035,0.0023,0.0004,0.0023,0.0035,0.0064,0.0041,0.0166,0.0029,0.0097,0.0008,0.0027,0.0061,0.0056,0.0046,0.0097,0.0017,0.0210,0.0126,0.0055,0.0258,0.3323,0.0544,0.0002,0.2763,0.0190,0.2812,0.0008
0.0041,0.0021,0.0022,0.0009,0.0018,0.0082,0.0178,0.0207,0.0071,0.0050,0.0052,0.0007,0.0013,0.0011,0.0031,0.0026,0.0013,0.0021,0.0155,0.0027,0.0014,0.5591,0.8073,0.0154,0.0002,0.0023,0.2812,0.1198,0.1022
0.0065,0.0032,0.0039,0.0013,0.0037,0.0071,0.0103,0.0085,0.0100,0.0078,0.0045,0.0010,0.0016,0.0022,0.0031,0.0136,0.0092,0.0065,0.0413,0.0179,0.0031,0.0730,0.9678,0.0482,0.0002,0.0004,0.0008,0.1022,0.0033