c1,c2,c3,c4,c5,c6,c7,c8,c9,c10,c11,c12,c13,c14,c15,c16,c17,c18,c19,c20,c21,c22,c23,c24,c25,c26,c27,c28,c29
0.0070,0.0044,0.0002,0.0000,0.0052,0.0006,0.0303,0.0100,0.0062,0.0331,0.0082,0.2618,0.0417,0.1613,0.0450,0.0404,0.0135,0.0087,0.0071,0.0085,0.0020,0.0025,0.0048,0.0077,0.0045,0.0053,0.0092,0.0054,0.0042
0.0044,0.0448,0.0118,0.0000,0.0027,0.0003,0.0068,0.0036,0.0045,0.0137,0.0071,0.5922,0.0755,0.1212,0.0529,0.0866,0.0160,0.0064,0.0095,0.0058,0.0031,0.0034,0.0028,0.0043,0.0042,0.0038,0.0046,0.0040,0.0054
0.0002,0.0118,0.0297,0.0001,0.0001,0.0000,0.0020,0.0022,0.0039,0.0159,0.0103,0.9959,0.0237,0.4447,0.0602,0.0683,0.0136,0.0087,0.0115,0.0040,0.0012,0.0039,0.0040,0.0059,0.0063,0.0082,0.0051,0.0051,0.0156
0.0000,0.0000,0.0001,0.0002,0.0019,0.0000,0.0004,0.0002,0.0008,0.0247,0.0286,0.4061,0.9992,0.5196,0.7940,0.9962,0.0198,0.0139,0.2393,0.0114,0.0021,0.0173,0.0112,0.0019,0.0070,0.0045,0.0026,0.0054,0.0071
0.0052,0.0027,0.0001,0.0019,0.0976,0.0001,0.0007,0.0006,0.0012,0.9863,0.0236,0.9990,0.0113,0.0106,0.0087,0.0058,0.0035,0.0037,0.0145,0.0032,0.0012,0.0104,0.0095,0.0030,0.0032,0.0040,0.0025,0.0028,0.0046
0.0006,0.0003,0.0000,0.0000,0.0001,0.0007,0.0037,0.0001,0.0007,0.0189,0.2129,0.1028,0.0965,0.0106,0.0542,0.0174,0.0036,0.0150,0.1520,0.0058,0.3305,0.6957,0.0575,0.0045,0.1689,0.0558,0.0370,0.0591,0.0163
0.0303,0.0068,0.0020,0.0004,0.0007,0.0037,0.1405,0.0491,0.0000,0.0182,0.0008,0.0054,0.0063,0.0049,0.0059,0.0183,0.0061,0.0053,0.1413,0.0157,0.0014,0.0095,0.0616,0.0065,0.0111,0.0246,0.0060,0.0266,0.0158
0.0100,0.0036,0.0022,0.0002,0.0006,0.0001,0.0491,0.0027,0.0090,0.0014,0.0020,0.0021,0.0028,0.0030,0.0055,0.0053,0.0056,0.0194,0.0702,0.0039,0.0337,0.0861,0.0381,0.0080,0.2469,0.2106,0.0011,0.0588,0.0156
0.0062,0.0045,0.0039,0.0008,0.0012,0.0007,0.0000,0.0090,0.0000,0.0139,0.0000,0.0007,0.0047,0.0048,0.0417,0.0153,0.0057,0.1360,0.0795,0.0065,0.5817,0.5018,0.0375,0.0041,0.5139,0.0692,0.0324,0.0272,0.0102
0.0331,0.0137,0.0159,0.0247,0.9863,0.0189,0.0182,0.0014,0.0139,0.2931,0.0008,0.0000,0.0000,0.0011,0.0006,0.0079,0.0079,0.0049,0.0264,0.0028,0.0027,0.0200,0.0091,0.0062,0.0084,0.0088,0.0035,0.0078,0.0103
0.0082,0.0071,0.0103,0.0286,0.0236,0.2129,0.0008,0.0020,0.0000,0.0008,0.1173,0.0247,0.0000,0.0006,0.0010,0.0016,0.0673,0.0624,0.0123,0.0101,0.7954,0.0213,0.0075,0.0196,0.0750,0.0227,0.0103,0.0090,0.0089
0.2618,0.5922,0.9959,0.4061,0.9990,0.1028,0.0054,0.0021,0.0007,0.0000,0.0247,0.1073,0.0001,0.0000,0.0003,0.0006,0.0017,0.0056,0.0030,0.0010,0.0027,0.0012,0.0010,0.0022,0.0018,0.0020,0.0011,0.0011,0.0019
0.0417,0.0755,0.0237,0.9992,0.0113,0.0965,0.0063,0.0028,0.0047,0.0000,0.0000,0.0001,0.0033,0.0104,0.0000,0.0002,0.0013,0.1278,0.6394,0.0047,0.2279,0.2530,0.0037,0.0022,0.0089,0.0339,0.0055,0.0047,0.0033
0.1613,0.1212,0.4447,0.5196,0.0106,0.0106,0.0049,0.0030,0.0048,0.0011,0.0006,0.0000,0.0104,0.0147,0.1499,0.0013,0.1271,0.0345,0.0015,0.0046,0.0038,0.0007,0.0030,0.0027,0.0011,0.0030,0.0038,0.0015,0.0024
0.0450,0.0529,0.0602,0.7940,0.0087,0.0542,0.0059,0.0055,0.0417,0.0006,0.0010,0.0003,0.0000,0.1499,0.0286,0.0027,0.0111,0.0153,0.0002,0.0049,0.0342,0.0009,0.0026,0.0144,0.0058,0.0064,0.0070,0.0080,0.0036
0.0404,0.0866,0.0683,0.9962,0.0058,0.0174,0.0183,0.0053,0.0153,0.0079,0.0016,0.0006,0.0002,0.0013,0.0027,0.0382,0.0123,0.0001,0.0005,0.0340,0.0008,0.0028,0.0083,0.0054,0.0010,0.0033,0.0025,0.0076,0.0173
0.0135,0.0160,0.0136,0.0198,0.0035,0.0036,0.0061,0.0056,0.0057,0.0079,0.0673,0.0017,0.0013,0.1271,0.0111,0.0123,0.1927,0.0124,0.0000,0.0674,0.0055,0.0006,0.0081,0.0253,0.0032,0.0039,0.0055,0.0031,0.0121
0.0087,0.0064,0.0087,0.0139,0.0037,0.0150,0.0053,0.0194,0.1360,0.0049,0.0624,0.0056,0.1278,0.0345,0.0153,0.0001,0.0124,0.0233,0.0002,0.0012,0.0010,0.0012,0.0033,0.0273,0.0046,0.0044,0.0081,0.0035,0.0129
0.0071,0.0095,0.0115,0.2393,0.0145,0.1520,0.1413,0.0702,0.0795,0.0264,0.0123,0.0030,0.6394,0.0015,0.0002,0.0005,0.0000,0.0002,0.0678,0.0255,0.0000,0.0001,0.0278,0.0044,0.0130,0.0175,0.0073,0.0102,0.0319
0.0085,0.0058,0.0040,0.0114,0.0032,0.0058,0.0157,0.0039,0.0065,0.0028,0.0101,0.0010,0.0047,0.0046,0.0049,0.0340,0.0674,0.0012,0.0255,0.1002,0.0033,0.0001,0.0342,0.0486,0.0048,0.0083,0.0068,0.0031,0.0342
0.0020,0.0031,0.0012,0.0021,0.0012,0.3305,0.0014,0.0337,0.5817,0.0027,0.7954,0.0027,0.2279,0.0038,0.0342,0.0008,0.0055,0.0010,0.0000,0.0033,0.0003,0.0003,0.0002,0.0079,0.7010,0.0976,0.0365,0.0292,0.0070
0.0025,0.0034,0.0039,0.0173,0.0104,0.6957,0.0095,0.0861,0.5018,0.0200,0.0213,0.0012,0.2530,0.0007,0.0009,0.0028,0.0006,0.0012,0.0001,0.0001,0.0003,0.0020,0.0011,0.0002,0.0017,0.0113,0.3344,0.4519,0.1352
0.0048,0.0028,0.0040,0.0112,0.0095,0.0575,0.0616,0.0381,0.0375,0.0091,0.0075,0.0010,0.0037,0.0030,0.0026,0.0083,0.0081,0.0033,0.0278,0.0342,0.0002,0.0011,0.0196,0.0242,0.0000,0.0005,0.0288,0.0381,0.3960
0.0077,0.0043,0.0059,0.0019,0.0030,0.0045,0.0065,0.0080,0.0041,0.0062,0.0196,0.0022,0.0022,0.0027,0.0144,0.0054,0.0253,0.0273,0.0044,0.0486,0.0079,0.0002,0.0242,0.5270,0.0053,0.0002,0.0448,0.0039,0.0228
0.0045,0.0042,0.0063,0.0070,0.0032,0.1689,0.0111,0.2469,0.5139,0.0084,0.0750,0.0018,0.0089,0.0011,0.0058,0.0010,0.0032,0.0046,0.0130,0.0048,0.7010,0.0017,0.0000,0.0053,0.1297,0.0017,0.0014,0.0005,0.0010
0.0053,0.0038,0.0082,0.0045,0.0040,0.0558,0.0246,0.2106,0.0692,0.0088,0.0227,0.0020,0.0339,0.0030,0.0064,0.0033,0.0039,0.0044,0.0175,0.0083,0.0976,0.0113,0.0005,0.0002,0.0017,0.0622,0.0582,0.0000,0.0006
0.0092,0.0046,0.0051,0.0026,0.0025,0.0370,0.0060,0.0011,0.0324,0.0035,0.0103,0.0011,0.0055,0.0038,0.0070,0.0025,0.0055,0.0081,0.0073,0.0068,0.0365,0.3344,0.0288,0.0448,0.0014,0.0582,0.0034,0.0185,0.0001
0.0054,0.0040,0.0051,0.0054,0.0028,0.0591,0.0266,0.0588,0.0272,0.0078,0.0090,0.0011,0.0047,0.0015,0.0080,0.0076,0.0031,0.0035,0.0102,0.0031,0.0292,0.4519,0.0381,0.0039,0.0005,0.0000,0.0185,0.0149,0.0043
0.0042,0.0054,0.0156,0.0071,0.0046,0.0163,0.0158,0.0156,0.0102,0.0103,0.0089,0.0019,0.0033,0.0024,0.0036,0.0173,0.0121,0.0129,0.0319,0.0342,0.0070,0.1352,0.3960,0.0228,0.0010,0.0006,0.0001,0.0043,0.0002