c1,c2,c3,c4,c5,c6,c7,c8,c9,c10,c11,c12,c13,c14,c15,c16,c17,c18,c19,c20,c21,c22,c23,c24,c25,c26,c27,c28,c29
0.0530,0.0246,0.0005,0.0000,0.0045,0.0010,0.0208,0.0048,0.0074,0.0359,0.0075,0.4701,0.0161,0.2295,0.0711,0.0750,0.0054,0.0025,0.0077,0.0034,0.0023,0.0016,0.0036,0.0020,0.0030,0.0036,0.0048,0.0034,0.0067
0.0246,0.0917,0.0263,0.0000,0.0022,0.0002,0.0032,0.0013,0.0049,0.0115,0.0064,0.7188,0.1523,0.1270,0.1855,0.0799,0.0034,0.0050,0.0073,0.0022,0.0030,0.0025,0.0021,0.0018,0.0096,0.0029,0.0041,0.0040,0.0081
0.0005,0.0263,0.0726,0.0000,0.0000,0.0000,0.0006,0.0002,0.0077,0.0105,0.0070,0.9999,0.0302,0.9502,0.1560,0.0591,0.0036,0.0042,0.0069,0.0016,0.0025,0.0020,0.0025,0.0019,0.0077,0.0044,0.0043,0.0043,0.0130
0.0000,0.0000,0.0000,0.0001,0.0011,0.0000,0.0000,0.0000,0.0005,0.0090,0.0165,0.1788,0.9999,0.8658,0.9993,0.9906,0.0099,0.9989,0.3261,0.0015,0.0061,0.0304,0.0010,0.0007,0.0078,0.0006,0.0004,0.0012,0.0017
0.0045,0.0022,0.0000,0.0011,0.4775,0.0001,0.0012,0.0003,0.0005,0.9954,0.0170,0.9999,0.0084,0.0052,0.0047,0.0037,0.0018,0.0144,0.0108,0.0013,0.0054,0.0287,0.0040,0.0016,0.0042,0.0020,0.0021,0.0028,0.0049
0.0010,0.0002,0.0000,0.0000,0.0001,0.0433,0.0029,0.0000,0.0012,0.0040,0.0343,0.0760,0.1073,0.0097,0.0530,0.0221,0.0106,0.5338,0.0721,0.0046,0.8063,0.2333,0.0093,0.0041,0.9638,0.0298,0.0065,0.0052,0.0037
0.0208,0.0032,0.0006,0.0000,0.0012,0.0029,0.9308,0.0031,0.0000,0.0143,0.0005,0.0041,0.0026,0.0032,0.0026,0.0156,0.0051,0.0230,0.1211,0.0027,0.0065,0.9938,0.0088,0.0031,0.0327,0.0570,0.0111,0.0284,0.0071
0.0048,0.0013,0.0002,0.0000,0.0003,0.0000,0.0031,0.2037,0.0001,0.0001,0.0003,0.0004,0.0005,0.0013,0.0025,0.0017,0.0030,0.0231,0.0328,0.0062,0.2008,0.9947,0.1850,0.0469,0.9881,0.2931,0.4926,0.0664,0.0090
0.0074,0.0049,0.0077,0.0005,0.0005,0.0012,0.0000,0.0001,0.0006,0.0007,0.0000,0.0003,0.0100,0.0178,0.0953,0.0092,0.0103,0.1404,0.0220,0.0086,0.9844,0.0411,0.0123,0.0080,0.9946,0.0372,0.0832,0.0112,0.0052
0.0359,0.0115,0.0105,0.0090,0.9954,0.0040,0.0143,0.0001,0.0007,0.9497,0.0005,0.0000,0.0000,0.0005,0.0007,0.0079,0.0042,0.0037,0.0248,0.0041,0.0205,0.0389,0.0144,0.0092,0.0339,0.0099,0.0129,0.0211,0.0174
0.0075,0.0064,0.0070,0.0165,0.0170,0.0343,0.0005,0.0003,0.0000,0.0005,0.2922,0.0069,0.0000,0.0017,0.0011,0.0031,0.1068,0.0100,0.0059,0.0216,0.0502,0.0034,0.0085,0.2083,0.2173,0.0212,0.0695,0.0159,0.0082
0.4701,0.7188,0.9999,0.1788,0.9999,0.0760,0.0041,0.0004,0.0003,0.0000,0.0069,0.5889,0.0001,0.0000,0.0003,0.0004,0.0005,0.0019,0.0024,0.0008,0.0035,0.0005,0.0021,0.0027,0.0048,0.0019,0.0010,0.0016,0.0015
0.0161,0.1523,0.0302,0.9999,0.0084,0.1073,0.0026,0.0005,0.0100,0.0000,0.0000,0.0001,0.0001,0.0020,0.0000,0.0001,0.0121,0.9991,0.0126,0.0023,0.2726,0.0024,0.0011,0.0397,0.0455,0.0079,0.0044,0.0015,0.0016
0.2295,0.1270,0.9502,0.8658,0.0052,0.0097,0.0032,0.0013,0.0178,0.0005,0.0017,0.0000,0.0020,0.0684,0.0034,0.0007,0.5772,0.0001,0.0013,0.0204,0.0022,0.0010,0.0057,0.0109,0.0009,0.0026,0.0092,0.0020,0.0033
0.0711,0.1855,0.1560,0.9993,0.0047,0.0530,0.0026,0.0025,0.0953,0.0007,0.0011,0.0003,0.0000,0.0034,0.0302,0.0388,0.0011,0.0002,0.0014,0.0093,0.0047,0.0003,0.0032,0.0155,0.0036,0.0042,0.0136,0.0054,0.0027
0.0750,0.0799,0.0591,0.9906,0.0037,0.0221,0.0156,0.0017,0.0092,0.0079,0.0031,0.0004,0.0001,0.0007,0.0388,0.2119,0.0460,0.0000,0.0068,0.0161,0.0022,0.0023,0.0061,0.0034,0.0007,0.0036,0.0019,0.0035,0.0142
0.0054,0.0034,0.0036,0.0099,0.0018,0.0106,0.0051,0.0030,0.0103,0.0042,0.1068,0.0005,0.0121,0.5772,0.0011,0.0460,0.9810,0.0002,0.0001,0.7839,0.0063,0.0004,0.0077,0.0113,0.0011,0.0017,0.0020,0.0006,0.0127
0.0025,0.0050,0.0042,0.9989,0.0144,0.5338,0.0230,0.0231,0.1404,0.0037,0.0100,0.0019,0.9991,0.0001,0.0002,0.0000,0.0002,0.0812,0.0039,0.0002,0.0014,0.0045,0.0017,0.0089,0.0012,0.0021,0.0007,0.0009,0.0036
0.0077,0.0073,0.0069,0.3261,0.0108,0.0721,0.1211,0.0328,0.0220,0.0248,0.0059,0.0024,0.0126,0.0013,0.0014,0.0068,0.0001,0.0039,0.2012,0.0174,0.0000,0.0005,0.0117,0.0032,0.0087,0.0229,0.0055,0.0081,0.0221
0.0034,0.0022,0.0016,0.0015,0.0013,0.0046,0.0027,0.0062,0.0086,0.0041,0.0216,0.0008,0.0023,0.0204,0.0093,0.0161,0.7839,0.0002,0.0174,0.4968,0.0011,0.0000,0.0793,0.0430,0.0033,0.0344,0.0113,0.0044,0.0346
0.0023,0.0030,0.0025,0.0061,0.0054,0.8063,0.0065,0.2008,0.9844,0.0205,0.0502,0.0035,0.2726,0.0022,0.0047,0.0022,0.0063,0.0014,0.0000,0.0011,0.9946,0.0000,0.0000,0.0016,0.0111,0.0029,0.0039,0.0013,0.0022
0.0016,0.0025,0.0020,0.0304,0.0287,0.2333,0.9938,0.9947,0.0411,0.0389,0.0034,0.0005,0.0024,0.0010,0.0003,0.0023,0.0004,0.0045,0.0005,0.0000,0.0000,0.0858,0.0043,0.0002,0.0001,0.0229,0.0062,0.3144,0.0381
0.0036,0.0021,0.0025,0.0010,0.0040,0.0093,0.0088,0.1850,0.0123,0.0144,0.0085,0.0021,0.0011,0.0057,0.0032,0.0061,0.0077,0.0017,0.0117,0.0793,0.0000,0.0043,0.2742,0.0149,0.0000,0.0040,0.0600,0.4311,0.6307
0.0020,0.0018,0.0019,0.0007,0.0016,0.0041,0.0031,0.0469,0.0080,0.0092,0.2083,0.0027,0.0397,0.0109,0.0155,0.0034,0.0113,0.0089,0.0032,0.0430,0.0016,0.0002,0.0149,0.8836,0.0004,0.0008,0.0434,0.0057,0.0276
0.0030,0.0096,0.0077,0.0078,0.0042,0.9638,0.0327,0.9881,0.9946,0.0339,0.2173,0.0048,0.0455,0.0009,0.0036,0.0007,0.0011,0.0012,0.0087,0.0033,0.0111,0.0001,0.0000,0.0004,0.2732,0.0002,0.0001,0.0002,0.0001
0.0036,0.0029,0.0044,0.0006,0.0020,0.0298,0.0570,0.2931,0.0372,0.0099,0.0212,0.0019,0.0079,0.0026,0.0042,0.0036,0.0017,0.0021,0.0229,0.0344,0.0029,0.0229,0.0040,0.0008,0.0002,0.6605,0.1117,0.0014,0.0005
0.0048,0.0041,0.0043,0.0004,0.0021,0.0065,0.0111,0.4926,0.0832,0.0129,0.0695,0.0010,0.0044,0.0092,0.0136,0.0019,0.0020,0.0007,0.0055,0.0113,0.0039,0.0062,0.0600,0.0434,0.0001,0.1117,0.0232,0.0252,0.0003
0.0034,0.0040,0.0043,0.0012,0.0028,0.0052,0.0284,0.0664,0.0112,0.0211,0.0159,0.0016,0.0015,0.0020,0.0054,0.0035,0.0006,0.0009,0.0081,0.0044,0.0013,0.3144,0.4311,0.0057,0.0002,0.0014,0.0252,0.1737,0.1246
0.0067,0.0081,0.0130,0.0017,0.0049,0.0037,0.0071,0.0090,0.0052,0.0174,0.0082,0.0015,0.0016,0.0033,0.0027,0.0142,0.0127,0.0036,0.0221,0.0346,0.0022,0.0381,0.6307,0.0276,0.0001,0.0005,0.0003,0.1246,0.0482