c1,c2,c3,c4,c5,c6,c7,c8,c9,c10,c11,c12,c13,c14,c15,c16,c17,c18,c19,c20,c21,c22,c23,c24,c25,c26,c27,c28,c29
0.0031,0.0002,0.0000,0.0000,0.0015,0.0001,0.0319,0.0139,0.0267,0.0523,0.0134,0.9944,0.0181,0.5162,0.0527,0.0456,0.0041,0.0030,0.0060,0.0059,0.0035,0.0029,0.0065,0.0038,0.0131,0.0035,0.0068,0.0039,0.0278
0.0002,0.0038,0.0020,0.0000,0.0001,0.0000,0.0009,0.0026,0.0211,0.0130,0.0156,0.1733,0.9556,0.5657,0.9596,0.5009,0.0052,0.1641,0.0804,0.0027,0.0051,0.0130,0.0039,0.0015,0.0091,0.0024,0.0018,0.0024,0.0099
0.0000,0.0020,0.0410,0.0000,0.0003,0.0000,0.0034,0.0030,0.0601,0.2636,0.0304,1.0000,0.0158,0.0314,0.0111,0.0089,0.0019,0.0095,0.0049,0.0016,0.0039,0.0087,0.0030,0.0018,0.0075,0.0042,0.0051,0.0042,0.0114
0.0000,0.0000,0.0000,0.0021,0.0011,0.0000,0.0001,0.0004,0.3830,0.1605,0.0588,0.0522,0.9279,0.1327,0.4060,0.0559,0.0099,0.3511,0.0777,0.0031,0.5938,0.1789,0.0022,0.0014,0.7204,0.0072,0.0019,0.0064,0.0070
0.0015,0.0001,0.0003,0.0011,0.8948,0.0002,0.0004,0.0018,0.0010,0.3447,0.0183,0.9725,0.0159,0.0169,0.0050,0.0052,0.0018,0.0120,0.0098,0.0013,0.0057,0.0768,0.0079,0.0015,0.0095,0.0061,0.0067,0.0074,0.0091
0.0001,0.0000,0.0000,0.0000,0.0002,0.0004,0.0302,0.0013,0.0117,0.0016,0.0103,0.0059,0.0046,0.0017,0.0099,0.0088,0.0028,0.3013,0.0698,0.0015,0.5957,0.9464,0.0028,0.0046,0.9959,0.4876,0.0950,0.2396,0.0087
0.0319,0.0009,0.0034,0.0001,0.0004,0.0302,0.2159,0.7821,0.0000,0.0455,0.0010,0.0056,0.0038,0.0048,0.0044,0.0145,0.0036,0.0060,0.0308,0.0038,0.0039,0.0244,0.0246,0.0038,0.0233,0.0310,0.0138,0.0171,0.0178
0.0139,0.0026,0.0030,0.0004,0.0018,0.0013,0.7821,0.0497,0.0015,0.0013,0.0005,0.0053,0.0025,0.0026,0.0038,0.0024,0.0016,0.0050,0.0067,0.0024,0.0219,0.0405,0.0116,0.0060,0.4331,0.0549,0.0057,0.0177,0.0237
0.0267,0.0211,0.0601,0.3830,0.0010,0.0117,0.0000,0.0015,0.0004,0.0021,0.0000,0.0001,0.0018,0.0275,0.0799,0.0081,0.0045,0.0230,0.0095,0.0052,0.4969,0.0176,0.0065,0.0054,0.8199,0.0250,0.0113,0.0132,0.0100
0.0523,0.0130,0.2636,0.1605,0.3447,0.0016,0.0455,0.0013,0.0021,0.9642,0.0027,0.0000,0.0000,0.0006,0.0008,0.0072,0.0050,0.0045,0.0073,0.0044,0.0109,0.0074,0.0052,0.0040,0.0183,0.0047,0.0056,0.0068,0.0098
0.0134,0.0156,0.0304,0.0588,0.0183,0.0103,0.0010,0.0005,0.0000,0.0027,0.4205,0.0075,0.0000,0.0006,0.0010,0.0056,0.0860,0.0224,0.0050,0.0136,0.1004,0.0050,0.0049,0.1093,0.1123,0.0059,0.0104,0.0090,0.0095
0.9944,0.1733,1.0000,0.0522,0.9725,0.0059,0.0056,0.0053,0.0001,0.0000,0.0075,0.8071,0.0001,0.0000,0.0002,0.0004,0.0007,0.0013,0.0023,0.0011,0.0031,0.0003,0.0010,0.0035,0.0063,0.0012,0.0011,0.0022,0.0024
0.0181,0.9556,0.0158,0.9279,0.0159,0.0046,0.0038,0.0025,0.0018,0.0000,0.0000,0.0001,0.0005,0.0039,0.0000,0.0001,0.0031,0.9879,0.0369,0.0044,0.1151,0.0146,0.0023,0.0246,0.0950,0.0213,0.0081,0.0043,0.0031
0.5162,0.5657,0.0314,0.1327,0.0169,0.0017,0.0048,0.0026,0.0275,0.0006,0.0006,0.0000,0.0039,0.0653,0.0268,0.0008,0.3940,0.0006,0.0049,0.0255,0.0018,0.0019,0.0058,0.0094,0.0009,0.0038,0.0117,0.0029,0.0030
0.0527,0.9596,0.0111,0.4060,0.0050,0.0099,0.0044,0.0038,0.0799,0.0008,0.0010,0.0002,0.0000,0.0268,0.0751,0.0282,0.0014,0.0012,0.0012,0.0136,0.0051,0.0005,0.0056,0.0114,0.0051,0.0049,0.0243,0.0042,0.0033
0.0456,0.5009,0.0089,0.0559,0.0052,0.0088,0.0145,0.0024,0.0081,0.0072,0.0056,0.0004,0.0001,0.0008,0.0282,0.4135,0.1114,0.0000,0.0038,0.0300,0.0027,0.0036,0.0152,0.0224,0.0015,0.0051,0.0024,0.0034,0.0130
0.0041,0.0052,0.0019,0.0099,0.0018,0.0028,0.0036,0.0016,0.0045,0.0050,0.0860,0.0007,0.0031,0.3940,0.0014,0.1114,0.9338,0.0010,0.0002,0.8061,0.0081,0.0005,0.0060,0.0745,0.0011,0.0016,0.0042,0.0008,0.0089
0.0030,0.1641,0.0095,0.3511,0.0120,0.3013,0.0060,0.0050,0.0230,0.0045,0.0224,0.0013,0.9879,0.0006,0.0012,0.0000,0.0010,0.1009,0.0014,0.0009,0.0038,0.0028,0.0043,0.0164,0.0012,0.0022,0.0016,0.0014,0.0055
0.0060,0.0804,0.0049,0.0777,0.0098,0.0698,0.0308,0.0067,0.0095,0.0073,0.0050,0.0023,0.0369,0.0049,0.0012,0.0038,0.0002,0.0014,0.2477,0.0384,0.0000,0.0006,0.0103,0.0061,0.0040,0.0238,0.0083,0.0056,0.0351
0.0059,0.0027,0.0016,0.0031,0.0013,0.0015,0.0038,0.0024,0.0052,0.0044,0.0136,0.0011,0.0044,0.0255,0.0136,0.0300,0.8061,0.0009,0.0384,0.4070,0.0002,0.0003,0.0540,0.1225,0.0015,0.0099,0.0054,0.0031,0.0167
0.0035,0.0051,0.0039,0.5938,0.0057,0.5957,0.0039,0.0219,0.4969,0.0109,0.1004,0.0031,0.1151,0.0018,0.0051,0.0027,0.0081,0.0038,0.0000,0.0002,0.9322,0.0000,0.0000,0.0045,0.0110,0.0104,0.0024,0.0016,0.0046
0.0029,0.0130,0.0087,0.1789,0.0768,0.9464,0.0244,0.0405,0.0176,0.0074,0.0050,0.0003,0.0146,0.0019,0.0005,0.0036,0.0005,0.0028,0.0006,0.0003,0.0000,0.0294,0.0054,0.0002,0.0001,0.0815,0.0164,0.2655,0.3427
0.0065,0.0039,0.0030,0.0022,0.0079,0.0028,0.0246,0.0116,0.0065,0.0052,0.0049,0.0010,0.0023,0.0058,0.0056,0.0152,0.0060,0.0043,0.0103,0.0540,0.0000,0.0054,0.1367,0.0155,0.0000,0.0036,0.0544,0.3058,0.6945
0.0038,0.0015,0.0018,0.0014,0.0015,0.0046,0.0038,0.0060,0.0054,0.0040,0.1093,0.0035,0.0246,0.0094,0.0114,0.0224,0.0745,0.0164,0.0061,0.1225,0.0045,0.0002,0.0155,0.6465,0.0002,0.0008,0.0142,0.0041,0.0177
0.0131,0.0091,0.0075,0.7204,0.0095,0.9959,0.0233,0.4331,0.8199,0.0183,0.1123,0.0063,0.0950,0.0009,0.0051,0.0015,0.0011,0.0012,0.0040,0.0015,0.0110,0.0001,0.0000,0.0002,0.0084,0.0001,0.0004,0.0002,0.0004
0.0035,0.0024,0.0042,0.0072,0.0061,0.4876,0.0310,0.0549,0.0250,0.0047,0.0059,0.0012,0.0213,0.0038,0.0049,0.0051,0.0016,0.0022,0.0238,0.0099,0.0104,0.0815,0.0036,0.0008,0.0001,0.6634,0.0739,0.0006,0.0000
0.0068,0.0018,0.0051,0.0019,0.0067,0.0950,0.0138,0.0057,0.0113,0.0056,0.0104,0.0011,0.0081,0.0117,0.0243,0.0024,0.0042,0.0016,0.0083,0.0054,0.0024,0.0164,0.0544,0.0142,0.0004,0.0739,0.1950,0.0567,0.0001
0.0039,0.0024,0.0042,0.0064,0.0074,0.2396,0.0171,0.0177,0.0132,0.0068,0.0090,0.0022,0.0043,0.0029,0.0042,0.0034,0.0008,0.0014,0.0056,0.0031,0.0016,0.2655,0.3058,0.0041,0.0002,0.0006,0.0567,0.1670,0.0029
0.0278,0.0099,0.0114,0.0070,0.0091,0.0087,0.0178,0.0237,0.0100,0.0098,0.0095,0.0024,0.0031,0.0030,0.0033,0.0130,0.0089,0.0055,0.0351,0.0167,0.0046,0.3427,0.6945,0.0177,0.0004,0.0000,0.0001,0.0029,0.0009