c1,c2,c3,c4,c5,c6,c7,c8,c9,c10,c11,c12,c13,c14,c15,c16,c17,c18,c19,c20,c21,c22,c23,c24,c25,c26,c27,c28,c29
0.0000,0.0023,0.0000,0.0000,0.0066,0.0010,0.0375,0.0347,0.0155,0.0416,0.0072,0.0206,0.0440,0.0298,0.0219,0.0180,0.0275,0.0129,0.0197,0.0172,0.0110,0.0236,0.0157,0.0142,0.0097,0.0130,0.0111,0.0058,0.0058
0.0023,0.0180,0.0145,0.0000,0.0056,0.0024,0.0057,0.0054,0.0063,0.0128,0.0068,0.0389,0.0109,0.0180,0.0332,0.0127,0.0162,0.0142,0.0144,0.0089,0.0095,0.0121,0.0095,0.0087,0.0096,0.0070,0.0050,0.0037,0.0038
0.0000,0.0145,0.0072,0.0007,0.0000,0.0001,0.0051,0.0045,0.0108,0.0250,0.0129,0.5273,0.0538,0.0924,0.0370,0.0251,0.0121,0.0147,0.0178,0.0083,0.0079,0.0179,0.0075,0.0079,0.0088,0.0056,0.0047,0.0032,0.0045
0.0000,0.0000,0.0007,0.0001,0.0047,0.0000,0.0009,0.0008,0.0003,0.0128,0.0160,0.2110,0.9989,0.2154,0.3255,0.2055,0.0421,0.1030,0.0219,0.0320,0.0119,0.0184,0.0195,0.0085,0.0173,0.0076,0.0059,0.0028,0.0034
0.0066,0.0056,0.0000,0.0047,0.0077,0.0002,0.0006,0.0050,0.0028,0.4547,0.0348,0.9245,0.0320,0.0216,0.0138,0.0204,0.0088,0.0076,0.0050,0.0065,0.0074,0.0075,0.0055,0.0051,0.0042,0.0031,0.0028,0.0023,0.0021
0.0010,0.0024,0.0001,0.0000,0.0002,0.0005,0.0206,0.0017,0.0001,0.0111,0.1105,0.1230,0.0680,0.0317,0.0445,0.5090,0.0149,0.0780,0.0190,0.0288,0.0442,0.0184,0.0355,0.0099,0.0532,0.0104,0.0073,0.0049,0.0031
0.0375,0.0057,0.0051,0.0009,0.0006,0.0206,0.0629,0.3517,0.0001,0.0346,0.0066,0.0094,0.0119,0.0048,0.0061,0.0310,0.0041,0.0089,0.0091,0.0095,0.0068,0.0056,0.0059,0.0062,0.0073,0.0042,0.0027,0.0034,0.0037
0.0347,0.0054,0.0045,0.0008,0.0050,0.0017,0.3517,0.0008,0.0012,0.0068,0.0077,0.0130,0.0053,0.0058,0.0089,0.0594,0.0062,0.0198,0.0157,0.0136,0.0296,0.0143,0.0091,0.0097,0.0119,0.0053,0.0005,0.0019,0.0029
0.0155,0.0063,0.0108,0.0003,0.0028,0.0001,0.0001,0.0012,0.0003,0.0094,0.0000,0.0004,0.0047,0.0069,0.1246,0.2584,0.0108,0.0792,0.0377,0.0485,0.1569,0.0706,0.0350,0.0232,0.2672,0.0298,0.0126,0.0080,0.0067
0.0416,0.0128,0.0250,0.0128,0.4547,0.0111,0.0346,0.0068,0.0094,0.0126,0.0065,0.0000,0.0000,0.0028,0.0027,0.0258,0.0068,0.0075,0.0126,0.0068,0.0061,0.0050,0.0097,0.0196,0.0094,0.0058,0.0037,0.0038,0.0059
0.0072,0.0068,0.0129,0.0160,0.0348,0.1105,0.0066,0.0077,0.0000,0.0065,0.0661,0.0072,0.0000,0.0003,0.0016,0.1553,0.0269,0.0466,0.0127,0.0229,0.0859,0.0096,0.0079,0.0217,0.0173,0.0040,0.0047,0.0034,0.0025
0.0206,0.0389,0.5273,0.2110,0.9245,0.1230,0.0094,0.0130,0.0004,0.0000,0.0072,0.0133,0.0071,0.0003,0.0334,0.0020,0.0010,0.0043,0.0047,0.0021,0.0058,0.0036,0.0027,0.0045,0.0076,0.0019,0.0018,0.0014,0.0022
0.0440,0.0109,0.0538,0.9989,0.0320,0.0680,0.0119,0.0053,0.0047,0.0000,0.0000,0.0071,0.0031,0.0073,0.0000,0.0003,0.0022,0.0337,0.0412,0.0240,0.0258,0.0151,0.0055,0.0059,0.0083,0.0053,0.0032,0.0022,0.0027
0.0298,0.0180,0.0924,0.2154,0.0216,0.0317,0.0048,0.0058,0.0069,0.0028,0.0003,0.0003,0.0073,0.0102,0.0203,0.0001,0.0031,0.0078,0.0084,0.0116,0.0085,0.0153,0.0108,0.0111,0.0085,0.0041,0.0033,0.0024,0.0046
0.0219,0.0332,0.0370,0.3255,0.0138,0.0445,0.0061,0.0089,0.1246,0.0027,0.0016,0.0334,0.0000,0.0203,0.0178,0.0032,0.0003,0.0063,0.0065,0.0040,0.0092,0.0061,0.0034,0.0051,0.0048,0.0029,0.0032,0.0028,0.0038
0.0180,0.0127,0.0251,0.2055,0.0204,0.5090,0.0310,0.0594,0.2584,0.0258,0.1553,0.0020,0.0003,0.0001,0.0032,0.0027,0.0188,0.0000,0.0005,0.0025,0.0076,0.0036,0.0067,0.0062,0.0067,0.0026,0.0028,0.0020,0.0017
0.0275,0.0162,0.0121,0.0421,0.0088,0.0149,0.0041,0.0062,0.0108,0.0068,0.0269,0.0010,0.0022,0.0031,0.0003,0.0188,0.0299,0.0119,0.0019,0.0266,0.0165,0.0037,0.0099,0.0119,0.0042,0.0036,0.0026,0.0029,0.0054
0.0129,0.0142,0.0147,0.1030,0.0076,0.0780,0.0089,0.0198,0.0792,0.0075,0.0466,0.0043,0.0337,0.0078,0.0063,0.0000,0.0119,0.0101,0.0046,0.0001,0.0021,0.0113,0.0030,0.0056,0.0095,0.0044,0.0059,0.0029,0.0035
0.0197,0.0144,0.0178,0.0219,0.0050,0.0190,0.0091,0.0157,0.0377,0.0126,0.0127,0.0047,0.0412,0.0084,0.0065,0.0005,0.0019,0.0046,0.0014,0.0069,0.0000,0.0030,0.0153,0.0111,0.0124,0.0146,0.0105,0.0075,0.0125
0.0172,0.0089,0.0083,0.0320,0.0065,0.0288,0.0095,0.0136,0.0485,0.0068,0.0229,0.0021,0.0240,0.0116,0.0040,0.0025,0.0266,0.0001,0.0069,0.0094,0.0021,0.0003,0.0042,0.0269,0.0078,0.0083,0.0063,0.0032,0.0089
0.0110,0.0095,0.0079,0.0119,0.0074,0.0442,0.0068,0.0296,0.1569,0.0061,0.0859,0.0058,0.0258,0.0085,0.0092,0.0076,0.0165,0.0021,0.0000,0.0021,0.0018,0.0006,0.0003,0.0021,0.0321,0.0074,0.0253,0.0129,0.0188
0.0236,0.0121,0.0179,0.0184,0.0075,0.0184,0.0056,0.0143,0.0706,0.0050,0.0096,0.0036,0.0151,0.0153,0.0061,0.0036,0.0037,0.0113,0.0030,0.0003,0.0006,0.0017,0.0024,0.0001,0.0005,0.0354,0.0280,0.1186,0.1173
0.0157,0.0095,0.0075,0.0195,0.0055,0.0355,0.0059,0.0091,0.0350,0.0097,0.0079,0.0027,0.0055,0.0108,0.0034,0.0067,0.0099,0.0030,0.0153,0.0042,0.0003,0.0024,0.0088,0.0066,0.0000,0.0032,0.0351,0.0905,0.1678
0.0142,0.0087,0.0079,0.0085,0.0051,0.0099,0.0062,0.0097,0.0232,0.0196,0.0217,0.0045,0.0059,0.0111,0.0051,0.0062,0.0119,0.0056,0.0111,0.0269,0.0021,0.0001,0.0066,0.0151,0.0025,0.0003,0.0066,0.0254,0.0474
0.0097,0.0096,0.0088,0.0173,0.0042,0.0532,0.0073,0.0119,0.2672,0.0094,0.0173,0.0076,0.0083,0.0085,0.0048,0.0067,0.0042,0.0095,0.0124,0.0078,0.0321,0.0005,0.0000,0.0025,0.0914,0.0109,0.0006,0.0034,0.0040
0.0130,0.0070,0.0056,0.0076,0.0031,0.0104,0.0042,0.0053,0.0298,0.0058,0.0040,0.0019,0.0053,0.0041,0.0029,0.0026,0.0036,0.0044,0.0146,0.0083,0.0074,0.0354,0.0032,0.0003,0.0109,0.0256,0.3579,0.0036,0.0336
0.0111,0.0050,0.0047,0.0059,0.0028,0.0073,0.0027,0.0005,0.0126,0.0037,0.0047,0.0018,0.0032,0.0033,0.0032,0.0028,0.0026,0.0059,0.0105,0.0063,0.0253,0.0280,0.0351,0.0066,0.0006,0.3579,0.0157,0.5785,0.0031
0.0058,0.0037,0.0032,0.0028,0.0023,0.0049,0.0034,0.0019,0.0080,0.0038,0.0034,0.0014,0.0022,0.0024,0.0028,0.0020,0.0029,0.0029,0.0075,0.0032,0.0129,0.1186,0.0905,0.0254,0.0034,0.0036,0.5785,0.1997,0.0243
0.0058,0.0038,0.0045,0.0034,0.0021,0.0031,0.0037,0.0029,0.0067,0.0059,0.0025,0.0022,0.0027,0.0046,0.0038,0.0017,0.0054,0.0035,0.0125,0.0089,0.0188,0.1173,0.1678,0.0474,0.0040,0.0336,0.0031,0.0243,0.0263