c1,c2,c3,c4,c5,c6,c7,c8,c9,c10,c11,c12,c13,c14,c15,c16,c17,c18,c19,c20,c21,c22,c23,c24,c25,c26,c27,c28,c29
0.0032,0.0057,0.0002,0.0000,0.0053,0.0007,0.0331,0.0080,0.0044,0.0822,0.0050,0.2220,0.0173,0.1431,0.0551,0.0627,0.0132,0.0096,0.0156,0.0116,0.0033,0.0040,0.0056,0.0056,0.0032,0.0029,0.0075,0.0055,0.0078
0.0057,0.0303,0.0157,0.0000,0.0018,0.0015,0.0087,0.0017,0.0039,0.0161,0.0031,0.2179,0.0611,0.0431,0.3270,0.0614,0.0066,0.0251,0.0131,0.0037,0.0048,0.0093,0.0027,0.0020,0.0066,0.0028,0.0041,0.0040,0.0041
0.0002,0.0157,0.0269,0.0001,0.0000,0.0000,0.0035,0.0006,0.0143,0.0244,0.0098,0.9997,0.0279,0.7105,0.0795,0.0356,0.0053,0.0095,0.0062,0.0041,0.0046,0.0065,0.0020,0.0025,0.0070,0.0036,0.0031,0.0029,0.0042
0.0000,0.0000,0.0001,0.0000,0.0019,0.0000,0.0002,0.0002,0.0002,0.0447,0.0130,0.2807,1.0000,0.7398,0.9991,0.7752,0.0199,0.9922,0.0594,0.0043,0.0023,0.1302,0.0015,0.0008,0.0093,0.0010,0.0008,0.0020,0.0018
0.0053,0.0018,0.0000,0.0019,0.0649,0.0001,0.0006,0.0007,0.0009,0.9910,0.0350,0.9974,0.0136,0.0088,0.0093,0.0052,0.0055,0.0069,0.0047,0.0043,0.0132,0.0115,0.0026,0.0024,0.0071,0.0035,0.0034,0.0039,0.0031
0.0007,0.0015,0.0000,0.0000,0.0001,0.0001,0.0129,0.0002,0.0003,0.0484,0.0976,0.0913,0.0503,0.0191,0.0536,0.0281,0.0081,0.0385,0.0194,0.0041,0.7822,0.2045,0.0116,0.0036,0.9341,0.1305,0.0094,0.0145,0.0060
0.0331,0.0087,0.0035,0.0002,0.0006,0.0129,0.1115,0.0608,0.0000,0.0207,0.0020,0.0047,0.0038,0.0043,0.0073,0.0081,0.0069,0.0165,0.0103,0.0078,0.0149,0.1082,0.0039,0.0055,0.0200,0.0375,0.0070,0.0246,0.0160
0.0080,0.0017,0.0006,0.0002,0.0007,0.0002,0.0608,0.0019,0.0034,0.0010,0.0016,0.0013,0.0013,0.0027,0.0031,0.0027,0.0030,0.0051,0.0059,0.0040,0.2595,0.2479,0.0050,0.0226,0.9902,0.5898,0.0042,0.0302,0.0110
0.0044,0.0039,0.0143,0.0002,0.0009,0.0003,0.0000,0.0034,0.0000,0.0047,0.0000,0.0003,0.0031,0.0073,0.0442,0.0093,0.0052,0.0344,0.0267,0.0119,0.9921,0.1382,0.0262,0.0141,0.9952,0.1807,0.0378,0.0160,0.0094
0.0822,0.0161,0.0244,0.0447,0.9910,0.0484,0.0207,0.0010,0.0047,0.0862,0.0004,0.0000,0.0000,0.0007,0.0008,0.0057,0.0081,0.0037,0.0024,0.0051,0.0379,0.0073,0.0047,0.0172,0.0406,0.0072,0.0086,0.0073,0.0091
0.0050,0.0031,0.0098,0.0130,0.0350,0.0976,0.0020,0.0016,0.0000,0.0004,0.0491,0.0217,0.0000,0.0003,0.0012,0.0090,0.0977,0.0121,0.0059,0.0201,0.5417,0.0109,0.0067,0.2161,0.7978,0.0115,0.0104,0.0063,0.0035
0.2220,0.2179,0.9997,0.2807,0.9974,0.0913,0.0047,0.0013,0.0003,0.0000,0.0217,0.0399,0.0007,0.0000,0.0005,0.0016,0.0025,0.0036,0.0020,0.0021,0.0035,0.0008,0.0009,0.0026,0.0062,0.0011,0.0015,0.0017,0.0015
0.0173,0.0611,0.0279,1.0000,0.0136,0.0503,0.0038,0.0013,0.0031,0.0000,0.0000,0.0007,0.0002,0.0052,0.0000,0.0001,0.0212,0.9224,0.0291,0.0281,0.2401,0.0184,0.0030,0.0129,0.0141,0.0066,0.0033,0.0024,0.0019
0.1431,0.0431,0.7105,0.7398,0.0088,0.0191,0.0043,0.0027,0.0073,0.0007,0.0003,0.0000,0.0052,0.0075,0.0122,0.0017,0.0623,0.0042,0.0039,0.0147,0.0043,0.0037,0.0039,0.0073,0.0025,0.0019,0.0045,0.0025,0.0031
0.0551,0.3270,0.0795,0.9991,0.0093,0.0536,0.0073,0.0031,0.0442,0.0008,0.0012,0.0005,0.0000,0.0122,0.0116,0.1009,0.0008,0.0156,0.0027,0.0017,0.0044,0.0022,0.0020,0.0036,0.0018,0.0011,0.0021,0.0025,0.0032
0.0627,0.0614,0.0356,0.7752,0.0052,0.0281,0.0081,0.0027,0.0093,0.0057,0.0090,0.0016,0.0001,0.0017,0.1009,0.0068,0.0735,0.0001,0.0072,0.0285,0.0028,0.0032,0.0077,0.0076,0.0007,0.0020,0.0030,0.0027,0.0047
0.0132,0.0066,0.0053,0.0199,0.0055,0.0081,0.0069,0.0030,0.0052,0.0081,0.0977,0.0025,0.0212,0.0623,0.0008,0.0735,0.0191,0.0010,0.0010,0.2282,0.0009,0.0019,0.0093,0.0213,0.0029,0.0022,0.0025,0.0030,0.0065
0.0096,0.0251,0.0095,0.9922,0.0069,0.0385,0.0165,0.0051,0.0344,0.0037,0.0121,0.0036,0.9224,0.0042,0.0156,0.0001,0.0010,0.0016,0.0262,0.0007,0.0001,0.0048,0.0017,0.0027,0.0012,0.0019,0.0012,0.0019,0.0042
0.0156,0.0131,0.0062,0.0594,0.0047,0.0194,0.0103,0.0059,0.0267,0.0024,0.0059,0.0020,0.0291,0.0039,0.0027,0.0072,0.0010,0.0262,0.0111,0.0417,0.0000,0.0006,0.1283,0.0057,0.0055,0.0144,0.0102,0.0072,0.0270
0.0116,0.0037,0.0041,0.0043,0.0043,0.0041,0.0078,0.0040,0.0119,0.0051,0.0201,0.0021,0.0281,0.0147,0.0017,0.0285,0.2282,0.0007,0.0417,0.0398,0.0002,0.0006,0.0196,0.0546,0.0029,0.0060,0.0059,0.0029,0.0177
0.0033,0.0048,0.0046,0.0023,0.0132,0.7822,0.0149,0.2595,0.9921,0.0379,0.5417,0.0035,0.2401,0.0043,0.0044,0.0028,0.0009,0.0001,0.0000,0.0002,0.0714,0.0000,0.0000,0.0033,0.0204,0.0078,0.0091,0.0045,0.0038
0.0040,0.0093,0.0065,0.1302,0.0115,0.2045,0.1082,0.2479,0.1382,0.0073,0.0109,0.0008,0.0184,0.0037,0.0022,0.0032,0.0019,0.0048,0.0006,0.0006,0.0000,0.0011,0.0037,0.0004,0.0000,0.0263,0.0398,0.2870,0.2079
0.0056,0.0027,0.0020,0.0015,0.0026,0.0116,0.0039,0.0050,0.0262,0.0047,0.0067,0.0009,0.0030,0.0039,0.0020,0.0077,0.0093,0.0017,0.1283,0.0196,0.0000,0.0037,0.4250,0.0173,0.0000,0.0085,0.1876,0.1917,0.9447
0.0056,0.0020,0.0025,0.0008,0.0024,0.0036,0.0055,0.0226,0.0141,0.0172,0.2161,0.0026,0.0129,0.0073,0.0036,0.0076,0.0213,0.0027,0.0057,0.0546,0.0033,0.0004,0.0173,0.2106,0.0011,0.0004,0.0293,0.0091,0.0365
0.0032,0.0066,0.0070,0.0093,0.0071,0.9341,0.0200,0.9902,0.9952,0.0406,0.7978,0.0062,0.0141,0.0025,0.0018,0.0007,0.0029,0.0012,0.0055,0.0029,0.0204,0.0000,0.0000,0.0011,0.0017,0.0002,0.0005,0.0004,0.0004
0.0029,0.0028,0.0036,0.0010,0.0035,0.1305,0.0375,0.5898,0.1807,0.0072,0.0115,0.0011,0.0066,0.0019,0.0011,0.0020,0.0022,0.0019,0.0144,0.0060,0.0078,0.0263,0.0085,0.0004,0.0002,0.1823,0.3333,0.0011,0.0021
0.0075,0.0041,0.0031,0.0008,0.0034,0.0094,0.0070,0.0042,0.0378,0.0086,0.0104,0.0015,0.0033,0.0045,0.0021,0.0030,0.0025,0.0012,0.0102,0.0059,0.0091,0.0398,0.1876,0.0293,0.0005,0.3333,0.0346,0.0898,0.0004
0.0055,0.0040,0.0029,0.0020,0.0039,0.0145,0.0246,0.0302,0.0160,0.0073,0.0063,0.0017,0.0024,0.0025,0.0025,0.0027,0.0030,0.0019,0.0072,0.0029,0.0045,0.2870,0.1917,0.0091,0.0004,0.0011,0.0898,0.0814,0.0125
0.0078,0.0041,0.0042,0.0018,0.0031,0.0060,0.0160,0.0110,0.0094,0.0091,0.0035,0.0015,0.0019,0.0031,0.0032,0.0047,0.0065,0.0042,0.0270,0.0177,0.0038,0.2079,0.9447,0.0365,0.0004,0.0021,0.0004,0.0125,0.0056