c1,c2,c3,c4,c5,c6,c7,c8,c9,c10,c11,c12,c13,c14,c15,c16,c17,c18,c19,c20,c21,c22,c23,c24,c25,c26,c27,c28,c29
0.0013,0.0041,0.0001,0.0000,0.0038,0.0008,0.0281,0.0057,0.0090,0.0933,0.0042,0.6483,0.0285,0.5396,0.0978,0.1885,0.0121,0.0038,0.0116,0.0073,0.0020,0.0028,0.0049,0.0042,0.0040,0.0033,0.0071,0.0046,0.0045
0.0041,0.0370,0.0157,0.0000,0.0013,0.0002,0.0051,0.0009,0.0024,0.0178,0.0021,0.6324,0.0465,0.0735,0.9718,0.0940,0.0048,0.0342,0.0147,0.0038,0.0028,0.0038,0.0024,0.0014,0.0023,0.0060,0.0029,0.0033,0.0027
0.0001,0.0157,0.0198,0.0000,0.0000,0.0000,0.0020,0.0006,0.0108,0.0444,0.0099,1.0000,0.0419,0.9435,0.0891,0.0222,0.0041,0.0065,0.0043,0.0032,0.0029,0.0030,0.0015,0.0020,0.0037,0.0085,0.0031,0.0020,0.0022
0.0000,0.0000,0.0000,0.0000,0.0009,0.0000,0.0001,0.0001,0.0001,0.0135,0.0017,0.3364,1.0000,0.7746,1.0000,0.8332,0.0041,1.0000,0.0411,0.0017,0.0016,0.0188,0.0011,0.0004,0.0004,0.0050,0.0009,0.0008,0.0008
0.0038,0.0013,0.0000,0.0009,0.1065,0.0001,0.0005,0.0003,0.0005,0.9994,0.0387,0.9998,0.0140,0.0059,0.0092,0.0050,0.0037,0.0258,0.0046,0.0040,0.0070,0.0073,0.0035,0.0024,0.0061,0.0041,0.0022,0.0019,0.0019
0.0008,0.0002,0.0000,0.0000,0.0001,0.0090,0.0210,0.0003,0.0072,0.0349,0.0921,0.0565,0.0228,0.0054,0.0206,0.0075,0.0045,0.0627,0.0091,0.0034,0.8637,0.1697,0.0103,0.0049,0.2525,0.9773,0.0048,0.0039,0.0029
0.0281,0.0051,0.0020,0.0001,0.0005,0.0210,0.1180,0.1189,0.0000,0.0148,0.0017,0.0056,0.0030,0.0043,0.0047,0.0104,0.0087,0.0579,0.0135,0.0070,0.0147,0.2366,0.0049,0.0040,0.0163,0.0350,0.0110,0.0145,0.0161
0.0057,0.0009,0.0006,0.0001,0.0003,0.0003,0.1189,0.0007,0.0019,0.0007,0.0014,0.0008,0.0005,0.0016,0.0017,0.0018,0.0032,0.0047,0.0046,0.0023,0.4339,0.8397,0.0098,0.0184,0.9665,0.9957,0.0084,0.0214,0.0093
0.0090,0.0024,0.0108,0.0001,0.0005,0.0072,0.0000,0.0019,0.0004,0.0033,0.0000,0.0002,0.0034,0.0043,0.0236,0.0045,0.0068,0.0345,0.0097,0.0077,0.9998,0.0802,0.0100,0.0084,0.7933,0.9799,0.0077,0.0043,0.0025
0.0933,0.0178,0.0444,0.0135,0.9994,0.0349,0.0148,0.0007,0.0033,0.1698,0.0009,0.0000,0.0000,0.0004,0.0003,0.0063,0.0065,0.0024,0.0035,0.0036,0.0297,0.0065,0.0065,0.0186,0.0258,0.0797,0.0043,0.0042,0.0063
0.0042,0.0021,0.0099,0.0017,0.0387,0.0921,0.0017,0.0014,0.0000,0.0009,0.0603,0.0048,0.0000,0.0003,0.0003,0.0015,0.2363,0.0052,0.0040,0.0251,0.8318,0.0033,0.0038,0.2944,0.9921,0.1292,0.0043,0.0027,0.0020
0.6483,0.6324,1.0000,0.3364,0.9998,0.0565,0.0056,0.0008,0.0002,0.0000,0.0048,0.0189,0.0001,0.0000,0.0003,0.0010,0.0016,0.0018,0.0012,0.0024,0.0016,0.0004,0.0008,0.0035,0.0027,0.0023,0.0017,0.0010,0.0013
0.0285,0.0465,0.0419,1.0000,0.0140,0.0228,0.0030,0.0005,0.0034,0.0000,0.0000,0.0001,0.0004,0.0036,0.0000,0.0001,0.7277,0.9893,0.0078,0.0116,0.8538,0.0031,0.0015,0.0135,0.0191,0.0119,0.0028,0.0010,0.0009
0.5396,0.0735,0.9435,0.7746,0.0059,0.0054,0.0043,0.0016,0.0043,0.0004,0.0003,0.0000,0.0036,0.0036,0.0102,0.0063,0.8966,0.0010,0.0021,0.0078,0.0028,0.0023,0.0028,0.0052,0.0019,0.0045,0.0025,0.0014,0.0022
0.0978,0.9718,0.0891,1.0000,0.0092,0.0206,0.0047,0.0017,0.0236,0.0003,0.0003,0.0003,0.0000,0.0102,0.0387,0.1011,0.0002,0.0003,0.0074,0.0043,0.0006,0.0006,0.0038,0.0037,0.0017,0.0013,0.0026,0.0027,0.0032
0.1885,0.0940,0.0222,0.8332,0.0050,0.0075,0.0104,0.0018,0.0045,0.0063,0.0015,0.0010,0.0001,0.0063,0.1011,0.0570,0.0218,0.0000,0.0060,0.0101,0.0016,0.0033,0.0145,0.0095,0.0021,0.0030,0.0026,0.0031,0.0082
0.0121,0.0048,0.0041,0.0041,0.0037,0.0045,0.0087,0.0032,0.0068,0.0065,0.2363,0.0016,0.7277,0.8966,0.0002,0.0218,0.0459,0.0000,0.0002,0.1703,0.0018,0.0006,0.0073,0.0250,0.0101,0.0048,0.0019,0.0013,0.0034
0.0038,0.0342,0.0065,1.0000,0.0258,0.0627,0.0579,0.0047,0.0345,0.0024,0.0052,0.0018,0.9893,0.0010,0.0003,0.0000,0.0000,0.0069,0.0374,0.0004,0.0000,0.0182,0.0072,0.0029,0.0006,0.0006,0.0017,0.0016,0.0022
0.0116,0.0147,0.0043,0.0411,0.0046,0.0091,0.0135,0.0046,0.0097,0.0035,0.0040,0.0012,0.0078,0.0021,0.0074,0.0060,0.0002,0.0374,0.2408,0.0713,0.0000,0.0022,0.2887,0.0034,0.0030,0.0050,0.0167,0.0210,0.1044
0.0073,0.0038,0.0032,0.0017,0.0040,0.0034,0.0070,0.0023,0.0077,0.0036,0.0251,0.0024,0.0116,0.0078,0.0043,0.0101,0.1703,0.0004,0.0713,0.0791,0.0001,0.0003,0.0753,0.1924,0.0154,0.0068,0.0068,0.0050,0.0183
0.0020,0.0028,0.0029,0.0016,0.0070,0.8637,0.0147,0.4339,0.9998,0.0297,0.8318,0.0016,0.8538,0.0028,0.0006,0.0016,0.0018,0.0000,0.0000,0.0001,0.0562,0.0000,0.0000,0.0013,0.0316,0.6708,0.0048,0.0023,0.0017
0.0028,0.0038,0.0030,0.0188,0.0073,0.1697,0.2366,0.8397,0.0802,0.0065,0.0033,0.0004,0.0031,0.0023,0.0006,0.0033,0.0006,0.0182,0.0022,0.0003,0.0000,0.0206,0.0036,0.0001,0.0000,0.0019,0.2995,0.9561,0.6433
0.0049,0.0024,0.0015,0.0011,0.0035,0.0103,0.0049,0.0098,0.0100,0.0065,0.0038,0.0008,0.0015,0.0028,0.0038,0.0145,0.0073,0.0072,0.2887,0.0753,0.0000,0.0036,0.3575,0.0092,0.0000,0.0001,0.2527,0.4023,0.9016
0.0042,0.0014,0.0020,0.0004,0.0024,0.0049,0.0040,0.0184,0.0084,0.0186,0.2944,0.0035,0.0135,0.0052,0.0037,0.0095,0.0250,0.0029,0.0034,0.1924,0.0013,0.0001,0.0092,0.8739,0.1870,0.0000,0.0076,0.0034,0.0466
0.0040,0.0023,0.0037,0.0004,0.0061,0.2525,0.0163,0.9665,0.7933,0.0258,0.9921,0.0027,0.0191,0.0019,0.0017,0.0021,0.0101,0.0006,0.0030,0.0154,0.0316,0.0000,0.0000,0.1870,0.0311,0.0000,0.0003,0.0004,0.0014
0.0033,0.0060,0.0085,0.0050,0.0041,0.9773,0.0350,0.9957,0.9799,0.0797,0.1292,0.0023,0.0119,0.0045,0.0013,0.0030,0.0048,0.0006,0.0050,0.0068,0.6708,0.0019,0.0001,0.0000,0.0000,0.0000,0.0239,0.0001,0.0001
0.0071,0.0029,0.0031,0.0009,0.0022,0.0048,0.0110,0.0084,0.0077,0.0043,0.0043,0.0017,0.0028,0.0025,0.0026,0.0026,0.0019,0.0017,0.0167,0.0068,0.0048,0.2995,0.2527,0.0076,0.0003,0.0239,0.0577,0.7056,0.0039
0.0046,0.0033,0.0020,0.0008,0.0019,0.0039,0.0145,0.0214,0.0043,0.0042,0.0027,0.0010,0.0010,0.0014,0.0027,0.0031,0.0013,0.0016,0.0210,0.0050,0.0023,0.9561,0.4023,0.0034,0.0004,0.0001,0.7056,0.3498,0.1164
0.0045,0.0027,0.0022,0.0008,0.0019,0.0029,0.0161,0.0093,0.0025,0.0063,0.0020,0.0013,0.0009,0.0022,0.0032,0.0082,0.0034,0.0022,0.1044,0.0183,0.0017,0.6433,0.9016,0.0466,0.0014,0.0001,0.0039,0.1164,0.0924