c1,c2,c3,c4,c5,c6,c7,c8,c9,c10,c11,c12,c13,c14,c15,c16,c17,c18,c19,c20,c21,c22,c23,c24,c25,c26,c27,c28,c29
0.0141,0.0122,0.0000,0.0000,0.0072,0.0008,0.0492,0.0082,0.0107,0.0737,0.0178,0.3180,0.0286,0.0878,0.0427,0.0270,0.0060,0.0046,0.0056,0.0070,0.0032,0.0034,0.0048,0.0062,0.0054,0.0040,0.0044,0.0053,0.0074
0.0122,0.0368,0.0214,0.0000,0.0036,0.0003,0.0065,0.0021,0.0058,0.0189,0.0106,0.6186,0.1443,0.1588,0.0540,0.0426,0.0063,0.0047,0.0050,0.0042,0.0032,0.0036,0.0026,0.0040,0.0120,0.0031,0.0046,0.0050,0.0067
0.0000,0.0214,0.0181,0.0000,0.0000,0.0000,0.0031,0.0010,0.0096,0.0207,0.0097,0.9992,0.0243,0.7134,0.0610,0.0298,0.0036,0.0101,0.0077,0.0028,0.0024,0.0052,0.0050,0.0055,0.0181,0.0091,0.0053,0.0082,0.0147
0.0000,0.0000,0.0000,0.0001,0.0011,0.0000,0.0001,0.0002,0.0010,0.0225,0.0212,0.3879,0.9998,0.5213,0.8695,0.9980,0.0087,0.0714,0.5980,0.0082,0.0093,0.1818,0.0051,0.0011,0.0148,0.0022,0.0013,0.0025,0.0020
0.0072,0.0036,0.0000,0.0011,0.2261,0.0001,0.0011,0.0006,0.0004,0.9527,0.0208,0.9998,0.0121,0.0144,0.0042,0.0073,0.0024,0.0078,0.0162,0.0022,0.0031,0.0144,0.0080,0.0016,0.0052,0.0032,0.0026,0.0033,0.0042
0.0008,0.0003,0.0000,0.0000,0.0001,0.0052,0.0029,0.0001,0.0007,0.0099,0.0988,0.1735,0.0988,0.0064,0.0400,0.0167,0.0031,0.0220,0.2818,0.0033,0.3939,0.4848,0.0354,0.0029,0.7628,0.0588,0.0257,0.0138,0.0074
0.0492,0.0065,0.0031,0.0001,0.0011,0.0029,0.6186,0.1090,0.0000,0.0177,0.0011,0.0062,0.0034,0.0063,0.0046,0.0238,0.0073,0.0046,0.1111,0.0049,0.0020,0.0491,0.0903,0.0022,0.0122,0.0157,0.0049,0.0203,0.0122
0.0082,0.0021,0.0010,0.0002,0.0006,0.0001,0.1090,0.0056,0.0054,0.0003,0.0014,0.0022,0.0023,0.0028,0.0055,0.0019,0.0027,0.0085,0.0223,0.0024,0.0267,0.2371,0.1349,0.0068,0.9280,0.1953,0.0075,0.0350,0.0184
0.0107,0.0058,0.0096,0.0010,0.0004,0.0007,0.0000,0.0054,0.0001,0.0025,0.0000,0.0004,0.0042,0.0154,0.1002,0.0105,0.0045,0.0709,0.0288,0.0093,0.7399,0.1974,0.0239,0.0062,0.8532,0.0464,0.0672,0.0207,0.0131
0.0737,0.0189,0.0207,0.0225,0.9527,0.0099,0.0177,0.0003,0.0025,0.8157,0.0010,0.0000,0.0000,0.0012,0.0008,0.0109,0.0046,0.0042,0.0247,0.0043,0.0126,0.0281,0.0102,0.0056,0.0137,0.0053,0.0040,0.0085,0.0083
0.0178,0.0106,0.0097,0.0212,0.0208,0.0988,0.0011,0.0014,0.0000,0.0010,0.1361,0.0114,0.0000,0.0019,0.0008,0.0030,0.0550,0.0252,0.0044,0.0094,0.1275,0.0122,0.0057,0.0462,0.1381,0.0278,0.0244,0.0109,0.0060
0.3180,0.6186,0.9992,0.3879,0.9998,0.1735,0.0062,0.0022,0.0004,0.0000,0.0114,0.3523,0.0001,0.0000,0.0002,0.0003,0.0006,0.0021,0.0022,0.0012,0.0023,0.0009,0.0012,0.0028,0.0052,0.0011,0.0010,0.0014,0.0014
0.0286,0.1443,0.0243,0.9998,0.0121,0.0988,0.0034,0.0023,0.0042,0.0000,0.0000,0.0001,0.0000,0.0031,0.0000,0.0002,0.0021,0.3781,0.1536,0.0047,0.1851,0.1236,0.0021,0.0061,0.0814,0.0255,0.0097,0.0045,0.0022
0.0878,0.1588,0.7134,0.5213,0.0144,0.0064,0.0063,0.0028,0.0154,0.0012,0.0019,0.0000,0.0031,0.0689,0.0101,0.0003,0.1242,0.0016,0.0023,0.0191,0.0014,0.0012,0.0040,0.0105,0.0013,0.0029,0.0055,0.0027,0.0031
0.0427,0.0540,0.0610,0.8695,0.0042,0.0400,0.0046,0.0055,0.1002,0.0008,0.0008,0.0002,0.0000,0.0101,0.0248,0.0090,0.0594,0.0087,0.0002,0.0043,0.0122,0.0008,0.0023,0.0149,0.0088,0.0051,0.0139,0.0072,0.0028
0.0270,0.0426,0.0298,0.9980,0.0073,0.0167,0.0238,0.0019,0.0105,0.0109,0.0030,0.0003,0.0002,0.0003,0.0090,0.1920,0.0260,0.0001,0.0029,0.0268,0.0013,0.0033,0.0105,0.0046,0.0009,0.0041,0.0012,0.0043,0.0080
0.0060,0.0063,0.0036,0.0087,0.0024,0.0031,0.0073,0.0027,0.0045,0.0046,0.0550,0.0006,0.0021,0.1242,0.0594,0.0260,0.7797,0.0331,0.0000,0.2951,0.0085,0.0013,0.0043,0.0366,0.0021,0.0017,0.0021,0.0010,0.0085
0.0046,0.0047,0.0101,0.0714,0.0078,0.0220,0.0046,0.0085,0.0709,0.0042,0.0252,0.0021,0.3781,0.0016,0.0087,0.0001,0.0331,0.0830,0.0008,0.0047,0.0033,0.0030,0.0053,0.0344,0.0017,0.0019,0.0038,0.0024,0.0093
0.0056,0.0050,0.0077,0.5980,0.0162,0.2818,0.1111,0.0223,0.0288,0.0247,0.0044,0.0022,0.1536,0.0023,0.0002,0.0029,0.0000,0.0008,0.6161,0.0131,0.0000,0.0002,0.0078,0.0034,0.0080,0.0143,0.0056,0.0053,0.0120
0.0070,0.0042,0.0028,0.0082,0.0022,0.0033,0.0049,0.0024,0.0093,0.0043,0.0094,0.0012,0.0047,0.0191,0.0043,0.0268,0.2951,0.0047,0.0131,0.3130,0.0015,0.0001,0.0113,0.0966,0.0033,0.0143,0.0067,0.0034,0.0175
0.0032,0.0032,0.0024,0.0093,0.0031,0.3939,0.0020,0.0267,0.7399,0.0126,0.1275,0.0023,0.1851,0.0014,0.0122,0.0013,0.0085,0.0033,0.0000,0.0015,0.9708,0.0001,0.0001,0.0048,0.0255,0.0087,0.0141,0.0021,0.0019
0.0034,0.0036,0.0052,0.1818,0.0144,0.4848,0.0491,0.2371,0.1974,0.0281,0.0122,0.0009,0.1236,0.0012,0.0008,0.0033,0.0013,0.0030,0.0002,0.0001,0.0001,0.0373,0.0019,0.0002,0.0001,0.0129,0.0456,0.2109,0.0861
0.0048,0.0026,0.0050,0.0051,0.0080,0.0354,0.0903,0.1349,0.0239,0.0102,0.0057,0.0012,0.0021,0.0040,0.0023,0.0105,0.0043,0.0053,0.0078,0.0113,0.0001,0.0019,0.1583,0.0104,0.0000,0.0010,0.0496,0.1082,0.3908
0.0062,0.0040,0.0055,0.0011,0.0016,0.0029,0.0022,0.0068,0.0062,0.0056,0.0462,0.0028,0.0061,0.0105,0.0149,0.0046,0.0366,0.0344,0.0034,0.0966,0.0048,0.0002,0.0104,0.6406,0.0013,0.0012,0.0207,0.0036,0.0269
0.0054,0.0120,0.0181,0.0148,0.0052,0.7628,0.0122,0.9280,0.8532,0.0137,0.1381,0.0052,0.0814,0.0013,0.0088,0.0009,0.0021,0.0017,0.0080,0.0033,0.0255,0.0001,0.0000,0.0013,0.1952,0.0009,0.0002,0.0002,0.0001
0.0040,0.0031,0.0091,0.0022,0.0032,0.0588,0.0157,0.1953,0.0464,0.0053,0.0278,0.0011,0.0255,0.0029,0.0051,0.0041,0.0017,0.0019,0.0143,0.0143,0.0087,0.0129,0.0010,0.0012,0.0009,0.5824,0.0858,0.0003,0.0008
0.0044,0.0046,0.0053,0.0013,0.0026,0.0257,0.0049,0.0075,0.0672,0.0040,0.0244,0.0010,0.0097,0.0055,0.0139,0.0012,0.0021,0.0038,0.0056,0.0067,0.0141,0.0456,0.0496,0.0207,0.0002,0.0858,0.0588,0.0397,0.0002
0.0053,0.0050,0.0082,0.0025,0.0033,0.0138,0.0203,0.0350,0.0207,0.0085,0.0109,0.0014,0.0045,0.0027,0.0072,0.0043,0.0010,0.0024,0.0053,0.0034,0.0021,0.2109,0.1082,0.0036,0.0002,0.0003,0.0397,0.1105,0.0832
0.0074,0.0067,0.0147,0.0020,0.0042,0.0074,0.0122,0.0184,0.0131,0.0083,0.0060,0.0014,0.0022,0.0031,0.0028,0.0080,0.0085,0.0093,0.0120,0.0175,0.0019,0.0861,0.3908,0.0269,0.0001,0.0008,0.0002,0.0832,0.0348