c1,c2,c3,c4,c5,c6,c7,c8,c9,c10,c11,c12,c13,c14,c15,c16,c17,c18,c19,c20,c21,c22,c23,c24,c25,c26,c27,c28,c29
0.1015,0.0112,0.0004,0.0000,0.0055,0.0009,0.0357,0.0037,0.0088,0.0441,0.0105,0.4557,0.0133,0.1791,0.0341,0.0326,0.0063,0.0027,0.0057,0.0030,0.0020,0.0018,0.0047,0.0025,0.0036,0.0050,0.0070,0.0053,0.0079
0.0112,0.0264,0.0101,0.0000,0.0019,0.0001,0.0034,0.0009,0.0052,0.0086,0.0163,0.9889,0.1756,0.7022,0.0912,0.0509,0.0069,0.0044,0.0063,0.0029,0.0023,0.0022,0.0019,0.0022,0.0054,0.0027,0.0048,0.0061,0.0106
0.0004,0.0101,0.0455,0.0000,0.0001,0.0000,0.0011,0.0003,0.0074,0.0157,0.0069,0.9985,0.0232,0.8976,0.0743,0.0376,0.0053,0.0053,0.0088,0.0015,0.0023,0.0030,0.0035,0.0036,0.0139,0.0062,0.0080,0.0091,0.0244
0.0000,0.0000,0.0000,0.0000,0.0007,0.0000,0.0001,0.0000,0.0009,0.0090,0.0221,0.2612,0.9995,0.8291,0.9717,0.9997,0.0151,0.2791,0.7515,0.0043,0.0070,0.0988,0.0033,0.0016,0.0167,0.0018,0.0013,0.0031,0.0043
0.0055,0.0019,0.0001,0.0007,0.4093,0.0001,0.0010,0.0005,0.0006,0.9806,0.0093,0.9999,0.0135,0.0108,0.0047,0.0053,0.0017,0.0065,0.0166,0.0016,0.0030,0.0159,0.0047,0.0019,0.0044,0.0025,0.0019,0.0033,0.0078
0.0009,0.0001,0.0000,0.0000,0.0001,0.2125,0.0026,0.0000,0.0049,0.0024,0.0392,0.0765,0.1109,0.0105,0.0489,0.0226,0.0083,0.4250,0.1950,0.0042,0.6612,0.2416,0.0117,0.0037,0.9298,0.0153,0.0089,0.0047,0.0035
0.0357,0.0034,0.0011,0.0001,0.0010,0.0026,0.8998,0.0103,0.0000,0.0125,0.0004,0.0052,0.0021,0.0030,0.0026,0.0154,0.0040,0.0078,0.1281,0.0045,0.0049,0.9490,0.0173,0.0026,0.0391,0.0507,0.0102,0.0297,0.0092
0.0037,0.0009,0.0003,0.0000,0.0005,0.0000,0.0103,0.2353,0.0001,0.0003,0.0003,0.0003,0.0005,0.0018,0.0026,0.0016,0.0029,0.0113,0.0300,0.0051,0.1677,0.9712,0.3334,0.0194,0.9861,0.5155,0.4639,0.0782,0.0060
0.0088,0.0052,0.0074,0.0009,0.0006,0.0049,0.0000,0.0001,0.0002,0.0015,0.0000,0.0002,0.0121,0.0156,0.0634,0.0082,0.0072,0.1890,0.0561,0.0084,0.9343,0.0739,0.0155,0.0069,0.9895,0.0274,0.0568,0.0122,0.0058
0.0441,0.0086,0.0157,0.0090,0.9806,0.0024,0.0125,0.0003,0.0015,0.9870,0.0005,0.0000,0.0000,0.0008,0.0008,0.0083,0.0049,0.0048,0.0257,0.0033,0.0121,0.0195,0.0093,0.0068,0.0252,0.0078,0.0077,0.0174,0.0101
0.0105,0.0163,0.0069,0.0221,0.0093,0.0392,0.0004,0.0003,0.0000,0.0005,0.3504,0.0065,0.0000,0.0041,0.0017,0.0021,0.0555,0.0252,0.0075,0.0138,0.0486,0.0046,0.0050,0.2292,0.0954,0.0182,0.0450,0.0164,0.0059
0.4557,0.9889,0.9985,0.2612,0.9999,0.0765,0.0052,0.0003,0.0002,0.0000,0.0065,0.7472,0.0000,0.0000,0.0004,0.0004,0.0006,0.0009,0.0031,0.0007,0.0029,0.0006,0.0015,0.0020,0.0048,0.0019,0.0007,0.0017,0.0011
0.0133,0.1756,0.0232,0.9995,0.0135,0.1109,0.0021,0.0005,0.0121,0.0000,0.0000,0.0000,0.0002,0.0015,0.0000,0.0001,0.0028,0.9941,0.2137,0.0015,0.2368,0.0218,0.0014,0.0427,0.0353,0.0073,0.0058,0.0019,0.0016
0.1791,0.7022,0.8976,0.8291,0.0108,0.0105,0.0030,0.0018,0.0156,0.0008,0.0041,0.0000,0.0015,0.1107,0.0094,0.0003,0.0917,0.0001,0.0008,0.0141,0.0015,0.0008,0.0058,0.0105,0.0008,0.0028,0.0107,0.0018,0.0028
0.0341,0.0912,0.0743,0.9717,0.0047,0.0489,0.0026,0.0026,0.0634,0.0008,0.0017,0.0004,0.0000,0.0094,0.1144,0.0081,0.0081,0.0008,0.0006,0.0119,0.0051,0.0004,0.0047,0.0205,0.0046,0.0039,0.0192,0.0050,0.0028
0.0326,0.0509,0.0376,0.9997,0.0053,0.0226,0.0154,0.0016,0.0082,0.0083,0.0021,0.0004,0.0001,0.0003,0.0081,0.1582,0.0559,0.0000,0.0034,0.0473,0.0014,0.0023,0.0064,0.0031,0.0006,0.0045,0.0026,0.0065,0.0159
0.0063,0.0069,0.0053,0.0151,0.0017,0.0083,0.0040,0.0029,0.0072,0.0049,0.0555,0.0006,0.0028,0.0917,0.0081,0.0559,0.9788,0.0021,0.0001,0.5709,0.0152,0.0005,0.0063,0.0094,0.0012,0.0022,0.0013,0.0005,0.0112
0.0027,0.0044,0.0053,0.2791,0.0065,0.4250,0.0078,0.0113,0.1890,0.0048,0.0252,0.0009,0.9941,0.0001,0.0008,0.0000,0.0021,0.4652,0.0009,0.0012,0.0081,0.0057,0.0036,0.0150,0.0014,0.0023,0.0013,0.0011,0.0049
0.0057,0.0063,0.0088,0.7515,0.0166,0.1950,0.1281,0.0300,0.0561,0.0257,0.0075,0.0031,0.2137,0.0008,0.0006,0.0034,0.0001,0.0009,0.0382,0.0067,0.0000,0.0003,0.0040,0.0041,0.0143,0.0213,0.0038,0.0053,0.0152
0.0030,0.0029,0.0015,0.0043,0.0016,0.0042,0.0045,0.0051,0.0084,0.0033,0.0138,0.0007,0.0015,0.0141,0.0119,0.0473,0.5709,0.0012,0.0067,0.6381,0.0007,0.0001,0.0709,0.0351,0.0026,0.0237,0.0103,0.0037,0.0212
0.0020,0.0023,0.0023,0.0070,0.0030,0.6612,0.0049,0.1677,0.9343,0.0121,0.0486,0.0029,0.2368,0.0015,0.0051,0.0014,0.0152,0.0081,0.0000,0.0007,0.9883,0.0002,0.0000,0.0027,0.0089,0.0043,0.0057,0.0012,0.0023
0.0018,0.0022,0.0030,0.0988,0.0159,0.2416,0.9490,0.9712,0.0739,0.0195,0.0046,0.0006,0.0218,0.0008,0.0004,0.0023,0.0005,0.0057,0.0003,0.0001,0.0002,0.0857,0.0024,0.0002,0.0001,0.0105,0.0064,0.1920,0.0247
0.0047,0.0019,0.0035,0.0033,0.0047,0.0117,0.0173,0.3334,0.0155,0.0093,0.0050,0.0015,0.0014,0.0058,0.0047,0.0064,0.0063,0.0036,0.0040,0.0709,0.0000,0.0024,0.2446,0.0167,0.0000,0.0039,0.0310,0.1785,0.5196
0.0025,0.0022,0.0036,0.0016,0.0019,0.0037,0.0026,0.0194,0.0069,0.0068,0.2292,0.0020,0.0427,0.0105,0.0205,0.0031,0.0094,0.0150,0.0041,0.0351,0.0027,0.0002,0.0167,0.7717,0.0002,0.0006,0.0567,0.0054,0.0216
0.0036,0.0054,0.0139,0.0167,0.0044,0.9298,0.0391,0.9861,0.9895,0.0252,0.0954,0.0048,0.0353,0.0008,0.0046,0.0006,0.0012,0.0014,0.0143,0.0026,0.0089,0.0001,0.0000,0.0002,0.5872,0.0003,0.0001,0.0002,0.0001
0.0050,0.0027,0.0062,0.0018,0.0025,0.0153,0.0507,0.5155,0.0274,0.0078,0.0182,0.0019,0.0073,0.0028,0.0039,0.0045,0.0022,0.0023,0.0213,0.0237,0.0043,0.0105,0.0039,0.0006,0.0003,0.7266,0.0788,0.0005,0.0007
0.0070,0.0048,0.0080,0.0013,0.0019,0.0089,0.0102,0.4639,0.0568,0.0077,0.0450,0.0007,0.0058,0.0107,0.0192,0.0026,0.0013,0.0013,0.0038,0.0103,0.0057,0.0064,0.0310,0.0567,0.0001,0.0788,0.0121,0.0210,0.0003
0.0053,0.0061,0.0091,0.0031,0.0033,0.0047,0.0297,0.0782,0.0122,0.0174,0.0164,0.0017,0.0019,0.0018,0.0050,0.0065,0.0005,0.0011,0.0053,0.0037,0.0012,0.1920,0.1785,0.0054,0.0002,0.0005,0.0210,0.1812,0.1208
0.0079,0.0106,0.0244,0.0043,0.0078,0.0035,0.0092,0.0060,0.0058,0.0101,0.0059,0.0011,0.0016,0.0028,0.0028,0.0159,0.0112,0.0049,0.0152,0.0212,0.0023,0.0247,0.5196,0.0216,0.0001,0.0007,0.0003,0.1208,0.0703