c1,c2,c3,c4,c5,c6,c7,c8,c9,c10,c11,c12,c13,c14,c15,c16,c17,c18,c19,c20,c21,c22,c23,c24,c25,c26,c27,c28,c29
0.0000,0.0001,0.0001,0.0002,0.0126,0.0022,0.0464,0.0339,0.0146,0.0818,0.0161,0.0347,0.0395,0.0264,0.0469,0.0544,0.0413,0.0164,0.0492,0.0122,0.0130,0.0305,0.0128,0.0061,0.0060,0.0120,0.0073,0.0019,0.0030
0.0001,0.0012,0.0244,0.0000,0.0013,0.0010,0.0080,0.0119,0.0852,0.0362,0.0391,0.0557,0.0528,0.1035,0.1598,0.0570,0.0166,0.0156,0.0135,0.0037,0.0033,0.0167,0.0054,0.0026,0.0026,0.0048,0.0027,0.0022,0.0023
0.0001,0.0244,0.0812,0.0030,0.0001,0.0008,0.0166,0.0030,0.0372,0.0242,0.0145,0.2283,0.2543,0.0671,0.0292,0.0243,0.0064,0.0057,0.0158,0.0030,0.0030,0.0106,0.0037,0.0025,0.0017,0.0047,0.0030,0.0026,0.0025
0.0002,0.0000,0.0030,0.0066,0.0041,0.0000,0.0008,0.0004,0.0050,0.0253,0.0214,0.0379,0.9960,0.2066,0.0790,0.0752,0.0110,0.0166,0.0791,0.0044,0.0035,0.0491,0.0135,0.0037,0.0045,0.0096,0.0039,0.0023,0.0028
0.0126,0.0013,0.0001,0.0041,0.0177,0.0005,0.0007,0.0044,0.0045,0.6982,0.0790,0.5921,0.1792,0.0247,0.0058,0.0075,0.0045,0.0056,0.0070,0.0040,0.0035,0.0075,0.0041,0.0033,0.0037,0.0055,0.0048,0.0025,0.0031
0.0022,0.0010,0.0008,0.0000,0.0005,0.0036,0.0078,0.0006,0.0003,0.0519,0.2172,0.0937,0.2253,0.0663,0.0245,0.0546,0.0138,0.0249,0.0148,0.0077,0.0076,0.0283,0.0145,0.0084,0.0089,0.0098,0.0066,0.0068,0.0066
0.0464,0.0080,0.0166,0.0008,0.0007,0.0078,0.0158,0.0216,0.0000,0.2078,0.0386,0.0255,0.0313,0.0115,0.0075,0.0081,0.0071,0.0083,0.0053,0.0053,0.0060,0.0089,0.0056,0.0042,0.0053,0.0042,0.0044,0.0032,0.0042
0.0339,0.0119,0.0030,0.0004,0.0044,0.0006,0.0216,0.0380,0.0021,0.0052,0.0156,0.0068,0.0071,0.0119,0.0043,0.0052,0.0054,0.0083,0.0055,0.0066,0.0146,0.0191,0.0089,0.0092,0.0128,0.0113,0.0082,0.0064,0.0071
0.0146,0.0852,0.0372,0.0050,0.0045,0.0003,0.0000,0.0021,0.0056,0.0052,0.0071,0.0013,0.0158,0.0056,0.0143,0.0062,0.0077,0.0235,0.0108,0.0048,0.0117,0.0248,0.0148,0.0077,0.0236,0.0221,0.0092,0.0092,0.0062
0.0818,0.0362,0.0242,0.0253,0.6982,0.0519,0.2078,0.0052,0.0052,0.1308,0.1776,0.0002,0.0000,0.0004,0.0006,0.0029,0.0028,0.0070,0.0016,0.0024,0.0090,0.0069,0.0049,0.0028,0.0042,0.0036,0.0067,0.0040,0.0040
0.0161,0.0391,0.0145,0.0214,0.0790,0.2172,0.0386,0.0156,0.0071,0.1776,0.0012,0.1749,0.0001,0.0005,0.0002,0.0025,0.0045,0.0145,0.0148,0.0034,0.0092,0.0093,0.0037,0.0025,0.0023,0.0036,0.0026,0.0018,0.0012
0.0347,0.0557,0.2283,0.0379,0.5921,0.0937,0.0255,0.0068,0.0013,0.0002,0.1749,0.0186,0.0015,0.0001,0.0006,0.0015,0.0023,0.0106,0.0060,0.0030,0.0064,0.0083,0.0029,0.0034,0.0052,0.0038,0.0034,0.0032,0.0025
0.0395,0.0528,0.2543,0.9960,0.1792,0.2253,0.0313,0.0071,0.0158,0.0000,0.0001,0.0015,0.0191,0.0003,0.0000,0.0010,0.0014,0.0663,0.0321,0.0031,0.0027,0.0222,0.0048,0.0015,0.0050,0.0026,0.0025,0.0014,0.0012
0.0264,0.1035,0.0671,0.2066,0.0247,0.0663,0.0115,0.0119,0.0056,0.0004,0.0005,0.0001,0.0003,0.0025,0.0192,0.0001,0.0012,0.2769,0.2535,0.0101,0.0113,0.0806,0.0052,0.0037,0.0048,0.0026,0.0028,0.0017,0.0016
0.0469,0.1598,0.0292,0.0790,0.0058,0.0245,0.0075,0.0043,0.0143,0.0006,0.0002,0.0006,0.0000,0.0192,0.0024,0.0300,0.0065,0.2253,0.0195,0.0074,0.0135,0.0071,0.0049,0.0099,0.0026,0.0052,0.0048,0.0029,0.0026
0.0544,0.0570,0.0243,0.0752,0.0075,0.0546,0.0081,0.0052,0.0062,0.0029,0.0025,0.0015,0.0010,0.0001,0.0300,0.0099,0.0118,0.0001,0.0035,0.0287,0.0046,0.0280,0.0252,0.0084,0.0053,0.0107,0.0066,0.0038,0.0048
0.0413,0.0166,0.0064,0.0110,0.0045,0.0138,0.0071,0.0054,0.0077,0.0028,0.0045,0.0023,0.0014,0.0012,0.0065,0.0118,0.0138,0.0014,0.0007,0.0646,0.0603,0.0109,0.0230,0.0165,0.0057,0.0096,0.0060,0.0041,0.0044
0.0164,0.0156,0.0057,0.0166,0.0056,0.0249,0.0083,0.0083,0.0235,0.0070,0.0145,0.0106,0.0663,0.2769,0.2253,0.0001,0.0014,0.0018,0.0010,0.0006,0.0063,0.0238,0.0024,0.0058,0.0046,0.0072,0.0024,0.0022,0.0026
0.0492,0.0135,0.0158,0.0791,0.0070,0.0148,0.0053,0.0055,0.0108,0.0016,0.0148,0.0060,0.0321,0.2535,0.0195,0.0035,0.0007,0.0010,0.0012,0.0117,0.0003,0.0004,0.0491,0.0039,0.0129,0.0112,0.0071,0.0022,0.0029
0.0122,0.0037,0.0030,0.0044,0.0040,0.0077,0.0053,0.0066,0.0048,0.0024,0.0034,0.0030,0.0031,0.0101,0.0074,0.0287,0.0646,0.0006,0.0117,0.0391,0.0094,0.0002,0.0052,0.0966,0.0110,0.0248,0.0130,0.0147,0.0117
0.0130,0.0033,0.0030,0.0035,0.0035,0.0076,0.0060,0.0146,0.0117,0.0090,0.0092,0.0064,0.0027,0.0113,0.0135,0.0046,0.0603,0.0063,0.0003,0.0094,0.0144,0.0017,0.0004,0.0273,0.0522,0.0153,0.0107,0.0155,0.0089
0.0305,0.0167,0.0106,0.0491,0.0075,0.0283,0.0089,0.0191,0.0248,0.0069,0.0093,0.0083,0.0222,0.0806,0.0071,0.0280,0.0109,0.0238,0.0004,0.0002,0.0017,0.0061,0.0034,0.0003,0.0013,0.0076,0.0019,0.0070,0.0043
0.0128,0.0054,0.0037,0.0135,0.0041,0.0145,0.0056,0.0089,0.0148,0.0049,0.0037,0.0029,0.0048,0.0052,0.0049,0.0252,0.0230,0.0024,0.0491,0.0052,0.0004,0.0034,0.0268,0.0118,0.0009,0.0037,0.0343,0.0084,0.0303
0.0061,0.0026,0.0025,0.0037,0.0033,0.0084,0.0042,0.0092,0.0077,0.0028,0.0025,0.0034,0.0015,0.0037,0.0099,0.0084,0.0165,0.0058,0.0039,0.0966,0.0273,0.0003,0.0118,0.0069,0.0621,0.0002,0.0123,0.3199,0.1651
0.0060,0.0026,0.0017,0.0045,0.0037,0.0089,0.0053,0.0128,0.0236,0.0042,0.0023,0.0052,0.0050,0.0048,0.0026,0.0053,0.0057,0.0046,0.0129,0.0110,0.0522,0.0013,0.0009,0.0621,0.0482,0.0103,0.0029,0.0095,0.2047
0.0120,0.0048,0.0047,0.0096,0.0055,0.0098,0.0042,0.0113,0.0221,0.0036,0.0036,0.0038,0.0026,0.0026,0.0052,0.0107,0.0096,0.0072,0.0112,0.0248,0.0153,0.0076,0.0037,0.0002,0.0103,0.0052,0.0731,0.0051,0.0463
0.0073,0.0027,0.0030,0.0039,0.0048,0.0066,0.0044,0.0082,0.0092,0.0067,0.0026,0.0034,0.0025,0.0028,0.0048,0.0066,0.0060,0.0024,0.0071,0.0130,0.0107,0.0019,0.0343,0.0123,0.0029,0.0731,0.0888,0.1415,0.0043
0.0019,0.0022,0.0026,0.0023,0.0025,0.0068,0.0032,0.0064,0.0092,0.0040,0.0018,0.0032,0.0014,0.0017,0.0029,0.0038,0.0041,0.0022,0.0022,0.0147,0.0155,0.0070,0.0084,0.3199,0.0095,0.0051,0.1415,0.4734,0.1175
0.0030,0.0023,0.0025,0.0028,0.0031,0.0066,0.0042,0.0071,0.0062,0.0040,0.0012,0.0025,0.0012,0.0016,0.0026,0.0048,0.0044,0.0026,0.0029,0.0117,0.0089,0.0043,0.0303,0.1651,0.2047,0.0463,0.0043,0.1175,0.1666
