c1,c2,c3,c4,c5,c6,c7,c8,c9,c10,c11,c12,c13,c14,c15,c16,c17,c18,c19,c20,c21,c22,c23,c24,c25,c26,c27,c28,c29
0.0048,0.0086,0.0002,0.0001,0.0047,0.0009,0.0264,0.0106,0.0075,0.0342,0.0056,0.0727,0.0130,0.0356,0.0223,0.0253,0.0088,0.0098,0.0176,0.0089,0.0075,0.0057,0.0084,0.0061,0.0046,0.0047,0.0053,0.0073,0.0074
0.0086,0.0199,0.0194,0.0000,0.0187,0.0014,0.0153,0.0101,0.0117,0.0219,0.0066,0.3253,0.0233,0.0347,0.0944,0.0205,0.0052,0.0144,0.0067,0.0030,0.0038,0.0057,0.0020,0.0020,0.0056,0.0028,0.0032,0.0021,0.0018
0.0002,0.0194,0.0129,0.0003,0.0001,0.0000,0.0036,0.0021,0.0167,0.0437,0.0140,0.8930,0.0428,0.1105,0.0648,0.0292,0.0053,0.0142,0.0082,0.0053,0.0044,0.0128,0.0044,0.0047,0.0088,0.0062,0.0041,0.0035,0.0082
0.0001,0.0000,0.0003,0.0002,0.0027,0.0000,0.0006,0.0003,0.0016,0.0349,0.0209,0.1305,0.9985,0.4524,0.9462,0.3124,0.0102,0.3956,0.0286,0.0061,0.0030,0.0354,0.0046,0.0033,0.0246,0.0039,0.0040,0.0027,0.0027
0.0047,0.0187,0.0001,0.0027,0.0292,0.0002,0.0006,0.0014,0.0040,0.7755,0.0254,0.8989,0.0204,0.0145,0.0152,0.0055,0.0049,0.0113,0.0043,0.0037,0.0070,0.0121,0.0039,0.0039,0.0057,0.0044,0.0029,0.0034,0.0036
0.0009,0.0014,0.0000,0.0000,0.0002,0.0001,0.0178,0.0004,0.0002,0.0204,0.1394,0.0978,0.0679,0.0261,0.0635,0.0521,0.0188,0.0685,0.0131,0.0089,0.2981,0.0707,0.0196,0.0077,0.2836,0.0216,0.0093,0.0143,0.0134
0.0264,0.0153,0.0036,0.0006,0.0006,0.0178,0.1231,0.0253,0.0000,0.0179,0.0016,0.0047,0.0070,0.0069,0.0074,0.0088,0.0089,0.0128,0.0115,0.0088,0.0089,0.0297,0.0045,0.0085,0.0122,0.0243,0.0074,0.0124,0.0054
0.0106,0.0101,0.0021,0.0003,0.0014,0.0004,0.0253,0.0038,0.0055,0.0012,0.0050,0.0031,0.0033,0.0072,0.0061,0.0123,0.0086,0.0340,0.0102,0.0073,0.0718,0.0761,0.0061,0.0132,0.3806,0.0462,0.0004,0.0093,0.0073
0.0075,0.0117,0.0167,0.0016,0.0040,0.0002,0.0000,0.0055,0.0002,0.0085,0.0000,0.0028,0.0072,0.0129,0.0724,0.0184,0.0082,0.0733,0.0220,0.0112,0.2873,0.0584,0.0154,0.0092,0.3787,0.0257,0.0116,0.0122,0.0061
0.0342,0.0219,0.0437,0.0349,0.7755,0.0204,0.0179,0.0012,0.0085,0.0894,0.0011,0.0000,0.0000,0.0012,0.0011,0.0079,0.0119,0.0079,0.0046,0.0050,0.0307,0.0152,0.0089,0.0092,0.0156,0.0065,0.0056,0.0059,0.0070
0.0056,0.0066,0.0140,0.0209,0.0254,0.1394,0.0016,0.0050,0.0000,0.0011,0.0192,0.0182,0.0000,0.0009,0.0022,0.0068,0.0720,0.0283,0.0104,0.0169,0.3401,0.0147,0.0077,0.0409,0.0713,0.0089,0.0105,0.0069,0.0034
0.0727,0.3253,0.8930,0.1305,0.8989,0.0978,0.0047,0.0031,0.0028,0.0000,0.0182,0.0133,0.0015,0.0001,0.0011,0.0019,0.0024,0.0054,0.0037,0.0021,0.0092,0.0014,0.0034,0.0049,0.0065,0.0025,0.0027,0.0024,0.0026
0.0130,0.0233,0.0428,0.9985,0.0204,0.0679,0.0070,0.0033,0.0072,0.0000,0.0000,0.0015,0.0015,0.0177,0.0000,0.0002,0.0029,0.3169,0.0273,0.0148,0.1862,0.0138,0.0045,0.0137,0.0127,0.0093,0.0041,0.0036,0.0028
0.0356,0.0347,0.1105,0.4524,0.0145,0.0261,0.0069,0.0072,0.0129,0.0012,0.0009,0.0001,0.0177,0.0206,0.0156,0.0006,0.0412,0.0026,0.0052,0.0082,0.0041,0.0038,0.0048,0.0069,0.0025,0.0028,0.0048,0.0027,0.0037
0.0223,0.0944,0.0648,0.9462,0.0152,0.0635,0.0074,0.0061,0.0724,0.0011,0.0022,0.0011,0.0000,0.0156,0.0236,0.0141,0.0002,0.0052,0.0028,0.0023,0.0053,0.0049,0.0046,0.0047,0.0046,0.0030,0.0040,0.0053,0.0044
0.0253,0.0205,0.0292,0.3124,0.0055,0.0521,0.0088,0.0123,0.0184,0.0079,0.0068,0.0019,0.0002,0.0006,0.0141,0.0128,0.0960,0.0000,0.0107,0.0139,0.0030,0.0058,0.0107,0.0075,0.0018,0.0046,0.0058,0.0043,0.0037
0.0088,0.0052,0.0053,0.0102,0.0049,0.0188,0.0089,0.0086,0.0082,0.0119,0.0720,0.0024,0.0029,0.0412,0.0002,0.0960,0.0130,0.0022,0.0012,0.0555,0.0090,0.0021,0.0164,0.0085,0.0039,0.0026,0.0041,0.0039,0.0098
0.0098,0.0144,0.0142,0.3956,0.0113,0.0685,0.0128,0.0340,0.0733,0.0079,0.0283,0.0054,0.3169,0.0026,0.0052,0.0000,0.0022,0.0035,0.0120,0.0003,0.0003,0.0017,0.0033,0.0079,0.0038,0.0027,0.0056,0.0044,0.0082
0.0176,0.0067,0.0082,0.0286,0.0043,0.0131,0.0115,0.0102,0.0220,0.0046,0.0104,0.0037,0.0273,0.0052,0.0028,0.0107,0.0012,0.0120,0.0102,0.0369,0.0000,0.0004,0.0158,0.0064,0.0112,0.0154,0.0185,0.0107,0.0364
0.0089,0.0030,0.0053,0.0061,0.0037,0.0089,0.0088,0.0073,0.0112,0.0050,0.0169,0.0021,0.0148,0.0082,0.0023,0.0139,0.0555,0.0003,0.0369,0.0196,0.0010,0.0006,0.0337,0.0229,0.0071,0.0077,0.0131,0.0031,0.0270
0.0075,0.0038,0.0044,0.0030,0.0070,0.2981,0.0089,0.0718,0.2873,0.0307,0.3401,0.0092,0.1862,0.0041,0.0053,0.0030,0.0090,0.0003,0.0000,0.0010,0.0044,0.0001,0.0002,0.0015,0.1014,0.0089,0.0508,0.0141,0.0136
0.0057,0.0057,0.0128,0.0354,0.0121,0.0707,0.0297,0.0761,0.0584,0.0152,0.0147,0.0014,0.0138,0.0038,0.0049,0.0058,0.0021,0.0017,0.0004,0.0006,0.0001,0.0014,0.0061,0.0003,0.0003,0.0283,0.0665,0.1992,0.2180
0.0084,0.0020,0.0044,0.0046,0.0039,0.0196,0.0045,0.0061,0.0154,0.0089,0.0077,0.0034,0.0045,0.0048,0.0046,0.0107,0.0164,0.0033,0.0158,0.0337,0.0002,0.0061,0.0726,0.0296,0.0000,0.0080,0.0829,0.0384,0.1043
0.0061,0.0020,0.0047,0.0033,0.0039,0.0077,0.0085,0.0132,0.0092,0.0092,0.0409,0.0049,0.0137,0.0069,0.0047,0.0075,0.0085,0.0079,0.0064,0.0229,0.0015,0.0003,0.0296,0.0419,0.0066,0.0003,0.0300,0.0147,0.0346
0.0046,0.0056,0.0088,0.0246,0.0057,0.2836,0.0122,0.3806,0.3787,0.0156,0.0713,0.0065,0.0127,0.0025,0.0046,0.0018,0.0039,0.0038,0.0112,0.0071,0.1014,0.0003,0.0000,0.0066,0.0093,0.0024,0.0008,0.0007,0.0017
0.0047,0.0028,0.0062,0.0039,0.0044,0.0216,0.0243,0.0462,0.0257,0.0065,0.0089,0.0025,0.0093,0.0028,0.0030,0.0046,0.0026,0.0027,0.0154,0.0077,0.0089,0.0283,0.0080,0.0003,0.0024,0.0357,0.2659,0.0008,0.0110
0.0053,0.0032,0.0041,0.0040,0.0029,0.0093,0.0074,0.0004,0.0116,0.0056,0.0105,0.0027,0.0041,0.0048,0.0040,0.0058,0.0041,0.0056,0.0185,0.0131,0.0508,0.0665,0.0829,0.0300,0.0008,0.2659,0.0005,0.0488,0.0007
0.0073,0.0021,0.0035,0.0027,0.0034,0.0143,0.0124,0.0093,0.0122,0.0059,0.0069,0.0024,0.0036,0.0027,0.0053,0.0043,0.0039,0.0044,0.0107,0.0031,0.0141,0.1992,0.0384,0.0147,0.0007,0.0008,0.0488,0.0577,0.0123
0.0074,0.0018,0.0082,0.0027,0.0036,0.0134,0.0054,0.0073,0.0061,0.0070,0.0034,0.0026,0.0028,0.0037,0.0044,0.0037,0.0098,0.0082,0.0364,0.0270,0.0136,0.2180,0.1043,0.0346,0.0017,0.0110,0.0007,0.0123,0.0007