c1,c2,c3,c4,c5,c6,c7,c8,c9,c10,c11,c12,c13,c14,c15,c16,c17,c18,c19,c20,c21,c22,c23,c24,c25,c26,c27,c28,c29
0.0003,0.0010,0.0000,0.0006,0.0040,0.0009,0.0111,0.0050,0.0070,0.0452,0.0081,0.1069,0.0069,0.0538,0.0791,0.0497,0.0186,0.0189,0.0215,0.0329,0.0215,0.0125,0.0162,0.0114,0.0123,0.0037,0.0081,0.0025,0.0012
0.0010,0.0249,0.0250,0.0000,0.0030,0.0002,0.0032,0.0037,0.0051,0.0143,0.0100,0.1459,0.0124,0.1204,0.2900,0.0411,0.0100,0.0103,0.0085,0.0087,0.0072,0.0056,0.0052,0.0090,0.0059,0.0046,0.0044,0.0032,0.0031
0.0000,0.0250,0.0250,0.0017,0.0001,0.0003,0.0023,0.0010,0.0142,0.0300,0.0110,0.9387,0.0342,0.2321,0.0974,0.0220,0.0077,0.0070,0.0089,0.0062,0.0042,0.0049,0.0049,0.0061,0.0044,0.0058,0.0044,0.0041,0.0040
0.0006,0.0000,0.0017,0.0150,0.0055,0.0000,0.0005,0.0003,0.0003,0.0147,0.0049,0.1004,0.9988,0.1492,0.3144,0.4819,0.0110,0.0078,0.1876,0.0153,0.0106,0.0082,0.0076,0.0055,0.0041,0.0029,0.0047,0.0031,0.0022
0.0040,0.0030,0.0001,0.0055,0.0249,0.0004,0.0002,0.0025,0.0013,0.5847,0.0641,0.9421,0.0150,0.0262,0.0066,0.0138,0.0075,0.0042,0.0055,0.0045,0.0049,0.0049,0.0048,0.0056,0.0043,0.0056,0.0060,0.0059,0.0072
0.0009,0.0002,0.0003,0.0000,0.0004,0.0029,0.0034,0.0000,0.0001,0.0771,0.1526,0.0790,0.2075,0.0344,0.0203,0.0529,0.0148,0.0135,0.0558,0.0175,0.0193,0.0440,0.0243,0.0209,0.0134,0.0202,0.0230,0.0258,0.1120
0.0111,0.0032,0.0023,0.0005,0.0002,0.0034,0.0296,0.0147,0.0000,0.0275,0.0037,0.0056,0.0151,0.0069,0.0047,0.0099,0.0083,0.0084,0.0565,0.0173,0.0426,0.0174,0.0150,0.0173,0.0082,0.0092,0.0159,0.0244,0.0360
0.0050,0.0037,0.0010,0.0003,0.0025,0.0000,0.0147,0.1850,0.0002,0.0081,0.0058,0.0011,0.0028,0.0032,0.0030,0.0039,0.0049,0.0036,0.0087,0.0236,0.0186,0.0403,0.0254,0.0541,0.0154,0.0598,0.0400,0.0613,0.1893
0.0070,0.0051,0.0142,0.0003,0.0013,0.0001,0.0000,0.0002,0.0001,0.0048,0.0007,0.0007,0.0047,0.0070,0.0171,0.0031,0.0066,0.0123,0.0260,0.0172,0.0838,0.0610,0.0384,0.1509,0.1505,0.0827,0.0622,0.0482,0.8537
0.0452,0.0143,0.0300,0.0147,0.5847,0.0771,0.0275,0.0081,0.0048,0.6013,0.0126,0.0000,0.0000,0.0005,0.0004,0.0077,0.0080,0.0040,0.0023,0.0041,0.0155,0.0090,0.0098,0.0055,0.0056,0.0027,0.0077,0.0052,0.0134
0.0081,0.0100,0.0110,0.0049,0.0641,0.1526,0.0037,0.0058,0.0007,0.0126,0.0009,0.1830,0.0000,0.0036,0.0028,0.0103,0.0560,0.0077,0.0142,0.0041,0.0118,0.0129,0.0060,0.0065,0.0085,0.0073,0.0046,0.0049,0.0057
0.1069,0.1459,0.9387,0.1004,0.9421,0.0790,0.0056,0.0011,0.0007,0.0000,0.1830,0.0150,0.0001,0.0001,0.0002,0.0019,0.0047,0.0050,0.0037,0.0026,0.0046,0.0043,0.0040,0.0043,0.0070,0.0034,0.0036,0.0028,0.0022
0.0069,0.0124,0.0342,0.9988,0.0150,0.2075,0.0151,0.0028,0.0047,0.0000,0.0000,0.0001,0.0012,0.0017,0.0000,0.0002,0.0440,0.0444,0.9712,0.0307,0.0154,0.0189,0.0095,0.0059,0.0079,0.0020,0.0035,0.0034,0.0054
0.0538,0.1204,0.2321,0.1492,0.0262,0.0344,0.0069,0.0032,0.0070,0.0005,0.0036,0.0001,0.0017,0.0105,0.0106,0.0002,0.0757,0.0045,0.0089,0.0048,0.0027,0.0049,0.0089,0.0083,0.0120,0.0028,0.0043,0.0018,0.0028
0.0791,0.2900,0.0974,0.3144,0.0066,0.0203,0.0047,0.0030,0.0171,0.0004,0.0028,0.0002,0.0000,0.0106,0.0215,0.3303,0.0013,0.0188,0.0076,0.0058,0.0053,0.0018,0.0030,0.0059,0.0049,0.0049,0.0048,0.0042,0.0024
0.0497,0.0411,0.0220,0.4819,0.0138,0.0529,0.0099,0.0039,0.0031,0.0077,0.0103,0.0019,0.0002,0.0002,0.3303,0.0814,0.0039,0.0002,0.0002,0.0011,0.0035,0.0033,0.0119,0.0102,0.0150,0.0079,0.0067,0.0028,0.0104
0.0186,0.0100,0.0077,0.0110,0.0075,0.0148,0.0083,0.0049,0.0066,0.0080,0.0560,0.0047,0.0440,0.0757,0.0013,0.0039,0.0069,0.0139,0.0000,0.0010,0.0014,0.0045,0.0193,0.0213,0.0091,0.0180,0.0096,0.0083,0.0101
0.0189,0.0103,0.0070,0.0078,0.0042,0.0135,0.0084,0.0036,0.0123,0.0040,0.0077,0.0050,0.0444,0.0045,0.0188,0.0002,0.0139,0.0146,0.0019,0.0005,0.0010,0.0033,0.0167,0.0163,0.0188,0.0339,0.0090,0.0147,0.0124
0.0215,0.0085,0.0089,0.1876,0.0055,0.0558,0.0565,0.0087,0.0260,0.0023,0.0142,0.0037,0.9712,0.0089,0.0076,0.0002,0.0000,0.0019,0.0016,0.0140,0.0000,0.0007,0.0029,0.0064,0.0157,0.0135,0.0138,0.0116,0.0090
0.0329,0.0087,0.0062,0.0153,0.0045,0.0175,0.0173,0.0236,0.0172,0.0041,0.0041,0.0026,0.0307,0.0048,0.0058,0.0011,0.0010,0.0005,0.0140,0.0180,0.0138,0.0004,0.0025,0.0056,0.0070,0.0204,0.0117,0.0278,0.0151
0.0215,0.0072,0.0042,0.0106,0.0049,0.0193,0.0426,0.0186,0.0838,0.0155,0.0118,0.0046,0.0154,0.0027,0.0053,0.0035,0.0014,0.0010,0.0000,0.0138,0.0074,0.0226,0.0008,0.0006,0.0029,0.0130,0.0270,0.0956,0.0238
0.0125,0.0056,0.0049,0.0082,0.0049,0.0440,0.0174,0.0403,0.0610,0.0090,0.0129,0.0043,0.0189,0.0049,0.0018,0.0033,0.0045,0.0033,0.0007,0.0004,0.0226,0.0101,0.0055,0.0000,0.0005,0.0264,0.0173,0.1623,0.0587
0.0162,0.0052,0.0049,0.0076,0.0048,0.0243,0.0150,0.0254,0.0384,0.0098,0.0060,0.0040,0.0095,0.0089,0.0030,0.0119,0.0193,0.0167,0.0029,0.0025,0.0008,0.0055,0.0117,0.0007,0.0002,0.0023,0.0203,0.0454,0.0293
0.0114,0.0090,0.0061,0.0055,0.0056,0.0209,0.0173,0.0541,0.1509,0.0055,0.0065,0.0043,0.0059,0.0083,0.0059,0.0102,0.0213,0.0163,0.0064,0.0056,0.0006,0.0000,0.0007,0.0208,0.0137,0.0004,0.0051,0.0443,0.0280
0.0123,0.0059,0.0044,0.0041,0.0043,0.0134,0.0082,0.0154,0.1505,0.0056,0.0085,0.0070,0.0079,0.0120,0.0049,0.0150,0.0091,0.0188,0.0157,0.0070,0.0029,0.0005,0.0002,0.0137,0.0317,0.0614,0.0003,0.0035,0.0087
0.0037,0.0046,0.0058,0.0029,0.0056,0.0202,0.0092,0.0598,0.0827,0.0027,0.0073,0.0034,0.0020,0.0028,0.0049,0.0079,0.0180,0.0339,0.0135,0.0204,0.0130,0.0264,0.0023,0.0004,0.0614,0.0052,0.0559,0.0002,0.0013
0.0081,0.0044,0.0044,0.0047,0.0060,0.0230,0.0159,0.0400,0.0622,0.0077,0.0046,0.0036,0.0035,0.0043,0.0048,0.0067,0.0096,0.0090,0.0138,0.0117,0.0270,0.0173,0.0203,0.0051,0.0003,0.0559,0.0196,0.0043,0.0000
0.0025,0.0032,0.0041,0.0031,0.0059,0.0258,0.0244,0.0613,0.0482,0.0052,0.0049,0.0028,0.0034,0.0018,0.0042,0.0028,0.0083,0.0147,0.0116,0.0278,0.0956,0.1623,0.0454,0.0443,0.0035,0.0002,0.0043,0.0034,0.0001
0.0012,0.0031,0.0040,0.0022,0.0072,0.1120,0.0360,0.1893,0.8537,0.0134,0.0057,0.0022,0.0054,0.0028,0.0024,0.0104,0.0101,0.0124,0.0090,0.0151,0.0238,0.0587,0.0293,0.0280,0.0087,0.0013,0.0000,0.0001,0.0002
