c1,c2,c3,c4,c5,c6,c7,c8,c9,c10,c11,c12,c13,c14,c15,c16,c17,c18,c19,c20,c21,c22,c23,c24,c25,c26,c27,c28,c29
0.0700,0.0055,0.0004,0.0000,0.0119,0.0006,0.0375,0.0056,0.0052,0.0503,0.0139,0.2557,0.0240,0.2365,0.0621,0.0250,0.0071,0.0072,0.0052,0.0067,0.0030,0.0019,0.0034,0.0055,0.0027,0.0020,0.0036,0.0035,0.0060
0.0055,0.0157,0.0186,0.0000,0.0043,0.0001,0.0120,0.0012,0.0021,0.0059,0.0129,0.9467,0.3388,0.9086,0.1658,0.0364,0.0070,0.0090,0.0037,0.0044,0.0021,0.0027,0.0017,0.0050,0.0067,0.0019,0.0027,0.0022,0.0035
0.0004,0.0186,0.0498,0.0000,0.0001,0.0000,0.0035,0.0005,0.0049,0.0123,0.0108,0.9977,0.0402,0.8319,0.0388,0.0340,0.0043,0.0105,0.0061,0.0038,0.0031,0.0032,0.0033,0.0048,0.0062,0.0059,0.0035,0.0047,0.0161
0.0000,0.0000,0.0000,0.0001,0.0010,0.0000,0.0001,0.0000,0.0005,0.0098,0.0219,0.2964,0.9977,0.8040,0.9834,1.0000,0.0247,0.1065,0.1960,0.0196,0.0069,0.0481,0.0072,0.0021,0.0146,0.0019,0.0011,0.0025,0.0028
0.0119,0.0043,0.0001,0.0010,0.2874,0.0001,0.0011,0.0002,0.0005,0.9970,0.0146,1.0000,0.0062,0.0166,0.0046,0.0065,0.0017,0.0061,0.0130,0.0024,0.0025,0.0062,0.0051,0.0015,0.0026,0.0021,0.0010,0.0019,0.0037
0.0006,0.0001,0.0000,0.0000,0.0001,0.0155,0.0015,0.0000,0.0023,0.0072,0.1996,0.1843,0.1282,0.0135,0.0487,0.0532,0.0203,0.0455,0.1356,0.0056,0.5713,0.5102,0.0308,0.0065,0.7499,0.0369,0.0062,0.0056,0.0064
0.0375,0.0120,0.0035,0.0001,0.0011,0.0015,0.8126,0.0032,0.0000,0.0242,0.0002,0.0120,0.0016,0.0047,0.0027,0.0167,0.0027,0.0047,0.0706,0.0088,0.0039,0.1467,0.1134,0.0048,0.0316,0.0649,0.0232,0.0367,0.0201
0.0056,0.0012,0.0005,0.0000,0.0002,0.0000,0.0032,0.1215,0.0001,0.0001,0.0008,0.0006,0.0006,0.0023,0.0042,0.0020,0.0037,0.0050,0.0336,0.0060,0.0413,0.6750,0.6964,0.0214,0.9681,0.7191,0.4678,0.1399,0.0617
0.0052,0.0021,0.0049,0.0005,0.0005,0.0023,0.0000,0.0001,0.0001,0.0048,0.0000,0.0005,0.0036,0.0050,0.0426,0.0083,0.0075,0.0450,0.0512,0.0085,0.9189,0.4070,0.0584,0.0096,0.9922,0.1173,0.0775,0.0217,0.0083
0.0503,0.0059,0.0123,0.0098,0.9970,0.0072,0.0242,0.0001,0.0048,0.7935,0.0003,0.0000,0.0000,0.0008,0.0008,0.0095,0.0046,0.0047,0.0263,0.0042,0.0175,0.0192,0.0104,0.0087,0.0348,0.0055,0.0034,0.0098,0.0104
0.0139,0.0129,0.0108,0.0219,0.0146,0.1996,0.0002,0.0008,0.0000,0.0003,0.1590,0.0134,0.0000,0.0014,0.0009,0.0021,0.0947,0.0380,0.0058,0.0081,0.0559,0.0174,0.0046,0.0820,0.2356,0.0238,0.0211,0.0073,0.0064
0.2557,0.9467,0.9977,0.2964,1.0000,0.1843,0.0120,0.0006,0.0005,0.0000,0.0134,0.1850,0.0001,0.0000,0.0001,0.0002,0.0006,0.0020,0.0022,0.0016,0.0031,0.0007,0.0016,0.0026,0.0023,0.0016,0.0006,0.0010,0.0015
0.0240,0.3388,0.0402,0.9977,0.0062,0.1282,0.0016,0.0006,0.0036,0.0000,0.0000,0.0001,0.0001,0.0016,0.0000,0.0002,0.0055,0.4108,0.5829,0.0117,0.1177,0.0899,0.0038,0.0102,0.0150,0.0176,0.0060,0.0030,0.0023
0.2365,0.9086,0.8319,0.8040,0.0166,0.0135,0.0047,0.0023,0.0050,0.0008,0.0014,0.0000,0.0016,0.0219,0.0048,0.0002,0.0511,0.0004,0.0020,0.0141,0.0015,0.0013,0.0055,0.0077,0.0007,0.0030,0.0108,0.0021,0.0038
0.0621,0.1658,0.0388,0.9834,0.0046,0.0487,0.0027,0.0042,0.0426,0.0008,0.0009,0.0001,0.0000,0.0048,0.0076,0.0009,0.0366,0.0045,0.0003,0.0049,0.0236,0.0022,0.0018,0.0214,0.0041,0.0067,0.0322,0.0057,0.0051
0.0250,0.0364,0.0340,1.0000,0.0065,0.0532,0.0167,0.0020,0.0083,0.0095,0.0021,0.0002,0.0002,0.0002,0.0009,0.2649,0.0936,0.0001,0.0027,0.0244,0.0010,0.0020,0.0048,0.0025,0.0005,0.0023,0.0027,0.0042,0.0075
0.0071,0.0070,0.0043,0.0247,0.0017,0.0203,0.0027,0.0037,0.0075,0.0046,0.0947,0.0006,0.0055,0.0511,0.0366,0.0936,0.0566,0.0140,0.0001,0.4794,0.0047,0.0012,0.0048,0.0118,0.0027,0.0015,0.0031,0.0008,0.0063
0.0072,0.0090,0.0105,0.1065,0.0061,0.0455,0.0047,0.0050,0.0450,0.0047,0.0380,0.0020,0.4108,0.0004,0.0045,0.0001,0.0140,0.0450,0.0014,0.0050,0.0020,0.0035,0.0044,0.0113,0.0020,0.0043,0.0061,0.0046,0.0245
0.0052,0.0037,0.0061,0.1960,0.0130,0.1356,0.0706,0.0336,0.0512,0.0263,0.0058,0.0022,0.5829,0.0020,0.0003,0.0027,0.0001,0.0014,0.0675,0.0097,0.0000,0.0003,0.0085,0.0060,0.0128,0.0188,0.0068,0.0047,0.0110
0.0067,0.0044,0.0038,0.0196,0.0024,0.0056,0.0088,0.0060,0.0085,0.0042,0.0081,0.0016,0.0117,0.0141,0.0049,0.0244,0.4794,0.0050,0.0097,0.4264,0.0008,0.0000,0.0079,0.0263,0.0017,0.0056,0.0141,0.0023,0.0072
0.0030,0.0021,0.0031,0.0069,0.0025,0.5713,0.0039,0.0413,0.9189,0.0175,0.0559,0.0031,0.1177,0.0015,0.0236,0.0010,0.0047,0.0020,0.0000,0.0008,0.6205,0.0001,0.0000,0.0094,0.0617,0.0263,0.0214,0.0020,0.0029
0.0019,0.0027,0.0032,0.0481,0.0062,0.5102,0.1467,0.6750,0.4070,0.0192,0.0174,0.0007,0.0899,0.0013,0.0022,0.0020,0.0012,0.0035,0.0003,0.0000,0.0001,0.0089,0.0006,0.0002,0.0001,0.0174,0.0677,0.4144,0.0554
0.0034,0.0017,0.0033,0.0072,0.0051,0.0308,0.1134,0.6964,0.0584,0.0104,0.0046,0.0016,0.0038,0.0055,0.0018,0.0048,0.0048,0.0044,0.0085,0.0079,0.0000,0.0006,0.1827,0.0152,0.0000,0.0023,0.0400,0.1043,0.1439
0.0055,0.0050,0.0048,0.0021,0.0015,0.0065,0.0048,0.0214,0.0096,0.0087,0.0820,0.0026,0.0102,0.0077,0.0214,0.0025,0.0118,0.0113,0.0060,0.0263,0.0094,0.0002,0.0152,0.1865,0.0004,0.0007,0.0514,0.0036,0.0223
0.0027,0.0067,0.0062,0.0146,0.0026,0.7499,0.0316,0.9681,0.9922,0.0348,0.2356,0.0023,0.0150,0.0007,0.0041,0.0005,0.0027,0.0020,0.0128,0.0017,0.0617,0.0001,0.0000,0.0004,0.3746,0.0005,0.0001,0.0003,0.0002
0.0020,0.0019,0.0059,0.0019,0.0021,0.0369,0.0649,0.7191,0.1173,0.0055,0.0238,0.0016,0.0176,0.0030,0.0067,0.0023,0.0015,0.0043,0.0188,0.0056,0.0263,0.0174,0.0023,0.0007,0.0005,0.3676,0.0389,0.0003,0.0002
0.0036,0.0027,0.0035,0.0011,0.0010,0.0062,0.0232,0.4678,0.0775,0.0034,0.0211,0.0006,0.0060,0.0108,0.0322,0.0027,0.0031,0.0061,0.0068,0.0141,0.0214,0.0677,0.0400,0.0514,0.0001,0.0389,0.0000,0.0541,0.0006
0.0035,0.0022,0.0047,0.0025,0.0019,0.0056,0.0367,0.1399,0.0217,0.0098,0.0073,0.0010,0.0030,0.0021,0.0057,0.0042,0.0008,0.0046,0.0047,0.0023,0.0020,0.4144,0.1043,0.0036,0.0003,0.0003,0.0541,0.1982,0.1178
0.0060,0.0035,0.0161,0.0028,0.0037,0.0064,0.0201,0.0617,0.0083,0.0104,0.0064,0.0015,0.0023,0.0038,0.0051,0.0075,0.0063,0.0245,0.0110,0.0072,0.0029,0.0554,0.1439,0.0223,0.0002,0.0002,0.0006,0.1178,0.0290