c1,c2,c3,c4,c5,c6,c7,c8,c9,c10,c11,c12,c13,c14,c15,c16,c17,c18,c19,c20,c21,c22,c23,c24,c25,c26,c27,c28,c29
0.0520,0.0041,0.0002,0.0000,0.0036,0.0012,0.0430,0.0165,0.0100,0.0399,0.0160,0.3979,0.0116,0.1121,0.0428,0.0125,0.0112,0.0052,0.0044,0.0077,0.0038,0.0018,0.0044,0.0147,0.0101,0.0031,0.0035,0.0031,0.0062
0.0041,0.0107,0.0210,0.0000,0.0008,0.0001,0.0045,0.0034,0.0157,0.0252,0.0325,0.9725,0.4069,0.5825,0.0871,0.0386,0.0239,0.0083,0.0044,0.0047,0.0057,0.0015,0.0011,0.0063,0.0140,0.0024,0.0030,0.0024,0.0037
0.0002,0.0210,0.0142,0.0001,0.0000,0.0000,0.0005,0.0010,0.0120,0.0409,0.0186,0.9838,0.0208,0.1049,0.0501,0.0222,0.0082,0.0157,0.0099,0.0032,0.0047,0.0052,0.0044,0.0078,0.0178,0.0150,0.0045,0.0116,0.0317
0.0000,0.0000,0.0001,0.0000,0.0006,0.0000,0.0001,0.0001,0.0023,0.0145,0.0257,0.8080,0.9996,0.3766,0.5705,0.9999,0.0091,0.0087,0.8721,0.0232,0.0045,0.0806,0.0363,0.0017,0.0125,0.0080,0.0032,0.0047,0.0037
0.0036,0.0008,0.0000,0.0006,0.3053,0.0000,0.0039,0.0014,0.0014,0.9499,0.0140,0.9995,0.0096,0.0096,0.0072,0.0081,0.0019,0.0054,0.0280,0.0021,0.0017,0.0076,0.0155,0.0025,0.0054,0.0030,0.0022,0.0031,0.0063
0.0012,0.0001,0.0000,0.0000,0.0000,0.1505,0.0029,0.0000,0.0124,0.0041,0.0905,0.0491,0.1159,0.0060,0.0310,0.0378,0.0040,0.0202,0.4117,0.0030,0.0732,0.9357,0.0291,0.0058,0.1018,0.0610,0.0219,0.0177,0.0077
0.0430,0.0045,0.0005,0.0001,0.0039,0.0029,0.4531,0.0117,0.0000,0.0282,0.0008,0.0220,0.0030,0.0062,0.0046,0.0438,0.0038,0.0029,0.2635,0.0135,0.0026,0.0095,0.3186,0.0036,0.0110,0.0094,0.0073,0.0147,0.0173
0.0165,0.0034,0.0010,0.0001,0.0014,0.0000,0.0117,0.3809,0.0009,0.0002,0.0006,0.0029,0.0021,0.0048,0.0035,0.0029,0.0037,0.0068,0.0405,0.0052,0.0201,0.0814,0.1331,0.0066,0.1724,0.1463,0.1602,0.1414,0.0318
0.0100,0.0157,0.0120,0.0023,0.0014,0.0124,0.0000,0.0009,0.0007,0.0018,0.0000,0.0003,0.0026,0.0047,0.0782,0.0073,0.0029,0.0372,0.0524,0.0086,0.4602,0.4807,0.0259,0.0058,0.5260,0.0394,0.0548,0.0216,0.0057
0.0399,0.0252,0.0409,0.0145,0.9499,0.0041,0.0282,0.0002,0.0018,0.7259,0.0014,0.0000,0.0000,0.0021,0.0010,0.0067,0.0055,0.0064,0.0254,0.0044,0.0114,0.0150,0.0115,0.0105,0.0143,0.0056,0.0071,0.0080,0.0128
0.0160,0.0325,0.0186,0.0257,0.0140,0.0905,0.0008,0.0006,0.0000,0.0014,0.1945,0.0126,0.0000,0.0050,0.0012,0.0024,0.0749,0.0439,0.0027,0.0049,0.0677,0.0124,0.0020,0.0409,0.0763,0.0446,0.0272,0.0113,0.0068
0.3979,0.9725,0.9838,0.8080,0.9995,0.0491,0.0220,0.0029,0.0003,0.0000,0.0126,0.6278,0.0000,0.0000,0.0002,0.0003,0.0008,0.0027,0.0021,0.0009,0.0022,0.0006,0.0011,0.0030,0.0050,0.0022,0.0006,0.0006,0.0012
0.0116,0.4069,0.0208,0.9996,0.0096,0.1159,0.0030,0.0021,0.0026,0.0000,0.0000,0.0000,0.0004,0.0010,0.0000,0.0001,0.0010,0.0115,0.7061,0.0030,0.0769,0.9545,0.0016,0.0016,0.1238,0.2124,0.0072,0.0077,0.0022
0.1121,0.5825,0.1049,0.3766,0.0096,0.0060,0.0062,0.0048,0.0047,0.0021,0.0050,0.0000,0.0010,0.2072,0.0148,0.0004,0.0269,0.0066,0.0009,0.0237,0.0020,0.0006,0.0031,0.0165,0.0021,0.0054,0.0041,0.0030,0.0037
0.0428,0.0871,0.0501,0.5705,0.0072,0.0310,0.0046,0.0035,0.0782,0.0010,0.0012,0.0002,0.0000,0.0148,0.0318,0.0032,0.0614,0.0117,0.0001,0.0026,0.0279,0.0009,0.0018,0.0160,0.0155,0.0173,0.0144,0.0083,0.0028
0.0125,0.0386,0.0222,0.9999,0.0081,0.0378,0.0438,0.0029,0.0073,0.0067,0.0024,0.0003,0.0001,0.0004,0.0032,0.2952,0.0876,0.0001,0.0002,0.0985,0.0006,0.0008,0.0088,0.0075,0.0009,0.0022,0.0011,0.0064,0.0118
0.0112,0.0239,0.0082,0.0091,0.0019,0.0040,0.0038,0.0037,0.0029,0.0055,0.0749,0.0008,0.0010,0.0269,0.0614,0.0876,0.9000,0.0751,0.0000,0.1736,0.0165,0.0009,0.0026,0.0213,0.0035,0.0026,0.0012,0.0012,0.0058
0.0052,0.0083,0.0157,0.0087,0.0054,0.0202,0.0029,0.0068,0.0372,0.0064,0.0439,0.0027,0.0115,0.0066,0.0117,0.0001,0.0751,0.5238,0.0001,0.0039,0.0159,0.0009,0.0024,0.0552,0.0104,0.0031,0.0038,0.0024,0.0105
0.0044,0.0044,0.0099,0.8721,0.0280,0.4117,0.2635,0.0405,0.0524,0.0254,0.0027,0.0021,0.7061,0.0009,0.0001,0.0002,0.0000,0.0001,0.1680,0.0085,0.0000,0.0003,0.0184,0.0019,0.0093,0.0333,0.0037,0.0065,0.0204
0.0077,0.0047,0.0032,0.0232,0.0021,0.0030,0.0135,0.0052,0.0086,0.0044,0.0049,0.0009,0.0030,0.0237,0.0026,0.0985,0.1736,0.0039,0.0085,0.6591,0.0030,0.0000,0.0094,0.1796,0.0026,0.0067,0.0032,0.0027,0.0152
0.0038,0.0057,0.0047,0.0045,0.0017,0.0732,0.0026,0.0201,0.4602,0.0114,0.0677,0.0022,0.0769,0.0020,0.0279,0.0006,0.0165,0.0159,0.0000,0.0030,0.8483,0.0002,0.0001,0.0069,0.0064,0.0110,0.0151,0.0035,0.0028
0.0018,0.0015,0.0052,0.0806,0.0076,0.9357,0.0095,0.0814,0.4807,0.0150,0.0124,0.0006,0.9545,0.0006,0.0009,0.0008,0.0009,0.0009,0.0003,0.0000,0.0002,0.1389,0.0004,0.0001,0.0004,0.0208,0.0690,0.2118,0.0808
0.0044,0.0011,0.0044,0.0363,0.0155,0.0291,0.3186,0.1331,0.0259,0.0115,0.0020,0.0011,0.0016,0.0031,0.0018,0.0088,0.0026,0.0024,0.0184,0.0094,0.0001,0.0004,0.1525,0.0114,0.0000,0.0004,0.0305,0.2166,0.5633
0.0147,0.0063,0.0078,0.0017,0.0025,0.0058,0.0036,0.0066,0.0058,0.0105,0.0409,0.0030,0.0016,0.0165,0.0160,0.0075,0.0213,0.0552,0.0019,0.1796,0.0069,0.0001,0.0114,0.2610,0.0026,0.0003,0.0141,0.0016,0.0144
0.0101,0.0140,0.0178,0.0125,0.0054,0.1018,0.0110,0.1724,0.5260,0.0143,0.0763,0.0050,0.1238,0.0021,0.0155,0.0009,0.0035,0.0104,0.0093,0.0026,0.0064,0.0004,0.0000,0.0026,0.5520,0.0006,0.0010,0.0003,0.0004
0.0031,0.0024,0.0150,0.0080,0.0030,0.0610,0.0094,0.1463,0.0394,0.0056,0.0446,0.0022,0.2124,0.0054,0.0173,0.0022,0.0026,0.0031,0.0333,0.0067,0.0110,0.0208,0.0004,0.0003,0.0006,0.4717,0.0322,0.0001,0.0003
0.0035,0.0030,0.0045,0.0032,0.0022,0.0219,0.0073,0.1602,0.0548,0.0071,0.0272,0.0006,0.0072,0.0041,0.0144,0.0011,0.0012,0.0038,0.0037,0.0032,0.0151,0.0690,0.0305,0.0141,0.0010,0.0322,0.1000,0.0155,0.0001
0.0031,0.0024,0.0116,0.0047,0.0031,0.0177,0.0147,0.1414,0.0216,0.0080,0.0113,0.0006,0.0077,0.0030,0.0083,0.0064,0.0012,0.0024,0.0065,0.0027,0.0035,0.2118,0.2166,0.0016,0.0003,0.0001,0.0155,0.1783,0.0394
0.0062,0.0037,0.0317,0.0037,0.0063,0.0077,0.0173,0.0318,0.0057,0.0128,0.0068,0.0012,0.0022,0.0037,0.0028,0.0118,0.0058,0.0105,0.0204,0.0152,0.0028,0.0808,0.5633,0.0144,0.0004,0.0003,0.0001,0.0394,0.0107