c1,c2,c3,c4,c5,c6,c7,c8,c9,c10,c11,c12,c13,c14,c15,c16,c17,c18,c19,c20,c21,c22,c23,c24,c25,c26,c27,c28,c29
0.0339,0.0030,0.0003,0.0000,0.0050,0.0009,0.0324,0.0084,0.0118,0.0486,0.0135,0.3671,0.0195,0.1790,0.0599,0.0316,0.0083,0.0056,0.0052,0.0069,0.0029,0.0030,0.0058,0.0037,0.0038,0.0024,0.0061,0.0041,0.0068
0.0030,0.0144,0.0220,0.0000,0.0013,0.0001,0.0041,0.0020,0.0128,0.0164,0.0245,0.9579,0.6033,0.4032,0.2053,0.0650,0.0127,0.0139,0.0056,0.0054,0.0033,0.0025,0.0024,0.0022,0.0092,0.0016,0.0023,0.0024,0.0026
0.0003,0.0220,0.0224,0.0000,0.0000,0.0000,0.0003,0.0006,0.0146,0.0362,0.0214,0.9934,0.0611,0.3833,0.0999,0.0224,0.0070,0.0144,0.0060,0.0030,0.0047,0.0050,0.0051,0.0049,0.0201,0.0070,0.0041,0.0078,0.0139
0.0000,0.0000,0.0000,0.0000,0.0013,0.0000,0.0001,0.0000,0.0018,0.0246,0.0245,0.6721,0.9999,0.6154,0.9655,0.9942,0.0158,0.3531,0.3189,0.0094,0.0126,0.2262,0.0042,0.0013,0.0704,0.0030,0.0013,0.0036,0.0026
0.0050,0.0013,0.0000,0.0013,0.3252,0.0001,0.0018,0.0006,0.0016,0.9722,0.0149,0.9995,0.0102,0.0066,0.0069,0.0041,0.0019,0.0075,0.0093,0.0017,0.0041,0.0121,0.0061,0.0021,0.0081,0.0032,0.0029,0.0038,0.0047
0.0009,0.0001,0.0000,0.0000,0.0001,0.0499,0.0049,0.0000,0.0070,0.0055,0.0636,0.0344,0.0981,0.0076,0.0465,0.0450,0.0105,0.0890,0.1144,0.0052,0.4285,0.2030,0.0122,0.0059,0.9397,0.0202,0.0093,0.0081,0.0066
0.0324,0.0041,0.0003,0.0001,0.0018,0.0049,0.4296,0.0058,0.0000,0.0204,0.0011,0.0109,0.0035,0.0043,0.0039,0.0098,0.0054,0.0081,0.0891,0.0062,0.0086,0.3442,0.0311,0.0044,0.0359,0.0724,0.0101,0.0184,0.0128
0.0084,0.0020,0.0006,0.0000,0.0006,0.0000,0.0058,0.1362,0.0004,0.0002,0.0005,0.0014,0.0017,0.0039,0.0036,0.0029,0.0069,0.0130,0.0166,0.0056,0.1356,0.3493,0.0666,0.0172,0.9845,0.2635,0.1597,0.0191,0.0174
0.0118,0.0128,0.0146,0.0018,0.0016,0.0070,0.0000,0.0004,0.0014,0.0017,0.0000,0.0005,0.0035,0.0127,0.0593,0.0098,0.0081,0.0460,0.0181,0.0097,0.7864,0.0473,0.0113,0.0074,0.9300,0.0232,0.0281,0.0116,0.0059
0.0486,0.0164,0.0362,0.0246,0.9722,0.0055,0.0204,0.0002,0.0017,0.4757,0.0007,0.0000,0.0000,0.0009,0.0009,0.0056,0.0067,0.0069,0.0147,0.0047,0.0448,0.0216,0.0090,0.0069,0.0285,0.0093,0.0083,0.0113,0.0132
0.0135,0.0245,0.0214,0.0245,0.0149,0.0636,0.0011,0.0005,0.0000,0.0007,0.1369,0.0240,0.0000,0.0022,0.0013,0.0025,0.0879,0.0350,0.0027,0.0101,0.0274,0.0061,0.0053,0.0535,0.1752,0.0176,0.0321,0.0099,0.0076
0.3671,0.9579,0.9934,0.6721,0.9995,0.0344,0.0109,0.0014,0.0005,0.0000,0.0240,0.2409,0.0000,0.0001,0.0003,0.0005,0.0009,0.0032,0.0017,0.0013,0.0035,0.0006,0.0008,0.0029,0.0042,0.0017,0.0006,0.0010,0.0013
0.0195,0.6033,0.0611,0.9999,0.0102,0.0981,0.0035,0.0017,0.0035,0.0000,0.0000,0.0000,0.0001,0.0013,0.0000,0.0001,0.0037,0.7344,0.2115,0.0046,0.1011,0.0274,0.0015,0.0235,0.0381,0.0105,0.0097,0.0029,0.0020
0.1790,0.4032,0.3833,0.6154,0.0066,0.0076,0.0043,0.0039,0.0127,0.0009,0.0022,0.0001,0.0013,0.1044,0.0056,0.0004,0.2910,0.0006,0.0020,0.0204,0.0011,0.0011,0.0032,0.0136,0.0008,0.0035,0.0070,0.0026,0.0034
0.0599,0.2053,0.0999,0.9655,0.0069,0.0465,0.0039,0.0036,0.0593,0.0009,0.0013,0.0003,0.0000,0.0056,0.0303,0.0054,0.0069,0.0009,0.0008,0.0050,0.0052,0.0015,0.0032,0.0136,0.0038,0.0045,0.0156,0.0064,0.0043
0.0316,0.0650,0.0224,0.9942,0.0041,0.0450,0.0098,0.0029,0.0098,0.0056,0.0025,0.0005,0.0001,0.0004,0.0054,0.1499,0.1076,0.0000,0.0039,0.0416,0.0010,0.0038,0.0045,0.0045,0.0006,0.0053,0.0048,0.0064,0.0105
0.0083,0.0127,0.0070,0.0158,0.0019,0.0105,0.0054,0.0069,0.0081,0.0067,0.0879,0.0009,0.0037,0.2910,0.0069,0.1076,0.1166,0.0050,0.0001,0.2721,0.0031,0.0013,0.0037,0.0148,0.0012,0.0019,0.0030,0.0008,0.0040
0.0056,0.0139,0.0144,0.3531,0.0075,0.0890,0.0081,0.0130,0.0460,0.0069,0.0350,0.0032,0.7344,0.0006,0.0009,0.0000,0.0050,0.0900,0.0006,0.0010,0.0030,0.0028,0.0021,0.0250,0.0017,0.0028,0.0041,0.0029,0.0107
0.0052,0.0056,0.0060,0.3189,0.0093,0.1144,0.0891,0.0166,0.0181,0.0147,0.0027,0.0017,0.2115,0.0020,0.0008,0.0039,0.0001,0.0006,0.0473,0.0243,0.0000,0.0004,0.0099,0.0110,0.0092,0.0343,0.0131,0.0087,0.0153
0.0069,0.0054,0.0030,0.0094,0.0017,0.0052,0.0062,0.0056,0.0097,0.0047,0.0101,0.0013,0.0046,0.0204,0.0050,0.0416,0.2721,0.0010,0.0243,0.1062,0.0010,0.0001,0.0226,0.0402,0.0026,0.0112,0.0117,0.0029,0.0112
0.0029,0.0033,0.0047,0.0126,0.0041,0.4285,0.0086,0.1356,0.7864,0.0448,0.0274,0.0035,0.1011,0.0011,0.0052,0.0010,0.0031,0.0030,0.0000,0.0010,0.8798,0.0001,0.0001,0.0047,0.0174,0.0086,0.0127,0.0022,0.0047
0.0030,0.0025,0.0050,0.2262,0.0121,0.2030,0.3442,0.3493,0.0473,0.0216,0.0061,0.0006,0.0274,0.0011,0.0015,0.0038,0.0013,0.0028,0.0004,0.0001,0.0001,0.0188,0.0095,0.0004,0.0001,0.0107,0.0322,0.2010,0.0790
0.0058,0.0024,0.0051,0.0042,0.0061,0.0122,0.0311,0.0666,0.0113,0.0090,0.0053,0.0008,0.0015,0.0032,0.0032,0.0045,0.0037,0.0021,0.0099,0.0226,0.0001,0.0095,0.2719,0.0208,0.0000,0.0087,0.0665,0.1605,0.4557
0.0037,0.0022,0.0049,0.0013,0.0021,0.0059,0.0044,0.0172,0.0074,0.0069,0.0535,0.0029,0.0235,0.0136,0.0136,0.0045,0.0148,0.0250,0.0110,0.0402,0.0047,0.0004,0.0208,0.2166,0.0002,0.0006,0.0213,0.0063,0.0208
0.0038,0.0092,0.0201,0.0704,0.0081,0.9397,0.0359,0.9845,0.9300,0.0285,0.1752,0.0042,0.0381,0.0008,0.0038,0.0006,0.0012,0.0017,0.0092,0.0026,0.0174,0.0001,0.0000,0.0002,0.0875,0.0003,0.0001,0.0002,0.0002
0.0024,0.0016,0.0070,0.0030,0.0032,0.0202,0.0724,0.2635,0.0232,0.0093,0.0176,0.0017,0.0105,0.0035,0.0045,0.0053,0.0019,0.0028,0.0343,0.0112,0.0086,0.0107,0.0087,0.0006,0.0003,0.3353,0.0936,0.0006,0.0007
0.0061,0.0023,0.0041,0.0013,0.0029,0.0093,0.0101,0.1597,0.0281,0.0083,0.0321,0.0006,0.0097,0.0070,0.0156,0.0048,0.0030,0.0041,0.0131,0.0117,0.0127,0.0322,0.0665,0.0213,0.0001,0.0936,0.0001,0.0995,0.0005
0.0041,0.0024,0.0078,0.0036,0.0038,0.0081,0.0184,0.0191,0.0116,0.0113,0.0099,0.0010,0.0029,0.0026,0.0064,0.0064,0.0008,0.0029,0.0087,0.0029,0.0022,0.2010,0.1605,0.0063,0.0002,0.0006,0.0995,0.1235,0.0528
0.0068,0.0026,0.0139,0.0026,0.0047,0.0066,0.0128,0.0174,0.0059,0.0132,0.0076,0.0013,0.0020,0.0034,0.0043,0.0105,0.0040,0.0107,0.0153,0.0112,0.0047,0.0790,0.4557,0.0208,0.0002,0.0007,0.0005,0.0528,0.0272