c1,c2,c3,c4,c5,c6,c7,c8,c9,c10,c11,c12,c13,c14,c15,c16,c17,c18,c19,c20,c21,c22,c23,c24,c25,c26,c27,c28,c29
0.0462,0.0010,0.0004,0.0000,0.0022,0.0003,0.0167,0.0042,0.0063,0.0476,0.0079,0.2789,0.0140,0.0815,0.1509,0.0405,0.0059,0.0052,0.0199,0.0045,0.0036,0.0018,0.0100,0.0046,0.0060,0.0056,0.0135,0.0078,0.0114
0.0010,0.0022,0.0074,0.0000,0.0006,0.0000,0.0014,0.0008,0.0058,0.0071,0.1742,0.9813,0.4437,0.2951,0.1049,0.0619,0.0124,0.0075,0.0065,0.0069,0.0055,0.0013,0.0034,0.0077,0.0454,0.0034,0.0112,0.0056,0.0101
0.0004,0.0074,0.0541,0.0002,0.0000,0.0000,0.0007,0.0005,0.0042,0.0197,0.0078,0.9608,0.0312,0.1397,0.1000,0.0303,0.0033,0.0149,0.0148,0.0034,0.0076,0.0082,0.0061,0.0063,0.0268,0.0144,0.0092,0.0086,0.0262
0.0000,0.0000,0.0002,0.0000,0.0004,0.0000,0.0001,0.0000,0.0003,0.0108,0.0137,0.0707,0.9998,0.5557,1.0000,0.5585,0.0039,0.9995,0.1233,0.0030,0.0257,0.0596,0.0027,0.0035,0.0140,0.0018,0.0008,0.0016,0.0026
0.0022,0.0006,0.0000,0.0004,0.1152,0.0000,0.0009,0.0003,0.0005,0.9987,0.0082,0.9998,0.0041,0.0027,0.0096,0.0022,0.0016,0.0150,0.0066,0.0020,0.0242,0.0564,0.0058,0.0053,0.0119,0.0050,0.0049,0.0044,0.0173
0.0003,0.0000,0.0000,0.0000,0.0000,0.0236,0.0020,0.0000,0.0113,0.0047,0.0742,0.1047,0.1507,0.0146,0.0454,0.0231,0.0096,0.8160,0.0380,0.0092,0.9478,0.0871,0.0078,0.0087,0.9584,0.0126,0.0061,0.0160,0.0056
0.0167,0.0014,0.0007,0.0001,0.0009,0.0020,0.3144,0.0014,0.0000,0.0278,0.0004,0.0035,0.0064,0.0019,0.0167,0.0046,0.0032,0.0463,0.0288,0.0029,0.0168,0.9994,0.0048,0.0032,0.0290,0.0441,0.0123,0.0412,0.0181
0.0042,0.0008,0.0005,0.0000,0.0003,0.0000,0.0014,0.3491,0.0001,0.0002,0.0004,0.0007,0.0038,0.0017,0.0037,0.0018,0.0039,0.0595,0.0099,0.0070,0.4762,0.9425,0.0133,0.0152,0.9893,0.2111,0.1803,0.1153,0.0113
0.0063,0.0058,0.0042,0.0003,0.0005,0.0113,0.0000,0.0001,0.0037,0.0027,0.0000,0.0002,0.0160,0.0178,0.0327,0.0067,0.0101,0.1030,0.0088,0.0113,0.9621,0.0265,0.0061,0.0065,0.9967,0.0260,0.0275,0.0138,0.0066
0.0476,0.0071,0.0197,0.0108,0.9987,0.0047,0.0278,0.0002,0.0027,0.9193,0.0001,0.0000,0.0000,0.0002,0.0015,0.0046,0.0044,0.0126,0.0088,0.0036,0.0321,0.0104,0.0072,0.0040,0.0933,0.0083,0.0099,0.0119,0.0109
0.0079,0.1742,0.0078,0.0137,0.0082,0.0742,0.0004,0.0004,0.0000,0.0001,0.4377,0.0040,0.0053,0.0016,0.0008,0.0065,0.0731,0.0075,0.0027,0.0211,0.0620,0.0010,0.0068,0.2603,0.0970,0.0088,0.0099,0.0084,0.0051
0.2789,0.9813,0.9608,0.0707,0.9998,0.1047,0.0035,0.0007,0.0002,0.0000,0.0040,0.1418,0.0009,0.0000,0.0004,0.0007,0.0014,0.0035,0.0011,0.0035,0.0056,0.0003,0.0040,0.0065,0.0108,0.0028,0.0013,0.0020,0.0022
0.0140,0.4437,0.0312,0.9998,0.0041,0.1507,0.0064,0.0038,0.0160,0.0000,0.0053,0.0009,0.0001,0.0089,0.0000,0.0002,0.0196,0.6824,0.0039,0.0054,0.2913,0.0033,0.0019,0.0359,0.0088,0.0046,0.0000,0.0030,0.0016
0.0815,0.2951,0.1397,0.5557,0.0027,0.0146,0.0019,0.0017,0.0178,0.0002,0.0016,0.0000,0.0089,0.2366,0.0069,0.0018,0.4413,0.0001,0.0012,0.0478,0.0046,0.0011,0.0168,0.0430,0.0026,0.0023,0.0130,0.0022,0.0034
0.1509,0.1049,0.1000,1.0000,0.0096,0.0454,0.0167,0.0037,0.0327,0.0015,0.0008,0.0004,0.0000,0.0069,0.2490,0.0185,0.0000,0.0001,0.0502,0.0032,0.0010,0.0008,0.0044,0.0036,0.0004,0.0043,0.0035,0.0039,0.0026
0.0405,0.0619,0.0303,0.5585,0.0022,0.0231,0.0046,0.0018,0.0067,0.0046,0.0065,0.0007,0.0002,0.0018,0.0185,0.2654,0.3203,0.0000,0.0368,0.1771,0.0054,0.0010,0.0197,0.0078,0.0012,0.0032,0.0011,0.0038,0.0075
0.0059,0.0124,0.0033,0.0039,0.0016,0.0096,0.0032,0.0039,0.0101,0.0044,0.0731,0.0014,0.0196,0.4413,0.0000,0.3203,0.8286,0.0001,0.0008,0.7862,0.0016,0.0001,0.0559,0.0443,0.0013,0.0021,0.0036,0.0006,0.0059
0.0052,0.0075,0.0149,0.9995,0.0150,0.8160,0.0463,0.0595,0.1030,0.0126,0.0075,0.0035,0.6824,0.0001,0.0001,0.0000,0.0001,0.0416,0.0098,0.0000,0.0014,0.0197,0.0016,0.0026,0.0040,0.0058,0.0007,0.0025,0.0086
0.0199,0.0065,0.0148,0.1233,0.0066,0.0380,0.0288,0.0099,0.0088,0.0088,0.0027,0.0011,0.0039,0.0012,0.0502,0.0368,0.0008,0.0098,0.1009,0.0344,0.0000,0.0010,0.0283,0.0013,0.0025,0.0179,0.0060,0.0043,0.0834
0.0045,0.0069,0.0034,0.0030,0.0020,0.0092,0.0029,0.0070,0.0113,0.0036,0.0211,0.0035,0.0054,0.0478,0.0032,0.1771,0.7862,0.0000,0.0344,0.2293,0.0001,0.0000,0.0421,0.0226,0.0034,0.0094,0.0102,0.0065,0.0178
0.0036,0.0055,0.0076,0.0257,0.0242,0.9478,0.0168,0.4762,0.9621,0.0321,0.0620,0.0056,0.2913,0.0046,0.0010,0.0054,0.0016,0.0014,0.0000,0.0001,0.8086,0.0001,0.0000,0.0007,0.0195,0.0018,0.0028,0.0027,0.0023
0.0018,0.0013,0.0082,0.0596,0.0564,0.0871,0.9994,0.9425,0.0265,0.0104,0.0010,0.0003,0.0033,0.0011,0.0008,0.0010,0.0001,0.0197,0.0010,0.0000,0.0001,0.5895,0.0022,0.0000,0.0000,0.0391,0.0037,0.2179,0.1184
0.0100,0.0034,0.0061,0.0027,0.0058,0.0078,0.0048,0.0133,0.0061,0.0072,0.0068,0.0040,0.0019,0.0168,0.0044,0.0197,0.0559,0.0016,0.0283,0.0421,0.0000,0.0022,0.1534,0.0274,0.0000,0.0082,0.0271,0.1189,0.8102
0.0046,0.0077,0.0063,0.0035,0.0053,0.0087,0.0032,0.0152,0.0065,0.0040,0.2603,0.0065,0.0359,0.0430,0.0036,0.0078,0.0443,0.0026,0.0013,0.0226,0.0007,0.0000,0.0274,0.6258,0.0001,0.0008,0.0204,0.0044,0.0398
0.0060,0.0454,0.0268,0.0140,0.0119,0.9584,0.0290,0.9893,0.9967,0.0933,0.0970,0.0108,0.0088,0.0026,0.0004,0.0012,0.0013,0.0040,0.0025,0.0034,0.0195,0.0000,0.0000,0.0001,0.0138,0.0001,0.0009,0.0002,0.0001
0.0056,0.0034,0.0144,0.0018,0.0050,0.0126,0.0441,0.2111,0.0260,0.0083,0.0088,0.0028,0.0046,0.0023,0.0043,0.0032,0.0021,0.0058,0.0179,0.0094,0.0018,0.0391,0.0082,0.0008,0.0001,0.5748,0.3612,0.0010,0.0002
0.0135,0.0112,0.0092,0.0008,0.0049,0.0061,0.0123,0.1803,0.0275,0.0099,0.0099,0.0013,0.0000,0.0130,0.0035,0.0011,0.0036,0.0007,0.0060,0.0102,0.0028,0.0037,0.0271,0.0204,0.0009,0.3612,0.4719,0.0355,0.0007
0.0078,0.0056,0.0086,0.0016,0.0044,0.0160,0.0412,0.1153,0.0138,0.0119,0.0084,0.0020,0.0030,0.0022,0.0039,0.0038,0.0006,0.0025,0.0043,0.0065,0.0027,0.2179,0.1189,0.0044,0.0002,0.0010,0.0355,0.1318,0.0041
0.0114,0.0101,0.0262,0.0026,0.0173,0.0056,0.0181,0.0113,0.0066,0.0109,0.0051,0.0022,0.0016,0.0034,0.0026,0.0075,0.0059,0.0086,0.0834,0.0178,0.0023,0.1184,0.8102,0.0398,0.0001,0.0002,0.0007,0.0041,0.0016