c1,c2,c3,c4,c5,c6,c7,c8,c9,c10,c11,c12,c13,c14,c15,c16,c17,c18,c19,c20,c21,c22,c23,c24,c25,c26,c27,c28,c29
0.0453,0.0015,0.0003,0.0000,0.0046,0.0003,0.0143,0.0025,0.0092,0.0413,0.0064,0.5185,0.0245,0.3071,0.1051,0.0709,0.0055,0.0056,0.0091,0.0072,0.0036,0.0028,0.0067,0.0039,0.0050,0.0030,0.0075,0.0059,0.0052
0.0015,0.0032,0.0106,0.0000,0.0018,0.0001,0.0037,0.0019,0.0055,0.0106,0.0130,0.9147,0.5776,0.2409,0.2505,0.0840,0.0092,0.0216,0.0071,0.0081,0.0062,0.0034,0.0017,0.0038,0.0189,0.0018,0.0048,0.0031,0.0031
0.0003,0.0106,0.0348,0.0000,0.0001,0.0000,0.0011,0.0011,0.0046,0.0171,0.0105,0.9989,0.0348,0.5986,0.0578,0.0618,0.0043,0.0067,0.0073,0.0039,0.0069,0.0063,0.0029,0.0038,0.0230,0.0057,0.0038,0.0046,0.0054
0.0000,0.0000,0.0000,0.0000,0.0019,0.0000,0.0006,0.0002,0.0005,0.0269,0.0176,0.1003,0.9999,0.5022,0.9990,0.3758,0.0043,1.0000,0.0247,0.0017,0.0036,0.0729,0.0012,0.0025,0.0189,0.0018,0.0010,0.0015,0.0017
0.0046,0.0018,0.0001,0.0019,0.1980,0.0000,0.0005,0.0013,0.0006,0.9572,0.0156,0.9991,0.0185,0.0049,0.0179,0.0043,0.0021,0.0129,0.0048,0.0020,0.0121,0.0212,0.0024,0.0027,0.0124,0.0050,0.0032,0.0023,0.0031
0.0003,0.0001,0.0000,0.0000,0.0000,0.0062,0.0128,0.0002,0.0020,0.0134,0.3222,0.0940,0.0217,0.0106,0.0415,0.0114,0.0074,0.3410,0.0139,0.0046,0.6531,0.2155,0.0094,0.0064,0.9537,0.0330,0.0051,0.0113,0.0058
0.0143,0.0037,0.0011,0.0006,0.0005,0.0128,0.1669,0.1916,0.0000,0.0307,0.0004,0.0047,0.0032,0.0042,0.0081,0.0065,0.0063,0.0248,0.0248,0.0023,0.0070,0.4854,0.0029,0.0036,0.0449,0.1481,0.0109,0.0102,0.0102
0.0025,0.0019,0.0011,0.0002,0.0013,0.0002,0.1916,0.0024,0.0023,0.0022,0.0004,0.0007,0.0003,0.0017,0.0059,0.0012,0.0023,0.0366,0.0035,0.0013,0.2001,0.9161,0.0054,0.0068,0.9977,0.5616,0.0036,0.0118,0.0062
0.0092,0.0055,0.0046,0.0005,0.0006,0.0020,0.0000,0.0023,0.0001,0.0163,0.0000,0.0002,0.0024,0.0159,0.0387,0.0051,0.0093,0.1326,0.0150,0.0127,0.9816,0.0435,0.0102,0.0111,0.9963,0.0719,0.0166,0.0093,0.0113
0.0413,0.0106,0.0171,0.0269,0.9572,0.0134,0.0307,0.0022,0.0163,0.6546,0.0002,0.0000,0.0000,0.0004,0.0021,0.0035,0.0056,0.0070,0.0067,0.0027,0.0404,0.0077,0.0042,0.0041,0.0633,0.0067,0.0064,0.0047,0.0056
0.0064,0.0130,0.0105,0.0176,0.0156,0.3222,0.0004,0.0004,0.0000,0.0002,0.1496,0.0116,0.0003,0.0007,0.0004,0.0066,0.3305,0.0758,0.0028,0.0230,0.8594,0.0036,0.0026,0.1700,0.3561,0.0041,0.0035,0.0024,0.0019
0.5185,0.9147,0.9989,0.1003,0.9991,0.0940,0.0047,0.0007,0.0002,0.0000,0.0116,0.3003,0.0002,0.0000,0.0008,0.0005,0.0021,0.0035,0.0013,0.0021,0.0059,0.0001,0.0007,0.0050,0.0049,0.0017,0.0017,0.0014,0.0011
0.0245,0.5776,0.0348,0.9999,0.0185,0.0217,0.0032,0.0003,0.0024,0.0000,0.0003,0.0002,0.0013,0.0042,0.0000,0.0000,0.0077,0.9697,0.0139,0.0044,0.1760,0.0046,0.0024,0.0158,0.0082,0.0028,0.0032,0.0019,0.0019
0.3071,0.2409,0.5986,0.5022,0.0049,0.0106,0.0042,0.0017,0.0159,0.0004,0.0007,0.0000,0.0042,0.0603,0.0363,0.0084,0.3620,0.0001,0.0012,0.0306,0.0014,0.0011,0.0027,0.0136,0.0020,0.0020,0.0056,0.0022,0.0020
0.1051,0.2505,0.0578,0.9990,0.0179,0.0415,0.0081,0.0059,0.0387,0.0021,0.0004,0.0008,0.0000,0.0363,0.0554,0.0225,0.0001,0.0002,0.0063,0.0036,0.0016,0.0011,0.0024,0.0047,0.0014,0.0046,0.0064,0.0040,0.0028
0.0709,0.0840,0.0618,0.3758,0.0043,0.0114,0.0065,0.0012,0.0051,0.0035,0.0066,0.0005,0.0000,0.0084,0.0225,0.1008,0.4368,0.0000,0.0135,0.2795,0.0037,0.0014,0.0085,0.0153,0.0009,0.0030,0.0035,0.0025,0.0068
0.0055,0.0092,0.0043,0.0043,0.0021,0.0074,0.0063,0.0023,0.0093,0.0056,0.3305,0.0021,0.0077,0.3620,0.0001,0.4368,0.0150,0.0003,0.0005,0.7316,0.0044,0.0003,0.0106,0.0671,0.0027,0.0023,0.0039,0.0012,0.0071
0.0056,0.0216,0.0067,1.0000,0.0129,0.3410,0.0248,0.0366,0.1326,0.0070,0.0758,0.0035,0.9697,0.0001,0.0002,0.0000,0.0003,0.0151,0.0104,0.0001,0.0001,0.0073,0.0013,0.0054,0.0007,0.0018,0.0013,0.0021,0.0024
0.0091,0.0071,0.0073,0.0247,0.0048,0.0139,0.0248,0.0035,0.0150,0.0067,0.0028,0.0013,0.0139,0.0012,0.0063,0.0135,0.0005,0.0104,0.2579,0.0628,0.0000,0.0013,0.0883,0.0047,0.0024,0.0221,0.0197,0.0223,0.0717
0.0072,0.0081,0.0039,0.0017,0.0020,0.0046,0.0023,0.0013,0.0127,0.0027,0.0230,0.0021,0.0044,0.0306,0.0036,0.2795,0.7316,0.0001,0.0628,0.2814,0.0001,0.0002,0.0868,0.0432,0.0045,0.0081,0.0045,0.0027,0.0066
0.0036,0.0062,0.0069,0.0036,0.0121,0.6531,0.0070,0.2001,0.9816,0.0404,0.8594,0.0059,0.1760,0.0014,0.0016,0.0037,0.0044,0.0001,0.0000,0.0001,0.6522,0.0000,0.0000,0.0019,0.0546,0.0108,0.0037,0.0032,0.0023
0.0028,0.0034,0.0063,0.0729,0.0212,0.2155,0.4854,0.9161,0.0435,0.0077,0.0036,0.0001,0.0046,0.0011,0.0011,0.0014,0.0003,0.0073,0.0013,0.0002,0.0000,0.2300,0.0038,0.0001,0.0001,0.1754,0.0114,0.1890,0.1857
0.0067,0.0017,0.0029,0.0012,0.0024,0.0094,0.0029,0.0054,0.0102,0.0042,0.0026,0.0007,0.0024,0.0027,0.0024,0.0085,0.0106,0.0013,0.0883,0.0868,0.0000,0.0038,0.2507,0.0108,0.0000,0.0188,0.1137,0.7637,0.9842
0.0039,0.0038,0.0038,0.0025,0.0027,0.0064,0.0036,0.0068,0.0111,0.0041,0.1700,0.0050,0.0158,0.0136,0.0047,0.0153,0.0671,0.0054,0.0047,0.0432,0.0019,0.0001,0.0108,0.3349,0.0002,0.0008,0.0144,0.0114,0.0480
0.0050,0.0189,0.0230,0.0189,0.0124,0.9537,0.0449,0.9977,0.9963,0.0633,0.3561,0.0049,0.0082,0.0020,0.0014,0.0009,0.0027,0.0007,0.0024,0.0045,0.0546,0.0001,0.0000,0.0002,0.0028,0.0000,0.0000,0.0002,0.0004
0.0030,0.0018,0.0057,0.0018,0.0050,0.0330,0.1481,0.5616,0.0719,0.0067,0.0041,0.0017,0.0028,0.0020,0.0046,0.0030,0.0023,0.0018,0.0221,0.0081,0.0108,0.1754,0.0188,0.0008,0.0000,0.0238,0.2673,0.0013,0.0007
0.0075,0.0048,0.0038,0.0010,0.0032,0.0051,0.0109,0.0036,0.0166,0.0064,0.0035,0.0017,0.0032,0.0056,0.0064,0.0035,0.0039,0.0013,0.0197,0.0045,0.0037,0.0114,0.1137,0.0144,0.0000,0.2673,0.6292,0.1788,0.0011
0.0059,0.0031,0.0046,0.0015,0.0023,0.0113,0.0102,0.0118,0.0093,0.0047,0.0024,0.0014,0.0019,0.0022,0.0040,0.0025,0.0012,0.0021,0.0223,0.0027,0.0032,0.1890,0.7637,0.0114,0.0002,0.0013,0.1788,0.1393,0.0500
0.0052,0.0031,0.0054,0.0017,0.0031,0.0058,0.0102,0.0062,0.0113,0.0056,0.0019,0.0011,0.0019,0.0020,0.0028,0.0068,0.0071,0.0024,0.0717,0.0066,0.0023,0.1857,0.9842,0.0480,0.0004,0.0007,0.0011,0.0500,0.0199