c1,c2,c3,c4,c5,c6,c7,c8,c9,c10,c11,c12,c13,c14,c15,c16,c17,c18,c19,c20,c21,c22,c23,c24,c25,c26,c27,c28,c29
0.1012,0.0020,0.0006,0.0000,0.0028,0.0003,0.0340,0.0042,0.0083,0.0397,0.0100,0.7170,0.0114,0.2376,0.0367,0.0371,0.0093,0.0046,0.0044,0.0044,0.0020,0.0020,0.0054,0.0033,0.0040,0.0033,0.0053,0.0095,0.0131
0.0020,0.0030,0.0093,0.0000,0.0008,0.0001,0.0019,0.0011,0.0130,0.0075,0.0509,0.9997,0.4387,0.9351,0.1011,0.0246,0.0154,0.0097,0.0042,0.0037,0.0028,0.0014,0.0012,0.0024,0.0079,0.0025,0.0046,0.0031,0.0070
0.0006,0.0093,0.0195,0.0001,0.0000,0.0000,0.0018,0.0005,0.0075,0.0222,0.0079,0.9620,0.0252,0.3813,0.0694,0.0382,0.0069,0.0118,0.0126,0.0022,0.0038,0.0058,0.0045,0.0052,0.0164,0.0098,0.0064,0.0149,0.0255
0.0000,0.0000,0.0001,0.0001,0.0004,0.0000,0.0001,0.0000,0.0011,0.0160,0.0207,0.5377,0.9998,0.6277,0.8122,0.9999,0.0297,0.0288,0.6296,0.0046,0.0107,0.2688,0.0047,0.0013,0.0253,0.0030,0.0014,0.0031,0.0064
0.0028,0.0008,0.0000,0.0004,0.2923,0.0000,0.0028,0.0004,0.0004,0.9949,0.0143,1.0000,0.0173,0.0097,0.0080,0.0060,0.0017,0.0054,0.0111,0.0015,0.0025,0.0098,0.0073,0.0020,0.0050,0.0026,0.0016,0.0023,0.0064
0.0003,0.0001,0.0000,0.0000,0.0000,0.3794,0.0027,0.0000,0.0239,0.0021,0.0407,0.0668,0.1328,0.0095,0.0261,0.0264,0.0052,0.0774,0.1698,0.0035,0.6629,0.4727,0.0226,0.0054,0.9059,0.0452,0.0197,0.0084,0.0053
0.0340,0.0019,0.0018,0.0001,0.0028,0.0027,0.7957,0.0032,0.0000,0.0234,0.0005,0.0250,0.0022,0.0043,0.0035,0.0278,0.0049,0.0047,0.1716,0.0119,0.0057,0.3179,0.0425,0.0030,0.0354,0.0246,0.0134,0.0096,0.0135
0.0042,0.0011,0.0005,0.0000,0.0004,0.0000,0.0032,0.5093,0.0002,0.0002,0.0004,0.0008,0.0012,0.0043,0.0027,0.0020,0.0038,0.0087,0.0266,0.0049,0.1438,0.6453,0.4296,0.0247,0.9716,0.3106,0.3193,0.0353,0.0086
0.0083,0.0130,0.0075,0.0011,0.0004,0.0239,0.0000,0.0002,0.0001,0.0013,0.0000,0.0002,0.0074,0.0124,0.0559,0.0076,0.0050,0.0935,0.0544,0.0081,0.9216,0.1094,0.0173,0.0058,0.9764,0.0330,0.0722,0.0137,0.0071
0.0397,0.0075,0.0222,0.0160,0.9949,0.0021,0.0234,0.0002,0.0013,0.9677,0.0004,0.0000,0.0000,0.0010,0.0008,0.0087,0.0048,0.0066,0.0315,0.0033,0.0126,0.0215,0.0088,0.0057,0.0207,0.0051,0.0086,0.0084,0.0107
0.0100,0.0509,0.0079,0.0207,0.0143,0.0407,0.0005,0.0004,0.0000,0.0004,0.2553,0.0068,0.0000,0.0079,0.0020,0.0026,0.0644,0.0431,0.0041,0.0081,0.0240,0.0093,0.0042,0.1504,0.0865,0.0536,0.0218,0.0180,0.0059
0.7170,0.9997,0.9620,0.5377,1.0000,0.0668,0.0250,0.0008,0.0002,0.0000,0.0068,0.3353,0.0000,0.0000,0.0002,0.0003,0.0004,0.0009,0.0029,0.0004,0.0020,0.0005,0.0011,0.0014,0.0044,0.0019,0.0006,0.0013,0.0009
0.0114,0.4387,0.0252,0.9998,0.0173,0.1328,0.0022,0.0012,0.0074,0.0000,0.0000,0.0000,0.0001,0.0008,0.0000,0.0001,0.0010,0.5651,0.3740,0.0026,0.1352,0.1726,0.0028,0.0242,0.0559,0.0225,0.0066,0.0035,0.0019
0.2376,0.9351,0.3813,0.6277,0.0097,0.0095,0.0043,0.0043,0.0124,0.0010,0.0079,0.0000,0.0008,0.1555,0.0096,0.0002,0.0464,0.0004,0.0006,0.0172,0.0009,0.0010,0.0066,0.0142,0.0007,0.0037,0.0082,0.0030,0.0022
0.0367,0.1011,0.0694,0.8122,0.0080,0.0261,0.0035,0.0027,0.0559,0.0008,0.0020,0.0002,0.0000,0.0096,0.1167,0.0061,0.0151,0.0011,0.0004,0.0068,0.0047,0.0009,0.0044,0.0322,0.0073,0.0082,0.0167,0.0075,0.0023
0.0371,0.0246,0.0382,0.9999,0.0060,0.0264,0.0278,0.0020,0.0076,0.0087,0.0026,0.0003,0.0001,0.0002,0.0061,0.2161,0.0550,0.0000,0.0023,0.0523,0.0009,0.0023,0.0072,0.0039,0.0006,0.0044,0.0021,0.0071,0.0116
0.0093,0.0154,0.0069,0.0297,0.0017,0.0052,0.0049,0.0038,0.0050,0.0048,0.0644,0.0004,0.0010,0.0464,0.0151,0.0550,0.9016,0.0127,0.0000,0.2214,0.0083,0.0008,0.0044,0.0119,0.0015,0.0036,0.0018,0.0024,0.0093
0.0046,0.0097,0.0118,0.0288,0.0054,0.0774,0.0047,0.0087,0.0935,0.0066,0.0431,0.0009,0.5651,0.0004,0.0011,0.0000,0.0127,0.5398,0.0006,0.0017,0.0082,0.0054,0.0072,0.0381,0.0017,0.0032,0.0025,0.0057,0.0095
0.0044,0.0042,0.0126,0.6296,0.0111,0.1698,0.1716,0.0266,0.0544,0.0315,0.0041,0.0029,0.3740,0.0006,0.0004,0.0023,0.0000,0.0006,0.0866,0.0092,0.0000,0.0002,0.0047,0.0043,0.0208,0.0388,0.0067,0.0059,0.0194
0.0044,0.0037,0.0022,0.0046,0.0015,0.0035,0.0119,0.0049,0.0081,0.0033,0.0081,0.0004,0.0026,0.0172,0.0068,0.0523,0.2214,0.0017,0.0092,0.8406,0.0012,0.0001,0.0539,0.0538,0.0021,0.0170,0.0045,0.0069,0.0110
0.0020,0.0028,0.0038,0.0107,0.0025,0.6629,0.0057,0.1438,0.9216,0.0126,0.0240,0.0020,0.1352,0.0009,0.0047,0.0009,0.0083,0.0082,0.0000,0.0012,0.9927,0.0002,0.0000,0.0023,0.0095,0.0064,0.0084,0.0015,0.0026
0.0020,0.0014,0.0058,0.2688,0.0098,0.4727,0.3179,0.6453,0.1094,0.0215,0.0093,0.0005,0.1726,0.0010,0.0009,0.0023,0.0008,0.0054,0.0002,0.0001,0.0002,0.0874,0.0014,0.0004,0.0001,0.0053,0.0137,0.0779,0.0591
0.0054,0.0012,0.0045,0.0047,0.0073,0.0226,0.0425,0.4296,0.0173,0.0088,0.0042,0.0011,0.0028,0.0066,0.0044,0.0072,0.0044,0.0072,0.0047,0.0539,0.0000,0.0014,0.2191,0.0197,0.0000,0.0014,0.0299,0.0759,0.3479
0.0033,0.0024,0.0052,0.0013,0.0020,0.0054,0.0030,0.0247,0.0058,0.0057,0.1504,0.0014,0.0242,0.0142,0.0322,0.0039,0.0119,0.0381,0.0043,0.0538,0.0023,0.0004,0.0197,0.5271,0.0002,0.0005,0.0338,0.0047,0.0097
0.0040,0.0079,0.0164,0.0253,0.0050,0.9059,0.0354,0.9716,0.9764,0.0207,0.0865,0.0044,0.0559,0.0007,0.0073,0.0006,0.0015,0.0017,0.0208,0.0021,0.0095,0.0001,0.0000,0.0002,0.5400,0.0004,0.0000,0.0002,0.0002
0.0033,0.0025,0.0098,0.0030,0.0026,0.0452,0.0246,0.3106,0.0330,0.0051,0.0536,0.0019,0.0225,0.0037,0.0082,0.0044,0.0036,0.0032,0.0388,0.0170,0.0064,0.0053,0.0014,0.0005,0.0004,0.5612,0.0449,0.0001,0.0008
0.0053,0.0046,0.0064,0.0014,0.0016,0.0197,0.0134,0.3193,0.0722,0.0086,0.0218,0.0006,0.0066,0.0082,0.0167,0.0021,0.0018,0.0025,0.0067,0.0045,0.0084,0.0137,0.0299,0.0338,0.0000,0.0449,0.0925,0.0130,0.0002
0.0095,0.0031,0.0149,0.0031,0.0023,0.0084,0.0096,0.0353,0.0137,0.0084,0.0180,0.0013,0.0035,0.0030,0.0075,0.0071,0.0024,0.0057,0.0059,0.0069,0.0015,0.0779,0.0759,0.0047,0.0002,0.0001,0.0130,0.4892,0.0757
0.0131,0.0070,0.0255,0.0064,0.0064,0.0053,0.0135,0.0086,0.0071,0.0107,0.0059,0.0009,0.0019,0.0022,0.0023,0.0116,0.0093,0.0095,0.0194,0.0110,0.0026,0.0591,0.3479,0.0097,0.0002,0.0008,0.0002,0.0757,0.0614