c1,c2,c3,c4,c5,c6,c7,c8,c9,c10,c11,c12,c13,c14,c15,c16,c17,c18,c19,c20,c21,c22,c23,c24,c25,c26,c27,c28,c29
0.0000,0.0002,0.0000,0.0000,0.0011,0.0013,0.0119,0.0115,0.0418,0.0334,0.2180,0.0695,0.9362,0.1287,0.0259,0.0057,0.1289,0.5461,0.0046,0.0083,0.1490,0.0107,0.0009,0.0044,0.0039,0.0022,0.0011,0.0027,0.0032
0.0002,0.0151,0.0013,0.0000,0.0004,0.0022,0.0062,0.0112,0.0110,0.0167,0.0691,0.0338,0.3913,0.1042,0.0129,0.0173,0.0501,0.0111,0.0041,0.0127,0.0949,0.0109,0.0029,0.0060,0.0055,0.0072,0.0039,0.0036,0.0052
0.0000,0.0013,0.0021,0.0000,0.0000,0.0000,0.0003,0.0024,0.0395,0.0155,0.9996,0.0705,0.9996,0.0332,0.0188,0.0064,0.0254,0.0377,0.0060,0.0044,0.0328,0.0140,0.0028,0.0060,0.0072,0.0070,0.0023,0.0023,0.0042
0.0000,0.0000,0.0000,0.0000,0.0015,0.0000,0.0018,0.0033,0.0174,0.0110,0.0942,0.5531,0.5696,0.2404,0.0086,0.0042,0.9197,0.0369,0.0017,0.0500,0.9687,0.0115,0.0023,0.0135,0.1837,0.0147,0.0029,0.0029,0.0062
0.0011,0.0004,0.0000,0.0015,0.0081,0.0007,0.0002,0.0014,0.0514,0.0539,0.9819,0.1228,0.3167,0.0315,0.0081,0.0040,0.0056,0.0133,0.0041,0.0041,0.0142,0.0090,0.0046,0.0048,0.0138,0.0081,0.0074,0.0045,0.0039
0.0013,0.0022,0.0000,0.0000,0.0007,0.0012,0.0723,0.0070,0.0397,0.2264,0.1118,0.9130,0.0606,0.0246,0.0044,0.0056,0.0065,0.0194,0.0034,0.0054,0.0306,0.0062,0.0043,0.0094,0.0194,0.0068,0.0090,0.0038,0.0040
0.0119,0.0062,0.0003,0.0018,0.0002,0.0723,0.0692,0.2114,0.0004,0.0260,0.0042,0.0238,0.0727,0.0211,0.0046,0.0062,0.0050,0.0150,0.0038,0.0050,0.0104,0.0076,0.0044,0.0041,0.0113,0.0045,0.0046,0.0040,0.0041
0.0115,0.0112,0.0024,0.0033,0.0014,0.0070,0.2114,0.0021,0.0118,0.0337,0.0033,0.0077,0.0413,0.0128,0.0017,0.0031,0.0075,0.0383,0.0056,0.0043,0.0172,0.0169,0.0037,0.0037,0.0078,0.0051,0.0041,0.0015,0.0046
0.0418,0.0110,0.0395,0.0174,0.0514,0.0397,0.0004,0.0118,0.0046,0.0741,0.0000,0.0027,0.0011,0.0066,0.0095,0.0065,0.0087,0.1814,0.0054,0.0034,0.0077,0.0156,0.0038,0.0033,0.0072,0.0055,0.0041,0.0029,0.0048
0.0334,0.0167,0.0155,0.0110,0.0539,0.2264,0.0260,0.0337,0.0741,0.1121,0.0012,0.0003,0.0000,0.0009,0.0026,0.0077,0.0070,0.0250,0.0036,0.0037,0.0064,0.0119,0.0034,0.0033,0.0038,0.0034,0.0023,0.0044,0.0042
0.2180,0.0691,0.9996,0.0942,0.9819,0.1118,0.0042,0.0033,0.0000,0.0012,0.0058,0.0034,0.0000,0.0007,0.0009,0.0042,0.0043,0.0055,0.0027,0.0030,0.0039,0.0034,0.0020,0.0028,0.0029,0.0025,0.0024,0.0024,0.0031
0.0695,0.0338,0.0705,0.5531,0.1228,0.9130,0.0238,0.0077,0.0027,0.0003,0.0034,0.1110,0.0001,0.0001,0.0010,0.0005,0.0040,0.0229,0.0013,0.0030,0.0125,0.0065,0.0029,0.0039,0.0043,0.0023,0.0025,0.0028,0.0034
0.9362,0.3913,0.9996,0.5696,0.3167,0.0606,0.0727,0.0413,0.0011,0.0000,0.0000,0.0001,0.0000,0.0010,0.0003,0.0002,0.0002,0.8196,0.0141,0.0051,0.0039,0.0089,0.0013,0.0032,0.0090,0.0077,0.0016,0.0018,0.0027
0.1287,0.1042,0.0332,0.2404,0.0315,0.0246,0.0211,0.0128,0.0066,0.0009,0.0007,0.0001,0.0010,0.0735,0.0704,0.0088,0.0809,0.0003,0.0007,0.0040,0.0007,0.0063,0.0087,0.0028,0.0021,0.0061,0.0074,0.0029,0.0034
0.0259,0.0129,0.0188,0.0086,0.0081,0.0044,0.0046,0.0017,0.0095,0.0026,0.0009,0.0010,0.0003,0.0704,0.0271,0.3460,0.0003,0.0111,0.5267,0.0034,0.0041,0.0178,0.0151,0.0033,0.0030,0.0044,0.0044,0.0033,0.0056
0.0057,0.0173,0.0064,0.0042,0.0040,0.0056,0.0062,0.0031,0.0065,0.0077,0.0042,0.0005,0.0002,0.0088,0.3460,0.0383,0.0048,0.0000,0.1099,0.0808,0.0012,0.0121,0.1233,0.0196,0.0037,0.0216,0.0121,0.0071,0.0082
0.1289,0.0501,0.0254,0.9197,0.0056,0.0065,0.0050,0.0075,0.0087,0.0070,0.0043,0.0040,0.0002,0.0809,0.0003,0.0048,0.0065,0.0003,0.0006,0.0261,0.0020,0.0014,0.0061,0.0038,0.0080,0.0169,0.0108,0.0033,0.0082
0.5461,0.0111,0.0377,0.0369,0.0133,0.0194,0.0150,0.0383,0.1814,0.0250,0.0055,0.0229,0.8196,0.0003,0.0111,0.0000,0.0003,0.0649,0.0039,0.0003,0.0017,0.0054,0.0006,0.0050,0.0014,0.0015,0.0034,0.0031,0.0016
0.0046,0.0041,0.0060,0.0017,0.0041,0.0034,0.0038,0.0056,0.0054,0.0036,0.0027,0.0013,0.0141,0.0007,0.5267,0.1099,0.0006,0.0039,0.0489,0.0096,0.0000,0.0079,0.2435,0.0024,0.0096,0.0626,0.0260,0.0256,0.0318
0.0083,0.0127,0.0044,0.0500,0.0041,0.0054,0.0050,0.0043,0.0034,0.0037,0.0030,0.0030,0.0051,0.0040,0.0034,0.0808,0.0261,0.0003,0.0096,0.0265,0.0005,0.0001,0.0374,0.0999,0.0184,0.0149,0.0495,0.0089,0.0198
0.1490,0.0949,0.0328,0.9687,0.0142,0.0306,0.0104,0.0172,0.0077,0.0064,0.0039,0.0125,0.0039,0.0007,0.0041,0.0012,0.0020,0.0017,0.0000,0.0005,0.0241,0.0005,0.0002,0.0061,0.1086,0.0038,0.0125,0.0099,0.0100
0.0107,0.0109,0.0140,0.0115,0.0090,0.0062,0.0076,0.0169,0.0156,0.0119,0.0034,0.0065,0.0089,0.0063,0.0178,0.0121,0.0014,0.0054,0.0079,0.0001,0.0005,0.0452,0.0103,0.0002,0.0018,0.0344,0.0111,0.0982,0.0519
0.0009,0.0029,0.0028,0.0023,0.0046,0.0043,0.0044,0.0037,0.0038,0.0034,0.0020,0.0029,0.0013,0.0087,0.0151,0.1233,0.0061,0.0006,0.2435,0.0374,0.0002,0.0103,0.2599,0.0582,0.0002,0.0128,0.0675,0.0486,0.0345
0.0044,0.0060,0.0060,0.0135,0.0048,0.0094,0.0041,0.0037,0.0033,0.0033,0.0028,0.0039,0.0032,0.0028,0.0033,0.0196,0.0038,0.0050,0.0024,0.0999,0.0061,0.0002,0.0582,0.1273,0.0218,0.0008,0.0311,0.0412,0.0470
0.0039,0.0055,0.0072,0.1837,0.0138,0.0194,0.0113,0.0078,0.0072,0.0038,0.0029,0.0043,0.0090,0.0021,0.0030,0.0037,0.0080,0.0014,0.0096,0.0184,0.1086,0.0018,0.0002,0.0218,0.0448,0.0068,0.0007,0.0086,0.0229
0.0022,0.0072,0.0070,0.0147,0.0081,0.0068,0.0045,0.0051,0.0055,0.0034,0.0025,0.0023,0.0077,0.0061,0.0044,0.0216,0.0169,0.0015,0.0626,0.0149,0.0038,0.0344,0.0128,0.0008,0.0068,0.0365,0.0536,0.0019,0.0060
0.0011,0.0039,0.0023,0.0029,0.0074,0.0090,0.0046,0.0041,0.0041,0.0023,0.0024,0.0025,0.0016,0.0074,0.0044,0.0121,0.0108,0.0034,0.0260,0.0495,0.0125,0.0111,0.0675,0.0311,0.0007,0.0536,0.0335,0.1404,0.0012
0.0027,0.0036,0.0023,0.0029,0.0045,0.0038,0.0040,0.0015,0.0029,0.0044,0.0024,0.0028,0.0018,0.0029,0.0033,0.0071,0.0033,0.0031,0.0256,0.0089,0.0099,0.0982,0.0486,0.0412,0.0086,0.0019,0.1404,0.1419,0.0348
0.0032,0.0052,0.0042,0.0062,0.0039,0.0040,0.0041,0.0046,0.0048,0.0042,0.0031,0.0034,0.0027,0.0034,0.0056,0.0082,0.0082,0.0016,0.0318,0.0198,0.0100,0.0519,0.0345,0.0470,0.0229,0.0060,0.0012,0.0348,0.0103