c1,c2,c3,c4,c5,c6,c7,c8,c9,c10,c11,c12,c13,c14,c15,c16,c17,c18,c19,c20,c21,c22,c23,c24,c25,c26,c27,c28,c29
0.0891,0.0017,0.0006,0.0000,0.0027,0.0003,0.0131,0.0023,0.0058,0.0430,0.0089,0.3827,0.0098,0.1388,0.4873,0.0678,0.0054,0.0024,0.0129,0.0030,0.0027,0.0013,0.0089,0.0033,0.0047,0.0037,0.0093,0.0098,0.0149
0.0017,0.0036,0.0121,0.0000,0.0006,0.0000,0.0013,0.0007,0.0047,0.0060,0.1917,0.9820,0.3095,0.3591,0.1060,0.0357,0.0120,0.0098,0.0067,0.0058,0.0047,0.0013,0.0025,0.0064,0.0312,0.0028,0.0102,0.0072,0.0106
0.0006,0.0121,0.0848,0.0002,0.0000,0.0000,0.0005,0.0004,0.0041,0.0191,0.0093,0.9745,0.0286,0.1724,0.1386,0.0226,0.0032,0.0201,0.0149,0.0023,0.0074,0.0046,0.0052,0.0048,0.0243,0.0111,0.0102,0.0108,0.0148
0.0000,0.0000,0.0002,0.0001,0.0005,0.0000,0.0000,0.0000,0.0005,0.0099,0.0155,0.0747,0.9999,0.6520,1.0000,0.6505,0.0036,0.9999,0.0755,0.0017,0.0328,0.0102,0.0014,0.0053,0.0130,0.0015,0.0004,0.0023,0.0020
0.0027,0.0006,0.0000,0.0005,0.1212,0.0000,0.0006,0.0001,0.0005,0.9990,0.0065,0.9994,0.0027,0.0026,0.0100,0.0021,0.0014,0.0525,0.0100,0.0016,0.0246,0.0710,0.0055,0.0065,0.0110,0.0042,0.0056,0.0083,0.0096
0.0003,0.0000,0.0000,0.0000,0.0000,0.0300,0.0021,0.0000,0.0085,0.0063,0.0594,0.0836,0.0761,0.0140,0.0353,0.0224,0.0095,0.6749,0.0206,0.0066,0.9842,0.1005,0.0077,0.0092,0.9738,0.0186,0.0060,0.0137,0.0049
0.0131,0.0013,0.0005,0.0000,0.0006,0.0021,0.3246,0.0015,0.0000,0.0388,0.0003,0.0020,0.0042,0.0018,0.0131,0.0046,0.0029,0.4838,0.0351,0.0016,0.0207,0.9996,0.0050,0.0034,0.0293,0.0749,0.0165,0.0333,0.0108
0.0023,0.0007,0.0004,0.0000,0.0001,0.0000,0.0015,0.5324,0.0001,0.0002,0.0003,0.0004,0.0024,0.0013,0.0022,0.0011,0.0048,0.0640,0.0063,0.0037,0.4796,0.9945,0.0112,0.0107,0.9956,0.6172,0.2417,0.2867,0.0067
0.0058,0.0047,0.0041,0.0005,0.0005,0.0085,0.0000,0.0001,0.0034,0.0034,0.0000,0.0001,0.0149,0.0222,0.0210,0.0055,0.0087,0.0851,0.0059,0.0063,0.9896,0.0210,0.0063,0.0058,0.9984,0.0348,0.0333,0.0145,0.0074
0.0430,0.0060,0.0191,0.0099,0.9990,0.0063,0.0388,0.0002,0.0034,0.9625,0.0001,0.0000,0.0000,0.0002,0.0015,0.0038,0.0032,0.0308,0.0092,0.0025,0.0255,0.0101,0.0054,0.0030,0.0886,0.0080,0.0091,0.0215,0.0111
0.0089,0.1917,0.0093,0.0155,0.0065,0.0594,0.0003,0.0003,0.0000,0.0001,0.5398,0.0023,0.0180,0.0014,0.0008,0.0048,0.0615,0.0037,0.0034,0.0154,0.0844,0.0008,0.0048,0.1487,0.1666,0.0110,0.0115,0.0067,0.0064
0.3827,0.9820,0.9745,0.0747,0.9994,0.0836,0.0020,0.0004,0.0001,0.0000,0.0023,0.2784,0.0015,0.0000,0.0005,0.0009,0.0011,0.0063,0.0023,0.0047,0.0049,0.0003,0.0029,0.0065,0.0106,0.0038,0.0011,0.0025,0.0023
0.0098,0.3095,0.0286,0.9999,0.0027,0.0761,0.0042,0.0024,0.0149,0.0000,0.0180,0.0015,0.0012,0.0105,0.0000,0.0003,0.0096,0.3218,0.0043,0.0056,0.5153,0.0017,0.0010,0.0417,0.0102,0.0032,0.0000,0.0018,0.0018
0.1388,0.3591,0.1724,0.6520,0.0026,0.0140,0.0018,0.0013,0.0222,0.0002,0.0014,0.0000,0.0105,0.2570,0.0099,0.0031,0.7130,0.0000,0.0010,0.0481,0.0017,0.0005,0.0114,0.0436,0.0019,0.0017,0.0167,0.0030,0.0030
0.4873,0.1060,0.1386,1.0000,0.0100,0.0353,0.0131,0.0022,0.0210,0.0015,0.0008,0.0005,0.0000,0.0099,0.6618,0.0288,0.0000,0.0001,0.0401,0.0041,0.0011,0.0004,0.0019,0.0030,0.0002,0.0019,0.0029,0.0035,0.0024
0.0678,0.0357,0.0226,0.6505,0.0021,0.0224,0.0046,0.0011,0.0055,0.0038,0.0048,0.0009,0.0003,0.0031,0.0288,0.2715,0.2924,0.0000,0.0567,0.3099,0.0045,0.0006,0.0177,0.0062,0.0007,0.0021,0.0020,0.0031,0.0072
0.0054,0.0120,0.0032,0.0036,0.0014,0.0095,0.0029,0.0048,0.0087,0.0032,0.0615,0.0011,0.0096,0.7130,0.0000,0.2924,0.8838,0.0000,0.0005,0.9554,0.0013,0.0001,0.1548,0.0521,0.0006,0.0009,0.0074,0.0010,0.0035
0.0024,0.0098,0.0201,0.9999,0.0525,0.6749,0.4838,0.0640,0.0851,0.0308,0.0037,0.0063,0.3218,0.0000,0.0001,0.0000,0.0000,0.0821,0.0345,0.0000,0.0001,0.0188,0.0015,0.0025,0.0023,0.0085,0.0005,0.0028,0.0037
0.0129,0.0067,0.0149,0.0755,0.0100,0.0206,0.0351,0.0063,0.0059,0.0092,0.0034,0.0023,0.0043,0.0010,0.0401,0.0567,0.0005,0.0345,0.0930,0.0406,0.0000,0.0015,0.0142,0.0018,0.0028,0.0201,0.0088,0.0042,0.0506
0.0030,0.0058,0.0023,0.0017,0.0016,0.0066,0.0016,0.0037,0.0063,0.0025,0.0154,0.0047,0.0056,0.0481,0.0041,0.3099,0.9554,0.0000,0.0406,0.6381,0.0000,0.0000,0.1471,0.0216,0.0027,0.0066,0.0163,0.0035,0.0133
0.0027,0.0047,0.0074,0.0328,0.0246,0.9842,0.0207,0.4796,0.9896,0.0255,0.0844,0.0049,0.5153,0.0017,0.0011,0.0045,0.0013,0.0001,0.0000,0.0000,0.9248,0.0001,0.0000,0.0006,0.0123,0.0029,0.0025,0.0014,0.0021
0.0013,0.0013,0.0046,0.0102,0.0710,0.1005,0.9996,0.9945,0.0210,0.0101,0.0008,0.0003,0.0017,0.0005,0.0004,0.0006,0.0001,0.0188,0.0015,0.0000,0.0001,0.6658,0.0063,0.0000,0.0001,0.1688,0.0049,0.1679,0.0285
0.0089,0.0025,0.0052,0.0014,0.0055,0.0077,0.0050,0.0112,0.0063,0.0054,0.0048,0.0029,0.0010,0.0114,0.0019,0.0177,0.1548,0.0015,0.0142,0.1471,0.0000,0.0063,0.5977,0.0424,0.0000,0.0045,0.0441,0.0227,0.7915
0.0033,0.0064,0.0048,0.0053,0.0065,0.0092,0.0034,0.0107,0.0058,0.0030,0.1487,0.0065,0.0417,0.0436,0.0030,0.0062,0.0521,0.0025,0.0018,0.0216,0.0006,0.0000,0.0424,0.9341,0.0001,0.0004,0.0203,0.0030,0.0421
0.0047,0.0312,0.0243,0.0130,0.0110,0.9738,0.0293,0.9956,0.9984,0.0886,0.1666,0.0106,0.0102,0.0019,0.0002,0.0007,0.0006,0.0023,0.0028,0.0027,0.0123,0.0001,0.0000,0.0001,0.0575,0.0001,0.0003,0.0004,0.0001
0.0037,0.0028,0.0111,0.0015,0.0042,0.0186,0.0749,0.6172,0.0348,0.0080,0.0110,0.0038,0.0032,0.0017,0.0019,0.0021,0.0009,0.0085,0.0201,0.0066,0.0029,0.1688,0.0045,0.0004,0.0001,0.5888,0.1440,0.0014,0.0003
0.0093,0.0102,0.0102,0.0004,0.0056,0.0060,0.0165,0.2417,0.0333,0.0091,0.0115,0.0011,0.0000,0.0167,0.0029,0.0020,0.0074,0.0005,0.0088,0.0163,0.0025,0.0049,0.0441,0.0203,0.0003,0.1440,0.6037,0.0082,0.0011
0.0098,0.0072,0.0108,0.0023,0.0083,0.0137,0.0333,0.2867,0.0145,0.0215,0.0067,0.0025,0.0018,0.0030,0.0035,0.0031,0.0010,0.0028,0.0042,0.0035,0.0014,0.1679,0.0227,0.0030,0.0004,0.0014,0.0082,0.2510,0.0053
0.0149,0.0106,0.0148,0.0020,0.0096,0.0049,0.0108,0.0067,0.0074,0.0111,0.0064,0.0023,0.0018,0.0030,0.0024,0.0072,0.0035,0.0037,0.0506,0.0133,0.0021,0.0285,0.7915,0.0421,0.0001,0.0003,0.0011,0.0053,0.1324