c1,c2,c3,c4,c5,c6,c7,c8,c9,c10,c11,c12,c13,c14,c15,c16,c17,c18,c19,c20,c21,c22,c23,c24,c25,c26,c27,c28,c29
0.0028,0.0047,0.0000,0.0001,0.0063,0.0013,0.0117,0.0052,0.0071,0.0950,0.0122,0.3503,0.0215,0.0876,0.0557,0.0367,0.0114,0.0091,0.0177,0.0081,0.0064,0.0039,0.0054,0.0040,0.0053,0.0028,0.0077,0.0052,0.0061
0.0047,0.0257,0.0052,0.0000,0.0044,0.0007,0.0057,0.0030,0.0152,0.0323,0.0075,0.5268,0.2654,0.0939,0.1538,0.0206,0.0067,0.0197,0.0076,0.0034,0.0052,0.0031,0.0013,0.0017,0.0057,0.0018,0.0027,0.0026,0.0032
0.0000,0.0052,0.0068,0.0002,0.0000,0.0000,0.0008,0.0010,0.0292,0.0344,0.0138,0.9942,0.1633,0.3474,0.1130,0.0178,0.0076,0.0303,0.0122,0.0030,0.0291,0.0112,0.0022,0.0023,0.0417,0.0036,0.0029,0.0024,0.0029
0.0001,0.0000,0.0002,0.0017,0.0044,0.0000,0.0001,0.0002,0.0050,0.0410,0.0126,0.1250,0.9996,0.2224,0.9843,0.1094,0.0034,0.9906,0.0229,0.0020,0.0059,0.0811,0.0014,0.0012,0.0190,0.0017,0.0014,0.0018,0.0027
0.0063,0.0044,0.0000,0.0044,0.0552,0.0001,0.0007,0.0009,0.0016,0.9302,0.0217,0.9945,0.0468,0.0153,0.0074,0.0038,0.0032,0.0093,0.0038,0.0021,0.0103,0.0127,0.0018,0.0021,0.0144,0.0026,0.0033,0.0033,0.0031
0.0013,0.0007,0.0000,0.0000,0.0001,0.0017,0.0116,0.0003,0.0007,0.2003,0.0553,0.0730,0.0261,0.0148,0.0474,0.0122,0.0068,0.0340,0.0204,0.0022,0.7023,0.0849,0.0089,0.0043,0.9851,0.0177,0.0050,0.0088,0.0051
0.0117,0.0057,0.0008,0.0001,0.0007,0.0116,0.1909,0.0885,0.0000,0.0312,0.0019,0.0055,0.0057,0.0075,0.0049,0.0062,0.0058,0.0407,0.0147,0.0040,0.0136,0.5429,0.0026,0.0033,0.0515,0.0305,0.0042,0.0147,0.0082
0.0052,0.0030,0.0010,0.0002,0.0009,0.0003,0.0885,0.0010,0.0038,0.0006,0.0020,0.0008,0.0020,0.0024,0.0015,0.0022,0.0038,0.0131,0.0040,0.0029,0.1458,0.8594,0.0056,0.0065,0.9984,0.3395,0.0012,0.0216,0.0076
0.0071,0.0152,0.0292,0.0050,0.0016,0.0007,0.0000,0.0038,0.0000,0.0009,0.0000,0.0006,0.0018,0.0160,0.0459,0.0075,0.0126,0.0473,0.0215,0.0090,0.9105,0.0420,0.0129,0.0122,0.9560,0.0279,0.0150,0.0123,0.0064
0.0950,0.0323,0.0344,0.0410,0.9302,0.2003,0.0312,0.0006,0.0009,0.0916,0.0009,0.0000,0.0000,0.0005,0.0006,0.0040,0.0109,0.0026,0.0053,0.0049,0.1461,0.0105,0.0048,0.0045,0.1125,0.0093,0.0076,0.0059,0.0078
0.0122,0.0075,0.0138,0.0126,0.0217,0.0553,0.0019,0.0020,0.0000,0.0009,0.1131,0.0243,0.0000,0.0007,0.0020,0.0097,0.1143,0.0109,0.0092,0.0141,0.0848,0.0049,0.0048,0.0588,0.2300,0.0076,0.0096,0.0050,0.0039
0.3503,0.5268,0.9942,0.1250,0.9945,0.0730,0.0055,0.0008,0.0006,0.0000,0.0243,0.1491,0.0002,0.0000,0.0009,0.0009,0.0025,0.0108,0.0029,0.0024,0.0075,0.0004,0.0009,0.0040,0.0060,0.0011,0.0022,0.0015,0.0017
0.0215,0.2654,0.1633,0.9996,0.0468,0.0261,0.0057,0.0020,0.0018,0.0000,0.0000,0.0002,0.0000,0.0050,0.0000,0.0002,0.0501,0.9858,0.0156,0.0110,0.1004,0.0026,0.0017,0.0828,0.0194,0.0029,0.0065,0.0019,0.0014
0.0876,0.0939,0.3474,0.2224,0.0153,0.0148,0.0075,0.0024,0.0160,0.0005,0.0007,0.0000,0.0050,0.0230,0.0732,0.0022,0.1599,0.0004,0.0036,0.0109,0.0033,0.0022,0.0110,0.0109,0.0017,0.0013,0.0057,0.0016,0.0034
0.0557,0.1538,0.1130,0.9843,0.0074,0.0474,0.0049,0.0015,0.0459,0.0006,0.0020,0.0009,0.0000,0.0732,0.0095,0.1020,0.0004,0.0080,0.0223,0.0042,0.0136,0.0016,0.0040,0.0048,0.0021,0.0005,0.0011,0.0011,0.0016
0.0367,0.0206,0.0178,0.1094,0.0038,0.0122,0.0062,0.0022,0.0075,0.0040,0.0097,0.0009,0.0002,0.0022,0.1020,0.0750,0.0524,0.0000,0.0120,0.0550,0.0037,0.0025,0.0362,0.0154,0.0011,0.0060,0.0047,0.0043,0.0097
0.0114,0.0067,0.0076,0.0034,0.0032,0.0068,0.0058,0.0038,0.0126,0.0109,0.1143,0.0025,0.0501,0.1599,0.0004,0.0524,0.0391,0.0003,0.0005,0.4521,0.0020,0.0012,0.0168,0.0287,0.0021,0.0013,0.0047,0.0013,0.0061
0.0091,0.0197,0.0303,0.9906,0.0093,0.0340,0.0407,0.0131,0.0473,0.0026,0.0109,0.0108,0.9858,0.0004,0.0080,0.0000,0.0003,0.0016,0.0018,0.0006,0.0001,0.0091,0.0015,0.0122,0.0017,0.0025,0.0027,0.0026,0.0042
0.0177,0.0076,0.0122,0.0229,0.0038,0.0204,0.0147,0.0040,0.0215,0.0053,0.0092,0.0029,0.0156,0.0036,0.0223,0.0120,0.0005,0.0018,0.1684,0.0814,0.0000,0.0012,0.0390,0.0063,0.0013,0.0109,0.0095,0.0060,0.0271
0.0081,0.0034,0.0030,0.0020,0.0021,0.0022,0.0040,0.0029,0.0090,0.0049,0.0141,0.0024,0.0110,0.0109,0.0042,0.0550,0.4521,0.0006,0.0814,0.1677,0.0001,0.0006,0.0310,0.1787,0.0015,0.0078,0.0122,0.0024,0.0133
0.0064,0.0052,0.0291,0.0059,0.0103,0.7023,0.0136,0.1458,0.9105,0.1461,0.0848,0.0075,0.1004,0.0033,0.0136,0.0037,0.0020,0.0001,0.0000,0.0001,0.1123,0.0001,0.0000,0.0021,0.0063,0.0115,0.0150,0.0036,0.0041
0.0039,0.0031,0.0112,0.0811,0.0127,0.0849,0.5429,0.8594,0.0420,0.0105,0.0049,0.0004,0.0026,0.0022,0.0016,0.0025,0.0012,0.0091,0.0012,0.0006,0.0001,0.0178,0.0015,0.0001,0.0000,0.1323,0.0176,0.3033,0.0603
0.0054,0.0013,0.0022,0.0014,0.0018,0.0089,0.0026,0.0056,0.0129,0.0048,0.0048,0.0009,0.0017,0.0110,0.0040,0.0362,0.0168,0.0015,0.0390,0.0310,0.0000,0.0015,0.3963,0.0133,0.0000,0.0161,0.2815,0.3982,0.9177
0.0040,0.0017,0.0023,0.0012,0.0021,0.0043,0.0033,0.0065,0.0122,0.0045,0.0588,0.0040,0.0828,0.0109,0.0048,0.0154,0.0287,0.0122,0.0063,0.1787,0.0021,0.0001,0.0133,0.2014,0.0003,0.0005,0.0299,0.0124,0.0728
0.0053,0.0057,0.0417,0.0190,0.0144,0.9851,0.0515,0.9984,0.9560,0.1125,0.2300,0.0060,0.0194,0.0017,0.0021,0.0011,0.0021,0.0017,0.0013,0.0015,0.0063,0.0000,0.0000,0.0003,0.0019,0.0005,0.0003,0.0002,0.0004
0.0028,0.0018,0.0036,0.0017,0.0026,0.0177,0.0305,0.3395,0.0279,0.0093,0.0076,0.0011,0.0029,0.0013,0.0005,0.0060,0.0013,0.0025,0.0109,0.0078,0.0115,0.1323,0.0161,0.0005,0.0005,0.3820,0.3245,0.0080,0.0023
0.0077,0.0027,0.0029,0.0014,0.0033,0.0050,0.0042,0.0012,0.0150,0.0076,0.0096,0.0022,0.0065,0.0057,0.0011,0.0047,0.0047,0.0027,0.0095,0.0122,0.0150,0.0176,0.2815,0.0299,0.0003,0.3245,0.0157,0.1622,0.0009
0.0052,0.0026,0.0024,0.0018,0.0033,0.0088,0.0147,0.0216,0.0123,0.0059,0.0050,0.0015,0.0019,0.0016,0.0011,0.0043,0.0013,0.0026,0.0060,0.0024,0.0036,0.3033,0.3982,0.0124,0.0002,0.0080,0.1622,0.1349,0.0461
0.0061,0.0032,0.0029,0.0027,0.0031,0.0051,0.0082,0.0076,0.0064,0.0078,0.0039,0.0017,0.0014,0.0034,0.0016,0.0097,0.0061,0.0042,0.0271,0.0133,0.0041,0.0603,0.9177,0.0728,0.0004,0.0023,0.0009,0.0461,0.0178