c1,c2,c3,c4,c5,c6,c7,c8,c9,c10,c11,c12,c13,c14,c15,c16,c17,c18,c19,c20,c21,c22,c23,c24,c25,c26,c27,c28,c29
0.0067,0.0391,0.0006,0.0001,0.0109,0.0027,0.0525,0.0100,0.0111,0.0682,0.0107,0.4941,0.0168,0.0752,0.0328,0.0157,0.0047,0.0028,0.0064,0.0033,0.0032,0.0036,0.0039,0.0019,0.0039,0.0026,0.0025,0.0017,0.0031
0.0391,0.3518,0.0914,0.0000,0.0059,0.0004,0.0105,0.0027,0.0095,0.0276,0.0075,0.7262,0.1801,0.0798,0.0681,0.0391,0.0030,0.0035,0.0054,0.0020,0.0025,0.0025,0.0016,0.0011,0.0054,0.0016,0.0014,0.0013,0.0020
0.0006,0.0914,0.3874,0.0001,0.0003,0.0001,0.0024,0.0009,0.0186,0.0469,0.0071,0.9989,0.0154,0.1488,0.0345,0.0223,0.0024,0.0041,0.0043,0.0015,0.0022,0.0043,0.0026,0.0016,0.0055,0.0030,0.0013,0.0024,0.0072
0.0001,0.0000,0.0001,0.0004,0.0049,0.0000,0.0002,0.0001,0.0024,0.0291,0.0151,0.2244,0.9995,0.4869,0.8709,0.9848,0.0079,0.0470,0.1241,0.0043,0.0088,0.0395,0.0033,0.0007,0.0177,0.0027,0.0017,0.0038,0.0023
0.0109,0.0059,0.0003,0.0049,0.1334,0.0003,0.0006,0.0005,0.0032,0.9593,0.0141,0.9921,0.0106,0.0099,0.0068,0.0048,0.0024,0.0055,0.0115,0.0015,0.0035,0.0090,0.0046,0.0013,0.0052,0.0023,0.0013,0.0028,0.0045
0.0027,0.0004,0.0001,0.0000,0.0003,0.0148,0.0086,0.0000,0.0022,0.0075,0.0594,0.0379,0.0701,0.0082,0.0644,0.0242,0.0048,0.0364,0.1445,0.0029,0.1412,0.3511,0.0116,0.0024,0.6204,0.0264,0.0161,0.0116,0.0057
0.0525,0.0105,0.0024,0.0002,0.0006,0.0086,0.2926,0.0045,0.0000,0.0312,0.0010,0.0075,0.0025,0.0087,0.0058,0.0184,0.0081,0.0072,0.1918,0.0058,0.0045,0.0446,0.0316,0.0028,0.0161,0.0179,0.0052,0.0247,0.0143
0.0100,0.0027,0.0009,0.0001,0.0005,0.0000,0.0045,0.0899,0.0007,0.0001,0.0007,0.0014,0.0017,0.0046,0.0060,0.0020,0.0047,0.0110,0.0233,0.0049,0.0803,0.2949,0.0745,0.0142,0.9524,0.1601,0.3061,0.0400,0.0137
0.0111,0.0095,0.0186,0.0024,0.0032,0.0022,0.0000,0.0007,0.0005,0.0016,0.0000,0.0005,0.0046,0.0184,0.0816,0.0055,0.0054,0.0402,0.0201,0.0066,0.6436,0.1761,0.0178,0.0057,0.6642,0.0266,0.0373,0.0134,0.0054
0.0682,0.0276,0.0469,0.0291,0.9593,0.0075,0.0312,0.0001,0.0016,0.4743,0.0012,0.0000,0.0000,0.0014,0.0008,0.0082,0.0060,0.0064,0.0182,0.0039,0.0270,0.0214,0.0099,0.0066,0.0184,0.0086,0.0052,0.0088,0.0108
0.0107,0.0075,0.0071,0.0151,0.0141,0.0594,0.0010,0.0007,0.0000,0.0012,0.0850,0.0131,0.0000,0.0017,0.0007,0.0026,0.0540,0.0278,0.0042,0.0086,0.0941,0.0085,0.0049,0.0656,0.2341,0.0433,0.0420,0.0136,0.0055
0.4941,0.7262,0.9989,0.2244,0.9921,0.0379,0.0075,0.0014,0.0005,0.0000,0.0131,0.0883,0.0000,0.0001,0.0003,0.0007,0.0016,0.0037,0.0028,0.0016,0.0048,0.0012,0.0018,0.0034,0.0048,0.0023,0.0012,0.0014,0.0033
0.0168,0.1801,0.0154,0.9995,0.0106,0.0701,0.0025,0.0017,0.0046,0.0000,0.0000,0.0000,0.0001,0.0021,0.0000,0.0001,0.0053,0.9205,0.2049,0.0039,0.2408,0.1193,0.0018,0.0111,0.0616,0.0245,0.0071,0.0039,0.0017
0.0752,0.0798,0.1488,0.4869,0.0099,0.0082,0.0087,0.0046,0.0184,0.0014,0.0017,0.0001,0.0021,0.0350,0.0065,0.0004,0.0971,0.0016,0.0038,0.0167,0.0019,0.0023,0.0057,0.0101,0.0016,0.0064,0.0059,0.0030,0.0047
0.0328,0.0681,0.0345,0.8709,0.0068,0.0644,0.0058,0.0060,0.0816,0.0008,0.0007,0.0003,0.0000,0.0065,0.0275,0.0066,0.0260,0.0026,0.0006,0.0059,0.0112,0.0015,0.0019,0.0124,0.0075,0.0073,0.0154,0.0073,0.0030
0.0157,0.0391,0.0223,0.9848,0.0048,0.0242,0.0184,0.0020,0.0055,0.0082,0.0026,0.0007,0.0001,0.0004,0.0066,0.0802,0.0685,0.0001,0.0054,0.0494,0.0011,0.0045,0.0111,0.0058,0.0006,0.0037,0.0034,0.0087,0.0159
0.0047,0.0030,0.0024,0.0079,0.0024,0.0048,0.0081,0.0047,0.0054,0.0060,0.0540,0.0016,0.0053,0.0971,0.0260,0.0685,0.1686,0.0156,0.0001,0.2384,0.0040,0.0019,0.0055,0.0249,0.0031,0.0025,0.0028,0.0009,0.0094
0.0028,0.0035,0.0041,0.0470,0.0055,0.0364,0.0072,0.0110,0.0402,0.0064,0.0278,0.0037,0.9205,0.0016,0.0026,0.0001,0.0156,0.0495,0.0014,0.0023,0.0009,0.0033,0.0051,0.0273,0.0025,0.0038,0.0042,0.0025,0.0109
0.0064,0.0054,0.0043,0.1241,0.0115,0.1445,0.1918,0.0233,0.0201,0.0182,0.0042,0.0028,0.2049,0.0038,0.0006,0.0054,0.0001,0.0014,0.1543,0.0296,0.0000,0.0002,0.0075,0.0070,0.0062,0.0227,0.0059,0.0053,0.0135
0.0033,0.0020,0.0015,0.0043,0.0015,0.0029,0.0058,0.0049,0.0066,0.0039,0.0086,0.0016,0.0039,0.0167,0.0059,0.0494,0.2384,0.0023,0.0296,0.1989,0.0013,0.0001,0.0263,0.0793,0.0038,0.0207,0.0150,0.0043,0.0215
0.0032,0.0025,0.0022,0.0088,0.0035,0.1412,0.0045,0.0803,0.6436,0.0270,0.0941,0.0048,0.2408,0.0019,0.0112,0.0011,0.0040,0.0009,0.0000,0.0013,0.8839,0.0001,0.0001,0.0042,0.0364,0.0117,0.0177,0.0048,0.0033
0.0036,0.0025,0.0043,0.0395,0.0090,0.3511,0.0446,0.2949,0.1761,0.0214,0.0085,0.0012,0.1193,0.0023,0.0015,0.0045,0.0019,0.0033,0.0002,0.0001,0.0001,0.0266,0.0019,0.0005,0.0001,0.0064,0.0379,0.3756,0.0708
0.0039,0.0016,0.0026,0.0033,0.0046,0.0116,0.0316,0.0745,0.0178,0.0099,0.0049,0.0018,0.0018,0.0057,0.0019,0.0111,0.0055,0.0051,0.0075,0.0263,0.0001,0.0019,0.5246,0.0167,0.0000,0.0016,0.0500,0.2091,0.5205
0.0019,0.0011,0.0016,0.0007,0.0013,0.0024,0.0028,0.0142,0.0057,0.0066,0.0656,0.0034,0.0111,0.0101,0.0124,0.0058,0.0249,0.0273,0.0070,0.0793,0.0042,0.0005,0.0167,0.5803,0.0017,0.0010,0.0357,0.0067,0.0274
0.0039,0.0054,0.0055,0.0177,0.0052,0.6204,0.0161,0.9524,0.6642,0.0184,0.2341,0.0048,0.0616,0.0016,0.0075,0.0006,0.0031,0.0025,0.0062,0.0038,0.0364,0.0001,0.0000,0.0017,0.4810,0.0008,0.0002,0.0001,0.0002
0.0026,0.0016,0.0030,0.0027,0.0023,0.0264,0.0179,0.1601,0.0266,0.0086,0.0433,0.0023,0.0245,0.0064,0.0073,0.0037,0.0025,0.0038,0.0227,0.0207,0.0117,0.0064,0.0016,0.0010,0.0008,0.4135,0.0877,0.0003,0.0007
0.0025,0.0014,0.0013,0.0017,0.0013,0.0161,0.0052,0.3061,0.0373,0.0052,0.0420,0.0012,0.0071,0.0059,0.0154,0.0034,0.0028,0.0042,0.0059,0.0150,0.0177,0.0379,0.0500,0.0357,0.0002,0.0877,0.0014,0.0599,0.0002
0.0017,0.0013,0.0024,0.0038,0.0028,0.0116,0.0247,0.0400,0.0134,0.0088,0.0136,0.0014,0.0039,0.0030,0.0073,0.0087,0.0009,0.0025,0.0053,0.0043,0.0048,0.3756,0.2091,0.0067,0.0001,0.0003,0.0599,0.0402,0.1216
0.0031,0.0020,0.0072,0.0023,0.0045,0.0057,0.0143,0.0137,0.0054,0.0108,0.0055,0.0033,0.0017,0.0047,0.0030,0.0159,0.0094,0.0109,0.0135,0.0215,0.0033,0.0708,0.5205,0.0274,0.0002,0.0007,0.0002,0.1216,0.0294