c1,c2,c3,c4,c5,c6,c7,c8,c9,c10,c11,c12,c13,c14,c15,c16,c17,c18,c19,c20,c21,c22,c23,c24,c25,c26,c27,c28,c29
0.1091,0.0359,0.0009,0.0001,0.0111,0.0019,0.0216,0.0085,0.0120,0.0578,0.0092,0.3903,0.0137,0.0526,0.0247,0.0137,0.0058,0.0047,0.0043,0.0033,0.0026,0.0016,0.0027,0.0034,0.0045,0.0023,0.0026,0.0021,0.0066
0.0359,0.1339,0.0824,0.0000,0.0098,0.0001,0.0060,0.0022,0.0116,0.0147,0.0082,0.9153,0.1628,0.1024,0.0242,0.0317,0.0043,0.0040,0.0055,0.0024,0.0025,0.0017,0.0015,0.0025,0.0101,0.0022,0.0019,0.0016,0.0041
0.0009,0.0824,0.1035,0.0002,0.0001,0.0001,0.0004,0.0005,0.0158,0.0219,0.0104,0.9928,0.0115,0.4075,0.0393,0.0217,0.0045,0.0091,0.0059,0.0022,0.0032,0.0036,0.0023,0.0034,0.0092,0.0055,0.0027,0.0057,0.0128
0.0001,0.0000,0.0002,0.0014,0.0040,0.0000,0.0001,0.0000,0.0022,0.0182,0.0156,0.1907,0.9998,0.3538,0.7303,0.9968,0.0092,0.0273,0.4661,0.0071,0.0046,0.0587,0.0062,0.0010,0.0063,0.0025,0.0009,0.0045,0.0028
0.0111,0.0098,0.0001,0.0040,0.3451,0.0003,0.0013,0.0006,0.0021,0.9710,0.0122,0.9984,0.0105,0.0071,0.0037,0.0038,0.0020,0.0044,0.0094,0.0011,0.0023,0.0083,0.0052,0.0013,0.0042,0.0028,0.0013,0.0018,0.0046
0.0019,0.0001,0.0001,0.0000,0.0003,0.0369,0.0015,0.0000,0.0020,0.0119,0.0385,0.0434,0.1711,0.0088,0.0532,0.0326,0.0103,0.0553,0.3061,0.0030,0.1240,0.7284,0.0171,0.0042,0.1664,0.0331,0.0100,0.0093,0.0062
0.0216,0.0060,0.0004,0.0001,0.0013,0.0015,0.8206,0.0232,0.0000,0.0364,0.0007,0.0073,0.0007,0.0030,0.0040,0.0260,0.0035,0.0019,0.3274,0.0101,0.0026,0.0448,0.7231,0.0024,0.0210,0.0183,0.0178,0.0363,0.0188
0.0085,0.0022,0.0005,0.0000,0.0006,0.0000,0.0232,0.1291,0.0004,0.0002,0.0003,0.0016,0.0011,0.0027,0.0029,0.0018,0.0021,0.0049,0.0254,0.0035,0.0372,0.5566,0.3524,0.0061,0.7495,0.3747,0.4367,0.2607,0.0463
0.0120,0.0116,0.0158,0.0022,0.0021,0.0020,0.0000,0.0004,0.0013,0.0019,0.0000,0.0003,0.0027,0.0111,0.0705,0.0052,0.0050,0.0203,0.0595,0.0097,0.6312,0.4912,0.0253,0.0049,0.7572,0.0374,0.0788,0.0171,0.0053
0.0578,0.0147,0.0219,0.0182,0.9710,0.0119,0.0364,0.0002,0.0019,0.6098,0.0007,0.0000,0.0000,0.0009,0.0007,0.0067,0.0053,0.0063,0.0259,0.0034,0.0249,0.0206,0.0143,0.0052,0.0385,0.0059,0.0077,0.0136,0.0077
0.0092,0.0082,0.0104,0.0156,0.0122,0.0385,0.0007,0.0003,0.0000,0.0007,0.0783,0.0132,0.0000,0.0042,0.0020,0.0028,0.0294,0.0359,0.0041,0.0093,0.1054,0.0139,0.0031,0.0833,0.1927,0.0437,0.0400,0.0223,0.0099
0.3903,0.9153,0.9928,0.1907,0.9984,0.0434,0.0073,0.0016,0.0003,0.0000,0.0132,0.3551,0.0000,0.0001,0.0002,0.0006,0.0009,0.0046,0.0034,0.0010,0.0041,0.0006,0.0016,0.0045,0.0066,0.0023,0.0014,0.0010,0.0025
0.0137,0.1628,0.0115,0.9998,0.0105,0.1711,0.0007,0.0011,0.0027,0.0000,0.0000,0.0000,0.0003,0.0012,0.0000,0.0001,0.0007,0.2676,0.7266,0.0068,0.1094,0.7472,0.0027,0.0035,0.0811,0.0563,0.0119,0.0047,0.0019
0.0526,0.1024,0.4075,0.3538,0.0071,0.0088,0.0030,0.0027,0.0111,0.0009,0.0042,0.0001,0.0012,0.1750,0.0351,0.0003,0.0308,0.0130,0.0032,0.0228,0.0015,0.0007,0.0043,0.0149,0.0014,0.0040,0.0087,0.0019,0.0035
0.0247,0.0242,0.0393,0.7303,0.0037,0.0532,0.0040,0.0029,0.0705,0.0007,0.0020,0.0002,0.0000,0.0351,0.0385,0.0054,0.0123,0.0179,0.0004,0.0128,0.0136,0.0011,0.0022,0.0260,0.0082,0.0064,0.0167,0.0045,0.0038
0.0137,0.0317,0.0217,0.9968,0.0038,0.0326,0.0260,0.0018,0.0052,0.0067,0.0028,0.0006,0.0001,0.0003,0.0054,0.1191,0.0421,0.0000,0.0012,0.1889,0.0014,0.0022,0.0123,0.0140,0.0011,0.0039,0.0016,0.0176,0.0138
0.0058,0.0043,0.0045,0.0092,0.0020,0.0103,0.0035,0.0021,0.0050,0.0053,0.0294,0.0009,0.0007,0.0308,0.0123,0.0421,0.8542,0.0148,0.0000,0.7597,0.0183,0.0011,0.0068,0.0552,0.0021,0.0052,0.0016,0.0018,0.0079
0.0047,0.0040,0.0091,0.0273,0.0044,0.0553,0.0019,0.0049,0.0203,0.0063,0.0359,0.0046,0.2676,0.0130,0.0179,0.0000,0.0148,0.1513,0.0005,0.0061,0.0062,0.0013,0.0014,0.0406,0.0065,0.0038,0.0063,0.0014,0.0130
0.0043,0.0055,0.0059,0.4661,0.0094,0.3061,0.3274,0.0254,0.0595,0.0259,0.0041,0.0034,0.7266,0.0032,0.0004,0.0012,0.0000,0.0005,0.1332,0.0084,0.0000,0.0002,0.0047,0.0042,0.0098,0.0239,0.0032,0.0042,0.0187
0.0033,0.0024,0.0022,0.0071,0.0011,0.0030,0.0101,0.0035,0.0097,0.0034,0.0093,0.0010,0.0068,0.0228,0.0128,0.1889,0.7597,0.0061,0.0084,0.5946,0.0012,0.0000,0.0092,0.1754,0.0026,0.0088,0.0020,0.0015,0.0093
0.0026,0.0025,0.0032,0.0046,0.0023,0.1240,0.0026,0.0372,0.6312,0.0249,0.1054,0.0041,0.1094,0.0015,0.0136,0.0014,0.0183,0.0062,0.0000,0.0012,0.9741,0.0001,0.0000,0.0056,0.0186,0.0166,0.0175,0.0027,0.0024
0.0016,0.0017,0.0036,0.0587,0.0083,0.7284,0.0448,0.5566,0.4912,0.0206,0.0139,0.0006,0.7472,0.0007,0.0011,0.0022,0.0011,0.0013,0.0002,0.0000,0.0001,0.0340,0.0004,0.0002,0.0002,0.0193,0.0729,0.5085,0.0618
0.0027,0.0015,0.0023,0.0062,0.0052,0.0171,0.7231,0.3524,0.0253,0.0143,0.0031,0.0016,0.0027,0.0043,0.0022,0.0123,0.0068,0.0014,0.0047,0.0092,0.0000,0.0004,0.3968,0.0134,0.0000,0.0008,0.0188,0.1525,0.4800
0.0034,0.0025,0.0034,0.0010,0.0013,0.0042,0.0024,0.0061,0.0049,0.0052,0.0833,0.0045,0.0035,0.0149,0.0260,0.0140,0.0552,0.0406,0.0042,0.1754,0.0056,0.0002,0.0134,0.2748,0.0023,0.0005,0.0132,0.0028,0.0267
0.0045,0.0101,0.0092,0.0063,0.0042,0.1664,0.0210,0.7495,0.7572,0.0385,0.1927,0.0066,0.0811,0.0014,0.0082,0.0011,0.0021,0.0065,0.0098,0.0026,0.0186,0.0002,0.0000,0.0023,0.2650,0.0002,0.0010,0.0003,0.0003
0.0023,0.0022,0.0055,0.0025,0.0028,0.0331,0.0183,0.3747,0.0374,0.0059,0.0437,0.0023,0.0563,0.0040,0.0064,0.0039,0.0052,0.0038,0.0239,0.0088,0.0166,0.0193,0.0008,0.0005,0.0002,0.5437,0.0555,0.0003,0.0002
0.0026,0.0019,0.0027,0.0009,0.0013,0.0100,0.0178,0.4367,0.0788,0.0077,0.0400,0.0014,0.0119,0.0087,0.0167,0.0016,0.0016,0.0063,0.0032,0.0020,0.0175,0.0729,0.0188,0.0132,0.0010,0.0555,0.0102,0.0136,0.0002
0.0021,0.0016,0.0057,0.0045,0.0018,0.0093,0.0363,0.2607,0.0171,0.0136,0.0223,0.0010,0.0047,0.0019,0.0045,0.0176,0.0018,0.0014,0.0042,0.0015,0.0027,0.5085,0.1525,0.0028,0.0003,0.0003,0.0136,0.0538,0.0574
0.0066,0.0041,0.0128,0.0028,0.0046,0.0062,0.0188,0.0463,0.0053,0.0077,0.0099,0.0025,0.0019,0.0035,0.0038,0.0138,0.0079,0.0130,0.0187,0.0093,0.0024,0.0618,0.4800,0.0267,0.0003,0.0002,0.0002,0.0574,0.0163