c1,c2,c3,c4,c5,c6,c7,c8,c9,c10,c11,c12,c13,c14,c15,c16,c17,c18,c19,c20,c21,c22,c23,c24,c25,c26,c27,c28,c29
0.0184,0.0129,0.0001,0.0000,0.0081,0.0017,0.0573,0.0209,0.0075,0.0522,0.0200,0.3657,0.0222,0.0676,0.0358,0.0087,0.0077,0.0049,0.0048,0.0058,0.0070,0.0026,0.0040,0.0095,0.0077,0.0035,0.0035,0.0019,0.0022
0.0129,0.1356,0.0523,0.0000,0.0089,0.0001,0.0130,0.0044,0.0071,0.0334,0.0165,0.9099,0.2710,0.1824,0.0369,0.0575,0.0075,0.0044,0.0061,0.0036,0.0030,0.0014,0.0014,0.0028,0.0029,0.0022,0.0019,0.0016,0.0019
0.0001,0.0523,0.0238,0.0000,0.0001,0.0000,0.0011,0.0015,0.0096,0.0489,0.0223,0.9979,0.0244,0.1789,0.0484,0.0251,0.0067,0.0092,0.0101,0.0042,0.0030,0.0043,0.0040,0.0048,0.0059,0.0102,0.0064,0.0049,0.0096
0.0000,0.0000,0.0000,0.0000,0.0016,0.0000,0.0002,0.0001,0.0023,0.0235,0.0374,0.5909,0.9998,0.6542,0.5714,0.9998,0.0038,0.0019,0.8070,0.0276,0.0020,0.0205,0.0454,0.0030,0.0029,0.0087,0.0029,0.0034,0.0034
0.0081,0.0089,0.0001,0.0016,0.0647,0.0001,0.0009,0.0006,0.0015,0.8346,0.0176,0.9997,0.0118,0.0106,0.0075,0.0099,0.0022,0.0045,0.0223,0.0026,0.0011,0.0058,0.0146,0.0029,0.0020,0.0031,0.0034,0.0027,0.0052
0.0017,0.0001,0.0000,0.0000,0.0001,0.0457,0.0069,0.0000,0.0112,0.0097,0.1198,0.0691,0.0538,0.0070,0.0290,0.0299,0.0047,0.0140,0.2768,0.0037,0.0070,0.7968,0.0271,0.0077,0.0101,0.1078,0.0282,0.1789,0.0099
0.0573,0.0130,0.0011,0.0002,0.0009,0.0069,0.1469,0.0340,0.0000,0.0250,0.0018,0.0108,0.0052,0.0060,0.0075,0.0574,0.0074,0.0054,0.2993,0.0117,0.0015,0.0049,0.1435,0.0042,0.0032,0.0082,0.0058,0.0070,0.0189
0.0209,0.0044,0.0015,0.0001,0.0006,0.0000,0.0340,0.1116,0.0010,0.0005,0.0016,0.0037,0.0025,0.0045,0.0038,0.0040,0.0043,0.0117,0.0623,0.0047,0.0030,0.0283,0.0618,0.0083,0.0080,0.3103,0.0677,0.6127,0.0425
0.0075,0.0071,0.0096,0.0023,0.0015,0.0112,0.0000,0.0010,0.0003,0.0029,0.0000,0.0005,0.0014,0.0077,0.0965,0.0062,0.0031,0.0273,0.0573,0.0127,0.0521,0.7227,0.0211,0.0088,0.0242,0.1251,0.1322,0.3371,0.0062
0.0522,0.0334,0.0489,0.0235,0.8346,0.0097,0.0250,0.0005,0.0029,0.4060,0.0008,0.0000,0.0000,0.0021,0.0010,0.0087,0.0068,0.0095,0.0333,0.0040,0.0047,0.0126,0.0113,0.0102,0.0049,0.0081,0.0131,0.0117,0.0159
0.0200,0.0165,0.0223,0.0374,0.0176,0.1198,0.0018,0.0016,0.0000,0.0008,0.0581,0.0137,0.0000,0.0032,0.0005,0.0024,0.0817,0.0569,0.0055,0.0045,0.2370,0.0180,0.0025,0.0120,0.0292,0.0420,0.0212,0.0148,0.0089
0.3657,0.9099,0.9979,0.5909,0.9997,0.0691,0.0108,0.0037,0.0005,0.0000,0.0137,0.1279,0.0000,0.0000,0.0002,0.0004,0.0011,0.0061,0.0027,0.0010,0.0027,0.0010,0.0013,0.0021,0.0020,0.0022,0.0010,0.0005,0.0016
0.0222,0.2710,0.0244,0.9998,0.0118,0.0538,0.0052,0.0025,0.0014,0.0000,0.0000,0.0000,0.0003,0.0018,0.0000,0.0001,0.0024,0.0077,0.8068,0.0091,0.0971,0.8376,0.0018,0.0029,0.0390,0.2815,0.0109,0.0071,0.0032
0.0676,0.1824,0.1789,0.6542,0.0106,0.0070,0.0060,0.0045,0.0077,0.0021,0.0032,0.0000,0.0018,0.0958,0.0449,0.0002,0.0645,0.0222,0.0011,0.0103,0.0039,0.0005,0.0024,0.0041,0.0063,0.0055,0.0020,0.0016,0.0030
0.0358,0.0369,0.0484,0.5714,0.0075,0.0290,0.0075,0.0038,0.0965,0.0010,0.0005,0.0002,0.0000,0.0449,0.0177,0.0022,0.2116,0.0665,0.0001,0.0043,0.0231,0.0004,0.0016,0.0134,0.0202,0.0158,0.0076,0.0080,0.0034
0.0087,0.0575,0.0251,0.9998,0.0099,0.0299,0.0574,0.0040,0.0062,0.0087,0.0024,0.0004,0.0001,0.0002,0.0022,0.2858,0.1111,0.0002,0.0002,0.1592,0.0008,0.0004,0.0070,0.0097,0.0026,0.0020,0.0016,0.0009,0.0107
0.0077,0.0075,0.0067,0.0038,0.0022,0.0047,0.0074,0.0043,0.0031,0.0068,0.0817,0.0011,0.0024,0.0645,0.2116,0.1111,0.0764,0.2436,0.0000,0.0970,0.1213,0.0004,0.0026,0.0054,0.0098,0.0026,0.0013,0.0005,0.0034
0.0049,0.0044,0.0092,0.0019,0.0045,0.0140,0.0054,0.0117,0.0273,0.0095,0.0569,0.0061,0.0077,0.0222,0.0665,0.0002,0.2436,0.1397,0.0000,0.0009,0.1018,0.0003,0.0016,0.0443,0.0214,0.0040,0.0069,0.0013,0.0092
0.0048,0.0061,0.0101,0.8070,0.0223,0.2768,0.2993,0.0623,0.0573,0.0333,0.0055,0.0027,0.8068,0.0011,0.0001,0.0002,0.0000,0.0000,0.0290,0.0172,0.0001,0.0001,0.0176,0.0021,0.0040,0.0108,0.0056,0.0167,0.0366
0.0058,0.0036,0.0042,0.0276,0.0026,0.0037,0.0117,0.0047,0.0127,0.0040,0.0045,0.0010,0.0091,0.0103,0.0043,0.1592,0.0970,0.0009,0.0172,0.1919,0.0143,0.0000,0.0193,0.0691,0.0040,0.0049,0.0045,0.0030,0.0235
0.0070,0.0030,0.0030,0.0020,0.0011,0.0070,0.0015,0.0030,0.0521,0.0047,0.2370,0.0027,0.0971,0.0039,0.0231,0.0008,0.1213,0.1018,0.0001,0.0143,0.0455,0.0003,0.0007,0.0061,0.0491,0.0171,0.0201,0.0056,0.0052
0.0026,0.0014,0.0043,0.0205,0.0058,0.7968,0.0049,0.0283,0.7227,0.0126,0.0180,0.0010,0.8376,0.0005,0.0004,0.0004,0.0004,0.0003,0.0001,0.0000,0.0003,0.1685,0.0003,0.0001,0.0150,0.0595,0.3992,0.8765,0.0810
0.0040,0.0014,0.0040,0.0454,0.0146,0.0271,0.1435,0.0618,0.0211,0.0113,0.0025,0.0013,0.0018,0.0024,0.0016,0.0070,0.0026,0.0016,0.0176,0.0193,0.0007,0.0003,0.0406,0.0298,0.0004,0.0002,0.0218,0.0678,0.4743
0.0095,0.0028,0.0048,0.0030,0.0029,0.0077,0.0042,0.0083,0.0088,0.0102,0.0120,0.0021,0.0029,0.0041,0.0134,0.0097,0.0054,0.0443,0.0021,0.0691,0.0061,0.0001,0.0298,0.1520,0.0272,0.0002,0.0255,0.0026,0.0930
0.0077,0.0029,0.0059,0.0029,0.0020,0.0101,0.0032,0.0080,0.0242,0.0049,0.0292,0.0020,0.0390,0.0063,0.0202,0.0026,0.0098,0.0214,0.0040,0.0040,0.0491,0.0150,0.0004,0.0272,0.2343,0.0005,0.0047,0.0023,0.0060
0.0035,0.0022,0.0102,0.0087,0.0031,0.1078,0.0082,0.3103,0.1251,0.0081,0.0420,0.0022,0.2815,0.0055,0.0158,0.0020,0.0026,0.0040,0.0108,0.0049,0.0171,0.0595,0.0002,0.0002,0.0005,0.0346,0.0500,0.0001,0.0006
0.0035,0.0019,0.0064,0.0029,0.0034,0.0282,0.0058,0.0677,0.1322,0.0131,0.0212,0.0010,0.0109,0.0020,0.0076,0.0016,0.0013,0.0069,0.0056,0.0045,0.0201,0.3992,0.0218,0.0255,0.0047,0.0500,0.0004,0.0045,0.0001
0.0019,0.0016,0.0049,0.0034,0.0027,0.1789,0.0070,0.6127,0.3371,0.0117,0.0148,0.0005,0.0071,0.0016,0.0080,0.0009,0.0005,0.0013,0.0167,0.0030,0.0056,0.8765,0.0678,0.0026,0.0023,0.0001,0.0045,0.0205,0.0017
0.0022,0.0019,0.0096,0.0034,0.0052,0.0099,0.0189,0.0425,0.0062,0.0159,0.0089,0.0016,0.0032,0.0030,0.0034,0.0107,0.0034,0.0092,0.0366,0.0235,0.0052,0.0810,0.4743,0.0930,0.0060,0.0006,0.0001,0.0017,0.0020