c1,c2,c3,c4,c5,c6,c7,c8,c9,c10,c11,c12,c13,c14,c15,c16,c17,c18,c19,c20,c21,c22,c23,c24,c25,c26,c27,c28,c29
0.0152,0.0122,0.0001,0.0000,0.0086,0.0021,0.0644,0.0280,0.0073,0.0605,0.0186,0.5016,0.0214,0.0724,0.0452,0.0102,0.0055,0.0031,0.0044,0.0053,0.0056,0.0028,0.0036,0.0087,0.0073,0.0030,0.0028,0.0021,0.0026
0.0122,0.1602,0.0469,0.0000,0.0083,0.0001,0.0148,0.0054,0.0089,0.0405,0.0181,0.8597,0.2047,0.1628,0.0346,0.0723,0.0061,0.0041,0.0063,0.0044,0.0027,0.0017,0.0015,0.0033,0.0030,0.0025,0.0015,0.0015,0.0017
0.0001,0.0469,0.0318,0.0000,0.0001,0.0000,0.0009,0.0020,0.0128,0.0528,0.0261,0.9967,0.0174,0.1409,0.0454,0.0217,0.0081,0.0083,0.0096,0.0037,0.0027,0.0052,0.0045,0.0051,0.0068,0.0140,0.0038,0.0052,0.0109
0.0000,0.0000,0.0000,0.0000,0.0017,0.0000,0.0002,0.0001,0.0036,0.0254,0.0545,0.5823,0.9998,0.6908,0.6340,0.9995,0.0055,0.0032,0.7505,0.0243,0.0023,0.0222,0.0554,0.0020,0.0023,0.0123,0.0023,0.0037,0.0029
0.0086,0.0083,0.0001,0.0017,0.0808,0.0003,0.0005,0.0009,0.0016,0.7661,0.0168,0.9993,0.0130,0.0094,0.0090,0.0082,0.0020,0.0059,0.0226,0.0022,0.0011,0.0058,0.0141,0.0023,0.0027,0.0040,0.0021,0.0034,0.0042
0.0021,0.0001,0.0000,0.0000,0.0003,0.0482,0.0058,0.0000,0.0100,0.0117,0.1090,0.0679,0.0539,0.0069,0.0289,0.0253,0.0040,0.0161,0.2751,0.0030,0.0075,0.6721,0.0414,0.0069,0.0070,0.1293,0.0350,0.0484,0.0119
0.0644,0.0148,0.0009,0.0002,0.0005,0.0058,0.1206,0.0431,0.0000,0.0273,0.0018,0.0096,0.0049,0.0061,0.0083,0.0341,0.0077,0.0058,0.2522,0.0103,0.0018,0.0059,0.1840,0.0037,0.0050,0.0150,0.0052,0.0148,0.0101
0.0280,0.0054,0.0020,0.0001,0.0009,0.0000,0.0431,0.0943,0.0005,0.0004,0.0014,0.0031,0.0028,0.0056,0.0040,0.0037,0.0057,0.0120,0.0488,0.0063,0.0058,0.0344,0.0797,0.0154,0.0117,0.2268,0.0840,0.1583,0.0296
0.0073,0.0089,0.0128,0.0036,0.0016,0.0100,0.0000,0.0005,0.0004,0.0046,0.0000,0.0004,0.0015,0.0078,0.1061,0.0081,0.0032,0.0297,0.0522,0.0095,0.0766,0.5731,0.0411,0.0098,0.0232,0.1565,0.2015,0.0884,0.0060
0.0605,0.0405,0.0528,0.0254,0.7661,0.0117,0.0273,0.0004,0.0046,0.4021,0.0008,0.0000,0.0000,0.0018,0.0009,0.0071,0.0061,0.0108,0.0382,0.0044,0.0078,0.0090,0.0096,0.0112,0.0041,0.0110,0.0080,0.0094,0.0111
0.0186,0.0181,0.0261,0.0545,0.0168,0.1090,0.0018,0.0014,0.0000,0.0008,0.0776,0.0143,0.0000,0.0025,0.0005,0.0023,0.0723,0.0482,0.0058,0.0049,0.1717,0.0136,0.0038,0.0166,0.0404,0.0506,0.0219,0.0119,0.0069
0.5016,0.8597,0.9967,0.5823,0.9993,0.0679,0.0096,0.0031,0.0004,0.0000,0.0143,0.2938,0.0000,0.0001,0.0002,0.0004,0.0012,0.0058,0.0030,0.0010,0.0019,0.0010,0.0010,0.0029,0.0012,0.0029,0.0008,0.0005,0.0013
0.0214,0.2047,0.0174,0.9998,0.0130,0.0539,0.0049,0.0028,0.0015,0.0000,0.0000,0.0000,0.0004,0.0021,0.0000,0.0001,0.0023,0.0092,0.6995,0.0076,0.1097,0.7931,0.0022,0.0060,0.0227,0.2187,0.0125,0.0063,0.0028
0.0724,0.1628,0.1409,0.6908,0.0094,0.0069,0.0061,0.0056,0.0078,0.0018,0.0025,0.0001,0.0021,0.1248,0.0202,0.0002,0.0515,0.0083,0.0013,0.0136,0.0032,0.0007,0.0023,0.0054,0.0061,0.0065,0.0027,0.0024,0.0030
0.0452,0.0346,0.0454,0.6340,0.0090,0.0289,0.0083,0.0040,0.1061,0.0009,0.0005,0.0002,0.0000,0.0202,0.0107,0.0023,0.1027,0.0291,0.0001,0.0049,0.0168,0.0006,0.0011,0.0163,0.0553,0.0136,0.0106,0.0087,0.0041
0.0102,0.0723,0.0217,0.9995,0.0082,0.0253,0.0341,0.0037,0.0081,0.0071,0.0023,0.0004,0.0001,0.0002,0.0023,0.1949,0.0945,0.0001,0.0002,0.1481,0.0007,0.0007,0.0096,0.0082,0.0028,0.0028,0.0016,0.0028,0.0144
0.0055,0.0061,0.0081,0.0055,0.0020,0.0040,0.0077,0.0057,0.0032,0.0061,0.0723,0.0012,0.0023,0.0515,0.1027,0.0945,0.0623,0.1928,0.0000,0.1430,0.0704,0.0008,0.0024,0.0092,0.0191,0.0033,0.0020,0.0011,0.0032
0.0031,0.0041,0.0083,0.0032,0.0059,0.0161,0.0058,0.0120,0.0297,0.0108,0.0482,0.0058,0.0092,0.0083,0.0291,0.0001,0.1928,0.1431,0.0000,0.0017,0.1577,0.0004,0.0015,0.0684,0.0262,0.0018,0.0047,0.0025,0.0086
0.0044,0.0063,0.0096,0.7505,0.0226,0.2751,0.2522,0.0488,0.0522,0.0382,0.0058,0.0030,0.6995,0.0013,0.0001,0.0002,0.0000,0.0000,0.0766,0.0185,0.0001,0.0001,0.0162,0.0025,0.0071,0.0120,0.0073,0.0116,0.0246
0.0053,0.0044,0.0037,0.0243,0.0022,0.0030,0.0103,0.0063,0.0095,0.0044,0.0049,0.0010,0.0076,0.0136,0.0049,0.1481,0.1430,0.0017,0.0185,0.2286,0.0112,0.0000,0.0171,0.0828,0.0058,0.0038,0.0028,0.0031,0.0109
0.0056,0.0027,0.0027,0.0023,0.0011,0.0075,0.0018,0.0058,0.0766,0.0078,0.1717,0.0019,0.1097,0.0032,0.0168,0.0007,0.0704,0.1577,0.0001,0.0112,0.2485,0.0005,0.0005,0.0053,0.0153,0.0091,0.0235,0.0059,0.0042
0.0028,0.0017,0.0052,0.0222,0.0058,0.6721,0.0059,0.0344,0.5731,0.0090,0.0136,0.0010,0.7931,0.0007,0.0006,0.0007,0.0008,0.0004,0.0001,0.0000,0.0005,0.0856,0.0006,0.0001,0.0059,0.0258,0.4658,0.6002,0.1260
0.0036,0.0015,0.0045,0.0554,0.0141,0.0414,0.1840,0.0797,0.0411,0.0096,0.0038,0.0010,0.0022,0.0023,0.0011,0.0096,0.0024,0.0015,0.0162,0.0171,0.0005,0.0006,0.0367,0.0200,0.0001,0.0002,0.0256,0.0378,0.4879
0.0087,0.0033,0.0051,0.0020,0.0023,0.0069,0.0037,0.0154,0.0098,0.0112,0.0166,0.0029,0.0060,0.0054,0.0163,0.0082,0.0092,0.0684,0.0025,0.0828,0.0053,0.0001,0.0200,0.0675,0.0339,0.0001,0.0295,0.0021,0.0308
0.0073,0.0030,0.0068,0.0023,0.0027,0.0070,0.0050,0.0117,0.0232,0.0041,0.0404,0.0012,0.0227,0.0061,0.0553,0.0028,0.0191,0.0262,0.0071,0.0058,0.0153,0.0059,0.0001,0.0339,0.0806,0.0018,0.0034,0.0042,0.0091
0.0030,0.0025,0.0140,0.0123,0.0040,0.1293,0.0150,0.2268,0.1565,0.0110,0.0506,0.0029,0.2187,0.0065,0.0136,0.0028,0.0033,0.0018,0.0120,0.0038,0.0091,0.0258,0.0002,0.0001,0.0018,0.0311,0.0271,0.0001,0.0004
0.0028,0.0015,0.0038,0.0023,0.0021,0.0350,0.0052,0.0840,0.2015,0.0080,0.0219,0.0008,0.0125,0.0027,0.0106,0.0016,0.0020,0.0047,0.0073,0.0028,0.0235,0.4658,0.0256,0.0295,0.0034,0.0271,0.0008,0.0081,0.0001
0.0021,0.0015,0.0052,0.0037,0.0034,0.0484,0.0148,0.1583,0.0884,0.0094,0.0119,0.0005,0.0063,0.0024,0.0087,0.0028,0.0011,0.0025,0.0116,0.0031,0.0059,0.6002,0.0378,0.0021,0.0042,0.0001,0.0081,0.0462,0.0082
0.0026,0.0017,0.0109,0.0029,0.0042,0.0119,0.0101,0.0296,0.0060,0.0111,0.0069,0.0013,0.0028,0.0030,0.0041,0.0144,0.0032,0.0086,0.0246,0.0109,0.0042,0.1260,0.4879,0.0308,0.0091,0.0004,0.0001,0.0082,0.0193