c1,c2,c3,c4,c5,c6,c7,c8,c9,c10,c11,c12,c13,c14,c15,c16,c17,c18,c19,c20,c21,c22,c23,c24,c25,c26,c27,c28,c29
0.0001,0.0021,0.0002,0.0008,0.0381,0.0206,0.1250,0.0545,0.1835,0.0527,0.0115,0.0216,0.0633,0.0100,0.0074,0.0077,0.0077,0.0066,0.0047,0.0055,0.0058,0.0033,0.0048,0.0038,0.0048,0.0043,0.0046,0.0032,0.0023
0.0021,0.0570,0.0996,0.0001,0.0749,0.0064,0.0236,0.0122,0.2005,0.0593,0.0110,0.0168,0.0381,0.0073,0.0073,0.0080,0.0040,0.0060,0.0028,0.0024,0.0023,0.0027,0.0028,0.0018,0.0034,0.0027,0.0025,0.0018,0.0022
0.0002,0.0996,0.0837,0.0004,0.0007,0.0014,0.0111,0.0035,0.4876,0.1465,0.0067,0.0316,0.0748,0.0077,0.0121,0.0090,0.0063,0.0076,0.0037,0.0041,0.0039,0.0040,0.0035,0.0030,0.0045,0.0040,0.0035,0.0031,0.0031
0.0008,0.0001,0.0004,0.0003,0.0262,0.0000,0.0149,0.0010,0.9983,0.7001,0.0215,0.1106,0.7479,0.0214,0.0085,0.0152,0.0089,0.0070,0.0024,0.0061,0.0027,0.0017,0.0030,0.0018,0.0050,0.0025,0.0039,0.0023,0.0016
0.0381,0.0749,0.0007,0.0262,0.0593,0.0009,0.0009,0.0062,0.1479,0.8706,0.0122,0.0090,0.0287,0.0069,0.0036,0.0033,0.0049,0.0059,0.0025,0.0031,0.0032,0.0024,0.0029,0.0027,0.0031,0.0027,0.0024,0.0022,0.0017
0.0206,0.0064,0.0014,0.0000,0.0009,0.5369,0.0909,0.0006,0.0164,0.0056,0.0029,0.0112,0.0162,0.0067,0.0070,0.0088,0.0043,0.0146,0.0050,0.0043,0.0037,0.0091,0.0145,0.0101,0.0259,0.0164,0.0115,0.0089,0.0058
0.1250,0.0236,0.0111,0.0149,0.0009,0.0909,0.1285,0.2723,0.0000,0.0309,0.0404,0.0094,0.0147,0.0044,0.0041,0.0042,0.0051,0.0045,0.0030,0.0048,0.0033,0.0025,0.0029,0.0029,0.0035,0.0038,0.0026,0.0031,0.0024
0.0545,0.0122,0.0035,0.0010,0.0062,0.0006,0.2723,0.2441,0.0004,0.0005,0.0543,0.2514,0.0072,0.0166,0.0106,0.0054,0.0048,0.0094,0.0029,0.0055,0.0061,0.0029,0.0035,0.0050,0.0043,0.0051,0.0042,0.0031,0.0035
0.1835,0.2005,0.4876,0.9983,0.1479,0.0164,0.0000,0.0004,0.0174,0.0050,0.0001,0.0018,0.0065,0.0022,0.0053,0.0035,0.0031,0.0029,0.0008,0.0032,0.0038,0.0021,0.0036,0.0025,0.0060,0.0047,0.0049,0.0029,0.0023
0.0527,0.0593,0.1465,0.7001,0.8706,0.0056,0.0309,0.0005,0.0050,0.0011,0.0045,0.0000,0.0010,0.0337,0.0049,0.0165,0.0051,0.0053,0.0019,0.0041,0.0037,0.0023,0.0031,0.0028,0.0019,0.0030,0.0038,0.0031,0.0031
0.0115,0.0110,0.0067,0.0215,0.0122,0.0029,0.0404,0.0543,0.0001,0.0045,0.0162,0.0118,0.0001,0.0056,0.0130,0.0090,0.0175,0.0075,0.0072,0.0101,0.0155,0.0089,0.0066,0.0065,0.0064,0.0065,0.0078,0.0061,0.0047
0.0216,0.0168,0.0316,0.1106,0.0090,0.0112,0.0094,0.2514,0.0018,0.0000,0.0118,0.0256,0.0027,0.0005,0.0103,0.0328,0.0080,0.0180,0.0043,0.0039,0.0105,0.0096,0.0034,0.0035,0.0050,0.0039,0.0029,0.0032,0.0029
0.0633,0.0381,0.0748,0.7479,0.0287,0.0162,0.0147,0.0072,0.0065,0.0010,0.0001,0.0027,0.0201,0.0087,0.0001,0.0022,0.0561,0.0068,0.0036,0.0102,0.0083,0.0036,0.0047,0.0036,0.0040,0.0042,0.0032,0.0026,0.0025
0.0100,0.0073,0.0077,0.0214,0.0069,0.0067,0.0044,0.0166,0.0022,0.0337,0.0056,0.0005,0.0087,0.0118,0.0076,0.0005,0.0127,0.0318,0.0154,0.0257,0.0082,0.0222,0.0065,0.0076,0.0057,0.0054,0.0033,0.0033,0.0032
0.0074,0.0073,0.0121,0.0085,0.0036,0.0070,0.0041,0.0106,0.0053,0.0049,0.0130,0.0103,0.0001,0.0076,0.0184,0.0046,0.0004,0.0052,0.0544,0.0154,0.0348,0.0199,0.0116,0.0069,0.0101,0.0122,0.0082,0.0067,0.0058
0.0077,0.0080,0.0090,0.0152,0.0033,0.0088,0.0042,0.0054,0.0035,0.0165,0.0090,0.0328,0.0022,0.0005,0.0046,0.0135,0.0235,0.0002,0.0058,0.0774,0.0185,0.0144,0.0101,0.0122,0.0075,0.0072,0.0059,0.0075,0.0051
0.0077,0.0040,0.0063,0.0089,0.0049,0.0043,0.0051,0.0048,0.0031,0.0051,0.0175,0.0080,0.0561,0.0127,0.0004,0.0235,0.0120,0.0061,0.0024,0.0166,0.0187,0.0079,0.0188,0.0152,0.0091,0.0051,0.0043,0.0031,0.0054
0.0066,0.0060,0.0076,0.0070,0.0059,0.0146,0.0045,0.0094,0.0029,0.0053,0.0075,0.0180,0.0068,0.0318,0.0052,0.0002,0.0061,0.0091,0.0083,0.0004,0.0128,0.0863,0.0074,0.0141,0.0148,0.0101,0.0097,0.0065,0.0071
0.0047,0.0028,0.0037,0.0024,0.0025,0.0050,0.0030,0.0029,0.0008,0.0019,0.0072,0.0043,0.0036,0.0154,0.0544,0.0058,0.0024,0.0083,0.0042,0.0141,0.0009,0.0072,0.0658,0.0292,0.0408,0.0469,0.0227,0.0184,0.0375
0.0055,0.0024,0.0041,0.0061,0.0031,0.0043,0.0048,0.0055,0.0032,0.0041,0.0101,0.0039,0.0102,0.0257,0.0154,0.0774,0.0166,0.0004,0.0141,0.0214,0.0075,0.0006,0.0110,0.0279,0.0111,0.0145,0.0080,0.0049,0.0127
0.0058,0.0023,0.0039,0.0027,0.0032,0.0037,0.0033,0.0061,0.0038,0.0037,0.0155,0.0105,0.0083,0.0082,0.0348,0.0185,0.0187,0.0128,0.0009,0.0075,0.0089,0.0079,0.0008,0.0071,0.0623,0.0121,0.0169,0.0104,0.0184
0.0033,0.0027,0.0040,0.0017,0.0024,0.0091,0.0025,0.0029,0.0021,0.0023,0.0089,0.0096,0.0036,0.0222,0.0199,0.0144,0.0079,0.0863,0.0072,0.0006,0.0079,0.0028,0.0103,0.0003,0.0062,0.0598,0.0401,0.0699,0.1811
0.0048,0.0028,0.0035,0.0030,0.0029,0.0145,0.0029,0.0035,0.0036,0.0031,0.0066,0.0034,0.0047,0.0065,0.0116,0.0101,0.0188,0.0074,0.0658,0.0110,0.0008,0.0103,0.0146,0.0299,0.0001,0.0084,0.0405,0.0433,0.1360
0.0038,0.0018,0.0030,0.0018,0.0027,0.0101,0.0029,0.0050,0.0025,0.0028,0.0065,0.0035,0.0036,0.0076,0.0069,0.0122,0.0152,0.0141,0.0292,0.0279,0.0071,0.0003,0.0299,0.1231,0.0247,0.0003,0.0197,0.0326,0.1013
0.0048,0.0034,0.0045,0.0050,0.0031,0.0259,0.0035,0.0043,0.0060,0.0019,0.0064,0.0050,0.0040,0.0057,0.0101,0.0075,0.0091,0.0148,0.0408,0.0111,0.0623,0.0062,0.0001,0.0247,0.0493,0.0084,0.0030,0.0072,0.0296
0.0043,0.0027,0.0040,0.0025,0.0027,0.0164,0.0038,0.0051,0.0047,0.0030,0.0065,0.0039,0.0042,0.0054,0.0122,0.0072,0.0051,0.0101,0.0469,0.0145,0.0121,0.0598,0.0084,0.0003,0.0084,0.0212,0.1755,0.0012,0.0229
0.0046,0.0025,0.0035,0.0039,0.0024,0.0115,0.0026,0.0042,0.0049,0.0038,0.0078,0.0029,0.0032,0.0033,0.0082,0.0059,0.0043,0.0097,0.0227,0.0080,0.0169,0.0401,0.0405,0.0197,0.0030,0.1755,0.0014,0.1695,0.0007
0.0032,0.0018,0.0031,0.0023,0.0022,0.0089,0.0031,0.0031,0.0029,0.0031,0.0061,0.0032,0.0026,0.0033,0.0067,0.0075,0.0031,0.0065,0.0184,0.0049,0.0104,0.0699,0.0433,0.0326,0.0072,0.0012,0.1695,0.1108,0.0201
0.0023,0.0022,0.0031,0.0016,0.0017,0.0058,0.0024,0.0035,0.0023,0.0031,0.0047,0.0029,0.0025,0.0032,0.0058,0.0051,0.0054,0.0071,0.0375,0.0127,0.0184,0.1811,0.1360,0.1013,0.0296,0.0229,0.0007,0.0201,0.0088