c1,c2,c3,c4,c5,c6,c7,c8,c9,c10,c11,c12,c13,c14,c15,c16,c17,c18,c19,c20,c21,c22,c23,c24,c25,c26,c27,c28,c29
0.0225,0.0092,0.0003,0.0000,0.0070,0.0008,0.0455,0.0065,0.0070,0.0368,0.0097,0.3976,0.0192,0.1617,0.0481,0.0282,0.0075,0.0052,0.0042,0.0041,0.0033,0.0022,0.0048,0.0033,0.0047,0.0034,0.0068,0.0041,0.0069
0.0092,0.0210,0.0407,0.0000,0.0035,0.0001,0.0058,0.0016,0.0045,0.0101,0.0091,0.8964,0.3915,0.3873,0.0460,0.0658,0.0057,0.0069,0.0047,0.0030,0.0028,0.0022,0.0021,0.0024,0.0121,0.0026,0.0045,0.0040,0.0065
0.0003,0.0407,0.0690,0.0000,0.0000,0.0000,0.0018,0.0004,0.0095,0.0151,0.0070,0.9963,0.0327,0.8519,0.1266,0.0571,0.0054,0.0086,0.0055,0.0026,0.0031,0.0025,0.0032,0.0027,0.0096,0.0061,0.0034,0.0050,0.0171
0.0000,0.0000,0.0000,0.0000,0.0004,0.0000,0.0000,0.0000,0.0006,0.0136,0.0197,0.2097,0.9999,0.8455,0.9458,1.0000,0.0272,0.2657,0.8018,0.0149,0.0045,0.0477,0.0036,0.0008,0.0109,0.0012,0.0012,0.0022,0.0022
0.0070,0.0035,0.0000,0.0004,0.1446,0.0000,0.0020,0.0003,0.0004,0.9916,0.0148,1.0000,0.0080,0.0124,0.0066,0.0064,0.0027,0.0055,0.0142,0.0019,0.0034,0.0110,0.0068,0.0018,0.0036,0.0022,0.0023,0.0031,0.0058
0.0008,0.0001,0.0000,0.0000,0.0000,0.0623,0.0030,0.0000,0.0036,0.0042,0.0581,0.0809,0.0889,0.0086,0.0475,0.0223,0.0067,0.0538,0.2714,0.0050,0.5475,0.4736,0.0169,0.0055,0.9300,0.0461,0.0169,0.0078,0.0051
0.0455,0.0058,0.0018,0.0000,0.0020,0.0030,0.8779,0.0052,0.0000,0.0175,0.0007,0.0063,0.0018,0.0043,0.0047,0.0188,0.0060,0.0066,0.0929,0.0077,0.0068,0.1272,0.0555,0.0047,0.0285,0.0345,0.0130,0.0433,0.0156
0.0065,0.0016,0.0004,0.0000,0.0003,0.0000,0.0052,0.1492,0.0001,0.0002,0.0005,0.0014,0.0007,0.0029,0.0044,0.0015,0.0048,0.0076,0.0373,0.0066,0.1458,0.6871,0.5296,0.0603,0.9773,0.1535,0.6815,0.0444,0.0068
0.0070,0.0045,0.0095,0.0006,0.0004,0.0036,0.0000,0.0001,0.0002,0.0011,0.0000,0.0002,0.0062,0.0131,0.1094,0.0055,0.0072,0.0352,0.0888,0.0084,0.9724,0.2778,0.0129,0.0096,0.9923,0.0375,0.0983,0.0136,0.0077
0.0368,0.0101,0.0151,0.0136,0.9916,0.0042,0.0175,0.0002,0.0011,0.7861,0.0006,0.0000,0.0000,0.0012,0.0014,0.0088,0.0054,0.0049,0.0300,0.0036,0.0179,0.0344,0.0119,0.0067,0.0202,0.0071,0.0069,0.0147,0.0107
0.0097,0.0091,0.0070,0.0197,0.0148,0.0581,0.0007,0.0005,0.0000,0.0006,0.2152,0.0088,0.0000,0.0040,0.0008,0.0013,0.0404,0.0168,0.0048,0.0082,0.0360,0.0163,0.0053,0.1361,0.1918,0.0549,0.0749,0.0185,0.0048
0.3976,0.8964,0.9963,0.2097,1.0000,0.0809,0.0063,0.0014,0.0002,0.0000,0.0088,0.2776,0.0001,0.0000,0.0004,0.0003,0.0006,0.0017,0.0035,0.0009,0.0030,0.0014,0.0011,0.0024,0.0056,0.0020,0.0007,0.0016,0.0012
0.0192,0.3915,0.0327,0.9999,0.0080,0.0889,0.0018,0.0007,0.0062,0.0000,0.0000,0.0001,0.0001,0.0013,0.0000,0.0001,0.0015,0.4362,0.8444,0.0032,0.1131,0.1271,0.0025,0.0267,0.0707,0.0125,0.0055,0.0032,0.0016
0.1617,0.3873,0.8519,0.8455,0.0124,0.0086,0.0043,0.0029,0.0131,0.0012,0.0040,0.0000,0.0013,0.1173,0.0090,0.0001,0.0366,0.0007,0.0010,0.0132,0.0012,0.0015,0.0047,0.0083,0.0009,0.0038,0.0063,0.0025,0.0028
0.0481,0.0460,0.1266,0.9458,0.0066,0.0475,0.0047,0.0044,0.1094,0.0014,0.0008,0.0004,0.0000,0.0090,0.0185,0.0042,0.0420,0.0024,0.0003,0.0069,0.0059,0.0008,0.0063,0.0118,0.0069,0.0054,0.0125,0.0054,0.0031
0.0282,0.0658,0.0571,1.0000,0.0064,0.0223,0.0188,0.0015,0.0055,0.0088,0.0013,0.0003,0.0001,0.0001,0.0042,0.0268,0.0533,0.0001,0.0017,0.0591,0.0011,0.0019,0.0071,0.0046,0.0008,0.0054,0.0017,0.0068,0.0156
0.0075,0.0057,0.0054,0.0272,0.0027,0.0067,0.0060,0.0048,0.0072,0.0054,0.0404,0.0006,0.0015,0.0366,0.0420,0.0533,0.8221,0.0230,0.0000,0.1759,0.0057,0.0013,0.0040,0.0085,0.0013,0.0039,0.0019,0.0008,0.0118
0.0052,0.0069,0.0086,0.2657,0.0055,0.0538,0.0066,0.0076,0.0352,0.0049,0.0168,0.0017,0.4362,0.0007,0.0024,0.0001,0.0230,0.2586,0.0005,0.0010,0.0028,0.0040,0.0036,0.0163,0.0021,0.0078,0.0027,0.0041,0.0199
0.0042,0.0047,0.0055,0.8018,0.0142,0.2714,0.0929,0.0373,0.0888,0.0300,0.0048,0.0035,0.8444,0.0010,0.0003,0.0017,0.0000,0.0005,0.1746,0.0099,0.0000,0.0001,0.0034,0.0041,0.0130,0.0164,0.0027,0.0036,0.0092
0.0041,0.0030,0.0026,0.0149,0.0019,0.0050,0.0077,0.0066,0.0084,0.0036,0.0082,0.0009,0.0032,0.0132,0.0069,0.0591,0.1759,0.0010,0.0099,0.4200,0.0014,0.0002,0.0473,0.0235,0.0025,0.0161,0.0043,0.0031,0.0217
0.0033,0.0028,0.0031,0.0045,0.0034,0.5475,0.0068,0.1458,0.9724,0.0179,0.0360,0.0030,0.1131,0.0012,0.0059,0.0011,0.0057,0.0028,0.0000,0.0014,0.9680,0.0002,0.0000,0.0023,0.0138,0.0044,0.0084,0.0022,0.0028
0.0022,0.0022,0.0025,0.0477,0.0110,0.4736,0.1272,0.6871,0.2778,0.0344,0.0163,0.0014,0.1271,0.0015,0.0008,0.0019,0.0013,0.0040,0.0001,0.0002,0.0002,0.0230,0.0012,0.0005,0.0001,0.0057,0.0115,0.2088,0.0715
0.0048,0.0021,0.0032,0.0036,0.0068,0.0169,0.0555,0.5296,0.0129,0.0119,0.0053,0.0011,0.0025,0.0047,0.0063,0.0071,0.0040,0.0036,0.0034,0.0473,0.0000,0.0012,0.3604,0.0133,0.0000,0.0018,0.0217,0.1474,0.4822
0.0033,0.0024,0.0027,0.0008,0.0018,0.0055,0.0047,0.0603,0.0096,0.0067,0.1361,0.0024,0.0267,0.0083,0.0118,0.0046,0.0085,0.0163,0.0041,0.0235,0.0023,0.0005,0.0133,0.6916,0.0002,0.0010,0.0320,0.0058,0.0241
0.0047,0.0121,0.0096,0.0109,0.0036,0.9300,0.0285,0.9773,0.9923,0.0202,0.1918,0.0056,0.0707,0.0009,0.0069,0.0008,0.0013,0.0021,0.0130,0.0025,0.0138,0.0001,0.0000,0.0002,0.3680,0.0003,0.0001,0.0002,0.0001
0.0034,0.0026,0.0061,0.0012,0.0022,0.0461,0.0345,0.1535,0.0375,0.0071,0.0549,0.0020,0.0125,0.0038,0.0054,0.0054,0.0039,0.0078,0.0164,0.0161,0.0044,0.0057,0.0018,0.0010,0.0003,0.6618,0.0423,0.0005,0.0006
0.0068,0.0045,0.0034,0.0012,0.0023,0.0169,0.0130,0.6815,0.0983,0.0069,0.0749,0.0007,0.0055,0.0063,0.0125,0.0017,0.0019,0.0027,0.0027,0.0043,0.0084,0.0115,0.0217,0.0320,0.0001,0.0423,0.0484,0.0210,0.0001
0.0041,0.0040,0.0050,0.0022,0.0031,0.0078,0.0433,0.0444,0.0136,0.0147,0.0185,0.0016,0.0032,0.0025,0.0054,0.0068,0.0008,0.0041,0.0036,0.0031,0.0022,0.2088,0.1474,0.0058,0.0002,0.0005,0.0210,0.0720,0.1199
0.0069,0.0065,0.0171,0.0022,0.0058,0.0051,0.0156,0.0068,0.0077,0.0107,0.0048,0.0012,0.0016,0.0028,0.0031,0.0156,0.0118,0.0199,0.0092,0.0217,0.0028,0.0715,0.4822,0.0241,0.0001,0.0006,0.0001,0.1199,0.0437