c1,c2,c3,c4,c5,c6,c7,c8,c9,c10,c11,c12,c13,c14,c15
0.0023,0.1101,0.0001,0.0091,0.0171,0.0082,0.0096,0.0101,0.0035,0.0224,0.0102,0.0157,0.0050,0.0060,0.0066
0.1101,0.0458,0.1529,0.0002,0.0095,0.0036,0.0040,0.0082,0.0053,0.0041,0.0029,0.0041,0.0039,0.0068,0.0053
0.0001,0.1529,0.0131,0.0218,0.0006,0.0201,0.0109,0.0176,0.0042,0.0149,0.0092,0.0069,0.0072,0.0049,0.0055
0.0091,0.0002,0.0218,0.1345,0.0400,0.0005,0.0239,0.0049,0.0069,0.0094,0.0033,0.0093,0.0085,0.0066,0.0045
0.0171,0.0095,0.0006,0.0400,0.0726,0.1067,0.0001,0.0040,0.0182,0.0039,0.0096,0.0070,0.0035,0.0039,0.0052
0.0082,0.0036,0.0201,0.0005,0.1067,0.0732,0.0081,0.0002,0.0195,0.0102,0.0038,0.0073,0.0068,0.0062,0.0050
0.0096,0.0040,0.0109,0.0239,0.0001,0.0081,0.0461,0.0318,0.0007,0.0122,0.0182,0.0059,0.0085,0.0084,0.0058
0.0101,0.0082,0.0176,0.0049,0.0040,0.0002,0.0318,0.0335,0.0264,0.0008,0.0045,0.0115,0.0057,0.0099,0.0130
0.0035,0.0053,0.0042,0.0069,0.0182,0.0195,0.0007,0.0264,0.0064,0.0594,0.0009,0.0113,0.0122,0.0039,0.0090
0.0224,0.0041,0.0149,0.0094,0.0039,0.0102,0.0122,0.0008,0.0594,0.0078,0.0095,0.0003,0.0149,0.0078,0.0066
0.0102,0.0029,0.0092,0.0033,0.0096,0.0038,0.0182,0.0045,0.0009,0.0095,0.0255,0.0798,0.0025,0.0044,0.0114
0.0157,0.0041,0.0069,0.0093,0.0070,0.0073,0.0059,0.0115,0.0113,0.0003,0.0798,0.0648,0.0142,0.0002,0.0091
0.0050,0.0039,0.0072,0.0085,0.0035,0.0068,0.0085,0.0057,0.0122,0.0149,0.0025,0.0142,0.0148,0.0524,0.0009
0.0060,0.0068,0.0049,0.0066,0.0039,0.0062,0.0084,0.0099,0.0039,0.0078,0.0044,0.0002,0.0524,0.0956,0.0204
0.0066,0.0053,0.0055,0.0045,0.0052,0.0050,0.0058,0.0130,0.0090,0.0066,0.0114,0.0091,0.0009,0.0204,0.0329