c1,c2,c3,c4,c5,c6,c7,c8,c9,c10,c11,c12,c13,c14,c15
0.0009,0.0810,0.0001,0.0067,0.0214,0.0078,0.0066,0.0141,0.0052,0.0165,0.0147,0.0140,0.0073,0.0072,0.0071
0.0810,0.0649,0.1078,0.0002,0.0152,0.0029,0.0030,0.0109,0.0044,0.0038,0.0031,0.0033,0.0042,0.0084,0.0060
0.0001,0.1078,0.0124,0.0164,0.0006,0.0158,0.0122,0.0111,0.0053,0.0122,0.0098,0.0084,0.0084,0.0059,0.0074
0.0067,0.0002,0.0164,0.0553,0.0303,0.0004,0.0176,0.0089,0.0070,0.0096,0.0073,0.0102,0.0121,0.0081,0.0061
0.0214,0.0152,0.0006,0.0303,0.0986,0.0650,0.0002,0.0058,0.0115,0.0051,0.0101,0.0044,0.0036,0.0036,0.0047
0.0078,0.0029,0.0158,0.0004,0.0650,0.0734,0.0070,0.0008,0.0229,0.0107,0.0048,0.0066,0.0063,0.0057,0.0054
0.0066,0.0030,0.0122,0.0176,0.0002,0.0070,0.0514,0.0195,0.0020,0.0080,0.0159,0.0050,0.0112,0.0089,0.0093
0.0141,0.0109,0.0111,0.0089,0.0058,0.0008,0.0195,0.0494,0.0209,0.0005,0.0047,0.0046,0.0039,0.0117,0.0095
0.0052,0.0044,0.0053,0.0070,0.0115,0.0229,0.0020,0.0209,0.0098,0.0293,0.0012,0.0057,0.0095,0.0026,0.0128
0.0165,0.0038,0.0122,0.0096,0.0051,0.0107,0.0080,0.0005,0.0293,0.0118,0.0159,0.0015,0.0120,0.0065,0.0059
0.0147,0.0031,0.0098,0.0073,0.0101,0.0048,0.0159,0.0047,0.0012,0.0159,0.0238,0.0251,0.0017,0.0032,0.0086
0.0140,0.0033,0.0084,0.0102,0.0044,0.0066,0.0050,0.0046,0.0057,0.0015,0.0251,0.0706,0.0220,0.0005,0.0119
0.0073,0.0042,0.0084,0.0121,0.0036,0.0063,0.0112,0.0039,0.0095,0.0120,0.0017,0.0220,0.0120,0.0382,0.0010
0.0072,0.0084,0.0059,0.0081,0.0036,0.0057,0.0089,0.0117,0.0026,0.0065,0.0032,0.0005,0.0382,0.0947,0.0087
0.0071,0.0060,0.0074,0.0061,0.0047,0.0054,0.0093,0.0095,0.0128,0.0059,0.0086,0.0119,0.0010,0.0087,0.0213