c1,c2,c3,c4,c5,c6,c7,c8,c9,c10,c11,c12,c13,c14,c15
0.0000,0.0059,0.0001,0.0055,0.0117,0.0173,0.0282,0.0204,0.0118,0.0279,0.0194,0.0435,0.0127,0.0140,0.0138
0.0059,0.0073,0.1647,0.0001,0.0242,0.0024,0.0057,0.0173,0.0122,0.0152,0.0038,0.0050,0.0060,0.0042,0.0143
0.0001,0.1647,0.0000,0.0289,0.0006,0.0071,0.0162,0.0127,0.0283,0.0231,0.0221,0.0114,0.0195,0.0106,0.0170
0.0055,0.0001,0.0289,0.0218,0.0104,0.0001,0.0113,0.0084,0.0091,0.0217,0.0151,0.0181,0.0169,0.0193,0.0170
0.0117,0.0242,0.0006,0.0104,0.0017,0.0315,0.0001,0.0157,0.0114,0.0069,0.0219,0.0187,0.0130,0.0151,0.0082
0.0173,0.0024,0.0071,0.0001,0.0315,0.0312,0.0223,0.0002,0.0115,0.0120,0.0083,0.0213,0.0259,0.0192,0.0075
0.0282,0.0057,0.0162,0.0113,0.0001,0.0223,0.0053,0.0235,0.0002,0.0081,0.0080,0.0121,0.0114,0.0264,0.0161
0.0204,0.0173,0.0127,0.0084,0.0157,0.0002,0.0235,0.0203,0.0079,0.0005,0.0045,0.0114,0.0071,0.0089,0.0101
0.0118,0.0122,0.0283,0.0091,0.0114,0.0115,0.0002,0.0079,0.0047,0.0236,0.0004,0.0061,0.0090,0.0083,0.0319
0.0279,0.0152,0.0231,0.0217,0.0069,0.0120,0.0081,0.0005,0.0236,0.0097,0.0061,0.0002,0.0062,0.0047,0.0096
0.0194,0.0038,0.0221,0.0151,0.0219,0.0083,0.0080,0.0045,0.0004,0.0061,0.0193,0.0237,0.0004,0.0046,0.0206
0.0435,0.0050,0.0114,0.0181,0.0187,0.0213,0.0121,0.0114,0.0061,0.0002,0.0237,0.0350,0.0124,0.0000,0.0039
0.0127,0.0060,0.0195,0.0169,0.0130,0.0259,0.0114,0.0071,0.0090,0.0062,0.0004,0.0124,0.0638,0.0249,0.0000
0.0140,0.0042,0.0106,0.0193,0.0151,0.0192,0.0264,0.0089,0.0083,0.0047,0.0046,0.0000,0.0249,0.0158,0.0023
0.0138,0.0143,0.0170,0.0170,0.0082,0.0075,0.0161,0.0101,0.0319,0.0096,0.0206,0.0039,0.0000,0.0023,0.0090