c1,c2,c3,c4,c5,c6,c7,c8,c9,c10,c11,c12,c13,c14,c15
0.0001,0.0406,0.0001,0.0040,0.0400,0.0146,0.0062,0.0079,0.0237,0.0199,0.0138,0.0509,0.0067,0.0060,0.0164
0.0406,0.0525,0.0682,0.0001,0.0207,0.0035,0.0054,0.0077,0.0057,0.0032,0.0028,0.0203,0.0043,0.0055,0.0042
0.0001,0.0682,0.0174,0.0102,0.0002,0.0079,0.0054,0.0101,0.0263,0.0115,0.0118,0.0165,0.0153,0.0103,0.0112
0.0040,0.0001,0.0102,0.0448,0.0277,0.0004,0.0135,0.0061,0.0104,0.0117,0.0053,0.0182,0.0205,0.0121,0.0102
0.0400,0.0207,0.0002,0.0277,0.0294,0.0256,0.0000,0.0054,0.0169,0.0036,0.0085,0.0225,0.0102,0.0073,0.0096
0.0146,0.0035,0.0079,0.0004,0.0256,0.1311,0.0100,0.0001,0.0097,0.0179,0.0024,0.0168,0.0154,0.0084,0.0077
0.0062,0.0054,0.0054,0.0135,0.0000,0.0100,0.0080,0.0095,0.0010,0.0115,0.0177,0.0144,0.0327,0.0361,0.0270
0.0079,0.0077,0.0101,0.0061,0.0054,0.0001,0.0095,0.0143,0.0348,0.0008,0.0182,0.0182,0.0090,0.0116,0.0143
0.0237,0.0057,0.0263,0.0104,0.0169,0.0097,0.0010,0.0348,0.0223,0.0099,0.0001,0.0016,0.0137,0.0046,0.0093
0.0199,0.0032,0.0115,0.0117,0.0036,0.0179,0.0115,0.0008,0.0099,0.4202,0.0098,0.0001,0.0117,0.0048,0.0033
0.0138,0.0028,0.0118,0.0053,0.0085,0.0024,0.0177,0.0182,0.0001,0.0098,0.1005,0.0330,0.0006,0.0089,0.0159
0.0509,0.0203,0.0165,0.0182,0.0225,0.0168,0.0144,0.0182,0.0016,0.0001,0.0330,0.0118,0.0058,0.0002,0.0028
0.0067,0.0043,0.0153,0.0205,0.0102,0.0154,0.0327,0.0090,0.0137,0.0117,0.0006,0.0058,0.0289,0.0071,0.0001
0.0060,0.0055,0.0103,0.0121,0.0073,0.0084,0.0361,0.0116,0.0046,0.0048,0.0089,0.0002,0.0071,0.0592,0.0035
0.0164,0.0042,0.0112,0.0102,0.0096,0.0077,0.0270,0.0143,0.0093,0.0033,0.0159,0.0028,0.0001,0.0035,0.0413