c1,c2,c3,c4,c5,c6,c7,c8,c9,c10,c11,c12,c13,c14,c15
0.0047,0.1916,0.0001,0.0084,0.0247,0.0080,0.0047,0.0117,0.0029,0.0097,0.0105,0.0082,0.0063,0.0054,0.0059
0.1916,0.0573,0.0912,0.0001,0.0116,0.0032,0.0033,0.0095,0.0056,0.0031,0.0045,0.0045,0.0034,0.0050,0.0047
0.0001,0.0912,0.0204,0.0398,0.0013,0.0348,0.0216,0.0181,0.0065,0.0072,0.0057,0.0049,0.0029,0.0026,0.0032
0.0084,0.0001,0.0398,0.1072,0.0364,0.0004,0.0136,0.0046,0.0048,0.0099,0.0065,0.0110,0.0087,0.0066,0.0057
0.0247,0.0116,0.0013,0.0364,0.1296,0.0948,0.0001,0.0047,0.0108,0.0029,0.0086,0.0046,0.0035,0.0027,0.0043
0.0080,0.0032,0.0348,0.0004,0.0948,0.0979,0.0043,0.0003,0.0170,0.0085,0.0039,0.0063,0.0068,0.0065,0.0061
0.0047,0.0033,0.0216,0.0136,0.0001,0.0043,0.0685,0.0299,0.0016,0.0156,0.0127,0.0045,0.0105,0.0066,0.0115
0.0117,0.0095,0.0181,0.0046,0.0047,0.0003,0.0299,0.0142,0.0151,0.0003,0.0063,0.0083,0.0081,0.0262,0.0169
0.0029,0.0056,0.0065,0.0048,0.0108,0.0170,0.0016,0.0151,0.0216,0.0268,0.0009,0.0078,0.0111,0.0038,0.0159
0.0097,0.0031,0.0072,0.0099,0.0029,0.0085,0.0156,0.0003,0.0268,0.0148,0.0329,0.0010,0.0287,0.0068,0.0083
0.0105,0.0045,0.0057,0.0065,0.0086,0.0039,0.0127,0.0063,0.0009,0.0329,0.0372,0.0458,0.0009,0.0025,0.0108
0.0082,0.0045,0.0049,0.0110,0.0046,0.0063,0.0045,0.0083,0.0078,0.0010,0.0458,0.0596,0.0172,0.0007,0.0099
0.0063,0.0034,0.0029,0.0087,0.0035,0.0068,0.0105,0.0081,0.0111,0.0287,0.0009,0.0172,0.0130,0.0665,0.0011
0.0054,0.0050,0.0026,0.0066,0.0027,0.0065,0.0066,0.0262,0.0038,0.0068,0.0025,0.0007,0.0665,0.1128,0.0109
0.0059,0.0047,0.0032,0.0057,0.0043,0.0061,0.0115,0.0169,0.0159,0.0083,0.0108,0.0099,0.0011,0.0109,0.0133