c1,c2,c3,c4,c5,c6,c7,c8,c9,c10,c11,c12,c13,c14,c15
0.0029,0.2579,0.0001,0.0078,0.0217,0.0037,0.0090,0.0154,0.0036,0.0089,0.0103,0.0188,0.0041,0.0072,0.0075
0.2579,0.0321,0.1001,0.0001,0.0099,0.0025,0.0023,0.0114,0.0108,0.0043,0.0036,0.0070,0.0036,0.0050,0.0044
0.0001,0.1001,0.0050,0.0220,0.0011,0.0553,0.0512,0.0156,0.0117,0.0078,0.0076,0.0057,0.0040,0.0034,0.0034
0.0078,0.0001,0.0220,0.0907,0.0249,0.0019,0.0144,0.0077,0.0066,0.0083,0.0054,0.0116,0.0094,0.0062,0.0041
0.0217,0.0099,0.0011,0.0249,0.1582,0.0267,0.0002,0.0052,0.0075,0.0028,0.0079,0.0143,0.0047,0.0044,0.0042
0.0037,0.0025,0.0553,0.0019,0.0267,0.0878,0.0168,0.0005,0.0158,0.0067,0.0026,0.0073,0.0074,0.0070,0.0029
0.0090,0.0023,0.0512,0.0144,0.0002,0.0168,0.0888,0.0100,0.0014,0.0094,0.0037,0.0039,0.0085,0.0097,0.0080
0.0154,0.0114,0.0156,0.0077,0.0052,0.0005,0.0100,0.0256,0.0114,0.0004,0.0062,0.0053,0.0082,0.0238,0.0169
0.0036,0.0108,0.0117,0.0066,0.0075,0.0158,0.0014,0.0114,0.0181,0.0283,0.0004,0.0060,0.0140,0.0045,0.0128
0.0089,0.0043,0.0078,0.0083,0.0028,0.0067,0.0094,0.0004,0.0283,0.0313,0.0256,0.0010,0.0331,0.0052,0.0090
0.0103,0.0036,0.0076,0.0054,0.0079,0.0026,0.0037,0.0062,0.0004,0.0256,0.0329,0.0612,0.0032,0.0064,0.0181
0.0188,0.0070,0.0057,0.0116,0.0143,0.0073,0.0039,0.0053,0.0060,0.0010,0.0612,0.0434,0.0074,0.0003,0.0073
0.0041,0.0036,0.0040,0.0094,0.0047,0.0074,0.0085,0.0082,0.0140,0.0331,0.0032,0.0074,0.0138,0.0239,0.0012
0.0072,0.0050,0.0034,0.0062,0.0044,0.0070,0.0097,0.0238,0.0045,0.0052,0.0064,0.0003,0.0239,0.0647,0.0136
0.0075,0.0044,0.0034,0.0041,0.0042,0.0029,0.0080,0.0169,0.0128,0.0090,0.0181,0.0073,0.0012,0.0136,0.0305