c1,c2,c3,c4,c5,c6,c7,c8,c9,c10,c11,c12,c13,c14,c15
0.0069,0.2229,0.0003,0.0151,0.0172,0.0066,0.0051,0.0185,0.0036,0.0043,0.0048,0.0052,0.0073,0.0048,0.0052
0.2229,0.0855,0.0447,0.0010,0.0177,0.0058,0.0026,0.0041,0.0035,0.0027,0.0017,0.0035,0.0033,0.0051,0.0051
0.0003,0.0447,0.0085,0.1221,0.0060,0.0793,0.0226,0.0207,0.0072,0.0040,0.0030,0.0029,0.0030,0.0018,0.0012
0.0151,0.0010,0.1221,0.0960,0.0274,0.0039,0.0095,0.0072,0.0018,0.0029,0.0023,0.0041,0.0051,0.0032,0.0051
0.0172,0.0177,0.0060,0.0274,0.0570,0.0247,0.0032,0.0058,0.0171,0.0024,0.0052,0.0022,0.0029,0.0014,0.0023
0.0066,0.0058,0.0793,0.0039,0.0247,0.0305,0.0014,0.0075,0.0147,0.0053,0.0018,0.0027,0.0052,0.0043,0.0067
0.0051,0.0026,0.0226,0.0095,0.0032,0.0014,0.0145,0.0268,0.0088,0.0196,0.0156,0.0027,0.0080,0.0045,0.0045
0.0185,0.0041,0.0207,0.0072,0.0058,0.0075,0.0268,0.0060,0.0042,0.0007,0.0037,0.0078,0.0050,0.0138,0.0126
0.0036,0.0035,0.0072,0.0018,0.0171,0.0147,0.0088,0.0042,0.0136,0.0895,0.0017,0.0185,0.0082,0.0034,0.0035
0.0043,0.0027,0.0040,0.0029,0.0024,0.0053,0.0196,0.0007,0.0895,0.0514,0.2051,0.0011,0.0070,0.0047,0.0055
0.0048,0.0017,0.0030,0.0023,0.0052,0.0018,0.0156,0.0037,0.0017,0.2051,0.0175,0.0220,0.0026,0.0240,0.0187
0.0052,0.0035,0.0029,0.0041,0.0022,0.0027,0.0027,0.0078,0.0185,0.0011,0.0220,0.0197,0.0531,0.0077,0.0585
0.0073,0.0033,0.0030,0.0051,0.0029,0.0052,0.0080,0.0050,0.0082,0.0070,0.0026,0.0531,0.0126,0.0276,0.0096
0.0048,0.0051,0.0018,0.0032,0.0014,0.0043,0.0045,0.0138,0.0034,0.0047,0.0240,0.0077,0.0276,0.1239,0.0098
0.0052,0.0051,0.0012,0.0051,0.0023,0.0067,0.0045,0.0126,0.0035,0.0055,0.0187,0.0585,0.0096,0.0098,0.0215