c1,c2,c3,c4,c5,c6,c7,c8,c9,c10,c11,c12,c13,c14,c15
0.0037,0.1485,0.0000,0.0075,0.0178,0.0042,0.0091,0.0196,0.0060,0.0107,0.0117,0.0207,0.0048,0.0053,0.0120
0.1485,0.0315,0.0718,0.0001,0.0070,0.0028,0.0025,0.0115,0.0117,0.0044,0.0034,0.0091,0.0047,0.0064,0.0048
0.0000,0.0718,0.0034,0.0274,0.0011,0.0536,0.0631,0.0157,0.0151,0.0078,0.0087,0.0047,0.0042,0.0069,0.0048
0.0075,0.0001,0.0274,0.0826,0.0184,0.0025,0.0146,0.0071,0.0068,0.0063,0.0040,0.0144,0.0060,0.0059,0.0067
0.0178,0.0070,0.0011,0.0184,0.1729,0.0151,0.0003,0.0057,0.0085,0.0034,0.0056,0.0214,0.0053,0.0043,0.0052
0.0042,0.0028,0.0536,0.0025,0.0151,0.0608,0.0133,0.0007,0.0158,0.0077,0.0026,0.0069,0.0067,0.0049,0.0061
0.0091,0.0025,0.0631,0.0146,0.0003,0.0133,0.0442,0.0091,0.0011,0.0080,0.0028,0.0034,0.0078,0.0181,0.0127
0.0196,0.0115,0.0157,0.0071,0.0057,0.0007,0.0091,0.0306,0.0052,0.0006,0.0046,0.0053,0.0074,0.0216,0.0177
0.0060,0.0117,0.0151,0.0068,0.0085,0.0158,0.0011,0.0052,0.0158,0.0303,0.0003,0.0038,0.0061,0.0133,0.0231
0.0107,0.0044,0.0078,0.0063,0.0034,0.0077,0.0080,0.0006,0.0303,0.0765,0.0097,0.0005,0.0232,0.0103,0.0072
0.0117,0.0034,0.0087,0.0040,0.0056,0.0026,0.0028,0.0046,0.0003,0.0097,0.0343,0.0670,0.0018,0.0573,0.0282
0.0207,0.0091,0.0047,0.0144,0.0214,0.0069,0.0034,0.0053,0.0038,0.0005,0.0670,0.0518,0.0182,0.0003,0.0046
0.0048,0.0047,0.0042,0.0060,0.0053,0.0067,0.0078,0.0074,0.0061,0.0232,0.0018,0.0182,0.0873,0.0088,0.0013
0.0053,0.0064,0.0069,0.0059,0.0043,0.0049,0.0181,0.0216,0.0133,0.0103,0.0573,0.0003,0.0088,0.0109,0.0023
0.0120,0.0048,0.0048,0.0067,0.0052,0.0061,0.0127,0.0177,0.0231,0.0072,0.0282,0.0046,0.0013,0.0023,0.0071