c1,c2,c3,c4,c5,c6,c7,c8,c9,c10,c11,c12,c13,c14,c15
0.0006,0.0423,0.0001,0.0064,0.0262,0.0090,0.0064,0.0178,0.0098,0.0176,0.0163,0.0139,0.0089,0.0086,0.0068
0.0423,0.1118,0.0645,0.0002,0.0071,0.0034,0.0032,0.0127,0.0069,0.0046,0.0042,0.0044,0.0049,0.0051,0.0069
0.0001,0.0645,0.0108,0.0153,0.0006,0.0229,0.0122,0.0256,0.0103,0.0097,0.0129,0.0054,0.0064,0.0071,0.0056
0.0064,0.0002,0.0153,0.0345,0.0196,0.0004,0.0090,0.0071,0.0071,0.0189,0.0075,0.0100,0.0254,0.0108,0.0076
0.0262,0.0071,0.0006,0.0196,0.0648,0.0628,0.0001,0.0030,0.0186,0.0071,0.0121,0.0072,0.0070,0.0055,0.0062
0.0090,0.0034,0.0229,0.0004,0.0628,0.0694,0.0070,0.0001,0.0137,0.0129,0.0023,0.0115,0.0104,0.0124,0.0104
0.0064,0.0032,0.0122,0.0090,0.0001,0.0070,0.0168,0.0145,0.0009,0.0094,0.0157,0.0138,0.0253,0.0203,0.0228
0.0178,0.0127,0.0256,0.0071,0.0030,0.0001,0.0145,0.0145,0.0251,0.0003,0.0069,0.0229,0.0084,0.0145,0.0127
0.0098,0.0069,0.0103,0.0071,0.0186,0.0137,0.0009,0.0251,0.0161,0.0094,0.0003,0.0047,0.0139,0.0037,0.0216
0.0176,0.0046,0.0097,0.0189,0.0071,0.0129,0.0094,0.0003,0.0094,0.0301,0.0166,0.0003,0.0205,0.0059,0.0083
0.0163,0.0042,0.0129,0.0075,0.0121,0.0023,0.0157,0.0069,0.0003,0.0166,0.0336,0.0458,0.0004,0.0058,0.0173
0.0139,0.0044,0.0054,0.0100,0.0072,0.0115,0.0138,0.0229,0.0047,0.0003,0.0458,0.0316,0.0080,0.0003,0.0152
0.0089,0.0049,0.0064,0.0254,0.0070,0.0104,0.0253,0.0084,0.0139,0.0205,0.0004,0.0080,0.0219,0.0135,0.0002
0.0086,0.0051,0.0071,0.0108,0.0055,0.0124,0.0203,0.0145,0.0037,0.0059,0.0058,0.0003,0.0135,0.0529,0.0032
0.0068,0.0069,0.0056,0.0076,0.0062,0.0104,0.0228,0.0127,0.0216,0.0083,0.0173,0.0152,0.0002,0.0032,0.0053