c1,c2,c3,c4,c5,c6,c7,c8,c9,c10,c11,c12,c13,c14,c15
0.0005,0.0342,0.0001,0.0055,0.0323,0.0080,0.0065,0.0189,0.0088,0.0165,0.0181,0.0152,0.0112,0.0098,0.0081
0.0342,0.1227,0.0502,0.0001,0.0059,0.0031,0.0034,0.0123,0.0078,0.0046,0.0052,0.0043,0.0053,0.0070,0.0085
0.0001,0.0502,0.0069,0.0138,0.0008,0.0242,0.0125,0.0297,0.0111,0.0132,0.0180,0.0031,0.0075,0.0096,0.0058
0.0055,0.0001,0.0138,0.0244,0.0191,0.0004,0.0116,0.0072,0.0087,0.0217,0.0117,0.0108,0.0136,0.0113,0.0117
0.0323,0.0059,0.0008,0.0191,0.0501,0.0365,0.0001,0.0027,0.0200,0.0068,0.0163,0.0087,0.0062,0.0062,0.0071
0.0080,0.0031,0.0242,0.0004,0.0365,0.0939,0.0072,0.0001,0.0129,0.0128,0.0030,0.0136,0.0082,0.0122,0.0136
0.0065,0.0034,0.0125,0.0116,0.0001,0.0072,0.0162,0.0125,0.0006,0.0097,0.0177,0.0141,0.0207,0.0214,0.0256
0.0189,0.0123,0.0297,0.0072,0.0027,0.0001,0.0125,0.0149,0.0284,0.0004,0.0087,0.0199,0.0070,0.0126,0.0136
0.0088,0.0078,0.0111,0.0087,0.0200,0.0129,0.0006,0.0284,0.0105,0.0104,0.0002,0.0038,0.0175,0.0041,0.0282
0.0165,0.0046,0.0132,0.0217,0.0068,0.0128,0.0097,0.0004,0.0104,0.0387,0.0125,0.0003,0.0138,0.0053,0.0091
0.0181,0.0052,0.0180,0.0117,0.0163,0.0030,0.0177,0.0087,0.0002,0.0125,0.0148,0.0166,0.0005,0.0055,0.0180
0.0152,0.0043,0.0031,0.0108,0.0087,0.0136,0.0141,0.0199,0.0038,0.0003,0.0166,0.0295,0.0305,0.0003,0.0170
0.0112,0.0053,0.0075,0.0136,0.0062,0.0082,0.0207,0.0070,0.0175,0.0138,0.0005,0.0305,0.0209,0.0098,0.0002
0.0098,0.0070,0.0096,0.0113,0.0062,0.0122,0.0214,0.0126,0.0041,0.0053,0.0055,0.0003,0.0098,0.0842,0.0012
0.0081,0.0085,0.0058,0.0117,0.0071,0.0136,0.0256,0.0136,0.0282,0.0091,0.0180,0.0170,0.0002,0.0012,0.0024