c1,c2,c3,c4,c5,c6,c7,c8,c9,c10,c11,c12,c13,c14,c15
0.0027,0.1951,0.0001,0.0124,0.0345,0.0087,0.0052,0.0087,0.0037,0.0093,0.0099,0.0117,0.0048,0.0047,0.0042
0.1951,0.0547,0.1181,0.0001,0.0102,0.0031,0.0044,0.0076,0.0084,0.0039,0.0031,0.0063,0.0025,0.0057,0.0036
0.0001,0.1181,0.0126,0.0475,0.0015,0.0394,0.0229,0.0195,0.0083,0.0065,0.0064,0.0047,0.0028,0.0022,0.0017
0.0124,0.0001,0.0475,0.0952,0.0271,0.0005,0.0164,0.0037,0.0102,0.0091,0.0045,0.0208,0.0062,0.0041,0.0051
0.0345,0.0102,0.0015,0.0271,0.1240,0.0839,0.0001,0.0052,0.0171,0.0046,0.0077,0.0063,0.0030,0.0020,0.0027
0.0087,0.0031,0.0394,0.0005,0.0839,0.1365,0.0048,0.0005,0.0235,0.0097,0.0028,0.0063,0.0046,0.0048,0.0039
0.0052,0.0044,0.0229,0.0164,0.0001,0.0048,0.0464,0.0269,0.0012,0.0281,0.0137,0.0058,0.0088,0.0061,0.0076
0.0087,0.0076,0.0195,0.0037,0.0052,0.0005,0.0269,0.0223,0.0235,0.0005,0.0073,0.0044,0.0098,0.0171,0.0130
0.0037,0.0084,0.0083,0.0102,0.0171,0.0235,0.0012,0.0235,0.0135,0.0260,0.0004,0.0056,0.0081,0.0046,0.0062
0.0093,0.0039,0.0065,0.0091,0.0046,0.0097,0.0281,0.0005,0.0260,0.0415,0.0305,0.0009,0.0064,0.0048,0.0049
0.0099,0.0031,0.0064,0.0045,0.0077,0.0028,0.0137,0.0073,0.0004,0.0305,0.0369,0.0090,0.0027,0.0146,0.0182
0.0117,0.0063,0.0047,0.0208,0.0063,0.0063,0.0058,0.0044,0.0056,0.0009,0.0090,0.0146,0.0280,0.0015,0.0297
0.0048,0.0025,0.0028,0.0062,0.0030,0.0046,0.0088,0.0098,0.0081,0.0064,0.0027,0.0280,0.0207,0.0372,0.0078
0.0047,0.0057,0.0022,0.0041,0.0020,0.0048,0.0061,0.0171,0.0046,0.0048,0.0146,0.0015,0.0372,0.1553,0.0079
0.0042,0.0036,0.0017,0.0051,0.0027,0.0039,0.0076,0.0130,0.0062,0.0049,0.0182,0.0297,0.0078,0.0079,0.0407