c1,c2,c3,c4,c5,c6,c7,c8,c9,c10,c11,c12,c13,c14,c15
0.0024,0.2309,0.0001,0.0143,0.0216,0.0087,0.0049,0.0124,0.0037,0.0053,0.0127,0.0062,0.0075,0.0052,0.0069
0.2309,0.0383,0.1085,0.0002,0.0122,0.0032,0.0033,0.0074,0.0053,0.0039,0.0050,0.0037,0.0027,0.0054,0.0046
0.0001,0.1085,0.0089,0.0447,0.0013,0.0386,0.0205,0.0274,0.0073,0.0100,0.0097,0.0033,0.0028,0.0020,0.0025
0.0143,0.0002,0.0447,0.1000,0.0266,0.0004,0.0138,0.0044,0.0063,0.0078,0.0059,0.0119,0.0070,0.0042,0.0063
0.0216,0.0122,0.0013,0.0266,0.0886,0.0742,0.0001,0.0066,0.0214,0.0056,0.0097,0.0043,0.0034,0.0017,0.0037
0.0087,0.0032,0.0386,0.0004,0.0742,0.0732,0.0026,0.0008,0.0230,0.0117,0.0050,0.0053,0.0058,0.0040,0.0058
0.0049,0.0033,0.0205,0.0138,0.0001,0.0026,0.0460,0.0506,0.0046,0.0113,0.0169,0.0053,0.0093,0.0050,0.0075
0.0124,0.0074,0.0274,0.0044,0.0066,0.0008,0.0506,0.0310,0.0219,0.0002,0.0042,0.0041,0.0052,0.0107,0.0166
0.0037,0.0053,0.0073,0.0063,0.0214,0.0230,0.0046,0.0219,0.0061,0.0684,0.0003,0.0076,0.0076,0.0032,0.0054
0.0053,0.0039,0.0100,0.0078,0.0056,0.0117,0.0113,0.0002,0.0684,0.0333,0.0326,0.0016,0.0065,0.0058,0.0059
0.0127,0.0050,0.0097,0.0059,0.0097,0.0050,0.0169,0.0042,0.0003,0.0326,0.0175,0.0149,0.0009,0.0117,0.0168
0.0062,0.0037,0.0033,0.0119,0.0043,0.0053,0.0053,0.0041,0.0076,0.0016,0.0149,0.0241,0.0107,0.0088,0.0331
0.0075,0.0027,0.0028,0.0070,0.0034,0.0058,0.0093,0.0052,0.0076,0.0065,0.0009,0.0107,0.0850,0.0425,0.0085
0.0052,0.0054,0.0020,0.0042,0.0017,0.0040,0.0050,0.0107,0.0032,0.0058,0.0117,0.0088,0.0425,0.2059,0.0033
0.0069,0.0046,0.0025,0.0063,0.0037,0.0058,0.0075,0.0166,0.0054,0.0059,0.0168,0.0331,0.0085,0.0033,0.0088