c1,c2,c3,c4,c5,c6,c7,c8,c9,c10,c11,c12,c13,c14,c15
0.0003,0.0237,0.0001,0.0133,0.0119,0.0108,0.0203,0.0305,0.0232,0.0142,0.0092,0.0210,0.0083,0.0035,0.0046
0.0237,0.0117,0.0066,0.0001,0.0180,0.0032,0.0041,0.0244,0.0208,0.0119,0.0094,0.0159,0.0067,0.0082,0.0038
0.0001,0.0066,0.0134,0.0120,0.0000,0.0040,0.0269,0.0071,0.0294,0.0202,0.0150,0.0208,0.0164,0.0430,0.0191
0.0133,0.0001,0.0120,0.0146,0.0172,0.0001,0.0225,0.0088,0.0097,0.0280,0.0151,0.0176,0.0150,0.0118,0.0123
0.0119,0.0180,0.0000,0.0172,0.0018,0.0138,0.0003,0.0120,0.0092,0.0053,0.0249,0.0427,0.0152,0.0520,0.0171
0.0108,0.0032,0.0040,0.0001,0.0138,0.0100,0.0119,0.0001,0.0328,0.0722,0.0176,0.0244,0.0073,0.0153,0.0216
0.0203,0.0041,0.0269,0.0225,0.0003,0.0119,0.0356,0.0085,0.0001,0.0058,0.0064,0.0163,0.0155,0.0143,0.0119
0.0305,0.0244,0.0071,0.0088,0.0120,0.0001,0.0085,0.0189,0.0059,0.0003,0.0058,0.0206,0.0089,0.0134,0.0188
0.0232,0.0208,0.0294,0.0097,0.0092,0.0328,0.0001,0.0059,0.0030,0.0129,0.0001,0.0053,0.0377,0.0095,0.0623
0.0142,0.0119,0.0202,0.0280,0.0053,0.0722,0.0058,0.0003,0.0129,0.0343,0.0161,0.0000,0.0055,0.0117,0.0050
0.0092,0.0094,0.0150,0.0151,0.0249,0.0176,0.0064,0.0058,0.0001,0.0161,0.0373,0.0077,0.0006,0.0036,0.0266
0.0210,0.0159,0.0208,0.0176,0.0427,0.0244,0.0163,0.0206,0.0053,0.0000,0.0077,0.0258,0.1487,0.0000,0.0031
0.0083,0.0067,0.0164,0.0150,0.0152,0.0073,0.0155,0.0089,0.0377,0.0055,0.0006,0.1487,0.0002,0.0240,0.0002
0.0035,0.0082,0.0430,0.0118,0.0520,0.0153,0.0143,0.0134,0.0095,0.0117,0.0036,0.0000,0.0240,0.0261,0.0018
0.0046,0.0038,0.0191,0.0123,0.0171,0.0216,0.0119,0.0188,0.0623,0.0050,0.0266,0.0031,0.0002,0.0018,0.0017