c1,c2,c3,c4,c5,c6,c7,c8,c9,c10,c11,c12,c13,c14,c15,c16,c17,c18,c19,c20
0.0002,0.0036,0.0008,0.0121,0.0319,0.0096,0.0154,0.0107,0.0185,0.0027,0.0284,0.0152,0.0096,0.0069,0.0051,0.0025,0.0100,0.0123,0.0128,0.0095
0.0036,0.0397,0.2485,0.0016,0.0803,0.0496,0.0070,0.0081,0.0021,0.0050,0.0097,0.0027,0.0033,0.0042,0.0053,0.0014,0.0022,0.0053,0.0056,0.0033
0.0008,0.2485,0.0034,0.0640,0.0009,0.0465,0.0790,0.0056,0.0078,0.0008,0.0038,0.0034,0.0054,0.0062,0.0052,0.0056,0.0095,0.0051,0.0059,0.0041
0.0121,0.0016,0.0640,0.0188,0.0041,0.0004,0.0074,0.0437,0.0051,0.0201,0.0033,0.0043,0.0057,0.0181,0.0131,0.0048,0.0104,0.0059,0.0028,0.0056
0.0319,0.0803,0.0009,0.0041,0.0030,0.0031,0.0012,0.0594,0.1674,0.0274,0.0128,0.0020,0.0046,0.0077,0.0221,0.0032,0.0046,0.0060,0.0012,0.0015
0.0096,0.0496,0.0465,0.0004,0.0031,0.0252,0.0085,0.0002,0.0051,0.2879,0.0074,0.0072,0.0117,0.0129,0.0108,0.0022,0.0096,0.0053,0.0032,0.0021
0.0154,0.0070,0.0790,0.0074,0.0012,0.0085,0.0094,0.0026,0.0003,0.0240,0.0285,0.0040,0.0216,0.0064,0.0091,0.0081,0.0041,0.0063,0.0047,0.0066
0.0107,0.0081,0.0056,0.0437,0.0594,0.0002,0.0026,0.0082,0.0038,0.0067,0.0179,0.0262,0.0063,0.0216,0.0069,0.0022,0.0045,0.0063,0.0042,0.0085
0.0185,0.0021,0.0078,0.0051,0.1674,0.0051,0.0003,0.0038,0.0089,0.1227,0.0016,0.0107,0.0799,0.0114,0.0085,0.0016,0.0047,0.0039,0.0027,0.0049
0.0027,0.0050,0.0008,0.0201,0.0274,0.2879,0.0240,0.0067,0.1227,0.0000,0.0175,0.0038,0.0658,0.0805,0.0077,0.0087,0.0056,0.0089,0.0020,0.0031
0.0284,0.0097,0.0038,0.0033,0.0128,0.0074,0.0285,0.0179,0.0016,0.0175,0.0082,0.0028,0.0007,0.0077,0.0346,0.0040,0.0114,0.0067,0.0022,0.0076
0.0152,0.0027,0.0034,0.0043,0.0020,0.0072,0.0040,0.0262,0.0107,0.0038,0.0028,0.0090,0.0013,0.0038,0.0226,0.0863,0.0075,0.0192,0.0081,0.0093
0.0096,0.0033,0.0054,0.0057,0.0046,0.0117,0.0216,0.0063,0.0799,0.0658,0.0007,0.0013,0.0086,0.0017,0.0006,0.0249,0.0475,0.0059,0.0105,0.0037
0.0069,0.0042,0.0062,0.0181,0.0077,0.0129,0.0064,0.0216,0.0114,0.0805,0.0077,0.0038,0.0017,0.0040,0.0025,0.0012,0.0116,0.0381,0.0019,0.0050
0.0051,0.0053,0.0052,0.0131,0.0221,0.0108,0.0091,0.0069,0.0085,0.0077,0.0346,0.0226,0.0006,0.0025,0.0055,0.0057,0.0003,0.0078,0.0592,0.0109
0.0025,0.0014,0.0056,0.0048,0.0032,0.0022,0.0081,0.0022,0.0016,0.0087,0.0040,0.0863,0.0249,0.0012,0.0057,0.0147,0.0162,0.0017,0.0370,0.4308
0.0100,0.0022,0.0095,0.0104,0.0046,0.0096,0.0041,0.0045,0.0047,0.0056,0.0114,0.0075,0.0475,0.0116,0.0003,0.0162,0.0291,0.0062,0.0023,0.0256
0.0123,0.0053,0.0051,0.0059,0.0060,0.0053,0.0063,0.0063,0.0039,0.0089,0.0067,0.0192,0.0059,0.0381,0.0078,0.0017,0.0062,0.0298,0.0158,0.0012
0.0128,0.0056,0.0059,0.0028,0.0012,0.0032,0.0047,0.0042,0.0027,0.0020,0.0022,0.0081,0.0105,0.0019,0.0592,0.0370,0.0023,0.0158,0.2628,0.0217
0.0095,0.0033,0.0041,0.0056,0.0015,0.0021,0.0066,0.0085,0.0049,0.0031,0.0076,0.0093,0.0037,0.0050,0.0109,0.4308,0.0256,0.0012,0.0217,0.0083
