c1,c2,c3,c4,c5,c6,c7,c8,c9,c10,c11,c12,c13,c14,c15,c16,c17,c18,c19,c20,c21,c22,c23
0.0001,0.0391,0.0000,0.0068,0.0052,0.0090,0.0089,0.0252,0.0244,0.0164,0.0171,0.0184,0.0225,0.0085,0.0576,0.0106,0.0089,0.0551,0.0121,0.0085,0.0034,0.0053,0.0043
0.0391,0.0013,0.0432,0.0001,0.0010,0.0026,0.0069,0.0256,0.0130,0.0547,0.0091,0.0123,0.0396,0.0129,0.0256,0.0209,0.0078,0.0070,0.0008,0.0056,0.0036,0.0040,0.0046
0.0000,0.0432,0.0148,0.0078,0.0000,0.0034,0.0045,0.0116,0.0233,0.0428,0.0165,0.0105,0.0544,0.0141,0.0182,0.0133,0.0111,0.0087,0.0103,0.0189,0.0069,0.0103,0.0072
0.0068,0.0001,0.0078,0.1073,0.0520,0.0000,0.0026,0.0028,0.0035,0.0261,0.0142,0.0108,0.0460,0.0151,0.0210,0.0116,0.0099,0.0328,0.0047,0.0068,0.0103,0.0041,0.0038
0.0052,0.0010,0.0000,0.0520,0.0137,0.1340,0.0001,0.0071,0.0044,0.0173,0.0107,0.0127,0.0511,0.0506,0.0125,0.0072,0.0132,0.0100,0.0009,0.0067,0.0066,0.0218,0.0091
0.0090,0.0026,0.0034,0.0000,0.1340,0.0337,0.0208,0.0000,0.0053,0.0047,0.0051,0.0153,0.0306,0.0217,0.0067,0.0123,0.0179,0.0066,0.0077,0.0317,0.0059,0.0072,0.0575
0.0089,0.0069,0.0045,0.0026,0.0001,0.0208,0.0237,0.0389,0.0001,0.0189,0.0083,0.0117,0.0244,0.0209,0.0112,0.0111,0.0146,0.0060,0.0051,0.0093,0.0414,0.0054,0.0050
0.0252,0.0256,0.0116,0.0028,0.0071,0.0000,0.0389,0.0217,0.0094,0.0001,0.0029,0.0065,0.0113,0.0169,0.0132,0.0154,0.0169,0.0080,0.0099,0.0132,0.0102,0.0305,0.0074
0.0244,0.0130,0.0233,0.0035,0.0044,0.0053,0.0001,0.0094,0.0105,0.0247,0.0001,0.0386,0.0168,0.0072,0.0132,0.0130,0.0164,0.0086,0.0087,0.0106,0.0081,0.0061,0.0119
0.0164,0.0547,0.0428,0.0261,0.0173,0.0047,0.0189,0.0001,0.0247,0.0024,0.0085,0.0000,0.0017,0.0054,0.0060,0.0148,0.0191,0.0137,0.0102,0.0144,0.0081,0.0119,0.0121
0.0171,0.0091,0.0165,0.0142,0.0107,0.0051,0.0083,0.0029,0.0001,0.0085,0.0171,0.0092,0.0001,0.0055,0.0084,0.0078,0.0403,0.0248,0.0128,0.0159,0.0132,0.0084,0.0125
0.0184,0.0123,0.0105,0.0108,0.0127,0.0153,0.0117,0.0065,0.0386,0.0000,0.0092,0.0260,0.0105,0.0000,0.0041,0.0190,0.0098,0.0253,0.0160,0.0177,0.0048,0.0089,0.0078
0.0225,0.0396,0.0544,0.0460,0.0511,0.0306,0.0244,0.0113,0.0168,0.0017,0.0001,0.0105,0.0019,0.0008,0.0000,0.0018,0.0217,0.0059,0.0312,0.0201,0.0079,0.0080,0.0076
0.0085,0.0129,0.0141,0.0151,0.0506,0.0217,0.0209,0.0169,0.0072,0.0054,0.0055,0.0000,0.0008,0.0019,0.0051,0.0000,0.0026,0.0256,0.0322,0.0423,0.0532,0.0303,0.0165
0.0576,0.0256,0.0182,0.0210,0.0125,0.0067,0.0112,0.0132,0.0132,0.0060,0.0084,0.0041,0.0000,0.0051,0.0134,0.0129,0.0000,0.0046,0.0288,0.0090,0.0302,0.0224,0.0093
0.0106,0.0209,0.0133,0.0116,0.0072,0.0123,0.0111,0.0154,0.0130,0.0148,0.0078,0.0190,0.0018,0.0000,0.0129,0.0005,0.0040,0.0001,0.0126,0.0102,0.0337,0.1013,0.0402
0.0089,0.0078,0.0111,0.0099,0.0132,0.0179,0.0146,0.0169,0.0164,0.0191,0.0403,0.0098,0.0217,0.0026,0.0000,0.0040,0.0031,0.0055,0.0006,0.0054,0.0104,0.0105,0.0235
0.0551,0.0070,0.0087,0.0328,0.0100,0.0066,0.0060,0.0080,0.0086,0.0137,0.0248,0.0253,0.0059,0.0256,0.0046,0.0001,0.0055,0.0061,0.0804,0.0001,0.0011,0.0058,0.0191
0.0121,0.0008,0.0103,0.0047,0.0009,0.0077,0.0051,0.0099,0.0087,0.0102,0.0128,0.0160,0.0312,0.0322,0.0288,0.0126,0.0006,0.0804,0.0016,0.0623,0.0002,0.0050,0.0092
0.0085,0.0056,0.0189,0.0068,0.0067,0.0317,0.0093,0.0132,0.0106,0.0144,0.0159,0.0177,0.0201,0.0423,0.0090,0.0102,0.0054,0.0001,0.0623,0.0235,0.0138,0.0000,0.0013
0.0034,0.0036,0.0069,0.0103,0.0066,0.0059,0.0414,0.0102,0.0081,0.0081,0.0132,0.0048,0.0079,0.0532,0.0302,0.0337,0.0104,0.0011,0.0002,0.0138,0.1137,0.0124,0.0000
0.0053,0.0040,0.0103,0.0041,0.0218,0.0072,0.0054,0.0305,0.0061,0.0119,0.0084,0.0089,0.0080,0.0303,0.0224,0.1013,0.0105,0.0058,0.0050,0.0000,0.0124,0.0059,0.0033
0.0043,0.0046,0.0072,0.0038,0.0091,0.0575,0.0050,0.0074,0.0119,0.0121,0.0125,0.0078,0.0076,0.0165,0.0093,0.0402,0.0235,0.0191,0.0092,0.0013,0.0000,0.0033,0.0082