c1,c2,c3,c4,c5,c6,c7,c8,c9,c10,c11,c12,c13,c14,c15
0.0201,0.1176,0.0015,0.0220,0.0217,0.0043,0.0013,0.0194,0.0017,0.0093,0.0041,0.0046,0.0051,0.0045,0.0043
0.1176,0.0954,0.0165,0.0056,0.0358,0.0046,0.0023,0.0051,0.0025,0.0028,0.0018,0.0023,0.0031,0.0047,0.0060
0.0015,0.0165,0.0069,0.0345,0.0010,0.0147,0.0079,0.0121,0.0050,0.0111,0.0062,0.0094,0.0052,0.0097,0.0042
0.0220,0.0056,0.0345,0.0566,0.0137,0.0039,0.0088,0.0076,0.0016,0.0062,0.0024,0.0064,0.0036,0.0036,0.0032
0.0217,0.0358,0.0010,0.0137,0.0179,0.0157,0.0013,0.0052,0.0155,0.0092,0.0129,0.0054,0.0037,0.0027,0.0027
0.0043,0.0046,0.0147,0.0039,0.0157,0.0404,0.0046,0.0023,0.0088,0.0103,0.0029,0.0073,0.0055,0.0116,0.0062
0.0013,0.0023,0.0079,0.0088,0.0013,0.0046,0.0195,0.0351,0.0030,0.0660,0.0171,0.0050,0.0076,0.0066,0.0077
0.0194,0.0051,0.0121,0.0076,0.0052,0.0023,0.0351,0.0311,0.0063,0.0012,0.0040,0.0046,0.0066,0.0079,0.0067
0.0017,0.0025,0.0050,0.0016,0.0155,0.0088,0.0030,0.0063,0.0166,0.1302,0.0043,0.0188,0.0086,0.0049,0.0084
0.0093,0.0028,0.0111,0.0062,0.0092,0.0103,0.0660,0.0012,0.1302,0.0232,0.0056,0.0003,0.0048,0.0056,0.0030
0.0041,0.0018,0.0062,0.0024,0.0129,0.0029,0.0171,0.0040,0.0043,0.0056,0.0404,0.0145,0.0045,0.0237,0.0137
0.0046,0.0023,0.0094,0.0064,0.0054,0.0073,0.0050,0.0046,0.0188,0.0003,0.0145,0.0806,0.0612,0.0003,0.0961
0.0051,0.0031,0.0052,0.0036,0.0037,0.0055,0.0076,0.0066,0.0086,0.0048,0.0045,0.0612,0.0106,0.0515,0.0031
0.0045,0.0047,0.0097,0.0036,0.0027,0.0116,0.0066,0.0079,0.0049,0.0056,0.0237,0.0003,0.0515,0.0130,0.0411
0.0043,0.0060,0.0042,0.0032,0.0027,0.0062,0.0077,0.0067,0.0084,0.0030,0.0137,0.0961,0.0031,0.0411,0.0043