c1,c2,c3,c4,c5,c6,c7,c8,c9,c10,c11,c12,c13,c14,c15
0.0830,0.0521,0.0010,0.0124,0.0511,0.0075,0.0034,0.0092,0.0017,0.0070,0.0035,0.0051,0.0035,0.0039,0.0030
0.0521,0.1562,0.0743,0.0016,0.0541,0.0086,0.0022,0.0095,0.0026,0.0030,0.0018,0.0018,0.0027,0.0029,0.0025
0.0010,0.0743,0.0566,0.0191,0.0031,0.0191,0.0029,0.0071,0.0044,0.0093,0.0048,0.0063,0.0032,0.0073,0.0020
0.0124,0.0016,0.0191,0.1233,0.0925,0.0006,0.0045,0.0061,0.0040,0.0083,0.0039,0.0072,0.0047,0.0059,0.0027
0.0511,0.0541,0.0031,0.0925,0.1912,0.0178,0.0003,0.0033,0.0052,0.0023,0.0040,0.0020,0.0027,0.0022,0.0026
0.0075,0.0086,0.0191,0.0006,0.0178,0.1006,0.0040,0.0027,0.0133,0.0175,0.0026,0.0078,0.0052,0.0042,0.0036
0.0034,0.0022,0.0029,0.0045,0.0003,0.0040,0.0344,0.0357,0.0043,0.0321,0.0243,0.0106,0.0135,0.0085,0.0093
0.0092,0.0095,0.0071,0.0061,0.0033,0.0027,0.0357,0.0298,0.0181,0.0005,0.0062,0.0078,0.0051,0.0091,0.0083
0.0017,0.0026,0.0044,0.0040,0.0052,0.0133,0.0043,0.0181,0.0155,0.1368,0.0027,0.0228,0.0075,0.0023,0.0058
0.0070,0.0030,0.0093,0.0083,0.0023,0.0175,0.0321,0.0005,0.1368,0.0269,0.0076,0.0005,0.0058,0.0141,0.0046
0.0035,0.0018,0.0048,0.0039,0.0040,0.0026,0.0243,0.0062,0.0027,0.0076,0.0369,0.0255,0.0028,0.0293,0.0202
0.0051,0.0018,0.0063,0.0072,0.0020,0.0078,0.0106,0.0078,0.0228,0.0005,0.0255,0.0377,0.0658,0.0001,0.1356
0.0035,0.0027,0.0032,0.0047,0.0027,0.0052,0.0135,0.0051,0.0075,0.0058,0.0028,0.0658,0.0153,0.0937,0.0033
0.0039,0.0029,0.0073,0.0059,0.0022,0.0042,0.0085,0.0091,0.0023,0.0141,0.0293,0.0001,0.0937,0.0129,0.1316
0.0030,0.0025,0.0020,0.0027,0.0026,0.0036,0.0093,0.0083,0.0058,0.0046,0.0202,0.1356,0.0033,0.1316,0.0054