c1,c2,c3,c4,c5,c6,c7,c8,c9,c10,c11,c12,c13,c14,c15
0.0935,0.0853,0.0008,0.0147,0.0504,0.0066,0.0034,0.0106,0.0020,0.0044,0.0051,0.0023,0.0050,0.0027,0.0032
0.0853,0.2359,0.0561,0.0007,0.0487,0.0103,0.0032,0.0078,0.0030,0.0021,0.0019,0.0016,0.0031,0.0033,0.0025
0.0008,0.0561,0.0546,0.0191,0.0016,0.0155,0.0048,0.0082,0.0079,0.0087,0.0055,0.0043,0.0032,0.0043,0.0055
0.0147,0.0007,0.0191,0.1600,0.1230,0.0004,0.0086,0.0073,0.0051,0.0050,0.0044,0.0061,0.0050,0.0041,0.0034
0.0504,0.0487,0.0016,0.1230,0.1806,0.0166,0.0003,0.0038,0.0107,0.0020,0.0044,0.0023,0.0035,0.0014,0.0024
0.0066,0.0103,0.0155,0.0004,0.0166,0.1635,0.0068,0.0022,0.0124,0.0107,0.0026,0.0053,0.0059,0.0046,0.0056
0.0034,0.0032,0.0048,0.0086,0.0003,0.0068,0.0359,0.0299,0.0023,0.0323,0.0238,0.0071,0.0115,0.0061,0.0063
0.0106,0.0078,0.0082,0.0073,0.0038,0.0022,0.0299,0.0209,0.0188,0.0003,0.0062,0.0082,0.0055,0.0138,0.0103
0.0020,0.0030,0.0079,0.0051,0.0107,0.0124,0.0023,0.0188,0.0297,0.0524,0.0020,0.0123,0.0088,0.0028,0.0045
0.0044,0.0021,0.0087,0.0050,0.0020,0.0107,0.0323,0.0003,0.0524,0.0638,0.0346,0.0011,0.0111,0.0086,0.0052
0.0051,0.0019,0.0055,0.0044,0.0044,0.0026,0.0238,0.0062,0.0020,0.0346,0.0597,0.0344,0.0004,0.0170,0.0162
0.0023,0.0016,0.0043,0.0061,0.0023,0.0053,0.0071,0.0082,0.0123,0.0011,0.0344,0.0235,0.1111,0.0016,0.0387
0.0050,0.0031,0.0032,0.0050,0.0035,0.0059,0.0115,0.0055,0.0088,0.0111,0.0004,0.1111,0.0120,0.0380,0.0095
0.0027,0.0033,0.0043,0.0041,0.0014,0.0046,0.0061,0.0138,0.0028,0.0086,0.0170,0.0016,0.0380,0.2612,0.0081
0.0032,0.0025,0.0055,0.0034,0.0024,0.0056,0.0063,0.0103,0.0045,0.0052,0.0162,0.0387,0.0095,0.0081,0.0408