c1,c2,c3,c4,c5,c6,c7,c8,c9,c10,c11,c12,c13,c14,c15,c16,c17,c18,c19,c20,c21,c22,c23,c24,c25,c26,c27,c28,c29
0.0053,0.0046,0.0001,0.0001,0.0158,0.0004,0.0563,0.0061,0.0083,0.0501,0.0094,0.2134,0.0047,0.1218,0.1467,0.0685,0.0090,0.0042,0.0130,0.0062,0.0018,0.0031,0.0134,0.0029,0.0021,0.0063,0.0070,0.0046,0.0041
0.0046,0.0300,0.0224,0.0000,0.0057,0.0002,0.0089,0.0018,0.0041,0.0286,0.0071,0.3410,0.1652,0.0484,0.1121,0.0357,0.0063,0.0077,0.0077,0.0048,0.0043,0.0031,0.0062,0.0038,0.0048,0.0046,0.0048,0.0051,0.0032
0.0001,0.0224,0.0163,0.0001,0.0001,0.0000,0.0008,0.0004,0.0065,0.0254,0.0164,0.9975,0.0875,0.1797,0.1434,0.0239,0.0040,0.0316,0.0085,0.0037,0.0061,0.0070,0.0036,0.0042,0.0121,0.0071,0.0047,0.0055,0.0059
0.0001,0.0000,0.0001,0.0003,0.0022,0.0000,0.0002,0.0000,0.0004,0.0096,0.0096,0.1013,0.9999,0.4493,0.9983,0.5549,0.0030,0.9998,0.0270,0.0038,0.0053,0.0176,0.0026,0.0014,0.0039,0.0026,0.0012,0.0014,0.0019
0.0158,0.0057,0.0001,0.0022,0.0416,0.0000,0.0002,0.0003,0.0014,0.9968,0.0154,0.9892,0.0069,0.0052,0.0086,0.0033,0.0028,0.0513,0.0065,0.0041,0.0092,0.0107,0.0056,0.0033,0.0060,0.0046,0.0029,0.0029,0.0045
0.0004,0.0002,0.0000,0.0000,0.0000,0.0008,0.0019,0.0000,0.0001,0.0062,0.0622,0.0864,0.1822,0.0207,0.0688,0.0357,0.1767,0.1745,0.0224,0.0149,0.9631,0.1327,0.0144,0.0100,0.9763,0.0356,0.0048,0.0126,0.0072
0.0563,0.0089,0.0008,0.0002,0.0002,0.0019,0.1054,0.0014,0.0000,0.0217,0.0009,0.0030,0.0120,0.0052,0.0193,0.0087,0.0076,0.3037,0.0297,0.0085,0.0155,0.6609,0.0078,0.0070,0.0243,0.0264,0.0066,0.0086,0.0117
0.0061,0.0018,0.0004,0.0000,0.0003,0.0000,0.0014,0.0880,0.0001,0.0001,0.0004,0.0006,0.0026,0.0026,0.0045,0.0032,0.0046,0.1019,0.0146,0.0119,0.4347,0.8897,0.0270,0.0411,0.9822,0.1250,0.1446,0.0564,0.0374
0.0083,0.0041,0.0065,0.0004,0.0014,0.0001,0.0000,0.0001,0.0008,0.0009,0.0000,0.0006,0.0430,0.0350,0.0280,0.0079,0.0180,0.0409,0.0139,0.0139,0.9701,0.0332,0.0212,0.0134,0.9812,0.0480,0.0279,0.0171,0.0152
0.0501,0.0286,0.0254,0.0096,0.9968,0.0062,0.0217,0.0001,0.0009,0.7461,0.0005,0.0000,0.0000,0.0003,0.0022,0.0074,0.0101,0.0233,0.0072,0.0061,0.0318,0.0079,0.0125,0.0070,0.0367,0.0077,0.0073,0.0079,0.0125
0.0094,0.0071,0.0164,0.0096,0.0154,0.0622,0.0009,0.0004,0.0000,0.0005,0.0775,0.0136,0.0013,0.0022,0.0012,0.0050,0.1112,0.0079,0.0034,0.0213,0.4743,0.0022,0.0055,0.0709,0.1635,0.0069,0.0069,0.0053,0.0045
0.2134,0.3410,0.9975,0.1013,0.9892,0.0864,0.0030,0.0006,0.0006,0.0000,0.0136,0.0200,0.0025,0.0000,0.0011,0.0011,0.0034,0.0036,0.0030,0.0037,0.0114,0.0005,0.0024,0.0071,0.0068,0.0022,0.0021,0.0022,0.0019
0.0047,0.1652,0.0875,0.9999,0.0069,0.1822,0.0120,0.0026,0.0430,0.0000,0.0013,0.0025,0.0000,0.1877,0.0000,0.0006,0.0433,0.8246,0.0247,0.0152,0.3161,0.0022,0.0029,0.0209,0.0058,0.0026,0.0000,0.0015,0.0016
0.1218,0.0484,0.1797,0.4493,0.0052,0.0207,0.0052,0.0026,0.0350,0.0003,0.0022,0.0000,0.1877,0.0281,0.0279,0.0015,0.4612,0.0001,0.0057,0.0119,0.0047,0.0023,0.0032,0.0085,0.0007,0.0016,0.0022,0.0016,0.0030
0.1467,0.1121,0.1434,0.9983,0.0086,0.0688,0.0193,0.0045,0.0280,0.0022,0.0012,0.0011,0.0000,0.0279,0.0345,0.0465,0.0000,0.0001,0.0104,0.0037,0.0009,0.0016,0.0037,0.0043,0.0006,0.0043,0.0033,0.0039,0.0030
0.0685,0.0357,0.0239,0.5549,0.0033,0.0357,0.0087,0.0032,0.0079,0.0074,0.0050,0.0011,0.0006,0.0015,0.0465,0.0647,0.0153,0.0000,0.0129,0.0239,0.0022,0.0021,0.0127,0.0081,0.0023,0.0049,0.0033,0.0041,0.0099
0.0090,0.0063,0.0040,0.0030,0.0028,0.1767,0.0076,0.0046,0.0180,0.0101,0.1112,0.0034,0.0433,0.4612,0.0000,0.0153,0.0796,0.0001,0.0002,0.0971,0.0075,0.0007,0.0187,0.0313,0.0039,0.0025,0.0047,0.0025,0.0051
0.0042,0.0077,0.0316,0.9998,0.0513,0.1745,0.3037,0.1019,0.0409,0.0233,0.0079,0.0036,0.8246,0.0001,0.0001,0.0000,0.0001,0.0023,0.0060,0.0001,0.0001,0.0062,0.0040,0.0029,0.0007,0.0036,0.0024,0.0036,0.0071
0.0130,0.0077,0.0085,0.0270,0.0065,0.0224,0.0297,0.0146,0.0139,0.0072,0.0034,0.0030,0.0247,0.0057,0.0104,0.0129,0.0002,0.0060,0.0237,0.0193,0.0000,0.0018,0.0209,0.0043,0.0069,0.0302,0.0109,0.0148,0.0788
0.0062,0.0048,0.0037,0.0038,0.0041,0.0149,0.0085,0.0119,0.0139,0.0061,0.0213,0.0037,0.0152,0.0119,0.0037,0.0239,0.0971,0.0001,0.0193,0.3078,0.0000,0.0002,0.0259,0.0310,0.0057,0.0108,0.0064,0.0040,0.0145
0.0018,0.0043,0.0061,0.0053,0.0092,0.9631,0.0155,0.4347,0.9701,0.0318,0.4743,0.0114,0.3161,0.0047,0.0009,0.0022,0.0075,0.0001,0.0000,0.0000,0.1775,0.0001,0.0000,0.0012,0.0407,0.0056,0.0042,0.0039,0.0086
0.0031,0.0031,0.0070,0.0176,0.0107,0.1327,0.6609,0.8897,0.0332,0.0079,0.0022,0.0005,0.0022,0.0023,0.0016,0.0021,0.0007,0.0062,0.0018,0.0002,0.0001,0.0123,0.0065,0.0001,0.0001,0.0802,0.0285,0.2329,0.4298
0.0134,0.0062,0.0036,0.0026,0.0056,0.0144,0.0078,0.0270,0.0212,0.0125,0.0055,0.0024,0.0029,0.0032,0.0037,0.0127,0.0187,0.0040,0.0209,0.0259,0.0000,0.0065,0.0673,0.0222,0.0000,0.0098,0.0286,0.0668,0.1839
0.0029,0.0038,0.0042,0.0014,0.0033,0.0100,0.0070,0.0411,0.0134,0.0070,0.0709,0.0071,0.0209,0.0085,0.0043,0.0081,0.0313,0.0029,0.0043,0.0310,0.0012,0.0001,0.0222,0.4050,0.0007,0.0008,0.0150,0.0097,0.0207
0.0021,0.0048,0.0121,0.0039,0.0060,0.9763,0.0243,0.9822,0.9812,0.0367,0.1635,0.0068,0.0058,0.0007,0.0006,0.0023,0.0039,0.0007,0.0069,0.0057,0.0407,0.0001,0.0000,0.0007,0.0176,0.0008,0.0001,0.0005,0.0015
0.0063,0.0046,0.0071,0.0026,0.0046,0.0356,0.0264,0.1250,0.0480,0.0077,0.0069,0.0022,0.0026,0.0016,0.0043,0.0049,0.0025,0.0036,0.0302,0.0108,0.0056,0.0802,0.0098,0.0008,0.0008,0.0387,0.3229,0.0004,0.0005
0.0070,0.0048,0.0047,0.0012,0.0029,0.0048,0.0066,0.1446,0.0279,0.0073,0.0069,0.0021,0.0000,0.0022,0.0033,0.0033,0.0047,0.0024,0.0109,0.0064,0.0042,0.0285,0.0286,0.0150,0.0001,0.3229,0.3962,0.1394,0.0033
0.0046,0.0051,0.0055,0.0014,0.0029,0.0126,0.0086,0.0564,0.0171,0.0079,0.0053,0.0022,0.0015,0.0016,0.0039,0.0041,0.0025,0.0036,0.0148,0.0040,0.0039,0.2329,0.0668,0.0097,0.0005,0.0004,0.1394,0.1476,0.0127
0.0041,0.0032,0.0059,0.0019,0.0045,0.0072,0.0117,0.0374,0.0152,0.0125,0.0045,0.0019,0.0016,0.0030,0.0030,0.0099,0.0051,0.0071,0.0788,0.0145,0.0086,0.4298,0.1839,0.0207,0.0015,0.0005,0.0033,0.0127,0.0003