c1,c2,c3,c4,c5,c6,c7,c8,c9,c10,c11,c12,c13,c14,c15
0.0033,0.0467,0.0056,0.0149,0.0230,0.0100,0.0062,0.0154,0.0033,0.0029,0.0056,0.0030,0.0048,0.0048,0.0057
0.0467,0.0537,0.0731,0.0063,0.0432,0.0066,0.0026,0.0053,0.0029,0.0020,0.0016,0.0021,0.0032,0.0032,0.0058
0.0056,0.0731,0.0015,0.0567,0.0065,0.0645,0.0170,0.0157,0.0050,0.0052,0.0036,0.0022,0.0029,0.0017,0.0013
0.0149,0.0063,0.0567,0.0317,0.0096,0.0069,0.0080,0.0070,0.0026,0.0045,0.0027,0.0041,0.0050,0.0031,0.0046
0.0230,0.0432,0.0065,0.0096,0.0115,0.0125,0.0027,0.0062,0.0231,0.0049,0.0092,0.0031,0.0030,0.0017,0.0025
0.0100,0.0066,0.0645,0.0069,0.0125,0.0197,0.0012,0.0124,0.0191,0.0056,0.0023,0.0028,0.0045,0.0036,0.0049
0.0062,0.0026,0.0170,0.0080,0.0027,0.0012,0.0270,0.0334,0.0080,0.0170,0.0130,0.0033,0.0066,0.0057,0.0041
0.0154,0.0053,0.0157,0.0070,0.0062,0.0124,0.0334,0.0107,0.0062,0.0008,0.0032,0.0051,0.0046,0.0076,0.0089
0.0033,0.0029,0.0050,0.0026,0.0231,0.0191,0.0080,0.0062,0.0138,0.1438,0.0007,0.0180,0.0071,0.0032,0.0032
0.0029,0.0020,0.0052,0.0045,0.0049,0.0056,0.0170,0.0008,0.1438,0.0745,0.0587,0.0016,0.0051,0.0049,0.0042
0.0056,0.0016,0.0036,0.0027,0.0092,0.0023,0.0130,0.0032,0.0007,0.0587,0.0314,0.0114,0.0044,0.0359,0.0288
0.0030,0.0021,0.0022,0.0041,0.0031,0.0028,0.0033,0.0051,0.0180,0.0016,0.0114,0.1031,0.0704,0.0057,0.0473
0.0048,0.0032,0.0029,0.0050,0.0030,0.0045,0.0066,0.0046,0.0071,0.0051,0.0044,0.0704,0.0138,0.0310,0.0131
0.0048,0.0032,0.0017,0.0031,0.0017,0.0036,0.0057,0.0076,0.0032,0.0049,0.0359,0.0057,0.0310,0.2552,0.0085
0.0057,0.0058,0.0013,0.0046,0.0025,0.0049,0.0041,0.0089,0.0032,0.0042,0.0288,0.0473,0.0131,0.0085,0.0329