c1,c2,c3,c4,c5,c6,c7,c8,c9,c10,c11,c12,c13,c14,c15
0.0038,0.0503,0.0097,0.0186,0.0277,0.0122,0.0064,0.0156,0.0031,0.0027,0.0027,0.0049,0.0047,0.0037,0.0026
0.0503,0.0842,0.0667,0.0047,0.0428,0.0078,0.0031,0.0056,0.0025,0.0020,0.0014,0.0026,0.0028,0.0039,0.0034
0.0097,0.0667,0.0020,0.0554,0.0115,0.0684,0.0191,0.0098,0.0038,0.0031,0.0032,0.0036,0.0020,0.0022,0.0009
0.0186,0.0047,0.0554,0.0477,0.0151,0.0077,0.0065,0.0085,0.0016,0.0037,0.0021,0.0054,0.0048,0.0036,0.0032
0.0277,0.0428,0.0115,0.0151,0.0161,0.0168,0.0013,0.0040,0.0103,0.0028,0.0063,0.0069,0.0038,0.0028,0.0015
0.0122,0.0078,0.0684,0.0077,0.0168,0.0275,0.0009,0.0106,0.0076,0.0048,0.0018,0.0034,0.0057,0.0034,0.0061
0.0064,0.0031,0.0191,0.0065,0.0013,0.0009,0.0166,0.0216,0.0037,0.0285,0.0154,0.0055,0.0113,0.0073,0.0078
0.0156,0.0056,0.0098,0.0085,0.0040,0.0106,0.0216,0.0167,0.0042,0.0016,0.0042,0.0053,0.0046,0.0083,0.0092
0.0031,0.0025,0.0038,0.0016,0.0103,0.0076,0.0037,0.0042,0.0254,0.1321,0.0037,0.0287,0.0078,0.0059,0.0056
0.0027,0.0020,0.0031,0.0037,0.0028,0.0048,0.0285,0.0016,0.1321,0.0675,0.1043,0.0007,0.0057,0.0048,0.0068
0.0027,0.0014,0.0032,0.0021,0.0063,0.0018,0.0154,0.0042,0.0037,0.1043,0.0108,0.0161,0.0032,0.0872,0.0151
0.0049,0.0026,0.0036,0.0054,0.0069,0.0034,0.0055,0.0053,0.0287,0.0007,0.0161,0.0185,0.0458,0.0005,0.1956
0.0047,0.0028,0.0020,0.0048,0.0038,0.0057,0.0113,0.0046,0.0078,0.0057,0.0032,0.0458,0.0190,0.0796,0.0042
0.0037,0.0039,0.0022,0.0036,0.0028,0.0034,0.0073,0.0083,0.0059,0.0048,0.0872,0.0005,0.0796,0.0049,0.1407
0.0026,0.0034,0.0009,0.0032,0.0015,0.0061,0.0078,0.0092,0.0056,0.0068,0.0151,0.1956,0.0042,0.1407,0.0040