c1,c2,c3,c4,c5,c6,c7,c8,c9,c10,c11,c12,c13,c14,c15,c16,c17,c18,c19,c20
0.0001,0.0176,0.0709,0.0063,0.1882,0.0091,0.0143,0.0196,0.0216,0.0089,0.0131,0.0092,0.0096,0.0017,0.0009,0.0027,0.0051,0.0078,0.0040,0.0019
0.0176,0.0717,0.5727,0.0018,0.2448,0.0807,0.0057,0.0040,0.0022,0.0014,0.0020,0.0026,0.0036,0.0014,0.0046,0.0009,0.0022,0.0056,0.0054,0.0029
0.0709,0.5727,0.0082,0.1277,0.0023,0.1133,0.1789,0.0104,0.0056,0.0011,0.0027,0.0019,0.0026,0.0014,0.0013,0.0021,0.0022,0.0019,0.0016,0.0007
0.0063,0.0018,0.1277,0.0936,0.0054,0.0008,0.0475,0.0849,0.0071,0.0079,0.0031,0.0037,0.0048,0.0022,0.0039,0.0059,0.0090,0.0037,0.0017,0.0039
0.1882,0.2448,0.0023,0.0054,0.0028,0.0069,0.0007,0.0507,0.4222,0.0194,0.0104,0.0015,0.0076,0.0023,0.0027,0.0010,0.0026,0.0023,0.0011,0.0025
0.0091,0.0807,0.1133,0.0008,0.0069,0.0119,0.0061,0.0004,0.0189,0.0773,0.0094,0.0069,0.0066,0.0059,0.0032,0.0038,0.0036,0.0037,0.0029,0.0042
0.0143,0.0057,0.1789,0.0475,0.0007,0.0061,0.0109,0.0061,0.0012,0.0330,0.1360,0.0053,0.0128,0.0031,0.0036,0.0024,0.0015,0.0013,0.0034,0.0058
0.0196,0.0040,0.0104,0.0849,0.0507,0.0004,0.0061,0.0114,0.0033,0.0026,0.0766,0.0554,0.0100,0.0293,0.0029,0.0022,0.0026,0.0014,0.0013,0.0032
0.0216,0.0022,0.0056,0.0071,0.4222,0.0189,0.0012,0.0033,0.0215,0.0041,0.0009,0.0334,0.3062,0.0075,0.0087,0.0018,0.0029,0.0014,0.0012,0.0017
0.0089,0.0014,0.0011,0.0079,0.0194,0.0773,0.0330,0.0026,0.0041,0.0034,0.0021,0.0027,0.0890,0.2337,0.0162,0.0092,0.0019,0.0035,0.0020,0.0016
0.0131,0.0020,0.0027,0.0031,0.0104,0.0094,0.1360,0.0766,0.0009,0.0021,0.0074,0.0051,0.0008,0.0737,0.1092,0.0047,0.0070,0.0030,0.0020,0.0038
0.0092,0.0026,0.0019,0.0037,0.0015,0.0069,0.0053,0.0554,0.0334,0.0027,0.0051,0.0058,0.0007,0.0031,0.0317,0.0645,0.0073,0.0212,0.0165,0.0065
0.0096,0.0036,0.0026,0.0048,0.0076,0.0066,0.0128,0.0100,0.3062,0.0890,0.0008,0.0007,0.0044,0.0016,0.0007,0.0206,0.0474,0.0036,0.0201,0.0047
0.0017,0.0014,0.0014,0.0022,0.0023,0.0059,0.0031,0.0293,0.0075,0.2337,0.0737,0.0031,0.0016,0.0033,0.0040,0.0027,0.0425,0.1286,0.0089,0.0070
0.0009,0.0046,0.0013,0.0039,0.0027,0.0032,0.0036,0.0029,0.0087,0.0162,0.1092,0.0317,0.0007,0.0040,0.0140,0.0141,0.0019,0.0429,0.1107,0.0191
0.0027,0.0009,0.0021,0.0059,0.0010,0.0038,0.0024,0.0022,0.0018,0.0092,0.0047,0.0645,0.0206,0.0027,0.0141,0.0065,0.0368,0.0049,0.0556,0.3891
0.0051,0.0022,0.0022,0.0090,0.0026,0.0036,0.0015,0.0026,0.0029,0.0019,0.0070,0.0073,0.0474,0.0425,0.0019,0.0368,0.0516,0.0205,0.0044,0.0647
0.0078,0.0056,0.0019,0.0037,0.0023,0.0037,0.0013,0.0014,0.0014,0.0035,0.0030,0.0212,0.0036,0.1286,0.0429,0.0049,0.0205,0.0679,0.0765,0.0055
0.0040,0.0054,0.0016,0.0017,0.0011,0.0029,0.0034,0.0013,0.0012,0.0020,0.0020,0.0165,0.0201,0.0089,0.1107,0.0556,0.0044,0.0765,0.0815,0.0452
0.0019,0.0029,0.0007,0.0039,0.0025,0.0042,0.0058,0.0032,0.0017,0.0016,0.0038,0.0065,0.0047,0.0070,0.0191,0.3891,0.0647,0.0055,0.0452,0.0747
