c1,c2,c3,c4,c5,c6,c7,c8,c9,c10,c11,c12,c13,c14,c15,c16,c17,c18,c19,c20
0.0000,0.0240,0.2228,0.0210,0.0892,0.0065,0.0052,0.0047,0.0194,0.0021,0.0073,0.0124,0.0113,0.0027,0.0015,0.0050,0.0069,0.0128,0.0084,0.0041
0.0240,0.0594,0.5954,0.0009,0.1762,0.0989,0.0069,0.0028,0.0034,0.0009,0.0013,0.0012,0.0065,0.0017,0.0034,0.0014,0.0033,0.0066,0.0082,0.0031
0.2228,0.5954,0.0095,0.0400,0.0014,0.0995,0.1621,0.0064,0.0081,0.0003,0.0019,0.0014,0.0050,0.0023,0.0014,0.0021,0.0035,0.0020,0.0031,0.0008
0.0210,0.0009,0.0400,0.0043,0.0021,0.0018,0.0463,0.1890,0.0420,0.0175,0.0014,0.0026,0.0138,0.0124,0.0033,0.0041,0.0061,0.0033,0.0028,0.0022
0.0892,0.1762,0.0014,0.0021,0.0031,0.0031,0.0009,0.0237,0.5329,0.0152,0.0057,0.0004,0.0210,0.0044,0.0028,0.0035,0.0059,0.0034,0.0027,0.0051
0.0065,0.0989,0.0995,0.0018,0.0031,0.0077,0.0075,0.0002,0.0092,0.3733,0.0046,0.0051,0.0058,0.0094,0.0036,0.0033,0.0042,0.0046,0.0053,0.0027
0.0052,0.0069,0.1621,0.0463,0.0009,0.0075,0.0233,0.0035,0.0006,0.1853,0.1718,0.0035,0.0084,0.0042,0.0027,0.0017,0.0015,0.0014,0.0027,0.0073
0.0047,0.0028,0.0064,0.1890,0.0237,0.0002,0.0035,0.0069,0.0027,0.0115,0.0905,0.0825,0.0105,0.0310,0.0025,0.0026,0.0046,0.0017,0.0022,0.0051
0.0194,0.0034,0.0081,0.0420,0.5329,0.0092,0.0006,0.0027,0.0088,0.0113,0.0002,0.0174,0.1760,0.0048,0.0043,0.0021,0.0075,0.0014,0.0018,0.0053
0.0021,0.0009,0.0003,0.0175,0.0152,0.3733,0.1853,0.0115,0.0113,0.0000,0.0316,0.0036,0.0626,0.2389,0.0039,0.0080,0.0028,0.0052,0.0013,0.0016
0.0073,0.0013,0.0019,0.0014,0.0057,0.0046,0.1718,0.0905,0.0002,0.0316,0.0091,0.0023,0.0015,0.1567,0.0790,0.0038,0.0113,0.0053,0.0028,0.0049
0.0124,0.0012,0.0014,0.0026,0.0004,0.0051,0.0035,0.0825,0.0174,0.0036,0.0023,0.0008,0.0013,0.0016,0.0987,0.1556,0.0352,0.0645,0.0174,0.0174
0.0113,0.0065,0.0050,0.0138,0.0210,0.0058,0.0084,0.0105,0.1760,0.0626,0.0015,0.0013,0.0014,0.0009,0.0010,0.0106,0.0552,0.0036,0.0059,0.0049
0.0027,0.0017,0.0023,0.0124,0.0044,0.0094,0.0042,0.0310,0.0048,0.2389,0.1567,0.0016,0.0009,0.0042,0.0041,0.0014,0.0153,0.0552,0.0042,0.0052
0.0015,0.0034,0.0014,0.0033,0.0028,0.0036,0.0027,0.0025,0.0043,0.0039,0.0790,0.0987,0.0010,0.0041,0.0095,0.0111,0.0019,0.0742,0.1945,0.0320
0.0050,0.0014,0.0021,0.0041,0.0035,0.0033,0.0017,0.0026,0.0021,0.0080,0.0038,0.1556,0.0106,0.0014,0.0111,0.0203,0.0163,0.0026,0.0324,0.4066
0.0069,0.0033,0.0035,0.0061,0.0059,0.0042,0.0015,0.0046,0.0075,0.0028,0.0113,0.0352,0.0552,0.0153,0.0019,0.0163,0.0104,0.0123,0.0015,0.0300
0.0128,0.0066,0.0020,0.0033,0.0034,0.0046,0.0014,0.0017,0.0014,0.0052,0.0053,0.0645,0.0036,0.0552,0.0742,0.0026,0.0123,0.0283,0.0261,0.0050
0.0084,0.0082,0.0031,0.0028,0.0027,0.0053,0.0027,0.0022,0.0018,0.0013,0.0028,0.0174,0.0059,0.0042,0.1945,0.0324,0.0015,0.0261,0.0687,0.0350
0.0041,0.0031,0.0008,0.0022,0.0051,0.0027,0.0073,0.0051,0.0053,0.0016,0.0049,0.0174,0.0049,0.0052,0.0320,0.4066,0.0300,0.0050,0.0350,0.0045
