c1,c2,c3,c4,c5,c6,c7,c8,c9,c10,c11,c12,c13,c14,c15,c16,c17,c18,c19,c20
0.0006,0.0451,0.0351,0.0602,0.1640,0.0041,0.0036,0.0106,0.0188,0.0056,0.0109,0.0117,0.0037,0.0009,0.0027,0.0025,0.0020,0.0041,0.0095,0.0022
0.0451,0.1135,0.5869,0.0041,0.1942,0.0253,0.0039,0.0067,0.0012,0.0020,0.0048,0.0047,0.0024,0.0014,0.0049,0.0018,0.0010,0.0024,0.0034,0.0017
0.0351,0.5869,0.0058,0.0639,0.0005,0.0618,0.2567,0.0057,0.0094,0.0027,0.0033,0.0023,0.0032,0.0034,0.0034,0.0033,0.0028,0.0011,0.0019,0.0007
0.0602,0.0041,0.0639,0.0184,0.0059,0.0004,0.0091,0.0597,0.0033,0.0087,0.0038,0.0057,0.0026,0.0050,0.0137,0.0115,0.0047,0.0054,0.0035,0.0023
0.1640,0.1942,0.0005,0.0059,0.0033,0.0022,0.0003,0.2455,0.2704,0.0046,0.0102,0.0053,0.0031,0.0018,0.0127,0.0036,0.0024,0.0044,0.0025,0.0022
0.0041,0.0253,0.0618,0.0004,0.0022,0.0378,0.0184,0.0001,0.0152,0.2546,0.0076,0.0080,0.0148,0.0146,0.0047,0.0032,0.0131,0.0036,0.0020,0.0021
0.0036,0.0039,0.2567,0.0091,0.0003,0.0184,0.0554,0.0013,0.0005,0.1317,0.0718,0.0019,0.0224,0.0151,0.0037,0.0016,0.0074,0.0034,0.0022,0.0054
0.0106,0.0067,0.0057,0.0597,0.2455,0.0001,0.0013,0.0182,0.0031,0.0006,0.0343,0.2157,0.0026,0.0108,0.0124,0.0052,0.0016,0.0042,0.0049,0.0046
0.0188,0.0012,0.0094,0.0033,0.2704,0.0152,0.0005,0.0031,0.0183,0.0045,0.0013,0.0515,0.0945,0.0102,0.0193,0.0037,0.0033,0.0028,0.0025,0.0018
0.0056,0.0020,0.0027,0.0087,0.0046,0.2546,0.1317,0.0006,0.0045,0.0173,0.0032,0.0005,0.0786,0.4547,0.0026,0.0041,0.0086,0.0036,0.0009,0.0013
0.0109,0.0048,0.0033,0.0038,0.0102,0.0076,0.0718,0.0343,0.0013,0.0032,0.0086,0.0024,0.0008,0.0271,0.0987,0.0028,0.0100,0.0124,0.0023,0.0053
0.0117,0.0047,0.0023,0.0057,0.0053,0.0080,0.0019,0.2157,0.0515,0.0005,0.0024,0.0135,0.0006,0.0005,0.0191,0.0960,0.0065,0.0252,0.0115,0.0075
0.0037,0.0024,0.0032,0.0026,0.0031,0.0148,0.0224,0.0026,0.0945,0.0786,0.0008,0.0006,0.0138,0.0118,0.0005,0.0130,0.2290,0.0130,0.0056,0.0063
0.0009,0.0014,0.0034,0.0050,0.0018,0.0146,0.0151,0.0108,0.0102,0.4547,0.0271,0.0005,0.0118,0.0259,0.0033,0.0003,0.0520,0.0791,0.0012,0.0057
0.0027,0.0049,0.0034,0.0137,0.0127,0.0047,0.0037,0.0124,0.0193,0.0026,0.0987,0.0191,0.0005,0.0033,0.0105,0.0022,0.0002,0.0275,0.1988,0.0134
0.0025,0.0018,0.0033,0.0115,0.0036,0.0032,0.0016,0.0052,0.0037,0.0041,0.0028,0.0960,0.0130,0.0003,0.0022,0.0118,0.0136,0.0020,0.1347,0.7627
0.0020,0.0010,0.0028,0.0047,0.0024,0.0131,0.0074,0.0016,0.0033,0.0086,0.0100,0.0065,0.2290,0.0520,0.0002,0.0136,0.4564,0.0249,0.0002,0.0346
0.0041,0.0024,0.0011,0.0054,0.0044,0.0036,0.0034,0.0042,0.0028,0.0036,0.0124,0.0252,0.0130,0.0791,0.0275,0.0020,0.0249,0.0706,0.0077,0.0031
0.0095,0.0034,0.0019,0.0035,0.0025,0.0020,0.0022,0.0049,0.0025,0.0009,0.0023,0.0115,0.0056,0.0012,0.1988,0.1347,0.0002,0.0077,0.5247,0.2760
0.0022,0.0017,0.0007,0.0023,0.0022,0.0021,0.0054,0.0046,0.0018,0.0013,0.0053,0.0075,0.0063,0.0057,0.0134,0.7627,0.0346,0.0031,0.2760,0.0283
