c1,c2,c3,c4,c5,c6,c7,c8,c9,c10,c11,c12,c13,c14,c15,c16,c17,c18,c19,c20
0.0000,0.0118,0.1069,0.0226,0.0922,0.0074,0.0068,0.0115,0.0258,0.0015,0.0119,0.0152,0.0089,0.0020,0.0027,0.0039,0.0094,0.0042,0.0058,0.0044
0.0118,0.0595,0.5060,0.0015,0.1251,0.0560,0.0023,0.0038,0.0026,0.0018,0.0025,0.0042,0.0054,0.0018,0.0050,0.0025,0.0029,0.0041,0.0054,0.0041
0.1069,0.5060,0.0047,0.0474,0.0016,0.0536,0.0701,0.0052,0.0099,0.0005,0.0030,0.0033,0.0043,0.0033,0.0026,0.0045,0.0049,0.0014,0.0018,0.0014
0.0226,0.0015,0.0474,0.0077,0.0026,0.0006,0.0092,0.0390,0.0078,0.0137,0.0029,0.0084,0.0086,0.0197,0.0107,0.0135,0.0097,0.0046,0.0017,0.0034
0.0922,0.1251,0.0016,0.0026,0.0014,0.0031,0.0007,0.0843,0.4080,0.0089,0.0035,0.0039,0.0130,0.0039,0.0064,0.0036,0.0073,0.0031,0.0014,0.0022
0.0074,0.0560,0.0536,0.0006,0.0031,0.0143,0.0077,0.0002,0.0070,0.3551,0.0054,0.0097,0.0094,0.0122,0.0114,0.0041,0.0121,0.0037,0.0030,0.0010
0.0068,0.0023,0.0701,0.0092,0.0007,0.0077,0.0230,0.0016,0.0003,0.0901,0.0745,0.0049,0.0253,0.0088,0.0080,0.0051,0.0061,0.0038,0.0039,0.0048
0.0115,0.0038,0.0052,0.0390,0.0843,0.0002,0.0016,0.0085,0.0027,0.0021,0.0191,0.0815,0.0139,0.0260,0.0063,0.0051,0.0086,0.0030,0.0042,0.0054
0.0258,0.0026,0.0099,0.0078,0.4080,0.0070,0.0003,0.0027,0.0102,0.0182,0.0008,0.0278,0.1139,0.0060,0.0083,0.0025,0.0068,0.0020,0.0029,0.0021
0.0015,0.0018,0.0005,0.0137,0.0089,0.3551,0.0901,0.0021,0.0182,0.0002,0.0268,0.0019,0.0688,0.2994,0.0069,0.0071,0.0057,0.0039,0.0009,0.0012
0.0119,0.0025,0.0030,0.0029,0.0035,0.0054,0.0745,0.0191,0.0008,0.0268,0.0064,0.0023,0.0007,0.0953,0.0929,0.0031,0.0098,0.0139,0.0027,0.0058
0.0152,0.0042,0.0033,0.0084,0.0039,0.0097,0.0049,0.0815,0.0278,0.0019,0.0023,0.0133,0.0008,0.0013,0.0165,0.0492,0.0062,0.0218,0.0042,0.0047
0.0089,0.0054,0.0043,0.0086,0.0130,0.0094,0.0253,0.0139,0.1139,0.0688,0.0007,0.0008,0.0051,0.0012,0.0003,0.0152,0.0510,0.0078,0.0075,0.0035
0.0020,0.0018,0.0033,0.0197,0.0039,0.0122,0.0088,0.0260,0.0060,0.2994,0.0953,0.0013,0.0012,0.0106,0.0027,0.0007,0.0085,0.0969,0.0016,0.0039
0.0027,0.0050,0.0026,0.0107,0.0064,0.0114,0.0080,0.0063,0.0083,0.0069,0.0929,0.0165,0.0003,0.0027,0.0156,0.0031,0.0003,0.0641,0.0752,0.0177
0.0039,0.0025,0.0045,0.0135,0.0036,0.0041,0.0051,0.0051,0.0025,0.0071,0.0031,0.0492,0.0152,0.0007,0.0031,0.0183,0.0106,0.0016,0.0447,0.2831
0.0094,0.0029,0.0049,0.0097,0.0073,0.0121,0.0061,0.0086,0.0068,0.0057,0.0098,0.0062,0.0510,0.0085,0.0003,0.0106,0.0101,0.0088,0.0034,0.0206
0.0042,0.0041,0.0014,0.0046,0.0031,0.0037,0.0038,0.0030,0.0020,0.0039,0.0139,0.0218,0.0078,0.0969,0.0641,0.0016,0.0088,0.0728,0.0283,0.0020
0.0058,0.0054,0.0018,0.0017,0.0014,0.0030,0.0039,0.0042,0.0029,0.0009,0.0027,0.0042,0.0075,0.0016,0.0752,0.0447,0.0034,0.0283,0.3785,0.1820
0.0044,0.0041,0.0014,0.0034,0.0022,0.0010,0.0048,0.0054,0.0021,0.0012,0.0058,0.0047,0.0035,0.0039,0.0177,0.2831,0.0206,0.0020,0.1820,0.2898
