c1,c2,c3,c4,c5,c6,c7,c8,c9,c10,c11,c12,c13,c14,c15,c16,c17,c18,c19,c20
0.0008,0.0524,0.0359,0.0382,0.1234,0.0027,0.0070,0.0096,0.0175,0.0031,0.0117,0.0131,0.0040,0.0016,0.0013,0.0028,0.0046,0.0048,0.0115,0.0014
0.0524,0.1330,0.6544,0.0029,0.1580,0.0328,0.0087,0.0050,0.0015,0.0016,0.0043,0.0048,0.0018,0.0017,0.0024,0.0011,0.0018,0.0026,0.0032,0.0016
0.0359,0.6544,0.0101,0.0789,0.0006,0.0826,0.1861,0.0085,0.0125,0.0007,0.0030,0.0029,0.0020,0.0038,0.0020,0.0022,0.0032,0.0012,0.0022,0.0009
0.0382,0.0029,0.0789,0.0162,0.0050,0.0004,0.0152,0.0886,0.0045,0.0092,0.0024,0.0082,0.0024,0.0137,0.0090,0.0074,0.0066,0.0032,0.0032,0.0024
0.1234,0.1580,0.0006,0.0050,0.0026,0.0025,0.0004,0.1571,0.2090,0.0071,0.0122,0.0067,0.0037,0.0037,0.0093,0.0037,0.0031,0.0043,0.0019,0.0019
0.0027,0.0328,0.0826,0.0004,0.0025,0.0158,0.0073,0.0001,0.0124,0.5097,0.0156,0.0101,0.0102,0.0226,0.0048,0.0033,0.0087,0.0054,0.0019,0.0020
0.0070,0.0087,0.1861,0.0152,0.0004,0.0073,0.0149,0.0018,0.0006,0.0542,0.0404,0.0056,0.0127,0.0059,0.0065,0.0045,0.0045,0.0039,0.0023,0.0114
0.0096,0.0050,0.0085,0.0886,0.1571,0.0001,0.0018,0.0126,0.0019,0.0018,0.0267,0.1480,0.0036,0.0135,0.0114,0.0046,0.0027,0.0040,0.0025,0.0057
0.0175,0.0015,0.0125,0.0045,0.2090,0.0124,0.0006,0.0019,0.0068,0.0291,0.0009,0.0252,0.1264,0.0120,0.0146,0.0025,0.0046,0.0027,0.0021,0.0030
0.0031,0.0016,0.0007,0.0092,0.0071,0.5097,0.0542,0.0018,0.0291,0.0004,0.0152,0.0004,0.0498,0.3170,0.0035,0.0083,0.0045,0.0076,0.0014,0.0018
0.0117,0.0043,0.0030,0.0024,0.0122,0.0156,0.0404,0.0267,0.0009,0.0152,0.0058,0.0012,0.0007,0.0290,0.0764,0.0040,0.0133,0.0072,0.0024,0.0099
0.0131,0.0048,0.0029,0.0082,0.0067,0.0101,0.0056,0.1480,0.0252,0.0004,0.0012,0.0087,0.0006,0.0005,0.0181,0.0541,0.0083,0.0232,0.0122,0.0135
0.0040,0.0018,0.0020,0.0024,0.0037,0.0102,0.0127,0.0036,0.1264,0.0498,0.0007,0.0006,0.0122,0.0070,0.0015,0.0297,0.1454,0.0169,0.0065,0.0094
0.0016,0.0017,0.0038,0.0137,0.0037,0.0226,0.0059,0.0135,0.0120,0.3170,0.0290,0.0005,0.0070,0.0162,0.0025,0.0005,0.0263,0.0831,0.0014,0.0032
0.0013,0.0024,0.0020,0.0090,0.0093,0.0048,0.0065,0.0114,0.0146,0.0035,0.0764,0.0181,0.0015,0.0025,0.0074,0.0030,0.0006,0.0425,0.2516,0.0112
0.0028,0.0011,0.0022,0.0074,0.0037,0.0033,0.0045,0.0046,0.0025,0.0083,0.0040,0.0541,0.0297,0.0005,0.0030,0.0141,0.0186,0.0014,0.0644,0.6497
0.0046,0.0018,0.0032,0.0066,0.0031,0.0087,0.0045,0.0027,0.0046,0.0045,0.0133,0.0083,0.1454,0.0263,0.0006,0.0186,0.2272,0.0143,0.0004,0.0128
0.0048,0.0026,0.0012,0.0032,0.0043,0.0054,0.0039,0.0040,0.0027,0.0076,0.0072,0.0232,0.0169,0.0831,0.0425,0.0014,0.0143,0.0537,0.0056,0.0049
0.0115,0.0032,0.0022,0.0032,0.0019,0.0019,0.0023,0.0025,0.0021,0.0014,0.0024,0.0122,0.0065,0.0014,0.2516,0.0644,0.0004,0.0056,0.4871,0.3804
0.0014,0.0016,0.0009,0.0024,0.0019,0.0020,0.0114,0.0057,0.0030,0.0018,0.0099,0.0135,0.0094,0.0032,0.0112,0.6497,0.0128,0.0049,0.3804,0.0057
