c1,c2,c3,c4,c5,c6,c7,c8,c9,c10,c11,c12,c13,c14,c15,c16,c17,c18,c19,c20
0.0000,0.0061,0.0817,0.0139,0.0478,0.0073,0.0112,0.0066,0.0102,0.0033,0.0094,0.0142,0.0092,0.0059,0.0022,0.0045,0.0090,0.0114,0.0127,0.0044
0.0061,0.0255,0.6842,0.0010,0.0538,0.0871,0.0122,0.0030,0.0012,0.0035,0.0021,0.0032,0.0040,0.0029,0.0053,0.0019,0.0036,0.0051,0.0069,0.0040
0.0817,0.6842,0.0045,0.0645,0.0011,0.0424,0.0825,0.0052,0.0050,0.0005,0.0021,0.0024,0.0044,0.0053,0.0027,0.0041,0.0043,0.0024,0.0023,0.0011
0.0139,0.0010,0.0645,0.0107,0.0018,0.0008,0.0183,0.0313,0.0108,0.0198,0.0020,0.0046,0.0080,0.0228,0.0076,0.0097,0.0098,0.0066,0.0017,0.0042
0.0478,0.0538,0.0011,0.0018,0.0016,0.0039,0.0021,0.0244,0.2662,0.0405,0.0078,0.0025,0.0124,0.0118,0.0075,0.0028,0.0052,0.0069,0.0009,0.0022
0.0073,0.0871,0.0424,0.0008,0.0039,0.0104,0.0074,0.0004,0.0074,0.2648,0.0045,0.0119,0.0087,0.0114,0.0066,0.0050,0.0032,0.0061,0.0027,0.0015
0.0112,0.0122,0.0825,0.0183,0.0021,0.0074,0.0158,0.0025,0.0005,0.0258,0.0290,0.0045,0.0168,0.0043,0.0031,0.0064,0.0034,0.0030,0.0036,0.0096
0.0066,0.0030,0.0052,0.0313,0.0244,0.0004,0.0025,0.0072,0.0136,0.0142,0.0408,0.0475,0.0126,0.0271,0.0034,0.0036,0.0046,0.0034,0.0019,0.0038
0.0102,0.0012,0.0050,0.0108,0.2662,0.0074,0.0005,0.0136,0.0164,0.0610,0.0034,0.0345,0.0800,0.0074,0.0057,0.0013,0.0049,0.0028,0.0006,0.0020
0.0033,0.0035,0.0005,0.0198,0.0405,0.2648,0.0258,0.0142,0.0610,0.0000,0.0209,0.0023,0.0336,0.1646,0.0033,0.0146,0.0049,0.0070,0.0009,0.0009
0.0094,0.0021,0.0021,0.0020,0.0078,0.0045,0.0290,0.0408,0.0034,0.0209,0.0023,0.0041,0.0012,0.0133,0.0650,0.0050,0.0155,0.0122,0.0050,0.0081
0.0142,0.0032,0.0024,0.0046,0.0025,0.0119,0.0045,0.0475,0.0345,0.0023,0.0041,0.0060,0.0017,0.0026,0.0215,0.0295,0.0100,0.0167,0.0043,0.0082
0.0092,0.0040,0.0044,0.0080,0.0124,0.0087,0.0168,0.0126,0.0800,0.0336,0.0012,0.0017,0.0028,0.0007,0.0012,0.0177,0.0378,0.0068,0.0110,0.0050
0.0059,0.0029,0.0053,0.0228,0.0118,0.0114,0.0043,0.0271,0.0074,0.1646,0.0133,0.0026,0.0007,0.0012,0.0029,0.0006,0.0099,0.0552,0.0054,0.0153
0.0022,0.0053,0.0027,0.0076,0.0075,0.0066,0.0031,0.0034,0.0057,0.0033,0.0650,0.0215,0.0012,0.0029,0.0072,0.0117,0.0065,0.0237,0.0379,0.0181
0.0045,0.0019,0.0041,0.0097,0.0028,0.0050,0.0064,0.0036,0.0013,0.0146,0.0050,0.0295,0.0177,0.0006,0.0117,0.0107,0.0146,0.0019,0.0264,0.2729
0.0090,0.0036,0.0043,0.0098,0.0052,0.0032,0.0034,0.0046,0.0049,0.0049,0.0155,0.0100,0.0378,0.0099,0.0065,0.0146,0.0152,0.0019,0.0045,0.0177
0.0114,0.0051,0.0024,0.0066,0.0069,0.0061,0.0030,0.0034,0.0028,0.0070,0.0122,0.0167,0.0068,0.0552,0.0237,0.0019,0.0019,0.0195,0.0311,0.0034
0.0127,0.0069,0.0023,0.0017,0.0009,0.0027,0.0036,0.0019,0.0006,0.0009,0.0050,0.0043,0.0110,0.0054,0.0379,0.0264,0.0045,0.0311,0.5144,0.1684
0.0044,0.0040,0.0011,0.0042,0.0022,0.0015,0.0096,0.0038,0.0020,0.0009,0.0081,0.0082,0.0050,0.0153,0.0181,0.2729,0.0177,0.0034,0.1684,0.0147
