c1,c2,c3,c4,c5,c6,c7,c8,c9,c10,c11,c12,c13,c14,c15,c16,c17,c18,c19,c20
0.0013,0.0154,0.0153,0.0361,0.0300,0.0038,0.0050,0.0137,0.0604,0.0023,0.0106,0.0240,0.0070,0.0017,0.0021,0.0020,0.0073,0.0061,0.0062,0.0023
0.0154,0.0700,0.2598,0.0017,0.0461,0.0568,0.0040,0.0052,0.0056,0.0017,0.0034,0.0056,0.0069,0.0021,0.0055,0.0014,0.0034,0.0061,0.0033,0.0022
0.0153,0.2598,0.0132,0.0589,0.0002,0.0494,0.1295,0.0055,0.0100,0.0009,0.0043,0.0027,0.0035,0.0083,0.0061,0.0041,0.0064,0.0030,0.0029,0.0009
0.0361,0.0017,0.0589,0.0141,0.0006,0.0007,0.0085,0.0911,0.0082,0.0141,0.0036,0.0086,0.0047,0.0107,0.0202,0.0090,0.0065,0.0055,0.0022,0.0024
0.0300,0.0461,0.0002,0.0006,0.0155,0.0027,0.0006,0.0637,0.4688,0.0039,0.0079,0.0129,0.0172,0.0052,0.0076,0.0077,0.0065,0.0057,0.0021,0.0034
0.0038,0.0568,0.0494,0.0007,0.0027,0.0102,0.0064,0.0002,0.0068,0.4763,0.0072,0.0073,0.0072,0.0163,0.0125,0.0029,0.0080,0.0069,0.0029,0.0024
0.0050,0.0040,0.1295,0.0085,0.0006,0.0064,0.0205,0.0013,0.0004,0.1110,0.0780,0.0025,0.0140,0.0137,0.0077,0.0039,0.0041,0.0050,0.0035,0.0105
0.0137,0.0052,0.0055,0.0911,0.0637,0.0002,0.0013,0.0113,0.0031,0.0015,0.0146,0.0762,0.0088,0.0126,0.0049,0.0054,0.0050,0.0034,0.0040,0.0162
0.0604,0.0056,0.0100,0.0082,0.4688,0.0068,0.0004,0.0031,0.0076,0.0114,0.0003,0.0196,0.1087,0.0057,0.0076,0.0025,0.0059,0.0021,0.0028,0.0025
0.0023,0.0017,0.0009,0.0141,0.0039,0.4763,0.1110,0.0015,0.0114,0.0000,0.0221,0.0011,0.0606,0.5248,0.0064,0.0045,0.0069,0.0099,0.0019,0.0019
0.0106,0.0034,0.0043,0.0036,0.0079,0.0072,0.0780,0.0146,0.0003,0.0221,0.0084,0.0017,0.0007,0.0586,0.0514,0.0026,0.0110,0.0121,0.0031,0.0128
0.0240,0.0056,0.0027,0.0086,0.0129,0.0073,0.0025,0.0762,0.0196,0.0011,0.0017,0.0130,0.0007,0.0005,0.0111,0.0731,0.0068,0.0163,0.0087,0.0133
0.0070,0.0069,0.0035,0.0047,0.0172,0.0072,0.0140,0.0088,0.1087,0.0606,0.0007,0.0007,0.0074,0.0021,0.0004,0.0206,0.0757,0.0056,0.0068,0.0066
0.0017,0.0021,0.0083,0.0107,0.0052,0.0163,0.0137,0.0126,0.0057,0.5248,0.0586,0.0005,0.0021,0.0102,0.0019,0.0004,0.0161,0.0511,0.0021,0.0043
0.0021,0.0055,0.0061,0.0202,0.0076,0.0125,0.0077,0.0049,0.0076,0.0064,0.0514,0.0111,0.0004,0.0019,0.0080,0.0048,0.0003,0.0249,0.2426,0.0091
0.0020,0.0014,0.0041,0.0090,0.0077,0.0029,0.0039,0.0054,0.0025,0.0045,0.0026,0.0731,0.0206,0.0004,0.0048,0.0279,0.0190,0.0009,0.0403,0.5573
0.0073,0.0034,0.0064,0.0065,0.0065,0.0080,0.0041,0.0050,0.0059,0.0069,0.0110,0.0068,0.0757,0.0161,0.0003,0.0190,0.0164,0.0081,0.0010,0.0287
0.0061,0.0061,0.0030,0.0055,0.0057,0.0069,0.0050,0.0034,0.0021,0.0099,0.0121,0.0163,0.0056,0.0511,0.0249,0.0009,0.0081,0.0742,0.0070,0.0022
0.0062,0.0033,0.0029,0.0022,0.0021,0.0029,0.0035,0.0040,0.0028,0.0019,0.0031,0.0087,0.0068,0.0021,0.2426,0.0403,0.0010,0.0070,0.2145,0.1770
0.0023,0.0022,0.0009,0.0024,0.0034,0.0024,0.0105,0.0162,0.0025,0.0019,0.0128,0.0133,0.0066,0.0043,0.0091,0.5573,0.0287,0.0022,0.1770,0.0023
