c1,c2,c3,c4,c5,c6,c7,c8,c9,c10,c11,c12,c13,c14,c15,c16,c17,c18,c19,c20
0.0004,0.0029,0.0031,0.0494,0.2089,0.0048,0.0094,0.0123,0.0169,0.0143,0.0060,0.0203,0.0064,0.0036,0.0023,0.0028,0.0085,0.0078,0.0057,0.0022
0.0029,0.0342,0.1435,0.0004,0.0810,0.0441,0.0027,0.0086,0.0045,0.0105,0.0087,0.0091,0.0075,0.0060,0.0042,0.0014,0.0035,0.0052,0.0038,0.0030
0.0031,0.1435,0.0007,0.0641,0.0015,0.0367,0.0807,0.0022,0.0185,0.0159,0.0054,0.0065,0.0081,0.0058,0.0040,0.0025,0.0040,0.0036,0.0040,0.0015
0.0494,0.0004,0.0641,0.0212,0.0047,0.0001,0.0050,0.1041,0.0025,0.0147,0.0151,0.0121,0.0039,0.0133,0.0398,0.0057,0.0045,0.0039,0.0036,0.0043
0.2089,0.0810,0.0015,0.0047,0.0021,0.0039,0.0002,0.0413,0.0968,0.0021,0.0141,0.0123,0.0077,0.0055,0.0139,0.0040,0.0078,0.0043,0.0013,0.0024
0.0048,0.0441,0.0367,0.0001,0.0039,0.0667,0.0042,0.0003,0.0098,0.0978,0.0048,0.0125,0.0191,0.0138,0.0108,0.0050,0.0107,0.0046,0.0029,0.0041
0.0094,0.0027,0.0807,0.0050,0.0002,0.0042,0.0301,0.0038,0.0004,0.0131,0.1047,0.0037,0.0270,0.0442,0.0287,0.0039,0.0057,0.0047,0.0029,0.0045
0.0123,0.0086,0.0022,0.1041,0.0413,0.0003,0.0038,0.0226,0.0031,0.0007,0.0217,0.0786,0.0028,0.0121,0.0210,0.0068,0.0031,0.0038,0.0028,0.0057
0.0169,0.0045,0.0185,0.0025,0.0968,0.0098,0.0004,0.0031,0.0061,0.0041,0.0014,0.0120,0.0652,0.0110,0.0121,0.0049,0.0109,0.0067,0.0042,0.0050
0.0143,0.0105,0.0159,0.0147,0.0021,0.0978,0.0131,0.0007,0.0041,0.0533,0.0084,0.0003,0.0210,0.0605,0.0018,0.0076,0.0035,0.0033,0.0023,0.0045
0.0060,0.0087,0.0054,0.0151,0.0141,0.0048,0.1047,0.0217,0.0014,0.0084,0.0001,0.0138,0.0008,0.0120,0.2539,0.0090,0.0077,0.0041,0.0027,0.0065
0.0203,0.0091,0.0065,0.0121,0.0123,0.0125,0.0037,0.0786,0.0120,0.0003,0.0138,0.0084,0.0008,0.0002,0.0113,0.1143,0.0036,0.0090,0.0056,0.0085
0.0064,0.0075,0.0081,0.0039,0.0077,0.0191,0.0270,0.0028,0.0652,0.0210,0.0008,0.0008,0.0267,0.0039,0.0002,0.0192,0.0405,0.0055,0.0091,0.0105
0.0036,0.0060,0.0058,0.0133,0.0055,0.0138,0.0442,0.0121,0.0110,0.0605,0.0120,0.0002,0.0039,0.0786,0.0045,0.0004,0.0075,0.0071,0.0023,0.0126
0.0023,0.0042,0.0040,0.0398,0.0139,0.0108,0.0287,0.0210,0.0121,0.0018,0.2539,0.0113,0.0002,0.0045,0.0225,0.0025,0.0004,0.0042,0.0139,0.0089
0.0028,0.0014,0.0025,0.0057,0.0040,0.0050,0.0039,0.0068,0.0049,0.0076,0.0090,0.1143,0.0192,0.0004,0.0025,0.0138,0.0484,0.0021,0.0414,0.0666
0.0085,0.0035,0.0040,0.0045,0.0078,0.0107,0.0057,0.0031,0.0109,0.0035,0.0077,0.0036,0.0405,0.0075,0.0004,0.0484,0.0829,0.0221,0.0018,0.0065
0.0078,0.0052,0.0036,0.0039,0.0043,0.0046,0.0047,0.0038,0.0067,0.0033,0.0041,0.0090,0.0055,0.0071,0.0042,0.0021,0.0221,0.0902,0.0532,0.0173
0.0057,0.0038,0.0040,0.0036,0.0013,0.0029,0.0029,0.0028,0.0042,0.0023,0.0027,0.0056,0.0091,0.0023,0.0139,0.0414,0.0018,0.0532,0.2506,0.1713
0.0022,0.0030,0.0015,0.0043,0.0024,0.0041,0.0045,0.0057,0.0050,0.0045,0.0065,0.0085,0.0105,0.0126,0.0089,0.0666,0.0065,0.0173,0.1713,0.0045
