c1,c2,c3,c4,c5,c6,c7,c8,c9,c10,c11,c12,c13,c14,c15,c16,c17,c18,c19,c20
0.0016,0.0121,0.0028,0.0120,0.0353,0.0108,0.0104,0.0129,0.0331,0.0472,0.0100,0.0129,0.0089,0.0025,0.0030,0.0016,0.0052,0.0083,0.0051,0.0007
0.0121,0.1526,0.3162,0.0050,0.1467,0.0330,0.0113,0.0046,0.0018,0.0086,0.0032,0.0029,0.0031,0.0032,0.0047,0.0005,0.0024,0.0043,0.0021,0.0011
0.0028,0.3162,0.0003,0.1300,0.0027,0.1798,0.1406,0.0149,0.0055,0.0075,0.0063,0.0077,0.0032,0.0025,0.0066,0.0034,0.0017,0.0017,0.0025,0.0005
0.0120,0.0050,0.1300,0.1730,0.0167,0.0006,0.0115,0.0230,0.0029,0.0109,0.0022,0.0070,0.0048,0.0045,0.0040,0.0059,0.0061,0.0031,0.0027,0.0018
0.0353,0.1467,0.0027,0.0167,0.0069,0.0033,0.0010,0.0637,0.0588,0.0079,0.0067,0.0028,0.0031,0.0048,0.0076,0.0023,0.0050,0.0058,0.0016,0.0025
0.0108,0.0330,0.1798,0.0006,0.0033,0.0113,0.0055,0.0003,0.0086,0.0378,0.0112,0.0162,0.0075,0.0064,0.0071,0.0060,0.0033,0.0061,0.0026,0.0058
0.0104,0.0113,0.1406,0.0115,0.0010,0.0055,0.0176,0.0032,0.0002,0.0106,0.0581,0.0057,0.0283,0.0082,0.0064,0.0082,0.0020,0.0026,0.0028,0.0117
0.0129,0.0046,0.0149,0.0230,0.0637,0.0003,0.0032,0.0099,0.0017,0.0012,0.0173,0.0421,0.0101,0.0398,0.0082,0.0052,0.0038,0.0040,0.0021,0.0089
0.0331,0.0018,0.0055,0.0029,0.0588,0.0086,0.0002,0.0017,0.0090,0.0104,0.0014,0.0195,0.1253,0.0407,0.0235,0.0072,0.0028,0.0052,0.0033,0.0052
0.0472,0.0086,0.0075,0.0109,0.0079,0.0378,0.0106,0.0012,0.0104,0.0019,0.0063,0.0003,0.0102,0.0709,0.0131,0.0303,0.0024,0.0034,0.0067,0.0013
0.0100,0.0032,0.0063,0.0022,0.0067,0.0112,0.0581,0.0173,0.0014,0.0063,0.0032,0.0024,0.0006,0.0837,0.0460,0.0064,0.0189,0.0042,0.0027,0.0129
0.0129,0.0029,0.0077,0.0070,0.0028,0.0162,0.0057,0.0421,0.0195,0.0003,0.0024,0.0130,0.0014,0.0008,0.0109,0.0462,0.0149,0.0342,0.0084,0.0100
0.0089,0.0031,0.0032,0.0048,0.0031,0.0075,0.0283,0.0101,0.1253,0.0102,0.0006,0.0014,0.0091,0.0026,0.0005,0.0192,0.0620,0.0157,0.0188,0.0072
0.0025,0.0032,0.0025,0.0045,0.0048,0.0064,0.0082,0.0398,0.0407,0.0709,0.0837,0.0008,0.0026,0.0014,0.0014,0.0014,0.0137,0.0270,0.0121,0.0147
0.0030,0.0047,0.0066,0.0040,0.0076,0.0071,0.0064,0.0082,0.0235,0.0131,0.0460,0.0109,0.0005,0.0014,0.0043,0.0018,0.0012,0.0126,0.1729,0.0382
0.0016,0.0005,0.0034,0.0059,0.0023,0.0060,0.0082,0.0052,0.0072,0.0303,0.0064,0.0462,0.0192,0.0014,0.0018,0.0036,0.0619,0.0007,0.0196,0.5309
0.0052,0.0024,0.0017,0.0061,0.0050,0.0033,0.0020,0.0038,0.0028,0.0024,0.0189,0.0149,0.0620,0.0137,0.0012,0.0619,0.2149,0.0375,0.0004,0.0139
0.0083,0.0043,0.0017,0.0031,0.0058,0.0061,0.0026,0.0040,0.0052,0.0034,0.0042,0.0342,0.0157,0.0270,0.0126,0.0007,0.0375,0.0894,0.0165,0.0026
0.0051,0.0021,0.0025,0.0027,0.0016,0.0026,0.0028,0.0021,0.0033,0.0067,0.0027,0.0084,0.0188,0.0121,0.1729,0.0196,0.0004,0.0165,0.0848,0.1971
0.0007,0.0011,0.0005,0.0018,0.0025,0.0058,0.0117,0.0089,0.0052,0.0013,0.0129,0.0100,0.0072,0.0147,0.0382,0.5309,0.0139,0.0026,0.1971,0.0032
