c1,c2,c3,c4,c5,c6,c7,c8,c9,c10,c11,c12,c13,c14,c15,c16,c17,c18,c19,c20
0.0122,0.0074,0.0009,0.0906,0.0588,0.0029,0.0084,0.0176,0.0264,0.0383,0.0217,0.0098,0.0049,0.0015,0.0018,0.0013,0.0036,0.0093,0.0042,0.0010
0.0074,0.3641,0.0723,0.0500,0.3225,0.1529,0.0149,0.0074,0.0011,0.0033,0.0059,0.0034,0.0016,0.0023,0.0021,0.0003,0.0011,0.0035,0.0016,0.0007
0.0009,0.0723,0.1171,0.3191,0.0010,0.0623,0.1869,0.0173,0.0029,0.0018,0.0053,0.0038,0.0026,0.0033,0.0048,0.0022,0.0017,0.0018,0.0026,0.0015
0.0906,0.0500,0.3191,0.0006,0.0945,0.0009,0.0600,0.0898,0.0046,0.0102,0.0028,0.0043,0.0045,0.0012,0.0023,0.0034,0.0027,0.0017,0.0014,0.0010
0.0588,0.3225,0.0010,0.0945,0.0041,0.0014,0.0015,0.0722,0.0723,0.0127,0.0116,0.0019,0.0034,0.0042,0.0063,0.0013,0.0037,0.0049,0.0010,0.0012
0.0029,0.1529,0.0623,0.0009,0.0014,0.0013,0.0039,0.0031,0.0463,0.3008,0.0526,0.0235,0.0051,0.0045,0.0044,0.0022,0.0014,0.0035,0.0013,0.0048
0.0084,0.0149,0.1869,0.0600,0.0015,0.0039,0.0064,0.0067,0.0006,0.0128,0.0828,0.0067,0.0098,0.0033,0.0050,0.0048,0.0014,0.0019,0.0017,0.0155
0.0176,0.0074,0.0173,0.0898,0.0722,0.0031,0.0067,0.0119,0.0027,0.0005,0.0183,0.0247,0.0046,0.0157,0.0058,0.0017,0.0018,0.0028,0.0016,0.0080
0.0264,0.0011,0.0029,0.0046,0.0723,0.0463,0.0006,0.0027,0.0146,0.0043,0.0045,0.0396,0.0609,0.0188,0.0300,0.0032,0.0019,0.0033,0.0022,0.0026
0.0383,0.0033,0.0018,0.0102,0.0127,0.3008,0.0128,0.0005,0.0043,0.0083,0.0070,0.0009,0.0343,0.0804,0.0105,0.0128,0.0010,0.0022,0.0022,0.0032
0.0217,0.0059,0.0053,0.0028,0.0116,0.0526,0.0828,0.0183,0.0045,0.0070,0.0119,0.0038,0.0005,0.0213,0.0280,0.0028,0.0049,0.0017,0.0012,0.0048
0.0098,0.0034,0.0038,0.0043,0.0019,0.0235,0.0067,0.0247,0.0396,0.0009,0.0038,0.0096,0.0029,0.0008,0.0217,0.0480,0.0088,0.0192,0.0069,0.0067
0.0049,0.0016,0.0026,0.0045,0.0034,0.0051,0.0098,0.0046,0.0609,0.0343,0.0005,0.0029,0.0074,0.0037,0.0006,0.0418,0.1064,0.0194,0.0261,0.0117
0.0015,0.0023,0.0033,0.0012,0.0042,0.0045,0.0033,0.0157,0.0188,0.0804,0.0213,0.0008,0.0037,0.0043,0.0070,0.0014,0.0656,0.0658,0.0171,0.0201
0.0018,0.0021,0.0048,0.0023,0.0063,0.0044,0.0050,0.0058,0.0300,0.0105,0.0280,0.0217,0.0006,0.0070,0.0083,0.0038,0.0013,0.0146,0.2773,0.0189
0.0013,0.0003,0.0022,0.0034,0.0013,0.0022,0.0048,0.0017,0.0032,0.0128,0.0028,0.0480,0.0418,0.0014,0.0038,0.0109,0.1528,0.0027,0.1065,0.6888
0.0036,0.0011,0.0017,0.0027,0.0037,0.0014,0.0014,0.0018,0.0019,0.0010,0.0049,0.0088,0.1064,0.0656,0.0013,0.1528,0.4529,0.1073,0.0014,0.0212
0.0093,0.0035,0.0018,0.0017,0.0049,0.0035,0.0019,0.0028,0.0033,0.0022,0.0017,0.0192,0.0194,0.0658,0.0146,0.0027,0.1073,0.1987,0.0209,0.0016
0.0042,0.0016,0.0026,0.0014,0.0010,0.0013,0.0017,0.0016,0.0022,0.0022,0.0012,0.0069,0.0261,0.0171,0.2773,0.1065,0.0014,0.0209,0.2130,0.1914
0.0010,0.0007,0.0015,0.0010,0.0012,0.0048,0.0155,0.0080,0.0026,0.0032,0.0048,0.0067,0.0117,0.0201,0.0189,0.6888,0.0212,0.0016,0.1914,0.0061
