c1,c2,c3,c4,c5,c6,c7,c8,c9,c10,c11,c12,c13,c14,c15,c16,c17,c18,c19,c20,c21,c22,c23,c24,c25,c26
0.0000,6.0204,6.7568,7.7720,10.5118,14.4423,15.7916,13.3412,11.5054,8.6570,3.7197,5.4991,5.0929,8.6639,10.9639,13.5006,9.8609,9.4024,15.2834,11.6762,14.8235,18.5708,16.9504,17.6264,20.8655,23.0177
6.0204,0.0000,5.0587,8.2412,12.2323,14.1017,17.2155,16.4170,14.1024,12.7098,7.8208,7.8738,7.3642,8.2145,7.9593,12.2618,11.1236,9.2070,16.1053,13.7407,15.2447,19.5003,19.5100,19.3256,21.4542,24.3770
6.7568,5.0587,0.0000,5.8191,7.8833,10.0840,12.7740,12.5646,11.5067,9.5900,6.7766,4.6919,7.6780,6.8389,5.4055,9.3657,7.9095,4.3150,11.7666,9.1436,10.1876,14.5664,14.8099,14.4588,16.4125,19.3449
7.7720,8.2412,5.8191,0.0000,5.6993,7.2311,9.8893,9.2311,6.2619,7.1983,5.0490,7.4668,11.3983,12.1663,10.9658,14.6187,12.0778,7.8217,14.9883,10.5252,10.8287,16.0375,14.8887,13.1390,16.2357,19.4458
10.5118,12.2323,7.8833,5.6993,0.0000,5.7541,5.3784,4.9985,6.2316,4.9412,7.6682,7.2320,12.6442,12.4549,11.5768,13.3980,10.3526,6.3972,11.2281,6.1522,6.2475,11.0451,9.3484,7.6241,11.2138,13.9633
14.4423,14.1017,10.0840,7.2311,5.7541,0.0000,5.3222,8.5639,8.1591,10.2906,11.6287,11.7656,16.8748,15.9147,13.0479,15.8863,14.5556,9.3003,14.4208,10.6999,7.5522,12.9526,12.9087,8.9383,10.8895,14.9146
15.7916,17.2155,12.7740,9.8893,5.3784,5.3222,0.0000,4.9680,7.7916,8.8230,12.6482,12.4763,17.9525,17.3294,15.7197,17.1197,14.7134,10.7255,13.5296,9.2326,6.8035,10.8357,9.1198,4.6179,8.3887,11.4160
13.3412,16.4170,12.5646,9.2311,4.9985,8.5639,4.9680,0.0000,5.4540,4.9993,10.0358,10.8434,15.8887,16.4937,16.4084,17.5667,13.7665,11.0308,13.9780,8.5990,9.2039,12.5972,8.8816,7.0338,11.9317,13.7046
11.5054,14.1024,11.5067,6.2619,6.2316,8.1591,7.7916,5.4540,0.0000,5.9134,7.7882,11.1087,15.4734,16.8725,16.4206,19.0315,15.4719,11.9147,17.2616,11.8208,12.1806,16.8003,13.9268,11.5904,15.9147,18.5374
8.6570,12.7098,9.5900,7.1983,4.9412,10.2906,8.8230,4.9993,5.9134,0.0000,5.7022,6.9099,11.2963,12.8222,13.9000,15.2044,10.6863,8.9600,12.9943,7.4551,10.2536,13.7586,10.3580,10.4582,14.8591,16.5383
3.7197,7.8208,6.7766,5.0490,7.6682,11.6287,12.6482,10.0358,7.7882,5.7022,0.0000,5.6204,8.1223,10.7026,11.8871,14.5840,10.6968,8.8158,15.0278,10.4160,12.9866,17.2100,15.0882,14.9987,18.6688,20.9980
5.4991,7.8738,4.6919,7.4668,7.2320,11.7656,12.4763,10.8434,11.1087,6.9099,5.6204,0.0000,5.5096,5.9609,7.8326,9.2150,5.1159,4.5735,9.8537,6.4585,9.8922,13.1720,12.1601,13.2689,15.9744,17.9362
5.0929,7.3642,7.6780,11.3983,12.6442,16.8748,17.9525,15.8887,15.4734,11.2963,8.1223,5.5096,0.0000,4.8525,9.2732,10.2464,6.9395,9.1001,13.0808,11.2472,15.0566,17.6194,16.7973,18.6431,21.1314,22.7702
8.6639,8.2145,6.8389,12.1663,12.4549,15.9147,17.3294,16.4937,16.8725,12.8222,10.7026,5.9609,4.8525,0.0000,5.4561,5.5161,4.4115,6.8907,9.9090,9.8983,12.8253,14.8970,15.5903,17.3875,18.7684,20.5253
10.9639,7.9593,5.4055,10.9658,11.5768,13.0479,15.7197,16.4084,16.4206,13.9000,11.8871,7.8326,9.2732,5.4561,0.0000,5.2909,7.3406,5.5042,10.2013,10.4325,10.8830,13.9291,15.9420,16.2264,16.6813,19.3969
13.5006,12.2618,9.3657,14.6187,13.3980,15.8863,17.1197,17.5667,19.0315,15.2044,14.5840,9.2150,10.2464,5.5161,5.2909,0.0000,5.4465,7.2111,6.8402,9.6260,11.0519,11.8292,14.3824,16.1715,16.0736,17.6765
9.8609,11.1236,7.9095,12.0778,10.3526,14.5556,14.7134,13.7665,15.4719,10.6863,10.6968,5.1159,6.9395,4.4115,7.3406,5.4465,0.0000,5.5726,6.1642,6.1050,9.9286,11.1374,11.4136,13.9315,15.4514,16.6346
9.4024,9.2070,4.3150,7.8217,6.3972,9.3003,10.7255,11.0308,11.9147,8.9600,8.8158,4.5735,9.1001,6.8907,5.5042,7.2111,5.5726,0.0000,7.6825,5.4381,6.4590,10.2967,11.0298,11.1900,12.7184,15.3100
15.2834,16.1053,11.7666,14.9883,11.2281,14.4208,13.5296,13.9780,17.2616,12.9943,15.0278,9.8537,13.0808,9.9090,10.2013,6.8402,6.1642,7.6825,0.0000,5.6274,7.3858,5.7328,8.1585,11.0635,10.9978,11.4572
11.6762,13.7407,9.1436,10.5252,6.1522,10.6999,9.2326,8.5990,11.8208,7.4551,10.4160,6.4585,11.2472,9.8983,10.4325,9.6260,6.1050,5.4381,5.6274,0.0000,5.3302,7.1155,5.9286,7.9460,10.3554,11.6068
14.8235,15.2447,10.1876,10.8287,6.2475,7.5522,6.8035,9.2039,12.1806,10.2536,12.9866,9.8922,15.0566,12.8253,10.8830,11.0519,9.9286,6.4590,7.3858,5.3302,0.0000,5.5978,7.1232,5.6025,6.2868,9.3386
18.5708,19.5003,14.5664,16.0375,11.0451,12.9526,10.8357,12.5972,16.8003,13.7586,17.2100,13.1720,17.6194,14.8970,13.9291,11.8292,11.1374,10.2967,5.7328,7.1155,5.5978,0.0000,5.5962,7.1362,5.7027,5.8583
16.9504,19.5100,14.8099,14.8887,9.3484,12.9087,9.1198,8.8816,13.9268,10.3580,15.0882,12.1601,16.7973,15.5903,15.9420,14.3824,11.4136,11.0298,8.1585,5.9286,7.1232,5.5962,0.0000,5.4095,7.8986,7.1223
17.6264,19.3256,14.4588,13.1390,7.6241,8.9383,4.6179,7.0338,11.5904,10.4582,14.9987,13.2689,18.6431,17.3875,16.2264,16.1715,13.9315,11.1900,11.0635,7.9460,5.6025,7.1362,5.4095,0.0000,5.0542,6.9818
20.8655,21.4542,16.4125,16.2357,11.2138,10.8895,8.3887,11.9317,15.9147,14.8591,18.6688,15.9744,21.1314,18.7684,16.6813,16.0736,15.4514,12.7184,10.9978,10.3554,6.2868,5.7027,7.8986,5.0542,0.0000,4.5688
23.0177,24.3770,19.3449,19.4458,13.9633,14.9146,11.4160,13.7046,18.5374,16.5383,20.9980,17.9362,22.7702,20.5253,19.3969,17.6765,16.6346,15.3100,11.4572,11.6068,9.3386,5.8583,7.1223,6.9818,4.5688,0.0000