c1,c2,c3,c4,c5,c6,c7,c8,c9,c10,c11,c12,c13,c14,c15,c16,c17,c18,c19,c20,c21,c22,c23,c24,c25,c26,c27
0.0000,4.8289,6.3418,10.6513,12.9345,15.3405,20.0643,18.7375,16.0329,11.1219,10.3325,6.4443,7.2992,5.3372,6.4177,11.3355,10.7410,6.5114,9.8121,8.2900,11.4823,12.2565,10.3316,9.1321,3.7677,8.3439,10.4759
4.8289,0.0000,5.9425,7.6894,11.3639,13.5420,18.3502,18.0530,15.4165,11.0126,8.8549,8.0708,5.1080,6.8431,5.8561,9.9471,11.4831,8.7284,12.2467,10.7804,15.3599,15.3560,13.7774,13.6539,8.0159,12.6093,13.4725
6.3418,5.9425,0.0000,5.4206,6.8918,9.1753,13.7573,12.6573,10.3620,5.4080,5.9516,5.4107,6.6711,9.4454,11.1143,15.2933,15.9924,12.1306,14.0604,10.4034,14.6063,13.1059,10.4820,12.1602,8.3865,13.8975,16.6348
10.6513,7.6894,5.4206,0.0000,5.9781,6.2324,10.9366,11.4928,9.2906,6.5898,4.7700,8.9321,6.9074,12.2368,13.1859,16.1190,18.1878,15.3118,17.0484,13.5501,18.7148,16.5822,14.7347,17.0833,12.8547,18.4008,20.3641
12.9345,11.3639,6.8918,5.9781,0.0000,5.9379,8.6685,8.6809,8.8268,6.1829,8.9085,11.4815,12.0459,16.1863,17.1678,21.0171,22.4906,18.9076,20.8280,16.7771,20.8450,18.4725,15.4681,18.0974,15.1808,20.5853,23.3898
15.3405,13.5420,9.1753,6.2324,5.9379,0.0000,5.0626,5.7076,4.4455,5.6690,6.8330,11.5343,11.8127,16.8657,18.9305,21.8305,23.4870,20.2167,20.8554,16.3452,20.9561,17.5686,15.5973,19.3675,16.6958,22.2823,25.1256
20.0643,18.3502,13.7573,10.9366,8.6685,5.0626,0.0000,4.2355,6.6178,9.7171,11.8107,16.2299,16.8665,21.8782,23.8885,26.8145,28.5430,25.2007,25.7354,21.0269,25.2518,21.5066,19.3666,23.4828,21.4052,26.9280,30.0175
18.7375,18.0530,12.6573,11.4928,8.6809,5.7076,4.2355,0.0000,4.4409,7.7121,11.2223,14.3584,16.5039,20.6942,23.3721,26.7000,27.7177,23.9435,24.0569,19.0407,22.5599,18.6331,16.2695,20.6615,19.5254,24.8026,28.4269
16.0329,15.4165,10.3620,9.2906,8.8268,4.4455,6.6178,4.4409,0.0000,5.2120,7.5023,10.8676,12.9635,17.1159,20.2686,23.2300,24.1303,20.5328,20.1752,15.1721,19.0956,15.0584,13.3281,17.8473,16.4150,21.7019,25.1459
11.1219,11.0126,5.4080,6.5898,6.1829,5.6690,9.7171,7.7121,5.2120,0.0000,5.3357,6.8756,9.6765,13.1359,15.9619,19.6084,20.2011,16.2734,16.7506,11.9707,15.8736,12.7613,10.1809,13.8510,11.8792,17.2909,20.7340
10.3325,8.8549,5.9516,4.7700,8.9085,6.8330,11.8107,11.2223,7.5023,5.3357,0.0000,5.9662,5.5112,10.4180,13.1971,15.7680,17.0435,13.9553,14.2263,10.0762,15.3815,12.6123,11.5547,14.6246,11.1158,16.5797,19.0050
6.4443,8.0708,5.4107,8.9321,11.4815,11.5343,16.2299,14.3584,10.8676,6.8756,5.9662,0.0000,6.0872,6.8034,10.8989,14.4096,13.9945,9.9231,9.8995,5.3227,9.8514,7.9667,6.4591,8.6868,5.7169,11.0284,14.2961
7.2992,5.1080,6.6711,6.9074,12.0459,11.8127,16.8665,16.5039,12.9635,9.6765,5.5112,6.0872,0.0000,6.0096,7.9843,10.2721,11.8170,9.3396,10.6362,8.2853,13.9562,12.8984,12.4154,13.5810,8.4684,13.4059,14.6237
5.3372,6.8431,9.4454,12.2368,16.1863,16.8657,21.8782,20.6942,17.1159,13.1359,10.4180,6.8034,6.0096,0.0000,5.3156,8.2092,7.1961,3.6343,5.4106,5.4262,9.7566,10.8152,10.9032,9.8642,4.5467,7.8358,8.7672
6.4177,5.8561,11.1143,13.1859,17.1678,18.9305,23.8885,23.3721,20.2686,15.9619,13.1971,10.8989,7.9843,5.3156,0.0000,5.1932,5.9416,4.7528,9.4315,10.7269,14.3973,15.9988,15.4912,13.7302,8.0440,10.1561,8.9097
11.3355,9.9471,15.2933,16.1190,21.0171,21.8305,26.8145,26.7000,23.2300,19.6084,15.7680,14.4096,10.2721,8.2092,5.1932,0.0000,4.8337,7.4958,10.5087,13.1089,16.9321,18.6042,19.1107,17.5196,12.1802,13.3709,10.6421
10.7410,11.4831,15.9924,18.1878,22.4906,23.4870,28.5430,27.7177,24.1303,20.2011,17.0435,13.9945,11.8170,7.1961,5.9416,4.8337,0.0000,4.7408,7.3655,11.3584,13.6775,16.4005,17.2157,14.6503,10.3141,9.6339,6.1898
6.5114,8.7284,12.1306,15.3118,18.9076,20.2167,25.2007,23.9435,20.5328,16.2734,13.9553,9.9231,9.3396,3.6343,4.7528,7.4958,4.7408,0.0000,5.2879,7.7792,10.1686,12.6808,12.8102,10.2467,5.6016,5.9852,5.3008
9.8121,12.2467,14.0604,17.0484,20.8280,20.8554,25.7354,24.0569,20.1752,16.7506,14.2263,9.8995,10.6362,5.4106,9.4315,10.5087,7.3655,5.2879,0.0000,5.2521,6.9047,9.4312,11.2653,9.4021,7.0634,6.7485,7.4770
8.2900,10.7804,10.4034,13.5501,16.7771,16.3452,21.0269,19.0407,15.1721,11.9707,10.0762,5.3227,8.2853,5.4262,10.7269,13.1089,11.3584,7.7792,5.2521,0.0000,5.9000,5.5387,6.8694,7.3485,5.4047,8.3959,11.3383
11.4823,15.3599,14.6063,18.7148,20.8450,20.9561,25.2518,22.5599,19.0956,15.8736,15.3815,9.8514,13.9562,9.7566,14.3973,16.9321,13.6775,10.1686,6.9047,5.9000,0.0000,4.9126,6.7968,4.7921,7.7224,6.9172,10.9836
12.2565,15.3560,13.1059,16.5822,18.4725,17.5686,21.5066,18.6331,15.0584,12.7613,12.6123,7.9667,12.8984,10.8152,15.9988,18.6042,16.4005,12.6808,9.4312,5.5387,4.9126,0.0000,4.3104,6.7798,9.0420,10.8808,15.0041
10.3316,13.7774,10.4820,14.7347,15.4681,15.5973,19.3666,16.2695,13.3281,10.1809,11.5547,6.4591,12.4154,10.9032,15.4912,19.1107,17.2157,12.8102,11.2653,6.8694,6.7968,4.3104,0.0000,5.1763,7.7624,10.6237,15.3393
9.1321,13.6539,12.1602,17.0833,18.0974,19.3675,23.4828,20.6615,17.8473,13.8510,14.6246,8.6868,13.5810,9.8642,13.7302,17.5196,14.6503,10.2467,9.4021,7.3485,4.7921,6.7798,5.1763,0.0000,5.9201,6.1606,11.2633
3.7677,8.0159,8.3865,12.8547,15.1808,16.6958,21.4052,19.5254,16.4150,11.8792,11.1158,5.7169,8.4684,4.5467,8.0440,12.1802,10.3141,5.6016,7.0634,5.4047,7.7224,9.0420,7.7624,5.9201,0.0000,5.6254,8.9825
8.3439,12.6093,13.8975,18.4008,20.5853,22.2823,26.9280,24.8026,21.7019,17.2909,16.5797,11.0284,13.4059,7.8358,10.1561,13.3709,9.6339,5.9852,6.7485,8.3959,6.9172,10.8808,10.6237,6.1606,5.6254,0.0000,5.1485
10.4759,13.4725,16.6348,20.3641,23.3898,25.1256,30.0175,28.4269,25.1459,20.7340,19.0050,14.2961,14.6237,8.7672,8.9097,10.6421,6.1898,5.3008,7.4770,11.3383,10.9836,15.0041,15.3393,11.2633,8.9825,5.1485,0.0000