c1,c2,c3,c4,c5,c6,c7,c8,c9,c10,c11,c12,c13,c14,c15,c16,c17,c18,c19,c20,c21,c22,c23,c24,c25,c26,c27,c28
0.0000,6.0892,6.6117,7.5833,10.3927,14.1973,15.3424,17.6896,17.6563,13.0423,10.4695,3.5853,5.6582,5.5222,9.3081,10.8713,13.4427,9.4004,9.1478,14.2394,14.5563,11.7425,14.7570,18.4170,17.0634,17.6960,20.9841,22.9378
6.0892,0.0000,5.2037,7.8007,12.0472,13.5181,16.7261,18.8197,20.2993,15.7722,14.1420,7.6469,8.0174,7.4333,9.0155,8.0670,12.5675,10.9666,9.3496,13.3859,15.7253,13.9606,15.1170,19.3915,19.5704,19.2397,21.5164,24.4243
6.6117,5.2037,0.0000,6.0433,7.9523,9.8654,12.7469,16.0608,17.0520,12.0862,12.2917,6.4013,4.4832,7.3633,7.0500,5.1369,8.9687,7.1103,4.1661,8.5935,10.9041,9.0301,10.0107,14.1992,14.6006,14.4121,16.4701,19.2668
7.5833,7.8007,6.0433,0.0000,5.6548,7.3617,9.5332,11.0739,12.6960,8.7367,7.6776,4.9702,8.1622,11.5910,12.8007,10.8285,14.5135,11.7264,7.7137,12.5288,14.5279,10.6449,10.9677,16.0846,14.8673,13.2735,16.6041,19.5722
10.3927,12.0472,7.9523,5.6548,0.0000,5.6278,5.1472,9.2418,9.2987,4.3388,7.3265,7.2508,8.0848,13.1827,13.2887,11.6299,13.4388,10.3725,6.2719,10.2095,11.0676,6.3643,6.6093,11.3158,9.3724,7.8227,11.6623,14.1312
14.1973,13.5181,9.8654,7.3617,5.6278,0.0000,5.5261,8.1948,10.8866,8.0645,11.2537,11.3905,12.0502,16.7799,15.9771,12.3272,15.0862,13.9116,8.7392,10.7680,13.6703,10.3038,7.1054,12.5056,12.2982,8.6646,10.8618,14.7438
15.3424,16.7261,12.7469,9.5332,5.1472,5.5261,0.0000,5.6973,5.9252,3.9526,9.0670,11.9667,13.1280,18.3144,18.0908,15.8214,17.3177,14.8625,10.6791,13.0260,13.9035,9.4725,7.6918,11.7941,9.2979,5.3836,9.6898,12.2476
17.6896,18.8197,16.0608,11.0739,9.2418,8.1948,5.6973,0.0000,5.2321,7.3162,9.3857,14.1818,17.0934,21.7587,22.3159,19.7721,22.2153,19.6104,15.1756,18.0801,19.4358,14.8090,13.1031,17.4196,14.7048,10.6250,14.5261,17.1220
17.6563,20.2993,17.0520,12.6960,9.2987,10.8866,5.9252,5.2321,0.0000,5.3481,8.1878,14.0988,16.6897,21.4819,22.2963,20.8917,22.2821,18.8584,15.4497,18.4737,18.3498,13.4300,13.1666,16.3066,12.1623,9.3198,14.1156,15.3144
13.0423,15.7722,12.0862,8.7367,4.3388,8.0645,3.9526,7.3162,5.3481,0.0000,5.9247,9.5902,11.3996,16.3492,16.9679,15.8792,17.1199,13.5324,10.2783,13.7506,13.5411,8.4307,9.0689,12.6815,8.9486,7.1470,12.1025,13.6667
10.4695,14.1420,12.2917,7.6776,7.3265,11.2537,9.0670,9.3857,8.1878,5.9247,0.0000,7.1546,11.6074,15.1841,17.4455,17.1538,19.2943,14.9417,12.3296,17.1421,17.0355,11.9379,13.7619,17.7466,14.0652,13.0341,17.8632,19.4506
3.5853,7.6469,6.4013,4.9702,7.2508,11.3905,11.9667,14.1818,14.0988,9.5902,7.1546,0.0000,5.7215,8.2971,10.9630,11.3719,13.9565,9.7319,8.0053,13.4017,13.7905,9.9442,12.5677,16.6334,14.7113,14.7674,18.4768,20.5060
5.6582,8.0174,4.4832,8.1622,8.0848,12.0502,13.1280,17.0934,16.6897,11.3996,11.6074,5.7215,0.0000,5.3850,5.9055,7.4173,8.5069,4.0664,4.4288,9.0528,8.9170,6.8435,10.1868,13.1271,12.6359,13.9186,16.4387,18.2046
5.5222,7.4333,7.3633,11.5910,13.1827,16.7799,18.3144,21.7587,21.4819,16.3492,15.1841,8.2971,5.3850,0.0000,4.9472,8.9448,10.0777,6.8006,9.2010,12.8505,12.6717,11.9166,15.3143,17.8007,17.6391,19.2921,21.5934,23.2342
9.3081,9.0155,7.0500,12.8007,13.2887,15.9771,18.0908,22.3159,22.2963,16.9679,17.4455,10.9630,5.9055,4.9472,0.0000,5.6074,5.3492,4.5807,7.5578,9.1961,9.5707,10.6519,13.1691,14.9770,16.3027,18.0335,19.1959,20.9798
10.8713,8.0670,5.1369,10.8285,11.6299,12.3272,15.8214,19.7721,20.8917,15.8792,17.1538,11.3719,7.4173,8.9448,5.6074,0.0000,5.4119,7.1891,5.8438,6.4706,9.9118,10.5978,10.6611,13.6914,15.9381,16.1468,16.6639,19.5351
13.4427,12.5675,8.9687,14.5135,13.4388,15.0862,17.3177,22.2153,22.2821,17.1199,19.2943,13.9565,8.5069,10.0777,5.3492,5.4119,0.0000,5.4875,7.3058,5.3460,6.4318,9.6097,10.6620,11.3342,14.3097,15.9911,15.7992,17.6181
9.4004,10.9666,7.1103,11.7264,10.3725,13.9116,14.8625,19.6104,18.8584,13.5324,14.9417,9.7319,4.0664,6.8006,4.5807,7.1891,5.4875,0.0000,5.2775,7.2904,5.8740,6.3797,9.9223,11.2363,11.8812,14.1619,15.6694,16.9409
9.1478,9.3496,4.1661,7.7137,6.2719,8.7392,10.6791,15.1756,15.4497,10.2783,12.3296,8.0053,4.4288,9.2010,7.5578,5.8438,7.3058,5.2775,0.0000,5.3984,7.1453,5.2518,6.3005,10.0639,10.7319,11.0035,12.7604,15.2535
14.2394,13.3859,8.5935,12.5288,10.2095,10.7680,13.0260,18.0801,18.4737,13.7506,17.1421,13.4017,9.0528,12.8505,9.1961,6.4706,5.3460,7.2904,5.3984,0.0000,5.3096,7.1735,5.7944,7.4543,10.9307,11.4072,10.8197,13.4073
14.5563,15.7253,10.9041,14.5279,11.0676,13.6703,13.9035,19.4358,18.3498,13.5411,17.0355,13.7905,8.9170,12.6717,9.5707,9.9118,6.4318,5.8740,7.1453,5.3096,0.0000,5.2261,7.2591,5.9211,8.3154,11.1716,11.2458,11.9270
11.7425,13.9606,9.0301,10.6449,6.3643,10.3038,9.4725,14.8090,13.4300,8.4307,11.9379,9.9442,6.8435,11.9166,10.6519,10.5978,9.6097,6.3797,5.2518,7.1735,5.2261,0.0000,5.3505,7.0017,5.8850,7.9738,10.3676,11.4520
14.7570,15.1170,10.0107,10.9677,6.6093,7.1054,7.6918,13.1031,13.1666,9.0689,13.7619,12.5677,10.1868,15.3143,13.1691,10.6611,10.6620,9.9223,6.3005,5.7944,7.2591,5.3505,0.0000,5.5466,6.9585,5.7408,6.4854,9.5481
18.4170,19.3915,14.1992,16.0846,11.3158,12.5056,11.7941,17.4196,16.3066,12.6815,17.7466,16.6334,13.1271,17.8007,14.9770,13.6914,11.3342,11.2363,10.0639,7.4543,5.9211,7.0017,5.5466,0.0000,5.6295,7.3792,5.7669,6.2949
17.0634,19.5704,14.6006,14.8673,9.3724,12.2982,9.2979,14.7048,12.1623,8.9486,14.0652,14.7113,12.6359,17.6391,16.3027,15.9381,14.3097,11.8812,10.7319,10.9307,8.3154,5.8850,6.9585,5.6295,0.0000,5.1435,7.4799,6.5653
17.6960,19.2397,14.4121,13.2735,7.8227,8.6646,5.3836,10.6250,9.3198,7.1470,13.0341,14.7674,13.9186,19.2921,18.0335,16.1468,15.9911,14.1619,11.0035,11.4072,11.1716,7.9738,5.7408,7.3792,5.1435,0.0000,5.1449,6.8992
20.9841,21.5164,16.4701,16.6041,11.6623,10.8618,9.6898,14.5261,14.1156,12.1025,17.8632,18.4768,16.4387,21.5934,19.1959,16.6639,15.7992,15.6694,12.7604,10.8197,11.2458,10.3676,6.4854,5.7669,7.4799,5.1449,0.0000,4.6745
22.9378,24.4243,19.2668,19.5722,14.1312,14.7438,12.2476,17.1220,15.3144,13.6667,19.4506,20.5060,18.2046,23.2342,20.9798,19.5351,17.6181,16.9409,15.2535,13.4073,11.9270,11.4520,9.5481,6.2949,6.5653,6.8992,4.6745,0.0000