c1,c2,c3,c4,c5,c6,c7,c8,c9,c10,c11,c12,c13,c14,c15,c16,c17,c18,c19,c20,c21,c22,c23,c24,c25,c26,c27,c28,c29
0.0000,5.8301,5.6813,9.6892,12.1827,15.8438,18.7651,21.0552,18.9602,16.5515,14.3001,9.0270,10.0848,6.5802,10.1448,11.9619,15.2740,12.9260,13.0958,18.8315,16.4406,19.3329,22.9116,21.9505,23.0540,25.4611,27.7367,26.4161,29.4948
5.8301,0.0000,6.0250,6.9250,8.0475,10.6736,14.4755,15.7906,13.2674,11.4835,8.5004,3.7189,5.5567,5.0431,8.7873,10.7019,13.5633,9.7288,9.3437,15.1195,11.5403,14.7917,18.4516,16.6612,17.7536,20.7255,22.8183,22.1647,25.2706
5.6813,6.0250,0.0000,5.2915,7.9405,12.1829,14.0016,17.2022,16.2188,13.5483,12.3382,7.1559,8.1353,7.7589,9.0231,8.0815,12.8141,11.4053,9.3282,16.3608,13.8689,15.3662,19.7000,19.4751,19.5028,21.4656,24.3760,22.6579,26.5316
9.6892,6.9250,5.2915,0.0000,5.9663,8.0200,10.6914,13.0960,12.7962,11.6266,9.4940,6.5666,4.7472,7.5962,6.6972,4.7220,9.0150,7.5583,4.0740,11.4713,9.0787,10.1830,14.4522,14.6962,14.7161,16.3084,19.1701,17.3731,21.3127
12.1827,8.0475,7.9405,5.9663,0.0000,5.6564,6.7125,9.8100,9.2133,6.1875,7.0781,4.9663,7.6275,11.4827,12.1696,10.3406,14.3197,11.8435,7.4130,14.6422,10.2870,10.5029,15.7724,14.5396,13.0947,15.9503,19.1803,18.4535,22.9515
15.8438,10.6736,12.1829,8.0200,5.6564,0.0000,5.9350,5.3516,5.2588,6.4282,4.9506,7.7257,7.3966,12.7108,12.3668,11.1975,13.1399,10.2045,6.1749,10.9217,5.9515,5.9035,10.7982,9.0427,7.6234,10.9328,13.7358,13.6797,17.8986
18.7651,14.4755,14.0016,10.6914,6.7125,5.9350,0.0000,5.7694,8.4728,7.1888,9.9973,11.1925,12.2865,17.1944,16.5397,13.5059,16.6294,15.1491,9.9111,15.2733,11.3513,8.5343,14.0079,13.4282,9.6543,11.9227,15.8463,15.3452,20.6000
21.0552,15.7906,17.2022,13.0960,9.8100,5.3516,5.7694,0.0000,4.8117,7.6473,8.5469,12.5266,12.6221,17.9776,17.3737,15.7448,17.1709,14.7322,10.8431,13.5489,9.2022,6.9601,10.9925,8.8678,4.6713,8.6720,11.6057,12.6914,17.1537
18.9602,13.2674,16.2188,12.7962,9.2133,5.2588,8.4728,4.8117,0.0000,5.5025,4.9686,10.0543,10.9943,15.8782,16.4922,16.2722,17.6279,13.8253,11.0934,14.0395,8.6291,9.3162,12.7675,8.7438,7.2813,12.1430,13.9646,15.6193,19.1183
16.5515,11.4835,13.5483,11.6266,6.1875,6.4282,7.1888,7.6473,5.5025,0.0000,6.0254,7.7884,11.2518,15.4450,16.8338,15.9244,18.8794,15.3835,11.6954,17.1418,11.7371,12.0593,16.8004,13.7489,11.7206,15.9550,18.6615,19.4480,23.6400
14.3001,8.5004,12.3382,9.4940,7.0781,4.9506,9.9973,8.5469,4.9686,6.0254,0.0000,5.7458,6.8209,11.1468,12.5794,13.3749,14.9628,10.4614,8.6375,12.6966,7.1402,9.9647,13.5271,9.9900,10.4601,14.6208,16.3754,17.1483,20.3355
9.0270,3.7189,7.1559,6.5666,4.9663,7.7257,11.1925,12.5266,10.0543,7.7884,5.7458,0.0000,5.6213,8.0478,10.5643,11.1417,14.3149,10.4587,8.3915,14.7412,10.2165,12.7277,17.0010,14.8351,15.0655,18.4226,20.8080,20.4923,24.0714
10.0848,5.5567,8.1353,4.7472,7.6275,7.3966,12.2865,12.6221,10.9943,11.2518,6.8209,5.6213,0.0000,5.4245,5.8026,7.5887,9.1166,4.8414,4.5767,9.6090,6.3559,9.8880,13.0282,11.9698,13.4731,15.8096,17.7108,16.7944,19.7772
6.5802,5.0431,7.7589,7.5962,11.4827,12.7108,17.1944,17.9776,15.8782,15.4450,11.1468,8.0478,5.4245,0.0000,4.9845,9.1782,10.4119,6.8777,9.1271,12.9706,11.1875,15.0463,17.4990,16.6179,18.7884,20.9234,22.5012,21.3350,23.6663
10.1448,8.7873,9.0231,6.6972,12.1696,12.3668,16.5397,17.3737,16.4922,16.8338,12.5794,10.5643,5.8026,4.9845,0.0000,5.6112,5.5047,4.0772,6.9167,9.5737,9.7426,12.7137,14.5914,15.3369,17.4190,18.3812,20.0291,18.0079,20.3430
11.9619,10.7019,8.0815,4.7220,10.3406,11.1975,13.5059,15.7448,16.2722,15.9244,13.3749,11.1417,7.5887,9.1782,5.6112,0.0000,5.5606,7.2910,5.3423,10.3124,10.4381,10.8757,14.0262,15.9465,16.3361,16.5428,19.2523,16.4404,20.0763
15.2740,13.5633,12.8141,9.0150,14.3197,13.1399,16.6294,17.1709,17.6279,18.8794,14.9628,14.3149,9.1166,10.4119,5.5047,5.5606,0.0000,5.5150,7.2469,6.7636,9.6813,10.9348,11.6492,14.4187,16.2167,15.6445,17.2278,14.2347,16.4931
12.9260,9.7288,11.4053,7.5583,11.8435,10.2045,15.1491,14.7322,13.8253,15.3835,10.4614,10.4587,4.8414,6.8777,4.0772,7.2910,5.5150,0.0000,5.5955,6.1143,6.1342,9.8827,11.0391,11.4150,14.0709,15.1721,16.3513,14.8451,16.8781
13.0958,9.3437,9.3282,4.0740,7.4130,6.1749,9.9111,10.8431,11.0934,11.6954,8.6375,8.3915,4.5767,9.1271,6.9167,5.3423,7.2469,5.5955,0.0000,7.7371,5.5594,6.5038,10.3828,11.0690,11.4003,12.6127,15.2176,13.4440,17.2645
18.8315,15.1195,16.3608,11.4713,14.6422,10.9217,15.2733,13.5489,14.0395,17.1418,12.6966,14.7412,9.6090,12.9706,9.5737,10.3124,6.7636,6.1143,7.7371,0.0000,5.6490,7.3329,5.6247,8.2879,11.1376,10.6551,11.1126,9.2336,10.8125
16.4406,11.5403,13.8689,9.0787,10.2870,5.9515,11.3513,9.2022,8.6291,11.7371,7.1402,10.2165,6.3559,11.1875,9.7426,10.4381,9.6813,6.1342,5.5594,5.6490,0.0000,5.3531,7.1209,5.8463,8.0866,10.1867,11.4539,11.1871,13.9424
19.3329,14.7917,15.3662,10.1830,10.5029,5.9035,8.5343,6.9601,9.3162,12.0593,9.9647,12.7277,9.8880,15.0463,12.7137,10.8757,10.9348,9.8827,6.5038,7.3329,5.3531,0.0000,5.6680,7.1387,5.7304,6.1553,9.2415,7.9762,12.6344
22.9116,18.4516,19.7000,14.4522,15.7724,10.7982,14.0079,10.9925,12.7675,16.8004,13.5271,17.0010,13.0282,17.4990,14.5914,14.0262,11.6492,11.0391,10.3828,5.6247,7.1209,5.6680,0.0000,5.8100,7.2583,5.4950,5.6008,4.3883,7.1929
21.9505,16.6612,19.4751,14.6962,14.5396,9.0427,13.4282,8.8678,8.7438,13.7489,9.9900,14.8351,11.9698,16.6179,15.3369,15.9465,14.4187,11.4150,11.0690,8.2879,5.8463,7.1387,5.8100,0.0000,5.3986,7.8703,7.2430,9.3672,11.0178
23.0540,17.7536,19.5028,14.7161,13.0947,7.6234,9.6543,4.6713,7.2813,11.7206,10.4601,15.0655,13.4731,18.7884,17.4190,16.3361,16.2167,14.0709,11.4003,11.1376,8.0866,5.7304,7.2583,5.3986,0.0000,5.0727,7.0345,8.8942,12.7240
25.4611,20.7255,21.4656,16.3084,15.9503,10.9328,11.9227,8.6720,12.1430,15.9550,14.6208,18.4226,15.8096,20.9234,18.3812,16.5428,15.6445,15.1721,12.6127,10.6551,10.1867,6.1553,5.4950,7.8703,5.0727,0.0000,4.5050,4.4873,9.4022
27.7367,22.8183,24.3760,19.1701,19.1803,13.7358,15.8463,11.6057,13.9646,18.6615,16.3754,20.8080,17.7108,22.5012,20.0291,19.2523,17.2278,16.3513,15.2176,11.1126,11.4539,9.2415,5.6008,7.2430,7.0345,4.5050,0.0000,4.8289,6.4158
26.4161,22.1647,22.6579,17.3731,18.4535,13.6797,15.3452,12.6914,15.6193,19.4480,17.1483,20.4923,16.7944,21.3350,18.0079,16.4404,14.2347,14.8451,13.4440,9.2336,11.1871,7.9762,4.3883,9.3672,8.8942,4.4873,4.8289,0.0000,5.8311
29.4948,25.2706,26.5316,21.3127,22.9515,17.8986,20.6000,17.1537,19.1183,23.6400,20.3355,24.0714,19.7772,23.6663,20.3430,20.0763,16.4931,16.8781,17.2645,10.8125,13.9424,12.6344,7.1929,11.0178,12.7240,9.4022,6.4158,5.8311,0.0000