c1,c2,c3,c4,c5,c6,c7,c8,c9,c10,c11,c12,c13,c14,c15,c16,c17,c18,c19,c20,c21,c22,c23,c24,c25,c26
0.0000,5.6002,6.6765,10.7646,14.0162,17.4608,21.0558,24.5012,26.5586,31.3181,32.1242,30.0116,27.5448,22.5282,21.7150,16.9438,15.7660,12.2667,12.1869,16.9871,16.4226,19.7254,19.1638,24.1436,22.1132,27.5275
5.6002,0.0000,5.7344,6.2830,11.0832,13.0443,17.4732,20.4768,22.4360,27.3199,27.5740,25.2965,22.7460,17.7788,17.4683,12.1622,12.4592,8.4660,10.5778,15.2495,12.9680,15.9260,14.2337,19.3646,16.8352,22.2763
6.6765,5.7344,0.0000,5.8341,7.5256,11.8200,14.6154,18.5532,20.2563,24.9499,26.0823,24.4105,21.8060,16.9537,15.6411,11.6001,9.5546,7.8259,8.4546,12.6862,12.3028,14.1974,14.5195,18.7021,17.3381,22.5287
10.7646,6.2830,5.8341,0.0000,5.6150,6.9590,11.2675,14.4561,16.1676,21.0480,21.4478,19.4426,16.7964,11.8211,11.4200,6.3814,7.1501,5.5431,9.4531,12.8918,10.1527,11.0354,9.6223,13.8554,11.6537,16.9561
14.0162,11.0832,7.5256,5.6150,0.0000,5.7877,7.1387,11.3398,13.0180,17.5065,18.9987,17.5557,15.2620,10.5675,9.4200,7.1628,5.3161,8.3380,10.7928,12.7979,11.7993,10.4105,11.2492,13.3873,12.4872,16.9060
17.4608,13.0443,11.8200,6.9590,5.7877,0.0000,5.7447,7.6339,9.8974,14.4857,14.9221,12.6288,10.6889,5.2740,6.9092,4.3363,7.4536,9.9407,14.0954,15.6415,12.6574,10.2024,8.6120,9.8163,7.2671,11.5725
21.0558,17.4732,14.6154,11.2675,7.1387,5.7447,0.0000,5.5762,6.1492,10.3717,12.2598,11.5711,9.5726,6.3939,5.5830,7.9458,7.8698,12.8323,15.6740,15.7506,14.3426,10.1155,11.2695,9.9237,10.2667,12.6280
24.5012,20.4768,18.5532,14.4561,11.3398,7.6339,5.5762,0.0000,5.9737,8.2866,9.8113,7.1564,8.1994,5.4423,8.8473,10.8353,12.9093,17.0254,20.6124,20.9832,18.7133,14.4572,13.8807,11.4978,10.1363,10.8201
26.5586,22.4360,20.2563,16.1676,13.0180,9.8974,6.1492,5.9737,0.0000,5.1756,6.2976,7.6373,5.0691,6.4695,6.1198,10.9387,12.1329,16.7833,19.8148,18.8368,16.8756,11.6300,12.4035,8.1063,10.0448,9.5006
31.3181,27.3199,24.9499,21.0480,17.5065,14.4857,10.3717,8.2866,5.1756,0.0000,4.6837,7.4771,7.8925,10.6830,11.2543,16.0274,17.0886,21.9303,24.7911,23.5286,21.9201,16.5265,17.3895,12.5328,14.3124,12.1566
32.1242,27.5740,26.0823,21.4478,18.9987,14.9221,12.2598,9.8113,6.2976,4.6837,0.0000,5.6297,5.3266,10.0713,11.2689,15.6987,17.9440,21.9807,25.3359,24.0944,21.5382,16.3546,16.0809,10.7125,12.4033,8.7874
30.0116,25.2965,24.4105,19.4426,17.5557,12.6288,11.5711,7.1564,7.6373,7.4771,5.6297,0.0000,5.9326,7.7569,11.7869,14.4205,17.8150,21.2555,25.2905,25.1320,21.9322,17.4100,15.6962,11.6664,10.4404,7.4027
27.5448,22.7460,21.8060,16.7964,15.2620,10.6889,9.5726,8.1994,5.0691,7.8925,5.3266,5.9326,0.0000,5.7177,7.1672,10.7766,13.8744,17.1884,20.9465,20.2003,16.9124,12.1917,10.9259,5.9760,7.1867,4.6595
22.5282,17.7788,16.9537,11.8211,10.5675,5.2740,6.3939,5.4423,6.4695,10.6830,10.0713,7.7569,5.7177,0.0000,5.8581,6.7328,10.6316,13.5800,17.7992,18.2802,14.8355,11.0340,8.9431,7.1165,4.7342,6.8384
21.7150,17.4683,15.6411,11.4200,9.4200,6.9092,5.5830,8.8473,6.1198,11.2543,11.2689,11.7869,7.1672,5.8581,0.0000,5.7481,6.8458,10.9162,14.0812,13.3616,10.7986,5.8432,6.8601,4.6849,7.3439,9.7168
16.9438,12.1622,11.6001,6.3814,7.1628,4.3363,7.9458,10.8353,10.9387,16.0274,15.6987,14.4205,10.7766,6.7328,5.7481,0.0000,5.6792,6.8956,11.4181,12.6590,8.7431,6.8649,4.4882,7.5150,6.1453,11.1234
15.7660,12.4592,9.5546,7.1501,5.3161,7.4536,7.8698,12.9093,12.1329,17.0886,17.9440,17.8150,13.8744,10.6316,6.8458,5.6792,0.0000,5.7281,7.8675,8.3964,7.2218,5.3542,7.9823,10.2777,11.4101,15.6270
12.2667,8.4660,7.8259,5.5431,8.3380,9.9407,12.8323,17.0254,16.7833,21.9303,21.9807,21.2555,17.1884,13.5800,10.9162,6.8956,5.7281,0.0000,5.0535,8.0504,4.8517,7.7276,7.7037,12.6131,12.4885,17.5176
12.1869,10.5778,8.4546,9.4531,10.7928,14.0954,15.6740,20.6124,19.8148,24.7911,25.3359,25.2905,20.9465,17.7992,14.0812,11.4181,7.8675,5.0535,0.0000,4.8717,5.9308,9.6887,11.8796,16.1340,17.1546,21.8672
16.9871,15.2495,12.6862,12.8918,12.7979,15.6415,15.7506,20.9832,18.8368,23.5286,24.0944,25.1320,20.2003,18.2802,13.3616,12.6590,8.3964,8.0504,4.8717,0.0000,5.7861,8.1032,12.2289,15.1502,17.8291,21.7208
16.4226,12.9680,12.3028,10.1527,11.7993,12.6574,14.3426,18.7133,16.8756,21.9201,21.5382,21.9322,16.9124,14.8355,10.7986,8.7431,7.2218,4.8517,5.9308,5.7861,0.0000,5.5917,7.1481,11.3805,13.2078,17.3931
19.7254,15.9260,14.1974,11.0354,10.4105,10.2024,10.1155,14.4572,11.6300,16.5265,16.3546,17.4100,12.1917,11.0340,5.8432,6.8649,5.3542,7.7276,9.6887,8.1032,5.5917,0.0000,5.8202,7.0852,10.5365,13.7630
19.1638,14.2337,14.5195,9.6223,11.2492,8.6120,11.2695,13.8807,12.4035,17.3895,16.0809,15.6962,10.9259,8.9431,6.8601,4.4882,7.9823,7.7037,11.8796,12.2289,7.1481,5.8202,0.0000,5.8152,6.2168,10.4698
24.1436,19.3646,18.7021,13.8554,13.3873,9.8163,9.9237,11.4978,8.1063,12.5328,10.7125,11.6664,5.9760,7.1165,4.6849,7.5150,10.2777,12.6131,16.1340,15.1502,11.3805,7.0852,5.8152,0.0000,5.9356,6.9808
22.1132,16.8352,17.3381,11.6537,12.4872,7.2671,10.2667,10.1363,10.0448,14.3124,12.4033,10.4404,7.1867,4.7342,7.3439,6.1453,11.4101,12.4885,17.1546,17.8291,13.2078,10.5365,6.2168,5.9356,0.0000,5.4471
27.5275,22.2763,22.5287,16.9561,16.9060,11.5725,12.6280,10.8201,9.5006,12.1566,8.7874,7.4027,4.6595,6.8384,9.7168,11.1234,15.6270,17.5176,21.8672,21.7208,17.3931,13.7630,10.4698,6.9808,5.4471,0.0000