c1,c2,c3,c4,c5,c6,c7,c8,c9,c10,c11,c12,c13,c14,c15,c16,c17,c18
0.0000,4.7544,5.9063,5.0665,7.7334,10.2942,11.4938,10.5322,13.0576,15.7948,15.4007,17.2958,19.2807,20.7905,22.1664,24.3666,27.6179,28.6405
4.7544,0.0000,5.2847,7.6202,7.5144,9.0883,12.0037,12.0987,12.5322,15.6398,16.7169,17.9488,18.8553,21.3361,23.4048,24.6062,27.8673,29.7698
5.9063,5.2847,0.0000,5.6840,7.5866,6.5938,8.5019,10.1825,11.1913,12.5780,14.0378,16.6271,17.0050,18.4545,21.0764,22.9376,25.4391,27.1318
5.0665,7.6202,5.6840,0.0000,5.2608,7.1832,6.8669,5.8173,9.2522,11.2710,10.4441,12.9893,15.0068,15.9046,17.3435,19.9113,22.8702,23.7276
7.7334,7.5144,7.5866,5.2608,0.0000,5.2089,6.9335,5.5341,5.6497,9.7334,9.9636,10.4547,11.9812,14.5567,16.1571,17.2500,20.7925,22.5827
10.2942,9.0883,6.5938,7.1832,5.2089,0.0000,4.4180,7.0822,5.2338,6.7688,9.6117,11.3198,10.6420,12.9073,16.0072,16.9188,19.4327,21.8392
11.4938,12.0037,8.5019,6.8669,6.9335,4.4180,0.0000,4.7931,5.5695,4.6616,6.0319,9.4817,9.5623,9.9950,12.8735,15.0473,17.1268,18.6885
10.5322,12.0987,10.1825,5.8173,5.5341,7.0822,4.7931,0.0000,5.5503,7.4205,5.0561,7.3101,10.0034,10.6596,11.6457,14.2095,17.3256,18.1316
13.0576,12.5322,11.1913,9.2522,5.6497,5.2338,5.5695,5.5503,0.0000,5.2181,6.7731,6.4262,6.3852,9.6105,11.9270,12.1929,15.4522,17.9137
15.7948,15.6398,12.5780,11.2710,9.7334,6.7688,4.6616,7.4205,5.2181,0.0000,5.5152,7.7453,5.6448,6.3609,10.3458,11.4326,13.0309,15.4701
15.4007,16.7169,14.0378,10.4441,9.9636,9.6117,6.0319,5.0561,6.7731,5.5152,0.0000,5.2454,7.3274,5.9373,7.1105,10.4405,12.7604,13.3186
17.2958,17.9488,16.6271,12.9893,10.4547,11.3198,9.4817,7.3101,6.4262,7.7453,5.2454,0.0000,5.3543,6.8702,6.5077,7.2532,11.3192,12.7148
19.2807,18.8553,17.0050,15.0068,11.9812,10.6420,9.5623,10.0034,6.3852,5.6448,7.3274,5.3543,0.0000,5.3822,8.2271,6.6429,9.3596,12.8224
20.7905,21.3361,18.4545,15.9046,14.5567,12.9073,9.9950,10.6596,9.6105,6.3609,5.9373,6.8702,5.3822,0.0000,5.0019,6.7765,7.3107,9.1199
22.1664,23.4048,21.0764,17.3435,16.1571,16.0072,12.8735,11.6457,11.9270,10.3458,7.1105,6.5077,8.2271,5.0019,0.0000,5.7225,7.3957,6.6016
24.3666,24.6062,22.9376,19.9113,17.2500,16.9188,15.0473,14.2095,12.1929,11.4326,10.4405,7.2532,6.6429,6.7765,5.7225,0.0000,5.0493,7.9005
27.6179,27.8673,25.4391,22.8702,20.7925,19.4327,17.1268,17.3256,15.4522,13.0309,12.7604,11.3192,9.3596,7.3107,7.3957,5.0493,0.0000,5.5241
28.6405,29.7698,27.1318,23.7276,22.5827,21.8392,18.6885,18.1316,17.9137,15.4701,13.3186,12.7148,12.8224,9.1199,6.6016,7.9005,5.5241,0.0000