c1,c2,c3,c4,c5,c6,c7,c8,c9,c10,c11,c12,c13,c14,c15,c16,c17,c18,c19,c20,c21,c22,c23,c24,c25,c26,c27
0.0000,5.3416,7.2496,5.3620,6.2814,9.7738,10.6094,15.0853,15.9855,11.1501,16.1368,12.6753,17.7803,17.7234,22.3334,22.2022,21.0367,19.2444,15.9553,18.1863,13.2982,17.5767,13.8550,19.4768,17.0930,21.9618,24.6317
5.3416,0.0000,5.6252,7.0911,4.7761,7.1801,5.9530,11.3781,11.6175,7.0872,11.8223,9.9250,14.3871,15.9529,20.6021,20.8899,19.1361,16.0888,13.5691,14.5868,10.7357,14.4206,11.6144,17.4989,15.8302,20.2638,22.7315
7.2496,5.6252,0.0000,5.3196,6.9795,6.2984,6.0462,8.8103,9.5901,5.7708,11.6729,9.9587,15.3828,16.5950,21.6481,20.6181,18.0784,15.6715,11.5227,12.2108,6.9717,10.4064,6.8703,12.5168,11.3063,15.9787,18.0058
5.3620,7.0911,5.3196,0.0000,5.4176,6.6098,9.3710,11.9676,14.2201,10.8530,16.7317,14.4678,19.9472,20.5600,25.5164,24.6659,22.6416,20.6293,16.4750,17.5189,12.1231,15.0189,10.0705,15.3817,12.1242,17.0171,19.9905
6.2814,4.7761,6.9795,5.4176,0.0000,4.6400,6.9255,11.0159,13.1772,10.2550,15.5670,14.4220,18.9386,20.6761,25.3721,25.4927,23.5301,20.4239,17.4630,17.6847,13.4355,15.8342,11.5226,17.3305,14.0745,18.4065,21.7096
9.7738,7.1801,6.2984,6.6098,4.6400,0.0000,4.9561,6.7649,10.0523,9.0520,14.5077,14.7121,19.1581,21.5797,26.4379,26.0502,23.3630,19.9436,16.6493,15.5831,11.6240,12.4231,7.7809,13.3107,10.0342,14.0414,17.3347
10.6094,5.9530,6.0462,9.3710,6.9255,4.9561,0.0000,5.8402,6.4353,5.0385,9.7602,10.8889,14.6104,17.7531,22.4226,22.3359,19.5402,15.5373,13.0789,11.6536,8.9024,10.1921,7.9596,13.4826,12.4023,16.0242,18.2835
15.0853,11.3781,8.8103,11.9676,11.0159,6.7649,5.8402,0.0000,4.9990,8.1710,12.0240,14.4640,17.9580,21.3607,26.0447,25.1823,21.6410,17.7579,14.7516,11.5551,9.4980,7.2185,5.0360,8.8979,8.3454,10.8302,12.8492
15.9855,11.6175,9.5901,14.2201,13.1772,10.0523,6.4353,4.9990,0.0000,5.8216,7.5010,11.1793,13.6957,17.6108,21.9936,21.2162,17.5137,13.2213,11.0587,7.0687,7.1467,5.3326,7.2967,10.4632,12.2663,14.5675,15.2307
11.1501,7.0872,5.7708,10.8530,10.2550,9.0520,5.0385,8.1710,5.8216,0.0000,5.9790,6.3615,10.6029,13.3461,18.1499,17.5519,14.5711,10.9072,8.0479,7.5626,4.7905,8.2374,8.2553,13.1227,13.9574,17.6887,18.8176
16.1368,11.8223,11.6729,16.7317,15.5670,14.5077,9.7602,12.0240,7.5010,5.9790,0.0000,5.9175,6.2485,10.8445,14.7622,14.6955,11.4958,6.3884,6.8703,5.3690,7.7693,10.1072,12.9794,16.4100,18.7309,21.6524,21.8550
12.6753,9.9250,9.9587,14.4678,14.4220,14.7121,10.8889,14.4640,11.1793,6.3615,5.9175,0.0000,5.8831,7.0188,11.9456,11.4943,9.3015,6.5773,5.0285,8.4730,7.3910,12.4970,13.7777,17.9062,19.5419,23.4020,23.9181
17.7803,14.3871,15.3828,19.9472,18.9386,19.1581,14.6104,17.9580,13.6957,10.6029,6.2485,5.8831,0.0000,5.7715,8.7598,9.9559,8.2856,3.9981,7.9342,9.9198,11.9488,15.6879,18.3312,21.8854,24.1923,27.4999,27.6018
17.7234,15.9529,16.5950,20.5600,20.6761,21.5797,17.7531,21.3607,17.6108,13.3461,10.8445,7.0188,5.7715,0.0000,5.0922,5.4769,6.0408,6.5714,8.5570,13.0826,13.5649,18.4688,20.5157,24.0348,26.2465,30.0319,30.0557
22.3334,20.6021,21.6481,25.5164,25.3721,26.4379,22.4226,26.0447,21.9936,18.1499,14.7622,11.9456,8.7598,5.0922,0.0000,5.0436,8.0464,9.5933,13.0339,17.0511,18.4192,22.9511,25.4514,28.7243,31.2233,34.8606,34.6547
22.2022,20.8899,20.6181,24.6659,25.4927,26.0502,22.3359,25.1823,21.2162,17.5519,14.6955,11.4943,9.9559,5.4769,5.0436,0.0000,4.4967,8.8315,10.7769,15.3909,16.5074,20.9897,23.7561,26.3095,29.3259,32.8536,32.1883
21.0367,19.1361,18.0784,22.6416,23.5301,23.3630,19.5402,21.6410,17.5137,14.5711,11.4958,9.3015,8.2856,6.0408,8.0464,4.4967,0.0000,5.5936,7.0763,11.2148,12.9593,16.8825,20.2148,22.3042,25.7668,28.9762,28.0530
19.2444,16.0888,15.6715,20.6293,20.4239,19.9436,15.5373,17.7579,13.2213,10.9072,6.3884,6.5773,3.9981,6.5714,9.5933,8.8315,5.5936,0.0000,5.6242,7.6400,10.6349,13.9344,17.4935,20.1118,23.2900,26.2993,25.7625
15.9553,13.5691,11.5227,16.4750,17.4630,16.6493,13.0789,14.7516,11.0587,8.0479,6.8703,5.0285,7.9342,8.5570,13.0339,10.7769,7.0763,5.6242,0.0000,5.7219,5.8985,10.3252,13.1602,15.7458,18.7922,22.1462,21.6942
18.1863,14.5868,12.2108,17.5189,17.6847,15.5831,11.6536,11.5551,7.0687,7.5626,5.3690,8.4730,9.9198,13.0826,17.0511,15.3909,11.2148,7.6400,5.7219,0.0000,5.8596,6.5189,11.2056,12.8765,16.6607,19.0500,18.2577
13.2982,10.7357,6.9717,12.1231,13.4355,11.6240,8.9024,9.4980,7.1467,4.7905,7.7693,7.3910,11.9488,13.5649,18.4192,16.5074,12.9593,10.6349,5.8985,5.8596,0.0000,5.8822,7.2751,10.5915,12.9476,16.5173,16.6717
17.5767,14.4206,10.4064,15.0189,15.8342,12.4231,10.1921,7.2185,5.3326,8.2374,10.1072,12.4970,15.6879,18.4688,22.9511,20.9897,16.8825,13.9344,10.3252,6.5189,5.8822,0.0000,5.9465,6.5069,10.5344,12.5573,11.9322
13.8550,11.6144,6.8703,10.0705,11.5226,7.7809,7.9596,5.0360,7.2967,8.2553,12.9794,13.7777,18.3312,20.5157,25.4514,23.7561,20.2148,17.4935,13.1602,11.2056,7.2751,5.9465,0.0000,5.9361,5.8665,9.7382,11.2565
19.4768,17.4989,12.5168,15.3817,17.3305,13.3107,13.4826,8.8979,10.4632,13.1227,16.4100,17.9062,21.8854,24.0348,28.7243,26.3095,22.3042,20.1118,15.7458,12.8765,10.5915,6.5069,5.9361,0.0000,6.0943,7.0696,6.1331
17.0930,15.8302,11.3063,12.1242,14.0745,10.0342,12.4023,8.3454,12.2663,13.9574,18.7309,19.5419,24.1923,26.2465,31.2233,29.3259,25.7668,23.2900,18.7922,16.6607,12.9476,10.5344,5.8665,6.0943,0.0000,4.9936,8.1997
21.9618,20.2638,15.9787,17.0171,18.4065,14.0414,16.0242,10.8302,14.5675,17.6887,21.6524,23.4020,27.4999,30.0319,34.8606,32.8536,28.9762,26.2993,22.1462,19.0500,16.5173,12.5573,9.7382,7.0696,4.9936,0.0000,4.7949
24.6317,22.7315,18.0058,19.9905,21.7096,17.3347,18.2835,12.8492,15.2307,18.8176,21.8550,23.9181,27.6018,30.0557,34.6547,32.1883,28.0530,25.7625,21.6942,18.2577,16.6717,11.9322,11.2565,6.1331,8.1997,4.7949,0.0000