c1,c2,c3,c4,c5,c6,c7,c8,c9,c10,c11,c12,c13,c14,c15,c16,c17,c18,c19,c20,c21,c22,c23,c24,c25,c26,c27,c28,c29
0.0000,5.2200,5.7656,9.6280,10.2131,8.9789,11.8252,13.4769,15.3931,12.4777,16.2014,14.3767,8.9750,11.7183,6.6341,12.4436,11.1285,15.9090,14.6483,13.0659,12.2368,8.4228,12.7729,14.1207,13.4752,17.7271,18.3641,22.7848,23.6758
5.2200,0.0000,6.0546,7.0779,5.5436,6.5141,10.2965,9.8591,11.6903,8.2359,13.1516,11.4939,5.5475,9.3859,5.6138,10.8736,11.6988,16.4356,16.5814,14.7803,12.0082,9.5404,11.8430,13.0451,12.0026,17.1018,17.1752,21.4264,22.9195
5.7656,6.0546,0.0000,5.2859,7.6388,5.8667,6.5236,8.9289,11.4723,10.2459,13.9391,13.9244,8.8466,13.8485,10.5115,16.4067,16.3463,21.2131,20.2943,18.2780,16.5232,12.3292,14.8665,13.7382,10.7406,15.6413,14.4922,19.5602,21.3759
9.6280,7.0779,5.2859,0.0000,5.1697,7.1756,6.7879,5.6669,9.7219,9.3271,14.2486,14.9778,10.0002,15.4507,12.6758,17.7539,18.5580,23.1028,23.2771,21.6328,19.0116,15.9081,17.5268,16.3300,12.6236,18.1378,15.7801,20.8497,23.4994
10.2131,5.5436,7.6388,5.1697,0.0000,5.4919,8.0502,4.9897,7.1552,4.8817,10.7015,10.8179,6.2417,11.4483,10.2641,14.4151,16.5584,21.0684,21.7446,19.6515,15.9961,13.8157,14.1075,13.4736,10.8248,16.4374,15.0431,19.2871,21.7185
8.9789,6.5141,5.8667,7.1756,5.4919,0.0000,5.1615,6.5107,6.7280,5.0671,8.0992,8.5634,4.8291,10.5398,10.0358,15.1234,16.8288,21.8136,21.2460,18.2899,15.1562,11.4156,11.4790,9.1819,5.9390,11.4717,10.7021,15.1248,17.0879
11.8252,10.2965,6.5236,6.7879,8.0502,5.1615,0.0000,5.5755,6.9831,8.6060,10.5911,12.8264,9.9584,15.6889,14.7353,20.1039,21.3592,26.3480,25.5863,22.8239,20.1449,15.9594,16.2866,12.6792,7.4896,12.4214,9.2127,14.5467,17.3648
13.4769,9.8591,8.9289,5.6669,4.9897,6.5107,5.5755,0.0000,4.5498,6.4081,10.4145,12.6000,9.6187,15.2684,14.7507,19.1706,21.2940,25.9425,26.2750,23.8816,20.3315,17.4423,17.1573,14.5957,10.1770,15.5967,12.4605,17.0023,20.2379
15.3931,11.6903,11.4723,9.7219,7.1552,6.7280,6.9831,4.5498,0.0000,4.8017,6.4294,9.7070,9.0477,14.0784,15.3654,19.1971,22.0838,26.7733,26.9598,23.9328,19.9181,17.1889,15.4343,11.9440,7.7362,12.6028,9.8267,13.4314,16.6963
12.4777,8.2359,10.2459,9.3271,4.8817,5.0671,8.6060,6.4081,4.8017,0.0000,6.0231,6.5440,4.7279,9.4982,10.9903,14.4179,17.5550,22.1419,22.5374,19.5849,15.3189,13.2133,11.5362,9.8807,7.7945,12.9561,12.2990,15.5936,17.8366
16.2014,13.1516,13.9391,14.2486,10.7015,8.0992,10.5911,10.4145,6.4294,6.0231,0.0000,4.8328,8.1795,11.1031,14.5428,17.4933,20.8851,25.4878,25.1870,21.3900,17.1960,14.7130,11.1614,6.8470,5.4154,8.4526,8.8661,10.4167,12.3629
14.3767,11.4939,13.9244,14.9778,10.8179,8.5634,12.8264,12.6000,9.7070,6.5440,4.8328,0.0000,5.9486,6.5655,11.1027,13.1816,16.8303,21.2147,20.9729,17.0983,12.6463,10.9691,6.7303,5.2171,7.5019,10.2301,12.6022,14.0192,14.6908
8.9750,5.5475,8.8466,10.0002,6.2417,4.8291,9.9584,9.6187,9.0477,4.7279,8.1795,5.9486,0.0000,5.8697,6.6092,10.6864,13.2888,18.0854,17.9994,14.9328,10.9827,8.5306,7.8810,8.2189,8.1940,12.9176,13.9113,17.2219,18.4495
11.7183,9.3859,13.8485,15.4507,11.4483,10.5398,15.6889,15.2684,14.0784,9.4982,11.1031,6.5655,5.8697,0.0000,6.1001,6.7233,10.5224,14.6834,14.7887,11.3192,6.3699,6.6810,4.3323,9.0073,12.1619,15.2178,17.9963,20.0755,20.2070
6.6341,5.6138,10.5115,12.6758,10.2641,10.0358,14.7353,14.7507,15.3654,10.9903,14.5428,11.1027,6.6092,6.1001,0.0000,6.0325,6.8270,11.7914,11.6676,9.4510,6.4690,5.3099,8.4746,12.3638,13.8377,17.8092,19.6585,23.0146,23.5019
12.4436,10.8736,16.4067,17.7539,14.4151,15.1234,20.1039,19.1706,19.1971,14.4179,17.4933,13.1816,10.6864,6.7233,6.0325,0.0000,5.3055,8.4010,10.1115,8.5687,4.3593,8.4723,9.7170,15.4299,18.2196,21.6037,24.1452,26.6750,26.7764
11.1285,11.6988,16.3463,18.5580,16.5584,16.8288,21.3592,21.2940,22.0838,17.5550,20.8851,16.8303,13.2888,10.5224,6.8270,5.3055,0.0000,5.0896,5.6258,5.9118,5.8035,8.4644,12.3494,17.8662,20.3423,23.6595,26.1907,29.2332,29.1419
15.9090,16.4356,21.2131,23.1028,21.0684,21.8136,26.3480,25.9425,26.7733,22.1419,25.4878,21.2147,18.0854,14.6834,11.7914,8.4010,5.0896,0.0000,5.1385,8.1881,9.3100,13.1539,16.5008,22.4812,25.3061,28.4474,31.1897,34.0354,33.7600
14.6483,16.5814,20.2943,23.2771,21.7446,21.2460,25.5863,26.2750,26.9598,22.5374,25.1870,20.9729,17.9994,14.7887,11.6676,10.1115,5.6258,5.1385,0.0000,4.7691,8.7472,11.0955,15.3222,21.0151,24.1028,26.5963,29.7929,32.5722,31.8387
13.0659,14.7803,18.2780,21.6328,19.6515,18.2899,22.8239,23.8816,23.9328,19.5849,21.3900,17.0983,14.9328,11.3192,9.4510,8.5687,5.9118,8.1881,4.7691,0.0000,5.3715,7.1945,10.9714,16.6731,20.2914,22.2776,25.9288,28.3075,27.3212
12.2368,12.0082,16.5232,19.0116,15.9961,15.1562,20.1449,20.3315,19.9181,15.3189,17.1960,12.6463,10.9827,6.3699,6.4690,4.3593,5.8035,9.3100,8.7472,5.3715,0.0000,5.6200,7.2397,13.4932,17.1877,19.6589,23.0546,25.2384,24.6869
8.4228,9.5404,12.3292,15.9081,13.8157,11.4156,15.9594,17.4423,17.1889,13.2133,14.7130,10.9691,8.5306,6.6810,5.3099,8.4723,8.4644,13.1539,11.0955,7.1945,5.6200,0.0000,5.8317,10.1325,13.1342,15.5789,18.7963,21.4956,21.0157
12.7729,11.8430,14.8665,17.5268,14.1075,11.4790,16.2866,17.1573,15.4343,11.5362,11.1614,6.7303,7.8810,4.3323,8.4746,9.7170,12.3494,16.5008,15.3222,10.9714,7.2397,5.8317,0.0000,6.5303,11.2553,12.8192,16.8076,18.2740,17.5486
14.1207,13.0451,13.7382,16.3300,13.4736,9.1819,12.6792,14.5957,11.9440,9.8807,6.8470,5.2171,8.2189,9.0073,12.3638,15.4299,17.8662,22.4812,21.0151,16.6731,13.4932,10.1325,6.5303,0.0000,5.8142,6.3669,10.5908,11.8103,11.3871
13.4752,12.0026,10.7406,12.6236,10.8248,5.9390,7.4896,10.1770,7.7362,7.7945,5.4154,7.5019,8.1940,12.1619,13.8377,18.2196,20.3423,25.3061,24.1028,20.2914,17.1877,13.1342,11.2553,5.8142,0.0000,5.6614,5.9378,9.4938,11.1490
17.7271,17.1018,15.6413,18.1378,16.4374,11.4717,12.4214,15.5967,12.6028,12.9561,8.4526,10.2301,12.9176,15.2178,17.8092,21.6037,23.6595,28.4474,26.5963,22.2776,19.6589,15.5789,12.8192,6.3669,5.6614,0.0000,6.0151,6.2879,5.9543
18.3641,17.1752,14.4922,15.7801,15.0431,10.7021,9.2127,12.4605,9.8267,12.2990,8.8661,12.6022,13.9113,17.9963,19.6585,24.1452,26.1907,31.1897,29.7929,25.9288,23.0546,18.7963,16.8076,10.5908,5.9378,6.0151,0.0000,5.5214,8.7635
22.7848,21.4264,19.5602,20.8497,19.2871,15.1248,14.5467,17.0023,13.4314,15.5936,10.4167,14.0192,17.2219,20.0755,23.0146,26.6750,29.2332,34.0354,32.5722,28.3075,25.2384,21.4956,18.2740,11.8103,9.4938,6.2879,5.5214,0.0000,4.5491
23.6758,22.9195,21.3759,23.4994,21.7185,17.0879,17.3648,20.2379,16.6963,17.8366,12.3629,14.6908,18.4495,20.2070,23.5019,26.7764,29.1419,33.7600,31.8387,27.3212,24.6869,21.0157,17.5486,11.3871,11.1490,5.9543,8.7635,4.5491,0.0000