c1,c2,c3,c4,c5,c6,c7,c8,c9,c10,c11,c12,c13,c14,c15
0.0000,5.5720,7.4384,5.8160,4.5310,8.9540,11.4797,14.2162,17.4113,16.8728,13.0911,15.7839,20.2630,21.6354,19.3167
5.5720,0.0000,5.2147,7.7873,7.4085,9.4168,12.0817,14.2033,15.9876,15.3920,10.4278,12.5113,17.6173,17.9143,15.2371
7.4384,5.2147,0.0000,5.0063,7.8264,9.1555,8.9307,12.7633,13.4058,14.7379,10.0985,10.4608,16.0406,16.7092,13.3360
5.8160,7.7873,5.0063,0.0000,5.4208,8.2563,7.3356,12.0744,14.1510,15.5254,12.1290,13.3394,17.9995,19.7651,16.9879
4.5310,7.4085,7.8264,5.4208,0.0000,4.8087,7.9078,9.9325,13.7820,13.0913,10.3068,13.4297,17.0328,19.1672,17.5101
8.9540,9.4168,9.1555,8.2563,4.8087,0.0000,5.9659,5.4416,9.6336,8.3174,6.5174,10.1340,12.6322,15.2693,14.4674
11.4797,12.0817,8.9307,7.3356,7.9078,5.9659,0.0000,5.9590,7.6598,10.1288,9.0014,9.7482,12.5316,15.5536,13.9550
14.2162,14.2033,12.7633,12.0744,9.9325,5.4416,5.9590,0.0000,5.6695,5.0315,6.9486,9.2912,9.3439,13.2086,13.5213
17.4113,15.9876,13.4058,14.1510,13.7820,9.6336,7.6598,5.6695,0.0000,5.8273,7.3343,6.2217,5.4903,9.3814,9.5680
16.8728,15.3920,14.7379,15.5254,13.0913,8.3174,10.1288,5.0315,5.8273,0.0000,5.4743,7.9028,5.8321,9.4746,11.2424
13.0911,10.4278,10.0985,12.1290,10.3068,6.5174,9.0014,6.9486,7.3343,5.4743,0.0000,4.9304,7.5720,9.0636,8.6826
15.7839,12.5113,10.4608,13.3394,13.4297,10.1340,9.7482,9.2912,6.2217,7.9028,4.9304,0.0000,6.0437,6.5028,4.4471
20.2630,17.6173,16.0406,17.9995,17.0328,12.6322,12.5316,9.3439,5.4903,5.8321,7.5720,6.0437,0.0000,4.6284,7.2948
21.6354,17.9143,16.7092,19.7651,19.1672,15.2693,15.5536,13.2086,9.3814,9.4746,9.0636,6.5028,4.6284,0.0000,4.7826
19.3167,15.2371,13.3360,16.9879,17.5101,14.4674,13.9550,13.5213,9.5680,11.2424,8.6826,4.4471,7.2948,4.7826,0.0000