c1,c2,c3,c4,c5,c6,c7,c8,c9,c10,c11,c12,c13,c14,c15,c16,c17,c18,c19,c20,c21,c22,c23,c24,c25,c26,c27,c28
0.0000,5.7389,6.2347,10.8106,12.0797,16.6096,18.2903,22.9484,23.7938,20.4006,20.0558,14.8783,16.6309,13.8965,17.1426,15.7831,20.3584,23.0685,19.3401,18.3326,12.7034,17.2523,13.7191,18.8357,19.1743,22.7919,26.0391,23.7874
5.7389,0.0000,5.8475,7.1909,10.4950,14.8060,16.0024,20.7358,21.1053,17.1105,17.8248,12.0318,14.8387,12.1141,15.7354,15.0173,18.3224,20.8765,17.7120,15.4426,10.4677,14.2246,9.8934,15.6128,15.0416,19.5840,22.7009,21.5390
6.2347,5.8475,0.0000,5.7961,5.9117,10.4602,12.1175,16.8421,17.5679,14.3271,14.2193,9.1017,11.9539,10.5325,14.6547,15.5160,18.7799,22.3918,19.7535,17.6158,12.4364,14.9271,10.1281,14.5111,14.0246,17.3372,20.1084,17.6715
10.8106,7.1909,5.7961,0.0000,5.9720,8.3379,10.1612,14.9537,14.4137,10.2853,10.7622,4.9003,8.7491,7.7174,12.0165,14.0612,15.6051,19.2812,17.6295,14.3621,10.4551,10.9511,5.2354,9.6233,8.4461,12.5500,15.6039,14.5329
12.0797,10.4950,5.9117,5.9720,0.0000,5.4557,6.2473,10.9387,11.9270,9.3005,10.0823,5.9755,10.5773,11.4047,15.7203,18.4811,20.3072,24.4640,22.8731,19.9708,15.7660,16.1132,10.7312,13.2818,11.2903,13.8516,15.4157,12.5206
16.6096,14.8060,10.4602,8.3379,5.4557,0.0000,4.5145,8.4719,7.7628,5.8807,4.9627,4.4286,7.8995,10.7731,14.4305,18.6967,19.2289,23.7918,23.2382,20.1551,17.0246,15.4821,11.0338,10.8877,9.1374,9.5355,10.8023,7.2711
18.2903,16.0024,12.1175,10.1612,6.2473,4.5145,0.0000,4.8719,6.1348,5.1769,8.0673,7.2861,12.0969,14.6479,18.5078,22.5153,22.9433,27.2773,26.6731,23.2018,20.0945,18.7218,13.6403,14.0282,10.5029,11.6795,11.0651,8.0438
22.9484,20.7358,16.8421,14.9537,10.9387,8.4719,4.8719,0.0000,4.6729,7.2378,10.4519,11.6831,15.8223,18.9664,22.4982,26.9427,26.8732,31.2593,31.0687,27.4692,24.7464,22.8200,18.0522,17.5033,13.6329,13.5658,10.9507,7.8743
23.7938,21.1053,17.5679,14.4137,11.9270,7.7628,6.1348,4.6729,0.0000,4.6581,7.3443,10.2060,13.3651,16.9725,19.9459,24.8975,23.9556,28.3091,28.7501,25.0343,23.1233,20.1939,16.2002,14.3338,10.7361,9.4260,6.3339,4.0535
20.4006,17.1105,14.3271,10.2853,9.3005,5.8807,5.1769,7.2378,4.6581,0.0000,5.8360,6.3686,10.4949,13.4081,16.6723,21.2090,20.3701,24.5222,24.7221,20.8214,18.9124,16.1686,11.8198,10.7100,6.4422,7.2560,6.5521,6.1007
20.0558,17.8248,14.2193,10.7622,10.0823,4.9627,8.0673,10.4519,7.3443,5.8360,0.0000,5.8884,6.2648,10.3662,12.8633,18.1117,17.2375,21.8683,22.3203,19.1273,17.2820,14.0923,11.1485,8.3464,7.6526,5.2469,7.3601,4.8142
14.8783,12.0318,9.1017,4.9003,5.9755,4.4286,7.2861,11.6831,10.2060,6.3686,5.8884,0.0000,5.8920,7.5955,11.5296,15.4264,15.7467,20.0376,19.4280,16.0254,13.1456,11.4962,6.6803,7.4844,5.9283,8.3343,11.1865,9.7397
16.6309,14.8387,11.9539,8.7491,10.5773,7.8995,12.0969,15.8223,13.3651,10.4949,6.2648,5.8920,0.0000,4.4329,6.7859,11.9130,11.7054,16.4901,16.4754,13.8894,11.7840,9.0170,7.3971,5.2677,8.4061,7.9136,12.4989,11.0425
13.8965,12.1141,10.5325,7.7174,11.4047,10.7731,14.6479,18.9664,16.9725,13.4081,10.3662,7.5955,4.4329,0.0000,4.4093,7.9997,9.0923,13.5725,12.6356,10.3264,7.4481,6.1211,5.2035,6.1431,9.9000,11.2925,16.1396,15.1756
17.1426,15.7354,14.6547,12.0165,15.7203,14.4305,18.5078,22.4982,19.9459,16.6723,12.8633,11.5296,6.7859,4.4093,0.0000,5.8530,5.5852,10.3822,10.3227,8.9881,8.0782,5.4652,8.4069,7.2839,12.5559,12.7532,18.0241,17.5576
15.7831,15.0173,15.5160,14.0612,18.4811,18.6967,22.5153,26.9427,24.8975,21.2090,18.1117,15.4264,11.9130,7.9997,5.8530,0.0000,5.8477,8.3937,5.8589,6.8864,5.4731,7.0952,10.6208,12.0265,16.6572,18.1100,23.3457,22.9098
20.3584,18.3224,18.7799,15.6051,20.3072,19.2289,22.9433,26.8732,23.9556,20.3701,17.2375,15.7467,11.7054,9.0923,5.5852,5.8477,0.0000,4.9006,6.5592,5.6875,8.4524,5.1775,10.8664,9.8018,15.0259,15.6464,20.9793,21.7453
23.0685,20.8765,22.3918,19.2812,24.4640,23.7918,27.2773,31.2593,28.3091,24.5222,21.8683,20.0376,16.4901,13.5725,10.3822,8.3937,4.9006,0.0000,4.8936,5.8077,10.5354,8.6433,14.3856,13.9792,18.6982,19.7823,24.9857,26.2955
19.3401,17.7120,19.7535,17.6295,22.8731,23.2382,26.6731,31.0687,28.7501,24.7221,22.3203,19.4280,16.4754,12.6356,10.3227,5.8589,6.5592,4.8936,0.0000,4.8091,7.4890,8.7463,13.4206,14.8838,19.2023,21.1853,26.4114,27.0202
18.3326,15.4426,17.6158,14.3621,19.9708,20.1551,23.2018,27.4692,25.0343,20.8214,19.1273,16.0254,13.8894,10.3264,8.9881,6.8864,5.6875,5.8077,4.8091,0.0000,5.6991,5.0712,9.6501,11.2448,14.9499,17.5019,22.5201,23.6654
12.7034,10.4677,12.4364,10.4551,15.7660,17.0246,20.0945,24.7464,23.1233,18.9124,17.2820,13.1456,11.7840,7.4481,8.0782,5.4731,8.4524,10.5354,7.4890,5.6991,0.0000,6.0041,7.2278,11.0523,14.1146,17.2232,22.0542,21.9866
17.2523,14.2246,14.9271,10.9511,16.1132,15.4821,18.7218,22.8200,20.1939,16.1686,14.0923,11.4962,9.0170,6.1211,5.4652,7.0952,5.1775,8.6433,8.7463,5.0712,6.0041,0.0000,5.8940,6.2686,10.5549,12.6200,17.7421,18.6363
13.7191,9.8934,10.1281,5.2354,10.7312,11.0338,13.6403,18.0522,16.2002,11.8198,11.1485,6.6803,7.3971,5.2035,8.4069,10.6208,10.8664,14.3856,13.4206,9.6501,7.2278,5.8940,0.0000,5.9112,7.0713,10.9807,15.2709,15.5177
18.8357,15.6128,14.5111,9.6233,13.2818,10.8877,14.0282,17.5033,14.3338,10.7100,8.3464,7.4844,5.2677,6.1431,7.2839,12.0265,9.8018,13.9792,14.8838,11.2448,11.0523,6.2686,5.9112,0.0000,5.7042,6.3814,11.5616,12.5898
19.1743,15.0416,14.0246,8.4461,11.2903,9.1374,10.5029,13.6329,10.7361,6.4422,7.6526,5.9283,8.4061,9.9000,12.5559,16.6572,15.0259,18.6982,19.2023,14.9499,14.1146,10.5549,7.0713,5.7042,0.0000,5.7420,8.7364,10.5917
22.7919,19.5840,17.3372,12.5500,13.8516,9.5355,11.6795,13.5658,9.4260,7.2560,5.2469,8.3343,7.9136,11.2925,12.7532,18.1100,15.6464,19.7823,21.1853,17.5019,17.2232,12.6200,10.9807,6.3814,5.7420,0.0000,5.3663,7.4462
26.0391,22.7009,20.1084,15.6039,15.4157,10.8023,11.0651,10.9507,6.3339,6.5521,7.3601,11.1865,12.4989,16.1396,18.0241,23.3457,20.9793,24.9857,26.4114,22.5201,22.0542,17.7421,15.2709,11.5616,8.7364,5.3663,0.0000,5.6648
23.7874,21.5390,17.6715,14.5329,12.5206,7.2711,8.0438,7.8743,4.0535,6.1007,4.8142,9.7397,11.0425,15.1756,17.5576,22.9098,21.7453,26.2955,27.0202,23.6654,21.9866,18.6363,15.5177,12.5898,10.5917,7.4462,5.6648,0.0000