c1,c2,c3,c4,c5,c6,c7,c8,c9,c10,c11,c12,c13,c14,c15,c16,c17,c18,c19,c20,c21,c22,c23
0.0000,4.6349,7.0822,10.9646,12.8306,17.5542,17.9168,23.0907,21.0062,19.6477,16.5323,14.1081,9.5553,8.8266,6.7491,4.2624,5.2593,9.0042,9.3235,10.8395,12.4954,11.5522,16.0799
4.6349,0.0000,5.7867,7.6711,10.4132,14.5603,15.1068,20.2701,17.6583,15.8778,12.6236,10.4961,5.5124,7.3860,6.2345,7.0084,8.3873,10.1205,10.1484,10.1024,10.3954,8.0886,12.0426
7.0822,5.7867,0.0000,5.5038,6.0016,10.6824,11.6110,16.5774,15.3511,13.7064,10.6802,9.1176,6.4133,3.9137,7.6182,6.0886,10.3921,11.9932,9.6047,11.4105,9.5971,10.1652,12.7948
10.9646,7.6711,5.5038,0.0000,5.9448,7.7134,10.7645,15.2051,13.8263,10.7461,6.4874,7.9633,6.2602,7.6697,11.4108,11.3639,14.9901,16.1608,14.2272,14.6719,11.7011,10.6715,11.2902
12.8306,10.4132,6.0016,5.9448,0.0000,5.5438,5.8611,10.6205,10.0465,8.5635,6.8206,5.7834,7.2179,5.1293,10.7490,11.2035,15.2168,15.2351,11.9333,12.9967,8.6117,10.5146,10.6191
17.5542,14.5603,10.6824,7.7134,5.5438,0.0000,6.0937,8.5286,9.3043,6.2910,4.7971,8.1038,10.9001,10.6274,15.9595,16.4517,20.5291,20.5617,17.4061,17.9672,13.0658,14.1403,12.2225
17.9168,15.1068,11.6110,10.7645,5.8611,6.0937,0.0000,5.2301,4.7490,5.3176,7.4349,5.8846,10.4204,9.4054,14.0988,16.0556,19.3804,18.0628,14.6428,14.7190,9.2122,11.9538,9.8130
23.0907,20.2701,16.5774,15.2051,10.6205,8.5286,5.2301,0.0000,5.3280,6.9993,10.6389,10.6319,15.4731,14.5135,19.2158,21.0651,24.4859,22.9489,19.3743,19.4198,13.8774,16.6882,13.5481
21.0062,17.6583,15.3511,13.8263,10.0465,9.3043,4.7490,5.3280,0.0000,4.5202,8.8610,7.1926,12.3128,12.9165,16.4134,19.5716,22.1297,20.0376,17.2339,16.0797,10.6749,12.5248,8.7019
19.6477,15.8778,13.7064,10.7461,8.5635,6.2910,5.3176,6.9993,4.5202,0.0000,4.7758,6.1830,10.7334,12.3624,16.2899,18.8622,21.8030,20.5529,17.9940,16.9881,11.7678,12.1669,8.2041
16.5323,12.6236,10.6802,6.4874,6.8206,4.7971,7.4349,10.6389,8.8610,4.7758,0.0000,5.9118,8.3314,10.6525,14.6749,16.4011,19.6166,19.3506,17.1100,16.4926,11.9683,11.2224,8.6598
14.1081,10.4961,9.1176,7.9633,5.7834,8.1038,5.8846,10.6319,7.1926,6.1830,5.9118,0.0000,5.1264,7.1413,10.1554,13.3829,15.7765,14.4270,12.2163,11.0220,6.2058,6.4570,4.8906
9.5553,5.5124,6.4133,6.2602,7.2179,10.9001,10.4204,15.4731,12.3128,10.7334,8.3314,5.1264,0.0000,5.8009,6.8484,9.9740,11.8414,11.4425,10.3274,9.1538,6.8137,4.4549,6.8661
8.8266,7.3860,3.9137,7.6697,5.1293,10.6274,9.4054,14.5135,12.9165,12.3624,10.6525,7.1413,5.8009,0.0000,5.9221,6.7022,10.2421,10.2374,7.0387,8.6655,6.0166,8.2960,10.9031
6.7491,6.2345,7.6182,11.4108,10.7490,15.9595,14.0988,19.2158,16.4134,16.2899,14.6749,10.1554,6.8484,5.9221,0.0000,5.9262,5.8629,4.8019,4.3571,4.3099,6.3768,6.7105,11.5902
4.2624,7.0084,6.0886,11.3639,11.2035,16.4517,16.0556,21.0651,19.5716,18.8622,16.4011,13.3829,9.9740,6.7022,5.9262,0.0000,5.1605,8.1104,6.5346,9.7311,10.8364,11.9046,16.1808
5.2593,8.3873,10.3921,14.9901,15.2168,20.5291,19.3804,24.4859,22.1297,21.8030,19.6166,15.7765,11.8414,10.2421,5.8629,5.1605,0.0000,4.8822,6.6419,8.4170,12.0272,12.1112,17.2441
9.0042,10.1205,11.9932,16.1608,15.2351,20.5617,18.0628,22.9489,20.0376,20.5529,19.3506,14.4270,11.4425,10.2374,4.8019,8.1104,4.8822,0.0000,4.6212,4.3950,9.3824,10.0538,15.1224
9.3235,10.1484,9.6047,14.2272,11.9333,17.4061,14.6428,19.3743,17.2339,17.9940,17.1100,12.2163,10.3274,7.0387,4.3571,6.5346,6.6419,4.6212,0.0000,4.7986,7.0068,9.9564,14.2091
10.8395,10.1024,11.4105,14.6719,12.9967,17.9672,14.7190,19.4198,16.0797,16.9881,16.4926,11.0220,9.1538,8.6655,4.3099,9.7311,8.4170,4.3950,4.7986,0.0000,5.5628,6.7996,11.3249
12.4954,10.3954,9.5971,11.7011,8.6117,13.0658,9.2122,13.8774,10.6749,11.7678,11.9683,6.2058,6.8137,6.0166,6.3768,10.8364,12.0272,9.3824,7.0068,5.5628,0.0000,5.5885,7.8397
11.5522,8.0886,10.1652,10.6715,10.5146,14.1403,11.9538,16.6882,12.5248,12.1669,11.2224,6.4570,4.4549,8.2960,6.7105,11.9046,12.1112,10.0538,9.9564,6.7996,5.5885,0.0000,5.3450
16.0799,12.0426,12.7948,11.2902,10.6191,12.2225,9.8130,13.5481,8.7019,8.2041,8.6598,4.8906,6.8661,10.9031,11.5902,16.1808,17.2441,15.1224,14.2091,11.3249,7.8397,5.3450,0.0000