c1,c2,c3,c4,c5,c6,c7,c8,c9,c10,c11,c12,c13,c14,c15,c16,c17,c18,c19,c20,c21,c22,c23,c24
0.0000,6.1321,6.8605,7.9892,10.6706,14.6947,16.0749,13.5825,10.7368,8.8003,3.8450,5.5908,5.0953,11.3302,13.4519,8.9244,9.3080,14.3044,14.6854,11.4485,14.6561,18.1780,16.9035,17.8852
6.1321,0.0000,5.1069,7.8963,12.1804,13.9668,17.1100,16.3040,12.9955,12.7508,7.6332,8.0806,7.3754,8.5372,12.7000,10.5453,9.2843,13.6912,16.0999,13.8265,15.0988,19.2370,19.6107,19.6222
6.8605,5.1069,0.0000,6.0198,8.1763,10.3298,12.8647,12.6427,10.4291,9.7661,6.7206,4.7261,7.3906,5.5381,9.2436,7.1536,4.2404,8.9513,11.5618,9.1917,10.0276,14.1873,14.8822,14.8449
7.9892,7.8963,6.0198,0.0000,5.6705,7.3357,10.1446,9.3619,5.5946,7.5837,5.0853,7.8093,11.4712,11.2074,14.6813,11.6901,7.8203,12.8381,15.0103,10.5345,10.9320,16.0487,15.3652,13.7289
10.6706,12.1804,8.1763,5.6705,0.0000,5.7343,5.4063,4.6814,4.3151,4.9862,7.4772,7.6832,13.0122,12.0302,13.7167,10.6864,6.6526,10.5216,11.6293,6.3938,6.6079,11.4110,10.0615,8.1562
14.6947,13.9668,10.3298,7.3357,5.7343,0.0000,5.2585,8.3748,7.5821,10.5499,11.6334,12.0767,17.0070,13.1973,15.9810,14.6647,9.4345,11.9732,14.9022,10.8948,7.9510,13.2751,13.6253,9.6934
16.0749,17.1100,12.8647,10.1446,5.4063,5.2585,0.0000,5.0225,7.4240,9.1698,12.7680,12.6921,18.1743,15.6077,16.8206,14.8628,10.5698,12.3958,13.5796,9.1245,6.7732,10.8868,9.7790,5.0624
13.5825,16.3040,12.6427,9.3619,4.6814,8.3748,5.0225,0.0000,4.6902,5.2455,10.1108,11.0826,16.2760,16.4676,17.3647,13.8604,10.8187,13.9531,13.7423,8.2090,9.0241,12.5477,9.3419,6.9784
10.7368,12.9955,10.4291,5.5946,4.3151,7.5821,7.4240,4.6902,0.0000,4.8615,6.9102,9.9042,14.4622,15.2718,17.4215,13.6700,10.2743,14.7167,15.4933,9.9180,10.8443,15.4261,13.0748,10.9473
8.8003,12.7508,9.7661,7.5837,4.9862,10.5499,9.1698,5.2455,4.8615,0.0000,5.7750,7.0727,11.6032,14.1522,15.0138,10.3915,8.7796,13.0845,12.3824,6.8348,10.0769,13.4711,10.3557,10.4962
3.8450,7.6332,6.7206,5.0853,7.4772,11.6334,12.7680,10.1108,6.9102,5.7750,0.0000,5.6411,8.2096,12.0265,14.3546,9.8451,8.4561,13.7900,14.3687,9.9229,12.6502,16.7429,15.0274,15.1070
5.5908,8.0806,4.7261,7.8093,7.6832,12.0767,12.6921,11.0826,9.9042,7.0727,5.6411,0.0000,5.5340,8.0232,8.9548,4.2546,4.4099,9.0308,9.2092,6.3235,9.6338,12.6790,12.0597,13.4798
5.0953,7.3754,7.3906,11.4712,13.0122,17.0070,18.1743,16.2760,14.4622,11.6032,8.2096,5.5340,0.0000,9.2628,10.0502,6.0640,8.9650,12.5717,12.5099,11.3605,14.7946,17.1663,16.8064,18.9186
11.3302,8.5372,5.5381,11.2074,12.0302,13.1973,15.6077,16.4676,15.2718,14.1522,12.0265,8.0232,9.2628,0.0000,5.3503,7.1910,5.7702,6.5618,10.3091,10.8423,10.6211,13.3823,15.9117,16.4932
13.4519,12.7000,9.2436,14.6813,13.7167,15.9810,16.8206,17.3647,17.4215,15.0138,14.3546,8.9548,10.0502,5.3503,0.0000,5.5926,7.2600,5.1694,6.6681,9.8403,10.5863,11.0035,13.8718,16.0563
8.9244,10.5453,7.1536,11.6901,10.6864,14.6647,14.8628,13.8604,13.6700,10.3915,9.8451,4.2546,6.0640,7.1910,5.5926,0.0000,5.4168,7.2877,6.4648,6.7000,9.9906,11.3310,11.7584,14.4032
9.3080,9.2843,4.2404,7.8203,6.6526,9.4345,10.5698,10.8187,10.2743,8.7796,8.4561,4.4099,8.9650,5.7702,7.2600,5.4168,0.0000,5.3916,7.7031,5.5620,6.2211,9.9589,11.0021,11.3859
14.3044,13.6912,8.9513,12.8381,10.5216,11.9732,12.3958,13.9531,14.7167,13.0845,13.7900,9.0308,12.5717,6.5618,5.1694,7.2877,5.3916,0.0000,5.3331,7.2743,5.8285,6.9662,10.6028,11.5533
14.6854,16.0999,11.5618,15.0103,11.6293,14.9022,13.5796,13.7423,15.4933,12.3824,14.3687,9.2092,12.5099,10.3091,6.6681,6.4648,7.7031,5.3331,0.0000,5.7350,7.4976,5.6802,7.6413,11.1525
11.4485,13.8265,9.1917,10.5345,6.3938,10.8948,9.1245,8.2090,9.9180,6.8348,9.9229,6.3235,11.3605,10.8423,9.8403,6.7000,5.5620,7.2743,5.7350,0.0000,5.3273,7.1513,5.8196,7.8903
14.6561,15.0988,10.0276,10.9320,6.6079,7.9510,6.7732,9.0241,10.8443,10.0769,12.6502,9.6338,14.7946,10.6211,10.5863,9.9906,6.2211,5.8285,7.4976,5.3273,0.0000,5.4983,7.3282,6.0430
18.1780,19.2370,14.1873,16.0487,11.4110,13.2751,10.8868,12.5477,15.4261,13.4711,16.7429,12.6790,17.1663,13.3823,11.0035,11.3310,9.9589,6.9662,5.6802,7.1513,5.4983,0.0000,5.6115,7.3397
16.9035,19.6107,14.8822,15.3652,10.0615,13.6253,9.7790,9.3419,13.0748,10.3557,15.0274,12.0597,16.8064,15.9117,13.8718,11.7584,11.0021,10.6028,7.6413,5.8196,7.3282,5.6115,0.0000,5.6395
17.8852,19.6222,14.8449,13.7289,8.1562,9.6934,5.0624,6.9784,10.9473,10.4962,15.1070,13.4798,18.9186,16.4932,16.0563,14.4032,11.3859,11.5533,11.1525,7.8903,6.0430,7.3397,5.6395,0.0000