c1,c2,c3,c4,c5,c6,c7,c8,c9,c10,c11,c12,c13,c14,c15,c16,c17,c18,c19,c20,c21,c22,c23,c24,c25,c26,c27,c28,c29,c30
0.0000,5.3832,8.3593,8.4669,5.3446,6.9904,5.5505,10.4237,13.2703,16.4875,20.6863,20.8549,16.4701,15.6903,10.4089,11.0983,6.9570,10.0508,11.0165,10.8128,13.3823,15.8445,14.6913,13.5498,13.8304,11.6912,13.3317,11.7698,6.7776,7.7525
5.3832,0.0000,5.1673,6.6168,5.0790,9.7235,10.2782,13.9550,17.6861,19.8188,24.3449,24.8754,20.8782,19.1870,14.5594,13.6804,8.3441,11.7134,9.9551,11.7029,11.9086,14.2990,14.8502,12.5245,14.5845,10.9367,13.8959,10.5366,6.9039,3.7943
8.3593,5.1673,0.0000,4.5498,7.0912,10.1899,12.9182,15.8766,20.2244,22.7232,26.7835,27.9730,23.8648,22.7089,18.2280,17.0982,12.0485,13.3084,10.4058,10.6029,10.0014,13.7025,14.9269,13.6561,16.9218,14.3211,18.2217,15.1492,11.9796,8.0095
8.4669,6.6168,4.5498,0.0000,4.7570,7.1393,11.2642,12.6996,17.6473,19.5907,23.4231,25.2140,21.4439,20.1558,16.5284,14.3879,9.9157,9.5049,6.2656,6.4013,5.8295,9.5558,10.4235,9.7330,13.2143,11.7672,16.2387,14.1860,11.9198,8.1954
5.3446,5.0790,7.0912,4.7570,0.0000,5.4442,7.4815,9.5118,14.0271,15.7998,20.0790,21.3029,17.5400,15.8816,12.1050,10.0790,5.2594,6.7363,5.7694,7.3021,8.5869,10.5843,10.0868,8.5176,10.2343,8.2489,11.8968,10.3085,7.7160,5.8048
6.9904,9.7235,10.1899,7.1393,5.4442,0.0000,5.7472,6.2187,10.9163,13.7530,17.1086,18.8392,14.8891,14.5429,11.1293,9.8487,7.5792,5.4279,7.6233,4.6702,9.2296,11.6277,9.1727,10.2405,10.5750,11.4198,14.2721,14.4361,11.5124,11.1809
5.5505,10.2782,12.9182,11.2642,7.4815,5.7472,0.0000,5.6665,7.7346,11.4521,15.3216,15.5503,11.1126,10.9054,6.0024,7.3484,6.1851,7.5924,11.3633,10.3090,14.3756,15.9625,13.2092,13.1108,11.3902,11.3800,11.9141,12.7043,8.8685,11.4143
10.4237,13.9550,15.8766,12.6996,9.5118,6.2187,5.6665,0.0000,5.4488,7.6250,10.9767,12.7617,9.2667,8.8723,7.3922,5.7151,7.5853,4.7822,10.3228,8.9942,13.4009,13.8235,9.8118,11.0646,8.1123,10.9792,11.8900,14.3061,12.5103,14.2321
13.2703,17.6861,20.2244,17.6473,14.0271,10.9163,7.7346,5.4488,0.0000,5.6932,8.1157,8.2867,4.0489,5.9556,5.6228,7.3110,11.0058,10.0232,15.6042,14.2396,18.8382,19.1226,14.9466,15.9989,11.8938,14.5769,13.4040,16.7541,14.7260,18.0000
16.4875,19.8188,22.7232,19.5907,15.7998,13.7530,11.4521,7.6250,5.6932,0.0000,5.0570,6.3514,5.6809,3.5959,8.1314,6.4863,11.7769,10.4419,15.7777,16.0156,19.6183,18.4810,14.3097,14.8867,9.6103,13.2747,11.4382,16.0196,15.9878,19.0537
20.6863,24.3449,26.7835,23.4231,20.0790,17.1086,15.3216,10.9767,8.1157,5.0570,0.0000,4.9656,6.8797,7.5934,12.2606,11.4479,16.5604,14.2161,19.6108,18.9077,22.8518,21.6682,17.1006,18.6820,13.5911,18.0207,16.3717,21.0540,20.9092,23.8453
20.8549,24.8754,27.9730,25.2140,21.3029,18.8392,15.5503,12.7617,8.2867,6.3514,4.9656,0.0000,4.8341,6.2419,10.9768,12.0177,17.1831,16.4639,21.9632,21.5712,25.6534,24.7663,20.4453,21.2305,15.9281,19.1480,16.2201,20.9418,20.4551,24.3907
16.4701,20.8782,23.8648,21.4439,17.5400,14.8891,11.1126,9.2667,4.0489,5.6809,6.8797,4.8341,0.0000,4.8273,6.9344,9.3598,13.8252,13.5168,19.0855,18.2004,22.6210,22.4948,18.2907,19.0425,14.2911,16.8903,14.4859,18.4751,16.9138,20.8844
15.6903,19.1870,22.7089,20.1558,15.8816,14.5429,10.9054,8.8723,5.9556,3.5959,7.5934,6.2419,4.8273,0.0000,5.9921,6.1640,11.2904,11.7742,16.9077,17.5545,21.0976,20.2350,16.4731,16.2273,11.0679,13.2338,10.1656,14.7188,14.4121,18.3668
10.4089,14.5594,18.2280,16.5284,12.1050,11.1293,6.0024,7.3922,5.6228,8.1314,12.2606,10.9768,6.9344,5.9921,0.0000,5.6453,8.1125,10.3704,15.0300,15.1881,18.9702,19.3369,16.1282,15.5245,11.7936,12.1111,9.8844,12.5606,10.1128,14.5223
11.0983,13.6804,17.0982,14.3879,10.0790,9.8487,7.3484,5.7151,7.3110,6.4863,11.4479,12.0177,9.3598,6.1640,5.6453,0.0000,5.4223,6.4734,10.9934,12.5896,15.4472,14.7279,11.6079,10.5683,6.2418,7.5347,6.4410,9.9719,9.7318,12.6233
6.9570,8.3441,12.0485,9.9157,5.2594,7.5792,6.1851,7.5853,11.0058,11.7769,16.5604,17.1831,13.8252,11.2904,8.1125,5.4223,0.0000,5.8843,7.9001,10.3869,12.3112,12.5507,10.8962,8.7010,7.5002,5.3259,7.0415,7.1462,5.5871,7.3101
10.0508,11.7134,13.3084,9.5049,6.7363,5.4279,7.5924,4.7822,10.0232,10.4419,14.2161,16.4639,13.5168,11.7742,10.3704,6.4734,5.8843,0.0000,5.6783,6.3704,9.3392,9.2473,5.8726,6.3753,5.2010,7.7046,10.6997,12.1186,11.3679,11.3536
11.0165,9.9551,10.4058,6.2656,5.7694,7.6233,11.3633,10.3228,15.6042,15.7777,19.6108,21.9632,19.0855,16.9077,15.0300,10.9934,7.9001,5.6783,0.0000,5.9948,4.9342,4.9343,5.2359,3.5364,7.6512,7.5360,12.6157,11.9662,11.9597,9.1680
10.8128,11.7029,10.6029,6.4013,7.3021,4.6702,10.3090,8.9942,14.2396,16.0156,18.9077,21.5712,18.2004,17.5545,15.1881,12.5896,10.3869,6.3704,5.9948,0.0000,5.4496,8.2724,6.3830,8.7405,10.8379,12.4236,16.4811,16.4729,14.6759,12.7463
13.3823,11.9086,10.0014,5.8295,8.5869,9.2296,14.3756,13.4009,18.8382,19.6183,22.8518,25.6534,22.6210,21.0976,18.9702,15.4472,12.3112,9.3392,4.9342,5.4496,0.0000,4.7692,6.7142,7.4531,12.0166,12.3949,17.5401,16.4871,15.8689,12.1540
15.8445,14.2990,13.7025,9.5558,10.5843,11.6277,15.9625,13.8235,19.1226,18.4810,21.6682,24.7663,22.4948,20.2350,19.3369,14.7279,12.5507,9.2473,4.9343,8.2724,4.7692,0.0000,4.8309,4.6809,9.7140,10.7932,16.0221,15.6465,16.6228,13.2841
14.6913,14.8502,14.9269,10.4235,10.0868,9.1727,13.2092,9.8118,14.9466,14.3097,17.1006,20.4453,18.2907,16.4731,16.1282,11.6079,10.8962,5.8726,5.2359,6.3830,6.7142,4.8309,0.0000,4.8433,6.9512,10.2820,14.5651,15.5793,16.0028,14.2037
13.5498,12.5245,13.6561,9.7330,8.5176,10.2405,13.1108,11.0646,15.9989,14.8867,18.6820,21.2305,19.0425,16.2273,15.5245,10.5683,8.7010,6.3753,3.5364,8.7405,7.4531,4.6809,4.8433,0.0000,5.5794,6.2936,11.3644,11.5169,13.0302,10.8126
13.8304,14.5845,16.9218,13.2143,10.2343,10.5750,11.3902,8.1123,11.8938,9.6103,13.5911,15.9281,14.2911,11.0679,11.7936,6.2418,7.5002,5.2010,7.6512,10.8379,12.0166,9.7140,6.9512,5.5794,0.0000,5.7982,8.2563,10.9259,12.5804,12.8640
11.6912,10.9367,14.3211,11.7672,8.2489,11.4198,11.3800,10.9792,14.5769,13.2747,18.0207,19.1480,16.8903,13.2338,12.1111,7.5347,5.3259,7.7046,7.5360,12.4236,12.3949,10.7932,10.2820,6.2936,5.7982,0.0000,5.5156,5.5218,8.3177,8.1868
13.3317,13.8959,18.2217,16.2387,11.8968,14.2721,11.9141,11.8900,13.4040,11.4382,16.3717,16.2201,14.4859,10.1656,9.8844,6.4410,7.0415,10.6997,12.6157,16.4811,17.5401,16.0221,14.5651,11.3644,8.2563,5.5156,0.0000,5.2866,8.4388,11.3338
11.7698,10.5366,15.1492,14.1860,10.3085,14.4361,12.7043,14.3061,16.7541,16.0196,21.0540,20.9418,18.4751,14.7188,12.5606,9.9719,7.1462,12.1186,11.9662,16.4729,16.4871,15.6465,15.5793,11.5169,10.9259,5.5218,5.2866,0.0000,5.6817,7.3287
6.7776,6.9039,11.9796,11.9198,7.7160,11.5124,8.8685,12.5103,14.7260,15.9878,20.9092,20.4551,16.9138,14.4121,10.1128,9.7318,5.5871,11.3679,11.9597,14.6759,15.8689,16.6228,16.0028,13.0302,12.5804,8.3177,8.4388,5.6817,0.0000,5.6711
7.7525,3.7943,8.0095,8.1954,5.8048,11.1809,11.4143,14.2321,18.0000,19.0537,23.8453,24.3907,20.8844,18.3668,14.5223,12.6233,7.3101,11.3536,9.1680,12.7463,12.1540,13.2841,14.2037,10.8126,12.8640,8.1868,11.3338,7.3287,5.6711,0.0000