c1,c2,c3,c4,c5,c6,c7,c8,c9,c10,c11,c12,c13,c14,c15,c16,c17
0.0000,5.7412,7.3023,10.2175,9.6957,8.5209,12.2805,13.9730,13.5416,14.3563,17.7585,18.7974,18.9023,20.7328,23.4048,24.4359,24.9880
5.7412,0.0000,5.8333,5.1769,6.0428,7.5170,9.5926,10.0467,11.4947,13.1004,14.9018,15.8588,17.5202,18.9325,20.5560,22.5048,23.6892
7.3023,5.8333,0.0000,5.6903,7.6854,5.1167,5.7528,9.3498,10.4189,9.5521,11.7074,14.3301,14.9718,15.1895,18.0256,20.1705,20.0531
10.2175,5.1769,5.6903,0.0000,5.2354,7.1047,6.1739,6.2839,9.6542,10.7755,10.8620,12.4691,15.0871,15.5272,16.6010,19.4492,20.5948
9.6957,6.0428,7.6854,5.2354,0.0000,5.3076,7.3997,5.1368,6.0499,9.3034,10.8082,10.2890,12.4272,14.6525,15.4387,17.0139,19.0577
8.5209,7.5170,5.1167,7.1047,5.3076,0.0000,5.1814,6.9920,5.8116,5.9823,9.5476,10.6722,10.6677,12.3229,14.9622,16.1232,16.6865
12.2805,9.5926,5.7528,6.1739,7.3997,5.1814,0.0000,5.4947,7.2419,5.4583,5.9806,9.3343,10.5280,9.9455,12.4055,15.1105,15.0835
13.9730,10.0467,9.3498,6.2839,5.1368,6.9920,5.4947,0.0000,5.0362,7.2723,6.3531,6.2566,9.7344,10.8025,10.8341,13.4487,15.4555
13.5416,11.4947,10.4189,9.6542,6.0499,5.8116,7.2419,5.0362,0.0000,5.1552,7.4736,5.6730,6.4608,9.7212,10.7311,11.2805,13.4243
14.3563,13.1004,9.5521,10.7755,9.3034,5.9823,5.4583,7.2723,5.1552,0.0000,5.3577,7.1694,5.6933,6.4469,9.9446,10.9733,10.7596
17.7585,14.9018,11.7074,10.8620,10.8082,9.5476,5.9806,6.3531,7.4736,5.3577,0.0000,5.4134,7.1775,5.1229,6.5543,10.0686,10.2517
18.7974,15.8588,14.3301,12.4691,10.2890,10.6722,9.3343,6.2566,5.6730,7.1694,5.4134,0.0000,5.3348,7.1579,5.5229,7.3320,10.4465
18.9023,17.5202,14.9718,15.0871,12.4272,10.6677,10.5280,9.7344,6.4608,5.6933,7.1775,5.3348,0.0000,5.3941,7.0524,5.7205,7.2507
20.7328,18.9325,15.1895,15.5272,14.6525,12.3229,9.9455,10.8025,9.7212,6.4469,5.1229,7.1579,5.3941,0.0000,5.4825,7.1376,5.2900
23.4048,20.5560,18.0256,16.6010,15.4387,14.9622,12.4055,10.8341,10.7311,9.9446,6.5543,5.5229,7.0524,5.4825,0.0000,5.2696,7.2317
24.4359,22.5048,20.1705,19.4492,17.0139,16.1232,15.1105,13.4487,11.2805,10.9733,10.0686,7.3320,5.7205,7.1376,5.2696,0.0000,5.6637
24.9880,23.6892,20.0531,20.5948,19.0577,16.6865,15.0835,15.4555,13.4243,10.7596,10.2517,10.4465,7.2507,5.2900,7.2317,5.6637,0.0000