c1,c2,c3,c4,c5,c6,c7,c8,c9,c10,c11,c12,c13,c14,c15,c16,c17
0.0000,5.6177,7.2220,5.4245,6.2995,9.6724,10.6189,10.6188,12.4916,14.7445,15.3191,16.3708,18.3613,19.9923,20.9349,22.8873,25.3395
5.6177,0.0000,5.2295,7.2275,5.7883,6.0694,9.5754,10.8532,10.2708,12.2611,14.6509,15.5479,15.8735,18.1767,20.2307,21.1744,23.1264
7.2220,5.2295,0.0000,5.2169,7.0855,5.4037,6.1575,9.5801,10.3142,10.0395,12.1204,14.7691,15.1492,15.9110,18.5553,20.5281,21.5565
5.4245,7.2275,5.2169,0.0000,5.0841,7.2593,5.7172,6.4413,9.5838,10.5196,10.3952,12.5955,14.7892,15.3559,16.5036,19.2133,21.0952
6.2995,5.7883,7.0855,5.0841,0.0000,5.4162,7.0701,5.6857,6.2901,9.5856,10.4177,10.4862,12.2252,14.5019,15.3747,16.7228,19.3898
9.6724,6.0694,5.4037,7.2593,5.4162,0.0000,5.3230,7.4320,5.5302,6.2751,9.5538,10.8584,10.3076,12.2954,15.0237,15.9209,17.2613
10.6189,9.5754,6.1575,5.7172,7.0701,5.3230,0.0000,5.1823,6.9707,5.2781,6.0237,9.5942,10.5435,10.2319,12.6440,15.3317,16.1837
10.6188,10.8532,9.5801,6.4413,5.6857,7.4320,5.1823,0.0000,5.3720,7.0908,5.3393,6.2287,9.4603,10.2076,10.3361,13.0155,15.4411
12.4916,10.2708,10.3142,9.5838,6.2901,5.5302,6.9707,5.3720,0.0000,5.2967,7.0701,5.8512,5.9782,9.2012,10.5942,10.9078,13.3611
14.7445,12.2611,10.0395,10.5196,9.5856,6.2751,5.2781,7.0908,5.2967,0.0000,5.0594,7.4524,5.9725,6.1598,9.9020,11.2945,11.5380
15.3191,14.6509,12.1204,10.3952,10.4177,9.5538,6.0237,5.3393,7.0701,5.0594,0.0000,5.3426,7.3736,5.4984,6.7470,10.4124,11.3217
16.3708,15.5479,14.7691,12.5955,10.4862,10.8584,9.5942,6.2287,5.8512,7.4524,5.3426,0.0000,5.3003,6.7935,5.2767,6.8917,10.2013
18.3613,15.8735,15.1492,14.7892,12.2252,10.3076,10.5435,9.4603,5.9782,5.9725,7.3736,5.3003,0.0000,5.3086,7.3161,5.9298,7.5608
19.9923,18.1767,15.9110,15.3559,14.5019,12.2954,10.2319,10.2076,9.2012,6.1598,5.4984,6.7935,5.3086,0.0000,5.3953,7.3317,6.1791
20.9349,20.2307,18.5553,16.5036,15.3747,15.0237,12.6440,10.3361,10.5942,9.9020,6.7470,5.2767,7.3161,5.3953,0.0000,5.5324,7.2371
22.8873,21.1744,20.5281,19.2133,16.7228,15.9209,15.3317,13.0155,10.9078,11.2945,10.4124,6.8917,5.9298,7.3317,5.5324,0.0000,5.3156
25.3395,23.1264,21.5565,21.0952,19.3898,17.2613,16.1837,15.4411,13.3611,11.5380,11.3217,10.2013,7.5608,6.1791,7.2371,5.3156,0.0000