c1,c2,c3,c4,c5,c6,c7,c8,c9,c10,c11,c12,c13,c14,c15,c16,c17,c18,c19,c20,c21,c22,c23,c24,c25,c26,c27,c28
0.0000,5.7254,5.5287,9.6748,11.6942,15.5308,18.7058,20.7731,18.1395,16.4528,14.2289,8.8065,10.2232,7.0203,10.5982,12.6744,15.5156,13.3662,13.3032,17.4442,18.7233,16.8160,19.4511,23.1993,21.5007,23.3811,25.4018,27.6309
5.7254,0.0000,6.0411,6.7346,7.4670,10.2835,14.3169,15.5110,12.4860,11.3762,8.5147,3.4392,5.7451,5.6129,9.1566,11.0560,13.6932,10.1496,9.3781,14.3180,14.8585,11.9372,14.9936,18.6731,16.2292,18.1026,20.7047,22.6572
5.5287,6.0411,0.0000,5.0702,8.3980,12.3623,14.5116,17.4332,15.9632,14.4651,12.7046,7.7043,7.9061,7.1050,8.1588,7.9414,12.0221,10.9581,9.3317,13.0947,15.5658,13.9548,15.2972,19.5683,18.7738,19.9268,21.2832,24.0857
9.6748,6.7346,5.0702,0.0000,5.6312,7.9368,10.2643,12.9175,12.0003,11.5893,9.4573,6.4721,4.8054,7.6245,6.9318,5.2291,9.4016,7.9420,4.5260,8.8117,11.3624,9.4281,10.2466,14.7097,14.0971,14.9896,16.2226,19.0883
11.6942,7.4670,8.3980,5.6312,0.0000,5.6094,7.2936,9.8129,8.9007,6.4739,6.9553,4.7762,7.4807,11.3282,12.0812,10.4951,14.4455,11.9227,7.6620,12.4208,14.2680,10.5747,11.0614,15.9709,13.8651,13.5626,16.2747,19.1168
15.5308,10.2835,12.3623,7.9368,5.6094,0.0000,5.7784,5.4137,4.4641,6.1014,4.5290,7.4498,7.2593,12.5996,12.4320,11.2452,13.4999,10.3559,6.3100,10.3152,10.7069,6.2612,6.9333,11.1709,8.4017,8.2135,11.5057,13.7916
18.7058,14.3169,14.5116,10.2643,7.2936,5.7784,0.0000,5.2607,8.4702,7.9089,9.8948,11.4484,11.8955,16.9450,15.9921,12.8090,16.0627,14.5754,9.4439,11.8522,14.0070,10.7125,7.9930,12.9442,11.8376,8.9809,11.1715,14.6732
20.7731,15.5110,17.4332,12.9175,9.8129,5.4137,5.2607,0.0000,4.9970,7.2407,8.3544,12.3989,12.5506,17.9574,17.4060,15.5358,17.4675,14.8475,10.8223,13.2094,13.3565,9.3406,7.9177,11.2118,8.3647,5.1525,9.4813,11.6448
18.1395,12.4860,15.9632,12.0003,8.9007,4.4641,8.4702,4.9970,0.0000,5.4881,4.1417,9.4688,10.1231,15.1358,15.7006,15.4178,16.9325,13.0046,10.1883,13.8380,12.7857,7.9039,9.5862,12.2861,7.6759,7.6481,12.4186,13.5043
16.4528,11.3762,14.4651,11.5893,6.4739,6.1014,7.9089,7.2407,5.4881,0.0000,5.7753,7.9492,11.3283,15.6924,17.0117,16.1247,19.0944,15.5507,11.8255,16.2791,16.6396,11.8823,12.7336,16.7393,12.9105,11.8846,16.2598,18.2355
14.2289,8.5147,12.7046,9.4573,6.9553,4.5290,9.8948,8.3544,4.1417,5.7753,0.0000,5.7486,6.9677,11.4252,12.8414,13.4649,15.1733,10.7471,8.5840,13.2284,12.3185,7.5038,10.6043,13.6952,9.5179,10.8869,14.8880,16.1622
8.8065,3.4392,7.7043,6.4721,4.7762,7.4498,11.4484,12.3989,9.4688,7.9492,5.7486,0.0000,5.6891,8.2213,10.7149,11.4556,14.4061,10.6684,8.5057,13.7623,14.3153,10.5482,13.1590,17.1576,14.2571,15.4876,18.5740,20.6158
10.2232,5.7451,7.9061,4.8054,7.4807,7.2593,11.8955,12.5506,10.1231,11.3283,6.9677,5.6891,0.0000,5.4624,5.9051,7.6078,9.0797,4.9890,4.3488,9.0673,9.1289,6.5970,9.9352,13.1284,11.4325,13.7988,15.6557,17.4845
7.0203,5.6129,7.1050,7.6245,11.3282,12.5996,16.9450,17.9574,15.1358,15.6924,11.4252,8.2213,5.4624,0.0000,4.8751,9.2097,9.9846,6.8584,8.9210,12.4511,12.4848,11.3893,14.9308,17.5619,16.2414,19.1481,20.6565,22.2732
10.5982,9.1566,8.1588,6.9318,12.0812,12.4320,15.9921,17.4060,15.7006,17.0117,12.8414,10.7149,5.9051,4.8751,0.0000,5.5277,5.1857,4.2320,6.8047,8.4857,9.3699,9.9643,12.4068,14.7480,15.0141,17.7280,18.0072,19.9122
12.6744,11.0560,7.9414,5.2291,10.4951,11.2452,12.8090,15.5358,15.4178,16.1247,13.4649,11.4556,7.6078,9.2097,5.5277,0.0000,5.3234,7.1669,5.3806,5.8813,9.7471,10.2879,10.0900,13.6696,15.0174,16.1820,15.7101,18.6762
15.5156,13.6932,12.0221,9.4016,14.4455,13.4999,16.0627,17.4675,16.9325,19.0944,15.1733,14.4061,9.0797,9.9846,5.1857,5.3234,0.0000,5.3540,7.3169,5.2218,6.9604,9.8182,10.6167,12.0099,14.2096,16.6060,15.3815,17.3830
13.3662,10.1496,10.9581,7.9420,11.9227,10.3559,14.5754,14.8475,13.0046,15.5507,10.7471,10.6684,4.9890,6.8584,4.2320,7.1669,5.3540,0.0000,5.3577,6.8578,5.6809,6.2574,9.6485,11.1325,11.0796,14.3722,14.8158,16.1574
13.3032,9.3781,9.3317,4.5260,7.6620,6.3100,9.4439,10.8223,10.1883,11.8255,8.5840,8.5057,4.3488,8.9210,6.8047,5.3806,7.3169,5.3577,0.0000,5.2647,7.0510,5.3585,6.2986,10.2476,10.1002,11.4981,12.2824,14.8293
17.4442,14.3180,13.0947,8.8117,12.4208,10.3152,11.8522,13.2094,13.8380,16.2791,13.2284,13.7623,9.0673,12.4511,8.4857,5.8813,5.2218,6.8578,5.2647,0.0000,5.2610,7.2912,5.7824,8.1078,10.8905,12.1063,10.5257,13.2237
18.7233,14.8585,15.5658,11.3624,14.2680,10.7069,14.0070,13.3565,12.7857,16.6396,12.3185,14.3153,9.1289,12.4848,9.3699,9.7471,6.9604,5.6809,7.0510,5.2610,0.0000,4.9647,6.6683,5.8470,7.8029,11.0466,10.1798,11.0571
16.8160,11.9372,13.9548,9.4281,10.5747,6.2612,10.7125,9.3406,7.9039,11.8823,7.5038,10.5482,6.5970,11.3893,9.9643,10.2879,9.8182,6.2574,5.3585,7.2912,4.9647,0.0000,5.4348,6.9762,5.1238,8.2919,9.8905,11.0011
19.4511,14.9936,15.2972,10.2466,11.0614,6.9333,7.9930,7.9177,9.5862,12.7336,10.6043,13.1590,9.9352,14.9308,12.4068,10.0900,10.6167,9.6485,6.2986,5.7824,6.6683,5.4348,0.0000,5.4091,6.8095,6.4419,6.0139,9.1263
23.1993,18.6731,19.5683,14.7097,15.9709,11.1709,12.9442,11.2118,12.2861,16.7393,13.6952,17.1576,13.1284,17.5619,14.7480,13.6696,12.0099,11.1325,10.2476,8.1078,5.8470,6.9762,5.4091,0.0000,5.7147,7.1573,4.8768,5.3777
21.5007,16.2292,18.7738,14.0971,13.8651,8.4017,11.8376,8.3647,7.6759,12.9105,9.5179,14.2571,11.4325,16.2414,15.0141,15.0174,14.2096,11.0796,10.1002,10.8905,7.8029,5.1238,6.8095,5.7147,0.0000,5.1352,7.6921,7.1475
23.3811,18.1026,19.9268,14.9896,13.5626,8.2135,8.9809,5.1525,7.6481,11.8846,10.8869,15.4876,13.7988,19.1481,17.7280,16.1820,16.6060,14.3722,11.4981,12.1063,11.0466,8.2919,6.4419,7.1573,5.1352,0.0000,5.3238,6.5172
25.4018,20.7047,21.2832,16.2226,16.2747,11.5057,11.1715,9.4813,12.4186,16.2598,14.8880,18.5740,15.6557,20.6565,18.0072,15.7101,15.3815,14.8158,12.2824,10.5257,10.1798,9.8905,6.0139,4.8768,7.6921,5.3238,0.0000,4.4630
27.6309,22.6572,24.0857,19.0883,19.1168,13.7916,14.6732,11.6448,13.5043,18.2355,16.1622,20.6158,17.4845,22.2732,19.9122,18.6762,17.3830,16.1574,14.8293,13.2237,11.0571,11.0011,9.1263,5.3777,7.1475,6.5172,4.4630,0.0000