c1,c2,c3,c4,c5,c6,c7,c8,c9,c10,c11,c12,c13,c14,c15,c16,c17,c18,c19
0.0000,5.4796,7.8344,5.8384,5.4758,9.5852,10.8363,9.6219,12.0117,14.5466,14.8700,15.3245,18.2782,20.0879,19.8958,22.5911,25.5503,25.4190,24.8854
5.4796,0.0000,5.6705,7.3988,5.1470,6.1158,9.7880,10.0599,10.0901,12.1834,14.4646,14.9601,16.2894,18.5250,19.7238,21.5702,24.3696,25.0690,24.9089
7.8344,5.6705,0.0000,5.3670,7.3002,5.8035,6.6373,9.7259,10.9984,10.5885,12.5362,15.0281,16.0675,16.6915,18.4014,21.2942,23.1775,23.2208,24.2346
5.8384,7.3988,5.3670,0.0000,5.4088,7.3651,5.7630,6.3470,9.9977,10.6483,10.2585,12.4332,15.1986,15.7097,15.7949,19.3808,21.5874,20.9440,21.3809
5.4758,5.1470,7.3002,5.4088,0.0000,5.4083,7.3790,5.3017,6.5375,9.6303,10.4804,10.3617,12.8698,15.1369,15.3019,17.4234,20.4706,20.8640,20.2595
9.5852,6.1158,5.8035,7.3651,5.4083,0.0000,5.4173,7.0598,5.7287,6.1750,9.5180,10.6868,10.8761,12.6827,14.7563,16.4928,18.7932,19.7244,20.1738
10.8363,9.7880,6.6373,5.7630,7.3790,5.4173,0.0000,5.4428,7.4341,5.4875,6.0072,9.5726,10.8149,10.5009,11.9232,15.3544,16.8938,16.6094,17.9019
9.6219,10.0599,9.7259,6.3470,5.3017,7.0598,5.4428,0.0000,5.2891,7.2090,5.6691,6.1416,9.7419,11.0109,10.2866,13.3191,16.0460,15.8471,15.4725
12.0117,10.0901,10.9984,9.9977,6.5375,5.7287,7.4341,5.2891,0.0000,5.2689,7.2339,5.6711,6.4875,9.8147,10.7674,11.5435,14.6649,16.0293,15.3600
14.5466,12.1834,10.5885,10.6483,9.6303,6.1750,5.4875,7.2090,5.2689,0.0000,5.3371,7.4030,5.9911,6.5690,9.6676,11.3870,12.9265,13.9829,15.1467
14.8700,14.4646,12.5362,10.2585,10.4804,9.5180,6.0072,5.6691,7.2339,5.3371,0.0000,5.3026,7.2292,5.9937,5.9245,9.9963,11.4447,10.8552,11.9407
15.3245,14.9601,15.0281,12.4332,10.3617,10.6868,9.5726,6.1416,5.6711,7.4030,5.3026,0.0000,5.4121,7.6084,5.8668,7.3556,10.7337,11.3868,10.0048
18.2782,16.2894,16.0675,15.1986,12.8698,10.8761,10.8149,9.7419,6.4875,5.9911,7.2292,5.4121,0.0000,5.1542,7.2986,6.0723,8.6363,11.1442,10.9071
20.0879,18.5250,16.6915,15.7097,15.1369,12.6827,10.5009,11.0109,9.8147,6.5690,5.9937,7.6084,5.1542,0.0000,5.4488,6.9664,6.7591,7.8332,10.0873
19.8958,19.7238,18.4014,15.7949,15.3019,14.7563,11.9232,10.2866,10.7674,9.6676,5.9245,5.8668,7.2986,5.4488,0.0000,5.6729,6.7110,5.6925,6.0976
22.5911,21.5702,21.2942,19.3808,17.4234,16.4928,15.3544,13.3191,11.5435,11.3870,9.9963,7.3556,6.0723,6.9664,5.6729,0.0000,4.5173,7.3896,5.4385
25.5503,24.3696,23.1775,21.5874,20.4706,18.7932,16.8938,16.0460,14.6649,12.9265,11.4447,10.7337,8.6363,6.7591,6.7110,4.5173,0.0000,4.7144,6.0036
25.4190,25.0690,23.2208,20.9440,20.8640,19.7244,16.6094,15.8471,16.0293,13.9829,10.8552,11.3868,11.1442,7.8332,5.6925,7.3896,4.7144,0.0000,5.4497
24.8854,24.9089,24.2346,21.3809,20.2595,20.1738,17.9019,15.4725,15.3600,15.1467,11.9407,10.0048,10.9071,10.0873,6.0976,5.4385,6.0036,5.4497,0.0000