c1,c2,c3,c4,c5,c6,c7,c8,c9,c10,c11,c12,c13,c14,c15,c16,c17,c18,c19
0.0000,3.7563,6.1482,4.1401,5.8287,8.5255,9.5134,10.7166,11.9707,13.9044,15.2578,16.9051,17.5771,19.5931,21.3174,22.3162,23.3923,25.3891,26.4901
3.7563,0.0000,4.7532,5.5434,4.7403,5.8251,8.8628,10.1464,9.6886,11.7891,14.2321,15.4838,15.1725,17.7005,19.9592,20.3028,21.0331,23.5445,24.7789
6.1482,4.7532,0.0000,5.4299,7.3938,5.3019,6.6858,10.4657,10.4514,10.1616,12.9703,15.7476,14.8923,16.0705,19.1459,20.3243,20.0575,21.9796,24.1293
4.1401,5.5434,5.4299,0.0000,5.1271,7.0022,5.8241,7.6526,10.0950,11.0701,11.6750,14.1281,15.1966,16.3907,17.9908,19.7175,20.6548,22.0929,23.3872
5.8287,4.7403,7.3938,5.1271,0.0000,5.3740,7.2158,6.0162,6.5388,9.8636,10.9743,11.4423,12.3505,15.1076,16.3200,16.7544,18.3655,20.6786,21.2095
8.5255,5.8251,5.3019,7.0022,5.3740,0.0000,5.4263,7.2129,5.3233,6.0617,9.4813,11.1208,9.8459,12.0356,14.9116,15.3259,15.4107,17.8992,19.5477
9.5134,8.8628,6.6858,5.8241,7.2158,5.4263,0.0000,5.4691,7.5414,6.0124,6.6589,10.4742,10.8975,10.9078,13.1648,15.4517,15.5883,16.6077,18.5345
10.7166,10.1464,10.4657,7.6526,6.0162,7.2129,5.4691,0.0000,5.3410,7.2175,5.6110,6.6358,9.2434,10.7423,10.9093,12.5646,14.4983,15.8536,16.1955
11.9707,9.6886,10.4514,10.0950,6.5388,5.3233,7.5414,5.3410,0.0000,5.3996,7.2995,6.4376,5.8713,9.5650,11.0895,10.6276,11.9879,14.8469,15.3468
13.9044,11.7891,10.1616,11.0701,9.8636,6.0617,6.0124,7.2175,5.3996,0.0000,5.2242,7.7843,5.6208,6.0360,9.7132,10.8387,10.0119,11.9431,14.1906
15.2578,14.2321,12.9703,11.6750,10.9743,9.4813,6.6589,5.6110,7.2995,5.2242,0.0000,5.4150,7.1156,5.8507,6.5625,9.7793,10.4625,10.7566,12.0868
16.9051,15.4838,15.7476,14.1281,11.4423,11.1208,10.4742,6.6358,6.4376,7.7843,5.4150,0.0000,5.3706,7.3841,5.6168,6.1080,9.2848,10.9025,10.0054
17.5771,15.1725,14.8923,15.1966,12.3505,9.8459,10.8975,9.2434,5.8713,5.6208,7.1156,5.3706,0.0000,5.3654,7.3610,5.8419,6.1532,9.6070,10.3314
19.5931,17.7005,16.0705,16.3907,15.1076,12.0356,10.9078,10.7423,9.5650,6.0360,5.8507,7.3841,5.3654,0.0000,5.3820,7.3895,5.3168,5.9224,8.8621
21.3174,19.9592,19.1459,17.9908,16.3200,14.9116,13.1648,10.9093,11.0895,9.7132,6.5625,5.6168,7.3610,5.3820,0.0000,5.3517,6.9105,6.1002,5.6530
22.3162,20.3028,20.3243,19.7175,16.7544,15.3259,15.4517,12.5646,10.6276,10.8387,9.7793,6.1080,5.8419,7.3895,5.3517,0.0000,5.2326,7.6836,5.5014
23.3923,21.0331,20.0575,20.6548,18.3655,15.4107,15.5883,14.4983,11.9879,10.0119,10.4625,9.2848,6.1532,5.3168,6.9105,5.2326,0.0000,4.8378,6.5085
25.3891,23.5445,21.9796,22.0929,20.6786,17.8992,16.6077,15.8536,14.8469,11.9431,10.7566,10.9025,9.6070,5.9224,6.1002,7.6836,4.8378,0.0000,5.2016
26.4901,24.7789,24.1293,23.3872,21.2095,19.5477,18.5345,16.1955,15.3468,14.1906,12.0868,10.0054,10.3314,8.8621,5.6530,5.5014,6.5085,5.2016,0.0000