c1,c2,c3,c4,c5,c6,c7,c8,c9,c10,c11,c12,c13,c14,c15,c16,c17,c18,c19,c20,c21,c22,c23,c24,c25,c26,c27,c28,c29,c30
0.0000,6.2103,6.2819,4.0477,6.5221,9.1758,9.4601,9.6499,12.5061,14.3803,14.7514,16.5496,20.9324,21.1833,16.9940,18.5445,14.0048,11.5185,10.2311,7.5855,12.9363,15.5776,14.4519,10.6494,11.8563,12.8900,9.1224,13.4274,14.5791,17.4766
6.2103,0.0000,5.3236,7.3549,5.5486,5.9027,9.5644,10.3834,10.3407,12.4421,14.9815,15.7016,19.6728,18.6236,14.3638,14.2761,10.0657,7.6167,4.9675,5.5146,9.5541,13.3987,13.1117,9.9501,12.9545,11.8177,8.7861,10.1904,12.0767,13.0825
6.2819,5.3236,0.0000,5.5339,7.2116,5.3052,6.0944,9.4026,10.6333,10.5078,12.6857,15.2208,18.0872,18.0793,14.6321,14.7568,10.5287,9.5696,9.1723,10.0891,14.2398,17.9969,17.9756,14.5228,16.5607,15.6787,11.0203,13.8807,13.5863,15.4333
4.0477,7.3549,5.5339,0.0000,5.2460,7.2446,5.8701,6.1340,9.7739,11.0393,10.8067,13.1778,17.2300,17.9846,14.1577,16.3040,11.8324,9.9891,10.3817,9.0922,13.5859,16.3874,16.4295,12.8077,13.2590,13.1742,7.9951,12.9274,12.3834,15.9968
6.5221,5.5486,7.2116,5.2460,0.0000,5.2997,7.3941,5.4690,6.4271,9.8793,10.8764,10.9920,15.8669,15.3736,10.8305,12.8647,8.4559,5.5051,5.9695,5.4739,8.6813,11.7905,12.8182,9.7218,10.7070,8.8617,3.8307,7.7037,8.0794,11.2757
9.1758,5.9027,5.3052,7.2446,5.2997,0.0000,5.2993,7.0787,5.8556,6.5774,9.9517,11.0463,14.0632,13.2457,9.5548,9.6815,5.2807,4.7072,6.2895,9.2338,11.4931,15.4306,16.8267,13.9719,15.7984,13.2246,8.5111,10.0441,8.7449,10.3385
9.4601,9.5644,6.0944,5.8701,7.3941,5.2993,0.0000,5.3989,7.4249,5.9051,6.7195,10.2932,12.5956,13.6362,10.8843,12.5761,8.7197,8.9020,11.1907,12.5397,15.5761,18.9394,20.1914,16.9602,17.6431,15.9039,10.1698,13.7668,10.9639,14.2039
9.6499,10.3834,9.4026,6.1340,5.4690,7.0787,5.3989,0.0000,5.2635,7.3724,5.8773,7.1164,11.7707,12.7015,9.0250,12.7507,8.9260,7.7755,10.6037,10.7509,13.0046,15.4755,17.2930,14.4153,13.9389,11.9475,6.1423,10.7423,7.7686,12.5812
12.5061,10.3407,10.6333,9.7739,6.4271,5.8556,7.4249,5.2635,0.0000,5.3342,7.2175,5.6599,9.9667,8.9554,4.4903,7.7377,4.3198,4.0549,8.3553,10.8066,11.0616,14.0669,16.9237,14.7476,15.2216,11.4597,6.8590,7.9979,3.6152,7.5541
14.3803,12.4421,10.5078,11.0393,9.8793,6.5774,5.9051,7.3724,5.3342,0.0000,5.4958,7.1968,7.8510,8.0008,6.3079,7.6883,5.4643,7.8414,11.7223,14.7985,15.8365,19.2226,21.7394,19.2159,19.9556,16.6564,11.5618,13.0462,8.4744,10.8174
14.7514,14.9815,12.6857,10.8067,10.8764,9.9517,6.7195,5.8773,7.2175,5.4958,0.0000,5.4909,6.9995,9.6812,8.3492,12.2406,9.9565,10.9558,14.8266,16.2655,17.7695,20.3290,22.7837,20.1210,19.5789,17.0064,11.5558,14.8341,9.8444,14.1678
16.5496,15.7016,15.2208,13.1778,10.9920,11.0463,10.2932,7.1164,5.6599,7.1968,5.4909,0.0000,6.1810,6.9384,4.7749,10.2719,8.9373,9.5670,13.8524,15.5247,15.3330,17.2887,20.6898,18.8000,17.9994,14.3336,10.1474,11.8321,6.1259,10.7526
20.9324,19.6728,18.0872,17.2300,15.8669,14.0632,12.5956,11.7707,9.9667,7.8510,6.9995,6.1810,0.0000,4.7362,7.3781,10.7176,11.2394,13.5642,18.0296,20.7102,20.5284,22.9071,26.4069,24.4476,24.0503,20.2557,15.9065,16.9826,11.0435,13.7582
21.1833,18.6236,18.0793,17.9846,15.3736,13.2457,13.6362,12.7015,8.9554,8.0008,9.6812,6.9384,4.7362,0.0000,4.8877,6.9530,8.9563,11.6153,15.9778,19.4488,18.2469,20.7416,24.6115,23.1083,23.3049,18.7895,15.3037,14.6643,9.0697,10.0523
16.9940,14.3638,14.6321,14.1577,10.8305,9.5548,10.8843,9.0250,4.4903,6.3079,8.3492,4.7749,7.3781,4.8877,0.0000,5.6835,5.4626,7.0882,11.5033,14.6406,13.5134,16.1057,19.7915,18.2218,18.5251,14.0313,10.5627,9.9426,4.2741,6.5788
18.5445,14.2761,14.7568,16.3040,12.8647,9.6815,12.5761,12.7507,7.7377,7.6883,12.2406,10.2719,10.7176,6.9530,5.6835,0.0000,4.5452,7.7123,11.0926,15.7805,14.3406,17.7191,21.1228,19.7084,21.2815,16.6256,13.7129,11.4812,8.0270,5.7128
14.0048,10.0657,10.5287,11.8324,8.4559,5.2807,8.7197,8.9260,4.3198,5.4643,9.9565,8.9373,11.2394,8.9563,5.4626,4.5452,0.0000,3.7562,7.5301,11.8285,11.5986,15.3158,18.0822,16.1036,17.6945,13.6435,9.8990,8.9909,6.0054,6.0453
11.5185,7.6167,9.5696,9.9891,5.5051,4.7072,8.9020,7.7755,4.0549,7.8414,10.9558,9.5670,13.5642,11.6153,7.0882,7.7123,3.7562,0.0000,4.4951,8.2100,8.1333,11.9011,14.4091,12.3683,14.0208,10.1121,6.6692,5.8197,4.9770,6.1115
10.2311,4.9675,9.1723,10.3817,5.9695,6.2895,11.1907,10.6037,8.3553,11.7223,14.8266,13.8524,18.0296,15.9778,11.5033,11.0926,7.5301,4.4951,0.0000,5.3750,5.9579,10.2945,11.5860,9.5041,12.5160,9.4178,7.6255,6.0552,8.8145,8.5865
7.5855,5.5146,10.0891,9.0922,5.4739,9.2338,12.5397,10.7509,10.8066,14.7985,16.2655,15.5247,20.7102,19.4488,14.6406,15.7805,11.8285,8.2100,5.3750,0.0000,5.5154,8.3947,7.9467,4.7702,7.7422,6.7870,6.0661,7.1899,11.0611,12.6387
12.9363,9.5541,14.2398,13.5859,8.6813,11.4931,15.5761,13.0046,11.0616,15.8365,17.7695,15.3330,20.5284,18.2469,13.5134,14.3406,11.5986,8.1333,5.9579,5.5154,0.0000,4.3832,6.8134,6.4086,8.9388,4.9716,7.5242,3.7563,9.6138,9.6365
15.5776,13.3987,17.9969,16.3874,11.7905,15.4306,18.9394,15.4755,14.0669,19.2226,20.3290,17.2887,22.9071,20.7416,16.1057,17.7191,15.3158,11.9011,10.2945,8.3947,4.3832,0.0000,4.9837,6.6291,7.5217,4.0322,9.4533,6.4171,11.9526,12.4847
14.4519,13.1117,17.9756,16.4295,12.8182,16.8267,20.1914,17.2930,16.9237,21.7394,22.7837,20.6898,26.4069,24.6115,19.7915,21.1228,18.0822,14.4091,11.5860,7.9467,6.8134,4.9837,0.0000,3.8154,6.1267,6.6979,11.2894,10.0468,15.6275,16.3642
10.6494,9.9501,14.5228,12.8077,9.7218,13.9719,16.9602,14.4153,14.7476,19.2159,20.1210,18.8000,24.4476,23.1083,18.2218,19.7084,16.1036,12.3683,9.5041,4.7702,6.4086,6.6291,3.8154,0.0000,4.8048,6.1751,8.8204,9.2657,14.1947,15.6606
11.8563,12.9545,16.5607,13.2590,10.7070,15.7984,17.6431,13.9389,15.2216,19.9556,19.5789,17.9994,24.0503,23.3049,18.5251,21.2815,17.6945,14.0208,12.5160,7.7422,8.9388,7.5217,6.1267,4.8048,0.0000,5.4821,8.4519,10.4928,14.3896,17.1775
12.8900,11.8177,15.6787,13.1742,8.8617,13.2246,15.9039,11.9475,11.4597,16.6564,17.0064,14.3336,20.2557,18.7895,14.0313,16.6256,13.6435,10.1121,9.4178,6.7870,4.9716,4.0322,6.6979,6.1751,5.4821,0.0000,5.8820,5.4200,9.7598,12.0406
9.1224,8.7861,11.0203,7.9951,3.8307,8.5111,10.1698,6.1423,6.8590,11.5618,11.5558,10.1474,15.9065,15.3037,10.5627,13.7129,9.8990,6.6692,7.6255,6.0661,7.5242,9.4533,11.2894,8.8204,8.4519,5.8820,0.0000,6.0412,6.8893,10.9236
13.4274,10.1904,13.8807,12.9274,7.7037,10.0441,13.7668,10.7423,7.9979,13.0462,14.8341,11.8321,16.9826,14.6643,9.9426,11.4812,8.9909,5.8197,6.0552,7.1899,3.7563,6.4171,10.0468,9.2657,10.4928,5.4200,6.0412,0.0000,5.9656,6.7359
14.5791,12.0767,13.5863,12.3834,8.0794,8.7449,10.9639,7.7686,3.6152,8.4744,9.8444,6.1259,11.0435,9.0697,4.2741,8.0270,6.0054,4.9770,8.8145,11.0611,9.6138,11.9526,15.6275,14.1947,14.3896,9.7598,6.8893,5.9656,0.0000,5.6114
17.4766,13.0825,15.4333,15.9968,11.2757,10.3385,14.2039,12.5812,7.5541,10.8174,14.1678,10.7526,13.7582,10.0523,6.5788,5.7128,6.0453,6.1115,8.5865,12.6387,9.6365,12.4847,16.3642,15.6606,17.1775,12.0406,10.9236,6.7359,5.6114,0.0000