c1,c2,c3,c4,c5,c6,c7,c8,c9,c10,c11,c12,c13,c14,c15,c16,c17
0.0000,5.2967,7.1264,5.4235,6.5484,9.5789,11.0423,10.8755,13.1323,15.0466,15.3609,16.5964,19.3479,20.3973,20.8558,23.3663,25.7344
5.2967,0.0000,5.2537,6.7379,5.9571,6.5337,10.1737,11.0258,11.0312,12.7440,14.7485,15.8104,17.1503,18.7253,20.3336,22.1460,23.9269
7.1264,5.2537,0.0000,5.1872,7.9120,5.9571,7.4078,10.5144,11.5512,11.1078,12.6673,15.4570,16.5790,16.6278,18.6809,21.4567,22.2715
5.4235,6.7379,5.1872,0.0000,5.1963,6.3978,5.8473,6.7514,9.8852,10.5485,10.2860,12.5704,15.2664,15.4405,16.0315,19.1094,20.9642
6.5484,5.9571,7.9120,5.1963,0.0000,5.3700,7.5516,5.7644,6.7598,9.8306,10.6041,10.6000,13.1758,15.1295,15.5631,17.2776,20.0032
9.5789,6.5337,5.9571,6.3978,5.3700,0.0000,5.0985,6.9627,5.8233,6.2239,8.9761,10.4687,11.0220,12.2642,14.4386,16.2497,17.4801
11.0423,10.1737,7.4078,5.8473,7.5516,5.0985,0.0000,5.1964,7.2270,5.3835,5.2861,8.9981,10.6007,9.8150,11.3295,14.6075,15.5128
10.8755,11.0258,10.5144,6.7514,5.7644,6.9627,5.1964,0.0000,5.4241,7.1323,5.5193,5.9811,9.7962,10.6952,10.1255,12.6946,15.5012
13.1323,11.0312,11.5512,9.8852,6.7598,5.8233,7.2270,5.4241,0.0000,5.1279,7.2002,5.6191,6.5517,9.6753,10.7650,11.3000,13.8128
15.0466,12.7440,11.1078,10.5485,9.8306,6.2239,5.3835,7.1323,5.1279,0.0000,4.9422,6.9098,5.8413,6.1077,9.2114,10.9807,11.3325
15.3609,14.7485,12.6673,10.2860,10.6041,8.9761,5.2861,5.5193,7.2002,4.9422,0.0000,5.3296,7.3933,5.7559,6.0479,9.8132,11.0148
16.5964,15.8104,15.4570,12.5704,10.6000,10.4687,8.9981,5.9811,5.6191,6.9098,5.3296,0.0000,5.3224,7.3938,5.8899,6.8274,10.5544
19.3479,17.1503,16.5790,15.2664,13.1758,11.0220,10.6007,9.7962,6.5517,5.8413,7.3933,5.3224,0.0000,5.3142,7.2472,6.0795,7.5476
20.3973,18.7253,16.6278,15.4405,15.1295,12.2642,9.8150,10.6952,9.6753,6.1077,5.7559,7.3938,5.3142,0.0000,5.2388,7.2919,5.7971
20.8558,20.3336,18.6809,16.0315,15.5631,14.4386,11.3295,10.1255,10.7650,9.2114,6.0479,5.8899,7.2472,5.2388,0.0000,5.2614,7.0758
23.3663,22.1460,21.4567,19.1094,17.2776,16.2497,14.6075,12.6946,11.3000,10.9807,9.8132,6.8274,6.0795,7.2919,5.2614,0.0000,5.7417
25.7344,23.9269,22.2715,20.9642,20.0032,17.4801,15.5128,15.5012,13.8128,11.3325,11.0148,10.5544,7.5476,5.7971,7.0758,5.7417,0.0000