c1,c2,c3,c4,c5,c6,c7,c8,c9,c10,c11,c12,c13,c14,c15,c16,c17,c18,c19,c20
0.0000,5.6971,7.8675,9.4013,5.4237,5.2832,10.2103,10.3208,8.0382,11.5466,14.3246,13.3063,13.6783,17.3534,18.7007,17.8782,20.0841,23.6065,23.5226,23.3903
5.6971,0.0000,5.4472,5.2659,4.5776,7.0269,9.0129,9.5211,10.3976,12.9992,14.3373,14.6336,16.4686,18.8898,19.7241,20.3081,22.8151,25.3302,25.7037,26.5632
7.8675,5.4472,0.0000,5.4254,7.3295,5.6635,6.2193,9.8129,10.4381,10.6142,12.8719,14.8126,15.5820,16.8562,18.9448,20.1766,21.4962,24.0374,25.5205,26.1069
9.4013,5.2659,5.4254,0.0000,5.4077,7.4692,5.6641,6.5926,9.8493,10.9730,10.8564,12.6167,15.2065,16.2063,16.7773,18.6649,21.0130,22.5715,23.6285,25.2237
5.4237,4.5776,7.3295,5.4077,0.0000,5.4049,7.3138,5.7084,6.4352,10.0447,10.7993,10.2156,12.5198,15.2770,15.5478,15.9024,18.8246,21.2090,21.2406,22.2810
5.2832,7.0269,5.6635,7.4692,5.4049,0.0000,5.5209,7.3403,5.2753,6.6952,9.9892,10.4910,10.4642,12.9610,15.0789,15.2462,16.6784,19.8683,20.8119,20.9166
10.2103,9.0129,6.2193,5.6641,7.3138,5.5209,0.0000,5.4374,7.2334,5.8123,6.7859,9.8553,11.0845,11.2245,13.0774,15.1753,16.4209,18.2211,20.1158,21.2635
10.3208,9.5211,9.8129,6.5926,5.7084,7.3403,5.4374,0.0000,5.4698,7.2871,5.5480,6.1094,9.6667,10.9119,10.5007,12.2519,15.1498,16.4592,17.0851,18.9637
8.0382,10.3976,10.4381,9.8493,6.4352,5.2753,7.2334,5.4698,0.0000,5.3718,7.2936,5.6201,6.1454,9.7291,10.7277,10.2194,12.5555,15.6120,15.8240,16.2141
11.5466,12.9992,10.6142,10.9730,10.0447,6.6952,5.8123,7.2871,5.3718,0.0000,5.3315,7.3347,5.9827,6.4489,9.7376,10.8033,11.0292,13.7829,15.8287,16.1064
14.3246,14.3373,12.8719,10.8564,10.7993,9.9892,6.7859,5.5480,7.2936,5.3315,0.0000,5.2928,7.4669,6.0281,6.4203,9.7067,11.2481,11.8446,13.8588,15.8518
13.3063,14.6336,14.8126,12.6167,10.2156,10.4910,9.8553,6.1094,5.6201,7.3347,5.2928,0.0000,5.3213,7.4577,5.7664,6.1842,9.8564,11.3164,11.1486,12.9748
13.6783,16.4686,15.5820,15.2065,12.5198,10.4642,11.0845,9.6667,6.1454,5.9827,7.4669,5.3213,0.0000,5.4855,7.2632,5.4939,6.4520,10.2874,10.8752,10.5344
17.3534,18.8898,16.8562,16.2063,15.2770,12.9610,11.2245,10.9119,9.7291,6.4489,6.0281,7.4577,5.4855,0.0000,5.3760,7.3723,6.0415,7.5444,10.7714,11.5152
18.7007,19.7241,18.9448,16.7773,15.5478,15.0789,13.0774,10.5007,10.7277,9.7376,6.4203,5.7664,7.2632,5.3760,0.0000,5.3369,7.3733,6.2012,7.6824,10.6950
17.8782,20.3081,20.1766,18.6649,15.9024,15.2462,15.1753,12.2519,10.2194,10.8033,9.7067,6.1842,5.4939,7.3723,5.3369,0.0000,5.3176,7.2097,5.6852,6.8320
20.0841,22.8151,21.4962,21.0130,18.8246,16.6784,16.4209,15.1498,12.5555,11.0292,11.2481,9.8564,6.4520,6.0415,7.3733,5.3176,0.0000,5.5290,7.1347,5.7791
23.6065,25.3302,24.0374,22.5715,21.2090,19.8683,18.2211,16.4592,15.6120,13.7829,11.8446,11.3164,10.2874,7.5444,6.2012,7.2097,5.5290,0.0000,5.4520,7.6236
23.5226,25.7037,25.5205,23.6285,21.2406,20.8119,20.1158,17.0851,15.8240,15.8287,13.8588,11.1486,10.8752,10.7714,7.6824,5.6852,7.1347,5.4520,0.0000,5.2053
23.3903,26.5632,26.1069,25.2237,22.2810,20.9166,21.2635,18.9637,16.2141,16.1064,15.8518,12.9748,10.5344,11.5152,10.6950,6.8320,5.7791,7.6236,5.2053,0.0000