c1,c2,c3,c4,c5,c6,c7,c8,c9,c10,c11,c12,c13,c14,c15,c16,c17,c18,c19,c20,c21,c22,c23
0.0000,5.5310,7.8243,11.2518,13.7532,16.2221,15.1803,12.6372,11.2146,6.5855,8.2789,7.1858,11.1134,12.6782,14.4873,12.2870,14.3166,16.6566,16.5747,17.8012,20.5520,24.6416,25.3911
5.5310,0.0000,5.4504,7.7691,8.7211,12.0380,12.4649,10.4031,10.0812,7.9018,6.3881,6.4961,7.4269,7.3869,9.8102,9.4474,12.3914,14.5452,12.9696,13.8671,17.7958,21.1589,22.9066
7.8243,5.4504,0.0000,5.7865,7.4859,9.8029,8.9290,5.2991,7.0740,6.5097,7.2886,10.4401,10.6051,9.9654,10.1764,8.5803,13.0349,13.1252,11.6828,14.4355,17.4965,21.1570,22.5463
11.2518,7.7691,5.7865,0.0000,5.8975,5.1486,4.9554,5.8727,4.8470,7.7343,5.1414,9.9507,7.8243,7.9384,5.4734,3.3598,8.4391,7.9563,5.9284,8.9781,11.8580,15.3990,16.9312
13.7532,8.7211,7.4859,5.8975,0.0000,5.5369,8.6583,7.9769,10.4443,12.5249,9.8251,12.9768,9.6705,6.1702,5.7772,8.5898,13.0859,12.7925,8.7954,10.6808,15.2859,17.2926,20.2434
16.2221,12.0380,9.8029,5.1486,5.5369,0.0000,4.7985,7.6945,8.5858,12.6990,9.8637,14.3627,10.6762,9.2345,5.1729,6.3664,10.6711,8.5475,4.2940,7.9647,11.0289,13.1970,15.6699
15.1803,12.4649,8.9290,4.9554,8.6583,4.7985,0.0000,5.3977,5.0771,10.1179,9.1018,14.3639,12.2292,12.2811,8.4627,5.7395,10.1858,6.7979,5.6346,10.4123,11.3342,14.8584,15.7454
12.6372,10.4031,5.2991,5.8727,7.9769,7.6945,5.3977,0.0000,6.0106,8.7745,9.7054,14.3350,13.3868,12.5574,10.6829,8.5664,13.5630,11.5220,10.1449,14.2894,16.2982,19.8407,20.9610
11.2146,10.0812,7.0740,4.8470,10.4443,8.5858,5.0771,6.0106,0.0000,5.2971,5.9045,11.0298,10.8390,12.4163,9.8271,4.9398,8.6622,7.1681,8.1767,11.8328,12.4895,16.9990,17.0469
6.5855,7.9018,6.5097,7.7343,12.5249,12.6990,10.1179,8.7745,5.2971,0.0000,5.4524,8.4377,10.8093,13.0521,12.3809,8.0991,10.5173,11.3284,12.4181,14.8729,16.1357,20.7769,20.7308
8.2789,6.3881,7.2886,5.1414,9.8251,9.8637,9.1018,9.7054,5.9045,5.4524,0.0000,5.3295,5.5680,8.6136,7.7754,4.3795,6.3927,8.7558,8.7918,9.9596,12.2935,16.4440,17.2218
7.1858,6.4961,10.4401,9.9507,12.9768,14.3627,14.3639,14.3350,11.0298,8.4377,5.3295,0.0000,5.4517,9.3830,10.8445,9.2926,9.1633,13.2556,13.2217,12.6856,15.5487,19.2243,20.1557
11.1134,7.4269,10.6051,7.8243,9.6705,10.6762,12.2292,13.3868,10.8390,10.8093,5.5680,5.4517,0.0000,5.1458,6.1020,7.0066,7.3548,11.0893,9.4677,7.9325,12.2157,14.9806,17.0467
12.6782,7.3869,9.9654,7.9384,6.1702,9.2345,12.2811,12.5574,12.4163,13.0521,8.6136,9.3830,5.1458,0.0000,5.0320,8.9068,11.3059,13.4356,10.0025,9.0609,14.5809,16.3490,19.5121
14.4873,9.8102,10.1764,5.4734,5.7772,5.1729,8.4627,10.6829,9.8271,12.3809,7.7754,10.8445,6.1020,5.0320,0.0000,5.5526,8.3892,9.0882,5.0593,5.0578,10.2036,12.2072,15.1931
12.2870,9.4474,8.5803,3.3598,8.5898,6.3664,5.7395,8.5664,4.9398,8.0991,4.3795,9.2926,7.0066,8.9068,5.5526,0.0000,5.1716,5.1891,4.5405,7.0400,8.9745,13.0343,14.0385
14.3166,12.3914,13.0349,8.4391,13.0859,10.6711,10.1858,13.5630,8.6622,10.5173,6.3927,9.1633,7.3548,11.3059,8.3892,5.1716,0.0000,5.2787,7.1244,6.7392,6.6891,11.1920,11.1883
16.6566,14.5452,13.1252,7.9563,12.7925,8.5475,6.7979,11.5220,7.1681,11.3284,8.7558,13.2556,11.0893,13.4356,9.0882,5.1891,5.2787,0.0000,4.9363,7.6250,5.5921,10.3964,9.8872
16.5747,12.9696,11.6828,5.9284,8.7954,4.2940,5.6346,10.1449,8.1767,12.4181,8.7918,13.2217,9.4677,10.0025,5.0593,4.5405,7.1244,4.9363,0.0000,4.9047,6.8212,9.7560,11.6745
17.8012,13.8671,14.4355,8.9781,10.6808,7.9647,10.4123,14.2894,11.8328,14.8729,9.9596,12.6856,7.9325,9.0609,5.0578,7.0400,6.7392,7.6250,4.9047,0.0000,5.9635,7.4317,10.5738
20.5520,17.7958,17.4965,11.8580,15.2859,11.0289,11.3342,16.2982,12.4895,16.1357,12.2935,15.5487,12.2157,14.5809,10.2036,8.9745,6.6891,5.5921,6.8212,5.9635,0.0000,5.1727,5.1742
24.6416,21.1589,21.1570,15.3990,17.2926,13.1970,14.8584,19.8407,16.9990,20.7769,16.4440,19.2243,14.9806,16.3490,12.2072,13.0343,11.1920,10.3964,9.7560,7.4317,5.1727,0.0000,5.2770
25.3911,22.9066,22.5463,16.9312,20.2434,15.6699,15.7454,20.9610,17.0469,20.7308,17.2218,20.1557,17.0467,19.5121,15.1931,14.0385,11.1883,9.8872,11.6745,10.5738,5.1742,5.2770,0.0000