c1,c2,c3,c4,c5,c6,c7,c8,c9,c10,c11,c12,c13,c14,c15,c16,c17,c18,c19,c20,c21,c22,c23,c24,c25,c26,c27,c28
0.0000,5.7552,5.2261,9.3551,11.3828,15.9591,18.3757,21.2978,19.1746,15.1276,14.7176,9.1231,10.1731,7.4600,9.8610,12.9566,15.0176,13.9631,13.2856,17.5278,18.6470,16.8996,19.3095,22.7019,22.3735,22.8495,25.7264,27.8967
5.7552,0.0000,6.0132,6.7974,7.4498,11.1412,14.7833,16.6141,13.8876,10.3677,9.1138,3.7879,5.8774,5.6357,8.9635,11.5912,12.7394,10.1452,9.6242,14.4434,14.5391,11.9300,15.1582,18.5222,17.3111,17.8271,21.2487,23.0460
5.2261,6.0132,0.0000,5.4605,7.5888,12.3597,13.7565,17.3827,16.2742,12.0895,12.5682,7.5301,8.1394,8.2843,8.8129,9.6736,13.2314,12.0641,9.7485,14.2456,16.3514,14.1690,15.3841,19.3482,19.7285,19.3394,21.8639,24.6141
9.3551,6.7974,5.4605,0.0000,5.6749,8.4534,10.8090,13.8143,13.1249,10.0434,9.3779,6.5848,4.1365,7.3289,6.4661,5.6966,8.9606,7.3031,4.3026,8.9770,11.1356,9.1579,10.1655,13.8956,14.5796,14.5213,16.6743,19.3159
11.3828,7.4498,7.5888,5.6749,0.0000,5.3035,7.4037,10.0006,8.8600,4.7725,6.5035,4.6086,6.8948,11.0542,11.8085,10.9229,13.6694,10.5744,7.0096,12.3122,13.4932,9.2960,10.4110,15.1023,14.4930,12.8050,16.2583,18.9981
15.9591,11.1412,12.3597,8.4534,5.3035,0.0000,5.8340,5.7791,5.1257,4.4848,4.6578,7.7894,8.1050,13.4362,13.6671,11.9456,13.4234,9.7611,6.5802,10.5944,10.8082,5.7893,6.5927,11.1173,9.9193,7.5458,11.4797,13.9796
18.3757,14.7833,13.7565,10.8090,7.4037,5.8340,0.0000,5.4312,8.4638,7.2075,10.2006,11.7120,12.4278,17.4719,16.8476,13.7352,16.8701,14.2093,9.7974,13.0460,14.9963,10.8184,8.4979,13.5613,14.0227,9.8923,12.4008,16.1176
21.2978,16.6141,17.3827,13.8143,10.0006,5.7791,5.4312,0.0000,5.0303,7.2369,9.1034,13.0194,13.8539,19.2138,19.1968,16.6804,18.2904,14.8719,11.6643,14.3211,14.5388,9.8642,8.5687,12.5588,11.3415,6.3596,10.2549,13.0001
19.1746,13.8876,16.2742,13.1249,8.8600,5.1257,8.4638,5.0303,0.0000,4.7721,5.4081,10.1577,12.0046,16.9214,18.0487,16.9345,17.6834,13.5536,11.4251,15.0019,13.9331,8.6692,10.2706,13.8210,10.8540,7.8118,12.8895,14.4271
15.1276,10.3677,12.0895,10.0434,4.7725,4.4848,7.2075,7.2369,4.7721,0.0000,4.9276,6.6298,9.8475,14.3389,15.6828,14.8638,16.6658,12.8116,9.9013,14.6812,14.6781,9.5100,11.0611,15.5329,13.6004,11.0529,15.5256,17.7919
14.7176,9.1138,12.5682,9.3779,6.5035,4.6578,10.2006,9.1034,5.4081,4.9276,0.0000,5.7579,7.2047,11.7029,13.3920,13.4792,13.6461,9.3051,8.1891,12.4627,11.0360,6.0639,9.8457,13.1475,10.2862,9.7999,14.3363,15.6370
9.1231,3.7879,7.5301,6.5848,4.6086,7.7894,11.7120,13.0194,10.1577,6.6298,5.7579,0.0000,5.5293,8.2481,10.7292,11.9422,13.2581,9.7874,8.3183,13.5642,13.4545,9.6726,12.8035,16.5956,14.9738,14.7224,18.5820,20.4690
10.1731,5.8774,8.1394,4.1365,6.8948,8.1050,12.4278,13.8539,12.0046,9.8475,7.2047,5.5293,0.0000,5.4601,6.1970,7.3937,7.7357,4.5311,4.3646,8.7273,8.8184,6.8732,10.0054,12.8157,12.2640,13.4108,16.0857,17.8280
7.4600,5.6357,8.2843,7.3289,11.0542,13.4362,17.4719,19.2138,16.9214,14.3389,11.7029,8.2481,5.4601,0.0000,4.6556,9.2266,8.6801,7.5613,9.2089,12.2700,12.2001,11.8201,15.1294,17.1946,16.7068,18.6823,21.1102,22.4936
9.8610,8.9635,8.8129,6.4661,11.8085,13.6671,16.8476,19.1968,18.0487,15.6828,13.3920,10.7292,6.1970,4.6556,0.0000,5.2862,5.4155,6.5361,7.7321,9.2755,10.7294,11.6139,13.4808,15.1963,16.2079,18.1403,19.4679,21.2556
12.9566,11.5912,9.6736,5.6966,10.9229,11.9456,13.7352,16.6804,16.9345,14.8638,13.4792,11.9422,7.3937,9.2266,5.2862,0.0000,5.5631,7.0243,5.5775,5.9393,9.7504,10.5297,10.1540,12.3017,14.7832,15.6913,16.0965,18.6875
15.0176,12.7394,13.2314,8.9606,13.6694,13.4234,16.8701,18.2904,17.6834,16.6658,13.6461,13.2581,7.7357,8.6801,5.4155,5.5631,0.0000,4.4765,7.2499,5.5116,6.4787,9.5630,10.9287,10.9613,12.6994,15.5621,15.8770,17.1537
13.9631,10.1452,12.0641,7.3031,10.5744,9.7611,14.2093,14.8719,13.5536,12.8116,9.3051,9.7874,4.5311,7.5613,6.5361,7.0243,4.4765,0.0000,4.8353,5.8241,4.7208,5.6612,8.7578,9.7346,9.7537,12.4205,14.0397,15.1719
13.2856,9.6242,9.7485,4.3026,7.0096,6.5802,9.7974,11.6643,11.4251,9.9013,8.1891,8.3183,4.3646,9.2089,7.7321,5.5775,7.2499,4.8353,0.0000,5.4259,7.3342,5.5070,6.2186,9.6166,10.5466,10.8594,12.6324,15.0946
17.5278,14.4434,14.2456,8.9770,12.3122,10.5944,13.0460,14.3211,15.0019,14.6812,12.4627,13.5642,8.7273,12.2700,9.2755,5.9393,5.5116,5.8241,5.4259,0.0000,5.1459,7.2928,6.0808,6.4828,9.7620,11.3593,10.8802,13.0127
18.6470,14.5391,16.3514,11.1356,13.4932,10.8082,14.9963,14.5388,13.9331,14.6781,11.0360,13.4545,8.8184,12.2001,10.7294,9.7504,6.4787,4.7208,7.3342,5.1459,0.0000,5.3384,7.3798,5.8755,6.3546,10.2347,10.7383,11.1034
16.8996,11.9300,14.1690,9.1579,9.2960,5.7893,10.8184,9.8642,8.6692,9.5100,6.0639,9.6726,6.8732,11.8201,11.6139,10.5297,9.5630,5.6612,5.5070,7.2928,5.3384,0.0000,5.4003,7.3533,5.5882,7.0343,9.9448,11.1371
19.3095,15.1582,15.3841,10.1655,10.4110,6.5927,8.4979,8.5687,10.2706,11.0611,9.8457,12.8035,10.0054,15.1294,13.4808,10.1540,10.9287,8.7578,6.2186,6.0808,7.3798,5.4003,0.0000,5.1992,7.2127,5.8837,6.5164,9.6856
22.7019,18.5222,19.3482,13.8956,15.1023,11.1173,13.5613,12.5588,13.8210,15.5329,13.1475,16.5956,12.8157,17.1946,15.1963,12.3017,10.9613,9.7346,9.6166,6.4828,5.8755,7.3533,5.1992,0.0000,5.5207,7.3255,5.3325,6.5911
22.3735,17.3111,19.7285,14.5796,14.4930,9.9193,14.0227,11.3415,10.8540,13.6004,10.2862,14.9738,12.2640,16.7068,16.2079,14.7832,12.6994,9.7537,10.5466,9.7620,6.3546,5.5882,7.2127,5.5207,0.0000,5.5927,7.2677,6.3102
22.8495,17.8271,19.3394,14.5213,12.8050,7.5458,9.8923,6.3596,7.8118,11.0529,9.7999,14.7224,13.4108,18.6823,18.1403,15.6913,15.5621,12.4205,10.8594,11.3593,10.2347,7.0343,5.8837,7.3255,5.5927,0.0000,5.2395,6.9005
25.7264,21.2487,21.8639,16.6743,16.2583,11.4797,12.4008,10.2549,12.8895,15.5256,14.3363,18.5820,16.0857,21.1102,19.4679,16.0965,15.8770,14.0397,12.6324,10.8802,10.7383,9.9448,6.5164,5.3325,7.2677,5.2395,0.0000,4.5315
27.8967,23.0460,24.6141,19.3159,18.9981,13.9796,16.1176,13.0001,14.4271,17.7919,15.6370,20.4690,17.8280,22.4936,21.2556,18.6875,17.1537,15.1719,15.0946,13.0127,11.1034,11.1371,9.6856,6.5911,6.3102,6.9005,4.5315,0.0000