c1,c2,c3,c4,c5,c6,c7,c8,c9,c10,c11,c12,c13,c14,c15,c16,c17,c18,c19
0.0000,5.1963,7.1860,5.5556,7.0634,10.2034,10.6577,10.8278,13.0307,14.8348,15.5649,17.0675,19.1331,20.0299,21.2778,24.6020,21.0489,22.2503,26.7566
5.1963,0.0000,5.4704,7.0256,5.1362,6.6332,9.6258,10.5067,10.5173,12.2529,14.6869,15.5520,16.3402,17.8931,20.1862,22.6868,20.2678,20.4802,25.0089
7.1860,5.4704,0.0000,5.5289,7.0817,5.5749,6.0494,9.6191,10.6750,9.9053,12.0906,14.7724,15.2683,15.1748,17.7680,21.1541,19.0373,20.4364,24.1955
5.5556,7.0256,5.5289,0.0000,5.5450,7.5711,5.6652,6.2304,9.6609,10.4530,10.2661,12.6905,15.0298,15.0920,16.0377,19.8722,16.3024,18.3611,22.3527
7.0634,5.1362,7.0817,5.5450,0.0000,5.2237,7.3236,5.9021,6.1273,9.2322,10.7236,10.7770,12.4749,14.4334,15.9252,18.2874,15.3895,15.6527,20.2909
10.2034,6.6332,5.5749,7.5711,5.2237,0.0000,5.4470,7.4716,5.8752,5.8149,9.5309,10.6192,10.2773,11.5078,14.5496,16.8004,15.4648,15.7570,19.6439
10.6577,9.6258,6.0494,5.6652,7.3236,5.4470,0.0000,5.4818,7.5237,5.5061,6.1136,9.7663,10.8679,9.8867,11.8279,15.7190,13.4282,15.7053,18.9100
10.8278,10.5067,9.6191,6.2304,5.9021,7.4716,5.4818,0.0000,5.2533,7.1851,5.6666,6.6016,9.9458,10.7054,10.7722,14.0645,10.2621,12.2097,16.2079
13.0307,10.5173,10.6750,9.6609,6.1273,5.8752,7.5237,5.2533,0.0000,5.4330,7.3569,5.4897,6.4853,9.4982,11.1351,12.4460,10.6117,10.1255,14.5188
14.8348,12.2529,9.9053,10.4530,9.2322,5.8149,5.5061,7.1851,5.4330,0.0000,5.3455,7.0162,5.8094,5.6939,9.2100,11.5632,11.1548,12.1580,14.9835
15.5649,14.6869,12.0906,10.2661,10.7236,9.5309,6.1136,5.6666,7.3569,5.3455,0.0000,5.4775,7.6629,5.8700,5.8442,10.2388,7.6749,11.0472,13.4012
17.0675,15.5520,14.7724,12.6905,10.7770,10.6192,9.7663,6.6016,5.4897,7.0162,5.4775,0.0000,5.1254,7.2874,6.5700,7.8297,5.1537,5.9832,9.7326
19.1331,16.3402,15.2683,15.0298,12.4749,10.2773,10.8679,9.9458,6.4853,5.8094,7.6629,5.1254,0.0000,5.3059,7.8221,7.0996,8.5806,7.4553,9.9798
20.0299,17.8931,15.1748,15.0920,14.4334,11.5078,9.8867,10.7054,9.4982,5.6939,5.8700,7.2874,5.3059,0.0000,5.2127,7.3192,8.8805,10.7171,11.4790
21.2778,20.1862,17.7680,16.0377,15.9252,14.5496,11.8279,10.7722,11.1351,9.2100,5.8442,6.5700,7.8221,5.2127,0.0000,5.6436,4.8741,9.0347,9.0296
24.6020,22.6868,21.1541,19.8722,18.2874,16.8004,15.7190,14.0645,12.4460,11.5632,10.2388,7.8297,7.0996,7.3192,5.6436,0.0000,6.0911,6.3041,4.3334
21.0489,20.2678,19.0373,16.3024,15.3895,15.4648,13.4282,10.2621,10.6117,11.1548,7.6749,5.1537,8.5806,8.8805,4.8741,6.0911,0.0000,5.7478,7.0621
22.2503,20.4802,20.4364,18.3611,15.6527,15.7570,15.7053,12.2097,10.1255,12.1580,11.0472,5.9832,7.4553,10.7171,9.0347,6.3041,5.7478,0.0000,5.2943
26.7566,25.0089,24.1955,22.3527,20.2909,19.6439,18.9100,16.2079,14.5188,14.9835,13.4012,9.7326,9.9798,11.4790,9.0296,4.3334,7.0621,5.2943,0.0000