c1,c2,c3,c4,c5,c6,c7,c8,c9,c10,c11,c12,c13,c14,c15,c16,c17,c18,c19,c20
0.0,5.525627928118214,7.254288800426958,6.038132658363841,6.863983464432296,10.339418649034382,11.26099258502553,11.131034722791947,13.53095525083133,15.603187655091507,16.451188680457108,17.440106364354545,19.585244369167317,21.051082371222627,22.220109338164832,23.468569683728067,25.5905691222372,26.98540073817693,28.281549497861675,30.39487940426808
5.525627928118214,0.0,5.422853676801542,7.464499313416808,5.574568772559901,6.69203392101385,10.004813141683357,10.774233986692511,10.996430966454525,12.863313608864551,15.40170734042171,16.040908640098912,16.77059799172349,18.893405013390254,21.01339998667517,21.400408664322278,22.876318759800498,25.184412500592504,26.836947255602674,27.992508676429846
7.254288800426958,5.422853676801542,0.0,5.328152587905118,7.195898067649375,6.04179906981356,6.794798598928448,9.959777808766619,11.355293831513125,10.986346845061828,13.221846353667857,15.616574464331158,16.19550144330209,16.769049734555622,19.409424746756407,20.91062163112326,21.596348904386595,23.14872525648011,25.61502859650951,27.263929173910352
6.038132658363841,7.464499313416808,5.328152587905118,0.0,5.461195931295635,7.486490633133792,5.810809754242519,6.64606379746689,10.256499110320247,10.967471404111341,11.028257296599495,13.233977179971257,15.496566490677862,15.858757170724319,17.115872428830496,19.216081832673385,20.93249612444727,21.685046160891613,23.427172087129936,25.973506193812185
6.863983464432296,5.574568772559901,7.195898067649375,5.461195931295635,0.0,5.307655697198152,7.1877290572196735,5.604102158240871,6.712393537330778,9.747827245083903,10.9625227935909,10.998264999535154,12.892942332919976,15.063217650953597,16.21448950784452,16.804124791252892,19.065864916126934,20.919715437835194,22.003197972113053,23.69828679461872
10.339418649034382,6.69203392101385,6.04179906981356,7.486490633133792,5.307655697198152,0.0,5.2912319926459475,7.088471344373199,5.888526980493508,6.247761599164936,9.75096431128737,10.848113292181273,10.609170137197347,12.383153112192385,15.151439304567734,15.59648861122272,16.409910846802305,18.784986691504468,20.904628339198,21.883260588861067
11.26099258502553,10.004813141683357,6.794798598928448,5.810809754242519,7.1877290572196735,5.2912319926459475,0.0,5.268417029810757,7.405272040917875,5.649939911184896,6.507037497970947,9.878342877223892,10.90825536004727,10.47569343766798,12.785705181960047,15.005321489391688,15.752404705314044,16.61471700029826,19.09808822893014,21.2811704095428
11.131034722791947,10.774233986692511,9.959777808766619,6.64606379746689,5.604102158240871,7.088471344373199,5.268417029810757,0.0,5.2392631161261605,7.191725314554221,5.9089114902831295,6.664146757087512,9.864584177754274,10.834245474420449,11.123521250035889,12.815545755058581,15.302350211650495,16.14744967479385,17.178412848688904,19.731737379156456
13.53095525083133,10.996430966454525,11.355293831513125,10.256499110320247,6.712393537330778,5.888526980493508,7.405272040917875,5.2392631161261605,0.0,5.3331719454748505,7.172561676277173,5.558250264246834,6.2709314300189885,9.52274188456245,10.860099677258953,10.420947221822017,12.579618833653107,15.082153195084581,16.0858109525134,17.132235289068383
15.603187655091507,12.863313608864551,10.986346845061828,10.967471404111341,9.747827245083903,6.247761599164936,5.649939911184896,7.191725314554221,5.3331719454748505,0.0,5.279216040284769,7.248921643941256,5.808466751217571,6.176753030516924,9.71639243752536,10.638729529412805,10.611487407522095,12.649990909087641,15.32190618036803,16.42444607893977
16.451188680457108,15.40170734042171,13.221846353667857,11.028257296599495,10.9625227935909,9.75096431128737,6.507037497970947,5.9089114902831295,7.172561676277173,5.279216040284769,0.0,5.262367813066661,7.247930049331325,5.547687806645215,6.335121624720396,9.494004107856705,10.771887903241474,10.685973048814974,12.728222617474916,15.602044064801253
17.440106364354545,16.040908640098912,15.616574464331158,13.233977179971257,10.998264999535154,10.848113292181273,9.878342877223892,6.664146757087512,5.558250264246834,7.248921643941256,5.262367813066661,0.0,5.223284885969748,7.188473203678233,5.9692298498215,6.254749315520168,9.771585439425888,10.986228970852556,11.070362957012748,13.266234733337113
19.585244369167317,16.77059799172349,16.19550144330209,15.496566490677862,12.892942332919976,10.609170137197347,10.90825536004727,9.864584177754274,6.2709314300189885,5.808466751217571,7.247930049331325,5.223284885969748,0.0,5.319430984607282,7.303790659650645,5.481605056915356,6.38027687486993,9.808542501309764,11.19662900162366,11.294431769681909
21.051082371222627,18.893405013390254,16.769049734555622,15.858757170724319,15.063217650953597,12.383153112192385,10.47569343766798,10.834245474420449,9.52274188456245,6.176753030516924,5.547687806645215,7.188473203678233,5.319430984607282,0.0,5.185611825040513,7.113274773267232,5.808586488983356,6.51395701551676,9.934370790341983,11.507854491607025
22.220109338164832,21.01339998667517,19.409424746756407,17.115872428830496,16.21448950784452,15.151439304567734,12.785705181960047,11.123521250035889,10.860099677258953,9.71639243752536,6.335121624720396,5.9692298498215,7.303790659650645,5.185611825040513,0.0,5.283127482845743,7.184533596553084,5.639024561038904,6.419943691341849,10.138202256810622
23.468569683728067,21.400408664322278,20.91062163112326,19.216081832673385,16.804124791252892,15.59648861122272,15.005321489391688,12.815545755058581,10.420947221822017,10.638729529412805,9.494004107856705,6.254749315520168,5.481605056915356,7.113274773267232,5.283127482845743,0.0,5.275862299188636,7.313513656239386,6.336566025853436,7.050213117346171
25.5905691222372,22.876318759800498,21.596348904386595,20.93249612444727,19.065864916126934,16.409910846802305,15.752404705314044,15.302350211650495,12.579618833653107,10.611487407522095,10.771887903241474,9.771585439425888,6.38027687486993,5.808586488983356,7.184533596553084,5.275862299188636,0.0,5.301685486710807,7.568218152246935,6.362048883810938
26.98540073817693,25.184412500592504,23.14872525648011,21.685046160891613,20.919715437835194,18.784986691504468,16.61471700029826,16.14744967479385,15.082153195084581,12.649990909087641,10.685973048814974,10.986228970852556,9.808542501309764,6.51395701551676,5.639024561038904,7.313513656239386,5.301685486710807,0.0,5.1932428212052635,7.559816069191101
28.281549497861675,26.836947255602674,25.61502859650951,23.427172087129936,22.003197972113053,20.904628339198,19.09808822893014,17.178412848688904,16.0858109525134,15.32190618036803,12.728222617474916,11.070362957012748,11.19662900162366,9.934370790341983,6.419943691341849,6.336566025853436,7.568218152246935,5.1932428212052635,0.0,5.703208219940774
30.39487940426808,27.992508676429846,27.263929173910352,25.973506193812185,23.69828679461872,21.883260588861067,21.2811704095428,19.731737379156456,17.132235289068383,16.42444607893977,15.602044064801253,13.266234733337113,11.294431769681909,11.507854491607025,10.138202256810622,7.050213117346171,6.362048883810938,7.559816069191101,5.703208219940774,0.0
