c1,c2,c3,c4,c5,c6,c7,c8,c9,c10,c11,c12,c13,c14,c15,c16,c17,c18,c19,c20,c21,c22,c23,c24,c25,c26,c27,c28
0.0,6.094481848360861,8.043893771053916,8.934771289742116,12.752307124595143,15.129840712975136,18.233107908417587,20.873381350418526,23.04282643253644,19.47901830175227,21.238812349093347,17.14355846958268,22.948228907695686,21.224247312920195,25.35542373931069,27.18321281600098,26.8836822068704,29.105990826632237,28.210959767437906,24.055157056232247,21.442128089347847,22.039458682100157,17.46736969323086,22.074643417278565,19.13694933890979,23.8280542848131,25.547354324861118,24.253316494863135
6.094481848360861,0.0,5.846830765466023,6.235780865296664,8.544779107735904,12.153341474672715,13.802722231502015,16.532219754164892,18.85404728433659,16.24155044938752,19.212923228910274,16.28133968689309,22.174957609880565,22.00511442824145,25.69234777127229,28.65657491746004,27.795567812153074,30.74251380417678,30.393013769614885,26.198337771698416,23.478452632147633,22.94332648070022,17.913042762188674,21.319302638688722,17.076459205584747,21.829333246803486,22.332137336135112,21.09598241372039
8.043893771053916,5.846830765466023,0.0,6.003054639098333,5.64866373578743,9.573823217503026,12.721895259748054,13.716225355395704,16.970816863074095,14.40879873549492,15.890204687164983,13.526970318589452,19.216854711424553,18.98494701072405,23.453746779565947,26.27413009026179,26.49420566840984,29.808455595686272,28.749580449112646,25.09907866834956,21.28325167825631,21.65964154828053,16.019909956051567,19.84504494829881,15.999373518985049,19.582184964911345,20.46133167709277,17.92227747804391
8.934771289742116,6.235780865296664,6.003054639098333,0.0,6.021482292592083,6.60310184685955,9.47958237476736,12.829609697882473,14.225179084988701,10.639822272951742,13.327762002676968,10.153962034595166,16.005624698836343,16.256526996871134,19.67155054895267,23.0407890706894,22.13193541017143,25.49606048000357,25.23279740734269,21.236664168366932,18.317442752742533,17.336694062017706,12.099019712356865,15.202787704891493,11.043289908356114,15.698900630298926,16.7455341210724,15.814698764124469
12.752307124595143,8.544779107735904,5.64866373578743,6.021482292592083,0.0,5.788563293253343,7.518791990738937,8.294670337029677,11.594975334169538,9.986788222446693,12.471265894046201,11.745171518543268,16.922798497884443,18.378667769998998,22.057223624019407,25.877271533142746,25.58176620173048,29.49536263550594,28.962760883589812,25.476354331026254,21.767704839968772,21.027013435102955,15.408002888109802,17.67893285806584,12.946182796484837,16.047997569790443,15.802581434689712,13.290810885721006
15.129840712975136,12.153341474672715,9.573823217503026,6.60310184685955,5.788563293253343,0.0,5.352272040918698,7.581686421898495,8.511555087056655,4.924381991681798,7.256987667069581,6.536008338427974,11.39753385605851,13.582547404666034,16.597294508443238,20.861567989966623,20.30004416251354,24.49228053897799,24.21269061876437,20.97019153465223,17.43534183777307,16.01847492740804,10.652032857628633,12.063880718906333,7.498097758765219,10.354122802053297,10.930530499477142,9.22413795430229
18.233107908417587,13.802722231502015,12.721895259748054,9.47958237476736,7.518791990738937,5.352272040918698,0.0,5.785262742520863,5.215731779913535,4.64744768663403,9.752146327860343,10.787382490669366,14.38372559526912,17.80353723280854,19.613001835517174,24.521040658993247,23.041610208490205,27.37918139755095,27.84681847177519,24.553000244369322,21.729825056819944,19.202532827728746,14.624277212908678,14.213696563526321,8.712043503105342,11.390205046442317,9.456357914123176,9.067757881637556
20.873381350418526,16.532219754164892,13.716225355395704,12.829609697882473,8.294670337029677,7.581686421898495,5.785262742520863,0.0,5.262627575650781,7.56047214134144,9.763865474288348,12.75730371199181,15.453400952541159,19.17575763822645,21.622619129050946,26.35359986794973,25.97020250209844,30.54822896666843,30.372365367221565,27.642834984856385,23.9191700106839,22.322165889536794,17.41176042219741,17.25095090132715,12.602723078763574,13.012749363604911,10.645865676402272,7.193937308595343
23.04282643253644,18.85404728433659,16.970816863074095,14.225179084988701,11.594975334169538,8.511555087056655,5.215731779913535,5.262627575650781,0.0,5.193917789106794,8.65710113144117,12.121739685375198,13.595784125970816,18.26132508883186,19.30117449794183,24.562670233506783,23.297359871882477,27.971953453414727,28.49041229957896,25.86931241838484,22.936659586783776,20.21707221632252,16.278802597242834,14.435436051605784,9.897188489667155,9.735474153835549,5.999888415629076,5.463110926935312
19.47901830175227,16.24155044938752,14.40879873549492,10.639822272951742,9.986788222446693,4.924381991681798,4.64744768663403,7.56047214134144,5.193917789106794,0.0,5.749052269722376,7.312777652848472,9.88312126810149,13.836033607938367,15.190694421256719,20.26641273141352,18.93162594707597,23.46457257228437,23.86886819687938,20.957971013435436,18.093085005050963,15.404201147738886,11.211140798330918,10.027460695510106,5.109656544230737,6.796038331263296,6.160001542207599,6.444317264070726
21.238812349093347,19.212923228910274,15.890204687164983,13.327762002676968,12.471265894046201,7.256987667069581,9.752146327860343,9.763865474288348,8.65710113144117,5.749052269722376,0.0,5.532722024464992,5.75722033623866,10.081124639642146,12.145302672226824,16.818220744180994,17.015238376232052,21.69518518012695,21.19743411359026,19.159137898141452,15.30932895328858,13.890717368084344,9.795284273567564,9.127733234489272,7.377502287359862,5.186003952948743,7.447292192468346,5.177800787979391
17.14355846958268,16.28133968689309,13.526970318589452,10.153962034595166,11.745171518543268,6.536008338427974,10.787382490669366,12.75730371199181,12.121739685375198,7.312777652848472,5.532722024464992,0.0,5.928992747507793,7.135812988020355,10.33739793178148,14.33489902301373,14.287986702121472,18.50731857941609,17.868435689785496,15.034170146702477,11.22596882233333,10.114847799151502,4.818748904020627,7.0653733800840275,5.8827008253012485,7.453866513427779,11.121402159799814,10.389571117230972
22.948228907695686,22.174957609880565,19.216854711424553,16.005624698836343,16.922798497884443,11.39753385605851,14.38372559526912,15.453400952541159,13.595784125970816,9.88312126810149,5.75722033623866,5.928992747507793,0.0,5.715979356155864,6.484879875525838,11.226688425355004,11.690988110506316,16.36830259984217,15.768192699228406,14.319328301285644,10.820475544078457,9.306463828973925,7.162293906284495,5.711539022014994,8.125867461385276,5.0974857528001,10.155635135234034,10.187724525133175
21.224247312920195,22.00511442824145,18.98494701072405,16.256526996871134,18.378667769998998,13.582547404666034,17.80353723280854,19.17575763822645,18.26132508883186,13.836033607938367,10.081124639642146,7.135812988020355,5.715979356155864,0.0,5.799103637632284,7.782474220965978,10.042258062806392,13.801901970380747,11.902249913356718,10.430315958780923,5.613420614919213,7.072470643275941,5.364698500381918,7.9153588674171935,11.220662814646913,10.481957689286864,15.576511708338295,15.120833674106729
25.35542373931069,25.69234777127229,23.453746779565947,19.67155054895267,22.057223624019407,16.597294508443238,19.613001835517174,21.622619129050946,19.30117449794183,15.190694421256719,12.145302672226824,10.33739793178148,6.484879875525838,5.799103637632284,0.0,5.611093476319923,5.558051457120563,10.10469262273722,9.761451633850367,9.122474445017646,7.497778604360094,5.301355487042914,7.927835076488411,6.191106928490253,11.582751875094278,9.849768220623265,15.024730213884041,16.434798447197338
27.18321281600098,28.65657491746004,26.27413009026179,23.0407890706894,25.877271533142746,20.861567989966623,24.521040658993247,26.35359986794973,24.562670233506783,20.26641273141352,16.818220744180994,14.33489902301373,11.226688425355004,7.782474220965978,5.611093476319923,0.0,5.976536287851016,7.972034683818178,5.288446274663286,6.99523680800014,6.004342928247854,7.39042732188065,11.023088269627527,11.37849713275,16.617977283652785,15.319868145646684,20.55030671303959,21.39416429777055
26.8836822068704,27.795567812153074,26.49420566840984,22.13193541017143,25.58176620173048,20.30004416251354,23.041610208490205,25.97020250209844,23.297359871882477,18.93162594707597,17.015238376232052,14.287986702121472,11.690988110506316,10.042258062806392,5.558051457120563,5.976536287851016,0.0,4.846118962633914,6.622249315753674,5.940975340800532,8.331667540174656,4.908771944183188,10.516442792123199,8.941564795940362,14.411434522628204,14.076775980315947,18.879385742126253,21.236559231664625
29.105990826632237,30.74251380417678,29.808455595686272,25.49606048000357,29.49536263550594,24.49228053897799,27.37918139755095,30.54822896666843,27.971953453414727,23.46457257228437,21.69518518012695,18.50731857941609,16.36830259984217,13.801901970380747,10.10469262273722,7.972034683818178,4.846118962633914,0.0,4.823136013010623,5.55087966001786,10.322720426321736,8.495246729789548,14.229152118098954,13.541637050224026,18.753044766117316,18.896164504999422,23.635892388484088,26.041074190593598
28.210959767437906,30.393013769614885,28.749580449112646,25.23279740734269,28.962760883589812,24.21269061876437,27.84681847177519,30.372365367221565,28.49041229957896,23.86886819687938,21.19743411359026,17.868435689785496,15.768192699228406,11.902249913356718,9.761451633850367,5.288446274663286,6.622249315753674,4.823136013010623,0.0,4.744769962811684,7.693017483406625,8.888234020321471,13.653230057389349,14.442092265319454,19.607466562511334,19.40546005638619,24.542597132333,25.906683500594976
24.055157056232247,26.198337771698416,25.09907866834956,21.236664168366932,25.476354331026254,20.97019153465223,24.553000244369322,27.642834984856385,25.86931241838484,20.957971013435436,19.159137898141452,15.034170146702477,14.319328301285644,10.430315958780923,9.122474445017646,6.99523680800014,5.940975340800532,5.55087966001786,4.744769962811684,0.0,5.73495597193213,5.749405012694791,10.36326960953926,11.916962238758668,16.434279083671424,17.50502070835679,22.47099842018596,23.997702973409766
21.442128089347847,23.478452632147633,21.28325167825631,18.317442752742533,21.767704839968772,17.43534183777307,21.729825056819944,23.9191700106839,22.936659586783776,18.093085005050963,15.30932895328858,11.22596882233333,10.820475544078457,5.613420614919213,7.497778604360094,6.004342928247854,8.331667540174656,10.322720426321736,7.693017483406625,5.73495597193213,0.0,5.822070250349097,7.2104580298341645,10.550618417893805,14.474897892558689,15.021963719833701,20.168048443019963,20.40889266961831
22.039458682100157,22.94332648070022,21.65964154828053,17.336694062017706,21.027013435102955,16.01847492740804,19.202532827728746,22.322165889536794,20.21707221632252,15.404201147738886,13.890717368084344,10.114847799151502,9.306463828973925,7.072470643275941,5.301355487042914,7.39042732188065,4.908771944183188,8.495246729789548,8.888234020321471,5.749405012694791,5.822070250349097,0.0,5.831621644105523,6.18349520902216,10.851068564892584,11.877263321152732,16.750179999032845,18.527432471878015
17.46736969323086,17.913042762188674,16.019909956051567,12.099019712356865,15.408002888109802,10.652032857628633,14.624277212908678,17.41176042219741,16.278802597242834,11.211140798330918,9.795284273567564,4.818748904020627,7.162293906284495,5.364698500381918,7.927835076488411,11.023088269627527,10.516442792123199,14.229152118098954,13.653230057389349,10.36326960953926,7.2104580298341645,5.831621644105523,0.0,5.86732767109525,7.62460976050578,9.76239166393154,14.275548640945468,14.739682527110277
22.074643417278565,21.319302638688722,19.84504494829881,15.202787704891493,17.67893285806584,12.063880718906333,14.213696563526321,17.25095090132715,14.435436051605784,10.027460695510106,9.127733234489272,7.0653733800840275,5.711539022014994,7.9153588674171935,6.191106928490253,11.37849713275,8.941564795940362,13.541637050224026,14.442092265319454,11.916962238758668,10.550618417893805,6.18349520902216,5.86732767109525,0.0,5.676414889699307,5.99897599595131,10.6006110672923,13.033067827645187
19.13694933890979,17.076459205584747,15.999373518985049,11.043289908356114,12.946182796484837,7.498097758765219,8.712043503105342,12.602723078763574,9.897188489667155,5.109656544230737,7.377502287359862,5.8827008253012485,8.125867461385276,11.220662814646913,11.582751875094278,16.617977283652785,14.411434522628204,18.753044766117316,19.607466562511334,16.434279083671424,14.474897892558689,10.851068564892584,7.62460976050578,5.676414889699307,0.0,5.822662020072949,8.01417550344388,10.261171521809779
23.8280542848131,21.829333246803486,19.582184964911345,15.698900630298926,16.047997569790443,10.354122802053297,11.390205046442317,13.012749363604911,9.735474153835549,6.796038331263296,5.186003952948743,7.453866513427779,5.0974857528001,10.481957689286864,9.849768220623265,15.319868145646684,14.076775980315947,18.896164504999422,19.40546005638619,17.50502070835679,15.021963719833701,11.877263321152732,9.76239166393154,5.99897599595131,5.822662020072949,0.0,5.2813428216695035,7.498017738042502
25.547354324861118,22.332137336135112,20.46133167709277,16.7455341210724,15.802581434689712,10.930530499477142,9.456357914123176,10.645865676402272,5.999888415629076,6.160001542207599,7.447292192468346,11.121402159799814,10.155635135234034,15.576511708338295,15.024730213884041,20.55030671303959,18.879385742126253,23.635892388484088,24.542597132333,22.47099842018596,20.168048443019963,16.750179999032845,14.275548640945468,10.6006110672923,8.01417550344388,5.2813428216695035,0.0,5.764016828566689
24.253316494863135,21.09598241372039,17.92227747804391,15.814698764124469,13.290810885721006,9.22413795430229,9.067757881637556,7.193937308595343,5.463110926935312,6.444317264070726,5.177800787979391,10.389571117230972,10.187724525133175,15.120833674106729,16.434798447197338,21.39416429777055,21.236559231664625,26.041074190593598,25.906683500594976,23.997702973409766,20.40889266961831,18.527432471878015,14.739682527110277,13.033067827645187,10.261171521809779,7.498017738042502,5.764016828566689,0.0
