c1,c2,c3,c4,c5,c6,c7,c8,c9,c10,c11,c12,c13,c14,c15,c16,c17,c18,c19,c20,c21,c22,c23,c24,c25,c26,c27,c28
0.0,6.063470046103963,6.623225196231817,10.920268632226957,13.528665196537313,17.907624102599428,19.21269314802066,23.758600421742017,22.780156474440645,20.303374251586852,16.958685739172125,14.501230671911951,11.302295872963155,8.738223675324406,7.067393932702491,6.249817277328994,10.10151963815346,13.097749768567118,11.300675599272816,13.1053843133271,10.442443487996474,11.7810440114618,13.540101181305845,14.47082475189303,18.3227097068092,18.773364349524567,22.032477323260764,25.919069543484774
6.063470046103963,0.0,5.886009599040762,6.438130939954545,10.984232198929517,13.91610656757126,16.33712597123496,20.337390024287775,18.373308956200567,16.199866079693376,11.848021311594605,11.083563777052937,6.3770520618856485,7.3187164175147545,4.508842645291583,8.701404541796686,9.67943211144125,14.18350605456916,13.859538303998443,13.734616813002102,11.241531701685496,9.710035684795397,11.370398805670803,10.001152933537213,14.354324714175863,13.435784160219306,16.95058352977855,21.09909640245288
6.623225196231817,5.886009599040762,0.0,5.795658633839643,6.91545761320247,11.679858432361241,12.647571703690792,17.23790410693829,16.577105085026155,14.2789266403326,11.657469794084822,8.60511911596812,7.40919239863563,5.0317222697601265,7.511294761890256,9.337432195202277,12.926069278786958,16.856812539741906,14.831846041541828,14.808475478589955,10.192997694495961,11.331061821382848,10.218872931982274,11.269617606644868,13.42869178289531,14.32208647509154,16.71233786757556,20.07692112849976
10.920268632226957,6.438130939954545,5.795658633839643,0.0,5.73002382194001,7.491875199174102,10.665294041891203,14.407657165549157,12.309404940938453,10.91114205754833,6.719641433886187,6.7633506489017705,4.863708358855411,7.656646132609238,9.004076743342429,13.347509842663536,14.84067734303256,19.49011241629971,18.643339024970825,17.56400947961484,13.655498562850058,12.349949190178881,10.971145564616304,9.234876609895771,11.112389122056516,9.983330406232183,12.202552765712591,15.660600403560522
13.528665196537313,10.984232198929517,6.91545761320247,5.73002382194001,0.0,5.763790159261526,5.929699655125881,10.483528604434673,10.345308936904686,8.660351032146446,7.929519027028058,4.776499659792723,8.129604787442005,8.060585896819164,12.327482508606533,15.197616326253272,17.968364783696927,22.159487922783775,20.261483089843153,18.996079753464922,13.906108370065294,14.35610950083622,10.658893657411166,11.255858963224442,10.296857238983165,11.57696683073766,12.142530996460334,14.369323435708447
17.907624102599428,13.91610656757126,11.679858432361241,7.491875199174102,5.763790159261526,0.0,5.856679178510635,8.039488851910923,5.820542242781166,6.8541582269451595,5.779755098617934,7.268480033679669,10.113029466979714,12.722004087406983,15.812707927486677,19.86512514433272,21.485395737570208,26.055912534394185,24.913203005635385,23.154317200038527,18.663752275467008,17.64440106662734,14.162313970534619,12.677153387097595,10.849393254924443,9.988700716309404,9.046715757665872,10.323468651572494
19.21269314802066,16.33712597123496,12.647571703690792,10.665294041891203,5.929699655125881,5.856679178510635,0.0,4.79151646141386,6.765219508633848,5.4349655012704545,8.720677381946887,6.345582479173997,11.814320547538907,12.300585799058513,16.96366007086914,19.8935518698899,22.199922815181136,26.257388084118343,24.39027172870364,22.317932117470026,17.304955070730465,17.512781789310342,12.559678897169306,13.241724849882663,9.449977619021118,11.687660030989951,10.129084114568307,10.56329389915854
23.758600421742017,20.337390024287775,17.23790410693829,14.407657165549157,10.483528604434673,8.039488851910923,4.79151646141386,0.0,4.961560339248128,5.698300448379323,10.486810954718313,10.024168843350555,15.189889861351856,16.56312014688054,20.877672691178965,24.20104340725829,25.920360510610188,30.02086749246264,28.469477708591704,25.934508709439626,21.286042234290527,20.862046783573273,15.83519238910598,15.778091804777914,10.948262373545859,12.627541526362128,9.422328533860407,7.656822578589633
22.780156474440645,18.373308956200567,16.577105085026155,12.309404940938453,10.345308936904686,5.820542242781166,6.765219508633848,4.961560339248128,0.0,4.743382021300835,7.169726703299088,9.55145193151282,13.168637173223354,16.21195472483192,19.382091012065754,23.6462155323003,24.523214919744923,28.984458007697853,28.143541283925167,25.55637832322882,21.459264223174102,19.81964028432403,15.766301310072695,13.922512345119324,10.164520549440589,9.414626174203626,5.972638780304733,4.840461238353221
20.303374251586852,16.199866079693376,14.2789266403326,10.91114205754833,8.660351032146446,6.8541582269451595,5.4349655012704545,5.698300448379323,4.743382021300835,0.0,5.832667314359702,5.990583026717851,10.336206364038986,12.70006381873729,16.234366787774633,20.134662798269062,20.97931545594374,25.179330749644638,24.21449287100599,21.34259248545031,17.333722566142566,15.832565174348723,11.35189702208402,10.263961467191896,5.669767984670978,7.152262928612175,4.97916729986049,6.466219915839546
16.958685739172125,11.848021311594605,11.657469794084822,6.719641433886187,7.929519027028058,5.779755098617934,8.720677381946887,10.486810954718313,7.169726703299088,5.832667314359702,0.0,5.876749867060875,6.460715285477297,10.990961058979329,12.769468156505187,17.682528495664865,17.841765299431557,22.49266949474873,22.209958959890045,19.772858417537915,16.341467926719435,13.706933136190605,11.123901743543044,7.787417864735397,7.108805595878959,4.393190753882649,5.519853168336998,9.29835555353741
14.501230671911951,11.083563777052937,8.60511911596812,6.7633506489017705,4.776499659792723,7.268480033679669,6.345582479173997,10.024168843350555,9.55145193151282,5.990583026717851,5.876749867060875,0.0,5.875222123460524,6.792105270091152,10.915257853115518,14.356269257714555,15.97727010474568,20.148635338404436,18.762474730162864,16.482832675241234,11.97764455141327,11.282716561183303,6.967947402212505,7.26363779383306,5.609227397779485,8.013973171904185,9.136509070755634,12.217876288455372
11.302295872963155,6.3770520618856485,7.40919239863563,4.863708358855411,8.129604787442005,10.113029466979714,11.814320547538907,15.189889861351856,13.168637173223354,10.336206364038986,6.460715285477297,5.875222123460524,0.0,5.813259068715242,6.318290037660506,11.370739114059386,11.563615827240197,16.23899371882384,15.93034365605463,13.909423064958517,10.802710493204934,8.058852647864954,7.275601418439578,4.526520628473928,8.102025117216066,7.485282426201433,10.95438181733684,15.257113291838664
8.738223675324406,7.3187164175147545,5.0317222697601265,7.656646132609238,8.060585896819164,12.722004087406983,12.300585799058513,16.56312014688054,16.21195472483192,12.70006381873729,10.990961058979329,6.792105270091152,5.813259068715242,0.0,5.733965469027521,7.640945294922612,10.466572027172985,14.272000490470843,12.329352618852297,11.002311984305845,6.167871026537439,7.139751326201774,5.3289452051977415,7.830389390062285,10.091121345024051,12.300669331381933,15.055677932261968,18.778613287460818
7.067393932702491,4.508842645291583,7.511294761890256,9.004076743342429,12.327482508606533,15.812707927486677,16.96366007086914,20.877672691178965,19.382091012065754,16.234366787774633,12.769468156505187,10.915257853115518,6.318290037660506,5.733965469027521,0.0,5.74847084014523,5.8830483594816725,10.489545748029322,10.255359184348444,9.357228275509794,7.564044222504255,5.416940557178008,8.440156929820676,8.029439955563527,12.931670967048303,13.17552146975595,17.044509790545458,21.45040794483872
6.249817277328994,8.701404541796686,9.337432195202277,13.347509842663536,15.197616326253272,19.86512514433272,19.8935518698899,24.20104340725829,23.6462155323003,20.134662798269062,17.682528495664865,14.356269257714555,11.370739114059386,7.640945294922612,5.74847084014523,0.0,5.908219613386084,8.082745882433766,5.5820606410177955,6.961460622599255,5.406082315318552,7.562041920010759,10.417973123405533,12.619645834967002,16.635186413142478,18.25203191428286,21.809525097993305,25.95120679274858
10.10151963815346,9.67943211144125,12.926069278786958,14.84067734303256,17.968364783696927,21.485395737570208,22.199922815181136,25.920360510610188,24.523214919744923,20.97931545594374,17.841765299431557,15.97727010474568,11.563615827240197,10.466572027172985,5.8830483594816725,5.908219613386084,0.0,4.857761418596019,6.701865859594625,5.9851864632607725,8.359839531952753,5.891046511444295,11.345125957872835,11.417937029078413,16.65218784424437,17.173044284575752,21.351204696691003,25.942758931925493
13.097749768567118,14.18350605456916,16.856812539741906,19.49011241629971,22.159487922783775,26.055912534394185,26.257388084118343,30.02086749246264,28.984458007697853,25.179330749644638,22.49266949474873,20.148635338404436,16.23899371882384,14.272000490470843,10.489545748029322,8.082745882433766,4.857761418596019,0.0,4.846779343027698,5.625283192871271,10.290318702547555,9.460920304071903,14.654954827634235,15.665943188968866,20.513664275306834,21.601840199390423,25.716867188675998,30.25304389644123
11.300675599272816,13.859538303998443,14.831846041541828,18.643339024970825,20.261483089843153,24.913203005635385,24.39027172870364,28.469477708591704,28.143541283925167,24.21449287100599,22.209958959890045,18.762474730162864,15.93034365605463,12.329352618852297,10.255359184348444,5.5820606410177955,6.701865859594625,4.846779343027698,0.0,4.712976660243503,7.42648241093992,9.579997338204224,13.294700184660051,15.921210946407312,19.914058501470763,21.986850115466744,25.684882596578092,29.90779926708082
13.1053843133271,13.734616813002102,14.808475478589955,17.56400947961484,18.996079753464922,23.154317200038527,22.317932117470026,25.934508709439626,25.55637832322882,21.34259248545031,19.772858417537915,16.482832675241234,13.909423064958517,11.002311984305845,9.357228275509794,6.961460622599255,5.9851864632607725,5.625283192871271,4.712976660243503,0.0,5.818171877832419,6.271160817583935,10.148342229152503,12.710804655882333,16.475484605922826,18.838781781208677,22.48913562145064,26.713702513878527
10.442443487996474,11.241531701685496,10.192997694495961,13.655498562850058,13.906108370065294,18.663752275467008,17.304955070730465,21.286042234290527,21.459264223174102,17.333722566142566,16.341467926719435,11.97764455141327,10.802710493204934,6.167871026537439,7.564044222504255,5.406082315318552,8.359839531952753,10.290318702547555,7.42648241093992,5.818171877832419,0.0,5.955970281994363,6.47222017548847,10.723485021204628,13.325668651140925,16.454474740932937,19.50329154271145,23.32483624808543
11.7810440114618,9.710035684795397,11.331061821382848,12.349949190178881,14.35610950083622,17.64440106662734,17.512781789310342,20.862046783573273,19.81964028432403,15.832565174348723,13.706933136190605,11.282716561183303,8.058852647864954,7.139751326201774,5.416940557178008,7.562041920010759,5.891046511444295,9.460920304071903,9.579997338204224,6.271160817583935,5.955970281994363,0.0,5.815054771883064,6.518432096754556,11.059205622466743,12.648999841884734,16.479870478859958,20.893887910104233
13.540101181305845,11.370398805670803,10.218872931982274,10.971145564616304,10.658893657411166,14.162313970534619,12.559678897169306,15.83519238910598,15.766301310072695,11.35189702208402,11.123901743543044,6.967947402212505,7.275601418439578,5.3289452051977415,8.440156929820676,10.417973123405533,11.345125957872835,14.654954827634235,13.294700184660051,10.148342229152503,6.47222017548847,5.815054771883064,0.0,5.806849490041911,6.879877542514838,10.719768514291715,13.338641797424504,17.073143061545522
14.47082475189303,10.001152933537213,11.269617606644868,9.234876609895771,11.255858963224442,12.677153387097595,13.241724849882663,15.778091804777914,13.922512345119324,10.263961467191896,7.787417864735397,7.26363779383306,4.526520628473928,7.830389390062285,8.029439955563527,12.619645834967002,11.417937029078413,15.665943188968866,15.921210946407312,12.710804655882333,10.723485021204628,6.518432096754556,5.806849490041911,0.0,5.895335613856093,6.136884877525405,10.055184632815052,14.628164922504805
18.3227097068092,14.354324714175863,13.42869178289531,11.112389122056516,10.296857238983165,10.849393254924443,9.449977619021118,10.948262373545859,10.164520549440589,5.669767984670978,7.108805595878959,5.609227397779485,8.102025117216066,10.091121345024051,12.931670967048303,16.635186413142478,16.65218784424437,20.513664275306834,19.914058501470763,16.475484605922826,13.325668651140925,11.059205622466743,6.879877542514838,5.895335613856093,0.0,5.80643591198594,6.902451013951493,10.406074620143755
18.773364349524567,13.435784160219306,14.32208647509154,9.983330406232183,11.57696683073766,9.988700716309404,11.687660030989951,12.627541526362128,9.414626174203626,7.152262928612175,4.393190753882649,8.013973171904185,7.485282426201433,12.300669331381933,13.17552146975595,18.25203191428286,17.173044284575752,21.601840199390423,21.986850115466744,18.838781781208677,16.454474740932937,12.648999841884734,10.719768514291715,6.136884877525405,5.80643591198594,0.0,4.494042055877982,9.283064203160507
22.032477323260764,16.95058352977855,16.71233786757556,12.202552765712591,12.142530996460334,9.046715757665872,10.129084114568307,9.422328533860407,5.972638780304733,4.97916729986049,5.519853168336998,9.136509070755634,10.95438181733684,15.055677932261968,17.044509790545458,21.809525097993305,21.351204696691003,25.716867188675998,25.684882596578092,22.48913562145064,19.50329154271145,16.479870478859958,13.338641797424504,10.055184632815052,6.902451013951493,4.494042055877982,0.0,4.789812000486032
25.919069543484774,21.09909640245288,20.07692112849976,15.660600403560522,14.369323435708447,10.323468651572494,10.56329389915854,7.656822578589633,4.840461238353221,6.466219915839546,9.29835555353741,12.217876288455372,15.257113291838664,18.778613287460818,21.45040794483872,25.95120679274858,25.942758931925493,30.25304389644123,29.90779926708082,26.713702513878527,23.32483624808543,20.893887910104233,17.073143061545522,14.628164922504805,10.406074620143755,9.283064203160507,4.789812000486032,0.0
