c1,c2,c3,c4,c5,c6,c7,c8,c9,c10,c11,c12,c13,c14,c15,c16,c17,c18,c19,c20,c21,c22,c23,c24,c25,c26,c27,c28,c29
0.0,6.160648261343932,6.800510348495914,9.707444256857725,12.801046285362771,15.255337557720578,19.422632416848135,21.011393623460584,23.11346040730379,19.496982535766914,21.20043598608293,19.605405938158995,15.80933477411368,19.841188875669722,21.20887505267547,19.519349297556,23.0003533233731,19.371666732627837,16.045443496519503,20.657819657456596,21.770173012633595,16.674021530512668,17.22435084408118,22.1163837233848,20.93833811456869,18.465344350972714,22.803839282015648,25.15943347931348,25.747575050866438
6.160648261343932,0.0,6.169608901705198,5.986750454127849,9.57371970552721,12.662570157752336,15.38965850823208,18.005647141938557,19.670349742696494,16.967671466645037,19.695422031528036,19.53115667337703,15.448551291302365,20.695641932542223,21.568009226630075,19.82443507391825,22.262023403096137,18.60838786676589,15.26050831394551,18.905656137780568,19.44858066800763,14.20352452738404,14.202210144903503,18.606101956078817,17.09354603351803,13.50000507407312,17.750752012238806,19.73349026401564,21.1968938762263
6.800510348495914,6.169608901705198,0.0,6.139314864054458,6.3157442158466175,9.789832531764779,13.623084268989897,14.423066074867714,17.21367319894275,14.25704699438141,15.564683645998077,14.618033417666004,11.807712098454974,16.50819775142035,18.600608108338825,18.288188373920477,20.279292591212347,15.683045781990181,13.852753733463972,18.35252772780905,17.83624680250865,12.510426091864337,14.748434052468081,18.672577861666557,16.142251949464796,14.707001903855184,18.177448033208623,20.121303436904878,19.86944463239977
9.707444256857725,5.986750454127849,6.139314864054458,0.0,6.176100873528541,6.971383076549445,10.213230928555372,13.318279468459881,14.140789864784782,11.067397255000834,14.223502170703249,14.69409956411076,10.305260501316791,16.005994314631003,16.57258039654658,15.347620173824996,16.861543078852538,13.072350133009747,10.255377564965613,13.661210524693631,13.55226191452925,8.258353710032042,9.104598618280765,13.164434017457795,11.410413883816837,9.038767061939366,13.193517574930501,15.940364707245564,16.463562828258045
12.801046285362771,9.57371970552721,6.3157442158466175,6.176100873528541,0.0,5.943645850822541,7.8333339007092,8.617781036902713,11.609948750963547,10.08234367595154,11.762989500972955,12.678027291341506,10.782737593023397,16.070816967410213,18.01088190511503,18.547789868337414,18.794105272664616,13.94954945508994,13.498659600123267,16.809589495285127,14.701799379667783,9.74073539318259,12.963319867996779,15.311244528123769,11.47128297096711,10.92435490086257,13.09940922331996,14.533042248614018,13.729011799834685
15.255337557720578,12.662570157752336,9.789832531764779,6.971383076549445,5.943645850822541,0.0,5.701026398816269,7.676226286398806,8.05515238837851,4.529562009731184,7.395466854769886,9.07833916528789,6.154345294180366,11.707818413350967,12.775518971846116,13.613393882496753,13.025702476258237,8.33937047983839,8.696243844327274,11.444012277169229,8.873883535408835,4.203754274455157,8.82550361169265,10.557070663777901,7.161588860022614,9.107101075534409,11.134733494790076,14.034624790139564,12.145268255580032
19.422632416848135,15.38965850823208,13.623084268989897,10.213230928555372,7.8333339007092,5.701026398816269,0.0,5.670357837032863,4.67786682153308,5.9080837841046225,9.241051130688541,12.851324289737617,11.335213363673398,16.297280202536864,16.93384099960786,17.87409916611184,16.007452795494977,12.196509746644734,13.063343025428063,13.8811882416456,10.156676671037628,7.521227958252562,10.697834827664895,10.095373643407163,4.966359330535799,7.309880026375262,6.776287626717154,8.727118023723524,6.594759510399148
21.011393623460584,18.005647141938557,14.423066074867714,13.318279468459881,8.617781036902713,7.676226286398806,5.670357837032863,0.0,5.6091487767753145,7.594482602521386,7.33541178121583,10.70691897793198,11.90670088647565,15.627051225359185,17.6881102721574,20.03468115543644,17.888093106868602,13.293218647114776,15.744882120867086,17.38995345019647,13.000020115369052,10.766779741408293,15.314712011657287,14.773508824920368,9.665166579009387,12.929140806720298,11.965028959430061,12.609880054941046,8.500155351521524
23.11346040730379,19.670349742696494,17.21367319894275,14.140789864784782,11.609948750963547,8.05515238837851,4.67786682153308,5.6091487767753145,0.0,5.287936837746835,7.259000344400047,11.86526670580986,11.819706679947688,15.457270781091983,15.979743583674928,17.94553005625635,14.780942628939467,11.46844592784916,14.025391010592184,13.953706353510526,9.045832908030084,8.854347293843855,12.582648926199921,10.383224595471292,5.569258029576291,10.658075905152863,8.718270355982316,10.507263440116079,5.928139758811359
19.496982535766914,16.967671466645037,14.25704699438141,11.067397255000834,10.08234367595154,4.529562009731184,5.9080837841046225,7.594482602521386,5.287936837746835,0.0,5.018231760291666,8.461571130706165,6.7420256599927,10.915067384125486,11.217480688639496,12.9336386604853,10.5524721748034,6.514097328103104,8.935989536699335,9.892925805847328,5.6058976979606046,4.248334967960978,9.095552209734162,8.618234447959743,5.223223047123299,10.040090935843162,10.562670590338412,13.764404128039834,10.658484742213593
21.20043598608293,19.695422031528036,15.564683645998077,14.223502170703249,11.762989500972955,7.395466854769886,9.241051130688541,7.33541178121583,7.259000344400047,5.018231760291666,0.0,4.779734929888895,7.1441912068477,8.975408068717543,11.039991349634292,14.516978301285704,11.90451985592027,7.333760154245568,11.625801692786608,13.347802253554702,9.05384189170542,8.48688258431799,13.694662536915613,13.296592082184064,9.952369215418004,14.848093749704034,14.910113748727738,17.337546452713543,13.03751368168026
19.605405938158995,19.53115667337703,14.618033417666004,14.69409956411076,12.678027291341506,9.07833916528789,12.851324289737617,10.70691897793198,11.86526670580986,8.461571130706165,4.779734929888895,0.0,5.894470459676595,5.65043024910493,9.546651507203979,13.508620247826943,12.260966234355266,7.390553835809601,11.458189167577922,14.567070089760673,11.63026074514239,10.290257431182177,15.390573803468149,16.296432155536376,13.680160561923241,17.74912916173636,18.797703529952802,21.42429184360594,17.525982911095173
15.80933477411368,15.448551291302365,11.807712098454974,10.305260501316791,10.782737593023397,6.154345294180366,11.335213363673398,11.90670088647565,11.819706679947688,6.7420256599927,7.1441912068477,5.894470459676595,0.0,5.876841498628323,7.313756968890886,9.089353937436918,9.302666338206482,4.176598855528264,5.829310851207028,9.919924243662349,8.582098403071361,5.854804864382758,10.213097179602277,12.459604849271905,11.035347796965894,13.887059155919227,16.206547565721703,19.652645140031403,17.138464896250188
19.841188875669722,20.695641932542223,16.50819775142035,16.005994314631003,16.070816967410213,11.707818413350967,16.297280202536864,15.627051225359185,15.457270781091983,10.915067384125486,8.975408068717543,5.65043024910493,5.876841498628323,0.0,4.931426669839063,9.281562206870134,9.117850678750996,5.881505249508836,9.393965137257002,12.565538150035596,11.479766765923426,11.08804338014602,14.973330491243424,16.471056341352245,15.632966800962635,19.38684682974516,21.20399278437908,24.62605094204103,21.2864322280649
21.20887505267547,21.568009226630075,18.600608108338825,16.57258039654658,18.01088190511503,12.775518971846116,16.93384099960786,17.6881102721574,15.979743583674928,11.217480688639496,11.039991349634292,9.546651507203979,7.313756968890886,4.931426669839063,0.0,5.292863308267086,4.724371915927026,4.738807128381573,7.346121153370669,8.970454169104261,9.291517098945684,10.471014707276463,12.889520122952602,14.066614162619233,14.813072942505887,18.485713213181686,20.440173115705257,24.414080486473374,21.594456835030606
19.519349297556,19.82443507391825,18.288188373920477,15.347620173824996,18.547789868337414,13.613393882496753,17.87409916611184,20.03468115543644,17.94553005625635,12.9336386604853,14.516978301285704,13.508620247826943,9.089353937436918,9.281562206870134,5.292863308267086,0.0,5.499545981260635,7.214038882623242,5.329292073061862,6.6422925259280765,9.89948534015784,10.442925404310806,10.586163469359427,12.948952930642694,15.114199482605752,17.279914901410827,20.149988064512595,24.522894323468424,22.901605445907062
23.0003533233731,22.262023403096137,20.279292591212347,16.861543078852538,18.794105272664616,13.025702476258237,16.007452795494977,17.888093106868602,14.780942628939467,10.5524721748034,11.90451985592027,12.260966234355266,9.302666338206482,9.117850678750996,4.724371915927026,5.499545981260635,0.0,5.413252349558443,7.149491590316055,5.588364161362429,6.426872956578494,9.609813369675813,10.72156233951004,10.671518729777874,12.668304937914938,16.48656789632093,18.04889495232326,22.2803344678665,19.860870726128802
19.371666732627837,18.60838786676589,15.683045781990181,13.072350133009747,13.94954945508994,8.33937047983839,12.196509746644734,13.293218647114776,11.46844592784916,6.514097328103104,7.333760154245568,7.390553835809601,4.176598855528264,5.881505249508836,4.738807128381573,7.214038882623242,5.413252349558443,0.0,5.417242933448711,7.3232015539653155,5.699621829560273,6.102530786485227,9.696140159878054,10.59953532000342,10.323606491919382,14.260342702754375,15.977697894252476,19.80047991842622,17.00658334292929
16.045443496519503,15.26050831394551,13.852753733463972,10.255377564965613,13.498659600123267,8.696243844327274,13.063343025428063,15.744882120867086,14.025391010592184,8.935989536699335,11.625801692786608,11.458189167577922,5.829310851207028,9.393965137257002,7.346121153370669,5.329292073061862,7.149491590316055,5.417242933448711,0.0,5.331699916536938,7.335136126889534,5.5632850906636095,6.3334184292528795,9.702546779067855,10.838104539078778,12.427789867872725,15.630711212225757,19.854604755572446,18.60644055159396
20.657819657456596,18.905656137780568,18.35252772780905,13.661210524693631,16.809589495285127,11.444012277169229,13.8811882416456,17.38995345019647,13.953706353510526,9.892925805847328,13.347802253554702,14.567070089760673,9.919924243662349,12.565538150035596,8.970454169104261,6.6422925259280765,5.588364161362429,7.3232015539653155,5.331699916536938,0.0,5.3051045230042355,7.273954426582559,5.74133616852384,6.522557627188894,9.933479450826885,12.120155485801327,14.443470947109631,18.992071451002914,17.96465613364197
21.770173012633595,19.44858066800763,17.83624680250865,13.55226191452925,14.701799379667783,8.873883535408835,10.156676671037628,13.000020115369052,9.045832908030084,5.6058976979606046,9.05384189170542,11.63026074514239,8.582098403071361,11.479766765923426,9.291517098945684,9.89948534015784,6.426872956578494,5.699621829560273,7.335136126889534,5.3051045230042355,0.0,5.4002256434338,7.254333532448036,5.478453066331772,6.324974782558424,10.935417184543075,11.75149986171978,15.880553390861415,13.601743932305153
16.674021530512668,14.20352452738404,12.510426091864337,8.258353710032042,9.74073539318259,4.203754274455157,7.521227958252562,10.766779741408293,8.854347293843855,4.248334967960978,8.48688258431799,10.290257431182177,5.854804864382758,11.08804338014602,10.471014707276463,10.442925404310806,9.609813369675813,6.102530786485227,5.5632850906636095,7.273954426582559,5.4002256434338,0.0,5.3629430353118615,7.152652724688932,5.805538131818618,8.320067788185384,10.747514503363092,14.661012959546827,13.148591217312978
17.22435084408118,14.202210144903503,14.748434052468081,9.104598618280765,12.963319867996779,8.82550361169265,10.697834827664895,15.314712011657287,12.582648926199921,9.095552209734162,13.694662536915613,15.390573803468149,10.213097179602277,14.973330491243424,12.889520122952602,10.586163469359427,10.72156233951004,9.696140159878054,6.3334184292528795,5.74133616852384,7.254333532448036,5.3629430353118615,0.0,5.316587909552517,7.529486635886939,7.037414724172507,10.668647243207547,15.128825036994776,15.40911941027131
22.1163837233848,18.606101956078817,18.672577861666557,13.164434017457795,15.311244528123769,10.557070663777901,10.095373643407163,14.773508824920368,10.383224595471292,8.618234447959743,13.296592082184064,16.296432155536376,12.459604849271905,16.471056341352245,14.066614162619233,12.948952930642694,10.671518729777874,10.59953532000342,9.702546779067855,6.522557627188894,5.478453066331772,7.152652724688932,5.316587909552517,0.0,5.284435826083992,7.448950597231801,8.410711801030873,12.959846604030465,12.66944489707422
20.93833811456869,17.09354603351803,16.142251949464796,11.410413883816837,11.47128297096711,7.161588860022614,4.966359330535799,9.665166579009387,5.569258029576291,5.223223047123299,9.952369215418004,13.680160561923241,11.035347796965894,15.632966800962635,14.813072942505887,15.114199482605752,12.668304937914938,10.323606491919382,10.838104539078778,9.933479450826885,6.324974782558424,5.805538131818618,7.529486635886939,5.284435826083992,0.0,6.092794186578109,5.737888897495315,9.675396322631958,8.162830758995312
18.465344350972714,13.50000507407312,14.707001903855184,9.038767061939366,10.92435490086257,9.107101075534409,7.309880026375262,12.929140806720298,10.658075905152863,10.040090935843162,14.848093749704034,17.74912916173636,13.887059155919227,19.38684682974516,18.485713213181686,17.279914901410827,16.48656789632093,14.260342702754375,12.427789867872725,12.120155485801327,10.935417184543075,8.320067788185384,7.037414724172507,7.448950597231801,6.092794186578109,0.0,4.969558934150998,8.726364019452776,10.77580080550861
22.803839282015648,17.750752012238806,18.177448033208623,13.193517574930501,13.09940922331996,11.134733494790076,6.776287626717154,11.965028959430061,8.718270355982316,10.562670590338412,14.910113748727738,18.797703529952802,16.206547565721703,21.20399278437908,20.440173115705257,20.149988064512595,18.04889495232326,15.977697894252476,15.630711212225757,14.443470947109631,11.75149986171978,10.747514503363092,10.668647243207547,8.410711801030873,5.737888897495315,4.969558934150998,0.0,4.6207900839575045,6.740334932330885
25.15943347931348,19.73349026401564,20.121303436904878,15.940364707245564,14.533042248614018,14.034624790139564,8.727118023723524,12.609880054941046,10.507263440116079,13.764404128039834,17.337546452713543,21.42429184360594,19.652645140031403,24.62605094204103,24.414080486473374,24.522894323468424,22.2803344678665,19.80047991842622,19.854604755572446,18.992071451002914,15.880553390861415,14.661012959546827,15.128825036994776,12.959846604030465,9.675396322631958,8.726364019452776,4.6207900839575045,0.0,5.823510109890769
25.747575050866438,21.1968938762263,19.86944463239977,16.463562828258045,13.729011799834685,12.145268255580032,6.594759510399148,8.500155351521524,5.928139758811359,10.658484742213593,13.03751368168026,17.525982911095173,17.138464896250188,21.2864322280649,21.594456835030606,22.901605445907062,19.860870726128802,17.00658334292929,18.60644055159396,17.96465613364197,13.601743932305153,13.148591217312978,15.40911941027131,12.66944489707422,8.162830758995312,10.77580080550861,6.740334932330885,5.823510109890769,0.0
