c1,c2,c3,c4,c5,c6,c7,c8,c9,c10,c11,c12,c13,c14,c15,c16,c17,c18,c19,c20
0.0,5.6080378030109586,7.59046592772802,8.686153463990836,4.801266603720314,5.132888660393872,9.715731058443312,9.898900797563334,8.1256824328791,10.653288881843014,13.871314068969818,13.747341488447866,13.831308867927142,16.979594959833406,18.846752107458727,18.914593810071633,20.432758526444736,22.937714380469558,24.40839441667559,25.241224078875412
5.6080378030109586,0.0,5.63465890715667,4.997116168351502,4.725761843343356,7.382753280450322,9.150985192863114,9.570103917931089,10.779505137064502,12.810092739711136,14.393506244136624,15.36542332641701,16.871129689502123,18.89422792812662,20.167312289940867,21.542199028882823,23.277792442583554,24.674118120005826,26.38858969327463,28.193710451091746
7.59046592772802,5.63465890715667,0.0,5.34657170530799,7.406954029828995,5.685610345424666,6.256418224511529,9.80135878335244,10.921291590283632,10.376476714183866,12.511707837062053,15.174119051859321,15.651735494826125,16.410716681485912,18.84923420195102,20.78149585568854,21.259704137169923,22.47908187626888,25.23989352196241,26.73913884178023
8.686153463990836,4.997116168351502,5.34657170530799,0.0,5.338615644528083,7.298321039800866,5.748294355719789,6.497659501697516,9.7903659277884,10.780256304930788,10.807378868162251,12.900093410514515,15.156038565535521,15.993641517803255,16.88684769280519,19.331744075483723,20.94505509660932,21.393993012058313,23.42998642765292,25.879261600748965
4.801266603720314,4.725761843343356,7.406954029828995,5.338615644528083,0.0,5.424144264305659,7.338111814356605,5.808045970892447,6.37124713066445,9.595206772133677,10.952789644652178,10.903733718318692,12.695931946887551,15.2804480955239,16.074473117337313,17.053451439518046,19.264066964169327,20.797363150168817,22.03710173775127,23.859174880955123
5.132888660393872,7.382753280450322,5.685610345424666,7.298321039800866,5.424144264305659,0.0,5.298513565142586,7.319600330619152,5.879081645971588,6.040320686850988,9.609506334874856,10.916811622447279,10.5567463264019,12.5610755510824,15.108935204043997,15.955744200757293,16.667738568864102,18.754949080176143,21.003919396150806,21.959072179853138
9.715731058443312,9.150985192863114,6.256418224511529,5.748294355719789,7.338111814356605,5.298513565142586,0.0,5.351066716085682,7.392659670240474,5.730240309096993,6.307885382598514,9.811962800581748,10.836806771369508,10.733524537634413,12.751355574996724,15.340566384589588,15.927608765913355,16.486317387458,19.268147394080213,21.251443645079735
9.898900797563334,9.570103917931089,9.80135878335244,6.497659501697516,5.808045970892447,7.319600330619152,5.351066716085682,0.0,5.2223031317609285,7.244203268821217,5.852295703397085,6.486696925246315,9.745056079879685,11.05115134273348,10.901954595392516,13.0949381823665,15.461774736426602,15.890341406023976,17.223355625429093,19.871562243568068
8.1256824328791,10.779505137064502,10.921291590283632,9.7903659277884,6.37124713066445,5.879081645971588,7.392659670240474,5.2223031317609285,0.0,5.297983295556905,7.28541042083423,5.746796411915077,6.404593820063845,9.916165488736057,10.918473244918449,10.958425616848436,13.109352005343359,15.26362833667015,16.318765425117185,17.602126064768427
10.653288881843014,12.810092739711136,10.376476714183866,10.780256304930788,9.595206772133677,6.040320686850988,5.730240309096993,7.244203268821217,5.297983295556905,0.0,5.314972248281264,7.289950754291828,5.70406249965759,6.547326859108227,9.856609001071313,10.969888741459506,10.904882438614365,12.822265361471818,15.530632118494083,16.41618801671082
13.871314068969818,14.393506244136624,12.511707837062053,10.807378868162251,10.952789644652178,9.609506334874856,6.307885382598514,5.852295703397085,7.28541042083423,5.314972248281264,0.0,5.348209046026529,7.196980547424038,5.80656344148585,6.497103585444826,9.957271965754476,10.926666509050232,10.591054480078931,13.103540666552686,15.705693076079132
13.747341488447866,15.36542332641701,15.174119051859321,12.900093410514515,10.903733718318692,10.916811622447279,9.811962800581748,6.486696925246315,5.746796411915077,7.289950754291828,5.348209046026529,0.0,5.258348124649033,7.3752593852691035,5.76134246508572,6.706592055582329,10.07826815479723,10.879814474521153,11.179880768594986,13.676973459066154
13.831308867927142,16.871129689502123,15.651735494826125,15.156038565535521,12.695931946887551,10.5567463264019,10.836806771369508,9.745056079879685,6.404593820063845,5.70406249965759,7.196980547424038,5.258348124649033,0.0,5.3477051152807595,7.210018446578345,5.769062142151011,6.787962580922201,9.936245266699087,11.194310563853408,11.488150503888779
16.979594959833406,18.89422792812662,16.410716681485912,15.993641517803255,15.2804480955239,12.5610755510824,10.733524537634413,11.05115134273348,9.916165488736057,6.547326859108227,5.80656344148585,7.3752593852691035,5.3477051152807595,0.0,5.3410190038980385,7.218393865673998,5.605267701011255,6.352713750831215,9.937534754656207,11.027373395328555
18.846752107458727,20.167312289940867,18.84923420195102,16.88684769280519,16.074473117337313,15.108935204043997,12.751355574996724,10.901954595392516,10.918473244918449,9.856609001071313,6.497103585444826,5.76134246508572,7.210018446578345,5.3410190038980385,0.0,5.351455316079917,7.245180605064307,5.574676313473276,6.674456157620634,10.221575221070381
18.914593810071633,21.542199028882823,20.78149585568854,19.331744075483723,17.053451439518046,15.955744200757293,15.340566384589588,13.0949381823665,10.958425616848436,10.969888741459506,9.957271965754476,6.706592055582329,5.769062142151011,7.218393865673998,5.351455316079917,0.0,5.356353050350584,7.288194152188868,5.9986119227701336,7.122669864594314
20.432758526444736,23.277792442583554,21.259704137169923,20.94505509660932,19.264066964169327,16.667738568864102,15.927608765913355,15.461774736426602,13.109352005343359,10.904882438614365,10.926666509050232,10.07826815479723,6.787962580922201,5.605267701011255,7.245180605064307,5.356353050350584,0.0,5.333019219916613,7.304644070726512,5.873216324979015
22.937714380469558,24.674118120005826,22.47908187626888,21.393993012058313,20.797363150168817,18.754949080176143,16.486317387458,15.890341406023976,15.26362833667015,12.822265361471818,10.591054480078931,10.879814474521153,9.936245266699087,6.352713750831215,5.574676313473276,7.288194152188868,5.333019219916613,0.0,5.317717273417232,7.357756723349855
24.40839441667559,26.38858969327463,25.23989352196241,23.42998642765292,22.03710173775127,21.003919396150806,19.268147394080213,17.223355625429093,16.318765425117185,15.530632118494083,13.103540666552686,11.179880768594986,11.194310563853408,9.937534754656207,6.674456157620634,5.9986119227701336,7.304644070726512,5.317717273417232,0.0,5.514889028801939
25.241224078875412,28.193710451091746,26.73913884178023,25.879261600748965,23.859174880955123,21.959072179853138,21.251443645079735,19.871562243568068,17.602126064768427,16.41618801671082,15.705693076079132,13.676973459066154,11.488150503888779,11.027373395328555,10.221575221070381,7.122669864594314,5.873216324979015,7.357756723349855,5.514889028801939,0.0
