c1,c2,c3,c4,c5,c6,c7,c8,c9,c10,c11,c12,c13,c14,c15,c16,c17,c18,c19,c20,c21,c22,c23,c24,c25,c26,c27,c28
0.0,6.149183523037834,7.020382040886379,10.006684066162977,13.255085476902819,14.803032155609202,19.634004227360247,21.623455528661463,21.569718356992983,18.389991109296382,16.99902344253928,12.697275337646262,14.074397678053579,9.727635992367313,15.438871040331934,14.215819427665785,19.389215094995468,20.600605258098607,17.83191546076865,17.717087063058646,11.948024522907541,15.95733063516577,12.800966955663936,16.842240527910768,17.195677043954973,20.135850764246342,22.789388429705614,24.46845091132661
6.149183523037834,0.0,5.917588191146795,6.286193601854783,9.749153450428402,12.123537478805433,16.0605629415659,19.267925705690274,19.595073513513544,15.892759137418524,16.46257774469114,11.104881674290816,14.69057398470189,10.87609672630765,16.282374427582727,16.329992222900778,20.325071906391866,21.846412314153554,19.223426047403724,17.630278443632136,12.474658552441426,14.954015480799796,10.795035942506166,16.01028694308756,14.547114731107333,18.87411894632436,20.175853315287558,23.04881302800645
7.020382040886379,5.917588191146795,0.0,6.128252442581,6.59167012220727,9.670277607183777,13.679960160760702,15.36485278159215,16.270767836829336,13.613837996685579,13.753830520985781,9.891204830555274,13.675235939463715,11.642727086039592,17.25586401777668,18.278825618731634,22.399572808426502,24.69364721947732,22.521744004406052,21.17801015204214,15.62780989134434,17.454883013071157,12.597159163875004,16.27313030735021,14.442082432945742,17.400007298849044,18.585849805698956,20.182118273362686
10.006684066162977,6.286193601854783,6.128252442581,0.0,5.91753707212722,5.974637980664603,10.242072348895023,13.682327762482522,13.505985191758505,9.625600604637613,10.961447714604127,5.677369373222075,10.874316438287053,9.469609812447397,14.051739002699986,16.307215826130466,19.10007198939313,21.821365241432538,20.14148527293854,17.66948086390769,12.973597033976354,13.006376474637355,7.646356321804524,11.78153682674718,8.949052966655188,13.17807891917483,13.954563518791979,16.925086351330677
13.255085476902819,9.749153450428402,6.59167012220727,5.91753707212722,0.0,6.031294554239579,7.780432185939287,10.179822886474991,11.967066516068172,9.643977084170203,12.399795683800601,9.318764617694773,14.832564208524431,14.680777533904667,19.22762283799014,21.816739100974736,24.655521105829422,27.603333747937043,25.974968219422326,23.56699957567785,18.810131658231423,18.64513003440845,13.191749391191449,16.21846555627258,12.208228126964208,15.391743533466247,14.532780257060244,16.70210396926088
14.803032155609202,12.123537478805433,9.670277607183777,5.974637980664603,6.031294554239579,0.0,5.4623592888055255,8.212608477213559,7.538637211061427,4.0214932549986955,6.947311638324568,4.826598388099014,10.312000630333573,12.033268259288496,15.180753011626267,19.02555741627561,20.81350035433733,24.406607670874706,23.532762396284884,20.796697838839705,16.709750297356333,15.057378589913982,9.901307691411272,11.141800078981852,6.933891115383916,9.3797481309468,9.017854955586722,11.349105823808324
19.634004227360247,16.0605629415659,13.679960160760702,10.242072348895023,7.780432185939287,5.4623592888055255,0.0,5.5057245663036944,6.4366206972292535,5.065805069285632,10.516707184285394,9.961204595830768,15.170529654563811,17.32006968808151,19.899703037985265,24.110555406294566,25.270085437132977,28.976108727708766,28.28434455666244,25.08375179274424,21.538929082013343,19.15425835160422,14.232667388792587,15.07839878766973,9.698034904041128,11.706913940061233,8.307623547080116,11.06643818037222
21.623455528661463,19.267925705690274,15.36485278159215,13.682327762482522,10.179822886474991,8.212608477213559,5.5057245663036944,0.0,4.593820305584448,7.1842632190086135,10.652016569645394,12.471167788142377,16.554913137796888,19.61741157747372,22.16569046973272,26.50885453956847,27.92804735386991,31.897150311587396,31.371775212760912,28.649645076335588,24.745481951257286,22.64999898454744,17.851873123008687,17.579785806431204,13.224294536949788,12.936451329479814,10.078073129323878,9.684329248843206
21.569718356992983,19.595073513513544,16.270767836829336,13.505985191758505,11.967066516068172,7.538637211061427,6.4366206972292535,4.593820305584448,0.0,4.60700282179206,7.3078710990274045,10.490133793236387,13.547790151903003,17.523993437570105,19.023310043207516,23.88859568915678,24.62616531252887,28.844315991196602,28.772776873287707,25.987224438173463,22.616657754849633,19.831291964972934,15.660672303576243,14.13022172508273,10.360943441598357,8.71625011114298,6.298842671475451,5.31384079550752
18.389991109296382,15.892759137418524,13.613837996685579,9.625600604637613,9.643977084170203,4.0214932549986955,5.065805069285632,7.1842632190086135,4.60700282179206,0.0,5.8020529987238145,6.573889259791346,10.699918738009183,13.918256535931503,15.641599982099018,20.34533487067736,21.130912640016284,25.141955095019956,24.858847559772354,21.844172975876198,18.525495809829224,15.701541644055212,11.28506597233707,10.644126502442555,6.091424628114511,6.759686605161515,5.164060805219086,7.679115769409913
16.99902344253928,16.46257774469114,13.753830520985781,10.961447714604127,12.399795683800601,6.947311638324568,10.516707184285394,10.652016569645394,7.3078710990274045,5.8020529987238145,0.0,5.83227597083677,6.4274444377217295,11.099752519763673,12.240881381665291,17.007654041636666,18.068814294247424,22.274565427859642,22.269046881265485,20.082581258394054,16.555916525520416,14.277232259790411,10.780212474714958,8.322934458470762,7.481026734346028,4.94357805642836,8.252150931726831,7.787198469282775
12.697275337646262,11.104881674290816,9.891204830555274,5.677369373222075,9.318764617694773,4.826598388099014,9.961204595830768,12.471167788142377,10.490133793236387,6.573889259791346,5.83227597083677,0.0,5.9431137461771675,7.458340633143541,10.401049273991541,14.263088129854628,16.094813108576314,19.69229864693302,18.919655017996497,16.408454802326755,12.315929968946723,10.758861370981597,5.923927919885589,7.045966860552212,5.215199133302582,7.844658501171354,10.211126088732819,12.497941070432361
14.074397678053579,14.69057398470189,13.675235939463715,10.874316438287053,14.832564208524431,10.312000630333573,15.170529654563811,16.554913137796888,13.547790151903003,10.699918738009183,6.4274444377217295,5.9431137461771675,0.0,5.669867370582843,6.115759723860968,10.618173006689993,12.122965973721117,16.11948817425665,16.045622736435007,14.41006863273038,10.880284279374322,9.38672653271629,7.427801895581222,4.899738360361704,8.294833753608327,7.696436967844276,12.713368279098972,13.480950930850538
9.727635992367313,10.87609672630765,11.642727086039592,9.469609812447397,14.680777533904667,12.033268259288496,17.32006968808151,19.61741157747372,17.523993437570105,13.918256535931503,11.099752519763673,7.458340633143541,5.669867370582843,0.0,5.862797369856816,7.255300269458184,10.886663584404545,13.646986883557851,12.34719113806861,11.183535487492316,6.144247553606544,7.671822404096695,5.8822421745453495,7.771626856714108,10.61836724736906,12.574077699775838,16.719546195994674,18.515328514503867
15.438871040331934,16.282374427582727,17.25586401777668,14.051739002699986,19.22762283799014,15.180753011626267,19.899703037985265,22.16569046973272,19.023310043207516,15.641599982099018,12.240881381665291,10.401049273991541,6.115759723860968,5.862797369856816,0.0,5.749268214303452,6.043252518305024,10.055384527704547,10.439909865511293,8.965519561073972,7.1284787297150585,5.5209707479753956,7.658066857895665,5.746317516462173,11.173313474524914,11.701504048625544,16.70875560896143,18.391061116749082
14.215819427665785,16.329992222900778,18.278825618731634,16.307215826130466,21.816739100974736,19.02555741627561,24.110555406294566,26.50885453956847,23.88859568915678,20.34533487067736,17.007654041636666,14.263088129854628,10.618173006689993,7.255300269458184,5.749268214303452,0.0,5.868117756146344,7.100484279258704,6.0374810144629025,7.162211809210895,5.076512582472342,8.044951025332598,10.764817183770472,11.233639214430914,15.969005886403824,17.254405234606033,22.074755966941062,23.800410836790192
19.389215094995468,20.325071906391866,22.399572808426502,19.10007198939313,24.655521105829422,20.81350035433733,25.270085437132977,27.92804735386991,24.62616531252887,21.130912640016284,18.068814294247424,16.094813108576314,12.122965973721117,10.886663584404545,6.043252518305024,5.868117756146344,0.0,4.627242267268917,6.791181414157627,6.099268644681917,8.381638145374685,7.206511153117019,11.990007214343118,10.620594898592074,15.955611270020336,16.686401109885857,21.472135548193616,23.498650812333885
20.600605258098607,21.846412314153554,24.69364721947732,21.821365241432538,27.603333747937043,24.406607670874706,28.976108727708766,31.897150311587396,28.844315991196602,25.141955095019956,22.274565427859642,19.69229864693302,16.11948817425665,13.646986883557851,10.055384527704547,7.100484279258704,4.627242267268917,0.0,3.8030348407554726,5.602318537891255,9.379762736871331,10.150567274788143,15.034991120715702,14.881401110110566,19.82533459995064,21.145669840418865,25.743590231356624,28.009483983108293
17.83191546076865,19.223426047403724,22.521744004406052,20.14148527293854,25.974968219422326,23.532762396284884,28.28434455666244,31.371775212760912,28.772776873287707,24.858847559772354,22.269046881265485,18.919655017996497,16.045622736435007,12.34719113806861,10.439909865511293,6.0374810144629025,6.791181414157627,3.8030348407554726,0.0,4.746223235373575,7.177453935763015,9.994761928130156,14.111773878573878,15.3443034706695,19.712845811805053,21.780496344206668,26.147202183025243,28.634202922379384
17.717087063058646,17.630278443632136,21.17801015204214,17.66948086390769,23.56699957567785,20.796697838839705,25.08375179274424,28.649645076335588,25.987224438173463,21.844172975876198,20.082581258394054,16.408454802326755,14.41006863273038,11.183535487492316,8.965519561073972,7.162211809210895,6.099268644681917,5.602318537891255,4.746223235373575,0.0,5.855439693140046,6.262889189503515,10.940550854504538,12.486411574187358,16.241101717555985,18.942748638991123,22.723525452710895,25.884920590954103
11.948024522907541,12.474658552441426,15.62780989134434,12.973597033976354,18.810131658231423,16.709750297356333,21.538929082013343,24.745481951257286,22.616657754849633,18.525495809829224,16.555916525520416,12.315929968946723,10.880284279374322,6.144247553606544,7.1284787297150585,5.076512582472342,8.381638145374685,9.379762736871331,7.177453935763015,5.855439693140046,0.0,5.898811151410087,7.642449149323796,10.6396427571606,13.818508349311802,16.7796793771514,20.610890203967415,23.365758707989773
15.95733063516577,14.954015480799796,17.454883013071157,13.006376474637355,18.64513003440845,15.057378589913982,19.15425835160422,22.64999898454744,19.831291964972934,15.701541644055212,14.277232259790411,10.758861370981597,9.38672653271629,7.671822404096695,5.5209707479753956,8.044951025332598,7.206511153117019,10.150567274788143,9.994761928130156,6.262889189503515,5.898811151410087,0.0,5.458095455376353,6.567539798128368,10.023198890573807,12.881927844853037,16.47808914892743,19.772878824288586
12.800966955663936,10.795035942506166,12.597159163875004,7.646356321804524,13.191749391191449,9.901307691411272,14.232667388792587,17.851873123008687,15.660672303576243,11.28506597233707,10.780212474714958,5.923927919885589,7.427801895581222,5.8822421745453495,7.658066857895665,10.764817183770472,11.990007214343118,15.034991120715702,14.111773878573878,10.940550854504538,7.642449149323796,5.458095455376353,0.0,5.879651095090592,6.379107617841229,10.598870175636646,13.339229438014776,16.808761911574567
16.842240527910768,16.01028694308756,16.27313030735021,11.78153682674718,16.21846555627258,11.141800078981852,15.07839878766973,17.579785806431204,14.13022172508273,10.644126502442555,8.322934458470762,7.045966860552212,4.899738360361704,7.771626856714108,5.746317516462173,11.233639214430914,10.620594898592074,14.881401110110566,15.3443034706695,12.486411574187358,10.6396427571606,6.567539798128368,5.879651095090592,0.0,5.904355934392845,6.489985670246122,11.049951900347802,13.424960409625049
17.195677043954973,14.547114731107333,14.442082432945742,8.949052966655188,12.208228126964208,6.933891115383916,9.698034904041128,13.224294536949788,10.360943441598357,6.091424628114511,7.481026734346028,5.215199133302582,8.294833753608327,10.61836724736906,11.173313474524914,15.969005886403824,15.955611270020336,19.82533459995064,19.712845811805053,16.241101717555985,13.818508349311802,10.023198890573807,6.379107617841229,5.904355934392845,0.0,5.859641712596427,7.000550406932301,11.187015732535643
20.135850764246342,18.87411894632436,17.400007298849044,13.17807891917483,15.391743533466247,9.3797481309468,11.706913940061233,12.936451329479814,8.71625011114298,6.759686605161515,4.94357805642836,7.844658501171354,7.696436967844276,12.574077699775838,11.701504048625544,17.254405234606033,16.686401109885857,21.145669840418865,21.780496344206668,18.942748638991123,16.7796793771514,12.881927844853037,10.598870175636646,6.489985670246122,5.859641712596427,0.0,5.779270109624571,6.967381717689939
22.789388429705614,20.175853315287558,18.585849805698956,13.954563518791979,14.532780257060244,9.017854955586722,8.307623547080116,10.078073129323878,6.298842671475451,5.164060805219086,8.252150931726831,10.211126088732819,12.713368279098972,16.719546195994674,16.70875560896143,22.074755966941062,21.472135548193616,25.743590231356624,26.147202183025243,22.723525452710895,20.610890203967415,16.47808914892743,13.339229438014776,11.049951900347802,7.000550406932301,5.779270109624571,0.0,5.802557625737119
24.46845091132661,23.04881302800645,20.182118273362686,16.925086351330677,16.70210396926088,11.349105823808324,11.06643818037222,9.684329248843206,5.31384079550752,7.679115769409913,7.787198469282775,12.497941070432361,13.480950930850538,18.515328514503867,18.391061116749082,23.800410836790192,23.498650812333885,28.009483983108293,28.634202922379384,25.884920590954103,23.365758707989773,19.772878824288586,16.808761911574567,13.424960409625049,11.187015732535643,6.967381717689939,5.802557625737119,0.0
