c1,c2,c3,c4,c5,c6,c7,c8,c9,c10,c11,c12,c13,c14,c15,c16,c17,c18,c19,c20,c21,c22,c23,c24,c25,c26,c27,c28
0.0,4.749948315508285,7.859638477690942,11.097495798602495,14.848787324222808,16.57797179995189,20.34428435703748,22.361487428165418,19.536509053564306,17.419618595135773,12.843593305613503,11.391218459848798,7.466842572332699,6.824609439374536,3.92577240807462,6.95352788158644,9.128837877846227,13.020042281037341,12.370320367718858,12.680127483586277,10.111514377184063,9.33442022838055,10.967125101866943,10.986256732845815,15.057844566869456,14.144264067105082,18.114303906029622,21.497709296573905
4.749948315508285,0.0,4.804414428418931,6.6714794461198785,10.765373751059458,12.583402639985735,16.209437590490303,18.761772757391554,16.217543247976867,14.260859055470677,10.145573911810018,8.237411425927444,6.5932463172552565,5.248938273594003,6.8167864863145,9.840847981754418,12.725764888602964,16.85694082566585,15.455483848783253,15.13166805081317,10.947873857512244,11.074861443828542,10.057573564235064,10.848969444145375,13.155945195994091,12.726567054787399,15.810268467043816,18.853694014701734
7.859638477690942,4.804414428418931,0.0,5.8773613126980715,7.261463626570059,10.427095472853406,13.302833269645982,15.430123427892598,12.116219913818005,11.045083476370834,5.9693651253713735,6.8980105102848315,5.1259033350230085,7.772760706467169,9.059389493779369,13.63233021166961,14.926526119630113,19.5415754738455,19.00519221160365,17.821365435903054,14.078790644085876,12.543736365214315,10.95083384952945,9.635546170300882,11.25373067031551,9.224674465800948,12.116777995820506,14.564735768286358
11.097495798602495,6.6714794461198785,5.8773613126980715,0.0,5.834275790533046,6.166512142208107,9.837861810373228,12.809680284847083,11.275653816963342,9.10381617784542,7.315044770881448,4.383302522071686,7.938654105073479,7.132629318841684,11.612552604832409,14.756156782848302,17.15838774477369,21.499660369410492,19.84448283528699,18.320110534601042,13.337192583148823,13.635351480618313,9.642125180685014,10.993592952260876,9.992457055199187,10.875974393129104,11.969955263074294,14.623097619861532
14.848787324222808,10.765373751059458,7.261463626570059,5.834275790533046,0.0,5.836811286995665,6.634285718899964,9.54530381915631,6.737884015030238,7.246451890408159,5.605564913547965,7.545495808759024,10.325873764481145,12.266895491525148,15.561798032361171,19.721802782707265,21.180369118596587,25.832829152069273,24.88886700916697,23.06109741534431,18.61382910633919,17.63290798478799,13.90226535497003,13.13165541734933,11.219693846090454,10.05517404125856,9.78020168503697,10.541870137693786
16.57797179995189,12.583402639985735,10.427095472853406,6.166512142208107,5.836811286995665,0.0,4.599685750135547,7.075576372282333,7.479891509908415,4.7834561772843704,7.585539400728204,5.850080084921915,11.193429367267209,11.621071594306612,16.17339253218075,19.58997036751204,21.037004872367167,25.433042838008983,24.056649870669855,21.551256158284605,16.885149747633275,16.5704069352566,11.480723409263025,12.286816918958303,8.286141080140984,10.305654127710671,8.790157962175652,10.871519856947327
20.34428435703748,16.209437590490303,13.302833269645982,9.837861810373228,6.634285718899964,4.599685750135547,0.0,4.426540635756098,5.822868880543336,6.1111830278596635,9.67343067375789,10.142210409964882,14.820429615905201,16.021613089823383,20.25288841128593,23.97842459378848,25.267976630510013,29.779983226993266,28.577737874086537,26.050331379850046,21.473050109381294,20.860383960991705,15.940980176890001,15.943018315237552,11.621314254420625,12.49211631389974,9.614861933486097,9.5079718657556
22.361487428165418,18.761772757391554,15.430123427892598,12.809680284847083,9.54530381915631,7.075576372282333,4.426540635756098,0.0,4.935581627326206,5.3564241803651065,10.405492443897119,11.655646786000338,15.83626262727415,17.92063084827094,21.646068765482568,25.721317812273927,26.083831409514975,30.596714153647284,29.91270275317829,26.81625158369454,22.87827045473499,21.42479845879536,16.71118059862917,15.819808121465949,10.898480398661091,11.673674228793606,7.524937873497695,6.7722257050396655
19.536509053564306,16.217543247976867,12.116219913818005,11.275653816963342,6.737884015030238,7.479891509908415,5.822868880543336,4.935581627326206,0.0,4.795213238219964,6.874182787793761,10.41440742433289,13.109291666600448,16.412339504165757,19.21915885256168,23.908487739712857,23.996535270742733,28.71786491019136,28.48306293220587,25.714072781261237,22.038079340087695,19.873457399254917,16.062557797561382,13.911561918059382,10.483832553031357,8.806697337821937,5.688972490705154,4.179285225968671
17.419618595135773,14.260859055470677,11.045083476370834,9.10381617784542,7.246451890408159,4.7834561772843704,6.1111830278596635,5.3564241803651065,4.795213238219964,0.0,5.87326902159266,6.839861840709942,10.603630604656123,13.071567694809984,16.41225898528292,20.657044851575456,20.7564576216656,25.307998992413445,24.822180927549454,21.748555561232106,18.051777613298917,16.176724173948198,11.811946706618686,10.52822914834209,6.070335987406298,6.884872547839938,4.082137920256982,6.762117493803254
12.843593305613503,10.145573911810018,5.9693651253713735,7.315044770881448,5.605564913547965,7.585539400728204,9.67343067375789,10.405492443897119,6.874182787793761,5.87326902159266,0.0,5.853066632116877,6.379397542088125,10.563244056633359,12.490609512749968,17.46037740141948,17.461414547510177,22.240762666779215,22.18029961474822,19.78352117293582,16.386374522755176,13.828794090592282,11.06525508065675,8.33758058431821,7.582746336255751,4.617173486019341,6.254841404863915,8.759022319871095
11.391218459848798,8.237411425927444,6.8980105102848315,4.383302522071686,7.545495808759024,5.850080084921915,10.142210409964882,11.655646786000338,10.41440742433289,6.839861840709942,5.853066632116877,0.0,5.8410175483386455,6.282062559382865,10.429079010152334,14.091708129251046,15.198576610985647,19.651220038460714,18.555780932097683,16.08912865881804,11.758500627205834,10.8765264216109,6.399669444588525,7.2327953793813355,5.716473825707593,7.693869377627878,9.058056414043799,12.818985334261056
7.466842572332699,6.5932463172552565,5.1259033350230085,7.938654105073479,10.325873764481145,11.193429367267209,14.820429615905201,15.83626262727415,13.109291666600448,10.603630604656123,6.379397542088125,5.8410175483386455,0.0,5.942910398113033,6.191067355472721,11.370871470560205,11.153128215886339,15.929933113481676,15.974677148537305,13.864611750784801,11.016976944697669,8.013605493159742,7.194751628791643,4.703572578370616,8.129128428066565,6.799486598266078,10.759234545263897,14.525128742975053
6.824609439374536,5.248938273594003,7.772760706467169,7.132629318841684,12.266895491525148,11.621071594306612,16.021613089823383,17.92063084827094,16.412339504165757,13.071567694809984,10.563244056633359,6.282062559382865,5.942910398113033,0.0,5.709018391982986,7.972251501301248,10.46453577565675,14.524339744029676,12.774822190543397,11.299205768548514,6.542137953299364,7.284256516625427,5.127381690492721,8.090242208982373,10.123930313865262,11.770679079815233,14.6522672648297,18.648609840950613
3.92577240807462,6.8167864863145,9.059389493779369,11.612552604832409,15.561798032361171,16.17339253218075,20.25288841128593,21.646068765482568,19.21915885256168,16.41225898528292,12.490609512749968,10.429079010152334,6.191067355472721,5.709018391982986,0.0,5.61384796730371,6.018776121438643,10.497268692378984,10.332804701531911,9.45928475097351,7.596150999025756,5.454926397303634,8.208265102931312,8.151525501401563,12.832552123408655,12.603956085293222,16.725521187693975,20.68967554119687
6.95352788158644,9.840847981754418,13.63233021166961,14.756156782848302,19.721802782707265,19.58997036751204,23.97842459378848,25.721317812273927,23.908487739712857,20.657044851575456,17.46037740141948,14.091708129251046,11.370871470560205,7.972251501301248,5.61384796730371,0.0,5.888777547165455,8.04738535177731,5.6671576650028,6.97188159681445,5.532792513731199,7.344118803505292,10.349616079836006,12.635956513062238,16.673218435563065,17.73213286663508,21.49587602308871,25.67731674065653
9.128837877846227,12.725764888602964,14.926526119630113,17.15838774477369,21.180369118596587,21.037004872367167,25.267976630510013,26.083831409514975,23.996535270742733,20.7564576216656,17.461414547510177,15.198576610985647,11.153128215886339,10.46453577565675,6.018776121438643,5.888777547165455,0.0,4.802499973971891,6.669528394122031,5.563183441160287,8.034147247841553,5.1872219925505405,10.764995215976642,10.791663541827088,15.950093479349894,16.278978377035827,20.484674686213594,24.81941469898112
13.020042281037341,16.85694082566585,19.5415754738455,21.499660369410492,25.832829152069273,25.433042838008983,29.779983226993266,30.596714153647284,28.71786491019136,25.307998992413445,22.240762666779215,19.651220038460714,15.929933113481676,14.524339744029676,10.497268692378984,8.04738535177731,4.802499973971891,0.0,4.931675070399509,5.760460571864025,10.384980211825152,9.231580254755954,14.613310439458953,15.291820754900314,20.216187029210033,20.93202510508718,25.051893840586185,29.481782917591673
12.370320367718858,15.455483848783253,19.00519221160365,19.84448283528699,24.88886700916697,24.056649870669855,28.577737874086537,29.91270275317829,28.48306293220587,24.822180927549454,22.18029961474822,18.555780932097683,15.974677148537305,12.774822190543397,10.332804701531911,5.6671576650028,6.669528394122031,4.931675070399509,0.0,4.781565538607621,7.5792913257111305,9.464481232481788,13.429907110624406,15.90397437749445,19.990126888041505,21.634966050354688,25.360425193596416,29.85785235076361
12.680127483586277,15.13166805081317,17.821365435903054,18.320110534601042,23.06109741534431,21.551256158284605,26.050331379850046,26.81625158369454,25.714072781261237,21.748555561232106,19.78352117293582,16.08912865881804,13.864611750784801,11.299205768548514,9.45928475097351,6.97188159681445,5.563183441160287,5.760460571864025,4.781565538607621,0.0,5.798036391745054,6.14727175257447,10.207290923648644,12.567142714236997,16.376152112141607,18.535309250185172,22.000452245351685,26.695169488130247
10.111514377184063,10.947873857512244,14.078790644085876,13.337192583148823,18.61382910633919,16.885149747633275,21.473050109381294,22.87827045473499,22.038079340087695,18.051777613298917,16.386374522755176,11.758500627205834,11.016976944697669,6.542137953299364,7.596150999025756,5.532792513731199,8.034147247841553,10.384980211825152,7.5792913257111305,5.798036391745054,0.0,5.882318080484937,6.534832668094875,10.885104776712073,13.496225546425935,16.28058282126288,19.239693786544525,23.764134446682462
9.33442022838055,11.074861443828542,12.543736365214315,13.635351480618313,17.63290798478799,16.5704069352566,20.860383960991705,21.42479845879536,19.873457399254917,16.176724173948198,13.828794090592282,10.8765264216109,8.013605493159742,7.284256516625427,5.454926397303634,7.344118803505292,5.1872219925505405,9.231580254755954,9.464481232481788,6.14727175257447,5.882318080484937,0.0,5.828981214586302,6.525753749567938,11.014741122695531,12.439403402092884,16.13618532987273,20.729488512744354
10.967125101866943,10.057573564235064,10.95083384952945,9.642125180685014,13.90226535497003,11.480723409263025,15.940980176890001,16.71118059862917,16.062557797561382,11.811946706618686,11.06525508065675,6.399669444588525,7.194751628791643,5.127381690492721,8.208265102931312,10.349616079836006,10.764995215976642,14.613310439458953,13.429907110624406,10.207290923648644,6.534832668094875,5.828981214586302,0.0,5.897286833790604,6.975224297468864,10.530818629147499,12.890848342913667,17.51561731712588
10.986256732845815,10.848969444145375,9.635546170300882,10.993592952260876,13.13165541734933,12.286816918958303,15.943018315237552,15.819808121465949,13.911561918059382,10.52822914834209,8.33758058431821,7.2327953793813355,4.703572578370616,8.090242208982373,8.151525501401563,12.635956513062238,10.791663541827088,15.291820754900314,15.90397437749445,12.567142714236997,10.885104776712073,6.525753749567938,5.897286833790604,0.0,5.796020531364601,5.991881924737836,9.763869058933553,14.306014050042032
15.057844566869456,13.155945195994091,11.25373067031551,9.992457055199187,11.219693846090454,8.286141080140984,11.621314254420625,10.898480398661091,10.483832553031357,6.070335987406298,7.582746336255751,5.716473825707593,8.129128428066565,10.123930313865262,12.832552123408655,16.673218435563065,15.950093479349894,20.216187029210033,19.990126888041505,16.376152112141607,13.496225546425935,11.014741122695531,6.975224297468864,5.796020531364601,0.0,5.866896709504949,6.342409400220077,11.100486565912325
14.144264067105082,12.726567054787399,9.224674465800948,10.875974393129104,10.05517404125856,10.305654127710671,12.49211631389974,11.673674228793606,8.806697337821937,6.884872547839938,4.617173486019341,7.693869377627878,6.799486598266078,11.770679079815233,12.603956085293222,17.73213286663508,16.278978377035827,20.93202510508718,21.634966050354688,18.535309250185172,16.28058282126288,12.439403402092884,10.530818629147499,5.991881924737836,5.866896709504949,0.0,4.738486045141423,8.598164164517913
18.114303906029622,15.810268467043816,12.116777995820506,11.969955263074294,9.78020168503697,8.790157962175652,9.614861933486097,7.524937873497695,5.688972490705154,4.082137920256982,6.254841404863915,9.058056414043799,10.759234545263897,14.6522672648297,16.725521187693975,21.49587602308871,20.484674686213594,25.051893840586185,25.360425193596416,22.000452245351685,19.239693786544525,16.13618532987273,12.890848342913667,9.763869058933553,6.342409400220077,4.738486045141423,0.0,4.853637501915446
21.497709296573905,18.853694014701734,14.564735768286358,14.623097619861532,10.541870137693786,10.871519856947327,9.5079718657556,6.7722257050396655,4.179285225968671,6.762117493803254,8.759022319871095,12.818985334261056,14.525128742975053,18.648609840950613,20.68967554119687,25.67731674065653,24.81941469898112,29.481782917591673,29.85785235076361,26.695169488130247,23.764134446682462,20.729488512744354,17.51561731712588,14.306014050042032,11.100486565912325,8.598164164517913,4.853637501915446,0.0
