c1,c2,c3,c4,c5,c6,c7,c8,c9,c10,c11,c12,c13,c14,c15,c16,c17,c18,c19,c20
0.0,5.55483249072373,7.217029097904484,6.428852697021452,7.447087148677662,10.361550559641158,11.387337704661261,11.62114047759513,13.518926177770185,15.781937365228641,16.618481669514818,17.740495286208894,19.782316674242175,21.457446469699043,22.2317593995617,24.52226541329328,25.7922501151024,27.61751670588795,28.365826287982514,30.170070782150976
5.55483249072373,0.0,5.4724054126133606,7.560646731596445,6.109831012393061,6.506361656102433,9.798793395107381,11.087570788951023,10.90920661643183,12.727901751663547,15.241857793589334,16.242581229595253,16.82949318904167,18.943285380313522,20.801757569974708,22.496359816645892,22.895126249924893,25.495118375877368,26.793094054252116,27.8091595522051
7.217029097904484,5.4724054126133606,0.0,5.313527829982638,7.538140486884018,6.102990332615644,6.401788890614871,9.789802296267274,11.116005757465224,10.910040971508769,12.703014602841325,15.411977939252314,16.153993252443804,16.721998385360525,18.82012531839254,21.389308544223677,21.581723031305913,23.259718398983253,25.205123407751845,27.008516990016314
6.428852697021452,7.560646731596445,5.313527829982638,0.0,5.409517908279813,7.377649557955435,5.690697233204381,6.24700928444964,9.631117172997119,10.831359656109662,10.590667117797633,12.696019612461223,15.114749286706678,15.818591909522162,16.410350300953358,19.272937347482866,20.6159730548912,21.758362024748095,22.75881916971968,25.137879465062284
7.447087148677662,6.109831012393061,7.538140486884018,5.409517908279813,0.0,5.34120782220651,7.220700450787305,5.701212941120511,6.182463101386049,9.599237678065899,10.76635379318365,10.762639546133652,12.592208940452029,15.035997805267199,15.749400020318234,17.428793934176856,18.75062102971526,21.054764353941366,21.568523686149685,22.90021790289341
10.361550559641158,6.506361656102433,6.102990332615644,7.377649557955435,5.34120782220651,0.0,5.2580732212474945,7.282814977740407,5.802840942159281,6.267899249349817,9.65580918411295,11.01477276206822,10.735636776642549,12.551621767723883,14.998225561712292,16.607769597390252,16.560398364773715,19.191101349323336,20.921115768524395,21.87598621776856
11.387337704661261,9.798793395107381,6.401788890614871,5.690697233204381,7.220700450787305,5.2580732212474945,0.0,5.228677270591484,7.212569375749532,5.771639195237347,6.333228323690849,9.809861415942633,10.907804591208995,10.716572819703135,12.497616012664176,15.393896875060584,15.857151257398034,17.025405164048227,18.93786072923761,21.138245409683368
11.62114047759513,11.087570788951023,9.789802296267274,6.24700928444964,5.701212941120511,7.282814977740407,5.228677270591484,0.0,5.177429960897587,7.215448218925834,5.712435645151725,6.489026506341303,9.745036326253484,10.914904809479559,10.664558593772178,13.202453749208894,15.110941400190791,16.3510320469382,16.776668888667974,19.053010602001983
13.518926177770185,10.90920661643183,11.116005757465224,9.631117172997119,6.182463101386049,5.802840942159281,7.212569375749532,5.177429960897587,0.0,5.265906379722297,7.1621742508822,5.846878825493135,6.454403303172184,9.728900760106457,10.826215820867418,11.716558880490465,12.697929004369179,15.55306027764311,16.196084897283047,16.97281114017357
15.781937365228641,12.727901751663547,10.910040971508769,10.831359656109662,9.599237678065899,6.267899249349817,5.771639195237347,7.215448218925834,5.265906379722297,0.0,5.250799367715358,7.29538114151687,5.763766650377165,6.313574106637223,9.572929593389894,11.23510542896683,10.695409903318339,13.020395308899037,15.313323937016417,16.457834365432166
16.618481669514818,15.241857793589334,12.703014602841325,10.590667117797633,10.76635379318365,9.65580918411295,6.333228323690849,5.712435645151725,7.1621742508822,5.250799367715358,0.0,5.259692386442386,7.217619136529719,5.831651395616855,6.200615533961125,9.604989328468825,10.836913813443381,11.179513406226588,12.691355719543916,15.454508533110976
17.740495286208894,16.242581229595253,15.411977939252314,12.696019612461223,10.762639546133652,11.01477276206822,9.809861415942633,6.489026506341303,5.846878825493135,7.29538114151687,5.259692386442386,0.0,5.262357456501791,7.272568872138648,5.682124338660674,6.907316700427163,9.61539832768253,11.223163725082157,10.839010748218676,12.63844254645326
19.782316674242175,16.82949318904167,16.153993252443804,15.114749286706678,12.592208940452029,10.735636776642549,10.907804591208995,9.745036326253484,6.454403303172184,5.763766650377165,7.217619136529719,5.262357456501791,0.0,5.206694728904318,7.190045549229852,6.516479264142562,6.303970415539718,9.996736367435124,11.195664607337967,11.191011839865062
21.457446469699043,18.943285380313522,16.721998385360525,15.818591909522162,15.035997805267199,12.551621767723883,10.716572819703135,10.914904809479559,9.728900760106457,6.313574106637223,5.831651395616855,7.272568872138648,5.206694728904318,0.0,5.232415598937073,6.8086146902288425,5.69464634547221,6.753644201466346,9.897606377301534,11.557851097846864
22.2317593995617,20.801757569974708,18.82012531839254,16.410350300953358,15.749400020318234,14.998225561712292,12.497616012664176,10.664558593772178,10.826215820867418,9.572929593389894,6.200615533961125,5.682124338660674,7.190045549229852,5.232415598937073,0.0,4.503126136363493,7.219552617718081,6.205186298573155,6.507892208695531,9.998717167717066
24.52226541329328,22.496359816645892,21.389308544223677,19.272937347482866,17.428793934176856,16.607769597390252,15.393896875060584,13.202453749208894,11.716558880490465,11.23510542896683,9.604989328468825,6.907316700427163,6.516479264142562,6.8086146902288425,4.503126136363493,0.0,4.784834897883102,6.014593918129468,4.824501839568517,5.953199307935187
25.7922501151024,22.895126249924893,21.581723031305913,20.6159730548912,18.75062102971526,16.560398364773715,15.857151257398034,15.110941400190791,12.697929004369179,10.695409903318339,10.836913813443381,9.61539832768253,6.303970415539718,5.69464634547221,7.219552617718081,4.784834897883102,0.0,5.311928934012577,7.576082694902426,6.68942546112893
27.61751670588795,25.495118375877368,23.259718398983253,21.758362024748095,21.054764353941366,19.191101349323336,17.025405164048227,16.3510320469382,15.55306027764311,13.020395308899037,11.179513406226588,11.223163725082157,9.996736367435124,6.753644201466346,6.205186298573155,6.014593918129468,5.311928934012577,0.0,5.246321187270181,7.718116998335797
28.365826287982514,26.793094054252116,25.205123407751845,22.75881916971968,21.568523686149685,20.921115768524395,18.93786072923761,16.776668888667974,16.196084897283047,15.313323937016417,12.691355719543916,10.839010748218676,11.195664607337967,9.897606377301534,6.507892208695531,4.824501839568517,7.576082694902426,5.246321187270181,0.0,5.456283900238329
30.170070782150976,27.8091595522051,27.008516990016314,25.137879465062284,22.90021790289341,21.87598621776856,21.138245409683368,19.053010602001983,16.97281114017357,16.457834365432166,15.454508533110976,12.63844254645326,11.191011839865062,11.557851097846864,9.998717167717066,5.953199307935187,6.68942546112893,7.718116998335797,5.456283900238329,0.0
