c1,c2,c3,c4,c5,c6,c7,c8,c9,c10,c11,c12,c13,c14,c15,c16,c17,c18,c19,c20
0.0,5.376411628586486,4.711346835035603,5.239386987043426,7.515506702811194,9.36611557690807,10.04203699455444,11.240571070902048,13.185227377637444,14.740012924010616,15.852773448201422,17.489423117987627,19.260205632339442,20.554778349571176,21.713840609159863,23.652393113594236,25.278041636962307,30.514803309213708,30.898180221495245,30.839106391074303
5.376411628586486,0.0,5.411194784888084,7.431581662068983,5.464348543056162,6.615814764637837,10.080553605829396,10.847968657771832,10.482172914047927,12.813939480113055,15.319785442361782,15.87207721125373,16.636742559768123,19.02266661117731,20.65969080117125,21.47784286188909,22.967600201152926,28.249102445918524,29.355298823210774,28.39579181850719
4.711346835035603,5.411194784888084,0.0,5.268533856776474,7.130234638495426,5.971288470673644,6.8297345482822385,9.875068455458928,10.908294092111744,11.11429862834358,13.16830964854639,15.521172571684138,16.259285777671785,17.139247999839434,19.234360945973744,21.22087710251393,21.960911866313747,27.460644748439538,27.526347778083455,27.06574340379366
5.239386987043426,7.431581662068983,5.268533856776474,0.0,5.403096982287104,7.400363301892685,5.918979219426269,6.445620683844187,9.753656186271895,11.045337704208054,10.985670211689408,12.947602905557462,15.366416791171583,16.165243982074628,16.800025178552563,19.228641657693867,21.071018224091592,26.092614836386176,26.281981755567823,26.858753563782514
7.515506702811194,5.464348543056162,7.130234638495426,5.403096982287104,0.0,5.346821485705315,7.393238667864036,5.8534312159621384,6.300244280978318,9.783090922607231,11.012826022415863,10.869664852239005,12.765796097384605,15.252430232589164,15.900199149696208,16.84346796238827,19.134804049166537,24.064235454300224,25.33976961221234,25.12503711440045
9.36611557690807,6.615814764637837,5.971288470673644,7.400363301892685,5.346821485705315,0.0,5.317529313506414,7.254330913323433,5.598406737635271,6.275725296728658,9.716684465392504,10.949132111724655,10.715427662954008,12.605803742721049,15.002510223292635,16.025919412002548,16.718964262178446,22.210069968372455,22.95293497572805,21.964581261658505
10.04203699455444,10.080553605829396,6.8297345482822385,5.918979219426269,7.393238667864036,5.317529313506414,0.0,5.2641699250689085,7.207809237209321,5.7976755687085495,6.454931835426304,9.901139429378823,10.989740943261582,10.827188277664707,12.663996249209807,15.377422508339947,16.0581553735166,21.368245459091863,21.072031368617502,21.402714220397375
11.240571070902048,10.847968657771832,9.875068455458928,6.445620683844187,5.8534312159621384,7.254330913323433,5.2641699250689085,0.0,5.297043043057135,7.306455022786357,5.820801147608463,6.5526802913006525,9.861405731436061,11.028086914782635,10.744692084931984,12.916551629595261,15.40719659769421,20.04025162017683,20.716515561261744,21.621146431214047
13.185227377637444,10.482172914047927,10.908294092111744,9.753656186271895,6.300244280978318,5.598406737635271,7.207809237209321,5.297043043057135,0.0,5.244412073817236,7.226499775133187,5.913718796155258,6.497424566703333,9.759544968900958,10.831060936030228,11.000803652461034,12.955237164946075,17.921217871562188,19.50913462970616,18.980466854110833
14.740012924010616,12.813939480113055,11.11429862834358,11.045337704208054,9.783090922607231,6.275725296728658,5.7976755687085495,7.306455022786357,5.244412073817236,0.0,5.297420598744261,7.40022850998535,5.832580046600303,6.375438494723324,9.664731812109428,11.118237675099413,10.869168045439357,16.461367136419746,16.72613547715072,16.101774125853336
15.852773448201422,15.319785442361782,13.16830964854639,10.985670211689408,11.012826022415863,9.716684465392504,6.454931835426304,5.820801147608463,7.226499775133187,5.297420598744261,0.0,5.329317123234458,7.220893642756414,5.831076487236297,6.262897572210486,9.815046102795442,10.936644320814315,15.640002845268283,15.35448615226182,16.7422445627819
17.489423117987627,15.87207721125373,15.521172571684138,12.947602905557462,10.869664852239005,10.949132111724655,9.901139429378823,6.5526802913006525,5.913718796155258,7.40022850998535,5.329317123234458,0.0,5.324359491995258,7.378597563222973,5.644109407160708,6.423600314465402,9.937081462884361,13.889248719783227,15.483727264454124,16.49732978393776
19.260205632339442,16.636742559768123,16.259285777671785,15.366416791171583,12.765796097384605,10.715427662954008,10.989740943261582,9.861405731436061,6.497424566703333,5.832580046600303,7.220893642756414,5.324359491995258,0.0,5.192743205666924,7.092980403187366,5.914752488481662,6.521437264897977,11.62808006508383,13.464820607791252,12.611841023419222
20.554778349571176,19.02266661117731,17.139247999839434,16.165243982074628,15.252430232589164,12.605803742721049,10.827188277664707,11.028086914782635,9.759544968900958,6.375438494723324,5.831076487236297,7.378597563222973,5.192743205666924,0.0,5.321331506305541,7.423439970795211,5.697046778814441,10.899545311617361,10.42863864557594,10.961173568555513
21.713840609159863,20.65969080117125,19.234360945973744,16.800025178552563,15.900199149696208,15.002510223292635,12.663996249209807,10.744692084931984,10.831060936030228,9.664731812109428,6.262897572210486,5.644109407160708,7.092980403187366,5.321331506305541,0.0,5.242683854668333,7.287892082076957,10.307494409409108,10.578911333402884,13.19842570157517
23.652393113594236,21.47784286188909,21.22087710251393,19.228641657693867,16.84346796238827,16.025919412002548,15.377422508339947,12.916551629595261,11.000803652461034,11.118237675099413,9.815046102795442,6.423600314465402,5.914752488481662,7.423439970795211,5.242683854668333,0.0,5.606721412733114,7.80907171179776,10.820975602966675,11.753327145961691
25.278041636962307,22.967600201152926,21.960911866313747,21.071018224091592,19.134804049166537,16.718964262178446,16.0581553735166,15.40719659769421,12.955237164946075,10.869168045439357,10.936644320814315,9.937081462884361,6.521437264897977,5.697046778814441,7.287892082076957,5.606721412733114,0.0,5.752438613318702,7.353548939117764,6.585826144076383
30.514803309213708,28.249102445918524,27.460644748439538,26.092614836386176,24.064235454300224,22.210069968372455,21.368245459091863,20.04025162017683,17.921217871562188,16.461367136419746,15.640002845268283,13.889248719783227,11.62808006508383,10.899545311617361,10.307494409409108,7.80907171179776,5.752438613318702,0.0,5.611141060426123,6.479432228212593
30.898180221495245,29.355298823210774,27.526347778083455,26.281981755567823,25.33976961221234,22.95293497572805,21.072031368617502,20.716515561261744,19.50913462970616,16.72613547715072,15.35448615226182,15.483727264454124,13.464820607791252,10.42863864557594,10.578911333402884,10.820975602966675,7.353548939117764,5.611141060426123,0.0,6.245933236915041
30.839106391074303,28.39579181850719,27.06574340379366,26.858753563782514,25.12503711440045,21.964581261658505,21.402714220397375,21.621146431214047,18.980466854110833,16.101774125853336,16.7422445627819,16.49732978393776,12.611841023419222,10.961173568555513,13.19842570157517,11.753327145961691,6.585826144076383,6.479432228212593,6.245933236915041,0.0
