c1,c2,c3,c4,c5,c6,c7,c8,c9,c10,c11,c12,c13,c14,c15,c16,c17,c18,c19,c20,c21,c22,c23,c24,c25,c26,c27,c28,c29
0.0,6.198823517410379,7.434657288671751,8.933011194440539,11.676868287344856,16.185206115462353,16.054940984008628,20.220324156649912,20.100243033356588,17.22731104960957,17.256346194951004,13.054196413414346,13.66233702556045,12.644831592393787,9.625934811746857,14.753958858557251,16.24920727297181,12.744122841529737,16.911686757978934,19.807556058231917,17.630056437799624,18.06192428840294,22.24898280820946,23.236151316429318,22.223893493265304,24.377194690940136,27.433223325012317,26.18969591270582,30.272755953166868
6.198823517410379,0.0,5.929202981851777,7.2344171845422345,8.870827357129661,12.238962782850514,10.806366688207465,15.35241720381517,16.430853021069844,13.988064447949903,14.749602198025546,12.427862768794963,11.678320684070975,12.981489013206458,9.518905399256786,14.589484740730223,14.86286513428686,9.782070435240179,13.572668344876037,17.168781028366574,14.47707273588138,13.465415998029917,18.259908460887747,19.56509925862887,17.492123055821438,19.32834886895412,22.895555660433313,21.62106169918582,26.371979789162584
7.434657288671751,5.929202981851777,0.0,5.974598898670939,4.597804041061342,9.880008400806146,9.840080335037921,13.748763653507176,13.184524981962754,9.8079830240473,10.72666402009497,7.320540485510614,9.156397654099562,10.975557799036912,10.144180203446703,14.43946955396908,13.436983887762906,9.884864895384258,14.929900535502572,16.83690452547617,12.991037641389545,13.890462483301267,18.648936403988298,18.300634551839998,16.6653403505599,19.915326911702955,22.675874690957347,22.566927327396613,26.461536349955193
8.933011194440539,7.2344171845422345,5.974598898670939,0.0,6.057600019809826,8.381862919423103,10.829678157729342,13.107385170200805,12.545126663370123,11.709604049667947,9.589713290813235,7.239444799154144,4.918029483441513,6.077901035719486,4.8755988350150385,8.643889228813613,7.984040080059718,4.500038444280226,9.618016739432303,11.413481765000547,8.726717309504188,10.168104838169205,14.023888939948149,14.394177468685037,14.098249430337086,16.643644612884522,19.03589054917053,18.368932930358255,21.856477072026042
11.676868287344856,8.870827357129661,4.597804041061342,6.057600019809826,0.0,5.6212961138869035,7.059373697432373,9.694209715082504,8.599155132918582,5.914589503930091,6.386933927950091,5.116411730891093,6.4910573868977615,10.352706940699132,10.922260480321826,13.914309001887231,11.353071390597346,8.414093296368897,13.291595013390982,14.243264934698084,9.569029052103458,10.9999088178039,15.647615824783019,14.416246702939015,12.715502152884092,16.597437151560477,18.915898366189218,19.514800665136192,23.03247980570047
16.185206115462353,12.238962782850514,9.880008400806146,8.381862919423103,5.6212961138869035,0.0,5.894633067460602,5.121467367854646,4.631373554357282,6.277658241733139,4.60029662087131,8.128580257338916,5.956195429970378,11.386219521860625,12.363608777375642,13.715869385496497,9.823411729129548,7.50416244493681,10.737011316004095,10.841680404808104,5.647290766376386,6.773711095108795,11.03579562152181,9.235929243990558,7.172313504023649,11.456174492386191,13.416578140494693,14.561354916353078,17.881855161028454
16.054940984008628,10.806366688207465,9.840080335037921,10.829678157729342,7.059373697432373,5.894633067460602,0.0,5.462869850179482,8.153436944013244,6.893775598320561,9.622253686117405,11.740783534330237,10.842329408388219,15.746951323986494,15.08935986051098,17.861270111613003,14.9172767286794,10.75323118881018,13.672952095286519,15.499498088647902,10.918981912248045,9.235261393160455,14.393006843602903,13.76626681420929,9.608317958935373,12.877637399771745,16.11680582497661,16.758589618461333,21.298048619533198
20.220324156649912,15.35241720381517,13.748763653507176,13.107385170200805,9.694209715082504,5.121467367854646,5.462869850179482,0.0,4.846245660302417,7.537089424970358,8.299720778435862,12.766825956360492,10.95015671120738,16.384786449630642,16.940193092169874,18.159309706043345,14.130621854681413,11.632147781041986,13.38066754687523,13.612088083758497,9.034516091080915,7.937657714968567,11.743496796099532,9.750694385529679,5.212604051719256,9.611548990667425,11.770851498511057,13.688170549784951,17.32857951477847
20.100243033356588,16.430853021069844,13.184524981962754,12.545126663370123,8.599155132918582,4.631373554357282,8.153436944013244,4.846245660302417,0.0,5.503478536344082,4.464853637018799,9.778656656207946,9.24795593631371,14.50714451572052,16.54038291576105,17.19278272997132,12.623288121563256,11.809677429972421,14.487368187493546,13.307824803475587,8.205871068935949,10.005251171260019,13.068592961753764,9.481762810785767,7.485817924582457,12.614956559576413,13.416156901288835,15.978204342165611,18.294093281712545
17.22731104960957,13.988064447949903,9.8079830240473,11.709604049667947,5.914589503930091,6.277658241733139,6.893775598320561,7.537089424970358,5.503478536344082,0.0,5.930786962958625,8.088261247017185,10.236128027726108,14.962106603015497,16.457504154640215,18.55349072277236,14.8275002276176,12.84924499727513,16.850465898603517,16.805691803671756,11.487236221128214,12.869716197337064,17.140349296324157,14.456909697442258,11.907924336340068,16.6733609389349,18.389847035796684,20.286019865907654,23.33588440578158
17.256346194951004,14.749602198025546,10.72666402009497,9.589713290813235,6.386933927950091,4.60029662087131,9.622253686117405,8.299720778435862,4.464853637018799,5.930786962958625,0.0,5.6644081773827,5.933731793736553,10.64380505270554,13.464460070868048,14.070026936719064,9.714553669623736,9.756410969203788,13.45012940458195,12.021901887804608,6.95982686566268,10.507536580949886,13.553088799236873,10.334825204133836,10.083440583451663,14.811907000788251,15.585586482388143,17.45968934431538,19.50683944159074
13.054196413414346,12.427862768794963,7.320540485510614,7.239444799154144,5.116411730891093,8.128580257338916,11.740783534330237,12.766825956360492,9.778656656207946,8.088261247017185,5.6644081773827,0.0,5.925620726978736,8.165269009653018,11.075944609828996,12.80198148725423,10.057396531906257,9.841482561077878,14.745890173197413,14.173752819913293,9.979405894140193,13.486108593660367,16.960052122561418,14.849226915903737,14.879306368241767,19.06092938447651,20.357932950081157,21.361645629492124,23.70488390606459
13.66233702556045,11.678320684070975,9.156397654099562,4.918029483441513,6.4910573868977615,5.956195429970378,10.842329408388219,10.95015671120738,9.24795593631371,10.236128027726108,5.933731793736553,5.925620726978736,0.0,5.458891737340097,7.711390665761915,8.376507685187187,4.898302358981119,4.614398552357609,8.960056473036317,8.442039682446417,4.783172273711245,8.497348174577759,11.421789220608126,10.371406895884473,11.150959465445114,14.396873480030308,15.775233785906313,16.041286139209664,18.54975428408689
12.644831592393787,12.981489013206458,10.975557799036912,6.077901035719486,10.352706940699132,11.386219521860625,15.746951323986494,16.384786449630642,14.50714451572052,14.962106603015497,10.64380505270554,8.165269009653018,5.458891737340097,0.0,5.396234705792549,4.987184175464147,4.914224353852803,6.944246323396081,10.50331657144542,9.925356265646085,9.018270898570302,12.610242384664936,14.418940668440245,14.19631508526068,16.09113103544931,18.570394960797145,19.674751586741824,19.23641156764951,21.140875927926924
9.625934811746857,9.518905399256786,10.144180203446703,4.8755988350150385,10.922260480321826,12.363608777375642,15.08935986051098,16.940193092169874,16.54038291576105,16.457504154640215,13.464460070868048,11.075944609828996,7.711390665761915,5.396234705792549,0.0,5.322765164836788,7.685442342507033,5.676844722202642,8.801492259838668,10.952663876884015,10.621295354145838,11.923061855077327,14.424378288162023,15.927664392496471,16.716060211664708,18.185454682245368,20.36332352539732,18.8064013835715,21.940823001883956
14.753958858557251,14.589484740730223,14.43946955396908,8.643889228813613,13.914309001887231,13.715869385496497,17.861270111613003,18.159309706043345,17.19278272997132,18.55349072277236,14.070026936719064,12.80198148725423,8.376507685187187,4.987184175464147,5.322765164836788,0.0,5.061099188911437,7.2562200214712345,8.15757592670764,8.048342624416533,9.82913149774689,12.299266848068628,12.763330521458732,14.113662387913351,16.599932891430615,17.710447396946247,18.77420155426057,17.31179326355303,19.087950675753543
16.24920727297181,14.86286513428686,13.436983887762906,7.984040080059718,11.353071390597346,9.823411729129548,14.9172767286794,14.130621854681413,12.623288121563256,14.8275002276176,9.714553669623736,10.057396531906257,4.898302358981119,4.914224353852803,7.685442342507033,5.061099188911437,0.0,5.7790997568825535,7.418268665935468,5.17493323628431,5.352249153393365,9.371523888888081,9.93022159873585,9.708311954196775,12.494629126148563,14.53608619952427,15.098458497475825,14.771854352111651,16.251262289434628
12.744122841529737,9.782070435240179,9.884864895384258,4.500038444280226,8.414093296368897,7.50416244493681,10.75323118881018,11.632147781041986,11.809677429972421,12.84924499727513,9.756410969203788,9.841482561077878,4.614398552357609,6.944246323396081,5.676844722202642,7.2562200214712345,5.7790997568825535,0.0,5.253539568709843,7.435512759722762,5.670692462124886,6.383973214229521,9.661359479907578,10.897776791621308,11.057732181600349,12.785360612825906,15.104654282703725,14.027633121806401,17.575413679341946
16.911686757978934,13.572668344876037,14.929900535502572,9.618016739432303,13.291595013390982,10.737011316004095,13.672952095286519,13.38066754687523,14.487368187493546,16.850465898603517,13.45012940458195,14.745890173197413,8.960056473036317,10.50331657144542,8.801492259838668,8.15757592670764,7.418268665935468,5.253539568709843,0.0,5.279183459589182,7.076941500394079,5.669019491940383,6.259606137769373,9.880892722826212,10.806924678186668,10.3682325398305,12.565513001863472,10.159009646614182,13.85856919021585
19.807556058231917,17.168781028366574,16.83690452547617,11.413481765000547,14.243264934698084,10.841680404808104,15.499498088647902,13.612088083758497,13.307824803475587,16.805691803671756,12.021901887804608,14.173752819913293,8.442039682446417,9.925356265646085,10.952663876884015,8.048342624416533,5.17493323628431,7.435512759722762,5.279183459589182,0.0,5.330792905375335,7.328243582196214,5.326636556026702,6.7185064560510765,10.225167529189925,10.73014799525151,10.880441673020448,9.975571211715147,11.328092778574865
17.630056437799624,14.47707273588138,12.991037641389545,8.726717309504188,9.569029052103458,5.647290766376386,10.918981912248045,9.034516091080915,8.205871068935949,11.487236221128214,6.95982686566268,9.979405894140193,4.783172273711245,9.018270898570302,10.621295354145838,9.82913149774689,5.352249153393365,5.670692462124886,7.076941500394079,5.330792905375335,0.0,5.313261427786139,7.059133799553597,5.715394124642674,7.236342584482855,10.130579104868586,11.034350819146544,11.580217182764752,13.910274512028868
18.06192428840294,13.465415998029917,13.890462483301267,10.168104838169205,10.9999088178039,6.773711095108795,9.235261393160455,7.937657714968567,10.005251171260019,12.869716197337064,10.507536580949886,13.486108593660367,8.497348174577759,12.610242384664936,11.923061855077327,12.299266848068628,9.371523888888081,6.383973214229521,5.669019491940383,7.328243582196214,5.313261427786139,0.0,5.401158486843355,7.179298364046447,5.577204765830281,6.4948267105443245,9.48937347773814,8.686298924167875,13.175805326430716
22.24898280820946,18.259908460887747,18.648936403988298,14.023888939948149,15.647615824783019,11.03579562152181,14.393006843602903,11.743496796099532,13.068592961753764,17.140349296324157,13.553088799236873,16.960052122561418,11.421789220608126,14.418940668440245,14.424378288162023,12.763330521458732,9.93022159873585,9.661359479907578,6.259606137769373,5.326636556026702,7.059133799553597,5.401158486843355,0.0,5.377342466311775,7.19524968295055,5.705804851201975,6.439999223602438,4.850249478119657,8.122577485010531
23.236151316429318,19.56509925862887,18.300634551839998,14.394177468685037,14.416246702939015,9.235929243990558,13.76626681420929,9.750694385529679,9.481762810785767,14.456909697442258,10.334825204133836,14.849226915903737,10.371406895884473,14.19631508526068,15.927664392496471,14.113662387913351,9.708311954196775,10.897776791621308,9.880892722826212,6.7185064560510765,5.715394124642674,7.179298364046447,5.377342466311775,0.0,5.471627728564874,7.477211311712408,6.11725183395289,8.363626247029455,9.181810986945877
22.223893493265304,17.492123055821438,16.6653403505599,14.098249430337086,12.715502152884092,7.172313504023649,9.608317958935373,5.212604051719256,7.485817924582457,11.907924336340068,10.083440583451663,14.879306368241767,11.150959465445114,16.09113103544931,16.716060211664708,16.599932891430615,12.494629126148563,11.057732181600349,10.806924678186668,10.225167529189925,7.236342584482855,5.577204765830281,7.19524968295055,5.471627728564874,0.0,5.154786028536975,6.693201924340846,8.783369626743486,12.125308614629155
24.377194690940136,19.32834886895412,19.915326911702955,16.643644612884522,16.597437151560477,11.456174492386191,12.877637399771745,9.611548990667425,12.614956559576413,16.6733609389349,14.811907000788251,19.06092938447651,14.396873480030308,18.570394960797145,18.185454682245368,17.710447396946247,14.53608619952427,12.785360612825906,10.3682325398305,10.73014799525151,10.130579104868586,6.4948267105443245,5.705804851201975,7.477211311712408,5.154786028536975,0.0,4.6763749849643155,4.4577309250334975,9.466203568485097
27.433223325012317,22.895555660433313,22.675874690957347,19.03589054917053,18.915898366189218,13.416578140494693,16.11680582497661,11.770851498511057,13.416156901288835,18.389847035796684,15.585586482388143,20.357932950081157,15.775233785906313,19.674751586741824,20.36332352539732,18.77420155426057,15.098458497475825,15.104654282703725,12.565513001863472,10.880441673020448,11.034350819146544,9.48937347773814,6.439999223602438,6.11725183395289,6.693201924340846,4.6763749849643155,0.0,4.825503289813405,6.033538679746737
26.18969591270582,21.62106169918582,22.566927327396613,18.368932930358255,19.514800665136192,14.561354916353078,16.758589618461333,13.688170549784951,15.978204342165611,20.286019865907654,17.45968934431538,21.361645629492124,16.041286139209664,19.23641156764951,18.8064013835715,17.31179326355303,14.771854352111651,14.027633121806401,10.159009646614182,9.975571211715147,11.580217182764752,8.686298924167875,4.850249478119657,8.363626247029455,8.783369626743486,4.4577309250334975,4.825503289813405,0.0,6.155341826413868
30.272755953166868,26.371979789162584,26.461536349955193,21.856477072026042,23.03247980570047,17.881855161028454,21.298048619533198,17.32857951477847,18.294093281712545,23.33588440578158,19.50683944159074,23.70488390606459,18.54975428408689,21.140875927926924,21.940823001883956,19.087950675753543,16.251262289434628,17.575413679341946,13.85856919021585,11.328092778574865,13.910274512028868,13.175805326430716,8.122577485010531,9.181810986945877,12.125308614629155,9.466203568485097,6.033538679746737,6.155341826413868,0.0
